gid_2,month,year,est,se
ALA.1.2_2,12,2023,0,0
ALA.2.4_2,12,2023,0,0
ALA.2.5_2,12,2023,0,0
ALA.2.6_2,12,2023,0,0
ALA.3.1_2,12,2023,0,0
ALB.1.1_1,12,2023,0,0
ALB.1.2_1,12,2023,0,0
ALB.1.3_1,12,2023,0,0
ALB.10.1_1,12,2023,0,0
ALB.10.2_1,12,2023,0,0
ALB.10.3_1,12,2023,0,0
ALB.11.1_1,12,2023,0,0
ALB.11.2_1,12,2023,0,0
ALB.12.1_1,12,2023,0,0
ALB.12.2_1,12,2023,0,0
ALB.12.3_1,12,2023,0,0
ALB.2.1_1,12,2023,0,0
ALB.2.2_1,12,2023,0,0
ALB.2.3_1,12,2023,0,0
ALB.3.1_1,12,2023,0,0
ALB.3.2_1,12,2023,0,0
ALB.4.1_1,12,2023,0,0
ALB.4.2_1,12,2023,0,0
ALB.4.3_1,12,2023,0,0
ALB.4.4_1,12,2023,0,0
ALB.5.1_1,12,2023,0,0
ALB.5.2_1,12,2023,0,0
ALB.5.3_1,12,2023,0,0
ALB.6.1_1,12,2023,0,0
ALB.6.2_1,12,2023,0,0
ALB.6.3_1,12,2023,0,0
ALB.7.1_1,12,2023,0,0
ALB.7.2_1,12,2023,0,0
ALB.7.3_1,12,2023,0,0
ALB.7.4_1,12,2023,0,0
ALB.8.1_1,12,2023,0,0
ALB.8.2_1,12,2023,0,0
ALB.8.3_1,12,2023,0,0
ALB.9.1_1,12,2023,0,0
ALB.9.2_1,12,2023,0,0
ALB.9.3_1,12,2023,0,0
ALB.9.4_1,12,2023,0,0
AND.2_1,12,2023,0,0
AND.3_1,12,2023,0,0
AND.4_1,12,2023,0,0
AND.5_1,12,2023,0,0
AND.6_1,12,2023,0,0
AND.7_1,12,2023,0,0
ARM.11_1,12,2023,0,0
ARM.1_1,12,2023,0,0
ARM.2_1,12,2023,0,0
ARM.3_1,12,2023,0,0
ARM.4_1,12,2023,0,0
ARM.5_1,12,2023,0,0
ARM.6_1,12,2023,0,0
ARM.9_1,12,2023,0,0
AUT.1.1_2,12,2023,0,0
AUT.1.2_2,12,2023,0,0
AUT.1.3_2,12,2023,0,0
AUT.1.4_2,12,2023,0,0
AUT.1.5_2,12,2023,0,0
AUT.1.6_2,12,2023,0,0
AUT.1.7_2,12,2023,0,0
AUT.1.8_2,12,2023,0,0
AUT.1.9_2,12,2023,0,0
AUT.2.10_2,12,2023,0,0
AUT.2.1_2,12,2023,0,0
AUT.2.2_2,12,2023,0,0
AUT.2.3_2,12,2023,0,0
AUT.2.4_2,12,2023,0,0
AUT.2.5_2,12,2023,0,0
AUT.2.6_2,12,2023,0,0
AUT.2.7_2,12,2023,0,0
AUT.2.8_2,12,2023,0,0
AUT.2.9_2,12,2023,0,0
AUT.3.10_2,12,2023,0,0
AUT.3.11_2,12,2023,0,0
AUT.3.12_2,12,2023,0,0
AUT.3.13_2,12,2023,0,0
AUT.3.14_2,12,2023,0,0
AUT.3.15_2,12,2023,0,0
AUT.3.16_2,12,2023,0,0
AUT.3.17_2,12,2023,0,0
AUT.3.18_2,12,2023,0,0
AUT.3.19_2,12,2023,0,0
AUT.3.1_2,12,2023,0,0
AUT.3.20_2,12,2023,0,0
AUT.3.21_2,12,2023,0,0
AUT.3.22_2,12,2023,0,0
AUT.3.23_2,12,2023,0,0
AUT.3.24_2,12,2023,0,0
AUT.3.2_2,12,2023,0,0
AUT.3.3_2,12,2023,0,0
AUT.3.4_2,12,2023,0,0
AUT.3.5_2,12,2023,0,0
AUT.3.6_2,12,2023,0,0
AUT.3.7_2,12,2023,0,0
AUT.3.8_2,12,2023,0,0
AUT.3.9_2,12,2023,0,0
AUT.4.10_2,12,2023,0,0
AUT.4.11_2,12,2023,0,0
AUT.4.12_2,12,2023,0,0
AUT.4.13_2,12,2023,0,0
AUT.4.14_2,12,2023,0,0
AUT.4.15_2,12,2023,0,0
AUT.4.16_2,12,2023,0,0
AUT.4.17_2,12,2023,0,0
AUT.4.18_2,12,2023,0,0
AUT.4.1_2,12,2023,0,0
AUT.4.2_2,12,2023,0,0
AUT.4.3_2,12,2023,0,0
AUT.4.4_2,12,2023,0,0
AUT.4.5_2,12,2023,0,0
AUT.4.6_2,12,2023,0,0
AUT.4.7_2,12,2023,0,0
AUT.4.8_2,12,2023,0,0
AUT.4.9_2,12,2023,0,0
AUT.5.1_2,12,2023,0,0
AUT.5.2_2,12,2023,0,0
AUT.5.3_2,12,2023,0,0
AUT.5.4_2,12,2023,0,0
AUT.5.5_2,12,2023,0,0
AUT.5.6_2,12,2023,0,0
AUT.6.10_2,12,2023,0,0
AUT.6.11_2,12,2023,0,0
AUT.6.12_2,12,2023,0,0
AUT.6.13_2,12,2023,0,0
AUT.6.1_2,12,2023,0,0
AUT.6.2_2,12,2023,0,0
AUT.6.3_2,12,2023,0,0
AUT.6.4_2,12,2023,0,0
AUT.6.5_2,12,2023,0,0
AUT.6.6_2,12,2023,0,0
AUT.6.7_2,12,2023,0,0
AUT.6.8_2,12,2023,0,0
AUT.6.9_2,12,2023,0,0
AUT.7.1_2,12,2023,0,0
AUT.7.2_2,12,2023,0,0
AUT.7.3_2,12,2023,0,0
AUT.7.4_2,12,2023,0,0
AUT.7.5_2,12,2023,0,0
AUT.7.6_2,12,2023,0,0
AUT.7.7_2,12,2023,0,0
AUT.7.8_2,12,2023,0,0
AUT.7.9_2,12,2023,0,0
AUT.8.1_2,12,2023,0,0
AUT.8.2_2,12,2023,0,0
AUT.8.3_2,12,2023,0,0
AUT.8.4_2,12,2023,0,0
AUT.9.1_2,12,2023,0,0
AZE.4.10_1,12,2023,0,0
AZE.4.3_1,12,2023,0,0
AZE.5.1_1,12,2023,0,0
AZE.5.3_1,12,2023,0,0
AZE.5.4_1,12,2023,0,0
AZE.5.5_1,12,2023,0,0
AZE.7.1_1,12,2023,0,0
AZE.7.2_1,12,2023,0,0
AZE.7.4_1,12,2023,0,0
AZE.7.6_1,12,2023,0,0
AZE.7.7_1,12,2023,0,0
AZE.7_1,12,2023,0,0
BEL.1.1_1,12,2023,0,0
BEL.2.1_1,12,2023,0,0
BEL.2.2_1,12,2023,0,0
BEL.2.3_1,12,2023,0,0
BEL.2.4_1,12,2023,0,0
BEL.2.5_1,12,2023,0,0
BEL.3.1_1,12,2023,0,0
BEL.3.2_1,12,2023,0,0
BEL.3.3_1,12,2023,0,0
BEL.3.4_1,12,2023,0,0
BEL.3.5_1,12,2023,0,0
BGR.1.10_1,12,2023,0,0
BGR.1.11_1,12,2023,0,0
BGR.1.12_1,12,2023,0,0
BGR.1.13_1,12,2023,0,0
BGR.1.14_1,12,2023,0,0
BGR.1.1_1,12,2023,0,0
BGR.1.2_1,12,2023,0,0
BGR.1.3_1,12,2023,0,0
BGR.1.4_1,12,2023,0,0
BGR.1.5_1,12,2023,0,0
BGR.1.6_1,12,2023,0,0
BGR.1.7_1,12,2023,0,0
BGR.1.8_1,12,2023,0,0
BGR.1.9_1,12,2023,0,0
BGR.10.10_1,12,2023,0,0
BGR.10.11_1,12,2023,0,0
BGR.10.1_1,12,2023,0,0
BGR.10.2_1,12,2023,0,0
BGR.10.3_1,12,2023,0,0
BGR.10.4_1,12,2023,0,0
BGR.10.5_1,12,2023,0,0
BGR.10.6_1,12,2023,0,0
BGR.10.7_1,12,2023,0,0
BGR.10.8_1,12,2023,0,0
BGR.10.9_1,12,2023,0,0
BGR.11.10_1,12,2023,0,0
BGR.11.11_1,12,2023,0,0
BGR.11.1_1,12,2023,0,0
BGR.11.2_1,12,2023,0,0
BGR.11.3_1,12,2023,0,0
BGR.11.4_1,12,2023,0,0
BGR.11.5_1,12,2023,0,0
BGR.11.6_1,12,2023,0,0
BGR.11.7_1,12,2023,0,0
BGR.11.8_1,12,2023,0,0
BGR.11.9_1,12,2023,0,0
BGR.12.1_1,12,2023,0,0
BGR.12.2_1,12,2023,0,0
BGR.12.3_1,12,2023,0,0
BGR.12.4_1,12,2023,0,0
BGR.12.5_1,12,2023,0,0
BGR.12.6_1,12,2023,0,0
BGR.13.10_1,12,2023,0,0
BGR.13.11_1,12,2023,0,0
BGR.13.1_1,12,2023,0,0
BGR.13.2_1,12,2023,0,0
BGR.13.3_1,12,2023,0,0
BGR.13.4_1,12,2023,0,0
BGR.13.5_1,12,2023,0,0
BGR.13.6_1,12,2023,0,0
BGR.13.7_1,12,2023,0,0
BGR.13.8_1,12,2023,0,0
BGR.13.9_1,12,2023,0,0
BGR.14.10_1,12,2023,0,0
BGR.14.11_1,12,2023,0,0
BGR.14.12_1,12,2023,0,0
BGR.14.13_1,12,2023,0,0
BGR.14.14_1,12,2023,0,0
BGR.14.15_1,12,2023,0,0
BGR.14.16_1,12,2023,0,0
BGR.14.1_1,12,2023,0,0
BGR.14.2_1,12,2023,0,0
BGR.14.3_1,12,2023,0,0
BGR.14.4_1,12,2023,0,0
BGR.14.5_1,12,2023,0,0
BGR.14.6_1,12,2023,0,0
BGR.14.7_1,12,2023,0,0
BGR.14.8_1,12,2023,0,0
BGR.14.9_1,12,2023,0,0
BGR.15.1_1,12,2023,0,0
BGR.15.2_1,12,2023,0,0
BGR.15.3_1,12,2023,0,0
BGR.15.4_1,12,2023,0,0
BGR.15.5_1,12,2023,0,0
BGR.15.6_1,12,2023,0,0
BGR.15.7_1,12,2023,0,0
BGR.16.1_1,12,2023,0,0
BGR.16.2_1,12,2023,0,0
BGR.16.3_1,12,2023,0,0
BGR.16.4_1,12,2023,0,0
BGR.16.5_1,12,2023,0,0
BGR.16.6_1,12,2023,0,0
BGR.16.7_1,12,2023,0,0
BGR.16.8_1,12,2023,0,0
BGR.17.10_1,12,2023,0,0
BGR.17.1_1,12,2023,0,0
BGR.17.2_1,12,2023,0,0
BGR.17.3_1,12,2023,0,0
BGR.17.4_1,12,2023,0,0
BGR.17.5_1,12,2023,0,0
BGR.17.6_1,12,2023,0,0
BGR.17.7_1,12,2023,0,0
BGR.17.8_1,12,2023,0,0
BGR.17.9_1,12,2023,0,0
BGR.18.1_1,12,2023,0,0
BGR.18.2_1,12,2023,0,0
BGR.18.3_1,12,2023,0,0
BGR.18.4_1,12,2023,0,0
BGR.18.5_1,12,2023,0,0
BGR.18.6_1,12,2023,0,0
BGR.18.7_1,12,2023,0,0
BGR.19.1_1,12,2023,0,0
BGR.19.2_1,12,2023,0,0
BGR.19.3_1,12,2023,0,0
BGR.19.4_1,12,2023,0,0
BGR.2.10_1,12,2023,0,0
BGR.2.11_1,12,2023,0,0
BGR.2.12_1,12,2023,0,0
BGR.2.13_1,12,2023,0,0
BGR.2.1_1,12,2023,0,0
BGR.2.2_1,12,2023,0,0
BGR.2.3_1,12,2023,0,0
BGR.2.4_1,12,2023,0,0
BGR.2.5_1,12,2023,0,0
BGR.2.6_1,12,2023,0,0
BGR.2.7_1,12,2023,0,0
BGR.2.8_1,12,2023,0,0
BGR.2.9_1,12,2023,0,0
BGR.20.10_1,12,2023,0,0
BGR.20.1_1,12,2023,0,0
BGR.20.2_1,12,2023,0,0
BGR.20.3_1,12,2023,0,0
BGR.20.4_1,12,2023,0,0
BGR.20.5_1,12,2023,0,0
BGR.20.6_1,12,2023,0,0
BGR.20.7_1,12,2023,0,0
BGR.20.8_1,12,2023,0,0
BGR.20.9_1,12,2023,0,0
BGR.21.10_1,12,2023,0,0
BGR.21.11_1,12,2023,0,0
BGR.21.12_1,12,2023,0,0
BGR.21.13_1,12,2023,0,0
BGR.21.14_1,12,2023,0,0
BGR.21.15_1,12,2023,0,0
BGR.21.16_1,12,2023,0,0
BGR.21.17_1,12,2023,0,0
BGR.21.18_1,12,2023,0,0
BGR.21.19_1,12,2023,0,0
BGR.21.1_1,12,2023,0,0
BGR.21.20_1,12,2023,0,0
BGR.21.21_1,12,2023,0,0
BGR.21.22_1,12,2023,0,0
BGR.21.2_1,12,2023,0,0
BGR.21.3_1,12,2023,0,0
BGR.21.4_1,12,2023,0,0
BGR.21.5_1,12,2023,0,0
BGR.21.6_1,12,2023,0,0
BGR.21.7_1,12,2023,0,0
BGR.21.8_1,12,2023,0,0
BGR.21.9_1,12,2023,0,0
BGR.22.10_1,12,2023,0,0
BGR.22.11_1,12,2023,0,0
BGR.22.1_1,12,2023,0,0
BGR.22.2_1,12,2023,0,0
BGR.22.3_1,12,2023,0,0
BGR.22.4_1,12,2023,0,0
BGR.22.5_1,12,2023,0,0
BGR.22.6_1,12,2023,0,0
BGR.22.7_1,12,2023,0,0
BGR.22.8_1,12,2023,0,0
BGR.22.9_1,12,2023,0,0
BGR.23.1_1,12,2023,0,0
BGR.23.2_1,12,2023,0,0
BGR.23.3_1,12,2023,0,0
BGR.23.4_1,12,2023,0,0
BGR.23.5_1,12,2023,0,0
BGR.24.10_1,12,2023,0,0
BGR.24.11_1,12,2023,0,0
BGR.24.12_1,12,2023,0,0
BGR.24.1_1,12,2023,0,0
BGR.24.2_1,12,2023,0,0
BGR.24.3_1,12,2023,0,0
BGR.24.4_1,12,2023,0,0
BGR.24.5_1,12,2023,0,0
BGR.24.6_1,12,2023,0,0
BGR.24.7_1,12,2023,0,0
BGR.24.8_1,12,2023,0,0
BGR.24.9_1,12,2023,0,0
BGR.25.10_1,12,2023,0,0
BGR.25.1_1,12,2023,0,0
BGR.25.2_1,12,2023,0,0
BGR.25.3_1,12,2023,0,0
BGR.25.4_1,12,2023,0,0
BGR.25.5_1,12,2023,0,0
BGR.25.6_1,12,2023,0,0
BGR.25.7_1,12,2023,0,0
BGR.25.8_1,12,2023,0,0
BGR.25.9_1,12,2023,0,0
BGR.26.10_1,12,2023,0,0
BGR.26.11_1,12,2023,0,0
BGR.26.1_1,12,2023,0,0
BGR.26.2_1,12,2023,0,0
BGR.26.3_1,12,2023,0,0
BGR.26.4_1,12,2023,0,0
BGR.26.5_1,12,2023,0,0
BGR.26.6_1,12,2023,0,0
BGR.26.7_1,12,2023,0,0
BGR.26.8_1,12,2023,0,0
BGR.26.9_1,12,2023,0,0
BGR.27.10_1,12,2023,0,0
BGR.27.1_1,12,2023,0,0
BGR.27.2_1,12,2023,0,0
BGR.27.3_1,12,2023,0,0
BGR.27.4_1,12,2023,0,0
BGR.27.5_1,12,2023,0,0
BGR.27.6_1,12,2023,0,0
BGR.27.7_1,12,2023,0,0
BGR.27.8_1,12,2023,0,0
BGR.27.9_1,12,2023,0,0
BGR.28.1_1,12,2023,0,0
BGR.28.2_1,12,2023,0,0
BGR.28.3_1,12,2023,0,0
BGR.28.4_1,12,2023,0,0
BGR.28.5_1,12,2023,0,0
BGR.3.1_1,12,2023,0,0
BGR.3.2_1,12,2023,0,0
BGR.3.3_1,12,2023,0,0
BGR.3.4_1,12,2023,0,0
BGR.3.5_1,12,2023,0,0
BGR.3.6_1,12,2023,0,0
BGR.3.7_1,12,2023,0,0
BGR.3.8_1,12,2023,0,0
BGR.4.1_1,12,2023,0,0
BGR.4.2_1,12,2023,0,0
BGR.4.3_1,12,2023,0,0
BGR.4.4_1,12,2023,0,0
BGR.5.1_1,12,2023,0,0
BGR.6.10_1,12,2023,0,0
BGR.6.11_1,12,2023,0,0
BGR.6.1_1,12,2023,0,0
BGR.6.2_1,12,2023,0,0
BGR.6.3_1,12,2023,0,0
BGR.6.4_1,12,2023,0,0
BGR.6.5_1,12,2023,0,0
BGR.6.6_1,12,2023,0,0
BGR.6.7_1,12,2023,0,0
BGR.6.8_1,12,2023,0,0
BGR.6.9_1,12,2023,0,0
BGR.7.1_1,12,2023,0,0
BGR.7.2_1,12,2023,0,0
BGR.7.3_1,12,2023,0,0
BGR.7.4_1,12,2023,0,0
BGR.7.5_1,12,2023,0,0
BGR.7.6_1,12,2023,0,0
BGR.7.7_1,12,2023,0,0
BGR.7.8_1,12,2023,0,0
BGR.8.1_1,12,2023,0,0
BGR.8.2_1,12,2023,0,0
BGR.8.3_1,12,2023,0,0
BGR.8.4_1,12,2023,0,0
BGR.8.5_1,12,2023,0,0
BGR.8.6_1,12,2023,0,0
BGR.8.7_1,12,2023,0,0
BGR.8.8_1,12,2023,0,0
BGR.8.9_1,12,2023,0,0
BGR.9.1_1,12,2023,0,0
BGR.9.2_1,12,2023,0,0
BGR.9.3_1,12,2023,0,0
BGR.9.4_1,12,2023,0,0
BGR.9.5_1,12,2023,0,0
BGR.9.6_1,12,2023,0,0
BGR.9.7_1,12,2023,0,0
BGR.9.8_1,12,2023,0,0
BIH.1.1_1,12,2023,0,0
BIH.2.10_1,12,2023,0,0
BIH.2.1_1,12,2023,0,0
BIH.2.2_1,12,2023,0,0
BIH.2.3_1,12,2023,0,0
BIH.2.4_1,12,2023,0,0
BIH.2.5_1,12,2023,0,0
BIH.2.6_1,12,2023,0,0
BIH.2.7_1,12,2023,0,0
BIH.2.8_1,12,2023,0,0
BIH.2.9_1,12,2023,0,0
BIH.3.1_1,12,2023,0,0
BIH.3.2_1,12,2023,0,0
BIH.3.3_1,12,2023,0,0
BIH.3.4_1,12,2023,0,0
BIH.3.5_1,12,2023,0,0
BIH.3.6_1,12,2023,0,0
BIH.3.7_1,12,2023,0,0
BLR.1.10_1,12,2023,0,0
BLR.1.11_1,12,2023,0,0
BLR.1.12_1,12,2023,0,0
BLR.1.13_1,12,2023,0,0
BLR.1.14_1,12,2023,0,0
BLR.1.15_1,12,2023,0,0
BLR.1.16_1,12,2023,0,0
BLR.1.1_1,12,2023,0,0
BLR.1.2_1,12,2023,0,0
BLR.1.3_1,12,2023,0,0
BLR.1.4_1,12,2023,0,0
BLR.1.5_1,12,2023,0,0
BLR.1.6_1,12,2023,0,0
BLR.1.7_1,12,2023,0,0
BLR.1.8_1,12,2023,0,0
BLR.1.9_1,12,2023,0,0
BLR.2.10_1,12,2023,0,0
BLR.2.11_1,12,2023,0,0
BLR.2.12_1,12,2023,0,0
BLR.2.13_1,12,2023,0,0
BLR.2.14_1,12,2023,0,0
BLR.2.15_1,12,2023,0,0
BLR.2.16_1,12,2023,0,0
BLR.2.17_1,12,2023,0,0
BLR.2.18_1,12,2023,0,0
BLR.2.19_1,12,2023,0,0
BLR.2.1_1,12,2023,0,0
BLR.2.20_1,12,2023,0,0
BLR.2.21_1,12,2023,0,0
BLR.2.2_1,12,2023,0,0
BLR.2.3_1,12,2023,0,0
BLR.2.4_1,12,2023,0,0
BLR.2.5_1,12,2023,0,0
BLR.2.6_1,12,2023,0,0
BLR.2.7_1,12,2023,0,0
BLR.2.8_1,12,2023,0,0
BLR.2.9_1,12,2023,0,0
BLR.3.10_1,12,2023,0,0
BLR.3.11_1,12,2023,0,0
BLR.3.12_1,12,2023,0,0
BLR.3.13_1,12,2023,0,0
BLR.3.14_1,12,2023,0,0
BLR.3.15_1,12,2023,0,0
BLR.3.16_1,12,2023,0,0
BLR.3.17_1,12,2023,0,0
BLR.3.1_1,12,2023,0,0
BLR.3.2_1,12,2023,0,0
BLR.3.3_1,12,2023,0,0
BLR.3.4_1,12,2023,0,0
BLR.3.5_1,12,2023,0,0
BLR.3.6_1,12,2023,0,0
BLR.3.7_1,12,2023,0,0
BLR.3.8_1,12,2023,0,0
BLR.3.9_1,12,2023,0,0
BLR.4.10_1,12,2023,0,0
BLR.4.11_1,12,2023,0,0
BLR.4.12_1,12,2023,0,0
BLR.4.13_1,12,2023,0,0
BLR.4.14_1,12,2023,0,0
BLR.4.15_1,12,2023,0,0
BLR.4.16_1,12,2023,0,0
BLR.4.17_1,12,2023,0,0
BLR.4.18_1,12,2023,0,0
BLR.4.19_1,12,2023,0,0
BLR.4.1_1,12,2023,0,0
BLR.4.20_1,12,2023,0,0
BLR.4.21_1,12,2023,0,0
BLR.4.2_1,12,2023,0,0
BLR.4.3_1,12,2023,0,0
BLR.4.4_1,12,2023,0,0
BLR.4.5_1,12,2023,0,0
BLR.4.6_1,12,2023,0,0
BLR.4.7_1,12,2023,0,0
BLR.4.8_1,12,2023,0,0
BLR.4.9_1,12,2023,0,0
BLR.5.10_1,12,2023,0,0
BLR.5.11_1,12,2023,0,0
BLR.5.12_1,12,2023,0,0
BLR.5.13_1,12,2023,0,0
BLR.5.14_1,12,2023,0,0
BLR.5.15_1,12,2023,0,0
BLR.5.16_1,12,2023,0,0
BLR.5.17_1,12,2023,0,0
BLR.5.18_1,12,2023,0,0
BLR.5.19_1,12,2023,0,0
BLR.5.1_1,12,2023,0,0
BLR.5.20_1,12,2023,0,0
BLR.5.21_1,12,2023,0,0
BLR.5.22_1,12,2023,0,0
BLR.5.2_1,12,2023,0,0
BLR.5.3_1,12,2023,0,0
BLR.5.4_1,12,2023,0,0
BLR.5.5_1,12,2023,0,0
BLR.5.6_1,12,2023,0,0
BLR.5.7_1,12,2023,0,0
BLR.5.8_1,12,2023,0,0
BLR.5.9_1,12,2023,0,0
BLR.6.10_1,12,2023,0,0
BLR.6.11_1,12,2023,0,0
BLR.6.12_1,12,2023,0,0
BLR.6.13_1,12,2023,0,0
BLR.6.14_1,12,2023,0,0
BLR.6.15_1,12,2023,0,0
BLR.6.16_1,12,2023,0,0
BLR.6.17_1,12,2023,0,0
BLR.6.18_1,12,2023,0,0
BLR.6.19_1,12,2023,0,0
BLR.6.1_1,12,2023,0,0
BLR.6.20_1,12,2023,0,0
BLR.6.21_1,12,2023,0,0
BLR.6.2_1,12,2023,0,0
BLR.6.3_1,12,2023,0,0
BLR.6.4_1,12,2023,0,0
BLR.6.5_1,12,2023,0,0
BLR.6.6_1,12,2023,0,0
BLR.6.7_1,12,2023,0,0
BLR.6.8_1,12,2023,0,0
BLR.6.9_1,12,2023,0,0
CHE.1.10_1,12,2023,0,0
CHE.1.11_1,12,2023,0,0
CHE.1.1_1,12,2023,0,0
CHE.1.2_1,12,2023,0,0
CHE.1.3_1,12,2023,0,0
CHE.1.4_1,12,2023,0,0
CHE.1.5_1,12,2023,0,0
CHE.1.6_1,12,2023,0,0
CHE.1.7_1,12,2023,0,0
CHE.1.8_1,12,2023,0,0
CHE.1.9_1,12,2023,0,0
CHE.10.10_1,12,2023,0,0
CHE.10.11_1,12,2023,0,0
CHE.10.1_1,12,2023,0,0
CHE.10.2_1,12,2023,0,0
CHE.10.3_1,12,2023,0,0
CHE.10.4_1,12,2023,0,0
CHE.10.5_1,12,2023,0,0
CHE.10.6_1,12,2023,0,0
CHE.10.7_1,12,2023,0,0
CHE.10.8_1,12,2023,0,0
CHE.10.9_1,12,2023,0,0
CHE.11.1_1,12,2023,0,0
CHE.11.2_1,12,2023,0,0
CHE.11.3_1,12,2023,0,0
CHE.12.1_1,12,2023,0,0
CHE.12.2_1,12,2023,0,0
CHE.12.3_1,12,2023,0,0
CHE.12.4_1,12,2023,0,0
CHE.12.5_1,12,2023,0,0
CHE.13.1_1,12,2023,0,0
CHE.13.2_1,12,2023,0,0
CHE.13.3_1,12,2023,0,0
CHE.13.4_1,12,2023,0,0
CHE.13.5_1,12,2023,0,0
CHE.13.6_1,12,2023,0,0
CHE.14.1_1,12,2023,0,0
CHE.15.1_1,12,2023,0,0
CHE.16.1_1,12,2023,0,0
CHE.16.2_1,12,2023,0,0
CHE.16.3_1,12,2023,0,0
CHE.16.4_1,12,2023,0,0
CHE.16.5_1,12,2023,0,0
CHE.16.6_1,12,2023,0,0
CHE.16.7_1,12,2023,0,0
CHE.16.8_1,12,2023,0,0
CHE.17.1_1,12,2023,0,0
CHE.17.2_1,12,2023,0,0
CHE.17.3_1,12,2023,0,0
CHE.17.4_1,12,2023,0,0
CHE.17.5_1,12,2023,0,0
CHE.17.6_1,12,2023,0,0
CHE.18.1_1,12,2023,0,0
CHE.18.2_1,12,2023,0,0
CHE.18.3_1,12,2023,0,0
CHE.18.4_1,12,2023,0,0
CHE.18.5_1,12,2023,0,0
CHE.18.6_1,12,2023,0,0
CHE.19.10_1,12,2023,0,0
CHE.19.1_1,12,2023,0,0
CHE.19.2_1,12,2023,0,0
CHE.19.3_1,12,2023,0,0
CHE.19.4_1,12,2023,0,0
CHE.19.5_1,12,2023,0,0
CHE.19.6_1,12,2023,0,0
CHE.19.7_1,12,2023,0,0
CHE.19.8_1,12,2023,0,0
CHE.19.9_1,12,2023,0,0
CHE.2.1_1,12,2023,0,0
CHE.20.1_1,12,2023,0,0
CHE.20.2_1,12,2023,0,0
CHE.20.3_1,12,2023,0,0
CHE.20.4_1,12,2023,0,0
CHE.20.5_1,12,2023,0,0
CHE.20.6_1,12,2023,0,0
CHE.20.7_1,12,2023,0,0
CHE.20.8_1,12,2023,0,0
CHE.20.9_1,12,2023,0,0
CHE.21.1_1,12,2023,0,0
CHE.21.2_1,12,2023,0,0
CHE.21.3_1,12,2023,0,0
CHE.21.4_1,12,2023,0,0
CHE.21.5_1,12,2023,0,0
CHE.21.6_1,12,2023,0,0
CHE.21.7_1,12,2023,0,0
CHE.21.8_1,12,2023,0,0
CHE.22.1_1,12,2023,0,0
CHE.23.10_1,12,2023,0,0
CHE.23.11_1,12,2023,0,0
CHE.23.12_1,12,2023,0,0
CHE.23.13_1,12,2023,0,0
CHE.23.14_1,12,2023,0,0
CHE.23.1_1,12,2023,0,0
CHE.23.2_1,12,2023,0,0
CHE.23.3_1,12,2023,0,0
CHE.23.4_1,12,2023,0,0
CHE.23.5_1,12,2023,0,0
CHE.23.6_1,12,2023,0,0
CHE.23.7_1,12,2023,0,0
CHE.23.8_1,12,2023,0,0
CHE.23.9_1,12,2023,0,0
CHE.24.10_1,12,2023,0,0
CHE.24.1_1,12,2023,0,0
CHE.24.2_1,12,2023,0,0
CHE.24.3_1,12,2023,0,0
CHE.24.4_1,12,2023,0,0
CHE.24.5_1,12,2023,0,0
CHE.24.6_1,12,2023,0,0
CHE.24.7_1,12,2023,0,0
CHE.24.8_1,12,2023,0,0
CHE.24.9_1,12,2023,0,0
CHE.25.1_1,12,2023,0,0
CHE.26.10_1,12,2023,0,0
CHE.26.11_1,12,2023,0,0
CHE.26.12_1,12,2023,0,0
CHE.26.13_1,12,2023,0,0
CHE.26.1_1,12,2023,0,0
CHE.26.2_1,12,2023,0,0
CHE.26.3_1,12,2023,0,0
CHE.26.4_1,12,2023,0,0
CHE.26.5_1,12,2023,0,0
CHE.26.6_1,12,2023,0,0
CHE.26.7_1,12,2023,0,0
CHE.26.8_1,12,2023,0,0
CHE.26.9_1,12,2023,0,0
CHE.3.1_1,12,2023,0,0
CHE.4.1_1,12,2023,0,0
CHE.4.2_1,12,2023,0,0
CHE.4.3_1,12,2023,0,0
CHE.4.4_1,12,2023,0,0
CHE.4.5_1,12,2023,0,0
CHE.5.1_1,12,2023,0,0
CHE.5.2_1,12,2023,0,0
CHE.5.3_1,12,2023,0,0
CHE.6.10_1,12,2023,0,0
CHE.6.11_1,12,2023,0,0
CHE.6.12_1,12,2023,0,0
CHE.6.13_1,12,2023,0,0
CHE.6.14_1,12,2023,0,0
CHE.6.15_1,12,2023,0,0
CHE.6.16_1,12,2023,0,0
CHE.6.17_1,12,2023,0,0
CHE.6.18_1,12,2023,0,0
CHE.6.19_1,12,2023,0,0
CHE.6.1_1,12,2023,0,0
CHE.6.20_1,12,2023,0,0
CHE.6.21_1,12,2023,0,0
CHE.6.22_1,12,2023,0,0
CHE.6.23_1,12,2023,0,0
CHE.6.24_1,12,2023,0,0
CHE.6.25_1,12,2023,0,0
CHE.6.26_1,12,2023,0,0
CHE.6.2_1,12,2023,0,0
CHE.6.3_1,12,2023,0,0
CHE.6.4_1,12,2023,0,0
CHE.6.5_1,12,2023,0,0
CHE.6.6_1,12,2023,0,0
CHE.6.7_1,12,2023,0,0
CHE.6.8_1,12,2023,0,0
CHE.6.9_1,12,2023,0,0
CHE.7.1_1,12,2023,0,0
CHE.7.2_1,12,2023,0,0
CHE.7.3_1,12,2023,0,0
CHE.7.4_1,12,2023,0,0
CHE.7.5_1,12,2023,0,0
CHE.7.6_1,12,2023,0,0
CHE.7.7_1,12,2023,0,0
CHE.8.1_1,12,2023,0,0
CHE.9.1_1,12,2023,0,0
CYP.1_1,12,2023,0,0
CYP.2_1,12,2023,0,0
CYP.3_1,12,2023,0,0
CYP.4_1,12,2023,0,0
CYP.5_1,12,2023,0,0
CZE.1.1_1,12,2023,0,0
CZE.1.2_1,12,2023,0,0
CZE.1.3_1,12,2023,0,0
CZE.1.4_1,12,2023,0,0
CZE.1.5_1,12,2023,0,0
CZE.1.6_1,12,2023,0,0
CZE.1.7_1,12,2023,0,0
CZE.10.1_1,12,2023,0,0
CZE.10.2_1,12,2023,0,0
CZE.10.3_1,12,2023,0,0
CZE.10.4_1,12,2023,0,0
CZE.10.5_1,12,2023,0,0
CZE.10.6_1,12,2023,0,0
CZE.10.7_1,12,2023,0,0
CZE.11.10_1,12,2023,0,0
CZE.11.11_1,12,2023,0,0
CZE.11.12_1,12,2023,0,0
CZE.11.13_1,12,2023,0,0
CZE.11.14_1,12,2023,0,0
CZE.11.15_1,12,2023,0,0
CZE.11.16_1,12,2023,0,0
CZE.11.17_1,12,2023,0,0
CZE.11.18_1,12,2023,0,0
CZE.11.19_1,12,2023,0,0
CZE.11.20_1,12,2023,0,0
CZE.11.21_1,12,2023,0,0
CZE.11.22_1,12,2023,0,0
CZE.11.2_1,12,2023,0,0
CZE.11.3_1,12,2023,0,0
CZE.11.4_1,12,2023,0,0
CZE.11.5_1,12,2023,0,0
CZE.11.6_1,12,2023,0,0
CZE.11.7_1,12,2023,0,0
CZE.11.8_1,12,2023,0,0
CZE.11.9_1,12,2023,0,0
CZE.12.10_1,12,2023,0,0
CZE.12.11_1,12,2023,0,0
CZE.12.12_1,12,2023,0,0
CZE.12.1_1,12,2023,0,0
CZE.12.2_1,12,2023,0,0
CZE.12.3_1,12,2023,0,0
CZE.12.4_1,12,2023,0,0
CZE.12.5_1,12,2023,0,0
CZE.12.6_1,12,2023,0,0
CZE.12.7_1,12,2023,0,0
CZE.12.8_1,12,2023,0,0
CZE.12.9_1,12,2023,0,0
CZE.13.1_1,12,2023,0,0
CZE.13.2_1,12,2023,0,0
CZE.13.3_1,12,2023,0,0
CZE.13.4_1,12,2023,0,0
CZE.13.5_1,12,2023,0,0
CZE.13.6_1,12,2023,0,0
CZE.13.7_1,12,2023,0,0
CZE.14.1_1,12,2023,0,0
CZE.14.2_1,12,2023,0,0
CZE.14.3_1,12,2023,0,0
CZE.14.4_1,12,2023,0,0
CZE.2.1_1,12,2023,0,0
CZE.2.2_1,12,2023,0,0
CZE.2.3_1,12,2023,0,0
CZE.2.4_1,12,2023,0,0
CZE.2.5_1,12,2023,0,0
CZE.2.6_1,12,2023,0,0
CZE.2.7_1,12,2023,0,0
CZE.3.1_1,12,2023,0,0
CZE.3.2_1,12,2023,0,0
CZE.3.3_1,12,2023,0,0
CZE.4.1_1,12,2023,0,0
CZE.4.2_1,12,2023,0,0
CZE.4.3_1,12,2023,0,0
CZE.4.4_1,12,2023,0,0
CZE.4.5_1,12,2023,0,0
CZE.5.1_1,12,2023,0,0
CZE.5.2_1,12,2023,0,0
CZE.5.3_1,12,2023,0,0
CZE.5.4_1,12,2023,0,0
CZE.5.5_1,12,2023,0,0
CZE.6.1_1,12,2023,0,0
CZE.6.2_1,12,2023,0,0
CZE.6.3_1,12,2023,0,0
CZE.6.4_1,12,2023,0,0
CZE.7.1_1,12,2023,0,0
CZE.7.2_1,12,2023,0,0
CZE.7.5_1,12,2023,0,0
CZE.8.1_1,12,2023,0,0
CZE.8.2_1,12,2023,0,0
CZE.8.3_1,12,2023,0,0
CZE.8.4_1,12,2023,0,0
CZE.8.5_1,12,2023,0,0
CZE.9.1_1,12,2023,0,0
CZE.9.2_1,12,2023,0,0
CZE.9.3_1,12,2023,0,0
CZE.9.4_1,12,2023,0,0
DEU.1.10_1,12,2023,0,0
DEU.1.11_1,12,2023,0,0
DEU.1.12_1,12,2023,0,0
DEU.1.13_1,12,2023,0,0
DEU.1.14_1,12,2023,0,0
DEU.1.15_1,12,2023,0,0
DEU.1.16_1,12,2023,0,0
DEU.1.17_1,12,2023,0,0
DEU.1.18_1,12,2023,0,0
DEU.1.19_1,12,2023,0,0
DEU.1.1_1,12,2023,0,0
DEU.1.20_1,12,2023,0,0
DEU.1.21_1,12,2023,0,0
DEU.1.22_1,12,2023,0,0
DEU.1.23_1,12,2023,0,0
DEU.1.24_1,12,2023,0,0
DEU.1.25_1,12,2023,0,0
DEU.1.26_1,12,2023,0,0
DEU.1.27_1,12,2023,0,0
DEU.1.28_1,12,2023,0,0
DEU.1.29_1,12,2023,0,0
DEU.1.2_1,12,2023,0,0
DEU.1.30_1,12,2023,0,0
DEU.1.31_1,12,2023,0,0
DEU.1.32_1,12,2023,0,0
DEU.1.33_1,12,2023,0,0
DEU.1.34_1,12,2023,0,0
DEU.1.35_1,12,2023,0,0
DEU.1.36_1,12,2023,0,0
DEU.1.37_1,12,2023,0,0
DEU.1.38_1,12,2023,0,0
DEU.1.39_1,12,2023,0,0
DEU.1.3_1,12,2023,0,0
DEU.1.40_1,12,2023,0,0
DEU.1.41_1,12,2023,0,0
DEU.1.42_1,12,2023,0,0
DEU.1.43_1,12,2023,0,0
DEU.1.44_1,12,2023,0,0
DEU.1.45_1,12,2023,0,0
DEU.1.4_1,12,2023,0,0
DEU.1.5_1,12,2023,0,0
DEU.1.6_1,12,2023,0,0
DEU.1.7_1,12,2023,0,0
DEU.1.8_1,12,2023,0,0
DEU.1.9_1,12,2023,0,0
DEU.10.10_1,12,2023,0,0
DEU.10.11_1,12,2023,0,0
DEU.10.12_1,12,2023,0,0
DEU.10.13_1,12,2023,0,0
DEU.10.14_1,12,2023,0,0
DEU.10.15_1,12,2023,0,0
DEU.10.16_1,12,2023,0,0
DEU.10.17_1,12,2023,0,0
DEU.10.18_1,12,2023,0,0
DEU.10.19_1,12,2023,0,0
DEU.10.1_1,12,2023,0,0
DEU.10.20_1,12,2023,0,0
DEU.10.21_1,12,2023,0,0
DEU.10.22_1,12,2023,0,0
DEU.10.23_1,12,2023,0,0
DEU.10.24_1,12,2023,0,0
DEU.10.25_1,12,2023,0,0
DEU.10.26_1,12,2023,0,0
DEU.10.27_1,12,2023,0,0
DEU.10.28_1,12,2023,0,0
DEU.10.29_1,12,2023,0,0
DEU.10.2_1,12,2023,0,0
DEU.10.30_1,12,2023,0,0
DEU.10.31_1,12,2023,0,0
DEU.10.32_1,12,2023,0,0
DEU.10.33_1,12,2023,0,0
DEU.10.34_1,12,2023,0,0
DEU.10.35_1,12,2023,0,0
DEU.10.36_1,12,2023,0,0
DEU.10.37_1,12,2023,0,0
DEU.10.38_1,12,2023,0,0
DEU.10.39_1,12,2023,0,0
DEU.10.3_1,12,2023,0,0
DEU.10.40_1,12,2023,0,0
DEU.10.41_1,12,2023,0,0
DEU.10.42_1,12,2023,0,0
DEU.10.43_1,12,2023,0,0
DEU.10.44_1,12,2023,0,0
DEU.10.45_1,12,2023,0,0
DEU.10.46_1,12,2023,0,0
DEU.10.47_1,12,2023,0,0
DEU.10.48_1,12,2023,0,0
DEU.10.49_1,12,2023,0,0
DEU.10.4_1,12,2023,0,0
DEU.10.50_1,12,2023,0,0
DEU.10.51_1,12,2023,0,0
DEU.10.52_1,12,2023,0,0
DEU.10.53_1,12,2023,0,0
DEU.10.5_1,12,2023,0,0
DEU.10.6_1,12,2023,0,0
DEU.10.7_1,12,2023,0,0
DEU.10.8_1,12,2023,0,0
DEU.10.9_1,12,2023,0,0
DEU.11.10_1,12,2023,0,0
DEU.11.11_1,12,2023,0,0
DEU.11.12_1,12,2023,0,0
DEU.11.13_1,12,2023,0,0
DEU.11.14_1,12,2023,0,0
DEU.11.15_1,12,2023,0,0
DEU.11.16_1,12,2023,0,0
DEU.11.17_1,12,2023,0,0
DEU.11.18_1,12,2023,0,0
DEU.11.19_1,12,2023,0,0
DEU.11.1_1,12,2023,0,0
DEU.11.20_1,12,2023,0,0
DEU.11.21_1,12,2023,0,0
DEU.11.22_1,12,2023,0,0
DEU.11.23_1,12,2023,0,0
DEU.11.24_1,12,2023,0,0
DEU.11.25_1,12,2023,0,0
DEU.11.26_1,12,2023,0,0
DEU.11.27_1,12,2023,0,0
DEU.11.28_1,12,2023,0,0
DEU.11.29_1,12,2023,0,0
DEU.11.2_1,12,2023,0,0
DEU.11.30_1,12,2023,0,0
DEU.11.31_1,12,2023,0,0
DEU.11.32_1,12,2023,0,0
DEU.11.33_1,12,2023,0,0
DEU.11.34_1,12,2023,0,0
DEU.11.35_1,12,2023,0,0
DEU.11.36_1,12,2023,0,0
DEU.11.3_1,12,2023,0,0
DEU.11.4_1,12,2023,0,0
DEU.11.5_1,12,2023,0,0
DEU.11.6_1,12,2023,0,0
DEU.11.7_1,12,2023,0,0
DEU.11.8_1,12,2023,0,0
DEU.11.9_1,12,2023,0,0
DEU.12.1_1,12,2023,0,0
DEU.12.2_1,12,2023,0,0
DEU.12.3_1,12,2023,0,0
DEU.12.4_1,12,2023,0,0
DEU.12.5_1,12,2023,0,0
DEU.12.6_1,12,2023,0,0
DEU.13.10_1,12,2023,0,0
DEU.13.11_1,12,2023,0,0
DEU.13.12_1,12,2023,0,0
DEU.13.13_1,12,2023,0,0
DEU.13.14_1,12,2023,0,0
DEU.13.1_1,12,2023,0,0
DEU.13.2_1,12,2023,0,0
DEU.13.3_1,12,2023,0,0
DEU.13.4_1,12,2023,0,0
DEU.13.5_1,12,2023,0,0
DEU.13.6_1,12,2023,0,0
DEU.13.7_1,12,2023,0,0
DEU.13.8_1,12,2023,0,0
DEU.13.9_1,12,2023,0,0
DEU.14.10_1,12,2023,0,0
DEU.14.11_1,12,2023,0,0
DEU.14.12_1,12,2023,0,0
DEU.14.13_1,12,2023,0,0
DEU.14.1_1,12,2023,0,0
DEU.14.2_1,12,2023,0,0
DEU.14.3_1,12,2023,0,0
DEU.14.4_1,12,2023,0,0
DEU.14.5_1,12,2023,0,0
DEU.14.6_1,12,2023,0,0
DEU.14.7_1,12,2023,0,0
DEU.14.8_1,12,2023,0,0
DEU.14.9_1,12,2023,0,0
DEU.15.10_1,12,2023,0,0
DEU.15.11_1,12,2023,0,0
DEU.15.12_1,12,2023,0,0
DEU.15.13_1,12,2023,0,0
DEU.15.14_1,12,2023,0,0
DEU.15.15_1,12,2023,0,0
DEU.15.1_1,12,2023,0,0
DEU.15.2_1,12,2023,0,0
DEU.15.3_1,12,2023,0,0
DEU.15.4_1,12,2023,0,0
DEU.15.5_1,12,2023,0,0
DEU.15.6_1,12,2023,0,0
DEU.15.7_1,12,2023,0,0
DEU.15.8_1,12,2023,0,0
DEU.15.9_1,12,2023,0,0
DEU.16.10_1,12,2023,0,0
DEU.16.11_1,12,2023,0,0
DEU.16.12_1,12,2023,0,0
DEU.16.13_1,12,2023,0,0
DEU.16.14_1,12,2023,0,0
DEU.16.15_1,12,2023,0,0
DEU.16.16_1,12,2023,0,0
DEU.16.17_1,12,2023,0,0
DEU.16.18_1,12,2023,0,0
DEU.16.19_1,12,2023,0,0
DEU.16.1_1,12,2023,0,0
DEU.16.20_1,12,2023,0,0
DEU.16.21_1,12,2023,0,0
DEU.16.22_1,12,2023,0,0
DEU.16.23_1,12,2023,0,0
DEU.16.2_1,12,2023,0,0
DEU.16.3_1,12,2023,0,0
DEU.16.4_1,12,2023,0,0
DEU.16.5_1,12,2023,0,0
DEU.16.6_1,12,2023,0,0
DEU.16.7_1,12,2023,0,0
DEU.16.8_1,12,2023,0,0
DEU.16.9_1,12,2023,0,0
DEU.2.10_1,12,2023,0,0
DEU.2.11_1,12,2023,0,0
DEU.2.12_1,12,2023,0,0
DEU.2.13_1,12,2023,0,0
DEU.2.14_1,12,2023,0,0
DEU.2.15_1,12,2023,0,0
DEU.2.16_1,12,2023,0,0
DEU.2.17_1,12,2023,0,0
DEU.2.18_1,12,2023,0,0
DEU.2.19_1,12,2023,0,0
DEU.2.1_1,12,2023,0,0
DEU.2.20_1,12,2023,0,0
DEU.2.21_1,12,2023,0,0
DEU.2.22_1,12,2023,0,0
DEU.2.23_1,12,2023,0,0
DEU.2.24_1,12,2023,0,0
DEU.2.25_1,12,2023,0,0
DEU.2.26_1,12,2023,0,0
DEU.2.27_1,12,2023,0,0
DEU.2.28_1,12,2023,0,0
DEU.2.29_1,12,2023,0,0
DEU.2.2_1,12,2023,0,0
DEU.2.30_1,12,2023,0,0
DEU.2.31_1,12,2023,0,0
DEU.2.32_1,12,2023,0,0
DEU.2.33_1,12,2023,0,0
DEU.2.34_1,12,2023,0,0
DEU.2.35_1,12,2023,0,0
DEU.2.36_1,12,2023,0,0
DEU.2.37_1,12,2023,0,0
DEU.2.38_1,12,2023,0,0
DEU.2.39_1,12,2023,0,0
DEU.2.3_1,12,2023,0,0
DEU.2.40_1,12,2023,0,0
DEU.2.41_1,12,2023,0,0
DEU.2.42_1,12,2023,0,0
DEU.2.43_1,12,2023,0,0
DEU.2.44_1,12,2023,0,0
DEU.2.45_1,12,2023,0,0
DEU.2.46_1,12,2023,0,0
DEU.2.47_1,12,2023,0,0
DEU.2.48_1,12,2023,0,0
DEU.2.49_1,12,2023,0,0
DEU.2.4_1,12,2023,0,0
DEU.2.50_1,12,2023,0,0
DEU.2.51_1,12,2023,0,0
DEU.2.52_1,12,2023,0,0
DEU.2.53_1,12,2023,0,0
DEU.2.54_1,12,2023,0,0
DEU.2.55_1,12,2023,0,0
DEU.2.56_1,12,2023,0,0
DEU.2.57_1,12,2023,0,0
DEU.2.58_1,12,2023,0,0
DEU.2.59_1,12,2023,0,0
DEU.2.5_1,12,2023,0,0
DEU.2.60_1,12,2023,0,0
DEU.2.61_1,12,2023,0,0
DEU.2.62_1,12,2023,0,0
DEU.2.63_1,12,2023,0,0
DEU.2.64_1,12,2023,0,0
DEU.2.65_1,12,2023,0,0
DEU.2.66_1,12,2023,0,0
DEU.2.67_1,12,2023,0,0
DEU.2.68_1,12,2023,0,0
DEU.2.69_1,12,2023,0,0
DEU.2.6_1,12,2023,0,0
DEU.2.70_1,12,2023,0,0
DEU.2.71_1,12,2023,0,0
DEU.2.72_1,12,2023,0,0
DEU.2.73_1,12,2023,0,0
DEU.2.74_1,12,2023,0,0
DEU.2.75_1,12,2023,0,0
DEU.2.76_1,12,2023,0,0
DEU.2.77_1,12,2023,0,0
DEU.2.78_1,12,2023,0,0
DEU.2.79_1,12,2023,0,0
DEU.2.7_1,12,2023,0,0
DEU.2.80_1,12,2023,0,0
DEU.2.81_1,12,2023,0,0
DEU.2.82_1,12,2023,0,0
DEU.2.83_1,12,2023,0,0
DEU.2.84_1,12,2023,0,0
DEU.2.85_1,12,2023,0,0
DEU.2.86_1,12,2023,0,0
DEU.2.87_1,12,2023,0,0
DEU.2.88_1,12,2023,0,0
DEU.2.89_1,12,2023,0,0
DEU.2.8_1,12,2023,0,0
DEU.2.90_1,12,2023,0,0
DEU.2.91_1,12,2023,0,0
DEU.2.92_1,12,2023,0,0
DEU.2.93_1,12,2023,0,0
DEU.2.94_1,12,2023,0,0
DEU.2.95_1,12,2023,0,0
DEU.2.96_1,12,2023,0,0
DEU.2.9_1,12,2023,0,0
DEU.3.1_1,12,2023,0,0
DEU.4.10_1,12,2023,0,0
DEU.4.11_1,12,2023,0,0
DEU.4.12_1,12,2023,0,0
DEU.4.13_1,12,2023,0,0
DEU.4.14_1,12,2023,0,0
DEU.4.15_1,12,2023,0,0
DEU.4.16_1,12,2023,0,0
DEU.4.17_1,12,2023,0,0
DEU.4.18_1,12,2023,0,0
DEU.4.1_1,12,2023,0,0
DEU.4.2_1,12,2023,0,0
DEU.4.3_1,12,2023,0,0
DEU.4.4_1,12,2023,0,0
DEU.4.5_1,12,2023,0,0
DEU.4.6_1,12,2023,0,0
DEU.4.7_1,12,2023,0,0
DEU.4.8_1,12,2023,0,0
DEU.4.9_1,12,2023,0,0
DEU.5.1_1,12,2023,0,0
DEU.5.2_1,12,2023,0,0
DEU.6.1_1,12,2023,0,0
DEU.7.10_1,12,2023,0,0
DEU.7.11_1,12,2023,0,0
DEU.7.12_1,12,2023,0,0
DEU.7.13_1,12,2023,0,0
DEU.7.14_1,12,2023,0,0
DEU.7.15_1,12,2023,0,0
DEU.7.16_1,12,2023,0,0
DEU.7.17_1,12,2023,0,0
DEU.7.18_1,12,2023,0,0
DEU.7.19_1,12,2023,0,0
DEU.7.1_1,12,2023,0,0
DEU.7.20_1,12,2023,0,0
DEU.7.21_1,12,2023,0,0
DEU.7.22_1,12,2023,0,0
DEU.7.23_1,12,2023,0,0
DEU.7.24_1,12,2023,0,0
DEU.7.25_1,12,2023,0,0
DEU.7.26_1,12,2023,0,0
DEU.7.2_1,12,2023,0,0
DEU.7.3_1,12,2023,0,0
DEU.7.4_1,12,2023,0,0
DEU.7.5_1,12,2023,0,0
DEU.7.6_1,12,2023,0,0
DEU.7.7_1,12,2023,0,0
DEU.7.8_1,12,2023,0,0
DEU.7.9_1,12,2023,0,0
DEU.8.1_1,12,2023,0,0
DEU.8.2_1,12,2023,0,0
DEU.8.3_1,12,2023,0,0
DEU.8.4_1,12,2023,0,0
DEU.8.5_1,12,2023,0,0
DEU.8.6_1,12,2023,0,0
DEU.8.7_1,12,2023,0,0
DEU.8.8_1,12,2023,0,0
DEU.9.10_1,12,2023,0,0
DEU.9.11_1,12,2023,0,0
DEU.9.12_1,12,2023,0,0
DEU.9.13_1,12,2023,0,0
DEU.9.14_1,12,2023,0,0
DEU.9.15_1,12,2023,0,0
DEU.9.16_1,12,2023,0,0
DEU.9.17_1,12,2023,0,0
DEU.9.18_1,12,2023,0,0
DEU.9.19_1,12,2023,0,0
DEU.9.1_1,12,2023,0,0
DEU.9.20_1,12,2023,0,0
DEU.9.21_1,12,2023,0,0
DEU.9.22_1,12,2023,0,0
DEU.9.23_1,12,2023,0,0
DEU.9.24_1,12,2023,0,0
DEU.9.25_1,12,2023,0,0
DEU.9.26_1,12,2023,0,0
DEU.9.27_1,12,2023,0,0
DEU.9.28_1,12,2023,0,0
DEU.9.29_1,12,2023,0,0
DEU.9.2_1,12,2023,0,0
DEU.9.30_1,12,2023,0,0
DEU.9.31_1,12,2023,0,0
DEU.9.32_1,12,2023,0,0
DEU.9.33_1,12,2023,0,0
DEU.9.34_1,12,2023,0,0
DEU.9.35_1,12,2023,0,0
DEU.9.36_1,12,2023,0,0
DEU.9.37_1,12,2023,0,0
DEU.9.38_1,12,2023,0,0
DEU.9.39_1,12,2023,0,0
DEU.9.3_1,12,2023,0,0
DEU.9.40_1,12,2023,0,0
DEU.9.41_1,12,2023,0,0
DEU.9.42_1,12,2023,0,0
DEU.9.43_1,12,2023,0,0
DEU.9.44_1,12,2023,0,0
DEU.9.45_1,12,2023,0,0
DEU.9.46_1,12,2023,0,0
DEU.9.4_1,12,2023,0,0
DEU.9.5_1,12,2023,0,0
DEU.9.6_1,12,2023,0,0
DEU.9.7_1,12,2023,0,0
DEU.9.8_1,12,2023,0,0
DEU.9.9_1,12,2023,0,0
ESP.1.1_1,12,2023,0,0
ESP.1.2_1,12,2023,0,0
ESP.1.3_1,12,2023,0,0
ESP.1.4_1,12,2023,0,0
ESP.1.5_1,12,2023,0,0
ESP.1.6_1,12,2023,0,0
ESP.1.7_1,12,2023,0,0
ESP.1.8_1,12,2023,0,0
ESP.10.1_1,12,2023,0,0
ESP.10.2_1,12,2023,0,0
ESP.10.3_1,12,2023,0,0
ESP.11.1_1,12,2023,0,0
ESP.11.2_1,12,2023,0,0
ESP.12.1_1,12,2023,0,0
ESP.12.2_1,12,2023,0,0
ESP.12.3_1,12,2023,0,0
ESP.12.4_1,12,2023,0,0
ESP.13.1_1,12,2023,0,0
ESP.15.1_1,12,2023,0,0
ESP.16.1_1,12,2023,0,0
ESP.16.2_1,12,2023,0,0
ESP.16.3_1,12,2023,0,0
ESP.17.1_1,12,2023,0,0
ESP.18.1_1,12,2023,0,0
ESP.2.1_1,12,2023,0,0
ESP.2.2_1,12,2023,0,0
ESP.2.3_1,12,2023,0,0
ESP.3.1_1,12,2023,0,0
ESP.4.1_1,12,2023,0,0
ESP.4.2_1,12,2023,0,0
ESP.4.3_1,12,2023,0,0
ESP.4.4_1,12,2023,0,0
ESP.4.5_1,12,2023,0,0
ESP.5.1_1,12,2023,0,0
ESP.5.2_1,12,2023,0,0
ESP.5.3_1,12,2023,0,0
ESP.5.5_1,12,2023,0,0
ESP.5.6_1,12,2023,0,0
ESP.5.7_1,12,2023,0,0
ESP.5.9_1,12,2023,0,0
ESP.6.1_1,12,2023,0,0
ESP.6.2_1,12,2023,0,0
ESP.6.3_1,12,2023,0,0
ESP.6.4_1,12,2023,0,0
ESP.8.1_1,12,2023,0,0
ESP.9.1_1,12,2023,0,0
FIN.4.5_1,12,2023,0,0
FIN.5.3_1,12,2023,0,0
FRA.1.10_1,12,2023,0,0
FRA.1.11_1,12,2023,0,0
FRA.1.12_1,12,2023,0,0
FRA.1.1_1,12,2023,0,0
FRA.1.2_1,12,2023,0,0
FRA.1.3_1,12,2023,0,0
FRA.1.4_1,12,2023,0,0
FRA.1.5_1,12,2023,0,0
FRA.1.6_1,12,2023,0,0
FRA.1.7_1,12,2023,0,0
FRA.1.8_1,12,2023,0,0
FRA.1.9_1,12,2023,0,0
FRA.10.10_1,12,2023,0,0
FRA.10.11_1,12,2023,0,0
FRA.10.12_1,12,2023,0,0
FRA.10.1_1,12,2023,0,0
FRA.10.2_1,12,2023,0,0
FRA.10.3_1,12,2023,0,0
FRA.10.4_1,12,2023,0,0
FRA.10.5_1,12,2023,0,0
FRA.10.6_1,12,2023,0,0
FRA.10.7_1,12,2023,0,0
FRA.10.8_1,12,2023,0,0
FRA.10.9_1,12,2023,0,0
FRA.11.10_1,12,2023,0,0
FRA.11.11_1,12,2023,0,0
FRA.11.12_1,12,2023,0,0
FRA.11.13_1,12,2023,0,0
FRA.11.1_1,12,2023,0,0
FRA.11.2_1,12,2023,0,0
FRA.11.3_1,12,2023,0,0
FRA.11.4_1,12,2023,0,0
FRA.11.5_1,12,2023,0,0
FRA.11.6_1,12,2023,0,0
FRA.11.7_1,12,2023,0,0
FRA.11.8_1,12,2023,0,0
FRA.11.9_1,12,2023,0,0
FRA.12.1_1,12,2023,0,0
FRA.12.2_1,12,2023,0,0
FRA.12.3_1,12,2023,0,0
FRA.12.4_1,12,2023,0,0
FRA.12.5_1,12,2023,0,0
FRA.13.1_1,12,2023,0,0
FRA.13.2_1,12,2023,0,0
FRA.13.3_1,12,2023,0,0
FRA.13.4_1,12,2023,0,0
FRA.13.5_1,12,2023,0,0
FRA.13.6_1,12,2023,0,0
FRA.2.1_1,12,2023,0,0
FRA.2.2_1,12,2023,0,0
FRA.2.3_1,12,2023,0,0
FRA.2.4_1,12,2023,0,0
FRA.2.5_1,12,2023,0,0
FRA.2.6_1,12,2023,0,0
FRA.2.7_1,12,2023,0,0
FRA.2.8_1,12,2023,0,0
FRA.3.1_1,12,2023,0,0
FRA.3.2_1,12,2023,0,0
FRA.3.3_1,12,2023,0,0
FRA.3.4_1,12,2023,0,0
FRA.4.1_1,12,2023,0,0
FRA.4.2_1,12,2023,0,0
FRA.4.3_1,12,2023,0,0
FRA.4.4_1,12,2023,0,0
FRA.4.5_1,12,2023,0,0
FRA.4.6_1,12,2023,0,0
FRA.5.1_1,12,2023,0,0
FRA.5.2_1,12,2023,0,0
FRA.6.10_1,12,2023,0,0
FRA.6.1_1,12,2023,0,0
FRA.6.2_1,12,2023,0,0
FRA.6.3_1,12,2023,0,0
FRA.6.4_1,12,2023,0,0
FRA.6.5_1,12,2023,0,0
FRA.6.6_1,12,2023,0,0
FRA.6.7_1,12,2023,0,0
FRA.6.8_1,12,2023,0,0
FRA.6.9_1,12,2023,0,0
FRA.7.1_1,12,2023,0,0
FRA.7.2_1,12,2023,0,0
FRA.7.3_1,12,2023,0,0
FRA.7.4_1,12,2023,0,0
FRA.7.5_1,12,2023,0,0
FRA.8.1_1,12,2023,0,0
FRA.8.2_1,12,2023,0,0
FRA.8.3_1,12,2023,0,0
FRA.8.4_1,12,2023,0,0
FRA.8.5_1,12,2023,0,0
FRA.8.6_1,12,2023,0,0
FRA.8.7_1,12,2023,0,0
FRA.8.8_1,12,2023,0,0
FRA.9.1_1,12,2023,0,0
FRA.9.2_1,12,2023,0,0
FRA.9.3_1,12,2023,0,0
FRA.9.4_1,12,2023,0,0
FRA.9.5_1,12,2023,0,0
GBR.1.100_1,12,2023,0,0
GBR.1.101_1,12,2023,0,0
GBR.1.102_1,12,2023,0,0
GBR.1.103_1,12,2023,0,0
GBR.1.104_1,12,2023,0,0
GBR.1.105_1,12,2023,0,0
GBR.1.106_1,12,2023,0,0
GBR.1.107_1,12,2023,0,0
GBR.1.108_1,12,2023,0,0
GBR.1.109_1,12,2023,0,0
GBR.1.10_1,12,2023,0,0
GBR.1.110_1,12,2023,0,0
GBR.1.111_1,12,2023,0,0
GBR.1.112_1,12,2023,0,0
GBR.1.113_1,12,2023,0,0
GBR.1.114_1,12,2023,0,0
GBR.1.115_1,12,2023,0,0
GBR.1.116_1,12,2023,0,0
GBR.1.117_1,12,2023,0,0
GBR.1.118_1,12,2023,0,0
GBR.1.11_1,12,2023,0,0
GBR.1.12_1,12,2023,0,0
GBR.1.13_1,12,2023,0,0
GBR.1.14_1,12,2023,0,0
GBR.1.15_1,12,2023,0,0
GBR.1.16_1,12,2023,0,0
GBR.1.17_1,12,2023,0,0
GBR.1.18_1,12,2023,0,0
GBR.1.19_1,12,2023,0,0
GBR.1.1_1,12,2023,0,0
GBR.1.20_1,12,2023,0,0
GBR.1.21_1,12,2023,0,0
GBR.1.22_1,12,2023,0,0
GBR.1.23_1,12,2023,0,0
GBR.1.24_1,12,2023,0,0
GBR.1.25_1,12,2023,0,0
GBR.1.26_1,12,2023,0,0
GBR.1.27_1,12,2023,0,0
GBR.1.28_1,12,2023,0,0
GBR.1.29_1,12,2023,0,0
GBR.1.2_1,12,2023,0,0
GBR.1.30_1,12,2023,0,0
GBR.1.31_1,12,2023,0,0
GBR.1.32_1,12,2023,0,0
GBR.1.33_1,12,2023,0,0
GBR.1.34_1,12,2023,0,0
GBR.1.35_1,12,2023,0,0
GBR.1.36_1,12,2023,0,0
GBR.1.37_1,12,2023,0,0
GBR.1.38_1,12,2023,0,0
GBR.1.39_1,12,2023,0,0
GBR.1.3_1,12,2023,0,0
GBR.1.40_1,12,2023,0,0
GBR.1.41_1,12,2023,0,0
GBR.1.42_1,12,2023,0,0
GBR.1.43_1,12,2023,0,0
GBR.1.44_1,12,2023,0,0
GBR.1.45_1,12,2023,0,0
GBR.1.46_1,12,2023,0,0
GBR.1.47_1,12,2023,0,0
GBR.1.48_1,12,2023,0,0
GBR.1.49_1,12,2023,0,0
GBR.1.4_1,12,2023,0,0
GBR.1.50_1,12,2023,0,0
GBR.1.51_1,12,2023,0,0
GBR.1.52_1,12,2023,0,0
GBR.1.53_1,12,2023,0,0
GBR.1.54_1,12,2023,0,0
GBR.1.55_1,12,2023,0,0
GBR.1.56_1,12,2023,0,0
GBR.1.57_1,12,2023,0,0
GBR.1.58_1,12,2023,0,0
GBR.1.59_1,12,2023,0,0
GBR.1.5_1,12,2023,0,0
GBR.1.60_1,12,2023,0,0
GBR.1.61_1,12,2023,0,0
GBR.1.62_1,12,2023,0,0
GBR.1.63_1,12,2023,0,0
GBR.1.64_1,12,2023,0,0
GBR.1.65_1,12,2023,0,0
GBR.1.66_1,12,2023,0,0
GBR.1.67_1,12,2023,0,0
GBR.1.68_1,12,2023,0,0
GBR.1.69_1,12,2023,0,0
GBR.1.6_1,12,2023,0,0
GBR.1.70_1,12,2023,0,0
GBR.1.71_1,12,2023,0,0
GBR.1.72_1,12,2023,0,0
GBR.1.73_1,12,2023,0,0
GBR.1.74_1,12,2023,0,0
GBR.1.75_1,12,2023,0,0
GBR.1.76_1,12,2023,0,0
GBR.1.77_1,12,2023,0,0
GBR.1.78_1,12,2023,0,0
GBR.1.79_1,12,2023,0,0
GBR.1.7_1,12,2023,0,0
GBR.1.80_1,12,2023,0,0
GBR.1.81_1,12,2023,0,0
GBR.1.82_1,12,2023,0,0
GBR.1.83_1,12,2023,0,0
GBR.1.84_1,12,2023,0,0
GBR.1.85_1,12,2023,0,0
GBR.1.86_1,12,2023,0,0
GBR.1.87_1,12,2023,0,0
GBR.1.88_1,12,2023,0,0
GBR.1.89_1,12,2023,0,0
GBR.1.8_1,12,2023,0,0
GBR.1.90_1,12,2023,0,0
GBR.1.91_1,12,2023,0,0
GBR.1.92_1,12,2023,0,0
GBR.1.93_1,12,2023,0,0
GBR.1.94_1,12,2023,0,0
GBR.1.95_1,12,2023,0,0
GBR.1.96_1,12,2023,0,0
GBR.1.97_1,12,2023,0,0
GBR.1.98_1,12,2023,0,0
GBR.1.99_1,12,2023,0,0
GBR.1.9_1,12,2023,0,0
GBR.2.10_1,12,2023,0,0
GBR.2.11_1,12,2023,0,0
GBR.2.1_1,12,2023,0,0
GBR.2.2_1,12,2023,0,0
GBR.2.3_1,12,2023,0,0
GBR.2.4_1,12,2023,0,0
GBR.2.5_1,12,2023,0,0
GBR.2.6_1,12,2023,0,0
GBR.2.7_1,12,2023,0,0
GBR.2.8_1,12,2023,0,0
GBR.2.9_1,12,2023,0,0
GBR.3.10_1,12,2023,0,0
GBR.3.11_1,12,2023,0,0
GBR.3.12_1,12,2023,0,0
GBR.3.13_1,12,2023,0,0
GBR.3.14_1,12,2023,0,0
GBR.3.15_1,12,2023,0,0
GBR.3.16_1,12,2023,0,0
GBR.3.17_1,12,2023,0,0
GBR.3.18_1,12,2023,0,0
GBR.3.19_1,12,2023,0,0
GBR.3.1_1,12,2023,0,0
GBR.3.20_1,12,2023,0,0
GBR.3.21_1,12,2023,0,0
GBR.3.22_1,12,2023,0,0
GBR.3.23_1,12,2023,0,0
GBR.3.24_1,12,2023,0,0
GBR.3.25_1,12,2023,0,0
GBR.3.26_1,12,2023,0,0
GBR.3.27_1,12,2023,0,0
GBR.3.28_1,12,2023,0,0
GBR.3.29_1,12,2023,0,0
GBR.3.2_1,12,2023,0,0
GBR.3.30_1,12,2023,0,0
GBR.3.31_1,12,2023,0,0
GBR.3.32_1,12,2023,0,0
GBR.3.3_1,12,2023,0,0
GBR.3.4_1,12,2023,0,0
GBR.3.5_1,12,2023,0,0
GBR.3.6_1,12,2023,0,0
GBR.3.7_1,12,2023,0,0
GBR.3.8_1,12,2023,0,0
GBR.3.9_1,12,2023,0,0
GBR.4.10_1,12,2023,0,0
GBR.4.11_1,12,2023,0,0
GBR.4.12_1,12,2023,0,0
GBR.4.13_1,12,2023,0,0
GBR.4.14_1,12,2023,0,0
GBR.4.15_1,12,2023,0,0
GBR.4.16_1,12,2023,0,0
GBR.4.17_1,12,2023,0,0
GBR.4.18_1,12,2023,0,0
GBR.4.19_1,12,2023,0,0
GBR.4.1_1,12,2023,0,0
GBR.4.20_1,12,2023,0,0
GBR.4.21_1,12,2023,0,0
GBR.4.22_1,12,2023,0,0
GBR.4.2_1,12,2023,0,0
GBR.4.3_1,12,2023,0,0
GBR.4.4_1,12,2023,0,0
GBR.4.5_1,12,2023,0,0
GBR.4.6_1,12,2023,0,0
GBR.4.7_1,12,2023,0,0
GBR.4.8_1,12,2023,0,0
GBR.4.9_1,12,2023,0,0
GEO.10.4_1,12,2023,0,0
GRC.1.1_1,12,2023,0,0
GRC.1.2_1,12,2023,0,0
GRC.2.1_1,12,2023,0,0
GRC.3.1_1,12,2023,0,0
GRC.4.1_1,12,2023,0,0
GRC.5.1_1,12,2023,0,0
GRC.5.2_1,12,2023,0,0
GRC.6.1_1,12,2023,0,0
GRC.6.2_1,12,2023,0,0
GRC.7.1_1,12,2023,0,0
GRC.7.2_1,12,2023,0,0
GRC.7.3_1,12,2023,0,0
GRC.8.1_1,12,2023,0,0
GRC.8.2_1,12,2023,0,0
HRV.1.10_1,12,2023,0,0
HRV.1.11_1,12,2023,0,0
HRV.1.12_1,12,2023,0,0
HRV.1.13_1,12,2023,0,0
HRV.1.14_1,12,2023,0,0
HRV.1.15_1,12,2023,0,0
HRV.1.16_1,12,2023,0,0
HRV.1.17_1,12,2023,0,0
HRV.1.18_1,12,2023,0,0
HRV.1.19_1,12,2023,0,0
HRV.1.1_1,12,2023,0,0
HRV.1.20_1,12,2023,0,0
HRV.1.21_1,12,2023,0,0
HRV.1.22_1,12,2023,0,0
HRV.1.23_1,12,2023,0,0
HRV.1.2_1,12,2023,0,0
HRV.1.3_1,12,2023,0,0
HRV.1.4_1,12,2023,0,0
HRV.1.5_1,12,2023,0,0
HRV.1.6_1,12,2023,0,0
HRV.1.7_1,12,2023,0,0
HRV.1.8_1,12,2023,0,0
HRV.1.9_1,12,2023,0,0
HRV.10.10_1,12,2023,0,0
HRV.10.11_1,12,2023,0,0
HRV.10.12_1,12,2023,0,0
HRV.10.13_1,12,2023,0,0
HRV.10.14_1,12,2023,0,0
HRV.10.15_1,12,2023,0,0
HRV.10.16_1,12,2023,0,0
HRV.10.17_1,12,2023,0,0
HRV.10.18_1,12,2023,0,0
HRV.10.19_1,12,2023,0,0
HRV.10.1_1,12,2023,0,0
HRV.10.20_1,12,2023,0,0
HRV.10.21_1,12,2023,0,0
HRV.10.22_1,12,2023,0,0
HRV.10.23_1,12,2023,0,0
HRV.10.24_1,12,2023,0,0
HRV.10.25_1,12,2023,0,0
HRV.10.2_1,12,2023,0,0
HRV.10.4_1,12,2023,0,0
HRV.10.5_1,12,2023,0,0
HRV.10.6_1,12,2023,0,0
HRV.10.7_1,12,2023,0,0
HRV.10.8_1,12,2023,0,0
HRV.10.9_1,12,2023,0,0
HRV.10_1,12,2023,0,0
HRV.11.10_1,12,2023,0,0
HRV.11.11_1,12,2023,0,0
HRV.11.12_1,12,2023,0,0
HRV.11.13_1,12,2023,0,0
HRV.11.14_1,12,2023,0,0
HRV.11.15_1,12,2023,0,0
HRV.11.16_1,12,2023,0,0
HRV.11.17_1,12,2023,0,0
HRV.11.18_1,12,2023,0,0
HRV.11.19_1,12,2023,0,0
HRV.11.1_1,12,2023,0,0
HRV.11.20_1,12,2023,0,0
HRV.11.21_1,12,2023,0,0
HRV.11.22_1,12,2023,0,0
HRV.11.23_1,12,2023,0,0
HRV.11.24_1,12,2023,0,0
HRV.11.25_1,12,2023,0,0
HRV.11.26_1,12,2023,0,0
HRV.11.27_1,12,2023,0,0
HRV.11.28_1,12,2023,0,0
HRV.11.29_1,12,2023,0,0
HRV.11.2_1,12,2023,0,0
HRV.11.30_1,12,2023,0,0
HRV.11.31_1,12,2023,0,0
HRV.11.32_1,12,2023,0,0
HRV.11.33_1,12,2023,0,0
HRV.11.34_1,12,2023,0,0
HRV.11.35_1,12,2023,0,0
HRV.11.36_1,12,2023,0,0
HRV.11.37_1,12,2023,0,0
HRV.11.38_1,12,2023,0,0
HRV.11.39_1,12,2023,0,0
HRV.11.3_1,12,2023,0,0
HRV.11.40_1,12,2023,0,0
HRV.11.41_1,12,2023,0,0
HRV.11.42_1,12,2023,0,0
HRV.11.43_1,12,2023,0,0
HRV.11.44_1,12,2023,0,0
HRV.11.45_1,12,2023,0,0
HRV.11.4_1,12,2023,0,0
HRV.11.5_1,12,2023,0,0
HRV.11.6_1,12,2023,0,0
HRV.11.7_1,12,2023,0,0
HRV.11.8_1,12,2023,0,0
HRV.11.9_1,12,2023,0,0
HRV.12.10_1,12,2023,0,0
HRV.12.1_1,12,2023,0,0
HRV.12.2_1,12,2023,0,0
HRV.12.3_1,12,2023,0,0
HRV.12.4_1,12,2023,0,0
HRV.12.5_1,12,2023,0,0
HRV.12.6_1,12,2023,0,0
HRV.12.7_1,12,2023,0,0
HRV.12.8_1,12,2023,0,0
HRV.12.9_1,12,2023,0,0
HRV.13.10_1,12,2023,0,0
HRV.13.11_1,12,2023,0,0
HRV.13.12_1,12,2023,0,0
HRV.13.13_1,12,2023,0,0
HRV.13.14_1,12,2023,0,0
HRV.13.15_1,12,2023,0,0
HRV.13.16_1,12,2023,0,0
HRV.13.17_1,12,2023,0,0
HRV.13.18_1,12,2023,0,0
HRV.13.1_1,12,2023,0,0
HRV.13.20_1,12,2023,0,0
HRV.13.21_1,12,2023,0,0
HRV.13.23_1,12,2023,0,0
HRV.13.24_1,12,2023,0,0
HRV.13.25_1,12,2023,0,0
HRV.13.26_1,12,2023,0,0
HRV.13.27_1,12,2023,0,0
HRV.13.29_1,12,2023,0,0
HRV.13.2_1,12,2023,0,0
HRV.13.30_1,12,2023,0,0
HRV.13.31_1,12,2023,0,0
HRV.13.32_1,12,2023,0,0
HRV.13.33_1,12,2023,0,0
HRV.13.34_1,12,2023,0,0
HRV.13.35_1,12,2023,0,0
HRV.13.39_1,12,2023,0,0
HRV.13.3_1,12,2023,0,0
HRV.13.40_1,12,2023,0,0
HRV.13.41_1,12,2023,0,0
HRV.13.42_1,12,2023,0,0
HRV.13.4_1,12,2023,0,0
HRV.13.5_1,12,2023,0,0
HRV.13.6_1,12,2023,0,0
HRV.13.7_1,12,2023,0,0
HRV.13.8_1,12,2023,0,0
HRV.13.9_1,12,2023,0,0
HRV.14.10_1,12,2023,0,0
HRV.14.11_1,12,2023,0,0
HRV.14.12_1,12,2023,0,0
HRV.14.13_1,12,2023,0,0
HRV.14.14_1,12,2023,0,0
HRV.14.15_1,12,2023,0,0
HRV.14.16_1,12,2023,0,0
HRV.14.17_1,12,2023,0,0
HRV.14.18_1,12,2023,0,0
HRV.14.19_1,12,2023,0,0
HRV.14.1_1,12,2023,0,0
HRV.14.2_1,12,2023,0,0
HRV.14.3_1,12,2023,0,0
HRV.14.4_1,12,2023,0,0
HRV.14.5_1,12,2023,0,0
HRV.14.6_1,12,2023,0,0
HRV.14.7_1,12,2023,0,0
HRV.14.8_1,12,2023,0,0
HRV.14.9_1,12,2023,0,0
HRV.15.10_1,12,2023,0,0
HRV.15.11_1,12,2023,0,0
HRV.15.12_1,12,2023,0,0
HRV.15.13_1,12,2023,0,0
HRV.15.14_1,12,2023,0,0
HRV.15.15_1,12,2023,0,0
HRV.15.16_1,12,2023,0,0
HRV.15.17_1,12,2023,0,0
HRV.15.18_1,12,2023,0,0
HRV.15.19_1,12,2023,0,0
HRV.15.1_1,12,2023,0,0
HRV.15.2_1,12,2023,0,0
HRV.15.3_1,12,2023,0,0
HRV.15.4_1,12,2023,0,0
HRV.15.5_1,12,2023,0,0
HRV.15.6_1,12,2023,0,0
HRV.15.7_1,12,2023,0,0
HRV.15.8_1,12,2023,0,0
HRV.15.9_1,12,2023,0,0
HRV.16.10_1,12,2023,0,0
HRV.16.11_1,12,2023,0,0
HRV.16.12_1,12,2023,0,0
HRV.16.13_1,12,2023,0,0
HRV.16.14_1,12,2023,0,0
HRV.16.15_1,12,2023,0,0
HRV.16.16_1,12,2023,0,0
HRV.16.17_1,12,2023,0,0
HRV.16.18_1,12,2023,0,0
HRV.16.19_1,12,2023,0,0
HRV.16.1_1,12,2023,0,0
HRV.16.20_1,12,2023,0,0
HRV.16.21_1,12,2023,0,0
HRV.16.23_1,12,2023,0,0
HRV.16.24_1,12,2023,0,0
HRV.16.25_1,12,2023,0,0
HRV.16.26_1,12,2023,0,0
HRV.16.27_1,12,2023,0,0
HRV.16.28_1,12,2023,0,0
HRV.16.29_1,12,2023,0,0
HRV.16.2_1,12,2023,0,0
HRV.16.30_1,12,2023,0,0
HRV.16.31_1,12,2023,0,0
HRV.16.32_1,12,2023,0,0
HRV.16.33_1,12,2023,0,0
HRV.16.34_1,12,2023,0,0
HRV.16.35_1,12,2023,0,0
HRV.16.36_1,12,2023,0,0
HRV.16.37_1,12,2023,0,0
HRV.16.38_1,12,2023,0,0
HRV.16.39_1,12,2023,0,0
HRV.16.40_1,12,2023,0,0
HRV.16.41_1,12,2023,0,0
HRV.16.42_1,12,2023,0,0
HRV.16.43_1,12,2023,0,0
HRV.16.44_1,12,2023,0,0
HRV.16.45_1,12,2023,0,0
HRV.16.46_1,12,2023,0,0
HRV.16.48_1,12,2023,0,0
HRV.16.49_1,12,2023,0,0
HRV.16.4_1,12,2023,0,0
HRV.16.50_1,12,2023,0,0
HRV.16.51_1,12,2023,0,0
HRV.16.52_1,12,2023,0,0
HRV.16.53_1,12,2023,0,0
HRV.16.54_1,12,2023,0,0
HRV.16.55_1,12,2023,0,0
HRV.16.56_1,12,2023,0,0
HRV.16.5_1,12,2023,0,0
HRV.16.6_1,12,2023,0,0
HRV.16.7_1,12,2023,0,0
HRV.16.8_1,12,2023,0,0
HRV.16.9_1,12,2023,0,0
HRV.16_1,12,2023,0,0
HRV.17.10_1,12,2023,0,0
HRV.17.11_1,12,2023,0,0
HRV.17.12_1,12,2023,0,0
HRV.17.13_1,12,2023,0,0
HRV.17.14_1,12,2023,0,0
HRV.17.15_1,12,2023,0,0
HRV.17.16_1,12,2023,0,0
HRV.17.17_1,12,2023,0,0
HRV.17.18_1,12,2023,0,0
HRV.17.19_1,12,2023,0,0
HRV.17.1_1,12,2023,0,0
HRV.17.20_1,12,2023,0,0
HRV.17.21_1,12,2023,0,0
HRV.17.22_1,12,2023,0,0
HRV.17.23_1,12,2023,0,0
HRV.17.24_1,12,2023,0,0
HRV.17.25_1,12,2023,0,0
HRV.17.26_1,12,2023,0,0
HRV.17.27_1,12,2023,0,0
HRV.17.28_1,12,2023,0,0
HRV.17.2_1,12,2023,0,0
HRV.17.3_1,12,2023,0,0
HRV.17.4_1,12,2023,0,0
HRV.17.5_1,12,2023,0,0
HRV.17.6_1,12,2023,0,0
HRV.17.7_1,12,2023,0,0
HRV.17.8_1,12,2023,0,0
HRV.17.9_1,12,2023,0,0
HRV.18.10_1,12,2023,0,0
HRV.18.11_1,12,2023,0,0
HRV.18.12_1,12,2023,0,0
HRV.18.13_1,12,2023,0,0
HRV.18.14_1,12,2023,0,0
HRV.18.15_1,12,2023,0,0
HRV.18.16_1,12,2023,0,0
HRV.18.1_1,12,2023,0,0
HRV.18.2_1,12,2023,0,0
HRV.18.3_1,12,2023,0,0
HRV.18.4_1,12,2023,0,0
HRV.18.5_1,12,2023,0,0
HRV.18.6_1,12,2023,0,0
HRV.18.7_1,12,2023,0,0
HRV.18.8_1,12,2023,0,0
HRV.18.9_1,12,2023,0,0
HRV.19.10_1,12,2023,0,0
HRV.19.11_1,12,2023,0,0
HRV.19.12_1,12,2023,0,0
HRV.19.13_1,12,2023,0,0
HRV.19.14_1,12,2023,0,0
HRV.19.15_1,12,2023,0,0
HRV.19.16_1,12,2023,0,0
HRV.19.17_1,12,2023,0,0
HRV.19.18_1,12,2023,0,0
HRV.19.19_1,12,2023,0,0
HRV.19.1_1,12,2023,0,0
HRV.19.20_1,12,2023,0,0
HRV.19.21_1,12,2023,0,0
HRV.19.22_1,12,2023,0,0
HRV.19.23_1,12,2023,0,0
HRV.19.24_1,12,2023,0,0
HRV.19.25_1,12,2023,0,0
HRV.19.26_1,12,2023,0,0
HRV.19.27_1,12,2023,0,0
HRV.19.28_1,12,2023,0,0
HRV.19.29_1,12,2023,0,0
HRV.19.2_1,12,2023,0,0
HRV.19.30_1,12,2023,0,0
HRV.19.3_1,12,2023,0,0
HRV.19.4_1,12,2023,0,0
HRV.19.5_1,12,2023,0,0
HRV.19.6_1,12,2023,0,0
HRV.19.7_1,12,2023,0,0
HRV.19.8_1,12,2023,0,0
HRV.19.9_1,12,2023,0,0
HRV.1_1,12,2023,0,0
HRV.2.10_1,12,2023,0,0
HRV.2.11_1,12,2023,0,0
HRV.2.12_1,12,2023,0,0
HRV.2.13_1,12,2023,0,0
HRV.2.14_1,12,2023,0,0
HRV.2.15_1,12,2023,0,0
HRV.2.16_1,12,2023,0,0
HRV.2.17_1,12,2023,0,0
HRV.2.18_1,12,2023,0,0
HRV.2.19_1,12,2023,0,0
HRV.2.1_1,12,2023,0,0
HRV.2.20_1,12,2023,0,0
HRV.2.21_1,12,2023,0,0
HRV.2.22_1,12,2023,0,0
HRV.2.23_1,12,2023,0,0
HRV.2.24_1,12,2023,0,0
HRV.2.25_1,12,2023,0,0
HRV.2.26_1,12,2023,0,0
HRV.2.27_1,12,2023,0,0
HRV.2.28_1,12,2023,0,0
HRV.2.2_1,12,2023,0,0
HRV.2.3_1,12,2023,0,0
HRV.2.4_1,12,2023,0,0
HRV.2.5_1,12,2023,0,0
HRV.2.6_1,12,2023,0,0
HRV.2.7_1,12,2023,0,0
HRV.2.8_1,12,2023,0,0
HRV.2.9_1,12,2023,0,0
HRV.20.10_1,12,2023,0,0
HRV.20.11_1,12,2023,0,0
HRV.20.12_1,12,2023,0,0
HRV.20.13_1,12,2023,0,0
HRV.20.14_1,12,2023,0,0
HRV.20.15_1,12,2023,0,0
HRV.20.16_1,12,2023,0,0
HRV.20.17_1,12,2023,0,0
HRV.20.18_1,12,2023,0,0
HRV.20.19_1,12,2023,0,0
HRV.20.1_1,12,2023,0,0
HRV.20.22_1,12,2023,0,0
HRV.20.23_1,12,2023,0,0
HRV.20.24_1,12,2023,0,0
HRV.20.25_1,12,2023,0,0
HRV.20.26_1,12,2023,0,0
HRV.20.27_1,12,2023,0,0
HRV.20.28_1,12,2023,0,0
HRV.20.29_1,12,2023,0,0
HRV.20.2_1,12,2023,0,0
HRV.20.31_1,12,2023,0,0
HRV.20.32_1,12,2023,0,0
HRV.20.3_1,12,2023,0,0
HRV.20.4_1,12,2023,0,0
HRV.20.5_1,12,2023,0,0
HRV.20.6_1,12,2023,0,0
HRV.20.9_1,12,2023,0,0
HRV.21.10_1,12,2023,0,0
HRV.21.11_1,12,2023,0,0
HRV.21.12_1,12,2023,0,0
HRV.21.13_1,12,2023,0,0
HRV.21.14_1,12,2023,0,0
HRV.21.15_1,12,2023,0,0
HRV.21.16_1,12,2023,0,0
HRV.21.17_1,12,2023,0,0
HRV.21.18_1,12,2023,0,0
HRV.21.19_1,12,2023,0,0
HRV.21.1_1,12,2023,0,0
HRV.21.20_1,12,2023,0,0
HRV.21.21_1,12,2023,0,0
HRV.21.22_1,12,2023,0,0
HRV.21.23_1,12,2023,0,0
HRV.21.24_1,12,2023,0,0
HRV.21.25_1,12,2023,0,0
HRV.21.26_1,12,2023,0,0
HRV.21.27_1,12,2023,0,0
HRV.21.28_1,12,2023,0,0
HRV.21.2_1,12,2023,0,0
HRV.21.3_1,12,2023,0,0
HRV.21.4_1,12,2023,0,0
HRV.21.5_1,12,2023,0,0
HRV.21.6_1,12,2023,0,0
HRV.21.7_1,12,2023,0,0
HRV.21.8_1,12,2023,0,0
HRV.21.9_1,12,2023,0,0
HRV.3.10_1,12,2023,0,0
HRV.3.12_1,12,2023,0,0
HRV.3.13_1,12,2023,0,0
HRV.3.14_1,12,2023,0,0
HRV.3.15_1,12,2023,0,0
HRV.3.16_1,12,2023,0,0
HRV.3.17_1,12,2023,0,0
HRV.3.18_1,12,2023,0,0
HRV.3.19_1,12,2023,0,0
HRV.3.1_1,12,2023,0,0
HRV.3.20_1,12,2023,0,0
HRV.3.21_1,12,2023,0,0
HRV.3.22_1,12,2023,0,0
HRV.3.2_1,12,2023,0,0
HRV.3.3_1,12,2023,0,0
HRV.3.4_1,12,2023,0,0
HRV.3.5_1,12,2023,0,0
HRV.3.6_1,12,2023,0,0
HRV.3.7_1,12,2023,0,0
HRV.3.9_1,12,2023,0,0
HRV.4.1_1,12,2023,0,0
HRV.4.2_1,12,2023,0,0
HRV.4.3_1,12,2023,0,0
HRV.4.4_1,12,2023,0,0
HRV.4.5_1,12,2023,0,0
HRV.4.6_1,12,2023,0,0
HRV.4.7_1,12,2023,0,0
HRV.5.10_1,12,2023,0,0
HRV.5.11_1,12,2023,0,0
HRV.5.12_1,12,2023,0,0
HRV.5.13_1,12,2023,0,0
HRV.5.14_1,12,2023,0,0
HRV.5.15_1,12,2023,0,0
HRV.5.16_1,12,2023,0,0
HRV.5.17_1,12,2023,0,0
HRV.5.18_1,12,2023,0,0
HRV.5.19_1,12,2023,0,0
HRV.5.1_1,12,2023,0,0
HRV.5.20_1,12,2023,0,0
HRV.5.21_1,12,2023,0,0
HRV.5.22_1,12,2023,0,0
HRV.5.23_1,12,2023,0,0
HRV.5.24_1,12,2023,0,0
HRV.5.25_1,12,2023,0,0
HRV.5.27_1,12,2023,0,0
HRV.5.28_1,12,2023,0,0
HRV.5.29_1,12,2023,0,0
HRV.5.2_1,12,2023,0,0
HRV.5.30_1,12,2023,0,0
HRV.5.31_1,12,2023,0,0
HRV.5.32_1,12,2023,0,0
HRV.5.33_1,12,2023,0,0
HRV.5.34_1,12,2023,0,0
HRV.5.35_1,12,2023,0,0
HRV.5.36_1,12,2023,0,0
HRV.5.37_1,12,2023,0,0
HRV.5.38_1,12,2023,0,0
HRV.5.39_1,12,2023,0,0
HRV.5.3_1,12,2023,0,0
HRV.5.40_1,12,2023,0,0
HRV.5.4_1,12,2023,0,0
HRV.5.5_1,12,2023,0,0
HRV.5.6_1,12,2023,0,0
HRV.5.7_1,12,2023,0,0
HRV.5.8_1,12,2023,0,0
HRV.5.9_1,12,2023,0,0
HRV.6.10_1,12,2023,0,0
HRV.6.11_1,12,2023,0,0
HRV.6.12_1,12,2023,0,0
HRV.6.13_1,12,2023,0,0
HRV.6.14_1,12,2023,0,0
HRV.6.15_1,12,2023,0,0
HRV.6.16_1,12,2023,0,0
HRV.6.17_1,12,2023,0,0
HRV.6.18_1,12,2023,0,0
HRV.6.19_1,12,2023,0,0
HRV.6.1_1,12,2023,0,0
HRV.6.20_1,12,2023,0,0
HRV.6.21_1,12,2023,0,0
HRV.6.2_1,12,2023,0,0
HRV.6.3_1,12,2023,0,0
HRV.6.4_1,12,2023,0,0
HRV.6.5_1,12,2023,0,0
HRV.6.6_1,12,2023,0,0
HRV.6.7_1,12,2023,0,0
HRV.6.8_1,12,2023,0,0
HRV.6.9_1,12,2023,0,0
HRV.7.10_1,12,2023,0,0
HRV.7.11_1,12,2023,0,0
HRV.7.12_1,12,2023,0,0
HRV.7.13_1,12,2023,0,0
HRV.7.14_1,12,2023,0,0
HRV.7.15_1,12,2023,0,0
HRV.7.16_1,12,2023,0,0
HRV.7.17_1,12,2023,0,0
HRV.7.18_1,12,2023,0,0
HRV.7.19_1,12,2023,0,0
HRV.7.1_1,12,2023,0,0
HRV.7.20_1,12,2023,0,0
HRV.7.21_1,12,2023,0,0
HRV.7.22_1,12,2023,0,0
HRV.7.23_1,12,2023,0,0
HRV.7.24_1,12,2023,0,0
HRV.7.25_1,12,2023,0,0
HRV.7.2_1,12,2023,0,0
HRV.7.3_1,12,2023,0,0
HRV.7.4_1,12,2023,0,0
HRV.7.5_1,12,2023,0,0
HRV.7.6_1,12,2023,0,0
HRV.7.7_1,12,2023,0,0
HRV.7.8_1,12,2023,0,0
HRV.7.9_1,12,2023,0,0
HRV.8.10_1,12,2023,0,0
HRV.8.11_1,12,2023,0,0
HRV.8.12_1,12,2023,0,0
HRV.8.13_1,12,2023,0,0
HRV.8.14_1,12,2023,0,0
HRV.8.15_1,12,2023,0,0
HRV.8.16_1,12,2023,0,0
HRV.8.17_1,12,2023,0,0
HRV.8.18_1,12,2023,0,0
HRV.8.19_1,12,2023,0,0
HRV.8.1_1,12,2023,0,0
HRV.8.20_1,12,2023,0,0
HRV.8.21_1,12,2023,0,0
HRV.8.22_1,12,2023,0,0
HRV.8.23_1,12,2023,0,0
HRV.8.24_1,12,2023,0,0
HRV.8.25_1,12,2023,0,0
HRV.8.26_1,12,2023,0,0
HRV.8.27_1,12,2023,0,0
HRV.8.28_1,12,2023,0,0
HRV.8.29_1,12,2023,0,0
HRV.8.2_1,12,2023,0,0
HRV.8.30_1,12,2023,0,0
HRV.8.31_1,12,2023,0,0
HRV.8.32_1,12,2023,0,0
HRV.8.3_1,12,2023,0,0
HRV.8.4_1,12,2023,0,0
HRV.8.5_1,12,2023,0,0
HRV.8.6_1,12,2023,0,0
HRV.8.7_1,12,2023,0,0
HRV.8.8_1,12,2023,0,0
HRV.8.9_1,12,2023,0,0
HRV.9.10_1,12,2023,0,0
HRV.9.11_1,12,2023,0,0
HRV.9.12_1,12,2023,0,0
HRV.9.1_1,12,2023,0,0
HRV.9.2_1,12,2023,0,0
HRV.9.3_1,12,2023,0,0
HRV.9.4_1,12,2023,0,0
HRV.9.5_1,12,2023,0,0
HRV.9.6_1,12,2023,0,0
HRV.9.7_1,12,2023,0,0
HRV.9.8_1,12,2023,0,0
HRV.9.9_1,12,2023,0,0
HUN.1.10_1,12,2023,0,0
HUN.1.1_1,12,2023,0,0
HUN.1.2_1,12,2023,0,0
HUN.1.3_1,12,2023,0,0
HUN.1.4_1,12,2023,0,0
HUN.1.5_1,12,2023,0,0
HUN.1.6_1,12,2023,0,0
HUN.1.7_1,12,2023,0,0
HUN.1.8_1,12,2023,0,0
HUN.1.9_1,12,2023,0,0
HUN.11.3_1,12,2023,0,0
HUN.12.2_1,12,2023,0,0
HUN.12.3_1,12,2023,0,0
HUN.12.4_1,12,2023,0,0
HUN.12.6_1,12,2023,0,0
HUN.13.1_1,12,2023,0,0
HUN.13.5_1,12,2023,0,0
HUN.13.6_1,12,2023,0,0
HUN.14.11_1,12,2023,0,0
HUN.14.13_1,12,2023,0,0
HUN.14.2_1,12,2023,0,0
HUN.14.3_1,12,2023,0,0
HUN.14.7_1,12,2023,0,0
HUN.15.10_1,12,2023,0,0
HUN.15.1_1,12,2023,0,0
HUN.15.2_1,12,2023,0,0
HUN.15.3_1,12,2023,0,0
HUN.15.4_1,12,2023,0,0
HUN.15.5_1,12,2023,0,0
HUN.15.6_1,12,2023,0,0
HUN.15.7_1,12,2023,0,0
HUN.15.8_1,12,2023,0,0
HUN.15.9_1,12,2023,0,0
HUN.16.5_1,12,2023,0,0
HUN.16.8_1,12,2023,0,0
HUN.17.1_1,12,2023,0,0
HUN.17.2_1,12,2023,0,0
HUN.17.3_1,12,2023,0,0
HUN.17.4_1,12,2023,0,0
HUN.17.5_1,12,2023,0,0
HUN.18.1_1,12,2023,0,0
HUN.18.2_1,12,2023,0,0
HUN.18.3_1,12,2023,0,0
HUN.18.4_1,12,2023,0,0
HUN.18.5_1,12,2023,0,0
HUN.18.6_1,12,2023,0,0
HUN.18.7_1,12,2023,0,0
HUN.18.8_1,12,2023,0,0
HUN.18.9_1,12,2023,0,0
HUN.19.1_1,12,2023,0,0
HUN.19.2_1,12,2023,0,0
HUN.19.3_1,12,2023,0,0
HUN.19.4_1,12,2023,0,0
HUN.19.5_1,12,2023,0,0
HUN.19.6_1,12,2023,0,0
HUN.2.1_1,12,2023,0,0
HUN.2.2_1,12,2023,0,0
HUN.2.3_1,12,2023,0,0
HUN.2.4_1,12,2023,0,0
HUN.2.5_1,12,2023,0,0
HUN.2.6_1,12,2023,0,0
HUN.2.7_1,12,2023,0,0
HUN.2.8_1,12,2023,0,0
HUN.2.9_1,12,2023,0,0
HUN.20.1_1,12,2023,0,0
HUN.20.2_1,12,2023,0,0
HUN.20.3_1,12,2023,0,0
HUN.20.4_1,12,2023,0,0
HUN.20.5_1,12,2023,0,0
HUN.20.6_1,12,2023,0,0
HUN.3.3_1,12,2023,0,0
HUN.3.6_1,12,2023,0,0
HUN.4.11_1,12,2023,0,0
HUN.4.1_1,12,2023,0,0
HUN.4.2_1,12,2023,0,0
HUN.4.3_1,12,2023,0,0
HUN.4.4_1,12,2023,0,0
HUN.4.5_1,12,2023,0,0
HUN.4.9_1,12,2023,0,0
HUN.6.1_1,12,2023,0,0
HUN.6.3_1,12,2023,0,0
HUN.6.5_1,12,2023,0,0
HUN.6.6_1,12,2023,0,0
HUN.7.4_1,12,2023,0,0
HUN.7.5_1,12,2023,0,0
HUN.7.9_1,12,2023,0,0
HUN.8.1_1,12,2023,0,0
HUN.8.2_1,12,2023,0,0
HUN.8.3_1,12,2023,0,0
HUN.8.4_1,12,2023,0,0
HUN.8.5_1,12,2023,0,0
HUN.8.6_1,12,2023,0,0
HUN.8.7_1,12,2023,0,0
HUN.9.2_1,12,2023,0,0
HUN.9.4_1,12,2023,0,0
HUN.9.6_1,12,2023,0,0
IMN.10_2,12,2023,0,0
IMN.11_2,12,2023,0,0
IMN.12_2,12,2023,0,0
IMN.13_2,12,2023,0,0
IMN.14_2,12,2023,0,0
IMN.15_2,12,2023,0,0
IMN.16_2,12,2023,0,0
IMN.1_2,12,2023,0,0
IMN.21_2,12,2023,0,0
IMN.2_2,12,2023,0,0
IMN.3_2,12,2023,0,0
IMN.4_2,12,2023,0,0
IMN.5_2,12,2023,0,0
IMN.7_2,12,2023,0,0
IMN.8_2,12,2023,0,0
IMN.9_2,12,2023,0,0
IRL.12.1_1,12,2023,0,0
IRL.12.2_1,12,2023,0,0
IRL.12.3_1,12,2023,0,0
IRL.13.2_1,12,2023,0,0
IRL.13.4_1,12,2023,0,0
IRL.14.1_1,12,2023,0,0
IRL.14.3_1,12,2023,0,0
IRL.15.3_1,12,2023,0,0
IRL.16.1_1,12,2023,0,0
IRL.16.2_1,12,2023,0,0
IRL.16.3_1,12,2023,0,0
IRL.16.4_1,12,2023,0,0
IRL.17.1_1,12,2023,0,0
IRL.17.5_1,12,2023,0,0
IRL.18.1_1,12,2023,0,0
IRL.18.2_1,12,2023,0,0
IRL.18.3_1,12,2023,0,0
IRL.19.1_1,12,2023,0,0
IRL.2.3_1,12,2023,0,0
IRL.20.1_1,12,2023,0,0
IRL.20.2_1,12,2023,0,0
IRL.20.3_1,12,2023,0,0
IRL.21.1_1,12,2023,0,0
IRL.22.3_1,12,2023,0,0
IRL.22.5_1,12,2023,0,0
IRL.23.2_1,12,2023,0,0
IRL.24.1_1,12,2023,0,0
IRL.26.2_1,12,2023,0,0
IRL.26.3_1,12,2023,0,0
IRL.3.2_1,12,2023,0,0
IRL.3.4_1,12,2023,0,0
IRL.4.1_1,12,2023,0,0
IRL.4.2_1,12,2023,0,0
IRL.4.3_1,12,2023,0,0
IRL.4.4_1,12,2023,0,0
IRL.4.5_1,12,2023,0,0
IRL.4.6_1,12,2023,0,0
IRL.4.7_1,12,2023,0,0
IRL.4.8_1,12,2023,0,0
IRL.4.9_1,12,2023,0,0
IRL.5.1_1,12,2023,0,0
IRL.5.3_1,12,2023,0,0
IRL.5.5_1,12,2023,0,0
IRL.6.1_1,12,2023,0,0
IRL.6.2_1,12,2023,0,0
IRL.6.3_1,12,2023,0,0
IRL.6.4_1,12,2023,0,0
IRL.7.1_1,12,2023,0,0
IRL.7.2_1,12,2023,0,0
IRL.7.3_1,12,2023,0,0
IRL.7.4_1,12,2023,0,0
IRL.7.5_1,12,2023,0,0
IRL.7.6_1,12,2023,0,0
IRL.8.1_1,12,2023,0,0
IRL.8.2_1,12,2023,0,0
IRL.8.3_1,12,2023,0,0
IRL.8.4_1,12,2023,0,0
IRL.8.5_1,12,2023,0,0
IRL.9.2_1,12,2023,0,0
IRL.9.5_1,12,2023,0,0
ITA.1.1_1,12,2023,0,0
ITA.1.2_1,12,2023,0,0
ITA.1.3_1,12,2023,0,0
ITA.1.4_1,12,2023,0,0
ITA.10.10_1,12,2023,0,0
ITA.10.11_1,12,2023,0,0
ITA.10.12_1,12,2023,0,0
ITA.10.1_1,12,2023,0,0
ITA.10.2_1,12,2023,0,0
ITA.10.3_1,12,2023,0,0
ITA.10.4_1,12,2023,0,0
ITA.10.5_1,12,2023,0,0
ITA.10.6_1,12,2023,0,0
ITA.10.7_1,12,2023,0,0
ITA.10.8_1,12,2023,0,0
ITA.10.9_1,12,2023,0,0
ITA.11.1_1,12,2023,0,0
ITA.11.2_1,12,2023,0,0
ITA.11.3_1,12,2023,0,0
ITA.11.4_1,12,2023,0,0
ITA.11.5_1,12,2023,0,0
ITA.12.1_1,12,2023,0,0
ITA.12.2_1,12,2023,0,0
ITA.13.1_1,12,2023,0,0
ITA.13.2_1,12,2023,0,0
ITA.13.3_1,12,2023,0,0
ITA.13.4_1,12,2023,0,0
ITA.13.5_1,12,2023,0,0
ITA.13.6_1,12,2023,0,0
ITA.13.7_1,12,2023,0,0
ITA.13.8_1,12,2023,0,0
ITA.14.1_1,12,2023,0,0
ITA.14.2_1,12,2023,0,0
ITA.14.3_1,12,2023,0,0
ITA.14.4_1,12,2023,0,0
ITA.14.5_1,12,2023,0,0
ITA.14.6_1,12,2023,0,0
ITA.14.7_1,12,2023,0,0
ITA.14.8_1,12,2023,0,0
ITA.15.1_1,12,2023,0,0
ITA.15.2_1,12,2023,0,0
ITA.15.3_1,12,2023,0,0
ITA.15.4_1,12,2023,0,0
ITA.15.5_1,12,2023,0,0
ITA.15.6_1,12,2023,0,0
ITA.15.7_1,12,2023,0,0
ITA.15.8_1,12,2023,0,0
ITA.15.9_1,12,2023,0,0
ITA.16.10_1,12,2023,0,0
ITA.16.1_1,12,2023,0,0
ITA.16.2_1,12,2023,0,0
ITA.16.3_1,12,2023,0,0
ITA.16.4_1,12,2023,0,0
ITA.16.5_1,12,2023,0,0
ITA.16.6_1,12,2023,0,0
ITA.16.7_1,12,2023,0,0
ITA.16.8_1,12,2023,0,0
ITA.16.9_1,12,2023,0,0
ITA.17.1_1,12,2023,0,0
ITA.17.2_1,12,2023,0,0
ITA.18.1_1,12,2023,0,0
ITA.18.2_1,12,2023,0,0
ITA.19.1_1,12,2023,0,0
ITA.2.1_1,12,2023,0,0
ITA.2.2_1,12,2023,0,0
ITA.2.3_1,12,2023,0,0
ITA.2.4_1,12,2023,0,0
ITA.2.5_1,12,2023,0,0
ITA.2.6_1,12,2023,0,0
ITA.20.1_1,12,2023,0,0
ITA.20.2_1,12,2023,0,0
ITA.20.3_1,12,2023,0,0
ITA.20.4_1,12,2023,0,0
ITA.20.5_1,12,2023,0,0
ITA.20.6_1,12,2023,0,0
ITA.20.7_1,12,2023,0,0
ITA.3.1_1,12,2023,0,0
ITA.3.2_1,12,2023,0,0
ITA.4.1_1,12,2023,0,0
ITA.4.2_1,12,2023,0,0
ITA.4.3_1,12,2023,0,0
ITA.4.4_1,12,2023,0,0
ITA.4.5_1,12,2023,0,0
ITA.5.1_1,12,2023,0,0
ITA.5.2_1,12,2023,0,0
ITA.5.3_1,12,2023,0,0
ITA.5.4_1,12,2023,0,0
ITA.5.5_1,12,2023,0,0
ITA.6.1_1,12,2023,0,0
ITA.6.2_1,12,2023,0,0
ITA.6.3_1,12,2023,0,0
ITA.6.4_1,12,2023,0,0
ITA.6.5_1,12,2023,0,0
ITA.6.6_1,12,2023,0,0
ITA.6.7_1,12,2023,0,0
ITA.6.8_1,12,2023,0,0
ITA.6.9_1,12,2023,0,0
ITA.7.1_1,12,2023,0,0
ITA.7.2_1,12,2023,0,0
ITA.7.3_1,12,2023,0,0
ITA.7.4_1,12,2023,0,0
ITA.8.1_1,12,2023,0,0
ITA.8.2_1,12,2023,0,0
ITA.8.3_1,12,2023,0,0
ITA.8.4_1,12,2023,0,0
ITA.8.5_1,12,2023,0,0
ITA.9.1_1,12,2023,0,0
ITA.9.2_1,12,2023,0,0
ITA.9.3_1,12,2023,0,0
ITA.9.4_1,12,2023,0,0
JEY.10_1,12,2023,0,0
JEY.12_1,12,2023,0,0
JEY.9_1,12,2023,0,0
LIE.10_1,12,2023,0,0
LIE.7_1,12,2023,0,0
LIE.9_1,12,2023,0,0
LUX.1.1_1,12,2023,0,0
LUX.1.2_1,12,2023,0,0
LUX.1.3_1,12,2023,0,0
LUX.1.4_1,12,2023,0,0
LUX.1.5_1,12,2023,0,0
LUX.2.1_1,12,2023,0,0
LUX.2.2_1,12,2023,0,0
LUX.2.3_1,12,2023,0,0
LUX.3.1_1,12,2023,0,0
LUX.3.2_1,12,2023,0,0
LUX.3.3_1,12,2023,0,0
LUX.3.4_1,12,2023,0,0
MDA.10_1,12,2023,0,0
MDA.11_1,12,2023,0,0
MDA.12_1,12,2023,0,0
MDA.13_1,12,2023,0,0
MDA.14_1,12,2023,0,0
MDA.15_1,12,2023,0,0
MDA.16_1,12,2023,0,0
MDA.17_1,12,2023,0,0
MDA.18_1,12,2023,0,0
MDA.19_1,12,2023,0,0
MDA.1_1,12,2023,0,0
MDA.20_1,12,2023,0,0
MDA.21_1,12,2023,0,0
MDA.22_1,12,2023,0,0
MDA.23_1,12,2023,0,0
MDA.24_1,12,2023,0,0
MDA.25_1,12,2023,0,0
MDA.26_1,12,2023,0,0
MDA.27_1,12,2023,0,0
MDA.28_1,12,2023,0,0
MDA.29_1,12,2023,0,0
MDA.2_1,12,2023,0,0
MDA.30_1,12,2023,0,0
MDA.31_1,12,2023,0,0
MDA.32_1,12,2023,0,0
MDA.33_1,12,2023,0,0
MDA.34_1,12,2023,0,0
MDA.35_1,12,2023,0,0
MDA.36_1,12,2023,0,0
MDA.37_1,12,2023,0,0
MDA.3_1,12,2023,0,0
MDA.4_1,12,2023,0,0
MDA.5_1,12,2023,0,0
MDA.6_1,12,2023,0,0
MDA.7_1,12,2023,0,0
MDA.8_1,12,2023,0,0
MDA.9_1,12,2023,0,0
MKD.11_1,12,2023,0,0
MKD.13_1,12,2023,0,0
MKD.14_1,12,2023,0,0
MKD.15_1,12,2023,0,0
MKD.16_1,12,2023,0,0
MKD.17_1,12,2023,0,0
MKD.18_1,12,2023,0,0
MKD.19_1,12,2023,0,0
MKD.20_1,12,2023,0,0
MKD.21_1,12,2023,0,0
MKD.23_1,12,2023,0,0
MKD.24_1,12,2023,0,0
MKD.25_1,12,2023,0,0
MKD.26_1,12,2023,0,0
MKD.27_1,12,2023,0,0
MKD.28_1,12,2023,0,0
MKD.29_1,12,2023,0,0
MKD.2_1,12,2023,0,0
MKD.30_1,12,2023,0,0
MKD.31_1,12,2023,0,0
MKD.32_1,12,2023,0,0
MKD.33_1,12,2023,0,0
MKD.35_1,12,2023,0,0
MKD.36_1,12,2023,0,0
MKD.37_1,12,2023,0,0
MKD.38_1,12,2023,0,0
MKD.39_1,12,2023,0,0
MKD.3_1,12,2023,0,0
MKD.40_1,12,2023,0,0
MKD.41_1,12,2023,0,0
MKD.42_1,12,2023,0,0
MKD.43_1,12,2023,0,0
MKD.44_1,12,2023,0,0
MKD.45_1,12,2023,0,0
MKD.46_1,12,2023,0,0
MKD.47_1,12,2023,0,0
MKD.48_1,12,2023,0,0
MKD.49_1,12,2023,0,0
MKD.4_1,12,2023,0,0
MKD.50_1,12,2023,0,0
MKD.51_1,12,2023,0,0
MKD.52_1,12,2023,0,0
MKD.54_1,12,2023,0,0
MKD.55_1,12,2023,0,0
MKD.56_1,12,2023,0,0
MKD.57_1,12,2023,0,0
MKD.58_1,12,2023,0,0
MKD.59_1,12,2023,0,0
MKD.5_1,12,2023,0,0
MKD.60_1,12,2023,0,0
MKD.61_1,12,2023,0,0
MKD.62_1,12,2023,0,0
MKD.63_1,12,2023,0,0
MKD.64_1,12,2023,0,0
MKD.65_1,12,2023,0,0
MKD.66_1,12,2023,0,0
MKD.67_1,12,2023,0,0
MKD.68_1,12,2023,0,0
MKD.69_1,12,2023,0,0
MKD.6_1,12,2023,0,0
MKD.70_1,12,2023,0,0
MKD.72_1,12,2023,0,0
MKD.73_1,12,2023,0,0
MKD.74_1,12,2023,0,0
MKD.75_1,12,2023,0,0
MKD.76_1,12,2023,0,0
MKD.77_1,12,2023,0,0
MKD.79_1,12,2023,0,0
MKD.7_1,12,2023,0,0
MKD.81_1,12,2023,0,0
MKD.83_1,12,2023,0,0
MKD.84_1,12,2023,0,0
MKD.85_1,12,2023,0,0
MKD.8_1,12,2023,0,0
MKD.9_1,12,2023,0,0
MLT.1_1,12,2023,0,0
MLT.2.10_1,12,2023,0,0
MLT.2.14_1,12,2023,0,0
MLT.2.5_1,12,2023,0,0
MLT.2.6_1,12,2023,0,0
MLT.2.7_1,12,2023,0,0
MLT.2.9_1,12,2023,0,0
MLT.2_1,12,2023,0,0
MLT.3.10_1,12,2023,0,0
MLT.3.11_1,12,2023,0,0
MLT.3.12_1,12,2023,0,0
MLT.3.1_1,12,2023,0,0
MLT.3.3_1,12,2023,0,0
MLT.3.5_1,12,2023,0,0
MLT.3.6_1,12,2023,0,0
MLT.3.9_1,12,2023,0,0
MLT.4.10_1,12,2023,0,0
MLT.4.12_1,12,2023,0,0
MLT.4.2_1,12,2023,0,0
MLT.4.3_1,12,2023,0,0
MLT.4.4_1,12,2023,0,0
MLT.4.5_1,12,2023,0,0
MLT.4.9_1,12,2023,0,0
MLT.4_1,12,2023,0,0
MLT.5.11_1,12,2023,0,0
MLT.5.14_1,12,2023,0,0
MLT.5.4_1,12,2023,0,0
MLT.5.9_1,12,2023,0,0
MLT.5_1,12,2023,0,0
MNE.10_1,12,2023,0,0
MNE.11_1,12,2023,0,0
MNE.12_1,12,2023,0,0
MNE.13_1,12,2023,0,0
MNE.14_1,12,2023,0,0
MNE.15_1,12,2023,0,0
MNE.16_1,12,2023,0,0
MNE.17_1,12,2023,0,0
MNE.18_1,12,2023,0,0
MNE.19_1,12,2023,0,0
MNE.1_1,12,2023,0,0
MNE.20_1,12,2023,0,0
MNE.21_1,12,2023,0,0
MNE.2_1,12,2023,0,0
MNE.3_1,12,2023,0,0
MNE.4_1,12,2023,0,0
MNE.5_1,12,2023,0,0
MNE.6_1,12,2023,0,0
MNE.7_1,12,2023,0,0
MNE.8_1,12,2023,0,0
MNE.9_1,12,2023,0,0
NLD.1.4_1,12,2023,0,0
NLD.1.5_1,12,2023,0,0
NLD.1.6_1,12,2023,0,0
NLD.1.8_1,12,2023,0,0
NLD.10.10_1,12,2023,0,0
NLD.10.11_1,12,2023,0,0
NLD.10.12_1,12,2023,0,0
NLD.10.13_1,12,2023,0,0
NLD.10.14_1,12,2023,0,0
NLD.10.15_1,12,2023,0,0
NLD.10.16_1,12,2023,0,0
NLD.10.17_1,12,2023,0,0
NLD.10.18_1,12,2023,0,0
NLD.10.19_1,12,2023,0,0
NLD.10.1_1,12,2023,0,0
NLD.10.20_1,12,2023,0,0
NLD.10.21_1,12,2023,0,0
NLD.10.22_1,12,2023,0,0
NLD.10.23_1,12,2023,0,0
NLD.10.24_1,12,2023,0,0
NLD.10.25_1,12,2023,0,0
NLD.10.26_1,12,2023,0,0
NLD.10.3_1,12,2023,0,0
NLD.10.4_1,12,2023,0,0
NLD.10.5_2,12,2023,0,0
NLD.10.6_1,12,2023,0,0
NLD.10.7_1,12,2023,0,0
NLD.10.8_1,12,2023,0,0
NLD.10.9_1,12,2023,0,0
NLD.11.13_1,12,2023,0,0
NLD.11.14_1,12,2023,0,0
NLD.11.16_1,12,2023,0,0
NLD.11.18_1,12,2023,0,0
NLD.11.21_1,12,2023,0,0
NLD.11.22_1,12,2023,0,0
NLD.11.23_1,12,2023,0,0
NLD.11.24_1,12,2023,0,0
NLD.11.25_1,12,2023,0,0
NLD.11.26_1,12,2023,0,0
NLD.11.27_1,12,2023,0,0
NLD.11.28_1,12,2023,0,0
NLD.11.30_1,12,2023,0,0
NLD.11.31_1,12,2023,0,0
NLD.11.32_1,12,2023,0,0
NLD.11.33_1,12,2023,0,0
NLD.11.36_1,12,2023,0,0
NLD.11.37_1,12,2023,0,0
NLD.11.3_1,12,2023,0,0
NLD.11.4_1,12,2023,0,0
NLD.11.6_1,12,2023,0,0
NLD.11.7_1,12,2023,0,0
NLD.11.8_1,12,2023,0,0
NLD.12.10_1,12,2023,0,0
NLD.12.12_1,12,2023,0,0
NLD.12.13_1,12,2023,0,0
NLD.12.1_1,12,2023,0,0
NLD.12.2_1,12,2023,0,0
NLD.12.3_1,12,2023,0,0
NLD.12.4_1,12,2023,0,0
NLD.12.5_1,12,2023,0,0
NLD.12.6_1,12,2023,0,0
NLD.12.8_1,12,2023,0,0
NLD.12.9_1,12,2023,0,0
NLD.14.100_1,12,2023,0,0
NLD.14.102_1,12,2023,0,0
NLD.14.26_1,12,2023,0,0
NLD.14.27_1,12,2023,0,0
NLD.14.29_1,12,2023,0,0
NLD.14.2_1,12,2023,0,0
NLD.14.34_2,12,2023,0,0
NLD.14.38_1,12,2023,0,0
NLD.14.39_1,12,2023,0,0
NLD.14.40_1,12,2023,0,0
NLD.14.43_1,12,2023,0,0
NLD.14.4_1,12,2023,0,0
NLD.14.54_2,12,2023,0,0
NLD.14.56_1,12,2023,0,0
NLD.14.60_1,12,2023,0,0
NLD.14.66_1,12,2023,0,0
NLD.14.73_1,12,2023,0,0
NLD.14.7_2,12,2023,0,0
NLD.14.81_1,12,2023,0,0
NLD.14.84_1,12,2023,0,0
NLD.14.90_1,12,2023,0,0
NLD.14.93_1,12,2023,0,0
NLD.2.2_1,12,2023,0,0
NLD.2.4_1,12,2023,0,0
NLD.2.5_1,12,2023,0,0
NLD.2.6_1,12,2023,0,0
NLD.3.10_1,12,2023,0,0
NLD.3.11_2,12,2023,0,0
NLD.3.14_2,12,2023,0,0
NLD.3.1_1,12,2023,0,0
NLD.3.24_1,12,2023,0,0
NLD.3.26_1,12,2023,0,0
NLD.3.27_1,12,2023,0,0
NLD.3.29_1,12,2023,0,0
NLD.3.2_1,12,2023,0,0
NLD.3.32_1,12,2023,0,0
NLD.3.33_1,12,2023,0,0
NLD.3.34_1,12,2023,0,0
NLD.3.35_1,12,2023,0,0
NLD.3.5_1,12,2023,0,0
NLD.4.10_1,12,2023,0,0
NLD.4.11_1,12,2023,0,0
NLD.4.15_2,12,2023,0,0
NLD.4.18_1,12,2023,0,0
NLD.4.20_1,12,2023,0,0
NLD.4.21_1,12,2023,0,0
NLD.4.22_1,12,2023,0,0
NLD.4.28_1,12,2023,0,0
NLD.4.29_1,12,2023,0,0
NLD.4.30_1,12,2023,0,0
NLD.4.38_2,12,2023,0,0
NLD.4.39_1,12,2023,0,0
NLD.4.3_1,12,2023,0,0
NLD.4.43_1,12,2023,0,0
NLD.4.45_1,12,2023,0,0
NLD.4.46_1,12,2023,0,0
NLD.4.48_1,12,2023,0,0
NLD.4.54_1,12,2023,0,0
NLD.4.56_1,12,2023,0,0
NLD.4.58_1,12,2023,0,0
NLD.4.5_1,12,2023,0,0
NLD.4.66_1,12,2023,0,0
NLD.4.68_1,12,2023,0,0
NLD.4.71_2,12,2023,0,0
NLD.4.72_1,12,2023,0,0
NLD.4.74_1,12,2023,0,0
NLD.4.77_1,12,2023,0,0
NLD.4.78_1,12,2023,0,0
NLD.4.79_1,12,2023,0,0
NLD.4.9_1,12,2023,0,0
NLD.5.15_1,12,2023,0,0
NLD.5.19_1,12,2023,0,0
NLD.5.21_1,12,2023,0,0
NLD.5.26_1,12,2023,0,0
NLD.5.27_1,12,2023,0,0
NLD.5.28_1,12,2023,0,0
NLD.5.29_1,12,2023,0,0
NLD.5.31_1,12,2023,0,0
NLD.7.10_1,12,2023,0,0
NLD.7.13_1,12,2023,0,0
NLD.7.16_2,12,2023,0,0
NLD.7.18_1,12,2023,0,0
NLD.7.20_1,12,2023,0,0
NLD.7.23_1,12,2023,0,0
NLD.7.26_1,12,2023,0,0
NLD.7.29_1,12,2023,0,0
NLD.7.32_2,12,2023,0,0
NLD.7.33_2,12,2023,0,0
NLD.7.37_1,12,2023,0,0
NLD.7.38_1,12,2023,0,0
NLD.7.39_1,12,2023,0,0
NLD.7.3_1,12,2023,0,0
NLD.7.42_1,12,2023,0,0
NLD.7.43_1,12,2023,0,0
NLD.7.44_2,12,2023,0,0
NLD.7.45_1,12,2023,0,0
NLD.7.46_1,12,2023,0,0
NLD.7.47_1,12,2023,0,0
NLD.7.48_1,12,2023,0,0
NLD.7.49_1,12,2023,0,0
NLD.7.4_1,12,2023,0,0
NLD.7.50_1,12,2023,0,0
NLD.7.51_1,12,2023,0,0
NLD.7.52_1,12,2023,0,0
NLD.7.5_1,12,2023,0,0
NLD.7.6_1,12,2023,0,0
NLD.7.7_1,12,2023,0,0
NLD.7.9_1,12,2023,0,0
NLD.8.10_1,12,2023,0,0
NLD.8.11_1,12,2023,0,0
NLD.8.12_1,12,2023,0,0
NLD.8.13_1,12,2023,0,0
NLD.8.15_1,12,2023,0,0
NLD.8.17_1,12,2023,0,0
NLD.8.18_1,12,2023,0,0
NLD.8.1_1,12,2023,0,0
NLD.8.20_1,12,2023,0,0
NLD.8.21_1,12,2023,0,0
NLD.8.25_1,12,2023,0,0
NLD.8.26_1,12,2023,0,0
NLD.8.27_1,12,2023,0,0
NLD.8.28_1,12,2023,0,0
NLD.8.31_1,12,2023,0,0
NLD.8.32_1,12,2023,0,0
NLD.8.33_1,12,2023,0,0
NLD.8.34_1,12,2023,0,0
NLD.8.35_1,12,2023,0,0
NLD.8.36_1,12,2023,0,0
NLD.8.38_1,12,2023,0,0
NLD.8.41_1,12,2023,0,0
NLD.8.43_1,12,2023,0,0
NLD.8.44_1,12,2023,0,0
NLD.8.45_1,12,2023,0,0
NLD.8.48_1,12,2023,0,0
NLD.8.4_1,12,2023,0,0
NLD.8.52_1,12,2023,0,0
NLD.8.54_1,12,2023,0,0
NLD.8.55_1,12,2023,0,0
NLD.8.56_1,12,2023,0,0
NLD.8.58_1,12,2023,0,0
NLD.8.59_1,12,2023,0,0
NLD.8.5_1,12,2023,0,0
NLD.8.60_1,12,2023,0,0
NLD.8.62_1,12,2023,0,0
NLD.8.63_2,12,2023,0,0
NLD.8.64_1,12,2023,0,0
NLD.8.65_1,12,2023,0,0
NLD.8.6_1,12,2023,0,0
NLD.8.71_1,12,2023,0,0
NLD.8.72_1,12,2023,0,0
NLD.8.8_1,12,2023,0,0
NLD.8.9_1,12,2023,0,0
POL.1.12_1,12,2023,0,0
POL.1.14_1,12,2023,0,0
POL.1.23_1,12,2023,0,0
POL.1.28_1,12,2023,0,0
POL.1.7_1,12,2023,0,0
POL.1.8_1,12,2023,0,0
POL.1.9_1,12,2023,0,0
POL.10.10_1,12,2023,0,0
POL.10.11_1,12,2023,0,0
POL.10.13_1,12,2023,0,0
POL.10.14_1,12,2023,0,0
POL.10.15_1,12,2023,0,0
POL.10.16_1,12,2023,0,0
POL.10.1_1,12,2023,0,0
POL.10.2_1,12,2023,0,0
POL.10.3_1,12,2023,0,0
POL.10.4_1,12,2023,0,0
POL.10.5_1,12,2023,0,0
POL.10.6_1,12,2023,0,0
POL.10.7_1,12,2023,0,0
POL.10.9_1,12,2023,0,0
POL.11.10_1,12,2023,0,0
POL.11.11_1,12,2023,0,0
POL.11.12_1,12,2023,0,0
POL.11.13_1,12,2023,0,0
POL.11.16_1,12,2023,0,0
POL.11.17_1,12,2023,0,0
POL.11.18_1,12,2023,0,0
POL.11.19_1,12,2023,0,0
POL.11.1_1,12,2023,0,0
POL.11.20_1,12,2023,0,0
POL.11.2_1,12,2023,0,0
POL.11.3_1,12,2023,0,0
POL.11.4_1,12,2023,0,0
POL.11.5_1,12,2023,0,0
POL.11.6_1,12,2023,0,0
POL.11.7_1,12,2023,0,0
POL.11.8_1,12,2023,0,0
POL.11.9_1,12,2023,0,0
POL.12.36_1,12,2023,0,0
POL.14.10_1,12,2023,0,0
POL.14.11_1,12,2023,0,0
POL.14.12_1,12,2023,0,0
POL.14.13_1,12,2023,0,0
POL.14.14_1,12,2023,0,0
POL.14.15_1,12,2023,0,0
POL.14.16_1,12,2023,0,0
POL.14.17_1,12,2023,0,0
POL.14.18_1,12,2023,0,0
POL.14.19_1,12,2023,0,0
POL.14.1_1,12,2023,0,0
POL.14.20_1,12,2023,0,0
POL.14.21_1,12,2023,0,0
POL.14.2_1,12,2023,0,0
POL.14.3_1,12,2023,0,0
POL.14.5_1,12,2023,0,0
POL.14.6_1,12,2023,0,0
POL.14.7_1,12,2023,0,0
POL.14.8_1,12,2023,0,0
POL.14.9_1,12,2023,0,0
POL.15.10_1,12,2023,0,0
POL.15.12_1,12,2023,0,0
POL.15.17_1,12,2023,0,0
POL.15.18_1,12,2023,0,0
POL.15.22_1,12,2023,0,0
POL.15.27_1,12,2023,0,0
POL.15.2_1,12,2023,0,0
POL.15.32_1,12,2023,0,0
POL.15.35_1,12,2023,0,0
POL.15.3_1,12,2023,0,0
POL.16.12_1,12,2023,0,0
POL.16.13_1,12,2023,0,0
POL.16.18_1,12,2023,0,0
POL.16.21_1,12,2023,0,0
POL.16.22_1,12,2023,0,0
POL.16.2_1,12,2023,0,0
POL.16.6_1,12,2023,0,0
POL.2.10_1,12,2023,0,0
POL.2.11_1,12,2023,0,0
POL.2.12_1,12,2023,0,0
POL.2.13_1,12,2023,0,0
POL.2.14_1,12,2023,0,0
POL.2.15_1,12,2023,0,0
POL.2.16_1,12,2023,0,0
POL.2.18_1,12,2023,0,0
POL.2.19_1,12,2023,0,0
POL.2.1_1,12,2023,0,0
POL.2.20_1,12,2023,0,0
POL.2.21_1,12,2023,0,0
POL.2.22_1,12,2023,0,0
POL.2.23_1,12,2023,0,0
POL.2.2_1,12,2023,0,0
POL.2.4_1,12,2023,0,0
POL.2.5_1,12,2023,0,0
POL.2.6_1,12,2023,0,0
POL.2.7_1,12,2023,0,0
POL.2.8_1,12,2023,0,0
POL.2.9_1,12,2023,0,0
POL.3.16_1,12,2023,0,0
POL.3.19_1,12,2023,0,0
POL.3.20_1,12,2023,0,0
POL.3.3_1,12,2023,0,0
POL.3.8_1,12,2023,0,0
POL.4.22_1,12,2023,0,0
POL.4.2_1,12,2023,0,0
POL.5.12_1,12,2023,0,0
POL.5.1_1,12,2023,0,0
POL.5.2_1,12,2023,0,0
POL.5.3_1,12,2023,0,0
POL.5.4_1,12,2023,0,0
POL.5.6_1,12,2023,0,0
POL.5.7_1,12,2023,0,0
POL.5.8_1,12,2023,0,0
POL.5.9_1,12,2023,0,0
POL.6.12_1,12,2023,0,0
POL.6.13_1,12,2023,0,0
POL.6.17_1,12,2023,0,0
POL.6.20_1,12,2023,0,0
POL.6.5_1,12,2023,0,0
POL.7.12_1,12,2023,0,0
POL.7.13_1,12,2023,0,0
POL.7.14_1,12,2023,0,0
POL.7.16_1,12,2023,0,0
POL.7.18_1,12,2023,0,0
POL.7.19_1,12,2023,0,0
POL.7.1_1,12,2023,0,0
POL.7.21_1,12,2023,0,0
POL.7.22_1,12,2023,0,0
POL.7.23_1,12,2023,0,0
POL.7.24_1,12,2023,0,0
POL.7.25_1,12,2023,0,0
POL.7.26_1,12,2023,0,0
POL.7.30_1,12,2023,0,0
POL.7.31_1,12,2023,0,0
POL.7.32_1,12,2023,0,0
POL.7.35_1,12,2023,0,0
POL.7.36_1,12,2023,0,0
POL.7.37_1,12,2023,0,0
POL.7.38_1,12,2023,0,0
POL.7.39_1,12,2023,0,0
POL.7.3_1,12,2023,0,0
POL.7.40_1,12,2023,0,0
POL.7.42_1,12,2023,0,0
POL.7.4_1,12,2023,0,0
POL.7.5_1,12,2023,0,0
POL.7.6_1,12,2023,0,0
POL.7.7_1,12,2023,0,0
POL.7.8_1,12,2023,0,0
POL.8.7_1,12,2023,0,0
POL.9.10_1,12,2023,0,0
POL.9.1_1,12,2023,0,0
POL.9.21_1,12,2023,0,0
POL.9.5_1,12,2023,0,0
POL.9.8_1,12,2023,0,0
PRT.1.10_1,12,2023,0,0
PRT.1.11_1,12,2023,0,0
PRT.1.12_1,12,2023,0,0
PRT.1.13_1,12,2023,0,0
PRT.1.14_1,12,2023,0,0
PRT.1.15_1,12,2023,0,0
PRT.1.16_1,12,2023,0,0
PRT.1.17_1,12,2023,0,0
PRT.1.18_1,12,2023,0,0
PRT.1.19_1,12,2023,0,0
PRT.1.1_1,12,2023,0,0
PRT.1.2_1,12,2023,0,0
PRT.1.3_1,12,2023,0,0
PRT.1.4_1,12,2023,0,0
PRT.1.5_1,12,2023,0,0
PRT.1.6_1,12,2023,0,0
PRT.1.7_1,12,2023,0,0
PRT.1.8_1,12,2023,0,0
PRT.1.9_1,12,2023,0,0
PRT.10.10_1,12,2023,0,0
PRT.10.11_1,12,2023,0,0
PRT.10.12_1,12,2023,0,0
PRT.10.13_1,12,2023,0,0
PRT.10.14_1,12,2023,0,0
PRT.10.1_1,12,2023,0,0
PRT.10.2_1,12,2023,0,0
PRT.10.3_1,12,2023,0,0
PRT.10.4_1,12,2023,0,0
PRT.10.5_1,12,2023,0,0
PRT.10.6_1,12,2023,0,0
PRT.10.7_1,12,2023,0,0
PRT.10.8_1,12,2023,0,0
PRT.10.9_1,12,2023,0,0
PRT.11.10_1,12,2023,0,0
PRT.11.11_1,12,2023,0,0
PRT.11.12_1,12,2023,0,0
PRT.11.13_1,12,2023,0,0
PRT.11.14_1,12,2023,0,0
PRT.11.15_1,12,2023,0,0
PRT.11.16_1,12,2023,0,0
PRT.11.1_1,12,2023,0,0
PRT.11.2_1,12,2023,0,0
PRT.11.3_1,12,2023,0,0
PRT.11.4_1,12,2023,0,0
PRT.11.5_1,12,2023,0,0
PRT.11.6_1,12,2023,0,0
PRT.11.7_1,12,2023,0,0
PRT.11.8_1,12,2023,0,0
PRT.11.9_1,12,2023,0,0
PRT.12.10_1,12,2023,0,0
PRT.12.11_1,12,2023,0,0
PRT.12.12_1,12,2023,0,0
PRT.12.13_1,12,2023,0,0
PRT.12.14_1,12,2023,0,0
PRT.12.15_1,12,2023,0,0
PRT.12.16_1,12,2023,0,0
PRT.12.1_1,12,2023,0,0
PRT.12.2_1,12,2023,0,0
PRT.12.3_1,12,2023,0,0
PRT.12.4_1,12,2023,0,0
PRT.12.5_1,12,2023,0,0
PRT.12.6_1,12,2023,0,0
PRT.12.7_1,12,2023,0,0
PRT.12.8_1,12,2023,0,0
PRT.12.9_1,12,2023,0,0
PRT.14.10_1,12,2023,0,0
PRT.14.11_1,12,2023,0,0
PRT.14.12_1,12,2023,0,0
PRT.14.13_1,12,2023,0,0
PRT.14.14_1,12,2023,0,0
PRT.14.15_1,12,2023,0,0
PRT.14.1_1,12,2023,0,0
PRT.14.2_1,12,2023,0,0
PRT.14.3_1,12,2023,0,0
PRT.14.4_1,12,2023,0,0
PRT.14.5_1,12,2023,0,0
PRT.14.6_1,12,2023,0,0
PRT.14.7_1,12,2023,0,0
PRT.14.8_1,12,2023,0,0
PRT.14.9_1,12,2023,0,0
PRT.15.10_1,12,2023,0,0
PRT.15.11_1,12,2023,0,0
PRT.15.12_1,12,2023,0,0
PRT.15.13_1,12,2023,0,0
PRT.15.14_1,12,2023,0,0
PRT.15.15_1,12,2023,0,0
PRT.15.16_1,12,2023,0,0
PRT.15.17_1,12,2023,0,0
PRT.15.18_1,12,2023,0,0
PRT.15.1_1,12,2023,0,0
PRT.15.2_1,12,2023,0,0
PRT.15.3_1,12,2023,0,0
PRT.15.4_1,12,2023,0,0
PRT.15.5_1,12,2023,0,0
PRT.15.6_1,12,2023,0,0
PRT.15.7_1,12,2023,0,0
PRT.15.8_1,12,2023,0,0
PRT.15.9_1,12,2023,0,0
PRT.16.10_1,12,2023,0,0
PRT.16.11_1,12,2023,0,0
PRT.16.12_1,12,2023,0,0
PRT.16.13_1,12,2023,0,0
PRT.16.14_1,12,2023,0,0
PRT.16.15_1,12,2023,0,0
PRT.16.16_1,12,2023,0,0
PRT.16.17_1,12,2023,0,0
PRT.16.18_1,12,2023,0,0
PRT.16.19_1,12,2023,0,0
PRT.16.1_1,12,2023,0,0
PRT.16.20_1,12,2023,0,0
PRT.16.21_1,12,2023,0,0
PRT.16.2_1,12,2023,0,0
PRT.16.3_1,12,2023,0,0
PRT.16.4_1,12,2023,0,0
PRT.16.5_1,12,2023,0,0
PRT.16.6_1,12,2023,0,0
PRT.16.7_1,12,2023,0,0
PRT.16.8_1,12,2023,0,0
PRT.16.9_1,12,2023,0,0
PRT.17.10_1,12,2023,0,0
PRT.17.11_1,12,2023,0,0
PRT.17.12_1,12,2023,0,0
PRT.17.13_1,12,2023,0,0
PRT.17.1_1,12,2023,0,0
PRT.17.2_1,12,2023,0,0
PRT.17.3_1,12,2023,0,0
PRT.17.4_1,12,2023,0,0
PRT.17.5_1,12,2023,0,0
PRT.17.6_1,12,2023,0,0
PRT.17.7_1,12,2023,0,0
PRT.17.8_1,12,2023,0,0
PRT.17.9_1,12,2023,0,0
PRT.18.10_1,12,2023,0,0
PRT.18.1_1,12,2023,0,0
PRT.18.2_1,12,2023,0,0
PRT.18.3_1,12,2023,0,0
PRT.18.4_1,12,2023,0,0
PRT.18.5_1,12,2023,0,0
PRT.18.6_1,12,2023,0,0
PRT.18.7_1,12,2023,0,0
PRT.18.8_1,12,2023,0,0
PRT.18.9_1,12,2023,0,0
PRT.19.10_1,12,2023,0,0
PRT.19.11_1,12,2023,0,0
PRT.19.12_1,12,2023,0,0
PRT.19.13_1,12,2023,0,0
PRT.19.14_1,12,2023,0,0
PRT.19.1_1,12,2023,0,0
PRT.19.2_1,12,2023,0,0
PRT.19.3_1,12,2023,0,0
PRT.19.4_1,12,2023,0,0
PRT.19.5_1,12,2023,0,0
PRT.19.6_1,12,2023,0,0
PRT.19.7_1,12,2023,0,0
PRT.19.8_1,12,2023,0,0
PRT.19.9_1,12,2023,0,0
PRT.20.10_1,12,2023,0,0
PRT.20.11_1,12,2023,0,0
PRT.20.12_1,12,2023,0,0
PRT.20.13_1,12,2023,0,0
PRT.20.14_1,12,2023,0,0
PRT.20.15_1,12,2023,0,0
PRT.20.16_1,12,2023,0,0
PRT.20.17_1,12,2023,0,0
PRT.20.18_1,12,2023,0,0
PRT.20.19_1,12,2023,0,0
PRT.20.1_1,12,2023,0,0
PRT.20.20_1,12,2023,0,0
PRT.20.21_1,12,2023,0,0
PRT.20.22_1,12,2023,0,0
PRT.20.23_1,12,2023,0,0
PRT.20.24_1,12,2023,0,0
PRT.20.2_1,12,2023,0,0
PRT.20.3_1,12,2023,0,0
PRT.20.4_1,12,2023,0,0
PRT.20.5_1,12,2023,0,0
PRT.20.6_1,12,2023,0,0
PRT.20.7_1,12,2023,0,0
PRT.20.8_1,12,2023,0,0
PRT.20.9_1,12,2023,0,0
PRT.3.10_1,12,2023,0,0
PRT.3.11_1,12,2023,0,0
PRT.3.12_1,12,2023,0,0
PRT.3.13_1,12,2023,0,0
PRT.3.14_1,12,2023,0,0
PRT.3.1_1,12,2023,0,0
PRT.3.2_1,12,2023,0,0
PRT.3.3_1,12,2023,0,0
PRT.3.4_1,12,2023,0,0
PRT.3.5_1,12,2023,0,0
PRT.3.6_1,12,2023,0,0
PRT.3.7_1,12,2023,0,0
PRT.3.8_1,12,2023,0,0
PRT.3.9_1,12,2023,0,0
PRT.4.10_1,12,2023,0,0
PRT.4.11_1,12,2023,0,0
PRT.4.12_1,12,2023,0,0
PRT.4.13_1,12,2023,0,0
PRT.4.14_1,12,2023,0,0
PRT.4.1_1,12,2023,0,0
PRT.4.2_1,12,2023,0,0
PRT.4.3_1,12,2023,0,0
PRT.4.4_1,12,2023,0,0
PRT.4.5_1,12,2023,0,0
PRT.4.6_1,12,2023,0,0
PRT.4.7_1,12,2023,0,0
PRT.4.8_1,12,2023,0,0
PRT.4.9_1,12,2023,0,0
PRT.5.10_1,12,2023,0,0
PRT.5.11_1,12,2023,0,0
PRT.5.12_1,12,2023,0,0
PRT.5.1_1,12,2023,0,0
PRT.5.2_1,12,2023,0,0
PRT.5.3_1,12,2023,0,0
PRT.5.4_1,12,2023,0,0
PRT.5.5_1,12,2023,0,0
PRT.5.6_1,12,2023,0,0
PRT.5.7_1,12,2023,0,0
PRT.5.8_1,12,2023,0,0
PRT.5.9_1,12,2023,0,0
PRT.6.10_1,12,2023,0,0
PRT.6.11_1,12,2023,0,0
PRT.6.1_1,12,2023,0,0
PRT.6.2_1,12,2023,0,0
PRT.6.3_1,12,2023,0,0
PRT.6.4_1,12,2023,0,0
PRT.6.5_1,12,2023,0,0
PRT.6.6_1,12,2023,0,0
PRT.6.7_1,12,2023,0,0
PRT.6.8_1,12,2023,0,0
PRT.6.9_1,12,2023,0,0
PRT.7.10_1,12,2023,0,0
PRT.7.11_1,12,2023,0,0
PRT.7.12_1,12,2023,0,0
PRT.7.13_1,12,2023,0,0
PRT.7.14_1,12,2023,0,0
PRT.7.15_1,12,2023,0,0
PRT.7.16_1,12,2023,0,0
PRT.7.17_1,12,2023,0,0
PRT.7.1_1,12,2023,0,0
PRT.7.2_1,12,2023,0,0
PRT.7.3_1,12,2023,0,0
PRT.7.4_1,12,2023,0,0
PRT.7.5_1,12,2023,0,0
PRT.7.6_1,12,2023,0,0
PRT.7.7_1,12,2023,0,0
PRT.7.8_1,12,2023,0,0
PRT.7.9_1,12,2023,0,0
PRT.8.10_1,12,2023,0,0
PRT.8.11_1,12,2023,0,0
PRT.8.12_1,12,2023,0,0
PRT.8.13_1,12,2023,0,0
PRT.8.14_1,12,2023,0,0
PRT.8.1_1,12,2023,0,0
PRT.8.2_1,12,2023,0,0
PRT.8.3_1,12,2023,0,0
PRT.8.4_1,12,2023,0,0
PRT.8.5_1,12,2023,0,0
PRT.8.6_1,12,2023,0,0
PRT.8.7_1,12,2023,0,0
PRT.8.8_1,12,2023,0,0
PRT.8.9_1,12,2023,0,0
PRT.9.10_1,12,2023,0,0
PRT.9.11_1,12,2023,0,0
PRT.9.12_1,12,2023,0,0
PRT.9.13_1,12,2023,0,0
PRT.9.14_1,12,2023,0,0
PRT.9.15_1,12,2023,0,0
PRT.9.16_1,12,2023,0,0
PRT.9.1_1,12,2023,0,0
PRT.9.2_1,12,2023,0,0
PRT.9.3_1,12,2023,0,0
PRT.9.4_1,12,2023,0,0
PRT.9.5_1,12,2023,0,0
PRT.9.6_1,12,2023,0,0
PRT.9.7_1,12,2023,0,0
PRT.9.8_1,12,2023,0,0
PRT.9.9_1,12,2023,0,0
ROU.1.10_1,12,2023,0,0
ROU.1.11_1,12,2023,0,0
ROU.1.12_1,12,2023,0,0
ROU.1.13_1,12,2023,0,0
ROU.1.14_1,12,2023,0,0
ROU.1.15_1,12,2023,0,0
ROU.1.16_1,12,2023,0,0
ROU.1.17_1,12,2023,0,0
ROU.1.18_1,12,2023,0,0
ROU.1.19_1,12,2023,0,0
ROU.1.1_1,12,2023,0,0
ROU.1.20_1,12,2023,0,0
ROU.1.21_1,12,2023,0,0
ROU.1.22_1,12,2023,0,0
ROU.1.23_1,12,2023,0,0
ROU.1.24_1,12,2023,0,0
ROU.1.25_1,12,2023,0,0
ROU.1.26_1,12,2023,0,0
ROU.1.27_1,12,2023,0,0
ROU.1.28_1,12,2023,0,0
ROU.1.29_1,12,2023,0,0
ROU.1.2_1,12,2023,0,0
ROU.1.30_1,12,2023,0,0
ROU.1.31_1,12,2023,0,0
ROU.1.32_1,12,2023,0,0
ROU.1.33_1,12,2023,0,0
ROU.1.34_1,12,2023,0,0
ROU.1.35_1,12,2023,0,0
ROU.1.36_1,12,2023,0,0
ROU.1.37_1,12,2023,0,0
ROU.1.38_1,12,2023,0,0
ROU.1.39_1,12,2023,0,0
ROU.1.3_1,12,2023,0,0
ROU.1.40_1,12,2023,0,0
ROU.1.41_1,12,2023,0,0
ROU.1.42_1,12,2023,0,0
ROU.1.43_1,12,2023,0,0
ROU.1.44_1,12,2023,0,0
ROU.1.45_1,12,2023,0,0
ROU.1.46_1,12,2023,0,0
ROU.1.47_1,12,2023,0,0
ROU.1.48_1,12,2023,0,0
ROU.1.49_1,12,2023,0,0
ROU.1.4_1,12,2023,0,0
ROU.1.50_1,12,2023,0,0
ROU.1.51_1,12,2023,0,0
ROU.1.52_1,12,2023,0,0
ROU.1.53_1,12,2023,0,0
ROU.1.54_1,12,2023,0,0
ROU.1.55_1,12,2023,0,0
ROU.1.56_1,12,2023,0,0
ROU.1.57_1,12,2023,0,0
ROU.1.58_1,12,2023,0,0
ROU.1.59_1,12,2023,0,0
ROU.1.5_1,12,2023,0,0
ROU.1.60_1,12,2023,0,0
ROU.1.61_1,12,2023,0,0
ROU.1.62_1,12,2023,0,0
ROU.1.63_1,12,2023,0,0
ROU.1.64_1,12,2023,0,0
ROU.1.65_1,12,2023,0,0
ROU.1.66_1,12,2023,0,0
ROU.1.67_1,12,2023,0,0
ROU.1.68_1,12,2023,0,0
ROU.1.69_1,12,2023,0,0
ROU.1.6_1,12,2023,0,0
ROU.1.70_1,12,2023,0,0
ROU.1.71_1,12,2023,0,0
ROU.1.72_1,12,2023,0,0
ROU.1.73_1,12,2023,0,0
ROU.1.74_1,12,2023,0,0
ROU.1.75_1,12,2023,0,0
ROU.1.76_1,12,2023,0,0
ROU.1.7_1,12,2023,0,0
ROU.1.8_1,12,2023,0,0
ROU.1.9_1,12,2023,0,0
ROU.10.1_1,12,2023,0,0
ROU.11.16_1,12,2023,0,0
ROU.11.18_1,12,2023,0,0
ROU.11.1_1,12,2023,0,0
ROU.11.21_1,12,2023,0,0
ROU.11.23_1,12,2023,0,0
ROU.11.49_1,12,2023,0,0
ROU.11.68_1,12,2023,0,0
ROU.12.12_1,12,2023,0,0
ROU.12.14_1,12,2023,0,0
ROU.12.18_1,12,2023,0,0
ROU.12.19_1,12,2023,0,0
ROU.12.21_1,12,2023,0,0
ROU.12.25_1,12,2023,0,0
ROU.12.2_1,12,2023,0,0
ROU.12.30_1,12,2023,0,0
ROU.12.32_1,12,2023,0,0
ROU.12.35_1,12,2023,0,0
ROU.12.39_1,12,2023,0,0
ROU.12.3_1,12,2023,0,0
ROU.12.43_1,12,2023,0,0
ROU.12.4_1,12,2023,0,0
ROU.12.5_1,12,2023,0,0
ROU.12.7_1,12,2023,0,0
ROU.12.8_1,12,2023,0,0
ROU.12.9_1,12,2023,0,0
ROU.13.25_1,12,2023,0,0
ROU.13.26_1,12,2023,0,0
ROU.13.3_1,12,2023,0,0
ROU.13.46_1,12,2023,0,0
ROU.13.48_1,12,2023,0,0
ROU.13.4_1,12,2023,0,0
ROU.13.55_1,12,2023,0,0
ROU.13.5_1,12,2023,0,0
ROU.13.60_1,12,2023,0,0
ROU.13.63_1,12,2023,0,0
ROU.13.65_1,12,2023,0,0
ROU.13.6_1,12,2023,0,0
ROU.13.70_1,12,2023,0,0
ROU.13.73_1,12,2023,0,0
ROU.13.75_1,12,2023,0,0
ROU.13.76_1,12,2023,0,0
ROU.13.7_1,12,2023,0,0
ROU.14.10_1,12,2023,0,0
ROU.14.11_1,12,2023,0,0
ROU.14.12_1,12,2023,0,0
ROU.14.13_1,12,2023,0,0
ROU.14.14_1,12,2023,0,0
ROU.14.15_1,12,2023,0,0
ROU.14.16_1,12,2023,0,0
ROU.14.17_1,12,2023,0,0
ROU.14.18_1,12,2023,0,0
ROU.14.19_1,12,2023,0,0
ROU.14.1_1,12,2023,0,0
ROU.14.20_1,12,2023,0,0
ROU.14.21_1,12,2023,0,0
ROU.14.22_1,12,2023,0,0
ROU.14.23_1,12,2023,0,0
ROU.14.24_1,12,2023,0,0
ROU.14.25_1,12,2023,0,0
ROU.14.26_1,12,2023,0,0
ROU.14.27_1,12,2023,0,0
ROU.14.28_1,12,2023,0,0
ROU.14.29_1,12,2023,0,0
ROU.14.2_1,12,2023,0,0
ROU.14.30_1,12,2023,0,0
ROU.14.31_1,12,2023,0,0
ROU.14.32_1,12,2023,0,0
ROU.14.33_1,12,2023,0,0
ROU.14.34_1,12,2023,0,0
ROU.14.35_1,12,2023,0,0
ROU.14.36_1,12,2023,0,0
ROU.14.37_1,12,2023,0,0
ROU.14.38_1,12,2023,0,0
ROU.14.39_1,12,2023,0,0
ROU.14.3_1,12,2023,0,0
ROU.14.40_1,12,2023,0,0
ROU.14.41_1,12,2023,0,0
ROU.14.42_1,12,2023,0,0
ROU.14.43_1,12,2023,0,0
ROU.14.44_1,12,2023,0,0
ROU.14.45_1,12,2023,0,0
ROU.14.46_1,12,2023,0,0
ROU.14.47_1,12,2023,0,0
ROU.14.48_1,12,2023,0,0
ROU.14.49_1,12,2023,0,0
ROU.14.4_1,12,2023,0,0
ROU.14.50_1,12,2023,0,0
ROU.14.51_1,12,2023,0,0
ROU.14.52_1,12,2023,0,0
ROU.14.53_1,12,2023,0,0
ROU.14.54_1,12,2023,0,0
ROU.14.55_1,12,2023,0,0
ROU.14.56_1,12,2023,0,0
ROU.14.57_1,12,2023,0,0
ROU.14.58_1,12,2023,0,0
ROU.14.59_1,12,2023,0,0
ROU.14.5_1,12,2023,0,0
ROU.14.60_1,12,2023,0,0
ROU.14.61_1,12,2023,0,0
ROU.14.62_1,12,2023,0,0
ROU.14.63_1,12,2023,0,0
ROU.14.64_1,12,2023,0,0
ROU.14.65_1,12,2023,0,0
ROU.14.66_1,12,2023,0,0
ROU.14.67_1,12,2023,0,0
ROU.14.68_1,12,2023,0,0
ROU.14.69_1,12,2023,0,0
ROU.14.6_1,12,2023,0,0
ROU.14.70_1,12,2023,0,0
ROU.14.71_1,12,2023,0,0
ROU.14.72_1,12,2023,0,0
ROU.14.73_1,12,2023,0,0
ROU.14.74_1,12,2023,0,0
ROU.14.75_1,12,2023,0,0
ROU.14.76_1,12,2023,0,0
ROU.14.77_1,12,2023,0,0
ROU.14.78_1,12,2023,0,0
ROU.14.79_1,12,2023,0,0
ROU.14.7_1,12,2023,0,0
ROU.14.80_1,12,2023,0,0
ROU.14.8_1,12,2023,0,0
ROU.14.9_1,12,2023,0,0
ROU.15.10_1,12,2023,0,0
ROU.15.11_1,12,2023,0,0
ROU.15.12_1,12,2023,0,0
ROU.15.13_1,12,2023,0,0
ROU.15.14_1,12,2023,0,0
ROU.15.15_1,12,2023,0,0
ROU.15.16_1,12,2023,0,0
ROU.15.17_1,12,2023,0,0
ROU.15.18_1,12,2023,0,0
ROU.15.19_1,12,2023,0,0
ROU.15.1_1,12,2023,0,0
ROU.15.20_1,12,2023,0,0
ROU.15.21_1,12,2023,0,0
ROU.15.22_1,12,2023,0,0
ROU.15.23_1,12,2023,0,0
ROU.15.24_1,12,2023,0,0
ROU.15.25_1,12,2023,0,0
ROU.15.26_1,12,2023,0,0
ROU.15.27_1,12,2023,0,0
ROU.15.28_1,12,2023,0,0
ROU.15.29_1,12,2023,0,0
ROU.15.2_1,12,2023,0,0
ROU.15.30_1,12,2023,0,0
ROU.15.31_1,12,2023,0,0
ROU.15.32_1,12,2023,0,0
ROU.15.33_1,12,2023,0,0
ROU.15.34_1,12,2023,0,0
ROU.15.35_1,12,2023,0,0
ROU.15.36_1,12,2023,0,0
ROU.15.37_1,12,2023,0,0
ROU.15.38_1,12,2023,0,0
ROU.15.39_1,12,2023,0,0
ROU.15.3_1,12,2023,0,0
ROU.15.40_1,12,2023,0,0
ROU.15.41_1,12,2023,0,0
ROU.15.42_1,12,2023,0,0
ROU.15.43_1,12,2023,0,0
ROU.15.44_1,12,2023,0,0
ROU.15.45_1,12,2023,0,0
ROU.15.46_1,12,2023,0,0
ROU.15.47_1,12,2023,0,0
ROU.15.48_1,12,2023,0,0
ROU.15.49_1,12,2023,0,0
ROU.15.4_1,12,2023,0,0
ROU.15.50_1,12,2023,0,0
ROU.15.51_1,12,2023,0,0
ROU.15.52_1,12,2023,0,0
ROU.15.53_1,12,2023,0,0
ROU.15.54_1,12,2023,0,0
ROU.15.55_1,12,2023,0,0
ROU.15.56_1,12,2023,0,0
ROU.15.58_1,12,2023,0,0
ROU.15.59_1,12,2023,0,0
ROU.15.5_1,12,2023,0,0
ROU.15.6_1,12,2023,0,0
ROU.15.7_1,12,2023,0,0
ROU.15.8_1,12,2023,0,0
ROU.15.9_1,12,2023,0,0
ROU.15_1,12,2023,0,0
ROU.16.13_1,12,2023,0,0
ROU.16.16_1,12,2023,0,0
ROU.16.19_1,12,2023,0,0
ROU.16.1_1,12,2023,0,0
ROU.16.20_1,12,2023,0,0
ROU.16.21_1,12,2023,0,0
ROU.16.2_1,12,2023,0,0
ROU.16.31_1,12,2023,0,0
ROU.16.3_1,12,2023,0,0
ROU.16.5_1,12,2023,0,0
ROU.17.18_1,12,2023,0,0
ROU.17.20_1,12,2023,0,0
ROU.17.22_1,12,2023,0,0
ROU.17.23_1,12,2023,0,0
ROU.17.39_1,12,2023,0,0
ROU.17.47_1,12,2023,0,0
ROU.17.50_1,12,2023,0,0
ROU.17.56_1,12,2023,0,0
ROU.17.57_1,12,2023,0,0
ROU.17.5_1,12,2023,0,0
ROU.17.68_1,12,2023,0,0
ROU.17.75_1,12,2023,0,0
ROU.17.80_1,12,2023,0,0
ROU.17.9_1,12,2023,0,0
ROU.18.11_1,12,2023,0,0
ROU.18.12_1,12,2023,0,0
ROU.18.19_1,12,2023,0,0
ROU.18.23_1,12,2023,0,0
ROU.18.28_1,12,2023,0,0
ROU.18.30_1,12,2023,0,0
ROU.18.34_1,12,2023,0,0
ROU.18.36_1,12,2023,0,0
ROU.18.50_1,12,2023,0,0
ROU.18.52_1,12,2023,0,0
ROU.18.6_1,12,2023,0,0
ROU.18.70_1,12,2023,0,0
ROU.18.71_1,12,2023,0,0
ROU.18.73_1,12,2023,0,0
ROU.18.84_1,12,2023,0,0
ROU.18.99_1,12,2023,0,0
ROU.19.11_1,12,2023,0,0
ROU.19.22_1,12,2023,0,0
ROU.19.23_1,12,2023,0,0
ROU.19.25_1,12,2023,0,0
ROU.19.32_1,12,2023,0,0
ROU.19.38_1,12,2023,0,0
ROU.19.49_1,12,2023,0,0
ROU.19.59_1,12,2023,0,0
ROU.2.19_1,12,2023,0,0
ROU.2.21_1,12,2023,0,0
ROU.2.29_1,12,2023,0,0
ROU.2.2_1,12,2023,0,0
ROU.2.30_1,12,2023,0,0
ROU.2.31_1,12,2023,0,0
ROU.2.38_1,12,2023,0,0
ROU.2.39_1,12,2023,0,0
ROU.2.46_1,12,2023,0,0
ROU.2.51_1,12,2023,0,0
ROU.2.69_1,12,2023,0,0
ROU.2.74_1,12,2023,0,0
ROU.20.10_1,12,2023,0,0
ROU.20.11_1,12,2023,0,0
ROU.20.12_1,12,2023,0,0
ROU.20.13_1,12,2023,0,0
ROU.20.14_1,12,2023,0,0
ROU.20.15_1,12,2023,0,0
ROU.20.16_1,12,2023,0,0
ROU.20.17_1,12,2023,0,0
ROU.20.18_1,12,2023,0,0
ROU.20.19_1,12,2023,0,0
ROU.20.1_1,12,2023,0,0
ROU.20.20_1,12,2023,0,0
ROU.20.21_1,12,2023,0,0
ROU.20.22_1,12,2023,0,0
ROU.20.23_1,12,2023,0,0
ROU.20.24_1,12,2023,0,0
ROU.20.25_1,12,2023,0,0
ROU.20.26_1,12,2023,0,0
ROU.20.27_1,12,2023,0,0
ROU.20.28_1,12,2023,0,0
ROU.20.29_1,12,2023,0,0
ROU.20.2_1,12,2023,0,0
ROU.20.30_1,12,2023,0,0
ROU.20.31_1,12,2023,0,0
ROU.20.32_1,12,2023,0,0
ROU.20.33_1,12,2023,0,0
ROU.20.34_1,12,2023,0,0
ROU.20.35_1,12,2023,0,0
ROU.20.36_1,12,2023,0,0
ROU.20.37_1,12,2023,0,0
ROU.20.38_1,12,2023,0,0
ROU.20.39_1,12,2023,0,0
ROU.20.3_1,12,2023,0,0
ROU.20.40_1,12,2023,0,0
ROU.20.41_1,12,2023,0,0
ROU.20.42_1,12,2023,0,0
ROU.20.43_1,12,2023,0,0
ROU.20.44_1,12,2023,0,0
ROU.20.45_1,12,2023,0,0
ROU.20.46_1,12,2023,0,0
ROU.20.47_1,12,2023,0,0
ROU.20.48_1,12,2023,0,0
ROU.20.49_1,12,2023,0,0
ROU.20.4_1,12,2023,0,0
ROU.20.5_1,12,2023,0,0
ROU.20.6_1,12,2023,0,0
ROU.20.7_1,12,2023,0,0
ROU.20.8_1,12,2023,0,0
ROU.20.9_1,12,2023,0,0
ROU.21.15_1,12,2023,0,0
ROU.21.19_1,12,2023,0,0
ROU.21.21_1,12,2023,0,0
ROU.21.23_1,12,2023,0,0
ROU.21.32_1,12,2023,0,0
ROU.21.33_1,12,2023,0,0
ROU.21.38_1,12,2023,0,0
ROU.21.50_1,12,2023,0,0
ROU.21.64_1,12,2023,0,0
ROU.21.69_1,12,2023,0,0
ROU.22.54_1,12,2023,0,0
ROU.23.10_1,12,2023,0,0
ROU.23.11_1,12,2023,0,0
ROU.23.12_1,12,2023,0,0
ROU.23.13_1,12,2023,0,0
ROU.23.14_1,12,2023,0,0
ROU.23.15_1,12,2023,0,0
ROU.23.16_1,12,2023,0,0
ROU.23.17_1,12,2023,0,0
ROU.23.18_1,12,2023,0,0
ROU.23.19_1,12,2023,0,0
ROU.23.1_1,12,2023,0,0
ROU.23.20_1,12,2023,0,0
ROU.23.21_1,12,2023,0,0
ROU.23.22_1,12,2023,0,0
ROU.23.23_1,12,2023,0,0
ROU.23.24_1,12,2023,0,0
ROU.23.25_1,12,2023,0,0
ROU.23.26_1,12,2023,0,0
ROU.23.27_1,12,2023,0,0
ROU.23.28_1,12,2023,0,0
ROU.23.29_1,12,2023,0,0
ROU.23.2_1,12,2023,0,0
ROU.23.30_1,12,2023,0,0
ROU.23.31_1,12,2023,0,0
ROU.23.32_1,12,2023,0,0
ROU.23.33_1,12,2023,0,0
ROU.23.34_1,12,2023,0,0
ROU.23.35_1,12,2023,0,0
ROU.23.36_1,12,2023,0,0
ROU.23.37_1,12,2023,0,0
ROU.23.38_1,12,2023,0,0
ROU.23.39_1,12,2023,0,0
ROU.23.3_1,12,2023,0,0
ROU.23.40_1,12,2023,0,0
ROU.23.41_1,12,2023,0,0
ROU.23.42_1,12,2023,0,0
ROU.23.43_1,12,2023,0,0
ROU.23.44_1,12,2023,0,0
ROU.23.45_1,12,2023,0,0
ROU.23.46_1,12,2023,0,0
ROU.23.47_1,12,2023,0,0
ROU.23.48_1,12,2023,0,0
ROU.23.49_1,12,2023,0,0
ROU.23.4_1,12,2023,0,0
ROU.23.50_1,12,2023,0,0
ROU.23.51_1,12,2023,0,0
ROU.23.52_1,12,2023,0,0
ROU.23.53_1,12,2023,0,0
ROU.23.54_1,12,2023,0,0
ROU.23.55_1,12,2023,0,0
ROU.23.56_1,12,2023,0,0
ROU.23.57_1,12,2023,0,0
ROU.23.58_1,12,2023,0,0
ROU.23.59_1,12,2023,0,0
ROU.23.5_1,12,2023,0,0
ROU.23.60_1,12,2023,0,0
ROU.23.61_1,12,2023,0,0
ROU.23.62_1,12,2023,0,0
ROU.23.63_1,12,2023,0,0
ROU.23.64_1,12,2023,0,0
ROU.23.65_1,12,2023,0,0
ROU.23.66_1,12,2023,0,0
ROU.23.67_1,12,2023,0,0
ROU.23.68_1,12,2023,0,0
ROU.23.69_1,12,2023,0,0
ROU.23.6_1,12,2023,0,0
ROU.23.7_1,12,2023,0,0
ROU.23.8_1,12,2023,0,0
ROU.23.9_1,12,2023,0,0
ROU.24.27_1,12,2023,0,0
ROU.24.28_1,12,2023,0,0
ROU.24.31_1,12,2023,0,0
ROU.24.59_1,12,2023,0,0
ROU.24.60_1,12,2023,0,0
ROU.24.7_1,12,2023,0,0
ROU.24.82_1,12,2023,0,0
ROU.24.83_1,12,2023,0,0
ROU.24.86_1,12,2023,0,0
ROU.24.8_1,12,2023,0,0
ROU.25.10_1,12,2023,0,0
ROU.25.11_1,12,2023,0,0
ROU.25.22_1,12,2023,0,0
ROU.25.24_1,12,2023,0,0
ROU.25.28_1,12,2023,0,0
ROU.25.45_1,12,2023,0,0
ROU.25.47_1,12,2023,0,0
ROU.26.10_1,12,2023,0,0
ROU.26.11_1,12,2023,0,0
ROU.26.12_1,12,2023,0,0
ROU.26.13_1,12,2023,0,0
ROU.26.14_1,12,2023,0,0
ROU.26.15_1,12,2023,0,0
ROU.26.16_1,12,2023,0,0
ROU.26.17_1,12,2023,0,0
ROU.26.18_1,12,2023,0,0
ROU.26.19_1,12,2023,0,0
ROU.26.1_1,12,2023,0,0
ROU.26.20_1,12,2023,0,0
ROU.26.21_1,12,2023,0,0
ROU.26.22_1,12,2023,0,0
ROU.26.23_1,12,2023,0,0
ROU.26.24_1,12,2023,0,0
ROU.26.25_1,12,2023,0,0
ROU.26.26_1,12,2023,0,0
ROU.26.27_1,12,2023,0,0
ROU.26.28_1,12,2023,0,0
ROU.26.29_1,12,2023,0,0
ROU.26.2_1,12,2023,0,0
ROU.26.30_1,12,2023,0,0
ROU.26.31_1,12,2023,0,0
ROU.26.32_1,12,2023,0,0
ROU.26.33_1,12,2023,0,0
ROU.26.34_1,12,2023,0,0
ROU.26.35_1,12,2023,0,0
ROU.26.36_1,12,2023,0,0
ROU.26.37_1,12,2023,0,0
ROU.26.38_1,12,2023,0,0
ROU.26.39_1,12,2023,0,0
ROU.26.3_1,12,2023,0,0
ROU.26.4_1,12,2023,0,0
ROU.26.5_1,12,2023,0,0
ROU.26.6_1,12,2023,0,0
ROU.26.7_1,12,2023,0,0
ROU.26.8_1,12,2023,0,0
ROU.26.9_1,12,2023,0,0
ROU.27.24_1,12,2023,0,0
ROU.28.10_1,12,2023,0,0
ROU.28.11_1,12,2023,0,0
ROU.28.12_1,12,2023,0,0
ROU.28.13_1,12,2023,0,0
ROU.28.14_1,12,2023,0,0
ROU.28.15_1,12,2023,0,0
ROU.28.16_1,12,2023,0,0
ROU.28.17_1,12,2023,0,0
ROU.28.18_1,12,2023,0,0
ROU.28.19_1,12,2023,0,0
ROU.28.1_1,12,2023,0,0
ROU.28.20_1,12,2023,0,0
ROU.28.21_1,12,2023,0,0
ROU.28.22_1,12,2023,0,0
ROU.28.23_1,12,2023,0,0
ROU.28.24_1,12,2023,0,0
ROU.28.25_1,12,2023,0,0
ROU.28.26_1,12,2023,0,0
ROU.28.27_1,12,2023,0,0
ROU.28.28_1,12,2023,0,0
ROU.28.29_1,12,2023,0,0
ROU.28.2_1,12,2023,0,0
ROU.28.30_1,12,2023,0,0
ROU.28.31_1,12,2023,0,0
ROU.28.32_1,12,2023,0,0
ROU.28.33_1,12,2023,0,0
ROU.28.34_1,12,2023,0,0
ROU.28.35_1,12,2023,0,0
ROU.28.36_1,12,2023,0,0
ROU.28.37_1,12,2023,0,0
ROU.28.38_1,12,2023,0,0
ROU.28.39_1,12,2023,0,0
ROU.28.3_1,12,2023,0,0
ROU.28.40_1,12,2023,0,0
ROU.28.41_1,12,2023,0,0
ROU.28.42_1,12,2023,0,0
ROU.28.43_1,12,2023,0,0
ROU.28.44_1,12,2023,0,0
ROU.28.45_1,12,2023,0,0
ROU.28.46_1,12,2023,0,0
ROU.28.47_1,12,2023,0,0
ROU.28.48_1,12,2023,0,0
ROU.28.49_1,12,2023,0,0
ROU.28.4_1,12,2023,0,0
ROU.28.50_1,12,2023,0,0
ROU.28.51_1,12,2023,0,0
ROU.28.52_1,12,2023,0,0
ROU.28.53_1,12,2023,0,0
ROU.28.54_1,12,2023,0,0
ROU.28.55_1,12,2023,0,0
ROU.28.56_1,12,2023,0,0
ROU.28.57_1,12,2023,0,0
ROU.28.58_1,12,2023,0,0
ROU.28.59_1,12,2023,0,0
ROU.28.5_1,12,2023,0,0
ROU.28.60_1,12,2023,0,0
ROU.28.61_1,12,2023,0,0
ROU.28.62_1,12,2023,0,0
ROU.28.63_1,12,2023,0,0
ROU.28.64_1,12,2023,0,0
ROU.28.6_1,12,2023,0,0
ROU.28.7_1,12,2023,0,0
ROU.28.8_1,12,2023,0,0
ROU.28.9_1,12,2023,0,0
ROU.29.14_1,12,2023,0,0
ROU.29.19_1,12,2023,0,0
ROU.29.28_1,12,2023,0,0
ROU.29.2_1,12,2023,0,0
ROU.29.5_1,12,2023,0,0
ROU.29.6_1,12,2023,0,0
ROU.29.75_1,12,2023,0,0
ROU.29.7_1,12,2023,0,0
ROU.29.86_1,12,2023,0,0
ROU.29.89_1,12,2023,0,0
ROU.29.8_1,12,2023,0,0
ROU.29.90_1,12,2023,0,0
ROU.29.94_1,12,2023,0,0
ROU.3.20_1,12,2023,0,0
ROU.3.33_1,12,2023,0,0
ROU.3.39_1,12,2023,0,0
ROU.3.60_1,12,2023,0,0
ROU.3.74_1,12,2023,0,0
ROU.3.75_1,12,2023,0,0
ROU.31.17_1,12,2023,0,0
ROU.31.38_1,12,2023,0,0
ROU.31.39_1,12,2023,0,0
ROU.31.54_1,12,2023,0,0
ROU.32.100_1,12,2023,0,0
ROU.32.10_1,12,2023,0,0
ROU.32.11_1,12,2023,0,0
ROU.32.12_1,12,2023,0,0
ROU.32.13_1,12,2023,0,0
ROU.32.14_1,12,2023,0,0
ROU.32.15_1,12,2023,0,0
ROU.32.16_1,12,2023,0,0
ROU.32.17_1,12,2023,0,0
ROU.32.18_1,12,2023,0,0
ROU.32.19_1,12,2023,0,0
ROU.32.1_1,12,2023,0,0
ROU.32.20_1,12,2023,0,0
ROU.32.21_1,12,2023,0,0
ROU.32.22_1,12,2023,0,0
ROU.32.23_1,12,2023,0,0
ROU.32.24_1,12,2023,0,0
ROU.32.25_1,12,2023,0,0
ROU.32.26_1,12,2023,0,0
ROU.32.27_1,12,2023,0,0
ROU.32.28_1,12,2023,0,0
ROU.32.29_1,12,2023,0,0
ROU.32.2_1,12,2023,0,0
ROU.32.30_1,12,2023,0,0
ROU.32.31_1,12,2023,0,0
ROU.32.32_1,12,2023,0,0
ROU.32.33_1,12,2023,0,0
ROU.32.34_1,12,2023,0,0
ROU.32.35_1,12,2023,0,0
ROU.32.36_1,12,2023,0,0
ROU.32.37_1,12,2023,0,0
ROU.32.38_1,12,2023,0,0
ROU.32.39_1,12,2023,0,0
ROU.32.3_1,12,2023,0,0
ROU.32.40_1,12,2023,0,0
ROU.32.41_1,12,2023,0,0
ROU.32.42_1,12,2023,0,0
ROU.32.43_1,12,2023,0,0
ROU.32.44_1,12,2023,0,0
ROU.32.45_1,12,2023,0,0
ROU.32.46_1,12,2023,0,0
ROU.32.47_1,12,2023,0,0
ROU.32.48_1,12,2023,0,0
ROU.32.49_1,12,2023,0,0
ROU.32.4_1,12,2023,0,0
ROU.32.50_1,12,2023,0,0
ROU.32.51_1,12,2023,0,0
ROU.32.52_1,12,2023,0,0
ROU.32.53_1,12,2023,0,0
ROU.32.54_1,12,2023,0,0
ROU.32.55_1,12,2023,0,0
ROU.32.56_1,12,2023,0,0
ROU.32.57_1,12,2023,0,0
ROU.32.58_1,12,2023,0,0
ROU.32.59_1,12,2023,0,0
ROU.32.5_1,12,2023,0,0
ROU.32.60_1,12,2023,0,0
ROU.32.61_1,12,2023,0,0
ROU.32.62_1,12,2023,0,0
ROU.32.63_1,12,2023,0,0
ROU.32.64_1,12,2023,0,0
ROU.32.65_1,12,2023,0,0
ROU.32.66_1,12,2023,0,0
ROU.32.67_1,12,2023,0,0
ROU.32.68_1,12,2023,0,0
ROU.32.69_1,12,2023,0,0
ROU.32.6_1,12,2023,0,0
ROU.32.70_1,12,2023,0,0
ROU.32.71_1,12,2023,0,0
ROU.32.72_1,12,2023,0,0
ROU.32.73_1,12,2023,0,0
ROU.32.74_1,12,2023,0,0
ROU.32.75_1,12,2023,0,0
ROU.32.76_1,12,2023,0,0
ROU.32.77_1,12,2023,0,0
ROU.32.78_1,12,2023,0,0
ROU.32.79_1,12,2023,0,0
ROU.32.7_1,12,2023,0,0
ROU.32.80_1,12,2023,0,0
ROU.32.81_1,12,2023,0,0
ROU.32.82_1,12,2023,0,0
ROU.32.83_1,12,2023,0,0
ROU.32.84_1,12,2023,0,0
ROU.32.85_1,12,2023,0,0
ROU.32.86_1,12,2023,0,0
ROU.32.87_1,12,2023,0,0
ROU.32.88_1,12,2023,0,0
ROU.32.89_1,12,2023,0,0
ROU.32.8_1,12,2023,0,0
ROU.32.90_1,12,2023,0,0
ROU.32.91_1,12,2023,0,0
ROU.32.92_1,12,2023,0,0
ROU.32.93_1,12,2023,0,0
ROU.32.94_1,12,2023,0,0
ROU.32.95_1,12,2023,0,0
ROU.32.96_1,12,2023,0,0
ROU.32.97_1,12,2023,0,0
ROU.32.98_1,12,2023,0,0
ROU.32.99_1,12,2023,0,0
ROU.32.9_1,12,2023,0,0
ROU.33.10_1,12,2023,0,0
ROU.33.20_1,12,2023,0,0
ROU.33.22_1,12,2023,0,0
ROU.33.23_1,12,2023,0,0
ROU.33.24_1,12,2023,0,0
ROU.33.25_1,12,2023,0,0
ROU.33.26_1,12,2023,0,0
ROU.33.2_1,12,2023,0,0
ROU.33.36_1,12,2023,0,0
ROU.33.42_1,12,2023,0,0
ROU.33.43_1,12,2023,0,0
ROU.33.45_1,12,2023,0,0
ROU.33.46_1,12,2023,0,0
ROU.33.54_1,12,2023,0,0
ROU.33.57_1,12,2023,0,0
ROU.33.58_1,12,2023,0,0
ROU.34.2_1,12,2023,0,0
ROU.34.39_1,12,2023,0,0
ROU.35.10_1,12,2023,0,0
ROU.35.11_1,12,2023,0,0
ROU.35.12_1,12,2023,0,0
ROU.35.13_1,12,2023,0,0
ROU.35.14_1,12,2023,0,0
ROU.35.15_1,12,2023,0,0
ROU.35.16_1,12,2023,0,0
ROU.35.17_1,12,2023,0,0
ROU.35.18_1,12,2023,0,0
ROU.35.19_1,12,2023,0,0
ROU.35.1_1,12,2023,0,0
ROU.35.20_1,12,2023,0,0
ROU.35.21_1,12,2023,0,0
ROU.35.22_1,12,2023,0,0
ROU.35.23_1,12,2023,0,0
ROU.35.24_1,12,2023,0,0
ROU.35.25_1,12,2023,0,0
ROU.35.26_1,12,2023,0,0
ROU.35.27_1,12,2023,0,0
ROU.35.28_1,12,2023,0,0
ROU.35.29_1,12,2023,0,0
ROU.35.2_1,12,2023,0,0
ROU.35.30_1,12,2023,0,0
ROU.35.31_1,12,2023,0,0
ROU.35.32_1,12,2023,0,0
ROU.35.33_1,12,2023,0,0
ROU.35.34_1,12,2023,0,0
ROU.35.35_1,12,2023,0,0
ROU.35.36_1,12,2023,0,0
ROU.35.37_1,12,2023,0,0
ROU.35.38_1,12,2023,0,0
ROU.35.39_1,12,2023,0,0
ROU.35.3_1,12,2023,0,0
ROU.35.40_1,12,2023,0,0
ROU.35.41_1,12,2023,0,0
ROU.35.42_1,12,2023,0,0
ROU.35.43_1,12,2023,0,0
ROU.35.44_1,12,2023,0,0
ROU.35.45_1,12,2023,0,0
ROU.35.46_1,12,2023,0,0
ROU.35.47_1,12,2023,0,0
ROU.35.48_1,12,2023,0,0
ROU.35.49_1,12,2023,0,0
ROU.35.4_1,12,2023,0,0
ROU.35.50_1,12,2023,0,0
ROU.35.51_1,12,2023,0,0
ROU.35.52_1,12,2023,0,0
ROU.35.53_1,12,2023,0,0
ROU.35.54_1,12,2023,0,0
ROU.35.55_1,12,2023,0,0
ROU.35.56_1,12,2023,0,0
ROU.35.57_1,12,2023,0,0
ROU.35.58_1,12,2023,0,0
ROU.35.59_1,12,2023,0,0
ROU.35.5_1,12,2023,0,0
ROU.35.60_1,12,2023,0,0
ROU.35.61_1,12,2023,0,0
ROU.35.62_1,12,2023,0,0
ROU.35.6_1,12,2023,0,0
ROU.35.7_1,12,2023,0,0
ROU.35.8_1,12,2023,0,0
ROU.35.9_1,12,2023,0,0
ROU.37.26_1,12,2023,0,0
ROU.37.31_1,12,2023,0,0
ROU.37.32_1,12,2023,0,0
ROU.37.39_1,12,2023,0,0
ROU.37.41_1,12,2023,0,0
ROU.37.44_1,12,2023,0,0
ROU.37.4_1,12,2023,0,0
ROU.37.50_1,12,2023,0,0
ROU.37.73_1,12,2023,0,0
ROU.37.84_1,12,2023,0,0
ROU.37.88_1,12,2023,0,0
ROU.37.9_1,12,2023,0,0
ROU.38.19_1,12,2023,0,0
ROU.38.26_1,12,2023,0,0
ROU.38.2_1,12,2023,0,0
ROU.38.31_1,12,2023,0,0
ROU.38.37_1,12,2023,0,0
ROU.38.42_1,12,2023,0,0
ROU.38.48_1,12,2023,0,0
ROU.38.50_1,12,2023,0,0
ROU.38.58_1,12,2023,0,0
ROU.38.5_1,12,2023,0,0
ROU.38.74_1,12,2023,0,0
ROU.38.76_1,12,2023,0,0
ROU.38.79_1,12,2023,0,0
ROU.39.10_1,12,2023,0,0
ROU.39.11_1,12,2023,0,0
ROU.39.12_1,12,2023,0,0
ROU.39.13_1,12,2023,0,0
ROU.39.14_1,12,2023,0,0
ROU.39.15_1,12,2023,0,0
ROU.39.16_1,12,2023,0,0
ROU.39.17_1,12,2023,0,0
ROU.39.18_1,12,2023,0,0
ROU.39.19_1,12,2023,0,0
ROU.39.1_1,12,2023,0,0
ROU.39.20_1,12,2023,0,0
ROU.39.21_1,12,2023,0,0
ROU.39.22_1,12,2023,0,0
ROU.39.23_1,12,2023,0,0
ROU.39.24_1,12,2023,0,0
ROU.39.25_1,12,2023,0,0
ROU.39.26_1,12,2023,0,0
ROU.39.27_1,12,2023,0,0
ROU.39.28_1,12,2023,0,0
ROU.39.29_1,12,2023,0,0
ROU.39.2_1,12,2023,0,0
ROU.39.30_1,12,2023,0,0
ROU.39.31_1,12,2023,0,0
ROU.39.32_1,12,2023,0,0
ROU.39.33_1,12,2023,0,0
ROU.39.34_1,12,2023,0,0
ROU.39.35_1,12,2023,0,0
ROU.39.36_1,12,2023,0,0
ROU.39.37_1,12,2023,0,0
ROU.39.38_1,12,2023,0,0
ROU.39.39_1,12,2023,0,0
ROU.39.3_1,12,2023,0,0
ROU.39.40_1,12,2023,0,0
ROU.39.41_1,12,2023,0,0
ROU.39.42_1,12,2023,0,0
ROU.39.43_1,12,2023,0,0
ROU.39.44_1,12,2023,0,0
ROU.39.45_1,12,2023,0,0
ROU.39.46_1,12,2023,0,0
ROU.39.47_1,12,2023,0,0
ROU.39.48_1,12,2023,0,0
ROU.39.4_1,12,2023,0,0
ROU.39.5_1,12,2023,0,0
ROU.39.6_1,12,2023,0,0
ROU.39.7_1,12,2023,0,0
ROU.39.8_1,12,2023,0,0
ROU.39.9_1,12,2023,0,0
ROU.40.14_1,12,2023,0,0
ROU.40.53_1,12,2023,0,0
ROU.40.84_1,12,2023,0,0
ROU.41.26_1,12,2023,0,0
ROU.41.31_1,12,2023,0,0
ROU.41.41_1,12,2023,0,0
ROU.41.45_1,12,2023,0,0
ROU.41.58_1,12,2023,0,0
ROU.41.68_1,12,2023,0,0
ROU.5.10_1,12,2023,0,0
ROU.5.11_1,12,2023,0,0
ROU.5.12_1,12,2023,0,0
ROU.5.13_1,12,2023,0,0
ROU.5.14_1,12,2023,0,0
ROU.5.15_1,12,2023,0,0
ROU.5.16_1,12,2023,0,0
ROU.5.17_1,12,2023,0,0
ROU.5.18_1,12,2023,0,0
ROU.5.19_1,12,2023,0,0
ROU.5.1_1,12,2023,0,0
ROU.5.20_1,12,2023,0,0
ROU.5.21_1,12,2023,0,0
ROU.5.22_1,12,2023,0,0
ROU.5.23_1,12,2023,0,0
ROU.5.24_1,12,2023,0,0
ROU.5.25_1,12,2023,0,0
ROU.5.26_1,12,2023,0,0
ROU.5.27_1,12,2023,0,0
ROU.5.28_1,12,2023,0,0
ROU.5.29_1,12,2023,0,0
ROU.5.2_1,12,2023,0,0
ROU.5.30_1,12,2023,0,0
ROU.5.31_1,12,2023,0,0
ROU.5.32_1,12,2023,0,0
ROU.5.33_1,12,2023,0,0
ROU.5.34_1,12,2023,0,0
ROU.5.35_1,12,2023,0,0
ROU.5.36_1,12,2023,0,0
ROU.5.37_1,12,2023,0,0
ROU.5.38_1,12,2023,0,0
ROU.5.39_1,12,2023,0,0
ROU.5.3_1,12,2023,0,0
ROU.5.40_1,12,2023,0,0
ROU.5.41_1,12,2023,0,0
ROU.5.42_1,12,2023,0,0
ROU.5.43_1,12,2023,0,0
ROU.5.44_1,12,2023,0,0
ROU.5.45_1,12,2023,0,0
ROU.5.46_1,12,2023,0,0
ROU.5.47_1,12,2023,0,0
ROU.5.48_1,12,2023,0,0
ROU.5.49_1,12,2023,0,0
ROU.5.4_1,12,2023,0,0
ROU.5.50_1,12,2023,0,0
ROU.5.51_1,12,2023,0,0
ROU.5.52_1,12,2023,0,0
ROU.5.53_1,12,2023,0,0
ROU.5.54_1,12,2023,0,0
ROU.5.55_1,12,2023,0,0
ROU.5.56_1,12,2023,0,0
ROU.5.57_1,12,2023,0,0
ROU.5.58_1,12,2023,0,0
ROU.5.59_1,12,2023,0,0
ROU.5.5_1,12,2023,0,0
ROU.5.60_1,12,2023,0,0
ROU.5.61_1,12,2023,0,0
ROU.5.62_1,12,2023,0,0
ROU.5.63_1,12,2023,0,0
ROU.5.64_1,12,2023,0,0
ROU.5.65_1,12,2023,0,0
ROU.5.66_1,12,2023,0,0
ROU.5.67_1,12,2023,0,0
ROU.5.68_1,12,2023,0,0
ROU.5.69_1,12,2023,0,0
ROU.5.6_1,12,2023,0,0
ROU.5.70_1,12,2023,0,0
ROU.5.71_1,12,2023,0,0
ROU.5.72_1,12,2023,0,0
ROU.5.73_1,12,2023,0,0
ROU.5.74_1,12,2023,0,0
ROU.5.75_1,12,2023,0,0
ROU.5.76_1,12,2023,0,0
ROU.5.77_1,12,2023,0,0
ROU.5.78_1,12,2023,0,0
ROU.5.79_1,12,2023,0,0
ROU.5.7_1,12,2023,0,0
ROU.5.80_1,12,2023,0,0
ROU.5.81_1,12,2023,0,0
ROU.5.82_1,12,2023,0,0
ROU.5.83_1,12,2023,0,0
ROU.5.84_1,12,2023,0,0
ROU.5.85_1,12,2023,0,0
ROU.5.86_1,12,2023,0,0
ROU.5.87_1,12,2023,0,0
ROU.5.88_1,12,2023,0,0
ROU.5.89_1,12,2023,0,0
ROU.5.8_1,12,2023,0,0
ROU.5.90_1,12,2023,0,0
ROU.5.91_1,12,2023,0,0
ROU.5.92_1,12,2023,0,0
ROU.5.93_1,12,2023,0,0
ROU.5.94_1,12,2023,0,0
ROU.5.9_1,12,2023,0,0
ROU.6.10_1,12,2023,0,0
ROU.6.31_1,12,2023,0,0
ROU.6.36_1,12,2023,0,0
ROU.6.4_1,12,2023,0,0
ROU.6.6_1,12,2023,0,0
ROU.6.8_1,12,2023,0,0
ROU.7.14_1,12,2023,0,0
ROU.7.38_1,12,2023,0,0
ROU.7.42_1,12,2023,0,0
ROU.7.44_1,12,2023,0,0
ROU.7.48_1,12,2023,0,0
ROU.7.50_1,12,2023,0,0
ROU.7.52_1,12,2023,0,0
ROU.7.57_1,12,2023,0,0
ROU.8.10_1,12,2023,0,0
ROU.8.11_1,12,2023,0,0
ROU.8.12_1,12,2023,0,0
ROU.8.13_1,12,2023,0,0
ROU.8.14_1,12,2023,0,0
ROU.8.15_1,12,2023,0,0
ROU.8.16_1,12,2023,0,0
ROU.8.17_1,12,2023,0,0
ROU.8.18_1,12,2023,0,0
ROU.8.19_1,12,2023,0,0
ROU.8.1_1,12,2023,0,0
ROU.8.20_1,12,2023,0,0
ROU.8.21_1,12,2023,0,0
ROU.8.22_1,12,2023,0,0
ROU.8.23_1,12,2023,0,0
ROU.8.24_1,12,2023,0,0
ROU.8.25_1,12,2023,0,0
ROU.8.26_1,12,2023,0,0
ROU.8.27_1,12,2023,0,0
ROU.8.28_1,12,2023,0,0
ROU.8.29_1,12,2023,0,0
ROU.8.2_1,12,2023,0,0
ROU.8.30_1,12,2023,0,0
ROU.8.31_1,12,2023,0,0
ROU.8.32_1,12,2023,0,0
ROU.8.33_1,12,2023,0,0
ROU.8.34_1,12,2023,0,0
ROU.8.35_1,12,2023,0,0
ROU.8.36_1,12,2023,0,0
ROU.8.37_1,12,2023,0,0
ROU.8.38_1,12,2023,0,0
ROU.8.39_1,12,2023,0,0
ROU.8.3_1,12,2023,0,0
ROU.8.40_1,12,2023,0,0
ROU.8.41_1,12,2023,0,0
ROU.8.42_1,12,2023,0,0
ROU.8.43_1,12,2023,0,0
ROU.8.44_1,12,2023,0,0
ROU.8.45_1,12,2023,0,0
ROU.8.46_1,12,2023,0,0
ROU.8.47_1,12,2023,0,0
ROU.8.49_1,12,2023,0,0
ROU.8.4_1,12,2023,0,0
ROU.8.50_1,12,2023,0,0
ROU.8.51_1,12,2023,0,0
ROU.8.52_1,12,2023,0,0
ROU.8.5_1,12,2023,0,0
ROU.8.6_1,12,2023,0,0
ROU.8.7_1,12,2023,0,0
ROU.8.8_1,12,2023,0,0
ROU.8.9_1,12,2023,0,0
ROU.9.10_1,12,2023,0,0
ROU.9.18_1,12,2023,0,0
ROU.9.2_1,12,2023,0,0
ROU.9.39_1,12,2023,0,0
ROU.9.5_1,12,2023,0,0
RUS.1.4_1,12,2023,0,0
RUS.13.10_1,12,2023,0,0
RUS.13.11_1,12,2023,0,0
RUS.13.12_1,12,2023,0,0
RUS.13.13_1,12,2023,0,0
RUS.13.14_1,12,2023,0,0
RUS.13.15_1,12,2023,0,0
RUS.13.16_1,12,2023,0,0
RUS.13.17_1,12,2023,0,0
RUS.13.18_1,12,2023,0,0
RUS.13.19_1,12,2023,0,0
RUS.13.1_1,12,2023,0,0
RUS.13.20_1,12,2023,0,0
RUS.13.21_1,12,2023,0,0
RUS.13.22_1,12,2023,0,0
RUS.13.23_1,12,2023,0,0
RUS.13.24_1,12,2023,0,0
RUS.13.25_1,12,2023,0,0
RUS.13.26_1,12,2023,0,0
RUS.13.27_1,12,2023,0,0
RUS.13.28_1,12,2023,0,0
RUS.13.2_1,12,2023,0,0
RUS.13.3_1,12,2023,0,0
RUS.13.4_1,12,2023,0,0
RUS.13.5_1,12,2023,0,0
RUS.13.6_1,12,2023,0,0
RUS.13.7_1,12,2023,0,0
RUS.13.8_1,12,2023,0,0
RUS.13.9_1,12,2023,0,0
RUS.19.13_1,12,2023,0,0
RUS.19.15_1,12,2023,0,0
RUS.19.20_1,12,2023,0,0
RUS.19.23_1,12,2023,0,0
RUS.21.14_1,12,2023,0,0
RUS.21.1_1,12,2023,0,0
RUS.31.12_1,12,2023,0,0
RUS.31.13_1,12,2023,0,0
RUS.31.18_1,12,2023,0,0
RUS.31.23_1,12,2023,0,0
RUS.31.24_1,12,2023,0,0
RUS.31.25_1,12,2023,0,0
RUS.31.26_1,12,2023,0,0
RUS.31.27_1,12,2023,0,0
RUS.31.28_1,12,2023,0,0
RUS.31.29_1,12,2023,0,0
RUS.31.2_1,12,2023,0,0
RUS.31.31_1,12,2023,0,0
RUS.31.33_1,12,2023,0,0
RUS.31.34_1,12,2023,0,0
RUS.31.38_1,12,2023,0,0
RUS.31.41_1,12,2023,0,0
RUS.31.42_1,12,2023,0,0
RUS.31.5_1,12,2023,0,0
RUS.31.7_1,12,2023,0,0
RUS.32.8_1,12,2023,0,0
RUS.33.12_1,12,2023,0,0
RUS.33.14_1,12,2023,0,0
RUS.33.20_1,12,2023,0,0
RUS.33.24_1,12,2023,0,0
RUS.33.26_1,12,2023,0,0
RUS.33.31_1,12,2023,0,0
RUS.41.10_1,12,2023,0,0
RUS.41.12_1,12,2023,0,0
RUS.41.13_1,12,2023,0,0
RUS.41.14_1,12,2023,0,0
RUS.41.15_1,12,2023,0,0
RUS.41.16_1,12,2023,0,0
RUS.41.1_1,12,2023,0,0
RUS.41.2_1,12,2023,0,0
RUS.41.3_1,12,2023,0,0
RUS.41.4_1,12,2023,0,0
RUS.41.5_1,12,2023,0,0
RUS.41.7_1,12,2023,0,0
RUS.41.8_1,12,2023,0,0
RUS.41.9_1,12,2023,0,0
RUS.42.10_1,12,2023,0,0
RUS.42.11_1,12,2023,0,0
RUS.42.12_1,12,2023,0,0
RUS.42.13_1,12,2023,0,0
RUS.42.14_1,12,2023,0,0
RUS.42.15_1,12,2023,0,0
RUS.42.16_1,12,2023,0,0
RUS.42.17_1,12,2023,0,0
RUS.42.18_1,12,2023,0,0
RUS.42.19_1,12,2023,0,0
RUS.42.1_1,12,2023,0,0
RUS.42.20_1,12,2023,0,0
RUS.42.21_1,12,2023,0,0
RUS.42.22_1,12,2023,0,0
RUS.42.23_1,12,2023,0,0
RUS.42.24_1,12,2023,0,0
RUS.42.25_1,12,2023,0,0
RUS.42.2_1,12,2023,0,0
RUS.42.3_1,12,2023,0,0
RUS.42.4_1,12,2023,0,0
RUS.42.5_1,12,2023,0,0
RUS.42.6_1,12,2023,0,0
RUS.42.7_1,12,2023,0,0
RUS.42.8_1,12,2023,0,0
RUS.42.9_1,12,2023,0,0
RUS.47.10_1,12,2023,0,0
RUS.47.11_1,12,2023,0,0
RUS.47.12_1,12,2023,0,0
RUS.47.13_1,12,2023,0,0
RUS.47.14_1,12,2023,0,0
RUS.47.15_1,12,2023,0,0
RUS.47.16_1,12,2023,0,0
RUS.47.17_1,12,2023,0,0
RUS.47.18_1,12,2023,0,0
RUS.47.19_1,12,2023,0,0
RUS.47.1_1,12,2023,0,0
RUS.47.20_1,12,2023,0,0
RUS.47.21_1,12,2023,0,0
RUS.47.22_1,12,2023,0,0
RUS.47.23_1,12,2023,0,0
RUS.47.24_1,12,2023,0,0
RUS.47.25_1,12,2023,0,0
RUS.47.26_1,12,2023,0,0
RUS.47.27_1,12,2023,0,0
RUS.47.28_1,12,2023,0,0
RUS.47.29_1,12,2023,0,0
RUS.47.2_1,12,2023,0,0
RUS.47.30_1,12,2023,0,0
RUS.47.31_1,12,2023,0,0
RUS.47.32_1,12,2023,0,0
RUS.47.33_1,12,2023,0,0
RUS.47.34_1,12,2023,0,0
RUS.47.35_1,12,2023,0,0
RUS.47.36_1,12,2023,0,0
RUS.47.37_1,12,2023,0,0
RUS.47.38_1,12,2023,0,0
RUS.47.39_1,12,2023,0,0
RUS.47.3_1,12,2023,0,0
RUS.47.40_1,12,2023,0,0
RUS.47.41_1,12,2023,0,0
RUS.47.42_1,12,2023,0,0
RUS.47.43_1,12,2023,0,0
RUS.47.44_1,12,2023,0,0
RUS.47.45_1,12,2023,0,0
RUS.47.46_1,12,2023,0,0
RUS.47.47_1,12,2023,0,0
RUS.47.48_1,12,2023,0,0
RUS.47.49_1,12,2023,0,0
RUS.47.4_1,12,2023,0,0
RUS.47.50_1,12,2023,0,0
RUS.47.51_1,12,2023,0,0
RUS.47.52_1,12,2023,0,0
RUS.47.53_1,12,2023,0,0
RUS.47.54_1,12,2023,0,0
RUS.47.55_1,12,2023,0,0
RUS.47.56_1,12,2023,0,0
RUS.47.57_1,12,2023,0,0
RUS.47.5_1,12,2023,0,0
RUS.47.6_1,12,2023,0,0
RUS.47.7_1,12,2023,0,0
RUS.47.8_1,12,2023,0,0
RUS.47.9_1,12,2023,0,0
RUS.54.10_1,12,2023,0,0
RUS.54.11_1,12,2023,0,0
RUS.54.12_1,12,2023,0,0
RUS.54.13_1,12,2023,0,0
RUS.54.14_1,12,2023,0,0
RUS.54.15_1,12,2023,0,0
RUS.54.16_1,12,2023,0,0
RUS.54.17_1,12,2023,0,0
RUS.54.18_1,12,2023,0,0
RUS.54.19_1,12,2023,0,0
RUS.54.1_1,12,2023,0,0
RUS.54.20_1,12,2023,0,0
RUS.54.21_1,12,2023,0,0
RUS.54.22_1,12,2023,0,0
RUS.54.23_1,12,2023,0,0
RUS.54.24_1,12,2023,0,0
RUS.54.25_1,12,2023,0,0
RUS.54.26_1,12,2023,0,0
RUS.54.27_1,12,2023,0,0
RUS.54.28_1,12,2023,0,0
RUS.54.29_1,12,2023,0,0
RUS.54.2_1,12,2023,0,0
RUS.54.30_1,12,2023,0,0
RUS.54.31_1,12,2023,0,0
RUS.54.32_1,12,2023,0,0
RUS.54.3_1,12,2023,0,0
RUS.54.4_1,12,2023,0,0
RUS.54.5_1,12,2023,0,0
RUS.54.6_1,12,2023,0,0
RUS.54.7_1,12,2023,0,0
RUS.54.8_1,12,2023,0,0
RUS.54.9_1,12,2023,0,0
RUS.57.23_1,12,2023,0,0
RUS.57.25_1,12,2023,0,0
RUS.57.8_1,12,2023,0,0
RUS.59.21_1,12,2023,0,0
RUS.59.22_1,12,2023,0,0
RUS.59.23_1,12,2023,0,0
RUS.59.2_1,12,2023,0,0
RUS.59.3_1,12,2023,0,0
RUS.59.5_1,12,2023,0,0
RUS.62.11_1,12,2023,0,0
RUS.62.20_1,12,2023,0,0
RUS.62.24_1,12,2023,0,0
RUS.62.28_1,12,2023,0,0
RUS.62.29_1,12,2023,0,0
RUS.62.2_1,12,2023,0,0
RUS.62.30_1,12,2023,0,0
RUS.62.31_1,12,2023,0,0
RUS.62.34_1,12,2023,0,0
RUS.63.10_1,12,2023,0,0
RUS.63.11_1,12,2023,0,0
RUS.63.12_1,12,2023,0,0
RUS.63.13_1,12,2023,0,0
RUS.63.14_1,12,2023,0,0
RUS.63.15_1,12,2023,0,0
RUS.63.16_1,12,2023,0,0
RUS.63.17_1,12,2023,0,0
RUS.63.18_1,12,2023,0,0
RUS.63.19_1,12,2023,0,0
RUS.63.1_1,12,2023,0,0
RUS.63.20_1,12,2023,0,0
RUS.63.21_1,12,2023,0,0
RUS.63.22_1,12,2023,0,0
RUS.63.23_1,12,2023,0,0
RUS.63.24_1,12,2023,0,0
RUS.63.25_1,12,2023,0,0
RUS.63.26_1,12,2023,0,0
RUS.63.27_1,12,2023,0,0
RUS.63.28_1,12,2023,0,0
RUS.63.29_1,12,2023,0,0
RUS.63.2_1,12,2023,0,0
RUS.63.30_1,12,2023,0,0
RUS.63.33_1,12,2023,0,0
RUS.63.34_1,12,2023,0,0
RUS.63.35_1,12,2023,0,0
RUS.63.36_1,12,2023,0,0
RUS.63.37_1,12,2023,0,0
RUS.63.38_1,12,2023,0,0
RUS.63.39_1,12,2023,0,0
RUS.63.3_1,12,2023,0,0
RUS.63.40_1,12,2023,0,0
RUS.63.41_1,12,2023,0,0
RUS.63.42_1,12,2023,0,0
RUS.63.43_1,12,2023,0,0
RUS.63.44_1,12,2023,0,0
RUS.63.45_1,12,2023,0,0
RUS.63.46_1,12,2023,0,0
RUS.63.47_1,12,2023,0,0
RUS.63.48_1,12,2023,0,0
RUS.63.49_1,12,2023,0,0
RUS.63.4_1,12,2023,0,0
RUS.63.5_1,12,2023,0,0
RUS.63.6_1,12,2023,0,0
RUS.63.7_1,12,2023,0,0
RUS.63.8_1,12,2023,0,0
RUS.63.9_1,12,2023,0,0
RUS.64.11_1,12,2023,0,0
RUS.64.13_1,12,2023,0,0
RUS.64.14_1,12,2023,0,0
RUS.64.19_1,12,2023,0,0
RUS.64.22_1,12,2023,0,0
RUS.64.28_1,12,2023,0,0
RUS.64.6_1,12,2023,0,0
RUS.67.11_1,12,2023,0,0
RUS.67.12_1,12,2023,0,0
RUS.67.16_1,12,2023,0,0
RUS.67.26_1,12,2023,0,0
RUS.67.2_1,12,2023,0,0
RUS.67.3_1,12,2023,0,0
RUS.68.10_1,12,2023,0,0
RUS.68.17_1,12,2023,0,0
RUS.68.21_1,12,2023,0,0
RUS.68.22_1,12,2023,0,0
RUS.68.24_1,12,2023,0,0
RUS.68.40_1,12,2023,0,0
RUS.68.41_1,12,2023,0,0
RUS.68.44_1,12,2023,0,0
RUS.68.45_1,12,2023,0,0
RUS.68.46_1,12,2023,0,0
RUS.68.52_1,12,2023,0,0
RUS.68.53_1,12,2023,0,0
RUS.68.8_1,12,2023,0,0
RUS.75.10_1,12,2023,0,0
RUS.75.11_1,12,2023,0,0
RUS.75.13_1,12,2023,0,0
RUS.75.14_1,12,2023,0,0
RUS.75.15_1,12,2023,0,0
RUS.75.16_1,12,2023,0,0
RUS.75.17_1,12,2023,0,0
RUS.75.18_1,12,2023,0,0
RUS.75.19_1,12,2023,0,0
RUS.75.1_1,12,2023,0,0
RUS.75.20_1,12,2023,0,0
RUS.75.21_1,12,2023,0,0
RUS.75.22_1,12,2023,0,0
RUS.75.23_1,12,2023,0,0
RUS.75.24_1,12,2023,0,0
RUS.75.25_1,12,2023,0,0
RUS.75.2_1,12,2023,0,0
RUS.75.3_1,12,2023,0,0
RUS.75.4_1,12,2023,0,0
RUS.75.6_1,12,2023,0,0
RUS.75.7_1,12,2023,0,0
RUS.75.8_1,12,2023,0,0
RUS.75.9_1,12,2023,0,0
RUS.76.10_1,12,2023,0,0
RUS.76.11_1,12,2023,0,0
RUS.76.12_1,12,2023,0,0
RUS.76.2_1,12,2023,0,0
RUS.77.13_1,12,2023,0,0
RUS.77.14_1,12,2023,0,0
RUS.77.24_1,12,2023,0,0
RUS.77.31_1,12,2023,0,0
RUS.77.38_1,12,2023,0,0
RUS.77.6_1,12,2023,0,0
RUS.78.9_1,12,2023,0,0
RUS.79.26_1,12,2023,0,0
RUS.79.5_1,12,2023,0,0
RUS.8.10_1,12,2023,0,0
RUS.8.14_1,12,2023,0,0
RUS.8.18_1,12,2023,0,0
RUS.8.24_1,12,2023,0,0
RUS.8.31_1,12,2023,0,0
RUS.8.7_1,12,2023,0,0
RUS.8.9_1,12,2023,0,0
SRB.1.1_1,12,2023,0,0
SRB.1.2_1,12,2023,0,0
SRB.1.3_1,12,2023,0,0
SRB.1.4_1,12,2023,0,0
SRB.10.1_1,12,2023,0,0
SRB.10.2_1,12,2023,0,0
SRB.10.3_1,12,2023,0,0
SRB.10.4_1,12,2023,0,0
SRB.10.5_1,12,2023,0,0
SRB.10.6_1,12,2023,0,0
SRB.10.7_1,12,2023,0,0
SRB.11.1_1,12,2023,0,0
SRB.11.2_1,12,2023,0,0
SRB.11.3_1,12,2023,0,0
SRB.11.4_1,12,2023,0,0
SRB.11.5_1,12,2023,0,0
SRB.11.6_1,12,2023,0,0
SRB.11.7_1,12,2023,0,0
SRB.12.1_1,12,2023,0,0
SRB.12.2_1,12,2023,0,0
SRB.12.3_1,12,2023,0,0
SRB.12.4_1,12,2023,0,0
SRB.13.1_1,12,2023,0,0
SRB.13.2_1,12,2023,0,0
SRB.13.3_1,12,2023,0,0
SRB.14.1_1,12,2023,0,0
SRB.14.2_1,12,2023,0,0
SRB.14.3_1,12,2023,0,0
SRB.14.4_1,12,2023,0,0
SRB.14.5_1,12,2023,0,0
SRB.14.6_1,12,2023,0,0
SRB.15.1_1,12,2023,0,0
SRB.15.2_1,12,2023,0,0
SRB.15.3_1,12,2023,0,0
SRB.15.4_1,12,2023,0,0
SRB.15.5_1,12,2023,0,0
SRB.15.6_1,12,2023,0,0
SRB.16.1_1,12,2023,0,0
SRB.16.2_1,12,2023,0,0
SRB.16.3_1,12,2023,0,0
SRB.16.4_1,12,2023,0,0
SRB.16.5_1,12,2023,0,0
SRB.17.1_1,12,2023,0,0
SRB.17.2_1,12,2023,0,0
SRB.17.3_1,12,2023,0,0
SRB.18.1_1,12,2023,0,0
SRB.18.2_1,12,2023,0,0
SRB.18.3_1,12,2023,0,0
SRB.18.4_1,12,2023,0,0
SRB.18.5_1,12,2023,0,0
SRB.18.6_1,12,2023,0,0
SRB.19.1_1,12,2023,0,0
SRB.19.2_1,12,2023,0,0
SRB.19.3_1,12,2023,0,0
SRB.19.4_1,12,2023,0,0
SRB.19.5_1,12,2023,0,0
SRB.2.1_1,12,2023,0,0
SRB.2.2_1,12,2023,0,0
SRB.2.3_1,12,2023,0,0
SRB.2.4_1,12,2023,0,0
SRB.2.5_1,12,2023,0,0
SRB.2.6_1,12,2023,0,0
SRB.2.7_1,12,2023,0,0
SRB.2.8_1,12,2023,0,0
SRB.20.1_1,12,2023,0,0
SRB.20.2_1,12,2023,0,0
SRB.20.3_1,12,2023,0,0
SRB.20.4_1,12,2023,0,0
SRB.20.5_1,12,2023,0,0
SRB.20.6_1,12,2023,0,0
SRB.20.7_1,12,2023,0,0
SRB.21.1_1,12,2023,0,0
SRB.21.2_1,12,2023,0,0
SRB.21.3_1,12,2023,0,0
SRB.21.4_1,12,2023,0,0
SRB.21.5_1,12,2023,0,0
SRB.21.6_1,12,2023,0,0
SRB.21.7_1,12,2023,0,0
SRB.22.1_1,12,2023,0,0
SRB.22.2_1,12,2023,0,0
SRB.22.3_1,12,2023,0,0
SRB.22.4_1,12,2023,0,0
SRB.23.1_1,12,2023,0,0
SRB.23.2_1,12,2023,0,0
SRB.23.3_1,12,2023,0,0
SRB.23.4_1,12,2023,0,0
SRB.24.1_1,12,2023,0,0
SRB.24.2_1,12,2023,0,0
SRB.24.3_1,12,2023,0,0
SRB.24.4_1,12,2023,0,0
SRB.25.10_1,12,2023,0,0
SRB.25.1_1,12,2023,0,0
SRB.25.2_1,12,2023,0,0
SRB.25.3_1,12,2023,0,0
SRB.25.4_1,12,2023,0,0
SRB.25.5_1,12,2023,0,0
SRB.25.6_1,12,2023,0,0
SRB.25.7_1,12,2023,0,0
SRB.25.8_1,12,2023,0,0
SRB.25.9_1,12,2023,0,0
SRB.3.10_1,12,2023,0,0
SRB.3.11_1,12,2023,0,0
SRB.3.12_1,12,2023,0,0
SRB.3.13_1,12,2023,0,0
SRB.3.14_1,12,2023,0,0
SRB.3.15_1,12,2023,0,0
SRB.3.16_1,12,2023,0,0
SRB.3.17_1,12,2023,0,0
SRB.3.1_1,12,2023,0,0
SRB.3.2_1,12,2023,0,0
SRB.3.3_1,12,2023,0,0
SRB.3.4_1,12,2023,0,0
SRB.3.5_1,12,2023,0,0
SRB.3.6_1,12,2023,0,0
SRB.3.7_1,12,2023,0,0
SRB.3.8_1,12,2023,0,0
SRB.3.9_1,12,2023,0,0
SRB.4.1_1,12,2023,0,0
SRB.4.2_1,12,2023,0,0
SRB.4.3_1,12,2023,0,0
SRB.4.4_1,12,2023,0,0
SRB.4.5_1,12,2023,0,0
SRB.4.6_1,12,2023,0,0
SRB.5.10_1,12,2023,0,0
SRB.5.11_1,12,2023,0,0
SRB.5.12_1,12,2023,0,0
SRB.5.1_1,12,2023,0,0
SRB.5.2_1,12,2023,0,0
SRB.5.3_1,12,2023,0,0
SRB.5.4_1,12,2023,0,0
SRB.5.5_1,12,2023,0,0
SRB.5.6_1,12,2023,0,0
SRB.5.7_1,12,2023,0,0
SRB.5.8_1,12,2023,0,0
SRB.5.9_1,12,2023,0,0
SRB.6.1_1,12,2023,0,0
SRB.6.2_1,12,2023,0,0
SRB.6.3_1,12,2023,0,0
SRB.6.4_1,12,2023,0,0
SRB.6.5_1,12,2023,0,0
SRB.6.6_1,12,2023,0,0
SRB.6.7_1,12,2023,0,0
SRB.6.8_1,12,2023,0,0
SRB.7.1_1,12,2023,0,0
SRB.7.2_1,12,2023,0,0
SRB.7.3_1,12,2023,0,0
SRB.7.4_1,12,2023,0,0
SRB.7.5_1,12,2023,0,0
SRB.7.6_1,12,2023,0,0
SRB.8.1_1,12,2023,0,0
SRB.8.2_1,12,2023,0,0
SRB.8.3_1,12,2023,0,0
SRB.8.4_1,12,2023,0,0
SRB.8.5_1,12,2023,0,0
SRB.8.6_1,12,2023,0,0
SRB.8.7_1,12,2023,0,0
SRB.8.8_1,12,2023,0,0
SRB.9.1_1,12,2023,0,0
SRB.9.2_1,12,2023,0,0
SRB.9.3_1,12,2023,0,0
SRB.9.4_1,12,2023,0,0
SVK.1.10_1,12,2023,0,0
SVK.1.11_1,12,2023,0,0
SVK.1.12_1,12,2023,0,0
SVK.1.13_1,12,2023,0,0
SVK.1.1_1,12,2023,0,0
SVK.1.2_1,12,2023,0,0
SVK.1.3_1,12,2023,0,0
SVK.1.4_1,12,2023,0,0
SVK.1.5_1,12,2023,0,0
SVK.1.6_1,12,2023,0,0
SVK.1.7_1,12,2023,0,0
SVK.1.8_1,12,2023,0,0
SVK.1.9_1,12,2023,0,0
SVK.2.1_1,12,2023,0,0
SVK.2.2_1,12,2023,0,0
SVK.2.3_1,12,2023,0,0
SVK.2.4_1,12,2023,0,0
SVK.2.5_1,12,2023,0,0
SVK.2.6_1,12,2023,0,0
SVK.2.7_1,12,2023,0,0
SVK.2.8_1,12,2023,0,0
SVK.3.10_1,12,2023,0,0
SVK.3.11_1,12,2023,0,0
SVK.3.1_1,12,2023,0,0
SVK.3.2_1,12,2023,0,0
SVK.3.3_1,12,2023,0,0
SVK.3.4_1,12,2023,0,0
SVK.3.5_1,12,2023,0,0
SVK.3.6_1,12,2023,0,0
SVK.3.7_1,12,2023,0,0
SVK.3.8_1,12,2023,0,0
SVK.3.9_1,12,2023,0,0
SVK.4.1_1,12,2023,0,0
SVK.4.2_1,12,2023,0,0
SVK.4.3_1,12,2023,0,0
SVK.4.4_1,12,2023,0,0
SVK.4.5_1,12,2023,0,0
SVK.4.6_1,12,2023,0,0
SVK.4.7_1,12,2023,0,0
SVK.5.10_1,12,2023,0,0
SVK.5.11_1,12,2023,0,0
SVK.5.12_1,12,2023,0,0
SVK.5.13_1,12,2023,0,0
SVK.5.1_1,12,2023,0,0
SVK.5.2_1,12,2023,0,0
SVK.5.3_1,12,2023,0,0
SVK.5.4_1,12,2023,0,0
SVK.5.5_1,12,2023,0,0
SVK.5.6_1,12,2023,0,0
SVK.5.7_1,12,2023,0,0
SVK.5.8_1,12,2023,0,0
SVK.5.9_1,12,2023,0,0
SVK.6.1_1,12,2023,0,0
SVK.6.2_1,12,2023,0,0
SVK.6.3_1,12,2023,0,0
SVK.6.4_1,12,2023,0,0
SVK.6.5_1,12,2023,0,0
SVK.6.6_1,12,2023,0,0
SVK.6.7_1,12,2023,0,0
SVK.6.8_1,12,2023,0,0
SVK.6.9_1,12,2023,0,0
SVK.7.1_1,12,2023,0,0
SVK.7.2_1,12,2023,0,0
SVK.7.3_1,12,2023,0,0
SVK.7.4_1,12,2023,0,0
SVK.7.5_1,12,2023,0,0
SVK.7.6_1,12,2023,0,0
SVK.7.7_1,12,2023,0,0
SVK.8.10_1,12,2023,0,0
SVK.8.11_1,12,2023,0,0
SVK.8.1_1,12,2023,0,0
SVK.8.2_1,12,2023,0,0
SVK.8.3_1,12,2023,0,0
SVK.8.4_1,12,2023,0,0
SVK.8.5_1,12,2023,0,0
SVK.8.6_1,12,2023,0,0
SVK.8.7_1,12,2023,0,0
SVK.8.8_1,12,2023,0,0
SVK.8.9_1,12,2023,0,0
SVN.1.10_1,12,2023,0,0
SVN.1.11_1,12,2023,0,0
SVN.1.12_1,12,2023,0,0
SVN.1.13_1,12,2023,0,0
SVN.1.14_1,12,2023,0,0
SVN.1.15_1,12,2023,0,0
SVN.1.16_1,12,2023,0,0
SVN.1.17_1,12,2023,0,0
SVN.1.1_1,12,2023,0,0
SVN.1.2_1,12,2023,0,0
SVN.1.3_1,12,2023,0,0
SVN.1.4_1,12,2023,0,0
SVN.1.5_1,12,2023,0,0
SVN.1.6_1,12,2023,0,0
SVN.1.7_1,12,2023,0,0
SVN.1.8_1,12,2023,0,0
SVN.1.9_1,12,2023,0,0
SVN.10.10_1,12,2023,0,0
SVN.10.11_1,12,2023,0,0
SVN.10.12_1,12,2023,0,0
SVN.10.13_1,12,2023,0,0
SVN.10.14_1,12,2023,0,0
SVN.10.15_1,12,2023,0,0
SVN.10.16_1,12,2023,0,0
SVN.10.17_1,12,2023,0,0
SVN.10.18_1,12,2023,0,0
SVN.10.19_1,12,2023,0,0
SVN.10.1_1,12,2023,0,0
SVN.10.20_1,12,2023,0,0
SVN.10.21_1,12,2023,0,0
SVN.10.22_1,12,2023,0,0
SVN.10.23_1,12,2023,0,0
SVN.10.24_1,12,2023,0,0
SVN.10.25_1,12,2023,0,0
SVN.10.26_1,12,2023,0,0
SVN.10.27_1,12,2023,0,0
SVN.10.28_1,12,2023,0,0
SVN.10.29_1,12,2023,0,0
SVN.10.2_1,12,2023,0,0
SVN.10.30_1,12,2023,0,0
SVN.10.31_1,12,2023,0,0
SVN.10.32_1,12,2023,0,0
SVN.10.3_1,12,2023,0,0
SVN.10.4_1,12,2023,0,0
SVN.10.5_1,12,2023,0,0
SVN.10.6_1,12,2023,0,0
SVN.10.7_1,12,2023,0,0
SVN.10.8_1,12,2023,0,0
SVN.10.9_1,12,2023,0,0
SVN.11.1_1,12,2023,0,0
SVN.11.2_1,12,2023,0,0
SVN.11.3_1,12,2023,0,0
SVN.12.1_1,12,2023,0,0
SVN.12.2_1,12,2023,0,0
SVN.12.3_1,12,2023,0,0
SVN.2.10_1,12,2023,0,0
SVN.2.11_1,12,2023,0,0
SVN.2.12_1,12,2023,0,0
SVN.2.1_1,12,2023,0,0
SVN.2.2_1,12,2023,0,0
SVN.2.3_1,12,2023,0,0
SVN.2.4_1,12,2023,0,0
SVN.2.5_1,12,2023,0,0
SVN.2.6_1,12,2023,0,0
SVN.2.7_1,12,2023,0,0
SVN.2.8_1,12,2023,0,0
SVN.2.9_1,12,2023,0,0
SVN.3.10_1,12,2023,0,0
SVN.3.11_1,12,2023,0,0
SVN.3.12_1,12,2023,0,0
SVN.3.13_1,12,2023,0,0
SVN.3.14_1,12,2023,0,0
SVN.3.15_1,12,2023,0,0
SVN.3.16_1,12,2023,0,0
SVN.3.1_1,12,2023,0,0
SVN.3.2_1,12,2023,0,0
SVN.3.3_1,12,2023,0,0
SVN.3.4_1,12,2023,0,0
SVN.3.5_1,12,2023,0,0
SVN.3.6_1,12,2023,0,0
SVN.3.7_1,12,2023,0,0
SVN.3.8_1,12,2023,0,0
SVN.3.9_1,12,2023,0,0
SVN.4.10_1,12,2023,0,0
SVN.4.11_1,12,2023,0,0
SVN.4.12_1,12,2023,0,0
SVN.4.1_1,12,2023,0,0
SVN.4.2_1,12,2023,0,0
SVN.4.3_1,12,2023,0,0
SVN.4.4_1,12,2023,0,0
SVN.4.5_1,12,2023,0,0
SVN.4.6_1,12,2023,0,0
SVN.4.7_1,12,2023,0,0
SVN.4.8_1,12,2023,0,0
SVN.4.9_1,12,2023,0,0
SVN.5.1_1,12,2023,0,0
SVN.5.2_1,12,2023,0,0
SVN.5.3_1,12,2023,0,0
SVN.5.4_1,12,2023,0,0
SVN.5.5_1,12,2023,0,0
SVN.5.6_1,12,2023,0,0
SVN.6.1_1,12,2023,0,0
SVN.6.2_1,12,2023,0,0
SVN.6.3_1,12,2023,0,0
SVN.6.4_1,12,2023,0,0
SVN.6.5_1,12,2023,0,0
SVN.6.6_1,12,2023,0,0
SVN.6.7_1,12,2023,0,0
SVN.7.10_1,12,2023,0,0
SVN.7.11_1,12,2023,0,0
SVN.7.12_1,12,2023,0,0
SVN.7.13_1,12,2023,0,0
SVN.7.14_1,12,2023,0,0
SVN.7.15_1,12,2023,0,0
SVN.7.16_1,12,2023,0,0
SVN.7.17_1,12,2023,0,0
SVN.7.18_1,12,2023,0,0
SVN.7.19_1,12,2023,0,0
SVN.7.1_1,12,2023,0,0
SVN.7.20_1,12,2023,0,0
SVN.7.21_1,12,2023,0,0
SVN.7.22_1,12,2023,0,0
SVN.7.23_1,12,2023,0,0
SVN.7.24_1,12,2023,0,0
SVN.7.2_1,12,2023,0,0
SVN.7.3_1,12,2023,0,0
SVN.7.4_1,12,2023,0,0
SVN.7.5_1,12,2023,0,0
SVN.7.6_1,12,2023,0,0
SVN.7.7_1,12,2023,0,0
SVN.7.8_1,12,2023,0,0
SVN.7.9_1,12,2023,0,0
SVN.8.10_1,12,2023,0,0
SVN.8.11_1,12,2023,0,0
SVN.8.12_1,12,2023,0,0
SVN.8.13_1,12,2023,0,0
SVN.8.14_1,12,2023,0,0
SVN.8.15_1,12,2023,0,0
SVN.8.16_1,12,2023,0,0
SVN.8.17_1,12,2023,0,0
SVN.8.18_1,12,2023,0,0
SVN.8.19_1,12,2023,0,0
SVN.8.1_1,12,2023,0,0
SVN.8.20_1,12,2023,0,0
SVN.8.21_1,12,2023,0,0
SVN.8.22_1,12,2023,0,0
SVN.8.23_1,12,2023,0,0
SVN.8.24_1,12,2023,0,0
SVN.8.25_1,12,2023,0,0
SVN.8.26_1,12,2023,0,0
SVN.8.27_1,12,2023,0,0
SVN.8.28_1,12,2023,0,0
SVN.8.29_1,12,2023,0,0
SVN.8.2_1,12,2023,0,0
SVN.8.30_1,12,2023,0,0
SVN.8.31_1,12,2023,0,0
SVN.8.32_1,12,2023,0,0
SVN.8.33_1,12,2023,0,0
SVN.8.34_1,12,2023,0,0
SVN.8.3_1,12,2023,0,0
SVN.8.4_1,12,2023,0,0
SVN.8.5_1,12,2023,0,0
SVN.8.6_1,12,2023,0,0
SVN.8.7_1,12,2023,0,0
SVN.8.8_1,12,2023,0,0
SVN.8.9_1,12,2023,0,0
SVN.9.10_1,12,2023,0,0
SVN.9.11_1,12,2023,0,0
SVN.9.12_1,12,2023,0,0
SVN.9.13_1,12,2023,0,0
SVN.9.14_1,12,2023,0,0
SVN.9.15_1,12,2023,0,0
SVN.9.16_1,12,2023,0,0
SVN.9.17_1,12,2023,0,0
SVN.9.18_1,12,2023,0,0
SVN.9.19_1,12,2023,0,0
SVN.9.1_1,12,2023,0,0
SVN.9.20_1,12,2023,0,0
SVN.9.21_1,12,2023,0,0
SVN.9.22_1,12,2023,0,0
SVN.9.23_1,12,2023,0,0
SVN.9.24_1,12,2023,0,0
SVN.9.25_1,12,2023,0,0
SVN.9.26_1,12,2023,0,0
SVN.9.2_1,12,2023,0,0
SVN.9.3_1,12,2023,0,0
SVN.9.4_1,12,2023,0,0
SVN.9.5_1,12,2023,0,0
SVN.9.6_1,12,2023,0,0
SVN.9.7_1,12,2023,0,0
SVN.9.8_1,12,2023,0,0
SVN.9.9_1,12,2023,0,0
SWE.1.3_1,12,2023,0,0
SWE.11.10_1,12,2023,0,0
SWE.11.12_1,12,2023,0,0
SWE.11.1_1,12,2023,0,0
SWE.11.2_1,12,2023,0,0
SWE.11.3_1,12,2023,0,0
SWE.11.5_1,12,2023,0,0
SWE.11.7_1,12,2023,0,0
SWE.11.9_1,12,2023,0,0
SWE.12.11_1,12,2023,0,0
SWE.12.7_1,12,2023,0,0
SWE.12.9_1,12,2023,0,0
SWE.13.10_1,12,2023,0,0
SWE.13.11_1,12,2023,0,0
SWE.13.12_1,12,2023,0,0
SWE.13.13_1,12,2023,0,0
SWE.13.14_1,12,2023,0,0
SWE.13.15_1,12,2023,0,0
SWE.13.16_1,12,2023,0,0
SWE.13.17_1,12,2023,0,0
SWE.13.18_1,12,2023,0,0
SWE.13.19_1,12,2023,0,0
SWE.13.1_1,12,2023,0,0
SWE.13.20_1,12,2023,0,0
SWE.13.21_1,12,2023,0,0
SWE.13.22_1,12,2023,0,0
SWE.13.23_1,12,2023,0,0
SWE.13.24_1,12,2023,0,0
SWE.13.25_1,12,2023,0,0
SWE.13.26_1,12,2023,0,0
SWE.13.27_1,12,2023,0,0
SWE.13.28_1,12,2023,0,0
SWE.13.29_1,12,2023,0,0
SWE.13.2_1,12,2023,0,0
SWE.13.30_1,12,2023,0,0
SWE.13.31_1,12,2023,0,0
SWE.13.32_1,12,2023,0,0
SWE.13.33_1,12,2023,0,0
SWE.13.3_1,12,2023,0,0
SWE.13.4_1,12,2023,0,0
SWE.13.5_1,12,2023,0,0
SWE.13.6_1,12,2023,0,0
SWE.13.7_1,12,2023,0,0
SWE.13.8_1,12,2023,0,0
SWE.13.9_1,12,2023,0,0
SWE.14.1_1,12,2023,0,0
SWE.14.3_1,12,2023,0,0
SWE.14.7_1,12,2023,0,0
SWE.14.8_1,12,2023,0,0
SWE.15.10_1,12,2023,0,0
SWE.15.11_1,12,2023,0,0
SWE.15.12_1,12,2023,0,0
SWE.15.13_1,12,2023,0,0
SWE.15.14_1,12,2023,0,0
SWE.15.15_1,12,2023,0,0
SWE.15.16_1,12,2023,0,0
SWE.15.17_1,12,2023,0,0
SWE.15.18_1,12,2023,0,0
SWE.15.19_1,12,2023,0,0
SWE.15.1_1,12,2023,0,0
SWE.15.20_1,12,2023,0,0
SWE.15.21_1,12,2023,0,0
SWE.15.22_1,12,2023,0,0
SWE.15.23_1,12,2023,0,0
SWE.15.24_1,12,2023,0,0
SWE.15.25_1,12,2023,0,0
SWE.15.26_1,12,2023,0,0
SWE.15.2_1,12,2023,0,0
SWE.15.3_1,12,2023,0,0
SWE.15.4_1,12,2023,0,0
SWE.15.5_1,12,2023,0,0
SWE.15.6_1,12,2023,0,0
SWE.15.7_1,12,2023,0,0
SWE.15.8_1,12,2023,0,0
SWE.15.9_1,12,2023,0,0
SWE.16.2_1,12,2023,0,0
SWE.16.3_1,12,2023,0,0
SWE.16.4_1,12,2023,0,0
SWE.16.5_1,12,2023,0,0
SWE.16.6_1,12,2023,0,0
SWE.16.7_1,12,2023,0,0
SWE.17.10_1,12,2023,0,0
SWE.17.11_1,12,2023,0,0
SWE.17.12_1,12,2023,0,0
SWE.17.13_1,12,2023,0,0
SWE.17.14_1,12,2023,0,0
SWE.17.15_1,12,2023,0,0
SWE.17.16_1,12,2023,0,0
SWE.17.1_1,12,2023,0,0
SWE.17.2_1,12,2023,0,0
SWE.17.3_1,12,2023,0,0
SWE.17.4_1,12,2023,0,0
SWE.17.5_1,12,2023,0,0
SWE.17.6_1,12,2023,0,0
SWE.17.7_1,12,2023,0,0
SWE.17.8_1,12,2023,0,0
SWE.17.9_1,12,2023,0,0
SWE.2.14_1,12,2023,0,0
SWE.2.2_1,12,2023,0,0
SWE.2.8_1,12,2023,0,0
SWE.20.10_1,12,2023,0,0
SWE.20.11_1,12,2023,0,0
SWE.20.1_1,12,2023,0,0
SWE.20.2_1,12,2023,0,0
SWE.20.3_1,12,2023,0,0
SWE.20.4_1,12,2023,0,0
SWE.20.5_1,12,2023,0,0
SWE.20.6_1,12,2023,0,0
SWE.20.7_1,12,2023,0,0
SWE.20.8_1,12,2023,0,0
SWE.20.9_1,12,2023,0,0
SWE.21.10_1,12,2023,0,0
SWE.21.11_1,12,2023,0,0
SWE.21.12_1,12,2023,0,0
SWE.21.13_1,12,2023,0,0
SWE.21.14_1,12,2023,0,0
SWE.21.15_1,12,2023,0,0
SWE.21.16_1,12,2023,0,0
SWE.21.17_1,12,2023,0,0
SWE.21.18_1,12,2023,0,0
SWE.21.19_1,12,2023,0,0
SWE.21.1_1,12,2023,0,0
SWE.21.20_1,12,2023,0,0
SWE.21.21_1,12,2023,0,0
SWE.21.22_1,12,2023,0,0
SWE.21.23_1,12,2023,0,0
SWE.21.24_1,12,2023,0,0
SWE.21.25_1,12,2023,0,0
SWE.21.26_1,12,2023,0,0
SWE.21.27_1,12,2023,0,0
SWE.21.28_1,12,2023,0,0
SWE.21.29_1,12,2023,0,0
SWE.21.2_1,12,2023,0,0
SWE.21.30_1,12,2023,0,0
SWE.21.31_1,12,2023,0,0
SWE.21.32_1,12,2023,0,0
SWE.21.33_1,12,2023,0,0
SWE.21.34_1,12,2023,0,0
SWE.21.35_1,12,2023,0,0
SWE.21.36_1,12,2023,0,0
SWE.21.37_1,12,2023,0,0
SWE.21.38_1,12,2023,0,0
SWE.21.39_1,12,2023,0,0
SWE.21.3_1,12,2023,0,0
SWE.21.40_1,12,2023,0,0
SWE.21.41_1,12,2023,0,0
SWE.21.42_1,12,2023,0,0
SWE.21.43_1,12,2023,0,0
SWE.21.44_1,12,2023,0,0
SWE.21.45_1,12,2023,0,0
SWE.21.46_1,12,2023,0,0
SWE.21.47_1,12,2023,0,0
SWE.21.48_1,12,2023,0,0
SWE.21.49_1,12,2023,0,0
SWE.21.4_1,12,2023,0,0
SWE.21.50_1,12,2023,0,0
SWE.21.51_1,12,2023,0,0
SWE.21.5_1,12,2023,0,0
SWE.21.6_1,12,2023,0,0
SWE.21.7_1,12,2023,0,0
SWE.21.8_1,12,2023,0,0
SWE.21.9_1,12,2023,0,0
SWE.5.1_1,12,2023,0,0
SWE.5.4_1,12,2023,0,0
SWE.5.5_1,12,2023,0,0
SWE.5.6_1,12,2023,0,0
SWE.7.3_1,12,2023,0,0
SWE.9.1_1,12,2023,0,0
SWE.9.5_1,12,2023,0,0
TUR.1.10_1,12,2023,0,0
TUR.1.11_1,12,2023,0,0
TUR.1.12_1,12,2023,0,0
TUR.1.13_1,12,2023,0,0
TUR.1.1_1,12,2023,0,0
TUR.1.2_1,12,2023,0,0
TUR.1.3_1,12,2023,0,0
TUR.1.4_1,12,2023,0,0
TUR.1.5_1,12,2023,0,0
TUR.1.6_1,12,2023,0,0
TUR.1.7_1,12,2023,0,0
TUR.1.8_1,12,2023,0,0
TUR.1.9_1,12,2023,0,0
TUR.11.10_1,12,2023,0,0
TUR.11.11_1,12,2023,0,0
TUR.11.12_1,12,2023,0,0
TUR.11.13_1,12,2023,0,0
TUR.11.14_1,12,2023,0,0
TUR.11.15_1,12,2023,0,0
TUR.11.16_1,12,2023,0,0
TUR.11.17_1,12,2023,0,0
TUR.11.1_1,12,2023,0,0
TUR.11.3_1,12,2023,0,0
TUR.11.4_1,12,2023,0,0
TUR.11.5_1,12,2023,0,0
TUR.11.6_1,12,2023,0,0
TUR.11.7_1,12,2023,0,0
TUR.11.8_1,12,2023,0,0
TUR.11.9_1,12,2023,0,0
TUR.12.10_1,12,2023,0,0
TUR.12.11_1,12,2023,0,0
TUR.12.12_1,12,2023,0,0
TUR.12.13_1,12,2023,0,0
TUR.12.14_1,12,2023,0,0
TUR.12.15_1,12,2023,0,0
TUR.12.16_1,12,2023,0,0
TUR.12.17_1,12,2023,0,0
TUR.12.18_1,12,2023,0,0
TUR.12.19_1,12,2023,0,0
TUR.12.1_1,12,2023,0,0
TUR.12.2_1,12,2023,0,0
TUR.12.3_1,12,2023,0,0
TUR.12.4_1,12,2023,0,0
TUR.12.5_1,12,2023,0,0
TUR.12.6_1,12,2023,0,0
TUR.12.7_1,12,2023,0,0
TUR.12.8_1,12,2023,0,0
TUR.12.9_1,12,2023,0,0
TUR.14.1_1,12,2023,0,0
TUR.14.2_1,12,2023,0,0
TUR.14.3_1,12,2023,0,0
TUR.14.4_1,12,2023,0,0
TUR.14.5_1,12,2023,0,0
TUR.14.6_1,12,2023,0,0
TUR.15.2_1,12,2023,0,0
TUR.16.2_1,12,2023,0,0
TUR.16.5_1,12,2023,0,0
TUR.17.2_1,12,2023,0,0
TUR.17.6_1,12,2023,0,0
TUR.17.8_1,12,2023,0,0
TUR.18.1_1,12,2023,0,0
TUR.18.5_1,12,2023,0,0
TUR.18.6_1,12,2023,0,0
TUR.19.2_1,12,2023,0,0
TUR.19.3_1,12,2023,0,0
TUR.19.4_1,12,2023,0,0
TUR.2.1_1,12,2023,0,0
TUR.2.2_1,12,2023,0,0
TUR.2.3_1,12,2023,0,0
TUR.2.4_1,12,2023,0,0
TUR.2.5_1,12,2023,0,0
TUR.2.6_1,12,2023,0,0
TUR.2.7_1,12,2023,0,0
TUR.2.8_1,12,2023,0,0
TUR.2.9_1,12,2023,0,0
TUR.20.2_1,12,2023,0,0
TUR.20.3_1,12,2023,0,0
TUR.20.4_1,12,2023,0,0
TUR.20.8_1,12,2023,0,0
TUR.21.11_1,12,2023,0,0
TUR.21.14_1,12,2023,0,0
TUR.21.1_1,12,2023,0,0
TUR.21.4_1,12,2023,0,0
TUR.21.6_1,12,2023,0,0
TUR.21.7_1,12,2023,0,0
TUR.22.10_1,12,2023,0,0
TUR.22.11_1,12,2023,0,0
TUR.22.12_1,12,2023,0,0
TUR.22.1_1,12,2023,0,0
TUR.22.2_1,12,2023,0,0
TUR.22.3_1,12,2023,0,0
TUR.22.4_1,12,2023,0,0
TUR.22.5_1,12,2023,0,0
TUR.22.6_1,12,2023,0,0
TUR.22.7_1,12,2023,0,0
TUR.22.8_1,12,2023,0,0
TUR.22.9_1,12,2023,0,0
TUR.23.10_1,12,2023,0,0
TUR.23.11_1,12,2023,0,0
TUR.23.4_1,12,2023,0,0
TUR.23.9_1,12,2023,0,0
TUR.25.15_1,12,2023,0,0
TUR.26.10_1,12,2023,0,0
TUR.26.11_1,12,2023,0,0
TUR.26.12_1,12,2023,0,0
TUR.26.13_1,12,2023,0,0
TUR.26.14_1,12,2023,0,0
TUR.26.1_1,12,2023,0,0
TUR.26.2_1,12,2023,0,0
TUR.26.3_1,12,2023,0,0
TUR.26.4_1,12,2023,0,0
TUR.26.5_1,12,2023,0,0
TUR.26.6_1,12,2023,0,0
TUR.26.7_1,12,2023,0,0
TUR.26.8_1,12,2023,0,0
TUR.26.9_1,12,2023,0,0
TUR.27.1_1,12,2023,0,0
TUR.28.2_1,12,2023,0,0
TUR.28.4_1,12,2023,0,0
TUR.28.5_1,12,2023,0,0
TUR.28.7_1,12,2023,0,0
TUR.28.8_1,12,2023,0,0
TUR.28.9_1,12,2023,0,0
TUR.29.1_1,12,2023,0,0
TUR.30.1_1,12,2023,0,0
TUR.30.2_1,12,2023,0,0
TUR.30.3_1,12,2023,0,0
TUR.30.4_1,12,2023,0,0
TUR.30.5_1,12,2023,0,0
TUR.30.6_1,12,2023,0,0
TUR.30.7_1,12,2023,0,0
TUR.30.8_1,12,2023,0,0
TUR.30.9_1,12,2023,0,0
TUR.31.16_1,12,2023,0,0
TUR.31.1_1,12,2023,0,0
TUR.31.2_1,12,2023,0,0
TUR.31.4_1,12,2023,0,0
TUR.31.8_1,12,2023,0,0
TUR.32.10_1,12,2023,0,0
TUR.32.11_1,12,2023,0,0
TUR.32.13_1,12,2023,0,0
TUR.32.4_1,12,2023,0,0
TUR.32.8_1,12,2023,0,0
TUR.33.1_1,12,2023,0,0
TUR.33.2_1,12,2023,0,0
TUR.33.3_1,12,2023,0,0
TUR.33.4_1,12,2023,0,0
TUR.33.5_1,12,2023,0,0
TUR.33.6_1,12,2023,0,0
TUR.33.7_1,12,2023,0,0
TUR.33.8_1,12,2023,0,0
TUR.33.9_1,12,2023,0,0
TUR.34.10_1,12,2023,0,0
TUR.34.11_1,12,2023,0,0
TUR.34.12_1,12,2023,0,0
TUR.34.13_1,12,2023,0,0
TUR.34.14_1,12,2023,0,0
TUR.34.15_1,12,2023,0,0
TUR.34.16_1,12,2023,0,0
TUR.34.1_1,12,2023,0,0
TUR.34.2_1,12,2023,0,0
TUR.34.3_1,12,2023,0,0
TUR.34.4_1,12,2023,0,0
TUR.34.5_1,12,2023,0,0
TUR.34.6_1,12,2023,0,0
TUR.34.7_1,12,2023,0,0
TUR.34.8_1,12,2023,0,0
TUR.34.9_1,12,2023,0,0
TUR.35.1_1,12,2023,0,0
TUR.35.3_1,12,2023,0,0
TUR.35.5_1,12,2023,0,0
TUR.35.6_1,12,2023,0,0
TUR.36.2_1,12,2023,0,0
TUR.37.10_1,12,2023,0,0
TUR.37.11_1,12,2023,0,0
TUR.37.12_1,12,2023,0,0
TUR.37.1_1,12,2023,0,0
TUR.37.2_1,12,2023,0,0
TUR.37.3_1,12,2023,0,0
TUR.37.4_1,12,2023,0,0
TUR.37.5_1,12,2023,0,0
TUR.37.6_1,12,2023,0,0
TUR.37.7_1,12,2023,0,0
TUR.37.8_1,12,2023,0,0
TUR.37.9_1,12,2023,0,0
TUR.38.1_1,12,2023,0,0
TUR.38.2_1,12,2023,0,0
TUR.38.3_1,12,2023,0,0
TUR.38.4_1,12,2023,0,0
TUR.39.10_1,12,2023,0,0
TUR.4.1_1,12,2023,0,0
TUR.4.2_1,12,2023,0,0
TUR.4.3_1,12,2023,0,0
TUR.4.4_1,12,2023,0,0
TUR.4.5_1,12,2023,0,0
TUR.4.6_1,12,2023,0,0
TUR.4.7_1,12,2023,0,0
TUR.4.8_1,12,2023,0,0
TUR.40.11_1,12,2023,0,0
TUR.40.12_1,12,2023,0,0
TUR.40.14_1,12,2023,0,0
TUR.40.15_1,12,2023,0,0
TUR.40.16_1,12,2023,0,0
TUR.40.17_1,12,2023,0,0
TUR.40.18_1,12,2023,0,0
TUR.40.19_1,12,2023,0,0
TUR.40.23_1,12,2023,0,0
TUR.40.25_1,12,2023,0,0
TUR.40.26_1,12,2023,0,0
TUR.40.27_1,12,2023,0,0
TUR.40.28_1,12,2023,0,0
TUR.40.29_1,12,2023,0,0
TUR.40.2_1,12,2023,0,0
TUR.40.31_1,12,2023,0,0
TUR.40.33_1,12,2023,0,0
TUR.40.34_1,12,2023,0,0
TUR.40.35_1,12,2023,0,0
TUR.40.36_1,12,2023,0,0
TUR.40.37_1,12,2023,0,0
TUR.40.39_1,12,2023,0,0
TUR.40.3_1,12,2023,0,0
TUR.40.4_1,12,2023,0,0
TUR.40.5_1,12,2023,0,0
TUR.40.6_1,12,2023,0,0
TUR.40.7_1,12,2023,0,0
TUR.40.8_1,12,2023,0,0
TUR.41.10_1,12,2023,0,0
TUR.41.11_1,12,2023,0,0
TUR.41.12_1,12,2023,0,0
TUR.41.13_1,12,2023,0,0
TUR.41.14_1,12,2023,0,0
TUR.41.15_1,12,2023,0,0
TUR.41.16_1,12,2023,0,0
TUR.41.17_1,12,2023,0,0
TUR.41.18_1,12,2023,0,0
TUR.41.19_1,12,2023,0,0
TUR.41.1_1,12,2023,0,0
TUR.41.20_1,12,2023,0,0
TUR.41.21_1,12,2023,0,0
TUR.41.22_1,12,2023,0,0
TUR.41.23_1,12,2023,0,0
TUR.41.24_1,12,2023,0,0
TUR.41.25_1,12,2023,0,0
TUR.41.26_1,12,2023,0,0
TUR.41.27_1,12,2023,0,0
TUR.41.28_1,12,2023,0,0
TUR.41.2_1,12,2023,0,0
TUR.41.3_1,12,2023,0,0
TUR.41.4_1,12,2023,0,0
TUR.41.5_1,12,2023,0,0
TUR.41.6_1,12,2023,0,0
TUR.41.7_1,12,2023,0,0
TUR.41.8_1,12,2023,0,0
TUR.41.9_1,12,2023,0,0
TUR.42.10_1,12,2023,0,0
TUR.42.1_1,12,2023,0,0
TUR.42.2_1,12,2023,0,0
TUR.42.3_1,12,2023,0,0
TUR.42.4_1,12,2023,0,0
TUR.42.5_1,12,2023,0,0
TUR.42.6_1,12,2023,0,0
TUR.42.7_1,12,2023,0,0
TUR.42.8_1,12,2023,0,0
TUR.42.9_1,12,2023,0,0
TUR.44.3_1,12,2023,0,0
TUR.44.5_1,12,2023,0,0
TUR.44.6_1,12,2023,0,0
TUR.45.1_1,12,2023,0,0
TUR.45.2_1,12,2023,0,0
TUR.45.3_1,12,2023,0,0
TUR.45.4_1,12,2023,0,0
TUR.45.5_1,12,2023,0,0
TUR.45.6_1,12,2023,0,0
TUR.45.7_1,12,2023,0,0
TUR.45.8_1,12,2023,0,0
TUR.47.3_1,12,2023,0,0
TUR.48.1_1,12,2023,0,0
TUR.48.2_1,12,2023,0,0
TUR.48.3_1,12,2023,0,0
TUR.48.4_1,12,2023,0,0
TUR.49.1_1,12,2023,0,0
TUR.49.3_1,12,2023,0,0
TUR.49.5_1,12,2023,0,0
TUR.5.1_1,12,2023,0,0
TUR.5.5_1,12,2023,0,0
TUR.50.1_1,12,2023,0,0
TUR.50.2_1,12,2023,0,0
TUR.50.3_1,12,2023,0,0
TUR.50.4_1,12,2023,0,0
TUR.50.5_1,12,2023,0,0
TUR.50.6_1,12,2023,0,0
TUR.50.7_1,12,2023,0,0
TUR.50.8_1,12,2023,0,0
TUR.51.5_1,12,2023,0,0
TUR.52.1_1,12,2023,0,0
TUR.52.2_1,12,2023,0,0
TUR.52.3_1,12,2023,0,0
TUR.52.4_1,12,2023,0,0
TUR.52.5_1,12,2023,0,0
TUR.52.6_1,12,2023,0,0
TUR.52.7_1,12,2023,0,0
TUR.53.11_1,12,2023,0,0
TUR.53.16_1,12,2023,0,0
TUR.53.17_1,12,2023,0,0
TUR.53.23_1,12,2023,0,0
TUR.53.27_1,12,2023,0,0
TUR.53.31_1,12,2023,0,0
TUR.53.7_1,12,2023,0,0
TUR.53.8_1,12,2023,0,0
TUR.55.12_1,12,2023,0,0
TUR.55.14_1,12,2023,0,0
TUR.55.5_1,12,2023,0,0
TUR.55.6_1,12,2023,0,0
TUR.56.10_1,12,2023,0,0
TUR.56.15_1,12,2023,0,0
TUR.56.16_1,12,2023,0,0
TUR.56.1_1,12,2023,0,0
TUR.56.4_1,12,2023,0,0
TUR.56.6_1,12,2023,0,0
TUR.56.7_1,12,2023,0,0
TUR.57.10_1,12,2023,0,0
TUR.57.1_1,12,2023,0,0
TUR.57.2_1,12,2023,0,0
TUR.57.3_1,12,2023,0,0
TUR.57.4_1,12,2023,0,0
TUR.57.5_1,12,2023,0,0
TUR.57.6_1,12,2023,0,0
TUR.57.7_1,12,2023,0,0
TUR.57.8_1,12,2023,0,0
TUR.57.9_1,12,2023,0,0
TUR.58.10_1,12,2023,0,0
TUR.58.1_1,12,2023,0,0
TUR.58.2_1,12,2023,0,0
TUR.58.3_1,12,2023,0,0
TUR.58.4_1,12,2023,0,0
TUR.58.5_1,12,2023,0,0
TUR.58.6_1,12,2023,0,0
TUR.58.7_1,12,2023,0,0
TUR.58.8_1,12,2023,0,0
TUR.58.9_1,12,2023,0,0
TUR.59.12_1,12,2023,0,0
TUR.59.4_1,12,2023,0,0
TUR.59.5_1,12,2023,0,0
TUR.59.8_1,12,2023,0,0
TUR.59.9_1,12,2023,0,0
TUR.60.4_1,12,2023,0,0
TUR.60.5_1,12,2023,0,0
TUR.62.3_1,12,2023,0,0
TUR.62.6_1,12,2023,0,0
TUR.63.10_1,12,2023,0,0
TUR.63.14_1,12,2023,0,0
TUR.63.15_1,12,2023,0,0
TUR.63.7_1,12,2023,0,0
TUR.64.1_1,12,2023,0,0
TUR.64.2_1,12,2023,0,0
TUR.64.3_1,12,2023,0,0
TUR.64.4_1,12,2023,0,0
TUR.64.5_1,12,2023,0,0
TUR.64.6_1,12,2023,0,0
TUR.64.7_1,12,2023,0,0
TUR.66.10_1,12,2023,0,0
TUR.66.11_1,12,2023,0,0
TUR.66.12_1,12,2023,0,0
TUR.66.13_1,12,2023,0,0
TUR.66.1_1,12,2023,0,0
TUR.66.2_1,12,2023,0,0
TUR.66.3_1,12,2023,0,0
TUR.66.4_1,12,2023,0,0
TUR.66.5_1,12,2023,0,0
TUR.66.6_1,12,2023,0,0
TUR.66.7_1,12,2023,0,0
TUR.66.8_1,12,2023,0,0
TUR.66.9_1,12,2023,0,0
TUR.68.10_1,12,2023,0,0
TUR.68.11_1,12,2023,0,0
TUR.68.1_1,12,2023,0,0
TUR.68.2_1,12,2023,0,0
TUR.68.3_1,12,2023,0,0
TUR.68.4_1,12,2023,0,0
TUR.68.5_1,12,2023,0,0
TUR.68.6_1,12,2023,0,0
TUR.68.7_1,12,2023,0,0
TUR.68.8_1,12,2023,0,0
TUR.68.9_1,12,2023,0,0
TUR.69.1_1,12,2023,0,0
TUR.69.2_1,12,2023,0,0
TUR.69.3_1,12,2023,0,0
TUR.69.4_1,12,2023,0,0
TUR.69.5_1,12,2023,0,0
TUR.69.6_1,12,2023,0,0
TUR.69.7_1,12,2023,0,0
TUR.7.10_1,12,2023,0,0
TUR.7.11_1,12,2023,0,0
TUR.7.12_1,12,2023,0,0
TUR.7.13_1,12,2023,0,0
TUR.7.14_1,12,2023,0,0
TUR.7.15_1,12,2023,0,0
TUR.7.16_1,12,2023,0,0
TUR.7.17_1,12,2023,0,0
TUR.7.18_1,12,2023,0,0
TUR.7.19_1,12,2023,0,0
TUR.7.1_1,12,2023,0,0
TUR.7.20_1,12,2023,0,0
TUR.7.21_1,12,2023,0,0
TUR.7.22_1,12,2023,0,0
TUR.7.23_1,12,2023,0,0
TUR.7.24_1,12,2023,0,0
TUR.7.2_1,12,2023,0,0
TUR.7.3_1,12,2023,0,0
TUR.7.4_1,12,2023,0,0
TUR.7.5_1,12,2023,0,0
TUR.7.6_1,12,2023,0,0
TUR.7.7_1,12,2023,0,0
TUR.7.8_1,12,2023,0,0
TUR.7.9_1,12,2023,0,0
TUR.71.1_1,12,2023,0,0
TUR.71.2_1,12,2023,0,0
TUR.71.3_1,12,2023,0,0
TUR.71.4_1,12,2023,0,0
TUR.71.5_1,12,2023,0,0
TUR.71.6_1,12,2023,0,0
TUR.71.7_1,12,2023,0,0
TUR.72.11_1,12,2023,0,0
TUR.72.14_1,12,2023,0,0
TUR.72.1_1,12,2023,0,0
TUR.72.3_1,12,2023,0,0
TUR.72.6_1,12,2023,0,0
TUR.72.9_1,12,2023,0,0
TUR.73.1_1,12,2023,0,0
TUR.73.2_1,12,2023,0,0
TUR.73.3_1,12,2023,0,0
TUR.73.5_1,12,2023,0,0
TUR.73.8_1,12,2023,0,0
TUR.76.1_1,12,2023,0,0
TUR.76.6_1,12,2023,0,0
TUR.76.8_1,12,2023,0,0
TUR.78.10_1,12,2023,0,0
TUR.78.3_1,12,2023,0,0
TUR.78.4_1,12,2023,0,0
TUR.78.6_1,12,2023,0,0
TUR.79.1_1,12,2023,0,0
TUR.8.10_1,12,2023,0,0
TUR.8.11_1,12,2023,0,0
TUR.8.12_1,12,2023,0,0
TUR.8.13_1,12,2023,0,0
TUR.8.14_1,12,2023,0,0
TUR.8.15_1,12,2023,0,0
TUR.8.1_1,12,2023,0,0
TUR.8.2_1,12,2023,0,0
TUR.8.3_1,12,2023,0,0
TUR.8.4_1,12,2023,0,0
TUR.8.5_1,12,2023,0,0
TUR.8.6_1,12,2023,0,0
TUR.8.7_1,12,2023,0,0
TUR.8.8_1,12,2023,0,0
TUR.8.9_1,12,2023,0,0
TUR.9.1_1,12,2023,0,0
TUR.9.2_1,12,2023,0,0
TUR.9.3_1,12,2023,0,0
UKR.1.12_1,12,2023,0,0
UKR.1.13_1,12,2023,0,0
UKR.1.15_1,12,2023,0,0
UKR.1.21_1,12,2023,0,0
UKR.1.9_1,12,2023,0,0
UKR.11.10_1,12,2023,0,0
UKR.11.2_1,12,2023,0,0
UKR.11.3_1,12,2023,0,0
UKR.11.4_1,12,2023,0,0
UKR.11.5_1,12,2023,0,0
UKR.11.6_1,12,2023,0,0
UKR.11.7_1,12,2023,0,0
UKR.11.8_1,12,2023,0,0
UKR.11.9_1,12,2023,0,0
UKR.12.10_1,12,2023,0,0
UKR.12.11_1,12,2023,0,0
UKR.12.12_1,12,2023,0,0
UKR.12.13_1,12,2023,0,0
UKR.12.14_1,12,2023,0,0
UKR.12.15_1,12,2023,0,0
UKR.12.16_1,12,2023,0,0
UKR.12.17_1,12,2023,0,0
UKR.12.18_1,12,2023,0,0
UKR.12.19_1,12,2023,0,0
UKR.12.1_1,12,2023,0,0
UKR.12.20_1,12,2023,0,0
UKR.12.21_1,12,2023,0,0
UKR.12.22_1,12,2023,0,0
UKR.12.23_1,12,2023,0,0
UKR.12.24_1,12,2023,0,0
UKR.12.25_1,12,2023,0,0
UKR.12.26_1,12,2023,0,0
UKR.12.27_1,12,2023,0,0
UKR.12.28_1,12,2023,0,0
UKR.12.29_1,12,2023,0,0
UKR.12.2_1,12,2023,0,0
UKR.12.30_1,12,2023,0,0
UKR.12.3_1,12,2023,0,0
UKR.12.4_1,12,2023,0,0
UKR.12.5_1,12,2023,0,0
UKR.12.6_1,12,2023,0,0
UKR.12.7_1,12,2023,0,0
UKR.12.8_1,12,2023,0,0
UKR.12.9_1,12,2023,0,0
UKR.16.18_1,12,2023,0,0
UKR.16.21_1,12,2023,0,0
UKR.16.3_1,12,2023,0,0
UKR.16.6_1,12,2023,0,0
UKR.16.9_1,12,2023,0,0
UKR.17.10_1,12,2023,0,0
UKR.17.11_1,12,2023,0,0
UKR.17.12_1,12,2023,0,0
UKR.17.13_1,12,2023,0,0
UKR.17.14_1,12,2023,0,0
UKR.17.15_1,12,2023,0,0
UKR.17.16_1,12,2023,0,0
UKR.17.17_1,12,2023,0,0
UKR.17.18_1,12,2023,0,0
UKR.17.19_1,12,2023,0,0
UKR.17.1_1,12,2023,0,0
UKR.17.20_1,12,2023,0,0
UKR.17.21_1,12,2023,0,0
UKR.17.22_1,12,2023,0,0
UKR.17.23_1,12,2023,0,0
UKR.17.24_1,12,2023,0,0
UKR.17.25_1,12,2023,0,0
UKR.17.26_1,12,2023,0,0
UKR.17.27_1,12,2023,0,0
UKR.17.28_1,12,2023,0,0
UKR.17.29_1,12,2023,0,0
UKR.17.2_1,12,2023,0,0
UKR.17.3_1,12,2023,0,0
UKR.17.4_1,12,2023,0,0
UKR.17.5_1,12,2023,0,0
UKR.17.6_1,12,2023,0,0
UKR.17.7_1,12,2023,0,0
UKR.17.8_1,12,2023,0,0
UKR.17.9_1,12,2023,0,0
UKR.19.14_1,12,2023,0,0
UKR.19.17_1,12,2023,0,0
UKR.19.5_1,12,2023,0,0
UKR.2.10_1,12,2023,0,0
UKR.2.15_1,12,2023,0,0
UKR.2.18_1,12,2023,0,0
UKR.2.19_1,12,2023,0,0
UKR.2.2_1,12,2023,0,0
UKR.2.5_1,12,2023,0,0
UKR.2.6_1,12,2023,0,0
UKR.23.11_1,12,2023,0,0
UKR.23.12_1,12,2023,0,0
UKR.23.13_1,12,2023,0,0
UKR.23.7_1,12,2023,0,0
UKR.24.13_1,12,2023,0,0
UKR.24.14_1,12,2023,0,0
UKR.24.17_1,12,2023,0,0
UKR.24.18_1,12,2023,0,0
UKR.24.19_1,12,2023,0,0
UKR.24.3_1,12,2023,0,0
UKR.24.4_1,12,2023,0,0
UKR.25.14_1,12,2023,0,0
UKR.25.16_1,12,2023,0,0
UKR.25.7_1,12,2023,0,0
UKR.27.15_1,12,2023,0,0
UKR.27.16_1,12,2023,0,0
UKR.27.19_1,12,2023,0,0
UKR.27.20_1,12,2023,0,0
UKR.27.21_1,12,2023,0,0
UKR.27.22_1,12,2023,0,0
UKR.27.24_1,12,2023,0,0
UKR.27.5_1,12,2023,0,0
UKR.3.3_1,12,2023,0,0
UKR.3.6_1,12,2023,0,0
UKR.3.8_1,12,2023,0,0
XKO.1.1_1,12,2023,0,0
XKO.1.2_1,12,2023,0,0
XKO.1.3_1,12,2023,0,0
XKO.2.1_1,12,2023,0,0
XKO.2.2_1,12,2023,0,0
XKO.2.3_1,12,2023,0,0
XKO.3.1_1,12,2023,0,0
XKO.3.2_1,12,2023,0,0
XKO.3.3_1,12,2023,0,0
XKO.3.4_1,12,2023,0,0
XKO.3.5_1,12,2023,0,0
XKO.3.6_1,12,2023,0,0
XKO.4.2_1,12,2023,0,0
XKO.4.3_1,12,2023,0,0
XKO.5.1_1,12,2023,0,0
XKO.5.2_1,12,2023,0,0
XKO.5.3_1,12,2023,0,0
XKO.5.4_1,12,2023,0,0
XKO.5.5_1,12,2023,0,0
XKO.5.6_1,12,2023,0,0
XKO.5.7_1,12,2023,0,0
XKO.6.1_1,12,2023,0,0
XKO.6.2_1,12,2023,0,0
XKO.6.3_1,12,2023,0,0
XKO.6.4_1,12,2023,0,0
XKO.7.1_1,12,2023,0,0
XKO.7.2_1,12,2023,0,0
XKO.7.3_1,12,2023,0,0
XKO.7.4_1,12,2023,0,0
ZNC.1_1,12,2023,0,0
ZNC.2_1,12,2023,0,0
ZNC.3_1,12,2023,0,0
ZNC.4_1,12,2023,0,0
ZNC.5_1,12,2023,0,0
