year,month,gid_4,est,se
2020,12,AGO.11.2.1_1,0,0.3901066305296325
2020,12,AGO.11.3.5_1,0,0.36585906146062974
2020,12,AGO.11.5.1_1,0,0.3775692765024169
2020,12,AGO.11.6.3_1,0,0.38354413840665863
2020,12,ALB.11.2.15_1,0,0.20068950215762726
2020,12,ALB.11.2.5_1,0,0.20068950215762726
2020,12,ARE.1.1.1_1,0,0.34819569244928955
2020,12,ARE.1.1.19_1,0,0.34819569244928955
2020,12,ARE.1.1.20_1,0,0.34819569244928955
2020,12,ARE.1.1.29_1,0,0.34819569244928955
2020,12,ARE.1.1.3_1,0,0.34819569244928955
2020,12,ARE.3.3.13_1,0,0.3471606552023436
2020,12,ARE.3.3.14_1,0,0.3471606552023436
2020,12,ARE.3.5.12_1,0,0.32158111638343195
2020,12,ARE.5.5.1_1,0,0.3397446488562056
2020,12,ARE.5.59.1_1,0,0.3429600875052688
2020,12,ARE.6.62.1_1,0,0.33647171235218754
2020,12,ARE.7.1.1_1,0,0.36863517451796685
2020,12,ARG.1.104_1,0,0.3552776691859794
2020,12,ARG.1.108_1,0,0.3677148544921924
2020,12,ARG.1.117_1,0,0.3611293596682696
2020,12,ARG.1.125_1,0,0.3502480173729377
2020,12,ARG.1.14_1,0,0.3611293596682696
2020,12,ARG.1.15_1,0,0.3408227694273963
2020,12,ARG.1.18_1,0,0.35126540875438816
2020,12,ARG.1.19_1,0,0.34922479573758497
2020,12,ARG.1.37_1,0,0.3639828065767441
2020,12,ARG.1.38_1,0,0.3639828065767441
2020,12,ARG.1.4_1,0,0.3630369069334353
2020,12,ARG.1.40_1,0,0.366789496216201
2020,12,ARG.1.55_1,0,0.3704608498090469
2020,12,ARG.1.61_1,0,0.3630369069334353
2020,12,ARG.1.62_1,0,0.3630369069334353
2020,12,ARG.1.63_1,0,0.33088439746304826
2020,12,ARG.1.64_1,0,0.35725009115132167
2020,12,ARG.1.68_1,0,0.33536766610911
2020,12,ARG.1.7_1,0,0.35725009115132167
2020,12,ARG.1.71_1,0,0.33088439746304826
2020,12,ARG.1.77_1,0,0.366789496216201
2020,12,ARG.1.78_1,0,0.33536766610911
2020,12,ARG.1.81_1,0,0.3502480173729377
2020,12,ARG.1.82_1,0,0.34922479573758497
2020,12,ARG.1.84_1,0,0.37843653921656956
2020,12,ARG.1.90_1,0,0.3601676286407771
2020,12,ARG.1.92_1,0,0.35725009115132167
2020,12,ARG.13.1_1,0,0.3408227694273963
2020,12,ARG.13.14_1,0,0.36955049393495276
2020,12,ARG.13.15_1,0,0.35428310221702153
2020,12,ARG.13.3_1,0,0.36585906146062974
2020,12,ARG.13.7_1,0,0.3582280381646966
2020,12,ARG.13.9_1,0,0.34922479573758497
2020,12,ARG.14.4_1,0,0.3440194025768741
2020,12,ARG.15.15_1,0,0.3704608498090469
2020,12,ARG.17.11_1,0,0.3342569785774528
2020,12,ARG.17.4_1,0,0.3562666500332664
2020,12,ARG.19.8_1,0,0.36492351139542817
2020,12,ARG.21.17_1,0,0.35428310221702153
2020,12,ARG.21.6_1,0,0.3532829019480122
2020,12,ARG.21.7_1,0,0.36863517451796685
2020,12,ARG.22.18_1,0,0.3562666500332664
2020,12,ARG.22.8_1,0,0.37136627864268035
2020,12,ARG.3.16_1,0,0.34819569244928955
2020,12,ARG.3.20_1,0,0.3461196307619647
2020,12,ARG.5.1_1,0,0.34819569244928955
2020,12,ARG.6.13_1,0,0.35428310221702153
2020,12,ARG.6.14_1,0,0.35428310221702153
2020,12,ARG.6.2_1,0,0.3630369069334353
2020,12,ARG.6.21_1,0,0.34922479573758497
2020,12,ARG.6.3_1,0,0.3522770203960217
2020,12,ARG.7.3_1,0,0.34922479573758497
2020,12,ARG.7.5_1,0,0.366789496216201
2020,12,ARG.8.13_1,0,0.362085771753194
2020,12,ARG.8.15_1,0,0.3592005359475749
2020,12,ARG.8.17_1,0,0.33088439746304826
2020,12,ARG.8.2_1,0,0.35428310221702153
2020,12,ARG.9.5_1,0,0.3677148544921924
2020,12,ARG.9.7_1,0,0.3810107205436209
2020,12,ARM.4_1,0,0.23574260237507894
2020,12,ARM.8_1,0,0.22213812222431642
2020,12,ATG.5_1,0,0.3440194025768741
2020,12,AUS.10.3_1,0,0.3532829019480122
2020,12,AUS.8.2_1,0,0.3251241389157466
2020,12,AUT.3.17.1.23_2,0,0.20068950215762726
2020,12,AUT.3.17.1.39_2,0,0.20068950215762726
2020,12,AUT.3.21.1.3_2,0,0.3167512136225074
2020,12,AUT.3.21.1.9_2,0,0.3167512136225074
2020,12,AUT.4.5.22.3_2,0,0.24127621974453722
2020,12,AUT.4.5.9.2_2,0,0.24127621974453722
2020,12,AUT.7.2.3.1_2,0,0.22010780869257557
2020,12,AUT.7.2.44.1_2,0,0.22010780869257557
2020,12,AUT.7.3.1.1_2,0,0.20519772441746548
2020,12,AUT.7.3.1.5_2,0,0.20519772441746548
2020,12,AUT.7.3.1.7_2,0,0.20519772441746548
2020,12,AUT.8.3.1.1_2,0,0.21387319079712103
2020,12,AUT.9.1.1.53_2,0,0.1678904023081343
2020,12,AUT.9.1.1.65_2,0,0.1678904023081343
2020,12,AUT.9.1.1.86_2,0,0.1678904023081343
2020,12,AZE.1.2_1,0,0.2261307920985887
2020,12,AZE.4.7_1,0,0.21174474216810163
2020,12,AZE.8.2_1,0,0.19605723255834873
2020,12,BEL.2.1.3.4_1,0,0.42358402168096876
2020,12,BEL.2.1.3.8_1,0,0.42358402168096876
2020,12,BEL.2.3.4.11_1,0,0.42421097929562707
2020,12,BEL.2.3.5.11_1,0,0.42421097929562707
2020,12,BEL.2.3.5.6_1,0,0.42421097929562707
2020,12,BEL.2.3.5.8_1,0,0.42421097929562707
2020,12,BEL.2.4.1.13_1,0,0.3986915536538929
2020,12,BEL.2.4.1.35_1,0,0.3986915536538929
2020,12,BEL.2.5.6.7_1,0,0.4060799193519681
2020,12,BEL.3.2.1.6_1,0,0.4046328307586122
2020,12,BFA.7.1.4_1,0,0.37843653921656956
2020,12,BGD.2.10.3.4_1,0,0.366789496216201
2020,12,BGD.2.10.3.6_1,0,0.366789496216201
2020,12,BGD.2.2.3.10_1,0,0.36863517451796685
2020,12,BGD.2.2.3.4_1,0,0.36863517451796685
2020,12,BGD.2.2.7.17_1,0,0.36863517451796685
2020,12,BGD.2.4.13.1_1,0,0.3440194025768741
2020,12,BGD.2.4.14.2_1,0,0.3440194025768741
2020,12,BGD.2.4.14.8_1,0,0.3440194025768741
2020,12,BGD.2.4.19.2_1,0,0.3440194025768741
2020,12,BGD.2.4.19.3_1,0,0.3440194025768741
2020,12,BGD.2.4.20.2_1,0,0.3440194025768741
2020,12,BGD.2.4.20.7_1,0,0.3440194025768741
2020,12,BGD.2.4.4.2_1,0,0.3440194025768741
2020,12,BGD.2.4.5.3_1,0,0.3440194025768741
2020,12,BGD.2.4.5.4_1,0,0.3440194025768741
2020,12,BGD.3.1.14.2_1,0,0.3440194025768741
2020,12,BGD.3.1.15.2_1,0,0.3440194025768741
2020,12,BGD.3.1.16.2_1,0,0.3440194025768741
2020,12,BGD.3.1.16.4_1,0,0.3440194025768741
2020,12,BGD.3.1.17.2_1,0,0.3440194025768741
2020,12,BGD.3.1.18.3_1,0,0.3440194025768741
2020,12,BGD.3.1.18.4_1,0,0.3440194025768741
2020,12,BGD.3.1.2.3_1,0,0.3440194025768741
2020,12,BGD.3.1.21.6_1,0,0.3440194025768741
2020,12,BGD.3.1.21.9_1,0,0.3440194025768741
2020,12,BGD.3.1.22.5_1,0,0.3440194025768741
2020,12,BGD.3.1.31.4_1,0,0.3440194025768741
2020,12,BGD.3.1.35.4_1,0,0.3440194025768741
2020,12,BGD.3.1.36.1_1,0,0.3440194025768741
2020,12,BGD.3.1.36.2_1,0,0.3440194025768741
2020,12,BGD.3.1.36.4_1,0,0.3440194025768741
2020,12,BGD.3.1.36.5_1,0,0.3440194025768741
2020,12,BGD.3.1.43.3_1,0,0.3440194025768741
2020,12,BGD.3.1.45.1_1,0,0.3440194025768741
2020,12,BGD.3.1.6.3_1,0,0.3440194025768741
2020,12,BGD.3.1.9.3_1,0,0.3440194025768741
2020,12,BGD.3.11.3.7_1,0,0.3408227694273963
2020,12,BGD.3.11.3.9_1,0,0.3408227694273963
2020,12,BGD.3.3.1.4_1,0,0.34922479573758497
2020,12,BGD.3.3.1.6_1,0,0.34922479573758497
2020,12,BGD.3.3.2.1_1,0,0.34922479573758497
2020,12,BGD.3.3.2.8_1,0,0.34922479573758497
2020,12,BGD.3.6.7.1_1,0,0.3522770203960217
2020,12,BGD.4.5.12.3_1,0,0.3461196307619647
2020,12,BGD.4.5.13.3_1,0,0.3461196307619647
2020,12,BGD.4.5.8_1,0,0.3461196307619647
2020,12,BGD.4.5.8.3_1,0,0.3461196307619647
2020,12,BGD.5.1.1.4_1,0,0.3342569785774528
2020,12,BGD.5.6.6.2_1,0,0.35725009115132167
2020,12,BGD.5.6.6.4_1,0,0.35725009115132167
2020,12,BGD.5.7.10.1_1,0,0.3251241389157466
2020,12,BGD.5.7.10.2_1,0,0.3251241389157466
2020,12,BGD.5.7.9.8_1,0,0.3251241389157466
2020,12,BGD.5.8.1.7_1,0,0.3440194025768741
2020,12,BGD.5.8.7.9_1,0,0.3440194025768741
2020,12,BGD.7.1.1.5_1,0,0.35428310221702153
2020,12,BGD.7.1.3.9_1,0,0.35428310221702153
2020,12,BGD.7.1.4.2_1,0,0.35428310221702153
2020,12,BGD.7.1.4.7_1,0,0.35428310221702153
2020,12,BGD.7.1.4.8_1,0,0.35428310221702153
2020,12,BGD.7.1.8.5_1,0,0.35428310221702153
2020,12,BGD.7.4.11.34_1,0,0.33756918246924283
2020,12,BGD.7.4.5.4_1,0,0.33756918246924283
2020,12,BGD.8.10.1.12_1,0,0.3502480173729377
2020,12,BGD.8.10.2.4_1,0,0.3502480173729377
2020,12,BGD.8.10.3.4_1,0,0.3502480173729377
2020,12,BGD.8.16.4.15_1,0,0.3582280381646966
2020,12,BGR.14.9_1,0,0.2029585972364615
2020,12,BGR.21.12_1,0,0.2261307920985887
2020,12,BGR.21.14_1,0,0.20958990416508122
2020,12,BGR.25.2_1,0,0.22213812222431642
2020,12,BHR.4_1,0,0.31797028965786267
2020,12,BHR.5_1,0,0.34189456253630574
2020,12,BLR.4.18_1,0,0.45211548127487117
2020,12,BLR.5.11_1,0,0.47044800065609943
2020,12,BOL.2.14.1_2,0,0.3704608498090469
2020,12,BOL.2.14.2_2,0,0.3704608498090469
2020,12,BOL.2.8.1_2,0,0.3630369069334353
2020,12,BOL.8.1.2_2,0,0.3731624984510773
2020,12,BOL.8.1.5_2,0,0.3731624984510773
2020,12,BOL.8.11.2_2,0,0.37843653921656956
2020,12,BOL.8.11.3_2,0,0.37843653921656956
2020,12,BOL.8.3.3_2,0,0.3924972026066607
2020,12,BOL.9.3.1_2,0,0.3582280381646966
2020,12,BOL.9.4.3_2,0,0.37226681638655706
2020,12,BRA.10.11_2,0,0.4060799193519681
2020,12,BRA.10.184_2,0,0.387678080750375
2020,12,BRA.10.185_2,0,0.36955049393495276
2020,12,BRA.10.186_2,0,0.37136627864268035
2020,12,BRA.10.196_2,0,0.37929917989348183
2020,12,BRA.10.208_2,0,0.3860375953518323
2020,12,BRA.10.26_2,0,0.387678080750375
2020,12,BRA.10.57_2,0,0.38015722999769386
2020,12,BRA.10.63_2,0,0.3552776691859794
2020,12,BRA.10.90_2,0,0.3740533597174552
2020,12,BRA.10.97_2,0,0.3630369069334353
2020,12,BRA.11.20_2,0,0.35126540875438816
2020,12,BRA.11.78_2,0,0.36585906146062974
2020,12,BRA.12.15_2,0,0.3731624984510773
2020,12,BRA.12.29_2,0,0.3582280381646966
2020,12,BRA.12.38_2,0,0.37136627864268035
2020,12,BRA.13.102_2,0,0.3582280381646966
2020,12,BRA.13.119_2,0,0.3677148544921924
2020,12,BRA.13.120_2,0,0.37843653921656956
2020,12,BRA.13.123_2,0,0.4046328307586122
2020,12,BRA.13.16_2,0,0.3677148544921924
2020,12,BRA.13.2_2,0,0.37226681638655706
2020,12,BRA.13.206_2,0,0.3552776691859794
2020,12,BRA.13.233_2,0,0.3471606552023436
2020,12,BRA.13.248_2,0,0.38015722999769386
2020,12,BRA.13.273_2,0,0.366789496216201
2020,12,BRA.13.28_2,0,0.3639828065767441
2020,12,BRA.13.30_2,0,0.3532829019480122
2020,12,BRA.13.305_2,0,0.3818596821043259
2020,12,BRA.13.338_2,0,0.3749394345485409
2020,12,BRA.13.357_2,0,0.362085771753194
2020,12,BRA.13.363_2,0,0.36492351139542817
2020,12,BRA.13.383_2,0,0.37226681638655706
2020,12,BRA.13.384_2,0,0.3450725649411658
2020,12,BRA.13.389_2,0,0.3766973598273565
2020,12,BRA.13.418_2,0,0.36492351139542817
2020,12,BRA.13.419_2,0,0.3704608498090469
2020,12,BRA.13.421_2,0,0.3740533597174552
2020,12,BRA.13.430_2,0,0.36492351139542817
2020,12,BRA.13.44_2,0,0.36863517451796685
2020,12,BRA.13.446_2,0,0.35126540875438816
2020,12,BRA.13.500_2,0,0.36863517451796685
2020,12,BRA.13.501_2,0,0.37843653921656956
2020,12,BRA.13.507_2,0,0.38270414482007176
2020,12,BRA.13.514_2,0,0.3677148544921924
2020,12,BRA.13.520_2,0,0.3582280381646966
2020,12,BRA.13.534_2,0,0.3731624984510773
2020,12,BRA.13.536_2,0,0.36585906146062974
2020,12,BRA.13.600_2,0,0.3740533597174552
2020,12,BRA.13.606_2,0,0.37929917989348183
2020,12,BRA.13.615_2,0,0.3818596821043259
2020,12,BRA.13.637_2,0,0.37136627864268035
2020,12,BRA.13.647_2,0,0.39562674393994207
2020,12,BRA.13.66_2,0,0.3562666500332664
2020,12,BRA.13.670_2,0,0.3766973598273565
2020,12,BRA.13.685_2,0,0.362085771753194
2020,12,BRA.13.703_2,0,0.36492351139542817
2020,12,BRA.13.716_2,0,0.36585906146062974
2020,12,BRA.13.72_2,0,0.3810107205436209
2020,12,BRA.13.770_2,0,0.38270414482007176
2020,12,BRA.13.78_2,0,0.3775692765024169
2020,12,BRA.13.825_2,0,0.3630369069334353
2020,12,BRA.13.835_2,0,0.3502480173729377
2020,12,BRA.13.844_2,0,0.3502480173729377
2020,12,BRA.14.112_2,0,0.38354413840665863
2020,12,BRA.14.19_2,0,0.39793133748091436
2020,12,BRA.15.218_2,0,0.38521083498181535
2020,12,BRA.15.50_2,0,0.37136627864268035
2020,12,BRA.15.94_2,0,0.3986915536538929
2020,12,BRA.16.104_2,0,0.3677148544921924
2020,12,BRA.16.121_2,0,0.34922479573758497
2020,12,BRA.16.127_2,0,0.3611293596682696
2020,12,BRA.16.129_2,0,0.3440194025768741
2020,12,BRA.16.19_2,0,0.33756918246924283
2020,12,BRA.16.193_2,0,0.3522770203960217
2020,12,BRA.16.211_2,0,0.3766973598273565
2020,12,BRA.16.240_2,0,0.3386601403925338
2020,12,BRA.16.247_2,0,0.34189456253630574
2020,12,BRA.16.248_2,0,0.3502480173729377
2020,12,BRA.16.250_2,0,0.3758207567993567
2020,12,BRA.16.272_2,0,0.37929917989348183
2020,12,BRA.16.289_2,0,0.362085771753194
2020,12,BRA.16.296_2,0,0.3592005359475749
2020,12,BRA.16.311_2,0,0.3758207567993567
2020,12,BRA.16.352_2,0,0.32860155048170264
2020,12,BRA.16.36_2,0,0.3471606552023436
2020,12,BRA.16.390_2,0,0.3766973598273565
2020,12,BRA.16.4_2,0,0.3758207567993567
2020,12,BRA.16.52_2,0,0.38015722999769386
2020,12,BRA.16.53_2,0,0.3740533597174552
2020,12,BRA.16.70_2,0,0.3562666500332664
2020,12,BRA.16.71_2,0,0.35126540875438816
2020,12,BRA.16.76_2,0,0.3592005359475749
2020,12,BRA.16.80_2,0,0.35725009115132167
2020,12,BRA.16.86_2,0,0.3677148544921924
2020,12,BRA.16.95_2,0,0.3611293596682696
2020,12,BRA.17.105_2,0,0.3775692765024169
2020,12,BRA.17.112_2,0,0.3639828065767441
2020,12,BRA.17.115_2,0,0.3860375953518323
2020,12,BRA.17.123_2,0,0.38521083498181535
2020,12,BRA.17.127_2,0,0.3502480173729377
2020,12,BRA.17.129_2,0,0.3731624984510773
2020,12,BRA.17.133_2,0,0.37136627864268035
2020,12,BRA.17.159_2,0,0.35725009115132167
2020,12,BRA.17.31_2,0,0.38270414482007176
2020,12,BRA.17.45_2,0,0.3704608498090469
2020,12,BRA.17.69_2,0,0.3611293596682696
2020,12,BRA.17.80_2,0,0.3731624984510773
2020,12,BRA.17.88_2,0,0.3893013685508382
2020,12,BRA.18.216_2,0,0.40169311340544206
2020,12,BRA.18.31_2,0,0.3893013685508382
2020,12,BRA.19.1_2,0,0.3532829019480122
2020,12,BRA.19.15_2,0,0.3562666500332664
2020,12,BRA.19.25_2,0,0.3740533597174552
2020,12,BRA.19.34_2,0,0.3749394345485409
2020,12,BRA.19.37_2,0,0.35725009115132167
2020,12,BRA.19.39_2,0,0.3522770203960217
2020,12,BRA.19.41_2,0,0.34189456253630574
2020,12,BRA.19.43_2,0,0.362085771753194
2020,12,BRA.19.50_2,0,0.3582280381646966
2020,12,BRA.19.53_2,0,0.366789496216201
2020,12,BRA.19.55_2,0,0.3562666500332664
2020,12,BRA.19.67_2,0,0.3592005359475749
2020,12,BRA.19.68_2,0,0.366789496216201
2020,12,BRA.19.74_2,0,0.362085771753194
2020,12,BRA.19.78_2,0,0.35725009115132167
2020,12,BRA.19.9_2,0,0.36955049393495276
2020,12,BRA.2.15_2,0,0.3963989557656934
2020,12,BRA.2.24_2,0,0.366789496216201
2020,12,BRA.2.37_2,0,0.3775692765024169
2020,12,BRA.2.47_2,0,0.3766973598273565
2020,12,BRA.2.83_2,0,0.3868600013708585
2020,12,BRA.2.9_2,0,0.36955049393495276
2020,12,BRA.20.116_2,0,0.39407016036651554
2020,12,BRA.20.12_2,0,0.36863517451796685
2020,12,BRA.20.131_2,0,0.3901066305296325
2020,12,BRA.20.86_2,0,0.38849186082326864
2020,12,BRA.20.89_2,0,0.3630369069334353
2020,12,BRA.20.96_2,0,0.4067978422810088
2020,12,BRA.21.102_2,0,0.35428310221702153
2020,12,BRA.21.107_2,0,0.37843653921656956
2020,12,BRA.21.12_2,0,0.3592005359475749
2020,12,BRA.21.133_2,0,0.3582280381646966
2020,12,BRA.21.148_2,0,0.3562666500332664
2020,12,BRA.21.17_2,0,0.3630369069334353
2020,12,BRA.21.181_2,0,0.3552776691859794
2020,12,BRA.21.182_2,0,0.3502480173729377
2020,12,BRA.21.185_2,0,0.34922479573758497
2020,12,BRA.21.202_2,0,0.3552776691859794
2020,12,BRA.21.208_2,0,0.35428310221702153
2020,12,BRA.21.211_2,0,0.34922479573758497
2020,12,BRA.21.290_2,0,0.3562666500332664
2020,12,BRA.21.30_2,0,0.3502480173729377
2020,12,BRA.21.307_2,0,0.37136627864268035
2020,12,BRA.21.313_2,0,0.3532829019480122
2020,12,BRA.21.32_2,0,0.3582280381646966
2020,12,BRA.21.328_2,0,0.366789496216201
2020,12,BRA.21.342_2,0,0.35126540875438816
2020,12,BRA.21.346_2,0,0.3450725649411658
2020,12,BRA.21.358_2,0,0.3582280381646966
2020,12,BRA.21.363_2,0,0.3450725649411658
2020,12,BRA.21.367_2,0,0.34922479573758497
2020,12,BRA.21.371_2,0,0.3639828065767441
2020,12,BRA.21.401_2,0,0.3522770203960217
2020,12,BRA.21.410_2,0,0.36863517451796685
2020,12,BRA.21.414_2,0,0.3386601403925338
2020,12,BRA.21.422_2,0,0.38354413840665863
2020,12,BRA.21.449_2,0,0.3471606552023436
2020,12,BRA.21.454_2,0,0.3552776691859794
2020,12,BRA.21.470_2,0,0.3532829019480122
2020,12,BRA.21.487_2,0,0.3522770203960217
2020,12,BRA.21.58_2,0,0.34819569244928955
2020,12,BRA.21.83_2,0,0.3471606552023436
2020,12,BRA.21.96_2,0,0.3611293596682696
2020,12,BRA.22.11_2,0,0.36585906146062974
2020,12,BRA.22.15_2,0,0.38521083498181535
2020,12,BRA.22.24_2,0,0.3868600013708585
2020,12,BRA.22.36_2,0,0.3749394345485409
2020,12,BRA.22.37_2,0,0.38849186082326864
2020,12,BRA.24.128_2,0,0.3397446488562056
2020,12,BRA.24.139_2,0,0.34819569244928955
2020,12,BRA.24.183_2,0,0.3471606552023436
2020,12,BRA.24.20_2,0,0.3775692765024169
2020,12,BRA.24.206_2,0,0.37843653921656956
2020,12,BRA.24.207_2,0,0.3740533597174552
2020,12,BRA.24.220_2,0,0.34819569244928955
2020,12,BRA.24.278_2,0,0.36955049393495276
2020,12,BRA.24.38_2,0,0.33647171235218754
2020,12,BRA.24.45_2,0,0.3450725649411658
2020,12,BRA.24.60_2,0,0.33536766610911
2020,12,BRA.24.69_2,0,0.366789496216201
2020,12,BRA.24.77_2,0,0.362085771753194
2020,12,BRA.24.84_2,0,0.3562666500332664
2020,12,BRA.24.90_2,0,0.3582280381646966
2020,12,BRA.25.109_2,0,0.37136627864268035
2020,12,BRA.25.127_2,0,0.3562666500332664
2020,12,BRA.25.131_2,0,0.3601676286407771
2020,12,BRA.25.132_2,0,0.36863517451796685
2020,12,BRA.25.150_2,0,0.3522770203960217
2020,12,BRA.25.151_2,0,0.3471606552023436
2020,12,BRA.25.154_2,0,0.3901066305296325
2020,12,BRA.25.170_2,0,0.3562666500332664
2020,12,BRA.25.172_2,0,0.3502480173729377
2020,12,BRA.25.188_2,0,0.3731624984510773
2020,12,BRA.25.19_2,0,0.37136627864268035
2020,12,BRA.25.214_2,0,0.38437969216355294
2020,12,BRA.25.215_2,0,0.33647171235218754
2020,12,BRA.25.216_2,0,0.3582280381646966
2020,12,BRA.25.220_2,0,0.36585906146062974
2020,12,BRA.25.237_2,0,0.34922479573758497
2020,12,BRA.25.255_2,0,0.35725009115132167
2020,12,BRA.25.257_2,0,0.3522770203960217
2020,12,BRA.25.259_2,0,0.3758207567993567
2020,12,BRA.25.275_2,0,0.3461196307619647
2020,12,BRA.25.280_2,0,0.3582280381646966
2020,12,BRA.25.282_2,0,0.35428310221702153
2020,12,BRA.25.283_2,0,0.3758207567993567
2020,12,BRA.25.285_2,0,0.3630369069334353
2020,12,BRA.25.289_2,0,0.3522770203960217
2020,12,BRA.25.296_2,0,0.3630369069334353
2020,12,BRA.25.322_2,0,0.3552776691859794
2020,12,BRA.25.333_2,0,0.36863517451796685
2020,12,BRA.25.338_2,0,0.362085771753194
2020,12,BRA.25.379_2,0,0.3731624984510773
2020,12,BRA.25.389_2,0,0.3611293596682696
2020,12,BRA.25.390_2,0,0.3731624984510773
2020,12,BRA.25.393_2,0,0.36863517451796685
2020,12,BRA.25.413_2,0,0.3775692765024169
2020,12,BRA.25.426_2,0,0.36863517451796685
2020,12,BRA.25.431_2,0,0.3630369069334353
2020,12,BRA.25.436_2,0,0.38015722999769386
2020,12,BRA.25.440_2,0,0.3562666500332664
2020,12,BRA.25.447_2,0,0.3502480173729377
2020,12,BRA.25.462_2,0,0.34922479573758497
2020,12,BRA.25.467_2,0,0.3677148544921924
2020,12,BRA.25.469_2,0,0.3704608498090469
2020,12,BRA.25.47_2,0,0.3471606552023436
2020,12,BRA.25.477_2,0,0.3766973598273565
2020,12,BRA.25.48_2,0,0.366789496216201
2020,12,BRA.25.480_2,0,0.362085771753194
2020,12,BRA.25.510_2,0,0.3731624984510773
2020,12,BRA.25.516_2,0,0.37843653921656956
2020,12,BRA.25.52_2,0,0.3502480173729377
2020,12,BRA.25.535_2,0,0.35725009115132167
2020,12,BRA.25.545_2,0,0.3522770203960217
2020,12,BRA.25.547_2,0,0.3611293596682696
2020,12,BRA.25.555_2,0,0.3677148544921924
2020,12,BRA.25.560_2,0,0.3749394345485409
2020,12,BRA.25.565_2,0,0.3429600875052688
2020,12,BRA.25.572_2,0,0.3639828065767441
2020,12,BRA.25.579_2,0,0.3601676286407771
2020,12,BRA.25.584_2,0,0.3386601403925338
2020,12,BRA.25.588_2,0,0.36955049393495276
2020,12,BRA.25.591_2,0,0.3677148544921924
2020,12,BRA.25.605_2,0,0.34922479573758497
2020,12,BRA.25.606_2,0,0.3450725649411658
2020,12,BRA.25.632_2,0,0.3408227694273963
2020,12,BRA.25.636_2,0,0.3630369069334353
2020,12,BRA.25.638_2,0,0.36492351139542817
2020,12,BRA.25.643_2,0,0.3592005359475749
2020,12,BRA.25.644_2,0,0.3471606552023436
2020,12,BRA.25.65_2,0,0.3522770203960217
2020,12,BRA.25.68_2,0,0.3562666500332664
2020,12,BRA.25.72_2,0,0.3532829019480122
2020,12,BRA.25.86_2,0,0.35126540875438816
2020,12,BRA.25.87_2,0,0.3601676286407771
2020,12,BRA.25.96_2,0,0.37136627864268035
2020,12,BRA.25.97_2,0,0.3818596821043259
2020,12,BRA.26.27_2,0,0.37843653921656956
2020,12,BRA.26.3_2,0,0.38521083498181535
2020,12,BRA.27.12_2,0,0.3758207567993567
2020,12,BRA.27.79_2,0,0.38437969216355294
2020,12,BRA.3.7_2,0,0.3818596821043259
2020,12,BRA.4.38_2,0,0.3775692765024169
2020,12,BRA.5.102_2,0,0.3740533597174552
2020,12,BRA.5.116_2,0,0.3630369069334353
2020,12,BRA.5.143_2,0,0.3758207567993567
2020,12,BRA.5.159_2,0,0.3932857404911519
2020,12,BRA.5.164_2,0,0.39090767299812473
2020,12,BRA.5.167_2,0,0.3924972026066607
2020,12,BRA.5.174_2,0,0.362085771753194
2020,12,BRA.5.176_2,0,0.38354413840665863
2020,12,BRA.5.178_2,0,0.3630369069334353
2020,12,BRA.5.198_2,0,0.3731624984510773
2020,12,BRA.5.224_2,0,0.38270414482007176
2020,12,BRA.5.231_2,0,0.3704608498090469
2020,12,BRA.5.233_2,0,0.3893013685508382
2020,12,BRA.5.236_2,0,0.3766973598273565
2020,12,BRA.5.238_2,0,0.36863517451796685
2020,12,BRA.5.243_2,0,0.35725009115132167
2020,12,BRA.5.25_2,0,0.3740533597174552
2020,12,BRA.5.281_2,0,0.3731624984510773
2020,12,BRA.5.305_2,0,0.3740533597174552
2020,12,BRA.5.307_2,0,0.3601676286407771
2020,12,BRA.5.311_2,0,0.3924972026066607
2020,12,BRA.5.329_2,0,0.37226681638655706
2020,12,BRA.5.336_2,0,0.38521083498181535
2020,12,BRA.5.339_2,0,0.37843653921656956
2020,12,BRA.5.372_2,0,0.37136627864268035
2020,12,BRA.5.38_2,0,0.3502480173729377
2020,12,BRA.5.394_2,0,0.36863517451796685
2020,12,BRA.5.413_2,0,0.3818596821043259
2020,12,BRA.5.70_2,0,0.36955049393495276
2020,12,BRA.6.127_2,0,0.37929917989348183
2020,12,BRA.6.59_2,0,0.3901066305296325
2020,12,BRA.6.67_2,0,0.3810107205436209
2020,12,BRA.7.1_2,0,0.37843653921656956
2020,12,BRA.8.17_2,0,0.3562666500332664
2020,12,BRA.8.46_2,0,0.3630369069334353
2020,12,BRA.9.1_2,0,0.3704608498090469
2020,12,BRA.9.134_2,0,0.38354413840665863
2020,12,BRA.9.135_2,0,0.39485048677557294
2020,12,BRA.9.138_2,0,0.38270414482007176
2020,12,BRA.9.16_2,0,0.36955049393495276
2020,12,BRA.9.19_2,0,0.3766973598273565
2020,12,BRA.9.214_2,0,0.38521083498181535
2020,12,BRA.9.218_2,0,0.37136627864268035
2020,12,BRA.9.220_2,0,0.38015722999769386
2020,12,BRA.9.224_2,0,0.36585906146062974
2020,12,BRA.9.35_2,0,0.3749394345485409
2020,12,BRA.9.49_2,0,0.3749394345485409
2020,12,BRA.9.52_2,0,0.38015722999769386
2020,12,BRA.9.70_2,0,0.3731624984510773
2020,12,BRA.9.95_2,0,0.3630369069334353
2020,12,BRA.9.98_2,0,0.36863517451796685
2020,12,BWA.4.1_1,0,0.3749394345485409
2020,12,BWA.9.2_1,0,0.3630369069334353
2020,12,CHE.10.8.10_1,0,0.27450200609713465
2020,12,CHE.21.5.17_1,0,0.22213812222431642
2020,12,CHE.21.5.20_1,0,0.22213812222431642
2020,12,CHE.21.5.25_1,0,0.22213812222431642
2020,12,CHE.21.5.32_1,0,0.22213812222431642
2020,12,CHE.21.5.34_1,0,0.22213812222431642
2020,12,CHE.21.5.35_1,0,0.22213812222431642
2020,12,CHE.8.1.17_1,0,0.22213812222431642
2020,12,CHE.8.1.27_1,0,0.22213812222431642
2020,12,CHL.12.2.1_1,0,0.36585906146062974
2020,12,CHL.12.3.3_1,0,0.34819569244928955
2020,12,CHL.12.4.10_1,0,0.34922479573758497
2020,12,CHL.13.3.3_1,0,0.34189456253630574
2020,12,CHL.14.1.2_1,0,0.3532829019480122
2020,12,CHL.14.1.3_1,0,0.3532829019480122
2020,12,CHL.14.2.1_1,0,0.36955049393495276
2020,12,CHL.14.2.2_1,0,0.36955049393495276
2020,12,CHL.14.3.1_1,0,0.3611293596682696
2020,12,CHL.14.3.3_1,0,0.3611293596682696
2020,12,CHL.14.3.4_1,0,0.3611293596682696
2020,12,CHL.14.4.2_1,0,0.3592005359475749
2020,12,CHL.14.5.1_1,0,0.3552776691859794
2020,12,CHL.14.5.11_1,0,0.3552776691859794
2020,12,CHL.14.5.12_1,0,0.3552776691859794
2020,12,CHL.14.5.13_1,0,0.3552776691859794
2020,12,CHL.14.5.17_1,0,0.3552776691859794
2020,12,CHL.14.5.20_1,0,0.3552776691859794
2020,12,CHL.14.5.21_1,0,0.3552776691859794
2020,12,CHL.14.5.23_1,0,0.3552776691859794
2020,12,CHL.14.5.24_1,0,0.3552776691859794
2020,12,CHL.14.5.26_1,0,0.3552776691859794
2020,12,CHL.14.5.28_1,0,0.3552776691859794
2020,12,CHL.14.5.3_1,0,0.3552776691859794
2020,12,CHL.14.5.31_1,0,0.3552776691859794
2020,12,CHL.14.5.32_1,0,0.3552776691859794
2020,12,CHL.14.5.5_1,0,0.3552776691859794
2020,12,CHL.14.5.6_1,0,0.3552776691859794
2020,12,CHL.14.6.1_1,0,0.3611293596682696
2020,12,CHL.14.6.3_1,0,0.3611293596682696
2020,12,CHL.15.1.1_1,0,0.3868600013708585
2020,12,CHL.15.1.6_1,0,0.3868600013708585
2020,12,CHL.16.2.1_1,0,0.3630369069334353
2020,12,CHL.16.3.2_1,0,0.3532829019480122
2020,12,CHL.16.5.1_1,0,0.3592005359475749
2020,12,CHL.16.5.3_1,0,0.3592005359475749
2020,12,CHL.16.6.6_1,0,0.36863517451796685
2020,12,CHL.16.7.2_1,0,0.3429600875052688
2020,12,CHL.16.7.6_1,0,0.3429600875052688
2020,12,CHL.2.1.1_1,0,0.3630369069334353
2020,12,CHL.2.1.4_1,0,0.3630369069334353
2020,12,CHL.2.2.1_1,0,0.3592005359475749
2020,12,CHL.3.1.17_1,0,0.37136627864268035
2020,12,CHL.6.3.1_1,0,0.36585906146062974
2020,12,CHL.6.3.10_1,0,0.36585906146062974
2020,12,CHL.6.3.12_1,0,0.36585906146062974
2020,12,CHL.6.3.2_1,0,0.36585906146062974
2020,12,CHL.7.2.2_1,0,0.3562666500332664
2020,12,CHL.8.1.11_1,0,0.34922479573758497
2020,12,CHL.8.1.15_1,0,0.34922479573758497
2020,12,CHL.8.1.8_1,0,0.34922479573758497
2020,12,CHL.8.2.2_1,0,0.3677148544921924
2020,12,CIV.1.1.1.1_1,0,0.3932857404911519
2020,12,CIV.7.2.1.1_1,0,0.3592005359475749
2020,12,CMR.2.5.6_1,0,0.39407016036651554
2020,12,CMR.2.5.7_1,0,0.39407016036651554
2020,12,CMR.2.7.3_1,0,0.3810107205436209
2020,12,CMR.2.7.4_1,0,0.3810107205436209
2020,12,CMR.5.1.7_1,0,0.38015722999769386
2020,12,CMR.5.4.3_1,0,0.387678080750375
2020,12,CMR.5.4.4_1,0,0.387678080750375
2020,12,COD.10.1_1,0,0.38354413840665863
2020,12,COL.10.19_2,0,0.3775692765024169
2020,12,COL.12.25_2,0,0.3868600013708585
2020,12,COL.14.6_2,0,0.38015722999769386
2020,12,COL.15.100_2,0,0.36585906146062974
2020,12,COL.15.18_2,0,0.38015722999769386
2020,12,COL.15.21_2,0,0.3775692765024169
2020,12,COL.15.29_2,0,0.38270414482007176
2020,12,COL.15.31_2,0,0.3818596821043259
2020,12,COL.15.58_2,0,0.36955049393495276
2020,12,COL.15.76_2,0,0.36863517451796685
2020,12,COL.15.86_2,0,0.38354413840665863
2020,12,COL.18.10_2,0,0.3731624984510773
2020,12,COL.18.19_2,0,0.3731624984510773
2020,12,COL.18.37_2,0,0.38437969216355294
2020,12,COL.18.7_2,0,0.39485048677557294
2020,12,COL.19.10_2,0,0.37136627864268035
2020,12,COL.19.14_2,0,0.36492351139542817
2020,12,COL.2.101_2,0,0.3901066305296325
2020,12,COL.2.103_2,0,0.3893013685508382
2020,12,COL.2.16_2,0,0.3901066305296325
2020,12,COL.2.38_2,0,0.38270414482007176
2020,12,COL.2.47_2,0,0.3740533597174552
2020,12,COL.2.64_2,0,0.3601676286407771
2020,12,COL.2.69_2,0,0.387678080750375
2020,12,COL.20.26_2,0,0.37136627864268035
2020,12,COL.20.3_2,0,0.3818596821043259
2020,12,COL.21.27_2,0,0.3749394345485409
2020,12,COL.21.28_2,0,0.35725009115132167
2020,12,COL.22.52_2,0,0.366789496216201
2020,12,COL.23.32_2,0,0.3893013685508382
2020,12,COL.26.10_2,0,0.38270414482007176
2020,12,COL.27.3_2,0,0.37929917989348183
2020,12,COL.28.33_2,0,0.387678080750375
2020,12,COL.28.6_2,0,0.37929917989348183
2020,12,COL.28.79_2,0,0.3731624984510773
2020,12,COL.28.84_2,0,0.39407016036651554
2020,12,COL.28.9_2,0,0.387678080750375
2020,12,COL.29.25_2,0,0.36585906146062974
2020,12,COL.30.19_2,0,0.36585906146062974
2020,12,COL.30.26_2,0,0.3601676286407771
2020,12,COL.30.40_2,0,0.3740533597174552
2020,12,COL.31.10_2,0,0.3749394345485409
2020,12,COL.31.11_2,0,0.3731624984510773
2020,12,COL.31.20_2,0,0.39562674393994207
2020,12,COL.31.21_2,0,0.39716714584887525
2020,12,COL.31.26_2,0,0.387678080750375
2020,12,COL.31.30_2,0,0.37136627864268035
2020,12,COL.31.32_2,0,0.38849186082326864
2020,12,COL.5.1_2,0,0.38270414482007176
2020,12,COL.6.42_2,0,0.3810107205436209
2020,12,COL.6.9_2,0,0.3818596821043259
2020,12,COL.7.107_2,0,0.3740533597174552
2020,12,COL.7.20_2,0,0.3562666500332664
2020,12,COL.7.31_2,0,0.3810107205436209
2020,12,COL.7.34_2,0,0.3740533597174552
2020,12,COL.7.78_2,0,0.38270414482007176
2020,12,COL.8.14_2,0,0.3766973598273565
2020,12,COL.8.26_2,0,0.3818596821043259
2020,12,COL.8.27_2,0,0.37843653921656956
2020,12,COL.8.9_2,0,0.3901066305296325
2020,12,COL.9.7_2,0,0.38270414482007176
2020,12,CRI.1.11.11_1,0,0.38437969216355294
2020,12,CRI.1.13.10_1,0,0.3893013685508382
2020,12,CRI.1.13.7_1,0,0.3893013685508382
2020,12,CRI.1.14.2_1,0,0.3677148544921924
2020,12,CRI.1.4.7_1,0,0.3677148544921924
2020,12,CRI.2.2.1_1,0,0.39485048677557294
2020,12,CRI.2.8.2_1,0,0.387678080750375
2020,12,CRI.4.4.4_1,0,0.366789496216201
2020,12,CRI.5.3.2_1,0,0.3932857404911519
2020,12,CRI.5.3.3_1,0,0.3932857404911519
2020,12,CRI.5.4.3_1,0,0.3704608498090469
2020,12,CRI.6.11.1_1,0,0.39407016036651554
2020,12,CRI.6.2.9_1,0,0.38015722999769386
2020,12,CRI.7.5.6_1,0,0.3740533597174552
2020,12,CYP.3_1,0,0.290577761426155
2020,12,CZE.1.4_1,0,0.3775692765024169
2020,12,CZE.12.12_1,0,0.39407016036651554
2020,12,CZE.7.2_1,0,0.3932857404911519
2020,12,CZE.9.1_1,0,0.3818596821043259
2020,12,CZE.9.2_1,0,0.37929917989348183
2020,12,DEU.1.15.1.1_1,0,0.3810107205436209
2020,12,DEU.10.12.1.1_1,0,0.42039949540375965
2020,12,DEU.10.23.2.1_1,0,0.4291097005838194
2020,12,DEU.10.50.4.1_1,0,0.41512809027013736
2020,12,DEU.2.83.1.1_1,0,0.4197525368502163
2020,12,DEU.8.5.22.1_1,0,0.45627095369219284
2020,12,DEU.9.10.16.5_1,0,0.45581988961844544
2020,12,DEU.9.12.2.2_1,0,0.4457237593730782
2020,12,DJI.3.1_2,0,0.38015722999769386
2020,12,DOM.14.1_1,0,0.37136627864268035
2020,12,DOM.19.1_1,0,0.3611293596682696
2020,12,DOM.24.6_1,0,0.37226681638655706
2020,12,DOM.28.2_1,0,0.3639828065767441
2020,12,DOM.29.1_1,0,0.35725009115132167
2020,12,DOM.29.3_1,0,0.3639828065767441
2020,12,DOM.31.2_1,0,0.35126540875438816
2020,12,DOM.31.3_1,0,0.36863517451796685
2020,12,DOM.31.5_1,0,0.36492351139542817
2020,12,DOM.4.2_1,0,0.3749394345485409
2020,12,DOM.5.1_1,0,0.3810107205436209
2020,12,DZA.10.20_1,0,0.2535809600567505
2020,12,DZA.10.5_1,0,0.26987373312686774
2020,12,DZA.14.11_1,0,0.24487540497968344
2020,12,DZA.15.8_1,0,0.28632495871296654
2020,12,DZA.19.23_1,0,0.2619018758859749
2020,12,DZA.2.21_1,0,0.2775266131761439
2020,12,DZA.25.15_1,0,0.28632495871296654
2020,12,DZA.26.39_1,0,0.29197474077263813
2020,12,DZA.27_1,0,0.26672484350382913
2020,12,DZA.27.43_1,0,0.2848862231842041
2020,12,DZA.30.23_1,0,0.2819760814510878
2020,12,DZA.32.22_1,0,0.27450200609713465
2020,12,DZA.33.15_1,0,0.30541328929383094
2020,12,DZA.33.8_1,0,0.304110972316823
2020,12,DZA.35.30_1,0,0.2790212408632233
2020,12,DZA.35.5_1,0,0.2775266131761439
2020,12,DZA.37.38_1,0,0.2848862231842041
2020,12,DZA.4.19_1,0,0.24487540497968344
2020,12,DZA.4.20_1,0,0.26672484350382913
2020,12,DZA.4.23_1,0,0.2586172517116422
2020,12,DZA.4.24_1,0,0.28050433629924987
2020,12,DZA.4.4_1,0,0.2619018758859749
2020,12,DZA.4.5_1,0,0.27297163499805893
2020,12,DZA.45.13_1,0,0.24840633185509925
2020,12,DZA.45.2_1,0,0.26672484350382913
2020,12,DZA.5.2_1,0,0.27142894774447635
2020,12,DZA.5.6_1,0,0.25014710386805117
2020,12,DZA.8_1,0,0.2619018758859749
2020,12,DZA.8.34_1,0,0.2775266131761439
2020,12,ECU.10.11.1_1,0,0.366789496216201
2020,12,ECU.10.11.5_1,0,0.366789496216201
2020,12,ECU.10.22.2_1,0,0.39407016036651554
2020,12,ECU.12.10.4_1,0,0.3471606552023436
2020,12,ECU.12.12.1_1,0,0.38354413840665863
2020,12,ECU.12.4.3_1,0,0.38270414482007176
2020,12,ECU.12.4.4_1,0,0.38270414482007176
2020,12,ECU.12.7.6_1,0,0.3758207567993567
2020,12,ECU.14.10.1_1,0,0.3639828065767441
2020,12,ECU.14.16.5_1,0,0.38015722999769386
2020,12,ECU.14.21.3_1,0,0.37929917989348183
2020,12,ECU.14.3.6_1,0,0.38270414482007176
2020,12,ECU.15.1.3_1,0,0.3932857404911519
2020,12,ECU.15.1.7_1,0,0.3932857404911519
2020,12,ECU.16.5.6_1,0,0.36955049393495276
2020,12,ECU.17.2.2_1,0,0.3766973598273565
2020,12,ECU.18.4.14_1,0,0.3860375953518323
2020,12,ECU.18.4.7_1,0,0.3860375953518323
2020,12,ECU.19.6.27_1,0,0.3740533597174552
2020,12,ECU.19.6.28_1,0,0.3740533597174552
2020,12,ECU.19.6.8_1,0,0.3740533597174552
2020,12,ECU.19.7.3_1,0,0.3731624984510773
2020,12,ECU.22.1.1_1,0,0.36955049393495276
2020,12,ECU.23.1.2_1,0,0.3731624984510773
2020,12,ECU.23.1.7_1,0,0.3731624984510773
2020,12,ECU.5.2.1_1,0,0.37226681638655706
2020,12,ECU.7.8.2_1,0,0.36492351139542817
2020,12,ECU.8.3.4_1,0,0.37226681638655706
2020,12,ECU.8.5.3_1,0,0.37929917989348183
2020,12,EGY.1.10_1,0,0.3342569785774528
2020,12,EGY.1.4_1,0,0.3001501125938321
2020,12,EGY.1.6_1,0,0.3155242550986462
2020,12,EGY.10.13_1,0,0.37226681638655706
2020,12,EGY.11.25_1,0,0.33313958333104454
2020,12,EGY.11.27_1,0,0.304110972316823
2020,12,EGY.11.34_1,0,0.3408227694273963
2020,12,EGY.11.9_1,0,0.3262904618058356
2020,12,EGY.12.13_1,0,0.33313958333104454
2020,12,EGY.12.5_1,0,0.3117951510466707
2020,12,EGY.2.1_1,0,0.3601676286407771
2020,12,EGY.2.2_1,0,0.32860155048170264
2020,12,EGY.2.7_1,0,0.30926792049394103
2020,12,EGY.21.1_1,0,0.3167512136225074
2020,12,EGY.22.8_1,0,0.3408227694273963
2020,12,EGY.5.9_1,0,0.31304631925323445
2020,12,EGY.6.1_1,0,0.304110972316823
2020,12,EGY.6.17_1,0,0.3251241389157466
2020,12,EGY.6.2_1,0,0.3142893217686178
2020,12,EGY.6.7_1,0,0.3167512136225074
2020,12,EGY.6.8_1,0,0.3320154126456093
2020,12,EGY.6.9_1,0,0.304110972316823
2020,12,EGY.7.1_1,0,0.28917057184232914
2020,12,EGY.7.5_1,0,0.3203851535989872
2020,12,EGY.7.6_1,0,0.3342569785774528
2020,12,EGY.8.13_1,0,0.3203851535989872
2020,12,EGY.8.4_1,0,0.3203851535989872
2020,12,EGY.9.1_1,0,0.3167512136225074
2020,12,EGY.9.2_1,0,0.3342569785774528
2020,12,EGY.9.7_1,0,0.30541328929383094
2020,12,ESP.1.1.5.1_1,0,0.26830577330349786
2020,12,ESP.1.1.6.4_1,0,0.26830577330349786
2020,12,ESP.1.1.7.8_1,0,0.26830577330349786
2020,12,ESP.1.2.1.2_1,0,0.27142894774447635
2020,12,ESP.1.2.1.3_1,0,0.27142894774447635
2020,12,ESP.1.2.1.4_1,0,0.27142894774447635
2020,12,ESP.1.2.3.4_1,0,0.27142894774447635
2020,12,ESP.1.2.5.7_1,0,0.27142894774447635
2020,12,ESP.1.3.1.9_1,0,0.2586172517116422
2020,12,ESP.1.3.4.5_1,0,0.2586172517116422
2020,12,ESP.1.4.5.19_1,0,0.27142894774447635
2020,12,ESP.1.4.5.9_1,0,0.27142894774447635
2020,12,ESP.1.4.8.10_1,0,0.27142894774447635
2020,12,ESP.1.4.8.15_1,0,0.27142894774447635
2020,12,ESP.1.5.5.5_1,0,0.2775266131761439
2020,12,ESP.1.5.6.12_1,0,0.2775266131761439
2020,12,ESP.1.5.6.6_1,0,0.2775266131761439
2020,12,ESP.1.6.2.14_1,0,0.2848862231842041
2020,12,ESP.1.6.5.11_1,0,0.2848862231842041
2020,12,ESP.1.6.5.2_1,0,0.2848862231842041
2020,12,ESP.1.6.8.5_1,0,0.2848862231842041
2020,12,ESP.1.6.8.8_1,0,0.2848862231842041
2020,12,ESP.1.6.9.1_1,0,0.2848862231842041
2020,12,ESP.1.7.1.20_1,0,0.2518718710762269
2020,12,ESP.1.7.2.11_1,0,0.2518718710762269
2020,12,ESP.1.7.4.1_1,0,0.2518718710762269
2020,12,ESP.1.7.4.18_1,0,0.2518718710762269
2020,12,ESP.1.7.4.26_1,0,0.2518718710762269
2020,12,ESP.1.7.4.7_1,0,0.2518718710762269
2020,12,ESP.1.7.4.9_1,0,0.2518718710762269
2020,12,ESP.1.8.2.1_1,0,0.2775266131761439
2020,12,ESP.1.8.2.15_1,0,0.2775266131761439
2020,12,ESP.1.8.2.21_1,0,0.2775266131761439
2020,12,ESP.1.8.3.15_1,0,0.2775266131761439
2020,12,ESP.1.8.3.7_1,0,0.2775266131761439
2020,12,ESP.1.8.3.9_1,0,0.2775266131761439
2020,12,ESP.1.8.4.4_1,0,0.2775266131761439
2020,12,ESP.1.8.4.5_1,0,0.2775266131761439
2020,12,ESP.10.1.1.3_1,0,0.23003677296666486
2020,12,ESP.10.1.1.6_1,0,0.23003677296666486
2020,12,ESP.10.1.1.7_1,0,0.23003677296666486
2020,12,ESP.10.1.1.8_1,0,0.23003677296666486
2020,12,ESP.10.1.1.9_1,0,0.23003677296666486
2020,12,ESP.10.1.2.1_1,0,0.23003677296666486
2020,12,ESP.10.1.2.4_1,0,0.23003677296666486
2020,12,ESP.10.1.2.8_1,0,0.23003677296666486
2020,12,ESP.10.1.3.7_1,0,0.23003677296666486
2020,12,ESP.10.1.4.11_1,0,0.23003677296666486
2020,12,ESP.10.1.4.23_1,0,0.23003677296666486
2020,12,ESP.10.1.4.3_1,0,0.23003677296666486
2020,12,ESP.10.1.9.3_1,0,0.23003677296666486
2020,12,ESP.10.2.5.1_1,0,0.21597603025716916
2020,12,ESP.10.2.5.15_1,0,0.21597603025716916
2020,12,ESP.10.2.5.18_1,0,0.21597603025716916
2020,12,ESP.10.2.7.2_1,0,0.21597603025716916
2020,12,ESP.10.2.7.6_1,0,0.21597603025716916
2020,12,ESP.10.2.7.9_1,0,0.21597603025716916
2020,12,ESP.10.3.1.14_1,0,0.25014710386805117
2020,12,ESP.10.3.10.3_1,0,0.25014710386805117
2020,12,ESP.10.3.10.5_1,0,0.25014710386805117
2020,12,ESP.10.3.11.14_1,0,0.25014710386805117
2020,12,ESP.10.3.11.19_1,0,0.25014710386805117
2020,12,ESP.10.3.13.12_1,0,0.25014710386805117
2020,12,ESP.10.3.13.20_1,0,0.25014710386805117
2020,12,ESP.10.3.13.21_1,0,0.25014710386805117
2020,12,ESP.10.3.13.22_1,0,0.25014710386805117
2020,12,ESP.10.3.13.3_1,0,0.25014710386805117
2020,12,ESP.10.3.13.4_1,0,0.25014710386805117
2020,12,ESP.10.3.13.6_1,0,0.25014710386805117
2020,12,ESP.10.3.14.12_1,0,0.25014710386805117
2020,12,ESP.10.3.2.10_1,0,0.25014710386805117
2020,12,ESP.10.3.4.1_1,0,0.25014710386805117
2020,12,ESP.10.3.6.1_1,0,0.25014710386805117
2020,12,ESP.10.3.6.2_1,0,0.25014710386805117
2020,12,ESP.10.3.6.3_1,0,0.25014710386805117
2020,12,ESP.10.3.6.4_1,0,0.25014710386805117
2020,12,ESP.10.3.6.6_1,0,0.25014710386805117
2020,12,ESP.10.3.7.17_1,0,0.25014710386805117
2020,12,ESP.10.3.8.5_1,0,0.25014710386805117
2020,12,ESP.10.3.8.7_1,0,0.25014710386805117
2020,12,ESP.10.3.8.9_1,0,0.25014710386805117
2020,12,ESP.11.1.5.2_1,0,0.24840633185509925
2020,12,ESP.11.1.6.14_1,0,0.24840633185509925
2020,12,ESP.11.2.6.20_1,0,0.239450070654273
2020,12,ESP.11.2.6.9_1,0,0.239450070654273
2020,12,ESP.11.2.9.18_1,0,0.239450070654273
2020,12,ESP.11.2.9.27_1,0,0.239450070654273
2020,12,ESP.12.2.1.6_1,0,0.20958990416508122
2020,12,ESP.12.2.4.12_1,0,0.20958990416508122
2020,12,ESP.12.3.1.23_1,0,0.19369180807797864
2020,12,ESP.12.4.3.15_1,0,0.19369180807797864
2020,12,ESP.12.4.3.16_1,0,0.19369180807797864
2020,12,ESP.12.4.3.23_1,0,0.19369180807797864
2020,12,ESP.12.4.3.28_1,0,0.19369180807797864
2020,12,ESP.12.4.3.9_1,0,0.19369180807797864
2020,12,ESP.13.1.2.6_1,0,0.2029585972364615
2020,12,ESP.13.1.5.3_1,0,0.2029585972364615
2020,12,ESP.13.1.7.12_1,0,0.2029585972364615
2020,12,ESP.13.1.7.4_1,0,0.2029585972364615
2020,12,ESP.13.1.8.1_1,0,0.2029585972364615
2020,12,ESP.13.1.9.15_1,0,0.2029585972364615
2020,12,ESP.14.1.1.12_1,0,0.32744957355785825
2020,12,ESP.14.1.1.13_1,0,0.32744957355785825
2020,12,ESP.14.1.1.19_1,0,0.32744957355785825
2020,12,ESP.14.1.1.2_1,0,0.32744957355785825
2020,12,ESP.14.2.1.13_1,0,0.3342569785774528
2020,12,ESP.14.2.1.31_1,0,0.3342569785774528
2020,12,ESP.14.2.1.37_1,0,0.3342569785774528
2020,12,ESP.14.2.1.42_1,0,0.3342569785774528
2020,12,ESP.15.1.6.18_1,0,0.23574260237507894
2020,12,ESP.16.1.3.12_1,0,0.21174474216810163
2020,12,ESP.16.2.1.19_1,0,0.15921478998305827
2020,12,ESP.16.2.1.27_1,0,0.15921478998305827
2020,12,ESP.16.2.1.3_1,0,0.15921478998305827
2020,12,ESP.16.2.1.32_1,0,0.15921478998305827
2020,12,ESP.16.2.1.37_1,0,0.15921478998305827
2020,12,ESP.16.2.1.51_1,0,0.15921478998305827
2020,12,ESP.16.2.1.55_1,0,0.15921478998305827
2020,12,ESP.16.2.1.56_1,0,0.15921478998305827
2020,12,ESP.16.2.1.63_1,0,0.15921478998305827
2020,12,ESP.16.2.1.66_1,0,0.15921478998305827
2020,12,ESP.16.2.1.84_1,0,0.15921478998305827
2020,12,ESP.16.3.1.13_1,0,0.08341437500789632
2020,12,ESP.16.3.1.20_1,0,0.08341437500789632
2020,12,ESP.16.3.1.22_1,0,0.08341437500789632
2020,12,ESP.16.3.1.28_1,0,0.08341437500789632
2020,12,ESP.16.3.1.36_1,0,0.08341437500789632
2020,12,ESP.16.3.1.90_1,0,0.08341437500789632
2020,12,ESP.17.1.3.7_1,0,0.237605674293474
2020,12,ESP.17.1.4.2_1,0,0.237605674293474
2020,12,ESP.17.1.4.3_1,0,0.237605674293474
2020,12,ESP.17.1.7.5_1,0,0.237605674293474
2020,12,ESP.17.1.8.10_1,0,0.237605674293474
2020,12,ESP.18.1.1.1_1,0,0.22809433799861634
2020,12,ESP.18.1.12.6_1,0,0.22809433799861634
2020,12,ESP.18.1.2.2_1,0,0.22809433799861634
2020,12,ESP.18.1.3.2_1,0,0.22809433799861634
2020,12,ESP.18.1.3.3_1,0,0.22809433799861634
2020,12,ESP.18.1.3.4_1,0,0.22809433799861634
2020,12,ESP.18.1.3.5_1,0,0.22809433799861634
2020,12,ESP.18.1.4.1_1,0,0.22809433799861634
2020,12,ESP.18.1.4.2_1,0,0.22809433799861634
2020,12,ESP.18.1.5.1_1,0,0.22809433799861634
2020,12,ESP.18.1.5.3_1,0,0.22809433799861634
2020,12,ESP.18.1.6.1_1,0,0.22809433799861634
2020,12,ESP.2.1.5.7_1,0,0.20958990416508122
2020,12,ESP.2.1.6.11_1,0,0.20958990416508122
2020,12,ESP.2.1.7.23_1,0,0.20958990416508122
2020,12,ESP.2.1.7.24_1,0,0.20958990416508122
2020,12,ESP.2.2.1.30_1,0,0.22213812222431645
2020,12,ESP.2.2.1.55_1,0,0.22213812222431645
2020,12,ESP.2.3.2.41_1,0,0.21805400144814482
2020,12,ESP.2.3.2.61_1,0,0.21805400144814482
2020,12,ESP.3.1.1.4_1,0,0.12161327966052798
2020,12,ESP.3.1.11.19_1,0,0.12161327966052798
2020,12,ESP.3.1.4.7_1,0,0.12161327966052798
2020,12,ESP.3.1.6.2_1,0,0.12161327966052798
2020,12,ESP.4.1.1.1_1,0,0.2338604085575211
2020,12,ESP.4.1.5.2_1,0,0.2338604085575211
2020,12,ESP.4.2.1.8_1,0,0.24487540497968344
2020,12,ESP.4.5.1.25_1,0,0.24127621974453722
2020,12,ESP.4.5.4.19_1,0,0.24127621974453722
2020,12,ESP.4.5.6.26_1,0,0.24127621974453722
2020,12,ESP.4.5.6.36_1,0,0.24127621974453722
2020,12,ESP.4.5.6.6_1,0,0.24127621974453722
2020,12,ESP.5.1.2.3_1,0,0.239450070654273
2020,12,ESP.5.2.4.41_1,0,0.237605674293474
2020,12,ESP.5.2.4.50_1,0,0.237605674293474
2020,12,ESP.5.2.4.8_1,0,0.237605674293474
2020,12,ESP.5.2.5.10_1,0,0.237605674293474
2020,12,ESP.5.2.5.40_1,0,0.237605674293474
2020,12,ESP.5.4.2.32_1,0,0.20068950215762726
2020,12,ESP.5.4.2.50_1,0,0.20068950215762726
2020,12,ESP.5.4.2.8_1,0,0.20068950215762726
2020,12,ESP.5.5.2.48_1,0,0.2319586273558386
2020,12,ESP.5.6.1.15_1,0,0.1888562063228706
2020,12,ESP.5.8.2.20_1,0,0.2261307920985887
2020,12,ESP.5.8.2.3_1,0,0.2261307920985887
2020,12,ESP.5.8.2.56_1,0,0.2261307920985887
2020,12,ESP.6.1.10.1_1,0,0.21174474216810163
2020,12,ESP.6.1.10.10_1,0,0.21174474216810163
2020,12,ESP.6.1.10.11_1,0,0.21174474216810163
2020,12,ESP.6.1.10.13_1,0,0.21174474216810163
2020,12,ESP.6.1.10.14_1,0,0.21174474216810163
2020,12,ESP.6.1.10.15_1,0,0.21174474216810163
2020,12,ESP.6.1.10.17_1,0,0.21174474216810163
2020,12,ESP.6.1.10.18_1,0,0.21174474216810163
2020,12,ESP.6.1.10.19_1,0,0.21174474216810163
2020,12,ESP.6.1.10.2_1,0,0.21174474216810163
2020,12,ESP.6.1.10.20_1,0,0.21174474216810163
2020,12,ESP.6.1.10.23_1,0,0.21174474216810163
2020,12,ESP.6.1.10.3_1,0,0.21174474216810163
2020,12,ESP.6.1.10.4_1,0,0.21174474216810163
2020,12,ESP.6.1.10.5_1,0,0.21174474216810163
2020,12,ESP.6.1.10.8_1,0,0.21174474216810163
2020,12,ESP.6.1.10.9_1,0,0.21174474216810163
2020,12,ESP.6.1.11.1_1,0,0.21174474216810163
2020,12,ESP.6.1.11.11_1,0,0.21174474216810163
2020,12,ESP.6.1.11.13_1,0,0.21174474216810163
2020,12,ESP.6.1.11.14_1,0,0.21174474216810163
2020,12,ESP.6.1.11.15_1,0,0.21174474216810163
2020,12,ESP.6.1.11.17_1,0,0.21174474216810163
2020,12,ESP.6.1.11.18_1,0,0.21174474216810163
2020,12,ESP.6.1.11.19_1,0,0.21174474216810163
2020,12,ESP.6.1.11.2_1,0,0.21174474216810163
2020,12,ESP.6.1.11.20_1,0,0.21174474216810163
2020,12,ESP.6.1.11.22_1,0,0.21174474216810163
2020,12,ESP.6.1.11.23_1,0,0.21174474216810163
2020,12,ESP.6.1.11.24_1,0,0.21174474216810163
2020,12,ESP.6.1.11.26_1,0,0.21174474216810163
2020,12,ESP.6.1.11.27_1,0,0.21174474216810163
2020,12,ESP.6.1.11.28_1,0,0.21174474216810163
2020,12,ESP.6.1.11.29_1,0,0.21174474216810163
2020,12,ESP.6.1.11.31_1,0,0.21174474216810163
2020,12,ESP.6.1.11.4_1,0,0.21174474216810163
2020,12,ESP.6.1.11.5_1,0,0.21174474216810163
2020,12,ESP.6.1.11.6_1,0,0.21174474216810163
2020,12,ESP.6.1.11.7_1,0,0.21174474216810163
2020,12,ESP.6.1.11.8_1,0,0.21174474216810163
2020,12,ESP.6.1.11.9_1,0,0.21174474216810163
2020,12,ESP.6.1.12.1_1,0,0.21174474216810163
2020,12,ESP.6.1.12.12_1,0,0.21174474216810163
2020,12,ESP.6.1.12.14_1,0,0.21174474216810163
2020,12,ESP.6.1.12.19_1,0,0.21174474216810163
2020,12,ESP.6.1.12.2_1,0,0.21174474216810163
2020,12,ESP.6.1.12.20_1,0,0.21174474216810163
2020,12,ESP.6.1.12.21_1,0,0.21174474216810163
2020,12,ESP.6.1.12.22_1,0,0.21174474216810163
2020,12,ESP.6.1.12.27_1,0,0.21174474216810163
2020,12,ESP.6.1.12.28_1,0,0.21174474216810163
2020,12,ESP.6.1.12.30_1,0,0.21174474216810163
2020,12,ESP.6.1.12.32_1,0,0.21174474216810163
2020,12,ESP.6.1.12.33_1,0,0.21174474216810163
2020,12,ESP.6.1.12.4_1,0,0.21174474216810163
2020,12,ESP.6.1.12.6_1,0,0.21174474216810163
2020,12,ESP.6.1.3.1_1,0,0.21174474216810163
2020,12,ESP.6.1.3.12_1,0,0.21174474216810163
2020,12,ESP.6.1.3.13_1,0,0.21174474216810163
2020,12,ESP.6.1.3.14_1,0,0.21174474216810163
2020,12,ESP.6.1.3.17_1,0,0.21174474216810163
2020,12,ESP.6.1.3.18_1,0,0.21174474216810163
2020,12,ESP.6.1.3.19_1,0,0.21174474216810163
2020,12,ESP.6.1.3.2_1,0,0.21174474216810163
2020,12,ESP.6.1.3.22_1,0,0.21174474216810163
2020,12,ESP.6.1.3.23_1,0,0.21174474216810163
2020,12,ESP.6.1.3.24_1,0,0.21174474216810163
2020,12,ESP.6.1.3.25_1,0,0.21174474216810163
2020,12,ESP.6.1.3.26_1,0,0.21174474216810163
2020,12,ESP.6.1.3.27_1,0,0.21174474216810163
2020,12,ESP.6.1.3.28_1,0,0.21174474216810163
2020,12,ESP.6.1.3.29_1,0,0.21174474216810163
2020,12,ESP.6.1.3.3_1,0,0.21174474216810163
2020,12,ESP.6.1.3.30_1,0,0.21174474216810163
2020,12,ESP.6.1.3.31_1,0,0.21174474216810163
2020,12,ESP.6.1.3.33_1,0,0.21174474216810163
2020,12,ESP.6.1.3.4_1,0,0.21174474216810163
2020,12,ESP.6.1.3.5_1,0,0.21174474216810163
2020,12,ESP.6.1.3.9_1,0,0.21174474216810163
2020,12,ESP.6.1.4.13_1,0,0.21174474216810163
2020,12,ESP.6.1.4.15_1,0,0.21174474216810163
2020,12,ESP.6.1.4.22_1,0,0.21174474216810163
2020,12,ESP.6.1.4.34_1,0,0.21174474216810163
2020,12,ESP.6.1.5.1_1,0,0.21174474216810163
2020,12,ESP.6.1.5.10_1,0,0.21174474216810163
2020,12,ESP.6.1.5.11_1,0,0.21174474216810163
2020,12,ESP.6.1.5.12_1,0,0.21174474216810163
2020,12,ESP.6.1.5.15_1,0,0.21174474216810163
2020,12,ESP.6.1.5.16_1,0,0.21174474216810163
2020,12,ESP.6.1.5.17_1,0,0.21174474216810163
2020,12,ESP.6.1.5.18_1,0,0.21174474216810163
2020,12,ESP.6.1.5.21_1,0,0.21174474216810163
2020,12,ESP.6.1.5.22_1,0,0.21174474216810163
2020,12,ESP.6.1.5.23_1,0,0.21174474216810163
2020,12,ESP.6.1.5.24_1,0,0.21174474216810163
2020,12,ESP.6.1.5.25_1,0,0.21174474216810163
2020,12,ESP.6.1.5.26_1,0,0.21174474216810163
2020,12,ESP.6.1.5.27_1,0,0.21174474216810163
2020,12,ESP.6.1.5.28_1,0,0.21174474216810163
2020,12,ESP.6.1.5.3_1,0,0.21174474216810163
2020,12,ESP.6.1.5.32_1,0,0.21174474216810163
2020,12,ESP.6.1.5.35_1,0,0.21174474216810163
2020,12,ESP.6.1.5.4_1,0,0.21174474216810163
2020,12,ESP.6.1.5.5_1,0,0.21174474216810163
2020,12,ESP.6.1.5.8_1,0,0.21174474216810163
2020,12,ESP.6.1.6.3_1,0,0.21174474216810163
2020,12,ESP.6.1.6.7_1,0,0.21174474216810163
2020,12,ESP.6.1.7.29_1,0,0.21174474216810163
2020,12,ESP.6.1.7.3_1,0,0.21174474216810163
2020,12,ESP.6.1.7.32_1,0,0.21174474216810163
2020,12,ESP.6.1.7.35_1,0,0.21174474216810163
2020,12,ESP.6.1.7.37_1,0,0.21174474216810163
2020,12,ESP.6.1.7.45_1,0,0.21174474216810163
2020,12,ESP.6.1.7.51_1,0,0.21174474216810163
2020,12,ESP.6.1.8.1_1,0,0.21174474216810163
2020,12,ESP.6.1.8.10_1,0,0.21174474216810163
2020,12,ESP.6.1.8.22_1,0,0.21174474216810163
2020,12,ESP.6.1.8.3_1,0,0.21174474216810163
2020,12,ESP.6.1.9.10_1,0,0.21174474216810163
2020,12,ESP.6.1.9.14_1,0,0.21174474216810163
2020,12,ESP.6.1.9.27_1,0,0.21174474216810163
2020,12,ESP.6.1.9.6_1,0,0.21174474216810163
2020,12,ESP.6.2.1.10_1,0,0.22010780869257557
2020,12,ESP.6.2.1.4_1,0,0.22010780869257557
2020,12,ESP.6.2.1.8_1,0,0.22010780869257557
2020,12,ESP.6.2.3.12_1,0,0.22010780869257557
2020,12,ESP.6.2.3.17_1,0,0.22010780869257557
2020,12,ESP.6.2.4.12_1,0,0.22010780869257557
2020,12,ESP.6.2.4.14_1,0,0.22010780869257557
2020,12,ESP.6.2.4.15_1,0,0.22010780869257557
2020,12,ESP.6.2.4.16_1,0,0.22010780869257557
2020,12,ESP.6.2.4.17_1,0,0.22010780869257557
2020,12,ESP.6.2.4.2_1,0,0.22010780869257557
2020,12,ESP.6.2.4.23_1,0,0.22010780869257557
2020,12,ESP.6.2.4.24_1,0,0.22010780869257557
2020,12,ESP.6.2.4.25_1,0,0.22010780869257557
2020,12,ESP.6.2.4.3_1,0,0.22010780869257557
2020,12,ESP.6.2.4.33_1,0,0.22010780869257557
2020,12,ESP.6.2.4.7_1,0,0.22010780869257557
2020,12,ESP.6.2.5.24_1,0,0.22010780869257557
2020,12,ESP.6.2.5.30_1,0,0.22010780869257557
2020,12,ESP.6.2.5.52_1,0,0.22010780869257557
2020,12,ESP.6.2.6.15_1,0,0.22010780869257557
2020,12,ESP.6.2.6.22_1,0,0.22010780869257557
2020,12,ESP.6.2.6.27_1,0,0.22010780869257557
2020,12,ESP.6.2.6.3_1,0,0.22010780869257557
2020,12,ESP.6.2.6.4_1,0,0.22010780869257557
2020,12,ESP.6.2.6.5_1,0,0.22010780869257557
2020,12,ESP.6.2.7.14_1,0,0.22010780869257557
2020,12,ESP.6.2.7.16_1,0,0.22010780869257557
2020,12,ESP.6.2.7.17_1,0,0.22010780869257557
2020,12,ESP.6.2.7.2_1,0,0.22010780869257557
2020,12,ESP.6.2.7.20_1,0,0.22010780869257557
2020,12,ESP.6.2.7.21_1,0,0.22010780869257557
2020,12,ESP.6.2.7.27_1,0,0.22010780869257557
2020,12,ESP.6.2.7.31_1,0,0.22010780869257557
2020,12,ESP.6.2.7.4_1,0,0.22010780869257557
2020,12,ESP.6.2.7.5_1,0,0.22010780869257557
2020,12,ESP.6.2.7.7_1,0,0.22010780869257557
2020,12,ESP.6.2.7.9_1,0,0.22010780869257557
2020,12,ESP.6.3.10.17_1,0,0.20740785428237288
2020,12,ESP.6.3.10.9_1,0,0.20740785428237288
2020,12,ESP.6.3.5.6_1,0,0.20740785428237288
2020,12,ESP.6.3.6.11_1,0,0.20740785428237288
2020,12,ESP.6.3.7.25_1,0,0.20740785428237288
2020,12,ESP.6.3.8.11_1,0,0.20740785428237288
2020,12,ESP.6.3.8.2_1,0,0.20740785428237288
2020,12,ESP.6.3.8.26_1,0,0.20740785428237288
2020,12,ESP.6.3.8.28_1,0,0.20740785428237288
2020,12,ESP.6.3.8.7_1,0,0.20740785428237288
2020,12,ESP.6.3.9.24_1,0,0.20740785428237288
2020,12,ESP.6.3.9.31_1,0,0.20740785428237288
2020,12,ESP.6.4.2.10_1,0,0.2319586273558386
2020,12,ESP.6.4.2.11_1,0,0.2319586273558386
2020,12,ESP.6.4.2.14_1,0,0.2319586273558386
2020,12,ESP.6.4.2.15_1,0,0.2319586273558386
2020,12,ESP.6.4.2.16_1,0,0.2319586273558386
2020,12,ESP.6.4.2.7_1,0,0.2319586273558386
2020,12,ESP.6.4.2.9_1,0,0.2319586273558386
2020,12,ESP.6.4.3.12_1,0,0.2319586273558386
2020,12,ESP.6.4.3.28_1,0,0.2319586273558386
2020,12,ESP.6.4.3.29_1,0,0.2319586273558386
2020,12,ESP.6.4.3.32_1,0,0.2319586273558386
2020,12,ESP.6.4.3.38_1,0,0.2319586273558386
2020,12,ESP.6.4.3.4_1,0,0.2319586273558386
2020,12,ESP.6.4.3.40_1,0,0.2319586273558386
2020,12,ESP.6.4.3.45_1,0,0.2319586273558386
2020,12,ESP.6.4.3.48_1,0,0.2319586273558386
2020,12,ESP.6.4.3.5_1,0,0.2319586273558386
2020,12,ESP.6.4.3.51_1,0,0.2319586273558386
2020,12,ESP.6.4.3.52_1,0,0.2319586273558386
2020,12,ESP.6.4.3.55_1,0,0.2319586273558386
2020,12,ESP.6.4.3.59_1,0,0.2319586273558386
2020,12,ESP.6.4.3.6_1,0,0.2319586273558386
2020,12,ESP.6.4.4.27_1,0,0.2319586273558386
2020,12,ESP.6.4.5.4_1,0,0.2319586273558386
2020,12,ESP.6.4.6.2_1,0,0.2319586273558386
2020,12,ESP.6.4.7.10_1,0,0.2319586273558386
2020,12,ESP.6.4.7.11_1,0,0.2319586273558386
2020,12,ESP.6.4.8.4_1,0,0.2319586273558386
2020,12,ESP.7.1.1.1_1,0,0.2790212408632233
2020,12,ESP.7.2_1,0,0.27297163499805893
2020,12,ESP.7.2.1.2_1,0,0.27297163499805893
2020,12,ESP.8.1.1.16_1,0,0.22010780869257557
2020,12,ESP.8.1.2.2_1,0,0.22010780869257557
2020,12,ESP.8.1.2.23_1,0,0.22010780869257557
2020,12,ESP.8.1.2.7_1,0,0.22010780869257557
2020,12,ESP.8.1.3.10_1,0,0.22010780869257557
2020,12,ESP.8.1.3.11_1,0,0.22010780869257557
2020,12,ESP.8.1.3.14_1,0,0.22010780869257557
2020,12,ESP.8.1.3.15_1,0,0.22010780869257557
2020,12,ESP.8.1.3.17_1,0,0.22010780869257557
2020,12,ESP.8.1.3.19_1,0,0.22010780869257557
2020,12,ESP.8.1.3.20_1,0,0.22010780869257557
2020,12,ESP.8.1.3.23_1,0,0.22010780869257557
2020,12,ESP.8.1.3.24_1,0,0.22010780869257557
2020,12,ESP.8.1.3.25_1,0,0.22010780869257557
2020,12,ESP.8.1.3.4_1,0,0.22010780869257557
2020,12,ESP.8.1.3.7_1,0,0.22010780869257557
2020,12,ESP.8.1.3.8_1,0,0.22010780869257557
2020,12,ESP.8.1.3.9_1,0,0.22010780869257557
2020,12,ESP.8.1.4.16_1,0,0.22010780869257557
2020,12,ESP.8.1.4.17_1,0,0.22010780869257557
2020,12,ESP.8.1.4.29_1,0,0.22010780869257557
2020,12,ESP.8.1.4.8_1,0,0.22010780869257557
2020,12,ESP.8.1.4.9_1,0,0.22010780869257557
2020,12,ESP.8.1.5.16_1,0,0.22010780869257557
2020,12,ESP.8.1.5.17_1,0,0.22010780869257557
2020,12,ESP.8.1.5.19_1,0,0.22010780869257557
2020,12,ESP.8.1.5.21_1,0,0.22010780869257557
2020,12,ESP.8.1.5.4_1,0,0.22010780869257557
2020,12,ESP.8.1.5.5_1,0,0.22010780869257557
2020,12,ESP.8.1.5.7_1,0,0.22010780869257557
2020,12,ESP.8.1.5.9_1,0,0.22010780869257557
2020,12,ESP.9.1.9.12_1,0,0.21174474216810163
2020,12,ESP.9.1.9.14_1,0,0.21174474216810163
2020,12,ESP.9.1.9.40_1,0,0.21174474216810163
2020,12,ETH.1.1.7_1,0,0.3766973598273565
2020,12,ETH.1.1.9_1,0,0.3766973598273565
2020,12,ETH.10.19.4_1,0,0.3818596821043259
2020,12,ETH.5.1.1_1,0,0.3758207567993567
2020,12,ETH.8.15.2_1,0,0.3731624984510773
2020,12,ETH.9.2.4_1,0,0.3901066305296325
2020,12,ETH.9.3.5_1,0,0.37843653921656956
2020,12,ETH.9.9.1_1,0,0.39407016036651554
2020,12,FRA.1.11.1.17_1,0,0.24127621974453722
2020,12,FRA.1.11.1.34_1,0,0.24127621974453722
2020,12,FRA.1.5.3.5_1,0,0.2338604085575211
2020,12,FRA.10.12.3.4_1,0,0.27142894774447635
2020,12,FRA.11.11.2.8_1,0,0.20958990416508122
2020,12,FRA.11.11.3.4_1,0,0.20958990416508122
2020,12,FRA.13.1.3.7_1,0,0.22213812222431642
2020,12,FRA.13.3.1.3_1,0,0.2029585972364615
2020,12,FRA.13.3.4.15_1,0,0.2029585972364615
2020,12,FRA.2.1.3.5_1,0,0.27142894774447635
2020,12,FRA.2.4.2.20_1,0,0.3067068128833611
2020,12,FRA.7.2.5.10_1,0,0.40317061716666125
2020,12,FRA.7.2.5.9_1,0,0.40317061716666125
2020,12,FRA.8.4.1.6_1,0,0.35428310221702153
2020,12,FRA.8.5.3.1_1,0,0.3582280381646966
2020,12,FRA.8.6.1.3_1,0,0.3522770203960217
2020,12,FRA.8.7.1.1_1,0,0.35725009115132167
2020,12,FRA.8.7.1.8_1,0,0.35725009115132167
2020,12,FRA.8.8.4.5_1,0,0.3461196307619647
2020,12,GAB.1.2_1,0,0.3860375953518323
2020,12,GAB.8.3_1,0,0.3740533597174552
2020,12,GBR.1.36.33.8_1,0,0.4446985009607709
2020,12,GBR.1.38.5.9_1,0,0.4383048152953731
2020,12,GBR.1.83.1.11_1,0,0.4643485970901814
2020,12,GBR.1.83.1.7_1,0,0.4643485970901814
2020,12,GEO.2.1_1,0,0.21597603025716916
2020,12,GEO.6.4_1,0,0.22213812222431642
2020,12,GEO.9.2_1,0,0.20740785428237288
2020,12,GEO.9.6_1,0,0.22809433799861634
2020,12,GHA15.11_2,0,0.3731624984510773
2020,12,GHA2_2,0,0.4046328307586122
2020,12,GHA2.18_2,0,0.3758207567993567
2020,12,GHA4.10_2,0,0.3758207567993567
2020,12,GHA7.13_2,0,0.35725009115132167
2020,12,GHA7.29_2,0,0.3630369069334353
2020,12,GHA7.7_2,0,0.3740533597174552
2020,12,GRC.1.2.15_1,0,0.2619018758859749
2020,12,GRC.3.1.12_1,0,0.25527468571161765
2020,12,GRC.3.1.26_1,0,0.25527468571161765
2020,12,GRC.7.2.15_1,0,0.239450070654273
2020,12,GRC.7.3.10_1,0,0.24127621974453722
2020,12,GTM.12.3_1,0,0.3386601403925338
2020,12,GTM.20.2_1,0,0.3639828065767441
2020,12,GTM.22.10_1,0,0.3677148544921924
2020,12,GTM.4.10_1,0,0.3860375953518323
2020,12,GTM.4.2_1,0,0.3704608498090469
2020,12,GTM.6.3_1,0,0.37929917989348183
2020,12,GTM.7.16_1,0,0.3860375953518323
2020,12,GTM.7.17_1,0,0.36492351139542817
2020,12,GTM.7.26_1,0,0.3860375953518323
2020,12,GTM.7.5_1,0,0.3731624984510773
2020,12,GTM.7.7_1,0,0.37929917989348183
2020,12,HND.15.2_1,0,0.3810107205436209
2020,12,HND.17.7_1,0,0.3775692765024169
2020,12,HND.18.6_1,0,0.3639828065767441
2020,12,HND.2.15_1,0,0.3552776691859794
2020,12,HND.4.2_1,0,0.366789496216201
2020,12,HND.5.12_1,0,0.36492351139542817
2020,12,HND.6.10_1,0,0.3611293596682696
2020,12,HND.7.2_1,0,0.366789496216201
2020,12,HND.8.4_1,0,0.3860375953518323
2020,12,HTI.10.2.1.1_1,0,0.3749394345485409
2020,12,HTI.10.2.1.2_1,0,0.3749394345485409
2020,12,HTI.3.5.2.3_1,0,0.3386601403925338
2020,12,HTI.3.5.2.6_1,0,0.3386601403925338
2020,12,HTI.8.1.2.4_1,0,0.362085771753194
2020,12,HTI.8.1.2.5_1,0,0.362085771753194
2020,12,HTI.8.5.2.1_1,0,0.3562666500332664
2020,12,HTI.8.5.2.2_1,0,0.3562666500332664
2020,12,HTI.8.5.5.2_1,0,0.3562666500332664
2020,12,HTI.8.5.6.3_1,0,0.3562666500332664
2020,12,HUN.1.7_1,0,0.25695335184625445
2020,12,HUN.1.8_1,0,0.25014710386805117
2020,12,HUN.10.2_1,0,0.2261307920985887
2020,12,HUN.10.4_1,0,0.22213812222431642
2020,12,HUN.12.2_1,0,0.18638331132035063
2020,12,HUN.12.7_1,0,0.2319586273558386
2020,12,HUN.14.11_1,0,0.17608806605504818
2020,12,HUN.14.14_1,0,0.32158111638343195
2020,12,HUN.14.3_1,0,0.30541328929383094
2020,12,HUN.14.4_1,0,0.290577761426155
2020,12,HUN.14.7_1,0,0.21174474216810163
2020,12,HUN.16.11_1,0,0.3450725649411658
2020,12,HUN.18.6_1,0,0.28917057184232914
2020,12,HUN.19.1_1,0,0.296105857217784
2020,12,HUN.2.1_1,0,0.2790212408632233
2020,12,HUN.2.3_1,0,0.20068950215762726
2020,12,HUN.2.4_1,0,0.22809433799861634
2020,12,HUN.2.7_1,0,0.23003677296666486
2020,12,HUN.4.10_1,0,0.30926792049394103
2020,12,HUN.4.14_1,0,0.31918157352340515
2020,12,HUN.4.8_1,0,0.3320154126456093
2020,12,HUN.5.1_1,0,0.162164414398774
2020,12,HUN.7.10_1,0,0.2848862231842041
2020,12,HUN.8.2_1,0,0.32744957355785825
2020,12,IDN.1.1.2.3_1,0,0.3639828065767441
2020,12,IDN.1.1.8.11_1,0,0.3639828065767441
2020,12,IDN.1.17.1.15_1,0,0.3731624984510773
2020,12,IDN.1.17.3.11_1,0,0.3731624984510773
2020,12,IDN.1.20.17.4_1,0,0.3901066305296325
2020,12,IDN.1.20.20.50_1,0,0.3901066305296325
2020,12,IDN.1.5.10.13_1,0,0.39090767299812473
2020,12,IDN.1.5.10.16_1,0,0.39090767299812473
2020,12,IDN.1.5.10.9_1,0,0.39090767299812473
2020,12,IDN.1.5.13.2_1,0,0.39090767299812473
2020,12,IDN.1.8.12.1_1,0,0.37843653921656956
2020,12,IDN.1.8.2.4_1,0,0.37843653921656956
2020,12,IDN.10.1.8.16_1,0,0.39407016036651554
2020,12,IDN.10.1.8.5_1,0,0.39407016036651554
2020,12,IDN.10.11.1.3_1,0,0.38849186082326864
2020,12,IDN.10.11.16.8_1,0,0.38849186082326864
2020,12,IDN.10.11.3.4_1,0,0.38849186082326864
2020,12,IDN.10.11.3.6_1,0,0.38849186082326864
2020,12,IDN.10.11.7.3_1,0,0.38849186082326864
2020,12,IDN.10.11.7.5_1,0,0.38849186082326864
2020,12,IDN.10.11.8.1_1,0,0.38849186082326864
2020,12,IDN.10.11.8.8_1,0,0.38849186082326864
2020,12,IDN.10.12.15.2_1,0,0.3582280381646966
2020,12,IDN.10.12.15.7_1,0,0.3582280381646966
2020,12,IDN.10.12.8.7_1,0,0.3582280381646966
2020,12,IDN.10.14.16.2_1,0,0.36585906146062974
2020,12,IDN.10.14.16.3_1,0,0.36585906146062974
2020,12,IDN.10.17.1.3_1,0,0.3677148544921924
2020,12,IDN.10.17.13.2_1,0,0.3677148544921924
2020,12,IDN.10.17.14.4_1,0,0.3677148544921924
2020,12,IDN.10.17.15.2_1,0,0.3677148544921924
2020,12,IDN.10.17.3.8_1,0,0.3677148544921924
2020,12,IDN.10.17.5.2_1,0,0.3677148544921924
2020,12,IDN.10.17.6.14_1,0,0.3677148544921924
2020,12,IDN.10.17.6.4_1,0,0.3677148544921924
2020,12,IDN.10.17.6.6_1,0,0.3677148544921924
2020,12,IDN.10.17.9.11_1,0,0.3677148544921924
2020,12,IDN.10.19.4.5_1,0,0.3860375953518323
2020,12,IDN.10.19.7.19_1,0,0.3860375953518323
2020,12,IDN.10.2.8.12_1,0,0.35725009115132167
2020,12,IDN.10.2.8.3_1,0,0.35725009115132167
2020,12,IDN.10.21.16.11_1,0,0.3766973598273565
2020,12,IDN.10.21.4.9_1,0,0.3766973598273565
2020,12,IDN.10.22.17.1_1,0,0.3924972026066607
2020,12,IDN.10.22.18.5_1,0,0.3924972026066607
2020,12,IDN.10.23.5.13_1,0,0.37843653921656956
2020,12,IDN.10.23.5.14_1,0,0.37843653921656956
2020,12,IDN.10.23.7.10_1,0,0.37843653921656956
2020,12,IDN.10.25.4.23_1,0,0.37929917989348183
2020,12,IDN.10.25.4.27_1,0,0.37929917989348183
2020,12,IDN.10.26.5.6_1,0,0.387678080750375
2020,12,IDN.10.26.6.4_1,0,0.387678080750375
2020,12,IDN.10.26.6.6_1,0,0.387678080750375
2020,12,IDN.10.27.2.1_1,0,0.3704608498090469
2020,12,IDN.10.28.14.4_1,0,0.3611293596682696
2020,12,IDN.10.28.14.9_1,0,0.3611293596682696
2020,12,IDN.10.28.17.12_1,0,0.3611293596682696
2020,12,IDN.10.29.10.9_1,0,0.39944781706570703
2020,12,IDN.10.29.12.12_1,0,0.39944781706570703
2020,12,IDN.10.29.13.8_1,0,0.39944781706570703
2020,12,IDN.10.29.16.1_1,0,0.39944781706570703
2020,12,IDN.10.29.16.3_1,0,0.39944781706570703
2020,12,IDN.10.29.18.1_1,0,0.39944781706570703
2020,12,IDN.10.29.18.5_1,0,0.39944781706570703
2020,12,IDN.10.29.20.11_1,0,0.39944781706570703
2020,12,IDN.10.29.20.8_1,0,0.39944781706570703
2020,12,IDN.10.29.6.8_1,0,0.39944781706570703
2020,12,IDN.10.3.14.5_1,0,0.38354413840665863
2020,12,IDN.10.30.2.6_1,0,0.3749394345485409
2020,12,IDN.10.30.4.7_1,0,0.3749394345485409
2020,12,IDN.10.30.7.6_1,0,0.3749394345485409
2020,12,IDN.10.30.8.14_1,0,0.3749394345485409
2020,12,IDN.10.30.8.4_1,0,0.3749394345485409
2020,12,IDN.10.30.8.8_1,0,0.3749394345485409
2020,12,IDN.10.32.13.12_1,0,0.37136627864268035
2020,12,IDN.10.32.8.10_1,0,0.37136627864268035
2020,12,IDN.10.34.1.1_1,0,0.39407016036651554
2020,12,IDN.10.35.17.14_1,0,0.3611293596682696
2020,12,IDN.10.35.17.7_1,0,0.3611293596682696
2020,12,IDN.10.35.20.7_1,0,0.3611293596682696
2020,12,IDN.10.35.25.12_1,0,0.3611293596682696
2020,12,IDN.10.35.25.14_1,0,0.3611293596682696
2020,12,IDN.10.4.1.10_1,0,0.37929917989348183
2020,12,IDN.10.4.1.11_1,0,0.37929917989348183
2020,12,IDN.10.4.1.12_1,0,0.37929917989348183
2020,12,IDN.10.4.1.13_1,0,0.37929917989348183
2020,12,IDN.10.4.1.15_1,0,0.37929917989348183
2020,12,IDN.10.4.1.18_1,0,0.37929917989348183
2020,12,IDN.10.4.1.19_1,0,0.37929917989348183
2020,12,IDN.10.4.1.2_1,0,0.37929917989348183
2020,12,IDN.10.4.1.4_1,0,0.37929917989348183
2020,12,IDN.10.4.1.9_1,0,0.37929917989348183
2020,12,IDN.10.4.11.1_1,0,0.37929917989348183
2020,12,IDN.10.4.11.11_1,0,0.37929917989348183
2020,12,IDN.10.4.11.20_1,0,0.37929917989348183
2020,12,IDN.10.4.11.21_1,0,0.37929917989348183
2020,12,IDN.10.4.11.23_1,0,0.37929917989348183
2020,12,IDN.10.4.11.25_1,0,0.37929917989348183
2020,12,IDN.10.4.11.5_1,0,0.37929917989348183
2020,12,IDN.10.4.11.7_1,0,0.37929917989348183
2020,12,IDN.10.4.11.8_1,0,0.37929917989348183
2020,12,IDN.10.4.14.3_1,0,0.37929917989348183
2020,12,IDN.10.4.14.4_1,0,0.37929917989348183
2020,12,IDN.10.4.14.7_1,0,0.37929917989348183
2020,12,IDN.10.4.14.8_1,0,0.37929917989348183
2020,12,IDN.10.4.14.9_1,0,0.37929917989348183
2020,12,IDN.10.4.4.1_1,0,0.37929917989348183
2020,12,IDN.10.4.4.15_1,0,0.37929917989348183
2020,12,IDN.10.4.4.17_1,0,0.37929917989348183
2020,12,IDN.10.4.4.3_1,0,0.37929917989348183
2020,12,IDN.10.4.4.8_1,0,0.37929917989348183
2020,12,IDN.10.4.8.3_1,0,0.37929917989348183
2020,12,IDN.10.4.8.6_1,0,0.37929917989348183
2020,12,IDN.10.4.8.9_1,0,0.37929917989348183
2020,12,IDN.10.5.12.7_1,0,0.37843653921656956
2020,12,IDN.10.5.12.8_1,0,0.37843653921656956
2020,12,IDN.10.5.19.10_1,0,0.37843653921656956
2020,12,IDN.10.5.19.11_1,0,0.37843653921656956
2020,12,IDN.10.5.19.13_1,0,0.37843653921656956
2020,12,IDN.10.5.19.16_1,0,0.37843653921656956
2020,12,IDN.10.5.19.8_1,0,0.37843653921656956
2020,12,IDN.10.5.3.6_1,0,0.37843653921656956
2020,12,IDN.10.5.7.14_1,0,0.37843653921656956
2020,12,IDN.10.5.7.6_1,0,0.37843653921656956
2020,12,IDN.10.5.7.7_1,0,0.37843653921656956
2020,12,IDN.10.6.15.11_1,0,0.38521083498181535
2020,12,IDN.10.6.15.14_1,0,0.38521083498181535
2020,12,IDN.10.6.15.15_1,0,0.38521083498181535
2020,12,IDN.10.6.15.16_1,0,0.38521083498181535
2020,12,IDN.10.6.15.17_1,0,0.38521083498181535
2020,12,IDN.10.6.15.18_1,0,0.38521083498181535
2020,12,IDN.10.6.15.3_1,0,0.38521083498181535
2020,12,IDN.10.6.15.4_1,0,0.38521083498181535
2020,12,IDN.10.6.15.7_1,0,0.38521083498181535
2020,12,IDN.10.6.4.6_1,0,0.38521083498181535
2020,12,IDN.10.6.4.8_1,0,0.38521083498181535
2020,12,IDN.10.6.7.10_1,0,0.38521083498181535
2020,12,IDN.10.6.7.13_1,0,0.38521083498181535
2020,12,IDN.10.6.7.5_1,0,0.38521083498181535
2020,12,IDN.10.6.7.8_1,0,0.38521083498181535
2020,12,IDN.10.6.8.1_1,0,0.38521083498181535
2020,12,IDN.10.6.8.16_1,0,0.38521083498181535
2020,12,IDN.10.6.8.17_1,0,0.38521083498181535
2020,12,IDN.10.7.17.1_1,0,0.40094857495663927
2020,12,IDN.10.7.17.13_1,0,0.40094857495663927
2020,12,IDN.10.7.17.14_1,0,0.40094857495663927
2020,12,IDN.10.7.17.2_1,0,0.40094857495663927
2020,12,IDN.10.7.17.3_1,0,0.40094857495663927
2020,12,IDN.10.7.17.6_1,0,0.40094857495663927
2020,12,IDN.10.7.17.7_1,0,0.40094857495663927
2020,12,IDN.10.7.17.8_1,0,0.40094857495663927
2020,12,IDN.10.7.17.9_1,0,0.40094857495663927
2020,12,IDN.10.7.18.10_1,0,0.40094857495663927
2020,12,IDN.10.7.24.1_1,0,0.40094857495663927
2020,12,IDN.10.7.24.10_1,0,0.40094857495663927
2020,12,IDN.10.7.24.13_1,0,0.40094857495663927
2020,12,IDN.10.7.24.16_1,0,0.40094857495663927
2020,12,IDN.10.7.24.2_1,0,0.40094857495663927
2020,12,IDN.10.7.24.6_1,0,0.40094857495663927
2020,12,IDN.10.7.3.2_1,0,0.40094857495663927
2020,12,IDN.10.7.3.6_1,0,0.40094857495663927
2020,12,IDN.10.7.4.2_1,0,0.40094857495663927
2020,12,IDN.10.7.4.4_1,0,0.40094857495663927
2020,12,IDN.10.7.4.5_1,0,0.40094857495663927
2020,12,IDN.10.7.5.1_1,0,0.40094857495663927
2020,12,IDN.10.7.5.2_1,0,0.40094857495663927
2020,12,IDN.10.7.5.3_1,0,0.40094857495663927
2020,12,IDN.10.7.5.4_1,0,0.40094857495663927
2020,12,IDN.10.7.5.5_1,0,0.40094857495663927
2020,12,IDN.10.7.6.1_1,0,0.40094857495663927
2020,12,IDN.10.7.6.2_1,0,0.40094857495663927
2020,12,IDN.10.7.6.3_1,0,0.40094857495663927
2020,12,IDN.10.7.6.4_1,0,0.40094857495663927
2020,12,IDN.10.7.6.5_1,0,0.40094857495663927
2020,12,IDN.10.9.11_1,0,0.38270414482007176
2020,12,IDN.10.9.11.2_1,0,0.38270414482007176
2020,12,IDN.10.9.11.3_1,0,0.38270414482007176
2020,12,IDN.10.9.11.5_1,0,0.38270414482007176
2020,12,IDN.10.9.11.6_1,0,0.38270414482007176
2020,12,IDN.11.1.10.12_1,0,0.37136627864268035
2020,12,IDN.11.1.10.13_1,0,0.37136627864268035
2020,12,IDN.11.1.10.3_1,0,0.37136627864268035
2020,12,IDN.11.1.15.1_1,0,0.37136627864268035
2020,12,IDN.11.1.15.2_1,0,0.37136627864268035
2020,12,IDN.11.1.15.4_1,0,0.37136627864268035
2020,12,IDN.11.1.15.6_1,0,0.37136627864268035
2020,12,IDN.11.1.2.10_1,0,0.37136627864268035
2020,12,IDN.11.1.2.2_1,0,0.37136627864268035
2020,12,IDN.11.1.2.4_1,0,0.37136627864268035
2020,12,IDN.11.1.2.6_1,0,0.37136627864268035
2020,12,IDN.11.1.2.7_1,0,0.37136627864268035
2020,12,IDN.11.1.2.8_1,0,0.37136627864268035
2020,12,IDN.11.1.2.9_1,0,0.37136627864268035
2020,12,IDN.11.1.3.13_1,0,0.37136627864268035
2020,12,IDN.11.1.3.2_1,0,0.37136627864268035
2020,12,IDN.11.1.7.7_1,0,0.37136627864268035
2020,12,IDN.11.10.1.1_1,0,0.3766973598273565
2020,12,IDN.11.10.1.2_1,0,0.3766973598273565
2020,12,IDN.11.10.1.3_1,0,0.3766973598273565
2020,12,IDN.11.10.1.4_1,0,0.3766973598273565
2020,12,IDN.11.10.1.5_1,0,0.3766973598273565
2020,12,IDN.11.10.1.7_1,0,0.3766973598273565
2020,12,IDN.11.10.1.8_1,0,0.3766973598273565
2020,12,IDN.11.10.10.1_1,0,0.3766973598273565
2020,12,IDN.11.10.10.10_1,0,0.3766973598273565
2020,12,IDN.11.10.10.14_1,0,0.3766973598273565
2020,12,IDN.11.10.10.6_1,0,0.3766973598273565
2020,12,IDN.11.10.10.7_1,0,0.3766973598273565
2020,12,IDN.11.10.10.9_1,0,0.3766973598273565
2020,12,IDN.11.10.12.16_1,0,0.3766973598273565
2020,12,IDN.11.10.12.7_1,0,0.3766973598273565
2020,12,IDN.11.10.13.13_1,0,0.3766973598273565
2020,12,IDN.11.10.13.15_1,0,0.3766973598273565
2020,12,IDN.11.10.19.14_1,0,0.3766973598273565
2020,12,IDN.11.10.4.3_1,0,0.3766973598273565
2020,12,IDN.11.14.1.5_1,0,0.37843653921656956
2020,12,IDN.11.14.3.9_1,0,0.37843653921656956
2020,12,IDN.11.14.4_1,0,0.37843653921656956
2020,12,IDN.11.14.4.2_1,0,0.37843653921656956
2020,12,IDN.11.14.4.6_1,0,0.37843653921656956
2020,12,IDN.11.14.4.7_1,0,0.37843653921656956
2020,12,IDN.11.14.5.11_1,0,0.37843653921656956
2020,12,IDN.11.18.13.11_1,0,0.37929917989348183
2020,12,IDN.11.18.21.5_1,0,0.37929917989348183
2020,12,IDN.11.19.16.7_1,0,0.38521083498181535
2020,12,IDN.11.19.4_1,0,0.38521083498181535
2020,12,IDN.11.19.4.2_1,0,0.38521083498181535
2020,12,IDN.11.19.4.8_1,0,0.38521083498181535
2020,12,IDN.11.19.9.3_1,0,0.38521083498181535
2020,12,IDN.11.2.14.2_1,0,0.3740533597174552
2020,12,IDN.11.2.14.5_1,0,0.3740533597174552
2020,12,IDN.11.2.15.5_1,0,0.3740533597174552
2020,12,IDN.11.2.15.6_1,0,0.3740533597174552
2020,12,IDN.11.2.5.5_1,0,0.3740533597174552
2020,12,IDN.11.20.1.4_1,0,0.3818596821043259
2020,12,IDN.11.20.11.17_1,0,0.3818596821043259
2020,12,IDN.11.20.12.4_1,0,0.3818596821043259
2020,12,IDN.11.20.14.8_1,0,0.3818596821043259
2020,12,IDN.11.21.11.8_1,0,0.39485048677557294
2020,12,IDN.11.21.2.10_1,0,0.39485048677557294
2020,12,IDN.11.21.6.16_1,0,0.39485048677557294
2020,12,IDN.11.21.7.3_1,0,0.39485048677557294
2020,12,IDN.11.21.9.12_1,0,0.39485048677557294
2020,12,IDN.11.22.19.4_1,0,0.38521083498181535
2020,12,IDN.11.22.22.5_1,0,0.38521083498181535
2020,12,IDN.11.22.32.12_1,0,0.38521083498181535
2020,12,IDN.11.22.8.4_1,0,0.38521083498181535
2020,12,IDN.11.23.18.6_1,0,0.3731624984510773
2020,12,IDN.11.23.3.6_1,0,0.3731624984510773
2020,12,IDN.11.23.3.7_1,0,0.3731624984510773
2020,12,IDN.11.23.4.4_1,0,0.3731624984510773
2020,12,IDN.11.24.19.1_1,0,0.39407016036651554
2020,12,IDN.11.24.8.12_1,0,0.39407016036651554
2020,12,IDN.11.24.8.13_1,0,0.39407016036651554
2020,12,IDN.11.24.8.4_1,0,0.39407016036651554
2020,12,IDN.11.25.12.16_1,0,0.37226681638655706
2020,12,IDN.11.25.17.4_1,0,0.37226681638655706
2020,12,IDN.11.25.9.1_1,0,0.37226681638655706
2020,12,IDN.11.25.9.11_1,0,0.37226681638655706
2020,12,IDN.11.25.9.4_1,0,0.37226681638655706
2020,12,IDN.11.27.5.5_1,0,0.38849186082326864
2020,12,IDN.11.27.5.6_1,0,0.38849186082326864
2020,12,IDN.11.28.15.1_1,0,0.3766973598273565
2020,12,IDN.11.28.16.9_1,0,0.3766973598273565
2020,12,IDN.11.28.5.15_1,0,0.3766973598273565
2020,12,IDN.11.28.5.9_1,0,0.3766973598273565
2020,12,IDN.11.29.1.2_1,0,0.3749394345485409
2020,12,IDN.11.29.1.3_1,0,0.3749394345485409
2020,12,IDN.11.29.17.10_1,0,0.3749394345485409
2020,12,IDN.11.29.17.11_1,0,0.3749394345485409
2020,12,IDN.11.29.18.16_1,0,0.3749394345485409
2020,12,IDN.11.29.18.6_1,0,0.3749394345485409
2020,12,IDN.11.29.18.7_1,0,0.3749394345485409
2020,12,IDN.11.29.19.4_1,0,0.3749394345485409
2020,12,IDN.11.29.21.8_1,0,0.3749394345485409
2020,12,IDN.11.29.3.16_1,0,0.3749394345485409
2020,12,IDN.11.29.3.9_1,0,0.3749394345485409
2020,12,IDN.11.29.5.12_1,0,0.3749394345485409
2020,12,IDN.11.29.5.7_1,0,0.3749394345485409
2020,12,IDN.11.29.7.4_1,0,0.3749394345485409
2020,12,IDN.11.3.1.9_1,0,0.3740533597174552
2020,12,IDN.11.3.2.2_1,0,0.3740533597174552
2020,12,IDN.11.31.3.12_1,0,0.3740533597174552
2020,12,IDN.11.31.3.7_1,0,0.3740533597174552
2020,12,IDN.11.32.10.4_1,0,0.3963989557656934
2020,12,IDN.11.32.11.16_1,0,0.3963989557656934
2020,12,IDN.11.32.11.19_1,0,0.3963989557656934
2020,12,IDN.11.32.11.6_1,0,0.3963989557656934
2020,12,IDN.11.32.12.5_1,0,0.3963989557656934
2020,12,IDN.11.32.17.14_1,0,0.3963989557656934
2020,12,IDN.11.32.3.7_1,0,0.3963989557656934
2020,12,IDN.11.32.3.9_1,0,0.3963989557656934
2020,12,IDN.11.32.8.19_1,0,0.3963989557656934
2020,12,IDN.11.32.8.5_1,0,0.3963989557656934
2020,12,IDN.11.33.13.1_1,0,0.38849186082326864
2020,12,IDN.11.33.13.7_1,0,0.38849186082326864
2020,12,IDN.11.33.2.1_1,0,0.38849186082326864
2020,12,IDN.11.33.2.11_1,0,0.38849186082326864
2020,12,IDN.11.35.1.3_1,0,0.3963989557656934
2020,12,IDN.11.35.10.2_1,0,0.3963989557656934
2020,12,IDN.11.35.10.4_1,0,0.3963989557656934
2020,12,IDN.11.35.11.1_1,0,0.3963989557656934
2020,12,IDN.11.35.13.3_1,0,0.3963989557656934
2020,12,IDN.11.35.27.1_1,0,0.3963989557656934
2020,12,IDN.11.35.27.2_1,0,0.3963989557656934
2020,12,IDN.11.35.30.5_1,0,0.3963989557656934
2020,12,IDN.11.35.5.2_1,0,0.3963989557656934
2020,12,IDN.11.35.5.4_1,0,0.3963989557656934
2020,12,IDN.11.35.9.1_1,0,0.3963989557656934
2020,12,IDN.11.36.2.1_1,0,0.39793133748091436
2020,12,IDN.11.36.2.4_1,0,0.39793133748091436
2020,12,IDN.11.37.16.3_1,0,0.3749394345485409
2020,12,IDN.11.37.2.7_1,0,0.3749394345485409
2020,12,IDN.11.4.10.2_1,0,0.36863517451796685
2020,12,IDN.11.4.11.6_1,0,0.36863517451796685
2020,12,IDN.11.4.13.5_1,0,0.36863517451796685
2020,12,IDN.11.4.13.8_1,0,0.36863517451796685
2020,12,IDN.11.4.15.10_1,0,0.36863517451796685
2020,12,IDN.11.5.19.8_1,0,0.36585906146062974
2020,12,IDN.11.5.2.18_1,0,0.36585906146062974
2020,12,IDN.11.5.26.12_1,0,0.36585906146062974
2020,12,IDN.11.6.2.8_1,0,0.36863517451796685
2020,12,IDN.11.6.7.3_1,0,0.36863517451796685
2020,12,IDN.11.7.12_1,0,0.37843653921656956
2020,12,IDN.11.7.12.10_1,0,0.37843653921656956
2020,12,IDN.11.7.12.18_1,0,0.37843653921656956
2020,12,IDN.11.7.9_1,0,0.37843653921656956
2020,12,IDN.11.7.9.14_1,0,0.37843653921656956
2020,12,IDN.11.7.9.2_1,0,0.37843653921656956
2020,12,IDN.11.8.15.5_1,0,0.4060799193519681
2020,12,IDN.11.8.19.8_1,0,0.4060799193519681
2020,12,IDN.11.8.20.4_1,0,0.4060799193519681
2020,12,IDN.11.8.27.3_1,0,0.4060799193519681
2020,12,IDN.11.8.31.2_1,0,0.4060799193519681
2020,12,IDN.11.8.31.5_1,0,0.4060799193519681
2020,12,IDN.11.8.4.2_1,0,0.4060799193519681
2020,12,IDN.11.8.4.3_1,0,0.4060799193519681
2020,12,IDN.11.8.4.8_1,0,0.4060799193519681
2020,12,IDN.11.8.8.8_1,0,0.4060799193519681
2020,12,IDN.11.9.11.2_1,0,0.38270414482007176
2020,12,IDN.11.9.14.5_1,0,0.38270414482007176
2020,12,IDN.11.9.3.6_1,0,0.38270414482007176
2020,12,IDN.11.9.6.13_1,0,0.38270414482007176
2020,12,IDN.11.9.6.5_1,0,0.38270414482007176
2020,12,IDN.11.9.8.4_1,0,0.38270414482007176
2020,12,IDN.11.9.9.11_1,0,0.38270414482007176
2020,12,IDN.11.9.9.2_1,0,0.38270414482007176
2020,12,IDN.12.1.15.1_1,0,0.3740533597174552
2020,12,IDN.12.1.15.8_1,0,0.3740533597174552
2020,12,IDN.12.11.6.5_1,0,0.3932857404911519
2020,12,IDN.12.5.4.2_1,0,0.38521083498181535
2020,12,IDN.12.5.5.4_1,0,0.38521083498181535
2020,12,IDN.12.5.6.3_1,0,0.38521083498181535
2020,12,IDN.12.6.5.10_1,0,0.35725009115132167
2020,12,IDN.12.6.7.12_1,0,0.35725009115132167
2020,12,IDN.13.10.12.1_1,0,0.3868600013708585
2020,12,IDN.13.10.12.2_1,0,0.3868600013708585
2020,12,IDN.13.10.3.10_1,0,0.3868600013708585
2020,12,IDN.13.2.2.2_1,0,0.3818596821043259
2020,12,IDN.13.3.10.3_1,0,0.3868600013708585
2020,12,IDN.13.3.5.3_1,0,0.3868600013708585
2020,12,IDN.13.3.7.5_1,0,0.3868600013708585
2020,12,IDN.13.4.4.1_1,0,0.39562674393994207
2020,12,IDN.13.4.4.9_1,0,0.39562674393994207
2020,12,IDN.13.8.2.27_1,0,0.4046328307586122
2020,12,IDN.13.8.5.17_1,0,0.4046328307586122
2020,12,IDN.14.11.2.2_1,0,0.39793133748091436
2020,12,IDN.14.11.5.5_1,0,0.39793133748091436
2020,12,IDN.14.11.5.6_1,0,0.39793133748091436
2020,12,IDN.14.6.6.4_1,0,0.3731624984510773
2020,12,IDN.14.6.6.7_1,0,0.3731624984510773
2020,12,IDN.14.7.1.5_1,0,0.38521083498181535
2020,12,IDN.14.8.14.1_1,0,0.3893013685508382
2020,12,IDN.14.8.14.4_1,0,0.3893013685508382
2020,12,IDN.14.8.7.6_1,0,0.3893013685508382
2020,12,IDN.14.8.7.7_1,0,0.3893013685508382
2020,12,IDN.16.1.10.3_1,0,0.38015722999769386
2020,12,IDN.16.1.10.5_1,0,0.38015722999769386
2020,12,IDN.16.1.11.4_1,0,0.38015722999769386
2020,12,IDN.16.1.12.4_1,0,0.38015722999769386
2020,12,IDN.16.1.9.1_1,0,0.38015722999769386
2020,12,IDN.16.1.9.4_1,0,0.38015722999769386
2020,12,IDN.16.3.6.1_1,0,0.3917045218432287
2020,12,IDN.16.3.6.8_1,0,0.3917045218432287
2020,12,IDN.16.3.7.5_1,0,0.3917045218432287
2020,12,IDN.16.7.4.4_1,0,0.36863517451796685
2020,12,IDN.17.1.11.2_1,0,0.3704608498090469
2020,12,IDN.17.1.11.7_1,0,0.3704608498090469
2020,12,IDN.17.1.11.8_1,0,0.3704608498090469
2020,12,IDN.17.1.12.8_1,0,0.3704608498090469
2020,12,IDN.17.1.2.2_1,0,0.3704608498090469
2020,12,IDN.17.1.2.3_1,0,0.3704608498090469
2020,12,IDN.17.1.7.2_1,0,0.3704608498090469
2020,12,IDN.17.1.9.3_1,0,0.3704608498090469
2020,12,IDN.17.3.18.2_1,0,0.37929917989348183
2020,12,IDN.17.5.16.2_1,0,0.3932857404911519
2020,12,IDN.17.5.16.4_1,0,0.3932857404911519
2020,12,IDN.17.5.16.6_1,0,0.3932857404911519
2020,12,IDN.17.5.16.7_1,0,0.3932857404911519
2020,12,IDN.17.5.17.10_1,0,0.3932857404911519
2020,12,IDN.17.5.17.7_1,0,0.3932857404911519
2020,12,IDN.17.5.9.8_1,0,0.3932857404911519
2020,12,IDN.19.10.1.3_1,0,0.37929917989348183
2020,12,IDN.19.6.7.6_1,0,0.38015722999769386
2020,12,IDN.2.1.3.5_1,0,0.3901066305296325
2020,12,IDN.2.3.7.16_1,0,0.387678080750375
2020,12,IDN.2.3.7.19_1,0,0.387678080750375
2020,12,IDN.2.3.7.20_1,0,0.387678080750375
2020,12,IDN.2.4.1.6_1,0,0.38015722999769386
2020,12,IDN.2.4.1.9_1,0,0.38015722999769386
2020,12,IDN.2.4.2.9_1,0,0.38015722999769386
2020,12,IDN.2.5.2.4_1,0,0.37226681638655706
2020,12,IDN.2.5.2.9_1,0,0.37226681638655706
2020,12,IDN.2.6.2.2_1,0,0.37929917989348183
2020,12,IDN.2.6.2.9_1,0,0.37929917989348183
2020,12,IDN.2.6.5.4_1,0,0.37929917989348183
2020,12,IDN.2.8.1.6_1,0,0.3731624984510773
2020,12,IDN.2.8.3.4_1,0,0.3731624984510773
2020,12,IDN.20.1.5.3_1,0,0.38354413840665863
2020,12,IDN.20.10.1.4_1,0,0.3775692765024169
2020,12,IDN.20.10.2.2_1,0,0.3775692765024169
2020,12,IDN.20.10.2.4_1,0,0.3775692765024169
2020,12,IDN.20.5.12.1_1,0,0.3775692765024169
2020,12,IDN.20.5.12.3_1,0,0.3775692765024169
2020,12,IDN.20.5.5.8_1,0,0.3775692765024169
2020,12,IDN.20.5.8.6_1,0,0.3775692765024169
2020,12,IDN.20.5.8.9_1,0,0.3775692765024169
2020,12,IDN.20.5.9.4_1,0,0.3775692765024169
2020,12,IDN.20.5.9.6_1,0,0.3775692765024169
2020,12,IDN.20.5.9.8_1,0,0.3775692765024169
2020,12,IDN.20.6.17.1_1,0,0.3758207567993567
2020,12,IDN.20.6.5.1_1,0,0.3758207567993567
2020,12,IDN.21.12.4.10_1,0,0.3901066305296325
2020,12,IDN.21.12.4.15_1,0,0.3901066305296325
2020,12,IDN.21.12.4.5_1,0,0.3901066305296325
2020,12,IDN.21.4.12.5_1,0,0.36863517451796685
2020,12,IDN.21.5.3.3_1,0,0.3740533597174552
2020,12,IDN.21.6.19.4_1,0,0.3810107205436209
2020,12,IDN.21.7.3_1,0,0.3731624984510773
2020,12,IDN.21.7.3.4_1,0,0.3731624984510773
2020,12,IDN.21.7.3.7_1,0,0.3731624984510773
2020,12,IDN.22.11.11.10_1,0,0.3818596821043259
2020,12,IDN.22.11.11.2_1,0,0.3818596821043259
2020,12,IDN.23.11.4.2_1,0,0.3731624984510773
2020,12,IDN.23.17.8.11_1,0,0.37843653921656956
2020,12,IDN.23.17.8.7_1,0,0.37843653921656956
2020,12,IDN.23.9.2.15_1,0,0.3818596821043259
2020,12,IDN.24.10.10.1_1,0,0.38521083498181535
2020,12,IDN.24.12.14.3_1,0,0.3818596821043259
2020,12,IDN.24.12.4.6_1,0,0.3818596821043259
2020,12,IDN.24.12.5.2_1,0,0.3818596821043259
2020,12,IDN.24.12.5.8_1,0,0.3818596821043259
2020,12,IDN.24.3.18.4_1,0,0.3766973598273565
2020,12,IDN.24.3.19.2_1,0,0.3766973598273565
2020,12,IDN.24.4.11.10_1,0,0.3775692765024169
2020,12,IDN.24.5.17.6_1,0,0.3749394345485409
2020,12,IDN.24.5.17.7_1,0,0.3749394345485409
2020,12,IDN.24.8.10_1,0,0.39944781706570703
2020,12,IDN.24.8.10.3_1,0,0.39944781706570703
2020,12,IDN.24.8.12.3_1,0,0.39944781706570703
2020,12,IDN.24.8.6.4_1,0,0.39944781706570703
2020,12,IDN.24.8.8.2_1,0,0.39944781706570703
2020,12,IDN.24.8.9.1_1,0,0.39944781706570703
2020,12,IDN.24.9.10.4_1,0,0.3749394345485409
2020,12,IDN.25.5.12.5_1,0,0.4060799193519681
2020,12,IDN.26.12.1.3_1,0,0.3639828065767441
2020,12,IDN.26.12.1.5_1,0,0.3639828065767441
2020,12,IDN.26.12.10.1_1,0,0.3639828065767441
2020,12,IDN.26.12.11.6_1,0,0.3639828065767441
2020,12,IDN.26.12.6.2_1,0,0.3639828065767441
2020,12,IDN.26.12.7.9_1,0,0.3639828065767441
2020,12,IDN.26.12.8.10_1,0,0.3639828065767441
2020,12,IDN.26.13.10.1_1,0,0.38521083498181535
2020,12,IDN.26.13.7.4_1,0,0.38521083498181535
2020,12,IDN.26.13.9.5_1,0,0.38521083498181535
2020,12,IDN.26.13.9.7_1,0,0.38521083498181535
2020,12,IDN.26.16.3.1_1,0,0.3758207567993567
2020,12,IDN.26.17.12.5_1,0,0.39090767299812473
2020,12,IDN.26.6.15.1_1,0,0.3818596821043259
2020,12,IDN.26.6.15.3_1,0,0.3818596821043259
2020,12,IDN.26.9.4.4_1,0,0.3810107205436209
2020,12,IDN.26.9.6.3_1,0,0.3810107205436209
2020,12,IDN.26.9.6.6_1,0,0.3810107205436209
2020,12,IDN.27.5.1.6_1,0,0.3758207567993567
2020,12,IDN.27.5.8.7_1,0,0.3758207567993567
2020,12,IDN.27.6.3.1_1,0,0.38270414482007176
2020,12,IDN.27.6.3.7_1,0,0.38270414482007176
2020,12,IDN.27.8.14.2_1,0,0.38521083498181535
2020,12,IDN.27.8.2.7_1,0,0.38521083498181535
2020,12,IDN.28.10.15.14_1,0,0.36955049393495276
2020,12,IDN.28.10.15.9_1,0,0.36955049393495276
2020,12,IDN.28.4.13.9_1,0,0.3775692765024169
2020,12,IDN.28.5.2.1_1,0,0.38354413840665863
2020,12,IDN.29.12.10.3_1,0,0.3860375953518323
2020,12,IDN.29.12.4.11_1,0,0.3860375953518323
2020,12,IDN.29.12.4.5_1,0,0.3860375953518323
2020,12,IDN.29.13.12.7_1,0,0.38270414482007176
2020,12,IDN.29.15.2_1,0,0.3704608498090469
2020,12,IDN.29.15.2.10_1,0,0.3704608498090469
2020,12,IDN.29.15.5.1_1,0,0.3704608498090469
2020,12,IDN.29.5.11.3_1,0,0.38354413840665863
2020,12,IDN.29.5.2.4_1,0,0.38354413840665863
2020,12,IDN.29.9.2.4_1,0,0.3749394345485409
2020,12,IDN.29.9.3.5_1,0,0.3749394345485409
2020,12,IDN.29.9.4_1,0,0.3749394345485409
2020,12,IDN.29.9.4.3_1,0,0.3749394345485409
2020,12,IDN.29.9.9_1,0,0.3749394345485409
2020,12,IDN.29.9.9.12_1,0,0.3749394345485409
2020,12,IDN.30.10.10.4_1,0,0.38354413840665863
2020,12,IDN.30.10.2.6_1,0,0.38354413840665863
2020,12,IDN.30.10.3.2_1,0,0.38354413840665863
2020,12,IDN.30.10.3.9_1,0,0.38354413840665863
2020,12,IDN.30.10.9.4_1,0,0.38354413840665863
2020,12,IDN.30.4.6.4_1,0,0.36585906146062974
2020,12,IDN.30.7.5.11_1,0,0.3860375953518323
2020,12,IDN.30.7.5.8_1,0,0.3860375953518323
2020,12,IDN.31.1.13.1_1,0,0.3810107205436209
2020,12,IDN.31.1.2.8_1,0,0.3810107205436209
2020,12,IDN.31.1.7.2_1,0,0.3810107205436209
2020,12,IDN.31.1.7.8_1,0,0.3810107205436209
2020,12,IDN.31.11.1.17_1,0,0.37843653921656956
2020,12,IDN.31.11.1.6_1,0,0.37843653921656956
2020,12,IDN.31.14.15.4_1,0,0.3868600013708585
2020,12,IDN.31.14.16.2_1,0,0.3868600013708585
2020,12,IDN.31.14.16.3_1,0,0.3868600013708585
2020,12,IDN.31.14.4.2_1,0,0.3868600013708585
2020,12,IDN.31.3.18.1_1,0,0.38270414482007176
2020,12,IDN.31.3.9.30_1,0,0.38270414482007176
2020,12,IDN.31.3.9.32_1,0,0.38270414482007176
2020,12,IDN.31.9.6.14_1,0,0.3860375953518323
2020,12,IDN.31.9.6.7_1,0,0.3860375953518323
2020,12,IDN.31.9.9.11_1,0,0.3860375953518323
2020,12,IDN.32.10.2.5_1,0,0.3766973598273565
2020,12,IDN.32.11.5.5_1,0,0.3766973598273565
2020,12,IDN.32.15.11.7_1,0,0.38015722999769386
2020,12,IDN.32.15.16.1_1,0,0.38015722999769386
2020,12,IDN.32.15.16.14_1,0,0.38015722999769386
2020,12,IDN.32.15.3.1_1,0,0.38015722999769386
2020,12,IDN.32.15.3.5_1,0,0.38015722999769386
2020,12,IDN.32.15.8.2_1,0,0.38015722999769386
2020,12,IDN.32.15.8.3_1,0,0.38015722999769386
2020,12,IDN.32.25.4.4_1,0,0.3766973598273565
2020,12,IDN.32.26.5.10_1,0,0.3639828065767441
2020,12,IDN.32.26.5.4_1,0,0.3639828065767441
2020,12,IDN.32.4.17.15_1,0,0.39090767299812473
2020,12,IDN.32.4.17.16_1,0,0.39090767299812473
2020,12,IDN.32.4.21.10_1,0,0.39090767299812473
2020,12,IDN.32.4.21.5_1,0,0.39090767299812473
2020,12,IDN.33.1.11.2_1,0,0.39944781706570703
2020,12,IDN.33.2.10.8_1,0,0.3731624984510773
2020,12,IDN.33.2.12.4_1,0,0.3731624984510773
2020,12,IDN.33.2.14.5_1,0,0.3731624984510773
2020,12,IDN.33.2.4.2_1,0,0.3731624984510773
2020,12,IDN.33.2.4.3_1,0,0.3731624984510773
2020,12,IDN.33.4.11.11_1,0,0.37136627864268035
2020,12,IDN.33.4.11.6_1,0,0.37136627864268035
2020,12,IDN.33.5.1.1_1,0,0.3818596821043259
2020,12,IDN.33.5.10.4_1,0,0.3818596821043259
2020,12,IDN.33.5.10.5_1,0,0.3818596821043259
2020,12,IDN.33.5.11.4_1,0,0.3818596821043259
2020,12,IDN.33.5.15.1_1,0,0.3818596821043259
2020,12,IDN.33.5.8.1_1,0,0.3818596821043259
2020,12,IDN.34.1.2.2_1,0,0.37226681638655706
2020,12,IDN.34.1.2.6_1,0,0.37226681638655706
2020,12,IDN.34.1.5.1_1,0,0.37226681638655706
2020,12,IDN.34.10.9.14_1,0,0.3766973598273565
2020,12,IDN.34.10.9.2_1,0,0.3766973598273565
2020,12,IDN.34.12.3.1_1,0,0.3704608498090469
2020,12,IDN.34.12.3.4_1,0,0.3704608498090469
2020,12,IDN.34.12.4.8_1,0,0.3704608498090469
2020,12,IDN.34.12.5.4_1,0,0.3704608498090469
2020,12,IDN.34.12.5.8_1,0,0.3704608498090469
2020,12,IDN.34.2.13.4_1,0,0.37226681638655706
2020,12,IDN.34.2.4.11_1,0,0.37226681638655706
2020,12,IDN.34.7.14.1_1,0,0.39090767299812473
2020,12,IDN.34.7.15.1_1,0,0.39090767299812473
2020,12,IDN.34.7.16.13_1,0,0.39090767299812473
2020,12,IDN.34.7.6.2_1,0,0.39090767299812473
2020,12,IDN.35.14.2.1_1,0,0.3766973598273565
2020,12,IDN.35.14.3.7_1,0,0.3766973598273565
2020,12,IDN.35.8.6.2_1,0,0.38354413840665863
2020,12,IDN.35.8.6.6_1,0,0.38354413840665863
2020,12,IDN.4.1.5.1_1,0,0.3731624984510773
2020,12,IDN.4.1.8.2_1,0,0.3731624984510773
2020,12,IDN.4.2.6.10_1,0,0.38270414482007176
2020,12,IDN.4.2.6.8_1,0,0.38270414482007176
2020,12,IDN.4.3.13.1_1,0,0.3901066305296325
2020,12,IDN.4.3.13.3_1,0,0.3901066305296325
2020,12,IDN.4.3.2.3_1,0,0.3901066305296325
2020,12,IDN.4.3.4.5_1,0,0.3901066305296325
2020,12,IDN.4.3.5.10_1,0,0.3901066305296325
2020,12,IDN.4.3.5.5_1,0,0.3901066305296325
2020,12,IDN.4.3.8.3_1,0,0.3901066305296325
2020,12,IDN.4.3.9_1,0,0.3901066305296325
2020,12,IDN.4.3.9.1_1,0,0.3901066305296325
2020,12,IDN.4.4.11.9_1,0,0.38270414482007176
2020,12,IDN.4.4.17.2_1,0,0.38270414482007176
2020,12,IDN.4.4.17.4_1,0,0.38270414482007176
2020,12,IDN.4.4.2.11_1,0,0.38270414482007176
2020,12,IDN.4.4.2.7_1,0,0.38270414482007176
2020,12,IDN.4.4.21.6_1,0,0.38270414482007176
2020,12,IDN.4.4.21.8_1,0,0.38270414482007176
2020,12,IDN.4.4.23.4_1,0,0.38270414482007176
2020,12,IDN.4.7.1.4_1,0,0.3868600013708585
2020,12,IDN.4.7.2.4_1,0,0.3868600013708585
2020,12,IDN.4.7.3_1,0,0.3868600013708585
2020,12,IDN.4.7.3.4_1,0,0.3868600013708585
2020,12,IDN.4.7.4.2_1,0,0.3868600013708585
2020,12,IDN.4.7.5.3_1,0,0.3868600013708585
2020,12,IDN.4.8.14.3_1,0,0.3963989557656934
2020,12,IDN.4.8.17.2_1,0,0.3963989557656934
2020,12,IDN.4.8.17.7_1,0,0.3963989557656934
2020,12,IDN.4.8.17.8_1,0,0.3963989557656934
2020,12,IDN.4.8.2.10_1,0,0.3963989557656934
2020,12,IDN.4.8.2.7_1,0,0.3963989557656934
2020,12,IDN.4.8.20.7_1,0,0.3963989557656934
2020,12,IDN.4.8.21.6_1,0,0.3963989557656934
2020,12,IDN.4.8.3.1_1,0,0.3963989557656934
2020,12,IDN.4.8.5.1_1,0,0.3963989557656934
2020,12,IDN.4.8.5.6_1,0,0.3963989557656934
2020,12,IDN.5.3.9.17_1,0,0.38015722999769386
2020,12,IDN.7.2.4.6_1,0,0.3758207567993567
2020,12,IDN.7.2.5.1_1,0,0.3758207567993567
2020,12,IDN.7.2.8.3_1,0,0.3758207567993567
2020,12,IDN.7.3.12.5_1,0,0.36955049393495276
2020,12,IDN.7.3.4.3_1,0,0.36955049393495276
2020,12,IDN.7.3.4.8_1,0,0.36955049393495276
2020,12,IDN.7.3.5.2_1,0,0.36955049393495276
2020,12,IDN.7.3.9.5_1,0,0.36955049393495276
2020,12,IDN.7.4.10.4_1,0,0.3766973598273565
2020,12,IDN.7.4.2.3_1,0,0.3766973598273565
2020,12,IDN.7.4.3.3_1,0,0.3766973598273565
2020,12,IDN.7.4.5.6_1,0,0.3766973598273565
2020,12,IDN.7.4.6.6_1,0,0.3766973598273565
2020,12,IDN.7.5.1.1_1,0,0.3775692765024169
2020,12,IDN.7.5.1.4_1,0,0.3775692765024169
2020,12,IDN.7.5.3.1_1,0,0.3775692765024169
2020,12,IDN.7.5.4.2_1,0,0.3775692765024169
2020,12,IDN.7.5.7.3_1,0,0.3775692765024169
2020,12,IDN.7.5.7.4_1,0,0.3775692765024169
2020,12,IDN.8.10.8.3_1,0,0.366789496216201
2020,12,IDN.8.2.14.2_1,0,0.39485048677557294
2020,12,IDN.8.2.14.4_1,0,0.39485048677557294
2020,12,IDN.8.3.2.3_1,0,0.37843653921656956
2020,12,IDN.8.3.5.5_1,0,0.37843653921656956
2020,12,IDN.8.3.5.6_1,0,0.37843653921656956
2020,12,IDN.8.5.13.1_1,0,0.3630369069334353
2020,12,IDN.8.7.8.1_1,0,0.402433787041984
2020,12,IDN.8.7.8.2_1,0,0.402433787041984
2020,12,IDN.8.8.5.10_1,0,0.3749394345485409
2020,12,IDN.8.8.5.9_1,0,0.3749394345485409
2020,12,IDN.9.1.10.2_1,0,0.37136627864268035
2020,12,IDN.9.1.10.9_1,0,0.37136627864268035
2020,12,IDN.9.1.12.7_1,0,0.37136627864268035
2020,12,IDN.9.1.12.8_1,0,0.37136627864268035
2020,12,IDN.9.1.3.11_1,0,0.37136627864268035
2020,12,IDN.9.1.3.12_1,0,0.37136627864268035
2020,12,IDN.9.1.3.3_1,0,0.37136627864268035
2020,12,IDN.9.10.1.1_1,0,0.3860375953518323
2020,12,IDN.9.10.10.4_1,0,0.3860375953518323
2020,12,IDN.9.10.11.3_1,0,0.3860375953518323
2020,12,IDN.9.10.4.6_1,0,0.3860375953518323
2020,12,IDN.9.12.1.3_1,0,0.37226681638655706
2020,12,IDN.9.12.19_1,0,0.37226681638655706
2020,12,IDN.9.12.19.8_1,0,0.37226681638655706
2020,12,IDN.9.12.5_1,0,0.37226681638655706
2020,12,IDN.9.12.5.1_1,0,0.37226681638655706
2020,12,IDN.9.12.8.1_1,0,0.37226681638655706
2020,12,IDN.9.13.11.1_1,0,0.3818596821043259
2020,12,IDN.9.13.12.3_1,0,0.3818596821043259
2020,12,IDN.9.13.14.6_1,0,0.3818596821043259
2020,12,IDN.9.13.26.3_1,0,0.3818596821043259
2020,12,IDN.9.13.3_1,0,0.3818596821043259
2020,12,IDN.9.13.3.6_1,0,0.3818596821043259
2020,12,IDN.9.13.30.3_1,0,0.3818596821043259
2020,12,IDN.9.14.10.4_1,0,0.3818596821043259
2020,12,IDN.9.14.11.2_1,0,0.3818596821043259
2020,12,IDN.9.14.16.2_1,0,0.3818596821043259
2020,12,IDN.9.14.18.1_1,0,0.3818596821043259
2020,12,IDN.9.14.2.4_1,0,0.3818596821043259
2020,12,IDN.9.14.27.4_1,0,0.3818596821043259
2020,12,IDN.9.15.1.1_1,0,0.3611293596682696
2020,12,IDN.9.15.1.3_1,0,0.3611293596682696
2020,12,IDN.9.15.12.2_1,0,0.3611293596682696
2020,12,IDN.9.15.12.3_1,0,0.3611293596682696
2020,12,IDN.9.15.3.5_1,0,0.3611293596682696
2020,12,IDN.9.15.4.1_1,0,0.3611293596682696
2020,12,IDN.9.15.4.2_1,0,0.3611293596682696
2020,12,IDN.9.15.6.1_1,0,0.3611293596682696
2020,12,IDN.9.15.9.2_1,0,0.3611293596682696
2020,12,IDN.9.16.1.1_1,0,0.38437969216355294
2020,12,IDN.9.16.1.10_1,0,0.38437969216355294
2020,12,IDN.9.16.2.12_1,0,0.38437969216355294
2020,12,IDN.9.19.2.9_1,0,0.36955049393495276
2020,12,IDN.9.19.4.1_1,0,0.36955049393495276
2020,12,IDN.9.2.12.1_1,0,0.3775692765024169
2020,12,IDN.9.2.15.11_1,0,0.3775692765024169
2020,12,IDN.9.2.2.4_1,0,0.3775692765024169
2020,12,IDN.9.2.2.7_1,0,0.3775692765024169
2020,12,IDN.9.2.20.6_1,0,0.3775692765024169
2020,12,IDN.9.2.26.7_1,0,0.3775692765024169
2020,12,IDN.9.20.25.13_1,0,0.36492351139542817
2020,12,IDN.9.20.25.14_1,0,0.36492351139542817
2020,12,IDN.9.21.13.11_1,0,0.38354413840665863
2020,12,IDN.9.21.15.4_1,0,0.38354413840665863
2020,12,IDN.9.21.17.2_1,0,0.38354413840665863
2020,12,IDN.9.21.17.9_1,0,0.38354413840665863
2020,12,IDN.9.21.19.12_1,0,0.38354413840665863
2020,12,IDN.9.21.3.1_1,0,0.38354413840665863
2020,12,IDN.9.22.13.2_1,0,0.40020015012510946
2020,12,IDN.9.22.15.13_1,0,0.40020015012510946
2020,12,IDN.9.22.15.9_1,0,0.40020015012510946
2020,12,IDN.9.22.3.2_1,0,0.40020015012510946
2020,12,IDN.9.22.4.6_1,0,0.40020015012510946
2020,12,IDN.9.22.4.8_1,0,0.40020015012510946
2020,12,IDN.9.23.21.2_1,0,0.3893013685508382
2020,12,IDN.9.23.21.7_1,0,0.3893013685508382
2020,12,IDN.9.23.7.4_1,0,0.3893013685508382
2020,12,IDN.9.24.13.3_1,0,0.38354413840665863
2020,12,IDN.9.24.20.5_1,0,0.38354413840665863
2020,12,IDN.9.24.32.4_1,0,0.38354413840665863
2020,12,IDN.9.24.36.8_1,0,0.38354413840665863
2020,12,IDN.9.24.4.2_1,0,0.38354413840665863
2020,12,IDN.9.24.4.4_1,0,0.38354413840665863
2020,12,IDN.9.24.44.10_1,0,0.38354413840665863
2020,12,IDN.9.24.44.3_1,0,0.38354413840665863
2020,12,IDN.9.24.8.11_1,0,0.38354413840665863
2020,12,IDN.9.4.1.2_1,0,0.39793133748091436
2020,12,IDN.9.4.1.5_1,0,0.39793133748091436
2020,12,IDN.9.4.1.7_1,0,0.39793133748091436
2020,12,IDN.9.4.11.4_1,0,0.39793133748091436
2020,12,IDN.9.4.14.9_1,0,0.39793133748091436
2020,12,IDN.9.4.16.11_1,0,0.39793133748091436
2020,12,IDN.9.4.16.8_1,0,0.39793133748091436
2020,12,IDN.9.4.18.5_1,0,0.39793133748091436
2020,12,IDN.9.4.21.1_1,0,0.39793133748091436
2020,12,IDN.9.4.21.9_1,0,0.39793133748091436
2020,12,IDN.9.4.22.2_1,0,0.39793133748091436
2020,12,IDN.9.4.23.5_1,0,0.39793133748091436
2020,12,IDN.9.4.4.2_1,0,0.39793133748091436
2020,12,IDN.9.4.5.5_1,0,0.39793133748091436
2020,12,IDN.9.4.5.6_1,0,0.39793133748091436
2020,12,IDN.9.4.6.3_1,0,0.39793133748091436
2020,12,IDN.9.5.12.9_1,0,0.387678080750375
2020,12,IDN.9.5.16.1_1,0,0.387678080750375
2020,12,IDN.9.5.17.8_1,0,0.387678080750375
2020,12,IDN.9.5.18.2_1,0,0.387678080750375
2020,12,IDN.9.5.18.8_1,0,0.387678080750375
2020,12,IDN.9.5.19.5_1,0,0.387678080750375
2020,12,IDN.9.5.21.14_1,0,0.387678080750375
2020,12,IDN.9.5.21.2_1,0,0.387678080750375
2020,12,IDN.9.5.22.4_1,0,0.387678080750375
2020,12,IDN.9.5.22.7_1,0,0.387678080750375
2020,12,IDN.9.5.23.7_1,0,0.387678080750375
2020,12,IDN.9.5.26_1,0,0.387678080750375
2020,12,IDN.9.5.26.1_1,0,0.387678080750375
2020,12,IDN.9.5.32.13_1,0,0.387678080750375
2020,12,IDN.9.5.36.2_1,0,0.387678080750375
2020,12,IDN.9.5.5.11_1,0,0.387678080750375
2020,12,IDN.9.5.7.3_1,0,0.387678080750375
2020,12,IDN.9.7.12.6_1,0,0.39485048677557294
2020,12,IDN.9.7.12.9_1,0,0.39485048677557294
2020,12,IDN.9.7.5.11_1,0,0.39485048677557294
2020,12,IDN.9.8.1.2_1,0,0.3818596821043259
2020,12,IDN.9.8.2.1_1,0,0.3818596821043259
2020,12,IDN.9.8.3.1_1,0,0.3818596821043259
2020,12,IDN.9.8.3.2_1,0,0.3818596821043259
2020,12,IDN.9.8.3.4_1,0,0.3818596821043259
2020,12,IDN.9.9.16.9_1,0,0.366789496216201
2020,12,IDN.9.9.21.2_1,0,0.366789496216201
2020,12,IDN.9.9.23.4_1,0,0.366789496216201
2020,12,IDN.9.9.23.7_1,0,0.366789496216201
2020,12,IDN.9.9.23.9_1,0,0.366789496216201
2020,12,IDN.9.9.34.4_1,0,0.366789496216201
2020,12,IND.1.3.1_1,0,0.3639828065767441
2020,12,IND.10.1.2_1,0,0.37136627864268035
2020,12,IND.10.1.4_1,0,0.37136627864268035
2020,12,IND.10.1.6_1,0,0.37136627864268035
2020,12,IND.10.2.4_1,0,0.3552776691859794
2020,12,IND.11.1.1_1,0,0.3677148544921924
2020,12,IND.11.1.3_1,0,0.3677148544921924
2020,12,IND.11.16.1_1,0,0.3320154126456093
2020,12,IND.11.18.4_1,0,0.362085771753194
2020,12,IND.11.20.3_1,0,0.3630369069334353
2020,12,IND.11.22.3_1,0,0.33313958333104454
2020,12,IND.11.26.1_1,0,0.3552776691859794
2020,12,IND.11.26.11_1,0,0.3552776691859794
2020,12,IND.11.28.2_1,0,0.35428310221702153
2020,12,IND.11.28.3_1,0,0.35428310221702153
2020,12,IND.11.28.7_1,0,0.35428310221702153
2020,12,IND.11.29.5_1,0,0.35428310221702153
2020,12,IND.11.30.4_1,0,0.3552776691859794
2020,12,IND.11.32.6_1,0,0.3502480173729377
2020,12,IND.11.33.3_1,0,0.3429600875052688
2020,12,IND.11.6.2_1,0,0.3440194025768741
2020,12,IND.11.6.3_1,0,0.3440194025768741
2020,12,IND.11.6.6_1,0,0.3440194025768741
2020,12,IND.11.7.1_1,0,0.3502480173729377
2020,12,IND.12.3.1_1,0,0.3067068128833611
2020,12,IND.12.5.1_1,0,0.33313958333104454
2020,12,IND.12.6.2_1,0,0.33756918246924283
2020,12,IND.15.10.1_1,0,0.3386601403925338
2020,12,IND.15.19.1_1,0,0.3639828065767441
2020,12,IND.15.21.2_1,0,0.36492351139542817
2020,12,IND.15.23.1_1,0,0.3522770203960217
2020,12,IND.15.4.2_1,0,0.33756918246924283
2020,12,IND.15.5.1_1,0,0.32395052700056526
2020,12,IND.15.7.1_1,0,0.3461196307619647
2020,12,IND.16.12.2_1,0,0.36863517451796685
2020,12,IND.16.12.3_1,0,0.36863517451796685
2020,12,IND.16.12.4_1,0,0.36863517451796685
2020,12,IND.16.13.1_1,0,0.3639828065767441
2020,12,IND.16.13.3_1,0,0.3639828065767441
2020,12,IND.16.14.2_1,0,0.37136627864268035
2020,12,IND.16.15.1_1,0,0.3677148544921924
2020,12,IND.16.17.3_1,0,0.3704608498090469
2020,12,IND.16.20.3_1,0,0.3749394345485409
2020,12,IND.16.22.4_1,0,0.37226681638655706
2020,12,IND.16.23.4_1,0,0.3704608498090469
2020,12,IND.16.26.2_1,0,0.3766973598273565
2020,12,IND.16.26.4_1,0,0.3766973598273565
2020,12,IND.16.27.4_1,0,0.3611293596682696
2020,12,IND.16.27.9_1,0,0.3611293596682696
2020,12,IND.16.28.2_1,0,0.3639828065767441
2020,12,IND.16.29.1_1,0,0.37226681638655706
2020,12,IND.16.3.2_1,0,0.3758207567993567
2020,12,IND.16.3.3_1,0,0.3758207567993567
2020,12,IND.16.4.2_1,0,0.3766973598273565
2020,12,IND.16.7.2_1,0,0.3731624984510773
2020,12,IND.16.9.1_1,0,0.36492351139542817
2020,12,IND.17.1.1_1,0,0.3639828065767441
2020,12,IND.17.1.3_1,0,0.3639828065767441
2020,12,IND.17.1.7_1,0,0.3639828065767441
2020,12,IND.17.10.4_1,0,0.3917045218432287
2020,12,IND.17.10.5_1,0,0.3917045218432287
2020,12,IND.17.11.1_1,0,0.366789496216201
2020,12,IND.17.11.2_1,0,0.366789496216201
2020,12,IND.17.11.5_1,0,0.366789496216201
2020,12,IND.17.12.2_1,0,0.3818596821043259
2020,12,IND.17.12.3_1,0,0.3818596821043259
2020,12,IND.17.13.2_1,0,0.36863517451796685
2020,12,IND.17.13.4_1,0,0.36863517451796685
2020,12,IND.17.14.1_1,0,0.36585906146062974
2020,12,IND.17.2.1_1,0,0.3749394345485409
2020,12,IND.17.2.3_1,0,0.3749394345485409
2020,12,IND.17.2.5_1,0,0.3749394345485409
2020,12,IND.17.2.7_1,0,0.3749394345485409
2020,12,IND.17.4.1_1,0,0.37226681638655706
2020,12,IND.17.5.1_1,0,0.38354413840665863
2020,12,IND.17.6.1_1,0,0.37226681638655706
2020,12,IND.17.6.4_1,0,0.37226681638655706
2020,12,IND.17.7.3_1,0,0.3868600013708585
2020,12,IND.17.9.3_1,0,0.36492351139542817
2020,12,IND.19.11.2_1,0,0.34819569244928955
2020,12,IND.19.20.2_1,0,0.3461196307619647
2020,12,IND.19.21.1_1,0,0.34922479573758497
2020,12,IND.19.37.4_1,0,0.3562666500332664
2020,12,IND.2.1.1_1,0,0.3630369069334353
2020,12,IND.2.1.10_1,0,0.3630369069334353
2020,12,IND.2.10.2_1,0,0.3461196307619647
2020,12,IND.2.10.5_1,0,0.3461196307619647
2020,12,IND.2.10.8_1,0,0.3461196307619647
2020,12,IND.2.10.9_1,0,0.3461196307619647
2020,12,IND.2.11.6_1,0,0.3775692765024169
2020,12,IND.2.12.1_1,0,0.36492351139542817
2020,12,IND.2.13.2_1,0,0.3592005359475749
2020,12,IND.2.13.3_1,0,0.3592005359475749
2020,12,IND.2.13.7_1,0,0.3592005359475749
2020,12,IND.2.13.8_1,0,0.3592005359475749
2020,12,IND.2.2.1_1,0,0.38849186082326864
2020,12,IND.2.2.2_1,0,0.38849186082326864
2020,12,IND.2.3.10_1,0,0.3775692765024169
2020,12,IND.2.3.12_1,0,0.3775692765024169
2020,12,IND.2.3.2_1,0,0.3775692765024169
2020,12,IND.2.3.3_1,0,0.3775692765024169
2020,12,IND.2.3.9_1,0,0.3775692765024169
2020,12,IND.2.4.2_1,0,0.3810107205436209
2020,12,IND.2.4.7_1,0,0.3810107205436209
2020,12,IND.2.5.10_1,0,0.36863517451796685
2020,12,IND.2.5.2_1,0,0.36863517451796685
2020,12,IND.2.5.3_1,0,0.36863517451796685
2020,12,IND.2.5.5_1,0,0.36863517451796685
2020,12,IND.2.6.8_1,0,0.36585906146062974
2020,12,IND.2.7.1_1,0,0.3758207567993567
2020,12,IND.2.7.14_1,0,0.3758207567993567
2020,12,IND.2.7.16_1,0,0.3758207567993567
2020,12,IND.2.7.3_1,0,0.3758207567993567
2020,12,IND.2.7.4_1,0,0.3758207567993567
2020,12,IND.2.8.2_1,0,0.3440194025768741
2020,12,IND.2.8.6_1,0,0.3440194025768741
2020,12,IND.2.9.1_1,0,0.362085771753194
2020,12,IND.20.13.8_1,0,0.35126540875438816
2020,12,IND.20.15.12_1,0,0.3731624984510773
2020,12,IND.20.16.3_1,0,0.35428310221702153
2020,12,IND.20.17.1_1,0,0.36585906146062974
2020,12,IND.20.18.1_1,0,0.38015722999769386
2020,12,IND.20.18.2_1,0,0.38015722999769386
2020,12,IND.20.18.4_1,0,0.38015722999769386
2020,12,IND.20.18.5_1,0,0.38015722999769386
2020,12,IND.20.19.2_1,0,0.33647171235218754
2020,12,IND.20.19.8_1,0,0.33647171235218754
2020,12,IND.20.22.2_1,0,0.3749394345485409
2020,12,IND.20.22.5_1,0,0.3749394345485409
2020,12,IND.20.22.7_1,0,0.3749394345485409
2020,12,IND.20.24.5_1,0,0.366789496216201
2020,12,IND.20.24.8_1,0,0.366789496216201
2020,12,IND.20.26.12_1,0,0.3601676286407771
2020,12,IND.20.26.6_1,0,0.3601676286407771
2020,12,IND.20.26.7_1,0,0.3601676286407771
2020,12,IND.20.26.8_1,0,0.3601676286407771
2020,12,IND.20.27.2_1,0,0.35428310221702153
2020,12,IND.20.27.7_1,0,0.35428310221702153
2020,12,IND.20.29.5_1,0,0.3766973598273565
2020,12,IND.20.29.7_1,0,0.3766973598273565
2020,12,IND.20.3.13_1,0,0.34922479573758497
2020,12,IND.20.30.1_1,0,0.34922479573758497
2020,12,IND.20.30.10_1,0,0.34922479573758497
2020,12,IND.20.30.2_1,0,0.34922479573758497
2020,12,IND.20.30.5_1,0,0.34922479573758497
2020,12,IND.20.32.9_1,0,0.37136627864268035
2020,12,IND.20.33.2_1,0,0.3704608498090469
2020,12,IND.20.33.7_1,0,0.3704608498090469
2020,12,IND.20.33.8_1,0,0.3704608498090469
2020,12,IND.20.4.1_1,0,0.34189456253630574
2020,12,IND.20.6.4_1,0,0.36585906146062974
2020,12,IND.20.7.8_1,0,0.362085771753194
2020,12,IND.20.8.8_1,0,0.3582280381646966
2020,12,IND.20.9.2_1,0,0.3552776691859794
2020,12,IND.21.1.1_1,0,0.33756918246924283
2020,12,IND.21.5.2_1,0,0.3320154126456093
2020,12,IND.22.5.1_1,0,0.35725009115132167
2020,12,IND.25.1.1_1,0,0.33088439746304826
2020,12,IND.26.10.1_1,0,0.36585906146062974
2020,12,IND.26.11.1_1,0,0.3440194025768741
2020,12,IND.26.11.2_1,0,0.3440194025768741
2020,12,IND.26.11.3_1,0,0.3440194025768741
2020,12,IND.26.12.1_1,0,0.3611293596682696
2020,12,IND.26.14.1_1,0,0.3532829019480122
2020,12,IND.26.17.1_1,0,0.3461196307619647
2020,12,IND.26.19.1_1,0,0.3552776691859794
2020,12,IND.26.24.1_1,0,0.3592005359475749
2020,12,IND.26.26.2_1,0,0.33756918246924283
2020,12,IND.26.28.3_1,0,0.3562666500332664
2020,12,IND.26.7.1_1,0,0.35126540875438816
2020,12,IND.26.7.3_1,0,0.35126540875438816
2020,12,IND.28.1.2_1,0,0.31304631925323445
2020,12,IND.28.12.3_1,0,0.31304631925323445
2020,12,IND.28.14.1_1,0,0.32158111638343195
2020,12,IND.28.17.4_1,0,0.28917057184232914
2020,12,IND.28.20.1_1,0,0.3203851535989872
2020,12,IND.28.7.1_1,0,0.3251241389157466
2020,12,IND.29.10.9_1,0,0.3227695465501356
2020,12,IND.29.14.1_1,0,0.3386601403925338
2020,12,IND.29.15.2_1,0,0.3582280381646966
2020,12,IND.29.15.9_1,0,0.3582280381646966
2020,12,IND.29.17.12_1,0,0.32860155048170264
2020,12,IND.29.17.6_1,0,0.32860155048170264
2020,12,IND.29.19.3_1,0,0.3562666500332664
2020,12,IND.29.2.10_1,0,0.33536766610911
2020,12,IND.29.26.5_1,0,0.34819569244928955
2020,12,IND.29.26.7_1,0,0.34819569244928955
2020,12,IND.29.7.3_1,0,0.33313958333104454
2020,12,IND.31.1.1_1,0,0.3901066305296325
2020,12,IND.31.1.2_1,0,0.3901066305296325
2020,12,IND.31.10.1_1,0,0.3630369069334353
2020,12,IND.31.12.3_1,0,0.3677148544921924
2020,12,IND.31.14.3_1,0,0.3639828065767441
2020,12,IND.31.15.1_1,0,0.3630369069334353
2020,12,IND.31.16.5_1,0,0.40020015012510946
2020,12,IND.31.17.5_1,0,0.36585906146062974
2020,12,IND.31.18.4_1,0,0.38015722999769386
2020,12,IND.31.19.2_1,0,0.3639828065767441
2020,12,IND.31.2.1_1,0,0.3758207567993567
2020,12,IND.31.2.2_1,0,0.3758207567993567
2020,12,IND.31.2.3_1,0,0.3758207567993567
2020,12,IND.31.2.4_1,0,0.3758207567993567
2020,12,IND.31.2.5_1,0,0.3758207567993567
2020,12,IND.31.20.2_1,0,0.3893013685508382
2020,12,IND.31.20.6_1,0,0.3893013685508382
2020,12,IND.31.20.7_1,0,0.3893013685508382
2020,12,IND.31.23.10_1,0,0.37929917989348183
2020,12,IND.31.26.1_1,0,0.3860375953518323
2020,12,IND.31.26.4_1,0,0.3860375953518323
2020,12,IND.31.27.8_1,0,0.39485048677557294
2020,12,IND.31.28.2_1,0,0.3532829019480122
2020,12,IND.31.28.3_1,0,0.3532829019480122
2020,12,IND.31.28.4_1,0,0.3532829019480122
2020,12,IND.31.29.5_1,0,0.38354413840665863
2020,12,IND.31.3.1_1,0,0.3818596821043259
2020,12,IND.31.30.3_1,0,0.362085771753194
2020,12,IND.31.30.6_1,0,0.362085771753194
2020,12,IND.31.31.1_1,0,0.3810107205436209
2020,12,IND.31.32.3_1,0,0.3731624984510773
2020,12,IND.31.4.2_1,0,0.3901066305296325
2020,12,IND.31.4.3_1,0,0.3901066305296325
2020,12,IND.31.4.4_1,0,0.3901066305296325
2020,12,IND.31.5.3_1,0,0.37929917989348183
2020,12,IND.31.6.3_1,0,0.38849186082326864
2020,12,IND.31.6.4_1,0,0.38849186082326864
2020,12,IND.31.6.5_1,0,0.38849186082326864
2020,12,IND.31.7.1_1,0,0.3818596821043259
2020,12,IND.31.7.2_1,0,0.3818596821043259
2020,12,IND.31.7.4_1,0,0.3818596821043259
2020,12,IND.31.8.1_1,0,0.3630369069334353
2020,12,IND.31.8.3_1,0,0.3630369069334353
2020,12,IND.31.8.4_1,0,0.3630369069334353
2020,12,IND.31.8.5_1,0,0.3630369069334353
2020,12,IND.31.9.3_1,0,0.3731624984510773
2020,12,IND.32.10.1_1,0,0.3429600875052688
2020,12,IND.32.10.3_1,0,0.3429600875052688
2020,12,IND.32.10.4_1,0,0.3429600875052688
2020,12,IND.32.2.1_1,0,0.37226681638655706
2020,12,IND.32.3.3_1,0,0.36955049393495276
2020,12,IND.32.3.5_1,0,0.36955049393495276
2020,12,IND.32.4.1_1,0,0.37226681638655706
2020,12,IND.32.4.3_1,0,0.37226681638655706
2020,12,IND.32.4.4_1,0,0.37226681638655706
2020,12,IND.32.5.10_1,0,0.36955049393495276
2020,12,IND.32.6.6_1,0,0.3766973598273565
2020,12,IND.32.7.5_1,0,0.366789496216201
2020,12,IND.32.7.7_1,0,0.366789496216201
2020,12,IND.32.8.6_1,0,0.3601676286407771
2020,12,IND.32.9.3_1,0,0.36955049393495276
2020,12,IND.32.9.4_1,0,0.36955049393495276
2020,12,IND.32.9.5_1,0,0.36955049393495276
2020,12,IND.32.9.6_1,0,0.36955049393495276
2020,12,IND.33.2.2_1,0,0.3450725649411658
2020,12,IND.33.3.1_1,0,0.32744957355785825
2020,12,IND.33.5.1_1,0,0.3522770203960217
2020,12,IND.33.8.1_1,0,0.3601676286407771
2020,12,IND.34.1.1_1,0,0.33536766610911
2020,12,IND.34.1.5_1,0,0.33536766610911
2020,12,IND.34.13.1_1,0,0.33536766610911
2020,12,IND.34.13.2_1,0,0.33536766610911
2020,12,IND.34.15.3_1,0,0.32744957355785825
2020,12,IND.34.18.3_1,0,0.3342569785774528
2020,12,IND.34.20.2_1,0,0.3408227694273963
2020,12,IND.34.22.2_1,0,0.33756918246924283
2020,12,IND.34.24.2_1,0,0.3408227694273963
2020,12,IND.34.26.1_1,0,0.3552776691859794
2020,12,IND.34.28.1_1,0,0.32974646735443996
2020,12,IND.34.29.1_1,0,0.32974646735443996
2020,12,IND.34.3.2_1,0,0.3562666500332664
2020,12,IND.34.3.3_1,0,0.3562666500332664
2020,12,IND.34.30.1_1,0,0.31918157352340515
2020,12,IND.34.31.2_1,0,0.32744957355785825
2020,12,IND.34.32.1_1,0,0.3342569785774528
2020,12,IND.34.33.1_1,0,0.3227695465501356
2020,12,IND.34.33.2_1,0,0.3227695465501356
2020,12,IND.34.36.1_1,0,0.33756918246924283
2020,12,IND.34.36.3_1,0,0.33756918246924283
2020,12,IND.34.37.1_1,0,0.33313958333104454
2020,12,IND.34.38.2_1,0,0.3262904618058356
2020,12,IND.34.39.1_1,0,0.32860155048170264
2020,12,IND.34.40.2_1,0,0.33088439746304826
2020,12,IND.34.43.3_1,0,0.3203851535989872
2020,12,IND.34.45.1_1,0,0.3502480173729377
2020,12,IND.34.49.1_1,0,0.32974646735443996
2020,12,IND.34.50.1_1,0,0.3142893217686178
2020,12,IND.34.50.2_1,0,0.3142893217686178
2020,12,IND.34.53.1_1,0,0.34189456253630574
2020,12,IND.34.53.3_1,0,0.34189456253630574
2020,12,IND.34.53.4_1,0,0.34189456253630574
2020,12,IND.34.55.2_1,0,0.29746341705239066
2020,12,IND.34.57.2_1,0,0.3227695465501356
2020,12,IND.34.6.2_1,0,0.33313958333104454
2020,12,IND.34.64.1_1,0,0.3251241389157466
2020,12,IND.34.66.1_1,0,0.362085771753194
2020,12,IND.34.69.1_1,0,0.3440194025768741
2020,12,IND.34.7.2_1,0,0.33088439746304826
2020,12,IND.34.70.2_1,0,0.3203851535989872
2020,12,IND.34.72.1_1,0,0.3342569785774528
2020,12,IND.34.74.4_1,0,0.34819569244928955
2020,12,IND.34.75.1_1,0,0.3397446488562056
2020,12,IND.34.8.1_1,0,0.32744957355785825
2020,12,IND.34.8.3_1,0,0.32744957355785825
2020,12,IND.34.8.4_1,0,0.32744957355785825
2020,12,IND.35.7.2_1,0,0.3251241389157466
2020,12,IND.35.8.2_1,0,0.33313958333104454
2020,12,IND.36.1.1_1,0,0.3251241389157466
2020,12,IND.36.11.1_1,0,0.35126540875438816
2020,12,IND.36.13.2_1,0,0.32744957355785825
2020,12,IND.36.14.2_1,0,0.3320154126456093
2020,12,IND.36.15.2_1,0,0.35126540875438816
2020,12,IND.36.15.3_1,0,0.35126540875438816
2020,12,IND.36.15.4_1,0,0.35126540875438816
2020,12,IND.36.16.3_1,0,0.3440194025768741
2020,12,IND.36.17.1_1,0,0.3611293596682696
2020,12,IND.36.18.1_1,0,0.3408227694273963
2020,12,IND.36.19.2_1,0,0.33536766610911
2020,12,IND.36.2.1_1,0,0.33756918246924283
2020,12,IND.36.20.1_1,0,0.3397446488562056
2020,12,IND.36.3.1_1,0,0.3386601403925338
2020,12,IND.36.3.2_1,0,0.3386601403925338
2020,12,IND.36.3.3_1,0,0.3386601403925338
2020,12,IND.36.4.2_1,0,0.3386601403925338
2020,12,IND.36.6.2_1,0,0.3397446488562056
2020,12,IND.36.7.1_1,0,0.3630369069334353
2020,12,IND.36.8.3_1,0,0.3522770203960217
2020,12,IND.36.9.1_1,0,0.3440194025768741
2020,12,IND.4.14.1_1,0,0.34819569244928955
2020,12,IND.4.15.1_1,0,0.3397446488562056
2020,12,IND.4.22.1_1,0,0.33647171235218754
2020,12,IND.4.4.1_1,0,0.3429600875052688
2020,12,IND.4.7.1_1,0,0.33313958333104454
2020,12,IND.5.10.1_1,0,0.3562666500332664
2020,12,IND.5.11.1_1,0,0.33536766610911
2020,12,IND.5.13.1_1,0,0.34922479573758497
2020,12,IND.5.16.1_1,0,0.33536766610911
2020,12,IND.5.18.1_1,0,0.3502480173729377
2020,12,IND.5.22.1_1,0,0.34189456253630574
2020,12,IND.5.23.1_1,0,0.32974646735443996
2020,12,IND.5.23.2_1,0,0.32974646735443996
2020,12,IND.5.24.1_1,0,0.33088439746304826
2020,12,IND.5.26.2_1,0,0.3461196307619647
2020,12,IND.5.26.4_1,0,0.3461196307619647
2020,12,IND.5.27.1_1,0,0.3386601403925338
2020,12,IND.5.28.1_1,0,0.32744957355785825
2020,12,IND.5.29.1_1,0,0.362085771753194
2020,12,IND.5.3.1_1,0,0.33313958333104454
2020,12,IND.5.31.1_1,0,0.3440194025768741
2020,12,IND.5.31.2_1,0,0.3440194025768741
2020,12,IND.5.31.3_1,0,0.3440194025768741
2020,12,IND.5.32.1_1,0,0.32860155048170264
2020,12,IND.5.6.1_1,0,0.33536766610911
2020,12,IND.5.7.1_1,0,0.32974646735443996
2020,12,IND.5.8.1_1,0,0.34189456253630574
2020,12,IND.5.9.2_1,0,0.3320154126456093
2020,12,IND.7.10.1_1,0,0.37136627864268035
2020,12,IND.7.12.3_1,0,0.3429600875052688
2020,12,IND.7.21.1_1,0,0.3582280381646966
2020,12,IND.7.22.1_1,0,0.35428310221702153
2020,12,IND.7.22.2_1,0,0.35428310221702153
2020,12,IND.7.26.1_1,0,0.3386601403925338
2020,12,IND.7.4.1_1,0,0.362085771753194
2020,12,IND.7.7.1_1,0,0.3562666500332664
2020,12,IND.7.9.1_1,0,0.3611293596682696
2020,12,IRL.26.3_1,0,0.4576083537321029
2020,12,IRL.6.1_1,0,0.4784484433174727
2020,12,IRN.1.1_1,0,0.2790212408632233
2020,12,IRN.11.2_1,0,0.30799165387857325
2020,12,IRN.13.1_1,0,0.31797028965786267
2020,12,IRN.15.2_1,0,0.2988114594326802
2020,12,IRN.18.7_1,0,0.3014795016081357
2020,12,IRN.23.1_1,0,0.28632495871296654
2020,12,IRN.28.5_1,0,0.2819760814510878
2020,12,IRN.28.8_1,0,0.2760202658994212
2020,12,IRN.6.7_1,0,0.3067068128833611
2020,12,IRQ.10.1_1,0,0.29197474077263813
2020,12,IRQ.12.2_1,0,0.2775266131761439
2020,12,IRQ.16.6_1,0,0.2819760814510878
2020,12,IRQ.6.1_1,0,0.24664921616708177
2020,12,ISR.2_1,0,0.3142893217686178
2020,12,ISR.3_1,0,0.2947386484173239
2020,12,ISR.4_1,0,0.290577761426155
2020,12,ISR.5_1,0,0.2988114594326802
2020,12,ISR.6_1,0,0.30541328929383094
2020,12,ISR.7_1,0,0.3014795016081357
2020,12,ITA.1.3.24_1,0,0.21174474216810163
2020,12,ITA.1.3.41_1,0,0.21174474216810163
2020,12,ITA.1.4.15_1,0,0.22010780869257557
2020,12,ITA.1.4.28_1,0,0.22010780869257557
2020,12,ITA.10.1.53_1,0,0.162164414398774
2020,12,ITA.10.10.100_1,0,0.24308453280719053
2020,12,ITA.10.10.163_1,0,0.24308453280719053
2020,12,ITA.10.12.134_1,0,0.25014710386805117
2020,12,ITA.10.12.135_1,0,0.25014710386805117
2020,12,ITA.10.12.30_1,0,0.25014710386805117
2020,12,ITA.10.12.96_1,0,0.25014710386805117
2020,12,ITA.10.3.21_1,0,0.26830577330349786
2020,12,ITA.10.3.8_1,0,0.26830577330349786
2020,12,ITA.10.3.95_1,0,0.26830577330349786
2020,12,ITA.10.4.50_1,0,0.2319586273558386
2020,12,ITA.10.4.69_1,0,0.2319586273558386
2020,12,ITA.10.5.42_1,0,0.24127621974453722
2020,12,ITA.10.6.41_1,0,0.21805400144814482
2020,12,ITA.10.6.9_1,0,0.21805400144814482
2020,12,ITA.10.7.21_1,0,0.2338604085575211
2020,12,ITA.10.7.30_1,0,0.2338604085575211
2020,12,ITA.10.7.5_1,0,0.2338604085575211
2020,12,ITA.10.8.117_1,0,0.239450070654273
2020,12,ITA.10.8.16_1,0,0.239450070654273
2020,12,ITA.10.8.18_1,0,0.239450070654273
2020,12,ITA.10.8.36_1,0,0.239450070654273
2020,12,ITA.10.8.38_1,0,0.239450070654273
2020,12,ITA.10.8.4_1,0,0.239450070654273
2020,12,ITA.10.8.6_1,0,0.239450070654273
2020,12,ITA.10.8.72_1,0,0.239450070654273
2020,12,ITA.10.8.86_1,0,0.239450070654273
2020,12,ITA.11.1.2_1,0,0.24308453280719053
2020,12,ITA.11.2.22_1,0,0.19605723255834873
2020,12,ITA.11.2.28_1,0,0.19605723255834873
2020,12,ITA.11.5.44_1,0,0.239450070654273
2020,12,ITA.13.4.215_1,0,0.20068950215762726
2020,12,ITA.13.4.3_1,0,0.20068950215762726
2020,12,ITA.13.4.80_1,0,0.20068950215762726
2020,12,ITA.13.6.120_1,0,0.237605674293474
2020,12,ITA.13.6.156_1,0,0.237605674293474
2020,12,ITA.13.6.272_1,0,0.237605674293474
2020,12,ITA.13.6.306_1,0,0.237605674293474
2020,12,ITA.13.6.38_1,0,0.237605674293474
2020,12,ITA.13.8.80_1,0,0.2619018758859749
2020,12,ITA.14.1.18_1,0,0.2602666685127751
2020,12,ITA.14.1.6_1,0,0.2602666685127751
2020,12,ITA.14.8.50_1,0,0.24487540497968344
2020,12,ITA.14.8.53_1,0,0.24487540497968344
2020,12,ITA.15.6.54_1,0,0.2602666685127751
2020,12,ITA.16.10.16_1,0,0.19129190414806527
2020,12,ITA.16.10.32_1,0,0.19129190414806527
2020,12,ITA.16.2.15_1,0,0.239450070654273
2020,12,ITA.16.3.10_1,0,0.19838941090279583
2020,12,ITA.16.9.5_1,0,0.19605723255834873
2020,12,ITA.17.2.107_1,0,0.2602666685127751
2020,12,ITA.17.2.202_1,0,0.2602666685127751
2020,12,ITA.17.2.72_1,0,0.2602666685127751
2020,12,ITA.17.2.84_1,0,0.2602666685127751
2020,12,ITA.17.2.99_1,0,0.2602666685127751
2020,12,ITA.2.1.22_1,0,0.22010780869257557
2020,12,ITA.2.1.36_1,0,0.22010780869257557
2020,12,ITA.2.1.5_1,0,0.22010780869257557
2020,12,ITA.2.1.9_1,0,0.22010780869257557
2020,12,ITA.2.2.3_1,0,0.20958990416508122
2020,12,ITA.2.5.21_1,0,0.22414558046332575
2020,12,ITA.2.5.36_1,0,0.22414558046332575
2020,12,ITA.2.5.44_1,0,0.22414558046332575
2020,12,ITA.2.5.53_1,0,0.22414558046332575
2020,12,ITA.2.5.96_1,0,0.22414558046332575
2020,12,ITA.2.6.29_1,0,0.22414558046332575
2020,12,ITA.20.1.21_1,0,0.2619018758859749
2020,12,ITA.20.1.40_1,0,0.2619018758859749
2020,12,ITA.20.1.6_1,0,0.2619018758859749
2020,12,ITA.20.2.36_1,0,0.2261307920985887
2020,12,ITA.20.2.59_1,0,0.2261307920985887
2020,12,ITA.20.4.26_1,0,0.16505527329729044
2020,12,ITA.20.4.57_1,0,0.16505527329729044
2020,12,ITA.20.5.27_1,0,0.2586172517116422
2020,12,ITA.20.5.39_1,0,0.2586172517116422
2020,12,ITA.20.5.43_1,0,0.2586172517116422
2020,12,ITA.20.6.16_1,0,0.20958990416508122
2020,12,ITA.20.6.2_1,0,0.20958990416508122
2020,12,ITA.20.6.40_1,0,0.20958990416508122
2020,12,ITA.20.6.61_1,0,0.20958990416508122
2020,12,ITA.20.6.72_1,0,0.20958990416508122
2020,12,ITA.20.7.50_1,0,0.25695335184625445
2020,12,ITA.3.1.17_1,0,0.24664921616708177
2020,12,ITA.4.1.8_1,0,0.2518718710762269
2020,12,ITA.4.2.102_1,0,0.25014710386805117
2020,12,ITA.4.2.45_1,0,0.25014710386805117
2020,12,ITA.4.4.62_1,0,0.24840633185509925
2020,12,ITA.5.3.82_1,0,0.22010780869257557
2020,12,ITA.5.4.51_1,0,0.23574260237507894
2020,12,ITA.5.4.60_1,0,0.23574260237507894
2020,12,ITA.5.4.62_1,0,0.23574260237507894
2020,12,ITA.5.4.65_1,0,0.23574260237507894
2020,12,ITA.5.4.76_1,0,0.23574260237507894
2020,12,ITA.5.5.117_1,0,0.22809433799861634
2020,12,ITA.6.1.43_1,0,0.22213812222431642
2020,12,ITA.6.1.6_1,0,0.22213812222431642
2020,12,ITA.6.3.5_1,0,0.20958990416508122
2020,12,ITA.6.4.15_1,0,0.23003677296666486
2020,12,ITA.6.4.23_1,0,0.23003677296666486
2020,12,ITA.6.4.30_1,0,0.23003677296666486
2020,12,ITA.6.4.40_1,0,0.23003677296666486
2020,12,ITA.6.6.35_1,0,0.2261307920985887
2020,12,ITA.6.6.45_1,0,0.2261307920985887
2020,12,ITA.6.8.20_1,0,0.20740785428237288
2020,12,ITA.6.8.42_1,0,0.20740785428237288
2020,12,ITA.8.2.1_1,0,0.20068950215762726
2020,12,ITA.8.2.11_1,0,0.20068950215762726
2020,12,ITA.8.4.10_1,0,0.19838941090279583
2020,12,ITA.8.4.111_1,0,0.19838941090279583
2020,12,ITA.8.4.27_1,0,0.19838941090279583
2020,12,ITA.8.4.50_1,0,0.19838941090279583
2020,12,ITA.8.4.55_1,0,0.19838941090279583
2020,12,ITA.8.4.7_1,0,0.19838941090279583
2020,12,ITA.8.4.92_1,0,0.19838941090279583
2020,12,ITA.8.4.97_1,0,0.19838941090279583
2020,12,ITA.9.2.31_1,0,0.2029585972364615
2020,12,ITA.9.3.15_1,0,0.21174474216810163
2020,12,JOR.10.3_1,0,0.3001501125938321
2020,12,JOR.2.1_1,0,0.3167512136225074
2020,12,JOR.2.7_1,0,0.290577761426155
2020,12,JOR.3.1_1,0,0.3262904618058356
2020,12,JOR.4.2_1,0,0.3001501125938321
2020,12,JOR.5_1,0,0.3117951510466707
2020,12,JOR.5.3_1,0,0.30279974849343533
2020,12,JOR.5.7_1,0,0.3067068128833611
2020,12,JOR.5.9_1,0,0.30541328929383094
2020,12,JPN.1.58_1,0,0.2819760814510878
2020,12,JPN.1.59_1,0,0.26830577330349786
2020,12,JPN.1.7_1,0,0.2760202658994212
2020,12,KAZ.1.3_1,0,0.19838941090279583
2020,12,KAZ.1.7_1,0,0.21174474216810163
2020,12,KEN.11.9.4_1,0,0.3893013685508382
2020,12,KEN.14.4.5_1,0,0.3860375953518323
2020,12,KEN.22.6.4_1,0,0.38437969216355294
2020,12,KEN.28.3.7_1,0,0.38521083498181535
2020,12,KEN.30.11.2_1,0,0.3677148544921924
2020,12,KEN.30.16.2_1,0,0.387678080750375
2020,12,KEN.30.16.3_1,0,0.387678080750375
2020,12,KEN.30.16.5_1,0,0.387678080750375
2020,12,KEN.30.3.4_1,0,0.3740533597174552
2020,12,KEN.30.4.1_1,0,0.3775692765024169
2020,12,KEN.30.4.3_1,0,0.3775692765024169
2020,12,KEN.30.6.5_1,0,0.3810107205436209
2020,12,KEN.30.7.3_1,0,0.38015722999769386
2020,12,KEN.30.8.1_1,0,0.38437969216355294
2020,12,KHM.16.11.4_2,0,0.3860375953518323
2020,12,KHM.16.6.2_2,0,0.37136627864268035
2020,12,KHM.16.9.3_2,0,0.3592005359475749
2020,12,KHM.19.9.2_2,0,0.36863517451796685
2020,12,KHM.21.8.9_2,0,0.35428310221702153
2020,12,KHM.5.3.2_2,0,0.3963989557656934
2020,12,KHM.5.3.4_2,0,0.3963989557656934
2020,12,KHM.5.7.1_2,0,0.37929917989348183
2020,12,KHM.6.8.4_2,0,0.37136627864268035
2020,12,KHM.6.8.5_2,0,0.37136627864268035
2020,12,KHM.6.8.8_2,0,0.37136627864268035
2020,12,KHM.8.10.14_2,0,0.3917045218432287
2020,12,KHM.8.10.15_2,0,0.3917045218432287
2020,12,KOR.8.12.4_2,0,0.239450070654273
2020,12,KOR.8.12.8_2,0,0.239450070654273
2020,12,KWT.3_1,0,0.3386601403925338
2020,12,LAO.12.3_1,0,0.3917045218432287
2020,12,LAO.6.6_1,0,0.3639828065767441
2020,12,LBN.2.1.15_1,0,0.29197474077263813
2020,12,LBN.3.1.1_1,0,0.3014795016081357
2020,12,LBN.5.1.1_1,0,0.29197474077263813
2020,12,LBN.5.1.13_1,0,0.29197474077263813
2020,12,LBN.5.1.16_1,0,0.29197474077263813
2020,12,LBN.5.1.39_1,0,0.29197474077263813
2020,12,LBN.5.1.62_1,0,0.29197474077263813
2020,12,LBN.5.2.44_1,0,0.28917057184232914
2020,12,LBN.5.2.7_1,0,0.28917057184232914
2020,12,LBN.5.4.13_1,0,0.2819760814510878
2020,12,LBN.5.4.62_1,0,0.2819760814510878
2020,12,LBN.5.5.13_1,0,0.30541328929383094
2020,12,LBN.5.5.91_1,0,0.30541328929383094
2020,12,LBN.5.8.4_1,0,0.28917057184232914
2020,12,LBN.5.8.79_1,0,0.28917057184232914
2020,12,LBN.6.1.35_1,0,0.29746341705239066
2020,12,LBN.7.6.10_1,0,0.28775302222878874
2020,12,LBN.7.6.42_1,0,0.28775302222878874
2020,12,LBY.15_1,0,0.3001501125938321
2020,12,LBY.6_1,0,0.32860155048170264
2020,12,LKA.11.7_1,0,0.3810107205436209
2020,12,LKA.14.2_1,0,0.3677148544921924
2020,12,LKA.17.12_1,0,0.38521083498181535
2020,12,LKA.2.12_1,0,0.37929917989348183
2020,12,LKA.21.3_1,0,0.38015722999769386
2020,12,LKA.22.13_1,0,0.38437969216355294
2020,12,LKA.22.8_1,0,0.3677148544921924
2020,12,LKA.23_1,0,0.3758207567993567
2020,12,LKA.23.17_1,0,0.3639828065767441
2020,12,LKA.3.14_1,0,0.3868600013708585
2020,12,LKA.3.15_1,0,0.38270414482007176
2020,12,LKA.6.8_1,0,0.37136627864268035
2020,12,LKA.7.11_1,0,0.38270414482007176
2020,12,LKA.7.13_1,0,0.3704608498090469
2020,12,LKA.7.2_1,0,0.3860375953518323
2020,12,LKA.7.8_1,0,0.38015722999769386
2020,12,LTU.2.4_1,0,0.4708085180417413
2020,12,MAR.1.3.2.5_1,0,0.3117951510466707
2020,12,MAR.10.1.11.1_1,0,0.27450200609713465
2020,12,MAR.10.1.12.1_1,0,0.27450200609713465
2020,12,MAR.11.2.3.1_1,0,0.28632495871296654
2020,12,MAR.14.4.2.1_1,0,0.28775302222878874
2020,12,MAR.14.4.4.1_1,0,0.28775302222878874
2020,12,MAR.14.5.2.1_1,0,0.2790212408632233
2020,12,MAR.3.3.2.1_1,0,0.3001501125938321
2020,12,MAR.3.4.1.1_1,0,0.2819760814510878
2020,12,MAR.3.4.3.1_1,0,0.2819760814510878
2020,12,MAR.5.1.1.1_1,0,0.28917057184232914
2020,12,MAR.5.1.19.1_1,0,0.28917057184232914
2020,12,MAR.5.1.20.1_1,0,0.28917057184232914
2020,12,MAR.5.1.25.1_1,0,0.28917057184232914
2020,12,MAR.5.1.6.1_1,0,0.28917057184232914
2020,12,MAR.5.1.8.1_1,0,0.28917057184232914
2020,12,MAR.8.3.9.5_1,0,0.30926792049394103
2020,12,MAR.8.5.2.4_1,0,0.3001501125938321
2020,12,MAR.8.5.6.1_1,0,0.3001501125938321
2020,12,MAR.9.5.2.2_1,0,0.28775302222878874
2020,12,MAR.9.5.6.1_1,0,0.28775302222878874
2020,12,MDG.1.1.7.1_1,0,0.38437969216355294
2020,12,MDG.1.4.4.1_1,0,0.36863517451796685
2020,12,MDG.5.3.5.10_1,0,0.3630369069334353
2020,12,MEX.11.18_2,0,0.35126540875438816
2020,12,MEX.11.2_2,0,0.3611293596682696
2020,12,MEX.11.26_2,0,0.37136627864268035
2020,12,MEX.11.27_2,0,0.3630369069334353
2020,12,MEX.11.6_2,0,0.34922479573758497
2020,12,MEX.14.102_2,0,0.3611293596682696
2020,12,MEX.14.109_2,0,0.35126540875438816
2020,12,MEX.14.11_2,0,0.33647171235218754
2020,12,MEX.14.120_2,0,0.3522770203960217
2020,12,MEX.14.35_2,0,0.3592005359475749
2020,12,MEX.14.40_2,0,0.3386601403925338
2020,12,MEX.14.65_2,0,0.3810107205436209
2020,12,MEX.14.80_2,0,0.3461196307619647
2020,12,MEX.14.99_2,0,0.3461196307619647
2020,12,MEX.15.108_2,0,0.36863517451796685
2020,12,MEX.15.13_2,0,0.3592005359475749
2020,12,MEX.15.20_2,0,0.3611293596682696
2020,12,MEX.15.26_2,0,0.366789496216201
2020,12,MEX.15.32_2,0,0.362085771753194
2020,12,MEX.15.34_2,0,0.3502480173729377
2020,12,MEX.15.57_2,0,0.3592005359475749
2020,12,MEX.15.60_2,0,0.3749394345485409
2020,12,MEX.15.63_2,0,0.35725009115132167
2020,12,MEX.15.78_2,0,0.3611293596682696
2020,12,MEX.15.83_2,0,0.3611293596682696
2020,12,MEX.16.103_2,0,0.34922479573758497
2020,12,MEX.16.109_2,0,0.3461196307619647
2020,12,MEX.16.43_2,0,0.3611293596682696
2020,12,MEX.16.52_2,0,0.3611293596682696
2020,12,MEX.16.57_2,0,0.35428310221702153
2020,12,MEX.17.11_2,0,0.3552776691859794
2020,12,MEX.17.19_2,0,0.3766973598273565
2020,12,MEX.17.7_2,0,0.3630369069334353
2020,12,MEX.17.8_2,0,0.3731624984510773
2020,12,MEX.19.19_2,0,0.33313958333104454
2020,12,MEX.19.46_2,0,0.3522770203960217
2020,12,MEX.19.5_2,0,0.3461196307619647
2020,12,MEX.20.19_2,0,0.3775692765024169
2020,12,MEX.20.73_2,0,0.35126540875438816
2020,12,MEX.21.116_2,0,0.3611293596682696
2020,12,MEX.21.144_2,0,0.3775692765024169
2020,12,MEX.21.34_2,0,0.36863517451796685
2020,12,MEX.22.14_2,0,0.3522770203960217
2020,12,MEX.22.5_2,0,0.3251241389157466
2020,12,MEX.22.8_2,0,0.3522770203960217
2020,12,MEX.23.3_2,0,0.3461196307619647
2020,12,MEX.25.7_2,0,0.3502480173729377
2020,12,MEX.26.18_2,0,0.3227695465501356
2020,12,MEX.26.31_2,0,0.3001501125938321
2020,12,MEX.26.44_2,0,0.32974646735443996
2020,12,MEX.26.45_2,0,0.3155242550986462
2020,12,MEX.27.12_2,0,0.37226681638655706
2020,12,MEX.27.17_2,0,0.3611293596682696
2020,12,MEX.27.4_2,0,0.36955049393495276
2020,12,MEX.27.8_2,0,0.3740533597174552
2020,12,MEX.29.46_2,0,0.3532829019480122
2020,12,MEX.29.50_2,0,0.3731624984510773
2020,12,MEX.29.53_2,0,0.37226681638655706
2020,12,MEX.29.9_2,0,0.34922479573758497
2020,12,MEX.3.1_2,0,0.33313958333104454
2020,12,MEX.3.2_2,0,0.3142893217686178
2020,12,MEX.30.161_2,0,0.35126540875438816
2020,12,MEX.30.164_2,0,0.36955049393495276
2020,12,MEX.30.177_2,0,0.36585906146062974
2020,12,MEX.30.200_2,0,0.36492351139542817
2020,12,MEX.30.26_2,0,0.3582280381646966
2020,12,MEX.30.50_2,0,0.387678080750375
2020,12,MEX.30.66_2,0,0.36492351139542817
2020,12,MEX.31.2_2,0,0.3601676286407771
2020,12,MEX.31.50_2,0,0.3408227694273963
2020,12,MEX.31.59_2,0,0.3592005359475749
2020,12,MEX.31.67_2,0,0.3471606552023436
2020,12,MEX.4.3_2,0,0.34819569244928955
2020,12,MEX.4.4_2,0,0.34922479573758497
2020,12,MEX.5.109_2,0,0.3582280381646966
2020,12,MEX.5.41_2,0,0.37929917989348183
2020,12,MEX.7.30_2,0,0.35725009115132167
2020,12,MEX.7.35_2,0,0.33536766610911
2020,12,MEX.9.1_2,0,0.3440194025768741
2020,12,MEX.9.11_2,0,0.35126540875438816
2020,12,MEX.9.12_2,0,0.35725009115132167
2020,12,MEX.9.13_2,0,0.3562666500332664
2020,12,MEX.9.15_2,0,0.3639828065767441
2020,12,MEX.9.16_2,0,0.3611293596682696
2020,12,MEX.9.6_2,0,0.3582280381646966
2020,12,MEX.9.7_2,0,0.3630369069334353
2020,12,MEX.9.9_2,0,0.34922479573758497
2020,12,MKD.2_1,0,0.22414558046332575
2020,12,MKD.28_1,0,0.22010780869257557
2020,12,MLI.1.1.1.4_1,0,0.3731624984510773
2020,12,MLT.5_1,0,0.2619018758859749
2020,12,MLT.5.9_1,0,0.27142894774447635
2020,12,MMR.1.1.6_1,0,0.36585906146062974
2020,12,MMR.15.1.1_1,0,0.3704608498090469
2020,12,MMR.15.4.1_1,0,0.3601676286407771
2020,12,MMR.6.1.1_1,0,0.3766973598273565
2020,12,MMR.6.1.2_1,0,0.3766973598273565
2020,12,MMR.6.2.2_1,0,0.36955049393495276
2020,12,MMR.8.2.2_1,0,0.3749394345485409
2020,12,MMR.9.1.6_1,0,0.3461196307619647
2020,12,MOZ.3.11.2_1,0,0.3582280381646966
2020,12,MOZ.5.2.2_1,0,0.3775692765024169
2020,12,MOZ.5.2.3_1,0,0.3775692765024169
2020,12,MOZ.5.2.5_1,0,0.3775692765024169
2020,12,MRT.10.1_1,0,0.366789496216201
2020,12,MRT.5.3_1,0,0.36585906146062974
2020,12,MYS.1.2_1,0,0.3818596821043259
2020,12,MYS.1.5_1,0,0.3810107205436209
2020,12,MYS.10.1_1,0,0.38521083498181535
2020,12,MYS.11.4_1,0,0.3731624984510773
2020,12,MYS.11.5_1,0,0.3630369069334353
2020,12,MYS.12.1_1,0,0.3818596821043259
2020,12,MYS.13.11_1,0,0.387678080750375
2020,12,MYS.13.14_1,0,0.37136627864268035
2020,12,MYS.15.1_1,0,0.3963989557656934
2020,12,MYS.15.2_1,0,0.37136627864268035
2020,12,MYS.15.3_1,0,0.3810107205436209
2020,12,MYS.15.4_1,0,0.3775692765024169
2020,12,MYS.15.5_1,0,0.38270414482007176
2020,12,MYS.15.7_1,0,0.3901066305296325
2020,12,MYS.15.9_1,0,0.36955049393495276
2020,12,MYS.16.2_1,0,0.36863517451796685
2020,12,MYS.2.8_1,0,0.3749394345485409
2020,12,MYS.3.4_1,0,0.38270414482007176
2020,12,MYS.3.7_1,0,0.37136627864268035
2020,12,MYS.4.1_1,0,0.387678080750375
2020,12,MYS.7.2_1,0,0.3766973598273565
2020,12,MYS.7.4_1,0,0.3601676286407771
2020,12,MYS.7.6_1,0,0.3630369069334353
2020,12,MYS.9.5_1,0,0.3704608498090469
2020,12,MYS.9.8_1,0,0.3749394345485409
2020,12,"NAM.12.2_1",0,0.3749394345485409
2020,12,"NAM.12.4_1",0,0.387678080750375
2020,12,NCL.3.3_1,0,0.3601676286407771
2020,12,NCL.3.8_1,0,0.3818596821043259
2020,12,NCL.3.9_1,0,0.3810107205436209
2020,12,NGA.15.2_1,0,0.3775692765024169
2020,12,NGA.17.24_1,0,0.3611293596682696
2020,12,NGA.17.25_1,0,0.36492351139542817
2020,12,NGA.21.21_1,0,0.36585906146062974
2020,12,NGA.25.10_1,0,0.3766973598273565
2020,12,NGA.25.2_1,0,0.387678080750375
2020,12,NGA.25.20_1,0,0.3740533597174552
2020,12,NGA.25.5_1,0,0.3758207567993567
2020,12,NGA.29.5_1,0,0.36492351139542817
2020,12,NGA.31.6_1,0,0.38015722999769386
2020,12,NGA.4.2_1,0,0.3766973598273565
2020,12,NIC.11.6_1,0,0.38521083498181535
2020,12,NIC.13.1_1,0,0.36585906146062974
2020,12,NIC.13.2_1,0,0.362085771753194
2020,12,NIC.16.11_1,0,0.3677148544921924
2020,12,NIC.16.7_1,0,0.38521083498181535
2020,12,NIC.5.2_1,0,0.3731624984510773
2020,12,NIC.5.6_1,0,0.39716714584887525
2020,12,NLD.1.10_1,0,0.46148018805140917
2020,12,NLD.1.2_1,0,0.45978516983739526
2020,12,NLD.1.8_1,0,0.44418160396092193
2020,12,NLD.10.20_1,0,0.44418160396092193
2020,12,NLD.10.8_1,0,0.4436618485241162
2020,12,NLD.11.13_1,0,0.43885372573625553
2020,12,NLD.11.27_1,0,0.45352473436923446
2020,12,NLD.11.34_1,0,0.4393996723622721
2020,12,NLD.11.36_1,0,0.4606378047741926
2020,12,NLD.14.101_1,0,0.44208533049564025
2020,12,NLD.14.103_1,0,0.4399426662072566
2020,12,NLD.14.18_1,0,0.44521254947969985
2020,12,NLD.14.2_1,0,0.44208533049564025
2020,12,NLD.14.21_1,0,0.432067914433232
2020,12,NLD.14.30_2,0,0.4415540396938635
2020,12,NLD.14.34_2,0,0.4426137220047599
2020,12,NLD.14.39_1,0,0.45848687027025126
2020,12,NLD.14.5_1,0,0.4332293707583636
2020,12,NLD.14.54_2,0,0.42232020358296185
2020,12,NLD.14.67_2,0,0.4404827181911057
2020,12,NLD.14.78_1,0,0.43664018900538076
2020,12,NLD.14.86_1,0,0.43265018916693676
2020,12,NLD.14.89_1,0,0.42790431418963526
2020,12,NLD.14.91_1,0,0.43494847991478275
2020,12,NLD.14.95_1,0,0.43148253403489834
2020,12,NLD.14.96_1,0,0.4393996723622721
2020,12,NLD.14.98_1,0,0.4360793106364542
2020,12,NLD.2.1_1,0,0.44623214039681536
2020,12,NLD.2.3_1,0,0.4487319471135974
2020,12,NLD.3.21_1,0,0.45445079549443584
2020,12,NLD.4.15_2,0,0.44208533049564025
2020,12,NLD.4.17_1,0,0.432067914433232
2020,12,NLD.4.3_1,0,0.43380547159664457
2020,12,NLD.4.32_1,0,0.4157990967870047
2020,12,NLD.4.37_1,0,0.43494847991478275
2020,12,NLD.4.38_2,0,0.4415540396938635
2020,12,NLD.4.47_1,0,0.4343785039394614
2020,12,NLD.4.56_1,0,0.42607222103481185
2020,12,NLD.4.63_1,0,0.432067914433232
2020,12,NLD.4.7_1,0,0.43494847991478275
2020,12,NLD.4.74_1,0,0.44623214039681536
2020,12,NLD.4.76_1,0,0.42790431418963526
2020,12,NLD.4.78_1,0,0.4343785039394614
2020,12,NLD.4.79_1,0,0.42421097929562707
2020,12,NLD.5.27_1,0,0.4539891035103223
2020,12,NLD.5.7_2,0,0.4606378047741926
2020,12,NLD.7.13_1,0,0.41033202698835536
2020,12,NLD.7.28_1,0,0.4360793106364542
2020,12,NLD.7.32_2,0,0.24487540497968344
2020,12,NLD.7.43_1,0,0.39793133748091436
2020,12,NLD.7.44_2,0,0.42168331341993703
2020,12,NLD.8.14_1,0,0.4177912750998392
2020,12,NLD.8.21_1,0,0.42421097929562707
2020,12,NLD.8.22_1,0,0.4343785039394614
2020,12,NLD.8.32_1,0,0.4383048152953731
2020,12,NLD.8.47_2,0,0.43265018916693676
2020,12,NLD.8.58_1,0,0.4254550646214145
2020,12,NLD.8.62_1,0,0.428508599236491
2020,12,NLD.8.69_1,0,0.43775292989039793
2020,12,NLD.9.10_1,0,0.44922355437109684
2020,12,NLD.9.14_1,0,0.4516403203645341
2020,12,NLD.9.21_1,0,0.43664018900538076
2020,12,NLD.9.23_2,0,0.4446985009607709
2020,12,NLD.9.25_1,0,0.44521254947969985
2020,12,NLD.9.3_1,0,0.4399426662072566
2020,12,NLD.9.30_1,0,0.4457237593730782
2020,12,NLD.9.4_1,0,0.4436618485241162
2020,12,NLD.9.50_1,0,0.4332293707583636
2020,12,NLD.9.62_1,0,0.45019848809017415
2020,12,NPL.1.1.3.31_1,0,0.3342569785774528
2020,12,NPL.1.1.5.23_1,0,0.3342569785774528
2020,12,NPL.2.1.3.26_1,0,0.3408227694273963
2020,12,NPL.2.1.3.43_1,0,0.3408227694273963
2020,12,NPL.2.2.2.10_1,0,0.32395052700056526
2020,12,NPL.2.2.2.7_1,0,0.32395052700056526
2020,12,NPL.5.2.2.32_1,0,0.30926792049394103
2020,12,OMN.1.4_1,0,0.3522770203960217
2020,12,OMN.1.6_1,0,0.3429600875052688
2020,12,OMN.1.8_1,0,0.3532829019480122
2020,12,OMN.11_1,0,0.3601676286407771
2020,12,OMN.11.1_1,0,0.32158111638343195
2020,12,OMN.3.4_1,0,0.3440194025768741
2020,12,OMN.6.1_1,0,0.35126540875438816
2020,12,OMN.7.5_1,0,0.35428310221702153
2020,12,PAK.7.1.3_1,0,0.3429600875052688
2020,12,PAK.7.4.7_1,0,0.30926792049394103
2020,12,PAK.7.6.3_1,0,0.31797028965786267
2020,12,PAK.7.8.1_1,0,0.2848862231842041
2020,12,PAK.8.1.3_1,0,0.33756918246924283
2020,12,PAK.8.2.1_1,0,0.3408227694273963
2020,12,PAK.8.2.2_1,0,0.3408227694273963
2020,12,PAK.8.2.3_1,0,0.3408227694273963
2020,12,PAK.8.2.4_1,0,0.3408227694273963
2020,12,PAK.8.2.5_1,0,0.3408227694273963
2020,12,PAN.12.6.1_1,0,0.362085771753194
2020,12,PAN.12.6.10_1,0,0.362085771753194
2020,12,PAN.12.6.13_1,0,0.362085771753194
2020,12,PAN.12.6.19_1,0,0.362085771753194
2020,12,PAN.12.6.9_1,0,0.362085771753194
2020,12,PER.11.1.10_1,0,0.36492351139542817
2020,12,PER.11.2.1_1,0,0.3601676286407771
2020,12,PER.11.2.11_1,0,0.3601676286407771
2020,12,PER.13.11.10_1,0,0.3818596821043259
2020,12,PER.13.11.11_1,0,0.3818596821043259
2020,12,PER.13.7.4_1,0,0.3818596821043259
2020,12,PER.15.1.10_1,0,0.3611293596682696
2020,12,PER.15.1.11_1,0,0.3611293596682696
2020,12,PER.15.1.13_1,0,0.3611293596682696
2020,12,PER.15.1.14_1,0,0.3611293596682696
2020,12,PER.15.1.15_1,0,0.3611293596682696
2020,12,PER.15.1.18_1,0,0.3611293596682696
2020,12,PER.15.1.19_1,0,0.3611293596682696
2020,12,PER.15.1.23_1,0,0.3611293596682696
2020,12,PER.15.1.25_1,0,0.3611293596682696
2020,12,PER.15.1.28_1,0,0.3611293596682696
2020,12,PER.15.1.33_1,0,0.3611293596682696
2020,12,PER.15.1.35_1,0,0.3611293596682696
2020,12,PER.15.1.36_1,0,0.3611293596682696
2020,12,PER.15.1.37_1,0,0.3611293596682696
2020,12,PER.15.1.40_1,0,0.3611293596682696
2020,12,PER.15.1.41_1,0,0.3611293596682696
2020,12,PER.15.1.7_1,0,0.3611293596682696
2020,12,PER.15.1.8_1,0,0.3611293596682696
2020,12,PER.15.1.9_1,0,0.3611293596682696
2020,12,PER.16.3.4_1,0,0.3677148544921924
2020,12,PER.17.4.4_1,0,0.38354413840665863
2020,12,PER.17.4.8_1,0,0.38354413840665863
2020,12,PER.18.1.2_1,0,0.37843653921656956
2020,12,PER.2.11.3_1,0,0.3901066305296325
2020,12,PER.21.4.5_1,0,0.38270414482007176
2020,12,PER.21.5.1_1,0,0.3731624984510773
2020,12,PER.21.5.2_1,0,0.3731624984510773
2020,12,PER.21.8.6_1,0,0.39562674393994207
2020,12,PER.23.4.10_1,0,0.38437969216355294
2020,12,PER.23.4.9_1,0,0.38437969216355294
2020,12,PER.23.6.5_1,0,0.3766973598273565
2020,12,PER.25.1.2_1,0,0.3758207567993567
2020,12,PER.25.2.1_1,0,0.3986915536538929
2020,12,PER.25.2.4_1,0,0.3986915536538929
2020,12,PER.25.3.1_1,0,0.36585906146062974
2020,12,PER.26.2.6_1,0,0.3611293596682696
2020,12,PER.4.1.14_1,0,0.37843653921656956
2020,12,PER.4.1.25_1,0,0.37843653921656956
2020,12,PER.4.1.8_1,0,0.37843653921656956
2020,12,PER.7_1,0,0.38354413840665863
2020,12,PER.7.1.2_1,0,0.3630369069334353
2020,12,PER.8.9.3_1,0,0.38015722999769386
2020,12,PER.8.9.8_1,0,0.38015722999769386
2020,12,PHL.47.3.2_1,0,0.3810107205436209
2020,12,PHL.47.6.20_1,0,0.37929917989348183
2020,12,PHL.47.6.412_1,0,0.37929917989348183
2020,12,PHL.47.6.876_1,0,0.37929917989348183
2020,12,POL.16.19.2_1,0,0.4643485970901814
2020,12,POL.2.2.3_1,0,0.4497123983628217
2020,12,POL.7.3.2_1,0,0.42668613881993056
2020,12,POL.7.3.3_1,0,0.42668613881993056
2020,12,PRI.26_1,0,0.3731624984510773
2020,12,PRI.63_1,0,0.3552776691859794
2020,12,PRI.7_1,0,0.3704608498090469
2020,12,PRT.2.18.1_1,0,0.24664921616708177
2020,12,PRT.2.18.5_1,0,0.24664921616708177
2020,12,PRT.3.5.6_1,0,0.24664921616708177
2020,12,PRT.6.2.5_1,0,0.24308453280719053
2020,12,PRT.9.8.8_1,0,0.26352313834736496
2020,12,PRY.12.15_1,0,0.35725009115132167
2020,12,PRY.13.14_1,0,0.35428310221702153
2020,12,PRY.13.21_1,0,0.3639828065767441
2020,12,PRY.13.3_1,0,0.3471606552023436
2020,12,PRY.14.3_1,0,0.37843653921656956
2020,12,PRY.16.9_1,0,0.3502480173729377
2020,12,PRY.17.4_1,0,0.3471606552023436
2020,12,PRY.2.1_1,0,0.3630369069334353
2020,12,PRY.2.16_1,0,0.35126540875438816
2020,12,PRY.4.1_1,0,0.34922479573758497
2020,12,PRY.6.4_1,0,0.3704608498090469
2020,12,PRY.9.10_1,0,0.35725009115132167
2020,12,PRY.9.11_1,0,0.3818596821043259
2020,12,PRY.9.12_1,0,0.3502480173729377
2020,12,PRY.9.14_1,0,0.38270414482007176
2020,12,PRY.9.15_1,0,0.34922479573758497
2020,12,PRY.9.16_1,0,0.33647171235218754
2020,12,PRY.9.17_1,0,0.3522770203960217
2020,12,PRY.9.19_1,0,0.3758207567993567
2020,12,PRY.9.2_1,0,0.3471606552023436
2020,12,PRY.9.3_1,0,0.3630369069334353
2020,12,PRY.9.4_1,0,0.3630369069334353
2020,12,PRY.9.7_1,0,0.37929917989348183
2020,12,PSE.2.4_1,0,0.3155242550986462
2020,12,PSE.2.5_1,0,0.304110972316823
2020,12,PSE.2.6_1,0,0.3203851535989872
2020,12,PSE.2.8_1,0,0.2933616557443407
2020,12,PSE.2.9_1,0,0.28050433629924987
2020,12,QAT.5_1,0,0.3502480173729377
2020,12,REU.2.1_1,0,0.3552776691859794
2020,12,REU.4.3_1,0,0.366789496216201
2020,12,REU.4.7_1,0,0.36492351139542817
2020,12,REU.4.8_1,0,0.3408227694273963
2020,12,ROU.10.1_1,0,0.21387319079712103
2020,12,ROU.27.51_1,0,0.2933616557443407
2020,12,ROU.34.4_1,0,0.3155242550986462
2020,12,ROU.36.83_1,0,0.3251241389157466
2020,12,ROU.40.6_1,0,0.23003677296666486
2020,12,RUS.43.2.10_1,0,0.48436516143258035
2020,12,RUS.44.39.1_1,0,0.4808192874533916
2020,12,RUS.53.14.1_1,0,0.4254550646214145
2020,12,RUS.56.24.1_1,0,0.24487540497968344
2020,12,RUS.61.2.1_1,0,0.2775266131761439
2020,12,RUS.7.5.1_1,0,0.40963251677424095
2020,12,RWA.1.5.16.2_1,0,0.3775692765024169
2020,12,RWA.4.6.6_1,0,0.39793133748091436
2020,12,RWA.4.6.6.6_1,0,0.39793133748091436
2020,12,RWA.4.6.9.2_1,0,0.39793133748091436
2020,12,RWA.5.1.4.1_1,0,0.3749394345485409
2020,12,RWA.5.1.7.1_1,0,0.3749394345485409
2020,12,SAU.1.1_1,0,0.3601676286407771
2020,12,SAU.1.11_1,0,0.3766973598273565
2020,12,SAU.1.12_1,0,0.3731624984510773
2020,12,SAU.1.13_1,0,0.3601676286407771
2020,12,SAU.1.16_1,0,0.36955049393495276
2020,12,SAU.1.17_1,0,0.3582280381646966
2020,12,SAU.1.8_1,0,0.3775692765024169
2020,12,SAU.1.9_1,0,0.366789496216201
2020,12,SAU.10.11_1,0,0.35428310221702153
2020,12,SAU.10.13_1,0,0.3639828065767441
2020,12,SAU.10.15_1,0,0.37226681638655706
2020,12,SAU.10.16_1,0,0.35126540875438816
2020,12,SAU.10.17_1,0,0.3740533597174552
2020,12,SAU.10.3_1,0,0.35428310221702153
2020,12,SAU.10.4_1,0,0.3461196307619647
2020,12,SAU.10.6_1,0,0.3766973598273565
2020,12,SAU.10.9_1,0,0.3630369069334353
2020,12,SAU.11.11_1,0,0.36863517451796685
2020,12,SAU.11.13_1,0,0.3740533597174552
2020,12,SAU.11.2_1,0,0.3592005359475749
2020,12,SAU.11.3_1,0,0.35428310221702153
2020,12,SAU.11.6_1,0,0.3775692765024169
2020,12,SAU.11.7_1,0,0.3552776691859794
2020,12,SAU.11.8_1,0,0.36492351139542817
2020,12,SAU.12.4_1,0,0.3532829019480122
2020,12,SAU.13.3_1,0,0.34922479573758497
2020,12,SAU.13.5_1,0,0.3471606552023436
2020,12,SAU.13.7_1,0,0.33756918246924283
2020,12,SAU.5.3_1,0,0.35428310221702153
2020,12,SAU.5.5_1,0,0.34189456253630574
2020,12,SAU.5.9_1,0,0.34922479573758497
2020,12,SAU.7.20_1,0,0.3408227694273963
2020,12,SAU.8.2_1,0,0.34819569244928955
2020,12,SAU.8.3_1,0,0.32860155048170264
2020,12,SAU.8.5_1,0,0.32158111638343195
2020,12,SAU.8.7_1,0,0.3522770203960217
2020,12,SDN.1.3.2_1,0,0.3601676286407771
2020,12,SDN.7.2.3_1,0,0.38270414482007176
2020,12,SDN.7.3.1_1,0,0.3592005359475749
2020,12,SEN.1.4.1.2_1,0,0.3810107205436209
2020,12,SEN.10.1.2.3_1,0,0.3630369069334353
2020,12,SEN.2.2.2.3_1,0,0.387678080750375
2020,12,SEN.5.3.3.3_1,0,0.3522770203960217
2020,12,SEN.8.1.1.2_1,0,0.36492351139542817
2020,12,SEN.8.2.3.3_1,0,0.3704608498090469
2020,12,SGP.4_1,0,0.3860375953518323
2020,12,SGP.5_1,0,0.3766973598273565
2020,12,SLV.10.1_1,0,0.3810107205436209
2020,12,SLV.10.16_1,0,0.3810107205436209
2020,12,SLV.12.12_1,0,0.3749394345485409
2020,12,SLV.12.9_1,0,0.3562666500332664
2020,12,SLV.13.1_1,0,0.37226681638655706
2020,12,SLV.3.17_1,0,0.3630369069334353
2020,12,SLV.4.15_1,0,0.33647171235218754
2020,12,SLV.5.12_1,0,0.36863517451796685
2020,12,SLV.5.17_1,0,0.36955049393495276
2020,12,SOM.12.3_1,0,0.3963989557656934
2020,12,SOM.15.1_1,0,0.3740533597174552
2020,12,SOM.18.1_1,0,0.366789496216201
2020,12,SOM.18.3_1,0,0.3630369069334353
2020,12,SOM.3.1_1,0,0.3749394345485409
2020,12,SOM.4.2_1,0,0.3611293596682696
2020,12,SOM.6.5_1,0,0.3901066305296325
2020,12,SRB.15.4_1,0,0.20958990416508122
2020,12,SRB.16.2_1,0,0.21174474216810163
2020,12,SRB.4.4_1,0,0.18638331132035063
2020,12,SSD.1.1.1_1,0,0.38437969216355294
2020,12,SVK.1.6_1,0,0.30799165387857325
2020,12,SVK.2.2_1,0,0.3251241389157466
2020,12,SVK.6.9_1,0,0.3429600875052688
2020,12,SVN.6.5_1,0,0.239450070654273
2020,12,SVN.7.1_1,0,0.26352313834736496
2020,12,SVN.7.14_1,0,0.24487540497968344
2020,12,SVN.7.24_1,0,0.237605674293474
2020,12,SWE.16.7_1,0,0.49532347546360583
2020,12,SWE.21.49_1,0,0.49226143594773025
2020,12,SYR.11.3_1,0,0.2848862231842041
2020,12,SYR.13.4_1,0,0.2848862231842041
2020,12,SYR.13.6_1,0,0.3227695465501356
2020,12,SYR.14.5_1,0,0.30541328929383094
2020,12,SYR.2.6_1,0,0.26352313834736496
2020,12,TCD.22.1.1_1,0,0.3749394345485409
2020,12,TCD.4.3.2_1,0,0.3810107205436209
2020,12,THA.10.16.1_1,0,0.3592005359475749
2020,12,THA.10.16.10_1,0,0.3592005359475749
2020,12,THA.10.16.2_1,0,0.3592005359475749
2020,12,THA.10.16.7_1,0,0.3592005359475749
2020,12,THA.10.16.9_1,0,0.3592005359475749
2020,12,THA.10.20.4_1,0,0.35725009115132167
2020,12,THA.10.20.7_1,0,0.35725009115132167
2020,12,THA.12.11.1_1,0,0.366789496216201
2020,12,THA.12.11.3_1,0,0.366789496216201
2020,12,THA.12.2.1_1,0,0.3766973598273565
2020,12,THA.14.10.1_1,0,0.3924972026066607
2020,12,THA.14.10.9_1,0,0.3924972026066607
2020,12,THA.17.11.2_1,0,0.34922479573758497
2020,12,THA.17.13.12_1,0,0.35126540875438816
2020,12,THA.17.13.8_1,0,0.35126540875438816
2020,12,THA.19.7.5_1,0,0.3704608498090469
2020,12,THA.20.6.7_1,0,0.3562666500332664
2020,12,THA.20.6.8_1,0,0.3562666500332664
2020,12,THA.21.12.2_1,0,0.3562666500332664
2020,12,THA.22.6.16_1,0,0.37226681638655706
2020,12,THA.22.6.6_1,0,0.37226681638655706
2020,12,THA.28.12.6_1,0,0.37226681638655706
2020,12,THA.29.22.10_1,0,0.3731624984510773
2020,12,THA.3.10.1_1,0,0.3818596821043259
2020,12,THA.3.14.1_1,0,0.3758207567993567
2020,12,THA.3.19.1_1,0,0.38270414482007176
2020,12,THA.3.2.1_1,0,0.34922479573758497
2020,12,THA.3.21.1_1,0,0.3775692765024169
2020,12,THA.3.23.1_1,0,0.3704608498090469
2020,12,THA.3.3.1_1,0,0.36492351139542817
2020,12,THA.3.4.1_1,0,0.38270414482007176
2020,12,THA.3.43.1_1,0,0.38437969216355294
2020,12,THA.3.46.1_1,0,0.36585906146062974
2020,12,THA.3.49.1_1,0,0.36585906146062974
2020,12,THA.3.6.1_1,0,0.37843653921656956
2020,12,THA.36.2.5_1,0,0.3677148544921924
2020,12,THA.36.4.1_1,0,0.3749394345485409
2020,12,THA.37.1.2_1,0,0.37843653921656956
2020,12,THA.37.1.3_1,0,0.37843653921656956
2020,12,THA.37.1.4_1,0,0.37843653921656956
2020,12,THA.37.1.5_1,0,0.37843653921656956
2020,12,THA.37.2.3_1,0,0.3860375953518323
2020,12,THA.43.6.5_1,0,0.36955049393495276
2020,12,THA.43.8.1_1,0,0.3775692765024169
2020,12,THA.48.2.7_1,0,0.402433787041984
2020,12,THA.48.2.8_1,0,0.402433787041984
2020,12,THA.50.8.2_1,0,0.37226681638655706
2020,12,THA.53.7.3_1,0,0.3601676286407771
2020,12,THA.53.7.4_1,0,0.3601676286407771
2020,12,THA.57.2.2_1,0,0.3740533597174552
2020,12,THA.57.2.4_1,0,0.3740533597174552
2020,12,THA.57.3.1_1,0,0.3893013685508382
2020,12,THA.57.4.1_1,0,0.38354413840665863
2020,12,THA.57.4.3_1,0,0.38354413840665863
2020,12,THA.57.4.8_1,0,0.38354413840665863
2020,12,THA.57.5.1_1,0,0.36863517451796685
2020,12,THA.58.3.6_1,0,0.38270414482007176
2020,12,THA.6.1.17_1,0,0.3731624984510773
2020,12,THA.6.10.1_1,0,0.3630369069334353
2020,12,THA.6.4.6_1,0,0.39090767299812473
2020,12,THA.6.7.3_1,0,0.3704608498090469
2020,12,THA.60.8.1_1,0,0.38015722999769386
2020,12,THA.60.8.7_1,0,0.38015722999769386
2020,12,THA.60.8.9_1,0,0.38015722999769386
2020,12,THA.64.14.1_1,0,0.38521083498181535
2020,12,THA.66.10.9_1,0,0.3704608498090469
2020,12,THA.66.8.2_1,0,0.3630369069334353
2020,12,THA.66.8.8_1,0,0.3630369069334353
2020,12,THA.72.25.6_1,0,0.35725009115132167
2020,12,THA.72.25.9_1,0,0.35725009115132167
2020,12,THA.73.19.3_1,0,0.3810107205436209
2020,12,THA.73.8.13_1,0,0.37136627864268035
2020,12,THA.73.8.6_1,0,0.37136627864268035
2020,12,THA.76.2.1_1,0,0.3775692765024169
2020,12,THA.9.10.5_1,0,0.3630369069334353
2020,12,TKM.2.4_1,0,0.2535809600567505
2020,12,TUN.15.5_1,0,0.27450200609713465
2020,12,TUN.15.6_1,0,0.29746341705239066
2020,12,TUN.3.10_1,0,0.2586172517116422
2020,12,TUN.3.5_1,0,0.24487540497968344
2020,12,TUN.7.5_1,0,0.26987373312686774
2020,12,TUR.1.13_1,0,0.26513071171460745
2020,12,TUR.11.11_1,0,0.2619018758859749
2020,12,TUR.11.14_1,0,0.26352313834736496
2020,12,TUR.11.16_1,0,0.24308453280719053
2020,12,TUR.12.1_1,0,0.2535809600567505
2020,12,TUR.12.5_1,0,0.23003677296666486
2020,12,TUR.22.11_1,0,0.22010780869257557
2020,12,TUR.29.9_1,0,0.24664921616708177
2020,12,TUR.33.8_1,0,0.26830577330349786
2020,12,TUR.36.4_1,0,0.26830577330349786
2020,12,TUR.37.6_1,0,0.2535809600567505
2020,12,TUR.37.9_1,0,0.26513071171460745
2020,12,TUR.40.11_1,0,0.20519772441746548
2020,12,TUR.40.19_1,0,0.20958990416508122
2020,12,TUR.40.20_1,0,0.19605723255834873
2020,12,TUR.40.21_1,0,0.22414558046332575
2020,12,TUR.40.24_1,0,0.21805400144814482
2020,12,TUR.40.27_1,0,0.24840633185509925
2020,12,TUR.40.3_1,0,0.20519772441746548
2020,12,TUR.40.32_1,0,0.2261307920985887
2020,12,TUR.40.36_1,0,0.22010780869257557
2020,12,TUR.40.6_1,0,0.20958990416508122
2020,12,TUR.40.7_1,0,0.21597603025716916
2020,12,TUR.41.11_1,0,0.24487540497968344
2020,12,TUR.41.15_1,0,0.2319586273558386
2020,12,TUR.41.19_1,0,0.2338604085575211
2020,12,TUR.41.2_1,0,0.25695335184625445
2020,12,TUR.41.21_1,0,0.26352313834736496
2020,12,TUR.41.24_1,0,0.24308453280719053
2020,12,TUR.41.6_1,0,0.25527468571161765
2020,12,TUR.41.9_1,0,0.26352313834736496
2020,12,TUR.42.7_1,0,0.24308453280719053
2020,12,TUR.52.2_1,0,0.24664921616708177
2020,12,TUR.52.7_1,0,0.21387319079712103
2020,12,TUR.58.5_1,0,0.2518718710762269
2020,12,TUR.58.7_1,0,0.26987373312686774
2020,12,TUR.59.1_1,0,0.26987373312686774
2020,12,TUR.73.6_1,0,0.22809433799861634
2020,12,TUR.77.1_1,0,0.25527468571161765
2020,12,TUR.8.14_1,0,0.2586172517116422
2020,12,TWN.2.1_1,0,0.36955049393495276
2020,12,TWN.3.1_1,0,0.35126540875438816
2020,12,TWN.4.1_1,0,0.3408227694273963
2020,12,TWN.6.1_1,0,0.3461196307619647
2020,12,TZA.22.4.5_1,0,0.387678080750375
2020,12,TZA.30.3.22_1,0,0.38849186082326864
2020,12,TZA.30.3.27_1,0,0.38849186082326864
2020,12,TZA.5.2.12_1,0,0.3963989557656934
2020,12,TZA.5.2.6_1,0,0.3963989557656934
2020,12,UGA.16.1.4.1_1,0,0.39485048677557294
2020,12,UGA.16.1.4.15_1,0,0.39485048677557294
2020,12,UGA.23.2.1.2_1,0,0.38015722999769386
2020,12,UGA.23.2.4.2_1,0,0.38015722999769386
2020,12,UGA.23.2.4.7_1,0,0.38015722999769386
2020,12,UKR.11.2_1,0,0.3893013685508382
2020,12,UKR.14.4_1,0,0.3502480173729377
2020,12,UKR.14.5_1,0,0.36863517451796685
2020,12,UKR.14.9_1,0,0.3731624984510773
2020,12,UKR.21.14_1,0,0.4254550646214145
2020,12,UKR.21.20_1,0,0.42295376802895357
2020,12,UKR.21.6_1,0,0.40892936214366316
2020,12,UKR.24.17_1,0,0.37136627864268035
2020,12,UKR.27.13_1,0,0.40094857495663927
2020,12,UKR.3.8_1,0,0.31797028965786267
2020,12,UKR.8.13_1,0,0.40751204407485436
2020,12,URY.1.1_2,0,0.3502480173729377
2020,12,URY.10.1_2,0,0.362085771753194
2020,12,URY.10.2_2,0,0.3592005359475749
2020,12,URY.10.7_2,0,0.366789496216201
2020,12,URY.10.8_2,0,0.3552776691859794
2020,12,URY.13.1_2,0,0.3592005359475749
2020,12,URY.14.1_2,0,0.3532829019480122
2020,12,URY.15.1_2,0,0.38354413840665863
2020,12,URY.16.1_2,0,0.34922479573758497
2020,12,URY.16.2_2,0,0.3582280381646966
2020,12,URY.19.5_2,0,0.3440194025768741
2020,12,URY.2.10_2,0,0.3611293596682696
2020,12,URY.2.14_2,0,0.35428310221702153
2020,12,URY.2.16_2,0,0.3592005359475749
2020,12,URY.2.18_2,0,0.35725009115132167
2020,12,URY.2.19_2,0,0.3611293596682696
2020,12,URY.2.24_2,0,0.3601676286407771
2020,12,URY.2.27_2,0,0.3532829019480122
2020,12,URY.2.6_2,0,0.3860375953518323
2020,12,URY.2.8_2,0,0.3450725649411658
2020,12,URY.3.14_2,0,0.3522770203960217
2020,12,URY.3.4_2,0,0.3639828065767441
2020,12,URY.9.1_2,0,0.36585906146062974
2020,12,URY.9.3_2,0,0.3592005359475749
2020,12,URY.9.7_2,0,0.3429600875052688
2020,12,USA.10.28_1,0,0.30799165387857325
2020,12,USA.10.43_1,0,0.35126540875438816
2020,12,USA.10.48_1,0,0.304110972316823
2020,12,USA.11.60_1,0,0.2819760814510878
2020,12,USA.23.86_1,0,0.24127621974453722
2020,12,USA.30.1_1,0,0.2029585972364615
2020,12,USA.30.7_1,0,0.20958990416508122
2020,12,USA.34.18_1,0,0.26830577330349786
2020,12,USA.36.39_1,0,0.21597603025716916
2020,12,USA.38.34_1,0,0.23003677296666486
2020,12,USA.4.8_1,0,0.2790212408632233
2020,12,USA.43.19_1,0,0.29197474077263813
2020,12,USA.44.123_1,0,0.33088439746304826
2020,12,USA.44.91_1,0,0.2988114594326802
2020,12,USA.47.40_1,0,0.21387319079712103
2020,12,USA.5.19_1,0,0.30279974849343533
2020,12,USA.5.30_1,0,0.28917057184232914
2020,12,VEN.11.1_1,0,0.3704608498090469
2020,12,VEN.12.5_1,0,0.3766973598273565
2020,12,VEN.14.6_1,0,0.3818596821043259
2020,12,VEN.15.1_1,0,0.3766973598273565
2020,12,VEN.15.7_1,0,0.3532829019480122
2020,12,VEN.16.3_1,0,0.38849186082326864
2020,12,VEN.17.6_1,0,0.3901066305296325
2020,12,VEN.18.9_1,0,0.3924972026066607
2020,12,VEN.6.2_1,0,0.3386601403925338
2020,12,VEN.7.15_1,0,0.3749394345485409
2020,12,VNM.1.2.7_1,0,0.3810107205436209
2020,12,VNM.1.5.2_1,0,0.37226681638655706
2020,12,VNM.11.2.7_1,0,0.3775692765024169
2020,12,VNM.11.9.13_1,0,0.3893013685508382
2020,12,VNM.12.1.6_1,0,0.3740533597174552
2020,12,VNM.12.5.3_1,0,0.39090767299812473
2020,12,VNM.12.8.11_1,0,0.3818596821043259
2020,12,VNM.12.8.12_1,0,0.3818596821043259
2020,12,VNM.13.2.1_1,0,0.3677148544921924
2020,12,VNM.13.2.10_1,0,0.3677148544921924
2020,12,VNM.13.2.11_1,0,0.3677148544921924
2020,12,VNM.13.2.7_1,0,0.3677148544921924
2020,12,VNM.16.6.1_1,0,0.3749394345485409
2020,12,VNM.17.10.9_1,0,0.37226681638655706
2020,12,VNM.17.11.14_1,0,0.38849186082326864
2020,12,VNM.17.6.2_1,0,0.38270414482007176
2020,12,VNM.17.6.6_1,0,0.38270414482007176
2020,12,VNM.17.8.3_1,0,0.3749394345485409
2020,12,VNM.17.8.4_1,0,0.3749394345485409
2020,12,VNM.18.10.5_1,0,0.36863517451796685
2020,12,VNM.18.2.1_1,0,0.3639828065767441
2020,12,VNM.18.2.13_1,0,0.3639828065767441
2020,12,VNM.18.2.5_1,0,0.3639828065767441
2020,12,VNM.25.1.9_1,0,0.38270414482007176
2020,12,VNM.25.10.12_1,0,0.36863517451796685
2020,12,VNM.25.12.6_1,0,0.37136627864268035
2020,12,VNM.25.2.8_1,0,0.362085771753194
2020,12,VNM.25.2.9_1,0,0.362085771753194
2020,12,VNM.25.7.10_1,0,0.36492351139542817
2020,12,VNM.25.7.12_1,0,0.36492351139542817
2020,12,VNM.25.7.8_1,0,0.36492351139542817
2020,12,VNM.27.18.4_1,0,0.35428310221702153
2020,12,VNM.27.19.1_1,0,0.3450725649411658
2020,12,VNM.27.19.3_1,0,0.3450725649411658
2020,12,VNM.32.6.14_1,0,0.3704608498090469
2020,12,VNM.32.6.2_1,0,0.3704608498090469
2020,12,VNM.33.3.2_1,0,0.3677148544921924
2020,12,VNM.33.3.7_1,0,0.3677148544921924
2020,12,VNM.37.7.2_1,0,0.3630369069334353
2020,12,VNM.37.7.3_1,0,0.3630369069334353
2020,12,VNM.39.10.4_1,0,0.3810107205436209
2020,12,VNM.44.12.10_1,0,0.32974646735443996
2020,12,VNM.44.12.9_1,0,0.32974646735443996
2020,12,VNM.53.3.2_1,0,0.35428310221702153
2020,12,VNM.53.3.4_1,0,0.35428310221702153
2020,12,VNM.58.1.10_1,0,0.3758207567993567
2020,12,VNM.58.1.23_1,0,0.3758207567993567
2020,12,VNM.58.1.7_1,0,0.3758207567993567
2020,12,VNM.6.2.22_1,0,0.37929917989348183
2020,12,VNM.7.4.4_1,0,0.36492351139542817
2020,12,VNM.8.6.11_1,0,0.3677148544921924
2020,12,VNM.8.7.2_1,0,0.3749394345485409
2020,12,YEM.9.7_1,0,0.35428310221702153
2020,12,ZAF.3.1.1.128_1,0,0.3522770203960217
2020,12,ZAF.3.1.1.18_1,0,0.3522770203960217
2020,12,ZAF.3.1.1.22_1,0,0.3522770203960217
2020,12,ZAF.3.1.1.29_1,0,0.3522770203960217
2020,12,ZAF.3.1.1.81_1,0,0.3522770203960217
2020,12,ZAF.3.1.1.85_1,0,0.3522770203960217
2020,12,ZAF.3.1.1.97_1,0,0.3522770203960217
2020,12,ZAF.3.2.1.2_1,0,0.35428310221702153
2020,12,ZAF.3.2.1.29_1,0,0.35428310221702153
2020,12,ZAF.3.2.1.3_1,0,0.35428310221702153
2020,12,ZAF.3.2.1.4_1,0,0.35428310221702153
2020,12,ZAF.3.2.1.64_1,0,0.35428310221702153
2020,12,ZAF.3.2.1.97_1,0,0.35428310221702153
2020,12,ZAF.3.3.1.101_1,0,0.3758207567993567
2020,12,ZAF.3.3.1.32_1,0,0.3758207567993567
2020,12,ZAF.3.3.1.33_1,0,0.3758207567993567
2020,12,ZAF.3.4.2.5_1,0,0.3450725649411658
2020,12,ZAF.3.5.4.12_1,0,0.3677148544921924
2020,12,ZAF.4.1.2.4_1,0,0.33536766610911
2020,12,ZAF.4.1.3.1_1,0,0.33536766610911
2020,12,ZAF.4.1.3.23_1,0,0.33536766610911
2020,12,ZAF.4.2.1.2_1,0,0.3749394345485409
2020,12,ZAF.4.2.1.82_1,0,0.3749394345485409
2020,12,ZAF.5.2.5.10_1,0,0.366789496216201
2020,12,ZAF.5.2.5.9_1,0,0.366789496216201
2020,12,ZAF.5.5.4.10_1,0,0.3601676286407771
2020,12,ZAF.6.1.3.19_1,0,0.35126540875438816
2020,12,ZAF.6.1.3.25_1,0,0.35126540875438816
2020,12,ZAF.9.3.1.15_1,0,0.3639828065767441
2020,12,ZAF.9.3.1.19_1,0,0.3639828065767441
2020,12,ZAF.9.3.1.3_1,0,0.3639828065767441
2020,12,ZAF.9.3.1.61_1,0,0.3639828065767441
2020,12,ZAF.9.3.1.63_1,0,0.3639828065767441
2020,12,ZAF.9.3.1.90_1,0,0.3639828065767441
2020,12,ZAF.9.3.1.95_1,0,0.3639828065767441
2020,12,ZAF.9.4.2.16_1,0,0.3397446488562056
2020,12,ZAF.9.4.2.25_1,0,0.3397446488562056
2020,12,ZMB.9.6_2,0,0.3810107205436209
2020,12,ZWE.10.8.5_2,0,0.3502480173729377
2020,12,ZWE.10.8.6_2,0,0.3502480173729377
