year,month,gid_4,est,se
2024,05,ALA.1.1_2,0.5341506129597198,0.920814856526544
2024,05,ALA.1.2_2,0.5674255691768827,0.936
2024,05,ALA.2.1_2,0.44658493870402804,0.8717224328879003
2024,05,ALA.2.2_2,0.45008756567425573,0.8739588090980032
2024,05,ALA.2.3_2,0.43432574430823123,0.8637036528810099
2024,05,ALA.2.4_2,0.5078809106830122,0.9075241043630743
2024,05,ALA.2.5_2,0.5271453590192645,0.9173854151881858
2024,05,ALA.2.6_2,0.5411558669001751,0.9241623234042816
2024,05,ALA.2.7_2,0.4711033274956218,0.8868799242287537
2024,05,ALA.2.8_2,0.5078809106830122,0.9075241043630743
2024,05,ALA.3.1_2,0.5884413309982488,0.9446777228240327
2024,05,ALB.1.1.1_1,0.6129597197898424,0.9539392014169457
2024,05,ALB.1.1.10_1,0.6777583187390543,0.9741273017424364
2024,05,ALB.1.1.11_1,0.6339754816112084,0.9611576353543679
2024,05,ALB.1.1.12_1,0.6094570928196147,0.9526720317087093
2024,05,ALB.1.1.2_1,0.6619964973730298,0.9697752316903129
2024,05,ALB.1.1.3_1,0.6322241681260946,0.9605810741421048
2024,05,ALB.1.1.4_1,0.6234676007005254,0.9576304088739037
2024,05,ALB.1.1.5_1,0.6024518388791593,0.9500821017154254
2024,05,ALB.1.1.6_1,0.6409807355516638,0.9634189120003821
2024,05,ALB.1.1.7_1,0.6077057793345009,0.9520315120835025
2024,05,ALB.1.1.8_1,0.6077057793345009,0.9520315120835025
2024,05,ALB.1.1.9_1,0.62697022767075306,0.9588242800430119
2024,05,ALB.1.2.1_1,0.6444833625218914,0.9645226798784983
2024,05,ALB.1.2.2_1,0.6322241681260946,0.9605810741421048
2024,05,ALB.1.2.3_1,0.6479859894921192,0.9656086163658648
2024,05,ALB.1.3.1_1,0.62697022767075306,0.9588242800430119
2024,05,ALB.1.3.10_1,0.6059544658493871,0.9513863568498342
2024,05,ALB.1.3.2_1,0.6164623467600701,0.955187939622355
2024,05,ALB.1.3.3_1,0.6077057793345009,0.9520315120835025
2024,05,ALB.1.3.4_1,0.6024518388791593,0.9500821017154254
2024,05,ALB.1.3.5_1,0.6007005253940456,0.9494229826584145
2024,05,ALB.1.3.6_1,0.6182136602451839,0.9558054195284729
2024,05,ALB.1.3.7_1,0.5884413309982488,0.9446777228240327
2024,05,ALB.1.3.8_1,0.6549912434325745,0.9677272342969376
2024,05,ALB.1.3.9_1,0.6339754816112084,0.9611576353543679
2024,05,ALB.10.1.1_1,0.6357267950963222,0.9617296917533533
2024,05,ALB.10.1.2_1,0.6322241681260946,0.9605810741421048
2024,05,ALB.10.1.3_1,0.6462346760070053,0.965067873260736
2024,05,ALB.10.1.4_1,0.6374781085814362,0.962297251372984
2024,05,ALB.10.1.5_1,0.6252189141856392,0.9582296175760798
2024,05,ALB.10.1.6_1,0.6322241681260946,0.9605810741421048
2024,05,ALB.10.1.7_1,0.6900175131348513,0.9772696659571503
2024,05,ALB.10.2.1_1,0.6567425569176883,0.9682458365518543
2024,05,ALB.10.2.10_1,0.6549912434325745,0.9677272342969376
2024,05,ALB.10.2.2_1,0.6952714535901927,0.97855199146494
2024,05,ALB.10.2.3_1,0.6567425569176883,0.9682458365518543
2024,05,ALB.10.2.4_1,0.6112084063047285,0.9533079250693346
2024,05,ALB.10.2.5_1,0.649737302977233,0.9661449166662318
2024,05,ALB.10.2.6_1,0.6777583187390543,0.9741273017424364
2024,05,ALB.10.2.7_1,0.6077057793345009,0.9520315120835025
2024,05,ALB.10.2.8_1,0.6234676007005254,0.9576304088739037
2024,05,ALB.10.2.9_1,0.6637478108581437,0.970276249322841
2024,05,ALB.10.3.1_1,0.6952714535901927,0.97855199146494
2024,05,ALB.10.3.10_1,0.6462346760070053,0.965067873260736
2024,05,ALB.10.3.11_1,0.6654991243432575,0.9707728879609279
2024,05,ALB.10.3.12_1,0.7092819614711035,0.9817840903172144
2024,05,ALB.10.3.13_1,0.6409807355516638,0.9634189120003821
2024,05,ALB.10.3.14_1,0.6987740805604205,0.9793855216409929
2024,05,ALB.10.3.15_1,0.6760070052539405,0.9736611320166786
2024,05,ALB.10.3.16_1,0.6690017513134852,0.9717530550505102
2024,05,ALB.10.3.17_1,0.6847635726795097,0.9759487691472335
2024,05,ALB.10.3.2_1,0.6987740805604205,0.9793855216409929
2024,05,ALB.10.3.3_1,0.6567425569176883,0.9682458365518543
2024,05,ALB.10.3.4_1,0.7145359019264449,0.9829262434180909
2024,05,ALB.10.3.5_1,0.6619964973730298,0.9697752316903129
2024,05,ALB.10.3.6_1,0.6514886164623468,0.9666767815562759
2024,05,ALB.10.3.7_1,0.6532399299474606,0.9672042183530839
2024,05,ALB.10.3.8_1,0.6042031523642732,0.9507365565707464
2024,05,ALB.10.3.9_1,0.6865148861646235,0.9763933633531108
2024,05,ALB.11.1.1_1,0.7705779334500876,0.9927738916792685
2024,05,ALB.11.1.10_1,0.7162872154115587,0.9832985304575615
2024,05,ALB.11.1.2_1,0.7180385288966725,0.983666610188635
2024,05,ALB.11.1.3_1,0.7285464098073555,0.9857869952479592
2024,05,ALB.11.1.4_1,0.788091068301226,0.99498743710662
2024,05,ALB.11.1.5_1,0.7513134851138354,0.9898666576867816
2024,05,ALB.11.1.6_1,0.7162872154115587,0.9832985304575615
2024,05,ALB.11.1.7_1,0.7530647985989493,0.990151503558925
2024,05,ALB.11.1.8_1,0.6760070052539405,0.9736611320166786
2024,05,ALB.11.1.9_1,0.6970227670753065,0.9789708882290628
2024,05,ALB.11.2.1_1,0.6865148861646235,0.9763933633531108
2024,05,ALB.11.2.10_1,0.6812609457092821,0.975046665549911
2024,05,ALB.11.2.11_1,0.7110332749562173,0.9821690282227392
2024,05,ALB.11.2.12_1,0.7285464098073555,0.9857869952479592
2024,05,ALB.11.2.13_1,0.7478108581436077,0.9892845899942038
2024,05,ALB.11.2.14_1,0.660245183887916,0.9692698282728087
2024,05,ALB.11.2.15_1,0.7162872154115587,0.9832985304575615
2024,05,ALB.11.2.16_1,0.7197898423817863,0.9840304873325826
2024,05,ALB.11.2.17_1,0.7355516637478109,0.9871170143402452
2024,05,ALB.11.2.18_1,0.6917688266199651,0.9777013859047148
2024,05,ALB.11.2.19_1,0.7635726795096323,0.9917741678426597
2024,05,ALB.11.2.2_1,0.7232924693520141,0.9847456524402634
2024,05,ALB.11.2.3_1,0.6654991243432575,0.9707728879609279
2024,05,ALB.11.2.4_1,0.6742556917688267,0.9731906288081488
2024,05,ALB.11.2.5_1,0.7197898423817863,0.9840304873325826
2024,05,ALB.11.2.6_1,0.7320490367775833,0.98646033878712025
2024,05,ALB.11.2.7_1,0.7005253940455343,0.9797958971132712
2024,05,ALB.11.2.8_1,0.6830122591943959,0.9754998718605759
2024,05,ALB.11.2.9_1,0.7162872154115587,0.9832985304575615
2024,05,ALB.12.1.1_1,0.7075306479859896,0.9813949256033475
2024,05,ALB.12.1.2_1,0.7232924693520141,0.9847456524402634
2024,05,ALB.12.1.3_1,0.6865148861646235,0.9763933633531108
2024,05,ALB.12.1.4_1,0.7250437828371279,0.9850969495435462
2024,05,ALB.12.2.1_1,0.7162872154115587,0.9832985304575615
2024,05,ALB.12.2.10_1,0.7478108581436077,0.9892845899942038
2024,05,ALB.12.2.2_1,0.7057793345008757,0.9810015290507961
2024,05,ALB.12.2.3_1,0.7162872154115587,0.9832985304575615
2024,05,ALB.12.2.4_1,0.7530647985989493,0.990151503558925
2024,05,ALB.12.2.6_1,0.7302977232924693,0.9861257526299574
2024,05,ALB.12.2.7_1,0.6952714535901927,0.97855199146494
2024,05,ALB.12.2.8_1,0.7180385288966725,0.983666610188635
2024,05,ALB.12.3.1_1,0.6777583187390543,0.9741273017424364
2024,05,ALB.12.3.10_1,0.6217162872154116,0.9570266453970862
2024,05,ALB.12.3.11_1,0.7250437828371279,0.9850969495435462
2024,05,ALB.12.3.12_1,0.6917688266199651,0.9777013859047148
2024,05,ALB.12.3.13_1,0.6760070052539405,0.9736611320166786
2024,05,ALB.12.3.2_1,0.6882661996497373,0.976833660353696
2024,05,ALB.12.3.3_1,0.7478108581436077,0.9892845899942038
2024,05,ALB.12.3.4_1,0.7460595446584939,0.9889873608899156
2024,05,ALB.12.3.5_1,0.6672504378283713,0.9712651543219287
2024,05,ALB.12.3.6_1,0.6690017513134852,0.9717530550505102
2024,05,ALB.12.3.7_1,0.6304728546409808,0.96
2024,05,ALB.12.3.8_1,0.6637478108581437,0.970276249322841
2024,05,ALB.12.3.9_1,0.7040280210157619,0.9806038955664005
2024,05,ALB.2.1.1_1,0.6637478108581437,0.970276249322841
2024,05,ALB.2.1.2_1,0.6847635726795097,0.9759487691472335
2024,05,ALB.2.1.3_1,0.6812609457092821,0.975046665549911
2024,05,ALB.2.1.4_1,0.6129597197898424,0.9539392014169457
2024,05,ALB.2.1.5_1,0.6900175131348513,0.9772696659571503
2024,05,ALB.2.1.6_1,0.6514886164623468,0.9666767815562759
2024,05,ALB.2.1.7_1,0.6217162872154116,0.9570266453970862
2024,05,ALB.2.1.8_1,0.6462346760070053,0.965067873260736
2024,05,ALB.2.2.1_1,0.6479859894921192,0.9656086163658648
2024,05,ALB.2.2.10_1,0.7443082311733801,0.9886859966642594
2024,05,ALB.2.2.11_1,0.6935201401050789,0.9781288258711119
2024,05,ALB.2.2.12_1,0.6322241681260946,0.9605810741421048
2024,05,ALB.2.2.13_1,0.6199649737302978,0.9564183185196736
2024,05,ALB.2.2.14_1,0.6882661996497373,0.976833660353696
2024,05,ALB.2.2.15_1,0.6024518388791593,0.9500821017154254
2024,05,ALB.2.2.2_1,0.660245183887916,0.9692698282728087
2024,05,ALB.2.2.3_1,0.6164623467600701,0.955187939622355
2024,05,ALB.2.2.4_1,0.6584938704028022,0.9687600322061186
2024,05,ALB.2.2.5_1,0.6654991243432575,0.9707728879609279
2024,05,ALB.2.2.6_1,0.6742556917688267,0.9731906288081488
2024,05,ALB.2.2.7_1,0.7005253940455343,0.9797958971132712
2024,05,ALB.2.2.8_1,0.7075306479859896,0.9813949256033475
2024,05,ALB.2.2.9_1,0.628721541155867,0.9594144047282176
2024,05,ALB.2.3.1_1,0.6935201401050789,0.9781288258711119
2024,05,ALB.2.3.10_1,0.6970227670753065,0.9789708882290628
2024,05,ALB.2.3.11_1,0.6865148861646235,0.9763933633531108
2024,05,ALB.2.3.12_1,0.6637478108581437,0.970276249322841
2024,05,ALB.2.3.13_1,0.6847635726795097,0.9759487691472335
2024,05,ALB.2.3.2_1,0.7863397548161122,0.9947843987518099
2024,05,ALB.2.3.3_1,0.712784588441331,0.9825497442877892
2024,05,ALB.2.3.4_1,0.6795096322241682,0.9745891442038537
2024,05,ALB.2.3.5_1,0.6339754816112084,0.9611576353543679
2024,05,ALB.2.3.6_1,0.7285464098073555,0.9857869952479592
2024,05,ALB.2.3.7_1,0.6690017513134852,0.9717530550505102
2024,05,ALB.2.3.8_1,0.6900175131348513,0.9772696659571503
2024,05,ALB.2.3.9_1,0.6584938704028022,0.9687600322061186
2024,05,ALB.3.1.1_1,0.7285464098073555,0.9857869952479592
2024,05,ALB.3.1.10_1,0.7635726795096323,0.9917741678426597
2024,05,ALB.3.1.2_1,0.777583187390543,0.9937082066683358
2024,05,ALB.3.1.3_1,0.7740805604203153,0.9932492134404135
2024,05,ALB.3.1.4_1,0.7705779334500876,0.9927738916792685
2024,05,ALB.3.1.5_1,0.7338003502626971,0.986790757962396
2024,05,ALB.3.1.6_1,0.7740805604203153,0.9932492134404135
2024,05,ALB.3.1.7_1,0.7250437828371279,0.9850969495435462
2024,05,ALB.3.1.8_1,0.8196147110332751,0.997949898542006
2024,05,ALB.3.1.9_1,0.7723292469352014,0.9930135950730987
2024,05,ALB.3.2.1_1,0.6917688266199651,0.9777013859047148
2024,05,ALB.3.2.2_1,0.6865148861646235,0.9763933633531108
2024,05,ALB.3.2.3_1,0.6865148861646235,0.9763933633531108
2024,05,ALB.3.2.4_1,0.7320490367775833,0.98646033878712025
2024,05,ALB.3.2.5_1,0.670753064798599,0.9722365967191319
2024,05,ALB.3.2.6_1,0.7373029772329247,0.987439112046915
2024,05,ALB.4.1.10_1,0.6549912434325745,0.9677272342969376
2024,05,ALB.4.1.12_1,0.6532399299474606,0.9672042183530839
2024,05,ALB.4.1.5_1,0.6409807355516638,0.9634189120003821
2024,05,ALB.4.1.6_1,0.7075306479859896,0.9813949256033475
2024,05,ALB.4.2.10_1,0.6514886164623468,0.9666767815562759
2024,05,ALB.4.2.3_1,0.6234676007005254,0.9576304088739037
2024,05,ALB.4.2.4_1,0.6812609457092821,0.975046665549911
2024,05,ALB.4.2.5_1,0.6217162872154116,0.9570266453970862
2024,05,ALB.4.2.8_1,0.6304728546409808,0.96
2024,05,ALB.4.3.10_1,0.6479859894921192,0.9656086163658648
2024,05,ALB.4.3.3_1,0.628721541155867,0.9594144047282176
2024,05,ALB.4.3.4_1,0.6339754816112084,0.9611576353543679
2024,05,ALB.4.3.9_1,0.6830122591943959,0.9754998718605759
2024,05,ALB.4.4.1_1,0.6777583187390543,0.9741273017424364
2024,05,ALB.4.4.2_1,0.6462346760070053,0.965067873260736
2024,05,ALB.4.4.3_1,0.6812609457092821,0.975046665549911
2024,05,ALB.4.4.5_1,0.6654991243432575,0.9707728879609279
2024,05,ALB.5.1.1_1,0.6830122591943959,0.9754998718605759
2024,05,ALB.5.1.10_1,0.6690017513134852,0.9717530550505102
2024,05,ALB.5.1.11_1,0.7215411558669002,0.9843901665498289
2024,05,ALB.5.1.12_1,0.7022767075306481,0.9802020199938377
2024,05,ALB.5.1.13_1,0.6374781085814362,0.962297251372984
2024,05,ALB.5.1.14_1,0.6777583187390543,0.9741273017424364
2024,05,ALB.5.1.15_1,0.5989492119089318,0.9487591896788141
2024,05,ALB.5.1.16_1,0.6935201401050789,0.9781288258711119
2024,05,ALB.5.1.17_1,0.6725043782837129,0.9727157858285225
2024,05,ALB.5.1.2_1,0.6847635726795097,0.9759487691472335
2024,05,ALB.5.1.3_1,0.6847635726795097,0.9759487691472335
2024,05,ALB.5.1.4_1,0.7040280210157619,0.9806038955664005
2024,05,ALB.5.1.5_1,0.649737302977233,0.9661449166662318
2024,05,ALB.5.1.6_1,0.6444833625218914,0.9645226798784983
2024,05,ALB.5.1.7_1,0.6584938704028022,0.9687600322061186
2024,05,ALB.5.1.8_1,0.6725043782837129,0.9727157858285225
2024,05,ALB.5.1.9_1,0.6549912434325745,0.9677272342969376
2024,05,ALB.5.2.1_1,0.6619964973730298,0.9697752316903129
2024,05,ALB.5.2.10_1,0.6637478108581437,0.970276249322841
2024,05,ALB.5.2.11_1,0.6042031523642732,0.9507365565707464
2024,05,ALB.5.2.12_1,0.7110332749562173,0.9821690282227392
2024,05,ALB.5.2.13_1,0.6567425569176883,0.9682458365518543
2024,05,ALB.5.2.14_1,0.649737302977233,0.9661449166662318
2024,05,ALB.5.2.15_1,0.6865148861646235,0.9763933633531108
2024,05,ALB.5.2.16_1,0.6935201401050789,0.9781288258711119
2024,05,ALB.5.2.2_1,0.6742556917688267,0.9731906288081488
2024,05,ALB.5.2.3_1,0.6777583187390543,0.9741273017424364
2024,05,ALB.5.2.4_1,0.7022767075306481,0.9802020199938377
2024,05,ALB.5.2.5_1,0.6672504378283713,0.9712651543219287
2024,05,ALB.5.2.6_1,0.6760070052539405,0.9736611320166786
2024,05,ALB.5.2.7_1,0.6532399299474606,0.9672042183530839
2024,05,ALB.5.2.8_1,0.7145359019264449,0.9829262434180909
2024,05,ALB.5.2.9_1,0.6374781085814362,0.962297251372984
2024,05,ALB.5.3.1_1,0.6654991243432575,0.9707728879609279
2024,05,ALB.5.3.2_1,0.6339754816112084,0.9611576353543679
2024,05,ALB.5.3.3_1,0.6374781085814362,0.962297251372984
2024,05,ALB.5.3.4_1,0.6129597197898424,0.9539392014169457
2024,05,ALB.5.3.5_1,0.7145359019264449,0.9829262434180909
2024,05,ALB.5.3.6_1,0.6462346760070053,0.965067873260736
2024,05,ALB.5.3.7_1,0.6357267950963222,0.9617296917533533
2024,05,ALB.5.3.8_1,0.62697022767075306,0.9588242800430119
2024,05,ALB.5.3.9_1,0.6514886164623468,0.9666767815562759
2024,05,ALB.6.1.10_1,0.6304728546409808,0.96
2024,05,ALB.6.1.2_1,0.6549912434325745,0.9677272342969376
2024,05,ALB.6.1.3_1,0.6970227670753065,0.9789708882290628
2024,05,ALB.6.1.4_1,0.62697022767075306,0.9588242800430119
2024,05,ALB.6.2.1_1,0.6217162872154116,0.9570266453970862
2024,05,ALB.6.2.2_1,0.5989492119089318,0.9487591896788141
2024,05,ALB.6.2.4_1,0.5831873905429072,0.9425730740902798
2024,05,ALB.6.2.7_1,0.5989492119089318,0.9487591896788141
2024,05,ALB.6.3.1_1,0.6725043782837129,0.9727157858285225
2024,05,ALB.6.3.3_1,0.6777583187390543,0.9741273017424364
2024,05,ALB.6.3.4_1,0.6514886164623468,0.9666767815562759
2024,05,ALB.6.3.5_1,0.6304728546409808,0.96
2024,05,ALB.6.3.6_1,0.6182136602451839,0.9558054195284729
2024,05,ALB.7.1.1_1,0.6147110332749562,0.954565869911553
2024,05,ALB.7.1.2_1,0.6024518388791593,0.9500821017154254
2024,05,ALB.7.1.3_1,0.6252189141856392,0.9582296175760798
2024,05,ALB.7.1.4_1,0.5499124343257443,0.9282327294380435
2024,05,ALB.7.1.5_1,0.5936952714535902,0.9467396685467447
2024,05,ALB.7.2.1_1,0.586690017513135,0.9439809320108113
2024,05,ALB.7.2.2_1,0.597197898423818,0.9480907129594721
2024,05,ALB.7.2.3_1,0.5796847635726796,0.9411461098044235
2024,05,ALB.7.2.4_1,0.5901926444833626,0.9453697689264238
2024,05,ALB.7.2.5_1,0.5604203152364273,0.9329523031752481
2024,05,ALB.7.2.6_1,0.5131348511383538,0.9102768809543611
2024,05,ALB.7.2.7_1,0.5989492119089318,0.9487591896788141
2024,05,ALB.7.2.8_1,0.5376532399299475,0.9224987804869988
2024,05,ALB.7.3.1_1,0.62697022767075306,0.9588242800430119
2024,05,ALB.7.3.10_1,0.5709281961471104,0.9374945333173949
2024,05,ALB.7.3.11_1,0.6217162872154116,0.9570266453970862
2024,05,ALB.7.3.12_1,0.6444833625218914,0.9645226798784983
2024,05,ALB.7.3.13_1,0.5954465849387042,0.9474175425861608
2024,05,ALB.7.3.14_1,0.5989492119089318,0.9487591896788141
2024,05,ALB.7.3.15_1,0.6234676007005254,0.9576304088739037
2024,05,ALB.7.3.16_1,0.6164623467600701,0.955187939622355
2024,05,ALB.7.3.17_1,0.5656742556917689,0.9352454223357631
2024,05,ALB.7.3.2_1,0.63922942206655,0.9628603221651623
2024,05,ALB.7.3.3_1,0.6322241681260946,0.9605810741421048
2024,05,ALB.7.3.4_1,0.6094570928196147,0.9526720317087093
2024,05,ALB.7.3.5_1,0.6129597197898424,0.9539392014169457
2024,05,ALB.7.3.6_1,0.63922942206655,0.9628603221651623
2024,05,ALB.7.3.7_1,0.628721541155867,0.9594144047282176
2024,05,ALB.7.3.8_1,0.6637478108581437,0.970276249322841
2024,05,ALB.7.3.9_1,0.597197898423818,0.9480907129594721
2024,05,ALB.7.4.1_1,0.660245183887916,0.9692698282728087
2024,05,ALB.7.4.2_1,0.6217162872154116,0.9570266453970862
2024,05,ALB.7.4.3_1,0.6164623467600701,0.955187939622355
2024,05,ALB.7.4.4_1,0.6812609457092821,0.975046665549911
2024,05,ALB.7.4.5_1,0.6760070052539405,0.9736611320166786
2024,05,ALB.7.4.6_1,0.6339754816112084,0.9611576353543679
2024,05,ALB.7.4.7_1,0.6795096322241682,0.9745891442038537
2024,05,ALB.7.4.8_1,0.6339754816112084,0.9611576353543679
2024,05,ALB.7.4.9_1,0.6619964973730298,0.9697752316903129
2024,05,ALB.8.1.1_1,0.6672504378283713,0.9712651543219287
2024,05,ALB.8.1.2_1,0.6584938704028022,0.9687600322061186
2024,05,ALB.8.1.3_1,0.6514886164623468,0.9666767815562759
2024,05,ALB.8.1.4_1,0.6094570928196147,0.9526720317087093
2024,05,ALB.8.2.1_1,0.628721541155867,0.9594144047282176
2024,05,ALB.8.2.10_1,0.62697022767075306,0.9588242800430119
2024,05,ALB.8.2.11_1,0.7373029772329247,0.987439112046915
2024,05,ALB.8.2.12_1,0.6252189141856392,0.9582296175760798
2024,05,ALB.8.2.13_1,0.6322241681260946,0.9605810741421048
2024,05,ALB.8.2.14_1,0.6357267950963222,0.9617296917533533
2024,05,ALB.8.2.15_1,0.6042031523642732,0.9507365565707464
2024,05,ALB.8.2.2_1,0.6619964973730298,0.9697752316903129
2024,05,ALB.8.2.3_1,0.6567425569176883,0.9682458365518543
2024,05,ALB.8.2.4_1,0.6444833625218914,0.9645226798784983
2024,05,ALB.8.2.5_1,0.670753064798599,0.9722365967191319
2024,05,ALB.8.2.6_1,0.670753064798599,0.9722365967191319
2024,05,ALB.8.2.7_1,0.63922942206655,0.9628603221651623
2024,05,ALB.8.2.8_1,0.6532399299474606,0.9672042183530839
2024,05,ALB.8.2.9_1,0.6129597197898424,0.9539392014169457
2024,05,ALB.8.3.1_1,0.6007005253940456,0.9494229826584145
2024,05,ALB.8.3.2_1,0.7145359019264449,0.9829262434180909
2024,05,ALB.8.3.3_1,0.6217162872154116,0.9570266453970862
2024,05,ALB.8.3.4_1,0.6777583187390543,0.9741273017424364
2024,05,ALB.8.3.5_1,0.6865148861646235,0.9763933633531108
2024,05,ALB.8.3.6_1,0.6532399299474606,0.9672042183530839
2024,05,ALB.8.3.7_1,0.6129597197898424,0.9539392014169457
2024,05,ALB.8.3.8_1,0.649737302977233,0.9661449166662318
2024,05,ALB.9.1.1_1,0.7075306479859896,0.9813949256033475
2024,05,ALB.9.1.2_1,0.6742556917688267,0.9731906288081488
2024,05,ALB.9.1.3_1,0.6917688266199651,0.9777013859047148
2024,05,ALB.9.1.4_1,0.7250437828371279,0.9850969495435462
2024,05,ALB.9.2.1_1,0.660245183887916,0.9692698282728087
2024,05,ALB.9.2.10_1,0.7460595446584939,0.9889873608899156
2024,05,ALB.9.2.2_1,0.6672504378283713,0.9712651543219287
2024,05,ALB.9.2.3_1,0.6409807355516638,0.9634189120003821
2024,05,ALB.9.2.4_1,0.6654991243432575,0.9707728879609279
2024,05,ALB.9.2.5_1,0.6970227670753065,0.9789708882290628
2024,05,ALB.9.2.6_1,0.7022767075306481,0.9802020199938377
2024,05,ALB.9.2.7_1,0.7232924693520141,0.9847456524402634
2024,05,ALB.9.2.8_1,0.7338003502626971,0.986790757962396
2024,05,ALB.9.2.9_1,0.6444833625218914,0.9645226798784983
2024,05,ALB.9.3.1_1,0.6112084063047285,0.9533079250693346
2024,05,ALB.9.3.2_1,0.7022767075306481,0.9802020199938377
2024,05,ALB.9.3.3_1,0.712784588441331,0.9825497442877892
2024,05,ALB.9.3.4_1,0.6654991243432575,0.9707728879609279
2024,05,ALB.9.3.5_1,0.6725043782837129,0.9727157858285225
2024,05,ALB.9.3.6_1,0.7180385288966725,0.983666610188635
2024,05,ALB.9.3.7_1,0.6619964973730298,0.9697752316903129
2024,05,ALB.9.4.1_1,0.6830122591943959,0.9754998718605759
2024,05,AND.2_1,0.5096322241681261,0.9084470265238365
2024,05,AND.6_1,0.4676007005253941,0.8847847195787232
2024,05,ARM.1_1,0.45534150612959723,0.8772684879784524
2024,05,ARM.10_1,0.6777583187390543,0.9741273017424364
2024,05,ARM.11_1,0.47985989492119097,0.8920179370393849
2024,05,ARM.2_1,0.4973730297723292,0.9018736053350269
2024,05,ARM.3_1,0.4623467600700526,0.8815985480931783
2024,05,ARM.4_1,0.4658493870402803,0.883728465084157
2024,05,ARM.5_1,0.6024518388791593,0.9500821017154254
2024,05,ARM.6_1,0.48686514886164634,0.8960267853139213
2024,05,ARM.7_1,0.6567425569176883,0.9682458365518543
2024,05,ARM.8_1,0.597197898423818,0.9480907129594721
2024,05,ARM.9_1,0.5936952714535902,0.9467396685467447
2024,05,AUT.1.1.1.1_2,0.5954465849387042,0.9474175425861608
2024,05,AUT.1.1.10.1_2,0.6217162872154116,0.9570266453970862
2024,05,AUT.1.1.11.1_2,0.6339754816112084,0.9611576353543679
2024,05,AUT.1.1.12.1_2,0.6252189141856392,0.9582296175760798
2024,05,AUT.1.1.13.1_2,0.5709281961471104,0.9374945333173949
2024,05,AUT.1.1.14.1_2,0.597197898423818,0.9480907129594721
2024,05,AUT.1.1.15.1_2,0.6374781085814362,0.962297251372984
2024,05,AUT.1.1.16.1_2,0.6007005253940456,0.9494229826584145
2024,05,AUT.1.1.17.1_2,0.6147110332749562,0.954565869911553
2024,05,AUT.1.1.18.1_2,0.6409807355516638,0.9634189120003821
2024,05,AUT.1.1.19.1_2,0.6619964973730298,0.9697752316903129
2024,05,AUT.1.1.2.1_2,0.5954465849387042,0.9474175425861608
2024,05,AUT.1.1.20.1_2,0.5989492119089318,0.9487591896788141
2024,05,AUT.1.1.21.1_2,0.6024518388791593,0.9500821017154254
2024,05,AUT.1.1.22.1_2,0.6654991243432575,0.9707728879609279
2024,05,AUT.1.1.23.1_2,0.6567425569176883,0.9682458365518543
2024,05,AUT.1.1.3.1_2,0.649737302977233,0.9661449166662318
2024,05,AUT.1.1.4.1_2,0.5989492119089318,0.9487591896788141
2024,05,AUT.1.1.5.1_2,0.6024518388791593,0.9500821017154254
2024,05,AUT.1.1.6.1_2,0.6164623467600701,0.955187939622355
2024,05,AUT.1.1.7.1_2,0.6672504378283713,0.9712651543219287
2024,05,AUT.1.1.8.1_2,0.6164623467600701,0.955187939622355
2024,05,AUT.1.1.9.1_2,0.6357267950963222,0.9617296917533533
2024,05,AUT.1.2.1.1_2,0.62697022767075306,0.9588242800430119
2024,05,AUT.1.2.1.2_2,0.5901926444833626,0.9453697689264238
2024,05,AUT.1.2.1.3_2,0.5884413309982488,0.9446777228240327
2024,05,AUT.1.2.1.4_2,0.597197898423818,0.9480907129594721
2024,05,AUT.1.2.1.5_2,0.6059544658493871,0.9513863568498342
2024,05,AUT.1.3.1.1_2,0.586690017513135,0.9439809320108113
2024,05,AUT.1.3.1.2_2,0.5936952714535902,0.9467396685467447
2024,05,AUT.1.3.10.1_2,0.6112084063047285,0.9533079250693346
2024,05,AUT.1.3.10.2_2,0.628721541155867,0.9594144047282176
2024,05,AUT.1.3.10.3_2,0.5884413309982488,0.9446777228240327
2024,05,AUT.1.3.10.4_2,0.5901926444833626,0.9453697689264238
2024,05,AUT.1.3.10.5_2,0.628721541155867,0.9594144047282176
2024,05,AUT.1.3.11.1_2,0.6357267950963222,0.9617296917533533
2024,05,AUT.1.3.12.1_2,0.6619964973730298,0.9697752316903129
2024,05,AUT.1.3.13.1_2,0.670753064798599,0.9722365967191319
2024,05,AUT.1.3.14.1_2,0.6112084063047285,0.9533079250693346
2024,05,AUT.1.3.14.2_2,0.6619964973730298,0.9697752316903129
2024,05,AUT.1.3.14.3_2,0.6357267950963222,0.9617296917533533
2024,05,AUT.1.3.14.4_2,0.670753064798599,0.9722365967191319
2024,05,AUT.1.3.15.1_2,0.6304728546409808,0.96
2024,05,AUT.1.3.16.1_2,0.6514886164623468,0.9666767815562759
2024,05,AUT.1.3.17.1_2,0.660245183887916,0.9692698282728087
2024,05,AUT.1.3.18.1_2,0.6567425569176883,0.9682458365518543
2024,05,AUT.1.3.19.1_2,0.6129597197898424,0.9539392014169457
2024,05,AUT.1.3.2.1_2,0.63922942206655,0.9628603221651623
2024,05,AUT.1.3.20.1_2,0.6847635726795097,0.9759487691472335
2024,05,AUT.1.3.21.1_2,0.6567425569176883,0.9682458365518543
2024,05,AUT.1.3.22.1_2,0.6462346760070053,0.965067873260736
2024,05,AUT.1.3.22.2_2,0.6619964973730298,0.9697752316903129
2024,05,AUT.1.3.22.3_2,0.6322241681260946,0.9605810741421048
2024,05,AUT.1.3.23.1_2,0.6164623467600701,0.955187939622355
2024,05,AUT.1.3.23.2_2,0.6182136602451839,0.9558054195284729
2024,05,AUT.1.3.23.3_2,0.5989492119089318,0.9487591896788141
2024,05,AUT.1.3.23.4_2,0.6619964973730298,0.9697752316903129
2024,05,AUT.1.3.24.1_2,0.6374781085814362,0.962297251372984
2024,05,AUT.1.3.25.1_2,0.6112084063047285,0.9533079250693346
2024,05,AUT.1.3.26.1_2,0.6234676007005254,0.9576304088739037
2024,05,AUT.1.3.26.2_2,0.6164623467600701,0.955187939622355
2024,05,AUT.1.3.26.3_2,0.6427320490367776,0.9639730286683336
2024,05,AUT.1.3.26.4_2,0.6199649737302978,0.9564183185196736
2024,05,AUT.1.3.26.5_2,0.6059544658493871,0.9513863568498342
2024,05,AUT.1.3.26.6_2,0.6812609457092821,0.975046665549911
2024,05,AUT.1.3.27.1_2,0.63922942206655,0.9628603221651623
2024,05,AUT.1.3.28.1_2,0.6725043782837129,0.9727157858285225
2024,05,AUT.1.3.3.1_2,0.6182136602451839,0.9558054195284729
2024,05,AUT.1.3.3.2_2,0.6042031523642732,0.9507365565707464
2024,05,AUT.1.3.4.1_2,0.56217162872154125,0.9337215859130601
2024,05,AUT.1.3.4.2_2,0.6234676007005254,0.9576304088739037
2024,05,AUT.1.3.4.3_2,0.6094570928196147,0.9526720317087093
2024,05,AUT.1.3.4.4_2,0.6024518388791593,0.9500821017154254
2024,05,AUT.1.3.4.5_2,0.6584938704028022,0.9687600322061186
2024,05,AUT.1.3.5.1_2,0.6567425569176883,0.9682458365518543
2024,05,AUT.1.3.5.2_2,0.6865148861646235,0.9763933633531108
2024,05,AUT.1.3.5.3_2,0.6234676007005254,0.9576304088739037
2024,05,AUT.1.3.6.1_2,0.5849387040280211,0.9432793859721519
2024,05,AUT.1.3.7.1_2,0.6059544658493871,0.9513863568498342
2024,05,AUT.1.3.7.2_2,0.6339754816112084,0.9611576353543679
2024,05,AUT.1.3.7.3_2,0.6164623467600701,0.955187939622355
2024,05,AUT.1.3.7.4_2,0.6462346760070053,0.965067873260736
2024,05,AUT.1.3.7.5_2,0.6479859894921192,0.9656086163658648
2024,05,AUT.1.3.7.6_2,0.6199649737302978,0.9564183185196736
2024,05,AUT.1.3.8.1_2,0.5954465849387042,0.9474175425861608
2024,05,AUT.1.3.9.1_2,0.6374781085814362,0.962297251372984
2024,05,AUT.1.4.1.1_2,0.6094570928196147,0.9526720317087093
2024,05,AUT.1.4.1.2_2,0.6654991243432575,0.9707728879609279
2024,05,AUT.1.4.10.1_2,0.6514886164623468,0.9666767815562759
2024,05,AUT.1.4.10.2_2,0.6357267950963222,0.9617296917533533
2024,05,AUT.1.4.11.1_2,0.6217162872154116,0.9570266453970862
2024,05,AUT.1.4.11.2_2,0.6637478108581437,0.970276249322841
2024,05,AUT.1.4.11.3_2,0.6217162872154116,0.9570266453970862
2024,05,AUT.1.4.11.4_2,0.6812609457092821,0.975046665549911
2024,05,AUT.1.4.11.5_2,0.6760070052539405,0.9736611320166786
2024,05,AUT.1.4.11.6_2,0.6182136602451839,0.9558054195284729
2024,05,AUT.1.4.12.1_2,0.62697022767075306,0.9588242800430119
2024,05,AUT.1.4.12.2_2,0.6462346760070053,0.965067873260736
2024,05,AUT.1.4.12.3_2,0.6900175131348513,0.9772696659571503
2024,05,AUT.1.4.2.1_2,0.6479859894921192,0.9656086163658648
2024,05,AUT.1.4.2.2_2,0.6462346760070053,0.965067873260736
2024,05,AUT.1.4.3.1_2,0.62697022767075306,0.9588242800430119
2024,05,AUT.1.4.3.2_2,0.5919439579684764,0.946057080730333
2024,05,AUT.1.4.4.1_2,0.6094570928196147,0.9526720317087093
2024,05,AUT.1.4.4.2_2,0.6007005253940456,0.9494229826584145
2024,05,AUT.1.4.4.3_2,0.6112084063047285,0.9533079250693346
2024,05,AUT.1.4.4.4_2,0.5901926444833626,0.9453697689264238
2024,05,AUT.1.4.5.1_2,0.6042031523642732,0.9507365565707464
2024,05,AUT.1.4.6.1_2,0.628721541155867,0.9594144047282176
2024,05,AUT.1.4.6.2_2,0.5901926444833626,0.9453697689264238
2024,05,AUT.1.4.6.3_2,0.6024518388791593,0.9500821017154254
2024,05,AUT.1.4.7.1_2,0.6654991243432575,0.9707728879609279
2024,05,AUT.1.4.7.2_2,0.5761821366024519,0.939699952112375
2024,05,AUT.1.4.7.3_2,0.6112084063047285,0.9533079250693346
2024,05,AUT.1.4.8.1_2,0.6637478108581437,0.970276249322841
2024,05,AUT.1.4.9.1_2,0.6760070052539405,0.9736611320166786
2024,05,AUT.1.4.9.2_2,0.6077057793345009,0.9520315120835025
2024,05,AUT.1.4.9.3_2,0.6584938704028022,0.9687600322061186
2024,05,AUT.1.4.9.4_2,0.6077057793345009,0.9520315120835025
2024,05,AUT.1.5.1.1_2,0.6112084063047285,0.9533079250693346
2024,05,AUT.1.5.10.1_2,0.6252189141856392,0.9582296175760798
2024,05,AUT.1.5.10.2_2,0.63922942206655,0.9628603221651623
2024,05,AUT.1.5.12.1_2,0.6164623467600701,0.955187939622355
2024,05,AUT.1.5.13.1_2,0.6339754816112084,0.9611576353543679
2024,05,AUT.1.5.14.1_2,0.6374781085814362,0.962297251372984
2024,05,AUT.1.5.15.1_2,0.6094570928196147,0.9526720317087093
2024,05,AUT.1.5.16.1_2,0.6182136602451839,0.9558054195284729
2024,05,AUT.1.5.17.1_2,0.6322241681260946,0.9605810741421048
2024,05,AUT.1.5.18.1_2,0.6322241681260946,0.9605810741421048
2024,05,AUT.1.5.19.1_2,0.6427320490367776,0.9639730286683336
2024,05,AUT.1.5.19.2_2,0.628721541155867,0.9594144047282176
2024,05,AUT.1.5.2.1_2,0.6357267950963222,0.9617296917533533
2024,05,AUT.1.5.3.1_2,0.6059544658493871,0.9513863568498342
2024,05,AUT.1.5.4.1_2,0.63922942206655,0.9628603221651623
2024,05,AUT.1.5.5.1_2,0.6164623467600701,0.955187939622355
2024,05,AUT.1.5.6.1_2,0.649737302977233,0.9661449166662318
2024,05,AUT.1.5.7.1_2,0.6462346760070053,0.965067873260736
2024,05,AUT.1.5.8.1_2,0.5954465849387042,0.9474175425861608
2024,05,AUT.1.5.8.2_2,0.597197898423818,0.9480907129594721
2024,05,AUT.1.5.9.1_2,0.6042031523642732,0.9507365565707464
2024,05,AUT.1.6.1.1_2,0.5954465849387042,0.9474175425861608
2024,05,AUT.1.6.10.1_2,0.6234676007005254,0.9576304088739037
2024,05,AUT.1.6.11.1_2,0.5831873905429072,0.9425730740902798
2024,05,AUT.1.6.12.1_2,0.628721541155867,0.9594144047282176
2024,05,AUT.1.6.13.1_2,0.6059544658493871,0.9513863568498342
2024,05,AUT.1.6.14.1_2,0.6234676007005254,0.9576304088739037
2024,05,AUT.1.6.15.1_2,0.649737302977233,0.9661449166662318
2024,05,AUT.1.6.16.1_2,0.6182136602451839,0.9558054195284729
2024,05,AUT.1.6.17.1_2,0.6339754816112084,0.9611576353543679
2024,05,AUT.1.6.18.1_2,0.5919439579684764,0.946057080730333
2024,05,AUT.1.6.19.1_2,0.5674255691768827,0.936
2024,05,AUT.1.6.2.1_2,0.6059544658493871,0.9513863568498342
2024,05,AUT.1.6.20.1_2,0.6847635726795097,0.9759487691472335
2024,05,AUT.1.6.21.1_2,0.5936952714535902,0.9467396685467447
2024,05,AUT.1.6.22.1_2,0.6024518388791593,0.9500821017154254
2024,05,AUT.1.6.23.1_2,0.5831873905429072,0.9425730740902798
2024,05,AUT.1.6.24.1_2,0.6094570928196147,0.9526720317087093
2024,05,AUT.1.6.25.1_2,0.586690017513135,0.9439809320108113
2024,05,AUT.1.6.26.1_2,0.5919439579684764,0.946057080730333
2024,05,AUT.1.6.27.1_2,0.6339754816112084,0.9611576353543679
2024,05,AUT.1.6.3.1_2,0.5849387040280211,0.9432793859721519
2024,05,AUT.1.6.3.2_2,0.6112084063047285,0.9533079250693346
2024,05,AUT.1.6.4.1_2,0.5709281961471104,0.9374945333173949
2024,05,AUT.1.6.5.1_2,0.62697022767075306,0.9588242800430119
2024,05,AUT.1.6.6.1_2,0.6024518388791593,0.9500821017154254
2024,05,AUT.1.6.7.1_2,0.5814360770577934,0.9418619856433319
2024,05,AUT.1.6.8.1_2,0.5814360770577934,0.9418619856433319
2024,05,AUT.1.6.9.1_2,0.6462346760070053,0.965067873260736
2024,05,AUT.1.7.1.1_2,0.6532399299474606,0.9672042183530839
2024,05,AUT.1.7.1.2_2,0.6654991243432575,0.9707728879609279
2024,05,AUT.1.7.10.1_2,0.6077057793345009,0.9520315120835025
2024,05,AUT.1.7.10.2_2,0.597197898423818,0.9480907129594721
2024,05,AUT.1.7.10.3_2,0.6112084063047285,0.9533079250693346
2024,05,AUT.1.7.10.4_2,0.6059544658493871,0.9513863568498342
2024,05,AUT.1.7.10.5_2,0.6094570928196147,0.9526720317087093
2024,05,AUT.1.7.10.6_2,0.6252189141856392,0.9582296175760798
2024,05,AUT.1.7.11.1_2,0.6112084063047285,0.9533079250693346
2024,05,AUT.1.7.11.2_2,0.6129597197898424,0.9539392014169457
2024,05,AUT.1.7.12.1_2,0.6217162872154116,0.9570266453970862
2024,05,AUT.1.7.12.2_2,0.6374781085814362,0.962297251372984
2024,05,AUT.1.7.12.3_2,0.5796847635726796,0.9411461098044235
2024,05,AUT.1.7.12.4_2,0.6094570928196147,0.9526720317087093
2024,05,AUT.1.7.13.1_2,0.5989492119089318,0.9487591896788141
2024,05,AUT.1.7.13.2_2,0.6147110332749562,0.954565869911553
2024,05,AUT.1.7.13.3_2,0.597197898423818,0.9480907129594721
2024,05,AUT.1.7.14.1_2,0.6637478108581437,0.970276249322841
2024,05,AUT.1.7.14.2_2,0.670753064798599,0.9722365967191319
2024,05,AUT.1.7.15.1_2,0.63922942206655,0.9628603221651623
2024,05,AUT.1.7.16.1_2,0.649737302977233,0.9661449166662318
2024,05,AUT.1.7.16.2_2,0.6129597197898424,0.9539392014169457
2024,05,AUT.1.7.16.3_2,0.649737302977233,0.9661449166662318
2024,05,AUT.1.7.17.1_2,0.6112084063047285,0.9533079250693346
2024,05,AUT.1.7.18.1_2,0.6514886164623468,0.9666767815562759
2024,05,AUT.1.7.18.2_2,0.6637478108581437,0.970276249322841
2024,05,AUT.1.7.19.1_2,0.6094570928196147,0.9526720317087093
2024,05,AUT.1.7.19.2_2,0.6042031523642732,0.9507365565707464
2024,05,AUT.1.7.19.3_2,0.6164623467600701,0.955187939622355
2024,05,AUT.1.7.19.4_2,0.6094570928196147,0.9526720317087093
2024,05,AUT.1.7.19.5_2,0.628721541155867,0.9594144047282176
2024,05,AUT.1.7.19.6_2,0.62697022767075306,0.9588242800430119
2024,05,AUT.1.7.19.7_2,0.6637478108581437,0.970276249322841
2024,05,AUT.1.7.2.1_2,0.6042031523642732,0.9507365565707464
2024,05,AUT.1.7.2.2_2,0.6129597197898424,0.9539392014169457
2024,05,AUT.1.7.2.3_2,0.6234676007005254,0.9576304088739037
2024,05,AUT.1.7.20.1_2,0.6339754816112084,0.9611576353543679
2024,05,AUT.1.7.21.1_2,0.6760070052539405,0.9736611320166786
2024,05,AUT.1.7.22.1_2,0.6304728546409808,0.96
2024,05,AUT.1.7.23.1_2,0.6619964973730298,0.9697752316903129
2024,05,AUT.1.7.23.2_2,0.649737302977233,0.9661449166662318
2024,05,AUT.1.7.24.1_2,0.6339754816112084,0.9611576353543679
2024,05,AUT.1.7.25.1_2,0.660245183887916,0.9692698282728087
2024,05,AUT.1.7.26.1_2,0.63922942206655,0.9628603221651623
2024,05,AUT.1.7.26.2_2,0.6322241681260946,0.9605810741421048
2024,05,AUT.1.7.27.1_2,0.5901926444833626,0.9453697689264238
2024,05,AUT.1.7.28.1_2,0.660245183887916,0.9692698282728087
2024,05,AUT.1.7.28.2_2,0.63922942206655,0.9628603221651623
2024,05,AUT.1.7.28.3_2,0.5779334500875658,0.9404254356406998
2024,05,AUT.1.7.3.1_2,0.6182136602451839,0.9558054195284729
2024,05,AUT.1.7.3.2_2,0.6532399299474606,0.9672042183530839
2024,05,AUT.1.7.3.3_2,0.6357267950963222,0.9617296917533533
2024,05,AUT.1.7.3.4_2,0.6549912434325745,0.9677272342969376
2024,05,AUT.1.7.4.1_2,0.6339754816112084,0.9611576353543679
2024,05,AUT.1.7.4.2_2,0.6112084063047285,0.9533079250693346
2024,05,AUT.1.7.4.3_2,0.6479859894921192,0.9656086163658648
2024,05,AUT.1.7.5.1_2,0.660245183887916,0.9692698282728087
2024,05,AUT.1.7.5.2_2,0.6182136602451839,0.9558054195284729
2024,05,AUT.1.7.6.1_2,0.6234676007005254,0.9576304088739037
2024,05,AUT.1.7.7.1_2,0.6304728546409808,0.96
2024,05,AUT.1.7.7.2_2,0.6444833625218914,0.9645226798784983
2024,05,AUT.1.7.7.3_2,0.5884413309982488,0.9446777228240327
2024,05,AUT.1.7.8.1_2,0.6567425569176883,0.9682458365518543
2024,05,AUT.1.7.9.1_2,0.6427320490367776,0.9639730286683336
2024,05,AUT.1.8.1.1_2,0.6584938704028022,0.9687600322061186
2024,05,AUT.1.8.1.2_2,0.6182136602451839,0.9558054195284729
2024,05,AUT.1.8.1.3_2,0.6637478108581437,0.970276249322841
2024,05,AUT.1.8.10_2,0.6252189141856392,0.9582296175760798
2024,05,AUT.1.8.10.1_2,0.660245183887916,0.9692698282728087
2024,05,AUT.1.8.10.2_2,0.6182136602451839,0.9558054195284729
2024,05,AUT.1.8.10.3_2,0.6182136602451839,0.9558054195284729
2024,05,AUT.1.8.11.1_2,0.628721541155867,0.9594144047282176
2024,05,AUT.1.8.12.1_2,0.6357267950963222,0.9617296917533533
2024,05,AUT.1.8.12.2_2,0.6760070052539405,0.9736611320166786
2024,05,AUT.1.8.13.1_2,0.649737302977233,0.9661449166662318
2024,05,AUT.1.8.13.2_2,0.6567425569176883,0.9682458365518543
2024,05,AUT.1.8.13.3_2,0.6532399299474606,0.9672042183530839
2024,05,AUT.1.8.13.4_2,0.63922942206655,0.9628603221651623
2024,05,AUT.1.8.13.5_2,0.6199649737302978,0.9564183185196736
2024,05,AUT.1.8.14.1_2,0.6514886164623468,0.9666767815562759
2024,05,AUT.1.8.14.2_2,0.6077057793345009,0.9520315120835025
2024,05,AUT.1.8.15.1_2,0.62697022767075306,0.9588242800430119
2024,05,AUT.1.8.15.2_2,0.6584938704028022,0.9687600322061186
2024,05,AUT.1.8.16.1_2,0.628721541155867,0.9594144047282176
2024,05,AUT.1.8.16.2_2,0.6304728546409808,0.96
2024,05,AUT.1.8.16.3_2,0.6024518388791593,0.9500821017154254
2024,05,AUT.1.8.16.4_2,0.6742556917688267,0.9731906288081488
2024,05,AUT.1.8.16.5_2,0.6514886164623468,0.9666767815562759
2024,05,AUT.1.8.16.6_2,0.6409807355516638,0.9634189120003821
2024,05,AUT.1.8.17.1_2,0.6462346760070053,0.965067873260736
2024,05,AUT.1.8.18.1_2,0.6514886164623468,0.9666767815562759
2024,05,AUT.1.8.19.1_2,0.660245183887916,0.9692698282728087
2024,05,AUT.1.8.19.2_2,0.6567425569176883,0.9682458365518543
2024,05,AUT.1.8.19.3_2,0.6462346760070053,0.965067873260736
2024,05,AUT.1.8.19.4_2,0.6760070052539405,0.9736611320166786
2024,05,AUT.1.8.19.5_2,0.6462346760070053,0.965067873260736
2024,05,AUT.1.8.2.1_2,0.6672504378283713,0.9712651543219287
2024,05,AUT.1.8.20.1_2,0.6059544658493871,0.9513863568498342
2024,05,AUT.1.8.20.2_2,0.6462346760070053,0.965067873260736
2024,05,AUT.1.8.21.1_2,0.6374781085814362,0.962297251372984
2024,05,AUT.1.8.21.2_2,0.6304728546409808,0.96
2024,05,AUT.1.8.22.1_2,0.628721541155867,0.9594144047282176
2024,05,AUT.1.8.23.1_2,0.6409807355516638,0.9634189120003821
2024,05,AUT.1.8.24.1_2,0.6725043782837129,0.9727157858285225
2024,05,AUT.1.8.24.2_2,0.649737302977233,0.9661449166662318
2024,05,AUT.1.8.24.3_2,0.6339754816112084,0.9611576353543679
2024,05,AUT.1.8.25.1_2,0.6094570928196147,0.9526720317087093
2024,05,AUT.1.8.25.2_2,0.628721541155867,0.9594144047282176
2024,05,AUT.1.8.25.3_2,0.6077057793345009,0.9520315120835025
2024,05,AUT.1.8.25.4_2,0.6147110332749562,0.954565869911553
2024,05,AUT.1.8.25.5_2,0.6409807355516638,0.9634189120003821
2024,05,AUT.1.8.26.1_2,0.6234676007005254,0.9576304088739037
2024,05,AUT.1.8.26.2_2,0.56217162872154125,0.9337215859130601
2024,05,AUT.1.8.27.1_2,0.628721541155867,0.9594144047282176
2024,05,AUT.1.8.28.1_2,0.62697022767075306,0.9588242800430119
2024,05,AUT.1.8.28.2_2,0.6322241681260946,0.9605810741421048
2024,05,AUT.1.8.28.3_2,0.6094570928196147,0.9526720317087093
2024,05,AUT.1.8.28.4_2,0.6234676007005254,0.9576304088739037
2024,05,AUT.1.8.28.5_2,0.6549912434325745,0.9677272342969376
2024,05,AUT.1.8.29.1_2,0.6112084063047285,0.9533079250693346
2024,05,AUT.1.8.29.2_2,0.5656742556917689,0.9352454223357631
2024,05,AUT.1.8.3.1_2,0.6514886164623468,0.9666767815562759
2024,05,AUT.1.8.3.2_2,0.6462346760070053,0.965067873260736
2024,05,AUT.1.8.3.3_2,0.6199649737302978,0.9564183185196736
2024,05,AUT.1.8.3.4_2,0.6199649737302978,0.9564183185196736
2024,05,AUT.1.8.3.5_2,0.6042031523642732,0.9507365565707464
2024,05,AUT.1.8.30.1_2,0.6182136602451839,0.9558054195284729
2024,05,AUT.1.8.30.2_2,0.6304728546409808,0.96
2024,05,AUT.1.8.30.3_2,0.5884413309982488,0.9446777228240327
2024,05,AUT.1.8.30.4_2,0.6952714535901927,0.97855199146494
2024,05,AUT.1.8.30.5_2,0.63922942206655,0.9628603221651623
2024,05,AUT.1.8.30.6_2,0.6514886164623468,0.9666767815562759
2024,05,AUT.1.8.30.7_2,0.5849387040280211,0.9432793859721519
2024,05,AUT.1.8.30.8_2,0.5744308231173381,0.9389696480717574
2024,05,AUT.1.8.30.9_2,0.6112084063047285,0.9533079250693346
2024,05,AUT.1.8.31.1_2,0.6479859894921192,0.9656086163658648
2024,05,AUT.1.8.31.2_2,0.5919439579684764,0.946057080730333
2024,05,AUT.1.8.31.3_2,0.6147110332749562,0.954565869911553
2024,05,AUT.1.8.31.4_2,0.6182136602451839,0.9558054195284729
2024,05,AUT.1.8.32.1_2,0.6094570928196147,0.9526720317087093
2024,05,AUT.1.8.4.1_2,0.6567425569176883,0.9682458365518543
2024,05,AUT.1.8.4.2_2,0.6217162872154116,0.9570266453970862
2024,05,AUT.1.8.4.3_2,0.5936952714535902,0.9467396685467447
2024,05,AUT.1.8.4.4_2,0.6234676007005254,0.9576304088739037
2024,05,AUT.1.8.4.5_2,0.6042031523642732,0.9507365565707464
2024,05,AUT.1.8.5.1_2,0.649737302977233,0.9661449166662318
2024,05,AUT.1.8.6.1_2,0.5954465849387042,0.9474175425861608
2024,05,AUT.1.8.6.2_2,0.6077057793345009,0.9520315120835025
2024,05,AUT.1.8.6.3_2,0.6199649737302978,0.9564183185196736
2024,05,AUT.1.8.6.4_2,0.6112084063047285,0.9533079250693346
2024,05,AUT.1.8.6.5_2,0.6252189141856392,0.9582296175760798
2024,05,AUT.1.8.7.1_2,0.6357267950963222,0.9617296917533533
2024,05,AUT.1.8.7.2_2,0.6532399299474606,0.9672042183530839
2024,05,AUT.1.8.7.3_2,0.6199649737302978,0.9564183185196736
2024,05,AUT.1.8.8.1_2,0.6532399299474606,0.9672042183530839
2024,05,AUT.1.8.9.1_2,0.6637478108581437,0.970276249322841
2024,05,AUT.1.9.1.1_2,0.6147110332749562,0.954565869911553
2024,05,AUT.2.1.2.11_2,0.649737302977233,0.9661449166662318
2024,05,AUT.2.1.2.2_2,0.6970227670753065,0.9789708882290628
2024,05,AUT.2.1.2.3_2,0.6847635726795097,0.9759487691472335
2024,05,AUT.2.1.2.4_2,0.7005253940455343,0.9797958971132712
2024,05,AUT.2.1.2.6_2,0.7390542907180385,0.9877570551507087
2024,05,AUT.2.1.2.7_2,0.6882661996497373,0.976833660353696
2024,05,AUT.2.1.3.2_2,0.6935201401050789,0.9781288258711119
2024,05,AUT.2.1.4.4_2,0.6304728546409808,0.96
2024,05,AUT.2.1.6.1_2,0.712784588441331,0.9825497442877892
2024,05,AUT.2.1.7.4_2,0.6234676007005254,0.9576304088739037
2024,05,AUT.2.1.9.1_2,0.7267950963222417,0.9854440623394105
2024,05,AUT.2.1.9.2_2,0.6987740805604205,0.9793855216409929
2024,05,AUT.2.1.9.3_2,0.7022767075306481,0.9802020199938377
2024,05,AUT.2.10.2.4_2,0.6182136602451839,0.9558054195284729
2024,05,AUT.2.10.2.6_2,0.6357267950963222,0.9617296917533533
2024,05,AUT.2.10.2.7_2,0.6427320490367776,0.9639730286683336
2024,05,AUT.2.10.3.2_2,0.6147110332749562,0.954565869911553
2024,05,AUT.2.10.3.6_2,0.7145359019264449,0.9829262434180909
2024,05,AUT.2.10.4.1_2,0.5954465849387042,0.9474175425861608
2024,05,AUT.2.10.4.2_2,0.6619964973730298,0.9697752316903129
2024,05,AUT.2.10.4.3_2,0.6182136602451839,0.9558054195284729
2024,05,AUT.2.10.4.5_2,0.6234676007005254,0.9576304088739037
2024,05,AUT.2.10.5.2_2,0.6619964973730298,0.9697752316903129
2024,05,AUT.2.10.7.7_2,0.6234676007005254,0.9576304088739037
2024,05,AUT.2.10.9.27_2,0.6444833625218914,0.9645226798784983
2024,05,AUT.2.10.9.8_2,0.6672504378283713,0.9712651543219287
2024,05,AUT.2.2.1.1_2,0.6795096322241682,0.9745891442038537
2024,05,AUT.2.2.3.1_2,0.649737302977233,0.9661449166662318
2024,05,AUT.2.2.3.10_2,0.649737302977233,0.9661449166662318
2024,05,AUT.2.2.3.11_2,0.6007005253940456,0.9494229826584145
2024,05,AUT.2.2.3.2_2,0.660245183887916,0.9692698282728087
2024,05,AUT.2.2.3.7_2,0.6672504378283713,0.9712651543219287
2024,05,AUT.2.2.4.1_2,0.649737302977233,0.9661449166662318
2024,05,AUT.2.2.4.2_2,0.628721541155867,0.9594144047282176
2024,05,AUT.2.2.4.3_2,0.6935201401050789,0.9781288258711119
2024,05,AUT.2.2.5.2_2,0.6514886164623468,0.9666767815562759
2024,05,AUT.2.2.5.4_2,0.6217162872154116,0.9570266453970862
2024,05,AUT.2.2.6.1_2,0.6357267950963222,0.9617296917533533
2024,05,AUT.2.2.6.3_2,0.5551663747810859,0.9306148505155073
2024,05,AUT.2.2.6.4_2,0.5884413309982488,0.9446777228240327
2024,05,AUT.2.2.7.1_2,0.6952714535901927,0.97855199146494
2024,05,AUT.2.2.7.2_2,0.6690017513134852,0.9717530550505102
2024,05,AUT.2.2.7.3_2,0.7215411558669002,0.9843901665498289
2024,05,AUT.2.2.7.4_2,0.7005253940455343,0.9797958971132712
2024,05,AUT.2.2.7.5_2,0.6795096322241682,0.9745891442038537
2024,05,AUT.2.2.7.6_2,0.6777583187390543,0.9741273017424364
2024,05,AUT.2.3.1.1_2,0.7197898423817863,0.9840304873325826
2024,05,AUT.2.3.1.10_2,0.7215411558669002,0.9843901665498289
2024,05,AUT.2.3.1.2_2,0.6987740805604205,0.9793855216409929
2024,05,AUT.2.3.1.3_2,0.6760070052539405,0.9736611320166786
2024,05,AUT.2.3.1.4_2,0.6882661996497373,0.976833660353696
2024,05,AUT.2.3.1.5_2,0.7302977232924693,0.9861257526299574
2024,05,AUT.2.3.1.6_2,0.7197898423817863,0.9840304873325826
2024,05,AUT.2.3.1.7_2,0.670753064798599,0.9722365967191319
2024,05,AUT.2.3.1.8_2,0.6619964973730298,0.9697752316903129
2024,05,AUT.2.3.1.9_2,0.6672504378283713,0.9712651543219287
2024,05,AUT.2.3.10.1_2,0.7460595446584939,0.9889873608899156
2024,05,AUT.2.3.10.2_2,0.6777583187390543,0.9741273017424364
2024,05,AUT.2.3.10.3_2,0.6830122591943959,0.9754998718605759
2024,05,AUT.2.3.11.1_2,0.6357267950963222,0.9617296917533533
2024,05,AUT.2.3.11.2_2,0.7110332749562173,0.9821690282227392
2024,05,AUT.2.3.11.3_2,0.6900175131348513,0.9772696659571503
2024,05,AUT.2.3.11.4_2,0.7495621716287216,0.9895776877031939
2024,05,AUT.2.3.11.5_2,0.7110332749562173,0.9821690282227392
2024,05,AUT.2.3.11.6_2,0.660245183887916,0.9692698282728087
2024,05,AUT.2.3.12.1_2,0.7320490367775833,0.98646033878712025
2024,05,AUT.2.3.12.2_2,0.8003502626970229,0.9962951369950573
2024,05,AUT.2.3.13.1_2,0.6532399299474606,0.9672042183530839
2024,05,AUT.2.3.13.2_2,0.7267950963222417,0.9854440623394105
2024,05,AUT.2.3.13.3_2,0.7215411558669002,0.9843901665498289
2024,05,AUT.2.3.13.4_2,0.6987740805604205,0.9793855216409929
2024,05,AUT.2.3.13.5_2,0.7285464098073555,0.9857869952479592
2024,05,AUT.2.3.13.6_2,0.7250437828371279,0.9850969495435462
2024,05,AUT.2.3.13.7_2,0.6847635726795097,0.9759487691472335
2024,05,AUT.2.3.13.8_2,0.6935201401050789,0.9781288258711119
2024,05,AUT.2.3.14.1_2,0.6970227670753065,0.9789708882290628
2024,05,AUT.2.3.14.2_2,0.7057793345008757,0.9810015290507961
2024,05,AUT.2.3.14.3_2,0.6952714535901927,0.97855199146494
2024,05,AUT.2.3.14.4_2,0.6917688266199651,0.9777013859047148
2024,05,AUT.2.3.15.1_2,0.7215411558669002,0.9843901665498289
2024,05,AUT.2.3.15.2_2,0.7005253940455343,0.9797958971132712
2024,05,AUT.2.3.16.1_2,0.6094570928196147,0.9526720317087093
2024,05,AUT.2.3.16.2_2,0.6795096322241682,0.9745891442038537
2024,05,AUT.2.3.16.3_2,0.6637478108581437,0.970276249322841
2024,05,AUT.2.3.17.1_2,0.712784588441331,0.9825497442877892
2024,05,AUT.2.3.17.2_2,0.7022767075306481,0.9802020199938377
2024,05,AUT.2.3.17.3_2,0.7022767075306481,0.9802020199938377
2024,05,AUT.2.3.18.1_2,0.6987740805604205,0.9793855216409929
2024,05,AUT.2.3.18.2_2,0.6690017513134852,0.9717530550505102
2024,05,AUT.2.3.18.3_2,0.7285464098073555,0.9857869952479592
2024,05,AUT.2.3.18.4_2,0.7180385288966725,0.983666610188635
2024,05,AUT.2.3.19.1_2,0.6514886164623468,0.9666767815562759
2024,05,AUT.2.3.19.2_2,0.6409807355516638,0.9634189120003821
2024,05,AUT.2.3.19.3_2,0.660245183887916,0.9692698282728087
2024,05,AUT.2.3.2.1_2,0.7197898423817863,0.9840304873325826
2024,05,AUT.2.3.2.2_2,0.6637478108581437,0.970276249322841
2024,05,AUT.2.3.2.3_2,0.6952714535901927,0.97855199146494
2024,05,AUT.2.3.2.4_2,0.6795096322241682,0.9745891442038537
2024,05,AUT.2.3.2.5_2,0.6742556917688267,0.9731906288081488
2024,05,AUT.2.3.2.6_2,0.6479859894921192,0.9656086163658648
2024,05,AUT.2.3.3.1_2,0.6917688266199651,0.9777013859047148
2024,05,AUT.2.3.3.10_2,0.660245183887916,0.9692698282728087
2024,05,AUT.2.3.3.2_2,0.6637478108581437,0.970276249322841
2024,05,AUT.2.3.3.3_2,0.6129597197898424,0.9539392014169457
2024,05,AUT.2.3.3.4_2,0.7057793345008757,0.9810015290507961
2024,05,AUT.2.3.3.5_2,0.6619964973730298,0.9697752316903129
2024,05,AUT.2.3.3.6_2,0.6812609457092821,0.975046665549911
2024,05,AUT.2.3.3.7_2,0.6830122591943959,0.9754998718605759
2024,05,AUT.2.3.3.8_2,0.6865148861646235,0.9763933633531108
2024,05,AUT.2.3.3.9_2,0.7040280210157619,0.9806038955664005
2024,05,AUT.2.3.4.1_2,0.6865148861646235,0.9763933633531108
2024,05,AUT.2.3.4.2_2,0.6935201401050789,0.9781288258711119
2024,05,AUT.2.3.4.3_2,0.6690017513134852,0.9717530550505102
2024,05,AUT.2.3.4.4_2,0.6970227670753065,0.9789708882290628
2024,05,AUT.2.3.4.5_2,0.7057793345008757,0.9810015290507961
2024,05,AUT.2.3.4.6_2,0.6812609457092821,0.975046665549911
2024,05,AUT.2.3.4.7_2,0.7267950963222417,0.9854440623394105
2024,05,AUT.2.3.4.8_2,0.6917688266199651,0.9777013859047148
2024,05,AUT.2.3.5.1_2,0.7075306479859896,0.9813949256033475
2024,05,AUT.2.3.5.2_2,0.6690017513134852,0.9717530550505102
2024,05,AUT.2.3.5.3_2,0.7110332749562173,0.9821690282227392
2024,05,AUT.2.3.6.1_2,0.6549912434325745,0.9677272342969376
2024,05,AUT.2.3.6.2_2,0.7320490367775833,0.98646033878712025
2024,05,AUT.2.3.6.3_2,0.6970227670753065,0.9789708882290628
2024,05,AUT.2.3.6.4_2,0.7460595446584939,0.9889873608899156
2024,05,AUT.2.3.7.1_2,0.6882661996497373,0.976833660353696
2024,05,AUT.2.3.7.2_2,0.62697022767075306,0.9588242800430119
2024,05,AUT.2.3.7.3_2,0.649737302977233,0.9661449166662318
2024,05,AUT.2.3.7.4_2,0.7197898423817863,0.9840304873325826
2024,05,AUT.2.3.8.1_2,0.7197898423817863,0.9840304873325826
2024,05,AUT.2.3.8.2_2,0.6830122591943959,0.9754998718605759
2024,05,AUT.2.3.8.3_2,0.6882661996497373,0.976833660353696
2024,05,AUT.2.3.8.4_2,0.6935201401050789,0.9781288258711119
2024,05,AUT.2.3.8.5_2,0.6619964973730298,0.9697752316903129
2024,05,AUT.2.3.9.1_2,0.6549912434325745,0.9677272342969376
2024,05,AUT.2.3.9.10_2,0.7145359019264449,0.9829262434180909
2024,05,AUT.2.3.9.11_2,0.7110332749562173,0.9821690282227392
2024,05,AUT.2.3.9.12_2,0.7005253940455343,0.9797958971132712
2024,05,AUT.2.3.9.13_2,0.6935201401050789,0.9781288258711119
2024,05,AUT.2.3.9.2_2,0.6322241681260946,0.9605810741421048
2024,05,AUT.2.3.9.3_2,0.6357267950963222,0.9617296917533533
2024,05,AUT.2.3.9.4_2,0.7110332749562173,0.9821690282227392
2024,05,AUT.2.3.9.5_2,0.6725043782837129,0.9727157858285225
2024,05,AUT.2.3.9.6_2,0.7250437828371279,0.9850969495435462
2024,05,AUT.2.3.9.7_2,0.6532399299474606,0.9672042183530839
2024,05,AUT.2.3.9.8_2,0.6672504378283713,0.9712651543219287
2024,05,AUT.2.3.9.9_2,0.6847635726795097,0.9759487691472335
2024,05,AUT.2.4.1.1_2,0.6549912434325745,0.9677272342969376
2024,05,AUT.2.4.1.10_2,0.6777583187390543,0.9741273017424364
2024,05,AUT.2.4.1.11_2,0.6952714535901927,0.97855199146494
2024,05,AUT.2.4.1.12_2,0.6882661996497373,0.976833660353696
2024,05,AUT.2.4.1.13_2,0.7022767075306481,0.9802020199938377
2024,05,AUT.2.4.1.14_2,0.6725043782837129,0.9727157858285225
2024,05,AUT.2.4.1.15_2,0.6987740805604205,0.9793855216409929
2024,05,AUT.2.4.1.16_2,0.670753064798599,0.9722365967191319
2024,05,AUT.2.4.1.17_2,0.6865148861646235,0.9763933633531108
2024,05,AUT.2.4.1.18_2,0.7180385288966725,0.983666610188635
2024,05,AUT.2.4.1.19_2,0.6935201401050789,0.9781288258711119
2024,05,AUT.2.4.1.2_2,0.6742556917688267,0.9731906288081488
2024,05,AUT.2.4.1.20_2,0.6865148861646235,0.9763933633531108
2024,05,AUT.2.4.1.21_2,0.6917688266199651,0.9777013859047148
2024,05,AUT.2.4.1.22_2,0.7478108581436077,0.9892845899942038
2024,05,AUT.2.4.1.23_2,0.6935201401050789,0.9781288258711119
2024,05,AUT.2.4.1.24_2,0.6917688266199651,0.9777013859047148
2024,05,AUT.2.4.1.25_2,0.6654991243432575,0.9707728879609279
2024,05,AUT.2.4.1.3_2,0.6952714535901927,0.97855199146494
2024,05,AUT.2.4.1.4_2,0.6725043782837129,0.9727157858285225
2024,05,AUT.2.4.1.5_2,0.6987740805604205,0.9793855216409929
2024,05,AUT.2.4.1.6_2,0.6479859894921192,0.9656086163658648
2024,05,AUT.2.4.1.7_2,0.6865148861646235,0.9763933633531108
2024,05,AUT.2.4.1.8_2,0.6795096322241682,0.9745891442038537
2024,05,AUT.2.4.1.9_2,0.6812609457092821,0.975046665549911
2024,05,AUT.2.5.13.4_2,0.6777583187390543,0.9741273017424364
2024,05,AUT.2.5.17.3_2,0.6462346760070053,0.965067873260736
2024,05,AUT.2.5.18.1_2,0.7040280210157619,0.9806038955664005
2024,05,AUT.2.5.18.4_2,0.7005253940455343,0.9797958971132712
2024,05,AUT.2.5.18.5_2,0.6812609457092821,0.975046665549911
2024,05,AUT.2.5.18.7_2,0.7162872154115587,0.9832985304575615
2024,05,AUT.2.5.2.4_2,0.6900175131348513,0.9772696659571503
2024,05,AUT.2.5.8.2_2,0.6812609457092821,0.975046665549911
2024,05,AUT.2.6.18.2_2,0.6514886164623468,0.9666767815562759
2024,05,AUT.2.6.2.1_2,0.6970227670753065,0.9789708882290628
2024,05,AUT.2.6.22.1_2,0.6935201401050789,0.9781288258711119
2024,05,AUT.2.6.23.1_2,0.6042031523642732,0.9507365565707464
2024,05,AUT.2.6.30.1_2,0.6900175131348513,0.9772696659571503
2024,05,AUT.2.6.30.3_2,0.660245183887916,0.9692698282728087
2024,05,AUT.2.6.30.4_2,0.6725043782837129,0.9727157858285225
2024,05,AUT.2.6.30.5_2,0.7110332749562173,0.9821690282227392
2024,05,AUT.2.6.33.1_2,0.597197898423818,0.9480907129594721
2024,05,AUT.2.6.33.2_2,0.5954465849387042,0.9474175425861608
2024,05,AUT.2.6.8.3_2,0.5516637478108581,0.9290317540321213
2024,05,AUT.2.6.9.3_2,0.5376532399299475,0.9224987804869988
2024,05,AUT.2.7.1.1_2,0.6882661996497373,0.976833660353696
2024,05,AUT.2.7.1.2_2,0.6059544658493871,0.9513863568498342
2024,05,AUT.2.7.10.1_2,0.6900175131348513,0.9772696659571503
2024,05,AUT.2.7.10.2_2,0.6952714535901927,0.97855199146494
2024,05,AUT.2.7.11.1_2,0.6987740805604205,0.9793855216409929
2024,05,AUT.2.7.11.2_2,0.7425569176882663,0.9883804935347521
2024,05,AUT.2.7.11.3_2,0.7057793345008757,0.9810015290507961
2024,05,AUT.2.7.12.1_2,0.649737302977233,0.9661449166662318
2024,05,AUT.2.7.12.2_2,0.6865148861646235,0.9763933633531108
2024,05,AUT.2.7.12.3_2,0.7022767075306481,0.9802020199938377
2024,05,AUT.2.7.12.4_2,0.7057793345008757,0.9810015290507961
2024,05,AUT.2.7.12.5_2,0.7005253940455343,0.9797958971132712
2024,05,AUT.2.7.12.6_2,0.7285464098073555,0.9857869952479592
2024,05,AUT.2.7.13.1_2,0.7355516637478109,0.9871170143402452
2024,05,AUT.2.7.13.2_2,0.7443082311733801,0.9886859966642594
2024,05,AUT.2.7.13.3_2,0.7355516637478109,0.9871170143402452
2024,05,AUT.2.7.14.1_2,0.7145359019264449,0.9829262434180909
2024,05,AUT.2.7.14.2_2,0.6742556917688267,0.9731906288081488
2024,05,AUT.2.7.14.3_2,0.6882661996497373,0.976833660353696
2024,05,AUT.2.7.14.4_2,0.7197898423817863,0.9840304873325826
2024,05,AUT.2.7.14.5_2,0.6847635726795097,0.9759487691472335
2024,05,AUT.2.7.14.6_2,0.6952714535901927,0.97855199146494
2024,05,AUT.2.7.15.1_2,0.6935201401050789,0.9781288258711119
2024,05,AUT.2.7.15.2_2,0.7180385288966725,0.983666610188635
2024,05,AUT.2.7.15.3_2,0.712784588441331,0.9825497442877892
2024,05,AUT.2.7.15.4_2,0.6760070052539405,0.9736611320166786
2024,05,AUT.2.7.16.1_2,0.6742556917688267,0.9731906288081488
2024,05,AUT.2.7.16.2_2,0.712784588441331,0.9825497442877892
2024,05,AUT.2.7.16.3_2,0.6637478108581437,0.970276249322841
2024,05,AUT.2.7.16.4_2,0.6479859894921192,0.9656086163658648
2024,05,AUT.2.7.16.5_2,0.6654991243432575,0.9707728879609279
2024,05,AUT.2.7.16.6_2,0.6987740805604205,0.9793855216409929
2024,05,AUT.2.7.16.7_2,0.6952714535901927,0.97855199146494
2024,05,AUT.2.7.17.1_2,0.7075306479859896,0.9813949256033475
2024,05,AUT.2.7.17.2_2,0.6742556917688267,0.9731906288081488
2024,05,AUT.2.7.17.3_2,0.6865148861646235,0.9763933633531108
2024,05,AUT.2.7.17.4_2,0.6217162872154116,0.9570266453970862
2024,05,AUT.2.7.17.5_2,0.7302977232924693,0.9861257526299574
2024,05,AUT.2.7.17.6_2,0.6865148861646235,0.9763933633531108
2024,05,AUT.2.7.17.7_2,0.7267950963222417,0.9854440623394105
2024,05,AUT.2.7.17.8_2,0.7022767075306481,0.9802020199938377
2024,05,AUT.2.7.18.1_2,0.6742556917688267,0.9731906288081488
2024,05,AUT.2.7.18.2_2,0.7057793345008757,0.9810015290507961
2024,05,AUT.2.7.18.3_2,0.6847635726795097,0.9759487691472335
2024,05,AUT.2.7.18.4_2,0.6742556917688267,0.9731906288081488
2024,05,AUT.2.7.19.1_2,0.7005253940455343,0.9797958971132712
2024,05,AUT.2.7.19.2_2,0.7443082311733801,0.9886859966642594
2024,05,AUT.2.7.19.3_2,0.6654991243432575,0.9707728879609279
2024,05,AUT.2.7.19.4_2,0.6742556917688267,0.9731906288081488
2024,05,AUT.2.7.19.5_2,0.6987740805604205,0.9793855216409929
2024,05,AUT.2.7.2.1_2,0.6672504378283713,0.9712651543219287
2024,05,AUT.2.7.2.2_2,0.7057793345008757,0.9810015290507961
2024,05,AUT.2.7.2.3_2,0.6935201401050789,0.9781288258711119
2024,05,AUT.2.7.2.4_2,0.670753064798599,0.9722365967191319
2024,05,AUT.2.7.2.5_2,0.6672504378283713,0.9712651543219287
2024,05,AUT.2.7.2.6_2,0.6830122591943959,0.9754998718605759
2024,05,AUT.2.7.3.1_2,0.7145359019264449,0.9829262434180909
2024,05,AUT.2.7.3.2_2,0.6900175131348513,0.9772696659571503
2024,05,AUT.2.7.3.3_2,0.5936952714535902,0.9467396685467447
2024,05,AUT.2.7.3.4_2,0.7285464098073555,0.9857869952479592
2024,05,AUT.2.7.4.1_2,0.7145359019264449,0.9829262434180909
2024,05,AUT.2.7.4.2_2,0.6865148861646235,0.9763933633531108
2024,05,AUT.2.7.5.1_2,0.7267950963222417,0.9854440623394105
2024,05,AUT.2.7.6.1_2,0.628721541155867,0.9594144047282176
2024,05,AUT.2.7.7.1_2,0.6830122591943959,0.9754998718605759
2024,05,AUT.2.7.7.2_2,0.6549912434325745,0.9677272342969376
2024,05,AUT.2.7.8.1_2,0.7250437828371279,0.9850969495435462
2024,05,AUT.2.7.8.2_2,0.7408056042031524,0.9880708476622514
2024,05,AUT.2.7.8.3_2,0.7320490367775833,0.98646033878712025
2024,05,AUT.2.7.8.4_2,0.7215411558669002,0.9843901665498289
2024,05,AUT.2.7.8.5_2,0.670753064798599,0.9722365967191319
2024,05,AUT.2.7.8.6_2,0.7110332749562173,0.9821690282227392
2024,05,AUT.2.7.8.7_2,0.7285464098073555,0.9857869952479592
2024,05,AUT.2.7.8.8_2,0.7180385288966725,0.983666610188635
2024,05,AUT.2.7.8.9_2,0.7110332749562173,0.9821690282227392
2024,05,AUT.2.7.9.1_2,0.7145359019264449,0.9829262434180909
2024,05,AUT.2.7.9.2_2,0.7162872154115587,0.9832985304575615
2024,05,AUT.2.7.9.3_2,0.6830122591943959,0.9754998718605759
2024,05,AUT.2.8.1.1_2,0.7653239929947461,0.9920302414745228
2024,05,AUT.2.8.1.10_2,0.7197898423817863,0.9840304873325826
2024,05,AUT.2.8.1.11_2,0.7180385288966725,0.983666610188635
2024,05,AUT.2.8.1.12_2,0.7688266199649738,0.9925301002992302
2024,05,AUT.2.8.1.13_2,0.7600700525394046,0.9912497162672985
2024,05,AUT.2.8.1.14_2,0.7197898423817863,0.9840304873325826
2024,05,AUT.2.8.1.15_2,0.7373029772329247,0.987439112046915
2024,05,AUT.2.8.1.16_2,0.7653239929947461,0.9920302414745228
2024,05,AUT.2.8.1.17_2,0.6987740805604205,0.9793855216409929
2024,05,AUT.2.8.1.2_2,0.7828371278458844,0.9943661297530201
2024,05,AUT.2.8.1.3_2,0.6882661996497373,0.976833660353696
2024,05,AUT.2.8.1.4_2,0.7267950963222417,0.9854440623394105
2024,05,AUT.2.8.1.5_2,0.7793345008756568,0.993931587182941
2024,05,AUT.2.8.1.6_2,0.7162872154115587,0.9832985304575615
2024,05,AUT.2.8.1.7_2,0.7180385288966725,0.983666610188635
2024,05,AUT.2.8.1.8_2,0.7197898423817863,0.9840304873325826
2024,05,AUT.2.8.1.9_2,0.7040280210157619,0.9806038955664005
2024,05,AUT.2.9.11.3_2,0.6654991243432575,0.9707728879609279
2024,05,AUT.2.9.6.1_2,0.6637478108581437,0.970276249322841
2024,05,AUT.2.9.6.3_2,0.7110332749562173,0.9821690282227392
2024,05,AUT.3.1.1.1_2,0.6637478108581437,0.970276249322841
2024,05,AUT.3.1.1.2_2,0.6462346760070053,0.965067873260736
2024,05,AUT.3.1.10.1_2,0.6182136602451839,0.9558054195284729
2024,05,AUT.3.1.10.2_2,0.597197898423818,0.9480907129594721
2024,05,AUT.3.1.10.3_2,0.6444833625218914,0.9645226798784983
2024,05,AUT.3.1.11.1_2,0.6409807355516638,0.9634189120003821
2024,05,AUT.3.1.11.2_2,0.6462346760070053,0.965067873260736
2024,05,AUT.3.1.12.1_2,0.6549912434325745,0.9677272342969376
2024,05,AUT.3.1.12.10_2,0.6129597197898424,0.9539392014169457
2024,05,AUT.3.1.12.11_2,0.628721541155867,0.9594144047282176
2024,05,AUT.3.1.12.12_2,0.6094570928196147,0.9526720317087093
2024,05,AUT.3.1.12.2_2,0.6584938704028022,0.9687600322061186
2024,05,AUT.3.1.12.3_2,0.6059544658493871,0.9513863568498342
2024,05,AUT.3.1.12.4_2,0.6357267950963222,0.9617296917533533
2024,05,AUT.3.1.12.5_2,0.5901926444833626,0.9453697689264238
2024,05,AUT.3.1.12.6_2,0.6182136602451839,0.9558054195284729
2024,05,AUT.3.1.12.7_2,0.6217162872154116,0.9570266453970862
2024,05,AUT.3.1.12.8_2,0.62697022767075306,0.9588242800430119
2024,05,AUT.3.1.12.9_2,0.6252189141856392,0.9582296175760798
2024,05,AUT.3.1.13.1_2,0.6917688266199651,0.9777013859047148
2024,05,AUT.3.1.13.2_2,0.6252189141856392,0.9582296175760798
2024,05,AUT.3.1.13.3_2,0.660245183887916,0.9692698282728087
2024,05,AUT.3.1.13.4_2,0.670753064798599,0.9722365967191319
2024,05,AUT.3.1.13.5_2,0.6234676007005254,0.9576304088739037
2024,05,AUT.3.1.13.6_2,0.6077057793345009,0.9520315120835025
2024,05,AUT.3.1.14.1_2,0.6462346760070053,0.965067873260736
2024,05,AUT.3.1.14.2_2,0.6654991243432575,0.9707728879609279
2024,05,AUT.3.1.14.3_2,0.670753064798599,0.9722365967191319
2024,05,AUT.3.1.14.4_2,0.6252189141856392,0.9582296175760798
2024,05,AUT.3.1.14.5_2,0.6514886164623468,0.9666767815562759
2024,05,AUT.3.1.15.1_2,0.5989492119089318,0.9487591896788141
2024,05,AUT.3.1.15.2_2,0.62697022767075306,0.9588242800430119
2024,05,AUT.3.1.16.1_2,0.628721541155867,0.9594144047282176
2024,05,AUT.3.1.16.2_2,0.62697022767075306,0.9588242800430119
2024,05,AUT.3.1.16.3_2,0.6532399299474606,0.9672042183530839
2024,05,AUT.3.1.16.4_2,0.63922942206655,0.9628603221651623
2024,05,AUT.3.1.16.5_2,0.6374781085814362,0.962297251372984
2024,05,AUT.3.1.16.6_2,0.6427320490367776,0.9639730286683336
2024,05,AUT.3.1.16.7_2,0.6182136602451839,0.9558054195284729
2024,05,AUT.3.1.17.1_2,0.597197898423818,0.9480907129594721
2024,05,AUT.3.1.17.2_2,0.6427320490367776,0.9639730286683336
2024,05,AUT.3.1.17.3_2,0.6304728546409808,0.96
2024,05,AUT.3.1.17.4_2,0.6199649737302978,0.9564183185196736
2024,05,AUT.3.1.17.5_2,0.5726795096322242,0.9382345122622595
2024,05,AUT.3.1.17.6_2,0.6444833625218914,0.9645226798784983
2024,05,AUT.3.1.17.7_2,0.5709281961471104,0.9374945333173949
2024,05,AUT.3.1.17.8_2,0.6514886164623468,0.9666767815562759
2024,05,AUT.3.1.18.1_2,0.5901926444833626,0.9453697689264238
2024,05,AUT.3.1.18.2_2,0.6514886164623468,0.9666767815562759
2024,05,AUT.3.1.19.1_2,0.6112084063047285,0.9533079250693346
2024,05,AUT.3.1.19.2_2,0.6374781085814362,0.962297251372984
2024,05,AUT.3.1.19.3_2,0.628721541155867,0.9594144047282176
2024,05,AUT.3.1.19.4_2,0.6339754816112084,0.9611576353543679
2024,05,AUT.3.1.2.1_2,0.5901926444833626,0.9453697689264238
2024,05,AUT.3.1.2.2_2,0.6042031523642732,0.9507365565707464
2024,05,AUT.3.1.2.3_2,0.6339754816112084,0.9611576353543679
2024,05,AUT.3.1.2.4_2,0.6164623467600701,0.955187939622355
2024,05,AUT.3.1.2.5_2,0.6322241681260946,0.9605810741421048
2024,05,AUT.3.1.2.6_2,0.5831873905429072,0.9425730740902798
2024,05,AUT.3.1.2.7_2,0.6094570928196147,0.9526720317087093
2024,05,AUT.3.1.20.1_2,0.6322241681260946,0.9605810741421048
2024,05,AUT.3.1.20.2_2,0.649737302977233,0.9661449166662318
2024,05,AUT.3.1.20.3_2,0.6444833625218914,0.9645226798784983
2024,05,AUT.3.1.20.4_2,0.6760070052539405,0.9736611320166786
2024,05,AUT.3.1.21.1_2,0.6514886164623468,0.9666767815562759
2024,05,AUT.3.1.21.2_2,0.6409807355516638,0.9634189120003821
2024,05,AUT.3.1.21.3_2,0.5814360770577934,0.9418619856433319
2024,05,AUT.3.1.21.4_2,0.6619964973730298,0.9697752316903129
2024,05,AUT.3.1.22.1_2,0.5936952714535902,0.9467396685467447
2024,05,AUT.3.1.22.2_2,0.5831873905429072,0.9425730740902798
2024,05,AUT.3.1.23.1_2,0.5954465849387042,0.9474175425861608
2024,05,AUT.3.1.23.2_2,0.5884413309982488,0.9446777228240327
2024,05,AUT.3.1.23.3_2,0.6182136602451839,0.9558054195284729
2024,05,AUT.3.1.23.4_2,0.6182136602451839,0.9558054195284729
2024,05,AUT.3.1.23.5_2,0.6935201401050789,0.9781288258711119
2024,05,AUT.3.1.23.6_2,0.6234676007005254,0.9576304088739037
2024,05,AUT.3.1.24.1_2,0.6374781085814362,0.962297251372984
2024,05,AUT.3.1.24.2_2,0.6514886164623468,0.9666767815562759
2024,05,AUT.3.1.24.3_2,0.6479859894921192,0.9656086163658648
2024,05,AUT.3.1.24.4_2,0.63922942206655,0.9628603221651623
2024,05,AUT.3.1.24.5_2,0.6164623467600701,0.955187939622355
2024,05,AUT.3.1.24.6_2,0.63922942206655,0.9628603221651623
2024,05,AUT.3.1.25.1_2,0.6059544658493871,0.9513863568498342
2024,05,AUT.3.1.25.2_2,0.6479859894921192,0.9656086163658648
2024,05,AUT.3.1.25.3_2,0.6462346760070053,0.965067873260736
2024,05,AUT.3.1.25.4_2,0.6935201401050789,0.9781288258711119
2024,05,AUT.3.1.25.5_2,0.6374781085814362,0.962297251372984
2024,05,AUT.3.1.25.6_2,0.6549912434325745,0.9677272342969376
2024,05,AUT.3.1.26.1_2,0.6322241681260946,0.9605810741421048
2024,05,AUT.3.1.26.2_2,0.6637478108581437,0.970276249322841
2024,05,AUT.3.1.27.1_2,0.5674255691768827,0.936
2024,05,AUT.3.1.27.2_2,0.6374781085814362,0.962297251372984
2024,05,AUT.3.1.28.1_2,0.5919439579684764,0.946057080730333
2024,05,AUT.3.1.28.2_2,0.6252189141856392,0.9582296175760798
2024,05,AUT.3.1.28.3_2,0.6584938704028022,0.9687600322061186
2024,05,AUT.3.1.29.1_2,0.649737302977233,0.9661449166662318
2024,05,AUT.3.1.29.2_2,0.6672504378283713,0.9712651543219287
2024,05,AUT.3.1.29.3_2,0.6514886164623468,0.9666767815562759
2024,05,AUT.3.1.29.4_2,0.6479859894921192,0.9656086163658648
2024,05,AUT.3.1.3.1_2,0.6094570928196147,0.9526720317087093
2024,05,AUT.3.1.3.2_2,0.6357267950963222,0.9617296917533533
2024,05,AUT.3.1.3.3_2,0.6077057793345009,0.9520315120835025
2024,05,AUT.3.1.3.4_2,0.6112084063047285,0.9533079250693346
2024,05,AUT.3.1.30.1_2,0.6217162872154116,0.9570266453970862
2024,05,AUT.3.1.30.2_2,0.6094570928196147,0.9526720317087093
2024,05,AUT.3.1.30.3_2,0.6322241681260946,0.9605810741421048
2024,05,AUT.3.1.30.4_2,0.6304728546409808,0.96
2024,05,AUT.3.1.30.5_2,0.6374781085814362,0.962297251372984
2024,05,AUT.3.1.30.6_2,0.6322241681260946,0.9605810741421048
2024,05,AUT.3.1.31.1_2,0.6830122591943959,0.9754998718605759
2024,05,AUT.3.1.31.2_2,0.6357267950963222,0.9617296917533533
2024,05,AUT.3.1.32.1_2,0.5849387040280211,0.9432793859721519
2024,05,AUT.3.1.32.2_2,0.6514886164623468,0.9666767815562759
2024,05,AUT.3.1.32.3_2,0.649737302977233,0.9661449166662318
2024,05,AUT.3.1.33.1_2,0.6234676007005254,0.9576304088739037
2024,05,AUT.3.1.33.2_2,0.63922942206655,0.9628603221651623
2024,05,AUT.3.1.33.3_2,0.6637478108581437,0.970276249322841
2024,05,AUT.3.1.33.4_2,0.62697022767075306,0.9588242800430119
2024,05,AUT.3.1.33.5_2,0.6339754816112084,0.9611576353543679
2024,05,AUT.3.1.33.6_2,0.6672504378283713,0.9712651543219287
2024,05,AUT.3.1.33.7_2,0.6462346760070053,0.965067873260736
2024,05,AUT.3.1.33.8_2,0.6690017513134852,0.9717530550505102
2024,05,AUT.3.1.34.1_2,0.5674255691768827,0.936
2024,05,AUT.3.1.4.1_2,0.6147110332749562,0.954565869911553
2024,05,AUT.3.1.4.2_2,0.5901926444833626,0.9453697689264238
2024,05,AUT.3.1.4.3_2,0.6147110332749562,0.954565869911553
2024,05,AUT.3.1.4.4_2,0.6094570928196147,0.9526720317087093
2024,05,AUT.3.1.4.5_2,0.6339754816112084,0.9611576353543679
2024,05,AUT.3.1.4.6_2,0.6619964973730298,0.9697752316903129
2024,05,AUT.3.1.5.1_2,0.6549912434325745,0.9677272342969376
2024,05,AUT.3.1.5.2_2,0.6444833625218914,0.9645226798784983
2024,05,AUT.3.1.6.1_2,0.6094570928196147,0.9526720317087093
2024,05,AUT.3.1.7.1_2,0.6427320490367776,0.9639730286683336
2024,05,AUT.3.1.8.1_2,0.5884413309982488,0.9446777228240327
2024,05,AUT.3.1.8.2_2,0.649737302977233,0.9661449166662318
2024,05,AUT.3.1.9.1_2,0.6217162872154116,0.9570266453970862
2024,05,AUT.3.10.1.1_2,0.6234676007005254,0.9576304088739037
2024,05,AUT.3.10.16.10_2,0.5849387040280211,0.9432793859721519
2024,05,AUT.3.10.16.13_2,0.5936952714535902,0.9467396685467447
2024,05,AUT.3.10.16.15_2,0.6129597197898424,0.9539392014169457
2024,05,AUT.3.10.16.2_2,0.6322241681260946,0.9605810741421048
2024,05,AUT.3.10.16.20_2,0.6339754816112084,0.9611576353543679
2024,05,AUT.3.10.16.5_2,0.6182136602451839,0.9558054195284729
2024,05,AUT.3.10.16.8_2,0.5534150612959721,0.9298257901349047
2024,05,AUT.3.10.19.1_2,0.6112084063047285,0.9533079250693346
2024,05,AUT.3.10.19.2_2,0.6147110332749562,0.954565869911553
2024,05,AUT.3.10.19.3_2,0.5709281961471104,0.9374945333173949
2024,05,AUT.3.10.19.4_2,0.62697022767075306,0.9588242800430119
2024,05,AUT.3.10.19.5_2,0.586690017513135,0.9439809320108113
2024,05,AUT.3.10.19.6_2,0.6654991243432575,0.9707728879609279
2024,05,AUT.3.10.24.4_2,0.586690017513135,0.9439809320108113
2024,05,AUT.3.10.3.8_2,0.6252189141856392,0.9582296175760798
2024,05,AUT.3.10.4.1_2,0.6217162872154116,0.9570266453970862
2024,05,AUT.3.10.6.1_2,0.5989492119089318,0.9487591896788141
2024,05,AUT.3.10.7.7_2,0.6077057793345009,0.9520315120835025
2024,05,AUT.3.10.9.2_2,0.5604203152364273,0.9329523031752481
2024,05,AUT.3.10.9.3_2,0.6077057793345009,0.9520315120835025
2024,05,AUT.3.10.9.5_2,0.6182136602451839,0.9558054195284729
2024,05,AUT.3.10.9.6_2,0.6024518388791593,0.9500821017154254
2024,05,AUT.3.11.1.2_2,0.63922942206655,0.9628603221651623
2024,05,AUT.3.11.1.3_2,0.6672504378283713,0.9712651543219287
2024,05,AUT.3.11.1.4_2,0.6549912434325745,0.9677272342969376
2024,05,AUT.3.11.10.2_2,0.6217162872154116,0.9570266453970862
2024,05,AUT.3.11.12.10_2,0.6112084063047285,0.9533079250693346
2024,05,AUT.3.11.12.11_2,0.6217162872154116,0.9570266453970862
2024,05,AUT.3.11.12.3_2,0.6007005253940456,0.9494229826584145
2024,05,AUT.3.11.2.1_2,0.6199649737302978,0.9564183185196736
2024,05,AUT.3.11.2.2_2,0.6252189141856392,0.9582296175760798
2024,05,AUT.3.11.3.5_2,0.6112084063047285,0.9533079250693346
2024,05,AUT.3.11.8.2_2,0.6672504378283713,0.9712651543219287
2024,05,AUT.3.12.1.1_2,0.6322241681260946,0.9605810741421048
2024,05,AUT.3.12.1.10_2,0.6444833625218914,0.9645226798784983
2024,05,AUT.3.12.1.11_2,0.6042031523642732,0.9507365565707464
2024,05,AUT.3.12.1.12_2,0.628721541155867,0.9594144047282176
2024,05,AUT.3.12.1.13_2,0.6374781085814362,0.962297251372984
2024,05,AUT.3.12.1.14_2,0.6900175131348513,0.9772696659571503
2024,05,AUT.3.12.1.2_2,0.6444833625218914,0.9645226798784983
2024,05,AUT.3.12.1.3_2,0.6129597197898424,0.9539392014169457
2024,05,AUT.3.12.1.4_2,0.5919439579684764,0.946057080730333
2024,05,AUT.3.12.1.5_2,0.6042031523642732,0.9507365565707464
2024,05,AUT.3.12.1.6_2,0.628721541155867,0.9594144047282176
2024,05,AUT.3.12.1.7_2,0.6514886164623468,0.9666767815562759
2024,05,AUT.3.12.1.8_2,0.6059544658493871,0.9513863568498342
2024,05,AUT.3.12.1.9_2,0.6444833625218914,0.9645226798784983
2024,05,AUT.3.12.10.1_2,0.6077057793345009,0.9520315120835025
2024,05,AUT.3.12.10.2_2,0.6374781085814362,0.962297251372984
2024,05,AUT.3.12.10.3_2,0.6339754816112084,0.9611576353543679
2024,05,AUT.3.12.11.1_2,0.6409807355516638,0.9634189120003821
2024,05,AUT.3.12.11.10_2,0.62697022767075306,0.9588242800430119
2024,05,AUT.3.12.11.11_2,0.6357267950963222,0.9617296917533533
2024,05,AUT.3.12.11.12_2,0.6339754816112084,0.9611576353543679
2024,05,AUT.3.12.11.13_2,0.6059544658493871,0.9513863568498342
2024,05,AUT.3.12.11.14_2,0.62697022767075306,0.9588242800430119
2024,05,AUT.3.12.11.15_2,0.6252189141856392,0.9582296175760798
2024,05,AUT.3.12.11.16_2,0.628721541155867,0.9594144047282176
2024,05,AUT.3.12.11.17_2,0.6357267950963222,0.9617296917533533
2024,05,AUT.3.12.11.18_2,0.649737302977233,0.9661449166662318
2024,05,AUT.3.12.11.19_2,0.6129597197898424,0.9539392014169457
2024,05,AUT.3.12.11.2_2,0.6199649737302978,0.9564183185196736
2024,05,AUT.3.12.11.3_2,0.5989492119089318,0.9487591896788141
2024,05,AUT.3.12.11.4_2,0.628721541155867,0.9594144047282176
2024,05,AUT.3.12.11.5_2,0.6322241681260946,0.9605810741421048
2024,05,AUT.3.12.11.6_2,0.5919439579684764,0.946057080730333
2024,05,AUT.3.12.11.7_2,0.6252189141856392,0.9582296175760798
2024,05,AUT.3.12.11.8_2,0.5709281961471104,0.9374945333173949
2024,05,AUT.3.12.11.9_2,0.5691768826619966,0.9367496997597597
2024,05,AUT.3.12.12.1_2,0.62697022767075306,0.9588242800430119
2024,05,AUT.3.12.12.2_2,0.6549912434325745,0.9677272342969376
2024,05,AUT.3.12.12.3_2,0.5656742556917689,0.9352454223357631
2024,05,AUT.3.12.12.4_2,0.6129597197898424,0.9539392014169457
2024,05,AUT.3.12.12.5_2,0.63922942206655,0.9628603221651623
2024,05,AUT.3.12.12.6_2,0.5989492119089318,0.9487591896788141
2024,05,AUT.3.12.12.7_2,0.6112084063047285,0.9533079250693346
2024,05,AUT.3.12.13.1_2,0.6007005253940456,0.9494229826584145
2024,05,AUT.3.12.13.2_2,0.670753064798599,0.9722365967191319
2024,05,AUT.3.12.13.3_2,0.628721541155867,0.9594144047282176
2024,05,AUT.3.12.14.1_2,0.6147110332749562,0.954565869911553
2024,05,AUT.3.12.15.1_2,0.6217162872154116,0.9570266453970862
2024,05,AUT.3.12.15.2_2,0.6129597197898424,0.9539392014169457
2024,05,AUT.3.12.16.1_2,0.63922942206655,0.9628603221651623
2024,05,AUT.3.12.16.2_2,0.6024518388791593,0.9500821017154254
2024,05,AUT.3.12.16.3_2,0.6042031523642732,0.9507365565707464
2024,05,AUT.3.12.16.4_2,0.597197898423818,0.9480907129594721
2024,05,AUT.3.12.16.5_2,0.6182136602451839,0.9558054195284729
2024,05,AUT.3.12.16.6_2,0.6672504378283713,0.9712651543219287
2024,05,AUT.3.12.17.1_2,0.5586690017513135,0.9321780945720619
2024,05,AUT.3.12.17.2_2,0.6112084063047285,0.9533079250693346
2024,05,AUT.3.12.17.3_2,0.5989492119089318,0.9487591896788141
2024,05,AUT.3.12.17.4_2,0.628721541155867,0.9594144047282176
2024,05,AUT.3.12.17.5_2,0.6094570928196147,0.9526720317087093
2024,05,AUT.3.12.18.1_2,0.6182136602451839,0.9558054195284729
2024,05,AUT.3.12.18.2_2,0.6532399299474606,0.9672042183530839
2024,05,AUT.3.12.18.3_2,0.6322241681260946,0.9605810741421048
2024,05,AUT.3.12.18.4_2,0.6795096322241682,0.9745891442038537
2024,05,AUT.3.12.18.5_2,0.6882661996497373,0.976833660353696
2024,05,AUT.3.12.18.6_2,0.63922942206655,0.9628603221651623
2024,05,AUT.3.12.19.1_2,0.62697022767075306,0.9588242800430119
2024,05,AUT.3.12.19.2_2,0.6374781085814362,0.962297251372984
2024,05,AUT.3.12.19.3_2,0.6129597197898424,0.9539392014169457
2024,05,AUT.3.12.19.4_2,0.6147110332749562,0.954565869911553
2024,05,AUT.3.12.2.1_2,0.6514886164623468,0.9666767815562759
2024,05,AUT.3.12.2.2_2,0.6847635726795097,0.9759487691472335
2024,05,AUT.3.12.2.3_2,0.6129597197898424,0.9539392014169457
2024,05,AUT.3.12.2.4_2,0.6725043782837129,0.9727157858285225
2024,05,AUT.3.12.2.5_2,0.6444833625218914,0.9645226798784983
2024,05,AUT.3.12.2.6_2,0.6812609457092821,0.975046665549911
2024,05,AUT.3.12.20_2,0.6322241681260946,0.9605810741421048
2024,05,AUT.3.12.20.1_2,0.6199649737302978,0.9564183185196736
2024,05,AUT.3.12.20.2_2,0.6532399299474606,0.9672042183530839
2024,05,AUT.3.12.20.3_2,0.62697022767075306,0.9588242800430119
2024,05,AUT.3.12.20.4_2,0.6357267950963222,0.9617296917533533
2024,05,AUT.3.12.20.5_2,0.6199649737302978,0.9564183185196736
2024,05,AUT.3.12.20.6_2,0.6409807355516638,0.9634189120003821
2024,05,AUT.3.12.20.7_2,0.649737302977233,0.9661449166662318
2024,05,AUT.3.12.21.1_2,0.6024518388791593,0.9500821017154254
2024,05,AUT.3.12.21.10_2,0.6357267950963222,0.9617296917533533
2024,05,AUT.3.12.21.2_2,0.5936952714535902,0.9467396685467447
2024,05,AUT.3.12.21.3_2,0.6795096322241682,0.9745891442038537
2024,05,AUT.3.12.21.4_2,0.5884413309982488,0.9446777228240327
2024,05,AUT.3.12.21.5_2,0.6637478108581437,0.970276249322841
2024,05,AUT.3.12.21.6_2,0.6147110332749562,0.954565869911553
2024,05,AUT.3.12.21.7_2,0.6882661996497373,0.976833660353696
2024,05,AUT.3.12.21.8_2,0.6374781085814362,0.962297251372984
2024,05,AUT.3.12.21.9_2,0.6322241681260946,0.9605810741421048
2024,05,AUT.3.12.22.1_2,0.6357267950963222,0.9617296917533533
2024,05,AUT.3.12.22.10_2,0.6077057793345009,0.9520315120835025
2024,05,AUT.3.12.22.2_2,0.6339754816112084,0.9611576353543679
2024,05,AUT.3.12.22.3_2,0.5989492119089318,0.9487591896788141
2024,05,AUT.3.12.22.4_2,0.6147110332749562,0.954565869911553
2024,05,AUT.3.12.22.5_2,0.6217162872154116,0.9570266453970862
2024,05,AUT.3.12.22.6_2,0.6374781085814362,0.962297251372984
2024,05,AUT.3.12.22.7_2,0.5814360770577934,0.9418619856433319
2024,05,AUT.3.12.22.8_2,0.5884413309982488,0.9446777228240327
2024,05,AUT.3.12.22.9_2,0.6444833625218914,0.9645226798784983
2024,05,AUT.3.12.23.1_2,0.6357267950963222,0.9617296917533533
2024,05,AUT.3.12.23.2_2,0.5954465849387042,0.9474175425861608
2024,05,AUT.3.12.24.1_2,0.5989492119089318,0.9487591896788141
2024,05,AUT.3.12.24.2_2,0.6322241681260946,0.9605810741421048
2024,05,AUT.3.12.24.3_2,0.6567425569176883,0.9682458365518543
2024,05,AUT.3.12.25.1_2,0.6007005253940456,0.9494229826584145
2024,05,AUT.3.12.25.2_2,0.660245183887916,0.9692698282728087
2024,05,AUT.3.12.25.3_2,0.6532399299474606,0.9672042183530839
2024,05,AUT.3.12.26.1_2,0.660245183887916,0.9692698282728087
2024,05,AUT.3.12.27.1_2,0.660245183887916,0.9692698282728087
2024,05,AUT.3.12.27.2_2,0.6252189141856392,0.9582296175760798
2024,05,AUT.3.12.27.3_2,0.6777583187390543,0.9741273017424364
2024,05,AUT.3.12.27.4_2,0.6917688266199651,0.9777013859047148
2024,05,AUT.3.12.27.5_2,0.6199649737302978,0.9564183185196736
2024,05,AUT.3.12.27.6_2,0.6252189141856392,0.9582296175760798
2024,05,AUT.3.12.28.1_2,0.6059544658493871,0.9513863568498342
2024,05,AUT.3.12.28.10_2,0.63922942206655,0.9628603221651623
2024,05,AUT.3.12.28.11_2,0.6129597197898424,0.9539392014169457
2024,05,AUT.3.12.28.12_2,0.6094570928196147,0.9526720317087093
2024,05,AUT.3.12.28.13_2,0.5709281961471104,0.9374945333173949
2024,05,AUT.3.12.28.14_2,0.6252189141856392,0.9582296175760798
2024,05,AUT.3.12.28.15_2,0.6234676007005254,0.9576304088739037
2024,05,AUT.3.12.28.16_2,0.6217162872154116,0.9570266453970862
2024,05,AUT.3.12.28.17_2,0.6182136602451839,0.9558054195284729
2024,05,AUT.3.12.28.18_2,0.5901926444833626,0.9453697689264238
2024,05,AUT.3.12.28.19_2,0.6164623467600701,0.955187939622355
2024,05,AUT.3.12.28.2_2,0.5761821366024519,0.939699952112375
2024,05,AUT.3.12.28.20_2,0.6462346760070053,0.965067873260736
2024,05,AUT.3.12.28.21_2,0.660245183887916,0.9692698282728087
2024,05,AUT.3.12.28.22_2,0.6234676007005254,0.9576304088739037
2024,05,AUT.3.12.28.23_2,0.6339754816112084,0.9611576353543679
2024,05,AUT.3.12.28.24_2,0.6549912434325745,0.9677272342969376
2024,05,AUT.3.12.28.25_2,0.6042031523642732,0.9507365565707464
2024,05,AUT.3.12.28.26_2,0.6339754816112084,0.9611576353543679
2024,05,AUT.3.12.28.27_2,0.6672504378283713,0.9712651543219287
2024,05,AUT.3.12.28.3_2,0.6059544658493871,0.9513863568498342
2024,05,AUT.3.12.28.4_2,0.628721541155867,0.9594144047282176
2024,05,AUT.3.12.28.5_2,0.6444833625218914,0.9645226798784983
2024,05,AUT.3.12.28.6_2,0.6444833625218914,0.9645226798784983
2024,05,AUT.3.12.28.7_2,0.6357267950963222,0.9617296917533533
2024,05,AUT.3.12.28.8_2,0.5954465849387042,0.9474175425861608
2024,05,AUT.3.12.28.9_2,0.6619964973730298,0.9697752316903129
2024,05,AUT.3.12.29.11_2,0.6182136602451839,0.9558054195284729
2024,05,AUT.3.12.29.14_2,0.6549912434325745,0.9677272342969376
2024,05,AUT.3.12.29.16_2,0.6777583187390543,0.9741273017424364
2024,05,AUT.3.12.29.17_2,0.6199649737302978,0.9564183185196736
2024,05,AUT.3.12.29.18_2,0.6129597197898424,0.9539392014169457
2024,05,AUT.3.12.29.19_2,0.6252189141856392,0.9582296175760798
2024,05,AUT.3.12.29.2_2,0.6567425569176883,0.9682458365518543
2024,05,AUT.3.12.29.20_2,0.6795096322241682,0.9745891442038537
2024,05,AUT.3.12.29.21_2,0.597197898423818,0.9480907129594721
2024,05,AUT.3.12.29.23_2,0.5936952714535902,0.9467396685467447
2024,05,AUT.3.12.29.4_2,0.6164623467600701,0.955187939622355
2024,05,AUT.3.12.29.5_2,0.6077057793345009,0.9520315120835025
2024,05,AUT.3.12.29.6_2,0.6252189141856392,0.9582296175760798
2024,05,AUT.3.12.29.8_2,0.5936952714535902,0.9467396685467447
2024,05,AUT.3.12.29.9_2,0.6409807355516638,0.9634189120003821
2024,05,AUT.3.12.3.1_2,0.6164623467600701,0.955187939622355
2024,05,AUT.3.12.30.1_2,0.6514886164623468,0.9666767815562759
2024,05,AUT.3.12.30.2_2,0.6987740805604205,0.9793855216409929
2024,05,AUT.3.12.30.3_2,0.63922942206655,0.9628603221651623
2024,05,AUT.3.12.30.4_2,0.6619964973730298,0.9697752316903129
2024,05,AUT.3.12.30.5_2,0.6812609457092821,0.975046665549911
2024,05,AUT.3.12.30.6_2,0.6304728546409808,0.96
2024,05,AUT.3.12.31.1_2,0.6059544658493871,0.9513863568498342
2024,05,AUT.3.12.31.2_2,0.6532399299474606,0.9672042183530839
2024,05,AUT.3.12.31.3_2,0.5989492119089318,0.9487591896788141
2024,05,AUT.3.12.31.4_2,0.6112084063047285,0.9533079250693346
2024,05,AUT.3.12.32.1_2,0.6094570928196147,0.9526720317087093
2024,05,AUT.3.12.32.2_2,0.6444833625218914,0.9645226798784983
2024,05,AUT.3.12.33.1_2,0.6077057793345009,0.9520315120835025
2024,05,AUT.3.12.33.2_2,0.6112084063047285,0.9533079250693346
2024,05,AUT.3.12.33.3_2,0.5761821366024519,0.939699952112375
2024,05,AUT.3.12.34.1_2,0.6672504378283713,0.9712651543219287
2024,05,AUT.3.12.34.2_2,0.6444833625218914,0.9645226798784983
2024,05,AUT.3.12.34.3_2,0.6234676007005254,0.9576304088739037
2024,05,AUT.3.12.34.4_2,0.6234676007005254,0.9576304088739037
2024,05,AUT.3.12.34.5_2,0.6532399299474606,0.9672042183530839
2024,05,AUT.3.12.35.1_2,0.628721541155867,0.9594144047282176
2024,05,AUT.3.12.35.2_2,0.6409807355516638,0.9634189120003821
2024,05,AUT.3.12.35.3_2,0.6374781085814362,0.962297251372984
2024,05,AUT.3.12.35.4_2,0.6514886164623468,0.9666767815562759
2024,05,AUT.3.12.35.5_2,0.6199649737302978,0.9564183185196736
2024,05,AUT.3.12.35.6_2,0.6112084063047285,0.9533079250693346
2024,05,AUT.3.12.36.1_2,0.6304728546409808,0.96
2024,05,AUT.3.12.36.2_2,0.6252189141856392,0.9582296175760798
2024,05,AUT.3.12.36.3_2,0.63922942206655,0.9628603221651623
2024,05,AUT.3.12.36.4_2,0.6077057793345009,0.9520315120835025
2024,05,AUT.3.12.36.5_2,0.6462346760070053,0.965067873260736
2024,05,AUT.3.12.36.6_2,0.6637478108581437,0.970276249322841
2024,05,AUT.3.12.36.7_2,0.6549912434325745,0.9677272342969376
2024,05,AUT.3.12.37.1_2,0.5709281961471104,0.9374945333173949
2024,05,AUT.3.12.37.10_2,0.6042031523642732,0.9507365565707464
2024,05,AUT.3.12.37.11_2,0.6147110332749562,0.954565869911553
2024,05,AUT.3.12.37.12_2,0.6322241681260946,0.9605810741421048
2024,05,AUT.3.12.37.13_2,0.6077057793345009,0.9520315120835025
2024,05,AUT.3.12.37.2_2,0.586690017513135,0.9439809320108113
2024,05,AUT.3.12.37.3_2,0.5691768826619966,0.9367496997597597
2024,05,AUT.3.12.37.4_2,0.5919439579684764,0.946057080730333
2024,05,AUT.3.12.37.5_2,0.6777583187390543,0.9741273017424364
2024,05,AUT.3.12.37.6_2,0.6252189141856392,0.9582296175760798
2024,05,AUT.3.12.37.7_2,0.6112084063047285,0.9533079250693346
2024,05,AUT.3.12.37.8_2,0.6182136602451839,0.9558054195284729
2024,05,AUT.3.12.37.9_2,0.6164623467600701,0.955187939622355
2024,05,AUT.3.12.38_2,0.6357267950963222,0.9617296917533533
2024,05,AUT.3.12.38.1_2,0.6444833625218914,0.9645226798784983
2024,05,AUT.3.12.38.2_2,0.6304728546409808,0.96
2024,05,AUT.3.12.38.3_2,0.6514886164623468,0.9666767815562759
2024,05,AUT.3.12.38.4_2,0.6532399299474606,0.9672042183530839
2024,05,AUT.3.12.38.5_2,0.62697022767075306,0.9588242800430119
2024,05,AUT.3.12.39.1_2,0.5884413309982488,0.9446777228240327
2024,05,AUT.3.12.39.2_2,0.5586690017513135,0.9321780945720619
2024,05,AUT.3.12.39.3_2,0.628721541155867,0.9594144047282176
2024,05,AUT.3.12.39.4_2,0.63922942206655,0.9628603221651623
2024,05,AUT.3.12.4.1_2,0.6199649737302978,0.9564183185196736
2024,05,AUT.3.12.4.2_2,0.6690017513134852,0.9717530550505102
2024,05,AUT.3.12.4.3_2,0.6182136602451839,0.9558054195284729
2024,05,AUT.3.12.40.1_2,0.6479859894921192,0.9656086163658648
2024,05,AUT.3.12.40.2_2,0.6357267950963222,0.9617296917533533
2024,05,AUT.3.12.40.3_2,0.6322241681260946,0.9605810741421048
2024,05,AUT.3.12.40.4_2,0.6444833625218914,0.9645226798784983
2024,05,AUT.3.12.40.5_2,0.6760070052539405,0.9736611320166786
2024,05,AUT.3.12.5.1_2,0.6357267950963222,0.9617296917533533
2024,05,AUT.3.12.6.1_2,0.6252189141856392,0.9582296175760798
2024,05,AUT.3.12.6.10_2,0.6637478108581437,0.970276249322841
2024,05,AUT.3.12.6.11_2,0.5849387040280211,0.9432793859721519
2024,05,AUT.3.12.6.12_2,0.5831873905429072,0.9425730740902798
2024,05,AUT.3.12.6.13_2,0.6007005253940456,0.9494229826584145
2024,05,AUT.3.12.6.14_2,0.6357267950963222,0.9617296917533533
2024,05,AUT.3.12.6.15_2,0.63922942206655,0.9628603221651623
2024,05,AUT.3.12.6.16_2,0.6637478108581437,0.970276249322841
2024,05,AUT.3.12.6.17_2,0.5831873905429072,0.9425730740902798
2024,05,AUT.3.12.6.18_2,0.6479859894921192,0.9656086163658648
2024,05,AUT.3.12.6.19_2,0.6007005253940456,0.9494229826584145
2024,05,AUT.3.12.6.2_2,0.649737302977233,0.9661449166662318
2024,05,AUT.3.12.6.20_2,0.6147110332749562,0.954565869911553
2024,05,AUT.3.12.6.21_2,0.649737302977233,0.9661449166662318
2024,05,AUT.3.12.6.22_2,0.628721541155867,0.9594144047282176
2024,05,AUT.3.12.6.23_2,0.6444833625218914,0.9645226798784983
2024,05,AUT.3.12.6.3_2,0.6024518388791593,0.9500821017154254
2024,05,AUT.3.12.6.4_2,0.5779334500875658,0.9404254356406998
2024,05,AUT.3.12.6.5_2,0.5849387040280211,0.9432793859721519
2024,05,AUT.3.12.6.6_2,0.6374781085814362,0.962297251372984
2024,05,AUT.3.12.6.7_2,0.62697022767075306,0.9588242800430119
2024,05,AUT.3.12.6.8_2,0.5691768826619966,0.9367496997597597
2024,05,AUT.3.12.6.9_2,0.597197898423818,0.9480907129594721
2024,05,AUT.3.12.7.1_2,0.628721541155867,0.9594144047282176
2024,05,AUT.3.12.7.10_2,0.6199649737302978,0.9564183185196736
2024,05,AUT.3.12.7.11_2,0.6374781085814362,0.962297251372984
2024,05,AUT.3.12.7.12_2,0.6549912434325745,0.9677272342969376
2024,05,AUT.3.12.7.2_2,0.6077057793345009,0.9520315120835025
2024,05,AUT.3.12.7.3_2,0.6532399299474606,0.9672042183530839
2024,05,AUT.3.12.7.4_2,0.6304728546409808,0.96
2024,05,AUT.3.12.7.5_2,0.6042031523642732,0.9507365565707464
2024,05,AUT.3.12.7.6_2,0.597197898423818,0.9480907129594721
2024,05,AUT.3.12.7.7_2,0.5936952714535902,0.9467396685467447
2024,05,AUT.3.12.7.8_2,0.660245183887916,0.9692698282728087
2024,05,AUT.3.12.7.9_2,0.6024518388791593,0.9500821017154254
2024,05,AUT.3.12.8.1_2,0.6147110332749562,0.954565869911553
2024,05,AUT.3.12.8.2_2,0.628721541155867,0.9594144047282176
2024,05,AUT.3.12.8.3_2,0.6427320490367776,0.9639730286683336
2024,05,AUT.3.12.8.4_2,0.6409807355516638,0.9634189120003821
2024,05,AUT.3.12.9.1_2,0.5919439579684764,0.946057080730333
2024,05,AUT.3.13.10.3_2,0.6042031523642732,0.9507365565707464
2024,05,AUT.3.13.10.5_2,0.5761821366024519,0.939699952112375
2024,05,AUT.3.13.11.1_2,0.5691768826619966,0.9367496997597597
2024,05,AUT.3.13.11.2_2,0.5499124343257443,0.9282327294380435
2024,05,AUT.3.13.11.3_2,0.5691768826619966,0.9367496997597597
2024,05,AUT.3.13.11.4_2,0.5814360770577934,0.9418619856433319
2024,05,AUT.3.13.12.1_2,0.5849387040280211,0.9432793859721519
2024,05,AUT.3.13.13.3_2,0.6304728546409808,0.96
2024,05,AUT.3.13.17.1_2,0.6182136602451839,0.9558054195284729
2024,05,AUT.3.13.17.2_2,0.6059544658493871,0.9513863568498342
2024,05,AUT.3.13.17.3_2,0.5709281961471104,0.9374945333173949
2024,05,AUT.3.13.18.1_2,0.5814360770577934,0.9418619856433319
2024,05,AUT.3.13.18.2_2,0.5464098073555167,0.9266196630764966
2024,05,AUT.3.13.18.3_2,0.6094570928196147,0.9526720317087093
2024,05,AUT.3.13.19.1_2,0.5726795096322242,0.9382345122622595
2024,05,AUT.3.13.19.2_2,0.6007005253940456,0.9494229826584145
2024,05,AUT.3.13.19.3_2,0.5394045534150613,0.923333092659415
2024,05,AUT.3.13.20.1_2,0.6129597197898424,0.9539392014169457
2024,05,AUT.3.13.20.5_2,0.586690017513135,0.9439809320108113
2024,05,AUT.3.13.20.6_2,0.6322241681260946,0.9605810741421048
2024,05,AUT.3.13.20.8_2,0.5656742556917689,0.9352454223357631
2024,05,AUT.3.13.20.9_2,0.5884413309982488,0.9446777228240327
2024,05,AUT.3.13.21.4_2,0.6007005253940456,0.9494229826584145
2024,05,AUT.3.13.21.5_2,0.5831873905429072,0.9425730740902798
2024,05,AUT.3.13.21.6_2,0.5499124343257443,0.9282327294380435
2024,05,AUT.3.13.21.7_2,0.5481611208406305,0.9274287034591931
2024,05,AUT.3.13.23.3_2,0.5744308231173381,0.9389696480717574
2024,05,AUT.3.13.24.1_2,0.5359019264448337,0.9216593730874764
2024,05,AUT.3.13.24.2_2,0.6094570928196147,0.9526720317087093
2024,05,AUT.3.13.24.3_2,0.5849387040280211,0.9432793859721519
2024,05,AUT.3.13.24.4_2,0.5446584938704029,0.9258055951440345
2024,05,AUT.3.13.25.2_2,0.5341506129597198,0.920814856526544
2024,05,AUT.3.13.26.1_2,0.5341506129597198,0.920814856526544
2024,05,AUT.3.13.26.2_2,0.5761821366024519,0.939699952112375
2024,05,AUT.3.13.28.1_2,0.5236427320490368,0.9156396671180208
2024,05,AUT.3.13.3.1_2,0.5779334500875658,0.9404254356406998
2024,05,AUT.3.13.3.2_2,0.5954465849387042,0.9474175425861608
2024,05,AUT.3.13.3.3_2,0.5674255691768827,0.936
2024,05,AUT.3.13.31.1_2,0.5376532399299475,0.9224987804869988
2024,05,AUT.3.13.32.1_2,0.5709281961471104,0.9374945333173949
2024,05,AUT.3.13.32.2_2,0.5744308231173381,0.9389696480717574
2024,05,AUT.3.13.32.3_2,0.5674255691768827,0.936
2024,05,AUT.3.13.34.1_2,0.5499124343257443,0.9282327294380435
2024,05,AUT.3.13.34.2_2,0.586690017513135,0.9439809320108113
2024,05,AUT.3.13.36.1_2,0.5849387040280211,0.9432793859721519
2024,05,AUT.3.13.36.2_2,0.5919439579684764,0.946057080730333
2024,05,AUT.3.13.36.3_2,0.6147110332749562,0.954565869911553
2024,05,AUT.3.13.36.4_2,0.5604203152364273,0.9329523031752481
2024,05,AUT.3.13.36.5_2,0.5709281961471104,0.9374945333173949
2024,05,AUT.3.13.4.1_2,0.5516637478108581,0.9290317540321213
2024,05,AUT.3.13.4.2_2,0.5831873905429072,0.9425730740902798
2024,05,AUT.3.13.5.1_2,0.542907180385289,0.9249864863877743
2024,05,AUT.3.13.5.2_2,0.5551663747810859,0.9306148505155073
2024,05,AUT.3.13.5.3_2,0.5481611208406305,0.9274287034591931
2024,05,AUT.3.13.9.2_2,0.5796847635726796,0.9411461098044235
2024,05,AUT.3.13.9.5_2,0.5656742556917689,0.9352454223357631
2024,05,AUT.3.14.1.1_2,0.5814360770577934,0.9418619856433319
2024,05,AUT.3.14.10.1_2,0.6182136602451839,0.9558054195284729
2024,05,AUT.3.14.10.2_2,0.6182136602451839,0.9558054195284729
2024,05,AUT.3.14.10.3_2,0.6007005253940456,0.9494229826584145
2024,05,AUT.3.14.11.1_2,0.6129597197898424,0.9539392014169457
2024,05,AUT.3.14.12.1_2,0.5551663747810859,0.9306148505155073
2024,05,AUT.3.14.13.1_2,0.5989492119089318,0.9487591896788141
2024,05,AUT.3.14.14.1_2,0.6339754816112084,0.9611576353543679
2024,05,AUT.3.14.15.1_2,0.5744308231173381,0.9389696480717574
2024,05,AUT.3.14.16.1_2,0.5709281961471104,0.9374945333173949
2024,05,AUT.3.14.17.1_2,0.6147110332749562,0.954565869911553
2024,05,AUT.3.14.18.1_2,0.6112084063047285,0.9533079250693346
2024,05,AUT.3.14.19.1_2,0.5761821366024519,0.939699952112375
2024,05,AUT.3.14.2.1_2,0.5831873905429072,0.9425730740902798
2024,05,AUT.3.14.20.1_2,0.63922942206655,0.9628603221651623
2024,05,AUT.3.14.20.2_2,0.5761821366024519,0.939699952112375
2024,05,AUT.3.14.20.3_2,0.5954465849387042,0.9474175425861608
2024,05,AUT.3.14.20.4_2,0.5761821366024519,0.939699952112375
2024,05,AUT.3.14.20.5_2,0.6357267950963222,0.9617296917533533
2024,05,AUT.3.14.3.1_2,0.62697022767075306,0.9588242800430119
2024,05,AUT.3.14.3.2_2,0.5691768826619966,0.9367496997597597
2024,05,AUT.3.14.4.1_2,0.597197898423818,0.9480907129594721
2024,05,AUT.3.14.5.1_2,0.6024518388791593,0.9500821017154254
2024,05,AUT.3.14.5.2_2,0.660245183887916,0.9692698282728087
2024,05,AUT.3.14.6.1_2,0.6182136602451839,0.9558054195284729
2024,05,AUT.3.14.7.1_2,0.6077057793345009,0.9520315120835025
2024,05,AUT.3.14.8.1_2,0.6112084063047285,0.9533079250693346
2024,05,AUT.3.14.9.1_2,0.5744308231173381,0.9389696480717574
2024,05,AUT.3.15.21.5_2,0.649737302977233,0.9661449166662318
2024,05,AUT.3.15.22.3_2,0.6427320490367776,0.9639730286683336
2024,05,AUT.3.15.26.2_2,0.6357267950963222,0.9617296917533533
2024,05,AUT.3.16.1.1_2,0.586690017513135,0.9439809320108113
2024,05,AUT.3.16.10.1_2,0.6147110332749562,0.954565869911553
2024,05,AUT.3.16.10.2_2,0.6444833625218914,0.9645226798784983
2024,05,AUT.3.16.10.3_2,0.6374781085814362,0.962297251372984
2024,05,AUT.3.16.10.4_2,0.5884413309982488,0.9446777228240327
2024,05,AUT.3.16.11.1_2,0.6059544658493871,0.9513863568498342
2024,05,AUT.3.16.11.10_2,0.62697022767075306,0.9588242800430119
2024,05,AUT.3.16.11.11_2,0.6619964973730298,0.9697752316903129
2024,05,AUT.3.16.11.12_2,0.6462346760070053,0.965067873260736
2024,05,AUT.3.16.11.13_2,0.597197898423818,0.9480907129594721
2024,05,AUT.3.16.11.14_2,0.6007005253940456,0.9494229826584145
2024,05,AUT.3.16.11.2_2,0.5901926444833626,0.9453697689264238
2024,05,AUT.3.16.11.3_2,0.597197898423818,0.9480907129594721
2024,05,AUT.3.16.11.4_2,0.6322241681260946,0.9605810741421048
2024,05,AUT.3.16.11.5_2,0.6374781085814362,0.962297251372984
2024,05,AUT.3.16.11.6_2,0.6567425569176883,0.9682458365518543
2024,05,AUT.3.16.11.7_2,0.586690017513135,0.9439809320108113
2024,05,AUT.3.16.11.8_2,0.6059544658493871,0.9513863568498342
2024,05,AUT.3.16.11.9_2,0.63922942206655,0.9628603221651623
2024,05,AUT.3.16.12.1_2,0.56217162872154125,0.9337215859130601
2024,05,AUT.3.16.12.2_2,0.6479859894921192,0.9656086163658648
2024,05,AUT.3.16.12.3_2,0.6409807355516638,0.9634189120003821
2024,05,AUT.3.16.12.4_2,0.6357267950963222,0.9617296917533533
2024,05,AUT.3.16.12.5_2,0.6725043782837129,0.9727157858285225
2024,05,AUT.3.16.12.6_2,0.6129597197898424,0.9539392014169457
2024,05,AUT.3.16.12.7_2,0.6112084063047285,0.9533079250693346
2024,05,AUT.3.16.12.8_2,0.5884413309982488,0.9446777228240327
2024,05,AUT.3.16.13.1_2,0.6252189141856392,0.9582296175760798
2024,05,AUT.3.16.13.2_2,0.6217162872154116,0.9570266453970862
2024,05,AUT.3.16.13.3_2,0.6339754816112084,0.9611576353543679
2024,05,AUT.3.16.13.4_2,0.6584938704028022,0.9687600322061186
2024,05,AUT.3.16.13.5_2,0.6094570928196147,0.9526720317087093
2024,05,AUT.3.16.14.1_2,0.63922942206655,0.9628603221651623
2024,05,AUT.3.16.14.2_2,0.5849387040280211,0.9432793859721519
2024,05,AUT.3.16.14.3_2,0.586690017513135,0.9439809320108113
2024,05,AUT.3.16.14.4_2,0.6182136602451839,0.9558054195284729
2024,05,AUT.3.16.14.5_2,0.5709281961471104,0.9374945333173949
2024,05,AUT.3.16.14.6_2,0.6514886164623468,0.9666767815562759
2024,05,AUT.3.16.14.7_2,0.6584938704028022,0.9687600322061186
2024,05,AUT.3.16.14.8_2,0.6234676007005254,0.9576304088739037
2024,05,AUT.3.16.14.9_2,0.5814360770577934,0.9418619856433319
2024,05,AUT.3.16.15.1_2,0.6409807355516638,0.9634189120003821
2024,05,AUT.3.16.15.2_2,0.628721541155867,0.9594144047282176
2024,05,AUT.3.16.15.3_2,0.5814360770577934,0.9418619856433319
2024,05,AUT.3.16.15.4_2,0.6532399299474606,0.9672042183530839
2024,05,AUT.3.16.15.5_2,0.6234676007005254,0.9576304088739037
2024,05,AUT.3.16.15.6_2,0.5796847635726796,0.9411461098044235
2024,05,AUT.3.16.15.7_2,0.6112084063047285,0.9533079250693346
2024,05,AUT.3.16.15.8_2,0.5954465849387042,0.9474175425861608
2024,05,AUT.3.16.16.1_2,0.6199649737302978,0.9564183185196736
2024,05,AUT.3.16.16.10_2,0.6252189141856392,0.9582296175760798
2024,05,AUT.3.16.16.11_2,0.6094570928196147,0.9526720317087093
2024,05,AUT.3.16.16.12_2,0.6409807355516638,0.9634189120003821
2024,05,AUT.3.16.16.13_2,0.6637478108581437,0.970276249322841
2024,05,AUT.3.16.16.14_2,0.6164623467600701,0.955187939622355
2024,05,AUT.3.16.16.15_2,0.6112084063047285,0.9533079250693346
2024,05,AUT.3.16.16.16_2,0.6059544658493871,0.9513863568498342
2024,05,AUT.3.16.16.17_2,0.5954465849387042,0.9474175425861608
2024,05,AUT.3.16.16.2_2,0.6112084063047285,0.9533079250693346
2024,05,AUT.3.16.16.3_2,0.5989492119089318,0.9487591896788141
2024,05,AUT.3.16.16.4_2,0.6514886164623468,0.9666767815562759
2024,05,AUT.3.16.16.5_2,0.6182136602451839,0.9558054195284729
2024,05,AUT.3.16.16.6_2,0.6427320490367776,0.9639730286683336
2024,05,AUT.3.16.16.7_2,0.6077057793345009,0.9520315120835025
2024,05,AUT.3.16.16.8_2,0.6182136602451839,0.9558054195284729
2024,05,AUT.3.16.16.9_2,0.649737302977233,0.9661449166662318
2024,05,AUT.3.16.17.1_2,0.6742556917688267,0.9731906288081488
2024,05,AUT.3.16.18.1_2,0.6094570928196147,0.9526720317087093
2024,05,AUT.3.16.18.2_2,0.5884413309982488,0.9446777228240327
2024,05,AUT.3.16.18.3_2,0.5814360770577934,0.9418619856433319
2024,05,AUT.3.16.18.4_2,0.6409807355516638,0.9634189120003821
2024,05,AUT.3.16.18.5_2,0.586690017513135,0.9439809320108113
2024,05,AUT.3.16.18.6_2,0.586690017513135,0.9439809320108113
2024,05,AUT.3.16.18.7_2,0.6479859894921192,0.9656086163658648
2024,05,AUT.3.16.18.8_2,0.6409807355516638,0.9634189120003821
2024,05,AUT.3.16.19.1_2,0.6742556917688267,0.9731906288081488
2024,05,AUT.3.16.2.1_2,0.5831873905429072,0.9425730740902798
2024,05,AUT.3.16.2.10_2,0.5376532399299475,0.9224987804869988
2024,05,AUT.3.16.2.11_2,0.6024518388791593,0.9500821017154254
2024,05,AUT.3.16.2.12_2,0.628721541155867,0.9594144047282176
2024,05,AUT.3.16.2.13_2,0.5709281961471104,0.9374945333173949
2024,05,AUT.3.16.2.14_2,0.5901926444833626,0.9453697689264238
2024,05,AUT.3.16.2.15_2,0.5936952714535902,0.9467396685467447
2024,05,AUT.3.16.2.16_2,0.5849387040280211,0.9432793859721519
2024,05,AUT.3.16.2.17_2,0.5569176882661997,0.931398947819891
2024,05,AUT.3.16.2.2_2,0.6112084063047285,0.9533079250693346
2024,05,AUT.3.16.2.3_2,0.5989492119089318,0.9487591896788141
2024,05,AUT.3.16.2.4_2,0.5639229422066551,0.9344859549506349
2024,05,AUT.3.16.2.5_2,0.6217162872154116,0.9570266453970862
2024,05,AUT.3.16.2.6_2,0.586690017513135,0.9439809320108113
2024,05,AUT.3.16.2.7_2,0.5586690017513135,0.9321780945720619
2024,05,AUT.3.16.2.8_2,0.5796847635726796,0.9411461098044235
2024,05,AUT.3.16.2.9_2,0.5901926444833626,0.9453697689264238
2024,05,AUT.3.16.20.1_2,0.6199649737302978,0.9564183185196736
2024,05,AUT.3.16.20.2_2,0.5901926444833626,0.9453697689264238
2024,05,AUT.3.16.20.3_2,0.6357267950963222,0.9617296917533533
2024,05,AUT.3.16.20.4_2,0.597197898423818,0.9480907129594721
2024,05,AUT.3.16.21.1_2,0.6042031523642732,0.9507365565707464
2024,05,AUT.3.16.21.10_2,0.5954465849387042,0.9474175425861608
2024,05,AUT.3.16.21.2_2,0.6479859894921192,0.9656086163658648
2024,05,AUT.3.16.21.3_2,0.5954465849387042,0.9474175425861608
2024,05,AUT.3.16.21.4_2,0.6234676007005254,0.9576304088739037
2024,05,AUT.3.16.21.5_2,0.6024518388791593,0.9500821017154254
2024,05,AUT.3.16.21.6_2,0.5831873905429072,0.9425730740902798
2024,05,AUT.3.16.21.7_2,0.6252189141856392,0.9582296175760798
2024,05,AUT.3.16.21.8_2,0.6409807355516638,0.9634189120003821
2024,05,AUT.3.16.21.9_2,0.6147110332749562,0.954565869911553
2024,05,AUT.3.16.22.1_2,0.5901926444833626,0.9453697689264238
2024,05,AUT.3.16.23.1_2,0.5761821366024519,0.939699952112375
2024,05,AUT.3.16.23.2_2,0.5814360770577934,0.9418619856433319
2024,05,AUT.3.16.23.3_2,0.5726795096322242,0.9382345122622595
2024,05,AUT.3.16.24.1_2,0.5831873905429072,0.9425730740902798
2024,05,AUT.3.16.24.10_2,0.6812609457092821,0.975046665549911
2024,05,AUT.3.16.24.11_2,0.5901926444833626,0.9453697689264238
2024,05,AUT.3.16.24.2_2,0.5744308231173381,0.9389696480717574
2024,05,AUT.3.16.24.3_2,0.5884413309982488,0.9446777228240327
2024,05,AUT.3.16.24.4_2,0.6234676007005254,0.9576304088739037
2024,05,AUT.3.16.24.5_2,0.6007005253940456,0.9494229826584145
2024,05,AUT.3.16.24.6_2,0.6252189141856392,0.9582296175760798
2024,05,AUT.3.16.24.7_2,0.6252189141856392,0.9582296175760798
2024,05,AUT.3.16.24.8_2,0.6322241681260946,0.9605810741421048
2024,05,AUT.3.16.24.9_2,0.5954465849387042,0.9474175425861608
2024,05,AUT.3.16.25.1_2,0.6234676007005254,0.9576304088739037
2024,05,AUT.3.16.25.10_2,0.5901926444833626,0.9453697689264238
2024,05,AUT.3.16.25.11_2,0.5989492119089318,0.9487591896788141
2024,05,AUT.3.16.25.12_2,0.6059544658493871,0.9513863568498342
2024,05,AUT.3.16.25.13_2,0.6094570928196147,0.9526720317087093
2024,05,AUT.3.16.25.14_2,0.5989492119089318,0.9487591896788141
2024,05,AUT.3.16.25.15_2,0.6007005253940456,0.9494229826584145
2024,05,AUT.3.16.25.2_2,0.5674255691768827,0.936
2024,05,AUT.3.16.25.3_2,0.6637478108581437,0.970276249322841
2024,05,AUT.3.16.25.4_2,0.5936952714535902,0.9467396685467447
2024,05,AUT.3.16.25.5_2,0.6024518388791593,0.9500821017154254
2024,05,AUT.3.16.25.6_2,0.6182136602451839,0.9558054195284729
2024,05,AUT.3.16.25.7_2,0.6007005253940456,0.9494229826584145
2024,05,AUT.3.16.25.8_2,0.6129597197898424,0.9539392014169457
2024,05,AUT.3.16.25.9_2,0.6252189141856392,0.9582296175760798
2024,05,AUT.3.16.26.1_2,0.6339754816112084,0.9611576353543679
2024,05,AUT.3.16.27_2,0.6304728546409808,0.96
2024,05,AUT.3.16.27.1_2,0.5726795096322242,0.9382345122622595
2024,05,AUT.3.16.27.2_2,0.6199649737302978,0.9564183185196736
2024,05,AUT.3.16.27.3_2,0.6357267950963222,0.9617296917533533
2024,05,AUT.3.16.27.4_2,0.5726795096322242,0.9382345122622595
2024,05,AUT.3.16.27.5_2,0.6217162872154116,0.9570266453970862
2024,05,AUT.3.16.27.6_2,0.6252189141856392,0.9582296175760798
2024,05,AUT.3.16.28.1_2,0.6252189141856392,0.9582296175760798
2024,05,AUT.3.16.28.10_2,0.6112084063047285,0.9533079250693346
2024,05,AUT.3.16.28.11_2,0.586690017513135,0.9439809320108113
2024,05,AUT.3.16.28.12_2,0.6409807355516638,0.9634189120003821
2024,05,AUT.3.16.28.13_2,0.6129597197898424,0.9539392014169457
2024,05,AUT.3.16.28.14_2,0.6077057793345009,0.9520315120835025
2024,05,AUT.3.16.28.15_2,0.6567425569176883,0.9682458365518543
2024,05,AUT.3.16.28.16_2,0.5936952714535902,0.9467396685467447
2024,05,AUT.3.16.28.17_2,0.6077057793345009,0.9520315120835025
2024,05,AUT.3.16.28.2_2,0.6444833625218914,0.9645226798784983
2024,05,AUT.3.16.28.3_2,0.6007005253940456,0.9494229826584145
2024,05,AUT.3.16.28.4_2,0.6549912434325745,0.9677272342969376
2024,05,AUT.3.16.28.5_2,0.6357267950963222,0.9617296917533533
2024,05,AUT.3.16.28.6_2,0.628721541155867,0.9594144047282176
2024,05,AUT.3.16.28.7_2,0.586690017513135,0.9439809320108113
2024,05,AUT.3.16.28.8_2,0.6182136602451839,0.9558054195284729
2024,05,AUT.3.16.28.9_2,0.6164623467600701,0.955187939622355
2024,05,AUT.3.16.29.1_2,0.597197898423818,0.9480907129594721
2024,05,AUT.3.16.29.10_2,0.5744308231173381,0.9389696480717574
2024,05,AUT.3.16.29.11_2,0.5709281961471104,0.9374945333173949
2024,05,AUT.3.16.29.12_2,0.6007005253940456,0.9494229826584145
2024,05,AUT.3.16.29.13_2,0.62697022767075306,0.9588242800430119
2024,05,AUT.3.16.29.14_2,0.6129597197898424,0.9539392014169457
2024,05,AUT.3.16.29.15_2,0.6234676007005254,0.9576304088739037
2024,05,AUT.3.16.29.16_2,0.6182136602451839,0.9558054195284729
2024,05,AUT.3.16.29.17_2,0.6164623467600701,0.955187939622355
2024,05,AUT.3.16.29.18_2,0.6042031523642732,0.9507365565707464
2024,05,AUT.3.16.29.19_2,0.6094570928196147,0.9526720317087093
2024,05,AUT.3.16.29.2_2,0.5709281961471104,0.9374945333173949
2024,05,AUT.3.16.29.3_2,0.6059544658493871,0.9513863568498342
2024,05,AUT.3.16.29.4_2,0.6182136602451839,0.9558054195284729
2024,05,AUT.3.16.29.5_2,0.5936952714535902,0.9467396685467447
2024,05,AUT.3.16.29.6_2,0.6479859894921192,0.9656086163658648
2024,05,AUT.3.16.29.7_2,0.5884413309982488,0.9446777228240327
2024,05,AUT.3.16.29.8_2,0.6059544658493871,0.9513863568498342
2024,05,AUT.3.16.29.9_2,0.6182136602451839,0.9558054195284729
2024,05,AUT.3.16.3.1_2,0.6199649737302978,0.9564183185196736
2024,05,AUT.3.16.3.10_2,0.6059544658493871,0.9513863568498342
2024,05,AUT.3.16.3.11_2,0.6444833625218914,0.9645226798784983
2024,05,AUT.3.16.3.12_2,0.6042031523642732,0.9507365565707464
2024,05,AUT.3.16.3.13_2,0.6234676007005254,0.9576304088739037
2024,05,AUT.3.16.3.14_2,0.5989492119089318,0.9487591896788141
2024,05,AUT.3.16.3.15_2,0.6374781085814362,0.962297251372984
2024,05,AUT.3.16.3.16_2,0.6094570928196147,0.9526720317087093
2024,05,AUT.3.16.3.17_2,0.628721541155867,0.9594144047282176
2024,05,AUT.3.16.3.18_2,0.6059544658493871,0.9513863568498342
2024,05,AUT.3.16.3.19_2,0.597197898423818,0.9480907129594721
2024,05,AUT.3.16.3.2_2,0.6147110332749562,0.954565869911553
2024,05,AUT.3.16.3.20_2,0.6182136602451839,0.9558054195284729
2024,05,AUT.3.16.3.21_2,0.6217162872154116,0.9570266453970862
2024,05,AUT.3.16.3.3_2,0.5726795096322242,0.9382345122622595
2024,05,AUT.3.16.3.4_2,0.6094570928196147,0.9526720317087093
2024,05,AUT.3.16.3.5_2,0.6112084063047285,0.9533079250693346
2024,05,AUT.3.16.3.6_2,0.6304728546409808,0.96
2024,05,AUT.3.16.3.7_2,0.6252189141856392,0.9582296175760798
2024,05,AUT.3.16.3.8_2,0.6059544658493871,0.9513863568498342
2024,05,AUT.3.16.3.9_2,0.5954465849387042,0.9474175425861608
2024,05,AUT.3.16.30.1_2,0.6304728546409808,0.96
2024,05,AUT.3.16.30.10_2,0.6182136602451839,0.9558054195284729
2024,05,AUT.3.16.30.2_2,0.6619964973730298,0.9697752316903129
2024,05,AUT.3.16.30.3_2,0.6339754816112084,0.9611576353543679
2024,05,AUT.3.16.30.4_2,0.5726795096322242,0.9382345122622595
2024,05,AUT.3.16.30.5_2,0.6357267950963222,0.9617296917533533
2024,05,AUT.3.16.30.6_2,0.6129597197898424,0.9539392014169457
2024,05,AUT.3.16.30.7_2,0.6462346760070053,0.965067873260736
2024,05,AUT.3.16.30.8_2,0.5884413309982488,0.9446777228240327
2024,05,AUT.3.16.30.9_2,0.5639229422066551,0.9344859549506349
2024,05,AUT.3.16.31.1_2,0.6164623467600701,0.955187939622355
2024,05,AUT.3.16.31.2_2,0.6007005253940456,0.9494229826584145
2024,05,AUT.3.16.31.3_2,0.6059544658493871,0.9513863568498342
2024,05,AUT.3.16.31.4_2,0.62697022767075306,0.9588242800430119
2024,05,AUT.3.16.32.1_2,0.5709281961471104,0.9374945333173949
2024,05,AUT.3.16.32.2_2,0.6164623467600701,0.955187939622355
2024,05,AUT.3.16.33.1_2,0.5954465849387042,0.9474175425861608
2024,05,AUT.3.16.34.1_2,0.6357267950963222,0.9617296917533533
2024,05,AUT.3.16.34.10_2,0.6024518388791593,0.9500821017154254
2024,05,AUT.3.16.34.11_2,0.6479859894921192,0.9656086163658648
2024,05,AUT.3.16.34.12_2,0.6007005253940456,0.9494229826584145
2024,05,AUT.3.16.34.13_2,0.6024518388791593,0.9500821017154254
2024,05,AUT.3.16.34.14_2,0.6199649737302978,0.9564183185196736
2024,05,AUT.3.16.34.15_2,0.6164623467600701,0.955187939622355
2024,05,AUT.3.16.34.16_2,0.6182136602451839,0.9558054195284729
2024,05,AUT.3.16.34.17_2,0.6024518388791593,0.9500821017154254
2024,05,AUT.3.16.34.18_2,0.63922942206655,0.9628603221651623
2024,05,AUT.3.16.34.19_2,0.6339754816112084,0.9611576353543679
2024,05,AUT.3.16.34.2_2,0.6514886164623468,0.9666767815562759
2024,05,AUT.3.16.34.20_2,0.6427320490367776,0.9639730286683336
2024,05,AUT.3.16.34.21_2,0.6182136602451839,0.9558054195284729
2024,05,AUT.3.16.34.22_2,0.5919439579684764,0.946057080730333
2024,05,AUT.3.16.34.23_2,0.5796847635726796,0.9411461098044235
2024,05,AUT.3.16.34.24_2,0.6374781085814362,0.962297251372984
2024,05,AUT.3.16.34.25_2,0.6024518388791593,0.9500821017154254
2024,05,AUT.3.16.34.26_2,0.5884413309982488,0.9446777228240327
2024,05,AUT.3.16.34.27_2,0.6339754816112084,0.9611576353543679
2024,05,AUT.3.16.34.28_2,0.6409807355516638,0.9634189120003821
2024,05,AUT.3.16.34.3_2,0.5954465849387042,0.9474175425861608
2024,05,AUT.3.16.34.4_2,0.5936952714535902,0.9467396685467447
2024,05,AUT.3.16.34.5_2,0.5936952714535902,0.9467396685467447
2024,05,AUT.3.16.34.6_2,0.6357267950963222,0.9617296917533533
2024,05,AUT.3.16.34.7_2,0.6077057793345009,0.9520315120835025
2024,05,AUT.3.16.34.8_2,0.628721541155867,0.9594144047282176
2024,05,AUT.3.16.34.9_2,0.6462346760070053,0.965067873260736
2024,05,AUT.3.16.35.1_2,0.6567425569176883,0.9682458365518543
2024,05,AUT.3.16.36.1_2,0.6077057793345009,0.9520315120835025
2024,05,AUT.3.16.36.10_2,0.6007005253940456,0.9494229826584145
2024,05,AUT.3.16.36.11_2,0.660245183887916,0.9692698282728087
2024,05,AUT.3.16.36.12_2,0.6024518388791593,0.9500821017154254
2024,05,AUT.3.16.36.13_2,0.6532399299474606,0.9672042183530839
2024,05,AUT.3.16.36.2_2,0.6322241681260946,0.9605810741421048
2024,05,AUT.3.16.36.3_2,0.6322241681260946,0.9605810741421048
2024,05,AUT.3.16.36.4_2,0.6357267950963222,0.9617296917533533
2024,05,AUT.3.16.36.5_2,0.6059544658493871,0.9513863568498342
2024,05,AUT.3.16.36.6_2,0.6917688266199651,0.9777013859047148
2024,05,AUT.3.16.36.7_2,0.6584938704028022,0.9687600322061186
2024,05,AUT.3.16.36.8_2,0.6217162872154116,0.9570266453970862
2024,05,AUT.3.16.36.9_2,0.6094570928196147,0.9526720317087093
2024,05,AUT.3.16.37.1_2,0.6042031523642732,0.9507365565707464
2024,05,AUT.3.16.37.10_2,0.5901926444833626,0.9453697689264238
2024,05,AUT.3.16.37.2_2,0.62697022767075306,0.9588242800430119
2024,05,AUT.3.16.37.3_2,0.6059544658493871,0.9513863568498342
2024,05,AUT.3.16.37.4_2,0.6357267950963222,0.9617296917533533
2024,05,AUT.3.16.37.5_2,0.6147110332749562,0.954565869911553
2024,05,AUT.3.16.37.6_2,0.5744308231173381,0.9389696480717574
2024,05,AUT.3.16.37.7_2,0.6217162872154116,0.9570266453970862
2024,05,AUT.3.16.37.8_2,0.6549912434325745,0.9677272342969376
2024,05,AUT.3.16.37.9_2,0.6514886164623468,0.9666767815562759
2024,05,AUT.3.16.38.1_2,0.6042031523642732,0.9507365565707464
2024,05,AUT.3.16.38.2_2,0.6322241681260946,0.9605810741421048
2024,05,AUT.3.16.38.3_2,0.5569176882661997,0.931398947819891
2024,05,AUT.3.16.38.4_2,0.5796847635726796,0.9411461098044235
2024,05,AUT.3.16.38.5_2,0.5919439579684764,0.946057080730333
2024,05,AUT.3.16.39.1_2,0.6182136602451839,0.9558054195284729
2024,05,AUT.3.16.4.1_2,0.6112084063047285,0.9533079250693346
2024,05,AUT.3.16.4.2_2,0.6760070052539405,0.9736611320166786
2024,05,AUT.3.16.4.3_2,0.6182136602451839,0.9558054195284729
2024,05,AUT.3.16.4.4_2,0.6217162872154116,0.9570266453970862
2024,05,AUT.3.16.4.5_2,0.6514886164623468,0.9666767815562759
2024,05,AUT.3.16.4.6_2,0.6462346760070053,0.965067873260736
2024,05,AUT.3.16.4.7_2,0.6217162872154116,0.9570266453970862
2024,05,AUT.3.16.4.8_2,0.6357267950963222,0.9617296917533533
2024,05,AUT.3.16.4.9_2,0.62697022767075306,0.9588242800430119
2024,05,AUT.3.16.40.1_2,0.6094570928196147,0.9526720317087093
2024,05,AUT.3.16.40.2_2,0.6164623467600701,0.955187939622355
2024,05,AUT.3.16.40.3_2,0.628721541155867,0.9594144047282176
2024,05,AUT.3.16.40.4_2,0.6094570928196147,0.9526720317087093
2024,05,AUT.3.16.40.5_2,0.6357267950963222,0.9617296917533533
2024,05,AUT.3.16.40.6_2,0.6252189141856392,0.9582296175760798
2024,05,AUT.3.16.40.7_2,0.6217162872154116,0.9570266453970862
2024,05,AUT.3.16.40.8_2,0.6199649737302978,0.9564183185196736
2024,05,AUT.3.16.40.9_2,0.5551663747810859,0.9306148505155073
2024,05,AUT.3.16.41.1_2,0.6182136602451839,0.9558054195284729
2024,05,AUT.3.16.42.1_2,0.5779334500875658,0.9404254356406998
2024,05,AUT.3.16.42.10_2,0.6199649737302978,0.9564183185196736
2024,05,AUT.3.16.42.11_2,0.6059544658493871,0.9513863568498342
2024,05,AUT.3.16.42.12_2,0.6777583187390543,0.9741273017424364
2024,05,AUT.3.16.42.2_2,0.6532399299474606,0.9672042183530839
2024,05,AUT.3.16.42.3_2,0.6217162872154116,0.9570266453970862
2024,05,AUT.3.16.42.4_2,0.6234676007005254,0.9576304088739037
2024,05,AUT.3.16.42.5_2,0.6129597197898424,0.9539392014169457
2024,05,AUT.3.16.42.6_2,0.6112084063047285,0.9533079250693346
2024,05,AUT.3.16.42.7_2,0.6322241681260946,0.9605810741421048
2024,05,AUT.3.16.42.8_2,0.586690017513135,0.9439809320108113
2024,05,AUT.3.16.42.9_2,0.63922942206655,0.9628603221651623
2024,05,AUT.3.16.43.1_2,0.597197898423818,0.9480907129594721
2024,05,AUT.3.16.43.10_2,0.6567425569176883,0.9682458365518543
2024,05,AUT.3.16.43.2_2,0.6374781085814362,0.962297251372984
2024,05,AUT.3.16.43.3_2,0.63922942206655,0.9628603221651623
2024,05,AUT.3.16.43.4_2,0.6532399299474606,0.9672042183530839
2024,05,AUT.3.16.43.5_2,0.6479859894921192,0.9656086163658648
2024,05,AUT.3.16.43.6_2,0.628721541155867,0.9594144047282176
2024,05,AUT.3.16.43.7_2,0.628721541155867,0.9594144047282176
2024,05,AUT.3.16.43.8_2,0.6514886164623468,0.9666767815562759
2024,05,AUT.3.16.43.9_2,0.6742556917688267,0.9731906288081488
2024,05,AUT.3.16.44.1_2,0.6077057793345009,0.9520315120835025
2024,05,AUT.3.16.44.2_2,0.5919439579684764,0.946057080730333
2024,05,AUT.3.16.44.3_2,0.6217162872154116,0.9570266453970862
2024,05,AUT.3.16.44.4_2,0.6077057793345009,0.9520315120835025
2024,05,AUT.3.16.44.5_2,0.6374781085814362,0.962297251372984
2024,05,AUT.3.16.44.6_2,0.6007005253940456,0.9494229826584145
2024,05,AUT.3.16.44.7_2,0.6252189141856392,0.9582296175760798
2024,05,AUT.3.16.44.8_2,0.6024518388791593,0.9500821017154254
2024,05,AUT.3.16.45.1_2,0.6077057793345009,0.9520315120835025
2024,05,AUT.3.16.5.1_2,0.6077057793345009,0.9520315120835025
2024,05,AUT.3.16.6.1_2,0.6444833625218914,0.9645226798784983
2024,05,AUT.3.16.7.1_2,0.5919439579684764,0.946057080730333
2024,05,AUT.3.16.8.1_2,0.6304728546409808,0.96
2024,05,AUT.3.16.8.10_2,0.6339754816112084,0.9611576353543679
2024,05,AUT.3.16.8.11_2,0.5831873905429072,0.9425730740902798
2024,05,AUT.3.16.8.12_2,0.5989492119089318,0.9487591896788141
2024,05,AUT.3.16.8.2_2,0.6339754816112084,0.9611576353543679
2024,05,AUT.3.16.8.3_2,0.6042031523642732,0.9507365565707464
2024,05,AUT.3.16.8.4_2,0.6007005253940456,0.9494229826584145
2024,05,AUT.3.16.8.5_2,0.6164623467600701,0.955187939622355
2024,05,AUT.3.16.8.6_2,0.6409807355516638,0.9634189120003821
2024,05,AUT.3.16.8.7_2,0.6059544658493871,0.9513863568498342
2024,05,AUT.3.16.8.8_2,0.5954465849387042,0.9474175425861608
2024,05,AUT.3.16.8.9_2,0.586690017513135,0.9439809320108113
2024,05,AUT.3.16.9_2,0.586690017513135,0.9439809320108113
2024,05,AUT.3.16.9.1_2,0.6322241681260946,0.9605810741421048
2024,05,AUT.3.16.9.10_2,0.6129597197898424,0.9539392014169457
2024,05,AUT.3.16.9.11_2,0.6077057793345009,0.9520315120835025
2024,05,AUT.3.16.9.12_2,0.6024518388791593,0.9500821017154254
2024,05,AUT.3.16.9.13_2,0.6129597197898424,0.9539392014169457
2024,05,AUT.3.16.9.14_2,0.6479859894921192,0.9656086163658648
2024,05,AUT.3.16.9.15_2,0.649737302977233,0.9661449166662318
2024,05,AUT.3.16.9.16_2,0.6059544658493871,0.9513863568498342
2024,05,AUT.3.16.9.17_2,0.6164623467600701,0.955187939622355
2024,05,AUT.3.16.9.18_2,0.6322241681260946,0.9605810741421048
2024,05,AUT.3.16.9.2_2,0.63922942206655,0.9628603221651623
2024,05,AUT.3.16.9.3_2,0.6322241681260946,0.9605810741421048
2024,05,AUT.3.16.9.4_2,0.628721541155867,0.9594144047282176
2024,05,AUT.3.16.9.5_2,0.6427320490367776,0.9639730286683336
2024,05,AUT.3.16.9.6_2,0.6339754816112084,0.9611576353543679
2024,05,AUT.3.16.9.7_2,0.6427320490367776,0.9639730286683336
2024,05,AUT.3.16.9.8_2,0.6112084063047285,0.9533079250693346
2024,05,AUT.3.16.9.9_2,0.6112084063047285,0.9533079250693346
2024,05,AUT.3.17.1.1_2,0.6112084063047285,0.9533079250693346
2024,05,AUT.3.17.1.10_2,0.6199649737302978,0.9564183185196736
2024,05,AUT.3.17.1.11_2,0.6234676007005254,0.9576304088739037
2024,05,AUT.3.17.1.12_2,0.63922942206655,0.9628603221651623
2024,05,AUT.3.17.1.13_2,0.5779334500875658,0.9404254356406998
2024,05,AUT.3.17.1.14_2,0.5849387040280211,0.9432793859721519
2024,05,AUT.3.17.1.15_2,0.6514886164623468,0.9666767815562759
2024,05,AUT.3.17.1.16_2,0.6059544658493871,0.9513863568498342
2024,05,AUT.3.17.1.17_2,0.6199649737302978,0.9564183185196736
2024,05,AUT.3.17.1.18_2,0.6427320490367776,0.9639730286683336
2024,05,AUT.3.17.1.19_2,0.5954465849387042,0.9474175425861608
2024,05,AUT.3.17.1.2_2,0.6462346760070053,0.965067873260736
2024,05,AUT.3.17.1.20_2,0.6129597197898424,0.9539392014169457
2024,05,AUT.3.17.1.21_2,0.6339754816112084,0.9611576353543679
2024,05,AUT.3.17.1.22_2,0.6514886164623468,0.9666767815562759
2024,05,AUT.3.17.1.23_2,0.6182136602451839,0.9558054195284729
2024,05,AUT.3.17.1.24_2,0.6672504378283713,0.9712651543219287
2024,05,AUT.3.17.1.25_2,0.5919439579684764,0.946057080730333
2024,05,AUT.3.17.1.26_2,0.6042031523642732,0.9507365565707464
2024,05,AUT.3.17.1.27_2,0.62697022767075306,0.9588242800430119
2024,05,AUT.3.17.1.28_2,0.5831873905429072,0.9425730740902798
2024,05,AUT.3.17.1.29_2,0.6304728546409808,0.96
2024,05,AUT.3.17.1.3_2,0.5796847635726796,0.9411461098044235
2024,05,AUT.3.17.1.30_2,0.5831873905429072,0.9425730740902798
2024,05,AUT.3.17.1.31_2,0.6112084063047285,0.9533079250693346
2024,05,AUT.3.17.1.32_2,0.660245183887916,0.9692698282728087
2024,05,AUT.3.17.1.33_2,0.6129597197898424,0.9539392014169457
2024,05,AUT.3.17.1.34_2,0.5744308231173381,0.9389696480717574
2024,05,AUT.3.17.1.35_2,0.6042031523642732,0.9507365565707464
2024,05,AUT.3.17.1.36_2,0.5901926444833626,0.9453697689264238
2024,05,AUT.3.17.1.37_2,0.6042031523642732,0.9507365565707464
2024,05,AUT.3.17.1.38_2,0.5796847635726796,0.9411461098044235
2024,05,AUT.3.17.1.39_2,0.6217162872154116,0.9570266453970862
2024,05,AUT.3.17.1.4_2,0.6567425569176883,0.9682458365518543
2024,05,AUT.3.17.1.40_2,0.6147110332749562,0.954565869911553
2024,05,AUT.3.17.1.41_2,0.5674255691768827,0.936
2024,05,AUT.3.17.1.42_2,0.586690017513135,0.9439809320108113
2024,05,AUT.3.17.1.5_2,0.5849387040280211,0.9432793859721519
2024,05,AUT.3.17.1.6_2,0.5744308231173381,0.9389696480717574
2024,05,AUT.3.17.1.7_2,0.6374781085814362,0.962297251372984
2024,05,AUT.3.17.1.8_2,0.6147110332749562,0.954565869911553
2024,05,AUT.3.17.1.9_2,0.628721541155867,0.9594144047282176
2024,05,AUT.3.18.1.1_2,0.6007005253940456,0.9494229826584145
2024,05,AUT.3.18.1.2_2,0.628721541155867,0.9594144047282176
2024,05,AUT.3.18.1.3_2,0.6777583187390543,0.9741273017424364
2024,05,AUT.3.18.1.4_2,0.62697022767075306,0.9588242800430119
2024,05,AUT.3.18.1.5_2,0.5954465849387042,0.9474175425861608
2024,05,AUT.3.18.1.6_2,0.63922942206655,0.9628603221651623
2024,05,AUT.3.18.1.7_2,0.6252189141856392,0.9582296175760798
2024,05,AUT.3.18.1.8_2,0.6514886164623468,0.9666767815562759
2024,05,AUT.3.18.1.9_2,0.5849387040280211,0.9432793859721519
2024,05,AUT.3.18.10.1_2,0.6427320490367776,0.9639730286683336
2024,05,AUT.3.18.10.2_2,0.6532399299474606,0.9672042183530839
2024,05,AUT.3.18.10.3_2,0.6339754816112084,0.9611576353543679
2024,05,AUT.3.18.10.4_2,0.5674255691768827,0.936
2024,05,AUT.3.18.11.1_2,0.6252189141856392,0.9582296175760798
2024,05,AUT.3.18.11.2_2,0.6217162872154116,0.9570266453970862
2024,05,AUT.3.18.11.3_2,0.62697022767075306,0.9588242800430119
2024,05,AUT.3.18.11.4_2,0.6182136602451839,0.9558054195284729
2024,05,AUT.3.18.11.5_2,0.6444833625218914,0.9645226798784983
2024,05,AUT.3.18.12.1_2,0.597197898423818,0.9480907129594721
2024,05,AUT.3.18.12.2_2,0.6007005253940456,0.9494229826584145
2024,05,AUT.3.18.13.1_2,0.597197898423818,0.9480907129594721
2024,05,AUT.3.18.13.2_2,0.6252189141856392,0.9582296175760798
2024,05,AUT.3.18.13.3_2,0.6444833625218914,0.9645226798784983
2024,05,AUT.3.18.13.4_2,0.6094570928196147,0.9526720317087093
2024,05,AUT.3.18.13.5_2,0.6042031523642732,0.9507365565707464
2024,05,AUT.3.18.14.1_2,0.6532399299474606,0.9672042183530839
2024,05,AUT.3.18.14.2_2,0.660245183887916,0.9692698282728087
2024,05,AUT.3.18.14.3_2,0.6059544658493871,0.9513863568498342
2024,05,AUT.3.18.14.4_2,0.6199649737302978,0.9564183185196736
2024,05,AUT.3.18.14.5_2,0.5936952714535902,0.9467396685467447
2024,05,AUT.3.18.14.6_2,0.649737302977233,0.9661449166662318
2024,05,AUT.3.18.15.1_2,0.6409807355516638,0.9634189120003821
2024,05,AUT.3.18.15.2_2,0.5674255691768827,0.936
2024,05,AUT.3.18.15.3_2,0.6584938704028022,0.9687600322061186
2024,05,AUT.3.18.16.1_2,0.586690017513135,0.9439809320108113
2024,05,AUT.3.18.17.1_2,0.6322241681260946,0.9605810741421048
2024,05,AUT.3.18.17.2_2,0.6584938704028022,0.9687600322061186
2024,05,AUT.3.18.17.3_2,0.6427320490367776,0.9639730286683336
2024,05,AUT.3.18.17.4_2,0.6217162872154116,0.9570266453970862
2024,05,AUT.3.18.17.5_2,0.6147110332749562,0.954565869911553
2024,05,AUT.3.18.17.6_2,0.6514886164623468,0.9666767815562759
2024,05,AUT.3.18.18.1_2,0.6847635726795097,0.9759487691472335
2024,05,AUT.3.18.18.2_2,0.6234676007005254,0.9576304088739037
2024,05,AUT.3.18.18.3_2,0.6199649737302978,0.9564183185196736
2024,05,AUT.3.18.18.4_2,0.6742556917688267,0.9731906288081488
2024,05,AUT.3.18.2.1_2,0.6444833625218914,0.9645226798784983
2024,05,AUT.3.18.2.2_2,0.6409807355516638,0.9634189120003821
2024,05,AUT.3.18.2.3_2,0.6234676007005254,0.9576304088739037
2024,05,AUT.3.18.2.4_2,0.6164623467600701,0.955187939622355
2024,05,AUT.3.18.2.5_2,0.6532399299474606,0.9672042183530839
2024,05,AUT.3.18.2.6_2,0.6444833625218914,0.9645226798784983
2024,05,AUT.3.18.3.1_2,0.62697022767075306,0.9588242800430119
2024,05,AUT.3.18.3.2_2,0.6514886164623468,0.9666767815562759
2024,05,AUT.3.18.4.1_2,0.6462346760070053,0.965067873260736
2024,05,AUT.3.18.4.2_2,0.6112084063047285,0.9533079250693346
2024,05,AUT.3.18.4.3_2,0.6409807355516638,0.9634189120003821
2024,05,AUT.3.18.5.1_2,0.6129597197898424,0.9539392014169457
2024,05,AUT.3.18.5.2_2,0.5831873905429072,0.9425730740902798
2024,05,AUT.3.18.5.3_2,0.6619964973730298,0.9697752316903129
2024,05,AUT.3.18.5.4_2,0.6479859894921192,0.9656086163658648
2024,05,AUT.3.18.5.5_2,0.6654991243432575,0.9707728879609279
2024,05,AUT.3.18.5.6_2,0.5481611208406305,0.9274287034591931
2024,05,AUT.3.18.5.7_2,0.660245183887916,0.9692698282728087
2024,05,AUT.3.18.6.1_2,0.5954465849387042,0.9474175425861608
2024,05,AUT.3.18.6.2_2,0.6409807355516638,0.9634189120003821
2024,05,AUT.3.18.6.3_2,0.63922942206655,0.9628603221651623
2024,05,AUT.3.18.6.4_2,0.6164623467600701,0.955187939622355
2024,05,AUT.3.18.6.5_2,0.6514886164623468,0.9666767815562759
2024,05,AUT.3.18.6.6_2,0.6619964973730298,0.9697752316903129
2024,05,AUT.3.18.7.1_2,0.5989492119089318,0.9487591896788141
2024,05,AUT.3.18.8.1_2,0.6567425569176883,0.9682458365518543
2024,05,AUT.3.18.8.2_2,0.6199649737302978,0.9564183185196736
2024,05,AUT.3.18.8.3_2,0.6479859894921192,0.9656086163658648
2024,05,AUT.3.18.8.4_2,0.6374781085814362,0.962297251372984
2024,05,AUT.3.18.8.5_2,0.6024518388791593,0.9500821017154254
2024,05,AUT.3.18.8.6_2,0.6672504378283713,0.9712651543219287
2024,05,AUT.3.18.8.7_2,0.6952714535901927,0.97855199146494
2024,05,AUT.3.18.8.8_2,0.6252189141856392,0.9582296175760798
2024,05,AUT.3.18.8.9_2,0.6182136602451839,0.9558054195284729
2024,05,AUT.3.18.9.1_2,0.6199649737302978,0.9564183185196736
2024,05,AUT.3.18.9.2_2,0.6444833625218914,0.9645226798784983
2024,05,AUT.3.18.9.3_2,0.6444833625218914,0.9645226798784983
2024,05,AUT.3.18.9.4_2,0.7057793345008757,0.9810015290507961
2024,05,AUT.3.18.9.5_2,0.6830122591943959,0.9754998718605759
2024,05,AUT.3.18.9.6_2,0.6637478108581437,0.970276249322841
2024,05,AUT.3.19.1.1_2,0.6234676007005254,0.9576304088739037
2024,05,AUT.3.19.10.1_2,0.6077057793345009,0.9520315120835025
2024,05,AUT.3.19.10.2_2,0.5744308231173381,0.9389696480717574
2024,05,AUT.3.19.10.3_2,0.6882661996497373,0.976833660353696
2024,05,AUT.3.19.10.4_2,0.6479859894921192,0.9656086163658648
2024,05,AUT.3.19.10.5_2,0.5884413309982488,0.9446777228240327
2024,05,AUT.3.19.10.6_2,0.6304728546409808,0.96
2024,05,AUT.3.19.11.1_2,0.5919439579684764,0.946057080730333
2024,05,AUT.3.19.12.1_2,0.6462346760070053,0.965067873260736
2024,05,AUT.3.19.12.2_2,0.6479859894921192,0.9656086163658648
2024,05,AUT.3.19.12.3_2,0.6077057793345009,0.9520315120835025
2024,05,AUT.3.19.12.4_2,0.6182136602451839,0.9558054195284729
2024,05,AUT.3.19.12.5_2,0.6094570928196147,0.9526720317087093
2024,05,AUT.3.19.13.1_2,0.6427320490367776,0.9639730286683336
2024,05,AUT.3.19.13.2_2,0.62697022767075306,0.9588242800430119
2024,05,AUT.3.19.13.3_2,0.6339754816112084,0.9611576353543679
2024,05,AUT.3.19.13.4_2,0.6024518388791593,0.9500821017154254
2024,05,AUT.3.19.13.5_2,0.6339754816112084,0.9611576353543679
2024,05,AUT.3.19.13.6_2,0.6462346760070053,0.965067873260736
2024,05,AUT.3.19.13.7_2,0.5919439579684764,0.946057080730333
2024,05,AUT.3.19.13.8_2,0.6129597197898424,0.9539392014169457
2024,05,AUT.3.19.14.1_2,0.6234676007005254,0.9576304088739037
2024,05,AUT.3.19.14.2_2,0.6094570928196147,0.9526720317087093
2024,05,AUT.3.19.15.1_2,0.5989492119089318,0.9487591896788141
2024,05,AUT.3.19.15.2_2,0.6059544658493871,0.9513863568498342
2024,05,AUT.3.19.15.3_2,0.6164623467600701,0.955187939622355
2024,05,AUT.3.19.15.4_2,0.6007005253940456,0.9494229826584145
2024,05,AUT.3.19.15.5_2,0.5884413309982488,0.9446777228240327
2024,05,AUT.3.19.15.6_2,0.6339754816112084,0.9611576353543679
2024,05,AUT.3.19.15.7_2,0.5744308231173381,0.9389696480717574
2024,05,AUT.3.19.16.1_2,0.597197898423818,0.9480907129594721
2024,05,AUT.3.19.16.10_2,0.5989492119089318,0.9487591896788141
2024,05,AUT.3.19.16.11_2,0.6479859894921192,0.9656086163658648
2024,05,AUT.3.19.16.12_2,0.5726795096322242,0.9382345122622595
2024,05,AUT.3.19.16.13_2,0.5796847635726796,0.9411461098044235
2024,05,AUT.3.19.16.14_2,0.6357267950963222,0.9617296917533533
2024,05,AUT.3.19.16.15_2,0.6129597197898424,0.9539392014169457
2024,05,AUT.3.19.16.16_2,0.6077057793345009,0.9520315120835025
2024,05,AUT.3.19.16.17_2,0.63922942206655,0.9628603221651623
2024,05,AUT.3.19.16.18_2,0.6059544658493871,0.9513863568498342
2024,05,AUT.3.19.16.19_2,0.6094570928196147,0.9526720317087093
2024,05,AUT.3.19.16.2_2,0.5779334500875658,0.9404254356406998
2024,05,AUT.3.19.16.20_2,0.6059544658493871,0.9513863568498342
2024,05,AUT.3.19.16.21_2,0.6147110332749562,0.954565869911553
2024,05,AUT.3.19.16.22_2,0.5919439579684764,0.946057080730333
2024,05,AUT.3.19.16.23_2,0.5901926444833626,0.9453697689264238
2024,05,AUT.3.19.16.24_2,0.5954465849387042,0.9474175425861608
2024,05,AUT.3.19.16.3_2,0.5639229422066551,0.9344859549506349
2024,05,AUT.3.19.16.4_2,0.597197898423818,0.9480907129594721
2024,05,AUT.3.19.16.5_2,0.5831873905429072,0.9425730740902798
2024,05,AUT.3.19.16.6_2,0.6112084063047285,0.9533079250693346
2024,05,AUT.3.19.16.7_2,0.5919439579684764,0.946057080730333
2024,05,AUT.3.19.16.8_2,0.5884413309982488,0.9446777228240327
2024,05,AUT.3.19.16.9_2,0.5779334500875658,0.9404254356406998
2024,05,AUT.3.19.17.1_2,0.5726795096322242,0.9382345122622595
2024,05,AUT.3.19.17.2_2,0.6182136602451839,0.9558054195284729
2024,05,AUT.3.19.17.3_2,0.6059544658493871,0.9513863568498342
2024,05,AUT.3.19.17.4_2,0.5884413309982488,0.9446777228240327
2024,05,AUT.3.19.17.5_2,0.62697022767075306,0.9588242800430119
2024,05,AUT.3.19.17.6_2,0.6304728546409808,0.96
2024,05,AUT.3.19.17.7_2,0.5779334500875658,0.9404254356406998
2024,05,AUT.3.19.18.1_2,0.5709281961471104,0.9374945333173949
2024,05,AUT.3.19.18.2_2,0.5464098073555167,0.9266196630764966
2024,05,AUT.3.19.18.3_2,0.6147110332749562,0.954565869911553
2024,05,AUT.3.19.18.4_2,0.5761821366024519,0.939699952112375
2024,05,AUT.3.19.18.5_2,0.5674255691768827,0.936
2024,05,AUT.3.19.19.1_2,0.5516637478108581,0.9290317540321213
2024,05,AUT.3.19.19.2_2,0.6252189141856392,0.9582296175760798
2024,05,AUT.3.19.19.3_2,0.5989492119089318,0.9487591896788141
2024,05,AUT.3.19.19.4_2,0.6514886164623468,0.9666767815562759
2024,05,AUT.3.19.19.5_2,0.6357267950963222,0.9617296917533533
2024,05,AUT.3.19.19.6_2,0.62697022767075306,0.9588242800430119
2024,05,AUT.3.19.19.7_2,0.6427320490367776,0.9639730286683336
2024,05,AUT.3.19.19.8_2,0.5744308231173381,0.9389696480717574
2024,05,AUT.3.19.19.9_2,0.5674255691768827,0.936
2024,05,AUT.3.19.2.1_2,0.6304728546409808,0.96
2024,05,AUT.3.19.2.2_2,0.63922942206655,0.9628603221651623
2024,05,AUT.3.19.2.3_2,0.6059544658493871,0.9513863568498342
2024,05,AUT.3.19.2.4_2,0.6374781085814362,0.962297251372984
2024,05,AUT.3.19.2.5_2,0.6024518388791593,0.9500821017154254
2024,05,AUT.3.19.2.6_2,0.5849387040280211,0.9432793859721519
2024,05,AUT.3.19.2.7_2,0.5639229422066551,0.9344859549506349
2024,05,AUT.3.19.20.1_2,0.6094570928196147,0.9526720317087093
2024,05,AUT.3.19.20.10_2,0.6077057793345009,0.9520315120835025
2024,05,AUT.3.19.20.11_2,0.597197898423818,0.9480907129594721
2024,05,AUT.3.19.20.12_2,0.597197898423818,0.9480907129594721
2024,05,AUT.3.19.20.13_2,0.6024518388791593,0.9500821017154254
2024,05,AUT.3.19.20.14_2,0.6077057793345009,0.9520315120835025
2024,05,AUT.3.19.20.2_2,0.6059544658493871,0.9513863568498342
2024,05,AUT.3.19.20.3_2,0.597197898423818,0.9480907129594721
2024,05,AUT.3.19.20.4_2,0.5674255691768827,0.936
2024,05,AUT.3.19.20.5_2,0.6374781085814362,0.962297251372984
2024,05,AUT.3.19.20.6_2,0.5989492119089318,0.9487591896788141
2024,05,AUT.3.19.20.7_2,0.6252189141856392,0.9582296175760798
2024,05,AUT.3.19.20.8_2,0.5884413309982488,0.9446777228240327
2024,05,AUT.3.19.20.9_2,0.6672504378283713,0.9712651543219287
2024,05,AUT.3.19.21.1_2,0.4991243432574431,0.9028288874421332
2024,05,AUT.3.19.21.2_2,0.6094570928196147,0.9526720317087093
2024,05,AUT.3.19.22.1_2,0.597197898423818,0.9480907129594721
2024,05,AUT.3.19.22.2_2,0.56217162872154125,0.9337215859130601
2024,05,AUT.3.19.22.3_2,0.5831873905429072,0.9425730740902798
2024,05,AUT.3.19.22.4_2,0.6007005253940456,0.9494229826584145
2024,05,AUT.3.19.22.5_2,0.62697022767075306,0.9588242800430119
2024,05,AUT.3.19.22.6_2,0.5656742556917689,0.9352454223357631
2024,05,AUT.3.19.22.7_2,0.5604203152364273,0.9329523031752481
2024,05,AUT.3.19.22.8_2,0.586690017513135,0.9439809320108113
2024,05,AUT.3.19.22.9_2,0.6444833625218914,0.9645226798784983
2024,05,AUT.3.19.3.1_2,0.5884413309982488,0.9446777228240327
2024,05,AUT.3.19.3.2_2,0.5901926444833626,0.9453697689264238
2024,05,AUT.3.19.3.3_2,0.6042031523642732,0.9507365565707464
2024,05,AUT.3.19.3.4_2,0.6059544658493871,0.9513863568498342
2024,05,AUT.3.19.4.1_2,0.6059544658493871,0.9513863568498342
2024,05,AUT.3.19.4.2_2,0.5306479859894921,0.9191104395011516
2024,05,AUT.3.19.4.3_2,0.6374781085814362,0.962297251372984
2024,05,AUT.3.19.4.4_2,0.6252189141856392,0.9582296175760798
2024,05,AUT.3.19.4.5_2,0.6357267950963222,0.9617296917533533
2024,05,AUT.3.19.4.6_2,0.6584938704028022,0.9687600322061186
2024,05,AUT.3.19.5.1_2,0.6077057793345009,0.9520315120835025
2024,05,AUT.3.19.5.2_2,0.6462346760070053,0.965067873260736
2024,05,AUT.3.19.5.3_2,0.5884413309982488,0.9446777228240327
2024,05,AUT.3.19.6.1_2,0.6217162872154116,0.9570266453970862
2024,05,AUT.3.19.6.2_2,0.6059544658493871,0.9513863568498342
2024,05,AUT.3.19.6.3_2,0.6479859894921192,0.9656086163658648
2024,05,AUT.3.19.6.4_2,0.5919439579684764,0.946057080730333
2024,05,AUT.3.19.6.5_2,0.6339754816112084,0.9611576353543679
2024,05,AUT.3.19.6.6_2,0.6129597197898424,0.9539392014169457
2024,05,AUT.3.19.6.7_2,0.6182136602451839,0.9558054195284729
2024,05,AUT.3.19.7.1_2,0.6182136602451839,0.9558054195284729
2024,05,AUT.3.19.7.2_2,0.6234676007005254,0.9576304088739037
2024,05,AUT.3.19.7.3_2,0.6182136602451839,0.9558054195284729
2024,05,AUT.3.19.7.4_2,0.6059544658493871,0.9513863568498342
2024,05,AUT.3.19.8.1_2,0.6742556917688267,0.9731906288081488
2024,05,AUT.3.19.8.10_2,0.5884413309982488,0.9446777228240327
2024,05,AUT.3.19.8.11_2,0.5726795096322242,0.9382345122622595
2024,05,AUT.3.19.8.12_2,0.5586690017513135,0.9321780945720619
2024,05,AUT.3.19.8.2_2,0.6217162872154116,0.9570266453970862
2024,05,AUT.3.19.8.3_2,0.5884413309982488,0.9446777228240327
2024,05,AUT.3.19.8.4_2,0.6725043782837129,0.9727157858285225
2024,05,AUT.3.19.8.5_2,0.5919439579684764,0.946057080730333
2024,05,AUT.3.19.8.6_2,0.649737302977233,0.9661449166662318
2024,05,AUT.3.19.8.7_2,0.6042031523642732,0.9507365565707464
2024,05,AUT.3.19.8.8_2,0.6094570928196147,0.9526720317087093
2024,05,AUT.3.19.8.9_2,0.5936952714535902,0.9467396685467447
2024,05,AUT.3.19.9.1_2,0.6479859894921192,0.9656086163658648
2024,05,AUT.3.19.9.2_2,0.586690017513135,0.9439809320108113
2024,05,AUT.3.19.9.3_2,0.5796847635726796,0.9411461098044235
2024,05,AUT.3.19.9.4_2,0.6147110332749562,0.954565869911553
2024,05,AUT.3.19.9.5_2,0.5884413309982488,0.9446777228240327
2024,05,AUT.3.19.9.6_2,0.6217162872154116,0.9570266453970862
2024,05,AUT.3.19.9.7_2,0.5954465849387042,0.9474175425861608
2024,05,AUT.3.2.1.1_2,0.6532399299474606,0.9672042183530839
2024,05,AUT.3.2.1.10_2,0.6182136602451839,0.9558054195284729
2024,05,AUT.3.2.1.11_2,0.6514886164623468,0.9666767815562759
2024,05,AUT.3.2.1.12_2,0.6199649737302978,0.9564183185196736
2024,05,AUT.3.2.1.2_2,0.6112084063047285,0.9533079250693346
2024,05,AUT.3.2.1.3_2,0.6322241681260946,0.9605810741421048
2024,05,AUT.3.2.1.4_2,0.628721541155867,0.9594144047282176
2024,05,AUT.3.2.1.5_2,0.586690017513135,0.9439809320108113
2024,05,AUT.3.2.1.6_2,0.5989492119089318,0.9487591896788141
2024,05,AUT.3.2.1.7_2,0.6094570928196147,0.9526720317087093
2024,05,AUT.3.2.1.8_2,0.5919439579684764,0.946057080730333
2024,05,AUT.3.2.1.9_2,0.6252189141856392,0.9582296175760798
2024,05,AUT.3.2.10.1_2,0.6042031523642732,0.9507365565707464
2024,05,AUT.3.2.11.1_2,0.6007005253940456,0.9494229826584145
2024,05,AUT.3.2.11.2_2,0.6584938704028022,0.9687600322061186
2024,05,AUT.3.2.13.1_2,0.6637478108581437,0.970276249322841
2024,05,AUT.3.2.14.1_2,0.6199649737302978,0.9564183185196736
2024,05,AUT.3.2.14.2_2,0.628721541155867,0.9594144047282176
2024,05,AUT.3.2.15.1_2,0.6795096322241682,0.9745891442038537
2024,05,AUT.3.2.16.1_2,0.5954465849387042,0.9474175425861608
2024,05,AUT.3.2.17.1_2,0.5796847635726796,0.9411461098044235
2024,05,AUT.3.2.18.1_2,0.6532399299474606,0.9672042183530839
2024,05,AUT.3.2.19.1_2,0.6199649737302978,0.9564183185196736
2024,05,AUT.3.2.2.2_2,0.5954465849387042,0.9474175425861608
2024,05,AUT.3.2.2.3_2,0.5936952714535902,0.9467396685467447
2024,05,AUT.3.2.2.4_2,0.6042031523642732,0.9507365565707464
2024,05,AUT.3.2.20.1_2,0.6217162872154116,0.9570266453970862
2024,05,AUT.3.2.20.2_2,0.6112084063047285,0.9533079250693346
2024,05,AUT.3.2.20.3_2,0.5989492119089318,0.9487591896788141
2024,05,AUT.3.2.20.4_2,0.5796847635726796,0.9411461098044235
2024,05,AUT.3.2.21.1_2,0.597197898423818,0.9480907129594721
2024,05,AUT.3.2.21.2_2,0.6322241681260946,0.9605810741421048
2024,05,AUT.3.2.22.1_2,0.586690017513135,0.9439809320108113
2024,05,AUT.3.2.23.1_2,0.6444833625218914,0.9645226798784983
2024,05,AUT.3.2.23.2_2,0.6567425569176883,0.9682458365518543
2024,05,AUT.3.2.24.1_2,0.6199649737302978,0.9564183185196736
2024,05,AUT.3.2.24.2_2,0.628721541155867,0.9594144047282176
2024,05,AUT.3.2.25.1_2,0.670753064798599,0.9722365967191319
2024,05,AUT.3.2.26.1_2,0.6129597197898424,0.9539392014169457
2024,05,AUT.3.2.27.1_2,0.6252189141856392,0.9582296175760798
2024,05,AUT.3.2.28.1_2,0.586690017513135,0.9439809320108113
2024,05,AUT.3.2.28.2_2,0.6129597197898424,0.9539392014169457
2024,05,AUT.3.2.28.3_2,0.6129597197898424,0.9539392014169457
2024,05,AUT.3.2.28.4_2,0.6882661996497373,0.976833660353696
2024,05,AUT.3.2.28.5_2,0.5831873905429072,0.9425730740902798
2024,05,AUT.3.2.29.1_2,0.5849387040280211,0.9432793859721519
2024,05,AUT.3.2.3.1_2,0.670753064798599,0.9722365967191319
2024,05,AUT.3.2.3.2_2,0.5936952714535902,0.9467396685467447
2024,05,AUT.3.2.3.3_2,0.6217162872154116,0.9570266453970862
2024,05,AUT.3.2.30.1_2,0.5936952714535902,0.9467396685467447
2024,05,AUT.3.2.30.3_2,0.5901926444833626,0.9453697689264238
2024,05,AUT.3.2.4.1_2,0.6409807355516638,0.9634189120003821
2024,05,AUT.3.2.4.2_2,0.6234676007005254,0.9576304088739037
2024,05,AUT.3.2.4.3_2,0.5709281961471104,0.9374945333173949
2024,05,AUT.3.2.4.4_2,0.5674255691768827,0.936
2024,05,AUT.3.2.4.5_2,0.6322241681260946,0.9605810741421048
2024,05,AUT.3.2.4.6_2,0.6234676007005254,0.9576304088739037
2024,05,AUT.3.2.4.7_2,0.5884413309982488,0.9446777228240327
2024,05,AUT.3.2.5.2_2,0.6024518388791593,0.9500821017154254
2024,05,AUT.3.2.6.1_2,0.628721541155867,0.9594144047282176
2024,05,AUT.3.2.7.1_2,0.6444833625218914,0.9645226798784983
2024,05,AUT.3.2.7.2_2,0.5744308231173381,0.9389696480717574
2024,05,AUT.3.2.7.3_2,0.6024518388791593,0.9500821017154254
2024,05,AUT.3.2.7.4_2,0.5884413309982488,0.9446777228240327
2024,05,AUT.3.2.8.1_2,0.6444833625218914,0.9645226798784983
2024,05,AUT.3.20.14.1_2,0.6024518388791593,0.9500821017154254
2024,05,AUT.3.20.14.3_2,0.6322241681260946,0.9605810741421048
2024,05,AUT.3.20.14.5_2,0.5901926444833626,0.9453697689264238
2024,05,AUT.3.20.2.1_2,0.6252189141856392,0.9582296175760798
2024,05,AUT.3.20.2.10_2,0.5411558669001751,0.9241623234042816
2024,05,AUT.3.20.9_2,0.6339754816112084,0.9611576353543679
2024,05,AUT.3.20.9.11_2,0.586690017513135,0.9439809320108113
2024,05,AUT.3.20.9.22_2,0.5884413309982488,0.9446777228240327
2024,05,AUT.3.20.9.26_2,0.6164623467600701,0.955187939622355
2024,05,AUT.3.20.9.28_2,0.5954465849387042,0.9474175425861608
2024,05,AUT.3.20.9.30_2,0.6024518388791593,0.9500821017154254
2024,05,AUT.3.20.9.33_2,0.5989492119089318,0.9487591896788141
2024,05,AUT.3.20.9.8_2,0.597197898423818,0.9480907129594721
2024,05,AUT.3.21.1.1_2,0.6654991243432575,0.9707728879609279
2024,05,AUT.3.21.1.10_2,0.6584938704028022,0.9687600322061186
2024,05,AUT.3.21.1.2_2,0.6024518388791593,0.9500821017154254
2024,05,AUT.3.21.1.3_2,0.6077057793345009,0.9520315120835025
2024,05,AUT.3.21.1.4_2,0.6112084063047285,0.9533079250693346
2024,05,AUT.3.21.1.5_2,0.670753064798599,0.9722365967191319
2024,05,AUT.3.21.1.6_2,0.6637478108581437,0.970276249322841
2024,05,AUT.3.21.1.7_2,0.586690017513135,0.9439809320108113
2024,05,AUT.3.21.1.8_2,0.660245183887916,0.9692698282728087
2024,05,AUT.3.21.1.9_2,0.6129597197898424,0.9539392014169457
2024,05,AUT.3.22.14.2_2,0.63922942206655,0.9628603221651623
2024,05,AUT.3.22.14.3_2,0.6112084063047285,0.9533079250693346
2024,05,AUT.3.22.14.4_2,0.6357267950963222,0.9617296917533533
2024,05,AUT.3.22.14.5_2,0.5954465849387042,0.9474175425861608
2024,05,AUT.3.22.18.1_2,0.5901926444833626,0.9453697689264238
2024,05,AUT.3.22.19.2_2,0.6637478108581437,0.970276249322841
2024,05,AUT.3.22.25.1_2,0.6479859894921192,0.9656086163658648
2024,05,AUT.3.22.26.1_2,0.660245183887916,0.9692698282728087
2024,05,AUT.3.22.35.1_2,0.6935201401050789,0.9781288258711119
2024,05,AUT.3.22.5.1_2,0.6094570928196147,0.9526720317087093
2024,05,AUT.3.22.5.2_2,0.5761821366024519,0.939699952112375
2024,05,AUT.3.22.9.2_2,0.6077057793345009,0.9520315120835025
2024,05,AUT.3.24.11.1_2,0.6252189141856392,0.9582296175760798
2024,05,AUT.3.24.12.8_2,0.5919439579684764,0.946057080730333
2024,05,AUT.3.24.15.10_2,0.6217162872154116,0.9570266453970862
2024,05,AUT.3.24.15.4_2,0.597197898423818,0.9480907129594721
2024,05,AUT.3.24.15.9_2,0.6672504378283713,0.9712651543219287
2024,05,AUT.3.24.17.1_2,0.6847635726795097,0.9759487691472335
2024,05,AUT.3.24.2.2_2,0.6479859894921192,0.9656086163658648
2024,05,AUT.3.24.2.5_2,0.6462346760070053,0.965067873260736
2024,05,AUT.3.24.3.11_2,0.649737302977233,0.9661449166662318
2024,05,AUT.3.24.3.9_2,0.63922942206655,0.9628603221651623
2024,05,AUT.3.24.5.1_2,0.6339754816112084,0.9611576353543679
2024,05,AUT.3.3.1.1_2,0.5954465849387042,0.9474175425861608
2024,05,AUT.3.3.10.1_2,0.5919439579684764,0.946057080730333
2024,05,AUT.3.3.11.1_2,0.5779334500875658,0.9404254356406998
2024,05,AUT.3.3.12.1_2,0.6357267950963222,0.9617296917533533
2024,05,AUT.3.3.12.2_2,0.597197898423818,0.9480907129594721
2024,05,AUT.3.3.13.1_2,0.6514886164623468,0.9666767815562759
2024,05,AUT.3.3.13.2_2,0.6514886164623468,0.9666767815562759
2024,05,AUT.3.3.13.3_2,0.6409807355516638,0.9634189120003821
2024,05,AUT.3.3.13.4_2,0.6112084063047285,0.9533079250693346
2024,05,AUT.3.3.14.1_2,0.5814360770577934,0.9418619856433319
2024,05,AUT.3.3.15.1_2,0.6129597197898424,0.9539392014169457
2024,05,AUT.3.3.16.1_2,0.597197898423818,0.9480907129594721
2024,05,AUT.3.3.17.1_2,0.6077057793345009,0.9520315120835025
2024,05,AUT.3.3.18.1_2,0.6374781085814362,0.962297251372984
2024,05,AUT.3.3.18.2_2,0.6147110332749562,0.954565869911553
2024,05,AUT.3.3.19.1_2,0.6129597197898424,0.9539392014169457
2024,05,AUT.3.3.19.2_2,0.5691768826619966,0.9367496997597597
2024,05,AUT.3.3.2.1_2,0.6077057793345009,0.9520315120835025
2024,05,AUT.3.3.20.1_2,0.6059544658493871,0.9513863568498342
2024,05,AUT.3.3.21.1_2,0.6479859894921192,0.9656086163658648
2024,05,AUT.3.3.22.1_2,0.5936952714535902,0.9467396685467447
2024,05,AUT.3.3.23.1_2,0.6252189141856392,0.9582296175760798
2024,05,AUT.3.3.24.1_2,0.5989492119089318,0.9487591896788141
2024,05,AUT.3.3.24.2_2,0.5849387040280211,0.9432793859721519
2024,05,AUT.3.3.24.3_2,0.6217162872154116,0.9570266453970862
2024,05,AUT.3.3.24.4_2,0.6409807355516638,0.9634189120003821
2024,05,AUT.3.3.25.1_2,0.5936952714535902,0.9467396685467447
2024,05,AUT.3.3.26.1_2,0.6094570928196147,0.9526720317087093
2024,05,AUT.3.3.26.2_2,0.5936952714535902,0.9467396685467447
2024,05,AUT.3.3.26.3_2,0.62697022767075306,0.9588242800430119
2024,05,AUT.3.3.26.4_2,0.5849387040280211,0.9432793859721519
2024,05,AUT.3.3.27.1_2,0.5831873905429072,0.9425730740902798
2024,05,AUT.3.3.27.2_2,0.5936952714535902,0.9467396685467447
2024,05,AUT.3.3.27.3_2,0.5744308231173381,0.9389696480717574
2024,05,AUT.3.3.28.1_2,0.5709281961471104,0.9374945333173949
2024,05,AUT.3.3.29.1_2,0.6059544658493871,0.9513863568498342
2024,05,AUT.3.3.29.2_2,0.5744308231173381,0.9389696480717574
2024,05,AUT.3.3.29.3_2,0.5936952714535902,0.9467396685467447
2024,05,AUT.3.3.29.4_2,0.6234676007005254,0.9576304088739037
2024,05,AUT.3.3.3.1_2,0.628721541155867,0.9594144047282176
2024,05,AUT.3.3.30.1_2,0.6217162872154116,0.9570266453970862
2024,05,AUT.3.3.31.1_2,0.5341506129597198,0.920814856526544
2024,05,AUT.3.3.31.2_2,0.628721541155867,0.9594144047282176
2024,05,AUT.3.3.31.3_2,0.63922942206655,0.9628603221651623
2024,05,AUT.3.3.31.4_2,0.6042031523642732,0.9507365565707464
2024,05,AUT.3.3.32.1_2,0.5814360770577934,0.9418619856433319
2024,05,AUT.3.3.33.1_2,0.5726795096322242,0.9382345122622595
2024,05,AUT.3.3.4.1_2,0.628721541155867,0.9594144047282176
2024,05,AUT.3.3.4.2_2,0.6112084063047285,0.9533079250693346
2024,05,AUT.3.3.4.3_2,0.5884413309982488,0.9446777228240327
2024,05,AUT.3.3.5.1_2,0.5726795096322242,0.9382345122622595
2024,05,AUT.3.3.5.2_2,0.6042031523642732,0.9507365565707464
2024,05,AUT.3.3.6.1_2,0.6427320490367776,0.9639730286683336
2024,05,AUT.3.3.6.2_2,0.6007005253940456,0.9494229826584145
2024,05,AUT.3.3.6.3_2,0.5901926444833626,0.9453697689264238
2024,05,AUT.3.3.7.1_2,0.5569176882661997,0.931398947819891
2024,05,AUT.3.3.7.2_2,0.5761821366024519,0.939699952112375
2024,05,AUT.3.3.8.1_2,0.5394045534150613,0.923333092659415
2024,05,AUT.3.3.8.2_2,0.5481611208406305,0.9274287034591931
2024,05,AUT.3.3.9.1_2,0.6234676007005254,0.9576304088739037
2024,05,AUT.3.3.9.2_2,0.5989492119089318,0.9487591896788141
2024,05,AUT.3.4.1.1_2,0.6357267950963222,0.9617296917533533
2024,05,AUT.3.4.10.1_2,0.5901926444833626,0.9453697689264238
2024,05,AUT.3.4.10.2_2,0.5796847635726796,0.9411461098044235
2024,05,AUT.3.4.10.3_2,0.5831873905429072,0.9425730740902798
2024,05,AUT.3.4.10.4_2,0.6024518388791593,0.9500821017154254
2024,05,AUT.3.4.10.5_2,0.6112084063047285,0.9533079250693346
2024,05,AUT.3.4.11.1_2,0.5481611208406305,0.9274287034591931
2024,05,AUT.3.4.11.2_2,0.5936952714535902,0.9467396685467447
2024,05,AUT.3.4.11.3_2,0.5674255691768827,0.936
2024,05,AUT.3.4.11.4_2,0.5761821366024519,0.939699952112375
2024,05,AUT.3.4.11.5_2,0.6094570928196147,0.9526720317087093
2024,05,AUT.3.4.12.1_2,0.5481611208406305,0.9274287034591931
2024,05,AUT.3.4.13.1_2,0.586690017513135,0.9439809320108113
2024,05,AUT.3.4.14.1_2,0.6112084063047285,0.9533079250693346
2024,05,AUT.3.4.14.2_2,0.5954465849387042,0.9474175425861608
2024,05,AUT.3.4.14.3_2,0.5726795096322242,0.9382345122622595
2024,05,AUT.3.4.14.4_2,0.6059544658493871,0.9513863568498342
2024,05,AUT.3.4.14.5_2,0.5674255691768827,0.936
2024,05,AUT.3.4.14.6_2,0.597197898423818,0.9480907129594721
2024,05,AUT.3.4.14.7_2,0.5884413309982488,0.9446777228240327
2024,05,AUT.3.4.14.8_2,0.6549912434325745,0.9677272342969376
2024,05,AUT.3.4.14.9_2,0.532399299474606,0.9199652167337633
2024,05,AUT.3.4.15.1_2,0.5779334500875658,0.9404254356406998
2024,05,AUT.3.4.16.1_2,0.5884413309982488,0.9446777228240327
2024,05,AUT.3.4.17.1_2,0.5936952714535902,0.9467396685467447
2024,05,AUT.3.4.17.2_2,0.5586690017513135,0.9321780945720619
2024,05,AUT.3.4.17.3_2,0.5551663747810859,0.9306148505155073
2024,05,AUT.3.4.19.1_2,0.5744308231173381,0.9389696480717574
2024,05,AUT.3.4.2.1_2,0.6147110332749562,0.954565869911553
2024,05,AUT.3.4.20.1_2,0.5586690017513135,0.9321780945720619
2024,05,AUT.3.4.21.1_2,0.5779334500875658,0.9404254356406998
2024,05,AUT.3.4.22.1_2,0.6304728546409808,0.96
2024,05,AUT.3.4.22.2_2,0.5989492119089318,0.9487591896788141
2024,05,AUT.3.4.23.1_2,0.6234676007005254,0.9576304088739037
2024,05,AUT.3.4.23.2_2,0.5849387040280211,0.9432793859721519
2024,05,AUT.3.4.24.1_2,0.5604203152364273,0.9329523031752481
2024,05,AUT.3.4.25.1_2,0.5709281961471104,0.9374945333173949
2024,05,AUT.3.4.25.2_2,0.6129597197898424,0.9539392014169457
2024,05,AUT.3.4.26.1_2,0.6252189141856392,0.9582296175760798
2024,05,AUT.3.4.27.1_2,0.5639229422066551,0.9344859549506349
2024,05,AUT.3.4.27.2_2,0.5551663747810859,0.9306148505155073
2024,05,AUT.3.4.27.3_2,0.6164623467600701,0.955187939622355
2024,05,AUT.3.4.29.1_2,0.5394045534150613,0.923333092659415
2024,05,AUT.3.4.3.1_2,0.597197898423818,0.9480907129594721
2024,05,AUT.3.4.3.2_2,0.5936952714535902,0.9467396685467447
2024,05,AUT.3.4.3.3_2,0.5814360770577934,0.9418619856433319
2024,05,AUT.3.4.3.4_2,0.628721541155867,0.9594144047282176
2024,05,AUT.3.4.3.5_2,0.5919439579684764,0.946057080730333
2024,05,AUT.3.4.30.1_2,0.5884413309982488,0.9446777228240327
2024,05,AUT.3.4.32.1_2,0.5849387040280211,0.9432793859721519
2024,05,AUT.3.4.33.1_2,0.6042031523642732,0.9507365565707464
2024,05,AUT.3.4.34.1_2,0.5814360770577934,0.9418619856433319
2024,05,AUT.3.4.34.2_2,0.6374781085814362,0.962297251372984
2024,05,AUT.3.4.36.1_2,0.5744308231173381,0.9389696480717574
2024,05,AUT.3.4.37.1_2,0.6007005253940456,0.9494229826584145
2024,05,AUT.3.4.37.2_2,0.6514886164623468,0.9666767815562759
2024,05,AUT.3.4.38.1_2,0.5586690017513135,0.9321780945720619
2024,05,AUT.3.4.4.1_2,0.5691768826619966,0.9367496997597597
2024,05,AUT.3.4.40.1_2,0.5709281961471104,0.9374945333173949
2024,05,AUT.3.4.40.2_2,0.5551663747810859,0.9306148505155073
2024,05,AUT.3.4.41.1_2,0.5534150612959721,0.9298257901349047
2024,05,AUT.3.4.41.2_2,0.5586690017513135,0.9321780945720619
2024,05,AUT.3.4.42.1_2,0.5901926444833626,0.9453697689264238
2024,05,AUT.3.4.42.2_2,0.5796847635726796,0.9411461098044235
2024,05,AUT.3.4.42.3_2,0.5814360770577934,0.9418619856433319
2024,05,AUT.3.4.43.1_2,0.5709281961471104,0.9374945333173949
2024,05,AUT.3.4.43.2_2,0.5516637478108581,0.9290317540321213
2024,05,AUT.3.4.43.3_2,0.5831873905429072,0.9425730740902798
2024,05,AUT.3.4.43.4_2,0.6199649737302978,0.9564183185196736
2024,05,AUT.3.4.43.5_2,0.5849387040280211,0.9432793859721519
2024,05,AUT.3.4.5.1_2,0.5446584938704029,0.9258055951440345
2024,05,AUT.3.4.5.2_2,0.5183887915936953,0.9129819275319747
2024,05,AUT.3.4.6.1_2,0.5551663747810859,0.9306148505155073
2024,05,AUT.3.4.6.2_2,0.5919439579684764,0.946057080730333
2024,05,AUT.3.4.6.3_2,0.5516637478108581,0.9290317540321213
2024,05,AUT.3.4.7.1_2,0.5516637478108581,0.9290317540321213
2024,05,AUT.3.4.8.2_2,0.5446584938704029,0.9258055951440345
2024,05,AUT.3.4.9.1_2,0.5341506129597198,0.920814856526544
2024,05,AUT.3.5.14.10_2,0.586690017513135,0.9439809320108113
2024,05,AUT.3.5.14.3_2,0.6182136602451839,0.9558054195284729
2024,05,AUT.3.5.14.9_2,0.6199649737302978,0.9564183185196736
2024,05,AUT.3.5.15.1_2,0.5796847635726796,0.9411461098044235
2024,05,AUT.3.5.15.3_2,0.6217162872154116,0.9570266453970862
2024,05,AUT.3.5.16.1_2,0.5744308231173381,0.9389696480717574
2024,05,AUT.3.5.16.2_2,0.5849387040280211,0.9432793859721519
2024,05,AUT.3.5.16.5_2,0.5674255691768827,0.936
2024,05,AUT.3.5.17.1_2,0.6112084063047285,0.9533079250693346
2024,05,AUT.3.5.19.2_2,0.5989492119089318,0.9487591896788141
2024,05,AUT.3.5.19.4_2,0.6409807355516638,0.9634189120003821
2024,05,AUT.3.5.2.4_2,0.5691768826619966,0.9367496997597597
2024,05,AUT.3.5.20.6_2,0.5814360770577934,0.9418619856433319
2024,05,AUT.3.5.3.2_2,0.5814360770577934,0.9418619856433319
2024,05,AUT.3.5.3.3_2,0.62697022767075306,0.9588242800430119
2024,05,AUT.3.5.6.1_2,0.6059544658493871,0.9513863568498342
2024,05,AUT.3.5.6.2_2,0.5639229422066551,0.9344859549506349
2024,05,AUT.3.5.6.4_2,0.5884413309982488,0.9446777228240327
2024,05,AUT.3.5.7.2_2,0.62697022767075306,0.9588242800430119
2024,05,AUT.3.5.7.3_2,0.6234676007005254,0.9576304088739037
2024,05,AUT.3.5.7.4_2,0.6059544658493871,0.9513863568498342
2024,05,AUT.3.5.7.6_2,0.6024518388791593,0.9500821017154254
2024,05,AUT.3.5.7.8_2,0.6374781085814362,0.962297251372984
2024,05,AUT.3.5.9.1_2,0.6252189141856392,0.9582296175760798
2024,05,AUT.3.5.9.2_2,0.5884413309982488,0.9446777228240327
2024,05,AUT.3.5.9.3_2,0.6112084063047285,0.9533079250693346
2024,05,AUT.3.6.1.1_2,0.5831873905429072,0.9425730740902798
2024,05,AUT.3.6.10.6_2,0.5901926444833626,0.9453697689264238
2024,05,AUT.3.6.18.1_2,0.628721541155867,0.9594144047282176
2024,05,AUT.3.6.18.3_2,0.5674255691768827,0.936
2024,05,AUT.3.6.2.1_2,0.5236427320490368,0.9156396671180208
2024,05,AUT.3.6.2.10_2,0.5656742556917689,0.9352454223357631
2024,05,AUT.3.6.2.11_2,0.5796847635726796,0.9411461098044235
2024,05,AUT.3.6.2.13_2,0.5779334500875658,0.9404254356406998
2024,05,AUT.3.6.2.2_2,0.6147110332749562,0.954565869911553
2024,05,AUT.3.6.2.4_2,0.5551663747810859,0.9306148505155073
2024,05,AUT.3.6.2.6_2,0.56217162872154125,0.9337215859130601
2024,05,AUT.3.6.2.7_2,0.5814360770577934,0.9418619856433319
2024,05,AUT.3.6.2.9_2,0.5831873905429072,0.9425730740902798
2024,05,AUT.3.6.20.1_2,0.6182136602451839,0.9558054195284729
2024,05,AUT.3.6.20.2_2,0.6059544658493871,0.9513863568498342
2024,05,AUT.3.6.23.4_2,0.5656742556917689,0.9352454223357631
2024,05,AUT.3.6.24.7_2,0.5849387040280211,0.9432793859721519
2024,05,AUT.3.6.5.1_2,0.5919439579684764,0.946057080730333
2024,05,AUT.3.6.5.2_2,0.6252189141856392,0.9582296175760798
2024,05,AUT.3.6.5.3_2,0.6147110332749562,0.954565869911553
2024,05,AUT.3.6.6.1_2,0.5656742556917689,0.9352454223357631
2024,05,AUT.3.6.6.2_2,0.586690017513135,0.9439809320108113
2024,05,AUT.3.6.6.5_2,0.5481611208406305,0.9274287034591931
2024,05,AUT.3.6.6.6_2,0.6042031523642732,0.9507365565707464
2024,05,AUT.3.6.6.9_2,0.5744308231173381,0.9389696480717574
2024,05,AUT.3.6.7.1_2,0.62697022767075306,0.9588242800430119
2024,05,AUT.3.6.8.1_2,0.6252189141856392,0.9582296175760798
2024,05,AUT.3.6.9.4_2,0.5796847635726796,0.9411461098044235
2024,05,AUT.3.7.4.5_2,0.597197898423818,0.9480907129594721
2024,05,AUT.3.7.4.6_2,0.6252189141856392,0.9582296175760798
2024,05,AUT.3.8.1.1_2,0.5919439579684764,0.946057080730333
2024,05,AUT.3.8.1.2_2,0.5761821366024519,0.939699952112375
2024,05,AUT.3.8.10.1_2,0.5656742556917689,0.9352454223357631
2024,05,AUT.3.8.11.1_2,0.5954465849387042,0.9474175425861608
2024,05,AUT.3.8.12.1_2,0.5849387040280211,0.9432793859721519
2024,05,AUT.3.8.12.2_2,0.5936952714535902,0.9467396685467447
2024,05,AUT.3.8.12.3_2,0.5551663747810859,0.9306148505155073
2024,05,AUT.3.8.12.4_2,0.5604203152364273,0.9329523031752481
2024,05,AUT.3.8.12.5_2,0.5744308231173381,0.9389696480717574
2024,05,AUT.3.8.13.1_2,0.5516637478108581,0.9290317540321213
2024,05,AUT.3.8.13.2_2,0.586690017513135,0.9439809320108113
2024,05,AUT.3.8.13.3_2,0.597197898423818,0.9480907129594721
2024,05,AUT.3.8.13.4_2,0.5744308231173381,0.9389696480717574
2024,05,AUT.3.8.14.1_2,0.6042031523642732,0.9507365565707464
2024,05,AUT.3.8.14.2_2,0.5639229422066551,0.9344859549506349
2024,05,AUT.3.8.14.3_2,0.5744308231173381,0.9389696480717574
2024,05,AUT.3.8.14.4_2,0.5954465849387042,0.9474175425861608
2024,05,AUT.3.8.14.5_2,0.5691768826619966,0.9367496997597597
2024,05,AUT.3.8.15.1_2,0.5779334500875658,0.9404254356406998
2024,05,AUT.3.8.15.2_2,0.6304728546409808,0.96
2024,05,AUT.3.8.15.3_2,0.5849387040280211,0.9432793859721519
2024,05,AUT.3.8.16.1_2,0.5936952714535902,0.9467396685467447
2024,05,AUT.3.8.16.2_2,0.56217162872154125,0.9337215859130601
2024,05,AUT.3.8.16.3_2,0.6252189141856392,0.9582296175760798
2024,05,AUT.3.8.17.1_2,0.5744308231173381,0.9389696480717574
2024,05,AUT.3.8.17.2_2,0.5936952714535902,0.9467396685467447
2024,05,AUT.3.8.17.3_2,0.6129597197898424,0.9539392014169457
2024,05,AUT.3.8.17.4_2,0.6409807355516638,0.9634189120003821
2024,05,AUT.3.8.18.1_2,0.6042031523642732,0.9507365565707464
2024,05,AUT.3.8.19.1_2,0.5989492119089318,0.9487591896788141
2024,05,AUT.3.8.19.2_2,0.6234676007005254,0.9576304088739037
2024,05,AUT.3.8.19.3_2,0.5604203152364273,0.9329523031752481
2024,05,AUT.3.8.19.4_2,0.6007005253940456,0.9494229826584145
2024,05,AUT.3.8.19.5_2,0.542907180385289,0.9249864863877743
2024,05,AUT.3.8.19.6_2,0.5534150612959721,0.9298257901349047
2024,05,AUT.3.8.19.7_2,0.5709281961471104,0.9374945333173949
2024,05,AUT.3.8.19.8_2,0.5849387040280211,0.9432793859721519
2024,05,AUT.3.8.19.9_2,0.5604203152364273,0.9329523031752481
2024,05,AUT.3.8.2.1_2,0.5744308231173381,0.9389696480717574
2024,05,AUT.3.8.2.2_2,0.5884413309982488,0.9446777228240327
2024,05,AUT.3.8.20.1_2,0.6024518388791593,0.9500821017154254
2024,05,AUT.3.8.3.1_2,0.62697022767075306,0.9588242800430119
2024,05,AUT.3.8.3.10_2,0.5779334500875658,0.9404254356406998
2024,05,AUT.3.8.3.11_2,0.5936952714535902,0.9467396685467447
2024,05,AUT.3.8.3.12_2,0.5481611208406305,0.9274287034591931
2024,05,AUT.3.8.3.13_2,0.5744308231173381,0.9389696480717574
2024,05,AUT.3.8.3.14_2,0.5464098073555167,0.9266196630764966
2024,05,AUT.3.8.3.2_2,0.5586690017513135,0.9321780945720619
2024,05,AUT.3.8.3.3_2,0.5849387040280211,0.9432793859721519
2024,05,AUT.3.8.3.4_2,0.5394045534150613,0.923333092659415
2024,05,AUT.3.8.3.5_2,0.5446584938704029,0.9258055951440345
2024,05,AUT.3.8.3.6_2,0.6024518388791593,0.9500821017154254
2024,05,AUT.3.8.3.7_2,0.6077057793345009,0.9520315120835025
2024,05,AUT.3.8.3.8_2,0.5884413309982488,0.9446777228240327
2024,05,AUT.3.8.3.9_2,0.62697022767075306,0.9588242800430119
2024,05,AUT.3.8.4.1_2,0.5604203152364273,0.9329523031752481
2024,05,AUT.3.8.4.2_2,0.5691768826619966,0.9367496997597597
2024,05,AUT.3.8.4.3_2,0.5306479859894921,0.9191104395011516
2024,05,AUT.3.8.5.10_2,0.5989492119089318,0.9487591896788141
2024,05,AUT.3.8.5.2_2,0.5849387040280211,0.9432793859721519
2024,05,AUT.3.8.5.3_2,0.5726795096322242,0.9382345122622595
2024,05,AUT.3.8.5.4_2,0.597197898423818,0.9480907129594721
2024,05,AUT.3.8.5.5_2,0.6164623467600701,0.955187939622355
2024,05,AUT.3.8.5.6_2,0.5499124343257443,0.9282327294380435
2024,05,AUT.3.8.5.7_2,0.5674255691768827,0.936
2024,05,AUT.3.8.5.8_2,0.6427320490367776,0.9639730286683336
2024,05,AUT.3.8.5.9_2,0.5744308231173381,0.9389696480717574
2024,05,AUT.3.8.6.1_2,0.6304728546409808,0.96
2024,05,AUT.3.8.6.2_2,0.5989492119089318,0.9487591896788141
2024,05,AUT.3.8.6.3_2,0.6147110332749562,0.954565869911553
2024,05,AUT.3.8.6.4_2,0.6094570928196147,0.9526720317087093
2024,05,AUT.3.8.6.5_2,0.5499124343257443,0.9282327294380435
2024,05,AUT.3.8.6.6_2,0.5779334500875658,0.9404254356406998
2024,05,AUT.3.8.7.1_2,0.5709281961471104,0.9374945333173949
2024,05,AUT.3.8.7.2_2,0.597197898423818,0.9480907129594721
2024,05,AUT.3.8.8.1_2,0.586690017513135,0.9439809320108113
2024,05,AUT.3.8.8.2_2,0.586690017513135,0.9439809320108113
2024,05,AUT.3.8.8.3_2,0.6094570928196147,0.9526720317087093
2024,05,AUT.3.8.8.4_2,0.6147110332749562,0.954565869911553
2024,05,AUT.3.8.8.5_2,0.6147110332749562,0.954565869911553
2024,05,AUT.3.8.8.6_2,0.5534150612959721,0.9298257901349047
2024,05,AUT.3.8.8.7_2,0.62697022767075306,0.9588242800430119
2024,05,AUT.3.8.9.1_2,0.5989492119089318,0.9487591896788141
2024,05,AUT.3.8.9.10_2,0.5709281961471104,0.9374945333173949
2024,05,AUT.3.8.9.2_2,0.6182136602451839,0.9558054195284729
2024,05,AUT.3.8.9.3_2,0.5831873905429072,0.9425730740902798
2024,05,AUT.3.8.9.4_2,0.5709281961471104,0.9374945333173949
2024,05,AUT.3.8.9.5_2,0.5726795096322242,0.9382345122622595
2024,05,AUT.3.8.9.6_2,0.5709281961471104,0.9374945333173949
2024,05,AUT.3.8.9.7_2,0.5779334500875658,0.9404254356406998
2024,05,AUT.3.8.9.8_2,0.5569176882661997,0.931398947819891
2024,05,AUT.3.8.9.9_2,0.5884413309982488,0.9446777228240327
2024,05,AUT.3.9.1.4_2,0.5744308231173381,0.9389696480717574
2024,05,AUT.4.1.18.6_2,0.6777583187390543,0.9741273017424364
2024,05,AUT.4.1.45.1_2,0.5954465849387042,0.9474175425861608
2024,05,AUT.4.10.23.1_2,0.6024518388791593,0.9500821017154254
2024,05,AUT.4.10.26.1_2,0.5691768826619966,0.9367496997597597
2024,05,AUT.4.10.34.2_2,0.6094570928196147,0.9526720317087093
2024,05,AUT.4.11.1.1_2,0.5954465849387042,0.9474175425861608
2024,05,AUT.4.11.10.1_2,0.6042031523642732,0.9507365565707464
2024,05,AUT.4.11.10.2_2,0.6217162872154116,0.9570266453970862
2024,05,AUT.4.11.11.1_2,0.6357267950963222,0.9617296917533533
2024,05,AUT.4.11.12.1_2,0.6007005253940456,0.9494229826584145
2024,05,AUT.4.11.12.2_2,0.5814360770577934,0.9418619856433319
2024,05,AUT.4.11.13.1_2,0.5884413309982488,0.9446777228240327
2024,05,AUT.4.11.13.2_2,0.6024518388791593,0.9500821017154254
2024,05,AUT.4.11.14.1_2,0.6042031523642732,0.9507365565707464
2024,05,AUT.4.11.15.1_2,0.6059544658493871,0.9513863568498342
2024,05,AUT.4.11.16.1_2,0.6304728546409808,0.96
2024,05,AUT.4.11.16.2_2,0.6147110332749562,0.954565869911553
2024,05,AUT.4.11.17.1_2,0.586690017513135,0.9439809320108113
2024,05,AUT.4.11.18.1_2,0.5901926444833626,0.9453697689264238
2024,05,AUT.4.11.19.1_2,0.597197898423818,0.9480907129594721
2024,05,AUT.4.11.2.1_2,0.62697022767075306,0.9588242800430119
2024,05,AUT.4.11.20.1_2,0.5376532399299475,0.9224987804869988
2024,05,AUT.4.11.20.2_2,0.5551663747810859,0.9306148505155073
2024,05,AUT.4.11.21.1_2,0.63922942206655,0.9628603221651623
2024,05,AUT.4.11.21.2_2,0.532399299474606,0.9199652167337633
2024,05,AUT.4.11.22.1_2,0.5534150612959721,0.9298257901349047
2024,05,AUT.4.11.22.2_2,0.5674255691768827,0.936
2024,05,AUT.4.11.23.1_2,0.6094570928196147,0.9526720317087093
2024,05,AUT.4.11.23.2_2,0.5779334500875658,0.9404254356406998
2024,05,AUT.4.11.23.3_2,0.5341506129597198,0.920814856526544
2024,05,AUT.4.11.24.1_2,0.5936952714535902,0.9467396685467447
2024,05,AUT.4.11.25.1_2,0.5674255691768827,0.936
2024,05,AUT.4.11.25.2_2,0.5831873905429072,0.9425730740902798
2024,05,AUT.4.11.25.3_2,0.5534150612959721,0.9298257901349047
2024,05,AUT.4.11.26.1_2,0.5534150612959721,0.9298257901349047
2024,05,AUT.4.11.26.2_2,0.5884413309982488,0.9446777228240327
2024,05,AUT.4.11.26.3_2,0.6059544658493871,0.9513863568498342
2024,05,AUT.4.11.27.1_2,0.5446584938704029,0.9258055951440345
2024,05,AUT.4.11.27.2_2,0.5341506129597198,0.920814856526544
2024,05,AUT.4.11.27.3_2,0.6042031523642732,0.9507365565707464
2024,05,AUT.4.11.28.1_2,0.6217162872154116,0.9570266453970862
2024,05,AUT.4.11.28.2_2,0.5639229422066551,0.9344859549506349
2024,05,AUT.4.11.29.1_2,0.6129597197898424,0.9539392014169457
2024,05,AUT.4.11.29.2_2,0.649737302977233,0.9661449166662318
2024,05,AUT.4.11.29.3_2,0.5779334500875658,0.9404254356406998
2024,05,AUT.4.11.29.4_2,0.586690017513135,0.9439809320108113
2024,05,AUT.4.11.29.5_2,0.5761821366024519,0.939699952112375
2024,05,AUT.4.11.3.1_2,0.6304728546409808,0.96
2024,05,AUT.4.11.3.2_2,0.5516637478108581,0.9290317540321213
2024,05,AUT.4.11.3.3_2,0.6077057793345009,0.9520315120835025
2024,05,AUT.4.11.30.1_2,0.6059544658493871,0.9513863568498342
2024,05,AUT.4.11.30.2_2,0.5604203152364273,0.9329523031752481
2024,05,AUT.4.11.31.1_2,0.5989492119089318,0.9487591896788141
2024,05,AUT.4.11.31.2_2,0.6217162872154116,0.9570266453970862
2024,05,AUT.4.11.31.3_2,0.5814360770577934,0.9418619856433319
2024,05,AUT.4.11.32.1_2,0.6252189141856392,0.9582296175760798
2024,05,AUT.4.11.33.1_2,0.5936952714535902,0.9467396685467447
2024,05,AUT.4.11.33.2_2,0.5499124343257443,0.9282327294380435
2024,05,AUT.4.11.33.3_2,0.5481611208406305,0.9274287034591931
2024,05,AUT.4.11.34.1_2,0.5884413309982488,0.9446777228240327
2024,05,AUT.4.11.34.2_2,0.5989492119089318,0.9487591896788141
2024,05,AUT.4.11.35.1_2,0.5551663747810859,0.9306148505155073
2024,05,AUT.4.11.36.1_2,0.5919439579684764,0.946057080730333
2024,05,AUT.4.11.36.2_2,0.5884413309982488,0.9446777228240327
2024,05,AUT.4.11.37.1_2,0.6462346760070053,0.965067873260736
2024,05,AUT.4.11.37.2_2,0.5936952714535902,0.9467396685467447
2024,05,AUT.4.11.37.3_2,0.6182136602451839,0.9558054195284729
2024,05,AUT.4.11.37.4_2,0.6217162872154116,0.9570266453970862
2024,05,AUT.4.11.37.5_2,0.6234676007005254,0.9576304088739037
2024,05,AUT.4.11.38.1_2,0.5744308231173381,0.9389696480717574
2024,05,AUT.4.11.39.1_2,0.5481611208406305,0.9274287034591931
2024,05,AUT.4.11.4.1_2,0.6077057793345009,0.9520315120835025
2024,05,AUT.4.11.4.2_2,0.6007005253940456,0.9494229826584145
2024,05,AUT.4.11.4.3_2,0.5849387040280211,0.9432793859721519
2024,05,AUT.4.11.40.1_2,0.5901926444833626,0.9453697689264238
2024,05,AUT.4.11.40.2_2,0.6182136602451839,0.9558054195284729
2024,05,AUT.4.11.40.3_2,0.6042031523642732,0.9507365565707464
2024,05,AUT.4.11.40.4_2,0.5989492119089318,0.9487591896788141
2024,05,AUT.4.11.40.5_2,0.6147110332749562,0.954565869911553
2024,05,AUT.4.11.5.1_2,0.5796847635726796,0.9411461098044235
2024,05,AUT.4.11.5.2_2,0.586690017513135,0.9439809320108113
2024,05,AUT.4.11.6.1_2,0.5761821366024519,0.939699952112375
2024,05,AUT.4.11.7.1_2,0.5814360770577934,0.9418619856433319
2024,05,AUT.4.11.8.1_2,0.6024518388791593,0.9500821017154254
2024,05,AUT.4.11.9.1_2,0.5901926444833626,0.9453697689264238
2024,05,AUT.4.11.9.2_2,0.6322241681260946,0.9605810741421048
2024,05,AUT.4.12.7.1_2,0.5726795096322242,0.9382345122622595
2024,05,AUT.4.13.10.1_2,0.6532399299474606,0.9672042183530839
2024,05,AUT.4.13.10.3_2,0.660245183887916,0.9692698282728087
2024,05,AUT.4.13.13.2_2,0.6199649737302978,0.9564183185196736
2024,05,AUT.4.13.14.1_2,0.660245183887916,0.9692698282728087
2024,05,AUT.4.13.15.1_2,0.6427320490367776,0.9639730286683336
2024,05,AUT.4.13.15.2_2,0.6007005253940456,0.9494229826584145
2024,05,AUT.4.13.15.3_2,0.5919439579684764,0.946057080730333
2024,05,AUT.4.13.19.4_2,0.6619964973730298,0.9697752316903129
2024,05,AUT.4.13.19.6_2,0.649737302977233,0.9661449166662318
2024,05,AUT.4.13.20.1_2,0.6322241681260946,0.9605810741421048
2024,05,AUT.4.13.20.2_2,0.628721541155867,0.9594144047282176
2024,05,AUT.4.13.20.3_2,0.5831873905429072,0.9425730740902798
2024,05,AUT.4.13.20.4_2,0.628721541155867,0.9594144047282176
2024,05,AUT.4.13.20.5_2,0.660245183887916,0.9692698282728087
2024,05,AUT.4.13.20.6_2,0.586690017513135,0.9439809320108113
2024,05,AUT.4.13.3.1_2,0.6584938704028022,0.9687600322061186
2024,05,AUT.4.13.4.1_2,0.6409807355516638,0.9634189120003821
2024,05,AUT.4.13.4.2_2,0.6182136602451839,0.9558054195284729
2024,05,AUT.4.13.4.3_2,0.6322241681260946,0.9605810741421048
2024,05,AUT.4.13.5.1_2,0.660245183887916,0.9692698282728087
2024,05,AUT.4.13.5.2_2,0.6252189141856392,0.9582296175760798
2024,05,AUT.4.13.5.4_2,0.6147110332749562,0.954565869911553
2024,05,AUT.4.13.6.4_2,0.628721541155867,0.9594144047282176
2024,05,AUT.4.15.1.1_2,0.586690017513135,0.9439809320108113
2024,05,AUT.4.15.1.2_2,0.628721541155867,0.9594144047282176
2024,05,AUT.4.15.1.3_2,0.5516637478108581,0.9290317540321213
2024,05,AUT.4.15.10.1_2,0.6007005253940456,0.9494229826584145
2024,05,AUT.4.15.11.1_2,0.5464098073555167,0.9266196630764966
2024,05,AUT.4.15.11.2_2,0.5919439579684764,0.946057080730333
2024,05,AUT.4.15.12.1_2,0.5726795096322242,0.9382345122622595
2024,05,AUT.4.15.12.2_2,0.5761821366024519,0.939699952112375
2024,05,AUT.4.15.12.3_2,0.5674255691768827,0.936
2024,05,AUT.4.15.13.1_2,0.6094570928196147,0.9526720317087093
2024,05,AUT.4.15.13.2_2,0.5901926444833626,0.9453697689264238
2024,05,AUT.4.15.14.1_2,0.6059544658493871,0.9513863568498342
2024,05,AUT.4.15.15.1_2,0.586690017513135,0.9439809320108113
2024,05,AUT.4.15.15.2_2,0.6112084063047285,0.9533079250693346
2024,05,AUT.4.15.15.3_2,0.5989492119089318,0.9487591896788141
2024,05,AUT.4.15.16.1_2,0.5936952714535902,0.9467396685467447
2024,05,AUT.4.15.17_2,0.6094570928196147,0.9526720317087093
2024,05,AUT.4.15.17.1_2,0.5849387040280211,0.9432793859721519
2024,05,AUT.4.15.17.2_2,0.6584938704028022,0.9687600322061186
2024,05,AUT.4.15.18.1_2,0.5779334500875658,0.9404254356406998
2024,05,AUT.4.15.19.1_2,0.5726795096322242,0.9382345122622595
2024,05,AUT.4.15.2.1_2,0.6199649737302978,0.9564183185196736
2024,05,AUT.4.15.2.2_2,0.5796847635726796,0.9411461098044235
2024,05,AUT.4.15.2.3_2,0.5849387040280211,0.9432793859721519
2024,05,AUT.4.15.20.1_2,0.6742556917688267,0.9731906288081488
2024,05,AUT.4.15.20.2_2,0.6147110332749562,0.954565869911553
2024,05,AUT.4.15.21.1_2,0.5884413309982488,0.9446777228240327
2024,05,AUT.4.15.22.1_2,0.6094570928196147,0.9526720317087093
2024,05,AUT.4.15.22.2_2,0.6129597197898424,0.9539392014169457
2024,05,AUT.4.15.22.3_2,0.6147110332749562,0.954565869911553
2024,05,AUT.4.15.23.1_2,0.5709281961471104,0.9374945333173949
2024,05,AUT.4.15.23.2_2,0.6024518388791593,0.9500821017154254
2024,05,AUT.4.15.23.3_2,0.6007005253940456,0.9494229826584145
2024,05,AUT.4.15.24.1_2,0.5761821366024519,0.939699952112375
2024,05,AUT.4.15.25.1_2,0.6339754816112084,0.9611576353543679
2024,05,AUT.4.15.25.2_2,0.5814360770577934,0.9418619856433319
2024,05,AUT.4.15.25.3_2,0.5831873905429072,0.9425730740902798
2024,05,AUT.4.15.26.1_2,0.6024518388791593,0.9500821017154254
2024,05,AUT.4.15.26.2_2,0.5744308231173381,0.9389696480717574
2024,05,AUT.4.15.27.1_2,0.597197898423818,0.9480907129594721
2024,05,AUT.4.15.27.2_2,0.6322241681260946,0.9605810741421048
2024,05,AUT.4.15.3.1_2,0.6182136602451839,0.9558054195284729
2024,05,AUT.4.15.3.2_2,0.5831873905429072,0.9425730740902798
2024,05,AUT.4.15.3.3_2,0.5481611208406305,0.9274287034591931
2024,05,AUT.4.15.3.4_2,0.670753064798599,0.9722365967191319
2024,05,AUT.4.15.3.5_2,0.6024518388791593,0.9500821017154254
2024,05,AUT.4.15.4.1_2,0.5989492119089318,0.9487591896788141
2024,05,AUT.4.15.4.2_2,0.6164623467600701,0.955187939622355
2024,05,AUT.4.15.5.1_2,0.6357267950963222,0.9617296917533533
2024,05,AUT.4.15.5.2_2,0.5936952714535902,0.9467396685467447
2024,05,AUT.4.15.5.3_2,0.6322241681260946,0.9605810741421048
2024,05,AUT.4.15.5.4_2,0.6690017513134852,0.9717530550505102
2024,05,AUT.4.15.6.1_2,0.5849387040280211,0.9432793859721519
2024,05,AUT.4.15.6.2_2,0.6059544658493871,0.9513863568498342
2024,05,AUT.4.15.6.3_2,0.5884413309982488,0.9446777228240327
2024,05,AUT.4.15.6.4_2,0.6304728546409808,0.96
2024,05,AUT.4.15.6.5_2,0.5884413309982488,0.9446777228240327
2024,05,AUT.4.15.6.6_2,0.6164623467600701,0.955187939622355
2024,05,AUT.4.15.6.7_2,0.5814360770577934,0.9418619856433319
2024,05,AUT.4.15.7.1_2,0.6322241681260946,0.9605810741421048
2024,05,AUT.4.15.8.1_2,0.6409807355516638,0.9634189120003821
2024,05,AUT.4.15.9.1_2,0.6182136602451839,0.9558054195284729
2024,05,AUT.4.15.9.2_2,0.5499124343257443,0.9282327294380435
2024,05,AUT.4.16.1.1_2,0.6182136602451839,0.9558054195284729
2024,05,AUT.4.16.10.1_2,0.6059544658493871,0.9513863568498342
2024,05,AUT.4.16.10.2_2,0.6725043782837129,0.9727157858285225
2024,05,AUT.4.16.10.3_2,0.5936952714535902,0.9467396685467447
2024,05,AUT.4.16.11.1_2,0.6532399299474606,0.9672042183530839
2024,05,AUT.4.16.11.2_2,0.6164623467600701,0.955187939622355
2024,05,AUT.4.16.11.3_2,0.5989492119089318,0.9487591896788141
2024,05,AUT.4.16.12.1_2,0.6322241681260946,0.9605810741421048
2024,05,AUT.4.16.13.1_2,0.62697022767075306,0.9588242800430119
2024,05,AUT.4.16.14.1_2,0.5919439579684764,0.946057080730333
2024,05,AUT.4.16.15.1_2,0.6024518388791593,0.9500821017154254
2024,05,AUT.4.16.16.1_2,0.5814360770577934,0.9418619856433319
2024,05,AUT.4.16.16.2_2,0.5394045534150613,0.923333092659415
2024,05,AUT.4.16.16.3_2,0.6654991243432575,0.9707728879609279
2024,05,AUT.4.16.17.1_2,0.597197898423818,0.9480907129594721
2024,05,AUT.4.16.18.1_2,0.6760070052539405,0.9736611320166786
2024,05,AUT.4.16.18.2_2,0.6077057793345009,0.9520315120835025
2024,05,AUT.4.16.19.1_2,0.6619964973730298,0.9697752316903129
2024,05,AUT.4.16.19.2_2,0.63922942206655,0.9628603221651623
2024,05,AUT.4.16.2.1_2,0.6514886164623468,0.9666767815562759
2024,05,AUT.4.16.2.2_2,0.6077057793345009,0.9520315120835025
2024,05,AUT.4.16.20.1_2,0.6077057793345009,0.9520315120835025
2024,05,AUT.4.16.21.1_2,0.6567425569176883,0.9682458365518543
2024,05,AUT.4.16.21.2_2,0.62697022767075306,0.9588242800430119
2024,05,AUT.4.16.22.1_2,0.5779334500875658,0.9404254356406998
2024,05,AUT.4.16.22.2_2,0.5936952714535902,0.9467396685467447
2024,05,AUT.4.16.22.3_2,0.6637478108581437,0.970276249322841
2024,05,AUT.4.16.23.1_2,0.6567425569176883,0.9682458365518543
2024,05,AUT.4.16.23.2_2,0.6479859894921192,0.9656086163658648
2024,05,AUT.4.16.24.1_2,0.6357267950963222,0.9617296917533533
2024,05,AUT.4.16.25.1_2,0.6199649737302978,0.9564183185196736
2024,05,AUT.4.16.26.1_2,0.6304728546409808,0.96
2024,05,AUT.4.16.26.2_2,0.5989492119089318,0.9487591896788141
2024,05,AUT.4.16.26.3_2,0.63922942206655,0.9628603221651623
2024,05,AUT.4.16.26.4_2,0.6584938704028022,0.9687600322061186
2024,05,AUT.4.16.26.5_2,0.6322241681260946,0.9605810741421048
2024,05,AUT.4.16.27.1_2,0.6234676007005254,0.9576304088739037
2024,05,AUT.4.16.28.1_2,0.649737302977233,0.9661449166662318
2024,05,AUT.4.16.29.1_2,0.6129597197898424,0.9539392014169457
2024,05,AUT.4.16.3.1_2,0.6077057793345009,0.9520315120835025
2024,05,AUT.4.16.30.1_2,0.6374781085814362,0.962297251372984
2024,05,AUT.4.16.31.1_2,0.6374781085814362,0.962297251372984
2024,05,AUT.4.16.31.2_2,0.6532399299474606,0.9672042183530839
2024,05,AUT.4.16.31.3_2,0.6042031523642732,0.9507365565707464
2024,05,AUT.4.16.31.4_2,0.5989492119089318,0.9487591896788141
2024,05,AUT.4.16.32.1_2,0.6129597197898424,0.9539392014169457
2024,05,AUT.4.16.33.1_2,0.6042031523642732,0.9507365565707464
2024,05,AUT.4.16.34.1_2,0.6584938704028022,0.9687600322061186
2024,05,AUT.4.16.35.1_2,0.6584938704028022,0.9687600322061186
2024,05,AUT.4.16.36.1_2,0.6514886164623468,0.9666767815562759
2024,05,AUT.4.16.36.2_2,0.6339754816112084,0.9611576353543679
2024,05,AUT.4.16.36.3_2,0.6760070052539405,0.9736611320166786
2024,05,AUT.4.16.37.1_2,0.6847635726795097,0.9759487691472335
2024,05,AUT.4.16.38.1_2,0.6129597197898424,0.9539392014169457
2024,05,AUT.4.16.39.1_2,0.6567425569176883,0.9682458365518543
2024,05,AUT.4.16.39.2_2,0.6374781085814362,0.962297251372984
2024,05,AUT.4.16.4.1_2,0.5674255691768827,0.936
2024,05,AUT.4.16.40.1_2,0.6690017513134852,0.9717530550505102
2024,05,AUT.4.16.41.1_2,0.6619964973730298,0.9697752316903129
2024,05,AUT.4.16.41.2_2,0.6182136602451839,0.9558054195284729
2024,05,AUT.4.16.42.1_2,0.6725043782837129,0.9727157858285225
2024,05,AUT.4.16.42.2_2,0.6094570928196147,0.9526720317087093
2024,05,AUT.4.16.43.1_2,0.6007005253940456,0.9494229826584145
2024,05,AUT.4.16.43.2_2,0.62697022767075306,0.9588242800430119
2024,05,AUT.4.16.43.3_2,0.6059544658493871,0.9513863568498342
2024,05,AUT.4.16.44.1_2,0.6322241681260946,0.9605810741421048
2024,05,AUT.4.16.44.2_2,0.6007005253940456,0.9494229826584145
2024,05,AUT.4.16.45.1_2,0.6357267950963222,0.9617296917533533
2024,05,AUT.4.16.45.2_2,0.6199649737302978,0.9564183185196736
2024,05,AUT.4.16.46.1_2,0.597197898423818,0.9480907129594721
2024,05,AUT.4.16.46.2_2,0.6322241681260946,0.9605810741421048
2024,05,AUT.4.16.47.1_2,0.6024518388791593,0.9500821017154254
2024,05,AUT.4.16.47.2_2,0.5779334500875658,0.9404254356406998
2024,05,AUT.4.16.47.3_2,0.6427320490367776,0.9639730286683336
2024,05,AUT.4.16.48.1_2,0.6077057793345009,0.9520315120835025
2024,05,AUT.4.16.48.2_2,0.63922942206655,0.9628603221651623
2024,05,AUT.4.16.49.1_2,0.6514886164623468,0.9666767815562759
2024,05,AUT.4.16.5.1_2,0.6182136602451839,0.9558054195284729
2024,05,AUT.4.16.5.2_2,0.6444833625218914,0.9645226798784983
2024,05,AUT.4.16.50.1_2,0.5569176882661997,0.931398947819891
2024,05,AUT.4.16.51.1_2,0.6619964973730298,0.9697752316903129
2024,05,AUT.4.16.52.1_2,0.586690017513135,0.9439809320108113
2024,05,AUT.4.16.6.1_2,0.6164623467600701,0.955187939622355
2024,05,AUT.4.16.6.2_2,0.63922942206655,0.9628603221651623
2024,05,AUT.4.16.7.1_2,0.63922942206655,0.9628603221651623
2024,05,AUT.4.16.7.2_2,0.6427320490367776,0.9639730286683336
2024,05,AUT.4.16.8.1_2,0.6252189141856392,0.9582296175760798
2024,05,AUT.4.16.8.2_2,0.6112084063047285,0.9533079250693346
2024,05,AUT.4.16.9.1_2,0.6462346760070053,0.965067873260736
2024,05,AUT.4.16.9.2_2,0.5551663747810859,0.9306148505155073
2024,05,AUT.4.16.9.3_2,0.5831873905429072,0.9425730740902798
2024,05,AUT.4.16.9.4_2,0.6077057793345009,0.9520315120835025
2024,05,AUT.4.16.9.5_2,0.5936952714535902,0.9467396685467447
2024,05,AUT.4.17.1.1_2,0.5464098073555167,0.9266196630764966
2024,05,AUT.4.17.10.1_2,0.586690017513135,0.9439809320108113
2024,05,AUT.4.17.10.2_2,0.5936952714535902,0.9467396685467447
2024,05,AUT.4.17.10.3_2,0.586690017513135,0.9439809320108113
2024,05,AUT.4.17.11.1_2,0.6147110332749562,0.954565869911553
2024,05,AUT.4.17.12.1_2,0.5796847635726796,0.9411461098044235
2024,05,AUT.4.17.13.1_2,0.5954465849387042,0.9474175425861608
2024,05,AUT.4.17.14.1_2,0.5796847635726796,0.9411461098044235
2024,05,AUT.4.17.14.2_2,0.6007005253940456,0.9494229826584145
2024,05,AUT.4.17.14.3_2,0.5394045534150613,0.923333092659415
2024,05,AUT.4.17.14.4_2,0.6182136602451839,0.9558054195284729
2024,05,AUT.4.17.15.1_2,0.6199649737302978,0.9564183185196736
2024,05,AUT.4.17.15.2_2,0.5796847635726796,0.9411461098044235
2024,05,AUT.4.17.15.3_2,0.63922942206655,0.9628603221651623
2024,05,AUT.4.17.15.4_2,0.6024518388791593,0.9500821017154254
2024,05,AUT.4.17.16.1_2,0.5464098073555167,0.9266196630764966
2024,05,AUT.4.17.16.2_2,0.6182136602451839,0.9558054195284729
2024,05,AUT.4.17.16.3_2,0.542907180385289,0.9249864863877743
2024,05,AUT.4.17.16.4_2,0.6042031523642732,0.9507365565707464
2024,05,AUT.4.17.16.5_2,0.6024518388791593,0.9500821017154254
2024,05,AUT.4.17.16.6_2,0.5884413309982488,0.9446777228240327
2024,05,AUT.4.17.17.1_2,0.6164623467600701,0.955187939622355
2024,05,AUT.4.17.17.2_2,0.5761821366024519,0.939699952112375
2024,05,AUT.4.17.18.1_2,0.63922942206655,0.9628603221651623
2024,05,AUT.4.17.18.2_2,0.586690017513135,0.9439809320108113
2024,05,AUT.4.17.18.3_2,0.6094570928196147,0.9526720317087093
2024,05,AUT.4.17.18.4_2,0.6217162872154116,0.9570266453970862
2024,05,AUT.4.17.18.5_2,0.6514886164623468,0.9666767815562759
2024,05,AUT.4.17.19.1_2,0.6077057793345009,0.9520315120835025
2024,05,AUT.4.17.19.2_2,0.5989492119089318,0.9487591896788141
2024,05,AUT.4.17.2.1_2,0.6077057793345009,0.9520315120835025
2024,05,AUT.4.17.20.1_2,0.5691768826619966,0.9367496997597597
2024,05,AUT.4.17.21.1_2,0.6234676007005254,0.9576304088739037
2024,05,AUT.4.17.21.2_2,0.6059544658493871,0.9513863568498342
2024,05,AUT.4.17.22.1_2,0.6549912434325745,0.9677272342969376
2024,05,AUT.4.17.22.2_2,0.6357267950963222,0.9617296917533533
2024,05,AUT.4.17.22.3_2,0.6619964973730298,0.9697752316903129
2024,05,AUT.4.17.23.1_2,0.6182136602451839,0.9558054195284729
2024,05,AUT.4.17.23.2_2,0.6129597197898424,0.9539392014169457
2024,05,AUT.4.17.23.3_2,0.6514886164623468,0.9666767815562759
2024,05,AUT.4.17.24.1_2,0.5919439579684764,0.946057080730333
2024,05,AUT.4.17.24.2_2,0.6182136602451839,0.9558054195284729
2024,05,AUT.4.17.24.3_2,0.6164623467600701,0.955187939622355
2024,05,AUT.4.17.24.4_2,0.5796847635726796,0.9411461098044235
2024,05,AUT.4.17.3.1_2,0.6427320490367776,0.9639730286683336
2024,05,AUT.4.17.3.2_2,0.6462346760070053,0.965067873260736
2024,05,AUT.4.17.3.3_2,0.6479859894921192,0.9656086163658648
2024,05,AUT.4.17.3.4_2,0.6567425569176883,0.9682458365518543
2024,05,AUT.4.17.3.5_2,0.6462346760070053,0.965067873260736
2024,05,AUT.4.17.3.6_2,0.6147110332749562,0.954565869911553
2024,05,AUT.4.17.4.1_2,0.5674255691768827,0.936
2024,05,AUT.4.17.4.2_2,0.6304728546409808,0.96
2024,05,AUT.4.17.4.3_2,0.5884413309982488,0.9446777228240327
2024,05,AUT.4.17.4.4_2,0.6147110332749562,0.954565869911553
2024,05,AUT.4.17.4.5_2,0.6007005253940456,0.9494229826584145
2024,05,AUT.4.17.5.1_2,0.649737302977233,0.9661449166662318
2024,05,AUT.4.17.5.2_2,0.6059544658493871,0.9513863568498342
2024,05,AUT.4.17.5.3_2,0.6164623467600701,0.955187939622355
2024,05,AUT.4.17.6.1_2,0.6322241681260946,0.9605810741421048
2024,05,AUT.4.17.6.2_2,0.5639229422066551,0.9344859549506349
2024,05,AUT.4.17.6.3_2,0.6094570928196147,0.9526720317087093
2024,05,AUT.4.17.7.1_2,0.586690017513135,0.9439809320108113
2024,05,AUT.4.17.7.2_2,0.5954465849387042,0.9474175425861608
2024,05,AUT.4.17.8.1_2,0.6182136602451839,0.9558054195284729
2024,05,AUT.4.17.8.2_2,0.62697022767075306,0.9588242800430119
2024,05,AUT.4.17.8.3_2,0.5936952714535902,0.9467396685467447
2024,05,AUT.4.17.8.4_2,0.6182136602451839,0.9558054195284729
2024,05,AUT.4.17.9.1_2,0.5954465849387042,0.9474175425861608
2024,05,AUT.4.18.1.1_2,0.56217162872154125,0.9337215859130601
2024,05,AUT.4.18.1.2_2,0.6164623467600701,0.955187939622355
2024,05,AUT.4.18.1.3_2,0.597197898423818,0.9480907129594721
2024,05,AUT.4.18.1.4_2,0.597197898423818,0.9480907129594721
2024,05,AUT.4.18.1.5_2,0.5954465849387042,0.9474175425861608
2024,05,AUT.4.18.1.6_2,0.56217162872154125,0.9337215859130601
2024,05,AUT.4.2.1.1_2,0.6147110332749562,0.954565869911553
2024,05,AUT.4.2.1.2_2,0.5919439579684764,0.946057080730333
2024,05,AUT.4.2.1.3_2,0.5709281961471104,0.9374945333173949
2024,05,AUT.4.2.1.4_2,0.6024518388791593,0.9500821017154254
2024,05,AUT.4.2.1.5_2,0.6304728546409808,0.96
2024,05,AUT.4.2.1.6_2,0.6217162872154116,0.9570266453970862
2024,05,AUT.4.2.10.1_2,0.6199649737302978,0.9564183185196736
2024,05,AUT.4.2.10.2_2,0.6042031523642732,0.9507365565707464
2024,05,AUT.4.2.10.3_2,0.6164623467600701,0.955187939622355
2024,05,AUT.4.2.10.4_2,0.6077057793345009,0.9520315120835025
2024,05,AUT.4.2.11.1_2,0.6182136602451839,0.9558054195284729
2024,05,AUT.4.2.11.2_2,0.5779334500875658,0.9404254356406998
2024,05,AUT.4.2.12.1_2,0.5639229422066551,0.9344859549506349
2024,05,AUT.4.2.12.2_2,0.5901926444833626,0.9453697689264238
2024,05,AUT.4.2.2.1_2,0.5814360770577934,0.9418619856433319
2024,05,AUT.4.2.3.1_2,0.5831873905429072,0.9425730740902798
2024,05,AUT.4.2.4.1_2,0.6514886164623468,0.9666767815562759
2024,05,AUT.4.2.4.2_2,0.6304728546409808,0.96
2024,05,AUT.4.2.5.1_2,0.5639229422066551,0.9344859549506349
2024,05,AUT.4.2.5.2_2,0.586690017513135,0.9439809320108113
2024,05,AUT.4.2.6.1_2,0.5569176882661997,0.931398947819891
2024,05,AUT.4.2.6.2_2,0.5936952714535902,0.9467396685467447
2024,05,AUT.4.2.6.3_2,0.5761821366024519,0.939699952112375
2024,05,AUT.4.2.7.1_2,0.5901926444833626,0.9453697689264238
2024,05,AUT.4.2.7.2_2,0.5936952714535902,0.9467396685467447
2024,05,AUT.4.2.7.3_2,0.6024518388791593,0.9500821017154254
2024,05,AUT.4.2.8.1_2,0.5779334500875658,0.9404254356406998
2024,05,AUT.4.2.8.2_2,0.5849387040280211,0.9432793859721519
2024,05,AUT.4.2.9.1_2,0.5691768826619966,0.9367496997597597
2024,05,AUT.4.2.9.2_2,0.6584938704028022,0.9687600322061186
2024,05,AUT.4.3.1.1_2,0.6339754816112084,0.9611576353543679
2024,05,AUT.4.3.1.2_2,0.5656742556917689,0.9352454223357631
2024,05,AUT.4.3.1.3_2,0.586690017513135,0.9439809320108113
2024,05,AUT.4.3.1.4_2,0.56217162872154125,0.9337215859130601
2024,05,AUT.4.3.10.1_2,0.6217162872154116,0.9570266453970862
2024,05,AUT.4.3.10.2_2,0.6567425569176883,0.9682458365518543
2024,05,AUT.4.3.10.3_2,0.6059544658493871,0.9513863568498342
2024,05,AUT.4.3.11.1_2,0.6024518388791593,0.9500821017154254
2024,05,AUT.4.3.11.2_2,0.6217162872154116,0.9570266453970862
2024,05,AUT.4.3.12.1_2,0.63922942206655,0.9628603221651623
2024,05,AUT.4.3.12.2_2,0.5814360770577934,0.9418619856433319
2024,05,AUT.4.3.12.3_2,0.6042031523642732,0.9507365565707464
2024,05,AUT.4.3.13.1_2,0.597197898423818,0.9480907129594721
2024,05,AUT.4.3.13.2_2,0.5936952714535902,0.9467396685467447
2024,05,AUT.4.3.13.3_2,0.5814360770577934,0.9418619856433319
2024,05,AUT.4.3.13.4_2,0.5551663747810859,0.9306148505155073
2024,05,AUT.4.3.14.1_2,0.628721541155867,0.9594144047282176
2024,05,AUT.4.3.14.2_2,0.6112084063047285,0.9533079250693346
2024,05,AUT.4.3.15.1_2,0.5831873905429072,0.9425730740902798
2024,05,AUT.4.3.15.2_2,0.6059544658493871,0.9513863568498342
2024,05,AUT.4.3.15.3_2,0.5744308231173381,0.9389696480717574
2024,05,AUT.4.3.16.1_2,0.5534150612959721,0.9298257901349047
2024,05,AUT.4.3.16.2_2,0.5919439579684764,0.946057080730333
2024,05,AUT.4.3.16.3_2,0.6357267950963222,0.9617296917533533
2024,05,AUT.4.3.17.1_2,0.5761821366024519,0.939699952112375
2024,05,AUT.4.3.17.2_2,0.6007005253940456,0.9494229826584145
2024,05,AUT.4.3.17.3_2,0.6042031523642732,0.9507365565707464
2024,05,AUT.4.3.17.4_2,0.597197898423818,0.9480907129594721
2024,05,AUT.4.3.18.1_2,0.6217162872154116,0.9570266453970862
2024,05,AUT.4.3.18.2_2,0.6182136602451839,0.9558054195284729
2024,05,AUT.4.3.18.3_2,0.5884413309982488,0.9446777228240327
2024,05,AUT.4.3.19.1_2,0.5691768826619966,0.9367496997597597
2024,05,AUT.4.3.19.2_2,0.6182136602451839,0.9558054195284729
2024,05,AUT.4.3.19.3_2,0.5691768826619966,0.9367496997597597
2024,05,AUT.4.3.19.4_2,0.6112084063047285,0.9533079250693346
2024,05,AUT.4.3.2.1_2,0.628721541155867,0.9594144047282176
2024,05,AUT.4.3.20.1_2,0.597197898423818,0.9480907129594721
2024,05,AUT.4.3.20.2_2,0.6042031523642732,0.9507365565707464
2024,05,AUT.4.3.20.3_2,0.6252189141856392,0.9582296175760798
2024,05,AUT.4.3.21.1_2,0.628721541155867,0.9594144047282176
2024,05,AUT.4.3.21.2_2,0.6199649737302978,0.9564183185196736
2024,05,AUT.4.3.21.3_2,0.6567425569176883,0.9682458365518543
2024,05,AUT.4.3.22.1_2,0.5884413309982488,0.9446777228240327
2024,05,AUT.4.3.22.2_2,0.6549912434325745,0.9677272342969376
2024,05,AUT.4.3.23.1_2,0.6199649737302978,0.9564183185196736
2024,05,AUT.4.3.24.1_2,0.6619964973730298,0.9697752316903129
2024,05,AUT.4.3.24.2_2,0.5726795096322242,0.9382345122622595
2024,05,AUT.4.3.25.1_2,0.6059544658493871,0.9513863568498342
2024,05,AUT.4.3.25.2_2,0.6164623467600701,0.955187939622355
2024,05,AUT.4.3.26.1_2,0.5744308231173381,0.9389696480717574
2024,05,AUT.4.3.26.2_2,0.649737302977233,0.9661449166662318
2024,05,AUT.4.3.27.1_2,0.5166374781085814,0.9120855223058855
2024,05,AUT.4.3.27.2_2,0.56217162872154125,0.9337215859130601
2024,05,AUT.4.3.27.3_2,0.6217162872154116,0.9570266453970862
2024,05,AUT.4.3.3.1_2,0.628721541155867,0.9594144047282176
2024,05,AUT.4.3.3.2_2,0.6147110332749562,0.954565869911553
2024,05,AUT.4.3.3.3_2,0.6532399299474606,0.9672042183530839
2024,05,AUT.4.3.4.1_2,0.5376532399299475,0.9224987804869988
2024,05,AUT.4.3.4.2_2,0.6374781085814362,0.962297251372984
2024,05,AUT.4.3.4.3_2,0.6217162872154116,0.9570266453970862
2024,05,AUT.4.3.5.1_2,0.6007005253940456,0.9494229826584145
2024,05,AUT.4.3.5.2_2,0.6094570928196147,0.9526720317087093
2024,05,AUT.4.3.6.1_2,0.6357267950963222,0.9617296917533533
2024,05,AUT.4.3.6.2_2,0.6094570928196147,0.9526720317087093
2024,05,AUT.4.3.7.1_2,0.6217162872154116,0.9570266453970862
2024,05,AUT.4.3.7.2_2,0.670753064798599,0.9722365967191319
2024,05,AUT.4.3.8.1_2,0.6094570928196147,0.9526720317087093
2024,05,AUT.4.3.8.2_2,0.6199649737302978,0.9564183185196736
2024,05,AUT.4.3.8.3_2,0.6042031523642732,0.9507365565707464
2024,05,AUT.4.3.9.1_2,0.6304728546409808,0.96
2024,05,AUT.4.3.9.2_2,0.5656742556917689,0.9352454223357631
2024,05,AUT.4.3.9.3_2,0.5884413309982488,0.9446777228240327
2024,05,AUT.4.3.9.4_2,0.6234676007005254,0.9576304088739037
2024,05,AUT.4.3.9.5_2,0.6077057793345009,0.9520315120835025
2024,05,AUT.4.4.1.1_2,0.649737302977233,0.9661449166662318
2024,05,AUT.4.4.1.10_2,0.6007005253940456,0.9494229826584145
2024,05,AUT.4.4.1.2_2,0.6514886164623468,0.9666767815562759
2024,05,AUT.4.4.1.3_2,0.6514886164623468,0.9666767815562759
2024,05,AUT.4.4.1.4_2,0.6462346760070053,0.965067873260736
2024,05,AUT.4.4.1.5_2,0.6217162872154116,0.9570266453970862
2024,05,AUT.4.4.1.6_2,0.6322241681260946,0.9605810741421048
2024,05,AUT.4.4.1.7_2,0.63922942206655,0.9628603221651623
2024,05,AUT.4.4.1.8_2,0.6182136602451839,0.9558054195284729
2024,05,AUT.4.4.1.9_2,0.6444833625218914,0.9645226798784983
2024,05,AUT.4.4.10.1_2,0.6760070052539405,0.9736611320166786
2024,05,AUT.4.4.10.2_2,0.6549912434325745,0.9677272342969376
2024,05,AUT.4.4.10.3_2,0.6252189141856392,0.9582296175760798
2024,05,AUT.4.4.10.4_2,0.6007005253940456,0.9494229826584145
2024,05,AUT.4.4.10.5_2,0.6479859894921192,0.9656086163658648
2024,05,AUT.4.4.10.6_2,0.6059544658493871,0.9513863568498342
2024,05,AUT.4.4.11.1_2,0.6339754816112084,0.9611576353543679
2024,05,AUT.4.4.11.2_2,0.5936952714535902,0.9467396685467447
2024,05,AUT.4.4.11.3_2,0.6129597197898424,0.9539392014169457
2024,05,AUT.4.4.11.4_2,0.6129597197898424,0.9539392014169457
2024,05,AUT.4.4.11.5_2,0.5989492119089318,0.9487591896788141
2024,05,AUT.4.4.11.6_2,0.6637478108581437,0.970276249322841
2024,05,AUT.4.4.11.7_2,0.6830122591943959,0.9754998718605759
2024,05,AUT.4.4.11.8_2,0.6042031523642732,0.9507365565707464
2024,05,AUT.4.4.12.1_2,0.6357267950963222,0.9617296917533533
2024,05,AUT.4.4.13.1_2,0.6059544658493871,0.9513863568498342
2024,05,AUT.4.4.13.2_2,0.6059544658493871,0.9513863568498342
2024,05,AUT.4.4.13.3_2,0.6164623467600701,0.955187939622355
2024,05,AUT.4.4.13.4_2,0.6077057793345009,0.9520315120835025
2024,05,AUT.4.4.13.5_2,0.5814360770577934,0.9418619856433319
2024,05,AUT.4.4.13.6_2,0.6462346760070053,0.965067873260736
2024,05,AUT.4.4.14.1_2,0.6322241681260946,0.9605810741421048
2024,05,AUT.4.4.14.2_2,0.6742556917688267,0.9731906288081488
2024,05,AUT.4.4.15.1_2,0.6409807355516638,0.9634189120003821
2024,05,AUT.4.4.15.2_2,0.6007005253940456,0.9494229826584145
2024,05,AUT.4.4.15.3_2,0.6024518388791593,0.9500821017154254
2024,05,AUT.4.4.15.4_2,0.6304728546409808,0.96
2024,05,AUT.4.4.16.1_2,0.6164623467600701,0.955187939622355
2024,05,AUT.4.4.16.2_2,0.6900175131348513,0.9772696659571503
2024,05,AUT.4.4.16.3_2,0.670753064798599,0.9722365967191319
2024,05,AUT.4.4.17.1_2,0.63922942206655,0.9628603221651623
2024,05,AUT.4.4.17.2_2,0.6252189141856392,0.9582296175760798
2024,05,AUT.4.4.18.1_2,0.6164623467600701,0.955187939622355
2024,05,AUT.4.4.18.2_2,0.6059544658493871,0.9513863568498342
2024,05,AUT.4.4.18.3_2,0.6812609457092821,0.975046665549911
2024,05,AUT.4.4.19.1_2,0.6637478108581437,0.970276249322841
2024,05,AUT.4.4.19.2_2,0.6357267950963222,0.9617296917533533
2024,05,AUT.4.4.19.3_2,0.6234676007005254,0.9576304088739037
2024,05,AUT.4.4.2.1_2,0.6427320490367776,0.9639730286683336
2024,05,AUT.4.4.2.2_2,0.5796847635726796,0.9411461098044235
2024,05,AUT.4.4.2.3_2,0.6147110332749562,0.954565869911553
2024,05,AUT.4.4.2.4_2,0.5936952714535902,0.9467396685467447
2024,05,AUT.4.4.2.5_2,0.5709281961471104,0.9374945333173949
2024,05,AUT.4.4.20.1_2,0.6409807355516638,0.9634189120003821
2024,05,AUT.4.4.20.10_2,0.6549912434325745,0.9677272342969376
2024,05,AUT.4.4.20.11_2,0.6409807355516638,0.9634189120003821
2024,05,AUT.4.4.20.2_2,0.6479859894921192,0.9656086163658648
2024,05,AUT.4.4.20.3_2,0.5884413309982488,0.9446777228240327
2024,05,AUT.4.4.20.4_2,0.6112084063047285,0.9533079250693346
2024,05,AUT.4.4.20.5_2,0.6042031523642732,0.9507365565707464
2024,05,AUT.4.4.20.6_2,0.6304728546409808,0.96
2024,05,AUT.4.4.20.7_2,0.6304728546409808,0.96
2024,05,AUT.4.4.20.8_2,0.6619964973730298,0.9697752316903129
2024,05,AUT.4.4.20.9_2,0.6059544658493871,0.9513863568498342
2024,05,AUT.4.4.3.1_2,0.6112084063047285,0.9533079250693346
2024,05,AUT.4.4.3.10_2,0.6357267950963222,0.9617296917533533
2024,05,AUT.4.4.3.2_2,0.5954465849387042,0.9474175425861608
2024,05,AUT.4.4.3.3_2,0.6252189141856392,0.9582296175760798
2024,05,AUT.4.4.3.4_2,0.6812609457092821,0.975046665549911
2024,05,AUT.4.4.3.5_2,0.6427320490367776,0.9639730286683336
2024,05,AUT.4.4.3.6_2,0.6444833625218914,0.9645226798784983
2024,05,AUT.4.4.3.7_2,0.5796847635726796,0.9411461098044235
2024,05,AUT.4.4.3.8_2,0.628721541155867,0.9594144047282176
2024,05,AUT.4.4.3.9_2,0.6112084063047285,0.9533079250693346
2024,05,AUT.4.4.4.1_2,0.5831873905429072,0.9425730740902798
2024,05,AUT.4.4.4.2_2,0.6374781085814362,0.962297251372984
2024,05,AUT.4.4.4.3_2,0.6479859894921192,0.9656086163658648
2024,05,AUT.4.4.5.1_2,0.6584938704028022,0.9687600322061186
2024,05,AUT.4.4.5.2_2,0.670753064798599,0.9722365967191319
2024,05,AUT.4.4.5.3_2,0.7057793345008757,0.9810015290507961
2024,05,AUT.4.4.5.4_2,0.6199649737302978,0.9564183185196736
2024,05,AUT.4.4.5.5_2,0.6427320490367776,0.9639730286683336
2024,05,AUT.4.4.6.1_2,0.6147110332749562,0.954565869911553
2024,05,AUT.4.4.7.1_2,0.6479859894921192,0.9656086163658648
2024,05,AUT.4.4.8.1_2,0.6007005253940456,0.9494229826584145
2024,05,AUT.4.4.8.2_2,0.6760070052539405,0.9736611320166786
2024,05,AUT.4.4.8.3_2,0.6094570928196147,0.9526720317087093
2024,05,AUT.4.4.9.1_2,0.6357267950963222,0.9617296917533533
2024,05,AUT.4.5.13.1_2,0.5779334500875658,0.9404254356406998
2024,05,AUT.4.5.13.2_2,0.5884413309982488,0.9446777228240327
2024,05,AUT.4.5.14.3_2,0.6304728546409808,0.96
2024,05,AUT.4.5.2.1_2,0.6427320490367776,0.9639730286683336
2024,05,AUT.4.5.24.1_2,0.6129597197898424,0.9539392014169457
2024,05,AUT.4.5.24.2_2,0.6059544658493871,0.9513863568498342
2024,05,AUT.4.5.26.1_2,0.5989492119089318,0.9487591896788141
2024,05,AUT.4.5.31.1_2,0.6007005253940456,0.9494229826584145
2024,05,AUT.4.5.31.2_2,0.5779334500875658,0.9404254356406998
2024,05,AUT.4.5.31.3_2,0.5936952714535902,0.9467396685467447
2024,05,AUT.4.5.32.1_2,0.5709281961471104,0.9374945333173949
2024,05,AUT.4.5.32.2_2,0.6252189141856392,0.9582296175760798
2024,05,AUT.4.5.32.3_2,0.6339754816112084,0.9611576353543679
2024,05,AUT.4.5.6_2,0.6147110332749562,0.954565869911553
2024,05,AUT.4.5.6.6_2,0.6374781085814362,0.962297251372984
2024,05,AUT.4.5.6.7_2,0.63922942206655,0.9628603221651623
2024,05,AUT.4.6.12.3_2,0.6199649737302978,0.9564183185196736
2024,05,AUT.4.6.12.4_2,0.6409807355516638,0.9634189120003821
2024,05,AUT.4.6.12.8_2,0.6549912434325745,0.9677272342969376
2024,05,AUT.4.6.13.2_2,0.6917688266199651,0.9777013859047148
2024,05,AUT.4.6.13.4_2,0.6584938704028022,0.9687600322061186
2024,05,AUT.4.6.17.1_2,0.6234676007005254,0.9576304088739037
2024,05,AUT.4.6.17.2_2,0.6514886164623468,0.9666767815562759
2024,05,AUT.4.6.6.2_2,0.6567425569176883,0.9682458365518543
2024,05,AUT.4.6.7.10_2,0.6042031523642732,0.9507365565707464
2024,05,AUT.4.6.7.7_2,0.5744308231173381,0.9389696480717574
2024,05,AUT.4.6.7.8_2,0.5901926444833626,0.9453697689264238
2024,05,AUT.4.7.1.1_2,0.6619964973730298,0.9697752316903129
2024,05,AUT.4.7.1.2_2,0.6182136602451839,0.9558054195284729
2024,05,AUT.4.7.10.1_2,0.5604203152364273,0.9329523031752481
2024,05,AUT.4.7.10.2_2,0.6479859894921192,0.9656086163658648
2024,05,AUT.4.7.11.1_2,0.6357267950963222,0.9617296917533533
2024,05,AUT.4.7.11.2_2,0.6777583187390543,0.9741273017424364
2024,05,AUT.4.7.11.3_2,0.5936952714535902,0.9467396685467447
2024,05,AUT.4.7.12.1_2,0.5796847635726796,0.9411461098044235
2024,05,AUT.4.7.12.2_2,0.6514886164623468,0.9666767815562759
2024,05,AUT.4.7.12.3_2,0.5814360770577934,0.9418619856433319
2024,05,AUT.4.7.13.1_2,0.6514886164623468,0.9666767815562759
2024,05,AUT.4.7.13.2_2,0.597197898423818,0.9480907129594721
2024,05,AUT.4.7.13.3_2,0.6024518388791593,0.9500821017154254
2024,05,AUT.4.7.13.4_2,0.6007005253940456,0.9494229826584145
2024,05,AUT.4.7.13.5_2,0.6007005253940456,0.9494229826584145
2024,05,AUT.4.7.13.6_2,0.56217162872154125,0.9337215859130601
2024,05,AUT.4.7.14.1_2,0.6077057793345009,0.9520315120835025
2024,05,AUT.4.7.14.2_2,0.5919439579684764,0.946057080730333
2024,05,AUT.4.7.14.3_2,0.6252189141856392,0.9582296175760798
2024,05,AUT.4.7.14.4_2,0.6199649737302978,0.9564183185196736
2024,05,AUT.4.7.15.1_2,0.6077057793345009,0.9520315120835025
2024,05,AUT.4.7.16.1_2,0.5726795096322242,0.9382345122622595
2024,05,AUT.4.7.17.1_2,0.6164623467600701,0.955187939622355
2024,05,AUT.4.7.17.2_2,0.5919439579684764,0.946057080730333
2024,05,AUT.4.7.18.1_2,0.6042031523642732,0.9507365565707464
2024,05,AUT.4.7.18.2_2,0.5779334500875658,0.9404254356406998
2024,05,AUT.4.7.18.3_2,0.5814360770577934,0.9418619856433319
2024,05,AUT.4.7.18.4_2,0.6199649737302978,0.9564183185196736
2024,05,AUT.4.7.19.1_2,0.6252189141856392,0.9582296175760798
2024,05,AUT.4.7.19.10_2,0.6147110332749562,0.954565869911553
2024,05,AUT.4.7.19.11_2,0.5831873905429072,0.9425730740902798
2024,05,AUT.4.7.19.12_2,0.6339754816112084,0.9611576353543679
2024,05,AUT.4.7.19.2_2,0.5726795096322242,0.9382345122622595
2024,05,AUT.4.7.19.3_2,0.6462346760070053,0.965067873260736
2024,05,AUT.4.7.19.4_2,0.6199649737302978,0.9564183185196736
2024,05,AUT.4.7.19.5_2,0.6129597197898424,0.9539392014169457
2024,05,AUT.4.7.19.6_2,0.6094570928196147,0.9526720317087093
2024,05,AUT.4.7.19.7_2,0.6322241681260946,0.9605810741421048
2024,05,AUT.4.7.19.8_2,0.6339754816112084,0.9611576353543679
2024,05,AUT.4.7.19.9_2,0.5989492119089318,0.9487591896788141
2024,05,AUT.4.7.2.1_2,0.5814360770577934,0.9418619856433319
2024,05,AUT.4.7.2.2_2,0.6094570928196147,0.9526720317087093
2024,05,AUT.4.7.2.3_2,0.6199649737302978,0.9564183185196736
2024,05,AUT.4.7.2.4_2,0.6304728546409808,0.96
2024,05,AUT.4.7.2.5_2,0.597197898423818,0.9480907129594721
2024,05,AUT.4.7.20.1_2,0.5936952714535902,0.9467396685467447
2024,05,AUT.4.7.20.2_2,0.6059544658493871,0.9513863568498342
2024,05,AUT.4.7.20.3_2,0.5884413309982488,0.9446777228240327
2024,05,AUT.4.7.20.4_2,0.5481611208406305,0.9274287034591931
2024,05,AUT.4.7.20.5_2,0.6112084063047285,0.9533079250693346
2024,05,AUT.4.7.20.6_2,0.6042031523642732,0.9507365565707464
2024,05,AUT.4.7.20.7_2,0.628721541155867,0.9594144047282176
2024,05,AUT.4.7.20.8_2,0.6427320490367776,0.9639730286683336
2024,05,AUT.4.7.21.1_2,0.6112084063047285,0.9533079250693346
2024,05,AUT.4.7.22.1_2,0.6007005253940456,0.9494229826584145
2024,05,AUT.4.7.22.2_2,0.62697022767075306,0.9588242800430119
2024,05,AUT.4.7.22.3_2,0.6147110332749562,0.954565869911553
2024,05,AUT.4.7.3.1_2,0.6322241681260946,0.9605810741421048
2024,05,AUT.4.7.3.2_2,0.5674255691768827,0.936
2024,05,AUT.4.7.4.1_2,0.5551663747810859,0.9306148505155073
2024,05,AUT.4.7.5_2,0.628721541155867,0.9594144047282176
2024,05,AUT.4.7.5.1_2,0.6112084063047285,0.9533079250693346
2024,05,AUT.4.7.5.2_2,0.5919439579684764,0.946057080730333
2024,05,AUT.4.7.5.3_2,0.5989492119089318,0.9487591896788141
2024,05,AUT.4.7.5.4_2,0.6007005253940456,0.9494229826584145
2024,05,AUT.4.7.5.5_2,0.5901926444833626,0.9453697689264238
2024,05,AUT.4.7.5.6_2,0.5849387040280211,0.9432793859721519
2024,05,AUT.4.7.6.1_2,0.5936952714535902,0.9467396685467447
2024,05,AUT.4.7.6.2_2,0.6007005253940456,0.9494229826584145
2024,05,AUT.4.7.6.3_2,0.6357267950963222,0.9617296917533533
2024,05,AUT.4.7.6.4_2,0.6532399299474606,0.9672042183530839
2024,05,AUT.4.7.7.1_2,0.6427320490367776,0.9639730286683336
2024,05,AUT.4.7.7.2_2,0.628721541155867,0.9594144047282176
2024,05,AUT.4.7.8.1_2,0.6024518388791593,0.9500821017154254
2024,05,AUT.4.7.9.1_2,0.6374781085814362,0.962297251372984
2024,05,AUT.4.7.9.2_2,0.6357267950963222,0.9617296917533533
2024,05,AUT.4.7.9.3_2,0.6182136602451839,0.9558054195284729
2024,05,AUT.4.7.9.4_2,0.6007005253940456,0.9494229826584145
2024,05,AUT.4.8.1.1_2,0.6444833625218914,0.9645226798784983
2024,05,AUT.4.8.1.10_2,0.5831873905429072,0.9425730740902798
2024,05,AUT.4.8.1.11_2,0.6479859894921192,0.9656086163658648
2024,05,AUT.4.8.1.12_2,0.597197898423818,0.9480907129594721
2024,05,AUT.4.8.1.13_2,0.6182136602451839,0.9558054195284729
2024,05,AUT.4.8.1.14_2,0.6357267950963222,0.9617296917533533
2024,05,AUT.4.8.1.2_2,0.56217162872154125,0.9337215859130601
2024,05,AUT.4.8.1.3_2,0.6252189141856392,0.9582296175760798
2024,05,AUT.4.8.1.4_2,0.6234676007005254,0.9576304088739037
2024,05,AUT.4.8.1.5_2,0.586690017513135,0.9439809320108113
2024,05,AUT.4.8.1.6_2,0.6077057793345009,0.9520315120835025
2024,05,AUT.4.8.1.7_2,0.6164623467600701,0.955187939622355
2024,05,AUT.4.8.1.8_2,0.6252189141856392,0.9582296175760798
2024,05,AUT.4.8.1.9_2,0.6252189141856392,0.9582296175760798
2024,05,AUT.4.9.1.1_2,0.63922942206655,0.9628603221651623
2024,05,AUT.4.9.1.2_2,0.6339754816112084,0.9611576353543679
2024,05,AUT.4.9.10.1_2,0.6112084063047285,0.9533079250693346
2024,05,AUT.4.9.10.2_2,0.5989492119089318,0.9487591896788141
2024,05,AUT.4.9.11.1_2,0.6654991243432575,0.9707728879609279
2024,05,AUT.4.9.11.2_2,0.6094570928196147,0.9526720317087093
2024,05,AUT.4.9.12.1_2,0.5814360770577934,0.9418619856433319
2024,05,AUT.4.9.12.2_2,0.6007005253940456,0.9494229826584145
2024,05,AUT.4.9.12.3_2,0.5884413309982488,0.9446777228240327
2024,05,AUT.4.9.13.1_2,0.6339754816112084,0.9611576353543679
2024,05,AUT.4.9.13.2_2,0.6112084063047285,0.9533079250693346
2024,05,AUT.4.9.14.1_2,0.6444833625218914,0.9645226798784983
2024,05,AUT.4.9.14.2_2,0.5901926444833626,0.9453697689264238
2024,05,AUT.4.9.14.3_2,0.628721541155867,0.9594144047282176
2024,05,AUT.4.9.14.4_2,0.6637478108581437,0.970276249322841
2024,05,AUT.4.9.15.1_2,0.6549912434325745,0.9677272342969376
2024,05,AUT.4.9.15.2_2,0.6164623467600701,0.955187939622355
2024,05,AUT.4.9.15.3_2,0.5814360770577934,0.9418619856433319
2024,05,AUT.4.9.16.1_2,0.6112084063047285,0.9533079250693346
2024,05,AUT.4.9.16.2_2,0.6322241681260946,0.9605810741421048
2024,05,AUT.4.9.16.3_2,0.5954465849387042,0.9474175425861608
2024,05,AUT.4.9.17.1_2,0.63922942206655,0.9628603221651623
2024,05,AUT.4.9.18.1_2,0.6567425569176883,0.9682458365518543
2024,05,AUT.4.9.18.2_2,0.6637478108581437,0.970276249322841
2024,05,AUT.4.9.18.3_2,0.5989492119089318,0.9487591896788141
2024,05,AUT.4.9.18.4_2,0.5884413309982488,0.9446777228240327
2024,05,AUT.4.9.19.1_2,0.6112084063047285,0.9533079250693346
2024,05,AUT.4.9.19.2_2,0.5954465849387042,0.9474175425861608
2024,05,AUT.4.9.19.3_2,0.6147110332749562,0.954565869911553
2024,05,AUT.4.9.2.1_2,0.6357267950963222,0.9617296917533533
2024,05,AUT.4.9.2.2_2,0.5954465849387042,0.9474175425861608
2024,05,AUT.4.9.20.1_2,0.6217162872154116,0.9570266453970862
2024,05,AUT.4.9.21.1_2,0.5989492119089318,0.9487591896788141
2024,05,AUT.4.9.21.2_2,0.62697022767075306,0.9588242800430119
2024,05,AUT.4.9.22.1_2,0.586690017513135,0.9439809320108113
2024,05,AUT.4.9.23.1_2,0.6164623467600701,0.955187939622355
2024,05,AUT.4.9.23.2_2,0.5989492119089318,0.9487591896788141
2024,05,AUT.4.9.24.1_2,0.6865148861646235,0.9763933633531108
2024,05,AUT.4.9.24.2_2,0.660245183887916,0.9692698282728087
2024,05,AUT.4.9.25.1_2,0.6339754816112084,0.9611576353543679
2024,05,AUT.4.9.26.1_2,0.63922942206655,0.9628603221651623
2024,05,AUT.4.9.26.2_2,0.5954465849387042,0.9474175425861608
2024,05,AUT.4.9.3.1_2,0.63922942206655,0.9628603221651623
2024,05,AUT.4.9.3.2_2,0.6042031523642732,0.9507365565707464
2024,05,AUT.4.9.3.3_2,0.62697022767075306,0.9588242800430119
2024,05,AUT.4.9.3.4_2,0.6182136602451839,0.9558054195284729
2024,05,AUT.4.9.4.1_2,0.6042031523642732,0.9507365565707464
2024,05,AUT.4.9.4.2_2,0.6112084063047285,0.9533079250693346
2024,05,AUT.4.9.5.1_2,0.6234676007005254,0.9576304088739037
2024,05,AUT.4.9.5.2_2,0.63922942206655,0.9628603221651623
2024,05,AUT.4.9.6.1_2,0.6059544658493871,0.9513863568498342
2024,05,AUT.4.9.6.2_2,0.6182136602451839,0.9558054195284729
2024,05,AUT.4.9.6.3_2,0.6147110332749562,0.954565869911553
2024,05,AUT.4.9.7.1_2,0.62697022767075306,0.9588242800430119
2024,05,AUT.4.9.8.1_2,0.6532399299474606,0.9672042183530839
2024,05,AUT.4.9.9.1_2,0.6234676007005254,0.9576304088739037
2024,05,AUT.5.1.10.3_2,0.6900175131348513,0.9772696659571503
2024,05,AUT.5.1.11.1_2,0.5919439579684764,0.946057080730333
2024,05,AUT.5.1.3.1_2,0.5936952714535902,0.9467396685467447
2024,05,AUT.5.1.6.8_2,0.6637478108581437,0.970276249322841
2024,05,AUT.5.1.8.2_2,0.6129597197898424,0.9539392014169457
2024,05,AUT.5.1.9.1_2,0.6147110332749562,0.954565869911553
2024,05,AUT.5.2.1.1_2,0.6952714535901927,0.97855199146494
2024,05,AUT.5.2.21.1_2,0.6637478108581437,0.970276249322841
2024,05,AUT.5.2.30.2_2,0.6725043782837129,0.9727157858285225
2024,05,AUT.5.2.30.3_2,0.6199649737302978,0.9564183185196736
2024,05,AUT.5.2.30.5_2,0.6252189141856392,0.9582296175760798
2024,05,AUT.5.2.30.6_2,0.6357267950963222,0.9617296917533533
2024,05,AUT.5.2.31.1_2,0.670753064798599,0.9722365967191319
2024,05,AUT.5.2.31.2_2,0.6742556917688267,0.9731906288081488
2024,05,AUT.5.2.31.3_2,0.6427320490367776,0.9639730286683336
2024,05,AUT.5.2.31.4_2,0.6725043782837129,0.9727157858285225
2024,05,AUT.5.2.31.6_2,0.6619964973730298,0.9697752316903129
2024,05,AUT.5.2.32.1_2,0.6042031523642732,0.9507365565707464
2024,05,AUT.5.2.32.2_2,0.6322241681260946,0.9605810741421048
2024,05,AUT.5.2.32.4_2,0.6427320490367776,0.9639730286683336
2024,05,AUT.5.2.34.2_2,0.6409807355516638,0.9634189120003821
2024,05,AUT.5.2.35.6_2,0.6777583187390543,0.9741273017424364
2024,05,AUT.5.2.36.4_2,0.63922942206655,0.9628603221651623
2024,05,AUT.5.3.1.12_2,0.6882661996497373,0.976833660353696
2024,05,AUT.5.3.1.13_2,0.6619964973730298,0.9697752316903129
2024,05,AUT.5.4.10.1_2,0.6935201401050789,0.9781288258711119
2024,05,AUT.5.4.4.3_2,0.5779334500875658,0.9404254356406998
2024,05,AUT.5.4.7.1_2,0.5936952714535902,0.9467396685467447
2024,05,AUT.5.6.13.2_2,0.586690017513135,0.9439809320108113
2024,05,AUT.5.6.14.3_2,0.5814360770577934,0.9418619856433319
2024,05,AUT.5.6.19.8_2,0.5516637478108581,0.9290317540321213
2024,05,AUT.5.6.24.1_2,0.542907180385289,0.9249864863877743
2024,05,AUT.5.6.24.4_2,0.6042031523642732,0.9507365565707464
2024,05,AUT.5.6.5.1_2,0.5954465849387042,0.9474175425861608
2024,05,AUT.5.6.5.2_2,0.5464098073555167,0.9266196630764966
2024,05,AUT.5.6.7.1_2,0.5271453590192645,0.9173854151881858
2024,05,AUT.5.6.9.4_2,0.5849387040280211,0.9432793859721519
2024,05,AUT.6.1.11.3_2,0.6514886164623468,0.9666767815562759
2024,05,AUT.6.1.11.6_2,0.6462346760070053,0.965067873260736
2024,05,AUT.6.1.3.2_2,0.7232924693520141,0.9847456524402634
2024,05,AUT.6.1.8.4_2,0.6444833625218914,0.9645226798784983
2024,05,AUT.6.1.8.5_2,0.6304728546409808,0.96
2024,05,AUT.6.10.14.1_2,0.6725043782837129,0.9727157858285225
2024,05,AUT.6.10.19.4_2,0.6637478108581437,0.970276249322841
2024,05,AUT.6.10.19.7_2,0.6444833625218914,0.9645226798784983
2024,05,AUT.6.10.7.2_2,0.6322241681260946,0.9605810741421048
2024,05,AUT.6.10.8.6_2,0.5919439579684764,0.946057080730333
2024,05,AUT.6.11.1.2_2,0.597197898423818,0.9480907129594721
2024,05,AUT.6.11.15.2_2,0.6462346760070053,0.965067873260736
2024,05,AUT.6.11.15.3_2,0.6917688266199651,0.9777013859047148
2024,05,AUT.6.11.15.4_2,0.6059544658493871,0.9513863568498342
2024,05,AUT.6.11.16.4_2,0.6584938704028022,0.9687600322061186
2024,05,AUT.6.11.16.6_2,0.6514886164623468,0.9666767815562759
2024,05,AUT.6.11.17.1_2,0.6690017513134852,0.9717530550505102
2024,05,AUT.6.11.17.2_2,0.6252189141856392,0.9582296175760798
2024,05,AUT.6.11.17.3_2,0.6795096322241682,0.9745891442038537
2024,05,AUT.6.11.17.4_2,0.670753064798599,0.9722365967191319
2024,05,AUT.6.11.17.5_2,0.7022767075306481,0.9802020199938377
2024,05,AUT.6.11.19.2_2,0.6514886164623468,0.9666767815562759
2024,05,AUT.6.11.19.3_2,0.5919439579684764,0.946057080730333
2024,05,AUT.6.11.19.4_2,0.6112084063047285,0.9533079250693346
2024,05,AUT.6.11.20.9_2,0.6357267950963222,0.9617296917533533
2024,05,AUT.6.11.21.5_2,0.6812609457092821,0.975046665549911
2024,05,AUT.6.11.21.9_2,0.6690017513134852,0.9717530550505102
2024,05,AUT.6.11.26.1_2,0.6830122591943959,0.9754998718605759
2024,05,AUT.6.11.6.13_2,0.63922942206655,0.9628603221651623
2024,05,AUT.6.11.6.6_2,0.6322241681260946,0.9605810741421048
2024,05,AUT.6.12.1.1_2,0.6339754816112084,0.9611576353543679
2024,05,AUT.6.12.1.2_2,0.6532399299474606,0.9672042183530839
2024,05,AUT.6.12.1.3_2,0.6164623467600701,0.955187939622355
2024,05,AUT.6.12.10.1_2,0.6637478108581437,0.970276249322841
2024,05,AUT.6.12.10.2_2,0.6514886164623468,0.9666767815562759
2024,05,AUT.6.12.10.3_2,0.6584938704028022,0.9687600322061186
2024,05,AUT.6.12.10.4_2,0.6865148861646235,0.9763933633531108
2024,05,AUT.6.12.10.5_2,0.6532399299474606,0.9672042183530839
2024,05,AUT.6.12.11.1_2,0.6444833625218914,0.9645226798784983
2024,05,AUT.6.12.12.1_2,0.6812609457092821,0.975046665549911
2024,05,AUT.6.12.12.2_2,0.6199649737302978,0.9564183185196736
2024,05,AUT.6.12.12.3_2,0.6847635726795097,0.9759487691472335
2024,05,AUT.6.12.13.1_2,0.670753064798599,0.9722365967191319
2024,05,AUT.6.12.13.2_2,0.6795096322241682,0.9745891442038537
2024,05,AUT.6.12.13.3_2,0.7040280210157619,0.9806038955664005
2024,05,AUT.6.12.13.4_2,0.6304728546409808,0.96
2024,05,AUT.6.12.13.5_2,0.6777583187390543,0.9741273017424364
2024,05,AUT.6.12.14.1_2,0.6567425569176883,0.9682458365518543
2024,05,AUT.6.12.14.2_2,0.6567425569176883,0.9682458365518543
2024,05,AUT.6.12.14.3_2,0.6532399299474606,0.9672042183530839
2024,05,AUT.6.12.14.4_2,0.6654991243432575,0.9707728879609279
2024,05,AUT.6.12.14.5_2,0.670753064798599,0.9722365967191319
2024,05,AUT.6.12.14.6_2,0.6795096322241682,0.9745891442038537
2024,05,AUT.6.12.14.7_2,0.6777583187390543,0.9741273017424364
2024,05,AUT.6.12.14.8_2,0.6690017513134852,0.9717530550505102
2024,05,AUT.6.12.14.9_2,0.6760070052539405,0.9736611320166786
2024,05,AUT.6.12.15.1_2,0.6777583187390543,0.9741273017424364
2024,05,AUT.6.12.15.2_2,0.6339754816112084,0.9611576353543679
2024,05,AUT.6.12.15.3_2,0.6917688266199651,0.9777013859047148
2024,05,AUT.6.12.15.4_2,0.6444833625218914,0.9645226798784983
2024,05,AUT.6.12.15.5_2,0.6619964973730298,0.9697752316903129
2024,05,AUT.6.12.15.6_2,0.6812609457092821,0.975046665549911
2024,05,AUT.6.12.15.7_2,0.6672504378283713,0.9712651543219287
2024,05,AUT.6.12.15.8_2,0.62697022767075306,0.9588242800430119
2024,05,AUT.6.12.2.1_2,0.6549912434325745,0.9677272342969376
2024,05,AUT.6.12.2.2_2,0.6024518388791593,0.9500821017154254
2024,05,AUT.6.12.2.3_2,0.62697022767075306,0.9588242800430119
2024,05,AUT.6.12.3.1_2,0.6094570928196147,0.9526720317087093
2024,05,AUT.6.12.3.2_2,0.6514886164623468,0.9666767815562759
2024,05,AUT.6.12.3.3_2,0.6830122591943959,0.9754998718605759
2024,05,AUT.6.12.3.4_2,0.649737302977233,0.9661449166662318
2024,05,AUT.6.12.3.5_2,0.6532399299474606,0.9672042183530839
2024,05,AUT.6.12.4.1_2,0.6024518388791593,0.9500821017154254
2024,05,AUT.6.12.4.2_2,0.6112084063047285,0.9533079250693346
2024,05,AUT.6.12.4.3_2,0.63922942206655,0.9628603221651623
2024,05,AUT.6.12.5.1_2,0.6619964973730298,0.9697752316903129
2024,05,AUT.6.12.5.2_2,0.6742556917688267,0.9731906288081488
2024,05,AUT.6.12.5.3_2,0.6322241681260946,0.9605810741421048
2024,05,AUT.6.12.5.4_2,0.6900175131348513,0.9772696659571503
2024,05,AUT.6.12.6.1_2,0.597197898423818,0.9480907129594721
2024,05,AUT.6.12.6.2_2,0.6725043782837129,0.9727157858285225
2024,05,AUT.6.12.6.3_2,0.62697022767075306,0.9588242800430119
2024,05,AUT.6.12.6.4_2,0.660245183887916,0.9692698282728087
2024,05,AUT.6.12.6.5_2,0.6059544658493871,0.9513863568498342
2024,05,AUT.6.12.6.6_2,0.63922942206655,0.9628603221651623
2024,05,AUT.6.12.6.7_2,0.6532399299474606,0.9672042183530839
2024,05,AUT.6.12.7.1_2,0.6427320490367776,0.9639730286683336
2024,05,AUT.6.12.7.2_2,0.6462346760070053,0.965067873260736
2024,05,AUT.6.12.7.3_2,0.6409807355516638,0.9634189120003821
2024,05,AUT.6.12.8.1_2,0.6549912434325745,0.9677272342969376
2024,05,AUT.6.12.8.2_2,0.6357267950963222,0.9617296917533533
2024,05,AUT.6.12.8.3_2,0.6987740805604205,0.9793855216409929
2024,05,AUT.6.12.8.4_2,0.6672504378283713,0.9712651543219287
2024,05,AUT.6.12.8.5_2,0.6409807355516638,0.9634189120003821
2024,05,AUT.6.12.9.1_2,0.660245183887916,0.9692698282728087
2024,05,AUT.6.12.9.2_2,0.6952714535901927,0.97855199146494
2024,05,AUT.6.12.9.3_2,0.6584938704028022,0.9687600322061186
2024,05,AUT.6.12.9.4_2,0.660245183887916,0.9692698282728087
2024,05,AUT.6.12.9.5_2,0.6409807355516638,0.9634189120003821
2024,05,AUT.6.12.9.6_2,0.6339754816112084,0.9611576353543679
2024,05,AUT.6.13.10.3_2,0.6444833625218914,0.9645226798784983
2024,05,AUT.6.13.10.4_2,0.6024518388791593,0.9500821017154254
2024,05,AUT.6.13.13.3_2,0.649737302977233,0.9661449166662318
2024,05,AUT.6.13.19.5_2,0.6514886164623468,0.9666767815562759
2024,05,AUT.6.13.27.11_2,0.6742556917688267,0.9731906288081488
2024,05,AUT.6.13.31.7_2,0.660245183887916,0.9692698282728087
2024,05,AUT.6.13.5.4_2,0.6549912434325745,0.9677272342969376
2024,05,AUT.6.13.5.5_2,0.6935201401050789,0.9781288258711119
2024,05,AUT.6.13.9_2,0.6654991243432575,0.9707728879609279
2024,05,AUT.6.13.9.5_2,0.6532399299474606,0.9672042183530839
2024,05,AUT.6.13.9.7_2,0.62697022767075306,0.9588242800430119
2024,05,AUT.6.13.9.8_2,0.6234676007005254,0.9576304088739037
2024,05,AUT.6.2.1.1_2,0.6444833625218914,0.9645226798784983
2024,05,AUT.6.2.1.10_2,0.628721541155867,0.9594144047282176
2024,05,AUT.6.2.1.11_2,0.597197898423818,0.9480907129594721
2024,05,AUT.6.2.1.12_2,0.6322241681260946,0.9605810741421048
2024,05,AUT.6.2.1.13_2,0.6760070052539405,0.9736611320166786
2024,05,AUT.6.2.1.14_2,0.5901926444833626,0.9453697689264238
2024,05,AUT.6.2.1.15_2,0.6094570928196147,0.9526720317087093
2024,05,AUT.6.2.1.16_2,0.6094570928196147,0.9526720317087093
2024,05,AUT.6.2.1.17_2,0.7022767075306481,0.9802020199938377
2024,05,AUT.6.2.1.18_2,0.597197898423818,0.9480907129594721
2024,05,AUT.6.2.1.19_2,0.6882661996497373,0.976833660353696
2024,05,AUT.6.2.1.2_2,0.6427320490367776,0.9639730286683336
2024,05,AUT.6.2.1.20_2,0.6637478108581437,0.970276249322841
2024,05,AUT.6.2.1.21_2,0.6672504378283713,0.9712651543219287
2024,05,AUT.6.2.1.22_2,0.6935201401050789,0.9781288258711119
2024,05,AUT.6.2.1.23_2,0.6567425569176883,0.9682458365518543
2024,05,AUT.6.2.1.24_2,0.6024518388791593,0.9500821017154254
2024,05,AUT.6.2.1.25_2,0.628721541155867,0.9594144047282176
2024,05,AUT.6.2.1.26_2,0.6427320490367776,0.9639730286683336
2024,05,AUT.6.2.1.27_2,0.6619964973730298,0.9697752316903129
2024,05,AUT.6.2.1.28_2,0.6252189141856392,0.9582296175760798
2024,05,AUT.6.2.1.29_2,0.597197898423818,0.9480907129594721
2024,05,AUT.6.2.1.3_2,0.63922942206655,0.9628603221651623
2024,05,AUT.6.2.1.30_2,0.6409807355516638,0.9634189120003821
2024,05,AUT.6.2.1.31_2,0.6567425569176883,0.9682458365518543
2024,05,AUT.6.2.1.32_2,0.6304728546409808,0.96
2024,05,AUT.6.2.1.4_2,0.6409807355516638,0.9634189120003821
2024,05,AUT.6.2.1.5_2,0.6514886164623468,0.9666767815562759
2024,05,AUT.6.2.1.6_2,0.6514886164623468,0.9666767815562759
2024,05,AUT.6.2.1.7_2,0.6462346760070053,0.965067873260736
2024,05,AUT.6.2.1.8_2,0.6462346760070053,0.965067873260736
2024,05,AUT.6.2.1.9_2,0.6217162872154116,0.9570266453970862
2024,05,AUT.6.2.10.1_2,0.6725043782837129,0.9727157858285225
2024,05,AUT.6.2.10.2_2,0.6637478108581437,0.970276249322841
2024,05,AUT.6.2.10.3_2,0.649737302977233,0.9661449166662318
2024,05,AUT.6.2.10.4_2,0.6532399299474606,0.9672042183530839
2024,05,AUT.6.2.10.5_2,0.6252189141856392,0.9582296175760798
2024,05,AUT.6.2.10.6_2,0.649737302977233,0.9661449166662318
2024,05,AUT.6.2.11.1_2,0.6672504378283713,0.9712651543219287
2024,05,AUT.6.2.11.2_2,0.6094570928196147,0.9526720317087093
2024,05,AUT.6.2.11.3_2,0.6199649737302978,0.9564183185196736
2024,05,AUT.6.2.11.4_2,0.6777583187390543,0.9741273017424364
2024,05,AUT.6.2.11.5_2,0.7232924693520141,0.9847456524402634
2024,05,AUT.6.2.11.6_2,0.628721541155867,0.9594144047282176
2024,05,AUT.6.2.11.7_2,0.6584938704028022,0.9687600322061186
2024,05,AUT.6.2.11.8_2,0.6357267950963222,0.9617296917533533
2024,05,AUT.6.2.11.9_2,0.6672504378283713,0.9712651543219287
2024,05,AUT.6.2.12.1_2,0.6514886164623468,0.9666767815562759
2024,05,AUT.6.2.12.10_2,0.6514886164623468,0.9666767815562759
2024,05,AUT.6.2.12.11_2,0.628721541155867,0.9594144047282176
2024,05,AUT.6.2.12.12_2,0.6795096322241682,0.9745891442038537
2024,05,AUT.6.2.12.13_2,0.6304728546409808,0.96
2024,05,AUT.6.2.12.14_2,0.6059544658493871,0.9513863568498342
2024,05,AUT.6.2.12.15_2,0.6514886164623468,0.9666767815562759
2024,05,AUT.6.2.12.16_2,0.5954465849387042,0.9474175425861608
2024,05,AUT.6.2.12.17_2,0.6427320490367776,0.9639730286683336
2024,05,AUT.6.2.12.18_2,0.6654991243432575,0.9707728879609279
2024,05,AUT.6.2.12.19_2,0.6182136602451839,0.9558054195284729
2024,05,AUT.6.2.12.2_2,0.62697022767075306,0.9588242800430119
2024,05,AUT.6.2.12.20_2,0.6409807355516638,0.9634189120003821
2024,05,AUT.6.2.12.21_2,0.6409807355516638,0.9634189120003821
2024,05,AUT.6.2.12.3_2,0.628721541155867,0.9594144047282176
2024,05,AUT.6.2.12.4_2,0.6812609457092821,0.975046665549911
2024,05,AUT.6.2.12.5_2,0.6322241681260946,0.9605810741421048
2024,05,AUT.6.2.12.6_2,0.6760070052539405,0.9736611320166786
2024,05,AUT.6.2.12.7_2,0.6199649737302978,0.9564183185196736
2024,05,AUT.6.2.12.8_2,0.6812609457092821,0.975046665549911
2024,05,AUT.6.2.12.9_2,0.6654991243432575,0.9707728879609279
2024,05,AUT.6.2.13.1_2,0.63922942206655,0.9628603221651623
2024,05,AUT.6.2.13.10_2,0.6479859894921192,0.9656086163658648
2024,05,AUT.6.2.13.11_2,0.6322241681260946,0.9605810741421048
2024,05,AUT.6.2.13.12_2,0.6830122591943959,0.9754998718605759
2024,05,AUT.6.2.13.2_2,0.62697022767075306,0.9588242800430119
2024,05,AUT.6.2.13.3_2,0.5744308231173381,0.9389696480717574
2024,05,AUT.6.2.13.4_2,0.649737302977233,0.9661449166662318
2024,05,AUT.6.2.13.5_2,0.6725043782837129,0.9727157858285225
2024,05,AUT.6.2.13.6_2,0.6637478108581437,0.970276249322841
2024,05,AUT.6.2.13.7_2,0.6234676007005254,0.9576304088739037
2024,05,AUT.6.2.13.8_2,0.6725043782837129,0.9727157858285225
2024,05,AUT.6.2.13.9_2,0.6217162872154116,0.9570266453970862
2024,05,AUT.6.2.14.1_2,0.6987740805604205,0.9793855216409929
2024,05,AUT.6.2.14.2_2,0.6532399299474606,0.9672042183530839
2024,05,AUT.6.2.14.3_2,0.7005253940455343,0.9797958971132712
2024,05,AUT.6.2.14.4_2,0.6935201401050789,0.9781288258711119
2024,05,AUT.6.2.14.5_2,0.6532399299474606,0.9672042183530839
2024,05,AUT.6.2.14.6_2,0.6917688266199651,0.9777013859047148
2024,05,AUT.6.2.15.1_2,0.7092819614711035,0.9817840903172144
2024,05,AUT.6.2.15.10_2,0.6549912434325745,0.9677272342969376
2024,05,AUT.6.2.15.11_2,0.7075306479859896,0.9813949256033475
2024,05,AUT.6.2.15.12_2,0.670753064798599,0.9722365967191319
2024,05,AUT.6.2.15.13_2,0.6795096322241682,0.9745891442038537
2024,05,AUT.6.2.15.14_2,0.6725043782837129,0.9727157858285225
2024,05,AUT.6.2.15.15_2,0.6777583187390543,0.9741273017424364
2024,05,AUT.6.2.15.16_2,0.6952714535901927,0.97855199146494
2024,05,AUT.6.2.15.2_2,0.7162872154115587,0.9832985304575615
2024,05,AUT.6.2.15.3_2,0.6549912434325745,0.9677272342969376
2024,05,AUT.6.2.15.4_2,0.6094570928196147,0.9526720317087093
2024,05,AUT.6.2.15.5_2,0.6742556917688267,0.9731906288081488
2024,05,AUT.6.2.15.6_2,0.6725043782837129,0.9727157858285225
2024,05,AUT.6.2.15.7_2,0.6479859894921192,0.9656086163658648
2024,05,AUT.6.2.15.8_2,0.7302977232924693,0.9861257526299574
2024,05,AUT.6.2.15.9_2,0.63922942206655,0.9628603221651623
2024,05,AUT.6.2.2.1_2,0.6970227670753065,0.9789708882290628
2024,05,AUT.6.2.2.10_2,0.6987740805604205,0.9793855216409929
2024,05,AUT.6.2.2.11_2,0.6760070052539405,0.9736611320166786
2024,05,AUT.6.2.2.12_2,0.6462346760070053,0.965067873260736
2024,05,AUT.6.2.2.13_2,0.6217162872154116,0.9570266453970862
2024,05,AUT.6.2.2.14_2,0.6847635726795097,0.9759487691472335
2024,05,AUT.6.2.2.15_2,0.6935201401050789,0.9781288258711119
2024,05,AUT.6.2.2.16_2,0.7600700525394046,0.9912497162672985
2024,05,AUT.6.2.2.17_2,0.7022767075306481,0.9802020199938377
2024,05,AUT.6.2.2.18_2,0.6847635726795097,0.9759487691472335
2024,05,AUT.6.2.2.19_2,0.6900175131348513,0.9772696659571503
2024,05,AUT.6.2.2.2_2,0.7267950963222417,0.9854440623394105
2024,05,AUT.6.2.2.20_2,0.6847635726795097,0.9759487691472335
2024,05,AUT.6.2.2.21_2,0.6952714535901927,0.97855199146494
2024,05,AUT.6.2.2.22_2,0.6970227670753065,0.9789708882290628
2024,05,AUT.6.2.2.23_2,0.6584938704028022,0.9687600322061186
2024,05,AUT.6.2.2.24_2,0.670753064798599,0.9722365967191319
2024,05,AUT.6.2.2.25_2,0.6795096322241682,0.9745891442038537
2024,05,AUT.6.2.2.26_2,0.6795096322241682,0.9745891442038537
2024,05,AUT.6.2.2.3_2,0.6987740805604205,0.9793855216409929
2024,05,AUT.6.2.2.4_2,0.7355516637478109,0.9871170143402452
2024,05,AUT.6.2.2.5_2,0.6339754816112084,0.9611576353543679
2024,05,AUT.6.2.2.6_2,0.7355516637478109,0.9871170143402452
2024,05,AUT.6.2.2.7_2,0.6672504378283713,0.9712651543219287
2024,05,AUT.6.2.2.8_2,0.6760070052539405,0.9736611320166786
2024,05,AUT.6.2.2.9_2,0.7250437828371279,0.9850969495435462
2024,05,AUT.6.2.3.1_2,0.63922942206655,0.9628603221651623
2024,05,AUT.6.2.3.2_2,0.6690017513134852,0.9717530550505102
2024,05,AUT.6.2.3.3_2,0.712784588441331,0.9825497442877892
2024,05,AUT.6.2.3.4_2,0.6654991243432575,0.9707728879609279
2024,05,AUT.6.2.3.5_2,0.7145359019264449,0.9829262434180909
2024,05,AUT.6.2.4.1_2,0.7180385288966725,0.983666610188635
2024,05,AUT.6.2.4.10_2,0.6742556917688267,0.9731906288081488
2024,05,AUT.6.2.4.11_2,0.6374781085814362,0.962297251372984
2024,05,AUT.6.2.4.12_2,0.6812609457092821,0.975046665549911
2024,05,AUT.6.2.4.13_2,0.6672504378283713,0.9712651543219287
2024,05,AUT.6.2.4.14_2,0.6322241681260946,0.9605810741421048
2024,05,AUT.6.2.4.15_2,0.6619964973730298,0.9697752316903129
2024,05,AUT.6.2.4.16_2,0.6444833625218914,0.9645226798784983
2024,05,AUT.6.2.4.2_2,0.6654991243432575,0.9707728879609279
2024,05,AUT.6.2.4.3_2,0.62697022767075306,0.9588242800430119
2024,05,AUT.6.2.4.4_2,0.6760070052539405,0.9736611320166786
2024,05,AUT.6.2.4.5_2,0.6514886164623468,0.9666767815562759
2024,05,AUT.6.2.4.6_2,0.6584938704028022,0.9687600322061186
2024,05,AUT.6.2.4.7_2,0.6777583187390543,0.9741273017424364
2024,05,AUT.6.2.4.8_2,0.7092819614711035,0.9817840903172144
2024,05,AUT.6.2.4.9_2,0.6252189141856392,0.9582296175760798
2024,05,AUT.6.2.5.1_2,0.6479859894921192,0.9656086163658648
2024,05,AUT.6.2.5.2_2,0.5901926444833626,0.9453697689264238
2024,05,AUT.6.2.5.3_2,0.6760070052539405,0.9736611320166786
2024,05,AUT.6.2.5.4_2,0.6462346760070053,0.965067873260736
2024,05,AUT.6.2.6.1_2,0.6777583187390543,0.9741273017424364
2024,05,AUT.6.2.6.2_2,0.7005253940455343,0.9797958971132712
2024,05,AUT.6.2.6.3_2,0.6917688266199651,0.9777013859047148
2024,05,AUT.6.2.7.1_2,0.6847635726795097,0.9759487691472335
2024,05,AUT.6.2.7.2_2,0.6619964973730298,0.9697752316903129
2024,05,AUT.6.2.7.3_2,0.6514886164623468,0.9666767815562759
2024,05,AUT.6.2.8.1_2,0.6882661996497373,0.976833660353696
2024,05,AUT.6.2.8.2_2,0.6970227670753065,0.9789708882290628
2024,05,AUT.6.2.8.3_2,0.6427320490367776,0.9639730286683336
2024,05,AUT.6.2.9.1_2,0.6654991243432575,0.9707728879609279
2024,05,AUT.6.2.9.10_2,0.6339754816112084,0.9611576353543679
2024,05,AUT.6.2.9.11_2,0.6444833625218914,0.9645226798784983
2024,05,AUT.6.2.9.12_2,0.6917688266199651,0.9777013859047148
2024,05,AUT.6.2.9.13_2,0.6777583187390543,0.9741273017424364
2024,05,AUT.6.2.9.14_2,0.660245183887916,0.9692698282728087
2024,05,AUT.6.2.9.15_2,0.6917688266199651,0.9777013859047148
2024,05,AUT.6.2.9.2_2,0.6830122591943959,0.9754998718605759
2024,05,AUT.6.2.9.3_2,0.6637478108581437,0.970276249322841
2024,05,AUT.6.2.9.4_2,0.6725043782837129,0.9727157858285225
2024,05,AUT.6.2.9.5_2,0.6847635726795097,0.9759487691472335
2024,05,AUT.6.2.9.6_2,0.6777583187390543,0.9741273017424364
2024,05,AUT.6.2.9.7_2,0.660245183887916,0.9692698282728087
2024,05,AUT.6.2.9.8_2,0.6917688266199651,0.9777013859047148
2024,05,AUT.6.2.9.9_2,0.6690017513134852,0.9717530550505102
2024,05,AUT.6.3.1.1_2,0.6322241681260946,0.9605810741421048
2024,05,AUT.6.3.1.2_2,0.6304728546409808,0.96
2024,05,AUT.6.3.1.3_2,0.6672504378283713,0.9712651543219287
2024,05,AUT.6.3.1.4_2,0.660245183887916,0.9692698282728087
2024,05,AUT.6.3.1.5_2,0.6760070052539405,0.9736611320166786
2024,05,AUT.6.3.1.6_2,0.6357267950963222,0.9617296917533533
2024,05,AUT.6.3.1.7_2,0.6725043782837129,0.9727157858285225
2024,05,AUT.6.3.10.1_2,0.6725043782837129,0.9727157858285225
2024,05,AUT.6.3.10.2_2,0.6427320490367776,0.9639730286683336
2024,05,AUT.6.3.11.1_2,0.712784588441331,0.9825497442877892
2024,05,AUT.6.3.12.1_2,0.6357267950963222,0.9617296917533533
2024,05,AUT.6.3.13.1_2,0.6970227670753065,0.9789708882290628
2024,05,AUT.6.3.13.10_2,0.6304728546409808,0.96
2024,05,AUT.6.3.13.2_2,0.6567425569176883,0.9682458365518543
2024,05,AUT.6.3.13.3_2,0.6619964973730298,0.9697752316903129
2024,05,AUT.6.3.13.4_2,0.6900175131348513,0.9772696659571503
2024,05,AUT.6.3.13.5_2,0.6812609457092821,0.975046665549911
2024,05,AUT.6.3.13.6_2,0.6690017513134852,0.9717530550505102
2024,05,AUT.6.3.13.7_2,0.7092819614711035,0.9817840903172144
2024,05,AUT.6.3.13.8_2,0.7075306479859896,0.9813949256033475
2024,05,AUT.6.3.13.9_2,0.6462346760070053,0.965067873260736
2024,05,AUT.6.3.14.1_2,0.6322241681260946,0.9605810741421048
2024,05,AUT.6.3.14.2_2,0.6357267950963222,0.9617296917533533
2024,05,AUT.6.3.14.3_2,0.6077057793345009,0.9520315120835025
2024,05,AUT.6.3.15.1_2,0.6917688266199651,0.9777013859047148
2024,05,AUT.6.3.15.2_2,0.6339754816112084,0.9611576353543679
2024,05,AUT.6.3.15.3_2,0.6462346760070053,0.965067873260736
2024,05,AUT.6.3.16.1_2,0.6584938704028022,0.9687600322061186
2024,05,AUT.6.3.16.2_2,0.6409807355516638,0.9634189120003821
2024,05,AUT.6.3.16.3_2,0.6970227670753065,0.9789708882290628
2024,05,AUT.6.3.16.4_2,0.6112084063047285,0.9533079250693346
2024,05,AUT.6.3.17.1_2,0.6584938704028022,0.9687600322061186
2024,05,AUT.6.3.18.1_2,0.6987740805604205,0.9793855216409929
2024,05,AUT.6.3.19.1_2,0.6514886164623468,0.9666767815562759
2024,05,AUT.6.3.19.2_2,0.628721541155867,0.9594144047282176
2024,05,AUT.6.3.19.3_2,0.6217162872154116,0.9570266453970862
2024,05,AUT.6.3.19.4_2,0.6112084063047285,0.9533079250693346
2024,05,AUT.6.3.2.1_2,0.6549912434325745,0.9677272342969376
2024,05,AUT.6.3.2.2_2,0.6812609457092821,0.975046665549911
2024,05,AUT.6.3.2.3_2,0.649737302977233,0.9661449166662318
2024,05,AUT.6.3.2.4_2,0.6970227670753065,0.9789708882290628
2024,05,AUT.6.3.2.5_2,0.6444833625218914,0.9645226798784983
2024,05,AUT.6.3.2.6_2,0.649737302977233,0.9661449166662318
2024,05,AUT.6.3.2.7_2,0.6567425569176883,0.9682458365518543
2024,05,AUT.6.3.2.8_2,0.6444833625218914,0.9645226798784983
2024,05,AUT.6.3.20.1_2,0.649737302977233,0.9661449166662318
2024,05,AUT.6.3.20.2_2,0.6427320490367776,0.9639730286683336
2024,05,AUT.6.3.21.1_2,0.6987740805604205,0.9793855216409929
2024,05,AUT.6.3.21.2_2,0.63922942206655,0.9628603221651623
2024,05,AUT.6.3.21.3_2,0.6637478108581437,0.970276249322841
2024,05,AUT.6.3.21.4_2,0.6830122591943959,0.9754998718605759
2024,05,AUT.6.3.21.5_2,0.6462346760070053,0.965067873260736
2024,05,AUT.6.3.21.6_2,0.6637478108581437,0.970276249322841
2024,05,AUT.6.3.22.1_2,0.6514886164623468,0.9666767815562759
2024,05,AUT.6.3.22.2_2,0.6830122591943959,0.9754998718605759
2024,05,AUT.6.3.23.1_2,0.6830122591943959,0.9754998718605759
2024,05,AUT.6.3.23.2_2,0.7425569176882663,0.9883804935347521
2024,05,AUT.6.3.23.3_2,0.6900175131348513,0.9772696659571503
2024,05,AUT.6.3.24.1_2,0.6462346760070053,0.965067873260736
2024,05,AUT.6.3.24.2_2,0.6637478108581437,0.970276249322841
2024,05,AUT.6.3.24.3_2,0.6900175131348513,0.9772696659571503
2024,05,AUT.6.3.25.1_2,0.6812609457092821,0.975046665549911
2024,05,AUT.6.3.25.2_2,0.6584938704028022,0.9687600322061186
2024,05,AUT.6.3.26.1_2,0.63922942206655,0.9628603221651623
2024,05,AUT.6.3.26.2_2,0.670753064798599,0.9722365967191319
2024,05,AUT.6.3.26.3_2,0.6514886164623468,0.9666767815562759
2024,05,AUT.6.3.27.1_2,0.6182136602451839,0.9558054195284729
2024,05,AUT.6.3.27.2_2,0.6619964973730298,0.9697752316903129
2024,05,AUT.6.3.28.1_2,0.6935201401050789,0.9781288258711119
2024,05,AUT.6.3.29.1_2,0.6725043782837129,0.9727157858285225
2024,05,AUT.6.3.29.2_2,0.6935201401050789,0.9781288258711119
2024,05,AUT.6.3.3.1_2,0.6847635726795097,0.9759487691472335
2024,05,AUT.6.3.3.2_2,0.628721541155867,0.9594144047282176
2024,05,AUT.6.3.3.3_2,0.6514886164623468,0.9666767815562759
2024,05,AUT.6.3.3.4_2,0.6024518388791593,0.9500821017154254
2024,05,AUT.6.3.3.5_2,0.6147110332749562,0.954565869911553
2024,05,AUT.6.3.3.6_2,0.6514886164623468,0.9666767815562759
2024,05,AUT.6.3.3.7_2,0.6357267950963222,0.9617296917533533
2024,05,AUT.6.3.3.8_2,0.6304728546409808,0.96
2024,05,AUT.6.3.3.9_2,0.6479859894921192,0.9656086163658648
2024,05,AUT.6.3.30.1_2,0.6094570928196147,0.9526720317087093
2024,05,AUT.6.3.30.2_2,0.6935201401050789,0.9781288258711119
2024,05,AUT.6.3.30.3_2,0.6479859894921192,0.9656086163658648
2024,05,AUT.6.3.30.4_2,0.6234676007005254,0.9576304088739037
2024,05,AUT.6.3.30.5_2,0.6847635726795097,0.9759487691472335
2024,05,AUT.6.3.31.1_2,0.6795096322241682,0.9745891442038537
2024,05,AUT.6.3.32.1_2,0.7092819614711035,0.9817840903172144
2024,05,AUT.6.3.32.2_2,0.6427320490367776,0.9639730286683336
2024,05,AUT.6.3.32.3_2,0.6619964973730298,0.9697752316903129
2024,05,AUT.6.3.32.4_2,0.6654991243432575,0.9707728879609279
2024,05,AUT.6.3.33.1_2,0.6479859894921192,0.9656086163658648
2024,05,AUT.6.3.33.2_2,0.6374781085814362,0.962297251372984
2024,05,AUT.6.3.33.3_2,0.6077057793345009,0.9520315120835025
2024,05,AUT.6.3.34.1_2,0.6042031523642732,0.9507365565707464
2024,05,AUT.6.3.34.2_2,0.6322241681260946,0.9605810741421048
2024,05,AUT.6.3.34.3_2,0.6199649737302978,0.9564183185196736
2024,05,AUT.6.3.35.1_2,0.6812609457092821,0.975046665549911
2024,05,AUT.6.3.36_2,0.6654991243432575,0.9707728879609279
2024,05,AUT.6.3.36.1_2,0.6760070052539405,0.9736611320166786
2024,05,AUT.6.3.36.2_2,0.6742556917688267,0.9731906288081488
2024,05,AUT.6.3.4.1_2,0.7057793345008757,0.9810015290507961
2024,05,AUT.6.3.4.2_2,0.6584938704028022,0.9687600322061186
2024,05,AUT.6.3.5.1_2,0.6619964973730298,0.9697752316903129
2024,05,AUT.6.3.5.2_2,0.6830122591943959,0.9754998718605759
2024,05,AUT.6.3.5.3_2,0.6830122591943959,0.9754998718605759
2024,05,AUT.6.3.6.1_2,0.6672504378283713,0.9712651543219287
2024,05,AUT.6.3.6.10_2,0.6935201401050789,0.9781288258711119
2024,05,AUT.6.3.6.11_2,0.6532399299474606,0.9672042183530839
2024,05,AUT.6.3.6.12_2,0.6865148861646235,0.9763933633531108
2024,05,AUT.6.3.6.13_2,0.6725043782837129,0.9727157858285225
2024,05,AUT.6.3.6.14_2,0.6654991243432575,0.9707728879609279
2024,05,AUT.6.3.6.15_2,0.6847635726795097,0.9759487691472335
2024,05,AUT.6.3.6.2_2,0.660245183887916,0.9692698282728087
2024,05,AUT.6.3.6.3_2,0.6970227670753065,0.9789708882290628
2024,05,AUT.6.3.6.4_2,0.6760070052539405,0.9736611320166786
2024,05,AUT.6.3.6.5_2,0.7145359019264449,0.9829262434180909
2024,05,AUT.6.3.6.6_2,0.7057793345008757,0.9810015290507961
2024,05,AUT.6.3.6.7_2,0.6865148861646235,0.9763933633531108
2024,05,AUT.6.3.6.8_2,0.6252189141856392,0.9582296175760798
2024,05,AUT.6.3.6.9_2,0.6882661996497373,0.976833660353696
2024,05,AUT.6.3.7.1_2,0.6409807355516638,0.9634189120003821
2024,05,AUT.6.3.7.2_2,0.6830122591943959,0.9754998718605759
2024,05,AUT.6.3.8.1_2,0.6462346760070053,0.965067873260736
2024,05,AUT.6.3.8.2_2,0.6917688266199651,0.9777013859047148
2024,05,AUT.6.3.8.3_2,0.628721541155867,0.9594144047282176
2024,05,AUT.6.3.8.4_2,0.649737302977233,0.9661449166662318
2024,05,AUT.6.3.8.5_2,0.6917688266199651,0.9777013859047148
2024,05,AUT.6.3.9.1_2,0.63922942206655,0.9628603221651623
2024,05,AUT.6.3.9.2_2,0.6322241681260946,0.9605810741421048
2024,05,AUT.6.3.9.3_2,0.6619964973730298,0.9697752316903129
2024,05,AUT.6.3.9.4_2,0.628721541155867,0.9594144047282176
2024,05,AUT.6.3.9.5_2,0.6374781085814362,0.962297251372984
2024,05,AUT.6.3.9.6_2,0.63922942206655,0.9628603221651623
2024,05,AUT.6.4.1.1_2,0.6567425569176883,0.9682458365518543
2024,05,AUT.6.4.1.10_2,0.5814360770577934,0.9418619856433319
2024,05,AUT.6.4.1.11_2,0.6409807355516638,0.9634189120003821
2024,05,AUT.6.4.1.12_2,0.6549912434325745,0.9677272342969376
2024,05,AUT.6.4.1.13_2,0.6865148861646235,0.9763933633531108
2024,05,AUT.6.4.1.14_2,0.6584938704028022,0.9687600322061186
2024,05,AUT.6.4.1.15_2,0.6357267950963222,0.9617296917533533
2024,05,AUT.6.4.1.16_2,0.6199649737302978,0.9564183185196736
2024,05,AUT.6.4.1.17_2,0.6444833625218914,0.9645226798784983
2024,05,AUT.6.4.1.18_2,0.6357267950963222,0.9617296917533533
2024,05,AUT.6.4.1.19_2,0.6304728546409808,0.96
2024,05,AUT.6.4.1.2_2,0.6357267950963222,0.9617296917533533
2024,05,AUT.6.4.1.20_2,0.6760070052539405,0.9736611320166786
2024,05,AUT.6.4.1.21_2,0.62697022767075306,0.9588242800430119
2024,05,AUT.6.4.1.22_2,0.6882661996497373,0.976833660353696
2024,05,AUT.6.4.1.23_2,0.6654991243432575,0.9707728879609279
2024,05,AUT.6.4.1.24_2,0.6532399299474606,0.9672042183530839
2024,05,AUT.6.4.1.25_2,0.62697022767075306,0.9588242800430119
2024,05,AUT.6.4.1.26_2,0.6182136602451839,0.9558054195284729
2024,05,AUT.6.4.1.27_2,0.6690017513134852,0.9717530550505102
2024,05,AUT.6.4.1.28_2,0.628721541155867,0.9594144047282176
2024,05,AUT.6.4.1.3_2,0.6479859894921192,0.9656086163658648
2024,05,AUT.6.4.1.4_2,0.6654991243432575,0.9707728879609279
2024,05,AUT.6.4.1.5_2,0.6357267950963222,0.9617296917533533
2024,05,AUT.6.4.1.6_2,0.6935201401050789,0.9781288258711119
2024,05,AUT.6.4.1.7_2,0.6549912434325745,0.9677272342969376
2024,05,AUT.6.4.1.8_2,0.62697022767075306,0.9588242800430119
2024,05,AUT.6.4.1.9_2,0.7005253940455343,0.9797958971132712
2024,05,AUT.6.5.1.1_2,0.6514886164623468,0.9666767815562759
2024,05,AUT.6.5.19.1_2,0.6199649737302978,0.9564183185196736
2024,05,AUT.6.5.19.2_2,0.6532399299474606,0.9672042183530839
2024,05,AUT.6.5.19.3_2,0.660245183887916,0.9692698282728087
2024,05,AUT.6.5.20.1_2,0.6374781085814362,0.962297251372984
2024,05,AUT.6.5.20.2_2,0.6007005253940456,0.9494229826584145
2024,05,AUT.6.5.20.3_2,0.6374781085814362,0.962297251372984
2024,05,AUT.6.5.21.1_2,0.6339754816112084,0.9611576353543679
2024,05,AUT.6.5.21.2_2,0.6322241681260946,0.9605810741421048
2024,05,AUT.6.5.26.1_2,0.6532399299474606,0.9672042183530839
2024,05,AUT.6.5.26.2_2,0.6059544658493871,0.9513863568498342
2024,05,AUT.6.5.26.3_2,0.6690017513134852,0.9717530550505102
2024,05,AUT.6.5.29.1_2,0.660245183887916,0.9692698282728087
2024,05,AUT.6.5.29.3_2,0.6182136602451839,0.9558054195284729
2024,05,AUT.6.5.4.1_2,0.660245183887916,0.9692698282728087
2024,05,AUT.6.5.9.3_2,0.6619964973730298,0.9697752316903129
2024,05,AUT.6.6.1.1_2,0.6182136602451839,0.9558054195284729
2024,05,AUT.6.6.1.2_2,0.6024518388791593,0.9500821017154254
2024,05,AUT.6.6.10.1_2,0.6007005253940456,0.9494229826584145
2024,05,AUT.6.6.10.2_2,0.6059544658493871,0.9513863568498342
2024,05,AUT.6.6.10.3_2,0.6322241681260946,0.9605810741421048
2024,05,AUT.6.6.10.4_2,0.5796847635726796,0.9411461098044235
2024,05,AUT.6.6.11.1_2,0.6637478108581437,0.970276249322841
2024,05,AUT.6.6.11.2_2,0.6549912434325745,0.9677272342969376
2024,05,AUT.6.6.11.3_2,0.6830122591943959,0.9754998718605759
2024,05,AUT.6.6.11.4_2,0.6952714535901927,0.97855199146494
2024,05,AUT.6.6.11.5_2,0.6182136602451839,0.9558054195284729
2024,05,AUT.6.6.12.1_2,0.7057793345008757,0.9810015290507961
2024,05,AUT.6.6.12.2_2,0.6637478108581437,0.970276249322841
2024,05,AUT.6.6.12.3_2,0.6112084063047285,0.9533079250693346
2024,05,AUT.6.6.12.4_2,0.6199649737302978,0.9564183185196736
2024,05,AUT.6.6.12.5_2,0.6112084063047285,0.9533079250693346
2024,05,AUT.6.6.12.6_2,0.628721541155867,0.9594144047282176
2024,05,AUT.6.6.13.1_2,0.63922942206655,0.9628603221651623
2024,05,AUT.6.6.13.2_2,0.649737302977233,0.9661449166662318
2024,05,AUT.6.6.13.3_2,0.6935201401050789,0.9781288258711119
2024,05,AUT.6.6.13.4_2,0.6672504378283713,0.9712651543219287
2024,05,AUT.6.6.13.5_2,0.6567425569176883,0.9682458365518543
2024,05,AUT.6.6.13.6_2,0.6777583187390543,0.9741273017424364
2024,05,AUT.6.6.13.7_2,0.6795096322241682,0.9745891442038537
2024,05,AUT.6.6.14.1_2,0.6532399299474606,0.9672042183530839
2024,05,AUT.6.6.14.2_2,0.6742556917688267,0.9731906288081488
2024,05,AUT.6.6.14.3_2,0.6217162872154116,0.9570266453970862
2024,05,AUT.6.6.14.4_2,0.6462346760070053,0.965067873260736
2024,05,AUT.6.6.14.5_2,0.6637478108581437,0.970276249322841
2024,05,AUT.6.6.14.6_2,0.6409807355516638,0.9634189120003821
2024,05,AUT.6.6.15.1_2,0.6672504378283713,0.9712651543219287
2024,05,AUT.6.6.15.2_2,0.6374781085814362,0.962297251372984
2024,05,AUT.6.6.16.1_2,0.6444833625218914,0.9645226798784983
2024,05,AUT.6.6.16.2_2,0.6462346760070053,0.965067873260736
2024,05,AUT.6.6.16.3_2,0.7040280210157619,0.9806038955664005
2024,05,AUT.6.6.16.4_2,0.6182136602451839,0.9558054195284729
2024,05,AUT.6.6.16.5_2,0.597197898423818,0.9480907129594721
2024,05,AUT.6.6.16.6_2,0.6339754816112084,0.9611576353543679
2024,05,AUT.6.6.16.7_2,0.6094570928196147,0.9526720317087093
2024,05,AUT.6.6.16.8_2,0.6532399299474606,0.9672042183530839
2024,05,AUT.6.6.16.9_2,0.7197898423817863,0.9840304873325826
2024,05,AUT.6.6.17.1_2,0.6654991243432575,0.9707728879609279
2024,05,AUT.6.6.17.10_2,0.6654991243432575,0.9707728879609279
2024,05,AUT.6.6.17.2_2,0.660245183887916,0.9692698282728087
2024,05,AUT.6.6.17.3_2,0.7162872154115587,0.9832985304575615
2024,05,AUT.6.6.17.4_2,0.6549912434325745,0.9677272342969376
2024,05,AUT.6.6.17.5_2,0.6234676007005254,0.9576304088739037
2024,05,AUT.6.6.17.6_2,0.6865148861646235,0.9763933633531108
2024,05,AUT.6.6.17.7_2,0.6742556917688267,0.9731906288081488
2024,05,AUT.6.6.17.8_2,0.6322241681260946,0.9605810741421048
2024,05,AUT.6.6.17.9_2,0.6427320490367776,0.9639730286683336
2024,05,AUT.6.6.18.1_2,0.6532399299474606,0.9672042183530839
2024,05,AUT.6.6.18.2_2,0.6882661996497373,0.976833660353696
2024,05,AUT.6.6.18.3_2,0.6339754816112084,0.9611576353543679
2024,05,AUT.6.6.18.4_2,0.6725043782837129,0.9727157858285225
2024,05,AUT.6.6.18.5_2,0.6795096322241682,0.9745891442038537
2024,05,AUT.6.6.18.6_2,0.6584938704028022,0.9687600322061186
2024,05,AUT.6.6.18.7_2,0.6479859894921192,0.9656086163658648
2024,05,AUT.6.6.19.1_2,0.597197898423818,0.9480907129594721
2024,05,AUT.6.6.19.2_2,0.5954465849387042,0.9474175425861608
2024,05,AUT.6.6.19.3_2,0.6584938704028022,0.9687600322061186
2024,05,AUT.6.6.2.1_2,0.6777583187390543,0.9741273017424364
2024,05,AUT.6.6.2.2_2,0.6584938704028022,0.9687600322061186
2024,05,AUT.6.6.20.1_2,0.7162872154115587,0.9832985304575615
2024,05,AUT.6.6.20.2_2,0.670753064798599,0.9722365967191319
2024,05,AUT.6.6.20.3_2,0.7285464098073555,0.9857869952479592
2024,05,AUT.6.6.20.4_2,0.6672504378283713,0.9712651543219287
2024,05,AUT.6.6.20.5_2,0.63922942206655,0.9628603221651623
2024,05,AUT.6.6.20.6_2,0.6619964973730298,0.9697752316903129
2024,05,AUT.6.6.20.7_2,0.6444833625218914,0.9645226798784983
2024,05,AUT.6.6.20.8_2,0.6812609457092821,0.975046665549911
2024,05,AUT.6.6.21.1_2,0.6532399299474606,0.9672042183530839
2024,05,AUT.6.6.21.2_2,0.6182136602451839,0.9558054195284729
2024,05,AUT.6.6.21.3_2,0.5831873905429072,0.9425730740902798
2024,05,AUT.6.6.22.1_2,0.649737302977233,0.9661449166662318
2024,05,AUT.6.6.22.2_2,0.6514886164623468,0.9666767815562759
2024,05,AUT.6.6.22.3_2,0.6812609457092821,0.975046665549911
2024,05,AUT.6.6.22.4_2,0.6847635726795097,0.9759487691472335
2024,05,AUT.6.6.22.5_2,0.6024518388791593,0.9500821017154254
2024,05,AUT.6.6.22.6_2,0.6234676007005254,0.9576304088739037
2024,05,AUT.6.6.22.7_2,0.6322241681260946,0.9605810741421048
2024,05,AUT.6.6.23.1_2,0.6619964973730298,0.9697752316903129
2024,05,AUT.6.6.23.10_2,0.6462346760070053,0.965067873260736
2024,05,AUT.6.6.23.2_2,0.6147110332749562,0.954565869911553
2024,05,AUT.6.6.23.3_2,0.6760070052539405,0.9736611320166786
2024,05,AUT.6.6.23.4_2,0.7022767075306481,0.9802020199938377
2024,05,AUT.6.6.23.5_2,0.6514886164623468,0.9666767815562759
2024,05,AUT.6.6.23.6_2,0.6760070052539405,0.9736611320166786
2024,05,AUT.6.6.23.7_2,0.5884413309982488,0.9446777228240327
2024,05,AUT.6.6.23.8_2,0.6742556917688267,0.9731906288081488
2024,05,AUT.6.6.23.9_2,0.6935201401050789,0.9781288258711119
2024,05,AUT.6.6.24_2,0.6619964973730298,0.9697752316903129
2024,05,AUT.6.6.24.1_2,0.6357267950963222,0.9617296917533533
2024,05,AUT.6.6.24.10_2,0.628721541155867,0.9594144047282176
2024,05,AUT.6.6.24.11_2,0.6514886164623468,0.9666767815562759
2024,05,AUT.6.6.24.2_2,0.660245183887916,0.9692698282728087
2024,05,AUT.6.6.24.3_2,0.6462346760070053,0.965067873260736
2024,05,AUT.6.6.24.4_2,0.6304728546409808,0.96
2024,05,AUT.6.6.24.5_2,0.6672504378283713,0.9712651543219287
2024,05,AUT.6.6.24.6_2,0.6339754816112084,0.9611576353543679
2024,05,AUT.6.6.24.7_2,0.712784588441331,0.9825497442877892
2024,05,AUT.6.6.24.8_2,0.6427320490367776,0.9639730286683336
2024,05,AUT.6.6.24.9_2,0.6217162872154116,0.9570266453970862
2024,05,AUT.6.6.25_2,0.6584938704028022,0.9687600322061186
2024,05,AUT.6.6.25.1_2,0.6322241681260946,0.9605810741421048
2024,05,AUT.6.6.25.2_2,0.670753064798599,0.9722365967191319
2024,05,AUT.6.6.25.3_2,0.6462346760070053,0.965067873260736
2024,05,AUT.6.6.25.4_2,0.6462346760070053,0.965067873260736
2024,05,AUT.6.6.25.5_2,0.6672504378283713,0.9712651543219287
2024,05,AUT.6.6.25.6_2,0.6742556917688267,0.9731906288081488
2024,05,AUT.6.6.25.7_2,0.6567425569176883,0.9682458365518543
2024,05,AUT.6.6.26.1_2,0.6532399299474606,0.9672042183530839
2024,05,AUT.6.6.26.2_2,0.670753064798599,0.9722365967191319
2024,05,AUT.6.6.26.3_2,0.6112084063047285,0.9533079250693346
2024,05,AUT.6.6.26.4_2,0.6619964973730298,0.9697752316903129
2024,05,AUT.6.6.26.5_2,0.628721541155867,0.9594144047282176
2024,05,AUT.6.6.26.6_2,0.5989492119089318,0.9487591896788141
2024,05,AUT.6.6.26.8_2,0.6865148861646235,0.9763933633531108
2024,05,AUT.6.6.26.9_2,0.6567425569176883,0.9682458365518543
2024,05,AUT.6.6.27.1_2,0.6182136602451839,0.9558054195284729
2024,05,AUT.6.6.27.2_2,0.6830122591943959,0.9754998718605759
2024,05,AUT.6.6.27.3_2,0.6514886164623468,0.9666767815562759
2024,05,AUT.6.6.27.4_2,0.6865148861646235,0.9763933633531108
2024,05,AUT.6.6.28.1_2,0.670753064798599,0.9722365967191319
2024,05,AUT.6.6.28.2_2,0.6637478108581437,0.970276249322841
2024,05,AUT.6.6.28.3_2,0.6479859894921192,0.9656086163658648
2024,05,AUT.6.6.28.4_2,0.6584938704028022,0.9687600322061186
2024,05,AUT.6.6.29.1_2,0.6532399299474606,0.9672042183530839
2024,05,AUT.6.6.29.2_2,0.670753064798599,0.9722365967191319
2024,05,AUT.6.6.29.3_2,0.6462346760070053,0.965067873260736
2024,05,AUT.6.6.29.4_2,0.6882661996497373,0.976833660353696
2024,05,AUT.6.6.29.5_2,0.670753064798599,0.9722365967191319
2024,05,AUT.6.6.29.6_2,0.6234676007005254,0.9576304088739037
2024,05,AUT.6.6.3.1_2,0.7145359019264449,0.9829262434180909
2024,05,AUT.6.6.3.2_2,0.6584938704028022,0.9687600322061186
2024,05,AUT.6.6.3.3_2,0.7197898423817863,0.9840304873325826
2024,05,AUT.6.6.3.4_2,0.6339754816112084,0.9611576353543679
2024,05,AUT.6.6.3.5_2,0.6812609457092821,0.975046665549911
2024,05,AUT.6.6.3.6_2,0.7005253940455343,0.9797958971132712
2024,05,AUT.6.6.3.7_2,0.660245183887916,0.9692698282728087
2024,05,AUT.6.6.4.1_2,0.62697022767075306,0.9588242800430119
2024,05,AUT.6.6.5.1_2,0.6672504378283713,0.9712651543219287
2024,05,AUT.6.6.5.2_2,0.6059544658493871,0.9513863568498342
2024,05,AUT.6.6.5.3_2,0.63922942206655,0.9628603221651623
2024,05,AUT.6.6.6.1_2,0.6654991243432575,0.9707728879609279
2024,05,AUT.6.6.6.2_2,0.6672504378283713,0.9712651543219287
2024,05,AUT.6.6.6.3_2,0.6935201401050789,0.9781288258711119
2024,05,AUT.6.6.6.4_2,0.6409807355516638,0.9634189120003821
2024,05,AUT.6.6.6.5_2,0.6812609457092821,0.975046665549911
2024,05,AUT.6.6.6.6_2,0.6777583187390543,0.9741273017424364
2024,05,AUT.6.6.6.7_2,0.7057793345008757,0.9810015290507961
2024,05,AUT.6.6.6.8_2,0.6882661996497373,0.976833660353696
2024,05,AUT.6.6.6.9_2,0.6830122591943959,0.9754998718605759
2024,05,AUT.6.6.7.1_2,0.6725043782837129,0.9727157858285225
2024,05,AUT.6.6.7.2_2,0.6672504378283713,0.9712651543219287
2024,05,AUT.6.6.7.3_2,0.7005253940455343,0.9797958971132712
2024,05,AUT.6.6.7.4_2,0.6252189141856392,0.9582296175760798
2024,05,AUT.6.6.7.5_2,0.6812609457092821,0.975046665549911
2024,05,AUT.6.6.7.6_2,0.670753064798599,0.9722365967191319
2024,05,AUT.6.6.7.7_2,0.6847635726795097,0.9759487691472335
2024,05,AUT.6.6.8.1_2,0.6830122591943959,0.9754998718605759
2024,05,AUT.6.6.8.2_2,0.6514886164623468,0.9666767815562759
2024,05,AUT.6.6.9.1_2,0.7145359019264449,0.9829262434180909
2024,05,AUT.6.6.9.2_2,0.7793345008756568,0.993931587182941
2024,05,AUT.6.6.9.3_2,0.6462346760070053,0.965067873260736
2024,05,AUT.6.6.9.4_2,0.7075306479859896,0.9813949256033475
2024,05,AUT.6.6.9.5_2,0.7267950963222417,0.9854440623394105
2024,05,AUT.6.6.9.6_2,0.6584938704028022,0.9687600322061186
2024,05,AUT.6.6.9.7_2,0.6900175131348513,0.9772696659571503
2024,05,AUT.6.6.9.8_2,0.7022767075306481,0.9802020199938377
2024,05,AUT.6.7.10.2_2,0.7267950963222417,0.9854440623394105
2024,05,AUT.6.7.12.3_2,0.7022767075306481,0.9802020199938377
2024,05,AUT.6.7.2.1_2,0.628721541155867,0.9594144047282176
2024,05,AUT.6.7.5.3_2,0.7145359019264449,0.9829262434180909
2024,05,AUT.6.7.5.4_2,0.7092819614711035,0.9817840903172144
2024,05,AUT.6.7.5.9_2,0.6865148861646235,0.9763933633531108
2024,05,AUT.6.8.11.1_2,0.586690017513135,0.9439809320108113
2024,05,AUT.6.8.12.4_2,0.6059544658493871,0.9513863568498342
2024,05,AUT.6.8.14.6_2,0.6514886164623468,0.9666767815562759
2024,05,AUT.6.8.20.2_2,0.6217162872154116,0.9570266453970862
2024,05,AUT.6.8.28.1_2,0.6129597197898424,0.9539392014169457
2024,05,AUT.6.8.4.1_2,0.6322241681260946,0.9605810741421048
2024,05,AUT.6.8.4.2_2,0.6462346760070053,0.965067873260736
2024,05,AUT.6.8.5.2_2,0.6830122591943959,0.9754998718605759
2024,05,AUT.6.8.7.3_2,0.6094570928196147,0.9526720317087093
2024,05,AUT.6.8.7.4_2,0.6059544658493871,0.9513863568498342
2024,05,AUT.6.8.8.4_2,0.6672504378283713,0.9712651543219287
2024,05,AUT.7.1.12.1_2,0.6567425569176883,0.9682458365518543
2024,05,AUT.7.1.21.1_2,0.4973730297723292,0.9018736053350269
2024,05,AUT.7.1.3.1_2,0.6322241681260946,0.9605810741421048
2024,05,AUT.7.1.9.1_2,0.6042031523642732,0.9507365565707464
2024,05,AUT.7.2.13.1_2,0.5989492119089318,0.9487591896788141
2024,05,AUT.7.2.16.1_2,0.6147110332749562,0.954565869911553
2024,05,AUT.7.2.17.3_2,0.5779334500875658,0.9404254356406998
2024,05,AUT.7.2.19.1_2,0.6690017513134852,0.9717530550505102
2024,05,AUT.7.2.32.1_2,0.6182136602451839,0.9558054195284729
2024,05,AUT.7.2.34.1_2,0.5656742556917689,0.9352454223357631
2024,05,AUT.7.2.4.1_2,0.6567425569176883,0.9682458365518543
2024,05,AUT.7.2.44.1_2,0.6252189141856392,0.9582296175760798
2024,05,AUT.7.2.53.1_2,0.6812609457092821,0.975046665549911
2024,05,AUT.7.2.59.1_2,0.5936952714535902,0.9467396685467447
2024,05,AUT.7.2.63.2_2,0.6374781085814362,0.962297251372984
2024,05,AUT.7.2.65.1_2,0.6444833625218914,0.9645226798784983
2024,05,AUT.7.2.9.1_2,0.5884413309982488,0.9446777228240327
2024,05,AUT.7.3.1.1_2,0.628721541155867,0.9594144047282176
2024,05,AUT.7.3.1.2_2,0.628721541155867,0.9594144047282176
2024,05,AUT.7.3.1.3_2,0.63922942206655,0.9628603221651623
2024,05,AUT.7.3.1.6_2,0.5989492119089318,0.9487591896788141
2024,05,AUT.7.3.1.9_2,0.6812609457092821,0.975046665549911
2024,05,AUT.7.4.11.2_2,0.6042031523642732,0.9507365565707464
2024,05,AUT.7.4.12.1_2,0.5936952714535902,0.9467396685467447
2024,05,AUT.7.4.6.2_2,0.6094570928196147,0.9526720317087093
2024,05,AUT.7.5.11.1_2,0.649737302977233,0.9661449166662318
2024,05,AUT.7.5.14.1_2,0.6199649737302978,0.9564183185196736
2024,05,AUT.7.5.30.1_2,0.6514886164623468,0.9666767815562759
2024,05,AUT.7.5.8.2_2,0.5761821366024519,0.939699952112375
2024,05,AUT.7.6.11.1_2,0.47810858143607715,0.8910016835000931
2024,05,AUT.7.6.15.1_2,0.5394045534150613,0.923333092659415
2024,05,AUT.7.6.21.1_2,0.490367775831874,0.8979977728257459
2024,05,AUT.7.6.27.1_2,0.5604203152364273,0.9329523031752481
2024,05,AUT.7.6.6.1_2,0.5183887915936953,0.9129819275319747
2024,05,AUT.7.6.8.1_2,0.5411558669001751,0.9241623234042816
2024,05,AUT.7.7.1.1_2,0.5761821366024519,0.939699952112375
2024,05,AUT.7.7.10.1_2,0.5936952714535902,0.9467396685467447
2024,05,AUT.7.7.11.1_2,0.5341506129597198,0.920814856526544
2024,05,AUT.7.7.12.1_2,0.6374781085814362,0.962297251372984
2024,05,AUT.7.7.12.2_2,0.6409807355516638,0.9634189120003821
2024,05,AUT.7.7.13.1_2,0.5674255691768827,0.936
2024,05,AUT.7.7.14.1_2,0.5796847635726796,0.9411461098044235
2024,05,AUT.7.7.14.2_2,0.5954465849387042,0.9474175425861608
2024,05,AUT.7.7.15.1_2,0.6427320490367776,0.9639730286683336
2024,05,AUT.7.7.16.1_2,0.597197898423818,0.9480907129594721
2024,05,AUT.7.7.16.2_2,0.5726795096322242,0.9382345122622595
2024,05,AUT.7.7.17.1_2,0.6217162872154116,0.9570266453970862
2024,05,AUT.7.7.17.2_2,0.586690017513135,0.9439809320108113
2024,05,AUT.7.7.18.1_2,0.5779334500875658,0.9404254356406998
2024,05,AUT.7.7.18.2_2,0.6059544658493871,0.9513863568498342
2024,05,AUT.7.7.19.1_2,0.62697022767075306,0.9588242800430119
2024,05,AUT.7.7.19.2_2,0.6112084063047285,0.9533079250693346
2024,05,AUT.7.7.19.3_2,0.6549912434325745,0.9677272342969376
2024,05,AUT.7.7.2.1_2,0.6112084063047285,0.9533079250693346
2024,05,AUT.7.7.2.2_2,0.62697022767075306,0.9588242800430119
2024,05,AUT.7.7.2.3_2,0.5674255691768827,0.936
2024,05,AUT.7.7.20.1_2,0.6147110332749562,0.954565869911553
2024,05,AUT.7.7.20.2_2,0.6217162872154116,0.9570266453970862
2024,05,AUT.7.7.21.1_2,0.586690017513135,0.9439809320108113
2024,05,AUT.7.7.21.2_2,0.5586690017513135,0.9321780945720619
2024,05,AUT.7.7.21.3_2,0.6094570928196147,0.9526720317087093
2024,05,AUT.7.7.22.1_2,0.62697022767075306,0.9588242800430119
2024,05,AUT.7.7.23.1_2,0.5201401050788091,0.9138730765264944
2024,05,AUT.7.7.24.1_2,0.5674255691768827,0.936
2024,05,AUT.7.7.25.1_2,0.6199649737302978,0.9564183185196736
2024,05,AUT.7.7.26.1_2,0.6147110332749562,0.954565869911553
2024,05,AUT.7.7.27.1_2,0.5726795096322242,0.9382345122622595
2024,05,AUT.7.7.28.1_2,0.628721541155867,0.9594144047282176
2024,05,AUT.7.7.29.1_2,0.6147110332749562,0.954565869911553
2024,05,AUT.7.7.29.2_2,0.6427320490367776,0.9639730286683336
2024,05,AUT.7.7.29.3_2,0.5569176882661997,0.931398947819891
2024,05,AUT.7.7.3.1_2,0.5604203152364273,0.9329523031752481
2024,05,AUT.7.7.30.1_2,0.6059544658493871,0.9513863568498342
2024,05,AUT.7.7.31.1_2,0.6444833625218914,0.9645226798784983
2024,05,AUT.7.7.32.1_2,0.5674255691768827,0.936
2024,05,AUT.7.7.33.1_2,0.5919439579684764,0.946057080730333
2024,05,AUT.7.7.4.1_2,0.5761821366024519,0.939699952112375
2024,05,AUT.7.7.4.2_2,0.6007005253940456,0.9494229826584145
2024,05,AUT.7.7.4.3_2,0.6322241681260946,0.9605810741421048
2024,05,AUT.7.7.5.1_2,0.6409807355516638,0.9634189120003821
2024,05,AUT.7.7.5.2_2,0.5849387040280211,0.9432793859721519
2024,05,AUT.7.7.5.3_2,0.6077057793345009,0.9520315120835025
2024,05,AUT.7.7.5.4_2,0.6007005253940456,0.9494229826584145
2024,05,AUT.7.7.5.5_2,0.5936952714535902,0.9467396685467447
2024,05,AUT.7.7.5.6_2,0.5796847635726796,0.9411461098044235
2024,05,AUT.7.7.5.7_2,0.5761821366024519,0.939699952112375
2024,05,AUT.7.7.5.8_2,0.628721541155867,0.9594144047282176
2024,05,AUT.7.7.5.9_2,0.6024518388791593,0.9500821017154254
2024,05,AUT.7.7.6.1_2,0.5691768826619966,0.9367496997597597
2024,05,AUT.7.7.7.1_2,0.6007005253940456,0.9494229826584145
2024,05,AUT.7.7.7.2_2,0.6199649737302978,0.9564183185196736
2024,05,AUT.7.7.7.3_2,0.5919439579684764,0.946057080730333
2024,05,AUT.7.7.7.4_2,0.6182136602451839,0.9558054195284729
2024,05,AUT.7.7.8.1_2,0.6059544658493871,0.9513863568498342
2024,05,AUT.7.7.8.2_2,0.5936952714535902,0.9467396685467447
2024,05,AUT.7.7.9.1_2,0.6234676007005254,0.9576304088739037
2024,05,AUT.7.7.9.2_2,0.5481611208406305,0.9274287034591931
2024,05,AUT.7.8.19.1_2,0.5796847635726796,0.9411461098044235
2024,05,AUT.7.8.29.1_2,0.5831873905429072,0.9425730740902798
2024,05,AUT.7.9.3.1_2,0.5481611208406305,0.9274287034591931
2024,05,AUT.7.9.7.1_2,0.5674255691768827,0.936
2024,05,AUT.8.1.1.1_2,0.5586690017513135,0.9321780945720619
2024,05,AUT.8.1.10.1_2,0.56217162872154125,0.9337215859130601
2024,05,AUT.8.1.11.1_2,0.6112084063047285,0.9533079250693346
2024,05,AUT.8.1.12.1_2,0.5656742556917689,0.9352454223357631
2024,05,AUT.8.1.13.1_2,0.5639229422066551,0.9344859549506349
2024,05,AUT.8.1.14.1_2,0.5796847635726796,0.9411461098044235
2024,05,AUT.8.1.15.1_2,0.5831873905429072,0.9425730740902798
2024,05,AUT.8.1.16.1_2,0.5779334500875658,0.9404254356406998
2024,05,AUT.8.1.17.1_2,0.5744308231173381,0.9389696480717574
2024,05,AUT.8.1.18.1_2,0.56217162872154125,0.9337215859130601
2024,05,AUT.8.1.19.1_2,0.5884413309982488,0.9446777228240327
2024,05,AUT.8.1.2.1_2,0.5849387040280211,0.9432793859721519
2024,05,AUT.8.1.20.1_2,0.5761821366024519,0.939699952112375
2024,05,AUT.8.1.21.1_2,0.649737302977233,0.9661449166662318
2024,05,AUT.8.1.22.1_2,0.5814360770577934,0.9418619856433319
2024,05,AUT.8.1.23.1_2,0.5376532399299475,0.9224987804869988
2024,05,AUT.8.1.24.1_2,0.5604203152364273,0.9329523031752481
2024,05,AUT.8.1.25.1_2,0.6339754816112084,0.9611576353543679
2024,05,AUT.8.1.26.1_2,0.6129597197898424,0.9539392014169457
2024,05,AUT.8.1.27.1_2,0.6042031523642732,0.9507365565707464
2024,05,AUT.8.1.28.1_2,0.56217162872154125,0.9337215859130601
2024,05,AUT.8.1.29.1_2,0.521891418563923,0.9147589846511485
2024,05,AUT.8.1.3.1_2,0.597197898423818,0.9480907129594721
2024,05,AUT.8.1.4.1_2,0.6199649737302978,0.9564183185196736
2024,05,AUT.8.1.5.1_2,0.5989492119089318,0.9487591896788141
2024,05,AUT.8.1.6.1_2,0.6199649737302978,0.9564183185196736
2024,05,AUT.8.1.7.1_2,0.5709281961471104,0.9374945333173949
2024,05,AUT.8.1.8.1_2,0.628721541155867,0.9594144047282176
2024,05,AUT.8.1.9.1_2,0.6007005253940456,0.9494229826584145
2024,05,AUT.8.2.11.1_2,0.6077057793345009,0.9520315120835025
2024,05,AUT.8.2.14.1_2,0.6217162872154116,0.9570266453970862
2024,05,AUT.8.2.16.1_2,0.6549912434325745,0.9677272342969376
2024,05,AUT.8.2.16.2_2,0.6357267950963222,0.9617296917533533
2024,05,AUT.8.2.17.1_2,0.6532399299474606,0.9672042183530839
2024,05,AUT.8.2.2.1_2,0.6374781085814362,0.962297251372984
2024,05,AUT.8.2.25.1_2,0.6409807355516638,0.9634189120003821
2024,05,AUT.8.2.27.1_2,0.6252189141856392,0.9582296175760798
2024,05,AUT.8.2.28.1_2,0.6094570928196147,0.9526720317087093
2024,05,AUT.8.2.3.1_2,0.5884413309982488,0.9446777228240327
2024,05,AUT.8.2.30.1_2,0.6304728546409808,0.96
2024,05,AUT.8.2.32.1_2,0.6199649737302978,0.9564183185196736
2024,05,AUT.8.2.33.1_2,0.6112084063047285,0.9533079250693346
2024,05,AUT.8.2.34.1_2,0.6007005253940456,0.9494229826584145
2024,05,AUT.8.2.36.1_2,0.6637478108581437,0.970276249322841
2024,05,AUT.8.2.37.1_2,0.6199649737302978,0.9564183185196736
2024,05,AUT.8.2.39.1_2,0.6199649737302978,0.9564183185196736
2024,05,AUT.8.2.4.1_2,0.6479859894921192,0.9656086163658648
2024,05,AUT.8.2.6.1_2,0.6252189141856392,0.9582296175760798
2024,05,AUT.8.2.9.1_2,0.6462346760070053,0.965067873260736
2024,05,AUT.8.3.1.1_2,0.6654991243432575,0.9707728879609279
2024,05,AUT.8.3.1.3_2,0.6532399299474606,0.9672042183530839
2024,05,AUT.8.3.3.1_2,0.6637478108581437,0.970276249322841
2024,05,AUT.8.4.1.1_2,0.628721541155867,0.9594144047282176
2024,05,AUT.8.4.10.1_2,0.6444833625218914,0.9645226798784983
2024,05,AUT.8.4.11.1_2,0.6252189141856392,0.9582296175760798
2024,05,AUT.8.4.12.1_2,0.6777583187390543,0.9741273017424364
2024,05,AUT.8.4.13.1_2,0.6304728546409808,0.96
2024,05,AUT.8.4.14.1_2,0.62697022767075306,0.9588242800430119
2024,05,AUT.8.4.18.1_2,0.628721541155867,0.9594144047282176
2024,05,AUT.8.4.19.1_2,0.6129597197898424,0.9539392014169457
2024,05,AUT.8.4.3.1_2,0.649737302977233,0.9661449166662318
2024,05,AUT.8.4.4.1_2,0.6427320490367776,0.9639730286683336
2024,05,AUT.8.4.4.3_2,0.5884413309982488,0.9446777228240327
2024,05,AUT.8.4.4.4_2,0.6112084063047285,0.9533079250693346
2024,05,AUT.8.4.4.5_2,0.5901926444833626,0.9453697689264238
2024,05,AUT.8.4.5.1_2,0.6129597197898424,0.9539392014169457
2024,05,AUT.9.1.1.1_2,0.5989492119089318,0.9487591896788141
2024,05,AUT.9.1.1.10_2,0.6322241681260946,0.9605810741421048
2024,05,AUT.9.1.1.11_2,0.6304728546409808,0.96
2024,05,AUT.9.1.1.12_2,0.6094570928196147,0.9526720317087093
2024,05,AUT.9.1.1.13_2,0.6042031523642732,0.9507365565707464
2024,05,AUT.9.1.1.14_2,0.6112084063047285,0.9533079250693346
2024,05,AUT.9.1.1.15_2,0.597197898423818,0.9480907129594721
2024,05,AUT.9.1.1.16_2,0.597197898423818,0.9480907129594721
2024,05,AUT.9.1.1.17_2,0.5814360770577934,0.9418619856433319
2024,05,AUT.9.1.1.18_2,0.5726795096322242,0.9382345122622595
2024,05,AUT.9.1.1.19_2,0.6059544658493871,0.9513863568498342
2024,05,AUT.9.1.1.2_2,0.51138353765324,0.909364613342745
2024,05,AUT.9.1.1.20_2,0.6024518388791593,0.9500821017154254
2024,05,AUT.9.1.1.21_2,0.6024518388791593,0.9500821017154254
2024,05,AUT.9.1.1.22_2,0.6147110332749562,0.954565869911553
2024,05,AUT.9.1.1.23_2,0.5796847635726796,0.9411461098044235
2024,05,AUT.9.1.1.24_2,0.5551663747810859,0.9306148505155073
2024,05,AUT.9.1.1.25_2,0.6024518388791593,0.9500821017154254
2024,05,AUT.9.1.1.26_2,0.5936952714535902,0.9467396685467447
2024,05,AUT.9.1.1.27_2,0.5849387040280211,0.9432793859721519
2024,05,AUT.9.1.1.28_2,0.5411558669001751,0.9241623234042816
2024,05,AUT.9.1.1.29_2,0.6935201401050789,0.9781288258711119
2024,05,AUT.9.1.1.3_2,0.5744308231173381,0.9389696480717574
2024,05,AUT.9.1.1.30_2,0.5936952714535902,0.9467396685467447
2024,05,AUT.9.1.1.31_2,0.5779334500875658,0.9404254356406998
2024,05,AUT.9.1.1.32_2,0.5709281961471104,0.9374945333173949
2024,05,AUT.9.1.1.33_2,0.5884413309982488,0.9446777228240327
2024,05,AUT.9.1.1.34_2,0.5901926444833626,0.9453697689264238
2024,05,AUT.9.1.1.35_2,0.5674255691768827,0.936
2024,05,AUT.9.1.1.36_2,0.6042031523642732,0.9507365565707464
2024,05,AUT.9.1.1.37_2,0.5849387040280211,0.9432793859721519
2024,05,AUT.9.1.1.38_2,0.62697022767075306,0.9588242800430119
2024,05,AUT.9.1.1.39_2,0.6409807355516638,0.9634189120003821
2024,05,AUT.9.1.1.4_2,0.5831873905429072,0.9425730740902798
2024,05,AUT.9.1.1.40_2,0.6129597197898424,0.9539392014169457
2024,05,AUT.9.1.1.41_2,0.6059544658493871,0.9513863568498342
2024,05,AUT.9.1.1.42_2,0.56217162872154125,0.9337215859130601
2024,05,AUT.9.1.1.43_2,0.6322241681260946,0.9605810741421048
2024,05,AUT.9.1.1.44_2,0.5709281961471104,0.9374945333173949
2024,05,AUT.9.1.1.45_2,0.6234676007005254,0.9576304088739037
2024,05,AUT.9.1.1.46_2,0.5954465849387042,0.9474175425861608
2024,05,AUT.9.1.1.47_2,0.6077057793345009,0.9520315120835025
2024,05,AUT.9.1.1.48_2,0.6252189141856392,0.9582296175760798
2024,05,AUT.9.1.1.49_2,0.6112084063047285,0.9533079250693346
2024,05,AUT.9.1.1.5_2,0.5551663747810859,0.9306148505155073
2024,05,AUT.9.1.1.50_2,0.6112084063047285,0.9533079250693346
2024,05,AUT.9.1.1.51_2,0.5954465849387042,0.9474175425861608
2024,05,AUT.9.1.1.52_2,0.5796847635726796,0.9411461098044235
2024,05,AUT.9.1.1.53_2,0.6252189141856392,0.9582296175760798
2024,05,AUT.9.1.1.54_2,0.6112084063047285,0.9533079250693346
2024,05,AUT.9.1.1.55_2,0.5376532399299475,0.9224987804869988
2024,05,AUT.9.1.1.56_2,0.5901926444833626,0.9453697689264238
2024,05,AUT.9.1.1.57_2,0.6042031523642732,0.9507365565707464
2024,05,AUT.9.1.1.58_2,0.5761821366024519,0.939699952112375
2024,05,AUT.9.1.1.59_2,0.5726795096322242,0.9382345122622595
2024,05,AUT.9.1.1.6_2,0.5814360770577934,0.9418619856433319
2024,05,AUT.9.1.1.60_2,0.5831873905429072,0.9425730740902798
2024,05,AUT.9.1.1.61_2,0.5884413309982488,0.9446777228240327
2024,05,AUT.9.1.1.62_2,0.6199649737302978,0.9564183185196736
2024,05,AUT.9.1.1.63_2,0.5884413309982488,0.9446777228240327
2024,05,AUT.9.1.1.64_2,0.6024518388791593,0.9500821017154254
2024,05,AUT.9.1.1.65_2,0.6514886164623468,0.9666767815562759
2024,05,AUT.9.1.1.66_2,0.6514886164623468,0.9666767815562759
2024,05,AUT.9.1.1.67_2,0.62697022767075306,0.9588242800430119
2024,05,AUT.9.1.1.68_2,0.5814360770577934,0.9418619856433319
2024,05,AUT.9.1.1.69_2,0.6094570928196147,0.9526720317087093
2024,05,AUT.9.1.1.7_2,0.5744308231173381,0.9389696480717574
2024,05,AUT.9.1.1.70_2,0.5814360770577934,0.9418619856433319
2024,05,AUT.9.1.1.71_2,0.5516637478108581,0.9290317540321213
2024,05,AUT.9.1.1.72_2,0.5849387040280211,0.9432793859721519
2024,05,AUT.9.1.1.73_2,0.597197898423818,0.9480907129594721
2024,05,AUT.9.1.1.74_2,0.5831873905429072,0.9425730740902798
2024,05,AUT.9.1.1.75_2,0.6252189141856392,0.9582296175760798
2024,05,AUT.9.1.1.76_2,0.6234676007005254,0.9576304088739037
2024,05,AUT.9.1.1.77_2,0.628721541155867,0.9594144047282176
2024,05,AUT.9.1.1.78_2,0.6024518388791593,0.9500821017154254
2024,05,AUT.9.1.1.79_2,0.6094570928196147,0.9526720317087093
2024,05,AUT.9.1.1.8_2,0.6024518388791593,0.9500821017154254
2024,05,AUT.9.1.1.80_2,0.5761821366024519,0.939699952112375
2024,05,AUT.9.1.1.81_2,0.586690017513135,0.9439809320108113
2024,05,AUT.9.1.1.82_2,0.5919439579684764,0.946057080730333
2024,05,AUT.9.1.1.83_2,0.6304728546409808,0.96
2024,05,AUT.9.1.1.84_2,0.6339754816112084,0.9611576353543679
2024,05,AUT.9.1.1.85_2,0.5884413309982488,0.9446777228240327
2024,05,AUT.9.1.1.86_2,0.586690017513135,0.9439809320108113
2024,05,AUT.9.1.1.87_2,0.6059544658493871,0.9513863568498342
2024,05,AUT.9.1.1.88_2,0.6129597197898424,0.9539392014169457
2024,05,AUT.9.1.1.89_2,0.5744308231173381,0.9389696480717574
2024,05,AUT.9.1.1.9_2,0.6112084063047285,0.9533079250693346
2024,05,AZE.1.1_1,0.5359019264448337,0.9216593730874764
2024,05,AZE.1.2_1,0.6374781085814362,0.962297251372984
2024,05,AZE.1.3_1,0.62697022767075306,0.9588242800430119
2024,05,AZE.1.4_1,0.5796847635726796,0.9411461098044235
2024,05,AZE.10.1_1,0.6514886164623468,0.9666767815562759
2024,05,AZE.10.10_1,0.628721541155867,0.9594144047282176
2024,05,AZE.10.3_1,0.5849387040280211,0.9432793859721519
2024,05,AZE.10.7_1,0.5709281961471104,0.9374945333173949
2024,05,AZE.2.1_1,0.521891418563923,0.9147589846511485
2024,05,AZE.2.10_1,0.5814360770577934,0.9418619856433319
2024,05,AZE.2.11_1,0.5936952714535902,0.9467396685467447
2024,05,AZE.2.12_1,0.6619964973730298,0.9697752316903129
2024,05,AZE.2.13_1,0.5516637478108581,0.9290317540321213
2024,05,AZE.2.14_1,0.5096322241681261,0.9084470265238365
2024,05,AZE.2.15_1,0.6234676007005254,0.9576304088739037
2024,05,AZE.2.16_1,0.6164623467600701,0.955187939622355
2024,05,AZE.2.17_1,0.597197898423818,0.9480907129594721
2024,05,AZE.2.18_1,0.5604203152364273,0.9329523031752481
2024,05,AZE.2.19_1,0.5201401050788091,0.9138730765264944
2024,05,AZE.2.2_1,0.5306479859894921,0.9191104395011516
2024,05,AZE.2.3_1,0.6094570928196147,0.9526720317087093
2024,05,AZE.2.4_1,0.5499124343257443,0.9282327294380435
2024,05,AZE.2.5_1,0.5341506129597198,0.920814856526544
2024,05,AZE.2.6_1,0.5796847635726796,0.9411461098044235
2024,05,AZE.2.7_1,0.6217162872154116,0.9570266453970862
2024,05,AZE.2.8_1,0.56217162872154125,0.9337215859130601
2024,05,AZE.2.9_1,0.46935201401050797,0.885835199120017
2024,05,AZE.3.1_1,0.649737302977233,0.9661449166662318
2024,05,AZE.3.2_1,0.660245183887916,0.9692698282728087
2024,05,AZE.3.3_1,0.6042031523642732,0.9507365565707464
2024,05,AZE.3.4_1,0.6479859894921192,0.9656086163658648
2024,05,AZE.4.1_1,0.5901926444833626,0.9453697689264238
2024,05,AZE.4.10_1,0.6532399299474606,0.9672042183530839
2024,05,AZE.4.11_1,0.7180385288966725,0.983666610188635
2024,05,AZE.4.2_1,0.6690017513134852,0.9717530550505102
2024,05,AZE.4.3_1,0.7267950963222417,0.9854440623394105
2024,05,AZE.4.4_1,0.6514886164623468,0.9666767815562759
2024,05,AZE.4.5_1,0.6987740805604205,0.9793855216409929
2024,05,AZE.4.6_1,0.6479859894921192,0.9656086163658648
2024,05,AZE.4.7_1,0.6129597197898424,0.9539392014169457
2024,05,AZE.4.8_1,0.660245183887916,0.9692698282728087
2024,05,AZE.4.9_1,0.5919439579684764,0.946057080730333
2024,05,AZE.5.1_1,0.6182136602451839,0.9558054195284729
2024,05,AZE.5.3_1,0.6234676007005254,0.9576304088739037
2024,05,AZE.5.4_1,0.6339754816112084,0.9611576353543679
2024,05,AZE.5.5_1,0.5639229422066551,0.9344859549506349
2024,05,AZE.6.1_1,0.8633975481611209,0.9999019951975293
2024,05,AZE.6.2_1,0.6760070052539405,0.9736611320166786
2024,05,AZE.6.3_1,0.7653239929947461,0.9920302414745228
2024,05,AZE.6.4_1,0.8073555166374782,0.9969533589892758
2024,05,AZE.6.5_1,0.7355516637478109,0.9871170143402452
2024,05,AZE.6.6_1,0.7845884413309984,0.9945772971468834
2024,05,AZE.6.7_1,0.7320490367775833,0.98646033878712025
2024,05,AZE.7_1,0.4483362521891419,0.8728436286070947
2024,05,AZE.7.1_1,0.43782837127845886,0.8660254037844386
2024,05,AZE.7.2_1,0.42732049036777586,0.8589854480723175
2024,05,AZE.7.3_1,0.44133099824868655,0.8683225207260261
2024,05,AZE.7.4_1,0.4640980735551664,0.8826664149042944
2024,05,AZE.7.5_1,0.4728546409807356,0.8879189152169246
2024,05,AZE.7.6_1,0.4640980735551664,0.8826664149042944
2024,05,AZE.7.7_1,0.5043782837127846,0.905662188677434
2024,05,AZE.8.1_1,0.6690017513134852,0.9717530550505102
2024,05,AZE.8.2_1,0.6462346760070053,0.965067873260736
2024,05,AZE.8.3_1,0.63922942206655,0.9628603221651623
2024,05,AZE.8.4_1,0.649737302977233,0.9661449166662318
2024,05,AZE.8.5_1,0.6742556917688267,0.9731906288081488
2024,05,AZE.9.1_1,0.712784588441331,0.9825497442877892
2024,05,AZE.9.2_1,0.6795096322241682,0.9745891442038537
2024,05,AZE.9.3_1,0.7180385288966725,0.983666610188635
2024,05,AZE.9.4_1,0.670753064798599,0.9722365967191319
2024,05,AZE.9.5_1,0.6252189141856392,0.9582296175760798
2024,05,AZE.9.6_1,0.6865148861646235,0.9763933633531108
2024,05,AZE.9.7_1,0.6584938704028022,0.9687600322061186
2024,05,BEL.1.1.1.10_1,0.7302977232924693,0.9861257526299574
2024,05,BEL.1.1.1.2_1,0.777583187390543,0.9937082066683358
2024,05,BEL.1.1.1.3_1,0.7162872154115587,0.9832985304575615
2024,05,BEL.2.1.1.1_1,0.7495621716287216,0.9895776877031939
2024,05,BEL.2.1.1.10_1,0.7443082311733801,0.9886859966642594
2024,05,BEL.2.1.1.11_1,0.7933450087565675,0.9955721972815432
2024,05,BEL.2.1.1.12_1,0.7057793345008757,0.9810015290507961
2024,05,BEL.2.1.1.13_1,0.7338003502626971,0.986790757962396
2024,05,BEL.2.1.1.14_1,0.7600700525394046,0.9912497162672985
2024,05,BEL.2.1.1.15_1,0.7373029772329247,0.987439112046915
2024,05,BEL.2.1.1.16_1,0.7548161120840631,0.9904322288778774
2024,05,BEL.2.1.1.17_1,0.7793345008756568,0.993931587182941
2024,05,BEL.2.1.1.18_1,0.7355516637478109,0.9871170143402452
2024,05,BEL.2.1.1.19_1,0.7338003502626971,0.986790757962396
2024,05,BEL.2.1.1.2_1,0.7373029772329247,0.987439112046915
2024,05,BEL.2.1.1.20_1,0.7653239929947461,0.9920302414745228
2024,05,BEL.2.1.1.21_1,0.7478108581436077,0.9892845899942038
2024,05,BEL.2.1.1.22_1,0.7075306479859896,0.9813949256033475
2024,05,BEL.2.1.1.23_1,0.76707530647986,0.9922822179198819
2024,05,BEL.2.1.1.24_1,0.7688266199649738,0.9925301002992302
2024,05,BEL.2.1.1.25_1,0.7373029772329247,0.987439112046915
2024,05,BEL.2.1.1.26_1,0.7197898423817863,0.9840304873325826
2024,05,BEL.2.1.1.27_1,0.7092819614711035,0.9817840903172144
2024,05,BEL.2.1.1.28_1,0.7302977232924693,0.9861257526299574
2024,05,BEL.2.1.1.29_1,0.7460595446584939,0.9889873608899156
2024,05,BEL.2.1.1.3_1,0.7355516637478109,0.9871170143402452
2024,05,BEL.2.1.1.30_1,0.7040280210157619,0.9806038955664005
2024,05,BEL.2.1.1.4_1,0.7495621716287216,0.9895776877031939
2024,05,BEL.2.1.1.5_1,0.7338003502626971,0.986790757962396
2024,05,BEL.2.1.1.6_1,0.7845884413309984,0.9945772971468834
2024,05,BEL.2.1.1.7_1,0.7758318739054292,0.9934807496876826
2024,05,BEL.2.1.1.8_1,0.7635726795096323,0.9917741678426597
2024,05,BEL.2.1.1.9_1,0.7530647985989493,0.990151503558925
2024,05,BEL.2.1.2.3_1,0.7705779334500876,0.9927738916792685
2024,05,BEL.2.1.2.4_1,0.76707530647986,0.9922822179198819
2024,05,BEL.2.1.2.5_1,0.7723292469352014,0.9930135950730987
2024,05,BEL.2.1.2.6_1,0.7495621716287216,0.9895776877031939
2024,05,BEL.2.1.2.7_1,0.7460595446584939,0.9889873608899156
2024,05,BEL.2.1.2.8_1,0.7513134851138354,0.9898666576867816
2024,05,BEL.2.1.3.1_1,0.7285464098073555,0.9857869952479592
2024,05,BEL.2.1.3.10_1,0.7408056042031524,0.9880708476622514
2024,05,BEL.2.1.3.11_1,0.7162872154115587,0.9832985304575615
2024,05,BEL.2.1.3.12_1,0.7390542907180385,0.9877570551507087
2024,05,BEL.2.1.3.13_1,0.7320490367775833,0.98646033878712025
2024,05,BEL.2.1.3.14_1,0.7215411558669002,0.9843901665498289
2024,05,BEL.2.1.3.15_1,0.777583187390543,0.9937082066683358
2024,05,BEL.2.1.3.16_1,0.6725043782837129,0.9727157858285225
2024,05,BEL.2.1.3.17_1,0.7320490367775833,0.98646033878712025
2024,05,BEL.2.1.3.18_1,0.7355516637478109,0.9871170143402452
2024,05,BEL.2.1.3.19_1,0.7618213660245184,0.9915139938498094
2024,05,BEL.2.1.3.2_1,0.7495621716287216,0.9895776877031939
2024,05,BEL.2.1.3.20_1,0.7478108581436077,0.9892845899942038
2024,05,BEL.2.1.3.21_1,0.7338003502626971,0.986790757962396
2024,05,BEL.2.1.3.22_1,0.7635726795096323,0.9917741678426597
2024,05,BEL.2.1.3.23_1,0.7250437828371279,0.9850969495435462
2024,05,BEL.2.1.3.24_1,0.7530647985989493,0.990151503558925
2024,05,BEL.2.1.3.25_1,0.7373029772329247,0.987439112046915
2024,05,BEL.2.1.3.26_1,0.7740805604203153,0.9932492134404135
2024,05,BEL.2.1.3.27_1,0.7705779334500876,0.9927738916792685
2024,05,BEL.2.1.3.3_1,0.7075306479859896,0.9813949256033475
2024,05,BEL.2.1.3.4_1,0.7022767075306481,0.9802020199938377
2024,05,BEL.2.1.3.5_1,0.7478108581436077,0.9892845899942038
2024,05,BEL.2.1.3.6_1,0.7110332749562173,0.9821690282227392
2024,05,BEL.2.1.3.7_1,0.7232924693520141,0.9847456524402634
2024,05,BEL.2.1.3.8_1,0.7618213660245184,0.9915139938498094
2024,05,BEL.2.1.3.9_1,0.7443082311733801,0.9886859966642594
2024,05,BEL.2.2.1.1_1,0.6900175131348513,0.9772696659571503
2024,05,BEL.2.2.1.10_1,0.6847635726795097,0.9759487691472335
2024,05,BEL.2.2.1.11_1,0.670753064798599,0.9722365967191319
2024,05,BEL.2.2.1.16_1,0.6987740805604205,0.9793855216409929
2024,05,BEL.2.2.1.2_1,0.7408056042031524,0.9880708476622514
2024,05,BEL.2.2.1.7_1,0.7180385288966725,0.983666610188635
2024,05,BEL.2.2.2.1_1,0.6812609457092821,0.975046665549911
2024,05,BEL.2.2.2.13_1,0.7232924693520141,0.9847456524402634
2024,05,BEL.2.2.2.14_1,0.7425569176882663,0.9883804935347521
2024,05,BEL.2.2.2.15_1,0.7250437828371279,0.9850969495435462
2024,05,BEL.2.2.2.2_1,0.7302977232924693,0.9861257526299574
2024,05,BEL.2.2.2.3_1,0.7075306479859896,0.9813949256033475
2024,05,BEL.2.2.2.4_1,0.712784588441331,0.9825497442877892
2024,05,BEL.2.2.2.5_1,0.7040280210157619,0.9806038955664005
2024,05,BEL.2.2.2.6_1,0.7320490367775833,0.98646033878712025
2024,05,BEL.2.2.2.7_1,0.7355516637478109,0.9871170143402452
2024,05,BEL.2.2.2.8_1,0.6812609457092821,0.975046665549911
2024,05,BEL.2.2.2.9_1,0.6760070052539405,0.9736611320166786
2024,05,BEL.2.2.3.10_1,0.7145359019264449,0.9829262434180909
2024,05,BEL.2.2.3.11_1,0.7460595446584939,0.9889873608899156
2024,05,BEL.2.2.3.12_1,0.7302977232924693,0.9861257526299574
2024,05,BEL.2.2.3.2_1,0.6690017513134852,0.9717530550505102
2024,05,BEL.2.2.3.3_1,0.7390542907180385,0.9877570551507087
2024,05,BEL.2.2.3.5_1,0.7215411558669002,0.9843901665498289
2024,05,BEL.2.2.3.8_1,0.7373029772329247,0.987439112046915
2024,05,BEL.2.2.3.9_1,0.7320490367775833,0.98646033878712025
2024,05,BEL.2.3.1.10_1,0.6795096322241682,0.9745891442038537
2024,05,BEL.2.3.2.4_1,0.76707530647986,0.9922822179198819
2024,05,BEL.2.3.2.5_1,0.7250437828371279,0.9850969495435462
2024,05,BEL.2.3.2.7_1,0.7285464098073555,0.9857869952479592
2024,05,BEL.2.3.2.8_1,0.7828371278458844,0.9943661297530201
2024,05,BEL.2.3.3.1_1,0.7215411558669002,0.9843901665498289
2024,05,BEL.2.3.3.2_1,0.7040280210157619,0.9806038955664005
2024,05,BEL.2.3.3.3_1,0.7495621716287216,0.9895776877031939
2024,05,BEL.2.3.3.4_1,0.7705779334500876,0.9927738916792685
2024,05,BEL.2.3.3.5_1,0.7513134851138354,0.9898666576867816
2024,05,BEL.2.3.3.6_1,0.8056042031523644,0.996794863550169
2024,05,BEL.2.3.4.1_2,0.7092819614711035,0.9817840903172144
2024,05,BEL.2.3.4.11_1,0.6760070052539405,0.9736611320166786
2024,05,BEL.2.3.4.12_1,0.7232924693520141,0.9847456524402634
2024,05,BEL.2.3.4.13_1,0.7285464098073555,0.9857869952479592
2024,05,BEL.2.3.4.14_1,0.7232924693520141,0.9847456524402634
2024,05,BEL.2.3.4.16_1,0.712784588441331,0.9825497442877892
2024,05,BEL.2.3.4.17_1,0.6479859894921192,0.9656086163658648
2024,05,BEL.2.3.4.19_1,0.6900175131348513,0.9772696659571503
2024,05,BEL.2.3.4.2_1,0.6970227670753065,0.9789708882290628
2024,05,BEL.2.3.4.21_1,0.7460595446584939,0.9889873608899156
2024,05,BEL.2.3.4.22_1,0.76707530647986,0.9922822179198819
2024,05,BEL.2.3.4.3_2,0.6725043782837129,0.9727157858285225
2024,05,BEL.2.3.4.4_1,0.6742556917688267,0.9731906288081488
2024,05,BEL.2.3.4.5_1,0.7740805604203153,0.9932492134404135
2024,05,BEL.2.3.4.6_1,0.7057793345008757,0.9810015290507961
2024,05,BEL.2.3.4.7_1,0.7583187390542908,0.9909813318120578
2024,05,BEL.2.3.4.9_1,0.7302977232924693,0.9861257526299574
2024,05,BEL.2.3.5.12_1,0.712784588441331,0.9825497442877892
2024,05,BEL.2.3.6.1_1,0.6882661996497373,0.976833660353696
2024,05,BEL.2.3.6.2_1,0.7338003502626971,0.986790757962396
2024,05,BEL.2.3.6.3_1,0.7355516637478109,0.9871170143402452
2024,05,BEL.2.3.6.4_1,0.7618213660245184,0.9915139938498094
2024,05,BEL.2.3.6.5_1,0.6795096322241682,0.9745891442038537
2024,05,BEL.2.3.6.6_1,0.7145359019264449,0.9829262434180909
2024,05,BEL.2.3.6.7_1,0.7197898423817863,0.9840304873325826
2024,05,BEL.2.4.2.1_1,0.7145359019264449,0.9829262434180909
2024,05,BEL.2.4.2.2_1,0.7092819614711035,0.9817840903172144
2024,05,BEL.2.4.2.20_1,0.76707530647986,0.9922822179198819
2024,05,BEL.2.4.2.23_1,0.7460595446584939,0.9889873608899156
2024,05,BEL.2.4.2.25_1,0.7197898423817863,0.9840304873325826
2024,05,BEL.2.4.2.28_1,0.7583187390542908,0.9909813318120578
2024,05,BEL.2.5.1.1_1,0.7653239929947461,0.9920302414745228
2024,05,BEL.2.5.1.10_1,0.7302977232924693,0.9861257526299574
2024,05,BEL.2.5.1.2_1,0.76707530647986,0.9922822179198819
2024,05,BEL.2.5.1.3_1,0.7250437828371279,0.9850969495435462
2024,05,BEL.2.5.1.4_1,0.7390542907180385,0.9877570551507087
2024,05,BEL.2.5.1.5_1,0.788091068301226,0.99498743710662
2024,05,BEL.2.5.1.6_1,0.7513134851138354,0.9898666576867816
2024,05,BEL.2.5.1.7_1,0.712784588441331,0.9825497442877892
2024,05,BEL.2.5.1.8_1,0.7443082311733801,0.9886859966642594
2024,05,BEL.2.5.1.9_1,0.7373029772329247,0.987439112046915
2024,05,BEL.2.5.2.4_1,0.7302977232924693,0.9861257526299574
2024,05,BEL.2.5.3.1_1,0.6760070052539405,0.9736611320166786
2024,05,BEL.2.5.3.5_1,0.6725043782837129,0.9727157858285225
2024,05,BEL.2.5.3.7_1,0.7215411558669002,0.9843901665498289
2024,05,BEL.2.5.4.10_1,0.7408056042031524,0.9880708476622514
2024,05,BEL.2.5.4.8_1,0.7145359019264449,0.9829262434180909
2024,05,BEL.2.5.5.2_1,0.8056042031523644,0.996794863550169
2024,05,BEL.2.5.5.4_1,0.7758318739054292,0.9934807496876826
2024,05,BEL.2.5.6.5_1,0.7180385288966725,0.983666610188635
2024,05,BEL.2.5.7.2_1,0.6987740805604205,0.9793855216409929
2024,05,BEL.2.5.7.6_1,0.7548161120840631,0.9904322288778774
2024,05,BEL.2.5.7.7_1,0.7513134851138354,0.9898666576867816
2024,05,BEL.2.5.7.8_1,0.7110332749562173,0.9821690282227392
2024,05,BEL.2.5.7.9_1,0.7197898423817863,0.9840304873325826
2024,05,BEL.2.5.8.1_1,0.7285464098073555,0.9857869952479592
2024,05,BEL.3.1.1.17_1,0.7548161120840631,0.9904322288778774
2024,05,BEL.3.1.1.19_1,0.7548161120840631,0.9904322288778774
2024,05,BEL.3.1.1.20_1,0.7320490367775833,0.98646033878712025
2024,05,BEL.3.1.1.24_1,0.7810858143607706,0.9941508939793798
2024,05,BEL.3.1.1.4_1,0.6970227670753065,0.9789708882290628
2024,05,BEL.3.2.1.3_1,0.7057793345008757,0.9810015290507961
2024,05,BEL.3.2.2.1_1,0.7250437828371279,0.9850969495435462
2024,05,BEL.3.2.2.6_1,0.7565674255691769,0.9907088371464141
2024,05,BEL.3.2.2.7_1,0.7057793345008757,0.9810015290507961
2024,05,BEL.3.2.2.9_1,0.7390542907180385,0.9877570551507087
2024,05,BEL.3.2.3.1_1,0.6847635726795097,0.9759487691472335
2024,05,BEL.3.2.3.2_1,0.6742556917688267,0.9731906288081488
2024,05,BEL.3.2.4.11_1,0.7618213660245184,0.9915139938498094
2024,05,BEL.3.2.4.12_1,0.7267950963222417,0.9854440623394105
2024,05,BEL.3.2.4.4_1,0.7390542907180385,0.9877570551507087
2024,05,BEL.3.2.4.5_1,0.7390542907180385,0.9877570551507087
2024,05,BEL.3.2.4.6_1,0.7530647985989493,0.990151503558925
2024,05,BEL.3.2.6.11_1,0.7583187390542908,0.9909813318120578
2024,05,BEL.3.2.6.13_1,0.7092819614711035,0.9817840903172144
2024,05,BEL.3.2.6.2_1,0.7425569176882663,0.9883804935347521
2024,05,BEL.3.2.6.4_1,0.7460595446584939,0.9889873608899156
2024,05,BEL.3.2.6.5_1,0.7443082311733801,0.9886859966642594
2024,05,BEL.3.2.7.10_1,0.7302977232924693,0.9861257526299574
2024,05,BEL.3.2.7.2_1,0.6725043782837129,0.9727157858285225
2024,05,BEL.3.2.7.4_1,0.7495621716287216,0.9895776877031939
2024,05,BEL.3.2.7.8_1,0.7197898423817863,0.9840304873325826
2024,05,BEL.3.2.7.9_1,0.7338003502626971,0.986790757962396
2024,05,BEL.3.3.1.3_1,0.7688266199649738,0.9925301002992302
2024,05,BEL.3.3.1.4_1,0.7688266199649738,0.9925301002992302
2024,05,BEL.3.3.1.6_1,0.7285464098073555,0.9857869952479592
2024,05,BEL.3.3.1.8_1,0.7285464098073555,0.9857869952479592
2024,05,BEL.3.3.2.1_1,0.7162872154115587,0.9832985304575615
2024,05,BEL.3.3.2.10_1,0.7338003502626971,0.986790757962396
2024,05,BEL.3.3.2.11_1,0.6830122591943959,0.9754998718605759
2024,05,BEL.3.3.2.12_1,0.8073555166374782,0.9969533589892758
2024,05,BEL.3.3.2.13_1,0.7950963222416814,0.9957590069891409
2024,05,BEL.3.3.2.14_1,0.7583187390542908,0.9909813318120578
2024,05,BEL.3.3.2.15_1,0.7793345008756568,0.993931587182941
2024,05,BEL.3.3.2.16_1,0.7845884413309984,0.9945772971468834
2024,05,BEL.3.3.2.17_1,0.777583187390543,0.9937082066683358
2024,05,BEL.3.3.2.18_1,0.7338003502626971,0.986790757962396
2024,05,BEL.3.3.2.19_1,0.7425569176882663,0.9883804935347521
2024,05,BEL.3.3.2.2_1,0.7285464098073555,0.9857869952479592
2024,05,BEL.3.3.2.20_1,0.7267950963222417,0.9854440623394105
2024,05,BEL.3.3.2.21_1,0.7548161120840631,0.9904322288778774
2024,05,BEL.3.3.2.22_1,0.7390542907180385,0.9877570551507087
2024,05,BEL.3.3.2.23_1,0.7758318739054292,0.9934807496876826
2024,05,BEL.3.3.2.24_1,0.7635726795096323,0.9917741678426597
2024,05,BEL.3.3.2.3_1,0.7145359019264449,0.9829262434180909
2024,05,BEL.3.3.2.4_1,0.7618213660245184,0.9915139938498094
2024,05,BEL.3.3.2.5_1,0.7425569176882663,0.9883804935347521
2024,05,BEL.3.3.2.6_1,0.7600700525394046,0.9912497162672985
2024,05,BEL.3.3.2.7_1,0.7635726795096323,0.9917741678426597
2024,05,BEL.3.3.2.8_1,0.7495621716287216,0.9895776877031939
2024,05,BEL.3.3.2.9_1,0.7460595446584939,0.9889873608899156
2024,05,BEL.3.3.3.1_1,0.7828371278458844,0.9943661297530201
2024,05,BEL.3.3.3.10_1,0.8038528896672505,0.996632329397356
2024,05,BEL.3.3.3.11_1,0.8003502626970229,0.9962951369950573
2024,05,BEL.3.3.3.12_1,0.7653239929947461,0.9920302414745228
2024,05,BEL.3.3.3.13_1,0.7425569176882663,0.9883804935347521
2024,05,BEL.3.3.3.14_1,0.7285464098073555,0.9857869952479592
2024,05,BEL.3.3.3.15_1,0.7705779334500876,0.9927738916792685
2024,05,BEL.3.3.3.16_1,0.7250437828371279,0.9850969495435462
2024,05,BEL.3.3.3.17_1,0.8196147110332751,0.997949898542006
2024,05,BEL.3.3.3.18_1,0.7425569176882663,0.9883804935347521
2024,05,BEL.3.3.3.19_1,0.7355516637478109,0.9871170143402452
2024,05,BEL.3.3.3.2_1,0.7460595446584939,0.9889873608899156
2024,05,BEL.3.3.3.20_1,0.7408056042031524,0.9880708476622514
2024,05,BEL.3.3.3.21_1,0.7530647985989493,0.990151503558925
2024,05,BEL.3.3.3.22_1,0.6952714535901927,0.97855199146494
2024,05,BEL.3.3.3.23_1,0.7723292469352014,0.9930135950730987
2024,05,BEL.3.3.3.24_1,0.76707530647986,0.9922822179198819
2024,05,BEL.3.3.3.25_1,0.7653239929947461,0.9920302414745228
2024,05,BEL.3.3.3.26_1,0.7250437828371279,0.9850969495435462
2024,05,BEL.3.3.3.27_1,0.7513134851138354,0.9898666576867816
2024,05,BEL.3.3.3.28_1,0.7653239929947461,0.9920302414745228
2024,05,BEL.3.3.3.29_1,0.7373029772329247,0.987439112046915
2024,05,BEL.3.3.3.3_1,0.7057793345008757,0.9810015290507961
2024,05,BEL.3.3.3.4_1,0.7723292469352014,0.9930135950730987
2024,05,BEL.3.3.3.5_1,0.7040280210157619,0.9806038955664005
2024,05,BEL.3.3.3.6_1,0.7408056042031524,0.9880708476622514
2024,05,BEL.3.3.3.7_1,0.6882661996497373,0.976833660353696
2024,05,BEL.3.3.3.8_1,0.6970227670753065,0.9789708882290628
2024,05,BEL.3.3.3.9_1,0.6987740805604205,0.9793855216409929
2024,05,BEL.3.3.4.12_1,0.7478108581436077,0.9892845899942038
2024,05,BEL.3.3.4.14_1,0.7145359019264449,0.9829262434180909
2024,05,BEL.3.3.4.3_1,0.7390542907180385,0.9877570551507087
2024,05,BEL.3.3.4.6_1,0.7548161120840631,0.9904322288778774
2024,05,BEL.3.3.4.8_1,0.7267950963222417,0.9854440623394105
2024,05,BEL.3.4.1.1_1,0.7548161120840631,0.9904322288778774
2024,05,BEL.3.4.1.2_1,0.6935201401050789,0.9781288258711119
2024,05,BEL.3.4.1.3_1,0.6830122591943959,0.9754998718605759
2024,05,BEL.3.4.1.4_1,0.777583187390543,0.9937082066683358
2024,05,BEL.3.4.1.5_1,0.6970227670753065,0.9789708882290628
2024,05,BEL.3.4.2.1_1,0.7653239929947461,0.9920302414745228
2024,05,BEL.3.4.2.3_1,0.7583187390542908,0.9909813318120578
2024,05,BEL.3.4.2.4_1,0.7355516637478109,0.9871170143402452
2024,05,BEL.3.4.2.5_1,0.7250437828371279,0.9850969495435462
2024,05,BEL.3.4.2.6_1,0.712784588441331,0.9825497442877892
2024,05,BEL.3.4.2.7_1,0.7460595446584939,0.9889873608899156
2024,05,BEL.3.4.2.8_1,0.7635726795096323,0.9917741678426597
2024,05,BEL.3.4.3.1_1,0.7898423817863398,0.9951864146982715
2024,05,BEL.3.4.3.5_1,0.7232924693520141,0.9847456524402634
2024,05,BEL.3.4.3.6_1,0.76707530647986,0.9922822179198819
2024,05,BEL.3.4.3.7_1,0.7723292469352014,0.9930135950730987
2024,05,BEL.3.4.3.9_1,0.7355516637478109,0.9871170143402452
2024,05,BEL.3.4.4.1_1,0.7355516637478109,0.9871170143402452
2024,05,BEL.3.4.4.10_1,0.7723292469352014,0.9930135950730987
2024,05,BEL.3.4.4.11_1,0.7040280210157619,0.9806038955664005
2024,05,BEL.3.4.4.12_1,0.7495621716287216,0.9895776877031939
2024,05,BEL.3.4.4.2_1,0.7460595446584939,0.9889873608899156
2024,05,BEL.3.4.4.3_1,0.7758318739054292,0.9934807496876826
2024,05,BEL.3.4.4.4_1,0.7022767075306481,0.9802020199938377
2024,05,BEL.3.4.4.5_1,0.7408056042031524,0.9880708476622514
2024,05,BEL.3.4.4.6_1,0.712784588441331,0.9825497442877892
2024,05,BEL.3.4.4.7_1,0.7530647985989493,0.990151503558925
2024,05,BEL.3.4.4.8_1,0.7548161120840631,0.9904322288778774
2024,05,BEL.3.4.4.9_1,0.7338003502626971,0.986790757962396
2024,05,BEL.3.4.5.10_1,0.7355516637478109,0.9871170143402452
2024,05,BEL.3.4.5.3_1,0.7215411558669002,0.9843901665498289
2024,05,BEL.3.4.5.6_1,0.7548161120840631,0.9904322288778774
2024,05,BEL.3.4.5.7_1,0.7075306479859896,0.9813949256033475
2024,05,BEL.3.5.1.1_1,0.8073555166374782,0.9969533589892758
2024,05,BEL.3.5.1.10_1,0.7267950963222417,0.9854440623394105
2024,05,BEL.3.5.1.11_1,0.7285464098073555,0.9857869952479592
2024,05,BEL.3.5.1.12_1,0.7338003502626971,0.986790757962396
2024,05,BEL.3.5.1.13_1,0.7355516637478109,0.9871170143402452
2024,05,BEL.3.5.1.14_1,0.7355516637478109,0.9871170143402452
2024,05,BEL.3.5.1.15_1,0.7302977232924693,0.9861257526299574
2024,05,BEL.3.5.1.2_1,0.7653239929947461,0.9920302414745228
2024,05,BEL.3.5.1.3_1,0.7705779334500876,0.9927738916792685
2024,05,BEL.3.5.1.4_1,0.7635726795096323,0.9917741678426597
2024,05,BEL.3.5.1.5_1,0.7618213660245184,0.9915139938498094
2024,05,BEL.3.5.1.6_1,0.7705779334500876,0.9927738916792685
2024,05,BEL.3.5.1.7_1,0.7828371278458844,0.9943661297530201
2024,05,BEL.3.5.1.8_1,0.7162872154115587,0.9832985304575615
2024,05,BEL.3.5.1.9_1,0.7355516637478109,0.9871170143402452
2024,05,BEL.3.5.2.1_1,0.712784588441331,0.9825497442877892
2024,05,BEL.3.5.2.10_1,0.7705779334500876,0.9927738916792685
2024,05,BEL.3.5.2.11_1,0.7565674255691769,0.9907088371464141
2024,05,BEL.3.5.2.12_1,0.7635726795096323,0.9917741678426597
2024,05,BEL.3.5.2.13_1,0.7653239929947461,0.9920302414745228
2024,05,BEL.3.5.2.14_1,0.8178633975481613,0.997819622978021
2024,05,BEL.3.5.2.15_1,0.7215411558669002,0.9843901665498289
2024,05,BEL.3.5.2.16_1,0.7600700525394046,0.9912497162672985
2024,05,BEL.3.5.2.2_1,0.7530647985989493,0.990151503558925
2024,05,BEL.3.5.2.3_1,0.7390542907180385,0.9877570551507087
2024,05,BEL.3.5.2.4_1,0.7425569176882663,0.9883804935347521
2024,05,BEL.3.5.2.5_1,0.7495621716287216,0.9895776877031939
2024,05,BEL.3.5.2.6_1,0.7828371278458844,0.9943661297530201
2024,05,BEL.3.5.2.7_1,0.7723292469352014,0.9930135950730987
2024,05,BEL.3.5.2.8_1,0.7583187390542908,0.9909813318120578
2024,05,BEL.3.5.2.9_1,0.7092819614711035,0.9817840903172144
2024,05,BEL.3.5.3.2_1,0.7530647985989493,0.990151503558925
2024,05,BEL.3.5.3.3_1,0.7740805604203153,0.9932492134404135
2024,05,BEL.3.5.3.4_1,0.7373029772329247,0.987439112046915
2024,05,BEL.3.5.3.6_1,0.7460595446584939,0.9889873608899156
2024,05,BGR.1.1_1,0.586690017513135,0.9439809320108113
2024,05,BGR.1.10_1,0.5884413309982488,0.9446777228240327
2024,05,BGR.1.11_1,0.62697022767075306,0.9588242800430119
2024,05,BGR.1.12_1,0.5849387040280211,0.9432793859721519
2024,05,BGR.1.13_1,0.6129597197898424,0.9539392014169457
2024,05,BGR.1.14_1,0.6234676007005254,0.9576304088739037
2024,05,BGR.1.2_1,0.5814360770577934,0.9418619856433319
2024,05,BGR.1.3_1,0.5534150612959721,0.9298257901349047
2024,05,BGR.1.4_1,0.6777583187390543,0.9741273017424364
2024,05,BGR.1.5_1,0.5814360770577934,0.9418619856433319
2024,05,BGR.1.6_1,0.6059544658493871,0.9513863568498342
2024,05,BGR.1.7_1,0.63922942206655,0.9628603221651623
2024,05,BGR.1.8_1,0.5446584938704029,0.9258055951440345
2024,05,BGR.1.9_1,0.6567425569176883,0.9682458365518543
2024,05,BGR.11.1_1,0.6549912434325745,0.9677272342969376
2024,05,BGR.11.10_1,0.6462346760070053,0.965067873260736
2024,05,BGR.11.11_1,0.6584938704028022,0.9687600322061186
2024,05,BGR.11.2_1,0.6409807355516638,0.9634189120003821
2024,05,BGR.11.3_1,0.6147110332749562,0.954565869911553
2024,05,BGR.11.4_1,0.6234676007005254,0.9576304088739037
2024,05,BGR.11.5_1,0.6462346760070053,0.965067873260736
2024,05,BGR.11.6_1,0.6444833625218914,0.9645226798784983
2024,05,BGR.11.7_1,0.6059544658493871,0.9513863568498342
2024,05,BGR.11.8_1,0.6619964973730298,0.9697752316903129
2024,05,BGR.11.9_1,0.6532399299474606,0.9672042183530839
2024,05,BGR.12.3_1,0.62697022767075306,0.9588242800430119
2024,05,BGR.12.5_1,0.7005253940455343,0.9797958971132712
2024,05,BGR.13.1_1,0.5954465849387042,0.9474175425861608
2024,05,BGR.13.5_1,0.6129597197898424,0.9539392014169457
2024,05,BGR.13.9_1,0.6322241681260946,0.9605810741421048
2024,05,BGR.14.1_1,0.5849387040280211,0.9432793859721519
2024,05,BGR.14.10_1,0.63922942206655,0.9628603221651623
2024,05,BGR.14.11_1,0.6059544658493871,0.9513863568498342
2024,05,BGR.14.12_1,0.5831873905429072,0.9425730740902798
2024,05,BGR.14.13_1,0.62697022767075306,0.9588242800430119
2024,05,BGR.14.14_1,0.5989492119089318,0.9487591896788141
2024,05,BGR.14.15_1,0.56217162872154125,0.9337215859130601
2024,05,BGR.14.16_1,0.6094570928196147,0.9526720317087093
2024,05,BGR.14.2_1,0.5919439579684764,0.946057080730333
2024,05,BGR.14.3_1,0.6322241681260946,0.9605810741421048
2024,05,BGR.14.4_1,0.6742556917688267,0.9731906288081488
2024,05,BGR.14.5_1,0.6619964973730298,0.9697752316903129
2024,05,BGR.14.6_1,0.6217162872154116,0.9570266453970862
2024,05,BGR.14.7_1,0.6234676007005254,0.9576304088739037
2024,05,BGR.14.8_1,0.5936952714535902,0.9467396685467447
2024,05,BGR.14.9_1,0.6462346760070053,0.965067873260736
2024,05,BGR.16.1_1,0.5779334500875658,0.9404254356406998
2024,05,BGR.16.5_1,0.5849387040280211,0.9432793859721519
2024,05,BGR.16.6_1,0.5726795096322242,0.9382345122622595
2024,05,BGR.16.7_1,0.6007005253940456,0.9494229826584145
2024,05,BGR.17.2_1,0.5954465849387042,0.9474175425861608
2024,05,BGR.17.3_1,0.6164623467600701,0.955187939622355
2024,05,BGR.17.4_1,0.628721541155867,0.9594144047282176
2024,05,BGR.17.5_1,0.6164623467600701,0.955187939622355
2024,05,BGR.17.7_1,0.6690017513134852,0.9717530550505102
2024,05,BGR.17.8_1,0.5954465849387042,0.9474175425861608
2024,05,BGR.17.9_1,0.6322241681260946,0.9605810741421048
2024,05,BGR.18.1_1,0.48686514886164634,0.8960267853139213
2024,05,BGR.18.2_1,0.5236427320490368,0.9156396671180208
2024,05,BGR.18.4_1,0.5253940455341506,0.916515138991168
2024,05,BGR.18.5_1,0.4973730297723292,0.9018736053350269
2024,05,BGR.18.7_1,0.5043782837127846,0.905662188677434
2024,05,BGR.19.1_1,0.6304728546409808,0.96
2024,05,BGR.2.1_1,0.6514886164623468,0.9666767815562759
2024,05,BGR.2.10_1,0.6462346760070053,0.965067873260736
2024,05,BGR.2.11_1,0.6199649737302978,0.9564183185196736
2024,05,BGR.2.12_1,0.6514886164623468,0.9666767815562759
2024,05,BGR.2.13_1,0.6900175131348513,0.9772696659571503
2024,05,BGR.2.2_1,0.7180385288966725,0.983666610188635
2024,05,BGR.2.3_1,0.6830122591943959,0.9754998718605759
2024,05,BGR.2.4_1,0.5656742556917689,0.9352454223357631
2024,05,BGR.2.5_1,0.6830122591943959,0.9754998718605759
2024,05,BGR.2.6_1,0.6567425569176883,0.9682458365518543
2024,05,BGR.2.7_1,0.6742556917688267,0.9731906288081488
2024,05,BGR.2.8_1,0.6847635726795097,0.9759487691472335
2024,05,BGR.2.9_1,0.6619964973730298,0.9697752316903129
2024,05,BGR.20.1_1,0.6339754816112084,0.9611576353543679
2024,05,BGR.20.2_1,0.6199649737302978,0.9564183185196736
2024,05,BGR.20.3_1,0.6112084063047285,0.9533079250693346
2024,05,BGR.20.4_1,0.6252189141856392,0.9582296175760798
2024,05,BGR.20.5_1,0.5744308231173381,0.9389696480717574
2024,05,BGR.21.12_1,0.6024518388791593,0.9500821017154254
2024,05,BGR.21.13_1,0.6234676007005254,0.9576304088739037
2024,05,BGR.21.14_1,0.5919439579684764,0.946057080730333
2024,05,BGR.21.15_1,0.6462346760070053,0.965067873260736
2024,05,BGR.21.17_1,0.6970227670753065,0.9789708882290628
2024,05,BGR.21.19_1,0.5954465849387042,0.9474175425861608
2024,05,BGR.21.21_1,0.6690017513134852,0.9717530550505102
2024,05,BGR.21.22_1,0.6409807355516638,0.9634189120003821
2024,05,BGR.21.3_1,0.6182136602451839,0.9558054195284729
2024,05,BGR.21.4_1,0.6532399299474606,0.9672042183530839
2024,05,BGR.21.8_1,0.6549912434325745,0.9677272342969376
2024,05,BGR.22.1_1,0.5691768826619966,0.9367496997597597
2024,05,BGR.22.2_1,0.5604203152364273,0.9329523031752481
2024,05,BGR.22.3_1,0.5394045534150613,0.923333092659415
2024,05,BGR.22.8_1,0.49211908931698783,0.8989749718429317
2024,05,BGR.22.9_1,0.5989492119089318,0.9487591896788141
2024,05,BGR.24.1_1,0.670753064798599,0.9722365967191319
2024,05,BGR.24.10_1,0.5306479859894921,0.9191104395011516
2024,05,BGR.24.11_1,0.6619964973730298,0.9697752316903129
2024,05,BGR.24.12_1,0.56217162872154125,0.9337215859130601
2024,05,BGR.24.2_1,0.6007005253940456,0.9494229826584145
2024,05,BGR.24.3_1,0.6795096322241682,0.9745891442038537
2024,05,BGR.24.4_1,0.628721541155867,0.9594144047282176
2024,05,BGR.24.5_1,0.6619964973730298,0.9697752316903129
2024,05,BGR.24.6_1,0.649737302977233,0.9661449166662318
2024,05,BGR.24.7_1,0.6549912434325745,0.9677272342969376
2024,05,BGR.24.8_1,0.5796847635726796,0.9411461098044235
2024,05,BGR.24.9_1,0.6234676007005254,0.9576304088739037
2024,05,BGR.25.8_1,0.6059544658493871,0.9513863568498342
2024,05,BGR.28.1_1,0.6164623467600701,0.955187939622355
2024,05,BGR.28.2_1,0.6357267950963222,0.9617296917533533
2024,05,BGR.28.3_1,0.649737302977233,0.9661449166662318
2024,05,BGR.3.1_1,0.6690017513134852,0.9717530550505102
2024,05,BGR.3.2_1,0.5954465849387042,0.9474175425861608
2024,05,BGR.3.3_1,0.6077057793345009,0.9520315120835025
2024,05,BGR.3.4_1,0.5849387040280211,0.9432793859721519
2024,05,BGR.3.5_1,0.6952714535901927,0.97855199146494
2024,05,BGR.3.6_1,0.5236427320490368,0.9156396671180208
2024,05,BGR.3.7_1,0.7373029772329247,0.987439112046915
2024,05,BGR.3.8_1,0.56217162872154125,0.9337215859130601
2024,05,BGR.5.1_1,0.6234676007005254,0.9576304088739037
2024,05,BGR.6.1_1,0.5516637478108581,0.9290317540321213
2024,05,BGR.6.10_1,0.5586690017513135,0.9321780945720619
2024,05,BGR.6.11_1,0.6024518388791593,0.9500821017154254
2024,05,BGR.6.2_1,0.586690017513135,0.9439809320108113
2024,05,BGR.6.3_1,0.5674255691768827,0.936
2024,05,BGR.6.4_1,0.5446584938704029,0.9258055951440345
2024,05,BGR.6.5_1,0.586690017513135,0.9439809320108113
2024,05,BGR.6.6_1,0.5656742556917689,0.9352454223357631
2024,05,BGR.6.7_1,0.5499124343257443,0.9282327294380435
2024,05,BGR.6.8_1,0.5586690017513135,0.9321780945720619
2024,05,BGR.6.9_1,0.6234676007005254,0.9576304088739037
2024,05,BGR.7.2_1,0.5936952714535902,0.9467396685467447
2024,05,BGR.7.4_1,0.6129597197898424,0.9539392014169457
2024,05,BGR.7.6_1,0.6094570928196147,0.9526720317087093
2024,05,BGR.8.4_1,0.5831873905429072,0.9425730740902798
2024,05,BGR.8.6_1,0.5271453590192645,0.9173854151881858
2024,05,BGR.8.7_1,0.5359019264448337,0.9216593730874764
2024,05,BGR.9.1_1,0.6619964973730298,0.9697752316903129
2024,05,BGR.9.5_1,0.7005253940455343,0.9797958971132712
2024,05,BGR.9.6_1,0.6865148861646235,0.9763933633531108
2024,05,BIH.1.1.1_1,0.6409807355516638,0.9634189120003821
2024,05,BIH.2.1.1_1,0.6129597197898424,0.9539392014169457
2024,05,BIH.2.1.2_1,0.5901926444833626,0.9453697689264238
2024,05,BIH.2.1.3_1,0.5761821366024519,0.939699952112375
2024,05,BIH.2.10.1_1,0.6077057793345009,0.9520315120835025
2024,05,BIH.2.10.10_1,0.7005253940455343,0.9797958971132712
2024,05,BIH.2.10.11_1,0.6760070052539405,0.9736611320166786
2024,05,BIH.2.10.2_1,0.7302977232924693,0.9861257526299574
2024,05,BIH.2.10.3_1,0.6690017513134852,0.9717530550505102
2024,05,BIH.2.10.4_1,0.6970227670753065,0.9789708882290628
2024,05,BIH.2.10.5_1,0.6182136602451839,0.9558054195284729
2024,05,BIH.2.10.6_1,0.6322241681260946,0.9605810741421048
2024,05,BIH.2.10.7_1,0.628721541155867,0.9594144047282176
2024,05,BIH.2.10.8_1,0.6882661996497373,0.976833660353696
2024,05,BIH.2.10.9_1,0.6304728546409808,0.96
2024,05,BIH.2.2.1_1,0.62697022767075306,0.9588242800430119
2024,05,BIH.2.2.2_1,0.660245183887916,0.9692698282728087
2024,05,BIH.2.2.3_1,0.670753064798599,0.9722365967191319
2024,05,BIH.2.2.4_1,0.6917688266199651,0.9777013859047148
2024,05,BIH.2.2.5_1,0.6672504378283713,0.9712651543219287
2024,05,BIH.2.2.6_1,0.649737302977233,0.9661449166662318
2024,05,BIH.2.3.1_1,0.7145359019264449,0.9829262434180909
2024,05,BIH.2.3.10_1,0.6217162872154116,0.9570266453970862
2024,05,BIH.2.3.11_1,0.6217162872154116,0.9570266453970862
2024,05,BIH.2.3.12_1,0.6462346760070053,0.965067873260736
2024,05,BIH.2.3.2_1,0.6199649737302978,0.9564183185196736
2024,05,BIH.2.3.3_1,0.6444833625218914,0.9645226798784983
2024,05,BIH.2.3.4_1,0.6462346760070053,0.965067873260736
2024,05,BIH.2.3.5_1,0.660245183887916,0.9692698282728087
2024,05,BIH.2.3.6_1,0.6672504378283713,0.9712651543219287
2024,05,BIH.2.3.7_1,0.6952714535901927,0.97855199146494
2024,05,BIH.2.3.8_1,0.6690017513134852,0.9717530550505102
2024,05,BIH.2.3.9_1,0.6304728546409808,0.96
2024,05,BIH.2.4.1_1,0.7145359019264449,0.9829262434180909
2024,05,BIH.2.4.2_1,0.670753064798599,0.9722365967191319
2024,05,BIH.2.4.3_1,0.6952714535901927,0.97855199146494
2024,05,BIH.2.4.4_1,0.6427320490367776,0.9639730286683336
2024,05,BIH.2.4.5_1,0.7267950963222417,0.9854440623394105
2024,05,BIH.2.4.6_1,0.6760070052539405,0.9736611320166786
2024,05,BIH.2.4.7_1,0.6812609457092821,0.975046665549911
2024,05,BIH.2.4.8_1,0.7180385288966725,0.983666610188635
2024,05,BIH.2.4.9_1,0.6567425569176883,0.9682458365518543
2024,05,BIH.2.5.1_1,0.6567425569176883,0.9682458365518543
2024,05,BIH.2.5.2_1,0.6374781085814362,0.962297251372984
2024,05,BIH.2.5.3_1,0.6304728546409808,0.96
2024,05,BIH.2.6.1_1,0.6882661996497373,0.976833660353696
2024,05,BIH.2.6.2_1,0.6357267950963222,0.9617296917533533
2024,05,BIH.2.6.3_1,0.6024518388791593,0.9500821017154254
2024,05,BIH.2.6.4_1,0.63922942206655,0.9628603221651623
2024,05,BIH.2.6.5_1,0.6252189141856392,0.9582296175760798
2024,05,BIH.2.6.6_1,0.6304728546409808,0.96
2024,05,BIH.2.6.7_1,0.6234676007005254,0.9576304088739037
2024,05,BIH.2.6.8_1,0.649737302977233,0.9661449166662318
2024,05,BIH.2.6.9_1,0.5831873905429072,0.9425730740902798
2024,05,BIH.2.7.1_1,0.670753064798599,0.9722365967191319
2024,05,BIH.2.7.10_1,0.5919439579684764,0.946057080730333
2024,05,BIH.2.7.11_1,0.6374781085814362,0.962297251372984
2024,05,BIH.2.7.12_1,0.6584938704028022,0.9687600322061186
2024,05,BIH.2.7.13_1,0.6479859894921192,0.9656086163658648
2024,05,BIH.2.7.2_1,0.6339754816112084,0.9611576353543679
2024,05,BIH.2.7.3_1,0.6532399299474606,0.9672042183530839
2024,05,BIH.2.7.4_1,0.6479859894921192,0.9656086163658648
2024,05,BIH.2.7.5_1,0.6462346760070053,0.965067873260736
2024,05,BIH.2.7.6_1,0.6725043782837129,0.9727157858285225
2024,05,BIH.2.7.7_1,0.6567425569176883,0.9682458365518543
2024,05,BIH.2.7.8_1,0.7057793345008757,0.9810015290507961
2024,05,BIH.2.7.9_1,0.63922942206655,0.9628603221651623
2024,05,BIH.2.8.1_1,0.6917688266199651,0.9777013859047148
2024,05,BIH.2.8.2_1,0.7162872154115587,0.9832985304575615
2024,05,BIH.2.8.3_1,0.7005253940455343,0.9797958971132712
2024,05,BIH.2.8.4_1,0.7005253940455343,0.9797958971132712
2024,05,BIH.2.8.5_1,0.6987740805604205,0.9793855216409929
2024,05,BIH.2.8.6_1,0.6567425569176883,0.9682458365518543
2024,05,BIH.2.8.7_1,0.7197898423817863,0.9840304873325826
2024,05,BIH.2.8.8_1,0.7180385288966725,0.983666610188635
2024,05,BIH.2.9.1_1,0.6112084063047285,0.9533079250693346
2024,05,BIH.2.9.2_1,0.5901926444833626,0.9453697689264238
2024,05,BIH.2.9.3_1,0.5744308231173381,0.9389696480717574
2024,05,BIH.2.9.4_1,0.6479859894921192,0.9656086163658648
2024,05,BIH.3.1.1_1,0.7040280210157619,0.9806038955664005
2024,05,BIH.3.1.10_1,0.6304728546409808,0.96
2024,05,BIH.3.1.11_1,0.6760070052539405,0.9736611320166786
2024,05,BIH.3.1.12_1,0.5849387040280211,0.9432793859721519
2024,05,BIH.3.1.13_1,0.7478108581436077,0.9892845899942038
2024,05,BIH.3.1.14_1,0.6795096322241682,0.9745891442038537
2024,05,BIH.3.1.15_1,0.6742556917688267,0.9731906288081488
2024,05,BIH.3.1.16_1,0.6795096322241682,0.9745891442038537
2024,05,BIH.3.1.17_1,0.63922942206655,0.9628603221651623
2024,05,BIH.3.1.18_1,0.628721541155867,0.9594144047282176
2024,05,BIH.3.1.19_1,0.6129597197898424,0.9539392014169457
2024,05,BIH.3.1.2_1,0.6357267950963222,0.9617296917533533
2024,05,BIH.3.1.20_1,0.63922942206655,0.9628603221651623
2024,05,BIH.3.1.21_1,0.670753064798599,0.9722365967191319
2024,05,BIH.3.1.22_1,0.6812609457092821,0.975046665549911
2024,05,BIH.3.1.3_1,0.6760070052539405,0.9736611320166786
2024,05,BIH.3.1.4_1,0.7425569176882663,0.9883804935347521
2024,05,BIH.3.1.5_1,0.649737302977233,0.9661449166662318
2024,05,BIH.3.1.6_1,0.6024518388791593,0.9500821017154254
2024,05,BIH.3.1.7_1,0.6322241681260946,0.9605810741421048
2024,05,BIH.3.1.8_1,0.6777583187390543,0.9741273017424364
2024,05,BIH.3.1.9_1,0.7162872154115587,0.9832985304575615
2024,05,BIH.3.2.1_1,0.6042031523642732,0.9507365565707464
2024,05,BIH.3.2.2_1,0.5919439579684764,0.946057080730333
2024,05,BIH.3.2.3_1,0.6234676007005254,0.9576304088739037
2024,05,BIH.3.3.1_1,0.5989492119089318,0.9487591896788141
2024,05,BIH.3.3.2_1,0.6532399299474606,0.9672042183530839
2024,05,BIH.3.3.3_1,0.6619964973730298,0.9697752316903129
2024,05,BIH.3.3.4_1,0.6217162872154116,0.9570266453970862
2024,05,BIH.3.3.5_1,0.6514886164623468,0.9666767815562759
2024,05,BIH.3.3.6_1,0.6532399299474606,0.9672042183530839
2024,05,BIH.3.3.7_1,0.6532399299474606,0.9672042183530839
2024,05,BIH.3.3.8_1,0.6094570928196147,0.9526720317087093
2024,05,BIH.3.3.9_1,0.6409807355516638,0.9634189120003821
2024,05,BIH.3.4.1_1,0.5814360770577934,0.9418619856433319
2024,05,BIH.3.4.2_1,0.6567425569176883,0.9682458365518543
2024,05,BIH.3.4.3_1,0.5901926444833626,0.9453697689264238
2024,05,BIH.3.4.4_1,0.5499124343257443,0.9282327294380435
2024,05,BIH.3.4.5_1,0.6077057793345009,0.9520315120835025
2024,05,BIH.3.4.6_1,0.6007005253940456,0.9494229826584145
2024,05,BIH.3.5.1_1,0.6357267950963222,0.9617296917533533
2024,05,BIH.3.5.2_1,0.6409807355516638,0.9634189120003821
2024,05,BIH.3.5.3_1,0.6409807355516638,0.9634189120003821
2024,05,BIH.3.5.4_1,0.6217162872154116,0.9570266453970862
2024,05,BIH.3.5.5_1,0.6619964973730298,0.9697752316903129
2024,05,BIH.3.5.6_1,0.5954465849387042,0.9474175425861608
2024,05,BIH.3.5.7_1,0.6584938704028022,0.9687600322061186
2024,05,BIH.3.5.8_1,0.6059544658493871,0.9513863568498342
2024,05,BIH.3.6.1_1,0.6690017513134852,0.9717530550505102
2024,05,BIH.3.6.2_1,0.5831873905429072,0.9425730740902798
2024,05,BIH.3.6.3_1,0.5884413309982488,0.9446777228240327
2024,05,BIH.3.6.4_1,0.6182136602451839,0.9558054195284729
2024,05,BIH.3.6.5_1,0.628721541155867,0.9594144047282176
2024,05,BIH.3.6.6_1,0.6900175131348513,0.9772696659571503
2024,05,BIH.3.6.7_1,0.6725043782837129,0.9727157858285225
2024,05,BIH.3.7.1_1,0.6234676007005254,0.9576304088739037
2024,05,BIH.3.7.2_1,0.6094570928196147,0.9526720317087093
2024,05,BIH.3.7.3_1,0.6444833625218914,0.9645226798784983
2024,05,BIH.3.7.4_1,0.63922942206655,0.9628603221651623
2024,05,BIH.3.7.5_1,0.6094570928196147,0.9526720317087093
2024,05,BIH.3.7.6_1,0.6479859894921192,0.9656086163658648
2024,05,BIH.3.7.7_1,0.63922942206655,0.9628603221651623
2024,05,BLR.1.1_1,0.4238178633975482,0.8565885826929985
2024,05,BLR.1.10_1,0.4973730297723292,0.9018736053350269
2024,05,BLR.1.11_1,0.4080560420315237,0.8454844764985339
2024,05,BLR.1.12_1,0.38353765323993,0.8271372316611071
2024,05,BLR.1.13_1,0.42556917688266205,0.8577901841359576
2024,05,BLR.1.14_1,0.43607705779334505,0.8648676199280442
2024,05,BLR.1.15_1,0.42206654991243436,0.8553806170354809
2024,05,BLR.1.16_1,0.37653239929947463,0.8216446920658589
2024,05,BLR.1.2_1,0.47460595446584947,0.8889521921903337
2024,05,BLR.1.3_1,0.3922942206654992,0.8338441101309045
2024,05,BLR.1.4_1,0.4676007005253941,0.8847847195787232
2024,05,BLR.1.5_1,0.48336252189141865,0.8940335564172074
2024,05,BLR.1.6_1,0.4605954465849388,0.8805248434882459
2024,05,BLR.1.7_1,0.4133099824868652,0.84924437001372
2024,05,BLR.1.8_1,0.3747810858143608,0.820253619315392
2024,05,BLR.1.9_1,0.4518388791593696,0.8750679973579196
2024,05,BLR.2.11_1,0.394045534150613,0.8351646544245033
2024,05,BLR.2.13_1,0.4518388791593696,0.8750679973579196
2024,05,BLR.2.2_1,0.4938704028021016,0.8999466650863261
2024,05,BLR.2.21_1,0.44133099824868655,0.8683225207260261
2024,05,BLR.2.9_1,0.5078809106830122,0.9075241043630743
2024,05,BLR.3.10_1,0.4623467600700526,0.8815985480931783
2024,05,BLR.3.11_1,0.43432574430823123,0.8637036528810099
2024,05,BLR.3.13_1,0.43607705779334505,0.8648676199280442
2024,05,BLR.3.4_1,0.42732049036777586,0.8589854480723175
2024,05,BLR.3.7_1,0.4483362521891419,0.8728436286070947
2024,05,BLR.5.13_1,0.5201401050788091,0.9138730765264944
2024,05,BLR.5.15_1,0.4623467600700526,0.8815985480931783
2024,05,BLR.5.6_1,0.4518388791593696,0.8750679973579196
2024,05,BLR.6.13_1,0.4570928196147111,0.8783598351473045
2024,05,BLR.6.14_1,0.521891418563923,0.9147589846511485
2024,05,BLR.6.20_1,0.48511383537653247,0.8950329602869382
2024,05,BLR.6.21_1,0.5078809106830122,0.9075241043630743
2024,05,BLR.6.7_1,0.42732049036777586,0.8589854480723175
2024,05,CHE.1.1.1_1,0.6917688266199651,0.9777013859047148
2024,05,CHE.1.1.10_1,0.6532399299474606,0.9672042183530839
2024,05,CHE.1.1.11_1,0.6917688266199651,0.9777013859047148
2024,05,CHE.1.1.12_1,0.6409807355516638,0.9634189120003821
2024,05,CHE.1.1.13_1,0.6812609457092821,0.975046665549911
2024,05,CHE.1.1.2_1,0.6479859894921192,0.9656086163658648
2024,05,CHE.1.1.3_1,0.6777583187390543,0.9741273017424364
2024,05,CHE.1.1.4_1,0.6760070052539405,0.9736611320166786
2024,05,CHE.1.1.5_1,0.6830122591943959,0.9754998718605759
2024,05,CHE.1.1.6_1,0.7057793345008757,0.9810015290507961
2024,05,CHE.1.1.7_1,0.6672504378283713,0.9712651543219287
2024,05,CHE.1.1.8_1,0.6882661996497373,0.976833660353696
2024,05,CHE.1.1.9_1,0.6409807355516638,0.9634189120003821
2024,05,CHE.1.10.1_1,0.7145359019264449,0.9829262434180909
2024,05,CHE.1.10.10_1,0.6637478108581437,0.970276249322841
2024,05,CHE.1.10.11_1,0.7075306479859896,0.9813949256033475
2024,05,CHE.1.10.12_1,0.6847635726795097,0.9759487691472335
2024,05,CHE.1.10.13_1,0.7022767075306481,0.9802020199938377
2024,05,CHE.1.10.14_1,0.7092819614711035,0.9817840903172144
2024,05,CHE.1.10.15_1,0.6462346760070053,0.965067873260736
2024,05,CHE.1.10.16_1,0.7180385288966725,0.983666610188635
2024,05,CHE.1.10.17_1,0.7267950963222417,0.9854440623394105
2024,05,CHE.1.10.18_1,0.6427320490367776,0.9639730286683336
2024,05,CHE.1.10.2_1,0.7180385288966725,0.983666610188635
2024,05,CHE.1.10.3_1,0.7005253940455343,0.9797958971132712
2024,05,CHE.1.10.4_1,0.6637478108581437,0.970276249322841
2024,05,CHE.1.10.5_1,0.7022767075306481,0.9802020199938377
2024,05,CHE.1.10.6_1,0.7005253940455343,0.9797958971132712
2024,05,CHE.1.10.7_1,0.6549912434325745,0.9677272342969376
2024,05,CHE.1.10.8_1,0.6830122591943959,0.9754998718605759
2024,05,CHE.1.10.9_1,0.6795096322241682,0.9745891442038537
2024,05,CHE.1.11.1_1,0.7075306479859896,0.9813949256033475
2024,05,CHE.1.11.10_1,0.7180385288966725,0.983666610188635
2024,05,CHE.1.11.11_1,0.6795096322241682,0.9745891442038537
2024,05,CHE.1.11.12_1,0.6812609457092821,0.975046665549911
2024,05,CHE.1.11.13_1,0.6987740805604205,0.9793855216409929
2024,05,CHE.1.11.14_1,0.670753064798599,0.9722365967191319
2024,05,CHE.1.11.15_1,0.6725043782837129,0.9727157858285225
2024,05,CHE.1.11.16_1,0.6812609457092821,0.975046665549911
2024,05,CHE.1.11.17_1,0.7040280210157619,0.9806038955664005
2024,05,CHE.1.11.18_1,0.6444833625218914,0.9645226798784983
2024,05,CHE.1.11.19_1,0.660245183887916,0.9692698282728087
2024,05,CHE.1.11.2_1,0.6987740805604205,0.9793855216409929
2024,05,CHE.1.11.20_1,0.6217162872154116,0.9570266453970862
2024,05,CHE.1.11.21_1,0.6567425569176883,0.9682458365518543
2024,05,CHE.1.11.22_1,0.6514886164623468,0.9666767815562759
2024,05,CHE.1.11.23_1,0.7005253940455343,0.9797958971132712
2024,05,CHE.1.11.3_1,0.7040280210157619,0.9806038955664005
2024,05,CHE.1.11.4_1,0.6847635726795097,0.9759487691472335
2024,05,CHE.1.11.5_1,0.6725043782837129,0.9727157858285225
2024,05,CHE.1.11.6_1,0.6672504378283713,0.9712651543219287
2024,05,CHE.1.11.7_1,0.660245183887916,0.9692698282728087
2024,05,CHE.1.11.8_1,0.6252189141856392,0.9582296175760798
2024,05,CHE.1.11.9_1,0.6847635726795097,0.9759487691472335
2024,05,CHE.1.2.1_1,0.6357267950963222,0.9617296917533533
2024,05,CHE.1.2.10_1,0.670753064798599,0.9722365967191319
2024,05,CHE.1.2.11_1,0.6514886164623468,0.9666767815562759
2024,05,CHE.1.2.12_1,0.6479859894921192,0.9656086163658648
2024,05,CHE.1.2.13_1,0.6532399299474606,0.9672042183530839
2024,05,CHE.1.2.14_1,0.6567425569176883,0.9682458365518543
2024,05,CHE.1.2.15_1,0.6409807355516638,0.9634189120003821
2024,05,CHE.1.2.16_1,0.6865148861646235,0.9763933633531108
2024,05,CHE.1.2.17_1,0.7005253940455343,0.9797958971132712
2024,05,CHE.1.2.18_1,0.6760070052539405,0.9736611320166786
2024,05,CHE.1.2.19_1,0.6007005253940456,0.9494229826584145
2024,05,CHE.1.2.2_1,0.6777583187390543,0.9741273017424364
2024,05,CHE.1.2.20_1,0.6725043782837129,0.9727157858285225
2024,05,CHE.1.2.21_1,0.6777583187390543,0.9741273017424364
2024,05,CHE.1.2.22_1,0.6462346760070053,0.965067873260736
2024,05,CHE.1.2.23_1,0.6339754816112084,0.9611576353543679
2024,05,CHE.1.2.24_1,0.6374781085814362,0.962297251372984
2024,05,CHE.1.2.25_1,0.6812609457092821,0.975046665549911
2024,05,CHE.1.2.26_1,0.670753064798599,0.9722365967191319
2024,05,CHE.1.2.3_1,0.6357267950963222,0.9617296917533533
2024,05,CHE.1.2.4_1,0.6777583187390543,0.9741273017424364
2024,05,CHE.1.2.5_1,0.63922942206655,0.9628603221651623
2024,05,CHE.1.2.6_1,0.6882661996497373,0.976833660353696
2024,05,CHE.1.2.7_1,0.6760070052539405,0.9736611320166786
2024,05,CHE.1.2.8_1,0.6654991243432575,0.9707728879609279
2024,05,CHE.1.2.9_1,0.6865148861646235,0.9763933633531108
2024,05,CHE.1.3.1_1,0.5884413309982488,0.9446777228240327
2024,05,CHE.1.3.10_1,0.6322241681260946,0.9605810741421048
2024,05,CHE.1.3.11_1,0.63922942206655,0.9628603221651623
2024,05,CHE.1.3.12_1,0.6147110332749562,0.954565869911553
2024,05,CHE.1.3.13_1,0.6339754816112084,0.9611576353543679
2024,05,CHE.1.3.14_1,0.5726795096322242,0.9382345122622595
2024,05,CHE.1.3.15_1,0.6059544658493871,0.9513863568498342
2024,05,CHE.1.3.16_1,0.6462346760070053,0.965067873260736
2024,05,CHE.1.3.17_1,0.63922942206655,0.9628603221651623
2024,05,CHE.1.3.18_1,0.6514886164623468,0.9666767815562759
2024,05,CHE.1.3.19_1,0.6339754816112084,0.9611576353543679
2024,05,CHE.1.3.2_1,0.6654991243432575,0.9707728879609279
2024,05,CHE.1.3.20_1,0.6409807355516638,0.9634189120003821
2024,05,CHE.1.3.21_1,0.6777583187390543,0.9741273017424364
2024,05,CHE.1.3.22_1,0.63922942206655,0.9628603221651623
2024,05,CHE.1.3.23_1,0.6164623467600701,0.955187939622355
2024,05,CHE.1.3.24_1,0.6164623467600701,0.955187939622355
2024,05,CHE.1.3.3_1,0.6077057793345009,0.9520315120835025
2024,05,CHE.1.3.4_1,0.6322241681260946,0.9605810741421048
2024,05,CHE.1.3.5_1,0.6444833625218914,0.9645226798784983
2024,05,CHE.1.3.6_1,0.649737302977233,0.9661449166662318
2024,05,CHE.1.3.7_1,0.6812609457092821,0.975046665549911
2024,05,CHE.1.3.8_1,0.6567425569176883,0.9682458365518543
2024,05,CHE.1.3.9_1,0.6619964973730298,0.9697752316903129
2024,05,CHE.1.4.1_1,0.6584938704028022,0.9687600322061186
2024,05,CHE.1.4.10_1,0.6532399299474606,0.9672042183530839
2024,05,CHE.1.4.11_1,0.7040280210157619,0.9806038955664005
2024,05,CHE.1.4.12_1,0.6795096322241682,0.9745891442038537
2024,05,CHE.1.4.13_1,0.649737302977233,0.9661449166662318
2024,05,CHE.1.4.14_1,0.6847635726795097,0.9759487691472335
2024,05,CHE.1.4.15_1,0.6777583187390543,0.9741273017424364
2024,05,CHE.1.4.16_1,0.670753064798599,0.9722365967191319
2024,05,CHE.1.4.17_1,0.6514886164623468,0.9666767815562759
2024,05,CHE.1.4.18_1,0.6725043782837129,0.9727157858285225
2024,05,CHE.1.4.19_1,0.6690017513134852,0.9717530550505102
2024,05,CHE.1.4.2_1,0.6462346760070053,0.965067873260736
2024,05,CHE.1.4.20_1,0.712784588441331,0.9825497442877892
2024,05,CHE.1.4.21_1,0.6182136602451839,0.9558054195284729
2024,05,CHE.1.4.22_1,0.6567425569176883,0.9682458365518543
2024,05,CHE.1.4.23_1,0.6952714535901927,0.97855199146494
2024,05,CHE.1.4.24_1,0.6952714535901927,0.97855199146494
2024,05,CHE.1.4.25_1,0.6672504378283713,0.9712651543219287
2024,05,CHE.1.4.26_1,0.6760070052539405,0.9736611320166786
2024,05,CHE.1.4.27_1,0.670753064798599,0.9722365967191319
2024,05,CHE.1.4.28_1,0.7057793345008757,0.9810015290507961
2024,05,CHE.1.4.29_1,0.6549912434325745,0.9677272342969376
2024,05,CHE.1.4.3_1,0.6760070052539405,0.9736611320166786
2024,05,CHE.1.4.30_1,0.6409807355516638,0.9634189120003821
2024,05,CHE.1.4.31_1,0.6444833625218914,0.9645226798784983
2024,05,CHE.1.4.4_1,0.6567425569176883,0.9682458365518543
2024,05,CHE.1.4.5_1,0.6479859894921192,0.9656086163658648
2024,05,CHE.1.4.6_1,0.6567425569176883,0.9682458365518543
2024,05,CHE.1.4.7_1,0.6690017513134852,0.9717530550505102
2024,05,CHE.1.4.8_1,0.6304728546409808,0.96
2024,05,CHE.1.4.9_1,0.6777583187390543,0.9741273017424364
2024,05,CHE.1.5.1_1,0.6637478108581437,0.970276249322841
2024,05,CHE.1.5.10_1,0.6409807355516638,0.9634189120003821
2024,05,CHE.1.5.11_1,0.6952714535901927,0.97855199146494
2024,05,CHE.1.5.12_1,0.6322241681260946,0.9605810741421048
2024,05,CHE.1.5.13_1,0.7005253940455343,0.9797958971132712
2024,05,CHE.1.5.14_1,0.6584938704028022,0.9687600322061186
2024,05,CHE.1.5.15_1,0.6164623467600701,0.955187939622355
2024,05,CHE.1.5.16_1,0.660245183887916,0.9692698282728087
2024,05,CHE.1.5.17_1,0.6725043782837129,0.9727157858285225
2024,05,CHE.1.5.18_1,0.63922942206655,0.9628603221651623
2024,05,CHE.1.5.2_1,0.7390542907180385,0.9877570551507087
2024,05,CHE.1.5.3_1,0.6182136602451839,0.9558054195284729
2024,05,CHE.1.5.4_1,0.6514886164623468,0.9666767815562759
2024,05,CHE.1.5.5_1,0.6987740805604205,0.9793855216409929
2024,05,CHE.1.5.6_1,0.6760070052539405,0.9736611320166786
2024,05,CHE.1.5.7_1,0.6672504378283713,0.9712651543219287
2024,05,CHE.1.5.8_1,0.7110332749562173,0.9821690282227392
2024,05,CHE.1.5.9_1,0.62697022767075306,0.9588242800430119
2024,05,CHE.1.6.1_1,0.6865148861646235,0.9763933633531108
2024,05,CHE.1.6.10_1,0.7162872154115587,0.9832985304575615
2024,05,CHE.1.6.11_1,0.6322241681260946,0.9605810741421048
2024,05,CHE.1.6.12_1,0.7162872154115587,0.9832985304575615
2024,05,CHE.1.6.13_1,0.6882661996497373,0.976833660353696
2024,05,CHE.1.6.14_1,0.6935201401050789,0.9781288258711119
2024,05,CHE.1.6.15_1,0.6742556917688267,0.9731906288081488
2024,05,CHE.1.6.16_1,0.7110332749562173,0.9821690282227392
2024,05,CHE.1.6.17_1,0.6795096322241682,0.9745891442038537
2024,05,CHE.1.6.18_1,0.6777583187390543,0.9741273017424364
2024,05,CHE.1.6.19_1,0.6865148861646235,0.9763933633531108
2024,05,CHE.1.6.2_1,0.6847635726795097,0.9759487691472335
2024,05,CHE.1.6.20_1,0.6900175131348513,0.9772696659571503
2024,05,CHE.1.6.21_1,0.7005253940455343,0.9797958971132712
2024,05,CHE.1.6.22_1,0.6742556917688267,0.9731906288081488
2024,05,CHE.1.6.23_1,0.6619964973730298,0.9697752316903129
2024,05,CHE.1.6.3_1,0.7057793345008757,0.9810015290507961
2024,05,CHE.1.6.4_1,0.6357267950963222,0.9617296917533533
2024,05,CHE.1.6.5_1,0.6795096322241682,0.9745891442038537
2024,05,CHE.1.6.6_1,0.6935201401050789,0.9781288258711119
2024,05,CHE.1.6.7_1,0.6917688266199651,0.9777013859047148
2024,05,CHE.1.6.8_1,0.6847635726795097,0.9759487691472335
2024,05,CHE.1.6.9_1,0.6619964973730298,0.9697752316903129
2024,05,CHE.1.7.1_1,0.6514886164623468,0.9666767815562759
2024,05,CHE.1.7.10_1,0.6672504378283713,0.9712651543219287
2024,05,CHE.1.7.11_1,0.6567425569176883,0.9682458365518543
2024,05,CHE.1.7.12_1,0.6532399299474606,0.9672042183530839
2024,05,CHE.1.7.13_1,0.6549912434325745,0.9677272342969376
2024,05,CHE.1.7.14_1,0.6812609457092821,0.975046665549911
2024,05,CHE.1.7.15_1,0.6164623467600701,0.955187939622355
2024,05,CHE.1.7.16_1,0.6357267950963222,0.9617296917533533
2024,05,CHE.1.7.17_1,0.6637478108581437,0.970276249322841
2024,05,CHE.1.7.18_1,0.6164623467600701,0.955187939622355
2024,05,CHE.1.7.19_1,0.6672504378283713,0.9712651543219287
2024,05,CHE.1.7.2_1,0.6444833625218914,0.9645226798784983
2024,05,CHE.1.7.20_1,0.6935201401050789,0.9781288258711119
2024,05,CHE.1.7.3_1,0.6514886164623468,0.9666767815562759
2024,05,CHE.1.7.4_1,0.6339754816112084,0.9611576353543679
2024,05,CHE.1.7.5_1,0.660245183887916,0.9692698282728087
2024,05,CHE.1.7.6_1,0.6112084063047285,0.9533079250693346
2024,05,CHE.1.7.7_1,0.6357267950963222,0.9617296917533533
2024,05,CHE.1.7.8_1,0.62697022767075306,0.9588242800430119
2024,05,CHE.1.7.9_1,0.6567425569176883,0.9682458365518543
2024,05,CHE.1.8.1_1,0.6567425569176883,0.9682458365518543
2024,05,CHE.1.8.10_1,0.6479859894921192,0.9656086163658648
2024,05,CHE.1.8.11_1,0.6777583187390543,0.9741273017424364
2024,05,CHE.1.8.12_1,0.6427320490367776,0.9639730286683336
2024,05,CHE.1.8.13_1,0.6760070052539405,0.9736611320166786
2024,05,CHE.1.8.14_1,0.5796847635726796,0.9411461098044235
2024,05,CHE.1.8.15_1,0.6549912434325745,0.9677272342969376
2024,05,CHE.1.8.16_1,0.6129597197898424,0.9539392014169457
2024,05,CHE.1.8.17_1,0.6462346760070053,0.965067873260736
2024,05,CHE.1.8.18_1,0.6795096322241682,0.9745891442038537
2024,05,CHE.1.8.19_1,0.5796847635726796,0.9411461098044235
2024,05,CHE.1.8.2_1,0.6777583187390543,0.9741273017424364
2024,05,CHE.1.8.20_1,0.6777583187390543,0.9741273017424364
2024,05,CHE.1.8.3_1,0.6444833625218914,0.9645226798784983
2024,05,CHE.1.8.4_1,0.5989492119089318,0.9487591896788141
2024,05,CHE.1.8.5_1,0.6514886164623468,0.9666767815562759
2024,05,CHE.1.8.6_1,0.6147110332749562,0.954565869911553
2024,05,CHE.1.8.7_1,0.6777583187390543,0.9741273017424364
2024,05,CHE.1.8.8_1,0.6182136602451839,0.9558054195284729
2024,05,CHE.1.8.9_1,0.6777583187390543,0.9741273017424364
2024,05,CHE.1.9.1_1,0.7215411558669002,0.9843901665498289
2024,05,CHE.1.9.10_1,0.712784588441331,0.9825497442877892
2024,05,CHE.1.9.11_1,0.7092819614711035,0.9817840903172144
2024,05,CHE.1.9.12_1,0.6952714535901927,0.97855199146494
2024,05,CHE.1.9.13_1,0.6795096322241682,0.9745891442038537
2024,05,CHE.1.9.14_1,0.6970227670753065,0.9789708882290628
2024,05,CHE.1.9.2_1,0.7022767075306481,0.9802020199938377
2024,05,CHE.1.9.3_1,0.6865148861646235,0.9763933633531108
2024,05,CHE.1.9.4_1,0.6479859894921192,0.9656086163658648
2024,05,CHE.1.9.5_1,0.6777583187390543,0.9741273017424364
2024,05,CHE.1.9.6_1,0.7057793345008757,0.9810015290507961
2024,05,CHE.1.9.7_1,0.6567425569176883,0.9682458365518543
2024,05,CHE.1.9.8_1,0.6637478108581437,0.970276249322841
2024,05,CHE.1.9.9_1,0.7075306479859896,0.9813949256033475
2024,05,CHE.10.1.1_1,0.597197898423818,0.9480907129594721
2024,05,CHE.10.1.10_1,0.62697022767075306,0.9588242800430119
2024,05,CHE.10.1.11_1,0.597197898423818,0.9480907129594721
2024,05,CHE.10.1.12_1,0.6112084063047285,0.9533079250693346
2024,05,CHE.10.1.13_1,0.628721541155867,0.9594144047282176
2024,05,CHE.10.1.14_1,0.6217162872154116,0.9570266453970862
2024,05,CHE.10.1.15_1,0.6007005253940456,0.9494229826584145
2024,05,CHE.10.1.16_1,0.5253940455341506,0.916515138991168
2024,05,CHE.10.1.17_1,0.6672504378283713,0.9712651543219287
2024,05,CHE.10.1.18_1,0.5744308231173381,0.9389696480717574
2024,05,CHE.10.1.19_1,0.6042031523642732,0.9507365565707464
2024,05,CHE.10.1.2_1,0.5936952714535902,0.9467396685467447
2024,05,CHE.10.1.20_1,0.6252189141856392,0.9582296175760798
2024,05,CHE.10.1.21_1,0.5674255691768827,0.936
2024,05,CHE.10.1.22_1,0.6549912434325745,0.9677272342969376
2024,05,CHE.10.1.23_1,0.5849387040280211,0.9432793859721519
2024,05,CHE.10.1.3_1,0.5376532399299475,0.9224987804869988
2024,05,CHE.10.1.4_1,0.5481611208406305,0.9274287034591931
2024,05,CHE.10.1.5_1,0.6129597197898424,0.9539392014169457
2024,05,CHE.10.1.6_1,0.6042031523642732,0.9507365565707464
2024,05,CHE.10.1.7_1,0.5656742556917689,0.9352454223357631
2024,05,CHE.10.1.8_1,0.5744308231173381,0.9389696480717574
2024,05,CHE.10.1.9_1,0.5464098073555167,0.9266196630764966
2024,05,CHE.10.10.1_1,0.5359019264448337,0.9216593730874764
2024,05,CHE.10.10.10_1,0.5341506129597198,0.920814856526544
2024,05,CHE.10.10.11_1,0.5411558669001751,0.9241623234042816
2024,05,CHE.10.10.12_1,0.5481611208406305,0.9274287034591931
2024,05,CHE.10.10.13_1,0.5639229422066551,0.9344859549506349
2024,05,CHE.10.10.14_1,0.542907180385289,0.9249864863877743
2024,05,CHE.10.10.15_1,0.5516637478108581,0.9290317540321213
2024,05,CHE.10.10.16_1,0.5499124343257443,0.9282327294380435
2024,05,CHE.10.10.2_1,0.5131348511383538,0.9102768809543611
2024,05,CHE.10.10.3_1,0.5534150612959721,0.9298257901349047
2024,05,CHE.10.10.4_1,0.6077057793345009,0.9520315120835025
2024,05,CHE.10.10.5_1,0.5814360770577934,0.9418619856433319
2024,05,CHE.10.10.6_1,0.5656742556917689,0.9352454223357631
2024,05,CHE.10.10.7_1,0.586690017513135,0.9439809320108113
2024,05,CHE.10.10.8_1,0.5761821366024519,0.939699952112375
2024,05,CHE.10.10.9_1,0.5726795096322242,0.9382345122622595
2024,05,CHE.10.11.1_1,0.5551663747810859,0.9306148505155073
2024,05,CHE.10.11.10_1,0.597197898423818,0.9480907129594721
2024,05,CHE.10.11.11_1,0.5744308231173381,0.9389696480717574
2024,05,CHE.10.11.12_1,0.5709281961471104,0.9374945333173949
2024,05,CHE.10.11.13_1,0.5709281961471104,0.9374945333173949
2024,05,CHE.10.11.14_1,0.5954465849387042,0.9474175425861608
2024,05,CHE.10.11.15_1,0.6479859894921192,0.9656086163658648
2024,05,CHE.10.11.16_1,0.6147110332749562,0.954565869911553
2024,05,CHE.10.11.17_1,0.5464098073555167,0.9266196630764966
2024,05,CHE.10.11.18_1,0.5586690017513135,0.9321780945720619
2024,05,CHE.10.11.19_1,0.6042031523642732,0.9507365565707464
2024,05,CHE.10.11.2_1,0.6182136602451839,0.9558054195284729
2024,05,CHE.10.11.20_1,0.6409807355516638,0.9634189120003821
2024,05,CHE.10.11.21_1,0.6339754816112084,0.9611576353543679
2024,05,CHE.10.11.22_1,0.542907180385289,0.9249864863877743
2024,05,CHE.10.11.23_1,0.597197898423818,0.9480907129594721
2024,05,CHE.10.11.24_1,0.6164623467600701,0.955187939622355
2024,05,CHE.10.11.25_1,0.542907180385289,0.9249864863877743
2024,05,CHE.10.11.26_1,0.5604203152364273,0.9329523031752481
2024,05,CHE.10.11.27_1,0.6007005253940456,0.9494229826584145
2024,05,CHE.10.11.28_1,0.6217162872154116,0.9570266453970862
2024,05,CHE.10.11.29_1,0.5849387040280211,0.9432793859721519
2024,05,CHE.10.11.3_1,0.5183887915936953,0.9129819275319747
2024,05,CHE.10.11.30_1,0.6059544658493871,0.9513863568498342
2024,05,CHE.10.11.31_1,0.5849387040280211,0.9432793859721519
2024,05,CHE.10.11.32_1,0.5919439579684764,0.946057080730333
2024,05,CHE.10.11.33_1,0.6199649737302978,0.9564183185196736
2024,05,CHE.10.11.34_1,0.6077057793345009,0.9520315120835025
2024,05,CHE.10.11.35_1,0.5901926444833626,0.9453697689264238
2024,05,CHE.10.11.36_1,0.6094570928196147,0.9526720317087093
2024,05,CHE.10.11.37_1,0.5901926444833626,0.9453697689264238
2024,05,CHE.10.11.38_1,0.586690017513135,0.9439809320108113
2024,05,CHE.10.11.39_1,0.5796847635726796,0.9411461098044235
2024,05,CHE.10.11.4_1,0.5919439579684764,0.946057080730333
2024,05,CHE.10.11.40_1,0.6532399299474606,0.9672042183530839
2024,05,CHE.10.11.41_1,0.5936952714535902,0.9467396685467447
2024,05,CHE.10.11.42_1,0.5288966725043783,0.918250510481753
2024,05,CHE.10.11.43_1,0.5604203152364273,0.9329523031752481
2024,05,CHE.10.11.5_1,0.586690017513135,0.9439809320108113
2024,05,CHE.10.11.6_1,0.5919439579684764,0.946057080730333
2024,05,CHE.10.11.7_1,0.6462346760070053,0.965067873260736
2024,05,CHE.10.11.8_1,0.5761821366024519,0.939699952112375
2024,05,CHE.10.11.9_1,0.5814360770577934,0.9418619856433319
2024,05,CHE.10.2.1_1,0.5744308231173381,0.9389696480717574
2024,05,CHE.10.2.2_1,0.4991243432574431,0.9028288874421332
2024,05,CHE.10.3.1_1,0.6129597197898424,0.9539392014169457
2024,05,CHE.10.3.10_1,0.5726795096322242,0.9382345122622595
2024,05,CHE.10.3.11_1,0.6042031523642732,0.9507365565707464
2024,05,CHE.10.3.12_1,0.6462346760070053,0.965067873260736
2024,05,CHE.10.3.13_1,0.5201401050788091,0.9138730765264944
2024,05,CHE.10.3.14_1,0.6357267950963222,0.9617296917533533
2024,05,CHE.10.3.15_1,0.6199649737302978,0.9564183185196736
2024,05,CHE.10.3.16_1,0.5709281961471104,0.9374945333173949
2024,05,CHE.10.3.17_1,0.5306479859894921,0.9191104395011516
2024,05,CHE.10.3.18_1,0.5954465849387042,0.9474175425861608
2024,05,CHE.10.3.19_1,0.62697022767075306,0.9588242800430119
2024,05,CHE.10.3.2_1,0.5901926444833626,0.9453697689264238
2024,05,CHE.10.3.20_1,0.6199649737302978,0.9564183185196736
2024,05,CHE.10.3.21_1,0.6199649737302978,0.9564183185196736
2024,05,CHE.10.3.22_1,0.6199649737302978,0.9564183185196736
2024,05,CHE.10.3.23_1,0.6532399299474606,0.9672042183530839
2024,05,CHE.10.3.24_1,0.6795096322241682,0.9745891442038537
2024,05,CHE.10.3.25_1,0.6619964973730298,0.9697752316903129
2024,05,CHE.10.3.26_1,0.6322241681260946,0.9605810741421048
2024,05,CHE.10.3.27_1,0.597197898423818,0.9480907129594721
2024,05,CHE.10.3.28_1,0.5691768826619966,0.9367496997597597
2024,05,CHE.10.3.29_1,0.5306479859894921,0.9191104395011516
2024,05,CHE.10.3.3_1,0.6252189141856392,0.9582296175760798
2024,05,CHE.10.3.30_1,0.5551663747810859,0.9306148505155073
2024,05,CHE.10.3.31_1,0.6112084063047285,0.9533079250693346
2024,05,CHE.10.3.32_1,0.6532399299474606,0.9672042183530839
2024,05,CHE.10.3.33_1,0.6199649737302978,0.9564183185196736
2024,05,CHE.10.3.34_1,0.5761821366024519,0.939699952112375
2024,05,CHE.10.3.35_1,0.5954465849387042,0.9474175425861608
2024,05,CHE.10.3.36_1,0.6234676007005254,0.9576304088739037
2024,05,CHE.10.3.37_1,0.6077057793345009,0.9520315120835025
2024,05,CHE.10.3.4_1,0.5884413309982488,0.9446777228240327
2024,05,CHE.10.3.5_1,0.5989492119089318,0.9487591896788141
2024,05,CHE.10.3.6_1,0.6654991243432575,0.9707728879609279
2024,05,CHE.10.3.7_1,0.5849387040280211,0.9432793859721519
2024,05,CHE.10.3.8_1,0.6024518388791593,0.9500821017154254
2024,05,CHE.10.3.9_1,0.6007005253940456,0.9494229826584145
2024,05,CHE.10.4.1_1,0.6164623467600701,0.955187939622355
2024,05,CHE.10.4.2_1,0.6077057793345009,0.9520315120835025
2024,05,CHE.10.4.3_1,0.5796847635726796,0.9411461098044235
2024,05,CHE.10.4.4_1,0.5709281961471104,0.9374945333173949
2024,05,CHE.10.4.5_1,0.6182136602451839,0.9558054195284729
2024,05,CHE.10.4.6_1,0.5376532399299475,0.9224987804869988
2024,05,CHE.10.4.7_1,0.5499124343257443,0.9282327294380435
2024,05,CHE.10.5.1_1,0.5148861646234676,0.9111838453352868
2024,05,CHE.10.5.10_1,0.5201401050788091,0.9138730765264944
2024,05,CHE.10.5.11_1,0.5376532399299475,0.9224987804869988
2024,05,CHE.10.5.12_1,0.5131348511383538,0.9102768809543611
2024,05,CHE.10.5.13_1,0.532399299474606,0.9199652167337633
2024,05,CHE.10.5.14_1,0.4938704028021016,0.8999466650863261
2024,05,CHE.10.5.15_1,0.5376532399299475,0.9224987804869988
2024,05,CHE.10.5.16_1,0.5481611208406305,0.9274287034591931
2024,05,CHE.10.5.17_1,0.5253940455341506,0.916515138991168
2024,05,CHE.10.5.18_1,0.5253940455341506,0.916515138991168
2024,05,CHE.10.5.2_1,0.4938704028021016,0.8999466650863261
2024,05,CHE.10.5.3_1,0.5306479859894921,0.9191104395011516
2024,05,CHE.10.5.4_1,0.4991243432574431,0.9028288874421332
2024,05,CHE.10.5.5_1,0.5078809106830122,0.9075241043630743
2024,05,CHE.10.5.6_1,0.4938704028021016,0.8999466650863261
2024,05,CHE.10.5.7_1,0.5166374781085814,0.9120855223058855
2024,05,CHE.10.5.8_1,0.5534150612959721,0.9298257901349047
2024,05,CHE.10.5.9_1,0.5096322241681261,0.9084470265238365
2024,05,CHE.10.6.1_1,0.5674255691768827,0.936
2024,05,CHE.10.6.10_1,0.5586690017513135,0.9321780945720619
2024,05,CHE.10.6.11_1,0.5394045534150613,0.923333092659415
2024,05,CHE.10.6.2_1,0.586690017513135,0.9439809320108113
2024,05,CHE.10.6.3_1,0.56217162872154125,0.9337215859130601
2024,05,CHE.10.6.4_1,0.5166374781085814,0.9120855223058855
2024,05,CHE.10.6.5_1,0.5814360770577934,0.9418619856433319
2024,05,CHE.10.6.6_1,0.5691768826619966,0.9367496997597597
2024,05,CHE.10.6.7_1,0.5831873905429072,0.9425730740902798
2024,05,CHE.10.6.8_1,0.6059544658493871,0.9513863568498342
2024,05,CHE.10.6.9_1,0.586690017513135,0.9439809320108113
2024,05,CHE.10.7.1_1,0.5411558669001751,0.9241623234042816
2024,05,CHE.10.7.10_1,0.4711033274956218,0.8868799242287537
2024,05,CHE.10.7.11_1,0.5253940455341506,0.916515138991168
2024,05,CHE.10.7.12_1,0.5761821366024519,0.939699952112375
2024,05,CHE.10.7.13_1,0.5569176882661997,0.931398947819891
2024,05,CHE.10.7.14_1,0.5639229422066551,0.9344859549506349
2024,05,CHE.10.7.15_1,0.5253940455341506,0.916515138991168
2024,05,CHE.10.7.16_1,0.5516637478108581,0.9290317540321213
2024,05,CHE.10.7.2_1,0.5744308231173381,0.9389696480717574
2024,05,CHE.10.7.3_1,0.597197898423818,0.9480907129594721
2024,05,CHE.10.7.4_1,0.4938704028021016,0.8999466650863261
2024,05,CHE.10.7.5_1,0.542907180385289,0.9249864863877743
2024,05,CHE.10.7.6_1,0.5271453590192645,0.9173854151881858
2024,05,CHE.10.7.7_1,0.4816112084063048,0.8930285549745876
2024,05,CHE.10.7.8_1,0.5586690017513135,0.9321780945720619
2024,05,CHE.10.7.9_1,0.4956217162872154,0.9009128703709366
2024,05,CHE.10.8.1_1,0.6760070052539405,0.9736611320166786
2024,05,CHE.10.8.10_1,0.586690017513135,0.9439809320108113
2024,05,CHE.10.8.11_1,0.6444833625218914,0.9645226798784983
2024,05,CHE.10.8.12_1,0.6654991243432575,0.9707728879609279
2024,05,CHE.10.8.13_1,0.628721541155867,0.9594144047282176
2024,05,CHE.10.8.14_1,0.6339754816112084,0.9611576353543679
2024,05,CHE.10.8.15_1,0.6322241681260946,0.9605810741421048
2024,05,CHE.10.8.16_1,0.6619964973730298,0.9697752316903129
2024,05,CHE.10.8.17_1,0.6234676007005254,0.9576304088739037
2024,05,CHE.10.8.2_1,0.6760070052539405,0.9736611320166786
2024,05,CHE.10.8.3_1,0.6584938704028022,0.9687600322061186
2024,05,CHE.10.8.4_1,0.6865148861646235,0.9763933633531108
2024,05,CHE.10.8.5_1,0.6427320490367776,0.9639730286683336
2024,05,CHE.10.8.6_1,0.6112084063047285,0.9533079250693346
2024,05,CHE.10.8.7_1,0.6637478108581437,0.970276249322841
2024,05,CHE.10.8.8_1,0.6427320490367776,0.9639730286683336
2024,05,CHE.10.8.9_1,0.6830122591943959,0.9754998718605759
2024,05,CHE.10.9.1_1,0.5481611208406305,0.9274287034591931
2024,05,CHE.10.9.10_1,0.5691768826619966,0.9367496997597597
2024,05,CHE.10.9.11_1,0.6339754816112084,0.9611576353543679
2024,05,CHE.10.9.12_1,0.5726795096322242,0.9382345122622595
2024,05,CHE.10.9.13_1,0.5901926444833626,0.9453697689264238
2024,05,CHE.10.9.14_1,0.5901926444833626,0.9453697689264238
2024,05,CHE.10.9.15_1,0.5989492119089318,0.9487591896788141
2024,05,CHE.10.9.2_1,0.6094570928196147,0.9526720317087093
2024,05,CHE.10.9.3_1,0.6007005253940456,0.9494229826584145
2024,05,CHE.10.9.4_1,0.5744308231173381,0.9389696480717574
2024,05,CHE.10.9.5_1,0.6164623467600701,0.955187939622355
2024,05,CHE.10.9.6_1,0.542907180385289,0.9249864863877743
2024,05,CHE.10.9.7_1,0.56217162872154125,0.9337215859130601
2024,05,CHE.10.9.8_1,0.6059544658493871,0.9513863568498342
2024,05,CHE.10.9.9_1,0.6584938704028022,0.9687600322061186
2024,05,CHE.11.1.1_1,0.6935201401050789,0.9781288258711119
2024,05,CHE.11.1.10_1,0.6760070052539405,0.9736611320166786
2024,05,CHE.11.1.11_1,0.7285464098073555,0.9857869952479592
2024,05,CHE.11.1.12_1,0.6812609457092821,0.975046665549911
2024,05,CHE.11.1.13_1,0.6742556917688267,0.9731906288081488
2024,05,CHE.11.1.14_1,0.6812609457092821,0.975046665549911
2024,05,CHE.11.1.15_1,0.7285464098073555,0.9857869952479592
2024,05,CHE.11.1.16_1,0.6952714535901927,0.97855199146494
2024,05,CHE.11.1.17_1,0.6654991243432575,0.9707728879609279
2024,05,CHE.11.1.18_1,0.6795096322241682,0.9745891442038537
2024,05,CHE.11.1.19_1,0.7250437828371279,0.9850969495435462
2024,05,CHE.11.1.2_1,0.6690017513134852,0.9717530550505102
2024,05,CHE.11.1.20_1,0.6865148861646235,0.9763933633531108
2024,05,CHE.11.1.21_1,0.6549912434325745,0.9677272342969376
2024,05,CHE.11.1.22_1,0.6830122591943959,0.9754998718605759
2024,05,CHE.11.1.23_1,0.6532399299474606,0.9672042183530839
2024,05,CHE.11.1.24_1,0.6882661996497373,0.976833660353696
2024,05,CHE.11.1.25_1,0.63922942206655,0.9628603221651623
2024,05,CHE.11.1.26_1,0.6795096322241682,0.9745891442038537
2024,05,CHE.11.1.27_1,0.6847635726795097,0.9759487691472335
2024,05,CHE.11.1.3_1,0.6725043782837129,0.9727157858285225
2024,05,CHE.11.1.4_1,0.6777583187390543,0.9741273017424364
2024,05,CHE.11.1.5_1,0.6514886164623468,0.9666767815562759
2024,05,CHE.11.1.6_1,0.6479859894921192,0.9656086163658648
2024,05,CHE.11.1.7_1,0.6637478108581437,0.970276249322841
2024,05,CHE.11.1.8_1,0.7110332749562173,0.9821690282227392
2024,05,CHE.11.1.9_1,0.63922942206655,0.9628603221651623
2024,05,CHE.11.2.1_1,0.6567425569176883,0.9682458365518543
2024,05,CHE.11.2.10_1,0.6567425569176883,0.9682458365518543
2024,05,CHE.11.2.11_1,0.6654991243432575,0.9707728879609279
2024,05,CHE.11.2.12_1,0.6357267950963222,0.9617296917533533
2024,05,CHE.11.2.13_1,0.6760070052539405,0.9736611320166786
2024,05,CHE.11.2.14_1,0.6532399299474606,0.9672042183530839
2024,05,CHE.11.2.15_1,0.6129597197898424,0.9539392014169457
2024,05,CHE.11.2.16_1,0.6847635726795097,0.9759487691472335
2024,05,CHE.11.2.17_1,0.7022767075306481,0.9802020199938377
2024,05,CHE.11.2.18_1,0.7040280210157619,0.9806038955664005
2024,05,CHE.11.2.19_1,0.7092819614711035,0.9817840903172144
2024,05,CHE.11.2.2_1,0.670753064798599,0.9722365967191319
2024,05,CHE.11.2.3_1,0.6409807355516638,0.9634189120003821
2024,05,CHE.11.2.4_1,0.6725043782837129,0.9727157858285225
2024,05,CHE.11.2.5_1,0.6812609457092821,0.975046665549911
2024,05,CHE.11.2.6_1,0.6549912434325745,0.9677272342969376
2024,05,CHE.11.2.7_1,0.6532399299474606,0.9672042183530839
2024,05,CHE.11.2.8_1,0.597197898423818,0.9480907129594721
2024,05,CHE.11.2.9_1,0.62697022767075306,0.9588242800430119
2024,05,CHE.11.3.1_1,0.7040280210157619,0.9806038955664005
2024,05,CHE.11.3.10_1,0.7302977232924693,0.9861257526299574
2024,05,CHE.11.3.11_1,0.6830122591943959,0.9754998718605759
2024,05,CHE.11.3.12_1,0.7250437828371279,0.9850969495435462
2024,05,CHE.11.3.13_1,0.6777583187390543,0.9741273017424364
2024,05,CHE.11.3.14_1,0.6830122591943959,0.9754998718605759
2024,05,CHE.11.3.15_1,0.6795096322241682,0.9745891442038537
2024,05,CHE.11.3.16_1,0.6847635726795097,0.9759487691472335
2024,05,CHE.11.3.17_1,0.712784588441331,0.9825497442877892
2024,05,CHE.11.3.18_1,0.6760070052539405,0.9736611320166786
2024,05,CHE.11.3.19_1,0.6987740805604205,0.9793855216409929
2024,05,CHE.11.3.2_1,0.6952714535901927,0.97855199146494
2024,05,CHE.11.3.20_1,0.6987740805604205,0.9793855216409929
2024,05,CHE.11.3.21_1,0.670753064798599,0.9722365967191319
2024,05,CHE.11.3.22_1,0.7040280210157619,0.9806038955664005
2024,05,CHE.11.3.23_1,0.7022767075306481,0.9802020199938377
2024,05,CHE.11.3.24_1,0.6882661996497373,0.976833660353696
2024,05,CHE.11.3.25_1,0.6147110332749562,0.954565869911553
2024,05,CHE.11.3.26_1,0.6952714535901927,0.97855199146494
2024,05,CHE.11.3.27_1,0.6760070052539405,0.9736611320166786
2024,05,CHE.11.3.28_1,0.6987740805604205,0.9793855216409929
2024,05,CHE.11.3.29_1,0.660245183887916,0.9692698282728087
2024,05,CHE.11.3.3_1,0.6760070052539405,0.9736611320166786
2024,05,CHE.11.3.30_1,0.6882661996497373,0.976833660353696
2024,05,CHE.11.3.31_1,0.6865148861646235,0.9763933633531108
2024,05,CHE.11.3.32_1,0.6760070052539405,0.9736611320166786
2024,05,CHE.11.3.33_1,0.6970227670753065,0.9789708882290628
2024,05,CHE.11.3.34_1,0.6725043782837129,0.9727157858285225
2024,05,CHE.11.3.35_1,0.6637478108581437,0.970276249322841
2024,05,CHE.11.3.36_1,0.6777583187390543,0.9741273017424364
2024,05,CHE.11.3.4_1,0.6567425569176883,0.9682458365518543
2024,05,CHE.11.3.5_1,0.6444833625218914,0.9645226798784983
2024,05,CHE.11.3.6_1,0.6690017513134852,0.9717530550505102
2024,05,CHE.11.3.7_1,0.6217162872154116,0.9570266453970862
2024,05,CHE.11.3.8_1,0.6690017513134852,0.9717530550505102
2024,05,CHE.11.3.9_1,0.7180385288966725,0.983666610188635
2024,05,CHE.12.1.1_1,0.6042031523642732,0.9507365565707464
2024,05,CHE.12.1.2_1,0.5551663747810859,0.9306148505155073
2024,05,CHE.12.1.3_1,0.6094570928196147,0.9526720317087093
2024,05,CHE.12.1.4_1,0.6042031523642732,0.9507365565707464
2024,05,CHE.12.1.5_1,0.5919439579684764,0.946057080730333
2024,05,CHE.12.1.6_1,0.6199649737302978,0.9564183185196736
2024,05,CHE.12.1.7_1,0.5814360770577934,0.9418619856433319
2024,05,CHE.12.1.8_1,0.5954465849387042,0.9474175425861608
2024,05,CHE.12.1.9_1,0.5709281961471104,0.9374945333173949
2024,05,CHE.12.2.1_1,0.6217162872154116,0.9570266453970862
2024,05,CHE.12.2.10_1,0.6409807355516638,0.9634189120003821
2024,05,CHE.12.2.11_1,0.6077057793345009,0.9520315120835025
2024,05,CHE.12.2.12_1,0.6129597197898424,0.9539392014169457
2024,05,CHE.12.2.13_1,0.6007005253940456,0.9494229826584145
2024,05,CHE.12.2.14_1,0.6234676007005254,0.9576304088739037
2024,05,CHE.12.2.15_1,0.6514886164623468,0.9666767815562759
2024,05,CHE.12.2.16_1,0.6217162872154116,0.9570266453970862
2024,05,CHE.12.2.17_1,0.6234676007005254,0.9576304088739037
2024,05,CHE.12.2.18_1,0.5954465849387042,0.9474175425861608
2024,05,CHE.12.2.19_1,0.6637478108581437,0.970276249322841
2024,05,CHE.12.2.2_1,0.6584938704028022,0.9687600322061186
2024,05,CHE.12.2.20_1,0.6637478108581437,0.970276249322841
2024,05,CHE.12.2.21_1,0.6339754816112084,0.9611576353543679
2024,05,CHE.12.2.3_1,0.6094570928196147,0.9526720317087093
2024,05,CHE.12.2.4_1,0.6129597197898424,0.9539392014169457
2024,05,CHE.12.2.5_1,0.6042031523642732,0.9507365565707464
2024,05,CHE.12.2.6_1,0.6147110332749562,0.954565869911553
2024,05,CHE.12.2.7_1,0.6147110332749562,0.954565869911553
2024,05,CHE.12.2.8_1,0.6409807355516638,0.9634189120003821
2024,05,CHE.12.2.9_1,0.6427320490367776,0.9639730286683336
2024,05,CHE.12.3.1_1,0.649737302977233,0.9661449166662318
2024,05,CHE.12.3.10_1,0.6479859894921192,0.9656086163658648
2024,05,CHE.12.3.11_1,0.6742556917688267,0.9731906288081488
2024,05,CHE.12.3.12_1,0.5989492119089318,0.9487591896788141
2024,05,CHE.12.3.13_1,0.6532399299474606,0.9672042183530839
2024,05,CHE.12.3.14_1,0.6024518388791593,0.9500821017154254
2024,05,CHE.12.3.15_1,0.6199649737302978,0.9564183185196736
2024,05,CHE.12.3.16_1,0.62697022767075306,0.9588242800430119
2024,05,CHE.12.3.17_1,0.5989492119089318,0.9487591896788141
2024,05,CHE.12.3.18_1,0.6164623467600701,0.955187939622355
2024,05,CHE.12.3.19_1,0.6199649737302978,0.9564183185196736
2024,05,CHE.12.3.2_1,0.6339754816112084,0.9611576353543679
2024,05,CHE.12.3.20_1,0.6812609457092821,0.975046665549911
2024,05,CHE.12.3.21_1,0.6217162872154116,0.9570266453970862
2024,05,CHE.12.3.22_1,0.6322241681260946,0.9605810741421048
2024,05,CHE.12.3.3_1,0.5814360770577934,0.9418619856433319
2024,05,CHE.12.3.4_1,0.5831873905429072,0.9425730740902798
2024,05,CHE.12.3.5_1,0.6427320490367776,0.9639730286683336
2024,05,CHE.12.3.6_1,0.6357267950963222,0.9617296917533533
2024,05,CHE.12.3.7_1,0.6742556917688267,0.9731906288081488
2024,05,CHE.12.3.8_1,0.6182136602451839,0.9558054195284729
2024,05,CHE.12.3.9_1,0.649737302977233,0.9661449166662318
2024,05,CHE.12.4.1_1,0.63922942206655,0.9628603221651623
2024,05,CHE.12.4.10_1,0.6182136602451839,0.9558054195284729
2024,05,CHE.12.4.11_1,0.6164623467600701,0.955187939622355
2024,05,CHE.12.4.12_1,0.5919439579684764,0.946057080730333
2024,05,CHE.12.4.13_1,0.6479859894921192,0.9656086163658648
2024,05,CHE.12.4.14_1,0.5919439579684764,0.946057080730333
2024,05,CHE.12.4.15_1,0.586690017513135,0.9439809320108113
2024,05,CHE.12.4.16_1,0.5936952714535902,0.9467396685467447
2024,05,CHE.12.4.17_1,0.6234676007005254,0.9576304088739037
2024,05,CHE.12.4.18_1,0.6795096322241682,0.9745891442038537
2024,05,CHE.12.4.19_1,0.6147110332749562,0.954565869911553
2024,05,CHE.12.4.2_1,0.6164623467600701,0.955187939622355
2024,05,CHE.12.4.20_1,0.6304728546409808,0.96
2024,05,CHE.12.4.21_1,0.6532399299474606,0.9672042183530839
2024,05,CHE.12.4.22_1,0.6234676007005254,0.9576304088739037
2024,05,CHE.12.4.23_1,0.6007005253940456,0.9494229826584145
2024,05,CHE.12.4.3_1,0.6007005253940456,0.9494229826584145
2024,05,CHE.12.4.4_1,0.6252189141856392,0.9582296175760798
2024,05,CHE.12.4.5_1,0.6252189141856392,0.9582296175760798
2024,05,CHE.12.4.6_1,0.6339754816112084,0.9611576353543679
2024,05,CHE.12.4.7_1,0.6252189141856392,0.9582296175760798
2024,05,CHE.12.4.8_1,0.62697022767075306,0.9588242800430119
2024,05,CHE.12.4.9_1,0.660245183887916,0.9692698282728087
2024,05,CHE.12.5.1_1,0.5831873905429072,0.9425730740902798
2024,05,CHE.12.5.10_1,0.6514886164623468,0.9666767815562759
2024,05,CHE.12.5.11_1,0.6007005253940456,0.9494229826584145
2024,05,CHE.12.5.12_1,0.63922942206655,0.9628603221651623
2024,05,CHE.12.5.13_1,0.6444833625218914,0.9645226798784983
2024,05,CHE.12.5.14_1,0.6182136602451839,0.9558054195284729
2024,05,CHE.12.5.15_1,0.6007005253940456,0.9494229826584145
2024,05,CHE.12.5.16_1,0.6584938704028022,0.9687600322061186
2024,05,CHE.12.5.17_1,0.6882661996497373,0.976833660353696
2024,05,CHE.12.5.18_1,0.62697022767075306,0.9588242800430119
2024,05,CHE.12.5.19_1,0.6427320490367776,0.9639730286683336
2024,05,CHE.12.5.2_1,0.6129597197898424,0.9539392014169457
2024,05,CHE.12.5.20_1,0.6532399299474606,0.9672042183530839
2024,05,CHE.12.5.21_1,0.6409807355516638,0.9634189120003821
2024,05,CHE.12.5.22_1,0.6900175131348513,0.9772696659571503
2024,05,CHE.12.5.23_1,0.6007005253940456,0.9494229826584145
2024,05,CHE.12.5.24_1,0.6374781085814362,0.962297251372984
2024,05,CHE.12.5.3_1,0.6742556917688267,0.9731906288081488
2024,05,CHE.12.5.4_1,0.6409807355516638,0.9634189120003821
2024,05,CHE.12.5.5_1,0.6690017513134852,0.9717530550505102
2024,05,CHE.12.5.6_1,0.6322241681260946,0.9605810741421048
2024,05,CHE.12.5.7_1,0.6654991243432575,0.9707728879609279
2024,05,CHE.12.5.8_1,0.6042031523642732,0.9507365565707464
2024,05,CHE.12.5.9_1,0.6077057793345009,0.9520315120835025
2024,05,CHE.13.1.1_1,0.7040280210157619,0.9806038955664005
2024,05,CHE.13.1.10_1,0.7285464098073555,0.9857869952479592
2024,05,CHE.13.1.11_1,0.6374781085814362,0.962297251372984
2024,05,CHE.13.1.12_1,0.6917688266199651,0.9777013859047148
2024,05,CHE.13.1.13_1,0.6672504378283713,0.9712651543219287
2024,05,CHE.13.1.14_1,0.6672504378283713,0.9712651543219287
2024,05,CHE.13.1.15_1,0.6690017513134852,0.9717530550505102
2024,05,CHE.13.1.16_1,0.6357267950963222,0.9617296917533533
2024,05,CHE.13.1.2_1,0.6690017513134852,0.9717530550505102
2024,05,CHE.13.1.3_1,0.6409807355516638,0.9634189120003821
2024,05,CHE.13.1.4_1,0.6637478108581437,0.970276249322841
2024,05,CHE.13.1.5_1,0.6549912434325745,0.9677272342969376
2024,05,CHE.13.1.6_1,0.6760070052539405,0.9736611320166786
2024,05,CHE.13.1.7_1,0.6549912434325745,0.9677272342969376
2024,05,CHE.13.1.8_1,0.6444833625218914,0.9645226798784983
2024,05,CHE.13.1.9_1,0.6217162872154116,0.9570266453970862
2024,05,CHE.13.2.1_1,0.5936952714535902,0.9467396685467447
2024,05,CHE.13.2.2_1,0.6479859894921192,0.9656086163658648
2024,05,CHE.13.2.3_1,0.6812609457092821,0.975046665549911
2024,05,CHE.13.3.1_1,0.6427320490367776,0.9639730286683336
2024,05,CHE.13.3.2_1,0.63922942206655,0.9628603221651623
2024,05,CHE.13.3.3_1,0.6322241681260946,0.9605810741421048
2024,05,CHE.13.3.4_1,0.6830122591943959,0.9754998718605759
2024,05,CHE.13.3.5_1,0.6865148861646235,0.9763933633531108
2024,05,CHE.13.3.6_1,0.6672504378283713,0.9712651543219287
2024,05,CHE.13.3.7_1,0.6357267950963222,0.9617296917533533
2024,05,CHE.13.4.1_1,0.6514886164623468,0.9666767815562759
2024,05,CHE.13.4.10_1,0.6637478108581437,0.970276249322841
2024,05,CHE.13.4.11_1,0.6795096322241682,0.9745891442038537
2024,05,CHE.13.4.2_1,0.6129597197898424,0.9539392014169457
2024,05,CHE.13.4.3_1,0.660245183887916,0.9692698282728087
2024,05,CHE.13.4.4_1,0.6987740805604205,0.9793855216409929
2024,05,CHE.13.4.5_1,0.63922942206655,0.9628603221651623
2024,05,CHE.13.4.6_1,0.6217162872154116,0.9570266453970862
2024,05,CHE.13.4.7_1,0.6690017513134852,0.9717530550505102
2024,05,CHE.13.4.8_1,0.6987740805604205,0.9793855216409929
2024,05,CHE.13.4.9_1,0.6532399299474606,0.9672042183530839
2024,05,CHE.13.5.1_1,0.6847635726795097,0.9759487691472335
2024,05,CHE.13.5.10_1,0.6654991243432575,0.9707728879609279
2024,05,CHE.13.5.11_1,0.6444833625218914,0.9645226798784983
2024,05,CHE.13.5.12_1,0.6234676007005254,0.9576304088739037
2024,05,CHE.13.5.13_1,0.6760070052539405,0.9736611320166786
2024,05,CHE.13.5.14_1,0.6584938704028022,0.9687600322061186
2024,05,CHE.13.5.15_1,0.6164623467600701,0.955187939622355
2024,05,CHE.13.5.16_1,0.6672504378283713,0.9712651543219287
2024,05,CHE.13.5.17_1,0.6252189141856392,0.9582296175760798
2024,05,CHE.13.5.2_1,0.6462346760070053,0.965067873260736
2024,05,CHE.13.5.3_1,0.5796847635726796,0.9411461098044235
2024,05,CHE.13.5.4_1,0.6567425569176883,0.9682458365518543
2024,05,CHE.13.5.5_1,0.6409807355516638,0.9634189120003821
2024,05,CHE.13.5.6_1,0.6619964973730298,0.9697752316903129
2024,05,CHE.13.5.7_1,0.6567425569176883,0.9682458365518543
2024,05,CHE.13.5.8_1,0.6444833625218914,0.9645226798784983
2024,05,CHE.13.5.9_1,0.660245183887916,0.9692698282728087
2024,05,CHE.13.6.1_1,0.6112084063047285,0.9533079250693346
2024,05,CHE.13.6.10_1,0.6444833625218914,0.9645226798784983
2024,05,CHE.13.6.11_1,0.6514886164623468,0.9666767815562759
2024,05,CHE.13.6.2_1,0.7390542907180385,0.9877570551507087
2024,05,CHE.13.6.3_1,0.6427320490367776,0.9639730286683336
2024,05,CHE.13.6.4_1,0.6199649737302978,0.9564183185196736
2024,05,CHE.13.6.5_1,0.6777583187390543,0.9741273017424364
2024,05,CHE.13.6.6_1,0.6444833625218914,0.9645226798784983
2024,05,CHE.13.6.7_1,0.6742556917688267,0.9731906288081488
2024,05,CHE.13.6.8_1,0.6654991243432575,0.9707728879609279
2024,05,CHE.13.6.9_1,0.6567425569176883,0.9682458365518543
2024,05,CHE.14.1.1_1,0.628721541155867,0.9594144047282176
2024,05,CHE.14.1.10_1,0.6199649737302978,0.9564183185196736
2024,05,CHE.14.1.11_1,0.6217162872154116,0.9570266453970862
2024,05,CHE.14.1.12_1,0.6007005253940456,0.9494229826584145
2024,05,CHE.14.1.2_1,0.670753064798599,0.9722365967191319
2024,05,CHE.14.1.3_1,0.6182136602451839,0.9558054195284729
2024,05,CHE.14.1.4_1,0.6094570928196147,0.9526720317087093
2024,05,CHE.14.1.5_1,0.6374781085814362,0.962297251372984
2024,05,CHE.14.1.6_1,0.5656742556917689,0.9352454223357631
2024,05,CHE.14.1.7_1,0.6094570928196147,0.9526720317087093
2024,05,CHE.14.1.8_1,0.5849387040280211,0.9432793859721519
2024,05,CHE.14.1.9_1,0.6462346760070053,0.965067873260736
2024,05,CHE.15.1.1_1,0.6812609457092821,0.975046665549911
2024,05,CHE.15.1.2_1,0.5936952714535902,0.9467396685467447
2024,05,CHE.15.1.3_1,0.660245183887916,0.9692698282728087
2024,05,CHE.15.1.4_1,0.6094570928196147,0.9526720317087093
2024,05,CHE.15.1.5_1,0.6479859894921192,0.9656086163658648
2024,05,CHE.15.1.6_1,0.6339754816112084,0.9611576353543679
2024,05,CHE.15.1.7_1,0.6024518388791593,0.9500821017154254
2024,05,CHE.16.1.1_1,0.6129597197898424,0.9539392014169457
2024,05,CHE.16.1.10_1,0.6987740805604205,0.9793855216409929
2024,05,CHE.16.1.11_1,0.6059544658493871,0.9513863568498342
2024,05,CHE.16.1.12_1,0.6812609457092821,0.975046665549911
2024,05,CHE.16.1.13_1,0.6147110332749562,0.954565869911553
2024,05,CHE.16.1.2_1,0.6409807355516638,0.9634189120003821
2024,05,CHE.16.1.3_1,0.6725043782837129,0.9727157858285225
2024,05,CHE.16.1.4_1,0.6777583187390543,0.9741273017424364
2024,05,CHE.16.1.5_1,0.660245183887916,0.9692698282728087
2024,05,CHE.16.1.6_1,0.7040280210157619,0.9806038955664005
2024,05,CHE.16.1.7_1,0.6549912434325745,0.9677272342969376
2024,05,CHE.16.1.8_1,0.660245183887916,0.9692698282728087
2024,05,CHE.16.1.9_1,0.6847635726795097,0.9759487691472335
2024,05,CHE.16.2.1_1,0.6672504378283713,0.9712651543219287
2024,05,CHE.16.2.2_1,0.6514886164623468,0.9666767815562759
2024,05,CHE.16.2.3_1,0.6322241681260946,0.9605810741421048
2024,05,CHE.16.2.4_1,0.6339754816112084,0.9611576353543679
2024,05,CHE.16.2.5_1,0.62697022767075306,0.9588242800430119
2024,05,CHE.16.2.6_1,0.63922942206655,0.9628603221651623
2024,05,CHE.16.2.7_1,0.6567425569176883,0.9682458365518543
2024,05,CHE.16.2.8_1,0.62697022767075306,0.9588242800430119
2024,05,CHE.16.2.9_1,0.6234676007005254,0.9576304088739037
2024,05,CHE.16.3.1_1,0.6357267950963222,0.9617296917533533
2024,05,CHE.16.3.2_1,0.6007005253940456,0.9494229826584145
2024,05,CHE.16.3.3_1,0.6147110332749562,0.954565869911553
2024,05,CHE.16.3.4_1,0.6077057793345009,0.9520315120835025
2024,05,CHE.16.3.5_1,0.6637478108581437,0.970276249322841
2024,05,CHE.16.3.6_1,0.6199649737302978,0.9564183185196736
2024,05,CHE.16.3.7_1,0.6042031523642732,0.9507365565707464
2024,05,CHE.16.3.8_1,0.6374781085814362,0.962297251372984
2024,05,CHE.16.3.9_1,0.6357267950963222,0.9617296917533533
2024,05,CHE.16.4.1_1,0.5884413309982488,0.9446777228240327
2024,05,CHE.16.4.2_1,0.6007005253940456,0.9494229826584145
2024,05,CHE.16.4.3_1,0.5534150612959721,0.9298257901349047
2024,05,CHE.16.4.4_1,0.5569176882661997,0.931398947819891
2024,05,CHE.16.4.5_1,0.5884413309982488,0.9446777228240327
2024,05,CHE.16.4.6_1,0.5569176882661997,0.931398947819891
2024,05,CHE.16.4.7_1,0.5586690017513135,0.9321780945720619
2024,05,CHE.16.4.8_1,0.5989492119089318,0.9487591896788141
2024,05,CHE.16.4.9_1,0.6024518388791593,0.9500821017154254
2024,05,CHE.16.5.1_1,0.6339754816112084,0.9611576353543679
2024,05,CHE.16.5.10_1,0.6322241681260946,0.9605810741421048
2024,05,CHE.16.5.11_1,0.7005253940455343,0.9797958971132712
2024,05,CHE.16.5.12_1,0.6830122591943959,0.9754998718605759
2024,05,CHE.16.5.13_1,0.649737302977233,0.9661449166662318
2024,05,CHE.16.5.14_1,0.5779334500875658,0.9404254356406998
2024,05,CHE.16.5.15_1,0.6549912434325745,0.9677272342969376
2024,05,CHE.16.5.16_1,0.670753064798599,0.9722365967191319
2024,05,CHE.16.5.2_1,0.6690017513134852,0.9717530550505102
2024,05,CHE.16.5.3_1,0.7162872154115587,0.9832985304575615
2024,05,CHE.16.5.4_1,0.6444833625218914,0.9645226798784983
2024,05,CHE.16.5.5_1,0.6549912434325745,0.9677272342969376
2024,05,CHE.16.5.6_1,0.6935201401050789,0.9781288258711119
2024,05,CHE.16.5.7_1,0.6252189141856392,0.9582296175760798
2024,05,CHE.16.5.8_1,0.6462346760070053,0.965067873260736
2024,05,CHE.16.5.9_1,0.6427320490367776,0.9639730286683336
2024,05,CHE.16.6.1_1,0.5604203152364273,0.9329523031752481
2024,05,CHE.16.6.10_1,0.6549912434325745,0.9677272342969376
2024,05,CHE.16.6.11_1,0.6514886164623468,0.9666767815562759
2024,05,CHE.16.6.12_1,0.628721541155867,0.9594144047282176
2024,05,CHE.16.6.13_1,0.6024518388791593,0.9500821017154254
2024,05,CHE.16.6.14_1,0.6549912434325745,0.9677272342969376
2024,05,CHE.16.6.15_1,0.6129597197898424,0.9539392014169457
2024,05,CHE.16.6.16_1,0.6252189141856392,0.9582296175760798
2024,05,CHE.16.6.17_1,0.6427320490367776,0.9639730286683336
2024,05,CHE.16.6.18_1,0.6059544658493871,0.9513863568498342
2024,05,CHE.16.6.2_1,0.649737302977233,0.9661449166662318
2024,05,CHE.16.6.3_1,0.597197898423818,0.9480907129594721
2024,05,CHE.16.6.4_1,0.63922942206655,0.9628603221651623
2024,05,CHE.16.6.5_1,0.6690017513134852,0.9717530550505102
2024,05,CHE.16.6.6_1,0.597197898423818,0.9480907129594721
2024,05,CHE.16.6.7_1,0.6427320490367776,0.9639730286683336
2024,05,CHE.16.6.8_1,0.670753064798599,0.9722365967191319
2024,05,CHE.16.6.9_1,0.6339754816112084,0.9611576353543679
2024,05,CHE.16.7.1_1,0.5884413309982488,0.9446777228240327
2024,05,CHE.16.7.2_1,0.6252189141856392,0.9582296175760798
2024,05,CHE.16.7.3_1,0.6234676007005254,0.9576304088739037
2024,05,CHE.16.7.4_1,0.6339754816112084,0.9611576353543679
2024,05,CHE.16.7.5_1,0.597197898423818,0.9480907129594721
2024,05,CHE.16.7.6_1,0.5499124343257443,0.9282327294380435
2024,05,CHE.16.8.1_1,0.6532399299474606,0.9672042183530839
2024,05,CHE.16.8.10_1,0.6567425569176883,0.9682458365518543
2024,05,CHE.16.8.11_1,0.6234676007005254,0.9576304088739037
2024,05,CHE.16.8.2_1,0.6847635726795097,0.9759487691472335
2024,05,CHE.16.8.3_1,0.6952714535901927,0.97855199146494
2024,05,CHE.16.8.4_1,0.6199649737302978,0.9564183185196736
2024,05,CHE.16.8.5_1,0.7022767075306481,0.9802020199938377
2024,05,CHE.16.8.6_1,0.6777583187390543,0.9741273017424364
2024,05,CHE.16.8.7_1,0.6427320490367776,0.9639730286683336
2024,05,CHE.16.8.8_1,0.6830122591943959,0.9754998718605759
2024,05,CHE.16.8.9_1,0.6584938704028022,0.9687600322061186
2024,05,CHE.17.1.1_1,0.6444833625218914,0.9645226798784983
2024,05,CHE.17.1.2_1,0.6514886164623468,0.9666767815562759
2024,05,CHE.17.1.3_1,0.6357267950963222,0.9617296917533533
2024,05,CHE.17.1.4_1,0.6637478108581437,0.970276249322841
2024,05,CHE.17.1.5_1,0.6777583187390543,0.9741273017424364
2024,05,CHE.17.2.3_1,0.6584938704028022,0.9687600322061186
2024,05,CHE.17.2.6_1,0.6409807355516638,0.9634189120003821
2024,05,CHE.17.2.7_1,0.5989492119089318,0.9487591896788141
2024,05,CHE.17.2.8_1,0.6567425569176883,0.9682458365518543
2024,05,CHE.17.2.9_1,0.6409807355516638,0.9634189120003821
2024,05,CHE.17.3.1_1,0.6760070052539405,0.9736611320166786
2024,05,CHE.17.3.2_1,0.6777583187390543,0.9741273017424364
2024,05,CHE.17.3.3_1,0.649737302977233,0.9661449166662318
2024,05,CHE.17.3.4_1,0.5954465849387042,0.9474175425861608
2024,05,CHE.17.3.5_1,0.6252189141856392,0.9582296175760798
2024,05,CHE.17.3.6_1,0.6830122591943959,0.9754998718605759
2024,05,CHE.17.4.1_1,0.6637478108581437,0.970276249322841
2024,05,CHE.17.4.2_1,0.6900175131348513,0.9772696659571503
2024,05,CHE.17.4.3_1,0.6322241681260946,0.9605810741421048
2024,05,CHE.17.5.2_1,0.6654991243432575,0.9707728879609279
2024,05,CHE.17.5.3_1,0.6584938704028022,0.9687600322061186
2024,05,CHE.17.5.4_1,0.6024518388791593,0.9500821017154254
2024,05,CHE.17.6.1_1,0.6199649737302978,0.9564183185196736
2024,05,CHE.17.6.2_1,0.6584938704028022,0.9687600322061186
2024,05,CHE.17.6.3_1,0.6374781085814362,0.962297251372984
2024,05,CHE.17.6.4_1,0.7215411558669002,0.9843901665498289
2024,05,CHE.18.1.1_1,0.597197898423818,0.9480907129594721
2024,05,CHE.18.2.1_1,0.62697022767075306,0.9588242800430119
2024,05,CHE.18.3.1_1,0.6812609457092821,0.975046665549911
2024,05,CHE.18.3.2_1,0.7145359019264449,0.9829262434180909
2024,05,CHE.18.3.3_1,0.6129597197898424,0.9539392014169457
2024,05,CHE.18.3.4_1,0.6339754816112084,0.9611576353543679
2024,05,CHE.18.4.1_1,0.6479859894921192,0.9656086163658648
2024,05,CHE.18.4.2_1,0.6672504378283713,0.9712651543219287
2024,05,CHE.18.5.1_1,0.6672504378283713,0.9712651543219287
2024,05,CHE.18.5.10_1,0.6444833625218914,0.9645226798784983
2024,05,CHE.18.5.2_1,0.6830122591943959,0.9754998718605759
2024,05,CHE.18.5.3_1,0.6357267950963222,0.9617296917533533
2024,05,CHE.18.5.4_1,0.6304728546409808,0.96
2024,05,CHE.18.5.5_1,0.6637478108581437,0.970276249322841
2024,05,CHE.18.5.6_1,0.6444833625218914,0.9645226798784983
2024,05,CHE.18.5.7_1,0.6304728546409808,0.96
2024,05,CHE.18.5.8_1,0.6147110332749562,0.954565869911553
2024,05,CHE.18.5.9_1,0.6059544658493871,0.9513863568498342
2024,05,CHE.18.6.1_1,0.6427320490367776,0.9639730286683336
2024,05,CHE.18.6.10_1,0.6304728546409808,0.96
2024,05,CHE.18.6.11_1,0.5744308231173381,0.9389696480717574
2024,05,CHE.18.6.12_1,0.5989492119089318,0.9487591896788141
2024,05,CHE.18.6.13_1,0.6479859894921192,0.9656086163658648
2024,05,CHE.18.6.14_1,0.5831873905429072,0.9425730740902798
2024,05,CHE.18.6.15_1,0.5761821366024519,0.939699952112375
2024,05,CHE.18.6.16_1,0.628721541155867,0.9594144047282176
2024,05,CHE.18.6.17_1,0.6514886164623468,0.9666767815562759
2024,05,CHE.18.6.2_1,0.6199649737302978,0.9564183185196736
2024,05,CHE.18.6.3_1,0.6322241681260946,0.9605810741421048
2024,05,CHE.18.6.4_1,0.6479859894921192,0.9656086163658648
2024,05,CHE.18.6.5_1,0.5849387040280211,0.9432793859721519
2024,05,CHE.18.6.6_1,0.5936952714535902,0.9467396685467447
2024,05,CHE.18.6.7_1,0.542907180385289,0.9249864863877743
2024,05,CHE.18.6.8_1,0.5639229422066551,0.9344859549506349
2024,05,CHE.18.6.9_1,0.5919439579684764,0.946057080730333
2024,05,CHE.19.1.1_1,0.6164623467600701,0.955187939622355
2024,05,CHE.19.1.10_1,0.6199649737302978,0.9564183185196736
2024,05,CHE.19.1.11_1,0.6549912434325745,0.9677272342969376
2024,05,CHE.19.1.12_1,0.6322241681260946,0.9605810741421048
2024,05,CHE.19.1.13_1,0.6830122591943959,0.9754998718605759
2024,05,CHE.19.1.14_1,0.6725043782837129,0.9727157858285225
2024,05,CHE.19.1.15_1,0.6427320490367776,0.9639730286683336
2024,05,CHE.19.1.16_1,0.6514886164623468,0.9666767815562759
2024,05,CHE.19.1.17_1,0.6777583187390543,0.9741273017424364
2024,05,CHE.19.1.18_1,0.6760070052539405,0.9736611320166786
2024,05,CHE.19.1.19_1,0.6760070052539405,0.9736611320166786
2024,05,CHE.19.1.2_1,0.6567425569176883,0.9682458365518543
2024,05,CHE.19.1.20_1,0.5849387040280211,0.9432793859721519
2024,05,CHE.19.1.21_1,0.5989492119089318,0.9487591896788141
2024,05,CHE.19.1.3_1,0.6024518388791593,0.9500821017154254
2024,05,CHE.19.1.4_1,0.6322241681260946,0.9605810741421048
2024,05,CHE.19.1.5_1,0.6094570928196147,0.9526720317087093
2024,05,CHE.19.1.6_1,0.6357267950963222,0.9617296917533533
2024,05,CHE.19.1.7_1,0.6129597197898424,0.9539392014169457
2024,05,CHE.19.1.8_1,0.6549912434325745,0.9677272342969376
2024,05,CHE.19.1.9_1,0.62697022767075306,0.9588242800430119
2024,05,CHE.19.10.1_1,0.6357267950963222,0.9617296917533533
2024,05,CHE.19.10.10_1,0.6514886164623468,0.9666767815562759
2024,05,CHE.19.10.11_1,0.6164623467600701,0.955187939622355
2024,05,CHE.19.10.12_1,0.6952714535901927,0.97855199146494
2024,05,CHE.19.10.13_1,0.6812609457092821,0.975046665549911
2024,05,CHE.19.10.14_1,0.6847635726795097,0.9759487691472335
2024,05,CHE.19.10.15_1,0.6725043782837129,0.9727157858285225
2024,05,CHE.19.10.16_1,0.6252189141856392,0.9582296175760798
2024,05,CHE.19.10.17_1,0.6427320490367776,0.9639730286683336
2024,05,CHE.19.10.18_1,0.6444833625218914,0.9645226798784983
2024,05,CHE.19.10.19_1,0.6339754816112084,0.9611576353543679
2024,05,CHE.19.10.2_1,0.6567425569176883,0.9682458365518543
2024,05,CHE.19.10.20_1,0.6637478108581437,0.970276249322841
2024,05,CHE.19.10.21_1,0.6725043782837129,0.9727157858285225
2024,05,CHE.19.10.3_1,0.6830122591943959,0.9754998718605759
2024,05,CHE.19.10.4_1,0.6637478108581437,0.970276249322841
2024,05,CHE.19.10.5_1,0.6217162872154116,0.9570266453970862
2024,05,CHE.19.10.6_1,0.6619964973730298,0.9697752316903129
2024,05,CHE.19.10.7_1,0.670753064798599,0.9722365967191319
2024,05,CHE.19.10.8_1,0.6427320490367776,0.9639730286683336
2024,05,CHE.19.10.9_1,0.6742556917688267,0.9731906288081488
2024,05,CHE.19.2.1_1,0.6812609457092821,0.975046665549911
2024,05,CHE.19.2.10_1,0.6304728546409808,0.96
2024,05,CHE.19.2.2_1,0.6619964973730298,0.9697752316903129
2024,05,CHE.19.2.3_1,0.6672504378283713,0.9712651543219287
2024,05,CHE.19.2.4_1,0.649737302977233,0.9661449166662318
2024,05,CHE.19.2.5_1,0.6725043782837129,0.9727157858285225
2024,05,CHE.19.2.6_1,0.6760070052539405,0.9736611320166786
2024,05,CHE.19.2.7_1,0.6479859894921192,0.9656086163658648
2024,05,CHE.19.2.8_1,0.670753064798599,0.9722365967191319
2024,05,CHE.19.2.9_1,0.6427320490367776,0.9639730286683336
2024,05,CHE.19.3.1_1,0.6479859894921192,0.9656086163658648
2024,05,CHE.19.3.2_1,0.7057793345008757,0.9810015290507961
2024,05,CHE.19.3.3_1,0.6690017513134852,0.9717530550505102
2024,05,CHE.19.3.4_1,0.660245183887916,0.9692698282728087
2024,05,CHE.19.3.5_1,0.6357267950963222,0.9617296917533533
2024,05,CHE.19.3.6_1,0.6760070052539405,0.9736611320166786
2024,05,CHE.19.3.7_1,0.7355516637478109,0.9871170143402452
2024,05,CHE.19.3.8_1,0.6865148861646235,0.9763933633531108
2024,05,CHE.19.4.1_1,0.7005253940455343,0.9797958971132712
2024,05,CHE.19.4.10_1,0.7162872154115587,0.9832985304575615
2024,05,CHE.19.4.11_1,0.6672504378283713,0.9712651543219287
2024,05,CHE.19.4.2_1,0.6567425569176883,0.9682458365518543
2024,05,CHE.19.4.3_1,0.63922942206655,0.9628603221651623
2024,05,CHE.19.4.4_1,0.670753064798599,0.9722365967191319
2024,05,CHE.19.4.5_1,0.6619964973730298,0.9697752316903129
2024,05,CHE.19.4.6_1,0.6514886164623468,0.9666767815562759
2024,05,CHE.19.4.7_1,0.6147110332749562,0.954565869911553
2024,05,CHE.19.4.8_1,0.6830122591943959,0.9754998718605759
2024,05,CHE.19.4.9_1,0.6654991243432575,0.9707728879609279
2024,05,CHE.19.5.1_1,0.7267950963222417,0.9854440623394105
2024,05,CHE.19.5.10_1,0.6830122591943959,0.9754998718605759
2024,05,CHE.19.5.11_1,0.6304728546409808,0.96
2024,05,CHE.19.5.12_1,0.649737302977233,0.9661449166662318
2024,05,CHE.19.5.13_1,0.6444833625218914,0.9645226798784983
2024,05,CHE.19.5.14_1,0.6549912434325745,0.9677272342969376
2024,05,CHE.19.5.15_1,0.6427320490367776,0.9639730286683336
2024,05,CHE.19.5.16_1,0.6777583187390543,0.9741273017424364
2024,05,CHE.19.5.2_1,0.6742556917688267,0.9731906288081488
2024,05,CHE.19.5.3_1,0.628721541155867,0.9594144047282176
2024,05,CHE.19.5.4_1,0.6234676007005254,0.9576304088739037
2024,05,CHE.19.5.5_1,0.6514886164623468,0.9666767815562759
2024,05,CHE.19.5.6_1,0.62697022767075306,0.9588242800430119
2024,05,CHE.19.5.7_1,0.6549912434325745,0.9677272342969376
2024,05,CHE.19.5.8_1,0.6094570928196147,0.9526720317087093
2024,05,CHE.19.5.9_1,0.6549912434325745,0.9677272342969376
2024,05,CHE.19.6.1_1,0.6672504378283713,0.9712651543219287
2024,05,CHE.19.6.10_1,0.6742556917688267,0.9731906288081488
2024,05,CHE.19.6.11_1,0.6917688266199651,0.9777013859047148
2024,05,CHE.19.6.12_1,0.6935201401050789,0.9781288258711119
2024,05,CHE.19.6.13_1,0.670753064798599,0.9722365967191319
2024,05,CHE.19.6.14_1,0.660245183887916,0.9692698282728087
2024,05,CHE.19.6.2_1,0.6742556917688267,0.9731906288081488
2024,05,CHE.19.6.3_1,0.6865148861646235,0.9763933633531108
2024,05,CHE.19.6.4_1,0.6847635726795097,0.9759487691472335
2024,05,CHE.19.6.5_1,0.6514886164623468,0.9666767815562759
2024,05,CHE.19.6.6_1,0.6532399299474606,0.9672042183530839
2024,05,CHE.19.6.7_1,0.6760070052539405,0.9736611320166786
2024,05,CHE.19.6.8_1,0.6654991243432575,0.9707728879609279
2024,05,CHE.19.6.9_1,0.7215411558669002,0.9843901665498289
2024,05,CHE.19.7.1_1,0.6409807355516638,0.9634189120003821
2024,05,CHE.19.8.1_1,0.6672504378283713,0.9712651543219287
2024,05,CHE.19.8.2_1,0.6952714535901927,0.97855199146494
2024,05,CHE.19.8.3_1,0.6690017513134852,0.9717530550505102
2024,05,CHE.19.8.4_1,0.6690017513134852,0.9717530550505102
2024,05,CHE.19.8.5_1,0.7022767075306481,0.9802020199938377
2024,05,CHE.19.8.6_1,0.6584938704028022,0.9687600322061186
2024,05,CHE.19.8.7_1,0.6865148861646235,0.9763933633531108
2024,05,CHE.19.8.8_1,0.6672504378283713,0.9712651543219287
2024,05,CHE.19.8.9_1,0.6777583187390543,0.9741273017424364
2024,05,CHE.19.9.1_1,0.6549912434325745,0.9677272342969376
2024,05,CHE.19.9.10_1,0.76707530647986,0.9922822179198819
2024,05,CHE.19.9.11_1,0.7145359019264449,0.9829262434180909
2024,05,CHE.19.9.12_1,0.7285464098073555,0.9857869952479592
2024,05,CHE.19.9.2_1,0.6935201401050789,0.9781288258711119
2024,05,CHE.19.9.3_1,0.660245183887916,0.9692698282728087
2024,05,CHE.19.9.4_1,0.6690017513134852,0.9717530550505102
2024,05,CHE.19.9.5_1,0.6970227670753065,0.9789708882290628
2024,05,CHE.19.9.6_1,0.6514886164623468,0.9666767815562759
2024,05,CHE.19.9.7_1,0.660245183887916,0.9692698282728087
2024,05,CHE.19.9.8_1,0.6865148861646235,0.9763933633531108
2024,05,CHE.19.9.9_1,0.7005253940455343,0.9797958971132712
2024,05,CHE.2.1.10_1,0.6094570928196147,0.9526720317087093
2024,05,CHE.2.1.11_1,0.6374781085814362,0.962297251372984
2024,05,CHE.2.1.12_1,0.6654991243432575,0.9707728879609279
2024,05,CHE.2.1.13_1,0.6637478108581437,0.970276249322841
2024,05,CHE.2.1.14_1,0.6374781085814362,0.962297251372984
2024,05,CHE.2.1.15_1,0.63922942206655,0.9628603221651623
2024,05,CHE.2.1.16_1,0.6252189141856392,0.9582296175760798
2024,05,CHE.2.1.17_1,0.6865148861646235,0.9763933633531108
2024,05,CHE.2.1.19_1,0.6514886164623468,0.9666767815562759
2024,05,CHE.2.1.2_1,0.6339754816112084,0.9611576353543679
2024,05,CHE.2.1.20_1,0.6567425569176883,0.9682458365518543
2024,05,CHE.2.1.3_1,0.6112084063047285,0.9533079250693346
2024,05,CHE.2.1.4_1,0.6444833625218914,0.9645226798784983
2024,05,CHE.2.1.5_1,0.6322241681260946,0.9605810741421048
2024,05,CHE.2.1.6_1,0.628721541155867,0.9594144047282176
2024,05,CHE.2.1.7_1,0.6374781085814362,0.962297251372984
2024,05,CHE.2.1.8_1,0.6514886164623468,0.9666767815562759
2024,05,CHE.2.1.9_1,0.62697022767075306,0.9588242800430119
2024,05,CHE.20.1.1_1,0.6514886164623468,0.9666767815562759
2024,05,CHE.20.1.10_1,0.6654991243432575,0.9707728879609279
2024,05,CHE.20.1.2_1,0.6725043782837129,0.9727157858285225
2024,05,CHE.20.1.3_1,0.6462346760070053,0.965067873260736
2024,05,CHE.20.1.4_1,0.6322241681260946,0.9605810741421048
2024,05,CHE.20.1.5_1,0.6217162872154116,0.9570266453970862
2024,05,CHE.20.1.6_1,0.6409807355516638,0.9634189120003821
2024,05,CHE.20.1.7_1,0.6059544658493871,0.9513863568498342
2024,05,CHE.20.1.8_1,0.6812609457092821,0.975046665549911
2024,05,CHE.20.1.9_1,0.6637478108581437,0.970276249322841
2024,05,CHE.20.2.1_1,0.660245183887916,0.9692698282728087
2024,05,CHE.20.2.2_1,0.6654991243432575,0.9707728879609279
2024,05,CHE.20.2.3_1,0.6567425569176883,0.9682458365518543
2024,05,CHE.20.2.4_1,0.6619964973730298,0.9697752316903129
2024,05,CHE.20.2.5_1,0.660245183887916,0.9692698282728087
2024,05,CHE.20.2.6_1,0.6847635726795097,0.9759487691472335
2024,05,CHE.20.2.7_1,0.6637478108581437,0.970276249322841
2024,05,CHE.20.3.1_1,0.6077057793345009,0.9520315120835025
2024,05,CHE.20.4.1_1,0.6234676007005254,0.9576304088739037
2024,05,CHE.20.4.2_1,0.6812609457092821,0.975046665549911
2024,05,CHE.20.4.3_1,0.6865148861646235,0.9763933633531108
2024,05,CHE.20.5.1_1,0.6357267950963222,0.9617296917533533
2024,05,CHE.20.5.10_1,0.6725043782837129,0.9727157858285225
2024,05,CHE.20.5.11_1,0.63922942206655,0.9628603221651623
2024,05,CHE.20.5.2_1,0.6567425569176883,0.9682458365518543
2024,05,CHE.20.5.3_1,0.7180385288966725,0.983666610188635
2024,05,CHE.20.5.4_1,0.6760070052539405,0.9736611320166786
2024,05,CHE.20.5.5_1,0.6304728546409808,0.96
2024,05,CHE.20.5.6_1,0.6549912434325745,0.9677272342969376
2024,05,CHE.20.5.7_1,0.628721541155867,0.9594144047282176
2024,05,CHE.20.5.8_1,0.6654991243432575,0.9707728879609279
2024,05,CHE.20.5.9_1,0.6147110332749562,0.954565869911553
2024,05,CHE.20.6.1_1,0.6322241681260946,0.9605810741421048
2024,05,CHE.20.6.10_1,0.6357267950963222,0.9617296917533533
2024,05,CHE.20.6.11_1,0.6234676007005254,0.9576304088739037
2024,05,CHE.20.6.2_1,0.6532399299474606,0.9672042183530839
2024,05,CHE.20.6.3_1,0.6427320490367776,0.9639730286683336
2024,05,CHE.20.6.4_1,0.63922942206655,0.9628603221651623
2024,05,CHE.20.6.5_1,0.670753064798599,0.9722365967191319
2024,05,CHE.20.6.6_1,0.6760070052539405,0.9736611320166786
2024,05,CHE.20.6.7_1,0.6357267950963222,0.9617296917533533
2024,05,CHE.20.6.8_1,0.6479859894921192,0.9656086163658648
2024,05,CHE.20.6.9_1,0.6549912434325745,0.9677272342969376
2024,05,CHE.20.7.1_1,0.6654991243432575,0.9707728879609279
2024,05,CHE.20.7.10_1,0.6742556917688267,0.9731906288081488
2024,05,CHE.20.7.11_1,0.6322241681260946,0.9605810741421048
2024,05,CHE.20.7.12_1,0.6567425569176883,0.9682458365518543
2024,05,CHE.20.7.13_1,0.6777583187390543,0.9741273017424364
2024,05,CHE.20.7.14_1,0.660245183887916,0.9692698282728087
2024,05,CHE.20.7.15_1,0.6935201401050789,0.9781288258711119
2024,05,CHE.20.7.2_1,0.6427320490367776,0.9639730286683336
2024,05,CHE.20.7.3_1,0.6129597197898424,0.9539392014169457
2024,05,CHE.20.7.4_1,0.6357267950963222,0.9617296917533533
2024,05,CHE.20.7.5_1,0.6374781085814362,0.962297251372984
2024,05,CHE.20.7.6_1,0.6742556917688267,0.9731906288081488
2024,05,CHE.20.7.7_1,0.6479859894921192,0.9656086163658648
2024,05,CHE.20.7.8_1,0.6900175131348513,0.9772696659571503
2024,05,CHE.20.7.9_1,0.6182136602451839,0.9558054195284729
2024,05,CHE.20.8.1_1,0.6900175131348513,0.9772696659571503
2024,05,CHE.20.8.10_1,0.6514886164623468,0.9666767815562759
2024,05,CHE.20.8.11_1,0.6304728546409808,0.96
2024,05,CHE.20.8.12_1,0.6322241681260946,0.9605810741421048
2024,05,CHE.20.8.13_1,0.6234676007005254,0.9576304088739037
2024,05,CHE.20.8.2_1,0.6427320490367776,0.9639730286683336
2024,05,CHE.20.8.3_1,0.6409807355516638,0.9634189120003821
2024,05,CHE.20.8.4_1,0.6549912434325745,0.9677272342969376
2024,05,CHE.20.8.5_1,0.6777583187390543,0.9741273017424364
2024,05,CHE.20.8.6_1,0.6690017513134852,0.9717530550505102
2024,05,CHE.20.8.7_1,0.6444833625218914,0.9645226798784983
2024,05,CHE.20.8.8_1,0.6619964973730298,0.9697752316903129
2024,05,CHE.20.8.9_1,0.6304728546409808,0.96
2024,05,CHE.20.9.1_1,0.628721541155867,0.9594144047282176
2024,05,CHE.20.9.2_1,0.6234676007005254,0.9576304088739037
2024,05,CHE.20.9.3_1,0.6654991243432575,0.9707728879609279
2024,05,CHE.20.9.4_1,0.6847635726795097,0.9759487691472335
2024,05,CHE.20.9.5_1,0.6374781085814362,0.962297251372984
2024,05,CHE.20.9.6_1,0.6584938704028022,0.9687600322061186
2024,05,CHE.20.9.7_1,0.6865148861646235,0.9763933633531108
2024,05,CHE.20.9.8_1,0.6514886164623468,0.9666767815562759
2024,05,CHE.21.1.1_1,0.6427320490367776,0.9639730286683336
2024,05,CHE.21.1.10_1,0.7425569176882663,0.9883804935347521
2024,05,CHE.21.1.11_1,0.6847635726795097,0.9759487691472335
2024,05,CHE.21.1.12_1,0.6549912434325745,0.9677272342969376
2024,05,CHE.21.1.13_1,0.6567425569176883,0.9682458365518543
2024,05,CHE.21.1.14_1,0.6672504378283713,0.9712651543219287
2024,05,CHE.21.1.15_1,0.6234676007005254,0.9576304088739037
2024,05,CHE.21.1.16_1,0.6637478108581437,0.970276249322841
2024,05,CHE.21.1.17_1,0.6690017513134852,0.9717530550505102
2024,05,CHE.21.1.18_1,0.6584938704028022,0.9687600322061186
2024,05,CHE.21.1.19_1,0.6935201401050789,0.9781288258711119
2024,05,CHE.21.1.2_1,0.6444833625218914,0.9645226798784983
2024,05,CHE.21.1.3_1,0.6690017513134852,0.9717530550505102
2024,05,CHE.21.1.4_1,0.6462346760070053,0.965067873260736
2024,05,CHE.21.1.5_1,0.6374781085814362,0.962297251372984
2024,05,CHE.21.1.6_1,0.6427320490367776,0.9639730286683336
2024,05,CHE.21.1.7_1,0.63922942206655,0.9628603221651623
2024,05,CHE.21.1.8_1,0.712784588441331,0.9825497442877892
2024,05,CHE.21.1.9_1,0.6444833625218914,0.9645226798784983
2024,05,CHE.21.2.1_1,0.63922942206655,0.9628603221651623
2024,05,CHE.21.2.2_1,0.6094570928196147,0.9526720317087093
2024,05,CHE.21.2.3_1,0.6252189141856392,0.9582296175760798
2024,05,CHE.21.2.4_1,0.6462346760070053,0.965067873260736
2024,05,CHE.21.2.5_1,0.6462346760070053,0.965067873260736
2024,05,CHE.21.3.1_1,0.6112084063047285,0.9533079250693346
2024,05,CHE.21.3.10_1,0.6007005253940456,0.9494229826584145
2024,05,CHE.21.3.11_1,0.6865148861646235,0.9763933633531108
2024,05,CHE.21.3.12_1,0.5919439579684764,0.946057080730333
2024,05,CHE.21.3.13_1,0.649737302977233,0.9661449166662318
2024,05,CHE.21.3.14_1,0.670753064798599,0.9722365967191319
2024,05,CHE.21.3.15_1,0.7075306479859896,0.9813949256033475
2024,05,CHE.21.3.16_1,0.5796847635726796,0.9411461098044235
2024,05,CHE.21.3.17_1,0.6147110332749562,0.954565869911553
2024,05,CHE.21.3.18_1,0.6795096322241682,0.9745891442038537
2024,05,CHE.21.3.2_1,0.6427320490367776,0.9639730286683336
2024,05,CHE.21.3.3_1,0.6059544658493871,0.9513863568498342
2024,05,CHE.21.3.4_1,0.670753064798599,0.9722365967191319
2024,05,CHE.21.3.5_1,0.62697022767075306,0.9588242800430119
2024,05,CHE.21.3.6_1,0.660245183887916,0.9692698282728087
2024,05,CHE.21.3.7_1,0.628721541155867,0.9594144047282176
2024,05,CHE.21.3.8_1,0.6690017513134852,0.9717530550505102
2024,05,CHE.21.3.9_1,0.6199649737302978,0.9564183185196736
2024,05,CHE.21.4.1_1,0.6742556917688267,0.9731906288081488
2024,05,CHE.21.4.10_1,0.6777583187390543,0.9741273017424364
2024,05,CHE.21.4.11_1,0.6795096322241682,0.9745891442038537
2024,05,CHE.21.4.12_1,0.7022767075306481,0.9802020199938377
2024,05,CHE.21.4.13_1,0.7180385288966725,0.983666610188635
2024,05,CHE.21.4.14_1,0.6725043782837129,0.9727157858285225
2024,05,CHE.21.4.15_1,0.712784588441331,0.9825497442877892
2024,05,CHE.21.4.16_1,0.712784588441331,0.9825497442877892
2024,05,CHE.21.4.17_1,0.6777583187390543,0.9741273017424364
2024,05,CHE.21.4.18_1,0.6795096322241682,0.9745891442038537
2024,05,CHE.21.4.19_1,0.6935201401050789,0.9781288258711119
2024,05,CHE.21.4.2_1,0.6129597197898424,0.9539392014169457
2024,05,CHE.21.4.20_1,0.6637478108581437,0.970276249322841
2024,05,CHE.21.4.21_1,0.7548161120840631,0.9904322288778774
2024,05,CHE.21.4.22_1,0.6952714535901927,0.97855199146494
2024,05,CHE.21.4.23_1,0.7320490367775833,0.98646033878712025
2024,05,CHE.21.4.24_1,0.7232924693520141,0.9847456524402634
2024,05,CHE.21.4.25_1,0.6252189141856392,0.9582296175760798
2024,05,CHE.21.4.26_1,0.6865148861646235,0.9763933633531108
2024,05,CHE.21.4.27_1,0.6374781085814362,0.962297251372984
2024,05,CHE.21.4.28_1,0.7075306479859896,0.9813949256033475
2024,05,CHE.21.4.29_1,0.649737302977233,0.9661449166662318
2024,05,CHE.21.4.3_1,0.63922942206655,0.9628603221651623
2024,05,CHE.21.4.30_1,0.6935201401050789,0.9781288258711119
2024,05,CHE.21.4.31_1,0.6987740805604205,0.9793855216409929
2024,05,CHE.21.4.32_1,0.7180385288966725,0.983666610188635
2024,05,CHE.21.4.33_1,0.6812609457092821,0.975046665549911
2024,05,CHE.21.4.34_1,0.6304728546409808,0.96
2024,05,CHE.21.4.35_1,0.6952714535901927,0.97855199146494
2024,05,CHE.21.4.36_1,0.6952714535901927,0.97855199146494
2024,05,CHE.21.4.37_1,0.6304728546409808,0.96
2024,05,CHE.21.4.38_1,0.6637478108581437,0.970276249322841
2024,05,CHE.21.4.39_1,0.6847635726795097,0.9759487691472335
2024,05,CHE.21.4.4_1,0.6952714535901927,0.97855199146494
2024,05,CHE.21.4.40_1,0.6619964973730298,0.9697752316903129
2024,05,CHE.21.4.5_1,0.6900175131348513,0.9772696659571503
2024,05,CHE.21.4.6_1,0.6812609457092821,0.975046665549911
2024,05,CHE.21.4.7_1,0.7057793345008757,0.9810015290507961
2024,05,CHE.21.4.8_1,0.7057793345008757,0.9810015290507961
2024,05,CHE.21.4.9_1,0.7145359019264449,0.9829262434180909
2024,05,CHE.21.5.1_1,0.7005253940455343,0.9797958971132712
2024,05,CHE.21.5.10_1,0.6584938704028022,0.9687600322061186
2024,05,CHE.21.5.11_1,0.660245183887916,0.9692698282728087
2024,05,CHE.21.5.12_1,0.6514886164623468,0.9666767815562759
2024,05,CHE.21.5.13_1,0.7057793345008757,0.9810015290507961
2024,05,CHE.21.5.14_1,0.6427320490367776,0.9639730286683336
2024,05,CHE.21.5.15_1,0.62697022767075306,0.9588242800430119
2024,05,CHE.21.5.16_1,0.6619964973730298,0.9697752316903129
2024,05,CHE.21.5.17_1,0.6304728546409808,0.96
2024,05,CHE.21.5.18_1,0.6339754816112084,0.9611576353543679
2024,05,CHE.21.5.19_1,0.7022767075306481,0.9802020199938377
2024,05,CHE.21.5.2_1,0.6865148861646235,0.9763933633531108
2024,05,CHE.21.5.20_1,0.6672504378283713,0.9712651543219287
2024,05,CHE.21.5.21_1,0.6812609457092821,0.975046665549911
2024,05,CHE.21.5.22_1,0.6479859894921192,0.9656086163658648
2024,05,CHE.21.5.23_1,0.7005253940455343,0.9797958971132712
2024,05,CHE.21.5.24_1,0.6427320490367776,0.9639730286683336
2024,05,CHE.21.5.25_1,0.649737302977233,0.9661449166662318
2024,05,CHE.21.5.26_1,0.6690017513134852,0.9717530550505102
2024,05,CHE.21.5.27_1,0.6252189141856392,0.9582296175760798
2024,05,CHE.21.5.28_1,0.6847635726795097,0.9759487691472335
2024,05,CHE.21.5.29_1,0.6725043782837129,0.9727157858285225
2024,05,CHE.21.5.3_1,0.6532399299474606,0.9672042183530839
2024,05,CHE.21.5.30_1,0.6532399299474606,0.9672042183530839
2024,05,CHE.21.5.31_1,0.6952714535901927,0.97855199146494
2024,05,CHE.21.5.32_1,0.649737302977233,0.9661449166662318
2024,05,CHE.21.5.33_1,0.6900175131348513,0.9772696659571503
2024,05,CHE.21.5.34_1,0.7005253940455343,0.9797958971132712
2024,05,CHE.21.5.35_1,0.63922942206655,0.9628603221651623
2024,05,CHE.21.5.36_1,0.6479859894921192,0.9656086163658648
2024,05,CHE.21.5.37_1,0.670753064798599,0.9722365967191319
2024,05,CHE.21.5.38_1,0.6164623467600701,0.955187939622355
2024,05,CHE.21.5.39_1,0.6987740805604205,0.9793855216409929
2024,05,CHE.21.5.4_1,0.6479859894921192,0.9656086163658648
2024,05,CHE.21.5.40_1,0.660245183887916,0.9692698282728087
2024,05,CHE.21.5.41_1,0.6409807355516638,0.9634189120003821
2024,05,CHE.21.5.42_1,0.6672504378283713,0.9712651543219287
2024,05,CHE.21.5.43_1,0.6917688266199651,0.9777013859047148
2024,05,CHE.21.5.44_1,0.6812609457092821,0.975046665549911
2024,05,CHE.21.5.45_1,0.6917688266199651,0.9777013859047148
2024,05,CHE.21.5.46_1,0.6654991243432575,0.9707728879609279
2024,05,CHE.21.5.47_1,0.6882661996497373,0.976833660353696
2024,05,CHE.21.5.48_1,0.6865148861646235,0.9763933633531108
2024,05,CHE.21.5.49_1,0.6672504378283713,0.9712651543219287
2024,05,CHE.21.5.5_1,0.6777583187390543,0.9741273017424364
2024,05,CHE.21.5.50_1,0.6654991243432575,0.9707728879609279
2024,05,CHE.21.5.51_1,0.6322241681260946,0.9605810741421048
2024,05,CHE.21.5.52_1,0.6812609457092821,0.975046665549911
2024,05,CHE.21.5.53_1,0.6760070052539405,0.9736611320166786
2024,05,CHE.21.5.54_1,0.649737302977233,0.9661449166662318
2024,05,CHE.21.5.55_1,0.7075306479859896,0.9813949256033475
2024,05,CHE.21.5.56_1,0.6532399299474606,0.9672042183530839
2024,05,CHE.21.5.57_1,0.6637478108581437,0.970276249322841
2024,05,CHE.21.5.58_1,0.7040280210157619,0.9806038955664005
2024,05,CHE.21.5.59_1,0.6654991243432575,0.9707728879609279
2024,05,CHE.21.5.6_1,0.6549912434325745,0.9677272342969376
2024,05,CHE.21.5.60_1,0.6567425569176883,0.9682458365518543
2024,05,CHE.21.5.61_1,0.6532399299474606,0.9672042183530839
2024,05,CHE.21.5.62_1,0.6812609457092821,0.975046665549911
2024,05,CHE.21.5.63_1,0.6830122591943959,0.9754998718605759
2024,05,CHE.21.5.64_1,0.6952714535901927,0.97855199146494
2024,05,CHE.21.5.65_1,0.7005253940455343,0.9797958971132712
2024,05,CHE.21.5.66_1,0.6847635726795097,0.9759487691472335
2024,05,CHE.21.5.67_1,0.670753064798599,0.9722365967191319
2024,05,CHE.21.5.7_1,0.7267950963222417,0.9854440623394105
2024,05,CHE.21.5.8_1,0.6532399299474606,0.9672042183530839
2024,05,CHE.21.5.9_1,0.6690017513134852,0.9717530550505102
2024,05,CHE.21.6.1_1,0.6690017513134852,0.9717530550505102
2024,05,CHE.21.6.10_1,0.670753064798599,0.9722365967191319
2024,05,CHE.21.6.11_1,0.6690017513134852,0.9717530550505102
2024,05,CHE.21.6.12_1,0.7302977232924693,0.9861257526299574
2024,05,CHE.21.6.13_1,0.6742556917688267,0.9731906288081488
2024,05,CHE.21.6.14_1,0.6882661996497373,0.976833660353696
2024,05,CHE.21.6.15_1,0.6847635726795097,0.9759487691472335
2024,05,CHE.21.6.16_1,0.6795096322241682,0.9745891442038537
2024,05,CHE.21.6.17_1,0.7075306479859896,0.9813949256033475
2024,05,CHE.21.6.18_1,0.6742556917688267,0.9731906288081488
2024,05,CHE.21.6.19_1,0.6777583187390543,0.9741273017424364
2024,05,CHE.21.6.2_1,0.6865148861646235,0.9763933633531108
2024,05,CHE.21.6.3_1,0.6987740805604205,0.9793855216409929
2024,05,CHE.21.6.4_1,0.6760070052539405,0.9736611320166786
2024,05,CHE.21.6.5_1,0.7110332749562173,0.9821690282227392
2024,05,CHE.21.6.6_1,0.6987740805604205,0.9793855216409929
2024,05,CHE.21.6.7_1,0.7145359019264449,0.9829262434180909
2024,05,CHE.21.6.8_1,0.7022767075306481,0.9802020199938377
2024,05,CHE.21.6.9_1,0.6549912434325745,0.9677272342969376
2024,05,CHE.21.7.1_1,0.6760070052539405,0.9736611320166786
2024,05,CHE.21.7.2_1,0.6760070052539405,0.9736611320166786
2024,05,CHE.21.7.3_1,0.6094570928196147,0.9526720317087093
2024,05,CHE.21.7.4_1,0.6952714535901927,0.97855199146494
2024,05,CHE.21.7.5_1,0.6725043782837129,0.9727157858285225
2024,05,CHE.21.7.6_1,0.6742556917688267,0.9731906288081488
2024,05,CHE.21.8.1_1,0.6882661996497373,0.976833660353696
2024,05,CHE.21.8.2_1,0.5954465849387042,0.9474175425861608
2024,05,CHE.21.8.3_1,0.5569176882661997,0.931398947819891
2024,05,CHE.21.8.4_1,0.6042031523642732,0.9507365565707464
2024,05,CHE.21.8.5_1,0.5779334500875658,0.9404254356406998
2024,05,CHE.21.8.6_1,0.6549912434325745,0.9677272342969376
2024,05,CHE.21.8.7_1,0.6567425569176883,0.9682458365518543
2024,05,CHE.21.8.8_1,0.6777583187390543,0.9741273017424364
2024,05,CHE.22.1.1_1,0.5499124343257443,0.9282327294380435
2024,05,CHE.22.1.10_1,0.5604203152364273,0.9329523031752481
2024,05,CHE.22.1.11_1,0.6059544658493871,0.9513863568498342
2024,05,CHE.22.1.12_1,0.597197898423818,0.9480907129594721
2024,05,CHE.22.1.13_1,0.5831873905429072,0.9425730740902798
2024,05,CHE.22.1.14_1,0.5446584938704029,0.9258055951440345
2024,05,CHE.22.1.15_1,0.6147110332749562,0.954565869911553
2024,05,CHE.22.1.16_1,0.5639229422066551,0.9344859549506349
2024,05,CHE.22.1.17_1,0.6182136602451839,0.9558054195284729
2024,05,CHE.22.1.18_1,0.5639229422066551,0.9344859549506349
2024,05,CHE.22.1.19_1,0.5989492119089318,0.9487591896788141
2024,05,CHE.22.1.2_1,0.5884413309982488,0.9446777228240327
2024,05,CHE.22.1.20_1,0.5901926444833626,0.9453697689264238
2024,05,CHE.22.1.21_1,0.5411558669001751,0.9241623234042816
2024,05,CHE.22.1.3_1,0.5726795096322242,0.9382345122622595
2024,05,CHE.22.1.4_1,0.597197898423818,0.9480907129594721
2024,05,CHE.22.1.5_1,0.5796847635726796,0.9411461098044235
2024,05,CHE.22.1.6_1,0.5411558669001751,0.9241623234042816
2024,05,CHE.22.1.7_1,0.586690017513135,0.9439809320108113
2024,05,CHE.22.1.8_1,0.5394045534150613,0.923333092659415
2024,05,CHE.22.1.9_1,0.5446584938704029,0.9258055951440345
2024,05,CHE.23.1.1_1,0.5779334500875658,0.9404254356406998
2024,05,CHE.23.1.2_1,0.6077057793345009,0.9520315120835025
2024,05,CHE.23.1.3_1,0.6007005253940456,0.9494229826584145
2024,05,CHE.23.1.4_1,0.5288966725043783,0.918250510481753
2024,05,CHE.23.1.5_1,0.532399299474606,0.9199652167337633
2024,05,CHE.23.1.6_1,0.5901926444833626,0.9453697689264238
2024,05,CHE.23.1.7_1,0.521891418563923,0.9147589846511485
2024,05,CHE.23.1.8_1,0.628721541155867,0.9594144047282176
2024,05,CHE.23.1.9_1,0.5639229422066551,0.9344859549506349
2024,05,CHE.23.10.1_1,0.6252189141856392,0.9582296175760798
2024,05,CHE.23.10.10_1,0.649737302977233,0.9661449166662318
2024,05,CHE.23.10.2_1,0.6252189141856392,0.9582296175760798
2024,05,CHE.23.10.3_1,0.6094570928196147,0.9526720317087093
2024,05,CHE.23.10.4_1,0.5779334500875658,0.9404254356406998
2024,05,CHE.23.10.5_1,0.6462346760070053,0.965067873260736
2024,05,CHE.23.10.6_1,0.63922942206655,0.9628603221651623
2024,05,CHE.23.10.7_1,0.5586690017513135,0.9321780945720619
2024,05,CHE.23.10.8_1,0.6042031523642732,0.9507365565707464
2024,05,CHE.23.10.9_1,0.6094570928196147,0.9526720317087093
2024,05,CHE.23.11.1_1,0.4973730297723292,0.9018736053350269
2024,05,CHE.23.11.10_1,0.5464098073555167,0.9266196630764966
2024,05,CHE.23.11.11_1,0.532399299474606,0.9199652167337633
2024,05,CHE.23.11.12_1,0.532399299474606,0.9199652167337633
2024,05,CHE.23.11.13_1,0.5359019264448337,0.9216593730874764
2024,05,CHE.23.11.14_1,0.56217162872154125,0.9337215859130601
2024,05,CHE.23.11.15_1,0.5271453590192645,0.9173854151881858
2024,05,CHE.23.11.16_1,0.5359019264448337,0.9216593730874764
2024,05,CHE.23.11.17_1,0.5376532399299475,0.9224987804869988
2024,05,CHE.23.11.18_1,0.6042031523642732,0.9507365565707464
2024,05,CHE.23.11.19_1,0.5148861646234676,0.9111838453352868
2024,05,CHE.23.11.2_1,0.5376532399299475,0.9224987804869988
2024,05,CHE.23.11.20_1,0.5674255691768827,0.936
2024,05,CHE.23.11.3_1,0.5604203152364273,0.9329523031752481
2024,05,CHE.23.11.4_1,0.5691768826619966,0.9367496997597597
2024,05,CHE.23.11.5_1,0.597197898423818,0.9480907129594721
2024,05,CHE.23.11.6_1,0.5131348511383538,0.9102768809543611
2024,05,CHE.23.11.7_1,0.5551663747810859,0.9306148505155073
2024,05,CHE.23.11.8_1,0.5779334500875658,0.9404254356406998
2024,05,CHE.23.11.9_1,0.521891418563923,0.9147589846511485
2024,05,CHE.23.12.1_1,0.5288966725043783,0.918250510481753
2024,05,CHE.23.12.2_1,0.5569176882661997,0.931398947819891
2024,05,CHE.23.12.3_1,0.6059544658493871,0.9513863568498342
2024,05,CHE.23.12.4_1,0.5481611208406305,0.9274287034591931
2024,05,CHE.23.12.5_1,0.5043782837127846,0.905662188677434
2024,05,CHE.23.12.6_1,0.6024518388791593,0.9500821017154254
2024,05,CHE.23.13.1_1,0.5709281961471104,0.9374945333173949
2024,05,CHE.23.13.10_1,0.521891418563923,0.9147589846511485
2024,05,CHE.23.13.11_1,0.5411558669001751,0.9241623234042816
2024,05,CHE.23.13.12_1,0.5376532399299475,0.9224987804869988
2024,05,CHE.23.13.13_1,0.4588441330998249,0.8794452797076121
2024,05,CHE.23.13.14_1,0.5411558669001751,0.9241623234042816
2024,05,CHE.23.13.15_1,0.6164623467600701,0.955187939622355
2024,05,CHE.23.13.16_1,0.56217162872154125,0.9337215859130601
2024,05,CHE.23.13.17_1,0.5849387040280211,0.9432793859721519
2024,05,CHE.23.13.18_1,0.48336252189141865,0.8940335564172074
2024,05,CHE.23.13.2_1,0.5569176882661997,0.931398947819891
2024,05,CHE.23.13.3_1,0.5376532399299475,0.9224987804869988
2024,05,CHE.23.13.4_1,0.5253940455341506,0.916515138991168
2024,05,CHE.23.13.5_1,0.43957968476357273,0.867177029216065
2024,05,CHE.23.13.6_1,0.5096322241681261,0.9084470265238365
2024,05,CHE.23.13.7_1,0.48511383537653247,0.8950329602869382
2024,05,CHE.23.13.8_1,0.4623467600700526,0.8815985480931783
2024,05,CHE.23.13.9_1,0.48336252189141865,0.8940335564172074
2024,05,CHE.23.14.1_1,0.6322241681260946,0.9605810741421048
2024,05,CHE.23.14.10_1,0.5814360770577934,0.9418619856433319
2024,05,CHE.23.14.11_1,0.5691768826619966,0.9367496997597597
2024,05,CHE.23.14.12_1,0.5569176882661997,0.931398947819891
2024,05,CHE.23.14.2_1,0.48861646234676015,0.8970150500409678
2024,05,CHE.23.14.3_1,0.6094570928196147,0.9526720317087093
2024,05,CHE.23.14.4_1,0.5849387040280211,0.9432793859721519
2024,05,CHE.23.14.5_1,0.5376532399299475,0.9224987804869988
2024,05,CHE.23.14.6_1,0.5954465849387042,0.9474175425861608
2024,05,CHE.23.14.7_1,0.5288966725043783,0.918250510481753
2024,05,CHE.23.14.8_1,0.6007005253940456,0.9494229826584145
2024,05,CHE.23.14.9_1,0.5586690017513135,0.9321780945720619
2024,05,CHE.23.2.1_1,0.5744308231173381,0.9389696480717574
2024,05,CHE.23.2.2_1,0.6059544658493871,0.9513863568498342
2024,05,CHE.23.2.3_1,0.5674255691768827,0.936
2024,05,CHE.23.2.4_1,0.5639229422066551,0.9344859549506349
2024,05,CHE.23.2.5_1,0.6234676007005254,0.9576304088739037
2024,05,CHE.23.3.1_1,0.48861646234676015,0.8970150500409678
2024,05,CHE.23.3.2_1,0.5253940455341506,0.916515138991168
2024,05,CHE.23.3.3_1,0.48511383537653247,0.8950329602869382
2024,05,CHE.23.3.4_1,0.47810858143607715,0.8910016835000931
2024,05,CHE.23.3.5_1,0.5779334500875658,0.9404254356406998
2024,05,CHE.23.3.6_1,0.5551663747810859,0.9306148505155073
2024,05,CHE.23.4.1_1,0.5061295971978984,0.9065958305661901
2024,05,CHE.23.4.10_1,0.500875656742557,0.9037787339830473
2024,05,CHE.23.4.11_1,0.56217162872154125,0.9337215859130601
2024,05,CHE.23.4.12_1,0.5499124343257443,0.9282327294380435
2024,05,CHE.23.4.13_1,0.5534150612959721,0.9298257901349047
2024,05,CHE.23.4.14_1,0.5761821366024519,0.939699952112375
2024,05,CHE.23.4.2_1,0.5446584938704029,0.9258055951440345
2024,05,CHE.23.4.3_1,0.5656742556917689,0.9352454223357631
2024,05,CHE.23.4.4_1,0.5761821366024519,0.939699952112375
2024,05,CHE.23.4.5_1,0.521891418563923,0.9147589846511485
2024,05,CHE.23.4.6_1,0.4956217162872154,0.9009128703709366
2024,05,CHE.23.4.7_1,0.5446584938704029,0.9258055951440345
2024,05,CHE.23.4.8_1,0.542907180385289,0.9249864863877743
2024,05,CHE.23.4.9_1,0.4973730297723292,0.9018736053350269
2024,05,CHE.23.5.1_1,0.5341506129597198,0.920814856526544
2024,05,CHE.23.5.2_1,0.48686514886164634,0.8960267853139213
2024,05,CHE.23.5.3_1,0.5253940455341506,0.916515138991168
2024,05,CHE.23.5.4_1,0.5849387040280211,0.9432793859721519
2024,05,CHE.23.5.5_1,0.542907180385289,0.9249864863877743
2024,05,CHE.23.5.6_1,0.5236427320490368,0.9156396671180208
2024,05,CHE.23.5.7_1,0.5183887915936953,0.9129819275319747
2024,05,CHE.23.5.8_1,0.5726795096322242,0.9382345122622595
2024,05,CHE.23.5.9_1,0.5446584938704029,0.9258055951440345
2024,05,CHE.23.6.1_1,0.5919439579684764,0.946057080730333
2024,05,CHE.23.6.10_1,0.5271453590192645,0.9173854151881858
2024,05,CHE.23.6.11_1,0.5359019264448337,0.9216593730874764
2024,05,CHE.23.6.12_1,0.5884413309982488,0.9446777228240327
2024,05,CHE.23.6.13_1,0.597197898423818,0.9480907129594721
2024,05,CHE.23.6.14_1,0.56217162872154125,0.9337215859130601
2024,05,CHE.23.6.15_1,0.542907180385289,0.9249864863877743
2024,05,CHE.23.6.2_1,0.532399299474606,0.9199652167337633
2024,05,CHE.23.6.3_1,0.5656742556917689,0.9352454223357631
2024,05,CHE.23.6.4_1,0.5709281961471104,0.9374945333173949
2024,05,CHE.23.6.5_1,0.6094570928196147,0.9526720317087093
2024,05,CHE.23.6.6_1,0.6077057793345009,0.9520315120835025
2024,05,CHE.23.6.7_1,0.5726795096322242,0.9382345122622595
2024,05,CHE.23.6.8_1,0.532399299474606,0.9199652167337633
2024,05,CHE.23.6.9_1,0.5359019264448337,0.9216593730874764
2024,05,CHE.23.7.1_1,0.6549912434325745,0.9677272342969376
2024,05,CHE.23.7.10_1,0.6042031523642732,0.9507365565707464
2024,05,CHE.23.7.11_1,0.5516637478108581,0.9290317540321213
2024,05,CHE.23.7.2_1,0.597197898423818,0.9480907129594721
2024,05,CHE.23.7.3_1,0.6409807355516638,0.9634189120003821
2024,05,CHE.23.7.4_1,0.6182136602451839,0.9558054195284729
2024,05,CHE.23.7.5_1,0.6024518388791593,0.9500821017154254
2024,05,CHE.23.7.6_1,0.6234676007005254,0.9576304088739037
2024,05,CHE.23.7.7_1,0.5831873905429072,0.9425730740902798
2024,05,CHE.23.7.8_1,0.5849387040280211,0.9432793859721519
2024,05,CHE.23.7.9_1,0.5954465849387042,0.9474175425861608
2024,05,CHE.23.8.1_1,0.5989492119089318,0.9487591896788141
2024,05,CHE.23.8.10_1,0.6357267950963222,0.9617296917533533
2024,05,CHE.23.8.2_1,0.6584938704028022,0.9687600322061186
2024,05,CHE.23.8.3_1,0.649737302977233,0.9661449166662318
2024,05,CHE.23.8.4_1,0.6112084063047285,0.9533079250693346
2024,05,CHE.23.8.5_1,0.6094570928196147,0.9526720317087093
2024,05,CHE.23.8.6_1,0.6339754816112084,0.9611576353543679
2024,05,CHE.23.8.7_1,0.5709281961471104,0.9374945333173949
2024,05,CHE.23.8.8_1,0.6042031523642732,0.9507365565707464
2024,05,CHE.23.8.9_1,0.6760070052539405,0.9736611320166786
2024,05,CHE.23.9.1_1,0.5411558669001751,0.9241623234042816
2024,05,CHE.23.9.2_1,0.5831873905429072,0.9425730740902798
2024,05,CHE.23.9.3_1,0.5796847635726796,0.9411461098044235
2024,05,CHE.23.9.4_1,0.5569176882661997,0.931398947819891
2024,05,CHE.23.9.5_1,0.56217162872154125,0.9337215859130601
2024,05,CHE.23.9.6_1,0.5306479859894921,0.9191104395011516
2024,05,CHE.23.9.7_1,0.6059544658493871,0.9513863568498342
2024,05,CHE.23.9.8_1,0.5464098073555167,0.9266196630764966
2024,05,CHE.24.1.1_1,0.6374781085814362,0.962297251372984
2024,05,CHE.24.1.10_1,0.5569176882661997,0.931398947819891
2024,05,CHE.24.1.11_1,0.6182136602451839,0.9558054195284729
2024,05,CHE.24.1.12_1,0.5691768826619966,0.9367496997597597
2024,05,CHE.24.1.13_1,0.6637478108581437,0.970276249322841
2024,05,CHE.24.1.14_1,0.6690017513134852,0.9717530550505102
2024,05,CHE.24.1.15_1,0.6725043782837129,0.9727157858285225
2024,05,CHE.24.1.16_1,0.6007005253940456,0.9494229826584145
2024,05,CHE.24.1.2_1,0.6479859894921192,0.9656086163658648
2024,05,CHE.24.1.3_1,0.6619964973730298,0.9697752316903129
2024,05,CHE.24.1.4_1,0.649737302977233,0.9661449166662318
2024,05,CHE.24.1.5_1,0.5849387040280211,0.9432793859721519
2024,05,CHE.24.1.6_1,0.6444833625218914,0.9645226798784983
2024,05,CHE.24.1.7_1,0.6129597197898424,0.9539392014169457
2024,05,CHE.24.1.8_1,0.6182136602451839,0.9558054195284729
2024,05,CHE.24.1.9_1,0.6462346760070053,0.965067873260736
2024,05,CHE.24.10.1_1,0.6479859894921192,0.9656086163658648
2024,05,CHE.24.10.10_1,0.6742556917688267,0.9731906288081488
2024,05,CHE.24.10.11_1,0.5831873905429072,0.9425730740902798
2024,05,CHE.24.10.12_1,0.6427320490367776,0.9639730286683336
2024,05,CHE.24.10.13_1,0.6532399299474606,0.9672042183530839
2024,05,CHE.24.10.2_1,0.6760070052539405,0.9736611320166786
2024,05,CHE.24.10.3_1,0.6427320490367776,0.9639730286683336
2024,05,CHE.24.10.4_1,0.6742556917688267,0.9731906288081488
2024,05,CHE.24.10.5_1,0.6672504378283713,0.9712651543219287
2024,05,CHE.24.10.6_1,0.6094570928196147,0.9526720317087093
2024,05,CHE.24.10.7_1,0.6549912434325745,0.9677272342969376
2024,05,CHE.24.10.8_1,0.6795096322241682,0.9745891442038537
2024,05,CHE.24.10.9_1,0.6514886164623468,0.9666767815562759
2024,05,CHE.24.2.1_1,0.660245183887916,0.9692698282728087
2024,05,CHE.24.2.10_1,0.6725043782837129,0.9727157858285225
2024,05,CHE.24.2.12_1,0.6672504378283713,0.9712651543219287
2024,05,CHE.24.2.13_1,0.6339754816112084,0.9611576353543679
2024,05,CHE.24.2.14_1,0.6830122591943959,0.9754998718605759
2024,05,CHE.24.2.15_1,0.6322241681260946,0.9605810741421048
2024,05,CHE.24.2.16_1,0.63922942206655,0.9628603221651623
2024,05,CHE.24.2.17_1,0.6514886164623468,0.9666767815562759
2024,05,CHE.24.2.18_1,0.7040280210157619,0.9806038955664005
2024,05,CHE.24.2.19_1,0.6532399299474606,0.9672042183530839
2024,05,CHE.24.2.2_1,0.7110332749562173,0.9821690282227392
2024,05,CHE.24.2.20_1,0.670753064798599,0.9722365967191319
2024,05,CHE.24.2.21_1,0.7040280210157619,0.9806038955664005
2024,05,CHE.24.2.22_1,0.6234676007005254,0.9576304088739037
2024,05,CHE.24.2.23_1,0.6567425569176883,0.9682458365518543
2024,05,CHE.24.2.25_1,0.6830122591943959,0.9754998718605759
2024,05,CHE.24.2.26_1,0.586690017513135,0.9439809320108113
2024,05,CHE.24.2.27_1,0.6637478108581437,0.970276249322841
2024,05,CHE.24.2.28_1,0.649737302977233,0.9661449166662318
2024,05,CHE.24.2.3_1,0.6182136602451839,0.9558054195284729
2024,05,CHE.24.2.30_1,0.7057793345008757,0.9810015290507961
2024,05,CHE.24.2.31_1,0.6654991243432575,0.9707728879609279
2024,05,CHE.24.2.32_1,0.6007005253940456,0.9494229826584145
2024,05,CHE.24.2.33_1,0.712784588441331,0.9825497442877892
2024,05,CHE.24.2.34_1,0.6760070052539405,0.9736611320166786
2024,05,CHE.24.2.35_1,0.6847635726795097,0.9759487691472335
2024,05,CHE.24.2.36_1,0.6164623467600701,0.955187939622355
2024,05,CHE.24.2.38_1,0.6164623467600701,0.955187939622355
2024,05,CHE.24.2.39_1,0.6654991243432575,0.9707728879609279
2024,05,CHE.24.2.4_1,0.62697022767075306,0.9588242800430119
2024,05,CHE.24.2.40_1,0.6357267950963222,0.9617296917533533
2024,05,CHE.24.2.41_1,0.6129597197898424,0.9539392014169457
2024,05,CHE.24.2.42_1,0.6462346760070053,0.965067873260736
2024,05,CHE.24.2.43_1,0.6725043782837129,0.9727157858285225
2024,05,CHE.24.2.45_1,0.6234676007005254,0.9576304088739037
2024,05,CHE.24.2.46_1,0.5919439579684764,0.946057080730333
2024,05,CHE.24.2.48_1,0.6462346760070053,0.965067873260736
2024,05,CHE.24.2.49_1,0.7513134851138354,0.9898666576867816
2024,05,CHE.24.2.5_1,0.62697022767075306,0.9588242800430119
2024,05,CHE.24.2.50_1,0.649737302977233,0.9661449166662318
2024,05,CHE.24.2.51_1,0.6514886164623468,0.9666767815562759
2024,05,CHE.24.2.52_1,0.6882661996497373,0.976833660353696
2024,05,CHE.24.2.54_1,0.6462346760070053,0.965067873260736
2024,05,CHE.24.2.55_1,0.62697022767075306,0.9588242800430119
2024,05,CHE.24.2.6_1,0.6024518388791593,0.9500821017154254
2024,05,CHE.24.2.7_1,0.7162872154115587,0.9832985304575615
2024,05,CHE.24.2.8_1,0.6690017513134852,0.9717530550505102
2024,05,CHE.24.2.9_1,0.6217162872154116,0.9570266453970862
2024,05,CHE.24.3.1_1,0.6427320490367776,0.9639730286683336
2024,05,CHE.24.3.10_1,0.6427320490367776,0.9639730286683336
2024,05,CHE.24.3.11_1,0.649737302977233,0.9661449166662318
2024,05,CHE.24.3.12_1,0.628721541155867,0.9594144047282176
2024,05,CHE.24.3.13_1,0.6690017513134852,0.9717530550505102
2024,05,CHE.24.3.14_1,0.6147110332749562,0.954565869911553
2024,05,CHE.24.3.15_1,0.6182136602451839,0.9558054195284729
2024,05,CHE.24.3.16_1,0.6304728546409808,0.96
2024,05,CHE.24.3.17_1,0.6812609457092821,0.975046665549911
2024,05,CHE.24.3.18_1,0.628721541155867,0.9594144047282176
2024,05,CHE.24.3.19_1,0.649737302977233,0.9661449166662318
2024,05,CHE.24.3.2_1,0.6252189141856392,0.9582296175760798
2024,05,CHE.24.3.20_1,0.6339754816112084,0.9611576353543679
2024,05,CHE.24.3.21_1,0.6304728546409808,0.96
2024,05,CHE.24.3.22_1,0.6952714535901927,0.97855199146494
2024,05,CHE.24.3.23_1,0.6952714535901927,0.97855199146494
2024,05,CHE.24.3.24_1,0.670753064798599,0.9722365967191319
2024,05,CHE.24.3.25_1,0.670753064798599,0.9722365967191319
2024,05,CHE.24.3.26_1,0.6112084063047285,0.9533079250693346
2024,05,CHE.24.3.27_1,0.6339754816112084,0.9611576353543679
2024,05,CHE.24.3.28_1,0.6147110332749562,0.954565869911553
2024,05,CHE.24.3.29_1,0.6462346760070053,0.965067873260736
2024,05,CHE.24.3.3_1,0.7057793345008757,0.9810015290507961
2024,05,CHE.24.3.30_1,0.6567425569176883,0.9682458365518543
2024,05,CHE.24.3.31_1,0.6462346760070053,0.965067873260736
2024,05,CHE.24.3.32_1,0.6479859894921192,0.9656086163658648
2024,05,CHE.24.3.33_1,0.6322241681260946,0.9605810741421048
2024,05,CHE.24.3.34_1,0.6304728546409808,0.96
2024,05,CHE.24.3.35_1,0.6374781085814362,0.962297251372984
2024,05,CHE.24.3.36_1,0.6304728546409808,0.96
2024,05,CHE.24.3.37_1,0.7390542907180385,0.9877570551507087
2024,05,CHE.24.3.38_1,0.6987740805604205,0.9793855216409929
2024,05,CHE.24.3.39_1,0.6409807355516638,0.9634189120003821
2024,05,CHE.24.3.4_1,0.6339754816112084,0.9611576353543679
2024,05,CHE.24.3.40_1,0.6357267950963222,0.9617296917533533
2024,05,CHE.24.3.41_1,0.6812609457092821,0.975046665549911
2024,05,CHE.24.3.42_1,0.6042031523642732,0.9507365565707464
2024,05,CHE.24.3.43_1,0.6760070052539405,0.9736611320166786
2024,05,CHE.24.3.44_1,0.6742556917688267,0.9731906288081488
2024,05,CHE.24.3.45_1,0.6479859894921192,0.9656086163658648
2024,05,CHE.24.3.46_1,0.6112084063047285,0.9533079250693346
2024,05,CHE.24.3.47_1,0.6987740805604205,0.9793855216409929
2024,05,CHE.24.3.48_1,0.6549912434325745,0.9677272342969376
2024,05,CHE.24.3.49_1,0.6147110332749562,0.954565869911553
2024,05,CHE.24.3.5_1,0.660245183887916,0.9692698282728087
2024,05,CHE.24.3.50_1,0.6094570928196147,0.9526720317087093
2024,05,CHE.24.3.51_1,0.6357267950963222,0.9617296917533533
2024,05,CHE.24.3.52_1,0.5569176882661997,0.931398947819891
2024,05,CHE.24.3.53_1,0.6409807355516638,0.9634189120003821
2024,05,CHE.24.3.54_1,0.6059544658493871,0.9513863568498342
2024,05,CHE.24.3.6_1,0.6567425569176883,0.9682458365518543
2024,05,CHE.24.3.7_1,0.6725043782837129,0.9727157858285225
2024,05,CHE.24.3.8_1,0.6725043782837129,0.9727157858285225
2024,05,CHE.24.3.9_1,0.6865148861646235,0.9763933633531108
2024,05,CHE.24.4.1_1,0.63922942206655,0.9628603221651623
2024,05,CHE.24.4.10_1,0.6567425569176883,0.9682458365518543
2024,05,CHE.24.4.11_1,0.6584938704028022,0.9687600322061186
2024,05,CHE.24.4.12_1,0.6637478108581437,0.970276249322841
2024,05,CHE.24.4.13_1,0.6479859894921192,0.9656086163658648
2024,05,CHE.24.4.14_1,0.7197898423817863,0.9840304873325826
2024,05,CHE.24.4.15_1,0.6444833625218914,0.9645226798784983
2024,05,CHE.24.4.16_1,0.6427320490367776,0.9639730286683336
2024,05,CHE.24.4.17_1,0.6654991243432575,0.9707728879609279
2024,05,CHE.24.4.18_1,0.649737302977233,0.9661449166662318
2024,05,CHE.24.4.19_1,0.6532399299474606,0.9672042183530839
2024,05,CHE.24.4.2_1,0.7057793345008757,0.9810015290507961
2024,05,CHE.24.4.20_1,0.6619964973730298,0.9697752316903129
2024,05,CHE.24.4.21_1,0.6567425569176883,0.9682458365518543
2024,05,CHE.24.4.22_1,0.6882661996497373,0.976833660353696
2024,05,CHE.24.4.23_1,0.7180385288966725,0.983666610188635
2024,05,CHE.24.4.24_1,0.6549912434325745,0.9677272342969376
2024,05,CHE.24.4.25_1,0.6777583187390543,0.9741273017424364
2024,05,CHE.24.4.26_1,0.6725043782837129,0.9727157858285225
2024,05,CHE.24.4.27_1,0.7057793345008757,0.9810015290507961
2024,05,CHE.24.4.28_1,0.6917688266199651,0.9777013859047148
2024,05,CHE.24.4.29_1,0.6532399299474606,0.9672042183530839
2024,05,CHE.24.4.3_1,0.6690017513134852,0.9717530550505102
2024,05,CHE.24.4.30_1,0.6619964973730298,0.9697752316903129
2024,05,CHE.24.4.31_1,0.6952714535901927,0.97855199146494
2024,05,CHE.24.4.32_1,0.670753064798599,0.9722365967191319
2024,05,CHE.24.4.33_1,0.6865148861646235,0.9763933633531108
2024,05,CHE.24.4.34_1,0.6777583187390543,0.9741273017424364
2024,05,CHE.24.4.35_1,0.6777583187390543,0.9741273017424364
2024,05,CHE.24.4.36_1,0.6637478108581437,0.970276249322841
2024,05,CHE.24.4.37_1,0.6725043782837129,0.9727157858285225
2024,05,CHE.24.4.38_1,0.6567425569176883,0.9682458365518543
2024,05,CHE.24.4.39_1,0.6164623467600701,0.955187939622355
2024,05,CHE.24.4.4_1,0.6795096322241682,0.9745891442038537
2024,05,CHE.24.4.40_1,0.628721541155867,0.9594144047282176
2024,05,CHE.24.4.41_1,0.6619964973730298,0.9697752316903129
2024,05,CHE.24.4.42_1,0.6094570928196147,0.9526720317087093
2024,05,CHE.24.4.43_1,0.6077057793345009,0.9520315120835025
2024,05,CHE.24.4.44_1,0.6935201401050789,0.9781288258711119
2024,05,CHE.24.4.45_1,0.670753064798599,0.9722365967191319
2024,05,CHE.24.4.46_1,0.6760070052539405,0.9736611320166786
2024,05,CHE.24.4.47_1,0.6865148861646235,0.9763933633531108
2024,05,CHE.24.4.48_1,0.6847635726795097,0.9759487691472335
2024,05,CHE.24.4.49_1,0.6742556917688267,0.9731906288081488
2024,05,CHE.24.4.5_1,0.6812609457092821,0.975046665549911
2024,05,CHE.24.4.50_1,0.6672504378283713,0.9712651543219287
2024,05,CHE.24.4.51_1,0.6777583187390543,0.9741273017424364
2024,05,CHE.24.4.52_1,0.6882661996497373,0.976833660353696
2024,05,CHE.24.4.53_1,0.6900175131348513,0.9772696659571503
2024,05,CHE.24.4.54_1,0.6427320490367776,0.9639730286683336
2024,05,CHE.24.4.55_1,0.6672504378283713,0.9712651543219287
2024,05,CHE.24.4.56_1,0.6619964973730298,0.9697752316903129
2024,05,CHE.24.4.57_1,0.6777583187390543,0.9741273017424364
2024,05,CHE.24.4.58_1,0.6952714535901927,0.97855199146494
2024,05,CHE.24.4.59_1,0.6725043782837129,0.9727157858285225
2024,05,CHE.24.4.6_1,0.6654991243432575,0.9707728879609279
2024,05,CHE.24.4.60_1,0.62697022767075306,0.9588242800430119
2024,05,CHE.24.4.61_1,0.7180385288966725,0.983666610188635
2024,05,CHE.24.4.62_1,0.7110332749562173,0.9821690282227392
2024,05,CHE.24.4.63_1,0.660245183887916,0.9692698282728087
2024,05,CHE.24.4.64_1,0.7040280210157619,0.9806038955664005
2024,05,CHE.24.4.65_1,0.6725043782837129,0.9727157858285225
2024,05,CHE.24.4.66_1,0.6374781085814362,0.962297251372984
2024,05,CHE.24.4.67_1,0.6654991243432575,0.9707728879609279
2024,05,CHE.24.4.68_1,0.6462346760070053,0.965067873260736
2024,05,CHE.24.4.69_1,0.6567425569176883,0.9682458365518543
2024,05,CHE.24.4.7_1,0.649737302977233,0.9661449166662318
2024,05,CHE.24.4.70_1,0.6847635726795097,0.9759487691472335
2024,05,CHE.24.4.71_1,0.6322241681260946,0.9605810741421048
2024,05,CHE.24.4.72_1,0.6830122591943959,0.9754998718605759
2024,05,CHE.24.4.73_1,0.7022767075306481,0.9802020199938377
2024,05,CHE.24.4.74_1,0.6584938704028022,0.9687600322061186
2024,05,CHE.24.4.75_1,0.628721541155867,0.9594144047282176
2024,05,CHE.24.4.76_1,0.6865148861646235,0.9763933633531108
2024,05,CHE.24.4.77_1,0.6690017513134852,0.9717530550505102
2024,05,CHE.24.4.78_1,0.6339754816112084,0.9611576353543679
2024,05,CHE.24.4.79_1,0.6584938704028022,0.9687600322061186
2024,05,CHE.24.4.8_1,0.6304728546409808,0.96
2024,05,CHE.24.4.80_1,0.6690017513134852,0.9717530550505102
2024,05,CHE.24.4.81_1,0.6882661996497373,0.976833660353696
2024,05,CHE.24.4.82_1,0.6795096322241682,0.9745891442038537
2024,05,CHE.24.4.83_1,0.6444833625218914,0.9645226798784983
2024,05,CHE.24.4.84_1,0.6409807355516638,0.9634189120003821
2024,05,CHE.24.4.9_1,0.6760070052539405,0.9736611320166786
2024,05,CHE.24.5.1_1,0.6567425569176883,0.9682458365518543
2024,05,CHE.24.5.2_1,0.6690017513134852,0.9717530550505102
2024,05,CHE.24.5.3_1,0.6637478108581437,0.970276249322841
2024,05,CHE.24.5.4_1,0.6199649737302978,0.9564183185196736
2024,05,CHE.24.5.5_1,0.62697022767075306,0.9588242800430119
2024,05,CHE.24.5.6_1,0.6777583187390543,0.9741273017424364
2024,05,CHE.24.5.7_1,0.628721541155867,0.9594144047282176
2024,05,CHE.24.6.1_1,0.6725043782837129,0.9727157858285225
2024,05,CHE.24.6.10_1,0.6322241681260946,0.9605810741421048
2024,05,CHE.24.6.11_1,0.6409807355516638,0.9634189120003821
2024,05,CHE.24.6.12_1,0.6024518388791593,0.9500821017154254
2024,05,CHE.24.6.13_1,0.6252189141856392,0.9582296175760798
2024,05,CHE.24.6.14_1,0.6304728546409808,0.96
2024,05,CHE.24.6.15_1,0.6007005253940456,0.9494229826584145
2024,05,CHE.24.6.16_1,0.6672504378283713,0.9712651543219287
2024,05,CHE.24.6.17_1,0.6444833625218914,0.9645226798784983
2024,05,CHE.24.6.18_1,0.6199649737302978,0.9564183185196736
2024,05,CHE.24.6.19_1,0.6357267950963222,0.9617296917533533
2024,05,CHE.24.6.20_1,0.6147110332749562,0.954565869911553
2024,05,CHE.24.6.22_1,0.6024518388791593,0.9500821017154254
2024,05,CHE.24.6.23_1,0.5744308231173381,0.9389696480717574
2024,05,CHE.24.6.24_1,0.6252189141856392,0.9582296175760798
2024,05,CHE.24.6.25_1,0.628721541155867,0.9594144047282176
2024,05,CHE.24.6.26_1,0.6182136602451839,0.9558054195284729
2024,05,CHE.24.6.27_1,0.6532399299474606,0.9672042183530839
2024,05,CHE.24.6.29_1,0.628721541155867,0.9594144047282176
2024,05,CHE.24.6.3_1,0.5936952714535902,0.9467396685467447
2024,05,CHE.24.6.30_1,0.63922942206655,0.9628603221651623
2024,05,CHE.24.6.31_1,0.6532399299474606,0.9672042183530839
2024,05,CHE.24.6.32_1,0.670753064798599,0.9722365967191319
2024,05,CHE.24.6.5_1,0.5901926444833626,0.9453697689264238
2024,05,CHE.24.6.6_1,0.6549912434325745,0.9677272342969376
2024,05,CHE.24.6.8_1,0.6024518388791593,0.9500821017154254
2024,05,CHE.24.6.9_1,0.5551663747810859,0.9306148505155073
2024,05,CHE.24.7.1_1,0.62697022767075306,0.9588242800430119
2024,05,CHE.24.7.10_1,0.6444833625218914,0.9645226798784983
2024,05,CHE.24.7.11_1,0.6865148861646235,0.9763933633531108
2024,05,CHE.24.7.12_1,0.6374781085814362,0.962297251372984
2024,05,CHE.24.7.13_1,0.628721541155867,0.9594144047282176
2024,05,CHE.24.7.14_1,0.660245183887916,0.9692698282728087
2024,05,CHE.24.7.15_1,0.6865148861646235,0.9763933633531108
2024,05,CHE.24.7.16_1,0.6987740805604205,0.9793855216409929
2024,05,CHE.24.7.17_1,0.62697022767075306,0.9588242800430119
2024,05,CHE.24.7.18_1,0.6409807355516638,0.9634189120003821
2024,05,CHE.24.7.19_1,0.6672504378283713,0.9712651543219287
2024,05,CHE.24.7.2_1,0.6357267950963222,0.9617296917533533
2024,05,CHE.24.7.20_1,0.6777583187390543,0.9741273017424364
2024,05,CHE.24.7.21_1,0.6900175131348513,0.9772696659571503
2024,05,CHE.24.7.22_1,0.660245183887916,0.9692698282728087
2024,05,CHE.24.7.23_1,0.6619964973730298,0.9697752316903129
2024,05,CHE.24.7.24_1,0.6900175131348513,0.9772696659571503
2024,05,CHE.24.7.25_1,0.649737302977233,0.9661449166662318
2024,05,CHE.24.7.26_1,0.6549912434325745,0.9677272342969376
2024,05,CHE.24.7.27_1,0.6935201401050789,0.9781288258711119
2024,05,CHE.24.7.28_1,0.7075306479859896,0.9813949256033475
2024,05,CHE.24.7.29_1,0.63922942206655,0.9628603221651623
2024,05,CHE.24.7.3_1,0.6654991243432575,0.9707728879609279
2024,05,CHE.24.7.30_1,0.6672504378283713,0.9712651543219287
2024,05,CHE.24.7.31_1,0.6374781085814362,0.962297251372984
2024,05,CHE.24.7.32_1,0.6129597197898424,0.9539392014169457
2024,05,CHE.24.7.33_1,0.6462346760070053,0.965067873260736
2024,05,CHE.24.7.34_1,0.6532399299474606,0.9672042183530839
2024,05,CHE.24.7.35_1,0.6917688266199651,0.9777013859047148
2024,05,CHE.24.7.36_1,0.628721541155867,0.9594144047282176
2024,05,CHE.24.7.37_1,0.6304728546409808,0.96
2024,05,CHE.24.7.38_1,0.7075306479859896,0.9813949256033475
2024,05,CHE.24.7.39_1,0.6637478108581437,0.970276249322841
2024,05,CHE.24.7.4_1,0.6409807355516638,0.9634189120003821
2024,05,CHE.24.7.40_1,0.6357267950963222,0.9617296917533533
2024,05,CHE.24.7.41_1,0.7022767075306481,0.9802020199938377
2024,05,CHE.24.7.42_1,0.6532399299474606,0.9672042183530839
2024,05,CHE.24.7.43_1,0.7005253940455343,0.9797958971132712
2024,05,CHE.24.7.44_1,0.6760070052539405,0.9736611320166786
2024,05,CHE.24.7.45_1,0.6690017513134852,0.9717530550505102
2024,05,CHE.24.7.46_1,0.6304728546409808,0.96
2024,05,CHE.24.7.47_1,0.6847635726795097,0.9759487691472335
2024,05,CHE.24.7.48_1,0.6462346760070053,0.965067873260736
2024,05,CHE.24.7.49_1,0.6654991243432575,0.9707728879609279
2024,05,CHE.24.7.5_1,0.6672504378283713,0.9712651543219287
2024,05,CHE.24.7.50_1,0.6252189141856392,0.9582296175760798
2024,05,CHE.24.7.51_1,0.6654991243432575,0.9707728879609279
2024,05,CHE.24.7.52_1,0.6970227670753065,0.9789708882290628
2024,05,CHE.24.7.53_1,0.6532399299474606,0.9672042183530839
2024,05,CHE.24.7.54_1,0.6654991243432575,0.9707728879609279
2024,05,CHE.24.7.55_1,0.6322241681260946,0.9605810741421048
2024,05,CHE.24.7.56_1,0.6147110332749562,0.954565869911553
2024,05,CHE.24.7.57_1,0.6742556917688267,0.9731906288081488
2024,05,CHE.24.7.58_1,0.660245183887916,0.9692698282728087
2024,05,CHE.24.7.59_1,0.6690017513134852,0.9717530550505102
2024,05,CHE.24.7.6_1,0.5901926444833626,0.9453697689264238
2024,05,CHE.24.7.60_1,0.6374781085814362,0.962297251372984
2024,05,CHE.24.7.61_1,0.6217162872154116,0.9570266453970862
2024,05,CHE.24.7.62_1,0.6882661996497373,0.976833660353696
2024,05,CHE.24.7.63_1,0.7022767075306481,0.9802020199938377
2024,05,CHE.24.7.64_1,0.6567425569176883,0.9682458365518543
2024,05,CHE.24.7.65_1,0.660245183887916,0.9692698282728087
2024,05,CHE.24.7.66_1,0.6584938704028022,0.9687600322061186
2024,05,CHE.24.7.67_1,0.6970227670753065,0.9789708882290628
2024,05,CHE.24.7.7_1,0.6812609457092821,0.975046665549911
2024,05,CHE.24.7.8_1,0.7355516637478109,0.9871170143402452
2024,05,CHE.24.7.9_1,0.6777583187390543,0.9741273017424364
2024,05,CHE.24.8.1_1,0.6444833625218914,0.9645226798784983
2024,05,CHE.24.8.10_1,0.6760070052539405,0.9736611320166786
2024,05,CHE.24.8.11_1,0.7092819614711035,0.9817840903172144
2024,05,CHE.24.8.12_1,0.712784588441331,0.9825497442877892
2024,05,CHE.24.8.13_1,0.6427320490367776,0.9639730286683336
2024,05,CHE.24.8.14_1,0.6672504378283713,0.9712651543219287
2024,05,CHE.24.8.15_1,0.6584938704028022,0.9687600322061186
2024,05,CHE.24.8.16_1,0.6619964973730298,0.9697752316903129
2024,05,CHE.24.8.17_1,0.6479859894921192,0.9656086163658648
2024,05,CHE.24.8.18_1,0.7040280210157619,0.9806038955664005
2024,05,CHE.24.8.19_1,0.6952714535901927,0.97855199146494
2024,05,CHE.24.8.2_1,0.6094570928196147,0.9526720317087093
2024,05,CHE.24.8.20_1,0.6760070052539405,0.9736611320166786
2024,05,CHE.24.8.21_1,0.6970227670753065,0.9789708882290628
2024,05,CHE.24.8.22_1,0.7180385288966725,0.983666610188635
2024,05,CHE.24.8.23_1,0.628721541155867,0.9594144047282176
2024,05,CHE.24.8.24_1,0.6777583187390543,0.9741273017424364
2024,05,CHE.24.8.25_1,0.6637478108581437,0.970276249322841
2024,05,CHE.24.8.26_1,0.6900175131348513,0.9772696659571503
2024,05,CHE.24.8.27_1,0.6409807355516638,0.9634189120003821
2024,05,CHE.24.8.28_1,0.6479859894921192,0.9656086163658648
2024,05,CHE.24.8.29_1,0.670753064798599,0.9722365967191319
2024,05,CHE.24.8.3_1,0.6129597197898424,0.9539392014169457
2024,05,CHE.24.8.30_1,0.7075306479859896,0.9813949256033475
2024,05,CHE.24.8.31_1,0.6304728546409808,0.96
2024,05,CHE.24.8.32_1,0.6567425569176883,0.9682458365518543
2024,05,CHE.24.8.33_1,0.7197898423817863,0.9840304873325826
2024,05,CHE.24.8.34_1,0.660245183887916,0.9692698282728087
2024,05,CHE.24.8.35_1,0.649737302977233,0.9661449166662318
2024,05,CHE.24.8.36_1,0.670753064798599,0.9722365967191319
2024,05,CHE.24.8.37_1,0.6742556917688267,0.9731906288081488
2024,05,CHE.24.8.38_1,0.6987740805604205,0.9793855216409929
2024,05,CHE.24.8.39_1,0.7110332749562173,0.9821690282227392
2024,05,CHE.24.8.4_1,0.649737302977233,0.9661449166662318
2024,05,CHE.24.8.40_1,0.6654991243432575,0.9707728879609279
2024,05,CHE.24.8.41_1,0.6007005253940456,0.9494229826584145
2024,05,CHE.24.8.42_1,0.670753064798599,0.9722365967191319
2024,05,CHE.24.8.43_1,0.6900175131348513,0.9772696659571503
2024,05,CHE.24.8.44_1,0.6654991243432575,0.9707728879609279
2024,05,CHE.24.8.45_1,0.63922942206655,0.9628603221651623
2024,05,CHE.24.8.46_1,0.6357267950963222,0.9617296917533533
2024,05,CHE.24.8.47_1,0.660245183887916,0.9692698282728087
2024,05,CHE.24.8.48_1,0.670753064798599,0.9722365967191319
2024,05,CHE.24.8.5_1,0.6690017513134852,0.9717530550505102
2024,05,CHE.24.8.6_1,0.6970227670753065,0.9789708882290628
2024,05,CHE.24.8.7_1,0.6462346760070053,0.965067873260736
2024,05,CHE.24.8.8_1,0.6532399299474606,0.9672042183530839
2024,05,CHE.24.8.9_1,0.6147110332749562,0.954565869911553
2024,05,CHE.24.9.1_1,0.6952714535901927,0.97855199146494
2024,05,CHE.24.9.2_1,0.6479859894921192,0.9656086163658648
2024,05,CHE.24.9.3_1,0.6217162872154116,0.9570266453970862
2024,05,CHE.24.9.4_1,0.6059544658493871,0.9513863568498342
2024,05,CHE.24.9.5_1,0.6182136602451839,0.9558054195284729
2024,05,CHE.24.9.6_1,0.62697022767075306,0.9588242800430119
2024,05,CHE.24.9.7_1,0.6147110332749562,0.954565869911553
2024,05,CHE.24.9.8_1,0.6549912434325745,0.9677272342969376
2024,05,CHE.24.9.9_1,0.6567425569176883,0.9682458365518543
2024,05,CHE.25.1.1_1,0.5726795096322242,0.9382345122622595
2024,05,CHE.25.1.10_1,0.628721541155867,0.9594144047282176
2024,05,CHE.25.1.11_1,0.6427320490367776,0.9639730286683336
2024,05,CHE.25.1.12_1,0.6357267950963222,0.9617296917533533
2024,05,CHE.25.1.2_1,0.6567425569176883,0.9682458365518543
2024,05,CHE.25.1.3_1,0.6427320490367776,0.9639730286683336
2024,05,CHE.25.1.4_1,0.6549912434325745,0.9677272342969376
2024,05,CHE.25.1.5_1,0.63922942206655,0.9628603221651623
2024,05,CHE.25.1.6_1,0.6619964973730298,0.9697752316903129
2024,05,CHE.25.1.7_1,0.6094570928196147,0.9526720317087093
2024,05,CHE.25.1.8_1,0.6409807355516638,0.9634189120003821
2024,05,CHE.25.1.9_1,0.6059544658493871,0.9513863568498342
2024,05,CHE.26.1.1_1,0.6690017513134852,0.9717530550505102
2024,05,CHE.26.1.10_1,0.6444833625218914,0.9645226798784983
2024,05,CHE.26.1.11_1,0.6199649737302978,0.9564183185196736
2024,05,CHE.26.1.12_1,0.63922942206655,0.9628603221651623
2024,05,CHE.26.1.13_1,0.6182136602451839,0.9558054195284729
2024,05,CHE.26.1.14_1,0.6042031523642732,0.9507365565707464
2024,05,CHE.26.1.2_1,0.6059544658493871,0.9513863568498342
2024,05,CHE.26.1.3_1,0.6357267950963222,0.9617296917533533
2024,05,CHE.26.1.4_1,0.5534150612959721,0.9298257901349047
2024,05,CHE.26.1.5_1,0.62697022767075306,0.9588242800430119
2024,05,CHE.26.1.6_1,0.5831873905429072,0.9425730740902798
2024,05,CHE.26.1.7_1,0.6129597197898424,0.9539392014169457
2024,05,CHE.26.1.8_1,0.5919439579684764,0.946057080730333
2024,05,CHE.26.1.9_1,0.6182136602451839,0.9558054195284729
2024,05,CHE.26.10.1_1,0.6777583187390543,0.9741273017424364
2024,05,CHE.26.10.2_1,0.6584938704028022,0.9687600322061186
2024,05,CHE.26.11.1_1,0.7005253940455343,0.9797958971132712
2024,05,CHE.26.11.10_1,0.6549912434325745,0.9677272342969376
2024,05,CHE.26.11.11_1,0.6619964973730298,0.9697752316903129
2024,05,CHE.26.11.2_1,0.7162872154115587,0.9832985304575615
2024,05,CHE.26.11.3_1,0.6584938704028022,0.9687600322061186
2024,05,CHE.26.11.4_1,0.6234676007005254,0.9576304088739037
2024,05,CHE.26.11.5_1,0.6304728546409808,0.96
2024,05,CHE.26.11.6_1,0.6129597197898424,0.9539392014169457
2024,05,CHE.26.11.7_1,0.6865148861646235,0.9763933633531108
2024,05,CHE.26.11.8_1,0.6760070052539405,0.9736611320166786
2024,05,CHE.26.11.9_1,0.6304728546409808,0.96
2024,05,CHE.26.12.1_1,0.6584938704028022,0.9687600322061186
2024,05,CHE.26.12.10_1,0.6234676007005254,0.9576304088739037
2024,05,CHE.26.12.11_1,0.6777583187390543,0.9741273017424364
2024,05,CHE.26.12.12_1,0.6147110332749562,0.954565869911553
2024,05,CHE.26.12.13_1,0.6112084063047285,0.9533079250693346
2024,05,CHE.26.12.14_1,0.628721541155867,0.9594144047282176
2024,05,CHE.26.12.15_1,0.6917688266199651,0.9777013859047148
2024,05,CHE.26.12.16_1,0.6672504378283713,0.9712651543219287
2024,05,CHE.26.12.17_1,0.6129597197898424,0.9539392014169457
2024,05,CHE.26.12.18_1,0.62697022767075306,0.9588242800430119
2024,05,CHE.26.12.19_1,0.660245183887916,0.9692698282728087
2024,05,CHE.26.12.2_1,0.6532399299474606,0.9672042183530839
2024,05,CHE.26.12.20_1,0.6567425569176883,0.9682458365518543
2024,05,CHE.26.12.21_1,0.6584938704028022,0.9687600322061186
2024,05,CHE.26.12.3_1,0.6252189141856392,0.9582296175760798
2024,05,CHE.26.12.4_1,0.6654991243432575,0.9707728879609279
2024,05,CHE.26.12.5_1,0.6007005253940456,0.9494229826584145
2024,05,CHE.26.12.6_1,0.6549912434325745,0.9677272342969376
2024,05,CHE.26.12.7_1,0.7180385288966725,0.983666610188635
2024,05,CHE.26.12.8_1,0.6637478108581437,0.970276249322841
2024,05,CHE.26.12.9_1,0.6654991243432575,0.9707728879609279
2024,05,CHE.26.13.1_1,0.6479859894921192,0.9656086163658648
2024,05,CHE.26.13.10_1,0.6357267950963222,0.9617296917533533
2024,05,CHE.26.13.11_1,0.7267950963222417,0.9854440623394105
2024,05,CHE.26.13.12_1,0.6217162872154116,0.9570266453970862
2024,05,CHE.26.13.13_1,0.63922942206655,0.9628603221651623
2024,05,CHE.26.13.14_1,0.6514886164623468,0.9666767815562759
2024,05,CHE.26.13.15_1,0.6549912434325745,0.9677272342969376
2024,05,CHE.26.13.16_1,0.6234676007005254,0.9576304088739037
2024,05,CHE.26.13.17_1,0.6637478108581437,0.970276249322841
2024,05,CHE.26.13.18_1,0.6847635726795097,0.9759487691472335
2024,05,CHE.26.13.19_1,0.6479859894921192,0.9656086163658648
2024,05,CHE.26.13.2_1,0.6112084063047285,0.9533079250693346
2024,05,CHE.26.13.20_1,0.6339754816112084,0.9611576353543679
2024,05,CHE.26.13.21_1,0.6952714535901927,0.97855199146494
2024,05,CHE.26.13.22_1,0.6339754816112084,0.9611576353543679
2024,05,CHE.26.13.23_1,0.6479859894921192,0.9656086163658648
2024,05,CHE.26.13.24_1,0.6182136602451839,0.9558054195284729
2024,05,CHE.26.13.25_1,0.628721541155867,0.9594144047282176
2024,05,CHE.26.13.26_1,0.6374781085814362,0.962297251372984
2024,05,CHE.26.13.27_1,0.6129597197898424,0.9539392014169457
2024,05,CHE.26.13.28_1,0.6777583187390543,0.9741273017424364
2024,05,CHE.26.13.29_1,0.7005253940455343,0.9797958971132712
2024,05,CHE.26.13.3_1,0.6409807355516638,0.9634189120003821
2024,05,CHE.26.13.30_1,0.6322241681260946,0.9605810741421048
2024,05,CHE.26.13.31_1,0.6059544658493871,0.9513863568498342
2024,05,CHE.26.13.32_1,0.6847635726795097,0.9759487691472335
2024,05,CHE.26.13.4_1,0.6374781085814362,0.962297251372984
2024,05,CHE.26.13.5_1,0.6357267950963222,0.9617296917533533
2024,05,CHE.26.13.6_1,0.597197898423818,0.9480907129594721
2024,05,CHE.26.13.7_1,0.597197898423818,0.9480907129594721
2024,05,CHE.26.13.8_1,0.6427320490367776,0.9639730286683336
2024,05,CHE.26.13.9_1,0.670753064798599,0.9722365967191319
2024,05,CHE.26.2.1_1,0.6847635726795097,0.9759487691472335
2024,05,CHE.26.2.10_1,0.7250437828371279,0.9850969495435462
2024,05,CHE.26.2.11_1,0.63922942206655,0.9628603221651623
2024,05,CHE.26.2.12_1,0.712784588441331,0.9825497442877892
2024,05,CHE.26.2.13_1,0.6129597197898424,0.9539392014169457
2024,05,CHE.26.2.14_1,0.6304728546409808,0.96
2024,05,CHE.26.2.15_1,0.6584938704028022,0.9687600322061186
2024,05,CHE.26.2.16_1,0.6409807355516638,0.9634189120003821
2024,05,CHE.26.2.17_1,0.6690017513134852,0.9717530550505102
2024,05,CHE.26.2.18_1,0.6357267950963222,0.9617296917533533
2024,05,CHE.26.2.19_1,0.6514886164623468,0.9666767815562759
2024,05,CHE.26.2.2_1,0.6584938704028022,0.9687600322061186
2024,05,CHE.26.2.20_1,0.6760070052539405,0.9736611320166786
2024,05,CHE.26.2.21_1,0.6164623467600701,0.955187939622355
2024,05,CHE.26.2.22_1,0.6637478108581437,0.970276249322841
2024,05,CHE.26.2.23_1,0.6427320490367776,0.9639730286683336
2024,05,CHE.26.2.24_1,0.6479859894921192,0.9656086163658648
2024,05,CHE.26.2.3_1,0.6725043782837129,0.9727157858285225
2024,05,CHE.26.2.4_1,0.6252189141856392,0.9582296175760798
2024,05,CHE.26.2.5_1,0.6812609457092821,0.975046665549911
2024,05,CHE.26.2.6_1,0.6322241681260946,0.9605810741421048
2024,05,CHE.26.2.7_1,0.6795096322241682,0.9745891442038537
2024,05,CHE.26.2.8_1,0.6619964973730298,0.9697752316903129
2024,05,CHE.26.2.9_1,0.5919439579684764,0.946057080730333
2024,05,CHE.26.3.1_1,0.6147110332749562,0.954565869911553
2024,05,CHE.26.3.10_1,0.6374781085814362,0.962297251372984
2024,05,CHE.26.3.11_1,0.6654991243432575,0.9707728879609279
2024,05,CHE.26.3.12_1,0.7162872154115587,0.9832985304575615
2024,05,CHE.26.3.13_1,0.6567425569176883,0.9682458365518543
2024,05,CHE.26.3.14_1,0.6427320490367776,0.9639730286683336
2024,05,CHE.26.3.15_1,0.6567425569176883,0.9682458365518543
2024,05,CHE.26.3.16_1,0.649737302977233,0.9661449166662318
2024,05,CHE.26.3.17_1,0.6549912434325745,0.9677272342969376
2024,05,CHE.26.3.18_1,0.5849387040280211,0.9432793859721519
2024,05,CHE.26.3.19_1,0.6584938704028022,0.9687600322061186
2024,05,CHE.26.3.2_1,0.6182136602451839,0.9558054195284729
2024,05,CHE.26.3.20_1,0.6637478108581437,0.970276249322841
2024,05,CHE.26.3.21_1,0.6672504378283713,0.9712651543219287
2024,05,CHE.26.3.22_1,0.6584938704028022,0.9687600322061186
2024,05,CHE.26.3.3_1,0.6637478108581437,0.970276249322841
2024,05,CHE.26.3.4_1,0.6199649737302978,0.9564183185196736
2024,05,CHE.26.3.5_1,0.6514886164623468,0.9666767815562759
2024,05,CHE.26.3.6_1,0.6777583187390543,0.9741273017424364
2024,05,CHE.26.3.7_1,0.6217162872154116,0.9570266453970862
2024,05,CHE.26.3.8_1,0.6514886164623468,0.9666767815562759
2024,05,CHE.26.3.9_1,0.6725043782837129,0.9727157858285225
2024,05,CHE.26.4.1_1,0.62697022767075306,0.9588242800430119
2024,05,CHE.26.4.10_1,0.6077057793345009,0.9520315120835025
2024,05,CHE.26.4.11_1,0.6672504378283713,0.9712651543219287
2024,05,CHE.26.4.12_1,0.6409807355516638,0.9634189120003821
2024,05,CHE.26.4.13_1,0.7180385288966725,0.983666610188635
2024,05,CHE.26.4.14_1,0.6322241681260946,0.9605810741421048
2024,05,CHE.26.4.15_1,0.6725043782837129,0.9727157858285225
2024,05,CHE.26.4.16_1,0.6584938704028022,0.9687600322061186
2024,05,CHE.26.4.17_1,0.6847635726795097,0.9759487691472335
2024,05,CHE.26.4.18_1,0.6444833625218914,0.9645226798784983
2024,05,CHE.26.4.19_1,0.6462346760070053,0.965067873260736
2024,05,CHE.26.4.2_1,0.660245183887916,0.9692698282728087
2024,05,CHE.26.4.20_1,0.6164623467600701,0.955187939622355
2024,05,CHE.26.4.21_1,0.6462346760070053,0.965067873260736
2024,05,CHE.26.4.22_1,0.7145359019264449,0.9829262434180909
2024,05,CHE.26.4.3_1,0.6304728546409808,0.96
2024,05,CHE.26.4.4_1,0.6199649737302978,0.9564183185196736
2024,05,CHE.26.4.5_1,0.6164623467600701,0.955187939622355
2024,05,CHE.26.4.6_1,0.62697022767075306,0.9588242800430119
2024,05,CHE.26.4.7_1,0.6462346760070053,0.965067873260736
2024,05,CHE.26.4.8_1,0.6409807355516638,0.9634189120003821
2024,05,CHE.26.4.9_1,0.6900175131348513,0.9772696659571503
2024,05,CHE.26.5.1_1,0.586690017513135,0.9439809320108113
2024,05,CHE.26.5.10_1,0.6444833625218914,0.9645226798784983
2024,05,CHE.26.5.11_1,0.6164623467600701,0.955187939622355
2024,05,CHE.26.5.2_1,0.6024518388791593,0.9500821017154254
2024,05,CHE.26.5.3_1,0.6322241681260946,0.9605810741421048
2024,05,CHE.26.5.4_1,0.63922942206655,0.9628603221651623
2024,05,CHE.26.5.5_1,0.6182136602451839,0.9558054195284729
2024,05,CHE.26.5.6_1,0.6427320490367776,0.9639730286683336
2024,05,CHE.26.5.7_1,0.649737302977233,0.9661449166662318
2024,05,CHE.26.5.8_1,0.6129597197898424,0.9539392014169457
2024,05,CHE.26.5.9_1,0.6409807355516638,0.9634189120003821
2024,05,CHE.26.6.1_1,0.6777583187390543,0.9741273017424364
2024,05,CHE.26.6.10_1,0.6532399299474606,0.9672042183530839
2024,05,CHE.26.6.11_1,0.6444833625218914,0.9645226798784983
2024,05,CHE.26.6.2_1,0.670753064798599,0.9722365967191319
2024,05,CHE.26.6.3_1,0.628721541155867,0.9594144047282176
2024,05,CHE.26.6.4_1,0.6409807355516638,0.9634189120003821
2024,05,CHE.26.6.5_1,0.6777583187390543,0.9741273017424364
2024,05,CHE.26.6.6_1,0.6462346760070053,0.965067873260736
2024,05,CHE.26.6.7_1,0.6777583187390543,0.9741273017424364
2024,05,CHE.26.6.8_1,0.6812609457092821,0.975046665549911
2024,05,CHE.26.6.9_1,0.6584938704028022,0.9687600322061186
2024,05,CHE.26.7.1_1,0.5919439579684764,0.946057080730333
2024,05,CHE.26.7.10_1,0.6409807355516638,0.9634189120003821
2024,05,CHE.26.7.11_1,0.6199649737302978,0.9564183185196736
2024,05,CHE.26.7.12_1,0.6409807355516638,0.9634189120003821
2024,05,CHE.26.7.13_1,0.660245183887916,0.9692698282728087
2024,05,CHE.26.7.2_1,0.6007005253940456,0.9494229826584145
2024,05,CHE.26.7.3_1,0.6129597197898424,0.9539392014169457
2024,05,CHE.26.7.4_1,0.6199649737302978,0.9564183185196736
2024,05,CHE.26.7.5_1,0.6725043782837129,0.9727157858285225
2024,05,CHE.26.7.6_1,0.6252189141856392,0.9582296175760798
2024,05,CHE.26.7.7_1,0.6479859894921192,0.9656086163658648
2024,05,CHE.26.7.8_1,0.6462346760070053,0.965067873260736
2024,05,CHE.26.7.9_1,0.6760070052539405,0.9736611320166786
2024,05,CHE.26.8.1_1,0.6795096322241682,0.9745891442038537
2024,05,CHE.26.8.10_1,0.6182136602451839,0.9558054195284729
2024,05,CHE.26.8.11_1,0.6479859894921192,0.9656086163658648
2024,05,CHE.26.8.12_1,0.6339754816112084,0.9611576353543679
2024,05,CHE.26.8.2_1,0.6830122591943959,0.9754998718605759
2024,05,CHE.26.8.3_1,0.6007005253940456,0.9494229826584145
2024,05,CHE.26.8.4_1,0.6304728546409808,0.96
2024,05,CHE.26.8.5_1,0.649737302977233,0.9661449166662318
2024,05,CHE.26.8.6_1,0.6409807355516638,0.9634189120003821
2024,05,CHE.26.8.7_1,0.6637478108581437,0.970276249322841
2024,05,CHE.26.8.8_1,0.597197898423818,0.9480907129594721
2024,05,CHE.26.8.9_1,0.6549912434325745,0.9677272342969376
2024,05,CHE.26.9.1_1,0.6514886164623468,0.9666767815562759
2024,05,CHE.26.9.10_1,0.6217162872154116,0.9570266453970862
2024,05,CHE.26.9.11_1,0.6619964973730298,0.9697752316903129
2024,05,CHE.26.9.12_1,0.6462346760070053,0.965067873260736
2024,05,CHE.26.9.2_1,0.6830122591943959,0.9754998718605759
2024,05,CHE.26.9.3_1,0.6217162872154116,0.9570266453970862
2024,05,CHE.26.9.4_1,0.6549912434325745,0.9677272342969376
2024,05,CHE.26.9.5_1,0.6549912434325745,0.9677272342969376
2024,05,CHE.26.9.6_1,0.6760070052539405,0.9736611320166786
2024,05,CHE.26.9.7_1,0.6584938704028022,0.9687600322061186
2024,05,CHE.26.9.8_1,0.6374781085814362,0.962297251372984
2024,05,CHE.26.9.9_1,0.6935201401050789,0.9781288258711119
2024,05,CHE.3.1.3_1,0.6532399299474606,0.9672042183530839
2024,05,CHE.3.1.4_1,0.6479859894921192,0.9656086163658648
2024,05,CHE.3.1.6_1,0.6357267950963222,0.9617296917533533
2024,05,CHE.4.1.1_1,0.6725043782837129,0.9727157858285225
2024,05,CHE.4.1.10_1,0.7110332749562173,0.9821690282227392
2024,05,CHE.4.1.11_1,0.6462346760070053,0.965067873260736
2024,05,CHE.4.1.12_1,0.6672504378283713,0.9712651543219287
2024,05,CHE.4.1.13_1,0.6584938704028022,0.9687600322061186
2024,05,CHE.4.1.14_1,0.6339754816112084,0.9611576353543679
2024,05,CHE.4.1.2_1,0.6619964973730298,0.9697752316903129
2024,05,CHE.4.1.3_1,0.7232924693520141,0.9847456524402634
2024,05,CHE.4.1.4_1,0.6900175131348513,0.9772696659571503
2024,05,CHE.4.1.5_1,0.6567425569176883,0.9682458365518543
2024,05,CHE.4.1.6_1,0.6742556917688267,0.9731906288081488
2024,05,CHE.4.1.7_1,0.670753064798599,0.9722365967191319
2024,05,CHE.4.1.8_1,0.6777583187390543,0.9741273017424364
2024,05,CHE.4.1.9_1,0.7232924693520141,0.9847456524402634
2024,05,CHE.4.2.1_1,0.6760070052539405,0.9736611320166786
2024,05,CHE.4.2.10_1,0.6900175131348513,0.9772696659571503
2024,05,CHE.4.2.11_1,0.6830122591943959,0.9754998718605759
2024,05,CHE.4.2.12_1,0.6935201401050789,0.9781288258711119
2024,05,CHE.4.2.13_1,0.7197898423817863,0.9840304873325826
2024,05,CHE.4.2.2_1,0.6672504378283713,0.9712651543219287
2024,05,CHE.4.2.3_1,0.6637478108581437,0.970276249322841
2024,05,CHE.4.2.4_1,0.63922942206655,0.9628603221651623
2024,05,CHE.4.2.5_1,0.6742556917688267,0.9731906288081488
2024,05,CHE.4.2.6_1,0.6690017513134852,0.9717530550505102
2024,05,CHE.4.2.7_1,0.6830122591943959,0.9754998718605759
2024,05,CHE.4.2.8_1,0.6987740805604205,0.9793855216409929
2024,05,CHE.4.2.9_1,0.6882661996497373,0.976833660353696
2024,05,CHE.4.3.1_1,0.6725043782837129,0.9727157858285225
2024,05,CHE.4.3.10_1,0.7425569176882663,0.9883804935347521
2024,05,CHE.4.3.11_1,0.6672504378283713,0.9712651543219287
2024,05,CHE.4.3.12_1,0.6462346760070053,0.965067873260736
2024,05,CHE.4.3.13_1,0.6217162872154116,0.9570266453970862
2024,05,CHE.4.3.14_1,0.6795096322241682,0.9745891442038537
2024,05,CHE.4.3.2_1,0.6654991243432575,0.9707728879609279
2024,05,CHE.4.3.3_1,0.7040280210157619,0.9806038955664005
2024,05,CHE.4.3.4_1,0.6532399299474606,0.9672042183530839
2024,05,CHE.4.3.5_1,0.6847635726795097,0.9759487691472335
2024,05,CHE.4.3.6_1,0.6427320490367776,0.9639730286683336
2024,05,CHE.4.3.7_1,0.7075306479859896,0.9813949256033475
2024,05,CHE.4.3.8_1,0.6795096322241682,0.9745891442038537
2024,05,CHE.4.3.9_1,0.7057793345008757,0.9810015290507961
2024,05,CHE.4.4.1_1,0.6865148861646235,0.9763933633531108
2024,05,CHE.4.4.10_1,0.6584938704028022,0.9687600322061186
2024,05,CHE.4.4.11_1,0.6462346760070053,0.965067873260736
2024,05,CHE.4.4.12_1,0.7232924693520141,0.9847456524402634
2024,05,CHE.4.4.13_1,0.6619964973730298,0.9697752316903129
2024,05,CHE.4.4.14_1,0.6777583187390543,0.9741273017424364
2024,05,CHE.4.4.15_1,0.660245183887916,0.9692698282728087
2024,05,CHE.4.4.16_1,0.6549912434325745,0.9677272342969376
2024,05,CHE.4.4.17_1,0.7092819614711035,0.9817840903172144
2024,05,CHE.4.4.18_1,0.6584938704028022,0.9687600322061186
2024,05,CHE.4.4.19_1,0.6742556917688267,0.9731906288081488
2024,05,CHE.4.4.2_1,0.6077057793345009,0.9520315120835025
2024,05,CHE.4.4.20_1,0.6742556917688267,0.9731906288081488
2024,05,CHE.4.4.21_1,0.7145359019264449,0.9829262434180909
2024,05,CHE.4.4.22_1,0.6847635726795097,0.9759487691472335
2024,05,CHE.4.4.23_1,0.670753064798599,0.9722365967191319
2024,05,CHE.4.4.24_1,0.6795096322241682,0.9745891442038537
2024,05,CHE.4.4.25_1,0.6900175131348513,0.9772696659571503
2024,05,CHE.4.4.26_1,0.6549912434325745,0.9677272342969376
2024,05,CHE.4.4.27_1,0.712784588441331,0.9825497442877892
2024,05,CHE.4.4.28_1,0.6409807355516638,0.9634189120003821
2024,05,CHE.4.4.3_1,0.6865148861646235,0.9763933633531108
2024,05,CHE.4.4.4_1,0.6847635726795097,0.9759487691472335
2024,05,CHE.4.4.5_1,0.6742556917688267,0.9731906288081488
2024,05,CHE.4.4.6_1,0.670753064798599,0.9722365967191319
2024,05,CHE.4.4.7_1,0.6427320490367776,0.9639730286683336
2024,05,CHE.4.4.8_1,0.6409807355516638,0.9634189120003821
2024,05,CHE.4.4.9_1,0.6322241681260946,0.9605810741421048
2024,05,CHE.4.5.1_1,0.7040280210157619,0.9806038955664005
2024,05,CHE.4.5.10_1,0.660245183887916,0.9692698282728087
2024,05,CHE.4.5.11_1,0.7302977232924693,0.9861257526299574
2024,05,CHE.4.5.12_1,0.6830122591943959,0.9754998718605759
2024,05,CHE.4.5.13_1,0.660245183887916,0.9692698282728087
2024,05,CHE.4.5.14_1,0.6987740805604205,0.9793855216409929
2024,05,CHE.4.5.15_1,0.6917688266199651,0.9777013859047148
2024,05,CHE.4.5.2_1,0.7460595446584939,0.9889873608899156
2024,05,CHE.4.5.3_1,0.6760070052539405,0.9736611320166786
2024,05,CHE.4.5.4_1,0.6882661996497373,0.976833660353696
2024,05,CHE.4.5.5_1,0.6742556917688267,0.9731906288081488
2024,05,CHE.4.5.6_1,0.6812609457092821,0.975046665549911
2024,05,CHE.4.5.7_1,0.6637478108581437,0.970276249322841
2024,05,CHE.4.5.8_1,0.6760070052539405,0.9736611320166786
2024,05,CHE.4.5.9_1,0.6935201401050789,0.9781288258711119
2024,05,CHE.5.1.1_1,0.6795096322241682,0.9745891442038537
2024,05,CHE.5.2.1_1,0.6777583187390543,0.9741273017424364
2024,05,CHE.5.3.1_1,0.6479859894921192,0.9656086163658648
2024,05,CHE.6.1.1_1,0.6900175131348513,0.9772696659571503
2024,05,CHE.6.1.10_1,0.6462346760070053,0.965067873260736
2024,05,CHE.6.1.11_1,0.6129597197898424,0.9539392014169457
2024,05,CHE.6.1.12_1,0.6567425569176883,0.9682458365518543
2024,05,CHE.6.1.2_1,0.628721541155867,0.9594144047282176
2024,05,CHE.6.1.3_1,0.6690017513134852,0.9717530550505102
2024,05,CHE.6.1.4_1,0.6584938704028022,0.9687600322061186
2024,05,CHE.6.1.5_1,0.649737302977233,0.9661449166662318
2024,05,CHE.6.1.6_1,0.6182136602451839,0.9558054195284729
2024,05,CHE.6.1.7_1,0.6182136602451839,0.9558054195284729
2024,05,CHE.6.1.8_1,0.7092819614711035,0.9817840903172144
2024,05,CHE.6.1.9_1,0.6444833625218914,0.9645226798784983
2024,05,CHE.6.10.1_1,0.5376532399299475,0.9224987804869988
2024,05,CHE.6.10.2_1,0.5901926444833626,0.9453697689264238
2024,05,CHE.6.10.3_1,0.6479859894921192,0.9656086163658648
2024,05,CHE.6.10.4_1,0.521891418563923,0.9147589846511485
2024,05,CHE.6.10.5_1,0.532399299474606,0.9199652167337633
2024,05,CHE.6.10.6_1,0.6234676007005254,0.9576304088739037
2024,05,CHE.6.10.7_1,0.6059544658493871,0.9513863568498342
2024,05,CHE.6.11.1_1,0.6865148861646235,0.9763933633531108
2024,05,CHE.6.11.10_1,0.6865148861646235,0.9763933633531108
2024,05,CHE.6.11.11_1,0.6742556917688267,0.9731906288081488
2024,05,CHE.6.11.12_1,0.6690017513134852,0.9717530550505102
2024,05,CHE.6.11.13_1,0.7197898423817863,0.9840304873325826
2024,05,CHE.6.11.14_1,0.5306479859894921,0.9191104395011516
2024,05,CHE.6.11.15_1,0.6182136602451839,0.9558054195284729
2024,05,CHE.6.11.16_1,0.6042031523642732,0.9507365565707464
2024,05,CHE.6.11.17_1,0.6865148861646235,0.9763933633531108
2024,05,CHE.6.11.18_1,0.6690017513134852,0.9717530550505102
2024,05,CHE.6.11.19_1,0.6812609457092821,0.975046665549911
2024,05,CHE.6.11.2_1,0.6725043782837129,0.9727157858285225
2024,05,CHE.6.11.20_1,0.63922942206655,0.9628603221651623
2024,05,CHE.6.11.21_1,0.5726795096322242,0.9382345122622595
2024,05,CHE.6.11.22_1,0.6865148861646235,0.9763933633531108
2024,05,CHE.6.11.23_1,0.6672504378283713,0.9712651543219287
2024,05,CHE.6.11.24_1,0.6549912434325745,0.9677272342969376
2024,05,CHE.6.11.25_1,0.6024518388791593,0.9500821017154254
2024,05,CHE.6.11.3_1,0.6479859894921192,0.9656086163658648
2024,05,CHE.6.11.4_1,0.6549912434325745,0.9677272342969376
2024,05,CHE.6.11.5_1,0.6654991243432575,0.9707728879609279
2024,05,CHE.6.11.6_1,0.6725043782837129,0.9727157858285225
2024,05,CHE.6.11.7_1,0.5674255691768827,0.936
2024,05,CHE.6.11.8_1,0.5954465849387042,0.9474175425861608
2024,05,CHE.6.11.9_1,0.6567425569176883,0.9682458365518543
2024,05,CHE.6.12.1_1,0.6479859894921192,0.9656086163658648
2024,05,CHE.6.12.10_1,0.6042031523642732,0.9507365565707464
2024,05,CHE.6.12.11_1,0.6462346760070053,0.965067873260736
2024,05,CHE.6.12.12_1,0.6444833625218914,0.9645226798784983
2024,05,CHE.6.12.13_1,0.62697022767075306,0.9588242800430119
2024,05,CHE.6.12.14_1,0.628721541155867,0.9594144047282176
2024,05,CHE.6.12.15_1,0.6409807355516638,0.9634189120003821
2024,05,CHE.6.12.16_1,0.6374781085814362,0.962297251372984
2024,05,CHE.6.12.17_1,0.670753064798599,0.9722365967191319
2024,05,CHE.6.12.18_1,0.6199649737302978,0.9564183185196736
2024,05,CHE.6.12.19_1,0.6549912434325745,0.9677272342969376
2024,05,CHE.6.12.2_1,0.63922942206655,0.9628603221651623
2024,05,CHE.6.12.20_1,0.6409807355516638,0.9634189120003821
2024,05,CHE.6.12.21_1,0.6007005253940456,0.9494229826584145
2024,05,CHE.6.12.22_1,0.6234676007005254,0.9576304088739037
2024,05,CHE.6.12.23_1,0.6549912434325745,0.9677272342969376
2024,05,CHE.6.12.24_1,0.597197898423818,0.9480907129594721
2024,05,CHE.6.12.25_1,0.62697022767075306,0.9588242800430119
2024,05,CHE.6.12.26_1,0.6339754816112084,0.9611576353543679
2024,05,CHE.6.12.27_1,0.5954465849387042,0.9474175425861608
2024,05,CHE.6.12.28_1,0.5901926444833626,0.9453697689264238
2024,05,CHE.6.12.29_1,0.597197898423818,0.9480907129594721
2024,05,CHE.6.12.3_1,0.5954465849387042,0.9474175425861608
2024,05,CHE.6.12.30_1,0.6182136602451839,0.9558054195284729
2024,05,CHE.6.12.4_1,0.6374781085814362,0.962297251372984
2024,05,CHE.6.12.5_1,0.6690017513134852,0.9717530550505102
2024,05,CHE.6.12.6_1,0.6830122591943959,0.9754998718605759
2024,05,CHE.6.12.7_1,0.62697022767075306,0.9588242800430119
2024,05,CHE.6.12.8_1,0.6672504378283713,0.9712651543219287
2024,05,CHE.6.12.9_1,0.62697022767075306,0.9588242800430119
2024,05,CHE.6.13.1_1,0.6935201401050789,0.9781288258711119
2024,05,CHE.6.13.2_1,0.63922942206655,0.9628603221651623
2024,05,CHE.6.13.3_1,0.6970227670753065,0.9789708882290628
2024,05,CHE.6.13.4_1,0.6549912434325745,0.9677272342969376
2024,05,CHE.6.13.5_1,0.6725043782837129,0.9727157858285225
2024,05,CHE.6.14.10_1,0.6199649737302978,0.9564183185196736
2024,05,CHE.6.14.11_1,0.6637478108581437,0.970276249322841
2024,05,CHE.6.14.2_1,0.6672504378283713,0.9712651543219287
2024,05,CHE.6.14.3_1,0.6917688266199651,0.9777013859047148
2024,05,CHE.6.14.4_1,0.670753064798599,0.9722365967191319
2024,05,CHE.6.14.5_1,0.660245183887916,0.9692698282728087
2024,05,CHE.6.14.7_1,0.6742556917688267,0.9731906288081488
2024,05,CHE.6.14.8_1,0.62697022767075306,0.9588242800430119
2024,05,CHE.6.15.1_1,0.7215411558669002,0.9843901665498289
2024,05,CHE.6.15.10_1,0.6882661996497373,0.976833660353696
2024,05,CHE.6.15.11_1,0.6619964973730298,0.9697752316903129
2024,05,CHE.6.15.12_1,0.6479859894921192,0.9656086163658648
2024,05,CHE.6.15.13_1,0.7075306479859896,0.9813949256033475
2024,05,CHE.6.15.14_1,0.7267950963222417,0.9854440623394105
2024,05,CHE.6.15.15_1,0.7075306479859896,0.9813949256033475
2024,05,CHE.6.15.16_1,0.670753064798599,0.9722365967191319
2024,05,CHE.6.15.17_1,0.6847635726795097,0.9759487691472335
2024,05,CHE.6.15.18_1,0.6374781085814362,0.962297251372984
2024,05,CHE.6.15.19_1,0.6462346760070053,0.965067873260736
2024,05,CHE.6.15.2_1,0.7005253940455343,0.9797958971132712
2024,05,CHE.6.15.20_1,0.7005253940455343,0.9797958971132712
2024,05,CHE.6.15.21_1,0.7250437828371279,0.9850969495435462
2024,05,CHE.6.15.22_1,0.6690017513134852,0.9717530550505102
2024,05,CHE.6.15.23_1,0.7092819614711035,0.9817840903172144
2024,05,CHE.6.15.24_1,0.6584938704028022,0.9687600322061186
2024,05,CHE.6.15.25_1,0.6777583187390543,0.9741273017424364
2024,05,CHE.6.15.26_1,0.6409807355516638,0.9634189120003821
2024,05,CHE.6.15.3_1,0.6567425569176883,0.9682458365518543
2024,05,CHE.6.15.4_1,0.6795096322241682,0.9745891442038537
2024,05,CHE.6.15.5_1,0.6444833625218914,0.9645226798784983
2024,05,CHE.6.15.6_1,0.6567425569176883,0.9682458365518543
2024,05,CHE.6.15.7_1,0.6619964973730298,0.9697752316903129
2024,05,CHE.6.15.8_1,0.6409807355516638,0.9634189120003821
2024,05,CHE.6.15.9_1,0.6690017513134852,0.9717530550505102
2024,05,CHE.6.16.1_1,0.6147110332749562,0.954565869911553
2024,05,CHE.6.16.10_1,0.6830122591943959,0.9754998718605759
2024,05,CHE.6.16.11_1,0.6725043782837129,0.9727157858285225
2024,05,CHE.6.16.12_1,0.6409807355516638,0.9634189120003821
2024,05,CHE.6.16.13_1,0.6304728546409808,0.96
2024,05,CHE.6.16.14_1,0.6094570928196147,0.9526720317087093
2024,05,CHE.6.16.15_1,0.6549912434325745,0.9677272342969376
2024,05,CHE.6.16.16_1,0.6444833625218914,0.9645226798784983
2024,05,CHE.6.16.17_1,0.6637478108581437,0.970276249322841
2024,05,CHE.6.16.18_1,0.6532399299474606,0.9672042183530839
2024,05,CHE.6.16.19_1,0.6322241681260946,0.9605810741421048
2024,05,CHE.6.16.2_1,0.6444833625218914,0.9645226798784983
2024,05,CHE.6.16.20_1,0.6094570928196147,0.9526720317087093
2024,05,CHE.6.16.21_1,0.670753064798599,0.9722365967191319
2024,05,CHE.6.16.22_1,0.6252189141856392,0.9582296175760798
2024,05,CHE.6.16.23_1,0.6760070052539405,0.9736611320166786
2024,05,CHE.6.16.24_1,0.6514886164623468,0.9666767815562759
2024,05,CHE.6.16.25_1,0.6304728546409808,0.96
2024,05,CHE.6.16.3_1,0.6479859894921192,0.9656086163658648
2024,05,CHE.6.16.4_1,0.6322241681260946,0.9605810741421048
2024,05,CHE.6.16.5_1,0.6217162872154116,0.9570266453970862
2024,05,CHE.6.16.6_1,0.6952714535901927,0.97855199146494
2024,05,CHE.6.16.7_1,0.6584938704028022,0.9687600322061186
2024,05,CHE.6.16.8_1,0.6672504378283713,0.9712651543219287
2024,05,CHE.6.16.9_1,0.6339754816112084,0.9611576353543679
2024,05,CHE.6.17.1_1,0.62697022767075306,0.9588242800430119
2024,05,CHE.6.17.10_1,0.6725043782837129,0.9727157858285225
2024,05,CHE.6.17.2_1,0.5271453590192645,0.9173854151881858
2024,05,CHE.6.17.3_1,0.6637478108581437,0.970276249322841
2024,05,CHE.6.17.4_1,0.6462346760070053,0.965067873260736
2024,05,CHE.6.17.5_1,0.6147110332749562,0.954565869911553
2024,05,CHE.6.17.6_1,0.6322241681260946,0.9605810741421048
2024,05,CHE.6.17.7_1,0.6427320490367776,0.9639730286683336
2024,05,CHE.6.17.8_1,0.7057793345008757,0.9810015290507961
2024,05,CHE.6.17.9_1,0.6514886164623468,0.9666767815562759
2024,05,CHE.6.18.1_1,0.5551663747810859,0.9306148505155073
2024,05,CHE.6.18.2_1,0.5359019264448337,0.9216593730874764
2024,05,CHE.6.18.3_1,0.6147110332749562,0.954565869911553
2024,05,CHE.6.18.4_1,0.586690017513135,0.9439809320108113
2024,05,CHE.6.18.5_1,0.649737302977233,0.9661449166662318
2024,05,CHE.6.18.6_1,0.6147110332749562,0.954565869911553
2024,05,CHE.6.19.1_1,0.6024518388791593,0.9500821017154254
2024,05,CHE.6.19.2_1,0.5639229422066551,0.9344859549506349
2024,05,CHE.6.19.3_1,0.5849387040280211,0.9432793859721519
2024,05,CHE.6.19.4_1,0.5779334500875658,0.9404254356406998
2024,05,CHE.6.2.1_1,0.660245183887916,0.9692698282728087
2024,05,CHE.6.2.10_1,0.6532399299474606,0.9672042183530839
2024,05,CHE.6.2.11_1,0.6059544658493871,0.9513863568498342
2024,05,CHE.6.2.12_1,0.6760070052539405,0.9736611320166786
2024,05,CHE.6.2.13_1,0.6234676007005254,0.9576304088739037
2024,05,CHE.6.2.14_1,0.649737302977233,0.9661449166662318
2024,05,CHE.6.2.15_1,0.6935201401050789,0.9781288258711119
2024,05,CHE.6.2.16_1,0.6619964973730298,0.9697752316903129
2024,05,CHE.6.2.17_1,0.6094570928196147,0.9526720317087093
2024,05,CHE.6.2.18_1,0.5674255691768827,0.936
2024,05,CHE.6.2.19_1,0.6164623467600701,0.955187939622355
2024,05,CHE.6.2.2_1,0.5901926444833626,0.9453697689264238
2024,05,CHE.6.2.20_1,0.6637478108581437,0.970276249322841
2024,05,CHE.6.2.21_1,0.660245183887916,0.9692698282728087
2024,05,CHE.6.2.22_1,0.649737302977233,0.9661449166662318
2024,05,CHE.6.2.23_1,0.6234676007005254,0.9576304088739037
2024,05,CHE.6.2.24_1,0.63922942206655,0.9628603221651623
2024,05,CHE.6.2.3_1,0.628721541155867,0.9594144047282176
2024,05,CHE.6.2.4_1,0.6427320490367776,0.9639730286683336
2024,05,CHE.6.2.5_1,0.6795096322241682,0.9745891442038537
2024,05,CHE.6.2.6_1,0.6042031523642732,0.9507365565707464
2024,05,CHE.6.2.7_1,0.6252189141856392,0.9582296175760798
2024,05,CHE.6.2.8_1,0.7005253940455343,0.9797958971132712
2024,05,CHE.6.2.9_1,0.628721541155867,0.9594144047282176
2024,05,CHE.6.20.1_1,0.5569176882661997,0.931398947819891
2024,05,CHE.6.20.2_1,0.5691768826619966,0.9367496997597597
2024,05,CHE.6.20.3_1,0.5726795096322242,0.9382345122622595
2024,05,CHE.6.21.1_1,0.6339754816112084,0.9611576353543679
2024,05,CHE.6.21.2_1,0.6357267950963222,0.9617296917533533
2024,05,CHE.6.21.3_1,0.6339754816112084,0.9611576353543679
2024,05,CHE.6.21.4_1,0.6234676007005254,0.9576304088739037
2024,05,CHE.6.22.1_1,0.6777583187390543,0.9741273017424364
2024,05,CHE.6.22.10_1,0.6462346760070053,0.965067873260736
2024,05,CHE.6.22.11_1,0.63922942206655,0.9628603221651623
2024,05,CHE.6.22.12_1,0.6357267950963222,0.9617296917533533
2024,05,CHE.6.22.13_1,0.6514886164623468,0.9666767815562759
2024,05,CHE.6.22.14_1,0.6462346760070053,0.965067873260736
2024,05,CHE.6.22.15_1,0.649737302977233,0.9661449166662318
2024,05,CHE.6.22.16_1,0.670753064798599,0.9722365967191319
2024,05,CHE.6.22.17_1,0.6795096322241682,0.9745891442038537
2024,05,CHE.6.22.18_1,0.6374781085814362,0.962297251372984
2024,05,CHE.6.22.19_1,0.6252189141856392,0.9582296175760798
2024,05,CHE.6.22.2_1,0.5674255691768827,0.936
2024,05,CHE.6.22.20_1,0.6427320490367776,0.9639730286683336
2024,05,CHE.6.22.21_1,0.6742556917688267,0.9731906288081488
2024,05,CHE.6.22.22_1,0.6374781085814362,0.962297251372984
2024,05,CHE.6.22.23_1,0.6427320490367776,0.9639730286683336
2024,05,CHE.6.22.24_1,0.6795096322241682,0.9745891442038537
2024,05,CHE.6.22.25_1,0.6532399299474606,0.9672042183530839
2024,05,CHE.6.22.26_1,0.6549912434325745,0.9677272342969376
2024,05,CHE.6.22.3_1,0.6077057793345009,0.9520315120835025
2024,05,CHE.6.22.4_1,0.63922942206655,0.9628603221651623
2024,05,CHE.6.22.5_1,0.628721541155867,0.9594144047282176
2024,05,CHE.6.22.6_1,0.6637478108581437,0.970276249322841
2024,05,CHE.6.22.7_1,0.6479859894921192,0.9656086163658648
2024,05,CHE.6.22.8_1,0.670753064798599,0.9722365967191319
2024,05,CHE.6.22.9_1,0.63922942206655,0.9628603221651623
2024,05,CHE.6.23.1_1,0.649737302977233,0.9661449166662318
2024,05,CHE.6.23.2_1,0.6252189141856392,0.9582296175760798
2024,05,CHE.6.23.3_1,0.6112084063047285,0.9533079250693346
2024,05,CHE.6.23.4_1,0.6444833625218914,0.9645226798784983
2024,05,CHE.6.23.5_1,0.6112084063047285,0.9533079250693346
2024,05,CHE.6.23.6_1,0.670753064798599,0.9722365967191319
2024,05,CHE.6.23.7_1,0.6427320490367776,0.9639730286683336
2024,05,CHE.6.23.8_1,0.670753064798599,0.9722365967191319
2024,05,CHE.6.23.9_1,0.5936952714535902,0.9467396685467447
2024,05,CHE.6.24.1_1,0.6900175131348513,0.9772696659571503
2024,05,CHE.6.24.10_1,0.7022767075306481,0.9802020199938377
2024,05,CHE.6.24.11_1,0.6374781085814362,0.962297251372984
2024,05,CHE.6.24.12_1,0.6549912434325745,0.9677272342969376
2024,05,CHE.6.24.13_1,0.6795096322241682,0.9745891442038537
2024,05,CHE.6.24.14_1,0.6444833625218914,0.9645226798784983
2024,05,CHE.6.24.15_1,0.6322241681260946,0.9605810741421048
2024,05,CHE.6.24.16_1,0.6409807355516638,0.9634189120003821
2024,05,CHE.6.24.17_1,0.670753064798599,0.9722365967191319
2024,05,CHE.6.24.18_1,0.7005253940455343,0.9797958971132712
2024,05,CHE.6.24.19_1,0.6199649737302978,0.9564183185196736
2024,05,CHE.6.24.2_1,0.6514886164623468,0.9666767815562759
2024,05,CHE.6.24.20_1,0.6690017513134852,0.9717530550505102
2024,05,CHE.6.24.21_1,0.649737302977233,0.9661449166662318
2024,05,CHE.6.24.22_1,0.6584938704028022,0.9687600322061186
2024,05,CHE.6.24.23_1,0.6112084063047285,0.9533079250693346
2024,05,CHE.6.24.24_1,0.649737302977233,0.9661449166662318
2024,05,CHE.6.24.25_1,0.6760070052539405,0.9736611320166786
2024,05,CHE.6.24.26_1,0.5726795096322242,0.9382345122622595
2024,05,CHE.6.24.27_1,0.6672504378283713,0.9712651543219287
2024,05,CHE.6.24.3_1,0.6462346760070053,0.965067873260736
2024,05,CHE.6.24.4_1,0.6217162872154116,0.9570266453970862
2024,05,CHE.6.24.5_1,0.6672504378283713,0.9712651543219287
2024,05,CHE.6.24.6_1,0.6479859894921192,0.9656086163658648
2024,05,CHE.6.24.7_1,0.6865148861646235,0.9763933633531108
2024,05,CHE.6.24.8_1,0.6619964973730298,0.9697752316903129
2024,05,CHE.6.24.9_1,0.7495621716287216,0.9895776877031939
2024,05,CHE.6.25.1_1,0.6322241681260946,0.9605810741421048
2024,05,CHE.6.25.10_1,0.5884413309982488,0.9446777228240327
2024,05,CHE.6.25.2_1,0.5796847635726796,0.9411461098044235
2024,05,CHE.6.25.3_1,0.6252189141856392,0.9582296175760798
2024,05,CHE.6.25.4_1,0.63922942206655,0.9628603221651623
2024,05,CHE.6.25.5_1,0.6147110332749562,0.954565869911553
2024,05,CHE.6.25.6_1,0.6304728546409808,0.96
2024,05,CHE.6.25.7_1,0.6042031523642732,0.9507365565707464
2024,05,CHE.6.25.8_1,0.6427320490367776,0.9639730286683336
2024,05,CHE.6.25.9_1,0.6112084063047285,0.9533079250693346
2024,05,CHE.6.26.1_1,0.6970227670753065,0.9789708882290628
2024,05,CHE.6.26.10_1,0.63922942206655,0.9628603221651623
2024,05,CHE.6.26.11_1,0.7495621716287216,0.9895776877031939
2024,05,CHE.6.26.12_1,0.6637478108581437,0.970276249322841
2024,05,CHE.6.26.13_1,0.6795096322241682,0.9745891442038537
2024,05,CHE.6.26.14_1,0.6847635726795097,0.9759487691472335
2024,05,CHE.6.26.15_1,0.62697022767075306,0.9588242800430119
2024,05,CHE.6.26.16_1,0.660245183887916,0.9692698282728087
2024,05,CHE.6.26.17_1,0.7197898423817863,0.9840304873325826
2024,05,CHE.6.26.18_1,0.6567425569176883,0.9682458365518543
2024,05,CHE.6.26.19_1,0.6619964973730298,0.9697752316903129
2024,05,CHE.6.26.2_1,0.6234676007005254,0.9576304088739037
2024,05,CHE.6.26.20_1,0.6935201401050789,0.9781288258711119
2024,05,CHE.6.26.21_1,0.6742556917688267,0.9731906288081488
2024,05,CHE.6.26.22_1,0.6584938704028022,0.9687600322061186
2024,05,CHE.6.26.23_1,0.6217162872154116,0.9570266453970862
2024,05,CHE.6.26.24_1,0.6812609457092821,0.975046665549911
2024,05,CHE.6.26.25_1,0.6742556917688267,0.9731906288081488
2024,05,CHE.6.26.26_1,0.6952714535901927,0.97855199146494
2024,05,CHE.6.26.3_1,0.670753064798599,0.9722365967191319
2024,05,CHE.6.26.4_1,0.6567425569176883,0.9682458365518543
2024,05,CHE.6.26.5_1,0.6725043782837129,0.9727157858285225
2024,05,CHE.6.26.6_1,0.6112084063047285,0.9533079250693346
2024,05,CHE.6.26.7_1,0.6654991243432575,0.9707728879609279
2024,05,CHE.6.26.8_1,0.6514886164623468,0.9666767815562759
2024,05,CHE.6.26.9_1,0.6462346760070053,0.965067873260736
2024,05,CHE.6.3.1_1,0.6357267950963222,0.9617296917533533
2024,05,CHE.6.3.10_1,0.6812609457092821,0.975046665549911
2024,05,CHE.6.3.11_1,0.5761821366024519,0.939699952112375
2024,05,CHE.6.3.12_1,0.649737302977233,0.9661449166662318
2024,05,CHE.6.3.13_1,0.6339754816112084,0.9611576353543679
2024,05,CHE.6.3.2_1,0.63922942206655,0.9628603221651623
2024,05,CHE.6.3.3_1,0.6357267950963222,0.9617296917533533
2024,05,CHE.6.3.4_1,0.6217162872154116,0.9570266453970862
2024,05,CHE.6.3.5_1,0.660245183887916,0.9692698282728087
2024,05,CHE.6.3.6_1,0.5901926444833626,0.9453697689264238
2024,05,CHE.6.3.7_1,0.5831873905429072,0.9425730740902798
2024,05,CHE.6.3.8_1,0.6322241681260946,0.9605810741421048
2024,05,CHE.6.3.9_1,0.6514886164623468,0.9666767815562759
2024,05,CHE.6.4.1_1,0.6900175131348513,0.9772696659571503
2024,05,CHE.6.4.2_1,0.6690017513134852,0.9717530550505102
2024,05,CHE.6.4.3_1,0.6514886164623468,0.9666767815562759
2024,05,CHE.6.5.1_1,0.62697022767075306,0.9588242800430119
2024,05,CHE.6.5.10_1,0.6725043782837129,0.9727157858285225
2024,05,CHE.6.5.11_1,0.6147110332749562,0.954565869911553
2024,05,CHE.6.5.12_1,0.6462346760070053,0.965067873260736
2024,05,CHE.6.5.13_1,0.6549912434325745,0.9677272342969376
2024,05,CHE.6.5.14_1,0.62697022767075306,0.9588242800430119
2024,05,CHE.6.5.2_1,0.6217162872154116,0.9570266453970862
2024,05,CHE.6.5.3_1,0.6742556917688267,0.9731906288081488
2024,05,CHE.6.5.4_1,0.6514886164623468,0.9666767815562759
2024,05,CHE.6.5.5_1,0.6374781085814362,0.962297251372984
2024,05,CHE.6.5.6_1,0.6409807355516638,0.9634189120003821
2024,05,CHE.6.5.7_1,0.6339754816112084,0.9611576353543679
2024,05,CHE.6.5.8_1,0.6584938704028022,0.9687600322061186
2024,05,CHE.6.5.9_1,0.6917688266199651,0.9777013859047148
2024,05,CHE.6.6.1_1,0.6619964973730298,0.9697752316903129
2024,05,CHE.6.6.10_1,0.6112084063047285,0.9533079250693346
2024,05,CHE.6.6.11_1,0.6252189141856392,0.9582296175760798
2024,05,CHE.6.6.12_1,0.6199649737302978,0.9564183185196736
2024,05,CHE.6.6.13_1,0.6094570928196147,0.9526720317087093
2024,05,CHE.6.6.14_1,0.5901926444833626,0.9453697689264238
2024,05,CHE.6.6.15_1,0.5954465849387042,0.9474175425861608
2024,05,CHE.6.6.16_1,0.6007005253940456,0.9494229826584145
2024,05,CHE.6.6.17_1,0.5919439579684764,0.946057080730333
2024,05,CHE.6.6.18_1,0.5954465849387042,0.9474175425861608
2024,05,CHE.6.6.19_1,0.6252189141856392,0.9582296175760798
2024,05,CHE.6.6.2_1,0.5901926444833626,0.9453697689264238
2024,05,CHE.6.6.20_1,0.6077057793345009,0.9520315120835025
2024,05,CHE.6.6.21_1,0.5779334500875658,0.9404254356406998
2024,05,CHE.6.6.22_1,0.63922942206655,0.9628603221651623
2024,05,CHE.6.6.23_1,0.6234676007005254,0.9576304088739037
2024,05,CHE.6.6.24_1,0.628721541155867,0.9594144047282176
2024,05,CHE.6.6.3_1,0.628721541155867,0.9594144047282176
2024,05,CHE.6.6.4_1,0.62697022767075306,0.9588242800430119
2024,05,CHE.6.6.5_1,0.5936952714535902,0.9467396685467447
2024,05,CHE.6.6.6_1,0.56217162872154125,0.9337215859130601
2024,05,CHE.6.6.7_1,0.6409807355516638,0.9634189120003821
2024,05,CHE.6.6.8_1,0.5796847635726796,0.9411461098044235
2024,05,CHE.6.6.9_1,0.62697022767075306,0.9588242800430119
2024,05,CHE.6.7.1_1,0.6777583187390543,0.9741273017424364
2024,05,CHE.6.7.10_1,0.63922942206655,0.9628603221651623
2024,05,CHE.6.7.11_1,0.6444833625218914,0.9645226798784983
2024,05,CHE.6.7.12_1,0.6462346760070053,0.965067873260736
2024,05,CHE.6.7.13_1,0.6304728546409808,0.96
2024,05,CHE.6.7.14_1,0.6024518388791593,0.9500821017154254
2024,05,CHE.6.7.15_1,0.6619964973730298,0.9697752316903129
2024,05,CHE.6.7.16_1,0.6444833625218914,0.9645226798784983
2024,05,CHE.6.7.17_1,0.6777583187390543,0.9741273017424364
2024,05,CHE.6.7.18_1,0.6479859894921192,0.9656086163658648
2024,05,CHE.6.7.2_1,0.6672504378283713,0.9712651543219287
2024,05,CHE.6.7.3_1,0.6619964973730298,0.9697752316903129
2024,05,CHE.6.7.4_1,0.6690017513134852,0.9717530550505102
2024,05,CHE.6.7.5_1,0.6847635726795097,0.9759487691472335
2024,05,CHE.6.7.6_1,0.6567425569176883,0.9682458365518543
2024,05,CHE.6.7.7_1,0.6479859894921192,0.9656086163658648
2024,05,CHE.6.7.8_1,0.6900175131348513,0.9772696659571503
2024,05,CHE.6.7.9_1,0.6584938704028022,0.9687600322061186
2024,05,CHE.6.8.1_1,0.6549912434325745,0.9677272342969376
2024,05,CHE.6.8.10_1,0.6199649737302978,0.9564183185196736
2024,05,CHE.6.8.11_1,0.670753064798599,0.9722365967191319
2024,05,CHE.6.8.12_1,0.6725043782837129,0.9727157858285225
2024,05,CHE.6.8.13_1,0.7180385288966725,0.983666610188635
2024,05,CHE.6.8.2_1,0.6952714535901927,0.97855199146494
2024,05,CHE.6.8.3_1,0.6654991243432575,0.9707728879609279
2024,05,CHE.6.8.4_1,0.7040280210157619,0.9806038955664005
2024,05,CHE.6.8.5_1,0.6725043782837129,0.9727157858285225
2024,05,CHE.6.8.6_1,0.6742556917688267,0.9731906288081488
2024,05,CHE.6.8.7_1,0.6760070052539405,0.9736611320166786
2024,05,CHE.6.8.8_1,0.6549912434325745,0.9677272342969376
2024,05,CHE.6.8.9_1,0.6654991243432575,0.9707728879609279
2024,05,CHE.6.9.1_1,0.62697022767075306,0.9588242800430119
2024,05,CHE.6.9.10_1,0.6339754816112084,0.9611576353543679
2024,05,CHE.6.9.11_1,0.6304728546409808,0.96
2024,05,CHE.6.9.12_1,0.6322241681260946,0.9605810741421048
2024,05,CHE.6.9.13_1,0.6304728546409808,0.96
2024,05,CHE.6.9.14_1,0.6147110332749562,0.954565869911553
2024,05,CHE.6.9.15_1,0.6147110332749562,0.954565869911553
2024,05,CHE.6.9.16_1,0.5761821366024519,0.939699952112375
2024,05,CHE.6.9.17_1,0.5954465849387042,0.9474175425861608
2024,05,CHE.6.9.18_1,0.649737302977233,0.9661449166662318
2024,05,CHE.6.9.19_1,0.6217162872154116,0.9570266453970862
2024,05,CHE.6.9.2_1,0.6217162872154116,0.9570266453970862
2024,05,CHE.6.9.20_1,0.628721541155867,0.9594144047282176
2024,05,CHE.6.9.21_1,0.6304728546409808,0.96
2024,05,CHE.6.9.22_1,0.6690017513134852,0.9717530550505102
2024,05,CHE.6.9.23_1,0.6094570928196147,0.9526720317087093
2024,05,CHE.6.9.24_1,0.6619964973730298,0.9697752316903129
2024,05,CHE.6.9.25_1,0.6182136602451839,0.9558054195284729
2024,05,CHE.6.9.26_1,0.6427320490367776,0.9639730286683336
2024,05,CHE.6.9.27_1,0.6007005253940456,0.9494229826584145
2024,05,CHE.6.9.3_1,0.6199649737302978,0.9564183185196736
2024,05,CHE.6.9.4_1,0.6882661996497373,0.976833660353696
2024,05,CHE.6.9.5_1,0.6409807355516638,0.9634189120003821
2024,05,CHE.6.9.6_1,0.6514886164623468,0.9666767815562759
2024,05,CHE.6.9.7_1,0.649737302977233,0.9661449166662318
2024,05,CHE.6.9.8_1,0.6094570928196147,0.9526720317087093
2024,05,CHE.6.9.9_1,0.6444833625218914,0.9645226798784983
2024,05,CHE.7.1.10_1,0.7057793345008757,0.9810015290507961
2024,05,CHE.7.1.12_1,0.6725043782837129,0.9727157858285225
2024,05,CHE.7.1.14_1,0.6970227670753065,0.9789708882290628
2024,05,CHE.7.1.15_1,0.6479859894921192,0.9656086163658648
2024,05,CHE.7.1.16_1,0.6690017513134852,0.9717530550505102
2024,05,CHE.7.1.19_1,0.6462346760070053,0.965067873260736
2024,05,CHE.7.1.2_1,0.7075306479859896,0.9813949256033475
2024,05,CHE.7.1.20_1,0.6672504378283713,0.9712651543219287
2024,05,CHE.7.1.22_1,0.6427320490367776,0.9639730286683336
2024,05,CHE.7.1.24_1,0.6164623467600701,0.955187939622355
2024,05,CHE.7.1.25_1,0.6777583187390543,0.9741273017424364
2024,05,CHE.7.1.26_1,0.6304728546409808,0.96
2024,05,CHE.7.1.29_1,0.6444833625218914,0.9645226798784983
2024,05,CHE.7.1.30_1,0.6952714535901927,0.97855199146494
2024,05,CHE.7.1.31_1,0.6812609457092821,0.975046665549911
2024,05,CHE.7.1.32_1,0.7005253940455343,0.9797958971132712
2024,05,CHE.7.1.33_1,0.6409807355516638,0.9634189120003821
2024,05,CHE.7.1.5_1,0.6409807355516638,0.9634189120003821
2024,05,CHE.7.1.6_1,0.63922942206655,0.9628603221651623
2024,05,CHE.7.1.7_1,0.6427320490367776,0.9639730286683336
2024,05,CHE.7.1.8_1,0.6690017513134852,0.9717530550505102
2024,05,CHE.7.2.1_1,0.5796847635726796,0.9411461098044235
2024,05,CHE.7.2.12_1,0.6217162872154116,0.9570266453970862
2024,05,CHE.7.2.14_1,0.6234676007005254,0.9576304088739037
2024,05,CHE.7.2.20_1,0.597197898423818,0.9480907129594721
2024,05,CHE.7.2.5_1,0.6339754816112084,0.9611576353543679
2024,05,CHE.7.3.12_1,0.6252189141856392,0.9582296175760798
2024,05,CHE.7.3.14_1,0.6077057793345009,0.9520315120835025
2024,05,CHE.7.3.16_1,0.5954465849387042,0.9474175425861608
2024,05,CHE.7.3.6_1,0.6654991243432575,0.9707728879609279
2024,05,CHE.7.5.1_1,0.6042031523642732,0.9507365565707464
2024,05,CHE.7.5.2_1,0.6479859894921192,0.9656086163658648
2024,05,CHE.7.5.4_1,0.6462346760070053,0.965067873260736
2024,05,CHE.7.6.13_1,0.6725043782837129,0.9727157858285225
2024,05,CHE.7.6.15_1,0.6900175131348513,0.9772696659571503
2024,05,CHE.7.6.2_1,0.7005253940455343,0.9797958971132712
2024,05,CHE.7.6.21_1,0.6637478108581437,0.970276249322841
2024,05,CHE.7.6.22_1,0.7075306479859896,0.9813949256033475
2024,05,CHE.7.6.23_1,0.6217162872154116,0.9570266453970862
2024,05,CHE.7.6.8_1,0.63922942206655,0.9628603221651623
2024,05,CHE.7.7.12_1,0.6252189141856392,0.9582296175760798
2024,05,CHE.7.7.17_1,0.6374781085814362,0.962297251372984
2024,05,CHE.7.7.18_1,0.6462346760070053,0.965067873260736
2024,05,CHE.7.7.6_1,0.63922942206655,0.9628603221651623
2024,05,CHE.7.7.8_1,0.5796847635726796,0.9411461098044235
2024,05,CHE.8.1.1_1,0.6882661996497373,0.976833660353696
2024,05,CHE.8.1.10_1,0.6672504378283713,0.9712651543219287
2024,05,CHE.8.1.11_1,0.62697022767075306,0.9588242800430119
2024,05,CHE.8.1.12_1,0.7057793345008757,0.9810015290507961
2024,05,CHE.8.1.13_1,0.6532399299474606,0.9672042183530839
2024,05,CHE.8.1.14_1,0.6654991243432575,0.9707728879609279
2024,05,CHE.8.1.15_1,0.6760070052539405,0.9736611320166786
2024,05,CHE.8.1.16_1,0.6444833625218914,0.9645226798784983
2024,05,CHE.8.1.17_1,0.6882661996497373,0.976833660353696
2024,05,CHE.8.1.18_1,0.6637478108581437,0.970276249322841
2024,05,CHE.8.1.19_1,0.6654991243432575,0.9707728879609279
2024,05,CHE.8.1.2_1,0.6952714535901927,0.97855199146494
2024,05,CHE.8.1.20_1,0.6725043782837129,0.9727157858285225
2024,05,CHE.8.1.21_1,0.6795096322241682,0.9745891442038537
2024,05,CHE.8.1.22_1,0.6952714535901927,0.97855199146494
2024,05,CHE.8.1.23_1,0.6654991243432575,0.9707728879609279
2024,05,CHE.8.1.24_1,0.6584938704028022,0.9687600322061186
2024,05,CHE.8.1.25_1,0.6339754816112084,0.9611576353543679
2024,05,CHE.8.1.26_1,0.6900175131348513,0.9772696659571503
2024,05,CHE.8.1.27_1,0.6514886164623468,0.9666767815562759
2024,05,CHE.8.1.28_1,0.7005253940455343,0.9797958971132712
2024,05,CHE.8.1.29_1,0.6637478108581437,0.970276249322841
2024,05,CHE.8.1.3_1,0.6374781085814362,0.962297251372984
2024,05,CHE.8.1.30_1,0.6917688266199651,0.9777013859047148
2024,05,CHE.8.1.31_1,0.660245183887916,0.9692698282728087
2024,05,CHE.8.1.32_1,0.6742556917688267,0.9731906288081488
2024,05,CHE.8.1.33_1,0.6970227670753065,0.9789708882290628
2024,05,CHE.8.1.34_1,0.7250437828371279,0.9850969495435462
2024,05,CHE.8.1.35_1,0.6584938704028022,0.9687600322061186
2024,05,CHE.8.1.36_1,0.6637478108581437,0.970276249322841
2024,05,CHE.8.1.37_1,0.6339754816112084,0.9611576353543679
2024,05,CHE.8.1.38_1,0.6164623467600701,0.955187939622355
2024,05,CHE.8.1.39_1,0.6742556917688267,0.9731906288081488
2024,05,CHE.8.1.4_1,0.6094570928196147,0.9526720317087093
2024,05,CHE.8.1.40_1,0.6742556917688267,0.9731906288081488
2024,05,CHE.8.1.41_1,0.6182136602451839,0.9558054195284729
2024,05,CHE.8.1.42_1,0.6567425569176883,0.9682458365518543
2024,05,CHE.8.1.43_1,0.6199649737302978,0.9564183185196736
2024,05,CHE.8.1.44_1,0.6970227670753065,0.9789708882290628
2024,05,CHE.8.1.45_1,0.6479859894921192,0.9656086163658648
2024,05,CHE.8.1.46_1,0.6935201401050789,0.9781288258711119
2024,05,CHE.8.1.5_1,0.6164623467600701,0.955187939622355
2024,05,CHE.8.1.6_1,0.6164623467600701,0.955187939622355
2024,05,CHE.8.1.7_1,0.6462346760070053,0.965067873260736
2024,05,CHE.8.1.8_1,0.6059544658493871,0.9513863568498342
2024,05,CHE.8.1.9_1,0.649737302977233,0.9661449166662318
2024,05,CHE.9.1.10_1,0.5166374781085814,0.9120855223058855
2024,05,CHE.9.1.12_1,0.5551663747810859,0.9306148505155073
2024,05,CHE.9.1.15_1,0.5831873905429072,0.9425730740902798
2024,05,CHE.9.1.16_1,0.5814360770577934,0.9418619856433319
2024,05,CHE.9.1.18_1,0.6234676007005254,0.9576304088739037
2024,05,CHE.9.1.2_1,0.6549912434325745,0.9677272342969376
2024,05,CHE.9.1.20_1,0.6129597197898424,0.9539392014169457
2024,05,CHE.9.1.26_1,0.6514886164623468,0.9666767815562759
2024,05,CHE.9.1.4_1,0.5446584938704029,0.9258055951440345
2024,05,CHE.9.1.5_1,0.5376532399299475,0.9224987804869988
2024,05,CHE.9.1.8_1,0.5779334500875658,0.9404254356406998
2024,05,CYP.1_1,0.6094570928196147,0.9526720317087093
2024,05,CYP.2_1,0.5131348511383538,0.9102768809543611
2024,05,CYP.3_1,0.5148861646234676,0.9111838453352868
2024,05,CYP.4_1,0.43957968476357273,0.867177029216065
2024,05,CYP.5_1,0.6672504378283713,0.9712651543219287
2024,05,CZE.1.1_1,0.5954465849387042,0.9474175425861608
2024,05,CZE.1.2_1,0.6077057793345009,0.9520315120835025
2024,05,CZE.1.3_1,0.6024518388791593,0.9500821017154254
2024,05,CZE.1.4_1,0.5779334500875658,0.9404254356406998
2024,05,CZE.1.5_1,0.6339754816112084,0.9611576353543679
2024,05,CZE.1.6_1,0.6182136602451839,0.9558054195284729
2024,05,CZE.1.7_1,0.5761821366024519,0.939699952112375
2024,05,CZE.10.2_1,0.6252189141856392,0.9582296175760798
2024,05,CZE.10.4_1,0.5376532399299475,0.9224987804869988
2024,05,CZE.10.5_1,0.6182136602451839,0.9558054195284729
2024,05,CZE.10.6_1,0.6374781085814362,0.962297251372984
2024,05,CZE.11.11_1,0.5954465849387042,0.9474175425861608
2024,05,CZE.11.13_1,0.660245183887916,0.9692698282728087
2024,05,CZE.11.14_1,0.5796847635726796,0.9411461098044235
2024,05,CZE.11.15_1,0.6760070052539405,0.9736611320166786
2024,05,CZE.11.17_1,0.6129597197898424,0.9539392014169457
2024,05,CZE.11.19_1,0.62697022767075306,0.9588242800430119
2024,05,CZE.11.21_1,0.5936952714535902,0.9467396685467447
2024,05,CZE.11.22_1,0.5884413309982488,0.9446777228240327
2024,05,CZE.11.3_1,0.6094570928196147,0.9526720317087093
2024,05,CZE.11.4_1,0.6409807355516638,0.9634189120003821
2024,05,CZE.11.5_1,0.6042031523642732,0.9507365565707464
2024,05,CZE.11.8_1,0.6182136602451839,0.9558054195284729
2024,05,CZE.12.1_1,0.5779334500875658,0.9404254356406998
2024,05,CZE.12.10_1,0.62697022767075306,0.9588242800430119
2024,05,CZE.12.11_1,0.6217162872154116,0.9570266453970862
2024,05,CZE.12.12_1,0.6024518388791593,0.9500821017154254
2024,05,CZE.12.2_1,0.6567425569176883,0.9682458365518543
2024,05,CZE.12.3_1,0.5674255691768827,0.936
2024,05,CZE.12.4_1,0.597197898423818,0.9480907129594721
2024,05,CZE.12.5_1,0.6147110332749562,0.954565869911553
2024,05,CZE.12.6_1,0.5569176882661997,0.931398947819891
2024,05,CZE.12.7_1,0.5849387040280211,0.9432793859721519
2024,05,CZE.12.8_1,0.5814360770577934,0.9418619856433319
2024,05,CZE.12.9_1,0.5936952714535902,0.9467396685467447
2024,05,CZE.13.2_1,0.5831873905429072,0.9425730740902798
2024,05,CZE.13.3_1,0.5779334500875658,0.9404254356406998
2024,05,CZE.13.4_1,0.6462346760070053,0.965067873260736
2024,05,CZE.14.1_1,0.5534150612959721,0.9298257901349047
2024,05,CZE.14.2_1,0.5481611208406305,0.9274287034591931
2024,05,CZE.14.3_1,0.5569176882661997,0.931398947819891
2024,05,CZE.2.1_1,0.5779334500875658,0.9404254356406998
2024,05,CZE.2.2_1,0.5779334500875658,0.9404254356406998
2024,05,CZE.2.3_1,0.5796847635726796,0.9411461098044235
2024,05,CZE.2.4_1,0.5919439579684764,0.946057080730333
2024,05,CZE.2.5_1,0.6059544658493871,0.9513863568498342
2024,05,CZE.2.6_1,0.6444833625218914,0.9645226798784983
2024,05,CZE.2.7_1,0.6112084063047285,0.9533079250693346
2024,05,CZE.4.1_1,0.6234676007005254,0.9576304088739037
2024,05,CZE.4.2_1,0.63922942206655,0.9628603221651623
2024,05,CZE.4.3_1,0.6304728546409808,0.96
2024,05,CZE.4.4_1,0.6427320490367776,0.9639730286683336
2024,05,CZE.4.5_1,0.6252189141856392,0.9582296175760798
2024,05,CZE.5.1_1,0.5691768826619966,0.9367496997597597
2024,05,CZE.5.2_1,0.5709281961471104,0.9374945333173949
2024,05,CZE.5.4_1,0.5884413309982488,0.9446777228240327
2024,05,CZE.6.1_1,0.5376532399299475,0.9224987804869988
2024,05,CZE.6.3_1,0.521891418563923,0.9147589846511485
2024,05,CZE.7.1_1,0.5306479859894921,0.9191104395011516
2024,05,CZE.7.4_1,0.6042031523642732,0.9507365565707464
2024,05,CZE.7.5_1,0.4991243432574431,0.9028288874421332
2024,05,CZE.8.1_1,0.5779334500875658,0.9404254356406998
2024,05,CZE.8.2_1,0.5656742556917689,0.9352454223357631
2024,05,CZE.8.3_1,0.5586690017513135,0.9321780945720619
2024,05,CZE.8.4_1,0.5796847635726796,0.9411461098044235
2024,05,CZE.8.5_1,0.5604203152364273,0.9329523031752481
2024,05,CZE.9.1_1,0.5919439579684764,0.946057080730333
2024,05,CZE.9.2_1,0.5674255691768827,0.936
2024,05,CZE.9.3_1,0.5674255691768827,0.936
2024,05,CZE.9.4_1,0.5253940455341506,0.916515138991168
2024,05,DEU.1.1.10.8_1,0.5726795096322242,0.9382345122622595
2024,05,DEU.1.1.3.1_1,0.6357267950963222,0.9617296917533533
2024,05,DEU.1.1.7.1_1,0.6777583187390543,0.9741273017424364
2024,05,DEU.1.1.8.2_1,0.6409807355516638,0.9634189120003821
2024,05,DEU.1.12.1.1_1,0.6900175131348513,0.9772696659571503
2024,05,DEU.1.13.1.1_1,0.6164623467600701,0.955187939622355
2024,05,DEU.1.13.2.1_1,0.6007005253940456,0.9494229826584145
2024,05,DEU.1.13.4.1_1,0.6444833625218914,0.9645226798784983
2024,05,DEU.1.13.4.3_1,0.6514886164623468,0.9666767815562759
2024,05,DEU.1.13.5.1_1,0.6760070052539405,0.9736611320166786
2024,05,DEU.1.13.6.1_1,0.6444833625218914,0.9645226798784983
2024,05,DEU.1.15.1.1_1,0.6567425569176883,0.9682458365518543
2024,05,DEU.1.18.2.1_1,0.6007005253940456,0.9494229826584145
2024,05,DEU.1.18.8.1_1,0.6479859894921192,0.9656086163658648
2024,05,DEU.1.2.1.1_1,0.6514886164623468,0.9666767815562759
2024,05,DEU.1.20.1.1_1,0.6532399299474606,0.9672042183530839
2024,05,DEU.1.21.10.1_1,0.6374781085814362,0.962297251372984
2024,05,DEU.1.21.11.1_1,0.6847635726795097,0.9759487691472335
2024,05,DEU.1.21.13.1_1,0.6304728546409808,0.96
2024,05,DEU.1.21.14.1_1,0.6847635726795097,0.9759487691472335
2024,05,DEU.1.21.15.1_1,0.6742556917688267,0.9731906288081488
2024,05,DEU.1.21.15.2_1,0.6182136602451839,0.9558054195284729
2024,05,DEU.1.21.16.1_1,0.649737302977233,0.9661449166662318
2024,05,DEU.1.21.17.1_1,0.63922942206655,0.9628603221651623
2024,05,DEU.1.21.4.1_1,0.7075306479859896,0.9813949256033475
2024,05,DEU.1.21.5.1_1,0.6549912434325745,0.9677272342969376
2024,05,DEU.1.21.6.1_1,0.6777583187390543,0.9741273017424364
2024,05,DEU.1.21.9.1_1,0.6549912434325745,0.9677272342969376
2024,05,DEU.1.22.10.1_1,0.6567425569176883,0.9682458365518543
2024,05,DEU.1.22.2.1_1,0.5989492119089318,0.9487591896788141
2024,05,DEU.1.22.2.2_1,0.6112084063047285,0.9533079250693346
2024,05,DEU.1.22.4.3_1,0.6690017513134852,0.9717530550505102
2024,05,DEU.1.22.5.2_1,0.6444833625218914,0.9645226798784983
2024,05,DEU.1.22.9.1_1,0.6427320490367776,0.9639730286683336
2024,05,DEU.1.23.1.1_1,0.7040280210157619,0.9806038955664005
2024,05,DEU.1.23.10.1_1,0.6427320490367776,0.9639730286683336
2024,05,DEU.1.23.11.1_1,0.6339754816112084,0.9611576353543679
2024,05,DEU.1.23.12.1_1,0.62697022767075306,0.9588242800430119
2024,05,DEU.1.23.12.2_1,0.6637478108581437,0.970276249322841
2024,05,DEU.1.23.12.3_1,0.6409807355516638,0.9634189120003821
2024,05,DEU.1.23.12.4_1,0.6882661996497373,0.976833660353696
2024,05,DEU.1.23.12.5_1,0.6619964973730298,0.9697752316903129
2024,05,DEU.1.23.12.6_1,0.6917688266199651,0.9777013859047148
2024,05,DEU.1.23.13.1_1,0.6532399299474606,0.9672042183530839
2024,05,DEU.1.23.14.1_1,0.628721541155867,0.9594144047282176
2024,05,DEU.1.23.14.2_1,0.6164623467600701,0.955187939622355
2024,05,DEU.1.23.2.1_1,0.6917688266199651,0.9777013859047148
2024,05,DEU.1.23.3.1_1,0.6112084063047285,0.9533079250693346
2024,05,DEU.1.23.3.2_1,0.6584938704028022,0.9687600322061186
2024,05,DEU.1.23.4.1_1,0.649737302977233,0.9661449166662318
2024,05,DEU.1.23.5.1_1,0.6900175131348513,0.9772696659571503
2024,05,DEU.1.23.5.2_1,0.6742556917688267,0.9731906288081488
2024,05,DEU.1.23.6.1_1,0.6760070052539405,0.9736611320166786
2024,05,DEU.1.23.6.2_1,0.7232924693520141,0.9847456524402634
2024,05,DEU.1.23.7.1_1,0.6444833625218914,0.9645226798784983
2024,05,DEU.1.23.7.2_1,0.6619964973730298,0.9697752316903129
2024,05,DEU.1.23.8.1_1,0.6094570928196147,0.9526720317087093
2024,05,DEU.1.23.8.2_1,0.5901926444833626,0.9453697689264238
2024,05,DEU.1.23.8.3_1,0.6374781085814362,0.962297251372984
2024,05,DEU.1.23.8.4_1,0.6147110332749562,0.954565869911553
2024,05,DEU.1.23.8.5_1,0.6427320490367776,0.9639730286683336
2024,05,DEU.1.23.8.6_1,0.6252189141856392,0.9582296175760798
2024,05,DEU.1.23.8.7_1,0.6199649737302978,0.9564183185196736
2024,05,DEU.1.23.8.8_1,0.6112084063047285,0.9533079250693346
2024,05,DEU.1.23.8.9_1,0.6584938704028022,0.9687600322061186
2024,05,DEU.1.23.9.1_1,0.63922942206655,0.9628603221651623
2024,05,DEU.1.23.9.2_1,0.6199649737302978,0.9564183185196736
2024,05,DEU.1.23.9.3_1,0.63922942206655,0.9628603221651623
2024,05,DEU.1.23.9.4_1,0.6742556917688267,0.9731906288081488
2024,05,DEU.1.26.1.1_1,0.6847635726795097,0.9759487691472335
2024,05,DEU.1.27.3.2_1,0.670753064798599,0.9722365967191319
2024,05,DEU.1.27.4.1_1,0.660245183887916,0.9692698282728087
2024,05,DEU.1.27.4.2_1,0.6427320490367776,0.9639730286683336
2024,05,DEU.1.27.4.3_1,0.7285464098073555,0.9857869952479592
2024,05,DEU.1.27.6.1_1,0.6514886164623468,0.9666767815562759
2024,05,DEU.1.27.6.4_1,0.6217162872154116,0.9570266453970862
2024,05,DEU.1.27.7.1_1,0.6690017513134852,0.9717530550505102
2024,05,DEU.1.27.8.3_1,0.6094570928196147,0.9526720317087093
2024,05,DEU.1.28.1.1_1,0.660245183887916,0.9692698282728087
2024,05,DEU.1.28.1.2_1,0.63922942206655,0.9628603221651623
2024,05,DEU.1.28.1.3_1,0.6584938704028022,0.9687600322061186
2024,05,DEU.1.28.1.4_1,0.6234676007005254,0.9576304088739037
2024,05,DEU.1.28.10.1_1,0.6374781085814362,0.962297251372984
2024,05,DEU.1.28.11.1_1,0.7005253940455343,0.9797958971132712
2024,05,DEU.1.28.11.2_1,0.6444833625218914,0.9645226798784983
2024,05,DEU.1.28.12.1_1,0.6900175131348513,0.9772696659571503
2024,05,DEU.1.28.13.1_1,0.6830122591943959,0.9754998718605759
2024,05,DEU.1.28.13.2_1,0.6112084063047285,0.9533079250693346
2024,05,DEU.1.28.14.1_1,0.6217162872154116,0.9570266453970862
2024,05,DEU.1.28.14.2_1,0.628721541155867,0.9594144047282176
2024,05,DEU.1.28.14.3_1,0.6760070052539405,0.9736611320166786
2024,05,DEU.1.28.15.1_1,0.6987740805604205,0.9793855216409929
2024,05,DEU.1.28.15.2_1,0.6935201401050789,0.9781288258711119
2024,05,DEU.1.28.15.3_1,0.6234676007005254,0.9576304088739037
2024,05,DEU.1.28.15.4_1,0.6654991243432575,0.9707728879609279
2024,05,DEU.1.28.15.5_1,0.6147110332749562,0.954565869911553
2024,05,DEU.1.28.16.1_1,0.6672504378283713,0.9712651543219287
2024,05,DEU.1.28.17.1_1,0.6234676007005254,0.9576304088739037
2024,05,DEU.1.28.17.2_1,0.6619964973730298,0.9697752316903129
2024,05,DEU.1.28.18.1_1,0.6760070052539405,0.9736611320166786
2024,05,DEU.1.28.18.2_1,0.6777583187390543,0.9741273017424364
2024,05,DEU.1.28.19.1_1,0.6567425569176883,0.9682458365518543
2024,05,DEU.1.28.2.1_1,0.63922942206655,0.9628603221651623
2024,05,DEU.1.28.20.1_1,0.6112084063047285,0.9533079250693346
2024,05,DEU.1.28.20.2_1,0.6532399299474606,0.9672042183530839
2024,05,DEU.1.28.21.1_1,0.6549912434325745,0.9677272342969376
2024,05,DEU.1.28.21.2_1,0.670753064798599,0.9722365967191319
2024,05,DEU.1.28.21.3_1,0.649737302977233,0.9661449166662318
2024,05,DEU.1.28.21.4_1,0.6777583187390543,0.9741273017424364
2024,05,DEU.1.28.3_1,0.6339754816112084,0.9611576353543679
2024,05,DEU.1.28.3.1_1,0.7197898423817863,0.9840304873325826
2024,05,DEU.1.28.3.2_1,0.670753064798599,0.9722365967191319
2024,05,DEU.1.28.3.3_1,0.63922942206655,0.9628603221651623
2024,05,DEU.1.28.3.4_1,0.6830122591943959,0.9754998718605759
2024,05,DEU.1.28.3.5_1,0.6637478108581437,0.970276249322841
2024,05,DEU.1.28.4.1_1,0.6830122591943959,0.9754998718605759
2024,05,DEU.1.28.5.1_1,0.5954465849387042,0.9474175425861608
2024,05,DEU.1.28.5.2_1,0.6865148861646235,0.9763933633531108
2024,05,DEU.1.28.5.3_1,0.6462346760070053,0.965067873260736
2024,05,DEU.1.28.6.1_1,0.6374781085814362,0.962297251372984
2024,05,DEU.1.28.6.2_1,0.6847635726795097,0.9759487691472335
2024,05,DEU.1.28.6.3_1,0.63922942206655,0.9628603221651623
2024,05,DEU.1.28.6.4_1,0.6357267950963222,0.9617296917533533
2024,05,DEU.1.28.6.5_1,0.6777583187390543,0.9741273017424364
2024,05,DEU.1.28.7.1_1,0.6900175131348513,0.9772696659571503
2024,05,DEU.1.28.7.2_1,0.6059544658493871,0.9513863568498342
2024,05,DEU.1.28.8.1_1,0.6304728546409808,0.96
2024,05,DEU.1.28.9.1_1,0.6900175131348513,0.9772696659571503
2024,05,DEU.1.28.9.2_1,0.7075306479859896,0.9813949256033475
2024,05,DEU.1.28.9.3_1,0.5954465849387042,0.9474175425861608
2024,05,DEU.1.3.3.2_1,0.5954465849387042,0.9474175425861608
2024,05,DEU.1.31.1.1_1,0.7005253940455343,0.9797958971132712
2024,05,DEU.1.31.1.2_1,0.6970227670753065,0.9789708882290628
2024,05,DEU.1.31.10.1_1,0.7285464098073555,0.9857869952479592
2024,05,DEU.1.31.10.2_1,0.6777583187390543,0.9741273017424364
2024,05,DEU.1.31.2.1_1,0.6409807355516638,0.9634189120003821
2024,05,DEU.1.31.3.1_1,0.6182136602451839,0.9558054195284729
2024,05,DEU.1.31.3.2_1,0.6917688266199651,0.9777013859047148
2024,05,DEU.1.31.3.3_1,0.7110332749562173,0.9821690282227392
2024,05,DEU.1.31.3.4_1,0.7110332749562173,0.9821690282227392
2024,05,DEU.1.31.4.1_1,0.6865148861646235,0.9763933633531108
2024,05,DEU.1.31.5.1_1,0.6777583187390543,0.9741273017424364
2024,05,DEU.1.31.6.1_1,0.6357267950963222,0.9617296917533533
2024,05,DEU.1.31.6.2_1,0.6777583187390543,0.9741273017424364
2024,05,DEU.1.31.6.3_1,0.6409807355516638,0.9634189120003821
2024,05,DEU.1.31.7.1_1,0.62697022767075306,0.9588242800430119
2024,05,DEU.1.31.7.2_1,0.6374781085814362,0.962297251372984
2024,05,DEU.1.31.8.1_1,0.6672504378283713,0.9712651543219287
2024,05,DEU.1.31.8.2_1,0.7145359019264449,0.9829262434180909
2024,05,DEU.1.31.8.3_1,0.7092819614711035,0.9817840903172144
2024,05,DEU.1.31.8.4_1,0.6672504378283713,0.9712651543219287
2024,05,DEU.1.31.8.5_1,0.7092819614711035,0.9817840903172144
2024,05,DEU.1.31.9.1_1,0.6690017513134852,0.9717530550505102
2024,05,DEU.1.31.9.2_1,0.6672504378283713,0.9712651543219287
2024,05,DEU.1.34.8.3_1,0.660245183887916,0.9692698282728087
2024,05,DEU.1.35.1.1_1,0.6742556917688267,0.9731906288081488
2024,05,DEU.1.35.10.1_1,0.6374781085814362,0.962297251372984
2024,05,DEU.1.35.10.2_1,0.6234676007005254,0.9576304088739037
2024,05,DEU.1.35.10.3_1,0.6690017513134852,0.9717530550505102
2024,05,DEU.1.35.10.4_1,0.7040280210157619,0.9806038955664005
2024,05,DEU.1.35.11.1_1,0.6427320490367776,0.9639730286683336
2024,05,DEU.1.35.12.1_1,0.649737302977233,0.9661449166662318
2024,05,DEU.1.35.13.1_1,0.6374781085814362,0.962297251372984
2024,05,DEU.1.35.14.1_1,0.6987740805604205,0.9793855216409929
2024,05,DEU.1.35.15.1_1,0.6637478108581437,0.970276249322841
2024,05,DEU.1.35.15.2_1,0.6830122591943959,0.9754998718605759
2024,05,DEU.1.35.15.3_1,0.670753064798599,0.9722365967191319
2024,05,DEU.1.35.15.4_1,0.6760070052539405,0.9736611320166786
2024,05,DEU.1.35.16.1_1,0.6847635726795097,0.9759487691472335
2024,05,DEU.1.35.17.1_1,0.6812609457092821,0.975046665549911
2024,05,DEU.1.35.18.1_1,0.712784588441331,0.9825497442877892
2024,05,DEU.1.35.19.1_1,0.6935201401050789,0.9781288258711119
2024,05,DEU.1.35.19.2_1,0.6339754816112084,0.9611576353543679
2024,05,DEU.1.35.19.3_1,0.6847635726795097,0.9759487691472335
2024,05,DEU.1.35.2.1_1,0.6672504378283713,0.9712651543219287
2024,05,DEU.1.35.20.1_1,0.6795096322241682,0.9745891442038537
2024,05,DEU.1.35.21.1_1,0.6690017513134852,0.9717530550505102
2024,05,DEU.1.35.21.2_1,0.6987740805604205,0.9793855216409929
2024,05,DEU.1.35.21.3_1,0.6812609457092821,0.975046665549911
2024,05,DEU.1.35.21.4_1,0.6444833625218914,0.9645226798784983
2024,05,DEU.1.35.22.1_1,0.6619964973730298,0.9697752316903129
2024,05,DEU.1.35.23.1_1,0.6935201401050789,0.9781288258711119
2024,05,DEU.1.35.24.1_1,0.6532399299474606,0.9672042183530839
2024,05,DEU.1.35.24.2_1,0.6252189141856392,0.9582296175760798
2024,05,DEU.1.35.24.3_1,0.6742556917688267,0.9731906288081488
2024,05,DEU.1.35.25.1_1,0.6672504378283713,0.9712651543219287
2024,05,DEU.1.35.26.1_1,0.6409807355516638,0.9634189120003821
2024,05,DEU.1.35.26.2_1,0.6690017513134852,0.9717530550505102
2024,05,DEU.1.35.26.3_1,0.6882661996497373,0.976833660353696
2024,05,DEU.1.35.26.4_1,0.6234676007005254,0.9576304088739037
2024,05,DEU.1.35.26.5_1,0.6952714535901927,0.97855199146494
2024,05,DEU.1.35.26.6_1,0.6935201401050789,0.9781288258711119
2024,05,DEU.1.35.27.1_1,0.6952714535901927,0.97855199146494
2024,05,DEU.1.35.28.1_1,0.6952714535901927,0.97855199146494
2024,05,DEU.1.35.29.1_1,0.7180385288966725,0.983666610188635
2024,05,DEU.1.35.29.2_1,0.6637478108581437,0.970276249322841
2024,05,DEU.1.35.3.1_1,0.6847635726795097,0.9759487691472335
2024,05,DEU.1.35.3.2_1,0.7338003502626971,0.986790757962396
2024,05,DEU.1.35.4.1_1,0.6777583187390543,0.9741273017424364
2024,05,DEU.1.35.5.1_1,0.63922942206655,0.9628603221651623
2024,05,DEU.1.35.5.2_1,0.7005253940455343,0.9797958971132712
2024,05,DEU.1.35.5.3_1,0.6917688266199651,0.9777013859047148
2024,05,DEU.1.35.5.4_1,0.6462346760070053,0.965067873260736
2024,05,DEU.1.35.5.5_1,0.6952714535901927,0.97855199146494
2024,05,DEU.1.35.6.1_1,0.670753064798599,0.9722365967191319
2024,05,DEU.1.35.7.1_1,0.6672504378283713,0.9712651543219287
2024,05,DEU.1.35.8.1_1,0.7145359019264449,0.9829262434180909
2024,05,DEU.1.35.9.1_1,0.6742556917688267,0.9731906288081488
2024,05,DEU.1.36.1.1_1,0.6952714535901927,0.97855199146494
2024,05,DEU.1.36.2.1_1,0.6830122591943959,0.9754998718605759
2024,05,DEU.1.36.2.2_1,0.6567425569176883,0.9682458365518543
2024,05,DEU.1.36.3.1_1,0.6812609457092821,0.975046665549911
2024,05,DEU.1.36.3.2_1,0.6374781085814362,0.962297251372984
2024,05,DEU.1.36.3.3_1,0.6672504378283713,0.9712651543219287
2024,05,DEU.1.36.4.1_1,0.6672504378283713,0.9712651543219287
2024,05,DEU.1.36.4.2_1,0.6619964973730298,0.9697752316903129
2024,05,DEU.1.36.4.3_1,0.670753064798599,0.9722365967191319
2024,05,DEU.1.36.4.4_1,0.6567425569176883,0.9682458365518543
2024,05,DEU.1.36.4.5_1,0.6812609457092821,0.975046665549911
2024,05,DEU.1.36.5.1_1,0.6795096322241682,0.9745891442038537
2024,05,DEU.1.36.5.2_1,0.6654991243432575,0.9707728879609279
2024,05,DEU.1.36.6.1_1,0.6777583187390543,0.9741273017424364
2024,05,DEU.1.36.6.2_1,0.6725043782837129,0.9727157858285225
2024,05,DEU.1.36.6.3_1,0.628721541155867,0.9594144047282176
2024,05,DEU.1.36.6.4_1,0.6199649737302978,0.9564183185196736
2024,05,DEU.1.36.7.1_1,0.6725043782837129,0.9727157858285225
2024,05,DEU.1.36.7.2_1,0.7022767075306481,0.9802020199938377
2024,05,DEU.1.36.8.1_1,0.6987740805604205,0.9793855216409929
2024,05,DEU.1.36.8.2_1,0.6690017513134852,0.9717530550505102
2024,05,DEU.1.38.2.1_1,0.6234676007005254,0.9576304088739037
2024,05,DEU.1.38.5.1_1,0.6409807355516638,0.9634189120003821
2024,05,DEU.1.38.6.1_1,0.6619964973730298,0.9697752316903129
2024,05,DEU.1.38.6.3_1,0.6094570928196147,0.9526720317087093
2024,05,DEU.1.38.7.1_1,0.5901926444833626,0.9453697689264238
2024,05,DEU.1.38.8.4_1,0.6444833625218914,0.9645226798784983
2024,05,DEU.1.42.2.2_1,0.6252189141856392,0.9582296175760798
2024,05,DEU.1.42.4.1_1,0.6567425569176883,0.9682458365518543
2024,05,DEU.1.42.4.6_1,0.6830122591943959,0.9754998718605759
2024,05,DEU.1.42.5.4_1,0.649737302977233,0.9661449166662318
2024,05,DEU.1.43.1.1_1,0.6654991243432575,0.9707728879609279
2024,05,DEU.1.44.1.1_1,0.7635726795096323,0.9917741678426597
2024,05,DEU.1.44.10.1_1,0.62697022767075306,0.9588242800430119
2024,05,DEU.1.44.10.2_1,0.6514886164623468,0.9666767815562759
2024,05,DEU.1.44.10.3_1,0.6795096322241682,0.9745891442038537
2024,05,DEU.1.44.10.4_1,0.6164623467600701,0.955187939622355
2024,05,DEU.1.44.10.5_1,0.6234676007005254,0.9576304088739037
2024,05,DEU.1.44.10.6_1,0.586690017513135,0.9439809320108113
2024,05,DEU.1.44.10.7_1,0.6252189141856392,0.9582296175760798
2024,05,DEU.1.44.11.1_1,0.6549912434325745,0.9677272342969376
2024,05,DEU.1.44.12.1_1,0.6847635726795097,0.9759487691472335
2024,05,DEU.1.44.12.2_1,0.660245183887916,0.9692698282728087
2024,05,DEU.1.44.12.3_1,0.7232924693520141,0.9847456524402634
2024,05,DEU.1.44.12.4_1,0.6357267950963222,0.9617296917533533
2024,05,DEU.1.44.13.1_1,0.6462346760070053,0.965067873260736
2024,05,DEU.1.44.14.1_1,0.6357267950963222,0.9617296917533533
2024,05,DEU.1.44.14.2_1,0.6409807355516638,0.9634189120003821
2024,05,DEU.1.44.2.1_1,0.6812609457092821,0.975046665549911
2024,05,DEU.1.44.2.2_1,0.6252189141856392,0.9582296175760798
2024,05,DEU.1.44.2.3_1,0.6322241681260946,0.9605810741421048
2024,05,DEU.1.44.2.4_1,0.6690017513134852,0.9717530550505102
2024,05,DEU.1.44.3.1_1,0.6252189141856392,0.9582296175760798
2024,05,DEU.1.44.3.2_1,0.6514886164623468,0.9666767815562759
2024,05,DEU.1.44.4.1_1,0.5954465849387042,0.9474175425861608
2024,05,DEU.1.44.5.1_1,0.6812609457092821,0.975046665549911
2024,05,DEU.1.44.5.2_1,0.6882661996497373,0.976833660353696
2024,05,DEU.1.44.5.3_1,0.6147110332749562,0.954565869911553
2024,05,DEU.1.44.6.1_1,0.6094570928196147,0.9526720317087093
2024,05,DEU.1.44.7.1_1,0.6672504378283713,0.9712651543219287
2024,05,DEU.1.44.7.2_1,0.6812609457092821,0.975046665549911
2024,05,DEU.1.44.8.1_1,0.6637478108581437,0.970276249322841
2024,05,DEU.1.44.9.1_1,0.6374781085814362,0.962297251372984
2024,05,DEU.1.44.9.2_1,0.6304728546409808,0.96
2024,05,DEU.1.45.5.1_1,0.6812609457092821,0.975046665549911
2024,05,DEU.1.45.8.6_1,0.6304728546409808,0.96
2024,05,DEU.1.45.8.8_1,0.6427320490367776,0.9639730286683336
2024,05,DEU.1.45.9.1_1,0.649737302977233,0.9661449166662318
2024,05,DEU.1.5.1.1_1,0.597197898423818,0.9480907129594721
2024,05,DEU.1.7.1.2_1,0.6865148861646235,0.9763933633531108
2024,05,DEU.1.7.11.2_1,0.6532399299474606,0.9672042183530839
2024,05,DEU.1.7.12.1_1,0.6830122591943959,0.9754998718605759
2024,05,DEU.1.7.12.2_1,0.6619964973730298,0.9697752316903129
2024,05,DEU.1.7.13.1_1,0.670753064798599,0.9722365967191319
2024,05,DEU.1.7.13.2_1,0.6619964973730298,0.9697752316903129
2024,05,DEU.1.7.13.4_1,0.6374781085814362,0.962297251372984
2024,05,DEU.1.7.13.5_1,0.6830122591943959,0.9754998718605759
2024,05,DEU.1.7.14.1_1,0.6654991243432575,0.9707728879609279
2024,05,DEU.1.7.15.3_1,0.7162872154115587,0.9832985304575615
2024,05,DEU.1.7.16.2_1,0.6234676007005254,0.9576304088739037
2024,05,DEU.1.7.17.3_1,0.6584938704028022,0.9687600322061186
2024,05,DEU.1.7.18.1_1,0.6374781085814362,0.962297251372984
2024,05,DEU.1.7.2.1_1,0.6952714535901927,0.97855199146494
2024,05,DEU.1.7.20.1_1,0.6584938704028022,0.9687600322061186
2024,05,DEU.1.7.5.1_1,0.6374781085814362,0.962297251372984
2024,05,DEU.1.7.6.3_1,0.6847635726795097,0.9759487691472335
2024,05,DEU.1.7.7.3_1,0.6619964973730298,0.9697752316903129
2024,05,DEU.1.8.3.1_1,0.6322241681260946,0.9605810741421048
2024,05,DEU.1.8.5.1_1,0.6444833625218914,0.9645226798784983
2024,05,DEU.1.9.1.3_1,0.6952714535901927,0.97855199146494
2024,05,DEU.1.9.2.1_1,0.7057793345008757,0.9810015290507961
2024,05,DEU.1.9.2.2_1,0.6007005253940456,0.9494229826584145
2024,05,DEU.1.9.4.1_1,0.6637478108581437,0.970276249322841
2024,05,DEU.1.9.4.3_1,0.6304728546409808,0.96
2024,05,DEU.1.9.5.5_1,0.6549912434325745,0.9677272342969376
2024,05,DEU.1.9.5.6_1,0.6654991243432575,0.9707728879609279
2024,05,DEU.10.1.1.1_1,0.6094570928196147,0.9526720317087093
2024,05,DEU.10.10.1.1_1,0.7022767075306481,0.9802020199938377
2024,05,DEU.10.13.5.1_1,0.7005253940455343,0.9797958971132712
2024,05,DEU.10.13.9.1_1,0.7022767075306481,0.9802020199938377
2024,05,DEU.10.15.13.1_1,0.5779334500875658,0.9404254356406998
2024,05,DEU.10.15.8.1_1,0.597197898423818,0.9480907129594721
2024,05,DEU.10.15.9.1_1,0.6112084063047285,0.9533079250693346
2024,05,DEU.10.18.1.1_1,0.6952714535901927,0.97855199146494
2024,05,DEU.10.18.10.1_1,0.7285464098073555,0.9857869952479592
2024,05,DEU.10.18.2.1_1,0.7145359019264449,0.9829262434180909
2024,05,DEU.10.18.3.1_1,0.7057793345008757,0.9810015290507961
2024,05,DEU.10.18.6.1_1,0.7302977232924693,0.9861257526299574
2024,05,DEU.10.18.7.1_1,0.7320490367775833,0.98646033878712025
2024,05,DEU.10.19.3.1_1,0.5761821366024519,0.939699952112375
2024,05,DEU.10.21.3.1_1,0.5691768826619966,0.9367496997597597
2024,05,DEU.10.21.6.1_1,0.6637478108581437,0.970276249322841
2024,05,DEU.10.22.1.1_1,0.6042031523642732,0.9507365565707464
2024,05,DEU.10.22.10.1_1,0.63922942206655,0.9628603221651623
2024,05,DEU.10.22.2.1_1,0.6672504378283713,0.9712651543219287
2024,05,DEU.10.22.3.1_1,0.6917688266199651,0.9777013859047148
2024,05,DEU.10.22.9.1_1,0.670753064798599,0.9722365967191319
2024,05,DEU.10.23.10.1_1,0.7145359019264449,0.9829262434180909
2024,05,DEU.10.23.11.1_1,0.6935201401050789,0.9781288258711119
2024,05,DEU.10.23.13.1_1,0.7338003502626971,0.986790757962396
2024,05,DEU.10.23.16.1_1,0.7005253940455343,0.9797958971132712
2024,05,DEU.10.23.2.1_1,0.7320490367775833,0.98646033878712025
2024,05,DEU.10.23.9.1_1,0.6742556917688267,0.9731906288081488
2024,05,DEU.10.24.1.1_1,0.7443082311733801,0.9886859966642594
2024,05,DEU.10.25.1.1_1,0.7215411558669002,0.9843901665498289
2024,05,DEU.10.27.12.1_1,0.5849387040280211,0.9432793859721519
2024,05,DEU.10.27.14.1_1,0.5569176882661997,0.931398947819891
2024,05,DEU.10.27.16.1_1,0.6234676007005254,0.9576304088739037
2024,05,DEU.10.27.2.1_1,0.5761821366024519,0.939699952112375
2024,05,DEU.10.27.8.1_1,0.6567425569176883,0.9682458365518543
2024,05,DEU.10.29.7.1_1,0.7180385288966725,0.983666610188635
2024,05,DEU.10.29.8.1_1,0.6882661996497373,0.976833660353696
2024,05,DEU.10.31.1.1_1,0.7267950963222417,0.9854440623394105
2024,05,DEU.10.32.1.1_1,0.7197898423817863,0.9840304873325826
2024,05,DEU.10.33.1.1_1,0.6252189141856392,0.9582296175760798
2024,05,DEU.10.35.1.1_1,0.7338003502626971,0.986790757962396
2024,05,DEU.10.37.1.1_1,0.5779334500875658,0.9404254356406998
2024,05,DEU.10.37.10.1_1,0.6182136602451839,0.9558054195284729
2024,05,DEU.10.37.2.1_1,0.6637478108581437,0.970276249322841
2024,05,DEU.10.37.3.1_1,0.6304728546409808,0.96
2024,05,DEU.10.37.4.1_1,0.6252189141856392,0.9582296175760798
2024,05,DEU.10.37.5.1_1,0.6935201401050789,0.9781288258711119
2024,05,DEU.10.37.6.1_1,0.6007005253940456,0.9494229826584145
2024,05,DEU.10.37.7.1_1,0.5901926444833626,0.9453697689264238
2024,05,DEU.10.37.8.1_1,0.6199649737302978,0.9564183185196736
2024,05,DEU.10.37.9.1_1,0.6164623467600701,0.955187939622355
2024,05,DEU.10.4.13.1_1,0.6059544658493871,0.9513863568498342
2024,05,DEU.10.4.17.1_1,0.6322241681260946,0.9605810741421048
2024,05,DEU.10.4.2.1_1,0.6532399299474606,0.9672042183530839
2024,05,DEU.10.4.5.1_1,0.5901926444833626,0.9453697689264238
2024,05,DEU.10.4.8.1_1,0.7040280210157619,0.9806038955664005
2024,05,DEU.10.40.1.1_1,0.6882661996497373,0.976833660353696
2024,05,DEU.10.40.2.1_1,0.6987740805604205,0.9793855216409929
2024,05,DEU.10.40.9.1_1,0.7373029772329247,0.987439112046915
2024,05,DEU.10.41.1.1_1,0.7075306479859896,0.9813949256033475
2024,05,DEU.10.41.2.1_1,0.7110332749562173,0.9821690282227392
2024,05,DEU.10.41.3.1_1,0.7040280210157619,0.9806038955664005
2024,05,DEU.10.41.4.1_1,0.7338003502626971,0.986790757962396
2024,05,DEU.10.41.5.1_1,0.6900175131348513,0.9772696659571503
2024,05,DEU.10.41.6.1_1,0.6952714535901927,0.97855199146494
2024,05,DEU.10.41.7.1_1,0.7373029772329247,0.987439112046915
2024,05,DEU.10.41.8.1_1,0.7548161120840631,0.9904322288778774
2024,05,DEU.10.43.6.1_1,0.6690017513134852,0.9717530550505102
2024,05,DEU.10.45.5.1_1,0.6690017513134852,0.9717530550505102
2024,05,DEU.10.45.7.1_1,0.6742556917688267,0.9731906288081488
2024,05,DEU.10.45.9.1_1,0.6917688266199651,0.9777013859047148
2024,05,DEU.10.47.1.1_1,0.7530647985989493,0.990151503558925
2024,05,DEU.10.47.10.1_1,0.7215411558669002,0.9843901665498289
2024,05,DEU.10.47.2.1_1,0.6987740805604205,0.9793855216409929
2024,05,DEU.10.47.3.1_1,0.712784588441331,0.9825497442877892
2024,05,DEU.10.47.4.1_1,0.7075306479859896,0.9813949256033475
2024,05,DEU.10.47.5.1_1,0.7373029772329247,0.987439112046915
2024,05,DEU.10.47.6.1_1,0.7250437828371279,0.9850969495435462
2024,05,DEU.10.47.7.1_1,0.7005253940455343,0.9797958971132712
2024,05,DEU.10.47.8.1_1,0.6900175131348513,0.9772696659571503
2024,05,DEU.10.47.9.1_1,0.7162872154115587,0.9832985304575615
2024,05,DEU.10.48.1.1_1,0.5814360770577934,0.9418619856433319
2024,05,DEU.10.48.10.1_1,0.5464098073555167,0.9266196630764966
2024,05,DEU.10.48.11.1_1,0.6199649737302978,0.9564183185196736
2024,05,DEU.10.48.12.1_1,0.5604203152364273,0.9329523031752481
2024,05,DEU.10.48.13.1_1,0.6339754816112084,0.9611576353543679
2024,05,DEU.10.48.14.1_1,0.6182136602451839,0.9558054195284729
2024,05,DEU.10.48.15.1_1,0.5849387040280211,0.9432793859721519
2024,05,DEU.10.48.16.1_1,0.5814360770577934,0.9418619856433319
2024,05,DEU.10.48.17.1_1,0.6077057793345009,0.9520315120835025
2024,05,DEU.10.48.18.1_1,0.6077057793345009,0.9520315120835025
2024,05,DEU.10.48.19.1_1,0.597197898423818,0.9480907129594721
2024,05,DEU.10.48.2.1_1,0.6112084063047285,0.9533079250693346
2024,05,DEU.10.48.20.1_1,0.6164623467600701,0.955187939622355
2024,05,DEU.10.48.21.1_1,0.6024518388791593,0.9500821017154254
2024,05,DEU.10.48.22.1_1,0.5884413309982488,0.9446777228240327
2024,05,DEU.10.48.23.1_1,0.5901926444833626,0.9453697689264238
2024,05,DEU.10.48.24.1_1,0.6112084063047285,0.9533079250693346
2024,05,DEU.10.48.3.1_1,0.6252189141856392,0.9582296175760798
2024,05,DEU.10.48.4.1_1,0.6427320490367776,0.9639730286683336
2024,05,DEU.10.48.5.1_1,0.6252189141856392,0.9582296175760798
2024,05,DEU.10.48.6.1_1,0.6567425569176883,0.9682458365518543
2024,05,DEU.10.48.7.1_1,0.5516637478108581,0.9290317540321213
2024,05,DEU.10.48.8.1_1,0.5726795096322242,0.9382345122622595
2024,05,DEU.10.48.9.1_1,0.6217162872154116,0.9570266453970862
2024,05,DEU.10.50.1.1_1,0.6567425569176883,0.9682458365518543
2024,05,DEU.10.50.4.1_1,0.6865148861646235,0.9763933633531108
2024,05,DEU.10.50.5.1_1,0.6690017513134852,0.9717530550505102
2024,05,DEU.10.50.6.1_1,0.7110332749562173,0.9821690282227392
2024,05,DEU.10.50.8.1_1,0.7162872154115587,0.9832985304575615
2024,05,DEU.10.50.9.1_1,0.6830122591943959,0.9754998718605759
2024,05,DEU.10.51.11.1_1,0.6042031523642732,0.9507365565707464
2024,05,DEU.10.51.8.1_1,0.5814360770577934,0.9418619856433319
2024,05,DEU.10.52.6.1_1,0.7057793345008757,0.9810015290507961
2024,05,DEU.10.52.8.1_1,0.6952714535901927,0.97855199146494
2024,05,DEU.10.6.10.1_1,0.6777583187390543,0.9741273017424364
2024,05,DEU.10.6.2.1_1,0.670753064798599,0.9722365967191319
2024,05,DEU.10.6.5.1_1,0.6217162872154116,0.9570266453970862
2024,05,DEU.10.8.1.1_1,0.6935201401050789,0.9781288258711119
2024,05,DEU.10.9.1.1_1,0.7215411558669002,0.9843901665498289
2024,05,DEU.10.9.14.1_1,0.7267950963222417,0.9854440623394105
2024,05,DEU.10.9.3.1_1,0.7092819614711035,0.9817840903172144
2024,05,DEU.10.9.4.1_1,0.7197898423817863,0.9840304873325826
2024,05,DEU.10.9.8.1_1,0.6917688266199651,0.9777013859047148
2024,05,DEU.11.10.1.1_1,0.6970227670753065,0.9789708882290628
2024,05,DEU.11.10.1.10_1,0.712784588441331,0.9825497442877892
2024,05,DEU.11.10.1.11_1,0.7390542907180385,0.9877570551507087
2024,05,DEU.11.10.1.12_1,0.6795096322241682,0.9745891442038537
2024,05,DEU.11.10.1.13_1,0.6952714535901927,0.97855199146494
2024,05,DEU.11.10.1.14_1,0.7513134851138354,0.9898666576867816
2024,05,DEU.11.10.1.15_1,0.7040280210157619,0.9806038955664005
2024,05,DEU.11.10.1.16_1,0.7057793345008757,0.9810015290507961
2024,05,DEU.11.10.1.17_1,0.7285464098073555,0.9857869952479592
2024,05,DEU.11.10.1.18_1,0.7302977232924693,0.9861257526299574
2024,05,DEU.11.10.1.19_1,0.7110332749562173,0.9821690282227392
2024,05,DEU.11.10.1.2_1,0.6637478108581437,0.970276249322841
2024,05,DEU.11.10.1.20_1,0.6970227670753065,0.9789708882290628
2024,05,DEU.11.10.1.21_1,0.7022767075306481,0.9802020199938377
2024,05,DEU.11.10.1.22_1,0.7232924693520141,0.9847456524402634
2024,05,DEU.11.10.1.23_1,0.712784588441331,0.9825497442877892
2024,05,DEU.11.10.1.24_1,0.7197898423817863,0.9840304873325826
2024,05,DEU.11.10.1.25_1,0.7092819614711035,0.9817840903172144
2024,05,DEU.11.10.1.26_1,0.7583187390542908,0.9909813318120578
2024,05,DEU.11.10.1.27_1,0.7040280210157619,0.9806038955664005
2024,05,DEU.11.10.1.28_1,0.6917688266199651,0.9777013859047148
2024,05,DEU.11.10.1.29_1,0.7197898423817863,0.9840304873325826
2024,05,DEU.11.10.1.3_1,0.7390542907180385,0.9877570551507087
2024,05,DEU.11.10.1.30_1,0.7338003502626971,0.986790757962396
2024,05,DEU.11.10.1.31_1,0.7267950963222417,0.9854440623394105
2024,05,DEU.11.10.1.32_1,0.7145359019264449,0.9829262434180909
2024,05,DEU.11.10.1.33_1,0.7495621716287216,0.9895776877031939
2024,05,DEU.11.10.1.34_1,0.7197898423817863,0.9840304873325826
2024,05,DEU.11.10.1.35_1,0.712784588441331,0.9825497442877892
2024,05,DEU.11.10.1.36_1,0.7092819614711035,0.9817840903172144
2024,05,DEU.11.10.1.37_1,0.7583187390542908,0.9909813318120578
2024,05,DEU.11.10.1.38_1,0.7075306479859896,0.9813949256033475
2024,05,DEU.11.10.1.39_1,0.7583187390542908,0.9909813318120578
2024,05,DEU.11.10.1.4_1,0.7250437828371279,0.9850969495435462
2024,05,DEU.11.10.1.40_1,0.6865148861646235,0.9763933633531108
2024,05,DEU.11.10.1.41_1,0.7075306479859896,0.9813949256033475
2024,05,DEU.11.10.1.42_1,0.7408056042031524,0.9880708476622514
2024,05,DEU.11.10.1.43_1,0.7373029772329247,0.987439112046915
2024,05,DEU.11.10.1.5_1,0.7338003502626971,0.986790757962396
2024,05,DEU.11.10.1.6_1,0.7285464098073555,0.9857869952479592
2024,05,DEU.11.10.1.7_1,0.7022767075306481,0.9802020199938377
2024,05,DEU.11.10.1.8_1,0.7145359019264449,0.9829262434180909
2024,05,DEU.11.10.1.9_1,0.7408056042031524,0.9880708476622514
2024,05,DEU.11.10.2.1_1,0.7215411558669002,0.9843901665498289
2024,05,DEU.11.10.3.1_1,0.7110332749562173,0.9821690282227392
2024,05,DEU.11.10.3.10_1,0.6970227670753065,0.9789708882290628
2024,05,DEU.11.10.3.11_1,0.6952714535901927,0.97855199146494
2024,05,DEU.11.10.3.12_1,0.7408056042031524,0.9880708476622514
2024,05,DEU.11.10.3.13_1,0.7197898423817863,0.9840304873325826
2024,05,DEU.11.10.3.14_1,0.6900175131348513,0.9772696659571503
2024,05,DEU.11.10.3.15_1,0.7373029772329247,0.987439112046915
2024,05,DEU.11.10.3.16_1,0.7005253940455343,0.9797958971132712
2024,05,DEU.11.10.3.17_1,0.7285464098073555,0.9857869952479592
2024,05,DEU.11.10.3.18_1,0.7373029772329247,0.987439112046915
2024,05,DEU.11.10.3.19_1,0.7005253940455343,0.9797958971132712
2024,05,DEU.11.10.3.2_1,0.6725043782837129,0.9727157858285225
2024,05,DEU.11.10.3.20_1,0.6952714535901927,0.97855199146494
2024,05,DEU.11.10.3.21_1,0.7548161120840631,0.9904322288778774
2024,05,DEU.11.10.3.22_1,0.7197898423817863,0.9840304873325826
2024,05,DEU.11.10.3.23_1,0.7005253940455343,0.9797958971132712
2024,05,DEU.11.10.3.24_1,0.7478108581436077,0.9892845899942038
2024,05,DEU.11.10.3.25_1,0.6532399299474606,0.9672042183530839
2024,05,DEU.11.10.3.26_1,0.7285464098073555,0.9857869952479592
2024,05,DEU.11.10.3.27_1,0.6672504378283713,0.9712651543219287
2024,05,DEU.11.10.3.28_1,0.7110332749562173,0.9821690282227392
2024,05,DEU.11.10.3.29_1,0.6987740805604205,0.9793855216409929
2024,05,DEU.11.10.3.3_1,0.712784588441331,0.9825497442877892
2024,05,DEU.11.10.3.30_1,0.7285464098073555,0.9857869952479592
2024,05,DEU.11.10.3.31_1,0.7075306479859896,0.9813949256033475
2024,05,DEU.11.10.3.32_1,0.7145359019264449,0.9829262434180909
2024,05,DEU.11.10.3.33_1,0.7162872154115587,0.9832985304575615
2024,05,DEU.11.10.3.34_1,0.7495621716287216,0.9895776877031939
2024,05,DEU.11.10.3.35_1,0.7075306479859896,0.9813949256033475
2024,05,DEU.11.10.3.36_1,0.7180385288966725,0.983666610188635
2024,05,DEU.11.10.3.37_1,0.7162872154115587,0.9832985304575615
2024,05,DEU.11.10.3.38_1,0.7197898423817863,0.9840304873325826
2024,05,DEU.11.10.3.39_1,0.7075306479859896,0.9813949256033475
2024,05,DEU.11.10.3.4_1,0.6935201401050789,0.9781288258711119
2024,05,DEU.11.10.3.40_1,0.7005253940455343,0.9797958971132712
2024,05,DEU.11.10.3.41_1,0.6672504378283713,0.9712651543219287
2024,05,DEU.11.10.3.42_1,0.7075306479859896,0.9813949256033475
2024,05,DEU.11.10.3.43_1,0.7425569176882663,0.9883804935347521
2024,05,DEU.11.10.3.44_1,0.6900175131348513,0.9772696659571503
2024,05,DEU.11.10.3.45_1,0.7075306479859896,0.9813949256033475
2024,05,DEU.11.10.3.46_1,0.7250437828371279,0.9850969495435462
2024,05,DEU.11.10.3.47_1,0.7250437828371279,0.9850969495435462
2024,05,DEU.11.10.3.48_1,0.7495621716287216,0.9895776877031939
2024,05,DEU.11.10.3.49_1,0.7040280210157619,0.9806038955664005
2024,05,DEU.11.10.3.5_1,0.7215411558669002,0.9843901665498289
2024,05,DEU.11.10.3.50_1,0.6812609457092821,0.975046665549911
2024,05,DEU.11.10.3.51_1,0.7338003502626971,0.986790757962396
2024,05,DEU.11.10.3.52_1,0.7267950963222417,0.9854440623394105
2024,05,DEU.11.10.3.53_1,0.7162872154115587,0.9832985304575615
2024,05,DEU.11.10.3.54_1,0.6777583187390543,0.9741273017424364
2024,05,DEU.11.10.3.55_1,0.7022767075306481,0.9802020199938377
2024,05,DEU.11.10.3.56_1,0.7302977232924693,0.9861257526299574
2024,05,DEU.11.10.3.57_1,0.76707530647986,0.9922822179198819
2024,05,DEU.11.10.3.58_1,0.7110332749562173,0.9821690282227392
2024,05,DEU.11.10.3.59_1,0.7162872154115587,0.9832985304575615
2024,05,DEU.11.10.3.6_1,0.6812609457092821,0.975046665549911
2024,05,DEU.11.10.3.60_1,0.7022767075306481,0.9802020199938377
2024,05,DEU.11.10.3.61_1,0.7513134851138354,0.9898666576867816
2024,05,DEU.11.10.3.62_1,0.7092819614711035,0.9817840903172144
2024,05,DEU.11.10.3.63_1,0.7513134851138354,0.9898666576867816
2024,05,DEU.11.10.3.64_1,0.7267950963222417,0.9854440623394105
2024,05,DEU.11.10.3.65_1,0.7565674255691769,0.9907088371464141
2024,05,DEU.11.10.3.66_1,0.7180385288966725,0.983666610188635
2024,05,DEU.11.10.3.67_1,0.6970227670753065,0.9789708882290628
2024,05,DEU.11.10.3.68_1,0.7197898423817863,0.9840304873325826
2024,05,DEU.11.10.3.69_1,0.6970227670753065,0.9789708882290628
2024,05,DEU.11.10.3.7_1,0.712784588441331,0.9825497442877892
2024,05,DEU.11.10.3.70_1,0.6935201401050789,0.9781288258711119
2024,05,DEU.11.10.3.71_1,0.6935201401050789,0.9781288258711119
2024,05,DEU.11.10.3.72_1,0.6917688266199651,0.9777013859047148
2024,05,DEU.11.10.3.8_1,0.7145359019264449,0.9829262434180909
2024,05,DEU.11.10.3.9_1,0.6935201401050789,0.9781288258711119
2024,05,DEU.11.10.4.1_1,0.7267950963222417,0.9854440623394105
2024,05,DEU.11.10.4.10_1,0.7005253940455343,0.9797958971132712
2024,05,DEU.11.10.4.11_1,0.7250437828371279,0.9850969495435462
2024,05,DEU.11.10.4.12_1,0.7443082311733801,0.9886859966642594
2024,05,DEU.11.10.4.13_1,0.7898423817863398,0.9951864146982715
2024,05,DEU.11.10.4.14_1,0.7057793345008757,0.9810015290507961
2024,05,DEU.11.10.4.15_1,0.6970227670753065,0.9789708882290628
2024,05,DEU.11.10.4.16_1,0.7425569176882663,0.9883804935347521
2024,05,DEU.11.10.4.17_1,0.7215411558669002,0.9843901665498289
2024,05,DEU.11.10.4.18_1,0.7513134851138354,0.9898666576867816
2024,05,DEU.11.10.4.19_1,0.6865148861646235,0.9763933633531108
2024,05,DEU.11.10.4.2_1,0.7005253940455343,0.9797958971132712
2024,05,DEU.11.10.4.20_1,0.712784588441331,0.9825497442877892
2024,05,DEU.11.10.4.21_1,0.7232924693520141,0.9847456524402634
2024,05,DEU.11.10.4.22_1,0.7092819614711035,0.9817840903172144
2024,05,DEU.11.10.4.23_1,0.7162872154115587,0.9832985304575615
2024,05,DEU.11.10.4.24_1,0.7232924693520141,0.9847456524402634
2024,05,DEU.11.10.4.25_1,0.7075306479859896,0.9813949256033475
2024,05,DEU.11.10.4.26_1,0.7338003502626971,0.986790757962396
2024,05,DEU.11.10.4.27_1,0.6900175131348513,0.9772696659571503
2024,05,DEU.11.10.4.28_1,0.7688266199649738,0.9925301002992302
2024,05,DEU.11.10.4.29_1,0.7320490367775833,0.98646033878712025
2024,05,DEU.11.10.4.3_1,0.7057793345008757,0.9810015290507961
2024,05,DEU.11.10.4.30_1,0.7793345008756568,0.993931587182941
2024,05,DEU.11.10.4.31_1,0.7460595446584939,0.9889873608899156
2024,05,DEU.11.10.4.32_1,0.7443082311733801,0.9886859966642594
2024,05,DEU.11.10.4.33_1,0.7478108581436077,0.9892845899942038
2024,05,DEU.11.10.4.34_1,0.7478108581436077,0.9892845899942038
2024,05,DEU.11.10.4.35_1,0.7180385288966725,0.983666610188635
2024,05,DEU.11.10.4.36_1,0.6812609457092821,0.975046665549911
2024,05,DEU.11.10.4.37_1,0.7408056042031524,0.9880708476622514
2024,05,DEU.11.10.4.38_1,0.7215411558669002,0.9843901665498289
2024,05,DEU.11.10.4.39_1,0.7548161120840631,0.9904322288778774
2024,05,DEU.11.10.4.4_1,0.7635726795096323,0.9917741678426597
2024,05,DEU.11.10.4.40_1,0.7653239929947461,0.9920302414745228
2024,05,DEU.11.10.4.41_1,0.7232924693520141,0.9847456524402634
2024,05,DEU.11.10.4.42_1,0.7443082311733801,0.9886859966642594
2024,05,DEU.11.10.4.43_1,0.7898423817863398,0.9951864146982715
2024,05,DEU.11.10.4.44_1,0.7302977232924693,0.9861257526299574
2024,05,DEU.11.10.4.5_1,0.7197898423817863,0.9840304873325826
2024,05,DEU.11.10.4.6_1,0.7040280210157619,0.9806038955664005
2024,05,DEU.11.10.4.7_1,0.7075306479859896,0.9813949256033475
2024,05,DEU.11.10.4.8_1,0.7005253940455343,0.9797958971132712
2024,05,DEU.11.10.4.9_1,0.788091068301226,0.99498743710662
2024,05,DEU.11.10.5.1_1,0.7145359019264449,0.9829262434180909
2024,05,DEU.11.10.5.2_1,0.6987740805604205,0.9793855216409929
2024,05,DEU.11.10.5.3_1,0.7705779334500876,0.9927738916792685
2024,05,DEU.11.10.5.4_1,0.7075306479859896,0.9813949256033475
2024,05,DEU.11.10.5.5_1,0.7267950963222417,0.9854440623394105
2024,05,DEU.11.10.5.6_1,0.7162872154115587,0.9832985304575615
2024,05,DEU.11.10.5.7_1,0.7267950963222417,0.9854440623394105
2024,05,DEU.11.10.5.8_1,0.7320490367775833,0.98646033878712025
2024,05,DEU.11.10.5.9_1,0.7548161120840631,0.9904322288778774
2024,05,DEU.11.10.6.1_1,0.7355516637478109,0.9871170143402452
2024,05,DEU.11.10.6.10_1,0.7022767075306481,0.9802020199938377
2024,05,DEU.11.10.6.11_1,0.6830122591943959,0.9754998718605759
2024,05,DEU.11.10.6.12_1,0.7075306479859896,0.9813949256033475
2024,05,DEU.11.10.6.13_1,0.7180385288966725,0.983666610188635
2024,05,DEU.11.10.6.14_1,0.7110332749562173,0.9821690282227392
2024,05,DEU.11.10.6.15_1,0.6847635726795097,0.9759487691472335
2024,05,DEU.11.10.6.16_1,0.7285464098073555,0.9857869952479592
2024,05,DEU.11.10.6.17_1,0.6970227670753065,0.9789708882290628
2024,05,DEU.11.10.6.18_1,0.7495621716287216,0.9895776877031939
2024,05,DEU.11.10.6.19_1,0.6935201401050789,0.9781288258711119
2024,05,DEU.11.10.6.2_1,0.7635726795096323,0.9917741678426597
2024,05,DEU.11.10.6.20_1,0.7057793345008757,0.9810015290507961
2024,05,DEU.11.10.6.21_1,0.6812609457092821,0.975046665549911
2024,05,DEU.11.10.6.22_1,0.6865148861646235,0.9763933633531108
2024,05,DEU.11.10.6.23_1,0.6830122591943959,0.9754998718605759
2024,05,DEU.11.10.6.24_1,0.6479859894921192,0.9656086163658648
2024,05,DEU.11.10.6.25_1,0.7232924693520141,0.9847456524402634
2024,05,DEU.11.10.6.26_1,0.6952714535901927,0.97855199146494
2024,05,DEU.11.10.6.27_1,0.7040280210157619,0.9806038955664005
2024,05,DEU.11.10.6.28_1,0.7022767075306481,0.9802020199938377
2024,05,DEU.11.10.6.29_1,0.7215411558669002,0.9843901665498289
2024,05,DEU.11.10.6.3_1,0.7145359019264449,0.9829262434180909
2024,05,DEU.11.10.6.30_1,0.6970227670753065,0.9789708882290628
2024,05,DEU.11.10.6.31_1,0.7057793345008757,0.9810015290507961
2024,05,DEU.11.10.6.32_1,0.6690017513134852,0.9717530550505102
2024,05,DEU.11.10.6.33_1,0.6882661996497373,0.976833660353696
2024,05,DEU.11.10.6.34_1,0.6619964973730298,0.9697752316903129
2024,05,DEU.11.10.6.35_1,0.7338003502626971,0.986790757962396
2024,05,DEU.11.10.6.36_1,0.7110332749562173,0.9821690282227392
2024,05,DEU.11.10.6.37_1,0.6690017513134852,0.9717530550505102
2024,05,DEU.11.10.6.38_1,0.7565674255691769,0.9907088371464141
2024,05,DEU.11.10.6.39_1,0.7075306479859896,0.9813949256033475
2024,05,DEU.11.10.6.4_1,0.7408056042031524,0.9880708476622514
2024,05,DEU.11.10.6.40_1,0.6672504378283713,0.9712651543219287
2024,05,DEU.11.10.6.41_1,0.6987740805604205,0.9793855216409929
2024,05,DEU.11.10.6.42_1,0.7460595446584939,0.9889873608899156
2024,05,DEU.11.10.6.43_1,0.7390542907180385,0.9877570551507087
2024,05,DEU.11.10.6.44_1,0.7250437828371279,0.9850969495435462
2024,05,DEU.11.10.6.45_1,0.670753064798599,0.9722365967191319
2024,05,DEU.11.10.6.46_1,0.7267950963222417,0.9854440623394105
2024,05,DEU.11.10.6.47_1,0.7092819614711035,0.9817840903172144
2024,05,DEU.11.10.6.48_1,0.6952714535901927,0.97855199146494
2024,05,DEU.11.10.6.49_1,0.6865148861646235,0.9763933633531108
2024,05,DEU.11.10.6.5_1,0.6760070052539405,0.9736611320166786
2024,05,DEU.11.10.6.50_1,0.7057793345008757,0.9810015290507961
2024,05,DEU.11.10.6.51_1,0.7302977232924693,0.9861257526299574
2024,05,DEU.11.10.6.52_1,0.7057793345008757,0.9810015290507961
2024,05,DEU.11.10.6.53_1,0.6742556917688267,0.9731906288081488
2024,05,DEU.11.10.6.54_1,0.6742556917688267,0.9731906288081488
2024,05,DEU.11.10.6.55_1,0.7390542907180385,0.9877570551507087
2024,05,DEU.11.10.6.56_1,0.6847635726795097,0.9759487691472335
2024,05,DEU.11.10.6.57_1,0.6865148861646235,0.9763933633531108
2024,05,DEU.11.10.6.58_1,0.7250437828371279,0.9850969495435462
2024,05,DEU.11.10.6.59_1,0.6900175131348513,0.9772696659571503
2024,05,DEU.11.10.6.6_1,0.7215411558669002,0.9843901665498289
2024,05,DEU.11.10.6.60_1,0.6882661996497373,0.976833660353696
2024,05,DEU.11.10.6.61_1,0.6917688266199651,0.9777013859047148
2024,05,DEU.11.10.6.62_1,0.7285464098073555,0.9857869952479592
2024,05,DEU.11.10.6.63_1,0.7145359019264449,0.9829262434180909
2024,05,DEU.11.10.6.64_1,0.7285464098073555,0.9857869952479592
2024,05,DEU.11.10.6.65_1,0.7530647985989493,0.990151503558925
2024,05,DEU.11.10.6.66_1,0.7548161120840631,0.9904322288778774
2024,05,DEU.11.10.6.7_1,0.7040280210157619,0.9806038955664005
2024,05,DEU.11.10.6.8_1,0.7075306479859896,0.9813949256033475
2024,05,DEU.11.10.6.9_1,0.7092819614711035,0.9817840903172144
2024,05,DEU.11.11.1.1_1,0.6567425569176883,0.9682458365518543
2024,05,DEU.11.12.1.1_1,0.6462346760070053,0.965067873260736
2024,05,DEU.11.12.1.2_1,0.7005253940455343,0.9797958971132712
2024,05,DEU.11.12.1.3_1,0.6654991243432575,0.9707728879609279
2024,05,DEU.11.12.1.4_1,0.6182136602451839,0.9558054195284729
2024,05,DEU.11.12.2.1_1,0.6479859894921192,0.9656086163658648
2024,05,DEU.11.12.3.1_1,0.6760070052539405,0.9736611320166786
2024,05,DEU.11.12.3.2_1,0.6777583187390543,0.9741273017424364
2024,05,DEU.11.12.3.3_1,0.6567425569176883,0.9682458365518543
2024,05,DEU.11.12.3.4_1,0.6847635726795097,0.9759487691472335
2024,05,DEU.11.12.4.1_1,0.6952714535901927,0.97855199146494
2024,05,DEU.11.12.4.2_1,0.6619964973730298,0.9697752316903129
2024,05,DEU.11.12.4.3_1,0.6935201401050789,0.9781288258711119
2024,05,DEU.11.12.4.4_1,0.6357267950963222,0.9617296917533533
2024,05,DEU.11.12.5.1_1,0.6847635726795097,0.9759487691472335
2024,05,DEU.11.12.5.2_1,0.7040280210157619,0.9806038955664005
2024,05,DEU.11.12.5.3_1,0.6619964973730298,0.9697752316903129
2024,05,DEU.11.12.5.4_1,0.6777583187390543,0.9741273017424364
2024,05,DEU.11.12.5.5_1,0.6742556917688267,0.9731906288081488
2024,05,DEU.11.12.6.2_1,0.6690017513134852,0.9717530550505102
2024,05,DEU.11.12.6.3_1,0.6514886164623468,0.9666767815562759
2024,05,DEU.11.12.6.4_1,0.6549912434325745,0.9677272342969376
2024,05,DEU.11.12.6.5_1,0.7075306479859896,0.9813949256033475
2024,05,DEU.11.12.6.6_1,0.7092819614711035,0.9817840903172144
2024,05,DEU.11.12.7.1_1,0.6760070052539405,0.9736611320166786
2024,05,DEU.11.12.7.2_1,0.6795096322241682,0.9745891442038537
2024,05,DEU.11.12.7.3_1,0.6882661996497373,0.976833660353696
2024,05,DEU.11.12.7.4_1,0.6532399299474606,0.9672042183530839
2024,05,DEU.11.12.8.1_1,0.649737302977233,0.9661449166662318
2024,05,DEU.11.14.2.3_1,0.7145359019264449,0.9829262434180909
2024,05,DEU.11.14.2.8_1,0.7040280210157619,0.9806038955664005
2024,05,DEU.11.14.3.6_1,0.6619964973730298,0.9697752316903129
2024,05,DEU.11.14.7.6_1,0.712784588441331,0.9825497442877892
2024,05,DEU.11.17.1.1_1,0.7110332749562173,0.9821690282227392
2024,05,DEU.11.18.1.1_1,0.6637478108581437,0.970276249322841
2024,05,DEU.11.19.2.1_1,0.6865148861646235,0.9763933633531108
2024,05,DEU.11.19.2.5_1,0.6847635726795097,0.9759487691472335
2024,05,DEU.11.19.8.1_1,0.6549912434325745,0.9677272342969376
2024,05,DEU.11.19.8.10_1,0.6917688266199651,0.9777013859047148
2024,05,DEU.11.19.8.2_1,0.6637478108581437,0.970276249322841
2024,05,DEU.11.19.8.3_1,0.6532399299474606,0.9672042183530839
2024,05,DEU.11.19.8.6_1,0.6952714535901927,0.97855199146494
2024,05,DEU.11.19.9.15_1,0.6760070052539405,0.9736611320166786
2024,05,DEU.11.20.1.1_1,0.6777583187390543,0.9741273017424364
2024,05,DEU.11.21.7.10_1,0.6409807355516638,0.9634189120003821
2024,05,DEU.11.21.7.2_1,0.6812609457092821,0.975046665549911
2024,05,DEU.11.22.1.1_1,0.6427320490367776,0.9639730286683336
2024,05,DEU.11.25.1.1_1,0.7180385288966725,0.983666610188635
2024,05,DEU.11.25.2.1_1,0.660245183887916,0.9692698282728087
2024,05,DEU.11.25.2.10_1,0.6742556917688267,0.9731906288081488
2024,05,DEU.11.25.2.11_1,0.6882661996497373,0.976833660353696
2024,05,DEU.11.25.2.12_1,0.6567425569176883,0.9682458365518543
2024,05,DEU.11.25.2.13_1,0.6234676007005254,0.9576304088739037
2024,05,DEU.11.25.2.14_1,0.6479859894921192,0.9656086163658648
2024,05,DEU.11.25.2.15_1,0.6637478108581437,0.970276249322841
2024,05,DEU.11.25.2.16_1,0.7232924693520141,0.9847456524402634
2024,05,DEU.11.25.2.17_1,0.6619964973730298,0.9697752316903129
2024,05,DEU.11.25.2.18_1,0.6777583187390543,0.9741273017424364
2024,05,DEU.11.25.2.19_1,0.6795096322241682,0.9745891442038537
2024,05,DEU.11.25.2.2_1,0.6672504378283713,0.9712651543219287
2024,05,DEU.11.25.2.20_1,0.6532399299474606,0.9672042183530839
2024,05,DEU.11.25.2.21_1,0.712784588441331,0.9825497442877892
2024,05,DEU.11.25.2.22_1,0.6444833625218914,0.9645226798784983
2024,05,DEU.11.25.2.23_1,0.6952714535901927,0.97855199146494
2024,05,DEU.11.25.2.24_1,0.6812609457092821,0.975046665549911
2024,05,DEU.11.25.2.25_1,0.6777583187390543,0.9741273017424364
2024,05,DEU.11.25.2.3_1,0.6795096322241682,0.9745891442038537
2024,05,DEU.11.25.2.4_1,0.7075306479859896,0.9813949256033475
2024,05,DEU.11.25.2.5_1,0.6637478108581437,0.970276249322841
2024,05,DEU.11.25.2.6_1,0.6742556917688267,0.9731906288081488
2024,05,DEU.11.25.2.7_1,0.712784588441331,0.9825497442877892
2024,05,DEU.11.25.2.8_1,0.670753064798599,0.9722365967191319
2024,05,DEU.11.25.2.9_1,0.6690017513134852,0.9717530550505102
2024,05,DEU.11.25.3.1_1,0.6725043782837129,0.9727157858285225
2024,05,DEU.11.25.3.10_1,0.6900175131348513,0.9772696659571503
2024,05,DEU.11.25.3.11_1,0.6760070052539405,0.9736611320166786
2024,05,DEU.11.25.3.12_1,0.6935201401050789,0.9781288258711119
2024,05,DEU.11.25.3.13_1,0.6654991243432575,0.9707728879609279
2024,05,DEU.11.25.3.14_1,0.649737302977233,0.9661449166662318
2024,05,DEU.11.25.3.15_1,0.7232924693520141,0.9847456524402634
2024,05,DEU.11.25.3.16_1,0.6619964973730298,0.9697752316903129
2024,05,DEU.11.25.3.17_1,0.6112084063047285,0.9533079250693346
2024,05,DEU.11.25.3.18_1,0.6970227670753065,0.9789708882290628
2024,05,DEU.11.25.3.19_1,0.6952714535901927,0.97855199146494
2024,05,DEU.11.25.3.2_1,0.6690017513134852,0.9717530550505102
2024,05,DEU.11.25.3.3_1,0.7338003502626971,0.986790757962396
2024,05,DEU.11.25.3.4_1,0.6795096322241682,0.9745891442038537
2024,05,DEU.11.25.3.5_1,0.6760070052539405,0.9736611320166786
2024,05,DEU.11.25.3.6_1,0.7145359019264449,0.9829262434180909
2024,05,DEU.11.25.3.7_1,0.649737302977233,0.9661449166662318
2024,05,DEU.11.25.3.8_1,0.6777583187390543,0.9741273017424364
2024,05,DEU.11.25.3.9_1,0.670753064798599,0.9722365967191319
2024,05,DEU.11.25.4.1_1,0.6935201401050789,0.9781288258711119
2024,05,DEU.11.25.4.10_1,0.7232924693520141,0.9847456524402634
2024,05,DEU.11.25.4.11_1,0.6409807355516638,0.9634189120003821
2024,05,DEU.11.25.4.13_1,0.6917688266199651,0.9777013859047148
2024,05,DEU.11.25.4.14_1,0.6637478108581437,0.970276249322841
2024,05,DEU.11.25.4.15_1,0.670753064798599,0.9722365967191319
2024,05,DEU.11.25.4.16_1,0.6917688266199651,0.9777013859047148
2024,05,DEU.11.25.4.17_1,0.7197898423817863,0.9840304873325826
2024,05,DEU.11.25.4.18_1,0.7408056042031524,0.9880708476622514
2024,05,DEU.11.25.4.19_1,0.712784588441331,0.9825497442877892
2024,05,DEU.11.25.4.2_1,0.7320490367775833,0.98646033878712025
2024,05,DEU.11.25.4.20_1,0.6567425569176883,0.9682458365518543
2024,05,DEU.11.25.4.21_1,0.6637478108581437,0.970276249322841
2024,05,DEU.11.25.4.22_1,0.6760070052539405,0.9736611320166786
2024,05,DEU.11.25.4.23_1,0.6935201401050789,0.9781288258711119
2024,05,DEU.11.25.4.24_1,0.6427320490367776,0.9639730286683336
2024,05,DEU.11.25.4.25_1,0.6427320490367776,0.9639730286683336
2024,05,DEU.11.25.4.26_1,0.6987740805604205,0.9793855216409929
2024,05,DEU.11.25.4.27_1,0.7005253940455343,0.9797958971132712
2024,05,DEU.11.25.4.28_1,0.7005253940455343,0.9797958971132712
2024,05,DEU.11.25.4.29_1,0.6444833625218914,0.9645226798784983
2024,05,DEU.11.25.4.3_1,0.6584938704028022,0.9687600322061186
2024,05,DEU.11.25.4.30_1,0.62697022767075306,0.9588242800430119
2024,05,DEU.11.25.4.31_1,0.6882661996497373,0.976833660353696
2024,05,DEU.11.25.4.32_1,0.7425569176882663,0.9883804935347521
2024,05,DEU.11.25.4.33_1,0.6777583187390543,0.9741273017424364
2024,05,DEU.11.25.4.34_1,0.6725043782837129,0.9727157858285225
2024,05,DEU.11.25.4.35_1,0.6777583187390543,0.9741273017424364
2024,05,DEU.11.25.4.36_1,0.7040280210157619,0.9806038955664005
2024,05,DEU.11.25.4.37_1,0.6987740805604205,0.9793855216409929
2024,05,DEU.11.25.4.38_1,0.6444833625218914,0.9645226798784983
2024,05,DEU.11.25.4.39_1,0.6970227670753065,0.9789708882290628
2024,05,DEU.11.25.4.4_1,0.7390542907180385,0.9877570551507087
2024,05,DEU.11.25.4.40_1,0.7338003502626971,0.986790757962396
2024,05,DEU.11.25.4.5_1,0.7460595446584939,0.9889873608899156
2024,05,DEU.11.25.4.6_1,0.6935201401050789,0.9781288258711119
2024,05,DEU.11.25.4.7_1,0.6777583187390543,0.9741273017424364
2024,05,DEU.11.25.4.8_1,0.6532399299474606,0.9672042183530839
2024,05,DEU.11.25.4.9_1,0.6917688266199651,0.9777013859047148
2024,05,DEU.11.25.5.1_1,0.6795096322241682,0.9745891442038537
2024,05,DEU.11.25.5.10_1,0.6795096322241682,0.9745891442038537
2024,05,DEU.11.25.5.11_1,0.6637478108581437,0.970276249322841
2024,05,DEU.11.25.5.12_1,0.6742556917688267,0.9731906288081488
2024,05,DEU.11.25.5.2_1,0.6462346760070053,0.965067873260736
2024,05,DEU.11.25.5.3_1,0.6987740805604205,0.9793855216409929
2024,05,DEU.11.25.5.4_1,0.6549912434325745,0.9677272342969376
2024,05,DEU.11.25.5.5_1,0.6812609457092821,0.975046665549911
2024,05,DEU.11.25.5.6_1,0.7040280210157619,0.9806038955664005
2024,05,DEU.11.25.5.7_1,0.6725043782837129,0.9727157858285225
2024,05,DEU.11.25.5.8_1,0.6584938704028022,0.9687600322061186
2024,05,DEU.11.25.5.9_1,0.6462346760070053,0.965067873260736
2024,05,DEU.11.25.6.1_1,0.6584938704028022,0.9687600322061186
2024,05,DEU.11.25.6.2_1,0.7040280210157619,0.9806038955664005
2024,05,DEU.11.25.6.3_1,0.6654991243432575,0.9707728879609279
2024,05,DEU.11.25.6.4_1,0.6760070052539405,0.9736611320166786
2024,05,DEU.11.25.6.5_1,0.6252189141856392,0.9582296175760798
2024,05,DEU.11.25.6.6_1,0.6637478108581437,0.970276249322841
2024,05,DEU.11.25.6.7_1,0.6917688266199651,0.9777013859047148
2024,05,DEU.11.25.6.8_1,0.670753064798599,0.9722365967191319
2024,05,DEU.11.25.7.1_1,0.649737302977233,0.9661449166662318
2024,05,DEU.11.25.7.10_1,0.6812609457092821,0.975046665549911
2024,05,DEU.11.25.7.11_1,0.6795096322241682,0.9745891442038537
2024,05,DEU.11.25.7.12_1,0.6690017513134852,0.9717530550505102
2024,05,DEU.11.25.7.13_1,0.6672504378283713,0.9712651543219287
2024,05,DEU.11.25.7.14_1,0.7162872154115587,0.9832985304575615
2024,05,DEU.11.25.7.15_1,0.6760070052539405,0.9736611320166786
2024,05,DEU.11.25.7.16_1,0.6812609457092821,0.975046665549911
2024,05,DEU.11.25.7.17_1,0.6567425569176883,0.9682458365518543
2024,05,DEU.11.25.7.18_1,0.6725043782837129,0.9727157858285225
2024,05,DEU.11.25.7.19_1,0.6917688266199651,0.9777013859047148
2024,05,DEU.11.25.7.2_1,0.7145359019264449,0.9829262434180909
2024,05,DEU.11.25.7.20_1,0.660245183887916,0.9692698282728087
2024,05,DEU.11.25.7.21_1,0.63922942206655,0.9628603221651623
2024,05,DEU.11.25.7.22_1,0.660245183887916,0.9692698282728087
2024,05,DEU.11.25.7.23_1,0.670753064798599,0.9722365967191319
2024,05,DEU.11.25.7.24_1,0.6217162872154116,0.9570266453970862
2024,05,DEU.11.25.7.25_1,0.6322241681260946,0.9605810741421048
2024,05,DEU.11.25.7.26_1,0.7022767075306481,0.9802020199938377
2024,05,DEU.11.25.7.27_1,0.649737302977233,0.9661449166662318
2024,05,DEU.11.25.7.28_1,0.6847635726795097,0.9759487691472335
2024,05,DEU.11.25.7.29_1,0.6532399299474606,0.9672042183530839
2024,05,DEU.11.25.7.3_1,0.6795096322241682,0.9745891442038537
2024,05,DEU.11.25.7.30_1,0.6690017513134852,0.9717530550505102
2024,05,DEU.11.25.7.31_1,0.6935201401050789,0.9781288258711119
2024,05,DEU.11.25.7.32_1,0.6690017513134852,0.9717530550505102
2024,05,DEU.11.25.7.4_1,0.6690017513134852,0.9717530550505102
2024,05,DEU.11.25.7.5_1,0.7145359019264449,0.9829262434180909
2024,05,DEU.11.25.7.6_1,0.660245183887916,0.9692698282728087
2024,05,DEU.11.25.7.7_1,0.6672504378283713,0.9712651543219287
2024,05,DEU.11.25.7.8_1,0.6952714535901927,0.97855199146494
2024,05,DEU.11.25.7.9_1,0.7022767075306481,0.9802020199938377
2024,05,DEU.11.26.6.10_1,0.6672504378283713,0.9712651543219287
2024,05,DEU.11.26.6.12_1,0.6742556917688267,0.9731906288081488
2024,05,DEU.11.26.6.14_1,0.6637478108581437,0.970276249322841
2024,05,DEU.11.26.6.16_1,0.7110332749562173,0.9821690282227392
2024,05,DEU.11.26.6.19_1,0.6777583187390543,0.9741273017424364
2024,05,DEU.11.26.6.6_1,0.6900175131348513,0.9772696659571503
2024,05,DEU.11.26.6.7_1,0.7075306479859896,0.9813949256033475
2024,05,DEU.11.26.6.8_1,0.670753064798599,0.9722365967191319
2024,05,DEU.11.26.6.9_1,0.649737302977233,0.9661449166662318
2024,05,DEU.11.27.1.1_1,0.6812609457092821,0.975046665549911
2024,05,DEU.11.27.10.1_1,0.6129597197898424,0.9539392014169457
2024,05,DEU.11.27.10.2_1,0.6900175131348513,0.9772696659571503
2024,05,DEU.11.27.10.3_1,0.6444833625218914,0.9645226798784983
2024,05,DEU.11.27.10.4_1,0.6199649737302978,0.9564183185196736
2024,05,DEU.11.27.2.1_1,0.6234676007005254,0.9576304088739037
2024,05,DEU.11.27.3.1_1,0.6725043782837129,0.9727157858285225
2024,05,DEU.11.27.3.2_1,0.670753064798599,0.9722365967191319
2024,05,DEU.11.27.3.3_1,0.7180385288966725,0.983666610188635
2024,05,DEU.11.27.4.1_1,0.6637478108581437,0.970276249322841
2024,05,DEU.11.27.4.2_1,0.6479859894921192,0.9656086163658648
2024,05,DEU.11.27.4.3_1,0.6917688266199651,0.9777013859047148
2024,05,DEU.11.27.4.4_1,0.6322241681260946,0.9605810741421048
2024,05,DEU.11.27.4.5_1,0.6374781085814362,0.962297251372984
2024,05,DEU.11.27.4.6_1,0.6690017513134852,0.9717530550505102
2024,05,DEU.11.27.5.1_1,0.6970227670753065,0.9789708882290628
2024,05,DEU.11.27.6.1_1,0.6549912434325745,0.9677272342969376
2024,05,DEU.11.27.6.2_1,0.6882661996497373,0.976833660353696
2024,05,DEU.11.27.6.3_1,0.6339754816112084,0.9611576353543679
2024,05,DEU.11.27.7.1_1,0.649737302977233,0.9661449166662318
2024,05,DEU.11.27.8.1_1,0.6199649737302978,0.9564183185196736
2024,05,DEU.11.27.8.2_1,0.7005253940455343,0.9797958971132712
2024,05,DEU.11.27.8.3_1,0.6865148861646235,0.9763933633531108
2024,05,DEU.11.27.8.4_1,0.63922942206655,0.9628603221651623
2024,05,DEU.11.27.9.1_1,0.6672504378283713,0.9712651543219287
2024,05,DEU.11.28.1.1_1,0.6830122591943959,0.9754998718605759
2024,05,DEU.11.29.2.18_1,0.6304728546409808,0.96
2024,05,DEU.11.29.2.20_1,0.6970227670753065,0.9789708882290628
2024,05,DEU.11.29.3.12_1,0.6199649737302978,0.9564183185196736
2024,05,DEU.11.29.3.15_1,0.6882661996497373,0.976833660353696
2024,05,DEU.11.29.3.18_1,0.63922942206655,0.9628603221651623
2024,05,DEU.11.29.3.5_1,0.6795096322241682,0.9745891442038537
2024,05,DEU.11.29.3.9_1,0.6339754816112084,0.9611576353543679
2024,05,DEU.11.29.4.1_1,0.6917688266199651,0.9777013859047148
2024,05,DEU.11.29.4.2_1,0.6935201401050789,0.9781288258711119
2024,05,DEU.11.29.4.3_1,0.649737302977233,0.9661449166662318
2024,05,DEU.11.29.6.4_1,0.6549912434325745,0.9677272342969376
2024,05,DEU.11.3.1.13_1,0.7092819614711035,0.9817840903172144
2024,05,DEU.11.3.3.2_1,0.6952714535901927,0.97855199146494
2024,05,DEU.11.3.3.3_1,0.6882661996497373,0.976833660353696
2024,05,DEU.11.3.3.4_1,0.6987740805604205,0.9793855216409929
2024,05,DEU.11.3.4.6_1,0.6882661996497373,0.976833660353696
2024,05,DEU.11.3.4.7_1,0.6357267950963222,0.9617296917533533
2024,05,DEU.11.30.1.1_1,0.6847635726795097,0.9759487691472335
2024,05,DEU.11.30.1.10_1,0.6900175131348513,0.9772696659571503
2024,05,DEU.11.30.1.15_1,0.660245183887916,0.9692698282728087
2024,05,DEU.11.30.1.8_1,0.7250437828371279,0.9850969495435462
2024,05,DEU.11.30.1.9_1,0.6865148861646235,0.9763933633531108
2024,05,DEU.11.30.2.8_1,0.660245183887916,0.9692698282728087
2024,05,DEU.11.30.3.2_1,0.7355516637478109,0.9871170143402452
2024,05,DEU.11.30.3.3_1,0.712784588441331,0.9825497442877892
2024,05,DEU.11.30.3.8_1,0.6444833625218914,0.9645226798784983
2024,05,DEU.11.30.7.9_1,0.6549912434325745,0.9677272342969376
2024,05,DEU.11.31.1.11_1,0.7302977232924693,0.9861257526299574
2024,05,DEU.11.31.1.2_1,0.7092819614711035,0.9817840903172144
2024,05,DEU.11.31.1.4_1,0.6549912434325745,0.9677272342969376
2024,05,DEU.11.31.3.11_1,0.7180385288966725,0.983666610188635
2024,05,DEU.11.31.3.3_1,0.7583187390542908,0.9909813318120578
2024,05,DEU.11.31.3.4_1,0.7180385288966725,0.983666610188635
2024,05,DEU.11.31.3.8_1,0.7040280210157619,0.9806038955664005
2024,05,DEU.11.31.5.10_1,0.7197898423817863,0.9840304873325826
2024,05,DEU.11.31.5.16_1,0.6637478108581437,0.970276249322841
2024,05,DEU.11.31.6.13_1,0.7285464098073555,0.9857869952479592
2024,05,DEU.11.31.6.19_1,0.7583187390542908,0.9909813318120578
2024,05,DEU.11.31.6.7_1,0.7075306479859896,0.9813949256033475
2024,05,DEU.11.31.6.8_1,0.7092819614711035,0.9817840903172144
2024,05,DEU.11.31.6.9_1,0.6987740805604205,0.9793855216409929
2024,05,DEU.11.31.7.10_1,0.7075306479859896,0.9813949256033475
2024,05,DEU.11.31.7.11_1,0.7267950963222417,0.9854440623394105
2024,05,DEU.11.31.7.6_1,0.7425569176882663,0.9883804935347521
2024,05,DEU.11.31.7.8_1,0.6900175131348513,0.9772696659571503
2024,05,DEU.11.33.1.19_1,0.6935201401050789,0.9781288258711119
2024,05,DEU.11.33.1.20_1,0.6882661996497373,0.976833660353696
2024,05,DEU.11.33.1.31_1,0.7005253940455343,0.9797958971132712
2024,05,DEU.11.33.1.32_1,0.7057793345008757,0.9810015290507961
2024,05,DEU.11.33.2.3_1,0.6690017513134852,0.9717530550505102
2024,05,DEU.11.33.2.4_1,0.7057793345008757,0.9810015290507961
2024,05,DEU.11.33.2.5_1,0.6549912434325745,0.9677272342969376
2024,05,DEU.11.33.2.8_1,0.712784588441331,0.9825497442877892
2024,05,DEU.11.33.2.9_1,0.6900175131348513,0.9772696659571503
2024,05,DEU.11.33.5.10_1,0.6567425569176883,0.9682458365518543
2024,05,DEU.11.33.5.9_1,0.7215411558669002,0.9843901665498289
2024,05,DEU.11.34.4.14_1,0.63922942206655,0.9628603221651623
2024,05,DEU.11.35.1.1_1,0.6882661996497373,0.976833660353696
2024,05,DEU.11.4.1.1_1,0.7197898423817863,0.9840304873325826
2024,05,DEU.11.4.2.1_1,0.6812609457092821,0.975046665549911
2024,05,DEU.11.4.2.2_1,0.7302977232924693,0.9861257526299574
2024,05,DEU.11.4.2.3_1,0.6532399299474606,0.9672042183530839
2024,05,DEU.11.4.2.4_1,0.6532399299474606,0.9672042183530839
2024,05,DEU.11.4.2.5_1,0.6690017513134852,0.9717530550505102
2024,05,DEU.11.4.3.1_1,0.6672504378283713,0.9712651543219287
2024,05,DEU.11.4.3.2_1,0.6147110332749562,0.954565869911553
2024,05,DEU.11.4.3.3_1,0.6532399299474606,0.9672042183530839
2024,05,DEU.11.4.3.4_1,0.6900175131348513,0.9772696659571503
2024,05,DEU.11.4.3.5_1,0.6812609457092821,0.975046665549911
2024,05,DEU.11.4.3.6_1,0.7285464098073555,0.9857869952479592
2024,05,DEU.11.4.3.7_1,0.6619964973730298,0.9697752316903129
2024,05,DEU.11.4.3.8_1,0.6619964973730298,0.9697752316903129
2024,05,DEU.11.4.4.1_1,0.6514886164623468,0.9666767815562759
2024,05,DEU.11.4.4.10_1,0.6584938704028022,0.9687600322061186
2024,05,DEU.11.4.4.11_1,0.6584938704028022,0.9687600322061186
2024,05,DEU.11.4.4.12_1,0.6882661996497373,0.976833660353696
2024,05,DEU.11.4.4.13_1,0.6672504378283713,0.9712651543219287
2024,05,DEU.11.4.4.14_1,0.660245183887916,0.9692698282728087
2024,05,DEU.11.4.4.15_1,0.6479859894921192,0.9656086163658648
2024,05,DEU.11.4.4.16_1,0.6865148861646235,0.9763933633531108
2024,05,DEU.11.4.4.2_1,0.6427320490367776,0.9639730286683336
2024,05,DEU.11.4.4.3_1,0.6549912434325745,0.9677272342969376
2024,05,DEU.11.4.4.4_1,0.6742556917688267,0.9731906288081488
2024,05,DEU.11.4.4.5_1,0.7075306479859896,0.9813949256033475
2024,05,DEU.11.4.4.6_1,0.6654991243432575,0.9707728879609279
2024,05,DEU.11.4.4.7_1,0.6970227670753065,0.9789708882290628
2024,05,DEU.11.4.4.8_1,0.6725043782837129,0.9727157858285225
2024,05,DEU.11.4.4.9_1,0.6987740805604205,0.9793855216409929
2024,05,DEU.11.4.5.1_1,0.6725043782837129,0.9727157858285225
2024,05,DEU.11.4.6.1_1,0.6567425569176883,0.9682458365518543
2024,05,DEU.11.4.7.1_1,0.7005253940455343,0.9797958971132712
2024,05,DEU.11.4.7.2_1,0.6952714535901927,0.97855199146494
2024,05,DEU.11.4.7.3_1,0.6654991243432575,0.9707728879609279
2024,05,DEU.11.4.7.4_1,0.597197898423818,0.9480907129594721
2024,05,DEU.11.4.7.5_1,0.6637478108581437,0.970276249322841
2024,05,DEU.11.4.8.1_1,0.7162872154115587,0.9832985304575615
2024,05,DEU.11.4.8.2_1,0.6760070052539405,0.9736611320166786
2024,05,DEU.11.4.8.3_1,0.6584938704028022,0.9687600322061186
2024,05,DEU.11.4.8.4_1,0.6847635726795097,0.9759487691472335
2024,05,DEU.11.4.8.5_1,0.6672504378283713,0.9712651543219287
2024,05,DEU.11.4.8.6_1,0.7092819614711035,0.9817840903172144
2024,05,DEU.11.4.8.7_1,0.6584938704028022,0.9687600322061186
2024,05,DEU.11.4.9.1_1,0.6549912434325745,0.9677272342969376
2024,05,DEU.11.4.9.2_1,0.7302977232924693,0.9861257526299574
2024,05,DEU.11.4.9.3_1,0.670753064798599,0.9722365967191319
2024,05,DEU.11.4.9.4_1,0.63922942206655,0.9628603221651623
2024,05,DEU.11.5.10.1_1,0.6619964973730298,0.9697752316903129
2024,05,DEU.11.5.10.7_1,0.6777583187390543,0.9741273017424364
2024,05,DEU.11.6.1.1_1,0.7285464098073555,0.9857869952479592
2024,05,DEU.11.6.1.10_1,0.7373029772329247,0.987439112046915
2024,05,DEU.11.6.1.11_1,0.6952714535901927,0.97855199146494
2024,05,DEU.11.6.1.12_1,0.6970227670753065,0.9789708882290628
2024,05,DEU.11.6.1.13_1,0.6882661996497373,0.976833660353696
2024,05,DEU.11.6.1.14_1,0.7267950963222417,0.9854440623394105
2024,05,DEU.11.6.1.15_1,0.7197898423817863,0.9840304873325826
2024,05,DEU.11.6.1.16_1,0.7425569176882663,0.9883804935347521
2024,05,DEU.11.6.1.17_1,0.6672504378283713,0.9712651543219287
2024,05,DEU.11.6.1.18_1,0.7057793345008757,0.9810015290507961
2024,05,DEU.11.6.1.19_1,0.7758318739054292,0.9934807496876826
2024,05,DEU.11.6.1.2_1,0.6374781085814362,0.962297251372984
2024,05,DEU.11.6.1.20_1,0.7197898423817863,0.9840304873325826
2024,05,DEU.11.6.1.21_1,0.6952714535901927,0.97855199146494
2024,05,DEU.11.6.1.22_1,0.6970227670753065,0.9789708882290628
2024,05,DEU.11.6.1.23_1,0.7548161120840631,0.9904322288778774
2024,05,DEU.11.6.1.3_1,0.7302977232924693,0.9861257526299574
2024,05,DEU.11.6.1.4_1,0.7390542907180385,0.9877570551507087
2024,05,DEU.11.6.1.5_1,0.712784588441331,0.9825497442877892
2024,05,DEU.11.6.1.6_1,0.6917688266199651,0.9777013859047148
2024,05,DEU.11.6.1.7_1,0.7530647985989493,0.990151503558925
2024,05,DEU.11.6.1.8_1,0.7425569176882663,0.9883804935347521
2024,05,DEU.11.6.1.9_1,0.7075306479859896,0.9813949256033475
2024,05,DEU.11.6.2.1_1,0.670753064798599,0.9722365967191319
2024,05,DEU.11.6.3.1_1,0.7285464098073555,0.9857869952479592
2024,05,DEU.11.6.3.10_1,0.7320490367775833,0.98646033878712025
2024,05,DEU.11.6.3.11_1,0.7373029772329247,0.987439112046915
2024,05,DEU.11.6.3.12_1,0.7145359019264449,0.9829262434180909
2024,05,DEU.11.6.3.13_1,0.6952714535901927,0.97855199146494
2024,05,DEU.11.6.3.14_1,0.7320490367775833,0.98646033878712025
2024,05,DEU.11.6.3.15_1,0.6987740805604205,0.9793855216409929
2024,05,DEU.11.6.3.16_1,0.7478108581436077,0.9892845899942038
2024,05,DEU.11.6.3.17_1,0.6847635726795097,0.9759487691472335
2024,05,DEU.11.6.3.18_1,0.7530647985989493,0.990151503558925
2024,05,DEU.11.6.3.19_1,0.7373029772329247,0.987439112046915
2024,05,DEU.11.6.3.2_1,0.7530647985989493,0.990151503558925
2024,05,DEU.11.6.3.20_1,0.7057793345008757,0.9810015290507961
2024,05,DEU.11.6.3.21_1,0.7267950963222417,0.9854440623394105
2024,05,DEU.11.6.3.3_1,0.6935201401050789,0.9781288258711119
2024,05,DEU.11.6.3.4_1,0.7285464098073555,0.9857869952479592
2024,05,DEU.11.6.3.5_1,0.6935201401050789,0.9781288258711119
2024,05,DEU.11.6.3.6_1,0.6532399299474606,0.9672042183530839
2024,05,DEU.11.6.3.7_1,0.7145359019264449,0.9829262434180909
2024,05,DEU.11.6.3.8_1,0.6900175131348513,0.9772696659571503
2024,05,DEU.11.6.3.9_1,0.6777583187390543,0.9741273017424364
2024,05,DEU.11.6.4.1_1,0.7390542907180385,0.9877570551507087
2024,05,DEU.11.6.4.10_1,0.7250437828371279,0.9850969495435462
2024,05,DEU.11.6.4.11_1,0.7513134851138354,0.9898666576867816
2024,05,DEU.11.6.4.12_1,0.7040280210157619,0.9806038955664005
2024,05,DEU.11.6.4.13_1,0.6865148861646235,0.9763933633531108
2024,05,DEU.11.6.4.14_1,0.7092819614711035,0.9817840903172144
2024,05,DEU.11.6.4.15_1,0.6900175131348513,0.9772696659571503
2024,05,DEU.11.6.4.16_1,0.6970227670753065,0.9789708882290628
2024,05,DEU.11.6.4.2_1,0.7758318739054292,0.9934807496876826
2024,05,DEU.11.6.4.3_1,0.7530647985989493,0.990151503558925
2024,05,DEU.11.6.4.4_1,0.7390542907180385,0.9877570551507087
2024,05,DEU.11.6.4.5_1,0.7162872154115587,0.9832985304575615
2024,05,DEU.11.6.4.6_1,0.7810858143607706,0.9941508939793798
2024,05,DEU.11.6.4.7_1,0.7355516637478109,0.9871170143402452
2024,05,DEU.11.6.4.8_1,0.6690017513134852,0.9717530550505102
2024,05,DEU.11.6.4.9_1,0.7583187390542908,0.9909813318120578
2024,05,DEU.11.6.5.1_1,0.7688266199649738,0.9925301002992302
2024,05,DEU.11.6.5.10_1,0.7408056042031524,0.9880708476622514
2024,05,DEU.11.6.5.12_1,0.6830122591943959,0.9754998718605759
2024,05,DEU.11.6.5.13_1,0.7320490367775833,0.98646033878712025
2024,05,DEU.11.6.5.14_1,0.7250437828371279,0.9850969495435462
2024,05,DEU.11.6.5.15_1,0.7320490367775833,0.98646033878712025
2024,05,DEU.11.6.5.16_1,0.7180385288966725,0.983666610188635
2024,05,DEU.11.6.5.17_1,0.712784588441331,0.9825497442877892
2024,05,DEU.11.6.5.18_1,0.6322241681260946,0.9605810741421048
2024,05,DEU.11.6.5.19_1,0.6952714535901927,0.97855199146494
2024,05,DEU.11.6.5.2_1,0.7162872154115587,0.9832985304575615
2024,05,DEU.11.6.5.20_1,0.6865148861646235,0.9763933633531108
2024,05,DEU.11.6.5.21_1,0.7390542907180385,0.9877570551507087
2024,05,DEU.11.6.5.22_1,0.7057793345008757,0.9810015290507961
2024,05,DEU.11.6.5.23_1,0.7530647985989493,0.990151503558925
2024,05,DEU.11.6.5.24_1,0.6900175131348513,0.9772696659571503
2024,05,DEU.11.6.5.25_1,0.6865148861646235,0.9763933633531108
2024,05,DEU.11.6.5.26_1,0.6830122591943959,0.9754998718605759
2024,05,DEU.11.6.5.27_1,0.7110332749562173,0.9821690282227392
2024,05,DEU.11.6.5.28_1,0.6725043782837129,0.9727157858285225
2024,05,DEU.11.6.5.29_1,0.6847635726795097,0.9759487691472335
2024,05,DEU.11.6.5.3_1,0.7338003502626971,0.986790757962396
2024,05,DEU.11.6.5.30_1,0.6900175131348513,0.9772696659571503
2024,05,DEU.11.6.5.31_1,0.6777583187390543,0.9741273017424364
2024,05,DEU.11.6.5.32_1,0.6462346760070053,0.965067873260736
2024,05,DEU.11.6.5.33_1,0.7267950963222417,0.9854440623394105
2024,05,DEU.11.6.5.34_1,0.7040280210157619,0.9806038955664005
2024,05,DEU.11.6.5.35_1,0.6900175131348513,0.9772696659571503
2024,05,DEU.11.6.5.36_1,0.6882661996497373,0.976833660353696
2024,05,DEU.11.6.5.37_1,0.6760070052539405,0.9736611320166786
2024,05,DEU.11.6.5.38_1,0.7530647985989493,0.990151503558925
2024,05,DEU.11.6.5.39_1,0.6917688266199651,0.9777013859047148
2024,05,DEU.11.6.5.4_1,0.6830122591943959,0.9754998718605759
2024,05,DEU.11.6.5.40_1,0.7373029772329247,0.987439112046915
2024,05,DEU.11.6.5.41_1,0.6532399299474606,0.9672042183530839
2024,05,DEU.11.6.5.42_1,0.712784588441331,0.9825497442877892
2024,05,DEU.11.6.5.43_1,0.7338003502626971,0.986790757962396
2024,05,DEU.11.6.5.44_1,0.7302977232924693,0.9861257526299574
2024,05,DEU.11.6.5.45_1,0.6987740805604205,0.9793855216409929
2024,05,DEU.11.6.5.5_1,0.6742556917688267,0.9731906288081488
2024,05,DEU.11.6.5.6_1,0.6812609457092821,0.975046665549911
2024,05,DEU.11.6.5.7_1,0.6672504378283713,0.9712651543219287
2024,05,DEU.11.6.5.8_1,0.7600700525394046,0.9912497162672985
2024,05,DEU.11.6.5.9_1,0.6970227670753065,0.9789708882290628
2024,05,DEU.11.6.6.1_1,0.7338003502626971,0.986790757962396
2024,05,DEU.11.7.5.10_1,0.6374781085814362,0.962297251372984
2024,05,DEU.11.7.5.11_1,0.6760070052539405,0.9736611320166786
2024,05,DEU.11.7.5.13_1,0.6252189141856392,0.9582296175760798
2024,05,DEU.11.7.5.16_1,0.6987740805604205,0.9793855216409929
2024,05,DEU.11.7.5.3_1,0.7232924693520141,0.9847456524402634
2024,05,DEU.11.7.5.4_1,0.7110332749562173,0.9821690282227392
2024,05,DEU.11.7.5.5_1,0.6952714535901927,0.97855199146494
2024,05,DEU.11.7.5.7_1,0.7197898423817863,0.9840304873325826
2024,05,DEU.11.7.5.9_1,0.6987740805604205,0.9793855216409929
2024,05,DEU.11.8.1.13_1,0.6952714535901927,0.97855199146494
2024,05,DEU.11.8.3.10_1,0.7443082311733801,0.9886859966642594
2024,05,DEU.11.8.3.3_1,0.670753064798599,0.9722365967191319
2024,05,DEU.11.8.4.16_1,0.670753064798599,0.9722365967191319
2024,05,DEU.11.8.4.2_1,0.7075306479859896,0.9813949256033475
2024,05,DEU.11.8.4.5_1,0.7443082311733801,0.9886859966642594
2024,05,DEU.11.8.4.9_1,0.6795096322241682,0.9745891442038537
2024,05,DEU.11.9.2.1_1,0.6952714535901927,0.97855199146494
2024,05,DEU.11.9.2.2_1,0.6847635726795097,0.9759487691472335
2024,05,DEU.11.9.2.3_1,0.6830122591943959,0.9754998718605759
2024,05,DEU.11.9.3.13_1,0.6637478108581437,0.970276249322841
2024,05,DEU.11.9.3.2_1,0.6690017513134852,0.9717530550505102
2024,05,DEU.11.9.3.3_1,0.6479859894921192,0.9656086163658648
2024,05,DEU.11.9.3.8_1,0.6357267950963222,0.9617296917533533
2024,05,DEU.12.1.3.1_1,0.6917688266199651,0.9777013859047148
2024,05,DEU.12.1.5.1_1,0.7162872154115587,0.9832985304575615
2024,05,DEU.12.3.10.1_1,0.6690017513134852,0.9717530550505102
2024,05,DEU.12.3.2.1_1,0.7635726795096323,0.9917741678426597
2024,05,DEU.12.3.4.1_1,0.6427320490367776,0.9639730286683336
2024,05,DEU.12.3.8.1_1,0.6672504378283713,0.9712651543219287
2024,05,DEU.12.4.11.1_1,0.6690017513134852,0.9717530550505102
2024,05,DEU.12.4.12.1_1,0.7005253940455343,0.9797958971132712
2024,05,DEU.12.4.13.1_1,0.7232924693520141,0.9847456524402634
2024,05,DEU.12.4.6.1_1,0.7338003502626971,0.986790757962396
2024,05,DEU.12.5.2.1_1,0.7162872154115587,0.9832985304575615
2024,05,DEU.12.5.3.1_1,0.6462346760070053,0.965067873260736
2024,05,DEU.12.5.6.1_1,0.7320490367775833,0.98646033878712025
2024,05,DEU.13.10.11.1_1,0.6147110332749562,0.954565869911553
2024,05,DEU.13.10.2.1_1,0.5446584938704029,0.9258055951440345
2024,05,DEU.13.10.4.1_1,0.5919439579684764,0.946057080730333
2024,05,DEU.13.10.8.1_1,0.5919439579684764,0.946057080730333
2024,05,DEU.13.10.9.1_1,0.5919439579684764,0.946057080730333
2024,05,DEU.13.11.11.1_1,0.5604203152364273,0.9329523031752481
2024,05,DEU.13.11.12.1_1,0.5674255691768827,0.936
2024,05,DEU.13.11.13.1_1,0.5779334500875658,0.9404254356406998
2024,05,DEU.13.11.15.1_1,0.6024518388791593,0.9500821017154254
2024,05,DEU.13.11.4.1_1,0.5586690017513135,0.9321780945720619
2024,05,DEU.13.11.5.1_1,0.5446584938704029,0.9258055951440345
2024,05,DEU.13.11.9.1_1,0.56217162872154125,0.9337215859130601
2024,05,DEU.13.12.1.1_1,0.5096322241681261,0.9084470265238365
2024,05,DEU.13.12.10.1_1,0.5446584938704029,0.9258055951440345
2024,05,DEU.13.12.10.2_1,0.5744308231173381,0.9389696480717574
2024,05,DEU.13.12.10.3_1,0.5779334500875658,0.9404254356406998
2024,05,DEU.13.12.10.4_1,0.5131348511383538,0.9102768809543611
2024,05,DEU.13.12.10.5_1,0.5604203152364273,0.9329523031752481
2024,05,DEU.13.12.11.1_1,0.5796847635726796,0.9411461098044235
2024,05,DEU.13.12.12.1_1,0.5674255691768827,0.936
2024,05,DEU.13.12.13.1_1,0.5569176882661997,0.931398947819891
2024,05,DEU.13.12.2.1_1,0.5656742556917689,0.9352454223357631
2024,05,DEU.13.12.3.1_1,0.5271453590192645,0.9173854151881858
2024,05,DEU.13.12.4.1_1,0.5411558669001751,0.9241623234042816
2024,05,DEU.13.12.5.1_1,0.5394045534150613,0.923333092659415
2024,05,DEU.13.12.6.1_1,0.5534150612959721,0.9298257901349047
2024,05,DEU.13.12.6.2_1,0.5236427320490368,0.9156396671180208
2024,05,DEU.13.12.6.3_1,0.5569176882661997,0.931398947819891
2024,05,DEU.13.12.6.4_1,0.5726795096322242,0.9382345122622595
2024,05,DEU.13.12.6.5_1,0.5288966725043783,0.918250510481753
2024,05,DEU.13.12.7.1_1,0.542907180385289,0.9249864863877743
2024,05,DEU.13.12.8.1_1,0.5744308231173381,0.9389696480717574
2024,05,DEU.13.12.9.1_1,0.56217162872154125,0.9337215859130601
2024,05,DEU.13.13.4.1_1,0.56217162872154125,0.9337215859130601
2024,05,DEU.13.13.6.1_1,0.5499124343257443,0.9282327294380435
2024,05,DEU.13.13.6.4_1,0.51138353765324,0.909364613342745
2024,05,DEU.13.14.1.1_1,0.5043782837127846,0.905662188677434
2024,05,DEU.13.14.2.1_1,0.521891418563923,0.9147589846511485
2024,05,DEU.13.14.3.1_1,0.5201401050788091,0.9138730765264944
2024,05,DEU.13.14.4.1_1,0.5499124343257443,0.9282327294380435
2024,05,DEU.13.14.5.1_1,0.5078809106830122,0.9075241043630743
2024,05,DEU.13.14.6.1_1,0.5043782837127846,0.905662188677434
2024,05,DEU.13.14.7.1_1,0.4973730297723292,0.9018736053350269
2024,05,DEU.13.14.8.1_1,0.5043782837127846,0.905662188677434
2024,05,DEU.13.14.9.1_1,0.5043782837127846,0.905662188677434
2024,05,DEU.13.2.3.1_1,0.5446584938704029,0.9258055951440345
2024,05,DEU.13.2.4.1_1,0.532399299474606,0.9199652167337633
2024,05,DEU.13.2.5.1_1,0.5446584938704029,0.9258055951440345
2024,05,DEU.13.2.8.1_1,0.5166374781085814,0.9120855223058855
2024,05,DEU.13.2.9.1_1,0.5359019264448337,0.9216593730874764
2024,05,DEU.13.3.10.1_1,0.6007005253940456,0.9494229826584145
2024,05,DEU.13.3.12.3_1,0.5849387040280211,0.9432793859721519
2024,05,DEU.13.3.12.4_1,0.5674255691768827,0.936
2024,05,DEU.13.3.7.3_1,0.5551663747810859,0.9306148505155073
2024,05,DEU.13.3.9.1_1,0.5849387040280211,0.9432793859721519
2024,05,DEU.13.5.1.1_1,0.5481611208406305,0.9274287034591931
2024,05,DEU.13.6.1.1_1,0.5499124343257443,0.9282327294380435
2024,05,DEU.13.7.1.1_1,0.5761821366024519,0.939699952112375
2024,05,DEU.13.7.10.1_1,0.6234676007005254,0.9576304088739037
2024,05,DEU.13.7.11.1_1,0.5796847635726796,0.9411461098044235
2024,05,DEU.13.7.12.1_1,0.5831873905429072,0.9425730740902798
2024,05,DEU.13.7.13.1_1,0.5761821366024519,0.939699952112375
2024,05,DEU.13.7.13.2_1,0.5709281961471104,0.9374945333173949
2024,05,DEU.13.7.13.3_1,0.5884413309982488,0.9446777228240327
2024,05,DEU.13.7.13.4_1,0.5446584938704029,0.9258055951440345
2024,05,DEU.13.7.13.5_1,0.5709281961471104,0.9374945333173949
2024,05,DEU.13.7.13.6_1,0.5744308231173381,0.9389696480717574
2024,05,DEU.13.7.13.7_1,0.5989492119089318,0.9487591896788141
2024,05,DEU.13.7.14.1_1,0.6042031523642732,0.9507365565707464
2024,05,DEU.13.7.2.1_1,0.628721541155867,0.9594144047282176
2024,05,DEU.13.7.3.1_1,0.5306479859894921,0.9191104395011516
2024,05,DEU.13.7.4.1_1,0.5919439579684764,0.946057080730333
2024,05,DEU.13.7.5.1_1,0.5744308231173381,0.9389696480717574
2024,05,DEU.13.7.6.1_1,0.5726795096322242,0.9382345122622595
2024,05,DEU.13.7.7.1_1,0.5674255691768827,0.936
2024,05,DEU.13.7.8.1_1,0.6042031523642732,0.9507365565707464
2024,05,DEU.13.7.9.1_1,0.6042031523642732,0.9507365565707464
2024,05,DEU.13.8.5.1_1,0.5499124343257443,0.9282327294380435
2024,05,DEU.13.9.1.1_1,0.5464098073555167,0.9266196630764966
2024,05,DEU.14.1.10.1_1,0.48686514886164634,0.8960267853139213
2024,05,DEU.14.1.13.1_1,0.5096322241681261,0.9084470265238365
2024,05,DEU.14.1.18.1_1,0.532399299474606,0.9199652167337633
2024,05,DEU.14.1.2.1_1,0.5551663747810859,0.9306148505155073
2024,05,DEU.14.1.25.1_1,0.5569176882661997,0.931398947819891
2024,05,DEU.14.1.26.1_1,0.5796847635726796,0.9411461098044235
2024,05,DEU.14.1.30.1_1,0.5761821366024519,0.939699952112375
2024,05,DEU.14.1.32.1_1,0.5779334500875658,0.9404254356406998
2024,05,DEU.14.1.37.1_1,0.5411558669001751,0.9241623234042816
2024,05,DEU.14.1.38.1_1,0.44133099824868655,0.8683225207260261
2024,05,DEU.14.1.41.1_1,0.5534150612959721,0.9298257901349047
2024,05,DEU.14.1.7.1_1,0.5761821366024519,0.939699952112375
2024,05,DEU.14.10.12.1_1,0.5236427320490368,0.9156396671180208
2024,05,DEU.14.10.2.1_1,0.5148861646234676,0.9111838453352868
2024,05,DEU.14.10.2.2_1,0.5131348511383538,0.9102768809543611
2024,05,DEU.14.10.3.1_1,0.532399299474606,0.9199652167337633
2024,05,DEU.14.10.8.1_1,0.5411558669001751,0.9241623234042816
2024,05,DEU.14.10.8.2_1,0.5394045534150613,0.923333092659415
2024,05,DEU.14.10.8.3_1,0.5201401050788091,0.9138730765264944
2024,05,DEU.14.11.4.1_1,0.6514886164623468,0.9666767815562759
2024,05,DEU.14.11.7.1_1,0.6252189141856392,0.9582296175760798
2024,05,DEU.14.11.8.1_1,0.6322241681260946,0.9605810741421048
2024,05,DEU.14.3.1.1_1,0.532399299474606,0.9199652167337633
2024,05,DEU.14.5.1.1_1,0.5183887915936953,0.9129819275319747
2024,05,DEU.14.5.1.2_1,0.4956217162872154,0.9009128703709366
2024,05,DEU.14.5.10.1_1,0.5026269702276708,0.9047231620777706
2024,05,DEU.14.5.11.1_1,0.5499124343257443,0.9282327294380435
2024,05,DEU.14.5.12.1_1,0.5901926444833626,0.9453697689264238
2024,05,DEU.14.5.12.2_1,0.5253940455341506,0.916515138991168
2024,05,DEU.14.5.12.3_1,0.542907180385289,0.9249864863877743
2024,05,DEU.14.5.12.4_1,0.5253940455341506,0.916515138991168
2024,05,DEU.14.5.13.1_1,0.5376532399299475,0.9224987804869988
2024,05,DEU.14.5.14.1_1,0.5656742556917689,0.9352454223357631
2024,05,DEU.14.5.15.1_1,0.5481611208406305,0.9274287034591931
2024,05,DEU.14.5.15.2_1,0.532399299474606,0.9199652167337633
2024,05,DEU.14.5.15.3_1,0.5288966725043783,0.918250510481753
2024,05,DEU.14.5.16.1_1,0.4938704028021016,0.8999466650863261
2024,05,DEU.14.5.17.1_1,0.5253940455341506,0.916515138991168
2024,05,DEU.14.5.18.1_1,0.5604203152364273,0.9329523031752481
2024,05,DEU.14.5.18.2_1,0.5674255691768827,0.936
2024,05,DEU.14.5.18.3_1,0.5744308231173381,0.9389696480717574
2024,05,DEU.14.5.18.4_1,0.5604203152364273,0.9329523031752481
2024,05,DEU.14.5.19.1_1,0.542907180385289,0.9249864863877743
2024,05,DEU.14.5.19.2_1,0.5814360770577934,0.9418619856433319
2024,05,DEU.14.5.2.1_1,0.56217162872154125,0.9337215859130601
2024,05,DEU.14.5.2.2_1,0.5499124343257443,0.9282327294380435
2024,05,DEU.14.5.20.1_1,0.5849387040280211,0.9432793859721519
2024,05,DEU.14.5.21.1_1,0.5306479859894921,0.9191104395011516
2024,05,DEU.14.5.21.2_1,0.5411558669001751,0.9241623234042816
2024,05,DEU.14.5.21.3_1,0.5499124343257443,0.9282327294380435
2024,05,DEU.14.5.22.1_1,0.5481611208406305,0.9274287034591931
2024,05,DEU.14.5.22.2_1,0.5043782837127846,0.905662188677434
2024,05,DEU.14.5.23.1_1,0.490367775831874,0.8979977728257459
2024,05,DEU.14.5.23.2_1,0.5341506129597198,0.920814856526544
2024,05,DEU.14.5.24.1_1,0.5061295971978984,0.9065958305661901
2024,05,DEU.14.5.24.2_1,0.5096322241681261,0.9084470265238365
2024,05,DEU.14.5.24.3_1,0.4711033274956218,0.8868799242287537
2024,05,DEU.14.5.25.1_1,0.5341506129597198,0.920814856526544
2024,05,DEU.14.5.26.1_1,0.4956217162872154,0.9009128703709366
2024,05,DEU.14.5.26.2_1,0.542907180385289,0.9249864863877743
2024,05,DEU.14.5.26.3_1,0.5394045534150613,0.923333092659415
2024,05,DEU.14.5.26.4_1,0.5376532399299475,0.9224987804869988
2024,05,DEU.14.5.27.1_1,0.5096322241681261,0.9084470265238365
2024,05,DEU.14.5.27.2_1,0.4623467600700526,0.8815985480931783
2024,05,DEU.14.5.28.1_1,0.5901926444833626,0.9453697689264238
2024,05,DEU.14.5.3.1_1,0.521891418563923,0.9147589846511485
2024,05,DEU.14.5.4.1_1,0.5201401050788091,0.9138730765264944
2024,05,DEU.14.5.4.2_1,0.5201401050788091,0.9138730765264944
2024,05,DEU.14.5.4.3_1,0.5901926444833626,0.9453697689264238
2024,05,DEU.14.5.4.4_1,0.4991243432574431,0.9028288874421332
2024,05,DEU.14.5.5.1_1,0.5516637478108581,0.9290317540321213
2024,05,DEU.14.5.6.1_1,0.5586690017513135,0.9321780945720619
2024,05,DEU.14.5.7.1_1,0.5341506129597198,0.920814856526544
2024,05,DEU.14.5.7.2_1,0.5183887915936953,0.9129819275319747
2024,05,DEU.14.5.8.1_1,0.5394045534150613,0.923333092659415
2024,05,DEU.14.5.9.1_1,0.5341506129597198,0.920814856526544
2024,05,DEU.14.8.11.1_1,0.48336252189141865,0.8940335564172074
2024,05,DEU.14.8.16.1_1,0.5656742556917689,0.9352454223357631
2024,05,DEU.14.8.17.1_1,0.5341506129597198,0.920814856526544
2024,05,DEU.14.8.20.1_1,0.5516637478108581,0.9290317540321213
2024,05,DEU.14.8.25.1_1,0.5849387040280211,0.9432793859721519
2024,05,DEU.14.8.4.1_1,0.5534150612959721,0.9298257901349047
2024,05,DEU.14.8.8.1_1,0.5586690017513135,0.9321780945720619
2024,05,DEU.15.1.1.1_1,0.586690017513135,0.9439809320108113
2024,05,DEU.15.1.2.1_1,0.6164623467600701,0.955187939622355
2024,05,DEU.15.1.2.10_1,0.6252189141856392,0.9582296175760798
2024,05,DEU.15.1.2.11_1,0.6252189141856392,0.9582296175760798
2024,05,DEU.15.1.2.12_1,0.5796847635726796,0.9411461098044235
2024,05,DEU.15.1.2.13_1,0.6217162872154116,0.9570266453970862
2024,05,DEU.15.1.2.14_1,0.5656742556917689,0.9352454223357631
2024,05,DEU.15.1.2.2_1,0.628721541155867,0.9594144047282176
2024,05,DEU.15.1.2.3_1,0.6129597197898424,0.9539392014169457
2024,05,DEU.15.1.2.4_1,0.6357267950963222,0.9617296917533533
2024,05,DEU.15.1.2.5_1,0.6217162872154116,0.9570266453970862
2024,05,DEU.15.1.2.6_1,0.5761821366024519,0.939699952112375
2024,05,DEU.15.1.2.7_1,0.6094570928196147,0.9526720317087093
2024,05,DEU.15.1.2.8_1,0.5849387040280211,0.9432793859721519
2024,05,DEU.15.1.2.9_1,0.5639229422066551,0.9344859549506349
2024,05,DEU.15.1.3.1_1,0.6479859894921192,0.9656086163658648
2024,05,DEU.15.1.3.10_1,0.6479859894921192,0.9656086163658648
2024,05,DEU.15.1.3.11_1,0.6444833625218914,0.9645226798784983
2024,05,DEU.15.1.3.12_1,0.670753064798599,0.9722365967191319
2024,05,DEU.15.1.3.13_1,0.6427320490367776,0.9639730286683336
2024,05,DEU.15.1.3.14_1,0.6182136602451839,0.9558054195284729
2024,05,DEU.15.1.3.15_1,0.6514886164623468,0.9666767815562759
2024,05,DEU.15.1.3.16_1,0.6304728546409808,0.96
2024,05,DEU.15.1.3.17_1,0.628721541155867,0.9594144047282176
2024,05,DEU.15.1.3.18_1,0.6147110332749562,0.954565869911553
2024,05,DEU.15.1.3.2_1,0.6234676007005254,0.9576304088739037
2024,05,DEU.15.1.3.3_1,0.6584938704028022,0.9687600322061186
2024,05,DEU.15.1.3.4_1,0.6690017513134852,0.9717530550505102
2024,05,DEU.15.1.3.5_1,0.6252189141856392,0.9582296175760798
2024,05,DEU.15.1.3.6_1,0.6514886164623468,0.9666767815562759
2024,05,DEU.15.1.3.7_1,0.6567425569176883,0.9682458365518543
2024,05,DEU.15.1.3.8_1,0.63922942206655,0.9628603221651623
2024,05,DEU.15.1.3.9_1,0.6112084063047285,0.9533079250693346
2024,05,DEU.15.1.4.1_1,0.6339754816112084,0.9611576353543679
2024,05,DEU.15.1.5.1_1,0.6147110332749562,0.954565869911553
2024,05,DEU.15.1.5.10_1,0.6182136602451839,0.9558054195284729
2024,05,DEU.15.1.5.11_1,0.586690017513135,0.9439809320108113
2024,05,DEU.15.1.5.2_1,0.6129597197898424,0.9539392014169457
2024,05,DEU.15.1.5.3_1,0.6619964973730298,0.9697752316903129
2024,05,DEU.15.1.5.4_1,0.62697022767075306,0.9588242800430119
2024,05,DEU.15.1.5.5_1,0.6409807355516638,0.9634189120003821
2024,05,DEU.15.1.5.6_1,0.649737302977233,0.9661449166662318
2024,05,DEU.15.1.5.7_1,0.6182136602451839,0.9558054195284729
2024,05,DEU.15.1.5.8_1,0.6654991243432575,0.9707728879609279
2024,05,DEU.15.1.5.9_1,0.6374781085814362,0.962297251372984
2024,05,DEU.15.1.6.1_1,0.6584938704028022,0.9687600322061186
2024,05,DEU.15.1.6.10_1,0.62697022767075306,0.9588242800430119
2024,05,DEU.15.1.6.11_1,0.6357267950963222,0.9617296917533533
2024,05,DEU.15.1.6.12_1,0.6777583187390543,0.9741273017424364
2024,05,DEU.15.1.6.13_1,0.6374781085814362,0.962297251372984
2024,05,DEU.15.1.6.14_1,0.649737302977233,0.9661449166662318
2024,05,DEU.15.1.6.15_1,0.6024518388791593,0.9500821017154254
2024,05,DEU.15.1.6.16_1,0.6584938704028022,0.9687600322061186
2024,05,DEU.15.1.6.17_1,0.62697022767075306,0.9588242800430119
2024,05,DEU.15.1.6.18_1,0.63922942206655,0.9628603221651623
2024,05,DEU.15.1.6.19_1,0.6514886164623468,0.9666767815562759
2024,05,DEU.15.1.6.2_1,0.6567425569176883,0.9682458365518543
2024,05,DEU.15.1.6.20_1,0.5831873905429072,0.9425730740902798
2024,05,DEU.15.1.6.21_1,0.6357267950963222,0.9617296917533533
2024,05,DEU.15.1.6.22_1,0.6619964973730298,0.9697752316903129
2024,05,DEU.15.1.6.23_1,0.649737302977233,0.9661449166662318
2024,05,DEU.15.1.6.24_1,0.586690017513135,0.9439809320108113
2024,05,DEU.15.1.6.25_1,0.6567425569176883,0.9682458365518543
2024,05,DEU.15.1.6.26_1,0.6357267950963222,0.9617296917533533
2024,05,DEU.15.1.6.27_1,0.6129597197898424,0.9539392014169457
2024,05,DEU.15.1.6.28_1,0.6339754816112084,0.9611576353543679
2024,05,DEU.15.1.6.29_1,0.6479859894921192,0.9656086163658648
2024,05,DEU.15.1.6.3_1,0.6147110332749562,0.954565869911553
2024,05,DEU.15.1.6.30_1,0.6654991243432575,0.9707728879609279
2024,05,DEU.15.1.6.31_1,0.6409807355516638,0.9634189120003821
2024,05,DEU.15.1.6.32_1,0.6567425569176883,0.9682458365518543
2024,05,DEU.15.1.6.33_1,0.6199649737302978,0.9564183185196736
2024,05,DEU.15.1.6.34_1,0.6549912434325745,0.9677272342969376
2024,05,DEU.15.1.6.4_1,0.63922942206655,0.9628603221651623
2024,05,DEU.15.1.6.5_1,0.6199649737302978,0.9564183185196736
2024,05,DEU.15.1.6.6_1,0.6742556917688267,0.9731906288081488
2024,05,DEU.15.1.6.7_1,0.6479859894921192,0.9656086163658648
2024,05,DEU.15.1.6.8_1,0.6217162872154116,0.9570266453970862
2024,05,DEU.15.1.6.9_1,0.6444833625218914,0.9645226798784983
2024,05,DEU.15.1.7.1_1,0.6690017513134852,0.9717530550505102
2024,05,DEU.15.1.7.10_1,0.6374781085814362,0.962297251372984
2024,05,DEU.15.1.7.12_1,0.6654991243432575,0.9707728879609279
2024,05,DEU.15.1.7.13_1,0.6024518388791593,0.9500821017154254
2024,05,DEU.15.1.7.2_1,0.56217162872154125,0.9337215859130601
2024,05,DEU.15.1.7.3_1,0.6374781085814362,0.962297251372984
2024,05,DEU.15.1.7.4_1,0.6619964973730298,0.9697752316903129
2024,05,DEU.15.1.7.5_1,0.5604203152364273,0.9329523031752481
2024,05,DEU.15.1.7.6_1,0.6077057793345009,0.9520315120835025
2024,05,DEU.15.1.7.7_1,0.5936952714535902,0.9467396685467447
2024,05,DEU.15.1.8.1_1,0.63922942206655,0.9628603221651623
2024,05,DEU.15.1.8.10_1,0.6252189141856392,0.9582296175760798
2024,05,DEU.15.1.8.11_1,0.6129597197898424,0.9539392014169457
2024,05,DEU.15.1.8.12_1,0.5744308231173381,0.9389696480717574
2024,05,DEU.15.1.8.13_1,0.5691768826619966,0.9367496997597597
2024,05,DEU.15.1.8.14_1,0.6147110332749562,0.954565869911553
2024,05,DEU.15.1.8.15_1,0.6077057793345009,0.9520315120835025
2024,05,DEU.15.1.8.16_1,0.6339754816112084,0.9611576353543679
2024,05,DEU.15.1.8.17_1,0.5989492119089318,0.9487591896788141
2024,05,DEU.15.1.8.18_1,0.5954465849387042,0.9474175425861608
2024,05,DEU.15.1.8.19_1,0.6129597197898424,0.9539392014169457
2024,05,DEU.15.1.8.2_1,0.5849387040280211,0.9432793859721519
2024,05,DEU.15.1.8.20_1,0.6322241681260946,0.9605810741421048
2024,05,DEU.15.1.8.21_1,0.597197898423818,0.9480907129594721
2024,05,DEU.15.1.8.22_1,0.6007005253940456,0.9494229826584145
2024,05,DEU.15.1.8.23_1,0.6462346760070053,0.965067873260736
2024,05,DEU.15.1.8.24_1,0.6479859894921192,0.9656086163658648
2024,05,DEU.15.1.8.3_1,0.6024518388791593,0.9500821017154254
2024,05,DEU.15.1.8.4_1,0.6234676007005254,0.9576304088739037
2024,05,DEU.15.1.8.5_1,0.6672504378283713,0.9712651543219287
2024,05,DEU.15.1.8.6_1,0.6304728546409808,0.96
2024,05,DEU.15.1.8.7_1,0.62697022767075306,0.9588242800430119
2024,05,DEU.15.1.8.8_1,0.6077057793345009,0.9520315120835025
2024,05,DEU.15.1.8.9_1,0.6199649737302978,0.9564183185196736
2024,05,DEU.15.10.2.3_1,0.6042031523642732,0.9507365565707464
2024,05,DEU.15.10.3.1_1,0.6077057793345009,0.9520315120835025
2024,05,DEU.15.10.5.6_1,0.6479859894921192,0.9656086163658648
2024,05,DEU.15.10.7.1_1,0.5989492119089318,0.9487591896788141
2024,05,DEU.15.11.12.3_1,0.6024518388791593,0.9500821017154254
2024,05,DEU.15.11.15.1_1,0.5726795096322242,0.9382345122622595
2024,05,DEU.15.11.15.19_1,0.5586690017513135,0.9321780945720619
2024,05,DEU.15.11.15.21_1,0.5936952714535902,0.9467396685467447
2024,05,DEU.15.11.15.25_1,0.5936952714535902,0.9467396685467447
2024,05,DEU.15.11.15.3_1,0.6199649737302978,0.9564183185196736
2024,05,DEU.15.11.15.6_1,0.5551663747810859,0.9306148505155073
2024,05,DEU.15.12.11.11_1,0.6234676007005254,0.9576304088739037
2024,05,DEU.15.12.11.12_1,0.6690017513134852,0.9717530550505102
2024,05,DEU.15.12.11.14_1,0.6322241681260946,0.9605810741421048
2024,05,DEU.15.12.11.15_1,0.6654991243432575,0.9707728879609279
2024,05,DEU.15.12.11.5_1,0.6654991243432575,0.9707728879609279
2024,05,DEU.15.12.15.13_1,0.6462346760070053,0.965067873260736
2024,05,DEU.15.12.15.3_1,0.6147110332749562,0.954565869911553
2024,05,DEU.15.12.15.4_1,0.6479859894921192,0.9656086163658648
2024,05,DEU.15.12.15.6_1,0.6077057793345009,0.9520315120835025
2024,05,DEU.15.13.1.1_1,0.5639229422066551,0.9344859549506349
2024,05,DEU.15.13.1.10_1,0.6164623467600701,0.955187939622355
2024,05,DEU.15.13.1.11_1,0.5831873905429072,0.9425730740902798
2024,05,DEU.15.13.1.12_1,0.597197898423818,0.9480907129594721
2024,05,DEU.15.13.1.13_1,0.5936952714535902,0.9467396685467447
2024,05,DEU.15.13.1.14_1,0.5674255691768827,0.936
2024,05,DEU.15.13.1.2_1,0.5796847635726796,0.9411461098044235
2024,05,DEU.15.13.1.3_1,0.5744308231173381,0.9389696480717574
2024,05,DEU.15.13.1.4_1,0.5849387040280211,0.9432793859721519
2024,05,DEU.15.13.1.5_1,0.6112084063047285,0.9533079250693346
2024,05,DEU.15.13.1.6_1,0.6094570928196147,0.9526720317087093
2024,05,DEU.15.13.1.7_1,0.6007005253940456,0.9494229826584145
2024,05,DEU.15.13.1.8_1,0.56217162872154125,0.9337215859130601
2024,05,DEU.15.13.1.9_1,0.6304728546409808,0.96
2024,05,DEU.15.13.10.1_1,0.5516637478108581,0.9290317540321213
2024,05,DEU.15.13.10.2_1,0.5831873905429072,0.9425730740902798
2024,05,DEU.15.13.10.3_1,0.5586690017513135,0.9321780945720619
2024,05,DEU.15.13.10.4_1,0.5691768826619966,0.9367496997597597
2024,05,DEU.15.13.10.5_1,0.5989492119089318,0.9487591896788141
2024,05,DEU.15.13.10.6_1,0.542907180385289,0.9249864863877743
2024,05,DEU.15.13.11.1_1,0.6024518388791593,0.9500821017154254
2024,05,DEU.15.13.12.1_1,0.56217162872154125,0.9337215859130601
2024,05,DEU.15.13.12.2_1,0.6077057793345009,0.9520315120835025
2024,05,DEU.15.13.12.3_1,0.5551663747810859,0.9306148505155073
2024,05,DEU.15.13.12.4_1,0.5726795096322242,0.9382345122622595
2024,05,DEU.15.13.12.5_1,0.5901926444833626,0.9453697689264238
2024,05,DEU.15.13.12.6_1,0.5359019264448337,0.9216593730874764
2024,05,DEU.15.13.12.7_1,0.6112084063047285,0.9533079250693346
2024,05,DEU.15.13.12.8_1,0.6252189141856392,0.9582296175760798
2024,05,DEU.15.13.12.9_1,0.5989492119089318,0.9487591896788141
2024,05,DEU.15.13.13.1_1,0.6042031523642732,0.9507365565707464
2024,05,DEU.15.13.13.10_1,0.5954465849387042,0.9474175425861608
2024,05,DEU.15.13.13.11_1,0.5814360770577934,0.9418619856433319
2024,05,DEU.15.13.13.12_1,0.597197898423818,0.9480907129594721
2024,05,DEU.15.13.13.2_1,0.6479859894921192,0.9656086163658648
2024,05,DEU.15.13.13.3_1,0.6182136602451839,0.9558054195284729
2024,05,DEU.15.13.13.4_1,0.5849387040280211,0.9432793859721519
2024,05,DEU.15.13.13.5_1,0.6024518388791593,0.9500821017154254
2024,05,DEU.15.13.13.6_1,0.6199649737302978,0.9564183185196736
2024,05,DEU.15.13.13.7_1,0.6462346760070053,0.965067873260736
2024,05,DEU.15.13.13.8_1,0.6112084063047285,0.9533079250693346
2024,05,DEU.15.13.13.9_1,0.6374781085814362,0.962297251372984
2024,05,DEU.15.13.14.1_1,0.6252189141856392,0.9582296175760798
2024,05,DEU.15.13.15.1_1,0.5989492119089318,0.9487591896788141
2024,05,DEU.15.13.15.10_1,0.6690017513134852,0.9717530550505102
2024,05,DEU.15.13.15.11_1,0.6339754816112084,0.9611576353543679
2024,05,DEU.15.13.15.12_1,0.5989492119089318,0.9487591896788141
2024,05,DEU.15.13.15.13_1,0.5796847635726796,0.9411461098044235
2024,05,DEU.15.13.15.14_1,0.6357267950963222,0.9617296917533533
2024,05,DEU.15.13.15.15_1,0.6795096322241682,0.9745891442038537
2024,05,DEU.15.13.15.16_1,0.6217162872154116,0.9570266453970862
2024,05,DEU.15.13.15.17_1,0.660245183887916,0.9692698282728087
2024,05,DEU.15.13.15.18_1,0.5954465849387042,0.9474175425861608
2024,05,DEU.15.13.15.19_1,0.6374781085814362,0.962297251372984
2024,05,DEU.15.13.15.2_1,0.5901926444833626,0.9453697689264238
2024,05,DEU.15.13.15.20_1,0.5674255691768827,0.936
2024,05,DEU.15.13.15.21_1,0.6077057793345009,0.9520315120835025
2024,05,DEU.15.13.15.22_1,0.6007005253940456,0.9494229826584145
2024,05,DEU.15.13.15.23_1,0.6322241681260946,0.9605810741421048
2024,05,DEU.15.13.15.24_1,0.6007005253940456,0.9494229826584145
2024,05,DEU.15.13.15.25_1,0.5814360770577934,0.9418619856433319
2024,05,DEU.15.13.15.26_1,0.6147110332749562,0.954565869911553
2024,05,DEU.15.13.15.27_1,0.6444833625218914,0.9645226798784983
2024,05,DEU.15.13.15.3_1,0.6164623467600701,0.955187939622355
2024,05,DEU.15.13.15.4_1,0.597197898423818,0.9480907129594721
2024,05,DEU.15.13.15.5_1,0.5569176882661997,0.931398947819891
2024,05,DEU.15.13.15.6_1,0.63922942206655,0.9628603221651623
2024,05,DEU.15.13.15.7_1,0.5446584938704029,0.9258055951440345
2024,05,DEU.15.13.15.8_1,0.5989492119089318,0.9487591896788141
2024,05,DEU.15.13.15.9_1,0.628721541155867,0.9594144047282176
2024,05,DEU.15.13.16.1_1,0.6304728546409808,0.96
2024,05,DEU.15.13.2.1_1,0.5394045534150613,0.923333092659415
2024,05,DEU.15.13.3.1_1,0.6182136602451839,0.9558054195284729
2024,05,DEU.15.13.4.1_1,0.6129597197898424,0.9539392014169457
2024,05,DEU.15.13.4.2_1,0.6164623467600701,0.955187939622355
2024,05,DEU.15.13.4.3_1,0.5796847635726796,0.9411461098044235
2024,05,DEU.15.13.4.4_1,0.5761821366024519,0.939699952112375
2024,05,DEU.15.13.4.5_1,0.6304728546409808,0.96
2024,05,DEU.15.13.4.6_1,0.5919439579684764,0.946057080730333
2024,05,DEU.15.13.5.1_1,0.6479859894921192,0.9656086163658648
2024,05,DEU.15.13.5.2_1,0.6024518388791593,0.9500821017154254
2024,05,DEU.15.13.5.3_1,0.628721541155867,0.9594144047282176
2024,05,DEU.15.13.5.4_1,0.6479859894921192,0.9656086163658648
2024,05,DEU.15.13.5.5_1,0.6357267950963222,0.9617296917533533
2024,05,DEU.15.13.5.6_1,0.6164623467600701,0.955187939622355
2024,05,DEU.15.13.5.7_1,0.6164623467600701,0.955187939622355
2024,05,DEU.15.13.5.8_1,0.5779334500875658,0.9404254356406998
2024,05,DEU.15.13.6.1_1,0.5586690017513135,0.9321780945720619
2024,05,DEU.15.13.7.1_1,0.5499124343257443,0.9282327294380435
2024,05,DEU.15.13.8.1_1,0.5989492119089318,0.9487591896788141
2024,05,DEU.15.13.9.1_1,0.5989492119089318,0.9487591896788141
2024,05,DEU.15.13.9.3_1,0.5954465849387042,0.9474175425861608
2024,05,DEU.15.13.9.4_1,0.62697022767075306,0.9588242800430119
2024,05,DEU.15.13.9.5_1,0.6059544658493871,0.9513863568498342
2024,05,DEU.15.13.9.6_1,0.5849387040280211,0.9432793859721519
2024,05,DEU.15.14.6.1_1,0.5989492119089318,0.9487591896788141
2024,05,DEU.15.14.6.11_1,0.6374781085814362,0.962297251372984
2024,05,DEU.15.14.6.4_1,0.6024518388791593,0.9500821017154254
2024,05,DEU.15.14.8.9_1,0.5691768826619966,0.9367496997597597
2024,05,DEU.15.14.9.4_1,0.5936952714535902,0.9467396685467447
2024,05,DEU.15.14.9.6_1,0.5936952714535902,0.9467396685467447
2024,05,DEU.15.14.9.7_1,0.5796847635726796,0.9411461098044235
2024,05,DEU.15.14.9.9_1,0.5936952714535902,0.9467396685467447
2024,05,DEU.15.15.10.11_1,0.5779334500875658,0.9404254356406998
2024,05,DEU.15.15.10.7_1,0.6059544658493871,0.9513863568498342
2024,05,DEU.15.15.10.8_1,0.5919439579684764,0.946057080730333
2024,05,DEU.15.15.10.9_1,0.6304728546409808,0.96
2024,05,DEU.15.15.11.1_1,0.5936952714535902,0.9467396685467447
2024,05,DEU.15.15.12.1_1,0.5341506129597198,0.920814856526544
2024,05,DEU.15.15.15.1_1,0.5779334500875658,0.9404254356406998
2024,05,DEU.15.15.16.1_1,0.5691768826619966,0.9367496997597597
2024,05,DEU.15.15.16.4_1,0.5499124343257443,0.9282327294380435
2024,05,DEU.15.15.16.5_1,0.5359019264448337,0.9216593730874764
2024,05,DEU.15.15.16.6_1,0.5709281961471104,0.9374945333173949
2024,05,DEU.15.15.16.9_1,0.5446584938704029,0.9258055951440345
2024,05,DEU.15.15.2.1_1,0.6217162872154116,0.9570266453970862
2024,05,DEU.15.15.3.1_1,0.5674255691768827,0.936
2024,05,DEU.15.15.3.8_1,0.6252189141856392,0.9582296175760798
2024,05,DEU.15.15.3.9_1,0.597197898423818,0.9480907129594721
2024,05,DEU.15.15.4.1_1,0.597197898423818,0.9480907129594721
2024,05,DEU.15.15.5.6_1,0.5919439579684764,0.946057080730333
2024,05,DEU.15.15.7.1_1,0.6007005253940456,0.9494229826584145
2024,05,DEU.15.3.1.1_1,0.5919439579684764,0.946057080730333
2024,05,DEU.15.3.1.10_1,0.660245183887916,0.9692698282728087
2024,05,DEU.15.3.1.11_1,0.6129597197898424,0.9539392014169457
2024,05,DEU.15.3.1.2_1,0.6024518388791593,0.9500821017154254
2024,05,DEU.15.3.1.3_1,0.6252189141856392,0.9582296175760798
2024,05,DEU.15.3.1.4_1,0.5989492119089318,0.9487591896788141
2024,05,DEU.15.3.1.5_1,0.5849387040280211,0.9432793859721519
2024,05,DEU.15.3.1.6_1,0.6462346760070053,0.965067873260736
2024,05,DEU.15.3.1.7_1,0.6304728546409808,0.96
2024,05,DEU.15.3.1.8_1,0.6532399299474606,0.9672042183530839
2024,05,DEU.15.3.1.9_1,0.6409807355516638,0.9634189120003821
2024,05,DEU.15.3.10.1_1,0.5744308231173381,0.9389696480717574
2024,05,DEU.15.3.11.1_1,0.597197898423818,0.9480907129594721
2024,05,DEU.15.3.12.1_1,0.63922942206655,0.9628603221651623
2024,05,DEU.15.3.12.10_1,0.6059544658493871,0.9513863568498342
2024,05,DEU.15.3.12.11_1,0.6077057793345009,0.9520315120835025
2024,05,DEU.15.3.12.12_1,0.6619964973730298,0.9697752316903129
2024,05,DEU.15.3.12.13_1,0.6147110332749562,0.954565869911553
2024,05,DEU.15.3.12.14_1,0.5639229422066551,0.9344859549506349
2024,05,DEU.15.3.12.15_1,0.6007005253940456,0.9494229826584145
2024,05,DEU.15.3.12.16_1,0.5989492119089318,0.9487591896788141
2024,05,DEU.15.3.12.17_1,0.6042031523642732,0.9507365565707464
2024,05,DEU.15.3.12.18_1,0.5901926444833626,0.9453697689264238
2024,05,DEU.15.3.12.2_1,0.597197898423818,0.9480907129594721
2024,05,DEU.15.3.12.20_1,0.6112084063047285,0.9533079250693346
2024,05,DEU.15.3.12.21_1,0.5919439579684764,0.946057080730333
2024,05,DEU.15.3.12.22_1,0.6042031523642732,0.9507365565707464
2024,05,DEU.15.3.12.24_1,0.6567425569176883,0.9682458365518543
2024,05,DEU.15.3.12.25_1,0.5954465849387042,0.9474175425861608
2024,05,DEU.15.3.12.4_1,0.6217162872154116,0.9570266453970862
2024,05,DEU.15.3.12.5_1,0.628721541155867,0.9594144047282176
2024,05,DEU.15.3.12.6_1,0.6444833625218914,0.9645226798784983
2024,05,DEU.15.3.12.7_1,0.6549912434325745,0.9677272342969376
2024,05,DEU.15.3.12.8_1,0.6357267950963222,0.9617296917533533
2024,05,DEU.15.3.12.9_1,0.63922942206655,0.9628603221651623
2024,05,DEU.15.3.13.1_1,0.5516637478108581,0.9290317540321213
2024,05,DEU.15.3.13.10_1,0.6042031523642732,0.9507365565707464
2024,05,DEU.15.3.13.11_1,0.6024518388791593,0.9500821017154254
2024,05,DEU.15.3.13.12_1,0.5656742556917689,0.9352454223357631
2024,05,DEU.15.3.13.13_1,0.5534150612959721,0.9298257901349047
2024,05,DEU.15.3.13.14_1,0.5726795096322242,0.9382345122622595
2024,05,DEU.15.3.13.15_1,0.5831873905429072,0.9425730740902798
2024,05,DEU.15.3.13.16_1,0.5919439579684764,0.946057080730333
2024,05,DEU.15.3.13.17_1,0.6112084063047285,0.9533079250693346
2024,05,DEU.15.3.13.18_1,0.5919439579684764,0.946057080730333
2024,05,DEU.15.3.13.19_1,0.5464098073555167,0.9266196630764966
2024,05,DEU.15.3.13.2_1,0.5569176882661997,0.931398947819891
2024,05,DEU.15.3.13.3_1,0.5709281961471104,0.9374945333173949
2024,05,DEU.15.3.13.4_1,0.6252189141856392,0.9582296175760798
2024,05,DEU.15.3.13.5_1,0.5884413309982488,0.9446777228240327
2024,05,DEU.15.3.13.6_1,0.5936952714535902,0.9467396685467447
2024,05,DEU.15.3.13.7_1,0.5884413309982488,0.9446777228240327
2024,05,DEU.15.3.13.8_1,0.5166374781085814,0.9120855223058855
2024,05,DEU.15.3.13.9_1,0.5341506129597198,0.920814856526544
2024,05,DEU.15.3.14.1_1,0.6077057793345009,0.9520315120835025
2024,05,DEU.15.3.15.1_1,0.56217162872154125,0.9337215859130601
2024,05,DEU.15.3.2.1_1,0.5569176882661997,0.931398947819891
2024,05,DEU.15.3.2.10_1,0.5831873905429072,0.9425730740902798
2024,05,DEU.15.3.2.11_1,0.5253940455341506,0.916515138991168
2024,05,DEU.15.3.2.2_1,0.6007005253940456,0.9494229826584145
2024,05,DEU.15.3.2.3_1,0.5849387040280211,0.9432793859721519
2024,05,DEU.15.3.2.4_1,0.5919439579684764,0.946057080730333
2024,05,DEU.15.3.2.5_1,0.5849387040280211,0.9432793859721519
2024,05,DEU.15.3.2.6_1,0.6059544658493871,0.9513863568498342
2024,05,DEU.15.3.2.7_1,0.5691768826619966,0.9367496997597597
2024,05,DEU.15.3.2.8_1,0.6024518388791593,0.9500821017154254
2024,05,DEU.15.3.2.9_1,0.5954465849387042,0.9474175425861608
2024,05,DEU.15.3.3.1_1,0.5884413309982488,0.9446777228240327
2024,05,DEU.15.3.3.10_1,0.5726795096322242,0.9382345122622595
2024,05,DEU.15.3.3.11_1,0.5901926444833626,0.9453697689264238
2024,05,DEU.15.3.3.12_1,0.5849387040280211,0.9432793859721519
2024,05,DEU.15.3.3.13_1,0.5691768826619966,0.9367496997597597
2024,05,DEU.15.3.3.14_1,0.5884413309982488,0.9446777228240327
2024,05,DEU.15.3.3.15_1,0.542907180385289,0.9249864863877743
2024,05,DEU.15.3.3.2_1,0.5761821366024519,0.939699952112375
2024,05,DEU.15.3.3.3_1,0.5394045534150613,0.923333092659415
2024,05,DEU.15.3.3.4_1,0.6444833625218914,0.9645226798784983
2024,05,DEU.15.3.3.5_1,0.5499124343257443,0.9282327294380435
2024,05,DEU.15.3.3.6_1,0.63922942206655,0.9628603221651623
2024,05,DEU.15.3.3.7_1,0.5901926444833626,0.9453697689264238
2024,05,DEU.15.3.3.8_1,0.597197898423818,0.9480907129594721
2024,05,DEU.15.3.3.9_1,0.5166374781085814,0.9120855223058855
2024,05,DEU.15.3.4.1_1,0.5499124343257443,0.9282327294380435
2024,05,DEU.15.3.5.1_1,0.56217162872154125,0.9337215859130601
2024,05,DEU.15.3.5.10_1,0.6357267950963222,0.9617296917533533
2024,05,DEU.15.3.5.2_1,0.5411558669001751,0.9241623234042816
2024,05,DEU.15.3.5.3_1,0.5726795096322242,0.9382345122622595
2024,05,DEU.15.3.5.4_1,0.6059544658493871,0.9513863568498342
2024,05,DEU.15.3.5.5_1,0.5288966725043783,0.918250510481753
2024,05,DEU.15.3.5.6_1,0.5499124343257443,0.9282327294380435
2024,05,DEU.15.3.5.7_1,0.56217162872154125,0.9337215859130601
2024,05,DEU.15.3.5.8_1,0.5306479859894921,0.9191104395011516
2024,05,DEU.15.3.5.9_1,0.5569176882661997,0.931398947819891
2024,05,DEU.15.3.6.1_1,0.5306479859894921,0.9191104395011516
2024,05,DEU.15.3.7.1_1,0.586690017513135,0.9439809320108113
2024,05,DEU.15.3.7.10_1,0.6479859894921192,0.9656086163658648
2024,05,DEU.15.3.7.11_1,0.6024518388791593,0.9500821017154254
2024,05,DEU.15.3.7.12_1,0.6182136602451839,0.9558054195284729
2024,05,DEU.15.3.7.13_1,0.5849387040280211,0.9432793859721519
2024,05,DEU.15.3.7.14_1,0.5919439579684764,0.946057080730333
2024,05,DEU.15.3.7.15_1,0.6042031523642732,0.9507365565707464
2024,05,DEU.15.3.7.16_1,0.5691768826619966,0.9367496997597597
2024,05,DEU.15.3.7.17_1,0.6059544658493871,0.9513863568498342
2024,05,DEU.15.3.7.18_1,0.6094570928196147,0.9526720317087093
2024,05,DEU.15.3.7.19_1,0.628721541155867,0.9594144047282176
2024,05,DEU.15.3.7.2_1,0.542907180385289,0.9249864863877743
2024,05,DEU.15.3.7.20_1,0.5919439579684764,0.946057080730333
2024,05,DEU.15.3.7.21_1,0.6077057793345009,0.9520315120835025
2024,05,DEU.15.3.7.22_1,0.628721541155867,0.9594144047282176
2024,05,DEU.15.3.7.23_1,0.5656742556917689,0.9352454223357631
2024,05,DEU.15.3.7.24_1,0.6182136602451839,0.9558054195284729
2024,05,DEU.15.3.7.25_1,0.6199649737302978,0.9564183185196736
2024,05,DEU.15.3.7.3_1,0.6164623467600701,0.955187939622355
2024,05,DEU.15.3.7.4_1,0.6024518388791593,0.9500821017154254
2024,05,DEU.15.3.7.5_1,0.6637478108581437,0.970276249322841
2024,05,DEU.15.3.7.6_1,0.6322241681260946,0.9605810741421048
2024,05,DEU.15.3.7.7_1,0.62697022767075306,0.9588242800430119
2024,05,DEU.15.3.7.8_1,0.63922942206655,0.9628603221651623
2024,05,DEU.15.3.7.9_1,0.6007005253940456,0.9494229826584145
2024,05,DEU.15.3.8.1_1,0.5446584938704029,0.9258055951440345
2024,05,DEU.15.3.8.10_1,0.5446584938704029,0.9258055951440345
2024,05,DEU.15.3.8.2_1,0.5569176882661997,0.931398947819891
2024,05,DEU.15.3.8.3_1,0.5709281961471104,0.9374945333173949
2024,05,DEU.15.3.8.4_1,0.5674255691768827,0.936
2024,05,DEU.15.3.8.5_1,0.5271453590192645,0.9173854151881858
2024,05,DEU.15.3.8.6_1,0.5131348511383538,0.9102768809543611
2024,05,DEU.15.3.8.7_1,0.5814360770577934,0.9418619856433319
2024,05,DEU.15.3.8.8_1,0.5691768826619966,0.9367496997597597
2024,05,DEU.15.3.8.9_1,0.5411558669001751,0.9241623234042816
2024,05,DEU.15.3.9.1_1,0.5849387040280211,0.9432793859721519
2024,05,DEU.15.5.1.1_1,0.597197898423818,0.9480907129594721
2024,05,DEU.15.6.1.1_1,0.6007005253940456,0.9494229826584145
2024,05,DEU.15.7.1.1_1,0.6532399299474606,0.9672042183530839
2024,05,DEU.15.7.1.11_1,0.6339754816112084,0.9611576353543679
2024,05,DEU.15.7.1.12_1,0.6882661996497373,0.976833660353696
2024,05,DEU.15.7.1.14_1,0.649737302977233,0.9661449166662318
2024,05,DEU.15.7.1.15_1,0.6374781085814362,0.962297251372984
2024,05,DEU.15.7.1.2_1,0.6900175131348513,0.9772696659571503
2024,05,DEU.15.7.1.3_1,0.6129597197898424,0.9539392014169457
2024,05,DEU.15.7.1.4_1,0.6024518388791593,0.9500821017154254
2024,05,DEU.15.7.1.5_1,0.6409807355516638,0.9634189120003821
2024,05,DEU.15.7.1.6_1,0.6357267950963222,0.9617296917533533
2024,05,DEU.15.7.1.7_1,0.6865148861646235,0.9763933633531108
2024,05,DEU.15.7.1.8_1,0.6444833625218914,0.9645226798784983
2024,05,DEU.15.7.1.9_1,0.597197898423818,0.9480907129594721
2024,05,DEU.15.7.10.1_1,0.5639229422066551,0.9344859549506349
2024,05,DEU.15.7.10.11_1,0.6112084063047285,0.9533079250693346
2024,05,DEU.15.7.10.12_1,0.6217162872154116,0.9570266453970862
2024,05,DEU.15.7.10.13_1,0.6322241681260946,0.9605810741421048
2024,05,DEU.15.7.10.14_1,0.6217162872154116,0.9570266453970862
2024,05,DEU.15.7.10.15_1,0.6987740805604205,0.9793855216409929
2024,05,DEU.15.7.10.16_1,0.6252189141856392,0.9582296175760798
2024,05,DEU.15.7.10.17_1,0.586690017513135,0.9439809320108113
2024,05,DEU.15.7.10.18_1,0.6409807355516638,0.9634189120003821
2024,05,DEU.15.7.10.19_1,0.6059544658493871,0.9513863568498342
2024,05,DEU.15.7.10.2_1,0.6147110332749562,0.954565869911553
2024,05,DEU.15.7.10.20_1,0.6462346760070053,0.965067873260736
2024,05,DEU.15.7.10.21_1,0.62697022767075306,0.9588242800430119
2024,05,DEU.15.7.10.22_1,0.6339754816112084,0.9611576353543679
2024,05,DEU.15.7.10.23_1,0.6357267950963222,0.9617296917533533
2024,05,DEU.15.7.10.24_1,0.6164623467600701,0.955187939622355
2024,05,DEU.15.7.10.25_1,0.6619964973730298,0.9697752316903129
2024,05,DEU.15.7.10.26_1,0.6444833625218914,0.9645226798784983
2024,05,DEU.15.7.10.27_1,0.6322241681260946,0.9605810741421048
2024,05,DEU.15.7.10.28_1,0.6129597197898424,0.9539392014169457
2024,05,DEU.15.7.10.29_1,0.6252189141856392,0.9582296175760798
2024,05,DEU.15.7.10.3_1,0.6795096322241682,0.9745891442038537
2024,05,DEU.15.7.10.30_1,0.6339754816112084,0.9611576353543679
2024,05,DEU.15.7.10.4_1,0.6339754816112084,0.9611576353543679
2024,05,DEU.15.7.10.5_1,0.586690017513135,0.9439809320108113
2024,05,DEU.15.7.10.6_1,0.6129597197898424,0.9539392014169457
2024,05,DEU.15.7.10.7_1,0.6304728546409808,0.96
2024,05,DEU.15.7.10.8_1,0.6059544658493871,0.9513863568498342
2024,05,DEU.15.7.10.9_1,0.6164623467600701,0.955187939622355
2024,05,DEU.15.7.12.1_1,0.62697022767075306,0.9588242800430119
2024,05,DEU.15.7.13.1_1,0.6690017513134852,0.9717530550505102
2024,05,DEU.15.7.13.10_1,0.6549912434325745,0.9677272342969376
2024,05,DEU.15.7.13.11_1,0.5954465849387042,0.9474175425861608
2024,05,DEU.15.7.13.12_1,0.6322241681260946,0.9605810741421048
2024,05,DEU.15.7.13.13_1,0.7145359019264449,0.9829262434180909
2024,05,DEU.15.7.13.2_1,0.6619964973730298,0.9697752316903129
2024,05,DEU.15.7.13.3_1,0.62697022767075306,0.9588242800430119
2024,05,DEU.15.7.13.5_1,0.6182136602451839,0.9558054195284729
2024,05,DEU.15.7.13.6_1,0.6112084063047285,0.9533079250693346
2024,05,DEU.15.7.13.7_1,0.6234676007005254,0.9576304088739037
2024,05,DEU.15.7.13.8_1,0.6514886164623468,0.9666767815562759
2024,05,DEU.15.7.13.9_1,0.670753064798599,0.9722365967191319
2024,05,DEU.15.7.2.1_1,0.6549912434325745,0.9677272342969376
2024,05,DEU.15.7.2.10_1,0.6725043782837129,0.9727157858285225
2024,05,DEU.15.7.2.12_1,0.7110332749562173,0.9821690282227392
2024,05,DEU.15.7.2.14_1,0.6742556917688267,0.9731906288081488
2024,05,DEU.15.7.2.15_1,0.6514886164623468,0.9666767815562759
2024,05,DEU.15.7.2.2_1,0.6847635726795097,0.9759487691472335
2024,05,DEU.15.7.2.4_1,0.6637478108581437,0.970276249322841
2024,05,DEU.15.7.2.6_1,0.6935201401050789,0.9781288258711119
2024,05,DEU.15.7.2.8_1,0.6900175131348513,0.9772696659571503
2024,05,DEU.15.7.2.9_1,0.6409807355516638,0.9634189120003821
2024,05,DEU.15.7.3.1_1,0.6374781085814362,0.962297251372984
2024,05,DEU.15.7.4.1_1,0.6584938704028022,0.9687600322061186
2024,05,DEU.15.7.6.1_1,0.6217162872154116,0.9570266453970862
2024,05,DEU.15.7.6.10_1,0.6059544658493871,0.9513863568498342
2024,05,DEU.15.7.6.11_1,0.6654991243432575,0.9707728879609279
2024,05,DEU.15.7.6.12_1,0.6830122591943959,0.9754998718605759
2024,05,DEU.15.7.6.13_1,0.6654991243432575,0.9707728879609279
2024,05,DEU.15.7.6.14_1,0.6479859894921192,0.9656086163658648
2024,05,DEU.15.7.6.15_1,0.6812609457092821,0.975046665549911
2024,05,DEU.15.7.6.16_1,0.5989492119089318,0.9487591896788141
2024,05,DEU.15.7.6.17_1,0.6409807355516638,0.9634189120003821
2024,05,DEU.15.7.6.18_1,0.6479859894921192,0.9656086163658648
2024,05,DEU.15.7.6.19_1,0.6427320490367776,0.9639730286683336
2024,05,DEU.15.7.6.2_1,0.6584938704028022,0.9687600322061186
2024,05,DEU.15.7.6.3_1,0.6584938704028022,0.9687600322061186
2024,05,DEU.15.7.6.4_1,0.6199649737302978,0.9564183185196736
2024,05,DEU.15.7.6.5_1,0.6252189141856392,0.9582296175760798
2024,05,DEU.15.7.6.6_1,0.6199649737302978,0.9564183185196736
2024,05,DEU.15.7.6.7_1,0.6654991243432575,0.9707728879609279
2024,05,DEU.15.7.6.8_1,0.6339754816112084,0.9611576353543679
2024,05,DEU.15.7.6.9_1,0.6322241681260946,0.9605810741421048
2024,05,DEU.15.7.7.1_1,0.6077057793345009,0.9520315120835025
2024,05,DEU.15.7.7.10_1,0.6164623467600701,0.955187939622355
2024,05,DEU.15.7.7.11_1,0.6199649737302978,0.9564183185196736
2024,05,DEU.15.7.7.12_1,0.6619964973730298,0.9697752316903129
2024,05,DEU.15.7.7.13_1,0.62697022767075306,0.9588242800430119
2024,05,DEU.15.7.7.14_1,0.6532399299474606,0.9672042183530839
2024,05,DEU.15.7.7.15_1,0.6795096322241682,0.9745891442038537
2024,05,DEU.15.7.7.16_1,0.6672504378283713,0.9712651543219287
2024,05,DEU.15.7.7.17_1,0.6760070052539405,0.9736611320166786
2024,05,DEU.15.7.7.18_1,0.6024518388791593,0.9500821017154254
2024,05,DEU.15.7.7.19_1,0.6357267950963222,0.9617296917533533
2024,05,DEU.15.7.7.2_1,0.6199649737302978,0.9564183185196736
2024,05,DEU.15.7.7.20_1,0.6182136602451839,0.9558054195284729
2024,05,DEU.15.7.7.21_1,0.6199649737302978,0.9564183185196736
2024,05,DEU.15.7.7.22_1,0.62697022767075306,0.9588242800430119
2024,05,DEU.15.7.7.23_1,0.6217162872154116,0.9570266453970862
2024,05,DEU.15.7.7.24_1,0.6427320490367776,0.9639730286683336
2024,05,DEU.15.7.7.25_1,0.6059544658493871,0.9513863568498342
2024,05,DEU.15.7.7.26_1,0.6672504378283713,0.9712651543219287
2024,05,DEU.15.7.7.27_1,0.6479859894921192,0.9656086163658648
2024,05,DEU.15.7.7.4_1,0.6444833625218914,0.9645226798784983
2024,05,DEU.15.7.7.5_1,0.6042031523642732,0.9507365565707464
2024,05,DEU.15.7.7.6_1,0.62697022767075306,0.9588242800430119
2024,05,DEU.15.7.7.7_1,0.6952714535901927,0.97855199146494
2024,05,DEU.15.7.7.8_1,0.6690017513134852,0.9717530550505102
2024,05,DEU.15.7.7.9_1,0.6147110332749562,0.954565869911553
2024,05,DEU.15.7.9.1_1,0.6339754816112084,0.9611576353543679
2024,05,DEU.15.8.1.1_1,0.6549912434325745,0.9677272342969376
2024,05,DEU.15.8.19.1_1,0.6182136602451839,0.9558054195284729
2024,05,DEU.15.8.3.1_1,0.6549912434325745,0.9677272342969376
2024,05,DEU.15.9.1.1_1,0.5604203152364273,0.9329523031752481
2024,05,DEU.15.9.13.1_1,0.5849387040280211,0.9432793859721519
2024,05,DEU.15.9.14.10_1,0.5761821366024519,0.939699952112375
2024,05,DEU.15.9.14.2_1,0.5849387040280211,0.9432793859721519
2024,05,DEU.15.9.14.7_1,0.5849387040280211,0.9432793859721519
2024,05,DEU.15.9.14.9_1,0.5726795096322242,0.9382345122622595
2024,05,DEU.15.9.15.1_1,0.5674255691768827,0.936
2024,05,DEU.15.9.16.1_1,0.6059544658493871,0.9513863568498342
2024,05,DEU.15.9.2.1_1,0.5499124343257443,0.9282327294380435
2024,05,DEU.15.9.5.1_1,0.5744308231173381,0.9389696480717574
2024,05,DEU.15.9.7.1_1,0.5779334500875658,0.9404254356406998
2024,05,DEU.15.9.9.1_1,0.5534150612959721,0.9298257901349047
2024,05,DEU.16.12.2.1_1,0.6339754816112084,0.9611576353543679
2024,05,DEU.16.12.6.2_1,0.5831873905429072,0.9425730740902798
2024,05,DEU.16.12.6.4_1,0.5831873905429072,0.9425730740902798
2024,05,DEU.2.11.14.1_1,0.6427320490367776,0.9639730286683336
2024,05,DEU.2.11.26.1_1,0.6042031523642732,0.9507365565707464
2024,05,DEU.2.11.30.1_1,0.6024518388791593,0.9500821017154254
2024,05,DEU.2.17.5.1_1,0.5639229422066551,0.9344859549506349
2024,05,DEU.2.26.1.1_1,0.5744308231173381,0.9389696480717574
2024,05,DEU.2.26.10.1_1,0.5569176882661997,0.931398947819891
2024,05,DEU.2.26.11.1_1,0.5604203152364273,0.9329523031752481
2024,05,DEU.2.26.12.1_1,0.586690017513135,0.9439809320108113
2024,05,DEU.2.26.13.1_1,0.5831873905429072,0.9425730740902798
2024,05,DEU.2.26.14.1_1,0.6409807355516638,0.9634189120003821
2024,05,DEU.2.26.15.1_1,0.5586690017513135,0.9321780945720619
2024,05,DEU.2.26.16.1_1,0.6129597197898424,0.9539392014169457
2024,05,DEU.2.26.17.1_1,0.56217162872154125,0.9337215859130601
2024,05,DEU.2.26.2.1_1,0.6007005253940456,0.9494229826584145
2024,05,DEU.2.26.3.1_1,0.5919439579684764,0.946057080730333
2024,05,DEU.2.26.3.2_1,0.63922942206655,0.9628603221651623
2024,05,DEU.2.26.3.3_1,0.5919439579684764,0.946057080730333
2024,05,DEU.2.26.4.1_1,0.5796847635726796,0.9411461098044235
2024,05,DEU.2.26.5.1_1,0.5464098073555167,0.9266196630764966
2024,05,DEU.2.26.6.1_1,0.5919439579684764,0.946057080730333
2024,05,DEU.2.26.7.1_1,0.5919439579684764,0.946057080730333
2024,05,DEU.2.26.8.1_1,0.63922942206655,0.9628603221651623
2024,05,DEU.2.26.8.2_1,0.597197898423818,0.9480907129594721
2024,05,DEU.2.26.8.3_1,0.6725043782837129,0.9727157858285225
2024,05,DEU.2.26.8.4_1,0.6199649737302978,0.9564183185196736
2024,05,DEU.2.26.8.5_1,0.6199649737302978,0.9564183185196736
2024,05,DEU.2.26.8.6_1,0.5446584938704029,0.9258055951440345
2024,05,DEU.2.26.9.1_1,0.6234676007005254,0.9576304088739037
2024,05,DEU.2.28.5.1_1,0.6007005253940456,0.9494229826584145
2024,05,DEU.2.28.8.1_1,0.5761821366024519,0.939699952112375
2024,05,DEU.2.29.17.1_1,0.6234676007005254,0.9576304088739037
2024,05,DEU.2.34.12.1_1,0.6549912434325745,0.9677272342969376
2024,05,DEU.2.34.14.1_1,0.5516637478108581,0.9290317540321213
2024,05,DEU.2.34.17.1_1,0.6042031523642732,0.9507365565707464
2024,05,DEU.2.34.18.1_1,0.6059544658493871,0.9513863568498342
2024,05,DEU.2.34.2.1_1,0.5849387040280211,0.9432793859721519
2024,05,DEU.2.34.7.1_1,0.62697022767075306,0.9588242800430119
2024,05,DEU.2.34.8.2_1,0.6374781085814362,0.962297251372984
2024,05,DEU.2.35.10.6_1,0.5534150612959721,0.9298257901349047
2024,05,DEU.2.35.13.1_1,0.5936952714535902,0.9467396685467447
2024,05,DEU.2.35.6.1_1,0.5744308231173381,0.9389696480717574
2024,05,DEU.2.55.2.1_1,0.6112084063047285,0.9533079250693346
2024,05,DEU.2.55.3.1_1,0.6584938704028022,0.9687600322061186
2024,05,DEU.2.55.3.3_1,0.6409807355516638,0.9634189120003821
2024,05,DEU.2.55.3.5_1,0.6164623467600701,0.955187939622355
2024,05,DEU.2.55.5.1_1,0.6917688266199651,0.9777013859047148
2024,05,DEU.2.55.7.1_1,0.6094570928196147,0.9526720317087093
2024,05,DEU.2.59.8.1_1,0.5831873905429072,0.9425730740902798
2024,05,DEU.2.60.16.1_1,0.6164623467600701,0.955187939622355
2024,05,DEU.2.60.2.1_1,0.6374781085814362,0.962297251372984
2024,05,DEU.2.61.5.1_1,0.63922942206655,0.9628603221651623
2024,05,DEU.2.61.8.1_1,0.6444833625218914,0.9645226798784983
2024,05,DEU.2.68.10.1_1,0.6532399299474606,0.9672042183530839
2024,05,DEU.2.68.15.1_1,0.6024518388791593,0.9500821017154254
2024,05,DEU.2.68.16.1_1,0.6374781085814362,0.962297251372984
2024,05,DEU.2.70.1.1_1,0.6217162872154116,0.9570266453970862
2024,05,DEU.2.71.13.1_1,0.56217162872154125,0.9337215859130601
2024,05,DEU.2.71.32.1_1,0.5569176882661997,0.931398947819891
2024,05,DEU.2.71.34.1_1,0.597197898423818,0.9480907129594721
2024,05,DEU.2.71.6.1_1,0.6077057793345009,0.9520315120835025
2024,05,DEU.2.78.14.1_1,0.6427320490367776,0.9639730286683336
2024,05,DEU.2.78.25.1_1,0.6042031523642732,0.9507365565707464
2024,05,DEU.2.78.25.2_1,0.56217162872154125,0.9337215859130601
2024,05,DEU.2.78.40.1_1,0.5919439579684764,0.946057080730333
2024,05,DEU.2.8.1.1_1,0.6462346760070053,0.965067873260736
2024,05,DEU.2.8.12.1_1,0.6444833625218914,0.9645226798784983
2024,05,DEU.2.8.14.1_1,0.6339754816112084,0.9611576353543679
2024,05,DEU.2.8.26.2_1,0.6112084063047285,0.9533079250693346
2024,05,DEU.2.8.26.6_1,0.62697022767075306,0.9588242800430119
2024,05,DEU.2.8.26.7_1,0.6409807355516638,0.9634189120003821
2024,05,DEU.2.8.32.1_1,0.6304728546409808,0.96
2024,05,DEU.2.8.4.1_1,0.6304728546409808,0.96
2024,05,DEU.3.1.1.1_1,0.490367775831874,0.8979977728257459
2024,05,DEU.4.1.1.1_1,0.5253940455341506,0.916515138991168
2024,05,DEU.4.1.10.1_1,0.5271453590192645,0.9173854151881858
2024,05,DEU.4.1.2.1_1,0.5779334500875658,0.9404254356406998
2024,05,DEU.4.1.3.1_1,0.5884413309982488,0.9446777228240327
2024,05,DEU.4.1.3.2_1,0.49211908931698783,0.8989749718429317
2024,05,DEU.4.1.3.3_1,0.5376532399299475,0.9224987804869988
2024,05,DEU.4.1.3.4_1,0.5236427320490368,0.9156396671180208
2024,05,DEU.4.1.3.5_1,0.542907180385289,0.9249864863877743
2024,05,DEU.4.1.3.6_1,0.5131348511383538,0.9102768809543611
2024,05,DEU.4.1.4.1_1,0.56217162872154125,0.9337215859130601
2024,05,DEU.4.1.4.2_1,0.5639229422066551,0.9344859549506349
2024,05,DEU.4.1.4.3_1,0.49211908931698783,0.8989749718429317
2024,05,DEU.4.1.4.4_1,0.5709281961471104,0.9374945333173949
2024,05,DEU.4.1.4.5_1,0.542907180385289,0.9249864863877743
2024,05,DEU.4.1.4.6_1,0.5096322241681261,0.9084470265238365
2024,05,DEU.4.1.4.7_1,0.5236427320490368,0.9156396671180208
2024,05,DEU.4.1.4.8_1,0.500875656742557,0.9037787339830473
2024,05,DEU.4.1.5.1_1,0.5481611208406305,0.9274287034591931
2024,05,DEU.4.1.6.1_1,0.5183887915936953,0.9129819275319747
2024,05,DEU.4.1.6.2_1,0.5253940455341506,0.916515138991168
2024,05,DEU.4.1.6.3_1,0.532399299474606,0.9199652167337633
2024,05,DEU.4.1.6.4_1,0.5481611208406305,0.9274287034591931
2024,05,DEU.4.1.7.1_1,0.5043782837127846,0.905662188677434
2024,05,DEU.4.1.8.1_1,0.532399299474606,0.9199652167337633
2024,05,DEU.4.1.9.1_1,0.5656742556917689,0.9352454223357631
2024,05,DEU.4.10.1.2_1,0.5078809106830122,0.9075241043630743
2024,05,DEU.4.10.1.4_1,0.51138353765324,0.909364613342745
2024,05,DEU.4.10.1.5_1,0.5096322241681261,0.9084470265238365
2024,05,DEU.4.10.11.1_1,0.47810858143607715,0.8910016835000931
2024,05,DEU.4.10.2.1_1,0.5236427320490368,0.9156396671180208
2024,05,DEU.4.10.4.1_1,0.5271453590192645,0.9173854151881858
2024,05,DEU.4.10.6.2_1,0.5061295971978984,0.9065958305661901
2024,05,DEU.4.11.13.1_1,0.4973730297723292,0.9018736053350269
2024,05,DEU.4.11.14.1_1,0.4676007005253941,0.8847847195787232
2024,05,DEU.4.11.15.1_1,0.5096322241681261,0.9084470265238365
2024,05,DEU.4.11.5.1_1,0.4518388791593696,0.8750679973579196
2024,05,DEU.4.11.7.1_1,0.49211908931698783,0.8989749718429317
2024,05,DEU.4.11.8.2_1,0.4640980735551664,0.8826664149042944
2024,05,DEU.4.11.8.3_1,0.4623467600700526,0.8815985480931783
2024,05,DEU.4.11.9.3_1,0.4570928196147111,0.8783598351473045
2024,05,DEU.4.12.2.1_1,0.5639229422066551,0.9344859549506349
2024,05,DEU.4.12.3.1_1,0.5183887915936953,0.9129819275319747
2024,05,DEU.4.12.6.1_1,0.500875656742557,0.9037787339830473
2024,05,DEU.4.12.9.1_1,0.5779334500875658,0.9404254356406998
2024,05,DEU.4.13.13.1_1,0.4973730297723292,0.9018736053350269
2024,05,DEU.4.13.14.1_1,0.5341506129597198,0.920814856526544
2024,05,DEU.4.13.15.1_1,0.490367775831874,0.8979977728257459
2024,05,DEU.4.13.17.1_1,0.5288966725043783,0.918250510481753
2024,05,DEU.4.13.6.1_1,0.4640980735551664,0.8826664149042944
2024,05,DEU.4.13.9.4_1,0.43082311733800355,0.8613570688164114
2024,05,DEU.4.14.1.1_1,0.5376532399299475,0.9224987804869988
2024,05,DEU.4.15.1.1_1,0.49211908931698783,0.8989749718429317
2024,05,DEU.4.15.1.2_1,0.49211908931698783,0.8989749718429317
2024,05,DEU.4.15.1.3_1,0.5148861646234676,0.9111838453352868
2024,05,DEU.4.15.1.4_1,0.5394045534150613,0.923333092659415
2024,05,DEU.4.15.1.5_1,0.5078809106830122,0.9075241043630743
2024,05,DEU.4.15.10.1_1,0.5604203152364273,0.9329523031752481
2024,05,DEU.4.15.10.2_1,0.5446584938704029,0.9258055951440345
2024,05,DEU.4.15.10.3_1,0.5551663747810859,0.9306148505155073
2024,05,DEU.4.15.10.4_1,0.6007005253940456,0.9494229826584145
2024,05,DEU.4.15.10.5_1,0.5516637478108581,0.9290317540321213
2024,05,DEU.4.15.11.1_1,0.5569176882661997,0.931398947819891
2024,05,DEU.4.15.2.1_1,0.5341506129597198,0.920814856526544
2024,05,DEU.4.15.3.1_1,0.5446584938704029,0.9258055951440345
2024,05,DEU.4.15.4.1_1,0.5341506129597198,0.920814856526544
2024,05,DEU.4.15.5.1_1,0.5078809106830122,0.9075241043630743
2024,05,DEU.4.15.5.2_1,0.5411558669001751,0.9241623234042816
2024,05,DEU.4.15.5.3_1,0.5253940455341506,0.916515138991168
2024,05,DEU.4.15.5.4_1,0.5341506129597198,0.920814856526544
2024,05,DEU.4.15.6.1_1,0.5043782837127846,0.905662188677434
2024,05,DEU.4.15.6.2_1,0.5849387040280211,0.9432793859721519
2024,05,DEU.4.15.6.3_1,0.5656742556917689,0.9352454223357631
2024,05,DEU.4.15.6.4_1,0.6147110332749562,0.954565869911553
2024,05,DEU.4.15.6.5_1,0.5464098073555167,0.9266196630764966
2024,05,DEU.4.15.7.1_1,0.5061295971978984,0.9065958305661901
2024,05,DEU.4.15.8.1_1,0.5288966725043783,0.918250510481753
2024,05,DEU.4.15.9.1_1,0.5359019264448337,0.9216593730874764
2024,05,DEU.4.16.1.1_1,0.46935201401050797,0.885835199120017
2024,05,DEU.4.16.1.2_1,0.43607705779334505,0.8648676199280442
2024,05,DEU.4.16.1.3_1,0.4588441330998249,0.8794452797076121
2024,05,DEU.4.16.1.4_1,0.5026269702276708,0.9047231620777706
2024,05,DEU.4.16.1.5_1,0.4973730297723292,0.9018736053350269
2024,05,DEU.4.16.1.6_1,0.46935201401050797,0.885835199120017
2024,05,DEU.4.16.10.1_1,0.5183887915936953,0.9129819275319747
2024,05,DEU.4.16.11.1_1,0.5253940455341506,0.916515138991168
2024,05,DEU.4.16.2.1_1,0.4640980735551664,0.8826664149042944
2024,05,DEU.4.16.2.2_1,0.5061295971978984,0.9065958305661901
2024,05,DEU.4.16.2.3_1,0.5061295971978984,0.9065958305661901
2024,05,DEU.4.16.2.4_1,0.4956217162872154,0.9009128703709366
2024,05,DEU.4.16.2.5_1,0.4956217162872154,0.9009128703709366
2024,05,DEU.4.16.2.6_1,0.4535901926444834,0.8761712161444246
2024,05,DEU.4.16.2.7_1,0.48511383537653247,0.8950329602869382
2024,05,DEU.4.16.2.8_1,0.48686514886164634,0.8960267853139213
2024,05,DEU.4.16.3.1_1,0.4570928196147111,0.8783598351473045
2024,05,DEU.4.16.4.1_1,0.49211908931698783,0.8989749718429317
2024,05,DEU.4.16.5.1_1,0.47460595446584947,0.8889521921903337
2024,05,DEU.4.16.6.1_1,0.45534150612959723,0.8772684879784524
2024,05,DEU.4.16.7.1_1,0.490367775831874,0.8979977728257459
2024,05,DEU.4.16.8.1_1,0.4991243432574431,0.9028288874421332
2024,05,DEU.4.16.8.2_1,0.4430823117338004,0.8694619025581282
2024,05,DEU.4.16.8.3_1,0.4816112084063048,0.8930285549745876
2024,05,DEU.4.16.8.4_1,0.4763572679509633,0.8899797750510963
2024,05,DEU.4.16.8.5_1,0.44658493870402804,0.8717224328879003
2024,05,DEU.4.16.8.6_1,0.500875656742557,0.9037787339830473
2024,05,DEU.4.16.8.7_1,0.47985989492119097,0.8920179370393849
2024,05,DEU.4.16.8.8_1,0.43607705779334505,0.8648676199280442
2024,05,DEU.4.16.9.1_1,0.48511383537653247,0.8950329602869382
2024,05,DEU.4.17.10.1_1,0.4973730297723292,0.9018736053350269
2024,05,DEU.4.17.4.1_1,0.48861646234676015,0.8970150500409678
2024,05,DEU.4.17.5.1_1,0.5236427320490368,0.9156396671180208
2024,05,DEU.4.17.9.1_1,0.48511383537653247,0.8950329602869382
2024,05,DEU.4.18.1.1_1,0.5481611208406305,0.9274287034591931
2024,05,DEU.4.18.12.1_1,0.5656742556917689,0.9352454223357631
2024,05,DEU.4.18.5.5_1,0.5726795096322242,0.9382345122622595
2024,05,DEU.4.18.9.5_1,0.5253940455341506,0.916515138991168
2024,05,DEU.4.3.1.1_1,0.5201401050788091,0.9138730765264944
2024,05,DEU.4.4.12.1_1,0.48511383537653247,0.8950329602869382
2024,05,DEU.4.4.13.1_1,0.490367775831874,0.8979977728257459
2024,05,DEU.4.4.2.1_1,0.500875656742557,0.9037787339830473
2024,05,DEU.4.4.3.1_1,0.5061295971978984,0.9065958305661901
2024,05,DEU.4.4.5.1_1,0.5096322241681261,0.9084470265238365
2024,05,DEU.4.4.6.2_1,0.4728546409807356,0.8879189152169246
2024,05,DEU.4.4.6.3_1,0.48861646234676015,0.8970150500409678
2024,05,DEU.4.4.6.4_1,0.48861646234676015,0.8970150500409678
2024,05,DEU.4.4.6.6_1,0.490367775831874,0.8979977728257459
2024,05,DEU.4.4.6.8_1,0.48861646234676015,0.8970150500409678
2024,05,DEU.4.4.8.1_1,0.5376532399299475,0.9224987804869988
2024,05,DEU.4.5.1.1_1,0.5796847635726796,0.9411461098044235
2024,05,DEU.4.5.10.1_1,0.5096322241681261,0.9084470265238365
2024,05,DEU.4.5.10.2_1,0.5761821366024519,0.939699952112375
2024,05,DEU.4.5.10.3_1,0.500875656742557,0.9037787339830473
2024,05,DEU.4.5.10.4_1,0.5131348511383538,0.9102768809543611
2024,05,DEU.4.5.11.1_1,0.5639229422066551,0.9344859549506349
2024,05,DEU.4.5.12.1_1,0.49211908931698783,0.8989749718429317
2024,05,DEU.4.5.12.2_1,0.51138353765324,0.909364613342745
2024,05,DEU.4.5.12.3_1,0.51138353765324,0.909364613342745
2024,05,DEU.4.5.12.4_1,0.5394045534150613,0.923333092659415
2024,05,DEU.4.5.12.5_1,0.5288966725043783,0.918250510481753
2024,05,DEU.4.5.13.1_1,0.48686514886164634,0.8960267853139213
2024,05,DEU.4.5.14.1_1,0.5446584938704029,0.9258055951440345
2024,05,DEU.4.5.14.2_1,0.5551663747810859,0.9306148505155073
2024,05,DEU.4.5.14.3_1,0.5481611208406305,0.9274287034591931
2024,05,DEU.4.5.14.4_1,0.5359019264448337,0.9216593730874764
2024,05,DEU.4.5.15.1_1,0.56217162872154125,0.9337215859130601
2024,05,DEU.4.5.16.1_1,0.5306479859894921,0.9191104395011516
2024,05,DEU.4.5.2.1_1,0.5446584938704029,0.9258055951440345
2024,05,DEU.4.5.3.1_1,0.5569176882661997,0.931398947819891
2024,05,DEU.4.5.3.2_1,0.532399299474606,0.9199652167337633
2024,05,DEU.4.5.3.3_1,0.5586690017513135,0.9321780945720619
2024,05,DEU.4.5.3.4_1,0.5166374781085814,0.9120855223058855
2024,05,DEU.4.5.3.5_1,0.5253940455341506,0.916515138991168
2024,05,DEU.4.5.4.1_1,0.5656742556917689,0.9352454223357631
2024,05,DEU.4.5.5.1_1,0.5061295971978984,0.9065958305661901
2024,05,DEU.4.5.6.1_1,0.5586690017513135,0.9321780945720619
2024,05,DEU.4.5.7.1_1,0.5043782837127846,0.905662188677434
2024,05,DEU.4.5.8.1_1,0.4938704028021016,0.8999466650863261
2024,05,DEU.4.5.8.2_1,0.500875656742557,0.9037787339830473
2024,05,DEU.4.5.8.3_1,0.532399299474606,0.9199652167337633
2024,05,DEU.4.5.8.4_1,0.49211908931698783,0.8989749718429317
2024,05,DEU.4.5.9.1_1,0.5376532399299475,0.9224987804869988
2024,05,DEU.4.6.1.1_1,0.48861646234676015,0.8970150500409678
2024,05,DEU.4.7.12.1_1,0.5166374781085814,0.9120855223058855
2024,05,DEU.4.7.2.1_1,0.56217162872154125,0.9337215859130601
2024,05,DEU.4.8.1.1_1,0.5411558669001751,0.9241623234042816
2024,05,DEU.4.8.10.1_1,0.5534150612959721,0.9298257901349047
2024,05,DEU.4.8.10.2_1,0.4973730297723292,0.9018736053350269
2024,05,DEU.4.8.10.3_1,0.5341506129597198,0.920814856526544
2024,05,DEU.4.8.10.4_1,0.5253940455341506,0.916515138991168
2024,05,DEU.4.8.10.5_1,0.5306479859894921,0.9191104395011516
2024,05,DEU.4.8.11.1_1,0.5131348511383538,0.9102768809543611
2024,05,DEU.4.8.12.1_1,0.5183887915936953,0.9129819275319747
2024,05,DEU.4.8.13.1_1,0.56217162872154125,0.9337215859130601
2024,05,DEU.4.8.13.2_1,0.5201401050788091,0.9138730765264944
2024,05,DEU.4.8.13.3_1,0.5096322241681261,0.9084470265238365
2024,05,DEU.4.8.14.1_1,0.532399299474606,0.9199652167337633
2024,05,DEU.4.8.15.1_1,0.5026269702276708,0.9047231620777706
2024,05,DEU.4.8.16.1_1,0.5061295971978984,0.9065958305661901
2024,05,DEU.4.8.16.2_1,0.5131348511383538,0.9102768809543611
2024,05,DEU.4.8.16.3_1,0.5394045534150613,0.923333092659415
2024,05,DEU.4.8.16.4_1,0.5376532399299475,0.9224987804869988
2024,05,DEU.4.8.16.5_1,0.5341506129597198,0.920814856526544
2024,05,DEU.4.8.17.1_1,0.48511383537653247,0.8950329602869382
2024,05,DEU.4.8.18.1_1,0.5253940455341506,0.916515138991168
2024,05,DEU.4.8.19.1_1,0.5726795096322242,0.9382345122622595
2024,05,DEU.4.8.2.1_1,0.5569176882661997,0.931398947819891
2024,05,DEU.4.8.3.1_1,0.5043782837127846,0.905662188677434
2024,05,DEU.4.8.3.2_1,0.5359019264448337,0.9216593730874764
2024,05,DEU.4.8.3.3_1,0.5131348511383538,0.9102768809543611
2024,05,DEU.4.8.3.4_1,0.49211908931698783,0.8989749718429317
2024,05,DEU.4.8.3.5_1,0.5551663747810859,0.9306148505155073
2024,05,DEU.4.8.3.6_1,0.5779334500875658,0.9404254356406998
2024,05,DEU.4.8.4.1_1,0.5446584938704029,0.9258055951440345
2024,05,DEU.4.8.4.2_1,0.5236427320490368,0.9156396671180208
2024,05,DEU.4.8.4.3_1,0.5253940455341506,0.916515138991168
2024,05,DEU.4.8.4.4_1,0.5394045534150613,0.923333092659415
2024,05,DEU.4.8.5.1_1,0.5271453590192645,0.9173854151881858
2024,05,DEU.4.8.6.1_1,0.5306479859894921,0.9191104395011516
2024,05,DEU.4.8.6.2_1,0.4956217162872154,0.9009128703709366
2024,05,DEU.4.8.6.3_1,0.5464098073555167,0.9266196630764966
2024,05,DEU.4.8.6.4_1,0.5096322241681261,0.9084470265238365
2024,05,DEU.4.8.6.5_1,0.5061295971978984,0.9065958305661901
2024,05,DEU.4.8.7.1_1,0.4973730297723292,0.9018736053350269
2024,05,DEU.4.8.8.1_1,0.5446584938704029,0.9258055951440345
2024,05,DEU.4.8.8.2_1,0.4640980735551664,0.8826664149042944
2024,05,DEU.4.8.8.3_1,0.47810858143607715,0.8910016835000931
2024,05,DEU.4.8.8.4_1,0.43957968476357273,0.867177029216065
2024,05,DEU.4.8.8.5_1,0.47460595446584947,0.8889521921903337
2024,05,DEU.4.8.9.1_1,0.5516637478108581,0.9290317540321213
2024,05,DEU.4.9.11.1_1,0.521891418563923,0.9147589846511485
2024,05,DEU.4.9.15.1_1,0.5516637478108581,0.9290317540321213
2024,05,DEU.4.9.3.1_1,0.5096322241681261,0.9084470265238365
2024,05,DEU.4.9.5.1_1,0.490367775831874,0.8979977728257459
2024,05,DEU.4.9.9.1_1,0.5306479859894921,0.9191104395011516
2024,05,DEU.5.2.1.1_1,0.5796847635726796,0.9411461098044235
2024,05,DEU.6.1.1.1_1,0.586690017513135,0.9439809320108113
2024,05,DEU.7.1.10.1_1,0.6865148861646235,0.9763933633531108
2024,05,DEU.7.1.12.1_1,0.62697022767075306,0.9588242800430119
2024,05,DEU.7.1.13.1_1,0.62697022767075306,0.9588242800430119
2024,05,DEU.7.1.17.1_1,0.6304728546409808,0.96
2024,05,DEU.7.1.19.1_1,0.7022767075306481,0.9802020199938377
2024,05,DEU.7.1.2.1_1,0.6549912434325745,0.9677272342969376
2024,05,DEU.7.1.21.1_1,0.6882661996497373,0.976833660353696
2024,05,DEU.7.1.4.1_1,0.6777583187390543,0.9741273017424364
2024,05,DEU.7.1.8.1_1,0.6549912434325745,0.9677272342969376
2024,05,DEU.7.10.1.1_1,0.6549912434325745,0.9677272342969376
2024,05,DEU.7.11.1.1_1,0.6742556917688267,0.9731906288081488
2024,05,DEU.7.11.10.1_1,0.6199649737302978,0.9564183185196736
2024,05,DEU.7.11.11.1_1,0.5761821366024519,0.939699952112375
2024,05,DEU.7.11.12.1_1,0.5796847635726796,0.9411461098044235
2024,05,DEU.7.11.13.1_1,0.628721541155867,0.9594144047282176
2024,05,DEU.7.11.14.1_1,0.6760070052539405,0.9736611320166786
2024,05,DEU.7.11.15.1_1,0.6374781085814362,0.962297251372984
2024,05,DEU.7.11.16.1_1,0.6357267950963222,0.9617296917533533
2024,05,DEU.7.11.17.1_1,0.6637478108581437,0.970276249322841
2024,05,DEU.7.11.18.1_1,0.5901926444833626,0.9453697689264238
2024,05,DEU.7.11.19.1_1,0.6427320490367776,0.9639730286683336
2024,05,DEU.7.11.2.1_1,0.6654991243432575,0.9707728879609279
2024,05,DEU.7.11.20.1_1,0.6549912434325745,0.9677272342969376
2024,05,DEU.7.11.21.1_1,0.5954465849387042,0.9474175425861608
2024,05,DEU.7.11.22.1_1,0.6094570928196147,0.9526720317087093
2024,05,DEU.7.11.23.1_1,0.6164623467600701,0.955187939622355
2024,05,DEU.7.11.24.1_1,0.5901926444833626,0.9453697689264238
2024,05,DEU.7.11.25.1_1,0.5919439579684764,0.946057080730333
2024,05,DEU.7.11.26.1_1,0.6129597197898424,0.9539392014169457
2024,05,DEU.7.11.27.1_1,0.6129597197898424,0.9539392014169457
2024,05,DEU.7.11.28.1_1,0.5936952714535902,0.9467396685467447
2024,05,DEU.7.11.29.1_1,0.6514886164623468,0.9666767815562759
2024,05,DEU.7.11.3.1_1,0.6199649737302978,0.9564183185196736
2024,05,DEU.7.11.30.1_1,0.6357267950963222,0.9617296917533533
2024,05,DEU.7.11.4.1_1,0.6654991243432575,0.9707728879609279
2024,05,DEU.7.11.5.1_1,0.6182136602451839,0.9558054195284729
2024,05,DEU.7.11.6.1_1,0.649737302977233,0.9661449166662318
2024,05,DEU.7.11.7.1_1,0.5901926444833626,0.9453697689264238
2024,05,DEU.7.11.8.1_1,0.6567425569176883,0.9682458365518543
2024,05,DEU.7.11.9.1_1,0.6042031523642732,0.9507365565707464
2024,05,DEU.7.12.14.1_1,0.6725043782837129,0.9727157858285225
2024,05,DEU.7.12.15.1_1,0.6234676007005254,0.9576304088739037
2024,05,DEU.7.12.2.1_1,0.6567425569176883,0.9682458365518543
2024,05,DEU.7.12.22.1_1,0.6567425569176883,0.9682458365518543
2024,05,DEU.7.12.23.1_1,0.6865148861646235,0.9763933633531108
2024,05,DEU.7.14.1.1_1,0.6654991243432575,0.9707728879609279
2024,05,DEU.7.14.10.1_1,0.6462346760070053,0.965067873260736
2024,05,DEU.7.14.11.1_1,0.62697022767075306,0.9588242800430119
2024,05,DEU.7.14.12.1_1,0.6532399299474606,0.9672042183530839
2024,05,DEU.7.14.13.1_1,0.6462346760070053,0.965067873260736
2024,05,DEU.7.14.14.1_1,0.6812609457092821,0.975046665549911
2024,05,DEU.7.14.15.1_1,0.6672504378283713,0.9712651543219287
2024,05,DEU.7.14.16.1_1,0.6112084063047285,0.9533079250693346
2024,05,DEU.7.14.17.1_1,0.586690017513135,0.9439809320108113
2024,05,DEU.7.14.18.1_1,0.5919439579684764,0.946057080730333
2024,05,DEU.7.14.19.1_1,0.6112084063047285,0.9533079250693346
2024,05,DEU.7.14.2.1_1,0.6059544658493871,0.9513863568498342
2024,05,DEU.7.14.20.1_1,0.6567425569176883,0.9682458365518543
2024,05,DEU.7.14.21.1_1,0.63922942206655,0.9628603221651623
2024,05,DEU.7.14.22.1_1,0.6672504378283713,0.9712651543219287
2024,05,DEU.7.14.23.1_1,0.6252189141856392,0.9582296175760798
2024,05,DEU.7.14.24.1_1,0.6374781085814362,0.962297251372984
2024,05,DEU.7.14.25.1_1,0.6865148861646235,0.9763933633531108
2024,05,DEU.7.14.26.1_1,0.649737302977233,0.9661449166662318
2024,05,DEU.7.14.27.1_1,0.6654991243432575,0.9707728879609279
2024,05,DEU.7.14.28.1_1,0.6409807355516638,0.9634189120003821
2024,05,DEU.7.14.29.1_1,0.670753064798599,0.9722365967191319
2024,05,DEU.7.14.3.1_1,0.6672504378283713,0.9712651543219287
2024,05,DEU.7.14.30.1_1,0.5919439579684764,0.946057080730333
2024,05,DEU.7.14.4.1_1,0.6777583187390543,0.9741273017424364
2024,05,DEU.7.14.5.1_1,0.6584938704028022,0.9687600322061186
2024,05,DEU.7.14.6.1_1,0.6672504378283713,0.9712651543219287
2024,05,DEU.7.14.7.1_1,0.6742556917688267,0.9731906288081488
2024,05,DEU.7.14.8.1_1,0.6830122591943959,0.9754998718605759
2024,05,DEU.7.14.9.1_1,0.6322241681260946,0.9605810741421048
2024,05,DEU.7.15.2.1_1,0.6970227670753065,0.9789708882290628
2024,05,DEU.7.15.3.1_1,0.6304728546409808,0.96
2024,05,DEU.7.15.4.1_1,0.6637478108581437,0.970276249322841
2024,05,DEU.7.15.5.1_1,0.6952714535901927,0.97855199146494
2024,05,DEU.7.15.6.1_1,0.6444833625218914,0.9645226798784983
2024,05,DEU.7.15.7.1_1,0.7180385288966725,0.983666610188635
2024,05,DEU.7.16.13.1_1,0.670753064798599,0.9722365967191319
2024,05,DEU.7.16.8.1_1,0.6357267950963222,0.9617296917533533
2024,05,DEU.7.16.9.1_1,0.6252189141856392,0.9582296175760798
2024,05,DEU.7.17.14.1_1,0.6847635726795097,0.9759487691472335
2024,05,DEU.7.17.15.1_1,0.6357267950963222,0.9617296917533533
2024,05,DEU.7.17.8.1_1,0.6339754816112084,0.9611576353543679
2024,05,DEU.7.18.1.1_1,0.63922942206655,0.9628603221651623
2024,05,DEU.7.19.4.1_1,0.6637478108581437,0.970276249322841
2024,05,DEU.7.19.6.1_1,0.6725043782837129,0.9727157858285225
2024,05,DEU.7.19.8.1_1,0.6865148861646235,0.9763933633531108
2024,05,DEU.7.19.9.1_1,0.6760070052539405,0.9736611320166786
2024,05,DEU.7.2.1.1_1,0.6462346760070053,0.965067873260736
2024,05,DEU.7.2.18.1_1,0.6637478108581437,0.970276249322841
2024,05,DEU.7.2.2.1_1,0.6672504378283713,0.9712651543219287
2024,05,DEU.7.2.23.1_1,0.6795096322241682,0.9745891442038537
2024,05,DEU.7.2.6.1_1,0.628721541155867,0.9594144047282176
2024,05,DEU.7.2.8.1_1,0.6970227670753065,0.9789708882290628
2024,05,DEU.7.20.16.1_1,0.6900175131348513,0.9772696659571503
2024,05,DEU.7.20.8.1_1,0.649737302977233,0.9661449166662318
2024,05,DEU.7.21.19.1_1,0.628721541155867,0.9594144047282176
2024,05,DEU.7.21.3.1_1,0.63922942206655,0.9628603221651623
2024,05,DEU.7.21.6.1_1,0.6164623467600701,0.955187939622355
2024,05,DEU.7.21.8.1_1,0.6567425569176883,0.9682458365518543
2024,05,DEU.7.21.9.1_1,0.6567425569176883,0.9682458365518543
2024,05,DEU.7.22.13.1_1,0.6777583187390543,0.9741273017424364
2024,05,DEU.7.22.16.1_1,0.6199649737302978,0.9564183185196736
2024,05,DEU.7.22.4.1_1,0.6690017513134852,0.9717530550505102
2024,05,DEU.7.22.7.1_1,0.6690017513134852,0.9717530550505102
2024,05,DEU.7.22.9.1_1,0.6760070052539405,0.9736611320166786
2024,05,DEU.7.23.2.1_1,0.6094570928196147,0.9526720317087093
2024,05,DEU.7.23.20.1_1,0.6129597197898424,0.9539392014169457
2024,05,DEU.7.24.5.1_1,0.5691768826619966,0.9367496997597597
2024,05,DEU.7.24.7.1_1,0.6234676007005254,0.9576304088739037
2024,05,DEU.7.25.1.1_1,0.6952714535901927,0.97855199146494
2024,05,DEU.7.25.10.1_1,0.660245183887916,0.9692698282728087
2024,05,DEU.7.25.11.1_1,0.6339754816112084,0.9611576353543679
2024,05,DEU.7.25.12.1_1,0.6672504378283713,0.9712651543219287
2024,05,DEU.7.25.13.1_1,0.6795096322241682,0.9745891442038537
2024,05,DEU.7.25.14.1_1,0.62697022767075306,0.9588242800430119
2024,05,DEU.7.25.15.1_1,0.7338003502626971,0.986790757962396
2024,05,DEU.7.25.16.1_1,0.6479859894921192,0.9656086163658648
2024,05,DEU.7.25.17.1_1,0.597197898423818,0.9480907129594721
2024,05,DEU.7.25.18.1_1,0.6549912434325745,0.9677272342969376
2024,05,DEU.7.25.19.1_1,0.6462346760070053,0.965067873260736
2024,05,DEU.7.25.2.1_1,0.6935201401050789,0.9781288258711119
2024,05,DEU.7.25.20.1_1,0.628721541155867,0.9594144047282176
2024,05,DEU.7.25.21.1_1,0.6322241681260946,0.9605810741421048
2024,05,DEU.7.25.22.1_1,0.6690017513134852,0.9717530550505102
2024,05,DEU.7.25.23.1_1,0.6654991243432575,0.9707728879609279
2024,05,DEU.7.25.24.1_1,0.6514886164623468,0.9666767815562759
2024,05,DEU.7.25.25.1_1,0.6444833625218914,0.9645226798784983
2024,05,DEU.7.25.3.1_1,0.6917688266199651,0.9777013859047148
2024,05,DEU.7.25.4.1_1,0.6532399299474606,0.9672042183530839
2024,05,DEU.7.25.5.1_1,0.6304728546409808,0.96
2024,05,DEU.7.25.6.1_1,0.6339754816112084,0.9611576353543679
2024,05,DEU.7.25.7.1_1,0.6532399299474606,0.9672042183530839
2024,05,DEU.7.25.8.1_1,0.6742556917688267,0.9731906288081488
2024,05,DEU.7.25.9.1_1,0.62697022767075306,0.9588242800430119
2024,05,DEU.7.26.1.1_1,0.6619964973730298,0.9697752316903129
2024,05,DEU.7.4.1.1_1,0.6567425569176883,0.9682458365518543
2024,05,DEU.7.5.16.1_1,0.628721541155867,0.9594144047282176
2024,05,DEU.7.5.18.1_1,0.6760070052539405,0.9736611320166786
2024,05,DEU.7.5.8.1_1,0.6374781085814362,0.962297251372984
2024,05,DEU.7.6.1.1_1,0.6357267950963222,0.9617296917533533
2024,05,DEU.7.6.10.1_1,0.6077057793345009,0.9520315120835025
2024,05,DEU.7.6.11.1_1,0.6690017513134852,0.9717530550505102
2024,05,DEU.7.6.12.1_1,0.6252189141856392,0.9582296175760798
2024,05,DEU.7.6.13.1_1,0.6690017513134852,0.9717530550505102
2024,05,DEU.7.6.14.1_1,0.6637478108581437,0.970276249322841
2024,05,DEU.7.6.15.1_1,0.6252189141856392,0.9582296175760798
2024,05,DEU.7.6.16.1_1,0.7057793345008757,0.9810015290507961
2024,05,DEU.7.6.17.1_1,0.6462346760070053,0.965067873260736
2024,05,DEU.7.6.18.1_1,0.670753064798599,0.9722365967191319
2024,05,DEU.7.6.2.1_1,0.6532399299474606,0.9672042183530839
2024,05,DEU.7.6.3.1_1,0.660245183887916,0.9692698282728087
2024,05,DEU.7.6.4.1_1,0.6444833625218914,0.9645226798784983
2024,05,DEU.7.6.5.1_1,0.6462346760070053,0.965067873260736
2024,05,DEU.7.6.6.1_1,0.6847635726795097,0.9759487691472335
2024,05,DEU.7.6.7.1_1,0.6970227670753065,0.9789708882290628
2024,05,DEU.7.6.8.1_1,0.6725043782837129,0.9727157858285225
2024,05,DEU.7.6.9.1_1,0.6164623467600701,0.955187939622355
2024,05,DEU.7.7.1.1_1,0.6917688266199651,0.9777013859047148
2024,05,DEU.7.7.10.1_1,0.6374781085814362,0.962297251372984
2024,05,DEU.7.7.11.1_1,0.6427320490367776,0.9639730286683336
2024,05,DEU.7.7.12.1_1,0.6935201401050789,0.9781288258711119
2024,05,DEU.7.7.13.1_1,0.7005253940455343,0.9797958971132712
2024,05,DEU.7.7.14.1_1,0.7302977232924693,0.9861257526299574
2024,05,DEU.7.7.2.1_1,0.6795096322241682,0.9745891442038537
2024,05,DEU.7.7.3.1_1,0.6637478108581437,0.970276249322841
2024,05,DEU.7.7.4.1_1,0.660245183887916,0.9692698282728087
2024,05,DEU.7.7.5.1_1,0.6935201401050789,0.9781288258711119
2024,05,DEU.7.7.6.1_1,0.660245183887916,0.9692698282728087
2024,05,DEU.7.7.7.1_1,0.6514886164623468,0.9666767815562759
2024,05,DEU.7.7.8.1_1,0.6532399299474606,0.9672042183530839
2024,05,DEU.7.7.9.1_1,0.7092819614711035,0.9817840903172144
2024,05,DEU.7.9.1.1_1,0.6339754816112084,0.9611576353543679
2024,05,DEU.7.9.10.1_1,0.649737302977233,0.9661449166662318
2024,05,DEU.7.9.11.1_1,0.6164623467600701,0.955187939622355
2024,05,DEU.7.9.12.1_1,0.6217162872154116,0.9570266453970862
2024,05,DEU.7.9.13.1_1,0.6217162872154116,0.9570266453970862
2024,05,DEU.7.9.2.1_1,0.6567425569176883,0.9682458365518543
2024,05,DEU.7.9.3.1_1,0.670753064798599,0.9722365967191319
2024,05,DEU.7.9.4.1_1,0.649737302977233,0.9661449166662318
2024,05,DEU.7.9.5.1_1,0.7005253940455343,0.9797958971132712
2024,05,DEU.7.9.6.1_1,0.6900175131348513,0.9772696659571503
2024,05,DEU.7.9.7.1_1,0.6725043782837129,0.9727157858285225
2024,05,DEU.7.9.8.1_1,0.649737302977233,0.9661449166662318
2024,05,DEU.7.9.9.1_1,0.6619964973730298,0.9697752316903129
2024,05,DEU.8.1.1.5_1,0.5376532399299475,0.9224987804869988
2024,05,DEU.8.1.1.6_1,0.5551663747810859,0.9306148505155073
2024,05,DEU.8.1.1.8_1,0.5726795096322242,0.9382345122622595
2024,05,DEU.8.1.1.9_1,0.5534150612959721,0.9298257901349047
2024,05,DEU.8.1.14.9_1,0.5604203152364273,0.9329523031752481
2024,05,DEU.8.1.16.2_1,0.6094570928196147,0.9526720317087093
2024,05,DEU.8.1.17.1_1,0.6059544658493871,0.9513863568498342
2024,05,DEU.8.1.17.10_1,0.6094570928196147,0.9526720317087093
2024,05,DEU.8.1.17.13_1,0.5989492119089318,0.9487591896788141
2024,05,DEU.8.1.17.8_1,0.6129597197898424,0.9539392014169457
2024,05,DEU.8.1.18.8_1,0.5989492119089318,0.9487591896788141
2024,05,DEU.8.1.19.2_1,0.5674255691768827,0.936
2024,05,DEU.8.1.20.5_1,0.6007005253940456,0.9494229826584145
2024,05,DEU.8.1.3.11_1,0.6532399299474606,0.9672042183530839
2024,05,DEU.8.1.3.7_1,0.5674255691768827,0.936
2024,05,DEU.8.1.4.1_1,0.51138353765324,0.909364613342745
2024,05,DEU.8.1.5.11_1,0.5674255691768827,0.936
2024,05,DEU.8.1.5.8_1,0.5586690017513135,0.9321780945720619
2024,05,DEU.8.1.7.1_1,0.56217162872154125,0.9337215859130601
2024,05,DEU.8.1.7.12_1,0.532399299474606,0.9199652167337633
2024,05,DEU.8.1.7.13_1,0.5201401050788091,0.9138730765264944
2024,05,DEU.8.1.7.2_1,0.5779334500875658,0.9404254356406998
2024,05,DEU.8.1.7.3_1,0.5253940455341506,0.916515138991168
2024,05,DEU.8.1.7.9_1,0.48686514886164634,0.8960267853139213
2024,05,DEU.8.2.2.9_1,0.5954465849387042,0.9474175425861608
2024,05,DEU.8.3.1.1_1,0.6217162872154116,0.9570266453970862
2024,05,DEU.8.3.1.2_1,0.6444833625218914,0.9645226798784983
2024,05,DEU.8.3.1.3_1,0.62697022767075306,0.9588242800430119
2024,05,DEU.8.3.1.4_1,0.6147110332749562,0.954565869911553
2024,05,DEU.8.3.1.5_1,0.6304728546409808,0.96
2024,05,DEU.8.3.1.6_1,0.6252189141856392,0.9582296175760798
2024,05,DEU.8.3.1.7_1,0.6182136602451839,0.9558054195284729
2024,05,DEU.8.3.1.8_1,0.5779334500875658,0.9404254356406998
2024,05,DEU.8.3.1.9_1,0.6024518388791593,0.9500821017154254
2024,05,DEU.8.3.10.1_1,0.6357267950963222,0.9617296917533533
2024,05,DEU.8.3.10.10_1,0.6042031523642732,0.9507365565707464
2024,05,DEU.8.3.10.11_1,0.5919439579684764,0.946057080730333
2024,05,DEU.8.3.10.2_1,0.6129597197898424,0.9539392014169457
2024,05,DEU.8.3.10.3_1,0.5884413309982488,0.9446777228240327
2024,05,DEU.8.3.10.4_1,0.6374781085814362,0.962297251372984
2024,05,DEU.8.3.10.5_1,0.6059544658493871,0.9513863568498342
2024,05,DEU.8.3.10.6_1,0.6129597197898424,0.9539392014169457
2024,05,DEU.8.3.10.7_1,0.628721541155867,0.9594144047282176
2024,05,DEU.8.3.10.8_1,0.6217162872154116,0.9570266453970862
2024,05,DEU.8.3.10.9_1,0.6304728546409808,0.96
2024,05,DEU.8.3.11.1_1,0.5901926444833626,0.9453697689264238
2024,05,DEU.8.3.11.10_1,0.6479859894921192,0.9656086163658648
2024,05,DEU.8.3.11.2_1,0.6427320490367776,0.9639730286683336
2024,05,DEU.8.3.11.3_1,0.6042031523642732,0.9507365565707464
2024,05,DEU.8.3.11.4_1,0.5901926444833626,0.9453697689264238
2024,05,DEU.8.3.11.5_1,0.6357267950963222,0.9617296917533533
2024,05,DEU.8.3.11.6_1,0.628721541155867,0.9594144047282176
2024,05,DEU.8.3.11.7_1,0.586690017513135,0.9439809320108113
2024,05,DEU.8.3.11.8_1,0.5849387040280211,0.9432793859721519
2024,05,DEU.8.3.11.9_1,0.5989492119089318,0.9487591896788141
2024,05,DEU.8.3.12.1_1,0.6007005253940456,0.9494229826584145
2024,05,DEU.8.3.2.1_1,0.5586690017513135,0.9321780945720619
2024,05,DEU.8.3.2.2_1,0.5814360770577934,0.9418619856433319
2024,05,DEU.8.3.2.3_1,0.586690017513135,0.9439809320108113
2024,05,DEU.8.3.2.4_1,0.6042031523642732,0.9507365565707464
2024,05,DEU.8.3.2.5_1,0.5831873905429072,0.9425730740902798
2024,05,DEU.8.3.2.6_1,0.5849387040280211,0.9432793859721519
2024,05,DEU.8.3.2.7_1,0.6182136602451839,0.9558054195284729
2024,05,DEU.8.3.2.8_1,0.6322241681260946,0.9605810741421048
2024,05,DEU.8.3.3.1_1,0.5446584938704029,0.9258055951440345
2024,05,DEU.8.3.3.2_1,0.6217162872154116,0.9570266453970862
2024,05,DEU.8.3.3.3_1,0.5814360770577934,0.9418619856433319
2024,05,DEU.8.3.3.4_1,0.6444833625218914,0.9645226798784983
2024,05,DEU.8.3.3.5_1,0.6007005253940456,0.9494229826584145
2024,05,DEU.8.3.3.6_1,0.6217162872154116,0.9570266453970862
2024,05,DEU.8.3.3.7_1,0.5989492119089318,0.9487591896788141
2024,05,DEU.8.3.3.8_1,0.6059544658493871,0.9513863568498342
2024,05,DEU.8.3.3.9_1,0.6147110332749562,0.954565869911553
2024,05,DEU.8.3.4.1_1,0.628721541155867,0.9594144047282176
2024,05,DEU.8.3.6.1_1,0.6374781085814362,0.962297251372984
2024,05,DEU.8.3.6.2_1,0.6147110332749562,0.954565869911553
2024,05,DEU.8.3.6.3_1,0.6217162872154116,0.9570266453970862
2024,05,DEU.8.3.6.4_1,0.649737302977233,0.9661449166662318
2024,05,DEU.8.3.6.5_1,0.649737302977233,0.9661449166662318
2024,05,DEU.8.3.6.6_1,0.6374781085814362,0.962297251372984
2024,05,DEU.8.3.7.1_1,0.6357267950963222,0.9617296917533533
2024,05,DEU.8.3.7.10_1,0.56217162872154125,0.9337215859130601
2024,05,DEU.8.3.7.11_1,0.6129597197898424,0.9539392014169457
2024,05,DEU.8.3.7.12_1,0.6077057793345009,0.9520315120835025
2024,05,DEU.8.3.7.13_1,0.5849387040280211,0.9432793859721519
2024,05,DEU.8.3.7.14_1,0.5884413309982488,0.9446777228240327
2024,05,DEU.8.3.7.15_1,0.5779334500875658,0.9404254356406998
2024,05,DEU.8.3.7.2_1,0.5604203152364273,0.9329523031752481
2024,05,DEU.8.3.7.3_1,0.5919439579684764,0.946057080730333
2024,05,DEU.8.3.7.4_1,0.5884413309982488,0.9446777228240327
2024,05,DEU.8.3.7.5_1,0.5779334500875658,0.9404254356406998
2024,05,DEU.8.3.7.6_1,0.5919439579684764,0.946057080730333
2024,05,DEU.8.3.7.7_1,0.6024518388791593,0.9500821017154254
2024,05,DEU.8.3.7.8_1,0.6357267950963222,0.9617296917533533
2024,05,DEU.8.3.7.9_1,0.5726795096322242,0.9382345122622595
2024,05,DEU.8.3.8.1_1,0.6112084063047285,0.9533079250693346
2024,05,DEU.8.3.8.2_1,0.6479859894921192,0.9656086163658648
2024,05,DEU.8.3.8.4_1,0.5901926444833626,0.9453697689264238
2024,05,DEU.8.3.8.5_1,0.6112084063047285,0.9533079250693346
2024,05,DEU.8.3.8.6_1,0.6427320490367776,0.9639730286683336
2024,05,DEU.8.3.9.1_1,0.5884413309982488,0.9446777228240327
2024,05,DEU.8.3.9.2_1,0.6637478108581437,0.970276249322841
2024,05,DEU.8.3.9.3_1,0.6094570928196147,0.9526720317087093
2024,05,DEU.8.3.9.4_1,0.6444833625218914,0.9645226798784983
2024,05,DEU.8.3.9.5_1,0.5779334500875658,0.9404254356406998
2024,05,DEU.8.3.9.6_1,0.6234676007005254,0.9576304088739037
2024,05,DEU.8.3.9.7_1,0.6217162872154116,0.9570266453970862
2024,05,DEU.8.3.9.8_1,0.628721541155867,0.9594144047282176
2024,05,DEU.8.3.9.9_1,0.586690017513135,0.9439809320108113
2024,05,DEU.8.5.15.1_1,0.6339754816112084,0.9611576353543679
2024,05,DEU.8.5.15.5_1,0.6112084063047285,0.9533079250693346
2024,05,DEU.8.5.15.6_1,0.5884413309982488,0.9446777228240327
2024,05,DEU.8.5.17.2_1,0.6182136602451839,0.9558054195284729
2024,05,DEU.8.5.17.3_1,0.6182136602451839,0.9558054195284729
2024,05,DEU.8.5.18.1_1,0.6322241681260946,0.9605810741421048
2024,05,DEU.8.5.21.2_1,0.5604203152364273,0.9329523031752481
2024,05,DEU.8.5.21.3_1,0.6322241681260946,0.9605810741421048
2024,05,DEU.8.5.21.6_1,0.5814360770577934,0.9418619856433319
2024,05,DEU.8.5.21.8_1,0.5989492119089318,0.9487591896788141
2024,05,DEU.8.5.3.11_1,0.5253940455341506,0.916515138991168
2024,05,DEU.8.5.3.2_1,0.6322241681260946,0.9605810741421048
2024,05,DEU.8.5.6.2_1,0.5919439579684764,0.946057080730333
2024,05,DEU.8.6.1.1_1,0.6007005253940456,0.9494229826584145
2024,05,DEU.8.7.12.2_1,0.6007005253940456,0.9494229826584145
2024,05,DEU.8.7.12.3_1,0.6514886164623468,0.9666767815562759
2024,05,DEU.8.7.14.1_1,0.597197898423818,0.9480907129594721
2024,05,DEU.8.7.8.7_1,0.6252189141856392,0.9582296175760798
2024,05,DEU.8.7.8.9_1,0.6742556917688267,0.9731906288081488
2024,05,DEU.8.8.1.1_1,0.6304728546409808,0.96
2024,05,DEU.8.8.1.2_1,0.5849387040280211,0.9432793859721519
2024,05,DEU.8.8.1.3_1,0.6567425569176883,0.9682458365518543
2024,05,DEU.8.8.1.4_1,0.6514886164623468,0.9666767815562759
2024,05,DEU.8.8.1.5_1,0.6199649737302978,0.9564183185196736
2024,05,DEU.8.8.1.6_1,0.6532399299474606,0.9672042183530839
2024,05,DEU.8.8.10.4_1,0.7180385288966725,0.983666610188635
2024,05,DEU.8.8.10.6_1,0.712784588441331,0.9825497442877892
2024,05,DEU.8.8.10.8_1,0.7495621716287216,0.9895776877031939
2024,05,DEU.8.8.11.1_1,0.6567425569176883,0.9682458365518543
2024,05,DEU.8.8.11.10_1,0.6217162872154116,0.9570266453970862
2024,05,DEU.8.8.11.2_1,0.586690017513135,0.9439809320108113
2024,05,DEU.8.8.11.3_1,0.6619964973730298,0.9697752316903129
2024,05,DEU.8.8.11.4_1,0.6357267950963222,0.9617296917533533
2024,05,DEU.8.8.11.5_1,0.6409807355516638,0.9634189120003821
2024,05,DEU.8.8.11.6_1,0.6164623467600701,0.955187939622355
2024,05,DEU.8.8.11.7_1,0.6567425569176883,0.9682458365518543
2024,05,DEU.8.8.11.8_1,0.6164623467600701,0.955187939622355
2024,05,DEU.8.8.11.9_1,0.6514886164623468,0.9666767815562759
2024,05,DEU.8.8.12.5_1,0.6917688266199651,0.9777013859047148
2024,05,DEU.8.8.12.7_1,0.7215411558669002,0.9843901665498289
2024,05,DEU.8.8.13.1_1,0.6847635726795097,0.9759487691472335
2024,05,DEU.8.8.14.1_1,0.6322241681260946,0.9605810741421048
2024,05,DEU.8.8.14.10_1,0.6129597197898424,0.9539392014169457
2024,05,DEU.8.8.14.2_1,0.63922942206655,0.9628603221651623
2024,05,DEU.8.8.14.3_1,0.6252189141856392,0.9582296175760798
2024,05,DEU.8.8.14.4_1,0.6462346760070053,0.965067873260736
2024,05,DEU.8.8.14.5_1,0.6024518388791593,0.9500821017154254
2024,05,DEU.8.8.14.6_1,0.597197898423818,0.9480907129594721
2024,05,DEU.8.8.14.7_1,0.6112084063047285,0.9533079250693346
2024,05,DEU.8.8.14.8_1,0.597197898423818,0.9480907129594721
2024,05,DEU.8.8.14.9_1,0.6357267950963222,0.9617296917533533
2024,05,DEU.8.8.15.1_1,0.586690017513135,0.9439809320108113
2024,05,DEU.8.8.15.2_1,0.6374781085814362,0.962297251372984
2024,05,DEU.8.8.15.3_1,0.6077057793345009,0.9520315120835025
2024,05,DEU.8.8.15.4_1,0.6409807355516638,0.9634189120003821
2024,05,DEU.8.8.16.1_1,0.7320490367775833,0.98646033878712025
2024,05,DEU.8.8.17.1_1,0.6777583187390543,0.9741273017424364
2024,05,DEU.8.8.18.1_1,0.6339754816112084,0.9611576353543679
2024,05,DEU.8.8.19.1_1,0.6182136602451839,0.9558054195284729
2024,05,DEU.8.8.19.10_1,0.7040280210157619,0.9806038955664005
2024,05,DEU.8.8.19.11_1,0.6374781085814362,0.962297251372984
2024,05,DEU.8.8.19.2_1,0.649737302977233,0.9661449166662318
2024,05,DEU.8.8.19.3_1,0.6725043782837129,0.9727157858285225
2024,05,DEU.8.8.19.5_1,0.7250437828371279,0.9850969495435462
2024,05,DEU.8.8.19.6_1,0.7267950963222417,0.9854440623394105
2024,05,DEU.8.8.19.7_1,0.6357267950963222,0.9617296917533533
2024,05,DEU.8.8.19.8_1,0.6760070052539405,0.9736611320166786
2024,05,DEU.8.8.19.9_1,0.7215411558669002,0.9843901665498289
2024,05,DEU.8.8.2.1_1,0.6339754816112084,0.9611576353543679
2024,05,DEU.8.8.2.10_1,0.6164623467600701,0.955187939622355
2024,05,DEU.8.8.2.2_1,0.6374781085814362,0.962297251372984
2024,05,DEU.8.8.2.3_1,0.6619964973730298,0.9697752316903129
2024,05,DEU.8.8.2.4_1,0.628721541155867,0.9594144047282176
2024,05,DEU.8.8.2.5_1,0.6742556917688267,0.9731906288081488
2024,05,DEU.8.8.2.6_1,0.6112084063047285,0.9533079250693346
2024,05,DEU.8.8.2.7_1,0.5831873905429072,0.9425730740902798
2024,05,DEU.8.8.2.8_1,0.6532399299474606,0.9672042183530839
2024,05,DEU.8.8.2.9_1,0.6129597197898424,0.9539392014169457
2024,05,DEU.8.8.3.1_1,0.7092819614711035,0.9817840903172144
2024,05,DEU.8.8.3.10_1,0.7057793345008757,0.9810015290507961
2024,05,DEU.8.8.3.11_1,0.7232924693520141,0.9847456524402634
2024,05,DEU.8.8.3.2_1,0.6917688266199651,0.9777013859047148
2024,05,DEU.8.8.3.3_1,0.6374781085814362,0.962297251372984
2024,05,DEU.8.8.3.4_1,0.6514886164623468,0.9666767815562759
2024,05,DEU.8.8.3.5_1,0.7618213660245184,0.9915139938498094
2024,05,DEU.8.8.3.6_1,0.6917688266199651,0.9777013859047148
2024,05,DEU.8.8.3.7_1,0.6409807355516638,0.9634189120003821
2024,05,DEU.8.8.3.8_1,0.660245183887916,0.9692698282728087
2024,05,DEU.8.8.3.9_1,0.6725043782837129,0.9727157858285225
2024,05,DEU.8.8.4.1_1,0.6777583187390543,0.9741273017424364
2024,05,DEU.8.8.5.2_1,0.6374781085814362,0.962297251372984
2024,05,DEU.8.8.5.3_1,0.6252189141856392,0.9582296175760798
2024,05,DEU.8.8.5.4_1,0.6374781085814362,0.962297251372984
2024,05,DEU.8.8.5.5_1,0.6409807355516638,0.9634189120003821
2024,05,DEU.8.8.6.1_1,0.5849387040280211,0.9432793859721519
2024,05,DEU.8.8.6.10_1,0.6584938704028022,0.9687600322061186
2024,05,DEU.8.8.6.2_1,0.5936952714535902,0.9467396685467447
2024,05,DEU.8.8.6.3_1,0.63922942206655,0.9628603221651623
2024,05,DEU.8.8.6.4_1,0.6094570928196147,0.9526720317087093
2024,05,DEU.8.8.6.5_1,0.6182136602451839,0.9558054195284729
2024,05,DEU.8.8.6.6_1,0.628721541155867,0.9594144047282176
2024,05,DEU.8.8.6.7_1,0.6059544658493871,0.9513863568498342
2024,05,DEU.8.8.6.8_1,0.6690017513134852,0.9717530550505102
2024,05,DEU.8.8.6.9_1,0.6304728546409808,0.96
2024,05,DEU.8.8.7.1_1,0.6637478108581437,0.970276249322841
2024,05,DEU.8.8.8.1_1,0.62697022767075306,0.9588242800430119
2024,05,DEU.8.8.9.1_1,0.6217162872154116,0.9570266453970862
2024,05,DEU.8.8.9.2_1,0.6374781085814362,0.962297251372984
2024,05,DEU.8.8.9.3_1,0.660245183887916,0.9692698282728087
2024,05,DEU.9.1.3.1_1,0.5989492119089318,0.9487591896788141
2024,05,DEU.9.10.14.1_1,0.6672504378283713,0.9712651543219287
2024,05,DEU.9.10.15.1_1,0.6462346760070053,0.965067873260736
2024,05,DEU.9.10.17.2_1,0.6427320490367776,0.9639730286683336
2024,05,DEU.9.10.3.3_1,0.5849387040280211,0.9432793859721519
2024,05,DEU.9.10.5.1_1,0.6322241681260946,0.9605810741421048
2024,05,DEU.9.10.8.6_1,0.6409807355516638,0.9634189120003821
2024,05,DEU.9.11.2.1_1,0.6952714535901927,0.97855199146494
2024,05,DEU.9.11.4.1_1,0.6182136602451839,0.9558054195284729
2024,05,DEU.9.11.6.1_1,0.6847635726795097,0.9759487691472335
2024,05,DEU.9.11.8.1_1,0.6462346760070053,0.965067873260736
2024,05,DEU.9.13.1.1_1,0.6147110332749562,0.954565869911553
2024,05,DEU.9.13.4.1_1,0.5779334500875658,0.9404254356406998
2024,05,DEU.9.14.1.1_1,0.62697022767075306,0.9588242800430119
2024,05,DEU.9.14.12.1_1,0.6147110332749562,0.954565869911553
2024,05,DEU.9.14.9.1_1,0.6129597197898424,0.9539392014169457
2024,05,DEU.9.15.1.1_1,0.5989492119089318,0.9487591896788141
2024,05,DEU.9.15.3.3_1,0.6462346760070053,0.965067873260736
2024,05,DEU.9.15.4.1_1,0.6164623467600701,0.955187939622355
2024,05,DEU.9.15.5.3_1,0.6339754816112084,0.9611576353543679
2024,05,DEU.9.15.6.1_1,0.5796847635726796,0.9411461098044235
2024,05,DEU.9.15.6.3_1,0.6672504378283713,0.9712651543219287
2024,05,DEU.9.15.6.4_1,0.6549912434325745,0.9677272342969376
2024,05,DEU.9.15.6.6_1,0.6357267950963222,0.9617296917533533
2024,05,DEU.9.17.1.1_1,0.5464098073555167,0.9266196630764966
2024,05,DEU.9.17.10.1_1,0.5779334500875658,0.9404254356406998
2024,05,DEU.9.17.2.1_1,0.5656742556917689,0.9352454223357631
2024,05,DEU.9.17.2.2_1,0.5779334500875658,0.9404254356406998
2024,05,DEU.9.17.2.3_1,0.5481611208406305,0.9274287034591931
2024,05,DEU.9.17.6.1_1,0.6042031523642732,0.9507365565707464
2024,05,DEU.9.17.7.1_1,0.5691768826619966,0.9367496997597597
2024,05,DEU.9.17.9.1_1,0.5341506129597198,0.920814856526544
2024,05,DEU.9.19.4.1_1,0.5744308231173381,0.9389696480717574
2024,05,DEU.9.19.4.2_1,0.6007005253940456,0.9494229826584145
2024,05,DEU.9.2.1.1_1,0.6742556917688267,0.9731906288081488
2024,05,DEU.9.2.16.1_1,0.6094570928196147,0.9526720317087093
2024,05,DEU.9.2.4.1_1,0.6654991243432575,0.9707728879609279
2024,05,DEU.9.22.11.1_1,0.6234676007005254,0.9576304088739037
2024,05,DEU.9.22.2.1_1,0.649737302977233,0.9661449166662318
2024,05,DEU.9.23.1.8_1,0.5201401050788091,0.9138730765264944
2024,05,DEU.9.23.2.3_1,0.4938704028021016,0.8999466650863261
2024,05,DEU.9.23.2.5_1,0.5183887915936953,0.9129819275319747
2024,05,DEU.9.24.11.1_1,0.5779334500875658,0.9404254356406998
2024,05,DEU.9.26.11.1_1,0.5884413309982488,0.9446777228240327
2024,05,DEU.9.26.12.1_1,0.5831873905429072,0.9425730740902798
2024,05,DEU.9.26.2.1_1,0.5709281961471104,0.9374945333173949
2024,05,DEU.9.27.1.1_1,0.6042031523642732,0.9507365565707464
2024,05,DEU.9.28.1.1_1,0.5726795096322242,0.9382345122622595
2024,05,DEU.9.28.2.1_1,0.62697022767075306,0.9588242800430119
2024,05,DEU.9.28.3.1_1,0.586690017513135,0.9439809320108113
2024,05,DEU.9.28.4.1_1,0.6164623467600701,0.955187939622355
2024,05,DEU.9.28.4.2_1,0.6094570928196147,0.9526720317087093
2024,05,DEU.9.28.4.3_1,0.6112084063047285,0.9533079250693346
2024,05,DEU.9.28.4.4_1,0.6217162872154116,0.9570266453970862
2024,05,DEU.9.28.4.5_1,0.5989492119089318,0.9487591896788141
2024,05,DEU.9.28.4.6_1,0.586690017513135,0.9439809320108113
2024,05,DEU.9.28.4.7_1,0.6024518388791593,0.9500821017154254
2024,05,DEU.9.28.4.8_1,0.5639229422066551,0.9344859549506349
2024,05,DEU.9.28.5.1_1,0.5884413309982488,0.9446777228240327
2024,05,DEU.9.28.6.1_1,0.5691768826619966,0.9367496997597597
2024,05,DEU.9.28.7.1_1,0.5534150612959721,0.9298257901349047
2024,05,DEU.9.28.8.1_1,0.5551663747810859,0.9306148505155073
2024,05,DEU.9.29.1.1_1,0.5709281961471104,0.9374945333173949
2024,05,DEU.9.30.12.3_1,0.5936952714535902,0.9467396685467447
2024,05,DEU.9.30.14.1_1,0.5744308231173381,0.9389696480717574
2024,05,DEU.9.30.15.1_1,0.6479859894921192,0.9656086163658648
2024,05,DEU.9.30.16.1_1,0.5989492119089318,0.9487591896788141
2024,05,DEU.9.30.19.2_1,0.5831873905429072,0.9425730740902798
2024,05,DEU.9.30.19.3_1,0.6322241681260946,0.9605810741421048
2024,05,DEU.9.30.21.1_1,0.6059544658493871,0.9513863568498342
2024,05,DEU.9.31.2.1_1,0.6112084063047285,0.9533079250693346
2024,05,DEU.9.31.2.3_1,0.5656742556917689,0.9352454223357631
2024,05,DEU.9.31.2.4_1,0.5639229422066551,0.9344859549506349
2024,05,DEU.9.31.6.1_1,0.5726795096322242,0.9382345122622595
2024,05,DEU.9.35.2.1_1,0.6007005253940456,0.9494229826584145
2024,05,DEU.9.35.4.1_1,0.5026269702276708,0.9047231620777706
2024,05,DEU.9.35.4.2_1,0.5534150612959721,0.9298257901349047
2024,05,DEU.9.35.4.3_1,0.5744308231173381,0.9389696480717574
2024,05,DEU.9.35.4.4_1,0.5639229422066551,0.9344859549506349
2024,05,DEU.9.35.5.1_1,0.5744308231173381,0.9389696480717574
2024,05,DEU.9.38.10.5_1,0.5726795096322242,0.9382345122622595
2024,05,DEU.9.38.10.9_1,0.597197898423818,0.9480907129594721
2024,05,DEU.9.38.3.1_1,0.5656742556917689,0.9352454223357631
2024,05,DEU.9.38.7.1_1,0.5551663747810859,0.9306148505155073
2024,05,DEU.9.38.9.1_1,0.6427320490367776,0.9639730286683336
2024,05,DEU.9.40.10.1_1,0.5464098073555167,0.9266196630764966
2024,05,DEU.9.40.4.1_1,0.5919439579684764,0.946057080730333
2024,05,DEU.9.42.1.1_1,0.5639229422066551,0.9344859549506349
2024,05,DEU.9.42.4.1_1,0.5831873905429072,0.9425730740902798
2024,05,DEU.9.42.6.1_1,0.6217162872154116,0.9570266453970862
2024,05,DEU.9.42.7.1_1,0.5901926444833626,0.9453697689264238
2024,05,DEU.9.44.1.1_1,0.6322241681260946,0.9605810741421048
2024,05,DEU.9.44.1.2_1,0.6812609457092821,0.975046665549911
2024,05,DEU.9.44.1.3_1,0.6690017513134852,0.9717530550505102
2024,05,DEU.9.44.1.4_1,0.6812609457092821,0.975046665549911
2024,05,DEU.9.44.1.5_1,0.6427320490367776,0.9639730286683336
2024,05,DEU.9.44.1.6_1,0.6654991243432575,0.9707728879609279
2024,05,DEU.9.44.1.7_1,0.7040280210157619,0.9806038955664005
2024,05,DEU.9.44.2.1_1,0.6777583187390543,0.9741273017424364
2024,05,DEU.9.44.3.1_1,0.6619964973730298,0.9697752316903129
2024,05,DEU.9.44.3.2_1,0.5989492119089318,0.9487591896788141
2024,05,DEU.9.44.3.3_1,0.670753064798599,0.9722365967191319
2024,05,DEU.9.44.3.4_1,0.6742556917688267,0.9731906288081488
2024,05,DEU.9.44.3.5_1,0.6514886164623468,0.9666767815562759
2024,05,DEU.9.44.3.6_1,0.649737302977233,0.9661449166662318
2024,05,DEU.9.44.3.7_1,0.6479859894921192,0.9656086163658648
2024,05,DEU.9.44.3.8_1,0.6549912434325745,0.9677272342969376
2024,05,DEU.9.44.6.1_1,0.6409807355516638,0.9634189120003821
2024,05,DEU.9.45.7.1_1,0.6619964973730298,0.9697752316903129
2024,05,DEU.9.5.2.1_1,0.5884413309982488,0.9446777228240327
2024,05,DEU.9.5.5.1_1,0.56217162872154125,0.9337215859130601
2024,05,DEU.9.5.8.1_1,0.5604203152364273,0.9329523031752481
2024,05,DEU.9.6.1.1_1,0.6409807355516638,0.9634189120003821
2024,05,DEU.9.6.1.2_1,0.5814360770577934,0.9418619856433319
2024,05,DEU.9.6.1.3_1,0.6112084063047285,0.9533079250693346
2024,05,DEU.9.6.1.4_1,0.5901926444833626,0.9453697689264238
2024,05,DEU.9.6.1.5_1,0.5569176882661997,0.931398947819891
2024,05,DEU.9.6.1.6_1,0.5884413309982488,0.9446777228240327
2024,05,DEU.9.6.1.7_1,0.5796847635726796,0.9411461098044235
2024,05,DEU.9.6.10.1_1,0.62697022767075306,0.9588242800430119
2024,05,DEU.9.6.11.1_1,0.6374781085814362,0.962297251372984
2024,05,DEU.9.6.2.1_1,0.6164623467600701,0.955187939622355
2024,05,DEU.9.6.3.1_1,0.5954465849387042,0.9474175425861608
2024,05,DEU.9.6.3.2_1,0.5639229422066551,0.9344859549506349
2024,05,DEU.9.6.3.3_1,0.5691768826619966,0.9367496997597597
2024,05,DEU.9.6.3.4_1,0.5744308231173381,0.9389696480717574
2024,05,DEU.9.6.3.5_1,0.5884413309982488,0.9446777228240327
2024,05,DEU.9.6.4.1_1,0.6532399299474606,0.9672042183530839
2024,05,DEU.9.6.5.1_1,0.6199649737302978,0.9564183185196736
2024,05,DEU.9.6.6.1_1,0.62697022767075306,0.9588242800430119
2024,05,DEU.9.6.7.1_1,0.597197898423818,0.9480907129594721
2024,05,DEU.9.6.7.2_1,0.5639229422066551,0.9344859549506349
2024,05,DEU.9.6.7.3_1,0.5779334500875658,0.9404254356406998
2024,05,DEU.9.6.8.1_1,0.6024518388791593,0.9500821017154254
2024,05,DEU.9.6.8.2_1,0.6584938704028022,0.9687600322061186
2024,05,DEU.9.6.8.3_1,0.6252189141856392,0.9582296175760798
2024,05,DEU.9.6.8.4_1,0.6112084063047285,0.9533079250693346
2024,05,DEU.9.6.8.5_1,0.6304728546409808,0.96
2024,05,DEU.9.6.8.6_1,0.5779334500875658,0.9404254356406998
2024,05,DEU.9.6.8.7_1,0.597197898423818,0.9480907129594721
2024,05,DEU.9.6.8.8_1,0.6322241681260946,0.9605810741421048
2024,05,DEU.9.6.9.1_1,0.6567425569176883,0.9682458365518543
2024,05,DEU.9.7.1.1_1,0.6024518388791593,0.9500821017154254
2024,05,DEU.9.8.10.1_1,0.6112084063047285,0.9533079250693346
2024,05,DEU.9.8.3.1_1,0.5884413309982488,0.9446777228240327
2024,05,DNK.1.10_1,0.6164623467600701,0.955187939622355
2024,05,DNK.2_1,0.5936952714535902,0.9467396685467447
2024,05,DNK.2.11_1,0.6252189141856392,0.9582296175760798
2024,05,DNK.2.12_1,0.6182136602451839,0.9558054195284729
2024,05,DNK.2.14_1,0.5936952714535902,0.9467396685467447
2024,05,DNK.2.16_1,0.6077057793345009,0.9520315120835025
2024,05,DNK.2.17_1,0.5831873905429072,0.9425730740902798
2024,05,DNK.2.19_1,0.586690017513135,0.9439809320108113
2024,05,DNK.2.2_1,0.628721541155867,0.9594144047282176
2024,05,DNK.2.3_1,0.6322241681260946,0.9605810741421048
2024,05,DNK.2.4_1,0.6077057793345009,0.9520315120835025
2024,05,DNK.2.5_1,0.5814360770577934,0.9418619856433319
2024,05,DNK.2.7_1,0.6690017513134852,0.9717530550505102
2024,05,DNK.2.8_1,0.6234676007005254,0.9576304088739037
2024,05,DNK.3.10_1,0.6357267950963222,0.9617296917533533
2024,05,DNK.3.11_1,0.5814360770577934,0.9418619856433319
2024,05,DNK.3.5_1,0.5744308231173381,0.9389696480717574
2024,05,DNK.3.7_1,0.6217162872154116,0.9570266453970862
2024,05,DNK.4.1_1,0.6479859894921192,0.9656086163658648
2024,05,DNK.4.10_1,0.5796847635726796,0.9411461098044235
2024,05,DNK.4.11_1,0.6007005253940456,0.9494229826584145
2024,05,DNK.4.13_1,0.6830122591943959,0.9754998718605759
2024,05,DNK.4.15_1,0.597197898423818,0.9480907129594721
2024,05,DNK.4.16_1,0.6567425569176883,0.9682458365518543
2024,05,DNK.4.17_1,0.6742556917688267,0.9731906288081488
2024,05,DNK.4.3_1,0.6952714535901927,0.97855199146494
2024,05,DNK.4.4_1,0.6059544658493871,0.9513863568498342
2024,05,DNK.4.5_1,0.6199649737302978,0.9564183185196736
2024,05,DNK.4.6_1,0.628721541155867,0.9594144047282176
2024,05,DNK.4.7_1,0.5919439579684764,0.946057080730333
2024,05,DNK.4.8_1,0.7495621716287216,0.9895776877031939
2024,05,DNK.4.9_1,0.6637478108581437,0.970276249322841
2024,05,DNK.5.1_1,0.6252189141856392,0.9582296175760798
2024,05,DNK.5.19_1,0.6374781085814362,0.962297251372984
2024,05,DNK.5.20_1,0.6444833625218914,0.9645226798784983
2024,05,DNK.5.22_1,0.6479859894921192,0.9656086163658648
2024,05,DNK.5.4_1,0.6374781085814362,0.962297251372984
2024,05,ESP.1.1.1.12_1,0.30472854640980734,0.7582189657348332
2024,05,ESP.1.1.1.13_1,0.2609457092819615,0.7121769443052759
2024,05,ESP.1.1.1.16_1,0.30122591943957966,0.7547608892887866
2024,05,ESP.1.1.1.19_1,0.266199649737303,0.7180417815141401
2024,05,ESP.1.1.1.24_1,0.25569176882662,0.7062124326291629
2024,05,ESP.1.1.1.3_1,0.22416812609457096,0.6681796165702752
2024,05,ESP.1.1.2.11_1,0.35026269702276713,0.7999999999999999
2024,05,ESP.1.1.2.6_1,0.37653239929947463,0.8216446920658589
2024,05,ESP.1.1.3.1_1,0.2714535901926445,0.7238093671679029
2024,05,ESP.1.1.3.6_1,0.2626970227670753,0.714142842854285
2024,05,ESP.1.1.3.7_1,0.2942206654991244,0.7477325725150671
2024,05,ESP.1.1.3.8_1,0.27495621716287216,0.7276015393056835
2024,05,ESP.1.1.3.9_1,0.27320490367775835,0.7257106861553024
2024,05,ESP.1.1.4.1_1,0.34150612959719795,0.7924014134263013
2024,05,ESP.1.1.4.14_1,0.27495621716287216,0.7276015393056835
2024,05,ESP.1.1.4.17_1,0.2539404553415061,0.7042016756583301
2024,05,ESP.1.1.4.6_1,0.2626970227670753,0.714142842854285
2024,05,ESP.1.1.5.1_1,0.4430823117338004,0.8694619025581282
2024,05,ESP.1.1.5.6_1,0.4763572679509633,0.8899797750510963
2024,05,ESP.1.1.6.1_1,0.47460595446584947,0.8889521921903337
2024,05,ESP.1.1.6.2_1,0.42556917688266205,0.8577901841359576
2024,05,ESP.1.1.6.4_1,0.5043782837127846,0.905662188677434
2024,05,ESP.1.1.6.8_1,0.4973730297723292,0.9018736053350269
2024,05,ESP.1.1.7.10_1,0.40630472854640987,0.8442179813294668
2024,05,ESP.1.1.7.5_1,0.33625218914185645,0.7877461520058349
2024,05,ESP.1.1.7.8_1,0.4483362521891419,0.8728436286070947
2024,05,ESP.1.1.7.9_1,0.4080560420315237,0.8454844764985339
2024,05,ESP.1.1.8.1_1,0.266199649737303,0.7180417815141401
2024,05,ESP.1.1.8.2_1,0.25919439579684767,0.710199971838918
2024,05,ESP.1.1.8.3_1,0.30472854640980734,0.7582189657348332
2024,05,ESP.1.1.8.4_1,0.3152364273204904,0.7683749084919418
2024,05,ESP.1.2.1.2_1,0.48686514886164634,0.8960267853139213
2024,05,ESP.1.2.1.3_1,0.4711033274956218,0.8868799242287537
2024,05,ESP.1.2.1.4_1,0.47460595446584947,0.8889521921903337
2024,05,ESP.1.2.2.1_1,0.4676007005253941,0.8847847195787232
2024,05,ESP.1.2.2.2_1,0.4133099824868652,0.84924437001372
2024,05,ESP.1.2.3.1_1,0.6532399299474606,0.9672042183530839
2024,05,ESP.1.2.3.2_1,0.5446584938704029,0.9258055951440345
2024,05,ESP.1.2.3.3_1,0.44133099824868655,0.8683225207260261
2024,05,ESP.1.2.3.4_1,0.5726795096322242,0.9382345122622595
2024,05,ESP.1.2.3.5_1,0.597197898423818,0.9480907129594721
2024,05,ESP.1.2.3.6_1,0.5534150612959721,0.9298257901349047
2024,05,ESP.1.2.3.7_1,0.6339754816112084,0.9611576353543679
2024,05,ESP.1.2.4.1_1,0.4816112084063048,0.8930285549745876
2024,05,ESP.1.2.4.2_1,0.4168126094570928,0.8517182632772413
2024,05,ESP.1.2.4.3_1,0.48511383537653247,0.8950329602869382
2024,05,ESP.1.2.4.4_1,0.43607705779334505,0.8648676199280442
2024,05,ESP.1.2.5.1_1,0.490367775831874,0.8979977728257459
2024,05,ESP.1.2.5.2_1,0.5726795096322242,0.9382345122622595
2024,05,ESP.1.2.5.3_1,0.4728546409807356,0.8879189152169246
2024,05,ESP.1.2.5.4_1,0.5148861646234676,0.9111838453352868
2024,05,ESP.1.2.5.5_1,0.5271453590192645,0.9173854151881858
2024,05,ESP.1.2.5.6_1,0.43432574430823123,0.8637036528810099
2024,05,ESP.1.2.5.7_1,0.5306479859894921,0.9191104395011516
2024,05,ESP.1.2.6.1_1,0.4168126094570928,0.8517182632772413
2024,05,ESP.1.2.6.10_1,0.40980735551663755,0.84674435339127
2024,05,ESP.1.2.6.11_1,0.4115586690017513,0.8479976415061541
2024,05,ESP.1.2.6.12_1,0.3905429071803853,0.8325166664998365
2024,05,ESP.1.2.6.13_1,0.44133099824868655,0.8683225207260261
2024,05,ESP.1.2.6.14_1,0.4080560420315237,0.8454844764985339
2024,05,ESP.1.2.6.15_1,0.37828371278458844,0.8230285535751478
2024,05,ESP.1.2.6.16_1,0.35026269702276713,0.7999999999999999
2024,05,ESP.1.2.6.17_1,0.3992994746059545,0.8390852161729463
2024,05,ESP.1.2.6.18_1,0.37828371278458844,0.8230285535751478
2024,05,ESP.1.2.6.19_1,0.40980735551663755,0.84674435339127
2024,05,ESP.1.2.6.2_1,0.3992994746059545,0.8390852161729463
2024,05,ESP.1.2.6.20_1,0.39579684763572687,0.8364783320564855
2024,05,ESP.1.2.6.3_1,0.4028021015761822,0.8416650165000324
2024,05,ESP.1.2.6.4_1,0.4185639229422067,0.8529454847761373
2024,05,ESP.1.2.6.5_1,0.4168126094570928,0.8517182632772413
2024,05,ESP.1.2.6.6_1,0.4115586690017513,0.8479976415061541
2024,05,ESP.1.2.6.7_1,0.3992994746059545,0.8390852161729463
2024,05,ESP.1.2.6.8_1,0.36602451838879163,0.8131887849693945
2024,05,ESP.1.2.6.9_1,0.3975481611208407,0.8377851753283774
2024,05,ESP.1.3.1.1_1,0.35551663747810863,0.8044650396381436
2024,05,ESP.1.3.1.10_1,0.3187390542907181,0.771689056550629
2024,05,ESP.1.3.1.2_1,0.3064798598949212,0.7599342076785331
2024,05,ESP.1.3.1.3_1,0.33800350262697026,0.7893060243023614
2024,05,ESP.1.3.1.4_1,0.33800350262697026,0.7893060243023614
2024,05,ESP.1.3.1.5_1,0.31348511383537653,0.766704636740903
2024,05,ESP.1.3.1.6_1,0.40630472854640987,0.8442179813294668
2024,05,ESP.1.3.1.9_1,0.36252189141856395,0.8103110513870584
2024,05,ESP.1.3.2.11_1,0.30122591943957966,0.7547608892887866
2024,05,ESP.1.3.2.12_1,0.2959719789842382,0.7495038358807778
2024,05,ESP.1.3.2.14_1,0.3222416812609457,0.7749683864519894
2024,05,ESP.1.3.2.20_1,0.29246935201401053,0.7459517410664044
2024,05,ESP.1.3.2.3_1,0.3292469352014011,0.781424340547439
2024,05,ESP.1.3.2.5_1,0.30297723292469353,0.7564945472374536
2024,05,ESP.1.3.2.9_1,0.3239929947460596,0.7765951326141569
2024,05,ESP.1.3.3.1_1,0.27670753064798603,0.729482008002939
2024,05,ESP.1.3.3.3_1,0.28196147110332753,0.7350619021551859
2024,05,ESP.1.3.3.4_1,0.27670753064798603,0.729482008002939
2024,05,ESP.1.3.3.5_1,0.3099824868651489,0.7633374090138647
2024,05,ESP.1.3.3.8_1,0.2907180385288967,0.744161272843461
2024,05,ESP.1.3.4.1_1,0.2942206654991244,0.7477325725150671
2024,05,ESP.1.3.4.11_1,0.3309982486865149,0.78301724118949
2024,05,ESP.1.3.4.12_1,0.29246935201401053,0.7459517410664044
2024,05,ESP.1.3.4.2_1,0.2959719789842382,0.7495038358807778
2024,05,ESP.1.3.4.3_1,0.2907180385288967,0.744161272843461
2024,05,ESP.1.3.4.4_1,0.33274956217162877,0.7846018098373213
2024,05,ESP.1.3.4.5_1,0.3204903677758319,0.7733330459769581
2024,05,ESP.1.3.4.6_1,0.3222416812609457,0.7749683864519894
2024,05,ESP.1.3.4.7_1,0.36602451838879163,0.8131887849693945
2024,05,ESP.1.3.5.1_1,0.33274956217162877,0.7846018098373213
2024,05,ESP.1.3.5.2_1,0.27845884413309985,0.7313521723492725
2024,05,ESP.1.3.6.2_1,0.34150612959719795,0.7924014134263013
2024,05,ESP.1.3.6.3_1,0.3064798598949212,0.7599342076785331
2024,05,ESP.1.3.6.4_1,0.2959719789842382,0.7495038358807778
2024,05,ESP.1.3.6.6_1,0.3239929947460596,0.7765951326141569
2024,05,ESP.1.3.7.1_1,0.3239929947460596,0.7765951326141569
2024,05,ESP.1.3.7.3_1,0.35726795096322245,0.8059379628730737
2024,05,ESP.1.3.7.6_1,0.3747810858143608,0.820253619315392
2024,05,ESP.1.3.7.9_1,0.3169877408056042,0.7700363627777587
2024,05,ESP.1.3.8.1_1,0.3345008756567426,0.786178096871186
2024,05,ESP.1.3.8.3_1,0.33800350262697026,0.7893060243023614
2024,05,ESP.1.3.8.4_1,0.3607705779334501,0.8088609274776474
2024,05,ESP.1.3.8.5_1,0.33625218914185645,0.7877461520058349
2024,05,ESP.1.3.8.6_1,0.3607705779334501,0.8088609274776474
2024,05,ESP.1.4.1.1_1,0.26795096322241685,0.7199749995659572
2024,05,ESP.1.4.1.2_1,0.3064798598949212,0.7599342076785331
2024,05,ESP.1.4.1.3_1,0.24168126094570933,0.6897999710060881
2024,05,ESP.1.4.1.4_1,0.2854640980735552,0.7387313449421243
2024,05,ESP.1.4.1.5_1,0.26444833625218916,0.7160977586894125
2024,05,ESP.1.4.1.6_1,0.30823117338003503,0.7616403350663619
2024,05,ESP.1.4.10.1_1,0.266199649737303,0.7180417815141401
2024,05,ESP.1.4.10.10_1,0.30122591943957966,0.7547608892887866
2024,05,ESP.1.4.10.11_1,0.3257443082311734,0.7782133383590902
2024,05,ESP.1.4.10.12_1,0.28021015761821366,0.7332121111929344
2024,05,ESP.1.4.10.13_1,0.266199649737303,0.7180417815141401
2024,05,ESP.1.4.10.14_1,0.30122591943957966,0.7547608892887866
2024,05,ESP.1.4.10.15_1,0.27320490367775835,0.7257106861553024
2024,05,ESP.1.4.10.2_1,0.32749562171628727,0.7798230568532839
2024,05,ESP.1.4.10.3_1,0.3222416812609457,0.7749683864519894
2024,05,ESP.1.4.10.4_1,0.3292469352014011,0.781424340547439
2024,05,ESP.1.4.10.5_1,0.27670753064798603,0.729482008002939
2024,05,ESP.1.4.10.6_1,0.3169877408056042,0.7700363627777587
2024,05,ESP.1.4.10.7_1,0.28021015761821366,0.7332121111929344
2024,05,ESP.1.4.10.8_1,0.2574430823117338,0.7082118327167374
2024,05,ESP.1.4.10.9_1,0.27495621716287216,0.7276015393056835
2024,05,ESP.1.4.2.1_1,0.36602451838879163,0.8131887849693945
2024,05,ESP.1.4.2.2_1,0.34150612959719795,0.7924014134263013
2024,05,ESP.1.4.2.3_1,0.30297723292469353,0.7564945472374536
2024,05,ESP.1.4.2.4_1,0.34150612959719795,0.7924014134263013
2024,05,ESP.1.4.3.1_1,0.2486865148861646,0.698100279329553
2024,05,ESP.1.4.3.2_1,0.26795096322241685,0.7199749995659572
2024,05,ESP.1.4.3.3_1,0.21015761821366025,0.6499230723708768
2024,05,ESP.1.4.3.4_1,0.2469352014010508,0.696043102113655
2024,05,ESP.1.4.3.5_1,0.26795096322241685,0.7199749995659572
2024,05,ESP.1.4.3.6_1,0.25919439579684767,0.710199971838918
2024,05,ESP.1.4.3.7_1,0.3064798598949212,0.7599342076785331
2024,05,ESP.1.4.3.8_1,0.26970227670753066,0.7218974996493616
2024,05,ESP.1.4.4.1_1,0.2504378283712785,0.7001456991226898
2024,05,ESP.1.4.4.10_1,0.26795096322241685,0.7199749995659572
2024,05,ESP.1.4.4.11_1,0.2959719789842382,0.7495038358807778
2024,05,ESP.1.4.4.12_1,0.2889667250437829,0.7423610981186985
2024,05,ESP.1.4.4.13_1,0.25569176882662,0.7062124326291629
2024,05,ESP.1.4.4.14_1,0.2486865148861646,0.698100279329553
2024,05,ESP.1.4.4.15_1,0.2714535901926445,0.7238093671679029
2024,05,ESP.1.4.4.16_1,0.2521891418563923,0.7021794642397341
2024,05,ESP.1.4.4.17_1,0.22066549912434327,0.663698726833192
2024,05,ESP.1.4.4.18_1,0.27495621716287216,0.7276015393056835
2024,05,ESP.1.4.4.19_1,0.26444833625218916,0.7160977586894125
2024,05,ESP.1.4.4.2_1,0.27320490367775835,0.7257106861553024
2024,05,ESP.1.4.4.20_1,0.25569176882662,0.7062124326291629
2024,05,ESP.1.4.4.21_1,0.2486865148861646,0.698100279329553
2024,05,ESP.1.4.4.22_1,0.245183887915937,0.6939740629158989
2024,05,ESP.1.4.4.23_1,0.28721541155866903,0.7405511461067358
2024,05,ESP.1.4.4.24_1,0.24343257443082317,0.6918930553199678
2024,05,ESP.1.4.4.25_1,0.2574430823117338,0.7082118327167374
2024,05,ESP.1.4.4.26_1,0.28371278458844135,0.73690162165651385
2024,05,ESP.1.4.4.27_1,0.2714535901926445,0.7238093671679029
2024,05,ESP.1.4.4.28_1,0.2521891418563923,0.7021794642397341
2024,05,ESP.1.4.4.29_1,0.2539404553415061,0.7042016756583301
2024,05,ESP.1.4.4.3_1,0.28196147110332753,0.7350619021551859
2024,05,ESP.1.4.4.30_1,0.2521891418563923,0.7021794642397341
2024,05,ESP.1.4.4.4_1,0.27845884413309985,0.7313521723492725
2024,05,ESP.1.4.4.5_1,0.27845884413309985,0.7313521723492725
2024,05,ESP.1.4.4.6_1,0.28721541155866903,0.7405511461067358
2024,05,ESP.1.4.4.7_1,0.2521891418563923,0.7021794642397341
2024,05,ESP.1.4.4.8_1,0.31348511383537653,0.766704636740903
2024,05,ESP.1.4.4.9_1,0.3309982486865149,0.78301724118949
2024,05,ESP.1.4.5.1_1,0.3064798598949212,0.7599342076785331
2024,05,ESP.1.4.5.10_1,0.30297723292469353,0.7564945472374536
2024,05,ESP.1.4.5.11_1,0.35726795096322245,0.8059379628730737
2024,05,ESP.1.4.5.12_1,0.33625218914185645,0.7877461520058349
2024,05,ESP.1.4.5.13_1,0.3309982486865149,0.78301724118949
2024,05,ESP.1.4.5.14_1,0.2889667250437829,0.7423610981186985
2024,05,ESP.1.4.5.15_1,0.30122591943957966,0.7547608892887866
2024,05,ESP.1.4.5.16_1,0.30823117338003503,0.7616403350663619
2024,05,ESP.1.4.5.17_1,0.31348511383537653,0.766704636740903
2024,05,ESP.1.4.5.18_1,0.36602451838879163,0.8131887849693945
2024,05,ESP.1.4.5.19_1,0.36952714535901926,0.8160367638777066
2024,05,ESP.1.4.5.2_1,0.2942206654991244,0.7477325725150671
2024,05,ESP.1.4.5.20_1,0.2626970227670753,0.714142842854285
2024,05,ESP.1.4.5.21_1,0.31348511383537653,0.766704636740903
2024,05,ESP.1.4.5.22_1,0.30823117338003503,0.7616403350663619
2024,05,ESP.1.4.5.23_1,0.35901926444833626,0.807403244977378
2024,05,ESP.1.4.5.24_1,0.36952714535901926,0.8160367638777066
2024,05,ESP.1.4.5.25_1,0.36777583187390545,0.814616474176652
2024,05,ESP.1.4.5.26_1,0.34500875656742563,0.7954646440917409
2024,05,ESP.1.4.5.27_1,0.35026269702276713,0.7999999999999999
2024,05,ESP.1.4.5.28_1,0.30297723292469353,0.7564945472374536
2024,05,ESP.1.4.5.29_1,0.36952714535901926,0.8160367638777066
2024,05,ESP.1.4.5.3_1,0.3905429071803853,0.8325166664998365
2024,05,ESP.1.4.5.30_1,0.37653239929947463,0.8216446920658589
2024,05,ESP.1.4.5.31_1,0.2977232924693521,0.7512655988397179
2024,05,ESP.1.4.5.32_1,0.40455341506129605,0.8429448380528823
2024,05,ESP.1.4.5.33_1,0.3345008756567426,0.786178096871186
2024,05,ESP.1.4.5.34_1,0.38353765323993,0.8271372316611071
2024,05,ESP.1.4.5.35_1,0.34500875656742563,0.7954646440917409
2024,05,ESP.1.4.5.36_1,0.33800350262697026,0.7893060243023614
2024,05,ESP.1.4.5.37_1,0.34851138353765326,0.7984960864024319
2024,05,ESP.1.4.5.38_1,0.3607705779334501,0.8088609274776474
2024,05,ESP.1.4.5.39_1,0.32749562171628727,0.7798230568532839
2024,05,ESP.1.4.5.4_1,0.33274956217162877,0.7846018098373213
2024,05,ESP.1.4.5.40_1,0.2994746059544659,0.7530179280734292
2024,05,ESP.1.4.5.41_1,0.37653239929947463,0.8216446920658589
2024,05,ESP.1.4.5.42_1,0.3222416812609457,0.7749683864519894
2024,05,ESP.1.4.5.43_1,0.32749562171628727,0.7798230568532839
2024,05,ESP.1.4.5.44_1,0.3292469352014011,0.781424340547439
2024,05,ESP.1.4.5.45_1,0.3292469352014011,0.781424340547439
2024,05,ESP.1.4.5.46_1,0.37302977232924694,0.8188552985723424
2024,05,ESP.1.4.5.5_1,0.35201401050788095,0.8014961010510282
2024,05,ESP.1.4.5.6_1,0.2539404553415061,0.7042016756583301
2024,05,ESP.1.4.5.7_1,0.33625218914185645,0.7877461520058349
2024,05,ESP.1.4.5.8_1,0.3222416812609457,0.7749683864519894
2024,05,ESP.1.4.5.9_1,0.2889667250437829,0.7423610981186985
2024,05,ESP.1.4.6.1_1,0.3747810858143608,0.820253619315392
2024,05,ESP.1.4.6.10_1,0.36252189141856395,0.8103110513870584
2024,05,ESP.1.4.6.11_1,0.4168126094570928,0.8517182632772413
2024,05,ESP.1.4.6.2_1,0.4168126094570928,0.8517182632772413
2024,05,ESP.1.4.6.3_1,0.42206654991243436,0.8553806170354809
2024,05,ESP.1.4.6.4_1,0.34500875656742563,0.7954646440917409
2024,05,ESP.1.4.6.5_1,0.3345008756567426,0.786178096871186
2024,05,ESP.1.4.6.6_1,0.36602451838879163,0.8131887849693945
2024,05,ESP.1.4.6.7_1,0.37828371278458844,0.8230285535751478
2024,05,ESP.1.4.6.8_1,0.35551663747810863,0.8044650396381436
2024,05,ESP.1.4.6.9_1,0.40105078809106837,0.8403784861596588
2024,05,ESP.1.4.7.1_1,0.40105078809106837,0.8403784861596588
2024,05,ESP.1.4.7.2_1,0.34150612959719795,0.7924014134263013
2024,05,ESP.1.4.7.3_1,0.415061295971979,0.8504845677612263
2024,05,ESP.1.4.7.4_1,0.38178633975481613,0.8257747876994065
2024,05,ESP.1.4.7.5_1,0.35726795096322245,0.8059379628730737
2024,05,ESP.1.4.7.6_1,0.30472854640980734,0.7582189657348332
2024,05,ESP.1.4.7.7_1,0.35726795096322245,0.8059379628730737
2024,05,ESP.1.4.7.8_1,0.3309982486865149,0.78301724118949
2024,05,ESP.1.4.8.1_1,0.4535901926444834,0.8761712161444246
2024,05,ESP.1.4.8.10_1,0.5043782837127846,0.905662188677434
2024,05,ESP.1.4.8.11_1,0.4938704028021016,0.8999466650863261
2024,05,ESP.1.4.8.12_1,0.4728546409807356,0.8879189152169246
2024,05,ESP.1.4.8.13_1,0.5026269702276708,0.9047231620777706
2024,05,ESP.1.4.8.14_1,0.500875656742557,0.9037787339830473
2024,05,ESP.1.4.8.15_1,0.5183887915936953,0.9129819275319747
2024,05,ESP.1.4.8.16_1,0.48336252189141865,0.8940335564172074
2024,05,ESP.1.4.8.17_1,0.5078809106830122,0.9075241043630743
2024,05,ESP.1.4.8.2_1,0.4728546409807356,0.8879189152169246
2024,05,ESP.1.4.8.3_1,0.4640980735551664,0.8826664149042944
2024,05,ESP.1.4.8.4_1,0.47985989492119097,0.8920179370393849
2024,05,ESP.1.4.8.5_1,0.490367775831874,0.8979977728257459
2024,05,ESP.1.4.8.6_1,0.47810858143607715,0.8910016835000931
2024,05,ESP.1.4.8.7_1,0.48686514886164634,0.8960267853139213
2024,05,ESP.1.4.8.8_1,0.4588441330998249,0.8794452797076121
2024,05,ESP.1.4.8.9_1,0.49211908931698783,0.8989749718429317
2024,05,ESP.1.4.9.1_1,0.3887915936952715,0.8311822904754408
2024,05,ESP.1.4.9.10_1,0.37302977232924694,0.8188552985723424
2024,05,ESP.1.4.9.11_1,0.2889667250437829,0.7423610981186985
2024,05,ESP.1.4.9.12_1,0.40455341506129605,0.8429448380528823
2024,05,ESP.1.4.9.13_1,0.36777583187390545,0.814616474176652
2024,05,ESP.1.4.9.14_1,0.4028021015761822,0.8416650165000324
2024,05,ESP.1.4.9.15_1,0.37302977232924694,0.8188552985723424
2024,05,ESP.1.4.9.16_1,0.3099824868651489,0.7633374090138647
2024,05,ESP.1.4.9.17_1,0.43432574430823123,0.8637036528810099
2024,05,ESP.1.4.9.18_1,0.3345008756567426,0.786178096871186
2024,05,ESP.1.4.9.19_1,0.2942206654991244,0.7477325725150671
2024,05,ESP.1.4.9.2_1,0.26970227670753066,0.7218974996493616
2024,05,ESP.1.4.9.20_1,0.36952714535901926,0.8160367638777066
2024,05,ESP.1.4.9.21_1,0.4080560420315237,0.8454844764985339
2024,05,ESP.1.4.9.22_1,0.2626970227670753,0.714142842854285
2024,05,ESP.1.4.9.23_1,0.4483362521891419,0.8728436286070947
2024,05,ESP.1.4.9.24_1,0.37828371278458844,0.8230285535751478
2024,05,ESP.1.4.9.25_1,0.29246935201401053,0.7459517410664044
2024,05,ESP.1.4.9.3_1,0.28021015761821366,0.7332121111929344
2024,05,ESP.1.4.9.4_1,0.28196147110332753,0.7350619021551859
2024,05,ESP.1.4.9.5_1,0.2994746059544659,0.7530179280734292
2024,05,ESP.1.4.9.6_1,0.3537653239929948,0.8029844332239573
2024,05,ESP.1.4.9.7_1,0.3345008756567426,0.786178096871186
2024,05,ESP.1.4.9.8_1,0.2907180385288967,0.744161272843461
2024,05,ESP.1.4.9.9_1,0.38178633975481613,0.8257747876994065
2024,05,ESP.1.5.1.1_1,0.34851138353765326,0.7984960864024319
2024,05,ESP.1.5.1.10_1,0.3607705779334501,0.8088609274776474
2024,05,ESP.1.5.1.11_1,0.32749562171628727,0.7798230568532839
2024,05,ESP.1.5.1.12_1,0.3905429071803853,0.8325166664998365
2024,05,ESP.1.5.1.13_1,0.37653239929947463,0.8216446920658589
2024,05,ESP.1.5.1.14_1,0.34676007005253945,0.7969843160313759
2024,05,ESP.1.5.1.15_1,0.37127845884413313,0.817449692641694
2024,05,ESP.1.5.1.16_1,0.34500875656742563,0.7954646440917409
2024,05,ESP.1.5.1.17_1,0.3239929947460596,0.7765951326141569
2024,05,ESP.1.5.1.18_1,0.33625218914185645,0.7877461520058349
2024,05,ESP.1.5.1.19_1,0.3607705779334501,0.8088609274776474
2024,05,ESP.1.5.1.2_1,0.35726795096322245,0.8059379628730737
2024,05,ESP.1.5.1.20_1,0.3975481611208407,0.8377851753283774
2024,05,ESP.1.5.1.21_1,0.35726795096322245,0.8059379628730737
2024,05,ESP.1.5.1.22_1,0.3257443082311734,0.7782133383590902
2024,05,ESP.1.5.1.23_1,0.3257443082311734,0.7782133383590902
2024,05,ESP.1.5.1.24_1,0.3204903677758319,0.7733330459769581
2024,05,ESP.1.5.1.25_1,0.4080560420315237,0.8454844764985339
2024,05,ESP.1.5.1.26_1,0.33274956217162877,0.7846018098373213
2024,05,ESP.1.5.1.27_1,0.3309982486865149,0.78301724118949
2024,05,ESP.1.5.1.28_1,0.3887915936952715,0.8311822904754408
2024,05,ESP.1.5.1.29_1,0.30823117338003503,0.7616403350663619
2024,05,ESP.1.5.1.3_1,0.36252189141856395,0.8103110513870584
2024,05,ESP.1.5.1.4_1,0.33800350262697026,0.7893060243023614
2024,05,ESP.1.5.1.5_1,0.3222416812609457,0.7749683864519894
2024,05,ESP.1.5.1.6_1,0.3345008756567426,0.786178096871186
2024,05,ESP.1.5.1.7_1,0.34150612959719795,0.7924014134263013
2024,05,ESP.1.5.1.8_1,0.3309982486865149,0.78301724118949
2024,05,ESP.1.5.1.9_1,0.3292469352014011,0.781424340547439
2024,05,ESP.1.5.2.1_1,0.36602451838879163,0.8131887849693945
2024,05,ESP.1.5.2.10_1,0.4028021015761822,0.8416650165000324
2024,05,ESP.1.5.2.11_1,0.34500875656742563,0.7954646440917409
2024,05,ESP.1.5.2.12_1,0.394045534150613,0.8351646544245033
2024,05,ESP.1.5.2.13_1,0.3800350262697023,0.8244052401580184
2024,05,ESP.1.5.2.14_1,0.36427320490367776,0.8117536572138127
2024,05,ESP.1.5.2.15_1,0.36952714535901926,0.8160367638777066
2024,05,ESP.1.5.2.2_1,0.3852889667250438,0.8284926070883192
2024,05,ESP.1.5.2.3_1,0.35201401050788095,0.8014961010510282
2024,05,ESP.1.5.2.4_1,0.34851138353765326,0.7984960864024319
2024,05,ESP.1.5.2.5_1,0.36427320490367776,0.8117536572138127
2024,05,ESP.1.5.2.6_1,0.35901926444833626,0.807403244977378
2024,05,ESP.1.5.2.7_1,0.34676007005253945,0.7969843160313759
2024,05,ESP.1.5.2.8_1,0.3345008756567426,0.786178096871186
2024,05,ESP.1.5.2.9_1,0.33274956217162877,0.7846018098373213
2024,05,ESP.1.5.3.1_1,0.34676007005253945,0.7969843160313759
2024,05,ESP.1.5.3.2_1,0.35026269702276713,0.7999999999999999
2024,05,ESP.1.5.3.3_1,0.34150612959719795,0.7924014134263013
2024,05,ESP.1.5.3.4_1,0.37127845884413313,0.817449692641694
2024,05,ESP.1.5.3.5_1,0.33625218914185645,0.7877461520058349
2024,05,ESP.1.5.3.6_1,0.3204903677758319,0.7733330459769581
2024,05,ESP.1.5.3.7_1,0.3257443082311734,0.7782133383590902
2024,05,ESP.1.5.3.8_1,0.3607705779334501,0.8088609274776474
2024,05,ESP.1.5.3.9_1,0.3257443082311734,0.7782133383590902
2024,05,ESP.1.5.4.1_1,0.36427320490367776,0.8117536572138127
2024,05,ESP.1.5.4.2_1,0.3537653239929948,0.8029844332239573
2024,05,ESP.1.5.4.3_1,0.36602451838879163,0.8131887849693945
2024,05,ESP.1.5.4.4_1,0.3905429071803853,0.8325166664998365
2024,05,ESP.1.5.4.5_1,0.4290718038528897,0.8601744009211155
2024,05,ESP.1.5.4.6_1,0.37653239929947463,0.8216446920658589
2024,05,ESP.1.5.4.7_1,0.3887915936952715,0.8311822904754408
2024,05,ESP.1.5.5.1_1,0.4115586690017513,0.8479976415061541
2024,05,ESP.1.5.5.2_1,0.394045534150613,0.8351646544245033
2024,05,ESP.1.5.5.3_1,0.3397548161120841,0.7908577621797739
2024,05,ESP.1.5.5.4_1,0.36427320490367776,0.8117536572138127
2024,05,ESP.1.5.5.5_1,0.44133099824868655,0.8683225207260261
2024,05,ESP.1.5.6.1_1,0.33800350262697026,0.7893060243023614
2024,05,ESP.1.5.6.10_1,0.38353765323993,0.8271372316611071
2024,05,ESP.1.5.6.11_1,0.3747810858143608,0.820253619315392
2024,05,ESP.1.5.6.12_1,0.3169877408056042,0.7700363627777587
2024,05,ESP.1.5.6.13_1,0.35901926444833626,0.807403244977378
2024,05,ESP.1.5.6.14_1,0.34150612959719795,0.7924014134263013
2024,05,ESP.1.5.6.2_1,0.38353765323993,0.8271372316611071
2024,05,ESP.1.5.6.3_1,0.3887915936952715,0.8311822904754408
2024,05,ESP.1.5.6.4_1,0.35201401050788095,0.8014961010510282
2024,05,ESP.1.5.6.5_1,0.2977232924693521,0.7512655988397179
2024,05,ESP.1.5.6.6_1,0.37127845884413313,0.817449692641694
2024,05,ESP.1.5.6.7_1,0.37127845884413313,0.817449692641694
2024,05,ESP.1.5.6.8_1,0.3397548161120841,0.7908577621797739
2024,05,ESP.1.5.6.9_1,0.32749562171628727,0.7798230568532839
2024,05,ESP.1.6.1.1_1,0.2574430823117338,0.7082118327167374
2024,05,ESP.1.6.1.2_1,0.27320490367775835,0.7257106861553024
2024,05,ESP.1.6.1.3_1,0.2609457092819615,0.7121769443052759
2024,05,ESP.1.6.1.4_1,0.2714535901926445,0.7238093671679029
2024,05,ESP.1.6.1.5_1,0.29246935201401053,0.7459517410664044
2024,05,ESP.1.6.1.6_1,0.2959719789842382,0.7495038358807778
2024,05,ESP.1.6.1.7_1,0.2521891418563923,0.7021794642397341
2024,05,ESP.1.6.1.8_1,0.2994746059544659,0.7530179280734292
2024,05,ESP.1.6.1.9_1,0.3257443082311734,0.7782133383590902
2024,05,ESP.1.6.2.1_1,0.2889667250437829,0.7423610981186985
2024,05,ESP.1.6.2.10_1,0.2854640980735552,0.7387313449421243
2024,05,ESP.1.6.2.11_1,0.26444833625218916,0.7160977586894125
2024,05,ESP.1.6.2.12_1,0.34851138353765326,0.7984960864024319
2024,05,ESP.1.6.2.13_1,0.3099824868651489,0.7633374090138647
2024,05,ESP.1.6.2.14_1,0.2959719789842382,0.7495038358807778
2024,05,ESP.1.6.2.15_1,0.3257443082311734,0.7782133383590902
2024,05,ESP.1.6.2.16_1,0.33274956217162877,0.7846018098373213
2024,05,ESP.1.6.2.17_1,0.2942206654991244,0.7477325725150671
2024,05,ESP.1.6.2.2_1,0.29246935201401053,0.7459517410664044
2024,05,ESP.1.6.2.3_1,0.32749562171628727,0.7798230568532839
2024,05,ESP.1.6.2.4_1,0.2854640980735552,0.7387313449421243
2024,05,ESP.1.6.2.5_1,0.32749562171628727,0.7798230568532839
2024,05,ESP.1.6.2.6_1,0.33274956217162877,0.7846018098373213
2024,05,ESP.1.6.2.7_1,0.3169877408056042,0.7700363627777587
2024,05,ESP.1.6.2.8_1,0.3187390542907181,0.771689056550629
2024,05,ESP.1.6.2.9_1,0.34325744308231176,0.7939370252104382
2024,05,ESP.1.6.3.1_1,0.2854640980735552,0.7387313449421243
2024,05,ESP.1.6.3.10_1,0.2889667250437829,0.7423610981186985
2024,05,ESP.1.6.3.2_1,0.3397548161120841,0.7908577621797739
2024,05,ESP.1.6.3.3_1,0.2714535901926445,0.7238093671679029
2024,05,ESP.1.6.3.4_1,0.2714535901926445,0.7238093671679029
2024,05,ESP.1.6.3.5_1,0.30122591943957966,0.7547608892887866
2024,05,ESP.1.6.3.6_1,0.27845884413309985,0.7313521723492725
2024,05,ESP.1.6.3.7_1,0.2942206654991244,0.7477325725150671
2024,05,ESP.1.6.3.8_1,0.3064798598949212,0.7599342076785331
2024,05,ESP.1.6.3.9_1,0.3099824868651489,0.7633374090138647
2024,05,ESP.1.6.4.1_1,0.3152364273204904,0.7683749084919418
2024,05,ESP.1.6.4.2_1,0.2889667250437829,0.7423610981186985
2024,05,ESP.1.6.4.3_1,0.2977232924693521,0.7512655988397179
2024,05,ESP.1.6.4.4_1,0.27845884413309985,0.7313521723492725
2024,05,ESP.1.6.4.5_1,0.32749562171628727,0.7798230568532839
2024,05,ESP.1.6.4.6_1,0.2959719789842382,0.7495038358807778
2024,05,ESP.1.6.4.7_1,0.31348511383537653,0.766704636740903
2024,05,ESP.1.6.4.8_1,0.2994746059544659,0.7530179280734292
2024,05,ESP.1.6.4.9_1,0.28371278458844135,0.73690162165651385
2024,05,ESP.1.6.5.1_1,0.27320490367775835,0.7257106861553024
2024,05,ESP.1.6.5.10_1,0.30122591943957966,0.7547608892887866
2024,05,ESP.1.6.5.11_1,0.3152364273204904,0.7683749084919418
2024,05,ESP.1.6.5.12_1,0.28196147110332753,0.7350619021551859
2024,05,ESP.1.6.5.13_1,0.3537653239929948,0.8029844332239573
2024,05,ESP.1.6.5.2_1,0.30297723292469353,0.7564945472374536
2024,05,ESP.1.6.5.3_1,0.2626970227670753,0.714142842854285
2024,05,ESP.1.6.5.4_1,0.30472854640980734,0.7582189657348332
2024,05,ESP.1.6.5.5_1,0.3309982486865149,0.78301724118949
2024,05,ESP.1.6.5.6_1,0.3397548161120841,0.7908577621797739
2024,05,ESP.1.6.5.7_1,0.3397548161120841,0.7908577621797739
2024,05,ESP.1.6.5.8_1,0.27845884413309985,0.7313521723492725
2024,05,ESP.1.6.5.9_1,0.34676007005253945,0.7969843160313759
2024,05,ESP.1.6.6.1_1,0.3204903677758319,0.7733330459769581
2024,05,ESP.1.6.6.10_1,0.26795096322241685,0.7199749995659572
2024,05,ESP.1.6.6.11_1,0.33800350262697026,0.7893060243023614
2024,05,ESP.1.6.6.12_1,0.27320490367775835,0.7257106861553024
2024,05,ESP.1.6.6.13_1,0.3204903677758319,0.7733330459769581
2024,05,ESP.1.6.6.14_1,0.2977232924693521,0.7512655988397179
2024,05,ESP.1.6.6.2_1,0.35201401050788095,0.8014961010510282
2024,05,ESP.1.6.6.3_1,0.3152364273204904,0.7683749084919418
2024,05,ESP.1.6.6.4_1,0.3152364273204904,0.7683749084919418
2024,05,ESP.1.6.6.5_1,0.2959719789842382,0.7495038358807778
2024,05,ESP.1.6.6.6_1,0.3169877408056042,0.7700363627777587
2024,05,ESP.1.6.6.7_1,0.3064798598949212,0.7599342076785331
2024,05,ESP.1.6.6.8_1,0.27495621716287216,0.7276015393056835
2024,05,ESP.1.6.6.9_1,0.3064798598949212,0.7599342076785331
2024,05,ESP.1.6.7.1_1,0.2907180385288967,0.744161272843461
2024,05,ESP.1.6.7.10_1,0.28721541155866903,0.7405511461067358
2024,05,ESP.1.6.7.11_1,0.29246935201401053,0.7459517410664044
2024,05,ESP.1.6.7.12_1,0.33800350262697026,0.7893060243023614
2024,05,ESP.1.6.7.13_1,0.3187390542907181,0.771689056550629
2024,05,ESP.1.6.7.14_1,0.2942206654991244,0.7477325725150671
2024,05,ESP.1.6.7.2_1,0.3345008756567426,0.786178096871186
2024,05,ESP.1.6.7.3_1,0.2714535901926445,0.7238093671679029
2024,05,ESP.1.6.7.4_1,0.30122591943957966,0.7547608892887866
2024,05,ESP.1.6.7.5_1,0.2994746059544659,0.7530179280734292
2024,05,ESP.1.6.7.6_1,0.30297723292469353,0.7564945472374536
2024,05,ESP.1.6.7.7_1,0.3397548161120841,0.7908577621797739
2024,05,ESP.1.6.7.8_1,0.2609457092819615,0.7121769443052759
2024,05,ESP.1.6.7.9_1,0.30472854640980734,0.7582189657348332
2024,05,ESP.1.6.8.1_1,0.26795096322241685,0.7199749995659572
2024,05,ESP.1.6.8.2_1,0.30122591943957966,0.7547608892887866
2024,05,ESP.1.6.8.3_1,0.30823117338003503,0.7616403350663619
2024,05,ESP.1.6.8.4_1,0.28021015761821366,0.7332121111929344
2024,05,ESP.1.6.8.5_1,0.2889667250437829,0.7423610981186985
2024,05,ESP.1.6.8.6_1,0.28196147110332753,0.7350619021551859
2024,05,ESP.1.6.8.7_1,0.2574430823117338,0.7082118327167374
2024,05,ESP.1.6.8.8_1,0.3292469352014011,0.781424340547439
2024,05,ESP.1.6.8.9_1,0.2539404553415061,0.7042016756583301
2024,05,ESP.1.6.9.1_1,0.36777583187390545,0.814616474176652
2024,05,ESP.1.6.9.2_1,0.33625218914185645,0.7877461520058349
2024,05,ESP.1.6.9.3_1,0.34676007005253945,0.7969843160313759
2024,05,ESP.1.6.9.4_1,0.3397548161120841,0.7908577621797739
2024,05,ESP.1.6.9.5_1,0.3064798598949212,0.7599342076785331
2024,05,ESP.1.7.1.1_1,0.4763572679509633,0.8899797750510963
2024,05,ESP.1.7.1.11_1,0.532399299474606,0.9199652167337633
2024,05,ESP.1.7.1.12_1,0.4973730297723292,0.9018736053350269
2024,05,ESP.1.7.1.13_1,0.542907180385289,0.9249864863877743
2024,05,ESP.1.7.1.19_1,0.4991243432574431,0.9028288874421332
2024,05,ESP.1.7.1.20_1,0.4640980735551664,0.8826664149042944
2024,05,ESP.1.7.1.21_1,0.5551663747810859,0.9306148505155073
2024,05,ESP.1.7.1.24_1,0.4605954465849388,0.8805248434882459
2024,05,ESP.1.7.1.27_1,0.5744308231173381,0.9389696480717574
2024,05,ESP.1.7.1.28_1,0.5061295971978984,0.9065958305661901
2024,05,ESP.1.7.1.8_1,0.5078809106830122,0.9075241043630743
2024,05,ESP.1.7.1.9_1,0.4605954465849388,0.8805248434882459
2024,05,ESP.1.7.2.1_1,0.3992994746059545,0.8390852161729463
2024,05,ESP.1.7.2.11_1,0.43782837127845886,0.8660254037844386
2024,05,ESP.1.7.2.15_1,0.40455341506129605,0.8429448380528823
2024,05,ESP.1.7.2.16_1,0.35726795096322245,0.8059379628730737
2024,05,ESP.1.7.2.18_1,0.48336252189141865,0.8940335564172074
2024,05,ESP.1.7.2.19_1,0.4238178633975482,0.8565885826929985
2024,05,ESP.1.7.2.2_1,0.4238178633975482,0.8565885826929985
2024,05,ESP.1.7.2.22_1,0.40980735551663755,0.84674435339127
2024,05,ESP.1.7.2.24_1,0.3747810858143608,0.820253619315392
2024,05,ESP.1.7.2.3_1,0.43257443082311736,0.8625334776111592
2024,05,ESP.1.7.2.4_1,0.3800350262697023,0.8244052401580184
2024,05,ESP.1.7.2.6_1,0.4080560420315237,0.8454844764985339
2024,05,ESP.1.7.2.8_1,0.3975481611208407,0.8377851753283774
2024,05,ESP.1.7.2.9_1,0.43082311733800355,0.8613570688164114
2024,05,ESP.1.7.3.10_1,0.4483362521891419,0.8728436286070947
2024,05,ESP.1.7.3.13_1,0.42556917688266205,0.8577901841359576
2024,05,ESP.1.7.3.16_1,0.44658493870402804,0.8717224328879003
2024,05,ESP.1.7.3.17_1,0.4728546409807356,0.8879189152169246
2024,05,ESP.1.7.3.18_1,0.42556917688266205,0.8577901841359576
2024,05,ESP.1.7.3.21_1,0.37828371278458844,0.8230285535751478
2024,05,ESP.1.7.3.3_1,0.4028021015761822,0.8416650165000324
2024,05,ESP.1.7.4.1_1,0.4570928196147111,0.8783598351473045
2024,05,ESP.1.7.4.11_1,0.5359019264448337,0.9216593730874764
2024,05,ESP.1.7.4.13_1,0.5166374781085814,0.9120855223058855
2024,05,ESP.1.7.4.14_1,0.4640980735551664,0.8826664149042944
2024,05,ESP.1.7.4.15_1,0.5183887915936953,0.9129819275319747
2024,05,ESP.1.7.4.18_1,0.48511383537653247,0.8950329602869382
2024,05,ESP.1.7.4.19_1,0.5288966725043783,0.918250510481753
2024,05,ESP.1.7.4.20_1,0.542907180385289,0.9249864863877743
2024,05,ESP.1.7.4.21_1,0.5026269702276708,0.9047231620777706
2024,05,ESP.1.7.4.26_1,0.43607705779334505,0.8648676199280442
2024,05,ESP.1.7.4.3_1,0.40630472854640987,0.8442179813294668
2024,05,ESP.1.7.4.4_1,0.3607705779334501,0.8088609274776474
2024,05,ESP.1.7.4.6_1,0.48511383537653247,0.8950329602869382
2024,05,ESP.1.7.4.7_1,0.490367775831874,0.8979977728257459
2024,05,ESP.1.7.4.9_1,0.43782837127845886,0.8660254037844386
2024,05,ESP.1.8.1.1_1,0.3187390542907181,0.771689056550629
2024,05,ESP.1.8.1.10_1,0.30823117338003503,0.7616403350663619
2024,05,ESP.1.8.1.11_1,0.28021015761821366,0.7332121111929344
2024,05,ESP.1.8.1.12_1,0.3292469352014011,0.781424340547439
2024,05,ESP.1.8.1.13_1,0.37828371278458844,0.8230285535751478
2024,05,ESP.1.8.1.14_1,0.2626970227670753,0.714142842854285
2024,05,ESP.1.8.1.15_1,0.34325744308231176,0.7939370252104382
2024,05,ESP.1.8.1.16_1,0.28371278458844135,0.73690162165651385
2024,05,ESP.1.8.1.17_1,0.27495621716287216,0.7276015393056835
2024,05,ESP.1.8.1.18_1,0.30297723292469353,0.7564945472374536
2024,05,ESP.1.8.1.2_1,0.30823117338003503,0.7616403350663619
2024,05,ESP.1.8.1.3_1,0.33274956217162877,0.7846018098373213
2024,05,ESP.1.8.1.4_1,0.26970227670753066,0.7218974996493616
2024,05,ESP.1.8.1.5_1,0.3064798598949212,0.7599342076785331
2024,05,ESP.1.8.1.6_1,0.30472854640980734,0.7582189657348332
2024,05,ESP.1.8.1.7_1,0.30472854640980734,0.7582189657348332
2024,05,ESP.1.8.1.8_1,0.3064798598949212,0.7599342076785331
2024,05,ESP.1.8.1.9_1,0.3222416812609457,0.7749683864519894
2024,05,ESP.1.8.2.1_1,0.3747810858143608,0.820253619315392
2024,05,ESP.1.8.2.10_1,0.30297723292469353,0.7564945472374536
2024,05,ESP.1.8.2.11_1,0.2994746059544659,0.7530179280734292
2024,05,ESP.1.8.2.12_1,0.34325744308231176,0.7939370252104382
2024,05,ESP.1.8.2.13_1,0.3397548161120841,0.7908577621797739
2024,05,ESP.1.8.2.14_1,0.43082311733800355,0.8613570688164114
2024,05,ESP.1.8.2.15_1,0.43957968476357273,0.867177029216065
2024,05,ESP.1.8.2.16_1,0.3239929947460596,0.7765951326141569
2024,05,ESP.1.8.2.17_1,0.37653239929947463,0.8216446920658589
2024,05,ESP.1.8.2.18_1,0.35026269702276713,0.7999999999999999
2024,05,ESP.1.8.2.19_1,0.34851138353765326,0.7984960864024319
2024,05,ESP.1.8.2.2_1,0.33800350262697026,0.7893060243023614
2024,05,ESP.1.8.2.20_1,0.34676007005253945,0.7969843160313759
2024,05,ESP.1.8.2.21_1,0.3992994746059545,0.8390852161729463
2024,05,ESP.1.8.2.3_1,0.3397548161120841,0.7908577621797739
2024,05,ESP.1.8.2.4_1,0.34150612959719795,0.7924014134263013
2024,05,ESP.1.8.2.5_1,0.34500875656742563,0.7954646440917409
2024,05,ESP.1.8.2.6_1,0.3975481611208407,0.8377851753283774
2024,05,ESP.1.8.2.7_1,0.42732049036777586,0.8589854480723175
2024,05,ESP.1.8.2.8_1,0.3222416812609457,0.7749683864519894
2024,05,ESP.1.8.2.9_1,0.33800350262697026,0.7893060243023614
2024,05,ESP.1.8.3.1_1,0.32749562171628727,0.7798230568532839
2024,05,ESP.1.8.3.10_1,0.2889667250437829,0.7423610981186985
2024,05,ESP.1.8.3.11_1,0.34150612959719795,0.7924014134263013
2024,05,ESP.1.8.3.12_1,0.2994746059544659,0.7530179280734292
2024,05,ESP.1.8.3.13_1,0.3239929947460596,0.7765951326141569
2024,05,ESP.1.8.3.14_1,0.3309982486865149,0.78301724118949
2024,05,ESP.1.8.3.15_1,0.34500875656742563,0.7954646440917409
2024,05,ESP.1.8.3.16_1,0.38704028021015763,0.8298409486160585
2024,05,ESP.1.8.3.17_1,0.35201401050788095,0.8014961010510282
2024,05,ESP.1.8.3.18_1,0.30823117338003503,0.7616403350663619
2024,05,ESP.1.8.3.2_1,0.34150612959719795,0.7924014134263013
2024,05,ESP.1.8.3.3_1,0.35551663747810863,0.8044650396381436
2024,05,ESP.1.8.3.4_1,0.35026269702276713,0.7999999999999999
2024,05,ESP.1.8.3.5_1,0.35201401050788095,0.8014961010510282
2024,05,ESP.1.8.3.6_1,0.3397548161120841,0.7908577621797739
2024,05,ESP.1.8.3.7_1,0.415061295971979,0.8504845677612263
2024,05,ESP.1.8.3.8_1,0.35901926444833626,0.807403244977378
2024,05,ESP.1.8.3.9_1,0.37828371278458844,0.8230285535751478
2024,05,ESP.1.8.4.1_1,0.3852889667250438,0.8284926070883192
2024,05,ESP.1.8.4.10_1,0.33625218914185645,0.7877461520058349
2024,05,ESP.1.8.4.11_1,0.3852889667250438,0.8284926070883192
2024,05,ESP.1.8.4.12_1,0.37302977232924694,0.8188552985723424
2024,05,ESP.1.8.4.13_1,0.34150612959719795,0.7924014134263013
2024,05,ESP.1.8.4.14_1,0.34325744308231176,0.7939370252104382
2024,05,ESP.1.8.4.15_1,0.33625218914185645,0.7877461520058349
2024,05,ESP.1.8.4.16_1,0.34851138353765326,0.7984960864024319
2024,05,ESP.1.8.4.17_1,0.415061295971979,0.8504845677612263
2024,05,ESP.1.8.4.18_1,0.3257443082311734,0.7782133383590902
2024,05,ESP.1.8.4.19_1,0.33800350262697026,0.7893060243023614
2024,05,ESP.1.8.4.2_1,0.36252189141856395,0.8103110513870584
2024,05,ESP.1.8.4.20_1,0.30472854640980734,0.7582189657348332
2024,05,ESP.1.8.4.21_1,0.3537653239929948,0.8029844332239573
2024,05,ESP.1.8.4.22_1,0.3345008756567426,0.786178096871186
2024,05,ESP.1.8.4.23_1,0.35201401050788095,0.8014961010510282
2024,05,ESP.1.8.4.24_1,0.37828371278458844,0.8230285535751478
2024,05,ESP.1.8.4.25_1,0.35201401050788095,0.8014961010510282
2024,05,ESP.1.8.4.3_1,0.35026269702276713,0.7999999999999999
2024,05,ESP.1.8.4.4_1,0.36252189141856395,0.8103110513870584
2024,05,ESP.1.8.4.5_1,0.36952714535901926,0.8160367638777066
2024,05,ESP.1.8.4.6_1,0.34500875656742563,0.7954646440917409
2024,05,ESP.1.8.4.7_1,0.3537653239929948,0.8029844332239573
2024,05,ESP.1.8.4.8_1,0.3747810858143608,0.820253619315392
2024,05,ESP.1.8.4.9_1,0.3800350262697023,0.8244052401580184
2024,05,ESP.1.8.5.1_1,0.43432574430823123,0.8637036528810099
2024,05,ESP.1.8.5.2_1,0.39579684763572687,0.8364783320564855
2024,05,ESP.1.8.5.3_1,0.40630472854640987,0.8442179813294668
2024,05,ESP.1.8.5.4_1,0.40105078809106837,0.8403784861596588
2024,05,ESP.1.8.6.1_1,0.35551663747810863,0.8044650396381436
2024,05,ESP.1.8.6.10_1,0.36777583187390545,0.814616474176652
2024,05,ESP.1.8.6.2_1,0.3975481611208407,0.8377851753283774
2024,05,ESP.1.8.6.3_1,0.36777583187390545,0.814616474176652
2024,05,ESP.1.8.6.4_1,0.38704028021015763,0.8298409486160585
2024,05,ESP.1.8.6.5_1,0.35901926444833626,0.807403244977378
2024,05,ESP.1.8.6.6_1,0.3397548161120841,0.7908577621797739
2024,05,ESP.1.8.6.7_1,0.37653239929947463,0.8216446920658589
2024,05,ESP.1.8.6.8_1,0.37302977232924694,0.8188552985723424
2024,05,ESP.1.8.6.9_1,0.34851138353765326,0.7984960864024319
2024,05,ESP.1.8.7.1_1,0.3747810858143608,0.820253619315392
2024,05,ESP.1.8.7.10_1,0.3852889667250438,0.8284926070883192
2024,05,ESP.1.8.7.2_1,0.3345008756567426,0.786178096871186
2024,05,ESP.1.8.7.3_1,0.35201401050788095,0.8014961010510282
2024,05,ESP.1.8.7.4_1,0.3397548161120841,0.7908577621797739
2024,05,ESP.1.8.7.5_1,0.36777583187390545,0.814616474176652
2024,05,ESP.1.8.7.6_1,0.38178633975481613,0.8257747876994065
2024,05,ESP.1.8.7.7_1,0.42206654991243436,0.8553806170354809
2024,05,ESP.1.8.7.8_1,0.36427320490367776,0.8117536572138127
2024,05,ESP.1.8.7.9_1,0.3975481611208407,0.8377851753283774
2024,05,ESP.10.1.1.1_1,0.40630472854640987,0.8442179813294668
2024,05,ESP.10.1.1.10_1,0.4185639229422067,0.8529454847761373
2024,05,ESP.10.1.1.2_1,0.5411558669001751,0.9241623234042816
2024,05,ESP.10.1.1.3_1,0.47810858143607715,0.8910016835000931
2024,05,ESP.10.1.1.4_1,0.4535901926444834,0.8761712161444246
2024,05,ESP.10.1.1.5_1,0.542907180385289,0.9249864863877743
2024,05,ESP.10.1.1.6_1,0.415061295971979,0.8504845677612263
2024,05,ESP.10.1.1.7_1,0.5131348511383538,0.9102768809543611
2024,05,ESP.10.1.1.8_1,0.4763572679509633,0.8899797750510963
2024,05,ESP.10.1.1.9_1,0.5464098073555167,0.9266196630764966
2024,05,ESP.10.1.2.1_1,0.35901926444833626,0.807403244977378
2024,05,ESP.10.1.2.2_1,0.3117338003502627,0.7650254897714193
2024,05,ESP.10.1.2.3_1,0.4185639229422067,0.8529454847761373
2024,05,ESP.10.1.2.4_1,0.37828371278458844,0.8230285535751478
2024,05,ESP.10.1.2.5_1,0.37302977232924694,0.8188552985723424
2024,05,ESP.10.1.2.6_1,0.35551663747810863,0.8044650396381436
2024,05,ESP.10.1.2.7_1,0.3905429071803853,0.8325166664998365
2024,05,ESP.10.1.2.8_1,0.39579684763572687,0.8364783320564855
2024,05,ESP.10.1.3.1_1,0.3257443082311734,0.7782133383590902
2024,05,ESP.10.1.3.2_1,0.36602451838879163,0.8131887849693945
2024,05,ESP.10.1.3.3_1,0.28021015761821366,0.7332121111929344
2024,05,ESP.10.1.3.4_1,0.30297723292469353,0.7564945472374536
2024,05,ESP.10.1.3.5_1,0.3169877408056042,0.7700363627777587
2024,05,ESP.10.1.3.6_1,0.32749562171628727,0.7798230568532839
2024,05,ESP.10.1.3.7_1,0.34851138353765326,0.7984960864024319
2024,05,ESP.10.1.4.1_1,0.40105078809106837,0.8403784861596588
2024,05,ESP.10.1.4.10_1,0.394045534150613,0.8351646544245033
2024,05,ESP.10.1.4.11_1,0.394045534150613,0.8351646544245033
2024,05,ESP.10.1.4.12_1,0.4185639229422067,0.8529454847761373
2024,05,ESP.10.1.4.13_1,0.45008756567425573,0.8739588090980032
2024,05,ESP.10.1.4.14_1,0.42206654991243436,0.8553806170354809
2024,05,ESP.10.1.4.15_1,0.38353765323993,0.8271372316611071
2024,05,ESP.10.1.4.16_1,0.42206654991243436,0.8553806170354809
2024,05,ESP.10.1.4.17_1,0.43432574430823123,0.8637036528810099
2024,05,ESP.10.1.4.18_1,0.46935201401050797,0.885835199120017
2024,05,ESP.10.1.4.19_1,0.42732049036777586,0.8589854480723175
2024,05,ESP.10.1.4.2_1,0.40105078809106837,0.8403784861596588
2024,05,ESP.10.1.4.20_1,0.5096322241681261,0.9084470265238365
2024,05,ESP.10.1.4.21_1,0.3922942206654992,0.8338441101309045
2024,05,ESP.10.1.4.22_1,0.415061295971979,0.8504845677612263
2024,05,ESP.10.1.4.23_1,0.43957968476357273,0.867177029216065
2024,05,ESP.10.1.4.24_1,0.43957968476357273,0.867177029216065
2024,05,ESP.10.1.4.25_1,0.3747810858143608,0.820253619315392
2024,05,ESP.10.1.4.26_1,0.4640980735551664,0.8826664149042944
2024,05,ESP.10.1.4.27_1,0.49211908931698783,0.8989749718429317
2024,05,ESP.10.1.4.3_1,0.36777583187390545,0.814616474176652
2024,05,ESP.10.1.4.4_1,0.3905429071803853,0.8325166664998365
2024,05,ESP.10.1.4.5_1,0.35026269702276713,0.7999999999999999
2024,05,ESP.10.1.4.6_1,0.4115586690017513,0.8479976415061541
2024,05,ESP.10.1.4.7_1,0.37653239929947463,0.8216446920658589
2024,05,ESP.10.1.4.8_1,0.415061295971979,0.8504845677612263
2024,05,ESP.10.1.4.9_1,0.3852889667250438,0.8284926070883192
2024,05,ESP.10.1.5.1_1,0.37653239929947463,0.8216446920658589
2024,05,ESP.10.1.5.10_1,0.4080560420315237,0.8454844764985339
2024,05,ESP.10.1.5.11_1,0.34150612959719795,0.7924014134263013
2024,05,ESP.10.1.5.12_1,0.4080560420315237,0.8454844764985339
2024,05,ESP.10.1.5.13_1,0.394045534150613,0.8351646544245033
2024,05,ESP.10.1.5.14_1,0.3922942206654992,0.8338441101309045
2024,05,ESP.10.1.5.15_1,0.4080560420315237,0.8454844764985339
2024,05,ESP.10.1.5.16_1,0.36777583187390545,0.814616474176652
2024,05,ESP.10.1.5.17_1,0.36777583187390545,0.814616474176652
2024,05,ESP.10.1.5.18_1,0.37828371278458844,0.8230285535751478
2024,05,ESP.10.1.5.19_1,0.3887915936952715,0.8311822904754408
2024,05,ESP.10.1.5.2_1,0.3537653239929948,0.8029844332239573
2024,05,ESP.10.1.5.20_1,0.37127845884413313,0.817449692641694
2024,05,ESP.10.1.5.21_1,0.36952714535901926,0.8160367638777066
2024,05,ESP.10.1.5.22_1,0.4028021015761822,0.8416650165000324
2024,05,ESP.10.1.5.23_1,0.4238178633975482,0.8565885826929985
2024,05,ESP.10.1.5.24_1,0.4676007005253941,0.8847847195787232
2024,05,ESP.10.1.5.3_1,0.43782837127845886,0.8660254037844386
2024,05,ESP.10.1.5.4_1,0.30122591943957966,0.7547608892887866
2024,05,ESP.10.1.5.5_1,0.4168126094570928,0.8517182632772413
2024,05,ESP.10.1.5.6_1,0.4483362521891419,0.8728436286070947
2024,05,ESP.10.1.5.7_1,0.45534150612959723,0.8772684879784524
2024,05,ESP.10.1.5.8_1,0.39579684763572687,0.8364783320564855
2024,05,ESP.10.1.5.9_1,0.36427320490367776,0.8117536572138127
2024,05,ESP.10.1.6.1_1,0.490367775831874,0.8979977728257459
2024,05,ESP.10.1.6.10_1,0.5236427320490368,0.9156396671180208
2024,05,ESP.10.1.6.11_1,0.4115586690017513,0.8479976415061541
2024,05,ESP.10.1.6.12_1,0.6304728546409808,0.96
2024,05,ESP.10.1.6.13_1,0.5394045534150613,0.923333092659415
2024,05,ESP.10.1.6.14_1,0.5376532399299475,0.9224987804869988
2024,05,ESP.10.1.6.15_1,0.5376532399299475,0.9224987804869988
2024,05,ESP.10.1.6.16_1,0.5586690017513135,0.9321780945720619
2024,05,ESP.10.1.6.17_1,0.4728546409807356,0.8879189152169246
2024,05,ESP.10.1.6.18_1,0.6234676007005254,0.9576304088739037
2024,05,ESP.10.1.6.19_1,0.4290718038528897,0.8601744009211155
2024,05,ESP.10.1.6.2_1,0.5674255691768827,0.936
2024,05,ESP.10.1.6.20_1,0.5148861646234676,0.9111838453352868
2024,05,ESP.10.1.6.21_1,0.4973730297723292,0.9018736053350269
2024,05,ESP.10.1.6.22_1,0.5516637478108581,0.9290317540321213
2024,05,ESP.10.1.6.23_1,0.5604203152364273,0.9329523031752481
2024,05,ESP.10.1.6.24_1,0.5534150612959721,0.9298257901349047
2024,05,ESP.10.1.6.25_1,0.5026269702276708,0.9047231620777706
2024,05,ESP.10.1.6.26_1,0.5201401050788091,0.9138730765264944
2024,05,ESP.10.1.6.27_1,0.5253940455341506,0.916515138991168
2024,05,ESP.10.1.6.28_1,0.542907180385289,0.9249864863877743
2024,05,ESP.10.1.6.29_1,0.532399299474606,0.9199652167337633
2024,05,ESP.10.1.6.3_1,0.5464098073555167,0.9266196630764966
2024,05,ESP.10.1.6.30_1,0.4728546409807356,0.8879189152169246
2024,05,ESP.10.1.6.31_1,0.5201401050788091,0.9138730765264944
2024,05,ESP.10.1.6.32_1,0.4938704028021016,0.8999466650863261
2024,05,ESP.10.1.6.33_1,0.4728546409807356,0.8879189152169246
2024,05,ESP.10.1.6.34_1,0.4640980735551664,0.8826664149042944
2024,05,ESP.10.1.6.4_1,0.43957968476357273,0.867177029216065
2024,05,ESP.10.1.6.5_1,0.5078809106830122,0.9075241043630743
2024,05,ESP.10.1.6.6_1,0.542907180385289,0.9249864863877743
2024,05,ESP.10.1.6.7_1,0.5043782837127846,0.905662188677434
2024,05,ESP.10.1.6.8_1,0.56217162872154125,0.9337215859130601
2024,05,ESP.10.1.6.9_1,0.4658493870402803,0.883728465084157
2024,05,ESP.10.1.7.1_1,0.44133099824868655,0.8683225207260261
2024,05,ESP.10.1.7.10_1,0.4588441330998249,0.8794452797076121
2024,05,ESP.10.1.7.11_1,0.4711033274956218,0.8868799242287537
2024,05,ESP.10.1.7.12_1,0.5026269702276708,0.9047231620777706
2024,05,ESP.10.1.7.13_1,0.4588441330998249,0.8794452797076121
2024,05,ESP.10.1.7.14_1,0.4238178633975482,0.8565885826929985
2024,05,ESP.10.1.7.15_1,0.39579684763572687,0.8364783320564855
2024,05,ESP.10.1.7.16_1,0.4483362521891419,0.8728436286070947
2024,05,ESP.10.1.7.17_1,0.5464098073555167,0.9266196630764966
2024,05,ESP.10.1.7.2_1,0.4535901926444834,0.8761712161444246
2024,05,ESP.10.1.7.3_1,0.43082311733800355,0.8613570688164114
2024,05,ESP.10.1.7.4_1,0.45008756567425573,0.8739588090980032
2024,05,ESP.10.1.7.5_1,0.43432574430823123,0.8637036528810099
2024,05,ESP.10.1.7.6_1,0.4816112084063048,0.8930285549745876
2024,05,ESP.10.1.7.7_1,0.44133099824868655,0.8683225207260261
2024,05,ESP.10.1.7.8_1,0.44133099824868655,0.8683225207260261
2024,05,ESP.10.1.7.9_1,0.4676007005253941,0.8847847195787232
2024,05,ESP.10.1.8.1_1,0.3169877408056042,0.7700363627777587
2024,05,ESP.10.1.8.10_1,0.3169877408056042,0.7700363627777587
2024,05,ESP.10.1.8.11_1,0.3292469352014011,0.781424340547439
2024,05,ESP.10.1.8.2_1,0.40980735551663755,0.84674435339127
2024,05,ESP.10.1.8.3_1,0.33625218914185645,0.7877461520058349
2024,05,ESP.10.1.8.4_1,0.34150612959719795,0.7924014134263013
2024,05,ESP.10.1.8.5_1,0.36252189141856395,0.8103110513870584
2024,05,ESP.10.1.8.6_1,0.37302977232924694,0.8188552985723424
2024,05,ESP.10.1.8.7_1,0.3852889667250438,0.8284926070883192
2024,05,ESP.10.1.8.8_1,0.30823117338003503,0.7616403350663619
2024,05,ESP.10.1.8.9_1,0.37127845884413313,0.817449692641694
2024,05,ESP.10.1.9.2_1,0.3992994746059545,0.8390852161729463
2024,05,ESP.10.1.9.3_1,0.42556917688266205,0.8577901841359576
2024,05,ESP.10.1.9.4_1,0.4676007005253941,0.8847847195787232
2024,05,ESP.10.2.3.17_1,0.3887915936952715,0.8311822904754408
2024,05,ESP.10.2.5.1_1,0.4991243432574431,0.9028288874421332
2024,05,ESP.10.2.5.11_1,0.43957968476357273,0.867177029216065
2024,05,ESP.10.2.5.12_1,0.4658493870402803,0.883728465084157
2024,05,ESP.10.2.5.13_1,0.521891418563923,0.9147589846511485
2024,05,ESP.10.2.5.14_1,0.4535901926444834,0.8761712161444246
2024,05,ESP.10.2.5.16_1,0.4535901926444834,0.8761712161444246
2024,05,ESP.10.2.5.17_1,0.4676007005253941,0.8847847195787232
2024,05,ESP.10.2.5.18_1,0.47810858143607715,0.8910016835000931
2024,05,ESP.10.2.5.2_1,0.490367775831874,0.8979977728257459
2024,05,ESP.10.2.5.3_1,0.4623467600700526,0.8815985480931783
2024,05,ESP.10.2.5.4_1,0.4535901926444834,0.8761712161444246
2024,05,ESP.10.2.5.6_1,0.4676007005253941,0.8847847195787232
2024,05,ESP.10.2.5.9_1,0.42206654991243436,0.8553806170354809
2024,05,ESP.10.2.7.1_1,0.5288966725043783,0.918250510481753
2024,05,ESP.10.2.7.2_1,0.586690017513135,0.9439809320108113
2024,05,ESP.10.2.7.5_1,0.5516637478108581,0.9290317540321213
2024,05,ESP.10.2.7.6_1,0.5201401050788091,0.9138730765264944
2024,05,ESP.10.2.7.9_1,0.5674255691768827,0.936
2024,05,ESP.10.2.8.14_1,0.5534150612959721,0.9298257901349047
2024,05,ESP.10.2.8.20_1,0.5761821366024519,0.939699952112375
2024,05,ESP.10.2.8.4_1,0.500875656742557,0.9037787339830473
2024,05,ESP.10.2.8.8_1,0.5253940455341506,0.916515138991168
2024,05,ESP.10.2.8.9_1,0.532399299474606,0.9199652167337633
2024,05,ESP.10.3.1.10_1,0.47810858143607715,0.8910016835000931
2024,05,ESP.10.3.1.14_1,0.4973730297723292,0.9018736053350269
2024,05,ESP.10.3.1.7_1,0.5394045534150613,0.923333092659415
2024,05,ESP.10.3.10.1_1,0.47985989492119097,0.8920179370393849
2024,05,ESP.10.3.10.10_1,0.40455341506129605,0.8429448380528823
2024,05,ESP.10.3.10.11_1,0.44658493870402804,0.8717224328879003
2024,05,ESP.10.3.10.2_1,0.42206654991243436,0.8553806170354809
2024,05,ESP.10.3.10.3_1,0.44133099824868655,0.8683225207260261
2024,05,ESP.10.3.10.5_1,0.4605954465849388,0.8805248434882459
2024,05,ESP.10.3.10.7_1,0.4728546409807356,0.8879189152169246
2024,05,ESP.10.3.10.8_1,0.42206654991243436,0.8553806170354809
2024,05,ESP.10.3.10.9_1,0.44133099824868655,0.8683225207260261
2024,05,ESP.10.3.11.1_1,0.5394045534150613,0.923333092659415
2024,05,ESP.10.3.11.14_1,0.4676007005253941,0.8847847195787232
2024,05,ESP.10.3.11.16_1,0.5096322241681261,0.9084470265238365
2024,05,ESP.10.3.11.19_1,0.51138353765324,0.909364613342745
2024,05,ESP.10.3.11.28_1,0.45534150612959723,0.8772684879784524
2024,05,ESP.10.3.11.29_1,0.500875656742557,0.9037787339830473
2024,05,ESP.10.3.11.30_1,0.4640980735551664,0.8826664149042944
2024,05,ESP.10.3.11.7_1,0.4938704028021016,0.8999466650863261
2024,05,ESP.10.3.12.5_1,0.33800350262697026,0.7893060243023614
2024,05,ESP.10.3.13.12_1,0.4080560420315237,0.8454844764985339
2024,05,ESP.10.3.13.14_1,0.4028021015761822,0.8416650165000324
2024,05,ESP.10.3.13.25_1,0.3975481611208407,0.8377851753283774
2024,05,ESP.10.3.13.3_1,0.38704028021015763,0.8298409486160585
2024,05,ESP.10.3.13.4_1,0.4676007005253941,0.8847847195787232
2024,05,ESP.10.3.13.5_1,0.4133099824868652,0.84924437001372
2024,05,ESP.10.3.13.6_1,0.44133099824868655,0.8683225207260261
2024,05,ESP.10.3.13.9_1,0.3905429071803853,0.8325166664998365
2024,05,ESP.10.3.14.11_1,0.40455341506129605,0.8429448380528823
2024,05,ESP.10.3.14.12_1,0.45008756567425573,0.8739588090980032
2024,05,ESP.10.3.14.2_1,0.4483362521891419,0.8728436286070947
2024,05,ESP.10.3.14.5_1,0.500875656742557,0.9037787339830473
2024,05,ESP.10.3.16.15_1,0.3800350262697023,0.8244052401580184
2024,05,ESP.10.3.17.1_1,0.35201401050788095,0.8014961010510282
2024,05,ESP.10.3.17.14_1,0.33625218914185645,0.7877461520058349
2024,05,ESP.10.3.17.17_1,0.36777583187390545,0.814616474176652
2024,05,ESP.10.3.17.18_1,0.40455341506129605,0.8429448380528823
2024,05,ESP.10.3.17.19_1,0.31348511383537653,0.766704636740903
2024,05,ESP.10.3.17.25_1,0.4483362521891419,0.8728436286070947
2024,05,ESP.10.3.17.26_1,0.35901926444833626,0.807403244977378
2024,05,ESP.10.3.17.27_1,0.38704028021015763,0.8298409486160585
2024,05,ESP.10.3.17.3_1,0.4570928196147111,0.8783598351473045
2024,05,ESP.10.3.17.32_1,0.3800350262697023,0.8244052401580184
2024,05,ESP.10.3.17.4_1,0.34676007005253945,0.7969843160313759
2024,05,ESP.10.3.17.6_1,0.37653239929947463,0.8216446920658589
2024,05,ESP.10.3.17.9_1,0.36952714535901926,0.8160367638777066
2024,05,ESP.10.3.2.1_1,0.3800350262697023,0.8244052401580184
2024,05,ESP.10.3.2.12_1,0.4570928196147111,0.8783598351473045
2024,05,ESP.10.3.2.14_1,0.40105078809106837,0.8403784861596588
2024,05,ESP.10.3.2.15_1,0.34150612959719795,0.7924014134263013
2024,05,ESP.10.3.2.3_1,0.45008756567425573,0.8739588090980032
2024,05,ESP.10.3.2.7_1,0.3905429071803853,0.8325166664998365
2024,05,ESP.10.3.2.8_1,0.4290718038528897,0.8601744009211155
2024,05,ESP.10.3.2.9_1,0.3992994746059545,0.8390852161729463
2024,05,ESP.10.3.4.1_1,0.42556917688266205,0.8577901841359576
2024,05,ESP.10.3.5.19_1,0.4115586690017513,0.8479976415061541
2024,05,ESP.10.3.5.7_1,0.34150612959719795,0.7924014134263013
2024,05,ESP.10.3.6.3_1,0.34150612959719795,0.7924014134263013
2024,05,ESP.10.3.6.4_1,0.35901926444833626,0.807403244977378
2024,05,ESP.10.3.6.6_1,0.37302977232924694,0.8188552985723424
2024,05,ESP.10.3.7.1_1,0.45534150612959723,0.8772684879784524
2024,05,ESP.10.3.7.10_1,0.4938704028021016,0.8999466650863261
2024,05,ESP.10.3.7.12_1,0.47985989492119097,0.8920179370393849
2024,05,ESP.10.3.7.13_1,0.42206654991243436,0.8553806170354809
2024,05,ESP.10.3.7.14_1,0.5078809106830122,0.9075241043630743
2024,05,ESP.10.3.7.15_1,0.4658493870402803,0.883728465084157
2024,05,ESP.10.3.7.16_1,0.4483362521891419,0.8728436286070947
2024,05,ESP.10.3.7.18_1,0.48686514886164634,0.8960267853139213
2024,05,ESP.10.3.7.19_1,0.4570928196147111,0.8783598351473045
2024,05,ESP.10.3.7.2_1,0.51138353765324,0.909364613342745
2024,05,ESP.10.3.7.20_1,0.4203152364273205,0.8541662601625049
2024,05,ESP.10.3.7.21_1,0.40980735551663755,0.84674435339127
2024,05,ESP.10.3.7.22_1,0.5096322241681261,0.9084470265238365
2024,05,ESP.10.3.7.23_1,0.4518388791593696,0.8750679973579196
2024,05,ESP.10.3.7.3_1,0.47810858143607715,0.8910016835000931
2024,05,ESP.10.3.7.4_1,0.4676007005253941,0.8847847195787232
2024,05,ESP.10.3.7.5_1,0.5061295971978984,0.9065958305661901
2024,05,ESP.10.3.7.6_1,0.5078809106830122,0.9075241043630743
2024,05,ESP.10.3.7.7_1,0.4570928196147111,0.8783598351473045
2024,05,ESP.10.3.8.1_1,0.44658493870402804,0.8717224328879003
2024,05,ESP.10.3.8.10_1,0.45008756567425573,0.8739588090980032
2024,05,ESP.10.3.8.2_1,0.4570928196147111,0.8783598351473045
2024,05,ESP.10.3.8.3_1,0.43432574430823123,0.8637036528810099
2024,05,ESP.10.3.8.4_1,0.47810858143607715,0.8910016835000931
2024,05,ESP.10.3.8.5_1,0.43607705779334505,0.8648676199280442
2024,05,ESP.10.3.8.6_1,0.4658493870402803,0.883728465084157
2024,05,ESP.10.3.8.7_1,0.46935201401050797,0.885835199120017
2024,05,ESP.10.3.8.8_1,0.4430823117338004,0.8694619025581282
2024,05,ESP.10.3.8.9_1,0.43257443082311736,0.8625334776111592
2024,05,ESP.10.3.9.1_1,0.43432574430823123,0.8637036528810099
2024,05,ESP.11.1.1.1_1,0.40630472854640987,0.8442179813294668
2024,05,ESP.11.1.1.2_1,0.35201401050788095,0.8014961010510282
2024,05,ESP.11.1.1.3_1,0.36602451838879163,0.8131887849693945
2024,05,ESP.11.1.1.4_1,0.35726795096322245,0.8059379628730737
2024,05,ESP.11.1.1.5_1,0.31348511383537653,0.766704636740903
2024,05,ESP.11.1.1.6_1,0.3800350262697023,0.8244052401580184
2024,05,ESP.11.1.1.7_1,0.34325744308231176,0.7939370252104382
2024,05,ESP.11.1.10.1_1,0.394045534150613,0.8351646544245033
2024,05,ESP.11.1.10.10_1,0.3397548161120841,0.7908577621797739
2024,05,ESP.11.1.10.11_1,0.31348511383537653,0.766704636740903
2024,05,ESP.11.1.10.12_1,0.36952714535901926,0.8160367638777066
2024,05,ESP.11.1.10.13_1,0.2977232924693521,0.7512655988397179
2024,05,ESP.11.1.10.14_1,0.31348511383537653,0.766704636740903
2024,05,ESP.11.1.10.15_1,0.34325744308231176,0.7939370252104382
2024,05,ESP.11.1.10.16_1,0.37828371278458844,0.8230285535751478
2024,05,ESP.11.1.10.17_1,0.36602451838879163,0.8131887849693945
2024,05,ESP.11.1.10.18_1,0.3537653239929948,0.8029844332239573
2024,05,ESP.11.1.10.2_1,0.35201401050788095,0.8014961010510282
2024,05,ESP.11.1.10.3_1,0.37127845884413313,0.817449692641694
2024,05,ESP.11.1.10.4_1,0.3922942206654992,0.8338441101309045
2024,05,ESP.11.1.10.5_1,0.35201401050788095,0.8014961010510282
2024,05,ESP.11.1.10.6_1,0.36427320490367776,0.8117536572138127
2024,05,ESP.11.1.10.7_1,0.34851138353765326,0.7984960864024319
2024,05,ESP.11.1.10.8_1,0.35201401050788095,0.8014961010510282
2024,05,ESP.11.1.10.9_1,0.2994746059544659,0.7530179280734292
2024,05,ESP.11.1.11.1_1,0.3397548161120841,0.7908577621797739
2024,05,ESP.11.1.11.10_1,0.36777583187390545,0.814616474176652
2024,05,ESP.11.1.11.11_1,0.30122591943957966,0.7547608892887866
2024,05,ESP.11.1.11.2_1,0.2977232924693521,0.7512655988397179
2024,05,ESP.11.1.11.3_1,0.35551663747810863,0.8044650396381436
2024,05,ESP.11.1.11.4_1,0.33274956217162877,0.7846018098373213
2024,05,ESP.11.1.11.5_1,0.3345008756567426,0.786178096871186
2024,05,ESP.11.1.11.6_1,0.2977232924693521,0.7512655988397179
2024,05,ESP.11.1.11.7_1,0.32749562171628727,0.7798230568532839
2024,05,ESP.11.1.11.8_1,0.3345008756567426,0.786178096871186
2024,05,ESP.11.1.11.9_1,0.3345008756567426,0.786178096871186
2024,05,ESP.11.1.12.1_1,0.34150612959719795,0.7924014134263013
2024,05,ESP.11.1.12.10_1,0.3152364273204904,0.7683749084919418
2024,05,ESP.11.1.12.11_1,0.2907180385288967,0.744161272843461
2024,05,ESP.11.1.12.12_1,0.3309982486865149,0.78301724118949
2024,05,ESP.11.1.12.13_1,0.3537653239929948,0.8029844332239573
2024,05,ESP.11.1.12.14_1,0.3345008756567426,0.786178096871186
2024,05,ESP.11.1.12.15_1,0.3099824868651489,0.7633374090138647
2024,05,ESP.11.1.12.16_1,0.27495621716287216,0.7276015393056835
2024,05,ESP.11.1.12.17_1,0.2854640980735552,0.7387313449421243
2024,05,ESP.11.1.12.18_1,0.2907180385288967,0.744161272843461
2024,05,ESP.11.1.12.2_1,0.2714535901926445,0.7238093671679029
2024,05,ESP.11.1.12.3_1,0.2959719789842382,0.7495038358807778
2024,05,ESP.11.1.12.4_1,0.3064798598949212,0.7599342076785331
2024,05,ESP.11.1.12.5_1,0.3257443082311734,0.7782133383590902
2024,05,ESP.11.1.12.6_1,0.30472854640980734,0.7582189657348332
2024,05,ESP.11.1.12.7_1,0.3204903677758319,0.7733330459769581
2024,05,ESP.11.1.12.8_1,0.30823117338003503,0.7616403350663619
2024,05,ESP.11.1.12.9_1,0.3152364273204904,0.7683749084919418
2024,05,ESP.11.1.2.1_1,0.3152364273204904,0.7683749084919418
2024,05,ESP.11.1.2.10_1,0.28371278458844135,0.73690162165651385
2024,05,ESP.11.1.2.11_1,0.35726795096322245,0.8059379628730737
2024,05,ESP.11.1.2.12_1,0.3607705779334501,0.8088609274776474
2024,05,ESP.11.1.2.2_1,0.35026269702276713,0.7999999999999999
2024,05,ESP.11.1.2.3_1,0.38178633975481613,0.8257747876994065
2024,05,ESP.11.1.2.4_1,0.28196147110332753,0.7350619021551859
2024,05,ESP.11.1.2.5_1,0.2977232924693521,0.7512655988397179
2024,05,ESP.11.1.2.6_1,0.34325744308231176,0.7939370252104382
2024,05,ESP.11.1.2.7_1,0.34676007005253945,0.7969843160313759
2024,05,ESP.11.1.2.8_1,0.3257443082311734,0.7782133383590902
2024,05,ESP.11.1.2.9_1,0.34676007005253945,0.7969843160313759
2024,05,ESP.11.1.3.1_1,0.3309982486865149,0.78301724118949
2024,05,ESP.11.1.3.10_1,0.3204903677758319,0.7733330459769581
2024,05,ESP.11.1.3.11_1,0.29246935201401053,0.7459517410664044
2024,05,ESP.11.1.3.12_1,0.30472854640980734,0.7582189657348332
2024,05,ESP.11.1.3.13_1,0.2977232924693521,0.7512655988397179
2024,05,ESP.11.1.3.2_1,0.30297723292469353,0.7564945472374536
2024,05,ESP.11.1.3.3_1,0.27495621716287216,0.7276015393056835
2024,05,ESP.11.1.3.4_1,0.30823117338003503,0.7616403350663619
2024,05,ESP.11.1.3.5_1,0.3187390542907181,0.771689056550629
2024,05,ESP.11.1.3.6_1,0.3345008756567426,0.786178096871186
2024,05,ESP.11.1.3.7_1,0.3187390542907181,0.771689056550629
2024,05,ESP.11.1.3.8_1,0.3345008756567426,0.786178096871186
2024,05,ESP.11.1.3.9_1,0.33800350262697026,0.7893060243023614
2024,05,ESP.11.1.4.1_1,0.38178633975481613,0.8257747876994065
2024,05,ESP.11.1.4.2_1,0.3292469352014011,0.781424340547439
2024,05,ESP.11.1.4.3_1,0.3099824868651489,0.7633374090138647
2024,05,ESP.11.1.4.4_1,0.34500875656742563,0.7954646440917409
2024,05,ESP.11.1.4.5_1,0.30823117338003503,0.7616403350663619
2024,05,ESP.11.1.4.6_1,0.2889667250437829,0.7423610981186985
2024,05,ESP.11.1.5.1_1,0.3922942206654992,0.8338441101309045
2024,05,ESP.11.1.5.10_1,0.3117338003502627,0.7650254897714193
2024,05,ESP.11.1.5.2_1,0.35026269702276713,0.7999999999999999
2024,05,ESP.11.1.5.3_1,0.34500875656742563,0.7954646440917409
2024,05,ESP.11.1.5.4_1,0.32749562171628727,0.7798230568532839
2024,05,ESP.11.1.5.5_1,0.35201401050788095,0.8014961010510282
2024,05,ESP.11.1.5.6_1,0.33625218914185645,0.7877461520058349
2024,05,ESP.11.1.5.7_1,0.34851138353765326,0.7984960864024319
2024,05,ESP.11.1.5.8_1,0.35551663747810863,0.8044650396381436
2024,05,ESP.11.1.5.9_1,0.35726795096322245,0.8059379628730737
2024,05,ESP.11.1.6.1_1,0.3239929947460596,0.7765951326141569
2024,05,ESP.11.1.6.10_1,0.36427320490367776,0.8117536572138127
2024,05,ESP.11.1.6.11_1,0.3345008756567426,0.786178096871186
2024,05,ESP.11.1.6.12_1,0.38178633975481613,0.8257747876994065
2024,05,ESP.11.1.6.13_1,0.31348511383537653,0.766704636740903
2024,05,ESP.11.1.6.14_1,0.35201401050788095,0.8014961010510282
2024,05,ESP.11.1.6.15_1,0.34676007005253945,0.7969843160313759
2024,05,ESP.11.1.6.16_1,0.35026269702276713,0.7999999999999999
2024,05,ESP.11.1.6.17_1,0.31348511383537653,0.766704636740903
2024,05,ESP.11.1.6.18_1,0.30122591943957966,0.7547608892887866
2024,05,ESP.11.1.6.19_1,0.37302977232924694,0.8188552985723424
2024,05,ESP.11.1.6.2_1,0.3309982486865149,0.78301724118949
2024,05,ESP.11.1.6.20_1,0.3239929947460596,0.7765951326141569
2024,05,ESP.11.1.6.21_1,0.35726795096322245,0.8059379628730737
2024,05,ESP.11.1.6.22_1,0.3607705779334501,0.8088609274776474
2024,05,ESP.11.1.6.23_1,0.33274956217162877,0.7846018098373213
2024,05,ESP.11.1.6.24_1,0.34851138353765326,0.7984960864024319
2024,05,ESP.11.1.6.3_1,0.3537653239929948,0.8029844332239573
2024,05,ESP.11.1.6.4_1,0.3292469352014011,0.781424340547439
2024,05,ESP.11.1.6.5_1,0.34676007005253945,0.7969843160313759
2024,05,ESP.11.1.6.6_1,0.34325744308231176,0.7939370252104382
2024,05,ESP.11.1.6.7_1,0.3309982486865149,0.78301724118949
2024,05,ESP.11.1.6.8_1,0.3345008756567426,0.786178096871186
2024,05,ESP.11.1.6.9_1,0.2977232924693521,0.7512655988397179
2024,05,ESP.11.1.7.1_1,0.34676007005253945,0.7969843160313759
2024,05,ESP.11.1.7.10_1,0.36252189141856395,0.8103110513870584
2024,05,ESP.11.1.7.11_1,0.36427320490367776,0.8117536572138127
2024,05,ESP.11.1.7.12_1,0.35901926444833626,0.807403244977378
2024,05,ESP.11.1.7.13_1,0.33274956217162877,0.7846018098373213
2024,05,ESP.11.1.7.14_1,0.32749562171628727,0.7798230568532839
2024,05,ESP.11.1.7.15_1,0.36602451838879163,0.8131887849693945
2024,05,ESP.11.1.7.16_1,0.35201401050788095,0.8014961010510282
2024,05,ESP.11.1.7.17_1,0.3607705779334501,0.8088609274776474
2024,05,ESP.11.1.7.18_1,0.36777583187390545,0.814616474176652
2024,05,ESP.11.1.7.19_1,0.3747810858143608,0.820253619315392
2024,05,ESP.11.1.7.2_1,0.36952714535901926,0.8160367638777066
2024,05,ESP.11.1.7.20_1,0.36602451838879163,0.8131887849693945
2024,05,ESP.11.1.7.21_1,0.34851138353765326,0.7984960864024319
2024,05,ESP.11.1.7.22_1,0.3309982486865149,0.78301724118949
2024,05,ESP.11.1.7.23_1,0.33274956217162877,0.7846018098373213
2024,05,ESP.11.1.7.3_1,0.3397548161120841,0.7908577621797739
2024,05,ESP.11.1.7.4_1,0.3345008756567426,0.786178096871186
2024,05,ESP.11.1.7.5_1,0.34851138353765326,0.7984960864024319
2024,05,ESP.11.1.7.6_1,0.3309982486865149,0.78301724118949
2024,05,ESP.11.1.7.7_1,0.34325744308231176,0.7939370252104382
2024,05,ESP.11.1.7.8_1,0.38178633975481613,0.8257747876994065
2024,05,ESP.11.1.7.9_1,0.3607705779334501,0.8088609274776474
2024,05,ESP.11.1.8.1_1,0.4028021015761822,0.8416650165000324
2024,05,ESP.11.1.8.2_1,0.4133099824868652,0.84924437001372
2024,05,ESP.11.1.8.3_1,0.3887915936952715,0.8311822904754408
2024,05,ESP.11.1.8.4_1,0.39579684763572687,0.8364783320564855
2024,05,ESP.11.1.8.5_1,0.3800350262697023,0.8244052401580184
2024,05,ESP.11.1.8.6_1,0.4238178633975482,0.8565885826929985
2024,05,ESP.11.1.8.7_1,0.3905429071803853,0.8325166664998365
2024,05,ESP.11.1.9.1_1,0.34851138353765326,0.7984960864024319
2024,05,ESP.11.1.9.10_1,0.3607705779334501,0.8088609274776474
2024,05,ESP.11.1.9.11_1,0.3239929947460596,0.7765951326141569
2024,05,ESP.11.1.9.12_1,0.37653239929947463,0.8216446920658589
2024,05,ESP.11.1.9.13_1,0.38353765323993,0.8271372316611071
2024,05,ESP.11.1.9.14_1,0.34851138353765326,0.7984960864024319
2024,05,ESP.11.1.9.15_1,0.37127845884413313,0.817449692641694
2024,05,ESP.11.1.9.16_1,0.394045534150613,0.8351646544245033
2024,05,ESP.11.1.9.2_1,0.35551663747810863,0.8044650396381436
2024,05,ESP.11.1.9.3_1,0.3537653239929948,0.8029844332239573
2024,05,ESP.11.1.9.4_1,0.36427320490367776,0.8117536572138127
2024,05,ESP.11.1.9.5_1,0.37127845884413313,0.817449692641694
2024,05,ESP.11.1.9.6_1,0.3537653239929948,0.8029844332239573
2024,05,ESP.11.1.9.7_1,0.38178633975481613,0.8257747876994065
2024,05,ESP.11.1.9.8_1,0.31348511383537653,0.766704636740903
2024,05,ESP.11.1.9.9_1,0.3800350262697023,0.8244052401580184
2024,05,ESP.11.2.1.1_1,0.40980735551663755,0.84674435339127
2024,05,ESP.11.2.1.10_1,0.43782837127845886,0.8660254037844386
2024,05,ESP.11.2.1.11_1,0.40980735551663755,0.84674435339127
2024,05,ESP.11.2.1.12_1,0.4203152364273205,0.8541662601625049
2024,05,ESP.11.2.1.13_1,0.44133099824868655,0.8683225207260261
2024,05,ESP.11.2.1.14_1,0.40455341506129605,0.8429448380528823
2024,05,ESP.11.2.1.15_1,0.4203152364273205,0.8541662601625049
2024,05,ESP.11.2.1.16_1,0.3922942206654992,0.8338441101309045
2024,05,ESP.11.2.1.17_1,0.44658493870402804,0.8717224328879003
2024,05,ESP.11.2.1.18_1,0.44483362521891423,0.8705951987002916
2024,05,ESP.11.2.1.19_1,0.43432574430823123,0.8637036528810099
2024,05,ESP.11.2.1.2_1,0.4518388791593696,0.8750679973579196
2024,05,ESP.11.2.1.20_1,0.43432574430823123,0.8637036528810099
2024,05,ESP.11.2.1.21_1,0.4115586690017513,0.8479976415061541
2024,05,ESP.11.2.1.22_1,0.4168126094570928,0.8517182632772413
2024,05,ESP.11.2.1.23_1,0.4623467600700526,0.8815985480931783
2024,05,ESP.11.2.1.3_1,0.4203152364273205,0.8541662601625049
2024,05,ESP.11.2.1.4_1,0.43257443082311736,0.8625334776111592
2024,05,ESP.11.2.1.5_1,0.39579684763572687,0.8364783320564855
2024,05,ESP.11.2.1.6_1,0.4605954465849388,0.8805248434882459
2024,05,ESP.11.2.1.7_1,0.4535901926444834,0.8761712161444246
2024,05,ESP.11.2.1.8_1,0.4430823117338004,0.8694619025581282
2024,05,ESP.11.2.1.9_1,0.42556917688266205,0.8577901841359576
2024,05,ESP.11.2.10.1_1,0.35726795096322245,0.8059379628730737
2024,05,ESP.11.2.10.10_1,0.33274956217162877,0.7846018098373213
2024,05,ESP.11.2.10.11_1,0.38353765323993,0.8271372316611071
2024,05,ESP.11.2.10.12_1,0.30472854640980734,0.7582189657348332
2024,05,ESP.11.2.10.13_1,0.35026269702276713,0.7999999999999999
2024,05,ESP.11.2.10.14_1,0.31348511383537653,0.766704636740903
2024,05,ESP.11.2.10.15_1,0.3099824868651489,0.7633374090138647
2024,05,ESP.11.2.10.16_1,0.3187390542907181,0.771689056550629
2024,05,ESP.11.2.10.17_1,0.30823117338003503,0.7616403350663619
2024,05,ESP.11.2.10.18_1,0.34500875656742563,0.7954646440917409
2024,05,ESP.11.2.10.19_1,0.3905429071803853,0.8325166664998365
2024,05,ESP.11.2.10.2_1,0.3537653239929948,0.8029844332239573
2024,05,ESP.11.2.10.20_1,0.3345008756567426,0.786178096871186
2024,05,ESP.11.2.10.21_1,0.394045534150613,0.8351646544245033
2024,05,ESP.11.2.10.22_1,0.39579684763572687,0.8364783320564855
2024,05,ESP.11.2.10.23_1,0.3187390542907181,0.771689056550629
2024,05,ESP.11.2.10.3_1,0.3852889667250438,0.8284926070883192
2024,05,ESP.11.2.10.4_1,0.30823117338003503,0.7616403350663619
2024,05,ESP.11.2.10.5_1,0.3747810858143608,0.820253619315392
2024,05,ESP.11.2.10.6_1,0.32749562171628727,0.7798230568532839
2024,05,ESP.11.2.10.7_1,0.33274956217162877,0.7846018098373213
2024,05,ESP.11.2.10.8_1,0.36427320490367776,0.8117536572138127
2024,05,ESP.11.2.10.9_1,0.3607705779334501,0.8088609274776474
2024,05,ESP.11.2.2.1_1,0.35201401050788095,0.8014961010510282
2024,05,ESP.11.2.2.10_1,0.3257443082311734,0.7782133383590902
2024,05,ESP.11.2.2.11_1,0.35551663747810863,0.8044650396381436
2024,05,ESP.11.2.2.12_1,0.3887915936952715,0.8311822904754408
2024,05,ESP.11.2.2.2_1,0.34325744308231176,0.7939370252104382
2024,05,ESP.11.2.2.3_1,0.36952714535901926,0.8160367638777066
2024,05,ESP.11.2.2.4_1,0.3257443082311734,0.7782133383590902
2024,05,ESP.11.2.2.5_1,0.37127845884413313,0.817449692641694
2024,05,ESP.11.2.2.6_1,0.29246935201401053,0.7459517410664044
2024,05,ESP.11.2.2.7_1,0.38178633975481613,0.8257747876994065
2024,05,ESP.11.2.2.8_1,0.3222416812609457,0.7749683864519894
2024,05,ESP.11.2.2.9_1,0.35901926444833626,0.807403244977378
2024,05,ESP.11.2.3.1_1,0.43082311733800355,0.8613570688164114
2024,05,ESP.11.2.3.10_1,0.3905429071803853,0.8325166664998365
2024,05,ESP.11.2.3.11_1,0.3800350262697023,0.8244052401580184
2024,05,ESP.11.2.3.12_1,0.4238178633975482,0.8565885826929985
2024,05,ESP.11.2.3.13_1,0.4185639229422067,0.8529454847761373
2024,05,ESP.11.2.3.14_1,0.44483362521891423,0.8705951987002916
2024,05,ESP.11.2.3.2_1,0.3800350262697023,0.8244052401580184
2024,05,ESP.11.2.3.3_1,0.3905429071803853,0.8325166664998365
2024,05,ESP.11.2.3.4_1,0.415061295971979,0.8504845677612263
2024,05,ESP.11.2.3.5_1,0.43782837127845886,0.8660254037844386
2024,05,ESP.11.2.3.6_1,0.4115586690017513,0.8479976415061541
2024,05,ESP.11.2.3.7_1,0.40630472854640987,0.8442179813294668
2024,05,ESP.11.2.3.8_1,0.4080560420315237,0.8454844764985339
2024,05,ESP.11.2.3.9_1,0.3887915936952715,0.8311822904754408
2024,05,ESP.11.2.4.1_1,0.43782837127845886,0.8660254037844386
2024,05,ESP.11.2.4.10_1,0.38178633975481613,0.8257747876994065
2024,05,ESP.11.2.4.11_1,0.4028021015761822,0.8416650165000324
2024,05,ESP.11.2.4.12_1,0.4238178633975482,0.8565885826929985
2024,05,ESP.11.2.4.13_1,0.4185639229422067,0.8529454847761373
2024,05,ESP.11.2.4.14_1,0.4185639229422067,0.8529454847761373
2024,05,ESP.11.2.4.15_1,0.37828371278458844,0.8230285535751478
2024,05,ESP.11.2.4.16_1,0.3922942206654992,0.8338441101309045
2024,05,ESP.11.2.4.17_1,0.4605954465849388,0.8805248434882459
2024,05,ESP.11.2.4.18_1,0.4168126094570928,0.8517182632772413
2024,05,ESP.11.2.4.19_1,0.38704028021015763,0.8298409486160585
2024,05,ESP.11.2.4.2_1,0.43432574430823123,0.8637036528810099
2024,05,ESP.11.2.4.20_1,0.3992994746059545,0.8390852161729463
2024,05,ESP.11.2.4.21_1,0.44658493870402804,0.8717224328879003
2024,05,ESP.11.2.4.22_1,0.4203152364273205,0.8541662601625049
2024,05,ESP.11.2.4.23_1,0.43257443082311736,0.8625334776111592
2024,05,ESP.11.2.4.24_1,0.42732049036777586,0.8589854480723175
2024,05,ESP.11.2.4.25_1,0.4588441330998249,0.8794452797076121
2024,05,ESP.11.2.4.26_1,0.3905429071803853,0.8325166664998365
2024,05,ESP.11.2.4.27_1,0.3852889667250438,0.8284926070883192
2024,05,ESP.11.2.4.28_1,0.39579684763572687,0.8364783320564855
2024,05,ESP.11.2.4.29_1,0.36252189141856395,0.8103110513870584
2024,05,ESP.11.2.4.3_1,0.38178633975481613,0.8257747876994065
2024,05,ESP.11.2.4.30_1,0.40630472854640987,0.8442179813294668
2024,05,ESP.11.2.4.31_1,0.42206654991243436,0.8553806170354809
2024,05,ESP.11.2.4.32_1,0.43782837127845886,0.8660254037844386
2024,05,ESP.11.2.4.33_1,0.3992994746059545,0.8390852161729463
2024,05,ESP.11.2.4.4_1,0.35026269702276713,0.7999999999999999
2024,05,ESP.11.2.4.5_1,0.4185639229422067,0.8529454847761373
2024,05,ESP.11.2.4.6_1,0.4185639229422067,0.8529454847761373
2024,05,ESP.11.2.4.7_1,0.34851138353765326,0.7984960864024319
2024,05,ESP.11.2.4.8_1,0.4028021015761822,0.8416650165000324
2024,05,ESP.11.2.4.9_1,0.34500875656742563,0.7954646440917409
2024,05,ESP.11.2.5.1_1,0.45534150612959723,0.8772684879784524
2024,05,ESP.11.2.5.10_1,0.4588441330998249,0.8794452797076121
2024,05,ESP.11.2.5.11_1,0.44658493870402804,0.8717224328879003
2024,05,ESP.11.2.5.12_1,0.48336252189141865,0.8940335564172074
2024,05,ESP.11.2.5.13_1,0.43957968476357273,0.867177029216065
2024,05,ESP.11.2.5.14_1,0.43257443082311736,0.8625334776111592
2024,05,ESP.11.2.5.15_1,0.36252189141856395,0.8103110513870584
2024,05,ESP.11.2.5.16_1,0.42732049036777586,0.8589854480723175
2024,05,ESP.11.2.5.17_1,0.415061295971979,0.8504845677612263
2024,05,ESP.11.2.5.18_1,0.37653239929947463,0.8216446920658589
2024,05,ESP.11.2.5.19_1,0.38178633975481613,0.8257747876994065
2024,05,ESP.11.2.5.2_1,0.4430823117338004,0.8694619025581282
2024,05,ESP.11.2.5.20_1,0.3975481611208407,0.8377851753283774
2024,05,ESP.11.2.5.21_1,0.4133099824868652,0.84924437001372
2024,05,ESP.11.2.5.22_1,0.3905429071803853,0.8325166664998365
2024,05,ESP.11.2.5.23_1,0.40630472854640987,0.8442179813294668
2024,05,ESP.11.2.5.24_1,0.3905429071803853,0.8325166664998365
2024,05,ESP.11.2.5.25_1,0.4185639229422067,0.8529454847761373
2024,05,ESP.11.2.5.26_1,0.38353765323993,0.8271372316611071
2024,05,ESP.11.2.5.27_1,0.4185639229422067,0.8529454847761373
2024,05,ESP.11.2.5.28_1,0.4080560420315237,0.8454844764985339
2024,05,ESP.11.2.5.29_1,0.40630472854640987,0.8442179813294668
2024,05,ESP.11.2.5.3_1,0.43257443082311736,0.8625334776111592
2024,05,ESP.11.2.5.30_1,0.4588441330998249,0.8794452797076121
2024,05,ESP.11.2.5.31_1,0.4028021015761822,0.8416650165000324
2024,05,ESP.11.2.5.32_1,0.4028021015761822,0.8416650165000324
2024,05,ESP.11.2.5.33_1,0.40105078809106837,0.8403784861596588
2024,05,ESP.11.2.5.34_1,0.37302977232924694,0.8188552985723424
2024,05,ESP.11.2.5.35_1,0.43257443082311736,0.8625334776111592
2024,05,ESP.11.2.5.36_1,0.4238178633975482,0.8565885826929985
2024,05,ESP.11.2.5.37_1,0.4518388791593696,0.8750679973579196
2024,05,ESP.11.2.5.4_1,0.4133099824868652,0.84924437001372
2024,05,ESP.11.2.5.5_1,0.4080560420315237,0.8454844764985339
2024,05,ESP.11.2.5.6_1,0.3992994746059545,0.8390852161729463
2024,05,ESP.11.2.5.7_1,0.4028021015761822,0.8416650165000324
2024,05,ESP.11.2.5.8_1,0.3905429071803853,0.8325166664998365
2024,05,ESP.11.2.5.9_1,0.4168126094570928,0.8517182632772413
2024,05,ESP.11.2.6.1_1,0.27670753064798603,0.729482008002939
2024,05,ESP.11.2.6.10_1,0.3309982486865149,0.78301724118949
2024,05,ESP.11.2.6.11_1,0.37828371278458844,0.8230285535751478
2024,05,ESP.11.2.6.12_1,0.33274956217162877,0.7846018098373213
2024,05,ESP.11.2.6.13_1,0.35726795096322245,0.8059379628730737
2024,05,ESP.11.2.6.14_1,0.33625218914185645,0.7877461520058349
2024,05,ESP.11.2.6.15_1,0.37653239929947463,0.8216446920658589
2024,05,ESP.11.2.6.16_1,0.3747810858143608,0.820253619315392
2024,05,ESP.11.2.6.17_1,0.3537653239929948,0.8029844332239573
2024,05,ESP.11.2.6.18_1,0.3397548161120841,0.7908577621797739
2024,05,ESP.11.2.6.19_1,0.42556917688266205,0.8577901841359576
2024,05,ESP.11.2.6.2_1,0.3152364273204904,0.7683749084919418
2024,05,ESP.11.2.6.20_1,0.36602451838879163,0.8131887849693945
2024,05,ESP.11.2.6.21_1,0.38178633975481613,0.8257747876994065
2024,05,ESP.11.2.6.22_1,0.3309982486865149,0.78301724118949
2024,05,ESP.11.2.6.23_1,0.35201401050788095,0.8014961010510282
2024,05,ESP.11.2.6.24_1,0.29246935201401053,0.7459517410664044
2024,05,ESP.11.2.6.25_1,0.3257443082311734,0.7782133383590902
2024,05,ESP.11.2.6.26_1,0.3239929947460596,0.7765951326141569
2024,05,ESP.11.2.6.27_1,0.3397548161120841,0.7908577621797739
2024,05,ESP.11.2.6.28_1,0.36777583187390545,0.814616474176652
2024,05,ESP.11.2.6.3_1,0.35201401050788095,0.8014961010510282
2024,05,ESP.11.2.6.4_1,0.3187390542907181,0.771689056550629
2024,05,ESP.11.2.6.5_1,0.38353765323993,0.8271372316611071
2024,05,ESP.11.2.6.6_1,0.30823117338003503,0.7616403350663619
2024,05,ESP.11.2.6.7_1,0.3222416812609457,0.7749683864519894
2024,05,ESP.11.2.6.8_1,0.35201401050788095,0.8014961010510282
2024,05,ESP.11.2.6.9_1,0.3309982486865149,0.78301724118949
2024,05,ESP.11.2.7.1_1,0.38704028021015763,0.8298409486160585
2024,05,ESP.11.2.7.2_1,0.3887915936952715,0.8311822904754408
2024,05,ESP.11.2.7.3_1,0.38704028021015763,0.8298409486160585
2024,05,ESP.11.2.7.4_1,0.4238178633975482,0.8565885826929985
2024,05,ESP.11.2.7.5_1,0.37653239929947463,0.8216446920658589
2024,05,ESP.11.2.7.6_1,0.37127845884413313,0.817449692641694
2024,05,ESP.11.2.7.7_1,0.42556917688266205,0.8577901841359576
2024,05,ESP.11.2.7.8_1,0.4133099824868652,0.84924437001372
2024,05,ESP.11.2.7.9_1,0.40980735551663755,0.84674435339127
2024,05,ESP.11.2.8.1_1,0.4185639229422067,0.8529454847761373
2024,05,ESP.11.2.8.2_1,0.44483362521891423,0.8705951987002916
2024,05,ESP.11.2.8.3_1,0.43432574430823123,0.8637036528810099
2024,05,ESP.11.2.8.4_1,0.3800350262697023,0.8244052401580184
2024,05,ESP.11.2.8.5_1,0.4080560420315237,0.8454844764985339
2024,05,ESP.11.2.8.6_1,0.38353765323993,0.8271372316611071
2024,05,ESP.11.2.8.7_1,0.3905429071803853,0.8325166664998365
2024,05,ESP.11.2.8.8_1,0.3975481611208407,0.8377851753283774
2024,05,ESP.11.2.9.1_1,0.3747810858143608,0.820253619315392
2024,05,ESP.11.2.9.10_1,0.32749562171628727,0.7798230568532839
2024,05,ESP.11.2.9.11_1,0.36602451838879163,0.8131887849693945
2024,05,ESP.11.2.9.12_1,0.34851138353765326,0.7984960864024319
2024,05,ESP.11.2.9.13_1,0.3992994746059545,0.8390852161729463
2024,05,ESP.11.2.9.14_1,0.36952714535901926,0.8160367638777066
2024,05,ESP.11.2.9.15_1,0.42732049036777586,0.8589854480723175
2024,05,ESP.11.2.9.16_1,0.35901926444833626,0.807403244977378
2024,05,ESP.11.2.9.17_1,0.35726795096322245,0.8059379628730737
2024,05,ESP.11.2.9.18_1,0.394045534150613,0.8351646544245033
2024,05,ESP.11.2.9.19_1,0.36952714535901926,0.8160367638777066
2024,05,ESP.11.2.9.2_1,0.38178633975481613,0.8257747876994065
2024,05,ESP.11.2.9.20_1,0.35026269702276713,0.7999999999999999
2024,05,ESP.11.2.9.21_1,0.36777583187390545,0.814616474176652
2024,05,ESP.11.2.9.22_1,0.36252189141856395,0.8103110513870584
2024,05,ESP.11.2.9.23_1,0.4238178633975482,0.8565885826929985
2024,05,ESP.11.2.9.24_1,0.38353765323993,0.8271372316611071
2024,05,ESP.11.2.9.25_1,0.34150612959719795,0.7924014134263013
2024,05,ESP.11.2.9.26_1,0.34325744308231176,0.7939370252104382
2024,05,ESP.11.2.9.27_1,0.35026269702276713,0.7999999999999999
2024,05,ESP.11.2.9.28_1,0.3922942206654992,0.8338441101309045
2024,05,ESP.11.2.9.29_1,0.36427320490367776,0.8117536572138127
2024,05,ESP.11.2.9.3_1,0.36252189141856395,0.8103110513870584
2024,05,ESP.11.2.9.30_1,0.3607705779334501,0.8088609274776474
2024,05,ESP.11.2.9.31_1,0.38353765323993,0.8271372316611071
2024,05,ESP.11.2.9.32_1,0.36952714535901926,0.8160367638777066
2024,05,ESP.11.2.9.4_1,0.3747810858143608,0.820253619315392
2024,05,ESP.11.2.9.5_1,0.3747810858143608,0.820253619315392
2024,05,ESP.11.2.9.6_1,0.3169877408056042,0.7700363627777587
2024,05,ESP.11.2.9.7_1,0.33625218914185645,0.7877461520058349
2024,05,ESP.11.2.9.8_1,0.3607705779334501,0.8088609274776474
2024,05,ESP.11.2.9.9_1,0.3169877408056042,0.7700363627777587
2024,05,ESP.12.1.1.1_1,0.7513134851138354,0.9898666576867816
2024,05,ESP.12.1.1.10_1,0.7338003502626971,0.986790757962396
2024,05,ESP.12.1.1.11_1,0.7057793345008757,0.9810015290507961
2024,05,ESP.12.1.1.12_1,0.777583187390543,0.9937082066683358
2024,05,ESP.12.1.1.13_1,0.7162872154115587,0.9832985304575615
2024,05,ESP.12.1.1.14_1,0.7267950963222417,0.9854440623394105
2024,05,ESP.12.1.1.15_1,0.7250437828371279,0.9850969495435462
2024,05,ESP.12.1.1.16_1,0.7618213660245184,0.9915139938498094
2024,05,ESP.12.1.1.17_1,0.7215411558669002,0.9843901665498289
2024,05,ESP.12.1.1.18_1,0.7443082311733801,0.9886859966642594
2024,05,ESP.12.1.1.19_1,0.712784588441331,0.9825497442877892
2024,05,ESP.12.1.1.2_1,0.7162872154115587,0.9832985304575615
2024,05,ESP.12.1.1.20_1,0.7110332749562173,0.9821690282227392
2024,05,ESP.12.1.1.21_1,0.7478108581436077,0.9892845899942038
2024,05,ESP.12.1.1.22_1,0.712784588441331,0.9825497442877892
2024,05,ESP.12.1.1.23_1,0.6900175131348513,0.9772696659571503
2024,05,ESP.12.1.1.24_1,0.7460595446584939,0.9889873608899156
2024,05,ESP.12.1.1.25_1,0.6742556917688267,0.9731906288081488
2024,05,ESP.12.1.1.26_1,0.7057793345008757,0.9810015290507961
2024,05,ESP.12.1.1.27_1,0.7565674255691769,0.9907088371464141
2024,05,ESP.12.1.1.28_1,0.7548161120840631,0.9904322288778774
2024,05,ESP.12.1.1.29_1,0.7040280210157619,0.9806038955664005
2024,05,ESP.12.1.1.3_1,0.7285464098073555,0.9857869952479592
2024,05,ESP.12.1.1.30_1,0.7285464098073555,0.9857869952479592
2024,05,ESP.12.1.1.31_1,0.7583187390542908,0.9909813318120578
2024,05,ESP.12.1.1.32_1,0.7583187390542908,0.9909813318120578
2024,05,ESP.12.1.1.4_1,0.6584938704028022,0.9687600322061186
2024,05,ESP.12.1.1.5_1,0.7162872154115587,0.9832985304575615
2024,05,ESP.12.1.1.6_1,0.7215411558669002,0.9843901665498289
2024,05,ESP.12.1.1.7_1,0.7653239929947461,0.9920302414745228
2024,05,ESP.12.1.1.8_1,0.6672504378283713,0.9712651543219287
2024,05,ESP.12.1.1.9_1,0.6935201401050789,0.9781288258711119
2024,05,ESP.12.1.2.1_1,0.7285464098073555,0.9857869952479592
2024,05,ESP.12.1.2.10_1,0.7530647985989493,0.990151503558925
2024,05,ESP.12.1.2.11_1,0.7180385288966725,0.983666610188635
2024,05,ESP.12.1.2.12_1,0.7075306479859896,0.9813949256033475
2024,05,ESP.12.1.2.13_1,0.7845884413309984,0.9945772971468834
2024,05,ESP.12.1.2.14_1,0.7530647985989493,0.990151503558925
2024,05,ESP.12.1.2.15_1,0.798598949211909,0.9961204746414963
2024,05,ESP.12.1.2.16_1,0.7267950963222417,0.9854440623394105
2024,05,ESP.12.1.2.17_1,0.7600700525394046,0.9912497162672985
2024,05,ESP.12.1.2.18_1,0.7478108581436077,0.9892845899942038
2024,05,ESP.12.1.2.19_1,0.7460595446584939,0.9889873608899156
2024,05,ESP.12.1.2.2_1,0.7565674255691769,0.9907088371464141
2024,05,ESP.12.1.2.20_1,0.7635726795096323,0.9917741678426597
2024,05,ESP.12.1.2.21_1,0.7635726795096323,0.9917741678426597
2024,05,ESP.12.1.2.22_1,0.7355516637478109,0.9871170143402452
2024,05,ESP.12.1.2.23_1,0.7513134851138354,0.9898666576867816
2024,05,ESP.12.1.2.24_1,0.7478108581436077,0.9892845899942038
2024,05,ESP.12.1.2.25_1,0.7723292469352014,0.9930135950730987
2024,05,ESP.12.1.2.26_1,0.7495621716287216,0.9895776877031939
2024,05,ESP.12.1.2.27_1,0.7758318739054292,0.9934807496876826
2024,05,ESP.12.1.2.28_1,0.7338003502626971,0.986790757962396
2024,05,ESP.12.1.2.29_1,0.7408056042031524,0.9880708476622514
2024,05,ESP.12.1.2.3_1,0.7460595446584939,0.9889873608899156
2024,05,ESP.12.1.2.30_1,0.7267950963222417,0.9854440623394105
2024,05,ESP.12.1.2.31_1,0.7425569176882663,0.9883804935347521
2024,05,ESP.12.1.2.32_1,0.7600700525394046,0.9912497162672985
2024,05,ESP.12.1.2.33_1,0.7548161120840631,0.9904322288778774
2024,05,ESP.12.1.2.34_1,0.7232924693520141,0.9847456524402634
2024,05,ESP.12.1.2.35_1,0.7267950963222417,0.9854440623394105
2024,05,ESP.12.1.2.36_1,0.6935201401050789,0.9781288258711119
2024,05,ESP.12.1.2.37_1,0.6882661996497373,0.976833660353696
2024,05,ESP.12.1.2.38_1,0.7355516637478109,0.9871170143402452
2024,05,ESP.12.1.2.4_1,0.7390542907180385,0.9877570551507087
2024,05,ESP.12.1.2.5_1,0.7180385288966725,0.983666610188635
2024,05,ESP.12.1.2.6_1,0.7180385288966725,0.983666610188635
2024,05,ESP.12.1.2.7_1,0.712784588441331,0.9825497442877892
2024,05,ESP.12.1.2.8_1,0.7215411558669002,0.9843901665498289
2024,05,ESP.12.1.2.9_1,0.7705779334500876,0.9927738916792685
2024,05,ESP.12.1.3.1_1,0.7057793345008757,0.9810015290507961
2024,05,ESP.12.1.3.10_1,0.7373029772329247,0.987439112046915
2024,05,ESP.12.1.3.11_1,0.7443082311733801,0.9886859966642594
2024,05,ESP.12.1.3.12_1,0.7215411558669002,0.9843901665498289
2024,05,ESP.12.1.3.13_1,0.7162872154115587,0.9832985304575615
2024,05,ESP.12.1.3.14_1,0.6900175131348513,0.9772696659571503
2024,05,ESP.12.1.3.15_1,0.7232924693520141,0.9847456524402634
2024,05,ESP.12.1.3.16_1,0.7688266199649738,0.9925301002992302
2024,05,ESP.12.1.3.17_1,0.7162872154115587,0.9832985304575615
2024,05,ESP.12.1.3.18_1,0.7197898423817863,0.9840304873325826
2024,05,ESP.12.1.3.19_1,0.7618213660245184,0.9915139938498094
2024,05,ESP.12.1.3.2_1,0.7425569176882663,0.9883804935347521
2024,05,ESP.12.1.3.20_1,0.7635726795096323,0.9917741678426597
2024,05,ESP.12.1.3.21_1,0.7600700525394046,0.9912497162672985
2024,05,ESP.12.1.3.22_1,0.7390542907180385,0.9877570551507087
2024,05,ESP.12.1.3.23_1,0.7092819614711035,0.9817840903172144
2024,05,ESP.12.1.3.24_1,0.7478108581436077,0.9892845899942038
2024,05,ESP.12.1.3.3_1,0.7338003502626971,0.986790757962396
2024,05,ESP.12.1.3.4_1,0.7075306479859896,0.9813949256033475
2024,05,ESP.12.1.3.5_1,0.7460595446584939,0.9889873608899156
2024,05,ESP.12.1.3.6_1,0.7215411558669002,0.9843901665498289
2024,05,ESP.12.1.3.7_1,0.7723292469352014,0.9930135950730987
2024,05,ESP.12.1.3.8_1,0.712784588441331,0.9825497442877892
2024,05,ESP.12.1.3.9_1,0.6987740805604205,0.9793855216409929
2024,05,ESP.12.2.1.1_1,0.6847635726795097,0.9759487691472335
2024,05,ESP.12.2.1.10_1,0.6760070052539405,0.9736611320166786
2024,05,ESP.12.2.1.11_1,0.6672504378283713,0.9712651543219287
2024,05,ESP.12.2.1.12_1,0.7092819614711035,0.9817840903172144
2024,05,ESP.12.2.1.2_1,0.6725043782837129,0.9727157858285225
2024,05,ESP.12.2.1.3_1,0.7162872154115587,0.9832985304575615
2024,05,ESP.12.2.1.4_1,0.6567425569176883,0.9682458365518543
2024,05,ESP.12.2.1.5_1,0.6304728546409808,0.96
2024,05,ESP.12.2.1.6_1,0.6514886164623468,0.9666767815562759
2024,05,ESP.12.2.1.7_1,0.7057793345008757,0.9810015290507961
2024,05,ESP.12.2.1.8_1,0.6409807355516638,0.9634189120003821
2024,05,ESP.12.2.1.9_1,0.6322241681260946,0.9605810741421048
2024,05,ESP.12.2.2.1_1,0.6865148861646235,0.9763933633531108
2024,05,ESP.12.2.2.10_1,0.6690017513134852,0.9717530550505102
2024,05,ESP.12.2.2.11_1,0.7250437828371279,0.9850969495435462
2024,05,ESP.12.2.2.12_1,0.7373029772329247,0.987439112046915
2024,05,ESP.12.2.2.13_1,0.7110332749562173,0.9821690282227392
2024,05,ESP.12.2.2.14_1,0.7320490367775833,0.98646033878712025
2024,05,ESP.12.2.2.15_1,0.7145359019264449,0.9829262434180909
2024,05,ESP.12.2.2.16_1,0.6567425569176883,0.9682458365518543
2024,05,ESP.12.2.2.17_1,0.6917688266199651,0.9777013859047148
2024,05,ESP.12.2.2.18_1,0.6619964973730298,0.9697752316903129
2024,05,ESP.12.2.2.2_1,0.7180385288966725,0.983666610188635
2024,05,ESP.12.2.2.3_1,0.6690017513134852,0.9717530550505102
2024,05,ESP.12.2.2.4_1,0.6795096322241682,0.9745891442038537
2024,05,ESP.12.2.2.5_1,0.6672504378283713,0.9712651543219287
2024,05,ESP.12.2.2.6_1,0.7022767075306481,0.9802020199938377
2024,05,ESP.12.2.2.7_1,0.670753064798599,0.9722365967191319
2024,05,ESP.12.2.2.8_1,0.6830122591943959,0.9754998718605759
2024,05,ESP.12.2.2.9_1,0.6234676007005254,0.9576304088739037
2024,05,ESP.12.2.3.1_1,0.7040280210157619,0.9806038955664005
2024,05,ESP.12.2.3.10_1,0.6760070052539405,0.9736611320166786
2024,05,ESP.12.2.3.11_1,0.7250437828371279,0.9850969495435462
2024,05,ESP.12.2.3.12_1,0.7425569176882663,0.9883804935347521
2024,05,ESP.12.2.3.2_1,0.7285464098073555,0.9857869952479592
2024,05,ESP.12.2.3.3_1,0.8143607705779335,0.9975469913743412
2024,05,ESP.12.2.3.4_1,0.7040280210157619,0.9806038955664005
2024,05,ESP.12.2.3.5_1,0.777583187390543,0.9937082066683358
2024,05,ESP.12.2.3.6_1,0.7267950963222417,0.9854440623394105
2024,05,ESP.12.2.3.7_1,0.7162872154115587,0.9832985304575615
2024,05,ESP.12.2.3.8_1,0.7723292469352014,0.9930135950730987
2024,05,ESP.12.2.3.9_1,0.7022767075306481,0.9802020199938377
2024,05,ESP.12.2.4.1_1,0.7110332749562173,0.9821690282227392
2024,05,ESP.12.2.4.10_1,0.7197898423817863,0.9840304873325826
2024,05,ESP.12.2.4.11_1,0.7408056042031524,0.9880708476622514
2024,05,ESP.12.2.4.12_1,0.6760070052539405,0.9736611320166786
2024,05,ESP.12.2.4.13_1,0.7005253940455343,0.9797958971132712
2024,05,ESP.12.2.4.14_1,0.7232924693520141,0.9847456524402634
2024,05,ESP.12.2.4.15_1,0.7548161120840631,0.9904322288778774
2024,05,ESP.12.2.4.16_1,0.7583187390542908,0.9909813318120578
2024,05,ESP.12.2.4.2_1,0.7338003502626971,0.986790757962396
2024,05,ESP.12.2.4.3_1,0.7355516637478109,0.9871170143402452
2024,05,ESP.12.2.4.4_1,0.7215411558669002,0.9843901665498289
2024,05,ESP.12.2.4.5_1,0.7197898423817863,0.9840304873325826
2024,05,ESP.12.2.4.6_1,0.7495621716287216,0.9895776877031939
2024,05,ESP.12.2.4.7_1,0.7145359019264449,0.9829262434180909
2024,05,ESP.12.2.4.8_1,0.7355516637478109,0.9871170143402452
2024,05,ESP.12.2.4.9_1,0.7005253940455343,0.9797958971132712
2024,05,ESP.12.2.5.1_1,0.7145359019264449,0.9829262434180909
2024,05,ESP.12.2.5.2_1,0.6234676007005254,0.9576304088739037
2024,05,ESP.12.2.5.3_1,0.6795096322241682,0.9745891442038537
2024,05,ESP.12.2.5.4_1,0.7145359019264449,0.9829262434180909
2024,05,ESP.12.2.5.5_1,0.6935201401050789,0.9781288258711119
2024,05,ESP.12.2.5.6_1,0.6567425569176883,0.9682458365518543
2024,05,ESP.12.2.5.7_1,0.6725043782837129,0.9727157858285225
2024,05,ESP.12.2.5.8_1,0.5884413309982488,0.9446777228240327
2024,05,ESP.12.2.6.1_1,0.660245183887916,0.9692698282728087
2024,05,ESP.12.3.1.1_1,0.6812609457092821,0.975046665549911
2024,05,ESP.12.3.1.10_1,0.6690017513134852,0.9717530550505102
2024,05,ESP.12.3.1.11_1,0.7180385288966725,0.983666610188635
2024,05,ESP.12.3.1.12_1,0.6690017513134852,0.9717530550505102
2024,05,ESP.12.3.1.13_1,0.6935201401050789,0.9781288258711119
2024,05,ESP.12.3.1.14_1,0.7162872154115587,0.9832985304575615
2024,05,ESP.12.3.1.15_1,0.6444833625218914,0.9645226798784983
2024,05,ESP.12.3.1.16_1,0.7092819614711035,0.9817840903172144
2024,05,ESP.12.3.1.17_1,0.6812609457092821,0.975046665549911
2024,05,ESP.12.3.1.18_1,0.6514886164623468,0.9666767815562759
2024,05,ESP.12.3.1.19_1,0.6725043782837129,0.9727157858285225
2024,05,ESP.12.3.1.2_1,0.6672504378283713,0.9712651543219287
2024,05,ESP.12.3.1.20_1,0.6462346760070053,0.965067873260736
2024,05,ESP.12.3.1.21_1,0.6725043782837129,0.9727157858285225
2024,05,ESP.12.3.1.22_1,0.6900175131348513,0.9772696659571503
2024,05,ESP.12.3.1.23_1,0.6795096322241682,0.9745891442038537
2024,05,ESP.12.3.1.24_1,0.6514886164623468,0.9666767815562759
2024,05,ESP.12.3.1.25_1,0.7110332749562173,0.9821690282227392
2024,05,ESP.12.3.1.26_1,0.712784588441331,0.9825497442877892
2024,05,ESP.12.3.1.27_1,0.6654991243432575,0.9707728879609279
2024,05,ESP.12.3.1.28_1,0.6444833625218914,0.9645226798784983
2024,05,ESP.12.3.1.29_1,0.6322241681260946,0.9605810741421048
2024,05,ESP.12.3.1.3_1,0.6584938704028022,0.9687600322061186
2024,05,ESP.12.3.1.30_1,0.6584938704028022,0.9687600322061186
2024,05,ESP.12.3.1.31_1,0.7250437828371279,0.9850969495435462
2024,05,ESP.12.3.1.32_1,0.6742556917688267,0.9731906288081488
2024,05,ESP.12.3.1.33_1,0.7425569176882663,0.9883804935347521
2024,05,ESP.12.3.1.34_1,0.6619964973730298,0.9697752316903129
2024,05,ESP.12.3.1.35_1,0.6690017513134852,0.9717530550505102
2024,05,ESP.12.3.1.36_1,0.7057793345008757,0.9810015290507961
2024,05,ESP.12.3.1.37_1,0.712784588441331,0.9825497442877892
2024,05,ESP.12.3.1.38_1,0.6637478108581437,0.970276249322841
2024,05,ESP.12.3.1.39_1,0.7443082311733801,0.9886859966642594
2024,05,ESP.12.3.1.4_1,0.62697022767075306,0.9588242800430119
2024,05,ESP.12.3.1.40_1,0.6777583187390543,0.9741273017424364
2024,05,ESP.12.3.1.41_1,0.6619964973730298,0.9697752316903129
2024,05,ESP.12.3.1.42_1,0.6987740805604205,0.9793855216409929
2024,05,ESP.12.3.1.43_1,0.670753064798599,0.9722365967191319
2024,05,ESP.12.3.1.5_1,0.6917688266199651,0.9777013859047148
2024,05,ESP.12.3.1.6_1,0.7267950963222417,0.9854440623394105
2024,05,ESP.12.3.1.7_1,0.7180385288966725,0.983666610188635
2024,05,ESP.12.3.1.8_1,0.6987740805604205,0.9793855216409929
2024,05,ESP.12.3.1.9_1,0.7215411558669002,0.9843901665498289
2024,05,ESP.12.3.2.1_1,0.6077057793345009,0.9520315120835025
2024,05,ESP.12.3.2.10_1,0.649737302977233,0.9661449166662318
2024,05,ESP.12.3.2.11_1,0.6094570928196147,0.9526720317087093
2024,05,ESP.12.3.2.12_1,0.5919439579684764,0.946057080730333
2024,05,ESP.12.3.2.13_1,0.63922942206655,0.9628603221651623
2024,05,ESP.12.3.2.14_1,0.586690017513135,0.9439809320108113
2024,05,ESP.12.3.2.15_1,0.6199649737302978,0.9564183185196736
2024,05,ESP.12.3.2.16_1,0.6882661996497373,0.976833660353696
2024,05,ESP.12.3.2.17_1,0.6444833625218914,0.9645226798784983
2024,05,ESP.12.3.2.18_1,0.5936952714535902,0.9467396685467447
2024,05,ESP.12.3.2.19_1,0.6549912434325745,0.9677272342969376
2024,05,ESP.12.3.2.2_1,0.6374781085814362,0.962297251372984
2024,05,ESP.12.3.2.20_1,0.6374781085814362,0.962297251372984
2024,05,ESP.12.3.2.21_1,0.5779334500875658,0.9404254356406998
2024,05,ESP.12.3.2.22_1,0.6847635726795097,0.9759487691472335
2024,05,ESP.12.3.2.23_1,0.5954465849387042,0.9474175425861608
2024,05,ESP.12.3.2.24_1,0.6339754816112084,0.9611576353543679
2024,05,ESP.12.3.2.25_1,0.6077057793345009,0.9520315120835025
2024,05,ESP.12.3.2.26_1,0.5656742556917689,0.9352454223357631
2024,05,ESP.12.3.2.27_1,0.6147110332749562,0.954565869911553
2024,05,ESP.12.3.2.28_1,0.6409807355516638,0.9634189120003821
2024,05,ESP.12.3.2.3_1,0.6339754816112084,0.9611576353543679
2024,05,ESP.12.3.2.4_1,0.6252189141856392,0.9582296175760798
2024,05,ESP.12.3.2.5_1,0.6462346760070053,0.965067873260736
2024,05,ESP.12.3.2.6_1,0.62697022767075306,0.9588242800430119
2024,05,ESP.12.3.2.7_1,0.63922942206655,0.9628603221651623
2024,05,ESP.12.3.2.8_1,0.6094570928196147,0.9526720317087093
2024,05,ESP.12.3.2.9_1,0.670753064798599,0.9722365967191319
2024,05,ESP.12.3.3.1_1,0.6042031523642732,0.9507365565707464
2024,05,ESP.12.3.3.10_1,0.6637478108581437,0.970276249322841
2024,05,ESP.12.3.3.11_1,0.6129597197898424,0.9539392014169457
2024,05,ESP.12.3.3.12_1,0.6217162872154116,0.9570266453970862
2024,05,ESP.12.3.3.13_1,0.63922942206655,0.9628603221651623
2024,05,ESP.12.3.3.14_1,0.6725043782837129,0.9727157858285225
2024,05,ESP.12.3.3.15_1,0.6514886164623468,0.9666767815562759
2024,05,ESP.12.3.3.16_1,0.660245183887916,0.9692698282728087
2024,05,ESP.12.3.3.17_1,0.6217162872154116,0.9570266453970862
2024,05,ESP.12.3.3.18_1,0.6024518388791593,0.9500821017154254
2024,05,ESP.12.3.3.19_1,0.5849387040280211,0.9432793859721519
2024,05,ESP.12.3.3.2_1,0.586690017513135,0.9439809320108113
2024,05,ESP.12.3.3.20_1,0.6479859894921192,0.9656086163658648
2024,05,ESP.12.3.3.21_1,0.62697022767075306,0.9588242800430119
2024,05,ESP.12.3.3.3_1,0.6847635726795097,0.9759487691472335
2024,05,ESP.12.3.3.4_1,0.6847635726795097,0.9759487691472335
2024,05,ESP.12.3.3.5_1,0.6760070052539405,0.9736611320166786
2024,05,ESP.12.3.3.6_1,0.6059544658493871,0.9513863568498342
2024,05,ESP.12.3.3.7_1,0.5989492119089318,0.9487591896788141
2024,05,ESP.12.3.3.8_1,0.6339754816112084,0.9611576353543679
2024,05,ESP.12.3.3.9_1,0.6479859894921192,0.9656086163658648
2024,05,ESP.12.4.1.1_1,0.7530647985989493,0.990151503558925
2024,05,ESP.12.4.1.10_1,0.7478108581436077,0.9892845899942038
2024,05,ESP.12.4.1.11_1,0.7513134851138354,0.9898666576867816
2024,05,ESP.12.4.1.12_1,0.7092819614711035,0.9817840903172144
2024,05,ESP.12.4.1.13_1,0.7338003502626971,0.986790757962396
2024,05,ESP.12.4.1.2_1,0.7110332749562173,0.9821690282227392
2024,05,ESP.12.4.1.3_1,0.7180385288966725,0.983666610188635
2024,05,ESP.12.4.1.4_1,0.6847635726795097,0.9759487691472335
2024,05,ESP.12.4.1.5_1,0.7530647985989493,0.990151503558925
2024,05,ESP.12.4.1.6_1,0.7338003502626971,0.986790757962396
2024,05,ESP.12.4.1.7_1,0.7215411558669002,0.9843901665498289
2024,05,ESP.12.4.1.8_1,0.7635726795096323,0.9917741678426597
2024,05,ESP.12.4.1.9_1,0.7285464098073555,0.9857869952479592
2024,05,ESP.12.4.2.1_1,0.6987740805604205,0.9793855216409929
2024,05,ESP.12.4.2.2_1,0.7092819614711035,0.9817840903172144
2024,05,ESP.12.4.2.3_1,0.712784588441331,0.9825497442877892
2024,05,ESP.12.4.2.4_1,0.7302977232924693,0.9861257526299574
2024,05,ESP.12.4.2.5_1,0.6672504378283713,0.9712651543219287
2024,05,ESP.12.4.2.6_1,0.6900175131348513,0.9772696659571503
2024,05,ESP.12.4.2.7_1,0.7232924693520141,0.9847456524402634
2024,05,ESP.12.4.2.8_1,0.7057793345008757,0.9810015290507961
2024,05,ESP.12.4.3.1_1,0.7232924693520141,0.9847456524402634
2024,05,ESP.12.4.3.10_1,0.7355516637478109,0.9871170143402452
2024,05,ESP.12.4.3.11_1,0.6532399299474606,0.9672042183530839
2024,05,ESP.12.4.3.12_1,0.7355516637478109,0.9871170143402452
2024,05,ESP.12.4.3.13_1,0.6987740805604205,0.9793855216409929
2024,05,ESP.12.4.3.14_1,0.7355516637478109,0.9871170143402452
2024,05,ESP.12.4.3.15_1,0.7495621716287216,0.9895776877031939
2024,05,ESP.12.4.3.16_1,0.7443082311733801,0.9886859966642594
2024,05,ESP.12.4.3.17_1,0.6760070052539405,0.9736611320166786
2024,05,ESP.12.4.3.18_1,0.6952714535901927,0.97855199146494
2024,05,ESP.12.4.3.19_1,0.7022767075306481,0.9802020199938377
2024,05,ESP.12.4.3.2_1,0.7250437828371279,0.9850969495435462
2024,05,ESP.12.4.3.20_1,0.7075306479859896,0.9813949256033475
2024,05,ESP.12.4.3.21_1,0.7267950963222417,0.9854440623394105
2024,05,ESP.12.4.3.22_1,0.7040280210157619,0.9806038955664005
2024,05,ESP.12.4.3.23_1,0.7022767075306481,0.9802020199938377
2024,05,ESP.12.4.3.24_1,0.7338003502626971,0.986790757962396
2024,05,ESP.12.4.3.25_1,0.7040280210157619,0.9806038955664005
2024,05,ESP.12.4.3.26_1,0.6952714535901927,0.97855199146494
2024,05,ESP.12.4.3.27_1,0.6882661996497373,0.976833660353696
2024,05,ESP.12.4.3.28_1,0.6987740805604205,0.9793855216409929
2024,05,ESP.12.4.3.29_1,0.7373029772329247,0.987439112046915
2024,05,ESP.12.4.3.3_1,0.7145359019264449,0.9829262434180909
2024,05,ESP.12.4.3.30_1,0.7162872154115587,0.9832985304575615
2024,05,ESP.12.4.3.31_1,0.7197898423817863,0.9840304873325826
2024,05,ESP.12.4.3.4_1,0.6742556917688267,0.9731906288081488
2024,05,ESP.12.4.3.5_1,0.7355516637478109,0.9871170143402452
2024,05,ESP.12.4.3.7_1,0.7162872154115587,0.9832985304575615
2024,05,ESP.12.4.3.8_1,0.7390542907180385,0.9877570551507087
2024,05,ESP.12.4.3.9_1,0.7443082311733801,0.9886859966642594
2024,05,ESP.12.4.4.1_1,0.7302977232924693,0.9861257526299574
2024,05,ESP.12.4.4.10_1,0.7110332749562173,0.9821690282227392
2024,05,ESP.12.4.4.2_1,0.7075306479859896,0.9813949256033475
2024,05,ESP.12.4.4.3_1,0.7338003502626971,0.986790757962396
2024,05,ESP.12.4.4.4_1,0.6847635726795097,0.9759487691472335
2024,05,ESP.12.4.4.5_1,0.6987740805604205,0.9793855216409929
2024,05,ESP.12.4.4.6_1,0.7443082311733801,0.9886859966642594
2024,05,ESP.12.4.4.7_1,0.6917688266199651,0.9777013859047148
2024,05,ESP.12.4.4.8_1,0.649737302977233,0.9661449166662318
2024,05,ESP.12.4.4.9_1,0.76707530647986,0.9922822179198819
2024,05,ESP.13.1.1.1_1,0.7635726795096323,0.9917741678426597
2024,05,ESP.13.1.1.2_1,0.7443082311733801,0.9886859966642594
2024,05,ESP.13.1.1.3_1,0.7355516637478109,0.9871170143402452
2024,05,ESP.13.1.1.4_1,0.7548161120840631,0.9904322288778774
2024,05,ESP.13.1.2.1_1,0.5131348511383538,0.9102768809543611
2024,05,ESP.13.1.2.3_1,0.521891418563923,0.9147589846511485
2024,05,ESP.13.1.2.4_1,0.5586690017513135,0.9321780945720619
2024,05,ESP.13.1.2.5_1,0.5341506129597198,0.920814856526544
2024,05,ESP.13.1.2.6_1,0.5709281961471104,0.9374945333173949
2024,05,ESP.13.1.3.1_1,0.7618213660245184,0.9915139938498094
2024,05,ESP.13.1.3.2_1,0.8038528896672505,0.996632329397356
2024,05,ESP.13.1.3.3_1,0.7320490367775833,0.98646033878712025
2024,05,ESP.13.1.3.4_1,0.7197898423817863,0.9840304873325826
2024,05,ESP.13.1.4.1_1,0.6654991243432575,0.9707728879609279
2024,05,ESP.13.1.4.2_1,0.670753064798599,0.9722365967191319
2024,05,ESP.13.1.4.3_1,0.6024518388791593,0.9500821017154254
2024,05,ESP.13.1.4.4_1,0.6444833625218914,0.9645226798784983
2024,05,ESP.13.1.4.5_1,0.6830122591943959,0.9754998718605759
2024,05,ESP.13.1.5.1_1,0.6619964973730298,0.9697752316903129
2024,05,ESP.13.1.5.2_1,0.5814360770577934,0.9418619856433319
2024,05,ESP.13.1.5.3_1,0.6007005253940456,0.9494229826584145
2024,05,ESP.13.1.5.4_1,0.6374781085814362,0.962297251372984
2024,05,ESP.13.1.5.5_1,0.6532399299474606,0.9672042183530839
2024,05,ESP.13.1.6.1_1,0.6217162872154116,0.9570266453970862
2024,05,ESP.13.1.6.2_1,0.6199649737302978,0.9564183185196736
2024,05,ESP.13.1.6.4_1,0.6094570928196147,0.9526720317087093
2024,05,ESP.13.1.6.5_1,0.5989492119089318,0.9487591896788141
2024,05,ESP.13.1.7.1_1,0.7232924693520141,0.9847456524402634
2024,05,ESP.13.1.7.10_1,0.6847635726795097,0.9759487691472335
2024,05,ESP.13.1.7.11_1,0.6865148861646235,0.9763933633531108
2024,05,ESP.13.1.7.12_1,0.6059544658493871,0.9513863568498342
2024,05,ESP.13.1.7.13_1,0.6567425569176883,0.9682458365518543
2024,05,ESP.13.1.7.2_1,0.6865148861646235,0.9763933633531108
2024,05,ESP.13.1.7.3_1,0.62697022767075306,0.9588242800430119
2024,05,ESP.13.1.7.4_1,0.6637478108581437,0.970276249322841
2024,05,ESP.13.1.7.5_1,0.649737302977233,0.9661449166662318
2024,05,ESP.13.1.7.6_1,0.5464098073555167,0.9266196630764966
2024,05,ESP.13.1.7.7_1,0.6760070052539405,0.9736611320166786
2024,05,ESP.13.1.7.8_1,0.7460595446584939,0.9889873608899156
2024,05,ESP.13.1.7.9_1,0.5464098073555167,0.9266196630764966
2024,05,ESP.13.1.8.1_1,0.6217162872154116,0.9570266453970862
2024,05,ESP.13.1.9.1_1,0.6112084063047285,0.9533079250693346
2024,05,ESP.13.1.9.10_1,0.6672504378283713,0.9712651543219287
2024,05,ESP.13.1.9.11_1,0.5849387040280211,0.9432793859721519
2024,05,ESP.13.1.9.12_1,0.6252189141856392,0.9582296175760798
2024,05,ESP.13.1.9.13_1,0.5744308231173381,0.9389696480717574
2024,05,ESP.13.1.9.14_1,0.5796847635726796,0.9411461098044235
2024,05,ESP.13.1.9.15_1,0.62697022767075306,0.9588242800430119
2024,05,ESP.13.1.9.16_1,0.5604203152364273,0.9329523031752481
2024,05,ESP.13.1.9.17_1,0.597197898423818,0.9480907129594721
2024,05,ESP.13.1.9.18_1,0.5709281961471104,0.9374945333173949
2024,05,ESP.13.1.9.19_1,0.5901926444833626,0.9453697689264238
2024,05,ESP.13.1.9.2_1,0.5936952714535902,0.9467396685467447
2024,05,ESP.13.1.9.20_1,0.6322241681260946,0.9605810741421048
2024,05,ESP.13.1.9.21_1,0.6112084063047285,0.9533079250693346
2024,05,ESP.13.1.9.22_1,0.5691768826619966,0.9367496997597597
2024,05,ESP.13.1.9.23_1,0.5814360770577934,0.9418619856433319
2024,05,ESP.13.1.9.24_1,0.6322241681260946,0.9605810741421048
2024,05,ESP.13.1.9.25_1,0.5849387040280211,0.9432793859721519
2024,05,ESP.13.1.9.3_1,0.6147110332749562,0.954565869911553
2024,05,ESP.13.1.9.4_1,0.5796847635726796,0.9411461098044235
2024,05,ESP.13.1.9.5_1,0.63922942206655,0.9628603221651623
2024,05,ESP.13.1.9.6_1,0.5919439579684764,0.946057080730333
2024,05,ESP.13.1.9.7_1,0.5761821366024519,0.939699952112375
2024,05,ESP.13.1.9.8_1,0.6024518388791593,0.9500821017154254
2024,05,ESP.13.1.9.9_1,0.6007005253940456,0.9494229826584145
2024,05,ESP.14.1.1.10_1,0.7092819614711035,0.9817840903172144
2024,05,ESP.14.1.1.29_1,0.6742556917688267,0.9731906288081488
2024,05,ESP.15.1.1.1_1,0.5726795096322242,0.9382345122622595
2024,05,ESP.15.1.1.10_1,0.5499124343257443,0.9282327294380435
2024,05,ESP.15.1.1.11_1,0.5989492119089318,0.9487591896788141
2024,05,ESP.15.1.1.2_1,0.5341506129597198,0.920814856526544
2024,05,ESP.15.1.1.3_1,0.5884413309982488,0.9446777228240327
2024,05,ESP.15.1.1.4_1,0.5446584938704029,0.9258055951440345
2024,05,ESP.15.1.1.5_1,0.6217162872154116,0.9570266453970862
2024,05,ESP.15.1.1.6_1,0.6339754816112084,0.9611576353543679
2024,05,ESP.15.1.1.7_1,0.62697022767075306,0.9588242800430119
2024,05,ESP.15.1.1.8_1,0.5919439579684764,0.946057080730333
2024,05,ESP.15.1.1.9_1,0.5831873905429072,0.9425730740902798
2024,05,ESP.15.1.2.1_1,0.5166374781085814,0.9120855223058855
2024,05,ESP.15.1.2.10_1,0.47460595446584947,0.8889521921903337
2024,05,ESP.15.1.2.11_1,0.48511383537653247,0.8950329602869382
2024,05,ESP.15.1.2.12_1,0.48861646234676015,0.8970150500409678
2024,05,ESP.15.1.2.13_1,0.490367775831874,0.8979977728257459
2024,05,ESP.15.1.2.14_1,0.5796847635726796,0.9411461098044235
2024,05,ESP.15.1.2.15_1,0.4728546409807356,0.8879189152169246
2024,05,ESP.15.1.2.16_1,0.4711033274956218,0.8868799242287537
2024,05,ESP.15.1.2.17_1,0.500875656742557,0.9037787339830473
2024,05,ESP.15.1.2.18_1,0.4938704028021016,0.8999466650863261
2024,05,ESP.15.1.2.2_1,0.542907180385289,0.9249864863877743
2024,05,ESP.15.1.2.3_1,0.5236427320490368,0.9156396671180208
2024,05,ESP.15.1.2.4_1,0.48861646234676015,0.8970150500409678
2024,05,ESP.15.1.2.5_1,0.490367775831874,0.8979977728257459
2024,05,ESP.15.1.2.6_1,0.47810858143607715,0.8910016835000931
2024,05,ESP.15.1.2.7_1,0.4938704028021016,0.8999466650863261
2024,05,ESP.15.1.2.8_1,0.48686514886164634,0.8960267853139213
2024,05,ESP.15.1.2.9_1,0.4991243432574431,0.9028288874421332
2024,05,ESP.15.1.3.1_1,0.5271453590192645,0.9173854151881858
2024,05,ESP.15.1.3.10_1,0.597197898423818,0.9480907129594721
2024,05,ESP.15.1.3.11_1,0.6444833625218914,0.9645226798784983
2024,05,ESP.15.1.3.12_1,0.6374781085814362,0.962297251372984
2024,05,ESP.15.1.3.13_1,0.56217162872154125,0.9337215859130601
2024,05,ESP.15.1.3.14_1,0.6304728546409808,0.96
2024,05,ESP.15.1.3.15_1,0.5691768826619966,0.9367496997597597
2024,05,ESP.15.1.3.16_1,0.597197898423818,0.9480907129594721
2024,05,ESP.15.1.3.17_1,0.597197898423818,0.9480907129594721
2024,05,ESP.15.1.3.18_1,0.6077057793345009,0.9520315120835025
2024,05,ESP.15.1.3.19_1,0.6112084063047285,0.9533079250693346
2024,05,ESP.15.1.3.2_1,0.5989492119089318,0.9487591896788141
2024,05,ESP.15.1.3.20_1,0.56217162872154125,0.9337215859130601
2024,05,ESP.15.1.3.21_1,0.6374781085814362,0.962297251372984
2024,05,ESP.15.1.3.22_1,0.5901926444833626,0.9453697689264238
2024,05,ESP.15.1.3.23_1,0.6479859894921192,0.9656086163658648
2024,05,ESP.15.1.3.24_1,0.5989492119089318,0.9487591896788141
2024,05,ESP.15.1.3.25_1,0.6164623467600701,0.955187939622355
2024,05,ESP.15.1.3.26_1,0.597197898423818,0.9480907129594721
2024,05,ESP.15.1.3.27_1,0.586690017513135,0.9439809320108113
2024,05,ESP.15.1.3.28_1,0.5744308231173381,0.9389696480717574
2024,05,ESP.15.1.3.29_1,0.5919439579684764,0.946057080730333
2024,05,ESP.15.1.3.3_1,0.597197898423818,0.9480907129594721
2024,05,ESP.15.1.3.30_1,0.6129597197898424,0.9539392014169457
2024,05,ESP.15.1.3.31_1,0.6217162872154116,0.9570266453970862
2024,05,ESP.15.1.3.32_1,0.6042031523642732,0.9507365565707464
2024,05,ESP.15.1.3.33_1,0.6164623467600701,0.955187939622355
2024,05,ESP.15.1.3.34_1,0.6059544658493871,0.9513863568498342
2024,05,ESP.15.1.3.35_1,0.6112084063047285,0.9533079250693346
2024,05,ESP.15.1.3.36_1,0.5639229422066551,0.9344859549506349
2024,05,ESP.15.1.3.37_1,0.6094570928196147,0.9526720317087093
2024,05,ESP.15.1.3.38_1,0.6654991243432575,0.9707728879609279
2024,05,ESP.15.1.3.39_1,0.5726795096322242,0.9382345122622595
2024,05,ESP.15.1.3.4_1,0.6322241681260946,0.9605810741421048
2024,05,ESP.15.1.3.40_1,0.5989492119089318,0.9487591896788141
2024,05,ESP.15.1.3.41_1,0.56217162872154125,0.9337215859130601
2024,05,ESP.15.1.3.42_1,0.5954465849387042,0.9474175425861608
2024,05,ESP.15.1.3.43_1,0.5849387040280211,0.9432793859721519
2024,05,ESP.15.1.3.44_1,0.6357267950963222,0.9617296917533533
2024,05,ESP.15.1.3.45_1,0.5936952714535902,0.9467396685467447
2024,05,ESP.15.1.3.46_1,0.6042031523642732,0.9507365565707464
2024,05,ESP.15.1.3.47_1,0.5691768826619966,0.9367496997597597
2024,05,ESP.15.1.3.48_1,0.5499124343257443,0.9282327294380435
2024,05,ESP.15.1.3.49_1,0.6094570928196147,0.9526720317087093
2024,05,ESP.15.1.3.5_1,0.5551663747810859,0.9306148505155073
2024,05,ESP.15.1.3.50_1,0.5989492119089318,0.9487591896788141
2024,05,ESP.15.1.3.51_1,0.6147110332749562,0.954565869911553
2024,05,ESP.15.1.3.52_1,0.6112084063047285,0.9533079250693346
2024,05,ESP.15.1.3.53_1,0.5901926444833626,0.9453697689264238
2024,05,ESP.15.1.3.54_1,0.597197898423818,0.9480907129594721
2024,05,ESP.15.1.3.55_1,0.6112084063047285,0.9533079250693346
2024,05,ESP.15.1.3.56_1,0.6147110332749562,0.954565869911553
2024,05,ESP.15.1.3.57_1,0.5446584938704029,0.9258055951440345
2024,05,ESP.15.1.3.58_1,0.5814360770577934,0.9418619856433319
2024,05,ESP.15.1.3.59_1,0.5656742556917689,0.9352454223357631
2024,05,ESP.15.1.3.6_1,0.5446584938704029,0.9258055951440345
2024,05,ESP.15.1.3.60_1,0.56217162872154125,0.9337215859130601
2024,05,ESP.15.1.3.61_1,0.6042031523642732,0.9507365565707464
2024,05,ESP.15.1.3.62_1,0.5849387040280211,0.9432793859721519
2024,05,ESP.15.1.3.63_1,0.6654991243432575,0.9707728879609279
2024,05,ESP.15.1.3.64_1,0.5569176882661997,0.931398947819891
2024,05,ESP.15.1.3.65_1,0.5761821366024519,0.939699952112375
2024,05,ESP.15.1.3.66_1,0.6532399299474606,0.9672042183530839
2024,05,ESP.15.1.3.67_1,0.63922942206655,0.9628603221651623
2024,05,ESP.15.1.3.68_1,0.5639229422066551,0.9344859549506349
2024,05,ESP.15.1.3.69_1,0.5831873905429072,0.9425730740902798
2024,05,ESP.15.1.3.7_1,0.6199649737302978,0.9564183185196736
2024,05,ESP.15.1.3.70_1,0.6252189141856392,0.9582296175760798
2024,05,ESP.15.1.3.71_1,0.6339754816112084,0.9611576353543679
2024,05,ESP.15.1.3.72_1,0.597197898423818,0.9480907129594721
2024,05,ESP.15.1.3.73_1,0.5464098073555167,0.9266196630764966
2024,05,ESP.15.1.3.74_1,0.6024518388791593,0.9500821017154254
2024,05,ESP.15.1.3.75_1,0.5674255691768827,0.936
2024,05,ESP.15.1.3.76_1,0.6217162872154116,0.9570266453970862
2024,05,ESP.15.1.3.8_1,0.6217162872154116,0.9570266453970862
2024,05,ESP.15.1.3.9_1,0.6007005253940456,0.9494229826584145
2024,05,ESP.15.1.4.1_1,0.5516637478108581,0.9290317540321213
2024,05,ESP.15.1.4.2_1,0.6024518388791593,0.9500821017154254
2024,05,ESP.15.1.4.3_1,0.6164623467600701,0.955187939622355
2024,05,ESP.15.1.4.4_1,0.5989492119089318,0.9487591896788141
2024,05,ESP.15.1.4.5_1,0.5936952714535902,0.9467396685467447
2024,05,ESP.15.1.4.6_1,0.5989492119089318,0.9487591896788141
2024,05,ESP.15.1.5.1_1,0.5341506129597198,0.920814856526544
2024,05,ESP.15.1.5.10_1,0.5989492119089318,0.9487591896788141
2024,05,ESP.15.1.5.11_1,0.5376532399299475,0.9224987804869988
2024,05,ESP.15.1.5.12_1,0.5359019264448337,0.9216593730874764
2024,05,ESP.15.1.5.13_1,0.5341506129597198,0.920814856526544
2024,05,ESP.15.1.5.14_1,0.56217162872154125,0.9337215859130601
2024,05,ESP.15.1.5.15_1,0.5569176882661997,0.931398947819891
2024,05,ESP.15.1.5.16_1,0.5516637478108581,0.9290317540321213
2024,05,ESP.15.1.5.17_1,0.5131348511383538,0.9102768809543611
2024,05,ESP.15.1.5.18_1,0.4763572679509633,0.8899797750510963
2024,05,ESP.15.1.5.19_1,0.5569176882661997,0.931398947819891
2024,05,ESP.15.1.5.2_1,0.521891418563923,0.9147589846511485
2024,05,ESP.15.1.5.20_1,0.5359019264448337,0.9216593730874764
2024,05,ESP.15.1.5.21_1,0.542907180385289,0.9249864863877743
2024,05,ESP.15.1.5.22_1,0.5516637478108581,0.9290317540321213
2024,05,ESP.15.1.5.23_1,0.5796847635726796,0.9411461098044235
2024,05,ESP.15.1.5.24_1,0.5411558669001751,0.9241623234042816
2024,05,ESP.15.1.5.25_1,0.51138353765324,0.909364613342745
2024,05,ESP.15.1.5.3_1,0.5586690017513135,0.9321780945720619
2024,05,ESP.15.1.5.4_1,0.5691768826619966,0.9367496997597597
2024,05,ESP.15.1.5.5_1,0.586690017513135,0.9439809320108113
2024,05,ESP.15.1.5.6_1,0.4816112084063048,0.8930285549745876
2024,05,ESP.15.1.5.7_1,0.490367775831874,0.8979977728257459
2024,05,ESP.15.1.5.8_1,0.5499124343257443,0.9282327294380435
2024,05,ESP.15.1.5.9_1,0.47985989492119097,0.8920179370393849
2024,05,ESP.15.1.6.1_1,0.5359019264448337,0.9216593730874764
2024,05,ESP.15.1.6.10_1,0.5253940455341506,0.916515138991168
2024,05,ESP.15.1.6.11_1,0.5499124343257443,0.9282327294380435
2024,05,ESP.15.1.6.12_1,0.5551663747810859,0.9306148505155073
2024,05,ESP.15.1.6.13_1,0.5814360770577934,0.9418619856433319
2024,05,ESP.15.1.6.14_1,0.5446584938704029,0.9258055951440345
2024,05,ESP.15.1.6.15_1,0.5253940455341506,0.916515138991168
2024,05,ESP.15.1.6.16_1,0.5831873905429072,0.9425730740902798
2024,05,ESP.15.1.6.17_1,0.5446584938704029,0.9258055951440345
2024,05,ESP.15.1.6.18_1,0.5534150612959721,0.9298257901349047
2024,05,ESP.15.1.6.19_1,0.597197898423818,0.9480907129594721
2024,05,ESP.15.1.6.2_1,0.6112084063047285,0.9533079250693346
2024,05,ESP.15.1.6.20_1,0.5499124343257443,0.9282327294380435
2024,05,ESP.15.1.6.21_1,0.5709281961471104,0.9374945333173949
2024,05,ESP.15.1.6.22_1,0.6094570928196147,0.9526720317087093
2024,05,ESP.15.1.6.23_1,0.5814360770577934,0.9418619856433319
2024,05,ESP.15.1.6.24_1,0.5306479859894921,0.9191104395011516
2024,05,ESP.15.1.6.25_1,0.5131348511383538,0.9102768809543611
2024,05,ESP.15.1.6.26_1,0.5604203152364273,0.9329523031752481
2024,05,ESP.15.1.6.27_1,0.5691768826619966,0.9367496997597597
2024,05,ESP.15.1.6.28_1,0.5656742556917689,0.9352454223357631
2024,05,ESP.15.1.6.29_1,0.5043782837127846,0.905662188677434
2024,05,ESP.15.1.6.3_1,0.6024518388791593,0.9500821017154254
2024,05,ESP.15.1.6.4_1,0.5726795096322242,0.9382345122622595
2024,05,ESP.15.1.6.5_1,0.5499124343257443,0.9282327294380435
2024,05,ESP.15.1.6.6_1,0.5691768826619966,0.9367496997597597
2024,05,ESP.15.1.6.7_1,0.5831873905429072,0.9425730740902798
2024,05,ESP.15.1.6.8_1,0.5674255691768827,0.936
2024,05,ESP.15.1.6.9_1,0.5639229422066551,0.9344859549506349
2024,05,ESP.15.1.7.1_1,0.4763572679509633,0.8899797750510963
2024,05,ESP.15.1.7.10_1,0.4658493870402803,0.883728465084157
2024,05,ESP.15.1.7.11_1,0.5376532399299475,0.9224987804869988
2024,05,ESP.15.1.7.2_1,0.4640980735551664,0.8826664149042944
2024,05,ESP.15.1.7.3_1,0.4203152364273205,0.8541662601625049
2024,05,ESP.15.1.7.4_1,0.4938704028021016,0.8999466650863261
2024,05,ESP.15.1.7.5_1,0.48861646234676015,0.8970150500409678
2024,05,ESP.15.1.7.6_1,0.47985989492119097,0.8920179370393849
2024,05,ESP.15.1.7.7_1,0.5236427320490368,0.9156396671180208
2024,05,ESP.15.1.7.8_1,0.49211908931698783,0.8989749718429317
2024,05,ESP.15.1.7.9_1,0.5166374781085814,0.9120855223058855
2024,05,ESP.15.1.8.1_1,0.5901926444833626,0.9453697689264238
2024,05,ESP.16.1.1.1_1,0.6847635726795097,0.9759487691472335
2024,05,ESP.16.1.1.2_1,0.7215411558669002,0.9843901665498289
2024,05,ESP.16.1.1.3_1,0.6882661996497373,0.976833660353696
2024,05,ESP.16.1.1.4_1,0.7285464098073555,0.9857869952479592
2024,05,ESP.16.1.1.5_1,0.6970227670753065,0.9789708882290628
2024,05,ESP.16.1.2.1_1,0.7145359019264449,0.9829262434180909
2024,05,ESP.16.1.2.2_1,0.6917688266199651,0.9777013859047148
2024,05,ESP.16.1.2.3_1,0.6654991243432575,0.9707728879609279
2024,05,ESP.16.1.2.4_1,0.7005253940455343,0.9797958971132712
2024,05,ESP.16.1.2.5_1,0.6690017513134852,0.9717530550505102
2024,05,ESP.16.1.3.1_1,0.6409807355516638,0.9634189120003821
2024,05,ESP.16.1.3.10_1,0.6322241681260946,0.9605810741421048
2024,05,ESP.16.1.3.11_1,0.6619964973730298,0.9697752316903129
2024,05,ESP.16.1.3.12_1,0.6812609457092821,0.975046665549911
2024,05,ESP.16.1.3.13_1,0.6795096322241682,0.9745891442038537
2024,05,ESP.16.1.3.2_1,0.7022767075306481,0.9802020199938377
2024,05,ESP.16.1.3.3_1,0.6182136602451839,0.9558054195284729
2024,05,ESP.16.1.3.4_1,0.6514886164623468,0.9666767815562759
2024,05,ESP.16.1.3.5_1,0.6654991243432575,0.9707728879609279
2024,05,ESP.16.1.3.6_1,0.6882661996497373,0.976833660353696
2024,05,ESP.16.1.3.7_1,0.7040280210157619,0.9806038955664005
2024,05,ESP.16.1.3.8_1,0.6252189141856392,0.9582296175760798
2024,05,ESP.16.1.3.9_1,0.5936952714535902,0.9467396685467447
2024,05,ESP.16.1.4.1_1,0.6042031523642732,0.9507365565707464
2024,05,ESP.16.1.4.2_1,0.5954465849387042,0.9474175425861608
2024,05,ESP.16.1.4.3_1,0.5744308231173381,0.9389696480717574
2024,05,ESP.16.1.4.4_1,0.649737302977233,0.9661449166662318
2024,05,ESP.16.1.4.5_1,0.5849387040280211,0.9432793859721519
2024,05,ESP.16.1.4.6_1,0.5779334500875658,0.9404254356406998
2024,05,ESP.16.1.4.7_1,0.5814360770577934,0.9418619856433319
2024,05,ESP.16.1.5.1_1,0.6637478108581437,0.970276249322841
2024,05,ESP.16.1.5.10_1,0.6357267950963222,0.9617296917533533
2024,05,ESP.16.1.5.11_1,0.6059544658493871,0.9513863568498342
2024,05,ESP.16.1.5.2_1,0.6479859894921192,0.9656086163658648
2024,05,ESP.16.1.5.3_1,0.6042031523642732,0.9507365565707464
2024,05,ESP.16.1.5.4_1,0.6252189141856392,0.9582296175760798
2024,05,ESP.16.1.5.5_1,0.6374781085814362,0.962297251372984
2024,05,ESP.16.1.5.6_1,0.6619964973730298,0.9697752316903129
2024,05,ESP.16.1.5.7_1,0.6584938704028022,0.9687600322061186
2024,05,ESP.16.1.5.8_1,0.670753064798599,0.9722365967191319
2024,05,ESP.16.1.5.9_1,0.6549912434325745,0.9677272342969376
2024,05,ESP.16.1.6.1_1,0.5288966725043783,0.918250510481753
2024,05,ESP.16.1.6.10_1,0.5534150612959721,0.9298257901349047
2024,05,ESP.16.1.6.11_1,0.6234676007005254,0.9576304088739037
2024,05,ESP.16.1.6.12_1,0.5656742556917689,0.9352454223357631
2024,05,ESP.16.1.6.13_1,0.5901926444833626,0.9453697689264238
2024,05,ESP.16.1.6.14_1,0.5954465849387042,0.9474175425861608
2024,05,ESP.16.1.6.2_1,0.5796847635726796,0.9411461098044235
2024,05,ESP.16.1.6.3_1,0.6024518388791593,0.9500821017154254
2024,05,ESP.16.1.6.4_1,0.6147110332749562,0.954565869911553
2024,05,ESP.16.1.6.5_1,0.5779334500875658,0.9404254356406998
2024,05,ESP.16.1.6.6_1,0.5744308231173381,0.9389696480717574
2024,05,ESP.16.1.6.7_1,0.5761821366024519,0.939699952112375
2024,05,ESP.16.1.6.8_1,0.6059544658493871,0.9513863568498342
2024,05,ESP.16.1.6.9_1,0.5954465849387042,0.9474175425861608
2024,05,ESP.16.1.7.1_1,0.6357267950963222,0.9617296917533533
2024,05,ESP.16.2.1.1_1,0.7267950963222417,0.9854440623394105
2024,05,ESP.16.2.1.10_1,0.7057793345008757,0.9810015290507961
2024,05,ESP.16.2.1.11_1,0.6549912434325745,0.9677272342969376
2024,05,ESP.16.2.1.12_1,0.7110332749562173,0.9821690282227392
2024,05,ESP.16.2.1.13_1,0.7005253940455343,0.9797958971132712
2024,05,ESP.16.2.1.14_1,0.7600700525394046,0.9912497162672985
2024,05,ESP.16.2.1.15_1,0.6847635726795097,0.9759487691472335
2024,05,ESP.16.2.1.16_1,0.7302977232924693,0.9861257526299574
2024,05,ESP.16.2.1.17_1,0.7250437828371279,0.9850969495435462
2024,05,ESP.16.2.1.18_1,0.7145359019264449,0.9829262434180909
2024,05,ESP.16.2.1.19_1,0.7338003502626971,0.986790757962396
2024,05,ESP.16.2.1.2_1,0.7390542907180385,0.9877570551507087
2024,05,ESP.16.2.1.20_1,0.6970227670753065,0.9789708882290628
2024,05,ESP.16.2.1.21_1,0.7162872154115587,0.9832985304575615
2024,05,ESP.16.2.1.22_1,0.7355516637478109,0.9871170143402452
2024,05,ESP.16.2.1.23_1,0.6847635726795097,0.9759487691472335
2024,05,ESP.16.2.1.24_1,0.7373029772329247,0.987439112046915
2024,05,ESP.16.2.1.25_1,0.7110332749562173,0.9821690282227392
2024,05,ESP.16.2.1.26_1,0.7285464098073555,0.9857869952479592
2024,05,ESP.16.2.1.27_1,0.6427320490367776,0.9639730286683336
2024,05,ESP.16.2.1.28_1,0.6637478108581437,0.970276249322841
2024,05,ESP.16.2.1.29_1,0.7320490367775833,0.98646033878712025
2024,05,ESP.16.2.1.3_1,0.7425569176882663,0.9883804935347521
2024,05,ESP.16.2.1.30_1,0.6935201401050789,0.9781288258711119
2024,05,ESP.16.2.1.31_1,0.7408056042031524,0.9880708476622514
2024,05,ESP.16.2.1.32_1,0.7215411558669002,0.9843901665498289
2024,05,ESP.16.2.1.33_1,0.7215411558669002,0.9843901665498289
2024,05,ESP.16.2.1.34_1,0.7180385288966725,0.983666610188635
2024,05,ESP.16.2.1.35_1,0.660245183887916,0.9692698282728087
2024,05,ESP.16.2.1.36_1,0.6935201401050789,0.9781288258711119
2024,05,ESP.16.2.1.37_1,0.6549912434325745,0.9677272342969376
2024,05,ESP.16.2.1.38_1,0.7057793345008757,0.9810015290507961
2024,05,ESP.16.2.1.39_1,0.6847635726795097,0.9759487691472335
2024,05,ESP.16.2.1.4_1,0.63922942206655,0.9628603221651623
2024,05,ESP.16.2.1.40_1,0.6777583187390543,0.9741273017424364
2024,05,ESP.16.2.1.41_1,0.7302977232924693,0.9861257526299574
2024,05,ESP.16.2.1.42_1,0.6952714535901927,0.97855199146494
2024,05,ESP.16.2.1.43_1,0.6952714535901927,0.97855199146494
2024,05,ESP.16.2.1.45_1,0.670753064798599,0.9722365967191319
2024,05,ESP.16.2.1.46_1,0.7110332749562173,0.9821690282227392
2024,05,ESP.16.2.1.47_1,0.7373029772329247,0.987439112046915
2024,05,ESP.16.2.1.48_1,0.7513134851138354,0.9898666576867816
2024,05,ESP.16.2.1.49_1,0.6865148861646235,0.9763933633531108
2024,05,ESP.16.2.1.5_1,0.712784588441331,0.9825497442877892
2024,05,ESP.16.2.1.50_1,0.6987740805604205,0.9793855216409929
2024,05,ESP.16.2.1.51_1,0.6882661996497373,0.976833660353696
2024,05,ESP.16.2.1.52_1,0.7705779334500876,0.9927738916792685
2024,05,ESP.16.2.1.53_1,0.7355516637478109,0.9871170143402452
2024,05,ESP.16.2.1.54_1,0.6935201401050789,0.9781288258711119
2024,05,ESP.16.2.1.55_1,0.7145359019264449,0.9829262434180909
2024,05,ESP.16.2.1.56_1,0.6654991243432575,0.9707728879609279
2024,05,ESP.16.2.1.57_1,0.6865148861646235,0.9763933633531108
2024,05,ESP.16.2.1.58_1,0.6637478108581437,0.970276249322841
2024,05,ESP.16.2.1.59_1,0.6795096322241682,0.9745891442038537
2024,05,ESP.16.2.1.6_1,0.7232924693520141,0.9847456524402634
2024,05,ESP.16.2.1.60_1,0.670753064798599,0.9722365967191319
2024,05,ESP.16.2.1.61_1,0.7338003502626971,0.986790757962396
2024,05,ESP.16.2.1.62_1,0.6462346760070053,0.965067873260736
2024,05,ESP.16.2.1.63_1,0.7898423817863398,0.9951864146982715
2024,05,ESP.16.2.1.64_1,0.6532399299474606,0.9672042183530839
2024,05,ESP.16.2.1.65_1,0.6970227670753065,0.9789708882290628
2024,05,ESP.16.2.1.66_1,0.6952714535901927,0.97855199146494
2024,05,ESP.16.2.1.67_1,0.6760070052539405,0.9736611320166786
2024,05,ESP.16.2.1.68_1,0.6409807355516638,0.9634189120003821
2024,05,ESP.16.2.1.69_1,0.6935201401050789,0.9781288258711119
2024,05,ESP.16.2.1.7_1,0.7267950963222417,0.9854440623394105
2024,05,ESP.16.2.1.70_1,0.7460595446584939,0.9889873608899156
2024,05,ESP.16.2.1.71_1,0.6882661996497373,0.976833660353696
2024,05,ESP.16.2.1.72_1,0.6987740805604205,0.9793855216409929
2024,05,ESP.16.2.1.73_1,0.7425569176882663,0.9883804935347521
2024,05,ESP.16.2.1.74_1,0.6987740805604205,0.9793855216409929
2024,05,ESP.16.2.1.75_1,0.7232924693520141,0.9847456524402634
2024,05,ESP.16.2.1.76_1,0.7005253940455343,0.9797958971132712
2024,05,ESP.16.2.1.77_1,0.6812609457092821,0.975046665549911
2024,05,ESP.16.2.1.78_1,0.6952714535901927,0.97855199146494
2024,05,ESP.16.2.1.79_1,0.6760070052539405,0.9736611320166786
2024,05,ESP.16.2.1.8_1,0.7635726795096323,0.9917741678426597
2024,05,ESP.16.2.1.80_1,0.6619964973730298,0.9697752316903129
2024,05,ESP.16.2.1.81_1,0.7215411558669002,0.9843901665498289
2024,05,ESP.16.2.1.82_1,0.7338003502626971,0.986790757962396
2024,05,ESP.16.2.1.83_1,0.6970227670753065,0.9789708882290628
2024,05,ESP.16.2.1.84_1,0.7092819614711035,0.9817840903172144
2024,05,ESP.16.2.1.85_1,0.6830122591943959,0.9754998718605759
2024,05,ESP.16.2.1.86_1,0.6672504378283713,0.9712651543219287
2024,05,ESP.16.2.1.87_1,0.7302977232924693,0.9861257526299574
2024,05,ESP.16.2.1.88_1,0.6777583187390543,0.9741273017424364
2024,05,ESP.16.2.1.89_1,0.6987740805604205,0.9793855216409929
2024,05,ESP.16.2.1.9_1,0.7110332749562173,0.9821690282227392
2024,05,ESP.16.2.1.90_1,0.7162872154115587,0.9832985304575615
2024,05,ESP.16.3.1.1_1,0.7040280210157619,0.9806038955664005
2024,05,ESP.16.3.1.10_1,0.6847635726795097,0.9759487691472335
2024,05,ESP.16.3.1.100_1,0.7267950963222417,0.9854440623394105
2024,05,ESP.16.3.1.101_1,0.6935201401050789,0.9781288258711119
2024,05,ESP.16.3.1.102_1,0.6900175131348513,0.9772696659571503
2024,05,ESP.16.3.1.103_1,0.7338003502626971,0.986790757962396
2024,05,ESP.16.3.1.104_1,0.7355516637478109,0.9871170143402452
2024,05,ESP.16.3.1.105_1,0.6830122591943959,0.9754998718605759
2024,05,ESP.16.3.1.106_1,0.7057793345008757,0.9810015290507961
2024,05,ESP.16.3.1.107_1,0.7530647985989493,0.990151503558925
2024,05,ESP.16.3.1.11_1,0.7005253940455343,0.9797958971132712
2024,05,ESP.16.3.1.12_1,0.7057793345008757,0.9810015290507961
2024,05,ESP.16.3.1.13_1,0.7373029772329247,0.987439112046915
2024,05,ESP.16.3.1.14_1,0.6795096322241682,0.9745891442038537
2024,05,ESP.16.3.1.15_1,0.7092819614711035,0.9817840903172144
2024,05,ESP.16.3.1.16_1,0.6742556917688267,0.9731906288081488
2024,05,ESP.16.3.1.17_1,0.7302977232924693,0.9861257526299574
2024,05,ESP.16.3.1.18_1,0.660245183887916,0.9692698282728087
2024,05,ESP.16.3.1.19_1,0.6917688266199651,0.9777013859047148
2024,05,ESP.16.3.1.2_1,0.7057793345008757,0.9810015290507961
2024,05,ESP.16.3.1.20_1,0.7022767075306481,0.9802020199938377
2024,05,ESP.16.3.1.21_1,0.6444833625218914,0.9645226798784983
2024,05,ESP.16.3.1.22_1,0.6917688266199651,0.9777013859047148
2024,05,ESP.16.3.1.23_1,0.6654991243432575,0.9707728879609279
2024,05,ESP.16.3.1.24_1,0.6479859894921192,0.9656086163658648
2024,05,ESP.16.3.1.25_1,0.6147110332749562,0.954565869911553
2024,05,ESP.16.3.1.26_1,0.6742556917688267,0.9731906288081488
2024,05,ESP.16.3.1.27_1,0.6865148861646235,0.9763933633531108
2024,05,ESP.16.3.1.28_1,0.7285464098073555,0.9857869952479592
2024,05,ESP.16.3.1.29_1,0.7092819614711035,0.9817840903172144
2024,05,ESP.16.3.1.3_1,0.7075306479859896,0.9813949256033475
2024,05,ESP.16.3.1.30_1,0.6917688266199651,0.9777013859047148
2024,05,ESP.16.3.1.31_1,0.6795096322241682,0.9745891442038537
2024,05,ESP.16.3.1.32_1,0.712784588441331,0.9825497442877892
2024,05,ESP.16.3.1.34_1,0.6637478108581437,0.970276249322841
2024,05,ESP.16.3.1.35_1,0.6970227670753065,0.9789708882290628
2024,05,ESP.16.3.1.36_1,0.6952714535901927,0.97855199146494
2024,05,ESP.16.3.1.37_1,0.7092819614711035,0.9817840903172144
2024,05,ESP.16.3.1.38_1,0.7302977232924693,0.9861257526299574
2024,05,ESP.16.3.1.39_1,0.7092819614711035,0.9817840903172144
2024,05,ESP.16.3.1.4_1,0.6935201401050789,0.9781288258711119
2024,05,ESP.16.3.1.40_1,0.7408056042031524,0.9880708476622514
2024,05,ESP.16.3.1.41_1,0.6812609457092821,0.975046665549911
2024,05,ESP.16.3.1.42_1,0.7355516637478109,0.9871170143402452
2024,05,ESP.16.3.1.43_1,0.6690017513134852,0.9717530550505102
2024,05,ESP.16.3.1.44_1,0.7565674255691769,0.9907088371464141
2024,05,ESP.16.3.1.45_1,0.7267950963222417,0.9854440623394105
2024,05,ESP.16.3.1.46_1,0.6970227670753065,0.9789708882290628
2024,05,ESP.16.3.1.47_1,0.6952714535901927,0.97855199146494
2024,05,ESP.16.3.1.48_1,0.6742556917688267,0.9731906288081488
2024,05,ESP.16.3.1.49_1,0.6795096322241682,0.9745891442038537
2024,05,ESP.16.3.1.5_1,0.6847635726795097,0.9759487691472335
2024,05,ESP.16.3.1.50_1,0.7057793345008757,0.9810015290507961
2024,05,ESP.16.3.1.51_1,0.7845884413309984,0.9945772971468834
2024,05,ESP.16.3.1.52_1,0.6462346760070053,0.965067873260736
2024,05,ESP.16.3.1.53_1,0.660245183887916,0.9692698282728087
2024,05,ESP.16.3.1.54_1,0.7005253940455343,0.9797958971132712
2024,05,ESP.16.3.1.55_1,0.7425569176882663,0.9883804935347521
2024,05,ESP.16.3.1.56_1,0.7040280210157619,0.9806038955664005
2024,05,ESP.16.3.1.57_1,0.6725043782837129,0.9727157858285225
2024,05,ESP.16.3.1.58_1,0.7250437828371279,0.9850969495435462
2024,05,ESP.16.3.1.59_1,0.712784588441331,0.9825497442877892
2024,05,ESP.16.3.1.6_1,0.7005253940455343,0.9797958971132712
2024,05,ESP.16.3.1.60_1,0.6847635726795097,0.9759487691472335
2024,05,ESP.16.3.1.61_1,0.6917688266199651,0.9777013859047148
2024,05,ESP.16.3.1.62_1,0.7355516637478109,0.9871170143402452
2024,05,ESP.16.3.1.63_1,0.7040280210157619,0.9806038955664005
2024,05,ESP.16.3.1.64_1,0.6952714535901927,0.97855199146494
2024,05,ESP.16.3.1.66_1,0.6830122591943959,0.9754998718605759
2024,05,ESP.16.3.1.67_1,0.7057793345008757,0.9810015290507961
2024,05,ESP.16.3.1.68_1,0.6690017513134852,0.9717530550505102
2024,05,ESP.16.3.1.69_1,0.6900175131348513,0.9772696659571503
2024,05,ESP.16.3.1.7_1,0.6987740805604205,0.9793855216409929
2024,05,ESP.16.3.1.70_1,0.7110332749562173,0.9821690282227392
2024,05,ESP.16.3.1.71_1,0.6725043782837129,0.9727157858285225
2024,05,ESP.16.3.1.72_1,0.7022767075306481,0.9802020199938377
2024,05,ESP.16.3.1.73_1,0.7653239929947461,0.9920302414745228
2024,05,ESP.16.3.1.74_1,0.6882661996497373,0.976833660353696
2024,05,ESP.16.3.1.75_1,0.6637478108581437,0.970276249322841
2024,05,ESP.16.3.1.76_1,0.7180385288966725,0.983666610188635
2024,05,ESP.16.3.1.77_1,0.7460595446584939,0.9889873608899156
2024,05,ESP.16.3.1.78_1,0.6672504378283713,0.9712651543219287
2024,05,ESP.16.3.1.79_1,0.6795096322241682,0.9745891442038537
2024,05,ESP.16.3.1.8_1,0.6619964973730298,0.9697752316903129
2024,05,ESP.16.3.1.80_1,0.6795096322241682,0.9745891442038537
2024,05,ESP.16.3.1.81_1,0.6514886164623468,0.9666767815562759
2024,05,ESP.16.3.1.82_1,0.6830122591943959,0.9754998718605759
2024,05,ESP.16.3.1.83_1,0.7057793345008757,0.9810015290507961
2024,05,ESP.16.3.1.84_1,0.712784588441331,0.9825497442877892
2024,05,ESP.16.3.1.85_1,0.7215411558669002,0.9843901665498289
2024,05,ESP.16.3.1.86_1,0.7057793345008757,0.9810015290507961
2024,05,ESP.16.3.1.87_1,0.7250437828371279,0.9850969495435462
2024,05,ESP.16.3.1.88_1,0.6882661996497373,0.976833660353696
2024,05,ESP.16.3.1.89_1,0.7390542907180385,0.9877570551507087
2024,05,ESP.16.3.1.9_1,0.7180385288966725,0.983666610188635
2024,05,ESP.16.3.1.90_1,0.6777583187390543,0.9741273017424364
2024,05,ESP.16.3.1.91_1,0.7460595446584939,0.9889873608899156
2024,05,ESP.16.3.1.92_1,0.7022767075306481,0.9802020199938377
2024,05,ESP.16.3.1.93_1,0.6882661996497373,0.976833660353696
2024,05,ESP.16.3.1.94_1,0.7162872154115587,0.9832985304575615
2024,05,ESP.16.3.1.95_1,0.7022767075306481,0.9802020199938377
2024,05,ESP.16.3.1.96_1,0.6970227670753065,0.9789708882290628
2024,05,ESP.16.3.1.97_1,0.7145359019264449,0.9829262434180909
2024,05,ESP.16.3.1.98_1,0.7092819614711035,0.9817840903172144
2024,05,ESP.16.3.1.99_1,0.6987740805604205,0.9793855216409929
2024,05,ESP.16.3.2.1_1,0.6935201401050789,0.9781288258711119
2024,05,ESP.16.3.2.2_1,0.7110332749562173,0.9821690282227392
2024,05,ESP.16.3.2.3_1,0.712784588441331,0.9825497442877892
2024,05,ESP.17.1.1.1_1,0.670753064798599,0.9722365967191319
2024,05,ESP.17.1.1.3_1,0.7005253940455343,0.9797958971132712
2024,05,ESP.17.1.1.4_1,0.6619964973730298,0.9697752316903129
2024,05,ESP.17.1.1.6_1,0.6725043782837129,0.9727157858285225
2024,05,ESP.17.1.1.7_1,0.7110332749562173,0.9821690282227392
2024,05,ESP.17.1.2.3_1,0.6970227670753065,0.9789708882290628
2024,05,ESP.17.1.3.10_1,0.7110332749562173,0.9821690282227392
2024,05,ESP.17.1.3.11_1,0.7548161120840631,0.9904322288778774
2024,05,ESP.17.1.3.13_1,0.6900175131348513,0.9772696659571503
2024,05,ESP.17.1.3.14_1,0.6865148861646235,0.9763933633531108
2024,05,ESP.17.1.3.15_1,0.6970227670753065,0.9789708882290628
2024,05,ESP.17.1.3.2_1,0.712784588441331,0.9825497442877892
2024,05,ESP.17.1.3.5_1,0.6952714535901927,0.97855199146494
2024,05,ESP.17.1.3.7_1,0.7162872154115587,0.9832985304575615
2024,05,ESP.17.1.4.1_1,0.7075306479859896,0.9813949256033475
2024,05,ESP.17.1.4.2_1,0.7022767075306481,0.9802020199938377
2024,05,ESP.17.1.4.3_1,0.7057793345008757,0.9810015290507961
2024,05,ESP.17.1.5.1_1,0.6847635726795097,0.9759487691472335
2024,05,ESP.17.1.5.4_1,0.6760070052539405,0.9736611320166786
2024,05,ESP.17.1.6.2_1,0.7355516637478109,0.9871170143402452
2024,05,ESP.17.1.7.13_1,0.7338003502626971,0.986790757962396
2024,05,ESP.17.1.7.14_1,0.7635726795096323,0.9917741678426597
2024,05,ESP.17.1.7.2_1,0.6725043782837129,0.9727157858285225
2024,05,ESP.17.1.7.3_1,0.7075306479859896,0.9813949256033475
2024,05,ESP.17.1.7.5_1,0.7618213660245184,0.9915139938498094
2024,05,ESP.17.1.7.6_1,0.7443082311733801,0.9886859966642594
2024,05,ESP.17.1.7.7_1,0.6514886164623468,0.9666767815562759
2024,05,ESP.17.1.7.9_1,0.6865148861646235,0.9763933633531108
2024,05,ESP.17.1.8.1_1,0.6865148861646235,0.9763933633531108
2024,05,ESP.17.1.8.10_1,0.7197898423817863,0.9840304873325826
2024,05,ESP.17.1.8.13_1,0.6795096322241682,0.9745891442038537
2024,05,ESP.17.1.8.16_1,0.7057793345008757,0.9810015290507961
2024,05,ESP.17.1.8.18_1,0.6830122591943959,0.9754998718605759
2024,05,ESP.17.1.8.4_1,0.6900175131348513,0.9772696659571503
2024,05,ESP.17.1.8.5_1,0.6917688266199651,0.9777013859047148
2024,05,ESP.17.1.8.6_1,0.6654991243432575,0.9707728879609279
2024,05,ESP.18.1.1.1_1,0.28021015761821366,0.7332121111929344
2024,05,ESP.18.1.1.2_1,0.32749562171628727,0.7798230568532839
2024,05,ESP.18.1.10.1_1,0.3222416812609457,0.7749683864519894
2024,05,ESP.18.1.10.2_1,0.35551663747810863,0.8044650396381436
2024,05,ESP.18.1.10.3_1,0.3169877408056042,0.7700363627777587
2024,05,ESP.18.1.10.4_1,0.3397548161120841,0.7908577621797739
2024,05,ESP.18.1.11.1_1,0.3099824868651489,0.7633374090138647
2024,05,ESP.18.1.11.2_1,0.3204903677758319,0.7733330459769581
2024,05,ESP.18.1.11.3_1,0.3204903677758319,0.7733330459769581
2024,05,ESP.18.1.12.1_1,0.34325744308231176,0.7939370252104382
2024,05,ESP.18.1.12.2_1,0.36777583187390545,0.814616474176652
2024,05,ESP.18.1.12.3_1,0.33800350262697026,0.7893060243023614
2024,05,ESP.18.1.12.4_1,0.3239929947460596,0.7765951326141569
2024,05,ESP.18.1.12.5_1,0.3204903677758319,0.7733330459769581
2024,05,ESP.18.1.12.6_1,0.33625218914185645,0.7877461520058349
2024,05,ESP.18.1.2.1_1,0.43257443082311736,0.8625334776111592
2024,05,ESP.18.1.2.2_1,0.3607705779334501,0.8088609274776474
2024,05,ESP.18.1.2.3_1,0.36427320490367776,0.8117536572138127
2024,05,ESP.18.1.3.1_1,0.35551663747810863,0.8044650396381436
2024,05,ESP.18.1.3.2_1,0.35201401050788095,0.8014961010510282
2024,05,ESP.18.1.3.3_1,0.35551663747810863,0.8044650396381436
2024,05,ESP.18.1.3.4_1,0.5411558669001751,0.9241623234042816
2024,05,ESP.18.1.3.5_1,0.34325744308231176,0.7939370252104382
2024,05,ESP.18.1.4.1_1,0.5726795096322242,0.9382345122622595
2024,05,ESP.18.1.4.2_1,0.45008756567425573,0.8739588090980032
2024,05,ESP.18.1.4.4_1,0.5043782837127846,0.905662188677434
2024,05,ESP.18.1.5.1_1,0.36252189141856395,0.8103110513870584
2024,05,ESP.18.1.5.2_1,0.4203152364273205,0.8541662601625049
2024,05,ESP.18.1.5.3_1,0.3607705779334501,0.8088609274776474
2024,05,ESP.18.1.5.4_1,0.34851138353765326,0.7984960864024319
2024,05,ESP.18.1.6.1_1,0.5534150612959721,0.9298257901349047
2024,05,ESP.18.1.6.2_1,0.5604203152364273,0.9329523031752481
2024,05,ESP.18.1.6.3_1,0.5183887915936953,0.9129819275319747
2024,05,ESP.18.1.6.4_1,0.48336252189141865,0.8940335564172074
2024,05,ESP.18.1.7.1_1,0.28371278458844135,0.73690162165651385
2024,05,ESP.18.1.7.2_1,0.3064798598949212,0.7599342076785331
2024,05,ESP.18.1.7.3_1,0.3187390542907181,0.771689056550629
2024,05,ESP.18.1.7.4_1,0.27670753064798603,0.729482008002939
2024,05,ESP.18.1.7.5_1,0.2942206654991244,0.7477325725150671
2024,05,ESP.18.1.8.1_1,0.3397548161120841,0.7908577621797739
2024,05,ESP.18.1.8.2_1,0.35026269702276713,0.7999999999999999
2024,05,ESP.18.1.9.1_1,0.34325744308231176,0.7939370252104382
2024,05,ESP.18.1.9.2_1,0.34676007005253945,0.7969843160313759
2024,05,ESP.18.1.9.3_1,0.3345008756567426,0.786178096871186
2024,05,ESP.18.1.9.4_1,0.32749562171628727,0.7798230568532839
2024,05,ESP.2.1.1.1_1,0.5709281961471104,0.9374945333173949
2024,05,ESP.2.1.1.10_1,0.5376532399299475,0.9224987804869988
2024,05,ESP.2.1.1.11_1,0.4570928196147111,0.8783598351473045
2024,05,ESP.2.1.1.12_1,0.521891418563923,0.9147589846511485
2024,05,ESP.2.1.1.13_1,0.4728546409807356,0.8879189152169246
2024,05,ESP.2.1.1.14_1,0.5814360770577934,0.9418619856433319
2024,05,ESP.2.1.1.15_1,0.4956217162872154,0.9009128703709366
2024,05,ESP.2.1.1.16_1,0.5166374781085814,0.9120855223058855
2024,05,ESP.2.1.1.17_1,0.44483362521891423,0.8705951987002916
2024,05,ESP.2.1.1.18_1,0.5569176882661997,0.931398947819891
2024,05,ESP.2.1.1.19_1,0.5464098073555167,0.9266196630764966
2024,05,ESP.2.1.1.2_1,0.4676007005253941,0.8847847195787232
2024,05,ESP.2.1.1.20_1,0.5919439579684764,0.946057080730333
2024,05,ESP.2.1.1.21_1,0.5534150612959721,0.9298257901349047
2024,05,ESP.2.1.1.22_1,0.5464098073555167,0.9266196630764966
2024,05,ESP.2.1.1.23_1,0.5288966725043783,0.918250510481753
2024,05,ESP.2.1.1.24_1,0.5569176882661997,0.931398947819891
2024,05,ESP.2.1.1.25_1,0.48511383537653247,0.8950329602869382
2024,05,ESP.2.1.1.26_1,0.51138353765324,0.909364613342745
2024,05,ESP.2.1.1.27_1,0.48861646234676015,0.8970150500409678
2024,05,ESP.2.1.1.28_1,0.5288966725043783,0.918250510481753
2024,05,ESP.2.1.1.29_1,0.5061295971978984,0.9065958305661901
2024,05,ESP.2.1.1.3_1,0.5481611208406305,0.9274287034591931
2024,05,ESP.2.1.1.30_1,0.5288966725043783,0.918250510481753
2024,05,ESP.2.1.1.31_1,0.5341506129597198,0.920814856526544
2024,05,ESP.2.1.1.32_1,0.532399299474606,0.9199652167337633
2024,05,ESP.2.1.1.33_1,0.5446584938704029,0.9258055951440345
2024,05,ESP.2.1.1.34_1,0.5516637478108581,0.9290317540321213
2024,05,ESP.2.1.1.35_1,0.5551663747810859,0.9306148505155073
2024,05,ESP.2.1.1.4_1,0.5096322241681261,0.9084470265238365
2024,05,ESP.2.1.1.5_1,0.5744308231173381,0.9389696480717574
2024,05,ESP.2.1.1.6_1,0.48861646234676015,0.8970150500409678
2024,05,ESP.2.1.1.7_1,0.4991243432574431,0.9028288874421332
2024,05,ESP.2.1.1.8_1,0.5446584938704029,0.9258055951440345
2024,05,ESP.2.1.1.9_1,0.5271453590192645,0.9173854151881858
2024,05,ESP.2.1.2.1_1,0.5499124343257443,0.9282327294380435
2024,05,ESP.2.1.2.10_1,0.5569176882661997,0.931398947819891
2024,05,ESP.2.1.2.11_1,0.5516637478108581,0.9290317540321213
2024,05,ESP.2.1.2.12_1,0.5551663747810859,0.9306148505155073
2024,05,ESP.2.1.2.13_1,0.5271453590192645,0.9173854151881858
2024,05,ESP.2.1.2.14_1,0.5551663747810859,0.9306148505155073
2024,05,ESP.2.1.2.15_1,0.5674255691768827,0.936
2024,05,ESP.2.1.2.16_1,0.490367775831874,0.8979977728257459
2024,05,ESP.2.1.2.17_1,0.5359019264448337,0.9216593730874764
2024,05,ESP.2.1.2.18_1,0.5744308231173381,0.9389696480717574
2024,05,ESP.2.1.2.2_1,0.5148861646234676,0.9111838453352868
2024,05,ESP.2.1.2.3_1,0.5131348511383538,0.9102768809543611
2024,05,ESP.2.1.2.4_1,0.56217162872154125,0.9337215859130601
2024,05,ESP.2.1.2.5_1,0.5831873905429072,0.9425730740902798
2024,05,ESP.2.1.2.6_1,0.5744308231173381,0.9389696480717574
2024,05,ESP.2.1.2.7_1,0.5516637478108581,0.9290317540321213
2024,05,ESP.2.1.2.8_1,0.5376532399299475,0.9224987804869988
2024,05,ESP.2.1.2.9_1,0.5481611208406305,0.9274287034591931
2024,05,ESP.2.1.3.1_1,0.4483362521891419,0.8728436286070947
2024,05,ESP.2.1.3.10_1,0.4203152364273205,0.8541662601625049
2024,05,ESP.2.1.3.11_1,0.48511383537653247,0.8950329602869382
2024,05,ESP.2.1.3.12_1,0.5201401050788091,0.9138730765264944
2024,05,ESP.2.1.3.13_1,0.4728546409807356,0.8879189152169246
2024,05,ESP.2.1.3.14_1,0.4973730297723292,0.9018736053350269
2024,05,ESP.2.1.3.15_1,0.4658493870402803,0.883728465084157
2024,05,ESP.2.1.3.16_1,0.45008756567425573,0.8739588090980032
2024,05,ESP.2.1.3.17_1,0.48336252189141865,0.8940335564172074
2024,05,ESP.2.1.3.18_1,0.415061295971979,0.8504845677612263
2024,05,ESP.2.1.3.19_1,0.4133099824868652,0.84924437001372
2024,05,ESP.2.1.3.2_1,0.46935201401050797,0.885835199120017
2024,05,ESP.2.1.3.20_1,0.3922942206654992,0.8338441101309045
2024,05,ESP.2.1.3.21_1,0.46935201401050797,0.885835199120017
2024,05,ESP.2.1.3.22_1,0.4676007005253941,0.8847847195787232
2024,05,ESP.2.1.3.23_1,0.4185639229422067,0.8529454847761373
2024,05,ESP.2.1.3.24_1,0.394045534150613,0.8351646544245033
2024,05,ESP.2.1.3.25_1,0.46935201401050797,0.885835199120017
2024,05,ESP.2.1.3.26_1,0.4570928196147111,0.8783598351473045
2024,05,ESP.2.1.3.27_1,0.4728546409807356,0.8879189152169246
2024,05,ESP.2.1.3.28_1,0.4430823117338004,0.8694619025581282
2024,05,ESP.2.1.3.3_1,0.46935201401050797,0.885835199120017
2024,05,ESP.2.1.3.4_1,0.45008756567425573,0.8739588090980032
2024,05,ESP.2.1.3.5_1,0.48511383537653247,0.8950329602869382
2024,05,ESP.2.1.3.6_1,0.43257443082311736,0.8625334776111592
2024,05,ESP.2.1.3.7_1,0.5131348511383538,0.9102768809543611
2024,05,ESP.2.1.3.8_1,0.3905429071803853,0.8325166664998365
2024,05,ESP.2.1.3.9_1,0.4973730297723292,0.9018736053350269
2024,05,ESP.2.1.4.1_1,0.43432574430823123,0.8637036528810099
2024,05,ESP.2.1.4.10_1,0.39579684763572687,0.8364783320564855
2024,05,ESP.2.1.4.11_1,0.42556917688266205,0.8577901841359576
2024,05,ESP.2.1.4.12_1,0.43432574430823123,0.8637036528810099
2024,05,ESP.2.1.4.13_1,0.36777583187390545,0.814616474176652
2024,05,ESP.2.1.4.14_1,0.40105078809106837,0.8403784861596588
2024,05,ESP.2.1.4.15_1,0.4623467600700526,0.8815985480931783
2024,05,ESP.2.1.4.16_1,0.40630472854640987,0.8442179813294668
2024,05,ESP.2.1.4.17_1,0.4185639229422067,0.8529454847761373
2024,05,ESP.2.1.4.18_1,0.37302977232924694,0.8188552985723424
2024,05,ESP.2.1.4.19_1,0.394045534150613,0.8351646544245033
2024,05,ESP.2.1.4.2_1,0.43782837127845886,0.8660254037844386
2024,05,ESP.2.1.4.20_1,0.3800350262697023,0.8244052401580184
2024,05,ESP.2.1.4.3_1,0.3992994746059545,0.8390852161729463
2024,05,ESP.2.1.4.4_1,0.44133099824868655,0.8683225207260261
2024,05,ESP.2.1.4.5_1,0.40455341506129605,0.8429448380528823
2024,05,ESP.2.1.4.6_1,0.44658493870402804,0.8717224328879003
2024,05,ESP.2.1.4.7_1,0.4080560420315237,0.8454844764985339
2024,05,ESP.2.1.4.8_1,0.46935201401050797,0.885835199120017
2024,05,ESP.2.1.4.9_1,0.36602451838879163,0.8131887849693945
2024,05,ESP.2.1.5.1_1,0.39579684763572687,0.8364783320564855
2024,05,ESP.2.1.5.10_1,0.37828371278458844,0.8230285535751478
2024,05,ESP.2.1.5.11_1,0.36777583187390545,0.814616474176652
2024,05,ESP.2.1.5.12_1,0.33800350262697026,0.7893060243023614
2024,05,ESP.2.1.5.13_1,0.37653239929947463,0.8216446920658589
2024,05,ESP.2.1.5.2_1,0.34676007005253945,0.7969843160313759
2024,05,ESP.2.1.5.3_1,0.3239929947460596,0.7765951326141569
2024,05,ESP.2.1.5.4_1,0.36952714535901926,0.8160367638777066
2024,05,ESP.2.1.5.5_1,0.34851138353765326,0.7984960864024319
2024,05,ESP.2.1.5.6_1,0.33274956217162877,0.7846018098373213
2024,05,ESP.2.1.5.7_1,0.35026269702276713,0.7999999999999999
2024,05,ESP.2.1.5.8_1,0.37828371278458844,0.8230285535751478
2024,05,ESP.2.1.5.9_1,0.36602451838879163,0.8131887849693945
2024,05,ESP.2.1.6.1_1,0.35551663747810863,0.8044650396381436
2024,05,ESP.2.1.6.10_1,0.39579684763572687,0.8364783320564855
2024,05,ESP.2.1.6.11_1,0.37302977232924694,0.8188552985723424
2024,05,ESP.2.1.6.12_1,0.36602451838879163,0.8131887849693945
2024,05,ESP.2.1.6.13_1,0.37828371278458844,0.8230285535751478
2024,05,ESP.2.1.6.14_1,0.35201401050788095,0.8014961010510282
2024,05,ESP.2.1.6.2_1,0.37302977232924694,0.8188552985723424
2024,05,ESP.2.1.6.3_1,0.37127845884413313,0.817449692641694
2024,05,ESP.2.1.6.4_1,0.35726795096322245,0.8059379628730737
2024,05,ESP.2.1.6.5_1,0.32749562171628727,0.7798230568532839
2024,05,ESP.2.1.6.6_1,0.3257443082311734,0.7782133383590902
2024,05,ESP.2.1.6.7_1,0.3607705779334501,0.8088609274776474
2024,05,ESP.2.1.6.8_1,0.34500875656742563,0.7954646440917409
2024,05,ESP.2.1.6.9_1,0.4185639229422067,0.8529454847761373
2024,05,ESP.2.1.7.1_1,0.51138353765324,0.909364613342745
2024,05,ESP.2.1.7.10_1,0.4203152364273205,0.8541662601625049
2024,05,ESP.2.1.7.11_1,0.43432574430823123,0.8637036528810099
2024,05,ESP.2.1.7.12_1,0.4658493870402803,0.883728465084157
2024,05,ESP.2.1.7.13_1,0.532399299474606,0.9199652167337633
2024,05,ESP.2.1.7.14_1,0.4938704028021016,0.8999466650863261
2024,05,ESP.2.1.7.15_1,0.40105078809106837,0.8403784861596588
2024,05,ESP.2.1.7.16_1,0.4115586690017513,0.8479976415061541
2024,05,ESP.2.1.7.17_1,0.4816112084063048,0.8930285549745876
2024,05,ESP.2.1.7.18_1,0.42206654991243436,0.8553806170354809
2024,05,ESP.2.1.7.19_1,0.48511383537653247,0.8950329602869382
2024,05,ESP.2.1.7.2_1,0.4728546409807356,0.8879189152169246
2024,05,ESP.2.1.7.20_1,0.4588441330998249,0.8794452797076121
2024,05,ESP.2.1.7.21_1,0.34676007005253945,0.7969843160313759
2024,05,ESP.2.1.7.22_1,0.4185639229422067,0.8529454847761373
2024,05,ESP.2.1.7.23_1,0.43082311733800355,0.8613570688164114
2024,05,ESP.2.1.7.24_1,0.47810858143607715,0.8910016835000931
2024,05,ESP.2.1.7.25_1,0.43607705779334505,0.8648676199280442
2024,05,ESP.2.1.7.26_1,0.5131348511383538,0.9102768809543611
2024,05,ESP.2.1.7.27_1,0.490367775831874,0.8979977728257459
2024,05,ESP.2.1.7.28_1,0.46935201401050797,0.885835199120017
2024,05,ESP.2.1.7.29_1,0.5183887915936953,0.9129819275319747
2024,05,ESP.2.1.7.3_1,0.36427320490367776,0.8117536572138127
2024,05,ESP.2.1.7.30_1,0.5148861646234676,0.9111838453352868
2024,05,ESP.2.1.7.31_1,0.5376532399299475,0.9224987804869988
2024,05,ESP.2.1.7.32_1,0.4728546409807356,0.8879189152169246
2024,05,ESP.2.1.7.33_1,0.43607705779334505,0.8648676199280442
2024,05,ESP.2.1.7.34_1,0.394045534150613,0.8351646544245033
2024,05,ESP.2.1.7.35_1,0.5236427320490368,0.9156396671180208
2024,05,ESP.2.1.7.36_1,0.4203152364273205,0.8541662601625049
2024,05,ESP.2.1.7.37_1,0.3800350262697023,0.8244052401580184
2024,05,ESP.2.1.7.38_1,0.46935201401050797,0.885835199120017
2024,05,ESP.2.1.7.39_1,0.35551663747810863,0.8044650396381436
2024,05,ESP.2.1.7.4_1,0.4658493870402803,0.883728465084157
2024,05,ESP.2.1.7.40_1,0.4203152364273205,0.8541662601625049
2024,05,ESP.2.1.7.41_1,0.43257443082311736,0.8625334776111592
2024,05,ESP.2.1.7.42_1,0.4028021015761822,0.8416650165000324
2024,05,ESP.2.1.7.43_1,0.40455341506129605,0.8429448380528823
2024,05,ESP.2.1.7.44_1,0.44483362521891423,0.8705951987002916
2024,05,ESP.2.1.7.45_1,0.37127845884413313,0.817449692641694
2024,05,ESP.2.1.7.46_1,0.4711033274956218,0.8868799242287537
2024,05,ESP.2.1.7.47_1,0.37828371278458844,0.8230285535751478
2024,05,ESP.2.1.7.48_1,0.37302977232924694,0.8188552985723424
2024,05,ESP.2.1.7.49_1,0.3887915936952715,0.8311822904754408
2024,05,ESP.2.1.7.5_1,0.4711033274956218,0.8868799242287537
2024,05,ESP.2.1.7.50_1,0.4168126094570928,0.8517182632772413
2024,05,ESP.2.1.7.51_1,0.40980735551663755,0.84674435339127
2024,05,ESP.2.1.7.6_1,0.5341506129597198,0.920814856526544
2024,05,ESP.2.1.7.7_1,0.4430823117338004,0.8694619025581282
2024,05,ESP.2.1.7.8_1,0.3975481611208407,0.8377851753283774
2024,05,ESP.2.1.7.9_1,0.47985989492119097,0.8920179370393849
2024,05,ESP.2.1.8.1_1,0.5989492119089318,0.9487591896788141
2024,05,ESP.2.1.8.10_1,0.5709281961471104,0.9374945333173949
2024,05,ESP.2.1.8.11_1,0.628721541155867,0.9594144047282176
2024,05,ESP.2.1.8.12_1,0.6654991243432575,0.9707728879609279
2024,05,ESP.2.1.8.13_1,0.5849387040280211,0.9432793859721519
2024,05,ESP.2.1.8.14_1,0.5726795096322242,0.9382345122622595
2024,05,ESP.2.1.8.15_1,0.6129597197898424,0.9539392014169457
2024,05,ESP.2.1.8.16_1,0.5271453590192645,0.9173854151881858
2024,05,ESP.2.1.8.17_1,0.586690017513135,0.9439809320108113
2024,05,ESP.2.1.8.18_1,0.5394045534150613,0.923333092659415
2024,05,ESP.2.1.8.19_1,0.5691768826619966,0.9367496997597597
2024,05,ESP.2.1.8.2_1,0.6322241681260946,0.9605810741421048
2024,05,ESP.2.1.8.20_1,0.586690017513135,0.9439809320108113
2024,05,ESP.2.1.8.21_1,0.5359019264448337,0.9216593730874764
2024,05,ESP.2.1.8.22_1,0.6007005253940456,0.9494229826584145
2024,05,ESP.2.1.8.23_1,0.586690017513135,0.9439809320108113
2024,05,ESP.2.1.8.24_1,0.500875656742557,0.9037787339830473
2024,05,ESP.2.1.8.25_1,0.5376532399299475,0.9224987804869988
2024,05,ESP.2.1.8.3_1,0.6007005253940456,0.9494229826584145
2024,05,ESP.2.1.8.4_1,0.51138353765324,0.909364613342745
2024,05,ESP.2.1.8.5_1,0.5954465849387042,0.9474175425861608
2024,05,ESP.2.1.8.6_1,0.6182136602451839,0.9558054195284729
2024,05,ESP.2.1.8.7_1,0.5236427320490368,0.9156396671180208
2024,05,ESP.2.1.8.8_1,0.6164623467600701,0.955187939622355
2024,05,ESP.2.1.8.9_1,0.5901926444833626,0.9453697689264238
2024,05,ESP.2.2.1.11_1,0.3905429071803853,0.8325166664998365
2024,05,ESP.2.2.1.16_1,0.40630472854640987,0.8442179813294668
2024,05,ESP.2.2.1.21_1,0.3905429071803853,0.8325166664998365
2024,05,ESP.2.2.1.36_1,0.3905429071803853,0.8325166664998365
2024,05,ESP.2.2.1.4_1,0.3345008756567426,0.786178096871186
2024,05,ESP.2.2.1.55_1,0.3747810858143608,0.820253619315392
2024,05,ESP.2.2.1.8_1,0.4483362521891419,0.8728436286070947
2024,05,ESP.2.2.4.17_1,0.29246935201401053,0.7459517410664044
2024,05,ESP.2.2.4.28_1,0.33625218914185645,0.7877461520058349
2024,05,ESP.2.3.1.1_1,0.4676007005253941,0.8847847195787232
2024,05,ESP.2.3.1.10_1,0.4676007005253941,0.8847847195787232
2024,05,ESP.2.3.1.13_1,0.39579684763572687,0.8364783320564855
2024,05,ESP.2.3.1.16_1,0.532399299474606,0.9199652167337633
2024,05,ESP.2.3.1.19_1,0.4203152364273205,0.8541662601625049
2024,05,ESP.2.3.1.20_1,0.4133099824868652,0.84924437001372
2024,05,ESP.2.3.1.21_1,0.6024518388791593,0.9500821017154254
2024,05,ESP.2.3.1.22_1,0.5061295971978984,0.9065958305661901
2024,05,ESP.2.3.1.25_1,0.4290718038528897,0.8601744009211155
2024,05,ESP.2.3.1.27_1,0.43257443082311736,0.8625334776111592
2024,05,ESP.2.3.1.29_1,0.6094570928196147,0.9526720317087093
2024,05,ESP.2.3.1.30_1,0.500875656742557,0.9037787339830473
2024,05,ESP.2.3.1.32_1,0.586690017513135,0.9439809320108113
2024,05,ESP.2.3.1.33_1,0.4711033274956218,0.8868799242287537
2024,05,ESP.2.3.1.34_1,0.3887915936952715,0.8311822904754408
2024,05,ESP.2.3.1.4_1,0.4728546409807356,0.8879189152169246
2024,05,ESP.2.3.1.5_1,0.48511383537653247,0.8950329602869382
2024,05,ESP.2.3.1.7_1,0.36777583187390545,0.814616474176652
2024,05,ESP.2.3.2.1_1,0.34150612959719795,0.7924014134263013
2024,05,ESP.2.3.2.13_1,0.3117338003502627,0.7650254897714193
2024,05,ESP.2.3.2.15_1,0.3204903677758319,0.7733330459769581
2024,05,ESP.2.3.2.16_1,0.35901926444833626,0.807403244977378
2024,05,ESP.2.3.2.17_1,0.34325744308231176,0.7939370252104382
2024,05,ESP.2.3.2.20_1,0.3204903677758319,0.7733330459769581
2024,05,ESP.2.3.2.24_1,0.32749562171628727,0.7798230568532839
2024,05,ESP.2.3.2.25_1,0.34500875656742563,0.7954646440917409
2024,05,ESP.2.3.2.26_1,0.3099824868651489,0.7633374090138647
2024,05,ESP.2.3.2.29_1,0.36952714535901926,0.8160367638777066
2024,05,ESP.2.3.2.32_1,0.33800350262697026,0.7893060243023614
2024,05,ESP.2.3.2.33_1,0.37653239929947463,0.8216446920658589
2024,05,ESP.2.3.2.34_1,0.36952714535901926,0.8160367638777066
2024,05,ESP.2.3.2.40_1,0.3345008756567426,0.786178096871186
2024,05,ESP.2.3.2.42_1,0.37127845884413313,0.817449692641694
2024,05,ESP.2.3.2.43_1,0.3852889667250438,0.8284926070883192
2024,05,ESP.2.3.2.44_1,0.3222416812609457,0.7749683864519894
2024,05,ESP.2.3.2.52_1,0.37127845884413313,0.817449692641694
2024,05,ESP.2.3.2.53_1,0.34851138353765326,0.7984960864024319
2024,05,ESP.2.3.2.55_1,0.3537653239929948,0.8029844332239573
2024,05,ESP.2.3.2.56_1,0.33800350262697026,0.7893060243023614
2024,05,ESP.2.3.2.57_1,0.3257443082311734,0.7782133383590902
2024,05,ESP.2.3.2.60_1,0.3292469352014011,0.781424340547439
2024,05,ESP.2.3.2.61_1,0.34500875656742563,0.7954646440917409
2024,05,ESP.2.3.2.62_1,0.3905429071803853,0.8325166664998365
2024,05,ESP.2.3.2.7_1,0.34150612959719795,0.7924014134263013
2024,05,ESP.2.3.2.8_1,0.3747810858143608,0.820253619315392
2024,05,ESP.2.3.3.14_1,0.3257443082311734,0.7782133383590902
2024,05,ESP.2.3.3.22_1,0.3187390542907181,0.771689056550629
2024,05,ESP.2.3.3.38_1,0.34150612959719795,0.7924014134263013
2024,05,ESP.2.3.7.30_1,0.42732049036777586,0.8589854480723175
2024,05,ESP.2.3.8.10_1,0.34851138353765326,0.7984960864024319
2024,05,ESP.2.3.8.12_1,0.3309982486865149,0.78301724118949
2024,05,ESP.2.3.8.13_1,0.34325744308231176,0.7939370252104382
2024,05,ESP.2.3.8.14_1,0.38178633975481613,0.8257747876994065
2024,05,ESP.2.3.8.3_1,0.30297723292469353,0.7564945472374536
2024,05,ESP.2.3.8.4_1,0.3537653239929948,0.8029844332239573
2024,05,ESP.2.3.8.8_1,0.3397548161120841,0.7908577621797739
2024,05,ESP.2.3.8.9_1,0.34500875656742563,0.7954646440917409
2024,05,ESP.3.1.1.3_1,0.6672504378283713,0.9712651543219287
2024,05,ESP.3.1.1.5_1,0.6637478108581437,0.970276249322841
2024,05,ESP.3.1.1.6_1,0.7005253940455343,0.9797958971132712
2024,05,ESP.3.1.1.8_1,0.6672504378283713,0.9712651543219287
2024,05,ESP.3.1.1.9_1,0.7162872154115587,0.9832985304575615
2024,05,ESP.3.1.10.1_1,0.7320490367775833,0.98646033878712025
2024,05,ESP.3.1.11.2_1,0.7180385288966725,0.983666610188635
2024,05,ESP.3.1.4.5_1,0.7005253940455343,0.9797958971132712
2024,05,ESP.3.1.4.7_1,0.7145359019264449,0.9829262434180909
2024,05,ESP.3.1.6.1_1,0.7110332749562173,0.9821690282227392
2024,05,ESP.4.1.1.1_1,0.2977232924693521,0.7512655988397179
2024,05,ESP.4.1.3.1_1,0.30472854640980734,0.7582189657348332
2024,05,ESP.4.1.3.4_1,0.3117338003502627,0.7650254897714193
2024,05,ESP.4.1.3.5_1,0.3064798598949212,0.7599342076785331
2024,05,ESP.4.1.3.6_1,0.25919439579684767,0.710199971838918
2024,05,ESP.4.1.4.5_1,0.28021015761821366,0.7332121111929344
2024,05,ESP.4.1.4.7_1,0.2539404553415061,0.7042016756583301
2024,05,ESP.4.1.4.8_1,0.26970227670753066,0.7218974996493616
2024,05,ESP.4.1.4.9_1,0.30472854640980734,0.7582189657348332
2024,05,ESP.4.1.5.1_1,0.266199649737303,0.7180417815141401
2024,05,ESP.4.1.5.2_1,0.3169877408056042,0.7700363627777587
2024,05,ESP.4.1.5.4_1,0.3064798598949212,0.7599342076785331
2024,05,ESP.4.1.7.1_1,0.31348511383537653,0.766704636740903
2024,05,ESP.4.1.7.12_1,0.30472854640980734,0.7582189657348332
2024,05,ESP.4.1.7.16_1,0.26444833625218916,0.7160977586894125
2024,05,ESP.4.1.7.18_1,0.2907180385288967,0.744161272843461
2024,05,ESP.4.1.7.3_1,0.28196147110332753,0.7350619021551859
2024,05,ESP.4.1.7.5_1,0.2942206654991244,0.7477325725150671
2024,05,ESP.4.2.1.1_1,0.2504378283712785,0.7001456991226898
2024,05,ESP.4.2.1.11_1,0.26795096322241685,0.7199749995659572
2024,05,ESP.4.2.2.12_1,0.26970227670753066,0.7218974996493616
2024,05,ESP.4.2.2.13_1,0.2609457092819615,0.7121769443052759
2024,05,ESP.4.2.3.13_1,0.26795096322241685,0.7199749995659572
2024,05,ESP.4.2.3.16_1,0.2907180385288967,0.744161272843461
2024,05,ESP.4.2.3.6_1,0.266199649737303,0.7180417815141401
2024,05,ESP.4.2.3.9_1,0.2889667250437829,0.7423610981186985
2024,05,ESP.4.2.4.10_1,0.3152364273204904,0.7683749084919418
2024,05,ESP.4.2.4.14_1,0.2977232924693521,0.7512655988397179
2024,05,ESP.4.2.4.2_1,0.29246935201401053,0.7459517410664044
2024,05,ESP.4.2.4.6_1,0.29246935201401053,0.7459517410664044
2024,05,ESP.4.2.5.1_1,0.30122591943957966,0.7547608892887866
2024,05,ESP.4.2.5.5_1,0.34150612959719795,0.7924014134263013
2024,05,ESP.4.2.5.6_1,0.2889667250437829,0.7423610981186985
2024,05,ESP.4.2.5.8_1,0.29246935201401053,0.7459517410664044
2024,05,ESP.4.2.6.1_1,0.3187390542907181,0.771689056550629
2024,05,ESP.4.2.7.10_1,0.3099824868651489,0.7633374090138647
2024,05,ESP.4.2.7.11_1,0.26970227670753066,0.7218974996493616
2024,05,ESP.4.2.7.13_1,0.23292469352014014,0.6791494680848981
2024,05,ESP.4.2.7.6_1,0.266199649737303,0.7180417815141401
2024,05,ESP.4.2.7.8_1,0.28021015761821366,0.7332121111929344
2024,05,ESP.4.2.7.9_1,0.28721541155866903,0.7405511461067358
2024,05,ESP.4.3.1.7_1,0.2959719789842382,0.7495038358807778
2024,05,ESP.4.3.3.14_1,0.34851138353765326,0.7984960864024319
2024,05,ESP.4.3.5.51_1,0.3187390542907181,0.771689056550629
2024,05,ESP.4.3.5.7_1,0.3257443082311734,0.7782133383590902
2024,05,ESP.4.3.6.21_1,0.27320490367775835,0.7257106861553024
2024,05,ESP.4.4.2.37_1,0.38353765323993,0.8271372316611071
2024,05,ESP.4.4.4.10_1,0.3257443082311734,0.7782133383590902
2024,05,ESP.4.4.4.11_1,0.3169877408056042,0.7700363627777587
2024,05,ESP.4.4.4.15_1,0.33274956217162877,0.7846018098373213
2024,05,ESP.4.4.4.18_1,0.3169877408056042,0.7700363627777587
2024,05,ESP.4.4.4.22_1,0.35901926444833626,0.807403244977378
2024,05,ESP.4.4.4.26_1,0.3345008756567426,0.786178096871186
2024,05,ESP.4.4.4.27_1,0.394045534150613,0.8351646544245033
2024,05,ESP.4.4.4.28_1,0.3345008756567426,0.786178096871186
2024,05,ESP.4.4.4.34_1,0.3345008756567426,0.786178096871186
2024,05,ESP.4.4.4.38_1,0.3607705779334501,0.8088609274776474
2024,05,ESP.4.4.4.4_1,0.3747810858143608,0.820253619315392
2024,05,ESP.4.4.4.41_1,0.36252189141856395,0.8103110513870584
2024,05,ESP.4.4.4.45_1,0.35026269702276713,0.7999999999999999
2024,05,ESP.4.4.4.47_1,0.28721541155866903,0.7405511461067358
2024,05,ESP.4.4.4.48_1,0.3309982486865149,0.78301724118949
2024,05,ESP.4.4.4.54_1,0.3975481611208407,0.8377851753283774
2024,05,ESP.4.4.4.56_1,0.3747810858143608,0.820253619315392
2024,05,ESP.4.4.4.59_1,0.30472854640980734,0.7582189657348332
2024,05,ESP.4.4.4.6_1,0.34676007005253945,0.7969843160313759
2024,05,ESP.4.4.4.64_1,0.3187390542907181,0.771689056550629
2024,05,ESP.4.4.5.10_1,0.45008756567425573,0.8739588090980032
2024,05,ESP.4.4.5.20_1,0.4080560420315237,0.8454844764985339
2024,05,ESP.4.4.5.66_1,0.4238178633975482,0.8565885826929985
2024,05,ESP.4.4.5.69_1,0.38353765323993,0.8271372316611071
2024,05,ESP.4.4.6.1_1,0.28371278458844135,0.73690162165651385
2024,05,ESP.4.5.1.1_1,0.3169877408056042,0.7700363627777587
2024,05,ESP.4.5.1.21_1,0.2521891418563923,0.7021794642397341
2024,05,ESP.4.5.1.22_1,0.2994746059544659,0.7530179280734292
2024,05,ESP.4.5.1.23_1,0.27495621716287216,0.7276015393056835
2024,05,ESP.4.5.1.26_1,0.29246935201401053,0.7459517410664044
2024,05,ESP.4.5.1.36_1,0.28021015761821366,0.7332121111929344
2024,05,ESP.4.5.1.39_1,0.2889667250437829,0.7423610981186985
2024,05,ESP.4.5.1.5_1,0.3257443082311734,0.7782133383590902
2024,05,ESP.4.5.4.18_1,0.33274956217162877,0.7846018098373213
2024,05,ESP.4.5.4.28_1,0.34500875656742563,0.7954646440917409
2024,05,ESP.4.5.4.3_1,0.34676007005253945,0.7969843160313759
2024,05,ESP.4.5.4.30_1,0.35901926444833626,0.807403244977378
2024,05,ESP.4.5.4.33_1,0.3397548161120841,0.7908577621797739
2024,05,ESP.4.5.4.37_1,0.3292469352014011,0.781424340547439
2024,05,ESP.4.5.4.4_1,0.34851138353765326,0.7984960864024319
2024,05,ESP.4.5.4.40_1,0.3607705779334501,0.8088609274776474
2024,05,ESP.4.5.4.6_1,0.34325744308231176,0.7939370252104382
2024,05,ESP.4.5.5.14_1,0.35901926444833626,0.807403244977378
2024,05,ESP.4.5.5.2_1,0.3537653239929948,0.8029844332239573
2024,05,ESP.4.5.5.31_1,0.38704028021015763,0.8298409486160585
2024,05,ESP.4.5.5.34_1,0.36777583187390545,0.814616474176652
2024,05,ESP.4.5.5.36_1,0.35026269702276713,0.7999999999999999
2024,05,ESP.4.5.5.4_1,0.40630472854640987,0.8442179813294668
2024,05,ESP.4.5.5.43_1,0.36427320490367776,0.8117536572138127
2024,05,ESP.4.5.5.45_1,0.36777583187390545,0.814616474176652
2024,05,ESP.4.5.5.46_1,0.35201401050788095,0.8014961010510282
2024,05,ESP.4.5.5.8_1,0.35901926444833626,0.807403244977378
2024,05,ESP.4.5.6.1_1,0.26970227670753066,0.7218974996493616
2024,05,ESP.4.5.6.11_1,0.3169877408056042,0.7700363627777587
2024,05,ESP.4.5.6.16_1,0.30297723292469353,0.7564945472374536
2024,05,ESP.4.5.6.17_1,0.3099824868651489,0.7633374090138647
2024,05,ESP.4.5.6.2_1,0.28021015761821366,0.7332121111929344
2024,05,ESP.4.5.6.20_1,0.2977232924693521,0.7512655988397179
2024,05,ESP.4.5.6.24_1,0.2854640980735552,0.7387313449421243
2024,05,ESP.4.5.6.25_1,0.28021015761821366,0.7332121111929344
2024,05,ESP.4.5.6.35_1,0.3099824868651489,0.7633374090138647
2024,05,ESP.4.5.6.36_1,0.2889667250437829,0.7423610981186985
2024,05,ESP.4.5.6.38_1,0.2854640980735552,0.7387313449421243
2024,05,ESP.4.5.6.39_1,0.3187390542907181,0.771689056550629
2024,05,ESP.4.5.6.41_1,0.3099824868651489,0.7633374090138647
2024,05,ESP.4.5.6.42_1,0.3064798598949212,0.7599342076785331
2024,05,ESP.4.5.6.45_1,0.266199649737303,0.7180417815141401
2024,05,ESP.4.5.6.5_1,0.3117338003502627,0.7650254897714193
2024,05,ESP.4.5.6.8_1,0.2889667250437829,0.7423610981186985
2024,05,ESP.4.5.6.9_1,0.3152364273204904,0.7683749084919418
2024,05,ESP.4.5.7.10_1,0.2854640980735552,0.7387313449421243
2024,05,ESP.4.5.7.11_1,0.35551663747810863,0.8044650396381436
2024,05,ESP.4.5.7.12_1,0.33800350262697026,0.7893060243023614
2024,05,ESP.4.5.7.17_1,0.35551663747810863,0.8044650396381436
2024,05,ESP.4.5.7.3_1,0.37653239929947463,0.8216446920658589
2024,05,ESP.4.5.7.7_1,0.3922942206654992,0.8338441101309045
2024,05,ESP.5.1.1.26_1,0.3747810858143608,0.820253619315392
2024,05,ESP.5.1.1.30_1,0.3905429071803853,0.8325166664998365
2024,05,ESP.5.1.1.34_1,0.40105078809106837,0.8403784861596588
2024,05,ESP.5.1.1.39_1,0.4640980735551664,0.8826664149042944
2024,05,ESP.5.1.1.40_1,0.36777583187390545,0.814616474176652
2024,05,ESP.5.1.1.54_1,0.38353765323993,0.8271372316611071
2024,05,ESP.5.1.2.13_1,0.3887915936952715,0.8311822904754408
2024,05,ESP.5.1.2.14_1,0.34676007005253945,0.7969843160313759
2024,05,ESP.5.1.2.18_1,0.4115586690017513,0.8479976415061541
2024,05,ESP.5.1.2.2_1,0.4816112084063048,0.8930285549745876
2024,05,ESP.5.1.2.22_1,0.42556917688266205,0.8577901841359576
2024,05,ESP.5.1.2.27_1,0.43432574430823123,0.8637036528810099
2024,05,ESP.5.1.2.29_1,0.38704028021015763,0.8298409486160585
2024,05,ESP.5.1.2.3_1,0.415061295971979,0.8504845677612263
2024,05,ESP.5.1.2.30_1,0.4028021015761822,0.8416650165000324
2024,05,ESP.5.1.2.31_1,0.44483362521891423,0.8705951987002916
2024,05,ESP.5.1.2.32_1,0.3397548161120841,0.7908577621797739
2024,05,ESP.5.1.2.4_1,0.3537653239929948,0.8029844332239573
2024,05,ESP.5.1.2.42_1,0.4028021015761822,0.8416650165000324
2024,05,ESP.5.1.2.46_1,0.34500875656742563,0.7954646440917409
2024,05,ESP.5.1.2.47_1,0.43432574430823123,0.8637036528810099
2024,05,ESP.5.1.2.5_1,0.4133099824868652,0.84924437001372
2024,05,ESP.5.1.2.51_1,0.40630472854640987,0.8442179813294668
2024,05,ESP.5.1.2.53_1,0.4080560420315237,0.8454844764985339
2024,05,ESP.5.1.2.56_1,0.37127845884413313,0.817449692641694
2024,05,ESP.5.1.2.59_1,0.35201401050788095,0.8014961010510282
2024,05,ESP.5.1.2.65_1,0.38178633975481613,0.8257747876994065
2024,05,ESP.5.1.2.66_1,0.39579684763572687,0.8364783320564855
2024,05,ESP.5.1.2.7_1,0.3975481611208407,0.8377851753283774
2024,05,ESP.5.1.2.8_1,0.43607705779334505,0.8648676199280442
2024,05,ESP.5.1.2.9_1,0.43082311733800355,0.8613570688164114
2024,05,ESP.5.1.3.10_1,0.47810858143607715,0.8910016835000931
2024,05,ESP.5.1.3.11_1,0.43607705779334505,0.8648676199280442
2024,05,ESP.5.1.3.15_1,0.43957968476357273,0.867177029216065
2024,05,ESP.5.1.3.18_1,0.47810858143607715,0.8910016835000931
2024,05,ESP.5.1.3.21_1,0.45008756567425573,0.8739588090980032
2024,05,ESP.5.1.3.26_1,0.40630472854640987,0.8442179813294668
2024,05,ESP.5.1.3.28_1,0.47810858143607715,0.8910016835000931
2024,05,ESP.5.1.3.30_1,0.37828371278458844,0.8230285535751478
2024,05,ESP.5.1.3.31_1,0.42732049036777586,0.8589854480723175
2024,05,ESP.5.1.3.36_1,0.43957968476357273,0.867177029216065
2024,05,ESP.5.1.3.39_1,0.42556917688266205,0.8577901841359576
2024,05,ESP.5.1.3.44_1,0.46935201401050797,0.885835199120017
2024,05,ESP.5.1.3.5_1,0.43082311733800355,0.8613570688164114
2024,05,ESP.5.1.5.11_1,0.37828371278458844,0.8230285535751478
2024,05,ESP.5.1.5.12_1,0.33625218914185645,0.7877461520058349
2024,05,ESP.5.1.5.2_1,0.33274956217162877,0.7846018098373213
2024,05,ESP.5.1.5.4_1,0.3169877408056042,0.7700363627777587
2024,05,ESP.5.1.5.5_1,0.34150612959719795,0.7924014134263013
2024,05,ESP.5.1.5.6_1,0.35901926444833626,0.807403244977378
2024,05,ESP.5.1.5.7_1,0.3309982486865149,0.78301724118949
2024,05,ESP.5.1.5.9_1,0.33274956217162877,0.7846018098373213
2024,05,ESP.5.1.6.11_1,0.3222416812609457,0.7749683864519894
2024,05,ESP.5.1.6.16_1,0.3397548161120841,0.7908577621797739
2024,05,ESP.5.1.6.2_1,0.42206654991243436,0.8553806170354809
2024,05,ESP.5.1.6.22_1,0.35551663747810863,0.8044650396381436
2024,05,ESP.5.1.6.23_1,0.33625218914185645,0.7877461520058349
2024,05,ESP.5.1.6.4_1,0.3800350262697023,0.8244052401580184
2024,05,ESP.5.2.10.1_1,0.6322241681260946,0.9605810741421048
2024,05,ESP.5.2.10.2_1,0.6427320490367776,0.9639730286683336
2024,05,ESP.5.2.2.13_1,0.6637478108581437,0.970276249322841
2024,05,ESP.5.2.2.8_1,0.62697022767075306,0.9588242800430119
2024,05,ESP.5.2.4.10_1,0.597197898423818,0.9480907129594721
2024,05,ESP.5.2.4.11_1,0.6217162872154116,0.9570266453970862
2024,05,ESP.5.2.4.2_1,0.597197898423818,0.9480907129594721
2024,05,ESP.5.2.4.33_1,0.6199649737302978,0.9564183185196736
2024,05,ESP.5.2.4.41_1,0.542907180385289,0.9249864863877743
2024,05,ESP.5.2.4.46_1,0.6077057793345009,0.9520315120835025
2024,05,ESP.5.2.4.50_1,0.6409807355516638,0.9634189120003821
2024,05,ESP.5.2.4.56_1,0.5586690017513135,0.9321780945720619
2024,05,ESP.5.2.4.59_1,0.597197898423818,0.9480907129594721
2024,05,ESP.5.2.4.60_1,0.5674255691768827,0.936
2024,05,ESP.5.2.4.63_1,0.5499124343257443,0.9282327294380435
2024,05,ESP.5.2.4.64_1,0.6374781085814362,0.962297251372984
2024,05,ESP.5.2.4.8_1,0.5831873905429072,0.9425730740902798
2024,05,ESP.5.2.5.12_1,0.5569176882661997,0.931398947819891
2024,05,ESP.5.2.5.13_1,0.6199649737302978,0.9564183185196736
2024,05,ESP.5.2.5.14_1,0.6147110332749562,0.954565869911553
2024,05,ESP.5.2.5.22_1,0.6077057793345009,0.9520315120835025
2024,05,ESP.5.2.5.35_1,0.6654991243432575,0.9707728879609279
2024,05,ESP.5.2.5.40_1,0.6059544658493871,0.9513863568498342
2024,05,ESP.5.2.5.46_1,0.6549912434325745,0.9677272342969376
2024,05,ESP.5.2.5.5_1,0.649737302977233,0.9661449166662318
2024,05,ESP.5.2.5.54_1,0.6112084063047285,0.9533079250693346
2024,05,ESP.5.2.5.55_1,0.6024518388791593,0.9500821017154254
2024,05,ESP.5.2.5.56_1,0.6514886164623468,0.9666767815562759
2024,05,ESP.5.2.5.6_1,0.5901926444833626,0.9453697689264238
2024,05,ESP.5.2.5.63_1,0.6252189141856392,0.9582296175760798
2024,05,ESP.5.2.5.70_1,0.6182136602451839,0.9558054195284729
2024,05,ESP.5.2.5.76_1,0.586690017513135,0.9439809320108113
2024,05,ESP.5.2.5.9_1,0.586690017513135,0.9439809320108113
2024,05,ESP.5.2.6.10_1,0.6917688266199651,0.9777013859047148
2024,05,ESP.5.2.6.15_1,0.7005253940455343,0.9797958971132712
2024,05,ESP.5.2.6.17_1,0.6935201401050789,0.9781288258711119
2024,05,ESP.5.2.6.18_1,0.6129597197898424,0.9539392014169457
2024,05,ESP.5.2.6.4_1,0.6479859894921192,0.9656086163658648
2024,05,ESP.5.2.6.7_1,0.6462346760070053,0.965067873260736
2024,05,ESP.5.2.6.9_1,0.6549912434325745,0.9677272342969376
2024,05,ESP.5.2.7.4_1,0.6357267950963222,0.9617296917533533
2024,05,ESP.5.2.7.43_1,0.5936952714535902,0.9467396685467447
2024,05,ESP.5.2.7.47_1,0.5656742556917689,0.9352454223357631
2024,05,ESP.5.2.7.60_1,0.5779334500875658,0.9404254356406998
2024,05,ESP.5.2.7.61_1,0.5411558669001751,0.9241623234042816
2024,05,ESP.5.2.7.7_1,0.5814360770577934,0.9418619856433319
2024,05,ESP.5.2.7.79_1,0.5446584938704029,0.9258055951440345
2024,05,ESP.5.2.9.3_1,0.4658493870402803,0.883728465084157
2024,05,ESP.5.3.1.10_1,0.6077057793345009,0.9520315120835025
2024,05,ESP.5.3.1.12_1,0.5989492119089318,0.9487591896788141
2024,05,ESP.5.3.1.17_1,0.6322241681260946,0.9605810741421048
2024,05,ESP.5.3.1.2_1,0.5376532399299475,0.9224987804869988
2024,05,ESP.5.3.1.22_1,0.6147110332749562,0.954565869911553
2024,05,ESP.5.3.1.25_1,0.5674255691768827,0.936
2024,05,ESP.5.3.1.27_1,0.628721541155867,0.9594144047282176
2024,05,ESP.5.3.1.29_1,0.6077057793345009,0.9520315120835025
2024,05,ESP.5.3.1.3_1,0.6182136602451839,0.9558054195284729
2024,05,ESP.5.3.1.33_1,0.597197898423818,0.9480907129594721
2024,05,ESP.5.3.1.34_1,0.5744308231173381,0.9389696480717574
2024,05,ESP.5.3.1.36_1,0.6357267950963222,0.9617296917533533
2024,05,ESP.5.3.1.7_1,0.5936952714535902,0.9467396685467447
2024,05,ESP.5.3.2.12_1,0.5096322241681261,0.9084470265238365
2024,05,ESP.5.3.2.15_1,0.4676007005253941,0.8847847195787232
2024,05,ESP.5.3.2.16_1,0.5271453590192645,0.9173854151881858
2024,05,ESP.5.3.2.17_1,0.4938704028021016,0.8999466650863261
2024,05,ESP.5.3.2.19_1,0.46935201401050797,0.885835199120017
2024,05,ESP.5.3.2.22_1,0.4605954465849388,0.8805248434882459
2024,05,ESP.5.3.2.8_1,0.5306479859894921,0.9191104395011516
2024,05,ESP.5.3.4.1_1,0.5639229422066551,0.9344859549506349
2024,05,ESP.5.3.4.4_1,0.4640980735551664,0.8826664149042944
2024,05,ESP.5.3.6.11_1,0.48686514886164634,0.8960267853139213
2024,05,ESP.5.3.9.18_1,0.4711033274956218,0.8868799242287537
2024,05,ESP.5.3.9.38_1,0.490367775831874,0.8979977728257459
2024,05,ESP.5.4.2.50_1,0.45008756567425573,0.8739588090980032
2024,05,ESP.5.4.6.39_1,0.4080560420315237,0.8454844764985339
2024,05,ESP.5.5.1.1_1,0.3887915936952715,0.8311822904754408
2024,05,ESP.5.5.1.10_1,0.394045534150613,0.8351646544245033
2024,05,ESP.5.5.1.11_1,0.38353765323993,0.8271372316611071
2024,05,ESP.5.5.1.12_1,0.36952714535901926,0.8160367638777066
2024,05,ESP.5.5.1.13_1,0.40630472854640987,0.8442179813294668
2024,05,ESP.5.5.1.14_1,0.38704028021015763,0.8298409486160585
2024,05,ESP.5.5.1.15_1,0.3537653239929948,0.8029844332239573
2024,05,ESP.5.5.1.16_1,0.40105078809106837,0.8403784861596588
2024,05,ESP.5.5.1.17_1,0.394045534150613,0.8351646544245033
2024,05,ESP.5.5.1.18_1,0.43082311733800355,0.8613570688164114
2024,05,ESP.5.5.1.19_1,0.37828371278458844,0.8230285535751478
2024,05,ESP.5.5.1.2_1,0.39579684763572687,0.8364783320564855
2024,05,ESP.5.5.1.20_1,0.43607705779334505,0.8648676199280442
2024,05,ESP.5.5.1.21_1,0.4290718038528897,0.8601744009211155
2024,05,ESP.5.5.1.22_1,0.3800350262697023,0.8244052401580184
2024,05,ESP.5.5.1.23_1,0.40980735551663755,0.84674435339127
2024,05,ESP.5.5.1.24_1,0.3905429071803853,0.8325166664998365
2024,05,ESP.5.5.1.25_1,0.40105078809106837,0.8403784861596588
2024,05,ESP.5.5.1.26_1,0.40980735551663755,0.84674435339127
2024,05,ESP.5.5.1.3_1,0.39579684763572687,0.8364783320564855
2024,05,ESP.5.5.1.4_1,0.36777583187390545,0.814616474176652
2024,05,ESP.5.5.1.5_1,0.4518388791593696,0.8750679973579196
2024,05,ESP.5.5.1.6_1,0.4133099824868652,0.84924437001372
2024,05,ESP.5.5.1.7_1,0.37828371278458844,0.8230285535751478
2024,05,ESP.5.5.1.8_1,0.40455341506129605,0.8429448380528823
2024,05,ESP.5.5.1.9_1,0.3607705779334501,0.8088609274776474
2024,05,ESP.5.5.2.1_1,0.43432574430823123,0.8637036528810099
2024,05,ESP.5.5.2.10_1,0.3887915936952715,0.8311822904754408
2024,05,ESP.5.5.2.11_1,0.4290718038528897,0.8601744009211155
2024,05,ESP.5.5.2.12_1,0.40105078809106837,0.8403784861596588
2024,05,ESP.5.5.2.13_1,0.43782837127845886,0.8660254037844386
2024,05,ESP.5.5.2.14_1,0.4430823117338004,0.8694619025581282
2024,05,ESP.5.5.2.15_1,0.48686514886164634,0.8960267853139213
2024,05,ESP.5.5.2.16_1,0.4483362521891419,0.8728436286070947
2024,05,ESP.5.5.2.17_1,0.45008756567425573,0.8739588090980032
2024,05,ESP.5.5.2.18_1,0.415061295971979,0.8504845677612263
2024,05,ESP.5.5.2.19_1,0.43257443082311736,0.8625334776111592
2024,05,ESP.5.5.2.2_1,0.3975481611208407,0.8377851753283774
2024,05,ESP.5.5.2.20_1,0.3975481611208407,0.8377851753283774
2024,05,ESP.5.5.2.21_1,0.4028021015761822,0.8416650165000324
2024,05,ESP.5.5.2.22_1,0.4535901926444834,0.8761712161444246
2024,05,ESP.5.5.2.23_1,0.42556917688266205,0.8577901841359576
2024,05,ESP.5.5.2.24_1,0.44658493870402804,0.8717224328879003
2024,05,ESP.5.5.2.25_1,0.37828371278458844,0.8230285535751478
2024,05,ESP.5.5.2.26_1,0.4518388791593696,0.8750679973579196
2024,05,ESP.5.5.2.27_1,0.43082311733800355,0.8613570688164114
2024,05,ESP.5.5.2.28_1,0.4676007005253941,0.8847847195787232
2024,05,ESP.5.5.2.29_1,0.4676007005253941,0.8847847195787232
2024,05,ESP.5.5.2.3_1,0.3922942206654992,0.8338441101309045
2024,05,ESP.5.5.2.30_1,0.37653239929947463,0.8216446920658589
2024,05,ESP.5.5.2.31_1,0.4028021015761822,0.8416650165000324
2024,05,ESP.5.5.2.32_1,0.3887915936952715,0.8311822904754408
2024,05,ESP.5.5.2.33_1,0.4640980735551664,0.8826664149042944
2024,05,ESP.5.5.2.34_1,0.3852889667250438,0.8284926070883192
2024,05,ESP.5.5.2.35_1,0.3975481611208407,0.8377851753283774
2024,05,ESP.5.5.2.36_1,0.4430823117338004,0.8694619025581282
2024,05,ESP.5.5.2.37_1,0.4535901926444834,0.8761712161444246
2024,05,ESP.5.5.2.38_1,0.40105078809106837,0.8403784861596588
2024,05,ESP.5.5.2.39_1,0.45534150612959723,0.8772684879784524
2024,05,ESP.5.5.2.4_1,0.4938704028021016,0.8999466650863261
2024,05,ESP.5.5.2.40_1,0.3975481611208407,0.8377851753283774
2024,05,ESP.5.5.2.41_1,0.43607705779334505,0.8648676199280442
2024,05,ESP.5.5.2.42_1,0.4203152364273205,0.8541662601625049
2024,05,ESP.5.5.2.43_1,0.48861646234676015,0.8970150500409678
2024,05,ESP.5.5.2.44_1,0.44658493870402804,0.8717224328879003
2024,05,ESP.5.5.2.45_1,0.4518388791593696,0.8750679973579196
2024,05,ESP.5.5.2.46_1,0.44133099824868655,0.8683225207260261
2024,05,ESP.5.5.2.47_1,0.415061295971979,0.8504845677612263
2024,05,ESP.5.5.2.48_1,0.45008756567425573,0.8739588090980032
2024,05,ESP.5.5.2.49_1,0.4203152364273205,0.8541662601625049
2024,05,ESP.5.5.2.5_1,0.42206654991243436,0.8553806170354809
2024,05,ESP.5.5.2.50_1,0.3887915936952715,0.8311822904754408
2024,05,ESP.5.5.2.51_1,0.4203152364273205,0.8541662601625049
2024,05,ESP.5.5.2.52_1,0.40105078809106837,0.8403784861596588
2024,05,ESP.5.5.2.53_1,0.43607705779334505,0.8648676199280442
2024,05,ESP.5.5.2.54_1,0.44658493870402804,0.8717224328879003
2024,05,ESP.5.5.2.55_1,0.4711033274956218,0.8868799242287537
2024,05,ESP.5.5.2.56_1,0.4430823117338004,0.8694619025581282
2024,05,ESP.5.5.2.57_1,0.45008756567425573,0.8739588090980032
2024,05,ESP.5.5.2.58_1,0.43082311733800355,0.8613570688164114
2024,05,ESP.5.5.2.59_1,0.3975481611208407,0.8377851753283774
2024,05,ESP.5.5.2.6_1,0.3747810858143608,0.820253619315392
2024,05,ESP.5.5.2.60_1,0.3800350262697023,0.8244052401580184
2024,05,ESP.5.5.2.61_1,0.39579684763572687,0.8364783320564855
2024,05,ESP.5.5.2.62_1,0.43782837127845886,0.8660254037844386
2024,05,ESP.5.5.2.7_1,0.42206654991243436,0.8553806170354809
2024,05,ESP.5.5.2.8_1,0.3852889667250438,0.8284926070883192
2024,05,ESP.5.5.2.9_1,0.415061295971979,0.8504845677612263
2024,05,ESP.5.5.3.1_1,0.4588441330998249,0.8794452797076121
2024,05,ESP.5.5.3.10_1,0.48336252189141865,0.8940335564172074
2024,05,ESP.5.5.3.11_1,0.48336252189141865,0.8940335564172074
2024,05,ESP.5.5.3.12_1,0.38704028021015763,0.8298409486160585
2024,05,ESP.5.5.3.13_1,0.37302977232924694,0.8188552985723424
2024,05,ESP.5.5.3.14_1,0.39579684763572687,0.8364783320564855
2024,05,ESP.5.5.3.15_1,0.42206654991243436,0.8553806170354809
2024,05,ESP.5.5.3.16_1,0.4203152364273205,0.8541662601625049
2024,05,ESP.5.5.3.17_1,0.5043782837127846,0.905662188677434
2024,05,ESP.5.5.3.18_1,0.4640980735551664,0.8826664149042944
2024,05,ESP.5.5.3.19_1,0.3975481611208407,0.8377851753283774
2024,05,ESP.5.5.3.2_1,0.4133099824868652,0.84924437001372
2024,05,ESP.5.5.3.20_1,0.42556917688266205,0.8577901841359576
2024,05,ESP.5.5.3.21_1,0.4203152364273205,0.8541662601625049
2024,05,ESP.5.5.3.22_1,0.40980735551663755,0.84674435339127
2024,05,ESP.5.5.3.23_1,0.43082311733800355,0.8613570688164114
2024,05,ESP.5.5.3.24_1,0.44133099824868655,0.8683225207260261
2024,05,ESP.5.5.3.25_1,0.415061295971979,0.8504845677612263
2024,05,ESP.5.5.3.26_1,0.47460595446584947,0.8889521921903337
2024,05,ESP.5.5.3.27_1,0.42732049036777586,0.8589854480723175
2024,05,ESP.5.5.3.28_1,0.4203152364273205,0.8541662601625049
2024,05,ESP.5.5.3.29_1,0.45008756567425573,0.8739588090980032
2024,05,ESP.5.5.3.3_1,0.4483362521891419,0.8728436286070947
2024,05,ESP.5.5.3.30_1,0.4203152364273205,0.8541662601625049
2024,05,ESP.5.5.3.31_1,0.42206654991243436,0.8553806170354809
2024,05,ESP.5.5.3.32_1,0.40455341506129605,0.8429448380528823
2024,05,ESP.5.5.3.33_1,0.4290718038528897,0.8601744009211155
2024,05,ESP.5.5.3.34_1,0.3800350262697023,0.8244052401580184
2024,05,ESP.5.5.3.35_1,0.40980735551663755,0.84674435339127
2024,05,ESP.5.5.3.36_1,0.4430823117338004,0.8694619025581282
2024,05,ESP.5.5.3.37_1,0.4080560420315237,0.8454844764985339
2024,05,ESP.5.5.3.38_1,0.43257443082311736,0.8625334776111592
2024,05,ESP.5.5.3.39_1,0.43957968476357273,0.867177029216065
2024,05,ESP.5.5.3.4_1,0.4430823117338004,0.8694619025581282
2024,05,ESP.5.5.3.40_1,0.5043782837127846,0.905662188677434
2024,05,ESP.5.5.3.41_1,0.39579684763572687,0.8364783320564855
2024,05,ESP.5.5.3.42_1,0.4168126094570928,0.8517182632772413
2024,05,ESP.5.5.3.43_1,0.4203152364273205,0.8541662601625049
2024,05,ESP.5.5.3.5_1,0.4623467600700526,0.8815985480931783
2024,05,ESP.5.5.3.6_1,0.4290718038528897,0.8601744009211155
2024,05,ESP.5.5.3.7_1,0.4956217162872154,0.9009128703709366
2024,05,ESP.5.5.3.8_1,0.43257443082311736,0.8625334776111592
2024,05,ESP.5.5.3.9_1,0.4238178633975482,0.8565885826929985
2024,05,ESP.5.5.4.1_1,0.4640980735551664,0.8826664149042944
2024,05,ESP.5.5.4.10_1,0.48861646234676015,0.8970150500409678
2024,05,ESP.5.5.4.11_1,0.4658493870402803,0.883728465084157
2024,05,ESP.5.5.4.12_1,0.4816112084063048,0.8930285549745876
2024,05,ESP.5.5.4.13_1,0.45008756567425573,0.8739588090980032
2024,05,ESP.5.5.4.14_1,0.5043782837127846,0.905662188677434
2024,05,ESP.5.5.4.15_1,0.4816112084063048,0.8930285549745876
2024,05,ESP.5.5.4.16_1,0.521891418563923,0.9147589846511485
2024,05,ESP.5.5.4.17_1,0.45008756567425573,0.8739588090980032
2024,05,ESP.5.5.4.18_1,0.3975481611208407,0.8377851753283774
2024,05,ESP.5.5.4.19_1,0.4605954465849388,0.8805248434882459
2024,05,ESP.5.5.4.2_1,0.4816112084063048,0.8930285549745876
2024,05,ESP.5.5.4.20_1,0.48861646234676015,0.8970150500409678
2024,05,ESP.5.5.4.21_1,0.4570928196147111,0.8783598351473045
2024,05,ESP.5.5.4.22_1,0.5043782837127846,0.905662188677434
2024,05,ESP.5.5.4.23_1,0.4816112084063048,0.8930285549745876
2024,05,ESP.5.5.4.24_1,0.5288966725043783,0.918250510481753
2024,05,ESP.5.5.4.25_1,0.4535901926444834,0.8761712161444246
2024,05,ESP.5.5.4.26_1,0.4973730297723292,0.9018736053350269
2024,05,ESP.5.5.4.27_1,0.47810858143607715,0.8910016835000931
2024,05,ESP.5.5.4.28_1,0.4763572679509633,0.8899797750510963
2024,05,ESP.5.5.4.29_1,0.45008756567425573,0.8739588090980032
2024,05,ESP.5.5.4.3_1,0.5026269702276708,0.9047231620777706
2024,05,ESP.5.5.4.30_1,0.5183887915936953,0.9129819275319747
2024,05,ESP.5.5.4.4_1,0.4483362521891419,0.8728436286070947
2024,05,ESP.5.5.4.5_1,0.47460595446584947,0.8889521921903337
2024,05,ESP.5.5.4.6_1,0.5341506129597198,0.920814856526544
2024,05,ESP.5.5.4.7_1,0.48686514886164634,0.8960267853139213
2024,05,ESP.5.5.4.8_1,0.4816112084063048,0.8930285549745876
2024,05,ESP.5.5.4.9_1,0.4676007005253941,0.8847847195787232
2024,05,ESP.5.5.5.1_1,0.4640980735551664,0.8826664149042944
2024,05,ESP.5.5.5.10_1,0.47810858143607715,0.8910016835000931
2024,05,ESP.5.5.5.11_1,0.5096322241681261,0.9084470265238365
2024,05,ESP.5.5.5.12_1,0.5166374781085814,0.9120855223058855
2024,05,ESP.5.5.5.13_1,0.5148861646234676,0.9111838453352868
2024,05,ESP.5.5.5.14_1,0.4676007005253941,0.8847847195787232
2024,05,ESP.5.5.5.15_1,0.4640980735551664,0.8826664149042944
2024,05,ESP.5.5.5.16_1,0.42732049036777586,0.8589854480723175
2024,05,ESP.5.5.5.17_1,0.4991243432574431,0.9028288874421332
2024,05,ESP.5.5.5.18_1,0.5078809106830122,0.9075241043630743
2024,05,ESP.5.5.5.19_1,0.4588441330998249,0.8794452797076121
2024,05,ESP.5.5.5.2_1,0.4956217162872154,0.9009128703709366
2024,05,ESP.5.5.5.20_1,0.5394045534150613,0.923333092659415
2024,05,ESP.5.5.5.21_1,0.5131348511383538,0.9102768809543611
2024,05,ESP.5.5.5.22_1,0.48511383537653247,0.8950329602869382
2024,05,ESP.5.5.5.23_1,0.4938704028021016,0.8999466650863261
2024,05,ESP.5.5.5.24_1,0.5639229422066551,0.9344859549506349
2024,05,ESP.5.5.5.25_1,0.5078809106830122,0.9075241043630743
2024,05,ESP.5.5.5.26_1,0.47985989492119097,0.8920179370393849
2024,05,ESP.5.5.5.27_1,0.4938704028021016,0.8999466650863261
2024,05,ESP.5.5.5.28_1,0.5271453590192645,0.9173854151881858
2024,05,ESP.5.5.5.29_1,0.5096322241681261,0.9084470265238365
2024,05,ESP.5.5.5.3_1,0.5078809106830122,0.9075241043630743
2024,05,ESP.5.5.5.30_1,0.4588441330998249,0.8794452797076121
2024,05,ESP.5.5.5.31_1,0.47460595446584947,0.8889521921903337
2024,05,ESP.5.5.5.32_1,0.500875656742557,0.9037787339830473
2024,05,ESP.5.5.5.33_1,0.5341506129597198,0.920814856526544
2024,05,ESP.5.5.5.34_1,0.490367775831874,0.8979977728257459
2024,05,ESP.5.5.5.35_1,0.4728546409807356,0.8879189152169246
2024,05,ESP.5.5.5.36_1,0.4711033274956218,0.8868799242287537
2024,05,ESP.5.5.5.37_1,0.4676007005253941,0.8847847195787232
2024,05,ESP.5.5.5.38_1,0.51138353765324,0.909364613342745
2024,05,ESP.5.5.5.39_1,0.47460595446584947,0.8889521921903337
2024,05,ESP.5.5.5.4_1,0.43607705779334505,0.8648676199280442
2024,05,ESP.5.5.5.40_1,0.4973730297723292,0.9018736053350269
2024,05,ESP.5.5.5.41_1,0.48686514886164634,0.8960267853139213
2024,05,ESP.5.5.5.42_1,0.47460595446584947,0.8889521921903337
2024,05,ESP.5.5.5.43_1,0.5026269702276708,0.9047231620777706
2024,05,ESP.5.5.5.44_1,0.47985989492119097,0.8920179370393849
2024,05,ESP.5.5.5.45_1,0.5078809106830122,0.9075241043630743
2024,05,ESP.5.5.5.46_1,0.48511383537653247,0.8950329602869382
2024,05,ESP.5.5.5.47_1,0.500875656742557,0.9037787339830473
2024,05,ESP.5.5.5.48_1,0.5043782837127846,0.905662188677434
2024,05,ESP.5.5.5.49_1,0.4956217162872154,0.9009128703709366
2024,05,ESP.5.5.5.5_1,0.48511383537653247,0.8950329602869382
2024,05,ESP.5.5.5.50_1,0.521891418563923,0.9147589846511485
2024,05,ESP.5.5.5.51_1,0.4640980735551664,0.8826664149042944
2024,05,ESP.5.5.5.52_1,0.500875656742557,0.9037787339830473
2024,05,ESP.5.5.5.53_1,0.5183887915936953,0.9129819275319747
2024,05,ESP.5.5.5.54_1,0.5271453590192645,0.9173854151881858
2024,05,ESP.5.5.5.55_1,0.48336252189141865,0.8940335564172074
2024,05,ESP.5.5.5.56_1,0.4938704028021016,0.8999466650863261
2024,05,ESP.5.5.5.6_1,0.5201401050788091,0.9138730765264944
2024,05,ESP.5.5.5.7_1,0.5148861646234676,0.9111838453352868
2024,05,ESP.5.5.5.8_1,0.5236427320490368,0.9156396671180208
2024,05,ESP.5.5.5.9_1,0.4938704028021016,0.8999466650863261
2024,05,ESP.5.5.6.1_1,0.4728546409807356,0.8879189152169246
2024,05,ESP.5.5.6.10_1,0.47460595446584947,0.8889521921903337
2024,05,ESP.5.5.6.11_1,0.4973730297723292,0.9018736053350269
2024,05,ESP.5.5.6.12_1,0.47810858143607715,0.8910016835000931
2024,05,ESP.5.5.6.13_1,0.49211908931698783,0.8989749718429317
2024,05,ESP.5.5.6.14_1,0.49211908931698783,0.8989749718429317
2024,05,ESP.5.5.6.15_1,0.415061295971979,0.8504845677612263
2024,05,ESP.5.5.6.16_1,0.4430823117338004,0.8694619025581282
2024,05,ESP.5.5.6.17_1,0.5026269702276708,0.9047231620777706
2024,05,ESP.5.5.6.18_1,0.4973730297723292,0.9018736053350269
2024,05,ESP.5.5.6.19_1,0.4816112084063048,0.8930285549745876
2024,05,ESP.5.5.6.2_1,0.4483362521891419,0.8728436286070947
2024,05,ESP.5.5.6.20_1,0.42206654991243436,0.8553806170354809
2024,05,ESP.5.5.6.21_1,0.490367775831874,0.8979977728257459
2024,05,ESP.5.5.6.22_1,0.4570928196147111,0.8783598351473045
2024,05,ESP.5.5.6.23_1,0.4623467600700526,0.8815985480931783
2024,05,ESP.5.5.6.24_1,0.4518388791593696,0.8750679973579196
2024,05,ESP.5.5.6.25_1,0.4956217162872154,0.9009128703709366
2024,05,ESP.5.5.6.26_1,0.4588441330998249,0.8794452797076121
2024,05,ESP.5.5.6.27_1,0.4588441330998249,0.8794452797076121
2024,05,ESP.5.5.6.28_1,0.4640980735551664,0.8826664149042944
2024,05,ESP.5.5.6.29_1,0.44133099824868655,0.8683225207260261
2024,05,ESP.5.5.6.3_1,0.44483362521891423,0.8705951987002916
2024,05,ESP.5.5.6.4_1,0.48511383537653247,0.8950329602869382
2024,05,ESP.5.5.6.5_1,0.4185639229422067,0.8529454847761373
2024,05,ESP.5.5.6.6_1,0.45008756567425573,0.8739588090980032
2024,05,ESP.5.5.6.7_1,0.4658493870402803,0.883728465084157
2024,05,ESP.5.5.6.8_1,0.4535901926444834,0.8761712161444246
2024,05,ESP.5.5.6.9_1,0.5271453590192645,0.9173854151881858
2024,05,ESP.5.5.7.1_1,0.48336252189141865,0.8940335564172074
2024,05,ESP.5.5.7.10_1,0.4728546409807356,0.8879189152169246
2024,05,ESP.5.5.7.11_1,0.44133099824868655,0.8683225207260261
2024,05,ESP.5.5.7.12_1,0.5096322241681261,0.9084470265238365
2024,05,ESP.5.5.7.13_1,0.4185639229422067,0.8529454847761373
2024,05,ESP.5.5.7.14_1,0.4588441330998249,0.8794452797076121
2024,05,ESP.5.5.7.15_1,0.4430823117338004,0.8694619025581282
2024,05,ESP.5.5.7.16_1,0.39579684763572687,0.8364783320564855
2024,05,ESP.5.5.7.17_1,0.4430823117338004,0.8694619025581282
2024,05,ESP.5.5.7.18_1,0.4080560420315237,0.8454844764985339
2024,05,ESP.5.5.7.19_1,0.44133099824868655,0.8683225207260261
2024,05,ESP.5.5.7.2_1,0.4588441330998249,0.8794452797076121
2024,05,ESP.5.5.7.20_1,0.44483362521891423,0.8705951987002916
2024,05,ESP.5.5.7.21_1,0.48511383537653247,0.8950329602869382
2024,05,ESP.5.5.7.22_1,0.43082311733800355,0.8613570688164114
2024,05,ESP.5.5.7.23_1,0.4430823117338004,0.8694619025581282
2024,05,ESP.5.5.7.24_1,0.4658493870402803,0.883728465084157
2024,05,ESP.5.5.7.25_1,0.43082311733800355,0.8613570688164114
2024,05,ESP.5.5.7.26_1,0.44133099824868655,0.8683225207260261
2024,05,ESP.5.5.7.27_1,0.4711033274956218,0.8868799242287537
2024,05,ESP.5.5.7.28_1,0.43257443082311736,0.8625334776111592
2024,05,ESP.5.5.7.29_1,0.44133099824868655,0.8683225207260261
2024,05,ESP.5.5.7.3_1,0.3747810858143608,0.820253619315392
2024,05,ESP.5.5.7.30_1,0.4623467600700526,0.8815985480931783
2024,05,ESP.5.5.7.31_1,0.4763572679509633,0.8899797750510963
2024,05,ESP.5.5.7.32_1,0.38353765323993,0.8271372316611071
2024,05,ESP.5.5.7.33_1,0.44133099824868655,0.8683225207260261
2024,05,ESP.5.5.7.34_1,0.43782837127845886,0.8660254037844386
2024,05,ESP.5.5.7.35_1,0.43257443082311736,0.8625334776111592
2024,05,ESP.5.5.7.36_1,0.47985989492119097,0.8920179370393849
2024,05,ESP.5.5.7.37_1,0.43607705779334505,0.8648676199280442
2024,05,ESP.5.5.7.38_1,0.40455341506129605,0.8429448380528823
2024,05,ESP.5.5.7.39_1,0.4605954465849388,0.8805248434882459
2024,05,ESP.5.5.7.4_1,0.415061295971979,0.8504845677612263
2024,05,ESP.5.5.7.40_1,0.43432574430823123,0.8637036528810099
2024,05,ESP.5.5.7.41_1,0.44658493870402804,0.8717224328879003
2024,05,ESP.5.5.7.42_1,0.5026269702276708,0.9047231620777706
2024,05,ESP.5.5.7.43_1,0.49211908931698783,0.8989749718429317
2024,05,ESP.5.5.7.44_1,0.415061295971979,0.8504845677612263
2024,05,ESP.5.5.7.45_1,0.47810858143607715,0.8910016835000931
2024,05,ESP.5.5.7.46_1,0.4711033274956218,0.8868799242287537
2024,05,ESP.5.5.7.47_1,0.4080560420315237,0.8454844764985339
2024,05,ESP.5.5.7.48_1,0.45534150612959723,0.8772684879784524
2024,05,ESP.5.5.7.49_1,0.3992994746059545,0.8390852161729463
2024,05,ESP.5.5.7.5_1,0.40980735551663755,0.84674435339127
2024,05,ESP.5.5.7.50_1,0.45008756567425573,0.8739588090980032
2024,05,ESP.5.5.7.51_1,0.43257443082311736,0.8625334776111592
2024,05,ESP.5.5.7.52_1,0.4658493870402803,0.883728465084157
2024,05,ESP.5.5.7.53_1,0.47460595446584947,0.8889521921903337
2024,05,ESP.5.5.7.54_1,0.4483362521891419,0.8728436286070947
2024,05,ESP.5.5.7.55_1,0.4605954465849388,0.8805248434882459
2024,05,ESP.5.5.7.56_1,0.4080560420315237,0.8454844764985339
2024,05,ESP.5.5.7.57_1,0.48686514886164634,0.8960267853139213
2024,05,ESP.5.5.7.58_1,0.46935201401050797,0.885835199120017
2024,05,ESP.5.5.7.59_1,0.4763572679509633,0.8899797750510963
2024,05,ESP.5.5.7.6_1,0.4711033274956218,0.8868799242287537
2024,05,ESP.5.5.7.60_1,0.42732049036777586,0.8589854480723175
2024,05,ESP.5.5.7.61_1,0.4956217162872154,0.9009128703709366
2024,05,ESP.5.5.7.62_1,0.4535901926444834,0.8761712161444246
2024,05,ESP.5.5.7.63_1,0.4570928196147111,0.8783598351473045
2024,05,ESP.5.5.7.64_1,0.40630472854640987,0.8442179813294668
2024,05,ESP.5.5.7.65_1,0.4658493870402803,0.883728465084157
2024,05,ESP.5.5.7.66_1,0.45008756567425573,0.8739588090980032
2024,05,ESP.5.5.7.7_1,0.4623467600700526,0.8815985480931783
2024,05,ESP.5.5.7.8_1,0.4535901926444834,0.8761712161444246
2024,05,ESP.5.5.7.9_1,0.48336252189141865,0.8940335564172074
2024,05,ESP.5.5.8.1_1,0.40980735551663755,0.84674435339127
2024,05,ESP.5.5.8.10_1,0.45534150612959723,0.8772684879784524
2024,05,ESP.5.5.8.11_1,0.43432574430823123,0.8637036528810099
2024,05,ESP.5.5.8.12_1,0.4938704028021016,0.8999466650863261
2024,05,ESP.5.5.8.13_1,0.4588441330998249,0.8794452797076121
2024,05,ESP.5.5.8.14_1,0.4588441330998249,0.8794452797076121
2024,05,ESP.5.5.8.15_1,0.4956217162872154,0.9009128703709366
2024,05,ESP.5.5.8.16_1,0.4483362521891419,0.8728436286070947
2024,05,ESP.5.5.8.17_1,0.4588441330998249,0.8794452797076121
2024,05,ESP.5.5.8.18_1,0.5236427320490368,0.9156396671180208
2024,05,ESP.5.5.8.19_1,0.42732049036777586,0.8589854480723174
2024,05,ESP.5.5.8.2_1,0.490367775831874,0.8979977728257459
2024,05,ESP.5.5.8.20_1,0.45534150612959723,0.8772684879784524
2024,05,ESP.5.5.8.21_1,0.5043782837127846,0.905662188677434
2024,05,ESP.5.5.8.22_1,0.4938704028021016,0.8999466650863261
2024,05,ESP.5.5.8.23_1,0.4658493870402803,0.883728465084157
2024,05,ESP.5.5.8.24_1,0.47985989492119097,0.8920179370393849
2024,05,ESP.5.5.8.25_1,0.521891418563923,0.9147589846511485
2024,05,ESP.5.5.8.26_1,0.5078809106830122,0.9075241043630743
2024,05,ESP.5.5.8.27_1,0.42206654991243436,0.8553806170354809
2024,05,ESP.5.5.8.28_1,0.43782837127845886,0.8660254037844386
2024,05,ESP.5.5.8.29_1,0.48861646234676015,0.8970150500409678
2024,05,ESP.5.5.8.3_1,0.4816112084063048,0.8930285549745876
2024,05,ESP.5.5.8.30_1,0.44133099824868655,0.8683225207260261
2024,05,ESP.5.5.8.31_1,0.49211908931698783,0.8989749718429317
2024,05,ESP.5.5.8.32_1,0.4816112084063048,0.8930285549745876
2024,05,ESP.5.5.8.33_1,0.44133099824868655,0.8683225207260261
2024,05,ESP.5.5.8.34_1,0.47810858143607715,0.8910016835000931
2024,05,ESP.5.5.8.35_1,0.4938704028021016,0.8999466650863261
2024,05,ESP.5.5.8.36_1,0.4728546409807356,0.8879189152169246
2024,05,ESP.5.5.8.37_1,0.4623467600700526,0.8815985480931783
2024,05,ESP.5.5.8.38_1,0.4991243432574431,0.9028288874421332
2024,05,ESP.5.5.8.39_1,0.4973730297723292,0.9018736053350269
2024,05,ESP.5.5.8.4_1,0.4238178633975482,0.8565885826929985
2024,05,ESP.5.5.8.40_1,0.42556917688266205,0.8577901841359576
2024,05,ESP.5.5.8.41_1,0.4728546409807356,0.8879189152169246
2024,05,ESP.5.5.8.42_1,0.48511383537653247,0.8950329602869382
2024,05,ESP.5.5.8.43_1,0.4973730297723292,0.9018736053350269
2024,05,ESP.5.5.8.44_1,0.43607705779334505,0.8648676199280442
2024,05,ESP.5.5.8.45_1,0.48861646234676015,0.8970150500409678
2024,05,ESP.5.5.8.46_1,0.4728546409807356,0.8879189152169246
2024,05,ESP.5.5.8.47_1,0.4185639229422067,0.8529454847761373
2024,05,ESP.5.5.8.5_1,0.490367775831874,0.8979977728257459
2024,05,ESP.5.5.8.6_1,0.45008756567425573,0.8739588090980032
2024,05,ESP.5.5.8.7_1,0.4676007005253941,0.8847847195787232
2024,05,ESP.5.5.8.8_1,0.44658493870402804,0.8717224328879003
2024,05,ESP.5.5.8.9_1,0.4816112084063048,0.8930285549745876
2024,05,ESP.5.5.9.1_1,0.43782837127845886,0.8660254037844386
2024,05,ESP.5.5.9.2_1,0.43957968476357273,0.867177029216065
2024,05,ESP.5.5.9.3_1,0.5341506129597198,0.920814856526544
2024,05,ESP.5.5.9.4_1,0.47460595446584947,0.8889521921903337
2024,05,ESP.5.5.9.5_1,0.48511383537653247,0.8950329602869382
2024,05,ESP.5.5.9.6_1,0.4605954465849388,0.8805248434882459
2024,05,ESP.5.5.9.7_1,0.44133099824868655,0.8683225207260261
2024,05,ESP.5.6.2.15_1,0.4133099824868652,0.84924437001372
2024,05,ESP.5.6.2.42_1,0.4238178633975482,0.8565885826929985
2024,05,ESP.5.6.2.66_1,0.3992994746059545,0.8390852161729463
2024,05,ESP.5.6.3.11_1,0.47985989492119097,0.8920179370393849
2024,05,ESP.5.6.3.15_1,0.4518388791593696,0.8750679973579196
2024,05,ESP.5.6.3.18_1,0.35201401050788095,0.8014961010510282
2024,05,ESP.5.6.3.2_1,0.43082311733800355,0.8613570688164114
2024,05,ESP.5.6.3.21_1,0.4518388791593696,0.8750679973579196
2024,05,ESP.5.6.3.29_1,0.43082311733800355,0.8613570688164114
2024,05,ESP.5.6.3.31_1,0.4238178633975482,0.8565885826929985
2024,05,ESP.5.6.3.37_1,0.3905429071803853,0.8325166664998365
2024,05,ESP.5.6.3.4_1,0.46935201401050797,0.885835199120017
2024,05,ESP.5.6.3.40_1,0.4658493870402803,0.883728465084157
2024,05,ESP.5.6.3.44_1,0.39579684763572687,0.8364783320564855
2024,05,ESP.5.6.3.48_1,0.42732049036777586,0.8589854480723175
2024,05,ESP.5.6.3.50_1,0.45534150612959723,0.8772684879784524
2024,05,ESP.5.6.3.51_1,0.43607705779334505,0.8648676199280442
2024,05,ESP.5.6.3.52_1,0.43082311733800355,0.8613570688164114
2024,05,ESP.5.6.3.54_1,0.42206654991243436,0.8553806170354809
2024,05,ESP.5.7.1.13_1,0.48511383537653247,0.8950329602869382
2024,05,ESP.5.7.1.19_1,0.4623467600700526,0.8815985480931783
2024,05,ESP.5.7.1.20_1,0.51138353765324,0.909364613342745
2024,05,ESP.5.7.1.21_1,0.5061295971978984,0.9065958305661901
2024,05,ESP.5.7.1.22_1,0.4570928196147111,0.8783598351473045
2024,05,ESP.5.7.1.28_1,0.47985989492119097,0.8920179370393849
2024,05,ESP.5.7.1.31_1,0.5166374781085814,0.9120855223058855
2024,05,ESP.5.7.1.33_1,0.4973730297723292,0.9018736053350269
2024,05,ESP.5.7.1.8_1,0.45008756567425573,0.8739588090980032
2024,05,ESP.5.7.1.9_1,0.4973730297723292,0.9018736053350269
2024,05,ESP.5.7.2.1_1,0.43082311733800355,0.8613570688164114
2024,05,ESP.5.7.2.28_1,0.5166374781085814,0.9120855223058855
2024,05,ESP.5.7.3.11_1,0.40105078809106837,0.8403784861596588
2024,05,ESP.5.7.7.10_1,0.5236427320490368,0.9156396671180208
2024,05,ESP.5.7.7.19_1,0.5183887915936953,0.9129819275319747
2024,05,ESP.5.7.7.7_1,0.47810858143607715,0.8910016835000931
2024,05,ESP.5.8.2.30_1,0.43957968476357273,0.867177029216065
2024,05,ESP.5.8.2.56_1,0.4711033274956218,0.8868799242287537
2024,05,ESP.5.8.3.4_1,0.47985989492119097,0.8920179370393849
2024,05,ESP.5.8.4.10_1,0.43257443082311736,0.8625334776111592
2024,05,ESP.5.8.4.34_1,0.40630472854640987,0.8442179813294668
2024,05,ESP.5.9.2.17_1,0.5884413309982488,0.9446777228240327
2024,05,ESP.5.9.2.19_1,0.5779334500875658,0.9404254356406998
2024,05,ESP.5.9.2.20_1,0.5481611208406305,0.9274287034591931
2024,05,ESP.5.9.2.7_1,0.5516637478108581,0.9290317540321213
2024,05,ESP.5.9.2.9_1,0.5499124343257443,0.9282327294380435
2024,05,ESP.5.9.3.1_1,0.4956217162872154,0.9009128703709366
2024,05,ESP.5.9.3.20_1,0.490367775831874,0.8979977728257459
2024,05,ESP.5.9.3.27_1,0.5394045534150613,0.923333092659415
2024,05,ESP.5.9.4.66_1,0.42556917688266205,0.8577901841359576
2024,05,ESP.5.9.5.1_1,0.4658493870402803,0.883728465084157
2024,05,ESP.5.9.5.12_1,0.4185639229422067,0.8529454847761373
2024,05,ESP.5.9.5.14_1,0.48861646234676015,0.8970150500409678
2024,05,ESP.5.9.5.17_1,0.4763572679509633,0.8899797750510963
2024,05,ESP.5.9.5.19_1,0.4711033274956218,0.8868799242287537
2024,05,ESP.5.9.5.2_1,0.43257443082311736,0.8625334776111592
2024,05,ESP.5.9.5.20_1,0.49211908931698783,0.8989749718429317
2024,05,ESP.5.9.5.21_1,0.4938704028021016,0.8999466650863261
2024,05,ESP.5.9.5.23_1,0.4640980735551664,0.8826664149042944
2024,05,ESP.5.9.5.24_1,0.5183887915936953,0.9129819275319747
2024,05,ESP.5.9.5.6_1,0.43957968476357273,0.867177029216065
2024,05,ESP.5.9.5.7_1,0.43782837127845886,0.8660254037844386
2024,05,ESP.5.9.5.8_1,0.4763572679509633,0.8899797750510963
2024,05,ESP.5.9.6.10_1,0.40105078809106837,0.8403784861596588
2024,05,ESP.5.9.6.11_1,0.3905429071803853,0.8325166664998365
2024,05,ESP.5.9.6.17_1,0.43957968476357273,0.867177029216065
2024,05,ESP.5.9.6.3_1,0.42732049036777586,0.8589854480723175
2024,05,ESP.5.9.6.35_1,0.4168126094570928,0.8517182632772413
2024,05,ESP.5.9.6.38_1,0.40980735551663755,0.84674435339127
2024,05,ESP.5.9.6.40_1,0.3852889667250438,0.8284926070883192
2024,05,ESP.6.1.1.1_1,0.5166374781085814,0.9120855223058855
2024,05,ESP.6.1.10.1_1,0.6409807355516638,0.9634189120003821
2024,05,ESP.6.1.10.10_1,0.6970227670753065,0.9789708882290628
2024,05,ESP.6.1.10.11_1,0.7110332749562173,0.9821690282227392
2024,05,ESP.6.1.10.12_1,0.7022767075306481,0.9802020199938377
2024,05,ESP.6.1.10.13_1,0.6567425569176883,0.9682458365518543
2024,05,ESP.6.1.10.14_1,0.6584938704028022,0.9687600322061186
2024,05,ESP.6.1.10.15_1,0.6795096322241682,0.9745891442038537
2024,05,ESP.6.1.10.16_1,0.6532399299474606,0.9672042183530839
2024,05,ESP.6.1.10.17_1,0.6777583187390543,0.9741273017424364
2024,05,ESP.6.1.10.18_1,0.7057793345008757,0.9810015290507961
2024,05,ESP.6.1.10.19_1,0.6865148861646235,0.9763933633531108
2024,05,ESP.6.1.10.2_1,0.6987740805604205,0.9793855216409929
2024,05,ESP.6.1.10.20_1,0.6637478108581437,0.970276249322841
2024,05,ESP.6.1.10.21_1,0.6549912434325745,0.9677272342969376
2024,05,ESP.6.1.10.22_1,0.6374781085814362,0.962297251372984
2024,05,ESP.6.1.10.23_1,0.6549912434325745,0.9677272342969376
2024,05,ESP.6.1.10.3_1,0.6812609457092821,0.975046665549911
2024,05,ESP.6.1.10.4_1,0.6672504378283713,0.9712651543219287
2024,05,ESP.6.1.10.5_1,0.6725043782837129,0.9727157858285225
2024,05,ESP.6.1.10.6_1,0.6900175131348513,0.9772696659571503
2024,05,ESP.6.1.10.7_1,0.7215411558669002,0.9843901665498289
2024,05,ESP.6.1.10.8_1,0.6479859894921192,0.9656086163658648
2024,05,ESP.6.1.10.9_1,0.6970227670753065,0.9789708882290628
2024,05,ESP.6.1.11.1_1,0.6952714535901927,0.97855199146494
2024,05,ESP.6.1.11.10_1,0.6847635726795097,0.9759487691472335
2024,05,ESP.6.1.11.11_1,0.7828371278458844,0.9943661297530201
2024,05,ESP.6.1.11.12_1,0.6567425569176883,0.9682458365518543
2024,05,ESP.6.1.11.13_1,0.6952714535901927,0.97855199146494
2024,05,ESP.6.1.11.14_1,0.7250437828371279,0.9850969495435462
2024,05,ESP.6.1.11.15_1,0.7040280210157619,0.9806038955664005
2024,05,ESP.6.1.11.16_1,0.7390542907180385,0.9877570551507087
2024,05,ESP.6.1.11.17_1,0.5989492119089318,0.9487591896788141
2024,05,ESP.6.1.11.18_1,0.7005253940455343,0.9797958971132712
2024,05,ESP.6.1.11.19_1,0.660245183887916,0.9692698282728087
2024,05,ESP.6.1.11.2_1,0.6619964973730298,0.9697752316903129
2024,05,ESP.6.1.11.20_1,0.6690017513134852,0.9717530550505102
2024,05,ESP.6.1.11.21_1,0.6882661996497373,0.976833660353696
2024,05,ESP.6.1.11.22_1,0.7460595446584939,0.9889873608899156
2024,05,ESP.6.1.11.23_1,0.7057793345008757,0.9810015290507961
2024,05,ESP.6.1.11.24_1,0.6847635726795097,0.9759487691472335
2024,05,ESP.6.1.11.25_1,0.6935201401050789,0.9781288258711119
2024,05,ESP.6.1.11.26_1,0.63922942206655,0.9628603221651623
2024,05,ESP.6.1.11.27_1,0.6847635726795097,0.9759487691472335
2024,05,ESP.6.1.11.28_1,0.7250437828371279,0.9850969495435462
2024,05,ESP.6.1.11.29_1,0.6742556917688267,0.9731906288081488
2024,05,ESP.6.1.11.3_1,0.6584938704028022,0.9687600322061186
2024,05,ESP.6.1.11.30_1,0.6339754816112084,0.9611576353543679
2024,05,ESP.6.1.11.31_1,0.7863397548161122,0.9947843987518099
2024,05,ESP.6.1.11.4_1,0.670753064798599,0.9722365967191319
2024,05,ESP.6.1.11.5_1,0.7145359019264449,0.9829262434180909
2024,05,ESP.6.1.11.6_1,0.6479859894921192,0.9656086163658648
2024,05,ESP.6.1.11.7_1,0.6532399299474606,0.9672042183530839
2024,05,ESP.6.1.11.8_1,0.670753064798599,0.9722365967191319
2024,05,ESP.6.1.11.9_1,0.6935201401050789,0.9781288258711119
2024,05,ESP.6.1.12.1_1,0.6409807355516638,0.9634189120003821
2024,05,ESP.6.1.12.10_1,0.6322241681260946,0.9605810741421048
2024,05,ESP.6.1.12.11_1,0.6024518388791593,0.9500821017154254
2024,05,ESP.6.1.12.12_1,0.6059544658493871,0.9513863568498342
2024,05,ESP.6.1.12.13_1,0.6882661996497373,0.976833660353696
2024,05,ESP.6.1.12.14_1,0.7250437828371279,0.9850969495435462
2024,05,ESP.6.1.12.15_1,0.6199649737302978,0.9564183185196736
2024,05,ESP.6.1.12.16_1,0.5901926444833626,0.9453697689264238
2024,05,ESP.6.1.12.17_1,0.6672504378283713,0.9712651543219287
2024,05,ESP.6.1.12.18_1,0.6339754816112084,0.9611576353543679
2024,05,ESP.6.1.12.19_1,0.6742556917688267,0.9731906288081488
2024,05,ESP.6.1.12.2_1,0.6549912434325745,0.9677272342969376
2024,05,ESP.6.1.12.20_1,0.5726795096322242,0.9382345122622595
2024,05,ESP.6.1.12.21_1,0.6339754816112084,0.9611576353543679
2024,05,ESP.6.1.12.22_1,0.6672504378283713,0.9712651543219287
2024,05,ESP.6.1.12.23_1,0.6234676007005254,0.9576304088739037
2024,05,ESP.6.1.12.24_1,0.5394045534150613,0.923333092659415
2024,05,ESP.6.1.12.25_1,0.6777583187390543,0.9741273017424364
2024,05,ESP.6.1.12.26_1,0.6147110332749562,0.954565869911553
2024,05,ESP.6.1.12.27_1,0.6094570928196147,0.9526720317087093
2024,05,ESP.6.1.12.28_1,0.7215411558669002,0.9843901665498289
2024,05,ESP.6.1.12.29_1,0.6777583187390543,0.9741273017424364
2024,05,ESP.6.1.12.3_1,0.5831873905429072,0.9425730740902798
2024,05,ESP.6.1.12.30_1,0.6479859894921192,0.9656086163658648
2024,05,ESP.6.1.12.31_1,0.586690017513135,0.9439809320108113
2024,05,ESP.6.1.12.32_1,0.6514886164623468,0.9666767815562759
2024,05,ESP.6.1.12.33_1,0.6987740805604205,0.9793855216409929
2024,05,ESP.6.1.12.34_1,0.6532399299474606,0.9672042183530839
2024,05,ESP.6.1.12.4_1,0.6042031523642732,0.9507365565707464
2024,05,ESP.6.1.12.5_1,0.6760070052539405,0.9736611320166786
2024,05,ESP.6.1.12.6_1,0.5796847635726796,0.9411461098044235
2024,05,ESP.6.1.12.7_1,0.5954465849387042,0.9474175425861608
2024,05,ESP.6.1.12.8_1,0.6427320490367776,0.9639730286683336
2024,05,ESP.6.1.12.9_1,0.6059544658493871,0.9513863568498342
2024,05,ESP.6.1.2.1_1,0.521891418563923,0.9147589846511485
2024,05,ESP.6.1.3.1_1,0.7390542907180385,0.9877570551507087
2024,05,ESP.6.1.3.11_1,0.7548161120840631,0.9904322288778774
2024,05,ESP.6.1.3.12_1,0.7285464098073555,0.9857869952479592
2024,05,ESP.6.1.3.13_1,0.712784588441331,0.9825497442877892
2024,05,ESP.6.1.3.14_1,0.7005253940455343,0.9797958971132712
2024,05,ESP.6.1.3.15_1,0.7530647985989493,0.990151503558925
2024,05,ESP.6.1.3.16_1,0.7425569176882663,0.9883804935347521
2024,05,ESP.6.1.3.17_1,0.7215411558669002,0.9843901665498289
2024,05,ESP.6.1.3.19_1,0.7075306479859896,0.9813949256033475
2024,05,ESP.6.1.3.2_1,0.7110332749562173,0.9821690282227392
2024,05,ESP.6.1.3.20_1,0.7443082311733801,0.9886859966642594
2024,05,ESP.6.1.3.22_1,0.7390542907180385,0.9877570551507087
2024,05,ESP.6.1.3.23_1,0.7583187390542908,0.9909813318120578
2024,05,ESP.6.1.3.24_1,0.7320490367775833,0.98646033878712025
2024,05,ESP.6.1.3.26_1,0.7845884413309984,0.9945772971468834
2024,05,ESP.6.1.3.27_1,0.7145359019264449,0.9829262434180909
2024,05,ESP.6.1.3.28_1,0.6812609457092821,0.975046665549911
2024,05,ESP.6.1.3.29_1,0.7618213660245184,0.9915139938498094
2024,05,ESP.6.1.3.3_1,0.7600700525394046,0.9912497162672985
2024,05,ESP.6.1.3.30_1,0.7285464098073555,0.9857869952479592
2024,05,ESP.6.1.3.31_1,0.7583187390542908,0.9909813318120578
2024,05,ESP.6.1.3.32_1,0.7845884413309984,0.9945772971468834
2024,05,ESP.6.1.3.33_1,0.7565674255691769,0.9907088371464141
2024,05,ESP.6.1.3.4_1,0.7338003502626971,0.986790757962396
2024,05,ESP.6.1.3.5_1,0.6742556917688267,0.9731906288081488
2024,05,ESP.6.1.3.6_1,0.7443082311733801,0.9886859966642594
2024,05,ESP.6.1.3.7_1,0.7390542907180385,0.9877570551507087
2024,05,ESP.6.1.3.8_1,0.7758318739054292,0.9934807496876826
2024,05,ESP.6.1.4.1_1,0.6164623467600701,0.955187939622355
2024,05,ESP.6.1.4.10_1,0.62697022767075306,0.9588242800430119
2024,05,ESP.6.1.4.11_1,0.6637478108581437,0.970276249322841
2024,05,ESP.6.1.4.12_1,0.586690017513135,0.9439809320108113
2024,05,ESP.6.1.4.13_1,0.6584938704028022,0.9687600322061186
2024,05,ESP.6.1.4.14_1,0.5516637478108581,0.9290317540321213
2024,05,ESP.6.1.4.15_1,0.6357267950963222,0.9617296917533533
2024,05,ESP.6.1.4.16_1,0.5253940455341506,0.916515138991168
2024,05,ESP.6.1.4.17_1,0.5814360770577934,0.9418619856433319
2024,05,ESP.6.1.4.18_1,0.5919439579684764,0.946057080730333
2024,05,ESP.6.1.4.19_1,0.6339754816112084,0.9611576353543679
2024,05,ESP.6.1.4.2_1,0.6059544658493871,0.9513863568498342
2024,05,ESP.6.1.4.20_1,0.7040280210157619,0.9806038955664005
2024,05,ESP.6.1.4.21_1,0.5446584938704029,0.9258055951440345
2024,05,ESP.6.1.4.22_1,0.6182136602451839,0.9558054195284729
2024,05,ESP.6.1.4.23_1,0.5884413309982488,0.9446777228240327
2024,05,ESP.6.1.4.24_1,0.6304728546409808,0.96
2024,05,ESP.6.1.4.25_1,0.5744308231173381,0.9389696480717574
2024,05,ESP.6.1.4.26_1,0.5551663747810859,0.9306148505155073
2024,05,ESP.6.1.4.27_1,0.586690017513135,0.9439809320108113
2024,05,ESP.6.1.4.28_1,0.5534150612959721,0.9298257901349047
2024,05,ESP.6.1.4.29_1,0.5726795096322242,0.9382345122622595
2024,05,ESP.6.1.4.3_1,0.5726795096322242,0.9382345122622595
2024,05,ESP.6.1.4.30_1,0.5691768826619966,0.9367496997597597
2024,05,ESP.6.1.4.31_1,0.542907180385289,0.9249864863877743
2024,05,ESP.6.1.4.32_1,0.6339754816112084,0.9611576353543679
2024,05,ESP.6.1.4.33_1,0.5236427320490368,0.9156396671180208
2024,05,ESP.6.1.4.34_1,0.6147110332749562,0.954565869911553
2024,05,ESP.6.1.4.4_1,0.6129597197898424,0.9539392014169457
2024,05,ESP.6.1.4.5_1,0.5446584938704029,0.9258055951440345
2024,05,ESP.6.1.4.6_1,0.5551663747810859,0.9306148505155073
2024,05,ESP.6.1.4.7_1,0.6444833625218914,0.9645226798784983
2024,05,ESP.6.1.4.8_1,0.597197898423818,0.9480907129594721
2024,05,ESP.6.1.4.9_1,0.5586690017513135,0.9321780945720619
2024,05,ESP.6.1.5.1_1,0.649737302977233,0.9661449166662318
2024,05,ESP.6.1.5.10_1,0.7548161120840631,0.9904322288778774
2024,05,ESP.6.1.5.11_1,0.7092819614711035,0.9817840903172144
2024,05,ESP.6.1.5.12_1,0.7285464098073555,0.9857869952479592
2024,05,ESP.6.1.5.13_1,0.670753064798599,0.9722365967191319
2024,05,ESP.6.1.5.14_1,0.6830122591943959,0.9754998718605759
2024,05,ESP.6.1.5.15_1,0.7338003502626971,0.986790757962396
2024,05,ESP.6.1.5.16_1,0.7338003502626971,0.986790757962396
2024,05,ESP.6.1.5.17_1,0.6742556917688267,0.9731906288081488
2024,05,ESP.6.1.5.18_1,0.6970227670753065,0.9789708882290628
2024,05,ESP.6.1.5.19_1,0.7320490367775833,0.98646033878712025
2024,05,ESP.6.1.5.2_1,0.7443082311733801,0.9886859966642594
2024,05,ESP.6.1.5.20_1,0.7250437828371279,0.9850969495435462
2024,05,ESP.6.1.5.21_1,0.6672504378283713,0.9712651543219287
2024,05,ESP.6.1.5.22_1,0.6532399299474606,0.9672042183530839
2024,05,ESP.6.1.5.23_1,0.6952714535901927,0.97855199146494
2024,05,ESP.6.1.5.24_1,0.6760070052539405,0.9736611320166786
2024,05,ESP.6.1.5.25_1,0.7057793345008757,0.9810015290507961
2024,05,ESP.6.1.5.26_1,0.6549912434325745,0.9677272342969376
2024,05,ESP.6.1.5.27_1,0.7478108581436077,0.9892845899942038
2024,05,ESP.6.1.5.28_1,0.6952714535901927,0.97855199146494
2024,05,ESP.6.1.5.29_1,0.6865148861646235,0.9763933633531108
2024,05,ESP.6.1.5.3_1,0.6830122591943959,0.9754998718605759
2024,05,ESP.6.1.5.30_1,0.6882661996497373,0.976833660353696
2024,05,ESP.6.1.5.31_1,0.7232924693520141,0.9847456524402634
2024,05,ESP.6.1.5.32_1,0.7110332749562173,0.9821690282227392
2024,05,ESP.6.1.5.33_1,0.7530647985989493,0.990151503558925
2024,05,ESP.6.1.5.34_1,0.7285464098073555,0.9857869952479592
2024,05,ESP.6.1.5.35_1,0.7513134851138354,0.9898666576867816
2024,05,ESP.6.1.5.4_1,0.7092819614711035,0.9817840903172144
2024,05,ESP.6.1.5.5_1,0.7478108581436077,0.9892845899942038
2024,05,ESP.6.1.5.6_1,0.7162872154115587,0.9832985304575615
2024,05,ESP.6.1.5.7_1,0.7285464098073555,0.9857869952479592
2024,05,ESP.6.1.5.8_1,0.7478108581436077,0.9892845899942038
2024,05,ESP.6.1.5.9_1,0.7250437828371279,0.9850969495435462
2024,05,ESP.6.1.6.1_1,0.6217162872154116,0.9570266453970862
2024,05,ESP.6.1.6.10_1,0.5954465849387042,0.9474175425861608
2024,05,ESP.6.1.6.2_1,0.6619964973730298,0.9697752316903129
2024,05,ESP.6.1.6.3_1,0.6339754816112084,0.9611576353543679
2024,05,ESP.6.1.6.4_1,0.6059544658493871,0.9513863568498342
2024,05,ESP.6.1.6.5_1,0.6427320490367776,0.9639730286683336
2024,05,ESP.6.1.6.6_1,0.6567425569176883,0.9682458365518543
2024,05,ESP.6.1.6.7_1,0.6637478108581437,0.970276249322841
2024,05,ESP.6.1.6.8_1,0.6865148861646235,0.9763933633531108
2024,05,ESP.6.1.6.9_1,0.6672504378283713,0.9712651543219287
2024,05,ESP.6.1.7.1_1,0.6532399299474606,0.9672042183530839
2024,05,ESP.6.1.7.10_1,0.7408056042031524,0.9880708476622514
2024,05,ESP.6.1.7.11_1,0.6549912434325745,0.9677272342969376
2024,05,ESP.6.1.7.12_1,0.6742556917688267,0.9731906288081488
2024,05,ESP.6.1.7.13_1,0.6795096322241682,0.9745891442038537
2024,05,ESP.6.1.7.14_1,0.6952714535901927,0.97855199146494
2024,05,ESP.6.1.7.15_1,0.7005253940455343,0.9797958971132712
2024,05,ESP.6.1.7.16_1,0.628721541155867,0.9594144047282176
2024,05,ESP.6.1.7.17_1,0.6777583187390543,0.9741273017424364
2024,05,ESP.6.1.7.18_1,0.7092819614711035,0.9817840903172144
2024,05,ESP.6.1.7.19_1,0.6059544658493871,0.9513863568498342
2024,05,ESP.6.1.7.2_1,0.6514886164623468,0.9666767815562759
2024,05,ESP.6.1.7.20_1,0.6462346760070053,0.965067873260736
2024,05,ESP.6.1.7.21_1,0.6549912434325745,0.9677272342969376
2024,05,ESP.6.1.7.22_1,0.6952714535901927,0.97855199146494
2024,05,ESP.6.1.7.23_1,0.7110332749562173,0.9821690282227392
2024,05,ESP.6.1.7.24_1,0.6322241681260946,0.9605810741421048
2024,05,ESP.6.1.7.25_1,0.6987740805604205,0.9793855216409929
2024,05,ESP.6.1.7.26_1,0.6479859894921192,0.9656086163658648
2024,05,ESP.6.1.7.27_1,0.6567425569176883,0.9682458365518543
2024,05,ESP.6.1.7.28_1,0.6847635726795097,0.9759487691472335
2024,05,ESP.6.1.7.29_1,0.6637478108581437,0.970276249322841
2024,05,ESP.6.1.7.3_1,0.6427320490367776,0.9639730286683336
2024,05,ESP.6.1.7.30_1,0.6725043782837129,0.9727157858285225
2024,05,ESP.6.1.7.31_1,0.6514886164623468,0.9666767815562759
2024,05,ESP.6.1.7.32_1,0.6322241681260946,0.9605810741421048
2024,05,ESP.6.1.7.33_1,0.6795096322241682,0.9745891442038537
2024,05,ESP.6.1.7.34_1,0.6567425569176883,0.9682458365518543
2024,05,ESP.6.1.7.35_1,0.6900175131348513,0.9772696659571503
2024,05,ESP.6.1.7.36_1,0.6760070052539405,0.9736611320166786
2024,05,ESP.6.1.7.37_1,0.6514886164623468,0.9666767815562759
2024,05,ESP.6.1.7.38_1,0.6987740805604205,0.9793855216409929
2024,05,ESP.6.1.7.39_1,0.6427320490367776,0.9639730286683336
2024,05,ESP.6.1.7.4_1,0.6865148861646235,0.9763933633531108
2024,05,ESP.6.1.7.40_1,0.6917688266199651,0.9777013859047148
2024,05,ESP.6.1.7.41_1,0.6357267950963222,0.9617296917533533
2024,05,ESP.6.1.7.42_1,0.6725043782837129,0.9727157858285225
2024,05,ESP.6.1.7.43_1,0.6865148861646235,0.9763933633531108
2024,05,ESP.6.1.7.44_1,0.6567425569176883,0.9682458365518543
2024,05,ESP.6.1.7.45_1,0.6462346760070053,0.965067873260736
2024,05,ESP.6.1.7.46_1,0.6812609457092821,0.975046665549911
2024,05,ESP.6.1.7.47_1,0.6567425569176883,0.9682458365518543
2024,05,ESP.6.1.7.48_1,0.6952714535901927,0.97855199146494
2024,05,ESP.6.1.7.49_1,0.6252189141856392,0.9582296175760798
2024,05,ESP.6.1.7.5_1,0.62697022767075306,0.9588242800430119
2024,05,ESP.6.1.7.50_1,0.6584938704028022,0.9687600322061186
2024,05,ESP.6.1.7.51_1,0.649737302977233,0.9661449166662318
2024,05,ESP.6.1.7.52_1,0.6479859894921192,0.9656086163658648
2024,05,ESP.6.1.7.6_1,0.6252189141856392,0.9582296175760798
2024,05,ESP.6.1.7.7_1,0.712784588441331,0.9825497442877892
2024,05,ESP.6.1.7.8_1,0.7232924693520141,0.9847456524402634
2024,05,ESP.6.1.7.9_1,0.7110332749562173,0.9821690282227392
2024,05,ESP.6.1.8.1_1,0.5288966725043783,0.918250510481753
2024,05,ESP.6.1.8.10_1,0.5849387040280211,0.9432793859721519
2024,05,ESP.6.1.8.11_1,0.5236427320490368,0.9156396671180208
2024,05,ESP.6.1.8.12_1,0.6444833625218914,0.9645226798784983
2024,05,ESP.6.1.8.13_1,0.5061295971978984,0.9065958305661901
2024,05,ESP.6.1.8.14_1,0.5586690017513135,0.9321780945720619
2024,05,ESP.6.1.8.15_1,0.628721541155867,0.9594144047282176
2024,05,ESP.6.1.8.16_1,0.5726795096322242,0.9382345122622595
2024,05,ESP.6.1.8.17_1,0.5901926444833626,0.9453697689264238
2024,05,ESP.6.1.8.18_1,0.6024518388791593,0.9500821017154254
2024,05,ESP.6.1.8.19_1,0.5674255691768827,0.936
2024,05,ESP.6.1.8.2_1,0.5096322241681261,0.9084470265238365
2024,05,ESP.6.1.8.20_1,0.6164623467600701,0.955187939622355
2024,05,ESP.6.1.8.21_1,0.5901926444833626,0.9453697689264238
2024,05,ESP.6.1.8.22_1,0.6007005253940456,0.9494229826584145
2024,05,ESP.6.1.8.23_1,0.5726795096322242,0.9382345122622595
2024,05,ESP.6.1.8.24_1,0.5078809106830122,0.9075241043630743
2024,05,ESP.6.1.8.25_1,0.6007005253940456,0.9494229826584145
2024,05,ESP.6.1.8.26_1,0.5481611208406305,0.9274287034591931
2024,05,ESP.6.1.8.27_1,0.5166374781085814,0.9120855223058855
2024,05,ESP.6.1.8.28_1,0.5656742556917689,0.9352454223357631
2024,05,ESP.6.1.8.29_1,0.5761821366024519,0.939699952112375
2024,05,ESP.6.1.8.3_1,0.5901926444833626,0.9453697689264238
2024,05,ESP.6.1.8.4_1,0.6567425569176883,0.9682458365518543
2024,05,ESP.6.1.8.5_1,0.5709281961471104,0.9374945333173949
2024,05,ESP.6.1.8.6_1,0.5901926444833626,0.9453697689264238
2024,05,ESP.6.1.8.7_1,0.5674255691768827,0.936
2024,05,ESP.6.1.8.8_1,0.5131348511383538,0.9102768809543611
2024,05,ESP.6.1.8.9_1,0.5586690017513135,0.9321780945720619
2024,05,ESP.6.1.9.1_1,0.597197898423818,0.9480907129594721
2024,05,ESP.6.1.9.10_1,0.6199649737302978,0.9564183185196736
2024,05,ESP.6.1.9.11_1,0.6444833625218914,0.9645226798784983
2024,05,ESP.6.1.9.12_1,0.532399299474606,0.9199652167337633
2024,05,ESP.6.1.9.13_1,0.5919439579684764,0.946057080730333
2024,05,ESP.6.1.9.14_1,0.6549912434325745,0.9677272342969376
2024,05,ESP.6.1.9.15_1,0.6619964973730298,0.9697752316903129
2024,05,ESP.6.1.9.16_1,0.6164623467600701,0.955187939622355
2024,05,ESP.6.1.9.17_1,0.6304728546409808,0.96
2024,05,ESP.6.1.9.18_1,0.586690017513135,0.9439809320108113
2024,05,ESP.6.1.9.19_1,0.6444833625218914,0.9645226798784983
2024,05,ESP.6.1.9.2_1,0.5954465849387042,0.9474175425861608
2024,05,ESP.6.1.9.20_1,0.5796847635726796,0.9411461098044235
2024,05,ESP.6.1.9.21_1,0.6164623467600701,0.955187939622355
2024,05,ESP.6.1.9.22_1,0.6129597197898424,0.9539392014169457
2024,05,ESP.6.1.9.23_1,0.5604203152364273,0.9329523031752481
2024,05,ESP.6.1.9.24_1,0.5779334500875658,0.9404254356406998
2024,05,ESP.6.1.9.25_1,0.5586690017513135,0.9321780945720619
2024,05,ESP.6.1.9.26_1,0.5954465849387042,0.9474175425861608
2024,05,ESP.6.1.9.27_1,0.6322241681260946,0.9605810741421048
2024,05,ESP.6.1.9.28_1,0.628721541155867,0.9594144047282176
2024,05,ESP.6.1.9.29_1,0.6164623467600701,0.955187939622355
2024,05,ESP.6.1.9.3_1,0.6007005253940456,0.9494229826584145
2024,05,ESP.6.1.9.30_1,0.6129597197898424,0.9539392014169457
2024,05,ESP.6.1.9.4_1,0.6654991243432575,0.9707728879609279
2024,05,ESP.6.1.9.5_1,0.5481611208406305,0.9274287034591931
2024,05,ESP.6.1.9.6_1,0.6234676007005254,0.9576304088739037
2024,05,ESP.6.1.9.7_1,0.6094570928196147,0.9526720317087093
2024,05,ESP.6.1.9.8_1,0.6007005253940456,0.9494229826584145
2024,05,ESP.6.1.9.9_1,0.6147110332749562,0.954565869911553
2024,05,ESP.6.2.1.1_1,0.5726795096322242,0.9382345122622595
2024,05,ESP.6.2.1.10_1,0.5849387040280211,0.9432793859721519
2024,05,ESP.6.2.1.11_1,0.5709281961471104,0.9374945333173949
2024,05,ESP.6.2.1.2_1,0.5639229422066551,0.9344859549506349
2024,05,ESP.6.2.1.3_1,0.5674255691768827,0.936
2024,05,ESP.6.2.1.4_1,0.6077057793345009,0.9520315120835025
2024,05,ESP.6.2.1.5_1,0.5288966725043783,0.918250510481753
2024,05,ESP.6.2.1.6_1,0.5359019264448337,0.9216593730874764
2024,05,ESP.6.2.1.7_1,0.5604203152364273,0.9329523031752481
2024,05,ESP.6.2.1.8_1,0.542907180385289,0.9249864863877743
2024,05,ESP.6.2.1.9_1,0.5306479859894921,0.9191104395011516
2024,05,ESP.6.2.2.1_1,0.6304728546409808,0.96
2024,05,ESP.6.2.2.10_1,0.6164623467600701,0.955187939622355
2024,05,ESP.6.2.2.11_1,0.5726795096322242,0.9382345122622595
2024,05,ESP.6.2.2.12_1,0.5901926444833626,0.9453697689264238
2024,05,ESP.6.2.2.13_1,0.63922942206655,0.9628603221651623
2024,05,ESP.6.2.2.14_1,0.5744308231173381,0.9389696480717574
2024,05,ESP.6.2.2.15_1,0.6479859894921192,0.9656086163658648
2024,05,ESP.6.2.2.16_1,0.5446584938704029,0.9258055951440345
2024,05,ESP.6.2.2.17_1,0.5446584938704029,0.9258055951440345
2024,05,ESP.6.2.2.18_1,0.6304728546409808,0.96
2024,05,ESP.6.2.2.19_1,0.6462346760070053,0.965067873260736
2024,05,ESP.6.2.2.2_1,0.5831873905429072,0.9425730740902798
2024,05,ESP.6.2.2.20_1,0.5884413309982488,0.9446777228240327
2024,05,ESP.6.2.2.3_1,0.62697022767075306,0.9588242800430119
2024,05,ESP.6.2.2.4_1,0.5901926444833626,0.9453697689264238
2024,05,ESP.6.2.2.5_1,0.6409807355516638,0.9634189120003821
2024,05,ESP.6.2.2.6_1,0.6077057793345009,0.9520315120835025
2024,05,ESP.6.2.2.7_1,0.6007005253940456,0.9494229826584145
2024,05,ESP.6.2.2.8_1,0.586690017513135,0.9439809320108113
2024,05,ESP.6.2.2.9_1,0.5569176882661997,0.931398947819891
2024,05,ESP.6.2.3.1_1,0.7005253940455343,0.9797958971132712
2024,05,ESP.6.2.3.10_1,0.6444833625218914,0.9645226798784983
2024,05,ESP.6.2.3.11_1,0.6795096322241682,0.9745891442038537
2024,05,ESP.6.2.3.12_1,0.6952714535901927,0.97855199146494
2024,05,ESP.6.2.3.13_1,0.6882661996497373,0.976833660353696
2024,05,ESP.6.2.3.14_1,0.649737302977233,0.9661449166662318
2024,05,ESP.6.2.3.15_1,0.7022767075306481,0.9802020199938377
2024,05,ESP.6.2.3.16_1,0.7092819614711035,0.9817840903172144
2024,05,ESP.6.2.3.17_1,0.6900175131348513,0.9772696659571503
2024,05,ESP.6.2.3.18_1,0.649737302977233,0.9661449166662318
2024,05,ESP.6.2.3.19_1,0.6760070052539405,0.9736611320166786
2024,05,ESP.6.2.3.2_1,0.6847635726795097,0.9759487691472335
2024,05,ESP.6.2.3.20_1,0.6970227670753065,0.9789708882290628
2024,05,ESP.6.2.3.21_1,0.6742556917688267,0.9731906288081488
2024,05,ESP.6.2.3.3_1,0.6830122591943959,0.9754998718605759
2024,05,ESP.6.2.3.4_1,0.7110332749562173,0.9821690282227392
2024,05,ESP.6.2.3.5_1,0.6830122591943959,0.9754998718605759
2024,05,ESP.6.2.3.6_1,0.6549912434325745,0.9677272342969376
2024,05,ESP.6.2.3.7_1,0.7145359019264449,0.9829262434180909
2024,05,ESP.6.2.3.8_1,0.6795096322241682,0.9745891442038537
2024,05,ESP.6.2.3.9_1,0.6882661996497373,0.976833660353696
2024,05,ESP.6.2.4.1_1,0.6830122591943959,0.9754998718605759
2024,05,ESP.6.2.4.10_1,0.6584938704028022,0.9687600322061186
2024,05,ESP.6.2.4.11_1,0.6952714535901927,0.97855199146494
2024,05,ESP.6.2.4.12_1,0.7338003502626971,0.986790757962396
2024,05,ESP.6.2.4.13_1,0.7145359019264449,0.9829262434180909
2024,05,ESP.6.2.4.14_1,0.6549912434325745,0.9677272342969376
2024,05,ESP.6.2.4.15_1,0.6865148861646235,0.9763933633531108
2024,05,ESP.6.2.4.16_1,0.6777583187390543,0.9741273017424364
2024,05,ESP.6.2.4.17_1,0.7022767075306481,0.9802020199938377
2024,05,ESP.6.2.4.18_1,0.5901926444833626,0.9453697689264238
2024,05,ESP.6.2.4.19_1,0.6479859894921192,0.9656086163658648
2024,05,ESP.6.2.4.2_1,0.6795096322241682,0.9745891442038537
2024,05,ESP.6.2.4.20_1,0.6917688266199651,0.9777013859047148
2024,05,ESP.6.2.4.21_1,0.6812609457092821,0.975046665549911
2024,05,ESP.6.2.4.22_1,0.6970227670753065,0.9789708882290628
2024,05,ESP.6.2.4.23_1,0.7197898423817863,0.9840304873325826
2024,05,ESP.6.2.4.24_1,0.6777583187390543,0.9741273017424364
2024,05,ESP.6.2.4.25_1,0.6462346760070053,0.965067873260736
2024,05,ESP.6.2.4.26_1,0.6725043782837129,0.9727157858285225
2024,05,ESP.6.2.4.27_1,0.7005253940455343,0.9797958971132712
2024,05,ESP.6.2.4.28_1,0.6427320490367776,0.9639730286683336
2024,05,ESP.6.2.4.29_1,0.7057793345008757,0.9810015290507961
2024,05,ESP.6.2.4.3_1,0.6882661996497373,0.976833660353696
2024,05,ESP.6.2.4.30_1,0.6812609457092821,0.975046665549911
2024,05,ESP.6.2.4.31_1,0.6935201401050789,0.9781288258711119
2024,05,ESP.6.2.4.32_1,0.649737302977233,0.9661449166662318
2024,05,ESP.6.2.4.33_1,0.6952714535901927,0.97855199146494
2024,05,ESP.6.2.4.34_1,0.6830122591943959,0.9754998718605759
2024,05,ESP.6.2.4.35_1,0.7075306479859896,0.9813949256033475
2024,05,ESP.6.2.4.36_1,0.6917688266199651,0.9777013859047148
2024,05,ESP.6.2.4.37_1,0.6462346760070053,0.965067873260736
2024,05,ESP.6.2.4.38_1,0.6900175131348513,0.9772696659571503
2024,05,ESP.6.2.4.4_1,0.6567425569176883,0.9682458365518543
2024,05,ESP.6.2.4.5_1,0.6935201401050789,0.9781288258711119
2024,05,ESP.6.2.4.6_1,0.7110332749562173,0.9821690282227392
2024,05,ESP.6.2.4.7_1,0.7162872154115587,0.9832985304575615
2024,05,ESP.6.2.4.8_1,0.6917688266199651,0.9777013859047148
2024,05,ESP.6.2.4.9_1,0.6970227670753065,0.9789708882290628
2024,05,ESP.6.2.5.1_1,0.6970227670753065,0.9789708882290628
2024,05,ESP.6.2.5.10_1,0.6847635726795097,0.9759487691472335
2024,05,ESP.6.2.5.11_1,0.6690017513134852,0.9717530550505102
2024,05,ESP.6.2.5.12_1,0.6742556917688267,0.9731906288081488
2024,05,ESP.6.2.5.13_1,0.6760070052539405,0.9736611320166786
2024,05,ESP.6.2.5.14_1,0.6567425569176883,0.9682458365518543
2024,05,ESP.6.2.5.15_1,0.6024518388791593,0.9500821017154254
2024,05,ESP.6.2.5.16_1,0.6252189141856392,0.9582296175760798
2024,05,ESP.6.2.5.17_1,0.649737302977233,0.9661449166662318
2024,05,ESP.6.2.5.18_1,0.6917688266199651,0.9777013859047148
2024,05,ESP.6.2.5.19_1,0.5989492119089318,0.9487591896788141
2024,05,ESP.6.2.5.2_1,0.7005253940455343,0.9797958971132712
2024,05,ESP.6.2.5.20_1,0.6444833625218914,0.9645226798784983
2024,05,ESP.6.2.5.21_1,0.6619964973730298,0.9697752316903129
2024,05,ESP.6.2.5.22_1,0.6882661996497373,0.976833660353696
2024,05,ESP.6.2.5.23_1,0.6619964973730298,0.9697752316903129
2024,05,ESP.6.2.5.24_1,0.6690017513134852,0.9717530550505102
2024,05,ESP.6.2.5.25_1,0.6865148861646235,0.9763933633531108
2024,05,ESP.6.2.5.26_1,0.5814360770577934,0.9418619856433319
2024,05,ESP.6.2.5.27_1,0.7145359019264449,0.9829262434180909
2024,05,ESP.6.2.5.28_1,0.6654991243432575,0.9707728879609279
2024,05,ESP.6.2.5.29_1,0.6409807355516638,0.9634189120003821
2024,05,ESP.6.2.5.3_1,0.7110332749562173,0.9821690282227392
2024,05,ESP.6.2.5.30_1,0.712784588441331,0.9825497442877892
2024,05,ESP.6.2.5.31_1,0.6549912434325745,0.9677272342969376
2024,05,ESP.6.2.5.32_1,0.63922942206655,0.9628603221651623
2024,05,ESP.6.2.5.33_1,0.6725043782837129,0.9727157858285225
2024,05,ESP.6.2.5.34_1,0.6444833625218914,0.9645226798784983
2024,05,ESP.6.2.5.35_1,0.7092819614711035,0.9817840903172144
2024,05,ESP.6.2.5.36_1,0.6479859894921192,0.9656086163658648
2024,05,ESP.6.2.5.37_1,0.7495621716287216,0.9895776877031939
2024,05,ESP.6.2.5.38_1,0.6672504378283713,0.9712651543219287
2024,05,ESP.6.2.5.39_1,0.6357267950963222,0.9617296917533533
2024,05,ESP.6.2.5.4_1,0.6777583187390543,0.9741273017424364
2024,05,ESP.6.2.5.40_1,0.6760070052539405,0.9736611320166786
2024,05,ESP.6.2.5.41_1,0.6654991243432575,0.9707728879609279
2024,05,ESP.6.2.5.42_1,0.6584938704028022,0.9687600322061186
2024,05,ESP.6.2.5.43_1,0.6777583187390543,0.9741273017424364
2024,05,ESP.6.2.5.44_1,0.6532399299474606,0.9672042183530839
2024,05,ESP.6.2.5.45_1,0.6514886164623468,0.9666767815562759
2024,05,ESP.6.2.5.46_1,0.6847635726795097,0.9759487691472335
2024,05,ESP.6.2.5.47_1,0.6935201401050789,0.9781288258711119
2024,05,ESP.6.2.5.48_1,0.6252189141856392,0.9582296175760798
2024,05,ESP.6.2.5.49_1,0.6777583187390543,0.9741273017424364
2024,05,ESP.6.2.5.5_1,0.6532399299474606,0.9672042183530839
2024,05,ESP.6.2.5.50_1,0.6917688266199651,0.9777013859047148
2024,05,ESP.6.2.5.51_1,0.7005253940455343,0.9797958971132712
2024,05,ESP.6.2.5.52_1,0.6830122591943959,0.9754998718605759
2024,05,ESP.6.2.5.53_1,0.6760070052539405,0.9736611320166786
2024,05,ESP.6.2.5.54_1,0.6865148861646235,0.9763933633531108
2024,05,ESP.6.2.5.55_1,0.7022767075306481,0.9802020199938377
2024,05,ESP.6.2.5.56_1,0.7162872154115587,0.9832985304575615
2024,05,ESP.6.2.5.57_1,0.6777583187390543,0.9741273017424364
2024,05,ESP.6.2.5.58_1,0.7338003502626971,0.986790757962396
2024,05,ESP.6.2.5.59_1,0.6549912434325745,0.9677272342969376
2024,05,ESP.6.2.5.6_1,0.6549912434325745,0.9677272342969376
2024,05,ESP.6.2.5.60_1,0.7110332749562173,0.9821690282227392
2024,05,ESP.6.2.5.61_1,0.6987740805604205,0.9793855216409929
2024,05,ESP.6.2.5.62_1,0.6760070052539405,0.9736611320166786
2024,05,ESP.6.2.5.63_1,0.7092819614711035,0.9817840903172144
2024,05,ESP.6.2.5.64_1,0.6952714535901927,0.97855199146494
2024,05,ESP.6.2.5.65_1,0.6532399299474606,0.9672042183530839
2024,05,ESP.6.2.5.66_1,0.6479859894921192,0.9656086163658648
2024,05,ESP.6.2.5.67_1,0.6637478108581437,0.970276249322841
2024,05,ESP.6.2.5.7_1,0.63922942206655,0.9628603221651623
2024,05,ESP.6.2.5.8_1,0.6374781085814362,0.962297251372984
2024,05,ESP.6.2.5.9_1,0.6900175131348513,0.9772696659571503
2024,05,ESP.6.2.6.1_1,0.7005253940455343,0.9797958971132712
2024,05,ESP.6.2.6.10_1,0.6882661996497373,0.976833660353696
2024,05,ESP.6.2.6.11_1,0.6532399299474606,0.9672042183530839
2024,05,ESP.6.2.6.12_1,0.6882661996497373,0.976833660353696
2024,05,ESP.6.2.6.13_1,0.6812609457092821,0.975046665549911
2024,05,ESP.6.2.6.14_1,0.7022767075306481,0.9802020199938377
2024,05,ESP.6.2.6.15_1,0.6672504378283713,0.9712651543219287
2024,05,ESP.6.2.6.16_1,0.712784588441331,0.9825497442877892
2024,05,ESP.6.2.6.17_1,0.6847635726795097,0.9759487691472335
2024,05,ESP.6.2.6.18_1,0.6795096322241682,0.9745891442038537
2024,05,ESP.6.2.6.19_1,0.6847635726795097,0.9759487691472335
2024,05,ESP.6.2.6.2_1,0.7110332749562173,0.9821690282227392
2024,05,ESP.6.2.6.20_1,0.6690017513134852,0.9717530550505102
2024,05,ESP.6.2.6.21_1,0.6917688266199651,0.9777013859047148
2024,05,ESP.6.2.6.22_1,0.6777583187390543,0.9741273017424364
2024,05,ESP.6.2.6.23_1,0.6812609457092821,0.975046665549911
2024,05,ESP.6.2.6.24_1,0.6725043782837129,0.9727157858285225
2024,05,ESP.6.2.6.25_1,0.6619964973730298,0.9697752316903129
2024,05,ESP.6.2.6.26_1,0.6427320490367776,0.9639730286683336
2024,05,ESP.6.2.6.27_1,0.6917688266199651,0.9777013859047148
2024,05,ESP.6.2.6.3_1,0.6584938704028022,0.9687600322061186
2024,05,ESP.6.2.6.4_1,0.7162872154115587,0.9832985304575615
2024,05,ESP.6.2.6.5_1,0.7285464098073555,0.9857869952479592
2024,05,ESP.6.2.6.6_1,0.7057793345008757,0.9810015290507961
2024,05,ESP.6.2.6.7_1,0.649737302977233,0.9661449166662318
2024,05,ESP.6.2.6.8_1,0.7022767075306481,0.9802020199938377
2024,05,ESP.6.2.6.9_1,0.7267950963222417,0.9854440623394105
2024,05,ESP.6.2.7.1_1,0.7040280210157619,0.9806038955664005
2024,05,ESP.6.2.7.10_1,0.7460595446584939,0.9889873608899156
2024,05,ESP.6.2.7.11_1,0.7232924693520141,0.9847456524402634
2024,05,ESP.6.2.7.12_1,0.7215411558669002,0.9843901665498289
2024,05,ESP.6.2.7.13_1,0.6847635726795097,0.9759487691472335
2024,05,ESP.6.2.7.14_1,0.7162872154115587,0.9832985304575615
2024,05,ESP.6.2.7.15_1,0.6549912434325745,0.9677272342969376
2024,05,ESP.6.2.7.16_1,0.6830122591943959,0.9754998718605759
2024,05,ESP.6.2.7.17_1,0.6987740805604205,0.9793855216409929
2024,05,ESP.6.2.7.18_1,0.7338003502626971,0.986790757962396
2024,05,ESP.6.2.7.19_1,0.6917688266199651,0.9777013859047148
2024,05,ESP.6.2.7.2_1,0.7373029772329247,0.987439112046915
2024,05,ESP.6.2.7.20_1,0.7338003502626971,0.986790757962396
2024,05,ESP.6.2.7.21_1,0.7513134851138354,0.9898666576867816
2024,05,ESP.6.2.7.22_1,0.7162872154115587,0.9832985304575615
2024,05,ESP.6.2.7.23_1,0.7530647985989493,0.990151503558925
2024,05,ESP.6.2.7.24_1,0.670753064798599,0.9722365967191319
2024,05,ESP.6.2.7.25_1,0.7075306479859896,0.9813949256033475
2024,05,ESP.6.2.7.26_1,0.7197898423817863,0.9840304873325826
2024,05,ESP.6.2.7.27_1,0.649737302977233,0.9661449166662318
2024,05,ESP.6.2.7.28_1,0.6812609457092821,0.975046665549911
2024,05,ESP.6.2.7.29_1,0.7267950963222417,0.9854440623394105
2024,05,ESP.6.2.7.3_1,0.712784588441331,0.9825497442877892
2024,05,ESP.6.2.7.30_1,0.7302977232924693,0.9861257526299574
2024,05,ESP.6.2.7.31_1,0.7705779334500876,0.9927738916792685
2024,05,ESP.6.2.7.32_1,0.7110332749562173,0.9821690282227392
2024,05,ESP.6.2.7.33_1,0.712784588441331,0.9825497442877892
2024,05,ESP.6.2.7.34_1,0.6654991243432575,0.9707728879609279
2024,05,ESP.6.2.7.35_1,0.7810858143607706,0.9941508939793798
2024,05,ESP.6.2.7.36_1,0.7215411558669002,0.9843901665498289
2024,05,ESP.6.2.7.37_1,0.7145359019264449,0.9829262434180909
2024,05,ESP.6.2.7.38_1,0.7005253940455343,0.9797958971132712
2024,05,ESP.6.2.7.4_1,0.7513134851138354,0.9898666576867816
2024,05,ESP.6.2.7.5_1,0.6987740805604205,0.9793855216409929
2024,05,ESP.6.2.7.6_1,0.7110332749562173,0.9821690282227392
2024,05,ESP.6.2.7.7_1,0.7092819614711035,0.9817840903172144
2024,05,ESP.6.2.7.8_1,0.6882661996497373,0.976833660353696
2024,05,ESP.6.2.7.9_1,0.6865148861646235,0.9763933633531108
2024,05,ESP.6.2.8.1_1,0.63922942206655,0.9628603221651623
2024,05,ESP.6.3.1.1_1,0.6182136602451839,0.9558054195284729
2024,05,ESP.6.3.1.2_1,0.63922942206655,0.9628603221651623
2024,05,ESP.6.3.1.3_1,0.6182136602451839,0.9558054195284729
2024,05,ESP.6.3.1.4_1,0.5744308231173381,0.9389696480717574
2024,05,ESP.6.3.1.6_1,0.6077057793345009,0.9520315120835025
2024,05,ESP.6.3.1.7_1,0.5726795096322242,0.9382345122622595
2024,05,ESP.6.3.1.8_1,0.6427320490367776,0.9639730286683336
2024,05,ESP.6.3.10.1_1,0.37653239929947463,0.8216446920658589
2024,05,ESP.6.3.10.10_1,0.40980735551663755,0.84674435339127
2024,05,ESP.6.3.10.12_1,0.36252189141856395,0.8103110513870584
2024,05,ESP.6.3.10.13_1,0.37302977232924694,0.8188552985723424
2024,05,ESP.6.3.10.14_1,0.37828371278458844,0.8230285535751478
2024,05,ESP.6.3.10.15_1,0.38178633975481613,0.8257747876994065
2024,05,ESP.6.3.10.17_1,0.3607705779334501,0.8088609274776474
2024,05,ESP.6.3.10.18_1,0.3397548161120841,0.7908577621797739
2024,05,ESP.6.3.10.19_1,0.34676007005253945,0.7969843160313759
2024,05,ESP.6.3.10.2_1,0.36602451838879163,0.8131887849693945
2024,05,ESP.6.3.10.22_1,0.36777583187390545,0.814616474176652
2024,05,ESP.6.3.10.23_1,0.3292469352014011,0.781424340547439
2024,05,ESP.6.3.10.24_1,0.3887915936952715,0.8311822904754408
2024,05,ESP.6.3.10.25_1,0.4133099824868652,0.84924437001372
2024,05,ESP.6.3.10.26_1,0.38353765323993,0.8271372316611071
2024,05,ESP.6.3.10.28_1,0.34325744308231176,0.7939370252104382
2024,05,ESP.6.3.10.3_1,0.3204903677758319,0.7733330459769581
2024,05,ESP.6.3.10.4_1,0.37828371278458844,0.8230285535751478
2024,05,ESP.6.3.10.5_1,0.3852889667250438,0.8284926070883192
2024,05,ESP.6.3.10.6_1,0.37302977232924694,0.8188552985723424
2024,05,ESP.6.3.10.7_1,0.3905429071803853,0.8325166664998365
2024,05,ESP.6.3.10.8_1,0.38704028021015763,0.8298409486160585
2024,05,ESP.6.3.10.9_1,0.35201401050788095,0.8014961010510282
2024,05,ESP.6.3.11.1_1,0.586690017513135,0.9439809320108113
2024,05,ESP.6.3.12.1_1,0.6304728546409808,0.96
2024,05,ESP.6.3.2.12_1,0.45534150612959723,0.8772684879784524
2024,05,ESP.6.3.2.15_1,0.4133099824868652,0.84924437001372
2024,05,ESP.6.3.2.17_1,0.40980735551663755,0.84674435339127
2024,05,ESP.6.3.2.2_1,0.39579684763572687,0.8364783320564855
2024,05,ESP.6.3.2.20_1,0.47460595446584947,0.8889521921903337
2024,05,ESP.6.3.2.22_1,0.4133099824868652,0.84924437001372
2024,05,ESP.6.3.2.23_1,0.4028021015761822,0.8416650165000324
2024,05,ESP.6.3.2.25_1,0.4080560420315237,0.8454844764985339
2024,05,ESP.6.3.2.26_1,0.36777583187390545,0.814616474176652
2024,05,ESP.6.3.2.3_1,0.3852889667250438,0.8284926070883192
2024,05,ESP.6.3.2.30_1,0.4168126094570928,0.8517182632772413
2024,05,ESP.6.3.2.32_1,0.4203152364273205,0.8541662601625049
2024,05,ESP.6.3.2.4_1,0.4483362521891419,0.8728436286070947
2024,05,ESP.6.3.2.5_1,0.36427320490367776,0.8117536572138127
2024,05,ESP.6.3.2.6_1,0.3992994746059545,0.8390852161729463
2024,05,ESP.6.3.2.7_1,0.40980735551663755,0.84674435339127
2024,05,ESP.6.3.3.1_1,0.5359019264448337,0.9216593730874764
2024,05,ESP.6.3.3.13_1,0.6077057793345009,0.9520315120835025
2024,05,ESP.6.3.3.2_1,0.5796847635726796,0.9411461098044235
2024,05,ESP.6.3.3.22_1,0.5586690017513135,0.9321780945720619
2024,05,ESP.6.3.3.4_1,0.532399299474606,0.9199652167337633
2024,05,ESP.6.3.4.10_1,0.47985989492119097,0.8920179370393849
2024,05,ESP.6.3.4.11_1,0.5043782837127846,0.905662188677434
2024,05,ESP.6.3.4.16_1,0.5341506129597198,0.920814856526544
2024,05,ESP.6.3.4.17_1,0.5096322241681261,0.9084470265238365
2024,05,ESP.6.3.4.20_1,0.51138353765324,0.909364613342745
2024,05,ESP.6.3.4.23_1,0.5043782837127846,0.905662188677434
2024,05,ESP.6.3.4.3_1,0.5131348511383538,0.9102768809543611
2024,05,ESP.6.3.5.11_1,0.532399299474606,0.9199652167337633
2024,05,ESP.6.3.5.5_1,0.5306479859894921,0.9191104395011516
2024,05,ESP.6.3.5.9_1,0.5183887915936953,0.9129819275319747
2024,05,ESP.6.3.6.15_1,0.6339754816112084,0.9611576353543679
2024,05,ESP.6.3.6.16_1,0.5744308231173381,0.9389696480717574
2024,05,ESP.6.3.6.18_1,0.5901926444833626,0.9453697689264238
2024,05,ESP.6.3.6.3_1,0.5919439579684764,0.946057080730333
2024,05,ESP.6.3.6.4_1,0.5901926444833626,0.9453697689264238
2024,05,ESP.6.3.6.6_1,0.597197898423818,0.9480907129594721
2024,05,ESP.6.3.6.9_1,0.5166374781085814,0.9120855223058855
2024,05,ESP.6.3.7.1_1,0.47810858143607715,0.8910016835000931
2024,05,ESP.6.3.7.14_1,0.43957968476357273,0.867177029216065
2024,05,ESP.6.3.7.21_1,0.4115586690017513,0.8479976415061541
2024,05,ESP.6.3.7.6_1,0.3852889667250438,0.8284926070883192
2024,05,ESP.6.3.8.26_1,0.4430823117338004,0.8694619025581282
2024,05,ESP.6.3.8.28_1,0.3905429071803853,0.8325166664998365
2024,05,ESP.6.3.8.4_1,0.35551663747810863,0.8044650396381436
2024,05,ESP.6.3.9.10_1,0.4623467600700526,0.8815985480931783
2024,05,ESP.6.3.9.12_1,0.5481611208406305,0.9274287034591931
2024,05,ESP.6.3.9.16_1,0.5534150612959721,0.9298257901349047
2024,05,ESP.6.3.9.20_1,0.5026269702276708,0.9047231620777706
2024,05,ESP.6.3.9.22_1,0.5131348511383538,0.9102768809543611
2024,05,ESP.6.3.9.26_1,0.5043782837127846,0.905662188677434
2024,05,ESP.6.3.9.28_1,0.6112084063047285,0.9533079250693346
2024,05,ESP.6.3.9.3_1,0.5131348511383538,0.9102768809543611
2024,05,ESP.6.3.9.30_1,0.44483362521891423,0.8705951987002916
2024,05,ESP.6.3.9.4_1,0.4483362521891419,0.8728436286070947
2024,05,ESP.6.3.9.5_1,0.44483362521891423,0.8705951987002916
2024,05,ESP.6.3.9.7_1,0.5691768826619966,0.9367496997597597
2024,05,ESP.6.4.1.1_1,0.5411558669001751,0.9241623234042816
2024,05,ESP.6.4.1.10_1,0.4763572679509633,0.8899797750510963
2024,05,ESP.6.4.1.2_1,0.48336252189141865,0.8940335564172074
2024,05,ESP.6.4.1.3_1,0.5061295971978984,0.9065958305661901
2024,05,ESP.6.4.1.4_1,0.5271453590192645,0.9173854151881858
2024,05,ESP.6.4.1.5_1,0.5096322241681261,0.9084470265238365
2024,05,ESP.6.4.1.6_1,0.5831873905429072,0.9425730740902798
2024,05,ESP.6.4.1.7_1,0.5201401050788091,0.9138730765264944
2024,05,ESP.6.4.1.8_1,0.5586690017513135,0.9321780945720619
2024,05,ESP.6.4.1.9_1,0.542907180385289,0.9249864863877743
2024,05,ESP.6.4.2.1_1,0.521891418563923,0.9147589846511485
2024,05,ESP.6.4.2.10_1,0.5394045534150613,0.923333092659415
2024,05,ESP.6.4.2.11_1,0.6217162872154116,0.9570266453970862
2024,05,ESP.6.4.2.12_1,0.5709281961471104,0.9374945333173949
2024,05,ESP.6.4.2.13_1,0.6094570928196147,0.9526720317087093
2024,05,ESP.6.4.2.14_1,0.532399299474606,0.9199652167337633
2024,05,ESP.6.4.2.15_1,0.586690017513135,0.9439809320108113
2024,05,ESP.6.4.2.16_1,0.5831873905429072,0.9425730740902798
2024,05,ESP.6.4.2.2_1,0.586690017513135,0.9439809320108113
2024,05,ESP.6.4.2.3_1,0.5726795096322242,0.9382345122622595
2024,05,ESP.6.4.2.4_1,0.62697022767075306,0.9588242800430119
2024,05,ESP.6.4.2.5_1,0.5901926444833626,0.9453697689264238
2024,05,ESP.6.4.2.6_1,0.6147110332749562,0.954565869911553
2024,05,ESP.6.4.2.7_1,0.5604203152364273,0.9329523031752481
2024,05,ESP.6.4.2.8_1,0.5831873905429072,0.9425730740902798
2024,05,ESP.6.4.2.9_1,0.5306479859894921,0.9191104395011516
2024,05,ESP.6.4.3.1_1,0.5131348511383538,0.9102768809543611
2024,05,ESP.6.4.3.10_1,0.47810858143607715,0.8910016835000931
2024,05,ESP.6.4.3.11_1,0.5061295971978984,0.9065958305661901
2024,05,ESP.6.4.3.12_1,0.5271453590192645,0.9173854151881858
2024,05,ESP.6.4.3.13_1,0.4570928196147111,0.8783598351473045
2024,05,ESP.6.4.3.14_1,0.5306479859894921,0.9191104395011516
2024,05,ESP.6.4.3.15_1,0.500875656742557,0.9037787339830473
2024,05,ESP.6.4.3.16_1,0.5096322241681261,0.9084470265238365
2024,05,ESP.6.4.3.17_1,0.5288966725043783,0.918250510481753
2024,05,ESP.6.4.3.18_1,0.5131348511383538,0.9102768809543611
2024,05,ESP.6.4.3.19_1,0.5183887915936953,0.9129819275319747
2024,05,ESP.6.4.3.2_1,0.415061295971979,0.8504845677612263
2024,05,ESP.6.4.3.20_1,0.5061295971978984,0.9065958305661901
2024,05,ESP.6.4.3.21_1,0.5148861646234676,0.9111838453352868
2024,05,ESP.6.4.3.22_1,0.46935201401050797,0.885835199120017
2024,05,ESP.6.4.3.23_1,0.4763572679509633,0.8899797750510963
2024,05,ESP.6.4.3.24_1,0.4570928196147111,0.8783598351473045
2024,05,ESP.6.4.3.25_1,0.5061295971978984,0.9065958305661901
2024,05,ESP.6.4.3.26_1,0.4991243432574431,0.9028288874421332
2024,05,ESP.6.4.3.27_1,0.5744308231173381,0.9389696480717574
2024,05,ESP.6.4.3.28_1,0.48861646234676015,0.8970150500409678
2024,05,ESP.6.4.3.29_1,0.5586690017513135,0.9321780945720619
2024,05,ESP.6.4.3.3_1,0.4991243432574431,0.9028288874421332
2024,05,ESP.6.4.3.30_1,0.4290718038528897,0.8601744009211155
2024,05,ESP.6.4.3.31_1,0.521891418563923,0.9147589846511485
2024,05,ESP.6.4.3.32_1,0.5411558669001751,0.9241623234042816
2024,05,ESP.6.4.3.33_1,0.47985989492119097,0.8920179370393849
2024,05,ESP.6.4.3.34_1,0.42732049036777586,0.8589854480723175
2024,05,ESP.6.4.3.35_1,0.5148861646234676,0.9111838453352868
2024,05,ESP.6.4.3.36_1,0.43782837127845886,0.8660254037844386
2024,05,ESP.6.4.3.37_1,0.5166374781085814,0.9120855223058855
2024,05,ESP.6.4.3.38_1,0.47985989492119097,0.8920179370393849
2024,05,ESP.6.4.3.39_1,0.5376532399299475,0.9224987804869988
2024,05,ESP.6.4.3.4_1,0.45008756567425573,0.8739588090980032
2024,05,ESP.6.4.3.40_1,0.4763572679509633,0.8899797750510963
2024,05,ESP.6.4.3.41_1,0.51138353765324,0.909364613342745
2024,05,ESP.6.4.3.42_1,0.5359019264448337,0.9216593730874764
2024,05,ESP.6.4.3.43_1,0.5464098073555167,0.9266196630764966
2024,05,ESP.6.4.3.44_1,0.5464098073555167,0.9266196630764966
2024,05,ESP.6.4.3.45_1,0.5183887915936953,0.9129819275319747
2024,05,ESP.6.4.3.46_1,0.48861646234676015,0.8970150500409678
2024,05,ESP.6.4.3.47_1,0.48861646234676015,0.8970150500409678
2024,05,ESP.6.4.3.48_1,0.48686514886164634,0.8960267853139213
2024,05,ESP.6.4.3.49_1,0.5814360770577934,0.9418619856433319
2024,05,ESP.6.4.3.5_1,0.521891418563923,0.9147589846511485
2024,05,ESP.6.4.3.50_1,0.5604203152364273,0.9329523031752481
2024,05,ESP.6.4.3.51_1,0.5288966725043783,0.918250510481753
2024,05,ESP.6.4.3.52_1,0.5394045534150613,0.923333092659415
2024,05,ESP.6.4.3.53_1,0.5656742556917689,0.9352454223357631
2024,05,ESP.6.4.3.54_1,0.5026269702276708,0.9047231620777706
2024,05,ESP.6.4.3.55_1,0.4956217162872154,0.9009128703709366
2024,05,ESP.6.4.3.56_1,0.5394045534150613,0.923333092659415
2024,05,ESP.6.4.3.57_1,0.5586690017513135,0.9321780945720619
2024,05,ESP.6.4.3.58_1,0.5411558669001751,0.9241623234042816
2024,05,ESP.6.4.3.59_1,0.5201401050788091,0.9138730765264944
2024,05,ESP.6.4.3.6_1,0.4956217162872154,0.9009128703709366
2024,05,ESP.6.4.3.60_1,0.4973730297723292,0.9018736053350269
2024,05,ESP.6.4.3.61_1,0.4956217162872154,0.9009128703709366
2024,05,ESP.6.4.3.62_1,0.5026269702276708,0.9047231620777706
2024,05,ESP.6.4.3.63_1,0.4115586690017513,0.8479976415061541
2024,05,ESP.6.4.3.64_1,0.5288966725043783,0.918250510481753
2024,05,ESP.6.4.3.7_1,0.5464098073555167,0.9266196630764966
2024,05,ESP.6.4.3.8_1,0.542907180385289,0.9249864863877743
2024,05,ESP.6.4.3.9_1,0.5726795096322242,0.9382345122622595
2024,05,ESP.6.4.4.1_1,0.43957968476357273,0.867177029216065
2024,05,ESP.6.4.4.10_1,0.49211908931698783,0.8989749718429317
2024,05,ESP.6.4.4.11_1,0.4483362521891419,0.8728436286070947
2024,05,ESP.6.4.4.12_1,0.43607705779334505,0.8648676199280442
2024,05,ESP.6.4.4.13_1,0.3992994746059545,0.8390852161729463
2024,05,ESP.6.4.4.14_1,0.38353765323993,0.8271372316611071
2024,05,ESP.6.4.4.15_1,0.45008756567425573,0.8739588090980032
2024,05,ESP.6.4.4.16_1,0.4518388791593696,0.8750679973579196
2024,05,ESP.6.4.4.17_1,0.4115586690017513,0.8479976415061541
2024,05,ESP.6.4.4.18_1,0.5078809106830122,0.9075241043630743
2024,05,ESP.6.4.4.19_1,0.42556917688266205,0.8577901841359576
2024,05,ESP.6.4.4.2_1,0.4133099824868652,0.84924437001372
2024,05,ESP.6.4.4.20_1,0.43607705779334505,0.8648676199280442
2024,05,ESP.6.4.4.21_1,0.48511383537653247,0.8950329602869382
2024,05,ESP.6.4.4.22_1,0.43782837127845886,0.8660254037844386
2024,05,ESP.6.4.4.23_1,0.4728546409807356,0.8879189152169246
2024,05,ESP.6.4.4.24_1,0.43082311733800355,0.8613570688164114
2024,05,ESP.6.4.4.25_1,0.42556917688266205,0.8577901841359576
2024,05,ESP.6.4.4.26_1,0.4658493870402803,0.883728465084157
2024,05,ESP.6.4.4.27_1,0.3800350262697023,0.8244052401580184
2024,05,ESP.6.4.4.28_1,0.46935201401050797,0.885835199120017
2024,05,ESP.6.4.4.29_1,0.4080560420315237,0.8454844764985339
2024,05,ESP.6.4.4.3_1,0.43082311733800355,0.8613570688164114
2024,05,ESP.6.4.4.30_1,0.4185639229422067,0.8529454847761373
2024,05,ESP.6.4.4.4_1,0.44658493870402804,0.8717224328879003
2024,05,ESP.6.4.4.5_1,0.4658493870402803,0.883728465084157
2024,05,ESP.6.4.4.6_1,0.40980735551663755,0.84674435339127
2024,05,ESP.6.4.4.7_1,0.4570928196147111,0.8783598351473045
2024,05,ESP.6.4.4.8_1,0.44658493870402804,0.8717224328879003
2024,05,ESP.6.4.4.9_1,0.43257443082311736,0.8625334776111592
2024,05,ESP.6.4.5.1_1,0.42206654991243436,0.8553806170354809
2024,05,ESP.6.4.5.10_1,0.38178633975481613,0.8257747876994065
2024,05,ESP.6.4.5.11_1,0.5183887915936953,0.9129819275319747
2024,05,ESP.6.4.5.12_1,0.43257443082311736,0.8625334776111592
2024,05,ESP.6.4.5.2_1,0.40455341506129605,0.8429448380528823
2024,05,ESP.6.4.5.3_1,0.3905429071803853,0.8325166664998365
2024,05,ESP.6.4.5.4_1,0.42732049036777586,0.8589854480723175
2024,05,ESP.6.4.5.5_1,0.521891418563923,0.9147589846511485
2024,05,ESP.6.4.5.6_1,0.3887915936952715,0.8311822904754408
2024,05,ESP.6.4.5.7_1,0.4640980735551664,0.8826664149042944
2024,05,ESP.6.4.5.8_1,0.4483362521891419,0.8728436286070947
2024,05,ESP.6.4.5.9_1,0.43607705779334505,0.8648676199280442
2024,05,ESP.6.4.6.1_1,0.3992994746059545,0.8390852161729463
2024,05,ESP.6.4.6.10_1,0.35551663747810863,0.8044650396381436
2024,05,ESP.6.4.6.11_1,0.4080560420315237,0.8454844764985339
2024,05,ESP.6.4.6.12_1,0.3852889667250438,0.8284926070883192
2024,05,ESP.6.4.6.2_1,0.3905429071803853,0.8325166664998365
2024,05,ESP.6.4.6.3_1,0.4203152364273205,0.8541662601625049
2024,05,ESP.6.4.6.4_1,0.38353765323993,0.8271372316611071
2024,05,ESP.6.4.6.5_1,0.4430823117338004,0.8694619025581282
2024,05,ESP.6.4.6.6_1,0.38704028021015763,0.8298409486160585
2024,05,ESP.6.4.6.7_1,0.36427320490367776,0.8117536572138127
2024,05,ESP.6.4.6.8_1,0.40455341506129605,0.8429448380528823
2024,05,ESP.6.4.6.9_1,0.38704028021015763,0.8298409486160585
2024,05,ESP.6.4.7.1_1,0.5271453590192645,0.9173854151881858
2024,05,ESP.6.4.7.10_1,0.5201401050788091,0.9138730765264944
2024,05,ESP.6.4.7.11_1,0.5849387040280211,0.9432793859721519
2024,05,ESP.6.4.7.12_1,0.5306479859894921,0.9191104395011516
2024,05,ESP.6.4.7.13_1,0.5726795096322242,0.9382345122622595
2024,05,ESP.6.4.7.14_1,0.4711033274956218,0.8868799242287537
2024,05,ESP.6.4.7.15_1,0.3905429071803853,0.8325166664998365
2024,05,ESP.6.4.7.16_1,0.4588441330998249,0.8794452797076121
2024,05,ESP.6.4.7.17_1,0.5411558669001751,0.9241623234042816
2024,05,ESP.6.4.7.18_1,0.415061295971979,0.8504845677612263
2024,05,ESP.6.4.7.19_1,0.4676007005253941,0.8847847195787232
2024,05,ESP.6.4.7.2_1,0.43782837127845886,0.8660254037844386
2024,05,ESP.6.4.7.20_1,0.46935201401050797,0.885835199120017
2024,05,ESP.6.4.7.21_1,0.5674255691768827,0.936
2024,05,ESP.6.4.7.22_1,0.7005253940455343,0.9797958971132712
2024,05,ESP.6.4.7.23_1,0.5253940455341506,0.916515138991168
2024,05,ESP.6.4.7.24_1,0.47985989492119097,0.8920179370393849
2024,05,ESP.6.4.7.25_1,0.48336252189141865,0.8940335564172074
2024,05,ESP.6.4.7.26_1,0.500875656742557,0.9037787339830473
2024,05,ESP.6.4.7.27_1,0.4711033274956218,0.8868799242287537
2024,05,ESP.6.4.7.3_1,0.4430823117338004,0.8694619025581282
2024,05,ESP.6.4.7.4_1,0.597197898423818,0.9480907129594721
2024,05,ESP.6.4.7.5_1,0.4763572679509633,0.8899797750510963
2024,05,ESP.6.4.7.6_1,0.586690017513135,0.9439809320108113
2024,05,ESP.6.4.7.7_1,0.6322241681260946,0.9605810741421048
2024,05,ESP.6.4.7.8_1,0.5709281961471104,0.9374945333173949
2024,05,ESP.6.4.7.9_1,0.5481611208406305,0.9274287034591931
2024,05,ESP.6.4.8.1_1,0.46935201401050797,0.885835199120017
2024,05,ESP.6.4.8.10_1,0.40105078809106837,0.8403784861596588
2024,05,ESP.6.4.8.11_1,0.5148861646234676,0.9111838453352868
2024,05,ESP.6.4.8.12_1,0.4535901926444834,0.8761712161444246
2024,05,ESP.6.4.8.2_1,0.5078809106830122,0.9075241043630743
2024,05,ESP.6.4.8.3_1,0.48511383537653247,0.8950329602869382
2024,05,ESP.6.4.8.4_1,0.4711033274956218,0.8868799242287537
2024,05,ESP.6.4.8.5_1,0.4991243432574431,0.9028288874421332
2024,05,ESP.6.4.8.6_1,0.500875656742557,0.9037787339830473
2024,05,ESP.6.4.8.7_1,0.4956217162872154,0.9009128703709366
2024,05,ESP.6.4.8.8_1,0.43957968476357273,0.867177029216065
2024,05,ESP.6.4.8.9_1,0.4588441330998249,0.8794452797076121
2024,05,ESP.7.1.1.1_1,0.6672504378283713,0.9712651543219287
2024,05,ESP.7.2.1.2_1,0.5709281961471104,0.9374945333173949
2024,05,ESP.8.1.1.1_1,0.40455341506129605,0.8429448380528823
2024,05,ESP.8.1.1.10_1,0.47460595446584947,0.8889521921903337
2024,05,ESP.8.1.1.11_1,0.40105078809106837,0.8403784861596588
2024,05,ESP.8.1.1.12_1,0.38178633975481613,0.8257747876994065
2024,05,ESP.8.1.1.13_1,0.43782837127845886,0.8660254037844386
2024,05,ESP.8.1.1.14_1,0.45008756567425573,0.8739588090980032
2024,05,ESP.8.1.1.15_1,0.4483362521891419,0.8728436286070947
2024,05,ESP.8.1.1.16_1,0.3922942206654992,0.8338441101309045
2024,05,ESP.8.1.1.17_1,0.4623467600700526,0.8815985480931783
2024,05,ESP.8.1.1.18_1,0.39579684763572687,0.8364783320564855
2024,05,ESP.8.1.1.19_1,0.4658493870402803,0.883728465084157
2024,05,ESP.8.1.1.2_1,0.4676007005253941,0.8847847195787232
2024,05,ESP.8.1.1.20_1,0.44658493870402804,0.8717224328879003
2024,05,ESP.8.1.1.21_1,0.4483362521891419,0.8728436286070947
2024,05,ESP.8.1.1.22_1,0.43082311733800355,0.8613570688164114
2024,05,ESP.8.1.1.23_1,0.4028021015761822,0.8416650165000324
2024,05,ESP.8.1.1.24_1,0.44133099824868655,0.8683225207260261
2024,05,ESP.8.1.1.25_1,0.43607705779334505,0.8648676199280442
2024,05,ESP.8.1.1.26_1,0.3800350262697023,0.8244052401580184
2024,05,ESP.8.1.1.27_1,0.40630472854640987,0.8442179813294668
2024,05,ESP.8.1.1.28_1,0.42556917688266205,0.8577901841359576
2024,05,ESP.8.1.1.29_1,0.4028021015761822,0.8416650165000324
2024,05,ESP.8.1.1.3_1,0.4956217162872154,0.9009128703709366
2024,05,ESP.8.1.1.30_1,0.4115586690017513,0.8479976415061541
2024,05,ESP.8.1.1.31_1,0.4168126094570928,0.8517182632772413
2024,05,ESP.8.1.1.32_1,0.38704028021015763,0.8298409486160585
2024,05,ESP.8.1.1.33_1,0.4588441330998249,0.8794452797076121
2024,05,ESP.8.1.1.34_1,0.394045534150613,0.8351646544245033
2024,05,ESP.8.1.1.35_1,0.4518388791593696,0.8750679973579196
2024,05,ESP.8.1.1.36_1,0.44483362521891423,0.8705951987002916
2024,05,ESP.8.1.1.37_1,0.394045534150613,0.8351646544245033
2024,05,ESP.8.1.1.38_1,0.44133099824868655,0.8683225207260261
2024,05,ESP.8.1.1.39_1,0.40455341506129605,0.8429448380528823
2024,05,ESP.8.1.1.4_1,0.43432574430823123,0.8637036528810099
2024,05,ESP.8.1.1.40_1,0.42732049036777586,0.8589854480723175
2024,05,ESP.8.1.1.41_1,0.34676007005253945,0.7969843160313759
2024,05,ESP.8.1.1.42_1,0.48511383537653247,0.8950329602869382
2024,05,ESP.8.1.1.43_1,0.4203152364273205,0.8541662601625049
2024,05,ESP.8.1.1.44_1,0.42556917688266205,0.8577901841359576
2024,05,ESP.8.1.1.45_1,0.40630472854640987,0.8442179813294668
2024,05,ESP.8.1.1.46_1,0.44133099824868655,0.8683225207260261
2024,05,ESP.8.1.1.47_1,0.39579684763572687,0.8364783320564855
2024,05,ESP.8.1.1.48_1,0.4588441330998249,0.8794452797076121
2024,05,ESP.8.1.1.5_1,0.3607705779334501,0.8088609274776474
2024,05,ESP.8.1.1.6_1,0.3992994746059545,0.8390852161729463
2024,05,ESP.8.1.1.7_1,0.4168126094570928,0.8517182632772413
2024,05,ESP.8.1.1.8_1,0.4518388791593696,0.8750679973579196
2024,05,ESP.8.1.1.9_1,0.4185639229422067,0.8529454847761373
2024,05,ESP.8.1.2.1_1,0.3239929947460596,0.7765951326141569
2024,05,ESP.8.1.2.10_1,0.3187390542907181,0.771689056550629
2024,05,ESP.8.1.2.11_1,0.33625218914185645,0.7877461520058349
2024,05,ESP.8.1.2.12_1,0.34676007005253945,0.7969843160313759
2024,05,ESP.8.1.2.13_1,0.3257443082311734,0.7782133383590902
2024,05,ESP.8.1.2.14_1,0.33800350262697026,0.7893060243023614
2024,05,ESP.8.1.2.15_1,0.3064798598949212,0.7599342076785331
2024,05,ESP.8.1.2.16_1,0.36252189141856395,0.8103110513870584
2024,05,ESP.8.1.2.17_1,0.34150612959719795,0.7924014134263013
2024,05,ESP.8.1.2.18_1,0.3292469352014011,0.781424340547439
2024,05,ESP.8.1.2.19_1,0.27845884413309985,0.7313521723492725
2024,05,ESP.8.1.2.2_1,0.36602451838879163,0.8131887849693945
2024,05,ESP.8.1.2.20_1,0.36952714535901926,0.8160367638777066
2024,05,ESP.8.1.2.21_1,0.3204903677758319,0.7733330459769581
2024,05,ESP.8.1.2.22_1,0.37302977232924694,0.8188552985723424
2024,05,ESP.8.1.2.23_1,0.34500875656742563,0.7954646440917409
2024,05,ESP.8.1.2.24_1,0.3537653239929948,0.8029844332239573
2024,05,ESP.8.1.2.25_1,0.34325744308231176,0.7939370252104382
2024,05,ESP.8.1.2.26_1,0.3345008756567426,0.786178096871186
2024,05,ESP.8.1.2.27_1,0.33274956217162877,0.7846018098373213
2024,05,ESP.8.1.2.28_1,0.28721541155866903,0.7405511461067358
2024,05,ESP.8.1.2.29_1,0.3152364273204904,0.7683749084919418
2024,05,ESP.8.1.2.3_1,0.36777583187390545,0.814616474176652
2024,05,ESP.8.1.2.30_1,0.30823117338003503,0.7616403350663619
2024,05,ESP.8.1.2.31_1,0.36777583187390545,0.814616474176652
2024,05,ESP.8.1.2.4_1,0.34325744308231176,0.7939370252104382
2024,05,ESP.8.1.2.5_1,0.37653239929947463,0.8216446920658589
2024,05,ESP.8.1.2.6_1,0.34676007005253945,0.7969843160313759
2024,05,ESP.8.1.2.7_1,0.3257443082311734,0.7782133383590902
2024,05,ESP.8.1.2.8_1,0.36427320490367776,0.8117536572138127
2024,05,ESP.8.1.2.9_1,0.2854640980735552,0.7387313449421243
2024,05,ESP.8.1.3.1_1,0.3239929947460596,0.7765951326141569
2024,05,ESP.8.1.3.10_1,0.36252189141856395,0.8103110513870584
2024,05,ESP.8.1.3.11_1,0.35551663747810863,0.8044650396381436
2024,05,ESP.8.1.3.12_1,0.30297723292469353,0.7564945472374536
2024,05,ESP.8.1.3.13_1,0.33625218914185645,0.7877461520058349
2024,05,ESP.8.1.3.14_1,0.29246935201401053,0.7459517410664044
2024,05,ESP.8.1.3.15_1,0.32749562171628727,0.7798230568532839
2024,05,ESP.8.1.3.16_1,0.40455341506129605,0.8429448380528823
2024,05,ESP.8.1.3.17_1,0.37302977232924694,0.8188552985723424
2024,05,ESP.8.1.3.18_1,0.3187390542907181,0.771689056550629
2024,05,ESP.8.1.3.19_1,0.35026269702276713,0.7999999999999999
2024,05,ESP.8.1.3.2_1,0.33274956217162877,0.7846018098373213
2024,05,ESP.8.1.3.20_1,0.35026269702276713,0.7999999999999999
2024,05,ESP.8.1.3.21_1,0.36777583187390545,0.814616474176652
2024,05,ESP.8.1.3.22_1,0.30472854640980734,0.7582189657348332
2024,05,ESP.8.1.3.23_1,0.3345008756567426,0.786178096871186
2024,05,ESP.8.1.3.24_1,0.42732049036777586,0.8589854480723175
2024,05,ESP.8.1.3.25_1,0.34676007005253945,0.7969843160313759
2024,05,ESP.8.1.3.3_1,0.3537653239929948,0.8029844332239573
2024,05,ESP.8.1.3.4_1,0.35901926444833626,0.807403244977378
2024,05,ESP.8.1.3.5_1,0.38704028021015763,0.8298409486160585
2024,05,ESP.8.1.3.6_1,0.3397548161120841,0.7908577621797739
2024,05,ESP.8.1.3.7_1,0.3204903677758319,0.7733330459769581
2024,05,ESP.8.1.3.8_1,0.39579684763572687,0.8364783320564855
2024,05,ESP.8.1.3.9_1,0.3117338003502627,0.7650254897714193
2024,05,ESP.8.1.4.1_1,0.35551663747810863,0.8044650396381436
2024,05,ESP.8.1.4.10_1,0.3345008756567426,0.786178096871186
2024,05,ESP.8.1.4.11_1,0.3187390542907181,0.771689056550629
2024,05,ESP.8.1.4.12_1,0.3345008756567426,0.786178096871186
2024,05,ESP.8.1.4.13_1,0.31348511383537653,0.766704636740903
2024,05,ESP.8.1.4.14_1,0.3152364273204904,0.7683749084919418
2024,05,ESP.8.1.4.15_1,0.3152364273204904,0.7683749084919418
2024,05,ESP.8.1.4.16_1,0.35726795096322245,0.8059379628730737
2024,05,ESP.8.1.4.17_1,0.36952714535901926,0.8160367638777066
2024,05,ESP.8.1.4.18_1,0.3257443082311734,0.7782133383590902
2024,05,ESP.8.1.4.19_1,0.35551663747810863,0.8044650396381436
2024,05,ESP.8.1.4.2_1,0.3345008756567426,0.786178096871186
2024,05,ESP.8.1.4.20_1,0.35026269702276713,0.7999999999999999
2024,05,ESP.8.1.4.21_1,0.3607705779334501,0.8088609274776474
2024,05,ESP.8.1.4.22_1,0.35726795096322245,0.8059379628730737
2024,05,ESP.8.1.4.23_1,0.3747810858143608,0.820253619315392
2024,05,ESP.8.1.4.24_1,0.30297723292469353,0.7564945472374536
2024,05,ESP.8.1.4.25_1,0.3345008756567426,0.786178096871186
2024,05,ESP.8.1.4.26_1,0.3204903677758319,0.7733330459769581
2024,05,ESP.8.1.4.27_1,0.31348511383537653,0.766704636740903
2024,05,ESP.8.1.4.28_1,0.34676007005253945,0.7969843160313759
2024,05,ESP.8.1.4.29_1,0.3292469352014011,0.781424340547439
2024,05,ESP.8.1.4.3_1,0.33800350262697026,0.7893060243023614
2024,05,ESP.8.1.4.30_1,0.33274956217162877,0.7846018098373213
2024,05,ESP.8.1.4.31_1,0.35201401050788095,0.8014961010510282
2024,05,ESP.8.1.4.32_1,0.32749562171628727,0.7798230568532839
2024,05,ESP.8.1.4.33_1,0.3537653239929948,0.8029844332239573
2024,05,ESP.8.1.4.4_1,0.3992994746059545,0.8390852161729463
2024,05,ESP.8.1.4.5_1,0.30297723292469353,0.7564945472374536
2024,05,ESP.8.1.4.6_1,0.3309982486865149,0.78301724118949
2024,05,ESP.8.1.4.7_1,0.35726795096322245,0.8059379628730737
2024,05,ESP.8.1.4.8_1,0.35551663747810863,0.8044650396381436
2024,05,ESP.8.1.4.9_1,0.36602451838879163,0.8131887849693945
2024,05,ESP.8.1.5.1_1,0.36252189141856395,0.8103110513870584
2024,05,ESP.8.1.5.10_1,0.3887915936952715,0.8311822904754408
2024,05,ESP.8.1.5.11_1,0.38353765323993,0.8271372316611071
2024,05,ESP.8.1.5.12_1,0.4203152364273205,0.8541662601625049
2024,05,ESP.8.1.5.13_1,0.43782837127845886,0.8660254037844386
2024,05,ESP.8.1.5.14_1,0.3852889667250438,0.8284926070883192
2024,05,ESP.8.1.5.15_1,0.3975481611208407,0.8377851753283774
2024,05,ESP.8.1.5.16_1,0.3607705779334501,0.8088609274776474
2024,05,ESP.8.1.5.17_1,0.3905429071803853,0.8325166664998365
2024,05,ESP.8.1.5.18_1,0.3992994746059545,0.8390852161729463
2024,05,ESP.8.1.5.19_1,0.394045534150613,0.8351646544245033
2024,05,ESP.8.1.5.2_1,0.3905429071803853,0.8325166664998365
2024,05,ESP.8.1.5.20_1,0.3607705779334501,0.8088609274776474
2024,05,ESP.8.1.5.21_1,0.38353765323993,0.8271372316611071
2024,05,ESP.8.1.5.22_1,0.3397548161120841,0.7908577621797739
2024,05,ESP.8.1.5.23_1,0.35551663747810863,0.8044650396381436
2024,05,ESP.8.1.5.3_1,0.3975481611208407,0.8377851753283774
2024,05,ESP.8.1.5.4_1,0.36777583187390545,0.814616474176652
2024,05,ESP.8.1.5.5_1,0.3887915936952715,0.8311822904754408
2024,05,ESP.8.1.5.6_1,0.3747810858143608,0.820253619315392
2024,05,ESP.8.1.5.7_1,0.36427320490367776,0.8117536572138127
2024,05,ESP.8.1.5.8_1,0.3747810858143608,0.820253619315392
2024,05,ESP.8.1.5.9_1,0.37828371278458844,0.8230285535751478
2024,05,ESP.8.1.6.1_1,0.3187390542907181,0.771689056550629
2024,05,ESP.8.1.6.10_1,0.31348511383537653,0.766704636740903
2024,05,ESP.8.1.6.11_1,0.30297723292469353,0.7564945472374536
2024,05,ESP.8.1.6.12_1,0.3187390542907181,0.771689056550629
2024,05,ESP.8.1.6.13_1,0.3169877408056042,0.7700363627777587
2024,05,ESP.8.1.6.14_1,0.27495621716287216,0.7276015393056835
2024,05,ESP.8.1.6.15_1,0.3292469352014011,0.781424340547439
2024,05,ESP.8.1.6.16_1,0.3169877408056042,0.7700363627777587
2024,05,ESP.8.1.6.17_1,0.3204903677758319,0.7733330459769581
2024,05,ESP.8.1.6.18_1,0.3099824868651489,0.7633374090138647
2024,05,ESP.8.1.6.19_1,0.27495621716287216,0.7276015393056835
2024,05,ESP.8.1.6.2_1,0.2889667250437829,0.7423610981186985
2024,05,ESP.8.1.6.20_1,0.3239929947460596,0.7765951326141569
2024,05,ESP.8.1.6.21_1,0.3222416812609457,0.7749683864519894
2024,05,ESP.8.1.6.3_1,0.30472854640980734,0.7582189657348332
2024,05,ESP.8.1.6.4_1,0.35551663747810863,0.8044650396381436
2024,05,ESP.8.1.6.5_1,0.34150612959719795,0.7924014134263013
2024,05,ESP.8.1.6.6_1,0.3257443082311734,0.7782133383590902
2024,05,ESP.8.1.6.7_1,0.3152364273204904,0.7683749084919418
2024,05,ESP.8.1.6.8_1,0.3169877408056042,0.7700363627777587
2024,05,ESP.8.1.6.9_1,0.3117338003502627,0.7650254897714193
2024,05,ESP.9.1.3.1_1,0.6654991243432575,0.9707728879609279
2024,05,ESP.9.1.3.11_1,0.6619964973730298,0.9697752316903129
2024,05,ESP.9.1.3.13_1,0.7180385288966725,0.983666610188635
2024,05,ESP.9.1.3.15_1,0.6970227670753065,0.9789708882290628
2024,05,ESP.9.1.3.24_1,0.6672504378283713,0.9712651543219287
2024,05,ESP.9.1.3.25_1,0.6619964973730298,0.9697752316903129
2024,05,ESP.9.1.3.3_1,0.6882661996497373,0.976833660353696
2024,05,ESP.9.1.3.35_1,0.6830122591943959,0.9754998718605759
2024,05,ESP.9.1.3.41_1,0.6427320490367776,0.9639730286683336
2024,05,ESP.9.1.3.45_1,0.7495621716287216,0.9895776877031939
2024,05,ESP.9.1.3.47_1,0.7092819614711035,0.9817840903172144
2024,05,ESP.9.1.3.5_1,0.7250437828371279,0.9850969495435462
2024,05,ESP.9.1.3.53_1,0.6812609457092821,0.975046665549911
2024,05,ESP.9.1.3.57_1,0.7478108581436077,0.9892845899942038
2024,05,ESP.9.1.3.58_1,0.6584938704028022,0.9687600322061186
2024,05,ESP.9.1.3.60_1,0.6584938704028022,0.9687600322061186
2024,05,ESP.9.1.3.62_1,0.7197898423817863,0.9840304873325826
2024,05,ESP.9.1.3.8_1,0.6812609457092821,0.975046665549911
2024,05,ESP.9.1.4.15_1,0.5919439579684764,0.946057080730333
2024,05,ESP.9.1.4.18_1,0.5359019264448337,0.9216593730874764
2024,05,ESP.9.1.4.28_1,0.5814360770577934,0.9418619856433319
2024,05,ESP.9.1.4.34_1,0.6479859894921192,0.9656086163658648
2024,05,ESP.9.1.4.4_1,0.5814360770577934,0.9418619856433319
2024,05,ESP.9.1.4.41_1,0.5656742556917689,0.9352454223357631
2024,05,ESP.9.1.4.42_1,0.5901926444833626,0.9453697689264238
2024,05,ESP.9.1.4.43_1,0.5954465849387042,0.9474175425861608
2024,05,ESP.9.1.4.44_1,0.5954465849387042,0.9474175425861608
2024,05,ESP.9.1.4.47_1,0.6374781085814362,0.962297251372984
2024,05,ESP.9.1.4.49_1,0.5306479859894921,0.9191104395011516
2024,05,ESP.9.1.4.53_1,0.6339754816112084,0.9611576353543679
2024,05,ESP.9.1.4.54_1,0.6322241681260946,0.9605810741421048
2024,05,ESP.9.1.4.57_1,0.5761821366024519,0.939699952112375
2024,05,ESP.9.1.4.60_1,0.5726795096322242,0.9382345122622595
2024,05,ESP.9.1.4.63_1,0.5831873905429072,0.9425730740902798
2024,05,ESP.9.1.4.64_1,0.6094570928196147,0.9526720317087093
2024,05,ESP.9.1.4.65_1,0.6760070052539405,0.9736611320166786
2024,05,ESP.9.1.4.72_1,0.5586690017513135,0.9321780945720619
2024,05,ESP.9.1.4.76_1,0.5849387040280211,0.9432793859721519
2024,05,ESP.9.1.4.80_1,0.5551663747810859,0.9306148505155073
2024,05,ESP.9.1.4.91_1,0.5936952714535902,0.9467396685467447
2024,05,ESP.9.1.4.93_1,0.542907180385289,0.9249864863877743
2024,05,ESP.9.1.4.97_1,0.5849387040280211,0.9432793859721519
2024,05,ESP.9.1.5.1_1,0.4938704028021016,0.8999466650863261
2024,05,ESP.9.1.5.10_1,0.4763572679509633,0.8899797750510963
2024,05,ESP.9.1.5.13_1,0.5849387040280211,0.9432793859721519
2024,05,ESP.9.1.5.14_1,0.4570928196147111,0.8783598351473045
2024,05,ESP.9.1.5.19_1,0.4728546409807356,0.8879189152169246
2024,05,ESP.9.1.5.2_1,0.47810858143607715,0.8910016835000931
2024,05,ESP.9.1.5.21_1,0.5341506129597198,0.920814856526544
2024,05,ESP.9.1.5.22_1,0.5551663747810859,0.9306148505155073
2024,05,ESP.9.1.5.3_1,0.4605954465849388,0.8805248434882459
2024,05,ESP.9.1.5.8_1,0.47460595446584947,0.8889521921903337
2024,05,ESP.9.1.6.10_1,0.4588441330998249,0.8794452797076121
2024,05,ESP.9.1.6.12_1,0.4623467600700526,0.8815985480931783
2024,05,ESP.9.1.6.16_1,0.4290718038528897,0.8601744009211155
2024,05,ESP.9.1.6.18_1,0.4570928196147111,0.8783598351473045
2024,05,ESP.9.1.6.20_1,0.42732049036777586,0.8589854480723175
2024,05,ESP.9.1.6.8_1,0.40630472854640987,0.8442179813294668
2024,05,ESP.9.1.7.2_1,0.5394045534150613,0.923333092659415
2024,05,ESP.9.1.8.23_1,0.6112084063047285,0.9533079250693346
2024,05,ESP.9.1.8.28_1,0.6322241681260946,0.9605810741421048
2024,05,ESP.9.1.8.35_1,0.649737302977233,0.9661449166662318
2024,05,ESP.9.1.8.39_1,0.6252189141856392,0.9582296175760798
2024,05,ESP.9.1.8.50_1,0.63922942206655,0.9628603221651623
2024,05,ESP.9.1.9.3_1,0.6339754816112084,0.9611576353543679
2024,05,ESP.9.1.9.33_1,0.6112084063047285,0.9533079250693346
2024,05,ESP.9.1.9.40_1,0.5989492119089318,0.9487591896788141
2024,05,EST.1.13.12_1,0.4238178633975482,0.8565885826929985
2024,05,EST.1.14.3_1,0.490367775831874,0.8979977728257459
2024,05,EST.1.14.6_1,0.45534150612959723,0.8772684879784524
2024,05,EST.1.14.9_1,0.47810858143607715,0.8910016835000931
2024,05,EST.10.1.1_1,0.4203152364273205,0.8541662601625049
2024,05,EST.10.1.2_1,0.42206654991243436,0.8553806170354809
2024,05,EST.10.1.3_1,0.4203152364273205,0.8541662601625049
2024,05,EST.10.1.4_1,0.45534150612959723,0.8772684879784524
2024,05,EST.10.1.5_1,0.44133099824868655,0.8683225207260261
2024,05,EST.10.1.6_1,0.4430823117338004,0.8694619025581282
2024,05,EST.10.1.7_1,0.4185639229422067,0.8529454847761373
2024,05,EST.10.1.8_1,0.44658493870402804,0.8717224328879003
2024,05,EST.10.1.9_1,0.43257443082311736,0.8625334776111592
2024,05,EST.10.10.1_1,0.49211908931698783,0.8989749718429317
2024,05,EST.10.10.10_1,0.47460595446584947,0.8889521921903337
2024,05,EST.10.10.11_1,0.415061295971979,0.8504845677612263
2024,05,EST.10.10.12_1,0.43432574430823123,0.8637036528810099
2024,05,EST.10.10.13_1,0.4518388791593696,0.8750679973579196
2024,05,EST.10.10.14_1,0.44483362521891423,0.8705951987002916
2024,05,EST.10.10.15_1,0.43607705779334505,0.8648676199280442
2024,05,EST.10.10.16_1,0.4623467600700526,0.8815985480931783
2024,05,EST.10.10.17_1,0.4728546409807356,0.8879189152169246
2024,05,EST.10.10.18_1,0.4483362521891419,0.8728436286070947
2024,05,EST.10.10.19_1,0.4676007005253941,0.8847847195787232
2024,05,EST.10.10.2_1,0.4623467600700526,0.8815985480931783
2024,05,EST.10.10.20_1,0.44483362521891423,0.8705951987002916
2024,05,EST.10.10.21_1,0.43782837127845886,0.8660254037844386
2024,05,EST.10.10.22_1,0.4535901926444834,0.8761712161444246
2024,05,EST.10.10.23_1,0.45534150612959723,0.8772684879784524
2024,05,EST.10.10.24_1,0.47460595446584947,0.8889521921903337
2024,05,EST.10.10.25_1,0.4640980735551664,0.8826664149042944
2024,05,EST.10.10.26_1,0.45008756567425573,0.8739588090980032
2024,05,EST.10.10.27_1,0.4640980735551664,0.8826664149042944
2024,05,EST.10.10.28_1,0.43957968476357273,0.867177029216065
2024,05,EST.10.10.3_1,0.4676007005253941,0.8847847195787232
2024,05,EST.10.10.4_1,0.42556917688266205,0.8577901841359576
2024,05,EST.10.10.5_1,0.43082311733800355,0.8613570688164114
2024,05,EST.10.10.6_1,0.4483362521891419,0.8728436286070947
2024,05,EST.10.10.7_1,0.4623467600700526,0.8815985480931783
2024,05,EST.10.10.8_1,0.45534150612959723,0.8772684879784524
2024,05,EST.10.10.9_1,0.5096322241681261,0.9084470265238365
2024,05,EST.10.11.1_1,0.40630472854640987,0.8442179813294668
2024,05,EST.10.11.10_1,0.39579684763572687,0.8364783320564855
2024,05,EST.10.11.11_1,0.4676007005253941,0.8847847195787232
2024,05,EST.10.11.12_1,0.46935201401050797,0.885835199120017
2024,05,EST.10.11.13_1,0.4238178633975482,0.8565885826929985
2024,05,EST.10.11.14_1,0.44658493870402804,0.8717224328879003
2024,05,EST.10.11.15_1,0.4238178633975482,0.8565885826929985
2024,05,EST.10.11.16_1,0.4676007005253941,0.8847847195787232
2024,05,EST.10.11.2_1,0.4640980735551664,0.8826664149042944
2024,05,EST.10.11.3_1,0.40980735551663755,0.84674435339127
2024,05,EST.10.11.4_1,0.4203152364273205,0.8541662601625049
2024,05,EST.10.11.5_1,0.3905429071803853,0.8325166664998365
2024,05,EST.10.11.6_1,0.4518388791593696,0.8750679973579196
2024,05,EST.10.11.7_1,0.42732049036777586,0.8589854480723175
2024,05,EST.10.11.8_1,0.44133099824868655,0.8683225207260261
2024,05,EST.10.11.9_1,0.43607705779334505,0.8648676199280442
2024,05,EST.10.12.1_1,0.44483362521891423,0.8705951987002916
2024,05,EST.10.12.10_1,0.4570928196147111,0.8783598351473045
2024,05,EST.10.12.11_1,0.4938704028021016,0.8999466650863261
2024,05,EST.10.12.12_1,0.4728546409807356,0.8879189152169246
2024,05,EST.10.12.13_1,0.47460595446584947,0.8889521921903337
2024,05,EST.10.12.14_1,0.415061295971979,0.8504845677612263
2024,05,EST.10.12.15_1,0.43957968476357273,0.867177029216065
2024,05,EST.10.12.16_1,0.45008756567425573,0.8739588090980032
2024,05,EST.10.12.17_1,0.45008756567425573,0.8739588090980032
2024,05,EST.10.12.18_1,0.4518388791593696,0.8750679973579196
2024,05,EST.10.12.19_1,0.44658493870402804,0.8717224328879003
2024,05,EST.10.12.2_1,0.4535901926444834,0.8761712161444246
2024,05,EST.10.12.22_1,0.4658493870402803,0.883728465084157
2024,05,EST.10.12.23_1,0.4570928196147111,0.8783598351473045
2024,05,EST.10.12.24_1,0.4168126094570928,0.8517182632772413
2024,05,EST.10.12.25_1,0.4640980735551664,0.8826664149042944
2024,05,EST.10.12.26_1,0.4763572679509633,0.8899797750510963
2024,05,EST.10.12.27_1,0.4938704028021016,0.8999466650863261
2024,05,EST.10.12.28_1,0.4605954465849388,0.8805248434882459
2024,05,EST.10.12.29_1,0.4483362521891419,0.8728436286070947
2024,05,EST.10.12.3_1,0.43782837127845886,0.8660254037844386
2024,05,EST.10.12.30_1,0.46935201401050797,0.885835199120017
2024,05,EST.10.12.31_1,0.4711033274956218,0.8868799242287537
2024,05,EST.10.12.32_1,0.47460595446584947,0.8889521921903337
2024,05,EST.10.12.33_1,0.4640980735551664,0.8826664149042944
2024,05,EST.10.12.34_1,0.43782837127845886,0.8660254037844386
2024,05,EST.10.12.35_1,0.4658493870402803,0.883728465084157
2024,05,EST.10.12.4_1,0.4605954465849388,0.8805248434882459
2024,05,EST.10.12.5_1,0.4570928196147111,0.8783598351473045
2024,05,EST.10.12.6_1,0.4588441330998249,0.8794452797076121
2024,05,EST.10.12.7_1,0.48511383537653247,0.8950329602869382
2024,05,EST.10.12.8_1,0.43082311733800355,0.8613570688164114
2024,05,EST.10.12.9_1,0.47810858143607715,0.8910016835000931
2024,05,EST.10.13.1_1,0.4570928196147111,0.8783598351473045
2024,05,EST.10.13.10_1,0.4711033274956218,0.8868799242287537
2024,05,EST.10.13.2_1,0.44133099824868655,0.8683225207260261
2024,05,EST.10.13.3_1,0.42556917688266205,0.8577901841359576
2024,05,EST.10.13.4_1,0.45008756567425573,0.8739588090980032
2024,05,EST.10.13.5_1,0.44658493870402804,0.8717224328879003
2024,05,EST.10.13.6_1,0.45008756567425573,0.8739588090980032
2024,05,EST.10.13.7_1,0.43957968476357273,0.867177029216065
2024,05,EST.10.13.8_1,0.42206654991243436,0.8553806170354809
2024,05,EST.10.13.9_1,0.43432574430823123,0.8637036528810099
2024,05,EST.10.14.1_1,0.4238178633975482,0.8565885826929985
2024,05,EST.10.14.10_1,0.4203152364273205,0.8541662601625049
2024,05,EST.10.14.11_1,0.44133099824868655,0.8683225207260261
2024,05,EST.10.14.12_1,0.4640980735551664,0.8826664149042944
2024,05,EST.10.14.13_1,0.4430823117338004,0.8694619025581282
2024,05,EST.10.14.14_1,0.48511383537653247,0.8950329602869382
2024,05,EST.10.14.15_1,0.43082311733800355,0.8613570688164114
2024,05,EST.10.14.16_1,0.43257443082311736,0.8625334776111592
2024,05,EST.10.14.17_1,0.39579684763572687,0.8364783320564855
2024,05,EST.10.14.18_1,0.4203152364273205,0.8541662601625049
2024,05,EST.10.14.19_1,0.43082311733800355,0.8613570688164114
2024,05,EST.10.14.2_1,0.4518388791593696,0.8750679973579196
2024,05,EST.10.14.20_1,0.4518388791593696,0.8750679973579196
2024,05,EST.10.14.21_1,0.44658493870402804,0.8717224328879003
2024,05,EST.10.14.22_1,0.40455341506129605,0.8429448380528823
2024,05,EST.10.14.23_1,0.4483362521891419,0.8728436286070947
2024,05,EST.10.14.24_1,0.43782837127845886,0.8660254037844386
2024,05,EST.10.14.25_1,0.44658493870402804,0.8717224328879003
2024,05,EST.10.14.26_1,0.4570928196147111,0.8783598351473045
2024,05,EST.10.14.27_1,0.43957968476357273,0.867177029216065
2024,05,EST.10.14.28_1,0.4623467600700526,0.8815985480931783
2024,05,EST.10.14.29_1,0.4728546409807356,0.8879189152169246
2024,05,EST.10.14.3_1,0.4430823117338004,0.8694619025581282
2024,05,EST.10.14.30_1,0.44133099824868655,0.8683225207260261
2024,05,EST.10.14.4_1,0.4185639229422067,0.8529454847761373
2024,05,EST.10.14.5_1,0.4816112084063048,0.8930285549745876
2024,05,EST.10.14.6_1,0.40980735551663755,0.84674435339127
2024,05,EST.10.14.7_1,0.4115586690017513,0.8479976415061541
2024,05,EST.10.14.8_1,0.4203152364273205,0.8541662601625049
2024,05,EST.10.14.9_1,0.43782837127845886,0.8660254037844386
2024,05,EST.10.2.1_1,0.43082311733800355,0.8613570688164114
2024,05,EST.10.2.10_1,0.4518388791593696,0.8750679973579196
2024,05,EST.10.2.11_1,0.43082311733800355,0.8613570688164114
2024,05,EST.10.2.12_1,0.43607705779334505,0.8648676199280442
2024,05,EST.10.2.13_1,0.4430823117338004,0.8694619025581282
2024,05,EST.10.2.14_1,0.40630472854640987,0.8442179813294668
2024,05,EST.10.2.15_1,0.4185639229422067,0.8529454847761373
2024,05,EST.10.2.16_1,0.47460595446584947,0.8889521921903337
2024,05,EST.10.2.17_1,0.44133099824868655,0.8683225207260261
2024,05,EST.10.2.18_1,0.44133099824868655,0.8683225207260261
2024,05,EST.10.2.19_1,0.42732049036777586,0.8589854480723175
2024,05,EST.10.2.2_1,0.415061295971979,0.8504845677612263
2024,05,EST.10.2.20_1,0.4290718038528897,0.8601744009211155
2024,05,EST.10.2.21_1,0.3992994746059545,0.8390852161729463
2024,05,EST.10.2.22_1,0.43082311733800355,0.8613570688164114
2024,05,EST.10.2.3_1,0.43957968476357273,0.867177029216065
2024,05,EST.10.2.4_1,0.43257443082311736,0.8625334776111592
2024,05,EST.10.2.5_1,0.43607705779334505,0.8648676199280442
2024,05,EST.10.2.6_1,0.4290718038528897,0.8601744009211155
2024,05,EST.10.2.7_1,0.42732049036777586,0.8589854480723175
2024,05,EST.10.2.8_1,0.4185639229422067,0.8529454847761373
2024,05,EST.10.2.9_1,0.44658493870402804,0.8717224328879003
2024,05,EST.10.3.1_1,0.4570928196147111,0.8783598351473045
2024,05,EST.10.3.10_1,0.4080560420315237,0.8454844764985339
2024,05,EST.10.3.11_1,0.39579684763572687,0.8364783320564855
2024,05,EST.10.3.12_1,0.43257443082311736,0.8625334776111592
2024,05,EST.10.3.2_1,0.46935201401050797,0.885835199120017
2024,05,EST.10.3.3_1,0.4168126094570928,0.8517182632772413
2024,05,EST.10.3.4_1,0.43957968476357273,0.867177029216065
2024,05,EST.10.3.5_1,0.42732049036777586,0.8589854480723175
2024,05,EST.10.3.6_1,0.43257443082311736,0.8625334776111592
2024,05,EST.10.3.7_1,0.4185639229422067,0.8529454847761373
2024,05,EST.10.3.8_1,0.40630472854640987,0.8442179813294668
2024,05,EST.10.3.9_1,0.43607705779334505,0.8648676199280442
2024,05,EST.10.4.1_1,0.43257443082311736,0.8625334776111592
2024,05,EST.10.4.10_1,0.4518388791593696,0.8750679973579196
2024,05,EST.10.4.11_1,0.4676007005253941,0.8847847195787232
2024,05,EST.10.4.12_1,0.45008756567425573,0.8739588090980032
2024,05,EST.10.4.2_1,0.43782837127845886,0.8660254037844386
2024,05,EST.10.4.3_1,0.43957968476357273,0.867177029216065
2024,05,EST.10.4.4_1,0.4133099824868652,0.84924437001372
2024,05,EST.10.4.5_1,0.44483362521891423,0.8705951987002916
2024,05,EST.10.4.6_1,0.43257443082311736,0.8625334776111592
2024,05,EST.10.4.7_1,0.4115586690017513,0.8479976415061541
2024,05,EST.10.4.8_1,0.4185639229422067,0.8529454847761373
2024,05,EST.10.4.9_1,0.42556917688266205,0.8577901841359576
2024,05,EST.10.5.1_1,0.45534150612959723,0.8772684879784524
2024,05,EST.10.5.10_1,0.4658493870402803,0.883728465084157
2024,05,EST.10.5.11_1,0.4238178633975482,0.8565885826929985
2024,05,EST.10.5.12_1,0.45008756567425573,0.8739588090980032
2024,05,EST.10.5.13_1,0.42556917688266205,0.8577901841359576
2024,05,EST.10.5.14_1,0.43257443082311736,0.8625334776111592
2024,05,EST.10.5.15_1,0.45008756567425573,0.8739588090980032
2024,05,EST.10.5.16_1,0.4763572679509633,0.8899797750510963
2024,05,EST.10.5.17_1,0.42732049036777586,0.8589854480723175
2024,05,EST.10.5.18_1,0.43607705779334505,0.8648676199280442
2024,05,EST.10.5.2_1,0.45008756567425573,0.8739588090980032
2024,05,EST.10.5.3_1,0.3992994746059545,0.8390852161729463
2024,05,EST.10.5.4_1,0.39579684763572687,0.8364783320564855
2024,05,EST.10.5.5_1,0.4483362521891419,0.8728436286070947
2024,05,EST.10.5.6_1,0.44483362521891423,0.8705951987002916
2024,05,EST.10.5.7_1,0.4623467600700526,0.8815985480931783
2024,05,EST.10.5.8_1,0.4080560420315237,0.8454844764985339
2024,05,EST.10.5.9_1,0.4430823117338004,0.8694619025581282
2024,05,EST.10.6.1_1,0.4640980735551664,0.8826664149042944
2024,05,EST.10.6.10_1,0.43607705779334505,0.8648676199280442
2024,05,EST.10.6.11_1,0.3992994746059545,0.8390852161729463
2024,05,EST.10.6.12_1,0.4623467600700526,0.8815985480931783
2024,05,EST.10.6.13_1,0.42556917688266205,0.8577901841359576
2024,05,EST.10.6.14_1,0.4430823117338004,0.8694619025581282
2024,05,EST.10.6.15_1,0.45534150612959723,0.8772684879784524
2024,05,EST.10.6.2_1,0.43082311733800355,0.8613570688164114
2024,05,EST.10.6.3_1,0.4588441330998249,0.8794452797076121
2024,05,EST.10.6.4_1,0.4535901926444834,0.8761712161444246
2024,05,EST.10.6.5_1,0.42206654991243436,0.8553806170354809
2024,05,EST.10.6.6_1,0.43082311733800355,0.8613570688164114
2024,05,EST.10.6.7_1,0.40630472854640987,0.8442179813294668
2024,05,EST.10.6.8_1,0.46935201401050797,0.885835199120017
2024,05,EST.10.6.9_1,0.4518388791593696,0.8750679973579196
2024,05,EST.10.7.1_1,0.43082311733800355,0.8613570688164114
2024,05,EST.10.7.10_1,0.4588441330998249,0.8794452797076121
2024,05,EST.10.7.11_1,0.415061295971979,0.8504845677612263
2024,05,EST.10.7.12_1,0.4238178633975482,0.8565885826929985
2024,05,EST.10.7.13_1,0.44658493870402804,0.8717224328879003
2024,05,EST.10.7.14_1,0.40455341506129605,0.8429448380528823
2024,05,EST.10.7.15_1,0.43082311733800355,0.8613570688164114
2024,05,EST.10.7.16_1,0.4640980735551664,0.8826664149042944
2024,05,EST.10.7.17_1,0.40455341506129605,0.8429448380528823
2024,05,EST.10.7.18_1,0.42732049036777586,0.8589854480723175
2024,05,EST.10.7.19_1,0.42556917688266205,0.8577901841359576
2024,05,EST.10.7.2_1,0.4238178633975482,0.8565885826929985
2024,05,EST.10.7.20_1,0.4168126094570928,0.8517182632772413
2024,05,EST.10.7.21_1,0.3992994746059545,0.8390852161729463
2024,05,EST.10.7.22_1,0.415061295971979,0.8504845677612263
2024,05,EST.10.7.23_1,0.48511383537653247,0.8950329602869382
2024,05,EST.10.7.24_1,0.44658493870402804,0.8717224328879003
2024,05,EST.10.7.25_1,0.4570928196147111,0.8783598351473045
2024,05,EST.10.7.26_1,0.44658493870402804,0.8717224328879003
2024,05,EST.10.7.27_1,0.44483362521891423,0.8705951987002916
2024,05,EST.10.7.28_1,0.3747810858143608,0.820253619315392
2024,05,EST.10.7.29_1,0.42732049036777586,0.8589854480723175
2024,05,EST.10.7.3_1,0.4168126094570928,0.8517182632772413
2024,05,EST.10.7.30_1,0.4430823117338004,0.8694619025581282
2024,05,EST.10.7.31_1,0.4640980735551664,0.8826664149042944
2024,05,EST.10.7.4_1,0.4711033274956218,0.8868799242287537
2024,05,EST.10.7.5_1,0.4483362521891419,0.8728436286070947
2024,05,EST.10.7.6_1,0.40980735551663755,0.84674435339127
2024,05,EST.10.7.7_1,0.4640980735551664,0.8826664149042944
2024,05,EST.10.7.8_1,0.4115586690017513,0.8479976415061541
2024,05,EST.10.7.9_1,0.4483362521891419,0.8728436286070947
2024,05,EST.10.8.1_1,0.415061295971979,0.8504845677612263
2024,05,EST.10.9.1_1,0.4763572679509633,0.8899797750510963
2024,05,EST.10.9.10_1,0.4203152364273205,0.8541662601625049
2024,05,EST.10.9.11_1,0.4570928196147111,0.8783598351473045
2024,05,EST.10.9.12_1,0.49211908931698783,0.8989749718429317
2024,05,EST.10.9.13_1,0.44483362521891423,0.8705951987002916
2024,05,EST.10.9.14_1,0.45534150612959723,0.8772684879784524
2024,05,EST.10.9.15_1,0.40630472854640987,0.8442179813294668
2024,05,EST.10.9.16_1,0.43257443082311736,0.8625334776111592
2024,05,EST.10.9.17_1,0.44658493870402804,0.8717224328879003
2024,05,EST.10.9.18_1,0.43607705779334505,0.8648676199280442
2024,05,EST.10.9.19_1,0.4430823117338004,0.8694619025581282
2024,05,EST.10.9.2_1,0.4676007005253941,0.8847847195787232
2024,05,EST.10.9.20_1,0.44483362521891423,0.8705951987002916
2024,05,EST.10.9.21_1,0.44133099824868655,0.8683225207260261
2024,05,EST.10.9.22_1,0.4605954465849388,0.8805248434882459
2024,05,EST.10.9.23_1,0.4430823117338004,0.8694619025581282
2024,05,EST.10.9.24_1,0.46935201401050797,0.885835199120017
2024,05,EST.10.9.25_1,0.4605954465849388,0.8805248434882459
2024,05,EST.10.9.26_1,0.42206654991243436,0.8553806170354809
2024,05,EST.10.9.27_1,0.4518388791593696,0.8750679973579196
2024,05,EST.10.9.3_1,0.43957968476357273,0.867177029216065
2024,05,EST.10.9.4_1,0.43082311733800355,0.8613570688164114
2024,05,EST.10.9.5_1,0.42556917688266205,0.8577901841359576
2024,05,EST.10.9.6_1,0.4658493870402803,0.883728465084157
2024,05,EST.10.9.7_1,0.43782837127845886,0.8660254037844386
2024,05,EST.10.9.8_1,0.42556917688266205,0.8577901841359576
2024,05,EST.10.9.9_1,0.46935201401050797,0.885835199120017
2024,05,EST.11.10.10_1,0.4115586690017513,0.8479976415061541
2024,05,EST.11.10.13_1,0.40980735551663755,0.84674435339127
2024,05,EST.11.10.15_1,0.3852889667250438,0.8284926070883192
2024,05,EST.11.10.19_1,0.43082311733800355,0.8613570688164114
2024,05,EST.11.10.2_1,0.4605954465849388,0.8805248434882459
2024,05,EST.11.10.3_1,0.34500875656742563,0.7954646440917409
2024,05,EST.11.5.3_1,0.38353765323993,0.8271372316611071
2024,05,EST.11.5.45_1,0.4115586690017513,0.8479976415061541
2024,05,EST.11.7.32_1,0.4133099824868652,0.84924437001372
2024,05,EST.11.7.69_1,0.4185639229422067,0.8529454847761373
2024,05,EST.12.1.10_1,0.4991243432574431,0.9028288874421332
2024,05,EST.12.1.11_1,0.48861646234676015,0.8970150500409678
2024,05,EST.12.1.12_1,0.500875656742557,0.9037787339830473
2024,05,EST.12.1.13_1,0.4623467600700526,0.8815985480931783
2024,05,EST.12.1.14_1,0.542907180385289,0.9249864863877743
2024,05,EST.12.1.15_1,0.4938704028021016,0.8999466650863261
2024,05,EST.12.1.16_1,0.48511383537653247,0.8950329602869382
2024,05,EST.12.1.17_1,0.490367775831874,0.8979977728257459
2024,05,EST.12.1.18_1,0.4973730297723292,0.9018736053350269
2024,05,EST.12.1.19_1,0.48511383537653247,0.8950329602869382
2024,05,EST.12.1.2_1,0.46935201401050797,0.885835199120017
2024,05,EST.12.1.20_1,0.4938704028021016,0.8999466650863261
2024,05,EST.12.1.21_1,0.5148861646234676,0.9111838453352868
2024,05,EST.12.1.22_1,0.4991243432574431,0.9028288874421332
2024,05,EST.12.1.23_1,0.45008756567425573,0.8739588090980032
2024,05,EST.12.1.24_1,0.49211908931698783,0.8989749718429317
2024,05,EST.12.1.25_1,0.5288966725043783,0.918250510481753
2024,05,EST.12.1.26_1,0.48861646234676015,0.8970150500409678
2024,05,EST.12.1.27_1,0.4728546409807356,0.8879189152169246
2024,05,EST.12.1.28_1,0.48861646234676015,0.8970150500409678
2024,05,EST.12.1.29_1,0.48336252189141865,0.8940335564172074
2024,05,EST.12.1.3_1,0.4623467600700526,0.8815985480931783
2024,05,EST.12.1.30_1,0.5271453590192645,0.9173854151881858
2024,05,EST.12.1.31_1,0.4623467600700526,0.8815985480931783
2024,05,EST.12.1.32_1,0.5166374781085814,0.9120855223058855
2024,05,EST.12.1.33_1,0.49211908931698783,0.8989749718429317
2024,05,EST.12.1.34_1,0.4816112084063048,0.8930285549745876
2024,05,EST.12.1.35_1,0.5271453590192645,0.9173854151881858
2024,05,EST.12.1.36_1,0.5096322241681261,0.9084470265238365
2024,05,EST.12.1.37_1,0.5306479859894921,0.9191104395011516
2024,05,EST.12.1.38_1,0.4938704028021016,0.8999466650863261
2024,05,EST.12.1.39_1,0.4605954465849388,0.8805248434882459
2024,05,EST.12.1.4_1,0.5131348511383538,0.9102768809543611
2024,05,EST.12.1.40_1,0.532399299474606,0.9199652167337633
2024,05,EST.12.1.41_1,0.5499124343257443,0.9282327294380435
2024,05,EST.12.1.42_1,0.5096322241681261,0.9084470265238365
2024,05,EST.12.1.43_1,0.5061295971978984,0.9065958305661901
2024,05,EST.12.1.45_1,0.4816112084063048,0.8930285549745876
2024,05,EST.12.1.46_1,0.5306479859894921,0.9191104395011516
2024,05,EST.12.1.47_1,0.51138353765324,0.909364613342745
2024,05,EST.12.1.48_1,0.5849387040280211,0.9432793859721519
2024,05,EST.12.1.49_1,0.4238178633975482,0.8565885826929985
2024,05,EST.12.1.5_1,0.4711033274956218,0.8868799242287537
2024,05,EST.12.1.50_1,0.47985989492119097,0.8920179370393849
2024,05,EST.12.1.51_1,0.45008756567425573,0.8739588090980032
2024,05,EST.12.1.52_1,0.521891418563923,0.9147589846511485
2024,05,EST.12.1.53_1,0.500875656742557,0.9037787339830473
2024,05,EST.12.1.54_1,0.4973730297723292,0.9018736053350269
2024,05,EST.12.1.55_1,0.51138353765324,0.909364613342745
2024,05,EST.12.1.56_1,0.5236427320490368,0.9156396671180208
2024,05,EST.12.1.57_1,0.490367775831874,0.8979977728257459
2024,05,EST.12.1.58_1,0.5183887915936953,0.9129819275319747
2024,05,EST.12.1.59_1,0.490367775831874,0.8979977728257459
2024,05,EST.12.1.6_1,0.42732049036777586,0.8589854480723175
2024,05,EST.12.1.60_1,0.4535901926444834,0.8761712161444246
2024,05,EST.12.1.61_1,0.48511383537653247,0.8950329602869382
2024,05,EST.12.1.62_1,0.5253940455341506,0.916515138991168
2024,05,EST.12.1.63_1,0.4640980735551664,0.8826664149042944
2024,05,EST.12.1.64_1,0.5026269702276708,0.9047231620777706
2024,05,EST.12.1.65_1,0.5288966725043783,0.918250510481753
2024,05,EST.12.1.66_1,0.48511383537653247,0.8950329602869382
2024,05,EST.12.1.67_1,0.4711033274956218,0.8868799242287537
2024,05,EST.12.1.68_1,0.5078809106830122,0.9075241043630743
2024,05,EST.12.1.69_1,0.5043782837127846,0.905662188677434
2024,05,EST.12.1.7_1,0.4728546409807356,0.8879189152169246
2024,05,EST.12.1.70_1,0.47460595446584947,0.8889521921903337
2024,05,EST.12.1.8_1,0.4658493870402803,0.883728465084157
2024,05,EST.12.1.9_1,0.4816112084063048,0.8930285549745876
2024,05,EST.12.10.1_1,0.48861646234676015,0.8970150500409678
2024,05,EST.12.10.10_1,0.4290718038528897,0.8601744009211155
2024,05,EST.12.10.11_1,0.4763572679509633,0.8899797750510963
2024,05,EST.12.10.12_1,0.43782837127845886,0.8660254037844386
2024,05,EST.12.10.13_1,0.4168126094570928,0.8517182632772413
2024,05,EST.12.10.14_1,0.44133099824868655,0.8683225207260261
2024,05,EST.12.10.15_1,0.48686514886164634,0.8960267853139213
2024,05,EST.12.10.16_1,0.44133099824868655,0.8683225207260261
2024,05,EST.12.10.17_1,0.44483362521891423,0.8705951987002916
2024,05,EST.12.10.18_1,0.4570928196147111,0.8783598351473045
2024,05,EST.12.10.19_1,0.43257443082311736,0.8625334776111592
2024,05,EST.12.10.2_1,0.4080560420315237,0.8454844764985339
2024,05,EST.12.10.20_1,0.47810858143607715,0.8910016835000931
2024,05,EST.12.10.21_1,0.48511383537653247,0.8950329602869382
2024,05,EST.12.10.22_1,0.48511383537653247,0.8950329602869382
2024,05,EST.12.10.23_1,0.48336252189141865,0.8940335564172074
2024,05,EST.12.10.24_1,0.4080560420315237,0.8454844764985339
2024,05,EST.12.10.25_1,0.43782837127845886,0.8660254037844386
2024,05,EST.12.10.26_1,0.43782837127845886,0.8660254037844386
2024,05,EST.12.10.27_1,0.4535901926444834,0.8761712161444246
2024,05,EST.12.10.28_1,0.4816112084063048,0.8930285549745876
2024,05,EST.12.10.29_1,0.4816112084063048,0.8930285549745876
2024,05,EST.12.10.3_1,0.4623467600700526,0.8815985480931783
2024,05,EST.12.10.30_1,0.4238178633975482,0.8565885826929985
2024,05,EST.12.10.31_1,0.43607705779334505,0.8648676199280442
2024,05,EST.12.10.32_1,0.490367775831874,0.8979977728257459
2024,05,EST.12.10.33_1,0.44483362521891423,0.8705951987002916
2024,05,EST.12.10.34_1,0.4676007005253941,0.8847847195787232
2024,05,EST.12.10.35_1,0.4640980735551664,0.8826664149042944
2024,05,EST.12.10.36_1,0.4623467600700526,0.8815985480931783
2024,05,EST.12.10.37_1,0.4483362521891419,0.8728436286070947
2024,05,EST.12.10.4_1,0.4203152364273205,0.8541662601625049
2024,05,EST.12.10.5_1,0.4430823117338004,0.8694619025581282
2024,05,EST.12.10.6_1,0.40630472854640987,0.8442179813294668
2024,05,EST.12.10.7_1,0.47810858143607715,0.8910016835000931
2024,05,EST.12.10.8_1,0.5183887915936953,0.9129819275319747
2024,05,EST.12.10.9_1,0.4588441330998249,0.8794452797076121
2024,05,EST.12.11.1_1,0.4763572679509633,0.8899797750510963
2024,05,EST.12.11.10_1,0.51138353765324,0.909364613342745
2024,05,EST.12.11.11_1,0.4816112084063048,0.8930285549745876
2024,05,EST.12.11.12_1,0.5236427320490368,0.9156396671180208
2024,05,EST.12.11.13_1,0.5306479859894921,0.9191104395011516
2024,05,EST.12.11.14_1,0.5061295971978984,0.9065958305661901
2024,05,EST.12.11.15_1,0.5534150612959721,0.9298257901349047
2024,05,EST.12.11.16_1,0.5148861646234676,0.9111838453352868
2024,05,EST.12.11.17_1,0.44483362521891423,0.8705951987002916
2024,05,EST.12.11.18_1,0.521891418563923,0.9147589846511485
2024,05,EST.12.11.19_1,0.5709281961471104,0.9374945333173949
2024,05,EST.12.11.20_1,0.4973730297723292,0.9018736053350269
2024,05,EST.12.11.21_1,0.4623467600700526,0.8815985480931783
2024,05,EST.12.11.22_1,0.5236427320490368,0.9156396671180208
2024,05,EST.12.11.23_1,0.542907180385289,0.9249864863877743
2024,05,EST.12.11.24_1,0.4973730297723292,0.9018736053350269
2024,05,EST.12.11.25_1,0.5201401050788091,0.9138730765264944
2024,05,EST.12.11.26_1,0.5026269702276708,0.9047231620777706
2024,05,EST.12.11.27_1,0.5499124343257443,0.9282327294380435
2024,05,EST.12.11.28_1,0.5183887915936953,0.9129819275319747
2024,05,EST.12.11.29_1,0.4973730297723292,0.9018736053350269
2024,05,EST.12.11.3_1,0.4711033274956218,0.8868799242287537
2024,05,EST.12.11.30_1,0.5061295971978984,0.9065958305661901
2024,05,EST.12.11.31_1,0.490367775831874,0.8979977728257459
2024,05,EST.12.11.32_1,0.5446584938704029,0.9258055951440345
2024,05,EST.12.11.33_1,0.5271453590192645,0.9173854151881858
2024,05,EST.12.11.34_1,0.5026269702276708,0.9047231620777706
2024,05,EST.12.11.35_1,0.45534150612959723,0.8772684879784524
2024,05,EST.12.11.36_1,0.5096322241681261,0.9084470265238365
2024,05,EST.12.11.38_1,0.5464098073555167,0.9266196630764966
2024,05,EST.12.11.4_1,0.500875656742557,0.9037787339830473
2024,05,EST.12.11.40_1,0.5236427320490368,0.9156396671180208
2024,05,EST.12.11.41_1,0.5183887915936953,0.9129819275319747
2024,05,EST.12.11.5_1,0.4973730297723292,0.9018736053350269
2024,05,EST.12.11.6_1,0.5148861646234676,0.9111838453352868
2024,05,EST.12.11.7_1,0.5096322241681261,0.9084470265238365
2024,05,EST.12.11.8_1,0.4973730297723292,0.9018736053350269
2024,05,EST.12.11.9_1,0.46935201401050797,0.885835199120017
2024,05,EST.12.12.1_1,0.47460595446584947,0.8889521921903337
2024,05,EST.12.12.10_1,0.4676007005253941,0.8847847195787232
2024,05,EST.12.12.12_1,0.44483362521891423,0.8705951987002916
2024,05,EST.12.12.13_1,0.47810858143607715,0.8910016835000931
2024,05,EST.12.12.14_1,0.4991243432574431,0.9028288874421332
2024,05,EST.12.12.15_1,0.4203152364273205,0.8541662601625049
2024,05,EST.12.12.16_1,0.46935201401050797,0.885835199120017
2024,05,EST.12.12.17_1,0.4588441330998249,0.8794452797076121
2024,05,EST.12.12.18_1,0.4588441330998249,0.8794452797076121
2024,05,EST.12.12.19_1,0.48861646234676015,0.8970150500409678
2024,05,EST.12.12.2_1,0.4430823117338004,0.8694619025581282
2024,05,EST.12.12.20_1,0.4676007005253941,0.8847847195787232
2024,05,EST.12.12.21_1,0.4588441330998249,0.8794452797076121
2024,05,EST.12.12.22_1,0.47985989492119097,0.8920179370393849
2024,05,EST.12.12.23_1,0.4728546409807356,0.8879189152169246
2024,05,EST.12.12.24_1,0.5096322241681261,0.9084470265238365
2024,05,EST.12.12.25_1,0.5096322241681261,0.9084470265238365
2024,05,EST.12.12.26_1,0.4605954465849388,0.8805248434882459
2024,05,EST.12.12.27_1,0.500875656742557,0.9037787339830473
2024,05,EST.12.12.28_1,0.43082311733800355,0.8613570688164114
2024,05,EST.12.12.29_1,0.5061295971978984,0.9065958305661901
2024,05,EST.12.12.3_1,0.47810858143607715,0.8910016835000931
2024,05,EST.12.12.30_1,0.4956217162872154,0.9009128703709366
2024,05,EST.12.12.4_1,0.4640980735551664,0.8826664149042944
2024,05,EST.12.12.5_1,0.4640980735551664,0.8826664149042944
2024,05,EST.12.12.6_1,0.44483362521891423,0.8705951987002916
2024,05,EST.12.12.7_1,0.48861646234676015,0.8970150500409678
2024,05,EST.12.12.8_1,0.43782837127845886,0.8660254037844386
2024,05,EST.12.12.9_1,0.4623467600700526,0.8815985480931783
2024,05,EST.12.14.10_1,0.5288966725043783,0.918250510481753
2024,05,EST.12.14.11_1,0.48336252189141865,0.8940335564172074
2024,05,EST.12.14.12_1,0.490367775831874,0.8979977728257459
2024,05,EST.12.14.14_1,0.4763572679509633,0.8899797750510963
2024,05,EST.12.14.16_1,0.5061295971978984,0.9065958305661901
2024,05,EST.12.14.17_1,0.5726795096322242,0.9382345122622595
2024,05,EST.12.14.18_1,0.5271453590192645,0.9173854151881858
2024,05,EST.12.14.19_1,0.5096322241681261,0.9084470265238365
2024,05,EST.12.14.20_1,0.5148861646234676,0.9111838453352868
2024,05,EST.12.14.21_1,0.4816112084063048,0.8930285549745876
2024,05,EST.12.14.24_1,0.4816112084063048,0.8930285549745876
2024,05,EST.12.14.25_1,0.5901926444833626,0.9453697689264238
2024,05,EST.12.14.3_1,0.5814360770577934,0.9418619856433319
2024,05,EST.12.14.5_1,0.49211908931698783,0.8989749718429317
2024,05,EST.12.15.1_1,0.6199649737302978,0.9564183185196736
2024,05,EST.12.15.10_1,0.5849387040280211,0.9432793859721519
2024,05,EST.12.15.11_1,0.5989492119089318,0.9487591896788141
2024,05,EST.12.15.12_1,0.6024518388791593,0.9500821017154254
2024,05,EST.12.15.14_1,0.6462346760070053,0.965067873260736
2024,05,EST.12.15.15_1,0.5919439579684764,0.946057080730333
2024,05,EST.12.15.16_1,0.5796847635726796,0.9411461098044235
2024,05,EST.12.15.17_1,0.5796847635726796,0.9411461098044235
2024,05,EST.12.15.18_1,0.5569176882661997,0.931398947819891
2024,05,EST.12.15.19_1,0.6234676007005254,0.9576304088739037
2024,05,EST.12.15.2_1,0.6007005253940456,0.9494229826584145
2024,05,EST.12.15.20_1,0.6077057793345009,0.9520315120835025
2024,05,EST.12.15.3_1,0.5499124343257443,0.9282327294380435
2024,05,EST.12.15.4_1,0.5761821366024519,0.939699952112375
2024,05,EST.12.15.5_1,0.586690017513135,0.9439809320108113
2024,05,EST.12.15.7_1,0.5604203152364273,0.9329523031752481
2024,05,EST.12.15.8_1,0.5901926444833626,0.9453697689264238
2024,05,EST.12.15.9_1,0.6042031523642732,0.9507365565707464
2024,05,EST.12.16.1_1,0.5131348511383538,0.9102768809543611
2024,05,EST.12.16.10_1,0.4518388791593696,0.8750679973579196
2024,05,EST.12.16.11_1,0.4676007005253941,0.8847847195787232
2024,05,EST.12.16.12_1,0.4588441330998249,0.8794452797076121
2024,05,EST.12.16.13_1,0.490367775831874,0.8979977728257459
2024,05,EST.12.16.14_1,0.5271453590192645,0.9173854151881858
2024,05,EST.12.16.15_1,0.4816112084063048,0.8930285549745876
2024,05,EST.12.16.16_1,0.5061295971978984,0.9065958305661901
2024,05,EST.12.16.18_1,0.4973730297723292,0.9018736053350269
2024,05,EST.12.16.19_1,0.5096322241681261,0.9084470265238365
2024,05,EST.12.16.2_1,0.4973730297723292,0.9018736053350269
2024,05,EST.12.16.20_1,0.5078809106830122,0.9075241043630743
2024,05,EST.12.16.21_1,0.5183887915936953,0.9129819275319747
2024,05,EST.12.16.22_1,0.4956217162872154,0.9009128703709366
2024,05,EST.12.16.24_1,0.48336252189141865,0.8940335564172074
2024,05,EST.12.16.25_1,0.5131348511383538,0.9102768809543611
2024,05,EST.12.16.26_1,0.47810858143607715,0.8910016835000931
2024,05,EST.12.16.27_1,0.48511383537653247,0.8950329602869382
2024,05,EST.12.16.28_1,0.4676007005253941,0.8847847195787232
2024,05,EST.12.16.29_1,0.48861646234676015,0.8970150500409678
2024,05,EST.12.16.3_1,0.49211908931698783,0.8989749718429317
2024,05,EST.12.16.30_1,0.5026269702276708,0.9047231620777706
2024,05,EST.12.16.31_1,0.5288966725043783,0.918250510481753
2024,05,EST.12.16.32_1,0.51138353765324,0.909364613342745
2024,05,EST.12.16.33_1,0.44483362521891423,0.8705951987002916
2024,05,EST.12.16.4_1,0.5096322241681261,0.9084470265238365
2024,05,EST.12.16.5_1,0.4973730297723292,0.9018736053350269
2024,05,EST.12.16.6_1,0.48861646234676015,0.8970150500409678
2024,05,EST.12.16.7_1,0.4973730297723292,0.9018736053350269
2024,05,EST.12.16.8_1,0.47460595446584947,0.8889521921903337
2024,05,EST.12.16.9_1,0.4676007005253941,0.8847847195787232
2024,05,EST.12.2.1_1,0.47985989492119097,0.8920179370393849
2024,05,EST.12.2.10_1,0.4763572679509633,0.8899797750510963
2024,05,EST.12.2.11_1,0.4991243432574431,0.9028288874421332
2024,05,EST.12.2.12_1,0.4973730297723292,0.9018736053350269
2024,05,EST.12.2.13_1,0.4816112084063048,0.8930285549745876
2024,05,EST.12.2.14_1,0.47985989492119097,0.8920179370393849
2024,05,EST.12.2.15_1,0.4623467600700526,0.8815985480931783
2024,05,EST.12.2.16_1,0.521891418563923,0.9147589846511485
2024,05,EST.12.2.17_1,0.4991243432574431,0.9028288874421332
2024,05,EST.12.2.18_1,0.4938704028021016,0.8999466650863261
2024,05,EST.12.2.19_1,0.4973730297723292,0.9018736053350269
2024,05,EST.12.2.2_1,0.47460595446584947,0.8889521921903337
2024,05,EST.12.2.20_1,0.500875656742557,0.9037787339830473
2024,05,EST.12.2.21_1,0.5131348511383538,0.9102768809543611
2024,05,EST.12.2.22_1,0.4728546409807356,0.8879189152169246
2024,05,EST.12.2.23_1,0.4763572679509633,0.8899797750510963
2024,05,EST.12.2.3_1,0.48336252189141865,0.8940335564172074
2024,05,EST.12.2.4_1,0.4973730297723292,0.9018736053350269
2024,05,EST.12.2.5_1,0.4658493870402803,0.883728465084157
2024,05,EST.12.2.6_1,0.5201401050788091,0.9138730765264944
2024,05,EST.12.2.7_1,0.5096322241681261,0.9084470265238365
2024,05,EST.12.2.8_1,0.4570928196147111,0.8783598351473045
2024,05,EST.12.2.9_1,0.4640980735551664,0.8826664149042944
2024,05,EST.12.3.1_1,0.4588441330998249,0.8794452797076121
2024,05,EST.12.3.10_1,0.4816112084063048,0.8930285549745876
2024,05,EST.12.3.11_1,0.48686514886164634,0.8960267853139213
2024,05,EST.12.3.13_1,0.48686514886164634,0.8960267853139213
2024,05,EST.12.3.14_1,0.5096322241681261,0.9084470265238365
2024,05,EST.12.3.15_1,0.5183887915936953,0.9129819275319747
2024,05,EST.12.3.16_1,0.47460595446584947,0.8889521921903337
2024,05,EST.12.3.17_1,0.4956217162872154,0.9009128703709366
2024,05,EST.12.3.19_1,0.48511383537653247,0.8950329602869382
2024,05,EST.12.3.2_1,0.48511383537653247,0.8950329602869382
2024,05,EST.12.3.20_1,0.49211908931698783,0.8989749718429317
2024,05,EST.12.3.21_1,0.4605954465849388,0.8805248434882459
2024,05,EST.12.3.24_1,0.5166374781085814,0.9120855223058855
2024,05,EST.12.3.25_1,0.5148861646234676,0.9111838453352868
2024,05,EST.12.3.26_1,0.49211908931698783,0.8989749718429317
2024,05,EST.12.3.27_1,0.47810858143607715,0.8910016835000931
2024,05,EST.12.3.29_1,0.5061295971978984,0.9065958305661901
2024,05,EST.12.3.3_1,0.532399299474606,0.9199652167337633
2024,05,EST.12.3.30_1,0.5061295971978984,0.9065958305661901
2024,05,EST.12.3.32_1,0.47460595446584947,0.8889521921903337
2024,05,EST.12.3.35_1,0.47985989492119097,0.8920179370393849
2024,05,EST.12.3.37_1,0.47985989492119097,0.8920179370393849
2024,05,EST.12.3.38_1,0.4973730297723292,0.9018736053350269
2024,05,EST.12.3.39_1,0.4658493870402803,0.883728465084157
2024,05,EST.12.3.40_1,0.5148861646234676,0.9111838453352868
2024,05,EST.12.3.42_1,0.4518388791593696,0.8750679973579196
2024,05,EST.12.3.5_1,0.5043782837127846,0.905662188677434
2024,05,EST.12.3.6_1,0.5236427320490368,0.9156396671180208
2024,05,EST.12.3.7_1,0.47985989492119097,0.8920179370393849
2024,05,EST.12.3.8_1,0.47985989492119097,0.8920179370393849
2024,05,EST.12.3.9_1,0.4973730297723292,0.9018736053350269
2024,05,EST.12.4.1_1,0.5516637478108581,0.9290317540321213
2024,05,EST.12.5.1_1,0.4973730297723292,0.9018736053350269
2024,05,EST.12.5.10_1,0.49211908931698783,0.8989749718429317
2024,05,EST.12.5.11_1,0.48861646234676015,0.8970150500409678
2024,05,EST.12.5.12_1,0.521891418563923,0.9147589846511485
2024,05,EST.12.5.13_1,0.5201401050788091,0.9138730765264944
2024,05,EST.12.5.14_1,0.5131348511383538,0.9102768809543611
2024,05,EST.12.5.15_1,0.5376532399299475,0.9224987804869988
2024,05,EST.12.5.16_1,0.4991243432574431,0.9028288874421332
2024,05,EST.12.5.17_1,0.5306479859894921,0.9191104395011516
2024,05,EST.12.5.19_1,0.47810858143607715,0.8910016835000931
2024,05,EST.12.5.2_1,0.5131348511383538,0.9102768809543611
2024,05,EST.12.5.20_1,0.51138353765324,0.909364613342745
2024,05,EST.12.5.21_1,0.46935201401050797,0.885835199120017
2024,05,EST.12.5.22_1,0.5078809106830122,0.9075241043630743
2024,05,EST.12.5.23_1,0.4938704028021016,0.8999466650863261
2024,05,EST.12.5.24_1,0.5411558669001751,0.9241623234042816
2024,05,EST.12.5.3_1,0.5026269702276708,0.9047231620777706
2024,05,EST.12.5.4_1,0.5096322241681261,0.9084470265238365
2024,05,EST.12.5.5_1,0.5078809106830122,0.9075241043630743
2024,05,EST.12.5.6_1,0.5043782837127846,0.905662188677434
2024,05,EST.12.5.7_1,0.48861646234676015,0.8970150500409678
2024,05,EST.12.5.8_1,0.5131348511383538,0.9102768809543611
2024,05,EST.12.5.9_1,0.5271453590192645,0.9173854151881858
2024,05,EST.12.6.1_1,0.4711033274956218,0.8868799242287537
2024,05,EST.12.6.10_1,0.48336252189141865,0.8940335564172074
2024,05,EST.12.6.11_1,0.45534150612959723,0.8772684879784524
2024,05,EST.12.6.12_1,0.4640980735551664,0.8826664149042944
2024,05,EST.12.6.13_1,0.3905429071803853,0.8325166664998365
2024,05,EST.12.6.14_1,0.40455341506129605,0.8429448380528823
2024,05,EST.12.6.15_1,0.42556917688266205,0.8577901841359576
2024,05,EST.12.6.16_1,0.4711033274956218,0.8868799242287537
2024,05,EST.12.6.17_1,0.4623467600700526,0.8815985480931783
2024,05,EST.12.6.18_1,0.47810858143607715,0.8910016835000931
2024,05,EST.12.6.19_1,0.4133099824868652,0.84924437001372
2024,05,EST.12.6.2_1,0.43607705779334505,0.8648676199280442
2024,05,EST.12.6.20_1,0.46935201401050797,0.885835199120017
2024,05,EST.12.6.21_1,0.42732049036777586,0.8589854480723175
2024,05,EST.12.6.22_1,0.43957968476357273,0.867177029216065
2024,05,EST.12.6.23_1,0.4168126094570928,0.8517182632772413
2024,05,EST.12.6.24_1,0.4483362521891419,0.8728436286070947
2024,05,EST.12.6.25_1,0.44483362521891423,0.8705951987002916
2024,05,EST.12.6.26_1,0.4238178633975482,0.8565885826929985
2024,05,EST.12.6.27_1,0.4816112084063048,0.8930285549745876
2024,05,EST.12.6.28_1,0.4588441330998249,0.8794452797076121
2024,05,EST.12.6.29_1,0.4518388791593696,0.8750679973579196
2024,05,EST.12.6.3_1,0.47460595446584947,0.8889521921903337
2024,05,EST.12.6.30_1,0.44658493870402804,0.8717224328879003
2024,05,EST.12.6.31_1,0.45008756567425573,0.8739588090980032
2024,05,EST.12.6.32_1,0.42556917688266205,0.8577901841359576
2024,05,EST.12.6.33_1,0.4238178633975482,0.8565885826929985
2024,05,EST.12.6.34_1,0.4185639229422067,0.8529454847761373
2024,05,EST.12.6.35_1,0.394045534150613,0.8351646544245033
2024,05,EST.12.6.36_1,0.43082311733800355,0.8613570688164114
2024,05,EST.12.6.37_1,0.4991243432574431,0.9028288874421332
2024,05,EST.12.6.38_1,0.44483362521891423,0.8705951987002916
2024,05,EST.12.6.39_1,0.490367775831874,0.8979977728257459
2024,05,EST.12.6.4_1,0.43957968476357273,0.867177029216065
2024,05,EST.12.6.40_1,0.44658493870402804,0.8717224328879003
2024,05,EST.12.6.41_1,0.44483362521891423,0.8705951987002916
2024,05,EST.12.6.42_1,0.48336252189141865,0.8940335564172074
2024,05,EST.12.6.43_1,0.4623467600700526,0.8815985480931783
2024,05,EST.12.6.44_1,0.40630472854640987,0.8442179813294668
2024,05,EST.12.6.45_1,0.4133099824868652,0.84924437001372
2024,05,EST.12.6.46_1,0.44483362521891423,0.8705951987002916
2024,05,EST.12.6.47_1,0.44483362521891423,0.8705951987002916
2024,05,EST.12.6.48_1,0.4623467600700526,0.8815985480931783
2024,05,EST.12.6.49_1,0.4763572679509633,0.8899797750510963
2024,05,EST.12.6.5_1,0.4640980735551664,0.8826664149042944
2024,05,EST.12.6.50_1,0.5569176882661997,0.931398947819891
2024,05,EST.12.6.51_1,0.4115586690017513,0.8479976415061541
2024,05,EST.12.6.52_1,0.4676007005253941,0.8847847195787232
2024,05,EST.12.6.53_1,0.45008756567425573,0.8739588090980032
2024,05,EST.12.6.54_1,0.4570928196147111,0.8783598351473045
2024,05,EST.12.6.6_1,0.43607705779334505,0.8648676199280442
2024,05,EST.12.6.7_1,0.4483362521891419,0.8728436286070947
2024,05,EST.12.6.8_1,0.48336252189141865,0.8940335564172074
2024,05,EST.12.6.9_1,0.48511383537653247,0.8950329602869382
2024,05,EST.12.7.1_1,0.43257443082311736,0.8625334776111592
2024,05,EST.12.7.10_1,0.48861646234676015,0.8970150500409678
2024,05,EST.12.7.13_1,0.4711033274956218,0.8868799242287537
2024,05,EST.12.7.14_1,0.4430823117338004,0.8694619025581282
2024,05,EST.12.7.15_1,0.4658493870402803,0.883728465084157
2024,05,EST.12.7.16_1,0.490367775831874,0.8979977728257459
2024,05,EST.12.7.17_1,0.48861646234676015,0.8970150500409678
2024,05,EST.12.7.18_1,0.48686514886164634,0.8960267853139213
2024,05,EST.12.7.19_1,0.5148861646234676,0.9111838453352868
2024,05,EST.12.7.2_1,0.4728546409807356,0.8879189152169246
2024,05,EST.12.7.22_1,0.45534150612959723,0.8772684879784524
2024,05,EST.12.7.23_1,0.5586690017513135,0.9321780945720619
2024,05,EST.12.7.24_1,0.43607705779334505,0.8648676199280442
2024,05,EST.12.7.25_1,0.4938704028021016,0.8999466650863261
2024,05,EST.12.7.3_1,0.47810858143607715,0.8910016835000931
2024,05,EST.12.7.4_1,0.4535901926444834,0.8761712161444246
2024,05,EST.12.7.5_1,0.4483362521891419,0.8728436286070947
2024,05,EST.12.7.6_1,0.49211908931698783,0.8989749718429317
2024,05,EST.12.7.7_1,0.47810858143607715,0.8910016835000931
2024,05,EST.12.7.8_1,0.4570928196147111,0.8783598351473045
2024,05,EST.12.7.9_1,0.5061295971978984,0.9065958305661901
2024,05,EST.12.8.1_1,0.49211908931698783,0.8989749718429317
2024,05,EST.12.8.10_1,0.500875656742557,0.9037787339830473
2024,05,EST.12.8.11_1,0.5306479859894921,0.9191104395011516
2024,05,EST.12.8.12_1,0.500875656742557,0.9037787339830473
2024,05,EST.12.8.13_1,0.5341506129597198,0.920814856526544
2024,05,EST.12.8.14_1,0.5236427320490368,0.9156396671180208
2024,05,EST.12.8.15_1,0.43957968476357273,0.867177029216065
2024,05,EST.12.8.16_1,0.47460595446584947,0.8889521921903337
2024,05,EST.12.8.17_1,0.4763572679509633,0.8899797750510963
2024,05,EST.12.8.18_1,0.48511383537653247,0.8950329602869382
2024,05,EST.12.8.19_1,0.4938704028021016,0.8999466650863261
2024,05,EST.12.8.2_1,0.542907180385289,0.9249864863877743
2024,05,EST.12.8.20_1,0.5271453590192645,0.9173854151881858
2024,05,EST.12.8.21_1,0.47810858143607715,0.8910016835000931
2024,05,EST.12.8.22_1,0.500875656742557,0.9037787339830473
2024,05,EST.12.8.23_1,0.4658493870402803,0.883728465084157
2024,05,EST.12.8.24_1,0.4763572679509633,0.8899797750510963
2024,05,EST.12.8.25_1,0.48336252189141865,0.8940335564172074
2024,05,EST.12.8.26_1,0.48336252189141865,0.8940335564172074
2024,05,EST.12.8.27_1,0.48686514886164634,0.8960267853139213
2024,05,EST.12.8.28_1,0.4658493870402803,0.883728465084157
2024,05,EST.12.8.3_1,0.4605954465849388,0.8805248434882459
2024,05,EST.12.8.30_1,0.4676007005253941,0.8847847195787232
2024,05,EST.12.8.31_1,0.5183887915936953,0.9129819275319747
2024,05,EST.12.8.32_1,0.4518388791593696,0.8750679973579196
2024,05,EST.12.8.33_1,0.5026269702276708,0.9047231620777706
2024,05,EST.12.8.34_1,0.5043782837127846,0.905662188677434
2024,05,EST.12.8.35_1,0.5061295971978984,0.9065958305661901
2024,05,EST.12.8.36_1,0.500875656742557,0.9037787339830473
2024,05,EST.12.8.37_1,0.5551663747810859,0.9306148505155073
2024,05,EST.12.8.38_1,0.4640980735551664,0.8826664149042944
2024,05,EST.12.8.39_1,0.4728546409807356,0.8879189152169246
2024,05,EST.12.8.4_1,0.4728546409807356,0.8879189152169246
2024,05,EST.12.8.40_1,0.48861646234676015,0.8970150500409678
2024,05,EST.12.8.41_1,0.51138353765324,0.909364613342745
2024,05,EST.12.8.42_1,0.5078809106830122,0.9075241043630743
2024,05,EST.12.8.43_1,0.43607705779334505,0.8648676199280442
2024,05,EST.12.8.44_1,0.5061295971978984,0.9065958305661901
2024,05,EST.12.8.45_1,0.5043782837127846,0.905662188677434
2024,05,EST.12.8.46_1,0.4973730297723292,0.9018736053350269
2024,05,EST.12.8.47_1,0.5253940455341506,0.916515138991168
2024,05,EST.12.8.48_1,0.4640980735551664,0.8826664149042944
2024,05,EST.12.8.49_1,0.4570928196147111,0.8783598351473045
2024,05,EST.12.8.5_1,0.4658493870402803,0.883728465084157
2024,05,EST.12.8.50_1,0.4711033274956218,0.8868799242287537
2024,05,EST.12.8.51_1,0.4676007005253941,0.8847847195787232
2024,05,EST.12.8.6_1,0.4676007005253941,0.8847847195787232
2024,05,EST.12.8.7_1,0.4658493870402803,0.883728465084157
2024,05,EST.12.8.8_1,0.46935201401050797,0.885835199120017
2024,05,EST.12.8.9_1,0.4728546409807356,0.8879189152169246
2024,05,EST.12.9.1_1,0.4605954465849388,0.8805248434882459
2024,05,EST.12.9.11_1,0.5043782837127846,0.905662188677434
2024,05,EST.12.9.12_1,0.4956217162872154,0.9009128703709366
2024,05,EST.12.9.15_1,0.48511383537653247,0.8950329602869382
2024,05,EST.12.9.16_1,0.5148861646234676,0.9111838453352868
2024,05,EST.12.9.17_1,0.47810858143607715,0.8910016835000931
2024,05,EST.12.9.19_1,0.4640980735551664,0.8826664149042944
2024,05,EST.12.9.2_1,0.45534150612959723,0.8772684879784524
2024,05,EST.12.9.20_1,0.5236427320490368,0.9156396671180208
2024,05,EST.12.9.21_1,0.48861646234676015,0.8970150500409678
2024,05,EST.12.9.3_1,0.51138353765324,0.909364613342745
2024,05,EST.12.9.4_1,0.4956217162872154,0.9009128703709366
2024,05,EST.12.9.6_1,0.3905429071803853,0.8325166664998365
2024,05,EST.12.9.9_1,0.4816112084063048,0.8930285549745876
2024,05,EST.13.1.1_1,0.43607705779334505,0.8648676199280442
2024,05,EST.13.1.10_1,0.4518388791593696,0.8750679973579196
2024,05,EST.13.1.11_1,0.44133099824868655,0.8683225207260261
2024,05,EST.13.1.12_1,0.4430823117338004,0.8694619025581282
2024,05,EST.13.1.13_1,0.42556917688266205,0.8577901841359576
2024,05,EST.13.1.14_1,0.46935201401050797,0.885835199120017
2024,05,EST.13.1.15_1,0.4640980735551664,0.8826664149042944
2024,05,EST.13.1.16_1,0.4518388791593696,0.8750679973579196
2024,05,EST.13.1.17_1,0.44483362521891423,0.8705951987002916
2024,05,EST.13.1.18_1,0.43957968476357273,0.867177029216065
2024,05,EST.13.1.19_1,0.42732049036777586,0.8589854480723175
2024,05,EST.13.1.2_1,0.4080560420315237,0.8454844764985339
2024,05,EST.13.1.20_1,0.4535901926444834,0.8761712161444246
2024,05,EST.13.1.21_1,0.4430823117338004,0.8694619025581282
2024,05,EST.13.1.22_1,0.4483362521891419,0.8728436286070947
2024,05,EST.13.1.23_1,0.47460595446584947,0.8889521921903337
2024,05,EST.13.1.24_1,0.42206654991243436,0.8553806170354809
2024,05,EST.13.1.25_1,0.4623467600700526,0.8815985480931783
2024,05,EST.13.1.26_1,0.43782837127845886,0.8660254037844386
2024,05,EST.13.1.27_1,0.43082311733800355,0.8613570688164114
2024,05,EST.13.1.28_1,0.4816112084063048,0.8930285549745876
2024,05,EST.13.1.29_1,0.4168126094570928,0.8517182632772413
2024,05,EST.13.1.3_1,0.44658493870402804,0.8717224328879003
2024,05,EST.13.1.30_1,0.4133099824868652,0.84924437001372
2024,05,EST.13.1.31_1,0.45008756567425573,0.8739588090980032
2024,05,EST.13.1.32_1,0.4588441330998249,0.8794452797076121
2024,05,EST.13.1.4_1,0.4676007005253941,0.8847847195787232
2024,05,EST.13.1.5_1,0.4640980735551664,0.8826664149042944
2024,05,EST.13.1.6_1,0.4203152364273205,0.8541662601625049
2024,05,EST.13.1.7_1,0.4588441330998249,0.8794452797076121
2024,05,EST.13.1.8_1,0.3992994746059545,0.8390852161729463
2024,05,EST.13.1.9_1,0.45008756567425573,0.8739588090980032
2024,05,EST.13.10.1_1,0.47810858143607715,0.8910016835000931
2024,05,EST.13.10.10_1,0.4483362521891419,0.8728436286070947
2024,05,EST.13.10.2_1,0.4763572679509633,0.8899797750510963
2024,05,EST.13.10.3_1,0.4185639229422067,0.8529454847761373
2024,05,EST.13.10.4_1,0.4623467600700526,0.8815985480931783
2024,05,EST.13.10.5_1,0.43432574430823123,0.8637036528810099
2024,05,EST.13.10.6_1,0.4605954465849388,0.8805248434882459
2024,05,EST.13.10.7_1,0.490367775831874,0.8979977728257459
2024,05,EST.13.10.8_1,0.4711033274956218,0.8868799242287537
2024,05,EST.13.10.9_1,0.4430823117338004,0.8694619025581282
2024,05,EST.13.11.1_1,0.43957968476357273,0.867177029216065
2024,05,EST.13.11.10_1,0.43082311733800355,0.8613570688164114
2024,05,EST.13.11.11_1,0.42556917688266205,0.8577901841359576
2024,05,EST.13.11.12_1,0.4203152364273205,0.8541662601625049
2024,05,EST.13.11.13_1,0.47460595446584947,0.8889521921903337
2024,05,EST.13.11.14_1,0.39579684763572687,0.8364783320564855
2024,05,EST.13.11.15_1,0.44658493870402804,0.8717224328879003
2024,05,EST.13.11.16_1,0.4711033274956218,0.8868799242287537
2024,05,EST.13.11.17_1,0.43082311733800355,0.8613570688164114
2024,05,EST.13.11.18_1,0.3975481611208407,0.8377851753283774
2024,05,EST.13.11.19_1,0.4588441330998249,0.8794452797076121
2024,05,EST.13.11.2_1,0.4430823117338004,0.8694619025581282
2024,05,EST.13.11.20_1,0.4203152364273205,0.8541662601625049
2024,05,EST.13.11.21_1,0.4290718038528897,0.8601744009211155
2024,05,EST.13.11.22_1,0.40105078809106837,0.8403784861596588
2024,05,EST.13.11.3_1,0.42732049036777586,0.8589854480723175
2024,05,EST.13.11.4_1,0.36427320490367776,0.8117536572138127
2024,05,EST.13.11.5_1,0.43957968476357273,0.867177029216065
2024,05,EST.13.11.6_1,0.43432574430823123,0.8637036528810099
2024,05,EST.13.11.7_1,0.43782837127845886,0.8660254037844386
2024,05,EST.13.11.8_1,0.43607705779334505,0.8648676199280442
2024,05,EST.13.11.9_1,0.40630472854640987,0.8442179813294668
2024,05,EST.13.12.1_1,0.4570928196147111,0.8783598351473045
2024,05,EST.13.12.2_1,0.43432574430823123,0.8637036528810099
2024,05,EST.13.12.3_1,0.4570928196147111,0.8783598351473045
2024,05,EST.13.12.4_1,0.4535901926444834,0.8761712161444246
2024,05,EST.13.12.5_1,0.47460595446584947,0.8889521921903337
2024,05,EST.13.12.6_1,0.4711033274956218,0.8868799242287537
2024,05,EST.13.13.1_1,0.490367775831874,0.8979977728257459
2024,05,EST.13.14.1_1,0.4711033274956218,0.8868799242287537
2024,05,EST.13.14.10_1,0.4430823117338004,0.8694619025581282
2024,05,EST.13.14.11_1,0.40455341506129605,0.8429448380528823
2024,05,EST.13.14.12_1,0.42206654991243436,0.8553806170354809
2024,05,EST.13.14.13_1,0.4028021015761822,0.8416650165000324
2024,05,EST.13.14.14_1,0.42556917688266205,0.8577901841359576
2024,05,EST.13.14.15_1,0.4203152364273205,0.8541662601625049
2024,05,EST.13.14.16_1,0.43782837127845886,0.8660254037844386
2024,05,EST.13.14.17_1,0.4676007005253941,0.8847847195787232
2024,05,EST.13.14.18_1,0.4430823117338004,0.8694619025581282
2024,05,EST.13.14.19_1,0.415061295971979,0.8504845677612263
2024,05,EST.13.14.2_1,0.47810858143607715,0.8910016835000931
2024,05,EST.13.14.3_1,0.42556917688266205,0.8577901841359576
2024,05,EST.13.14.4_1,0.4518388791593696,0.8750679973579196
2024,05,EST.13.14.5_1,0.4605954465849388,0.8805248434882459
2024,05,EST.13.14.6_1,0.4430823117338004,0.8694619025581282
2024,05,EST.13.14.7_1,0.43257443082311736,0.8625334776111592
2024,05,EST.13.14.8_1,0.4483362521891419,0.8728436286070947
2024,05,EST.13.14.9_1,0.44133099824868655,0.8683225207260261
2024,05,EST.13.15.1_1,0.48336252189141865,0.8940335564172074
2024,05,EST.13.15.10_1,0.4640980735551664,0.8826664149042944
2024,05,EST.13.15.11_1,0.43607705779334505,0.8648676199280442
2024,05,EST.13.15.12_1,0.48511383537653247,0.8950329602869382
2024,05,EST.13.15.13_1,0.43607705779334505,0.8648676199280442
2024,05,EST.13.15.14_1,0.4676007005253941,0.8847847195787232
2024,05,EST.13.15.15_1,0.43957968476357273,0.867177029216065
2024,05,EST.13.15.16_1,0.43432574430823123,0.8637036528810099
2024,05,EST.13.15.17_1,0.44483362521891423,0.8705951987002916
2024,05,EST.13.15.18_1,0.4518388791593696,0.8750679973579196
2024,05,EST.13.15.19_1,0.4570928196147111,0.8783598351473045
2024,05,EST.13.15.2_1,0.4816112084063048,0.8930285549745876
2024,05,EST.13.15.3_1,0.44133099824868655,0.8683225207260261
2024,05,EST.13.15.4_1,0.4290718038528897,0.8601744009211155
2024,05,EST.13.15.5_1,0.4185639229422067,0.8529454847761373
2024,05,EST.13.15.6_1,0.490367775831874,0.8979977728257459
2024,05,EST.13.15.7_1,0.42206654991243436,0.8553806170354809
2024,05,EST.13.15.8_1,0.48861646234676015,0.8970150500409678
2024,05,EST.13.15.9_1,0.43082311733800355,0.8613570688164114
2024,05,EST.13.16.1_1,0.45534150612959723,0.8772684879784524
2024,05,EST.13.16.10_1,0.4115586690017513,0.8479976415061541
2024,05,EST.13.16.11_1,0.45534150612959723,0.8772684879784524
2024,05,EST.13.16.12_1,0.43607705779334505,0.8648676199280442
2024,05,EST.13.16.13_1,0.4605954465849388,0.8805248434882459
2024,05,EST.13.16.14_1,0.4605954465849388,0.8805248434882459
2024,05,EST.13.16.15_1,0.4535901926444834,0.8761712161444246
2024,05,EST.13.16.16_1,0.4588441330998249,0.8794452797076121
2024,05,EST.13.16.2_1,0.4238178633975482,0.8565885826929985
2024,05,EST.13.16.3_1,0.39579684763572687,0.8364783320564855
2024,05,EST.13.16.4_1,0.4605954465849388,0.8805248434882459
2024,05,EST.13.16.5_1,0.4238178633975482,0.8565885826929985
2024,05,EST.13.16.6_1,0.4290718038528897,0.8601744009211155
2024,05,EST.13.16.7_1,0.4535901926444834,0.8761712161444246
2024,05,EST.13.16.8_1,0.4115586690017513,0.8479976415061541
2024,05,EST.13.16.9_1,0.3992994746059545,0.8390852161729463
2024,05,EST.13.17.1_1,0.4483362521891419,0.8728436286070947
2024,05,EST.13.17.10_1,0.43957968476357273,0.867177029216065
2024,05,EST.13.17.11_1,0.40980735551663755,0.84674435339127
2024,05,EST.13.17.12_1,0.40455341506129605,0.8429448380528823
2024,05,EST.13.17.2_1,0.4676007005253941,0.8847847195787232
2024,05,EST.13.17.3_1,0.4570928196147111,0.8783598351473045
2024,05,EST.13.17.4_1,0.4238178633975482,0.8565885826929985
2024,05,EST.13.17.5_1,0.4570928196147111,0.8783598351473045
2024,05,EST.13.17.6_1,0.4938704028021016,0.8999466650863261
2024,05,EST.13.17.7_1,0.40630472854640987,0.8442179813294668
2024,05,EST.13.17.8_1,0.42206654991243436,0.8553806170354809
2024,05,EST.13.17.9_1,0.44483362521891423,0.8705951987002916
2024,05,EST.13.18.1_1,0.4640980735551664,0.8826664149042944
2024,05,EST.13.18.10_1,0.43432574430823123,0.8637036528810099
2024,05,EST.13.18.11_1,0.43607705779334505,0.8648676199280442
2024,05,EST.13.18.12_1,0.43257443082311736,0.8625334776111592
2024,05,EST.13.18.13_1,0.42556917688266205,0.8577901841359576
2024,05,EST.13.18.14_1,0.44133099824868655,0.8683225207260261
2024,05,EST.13.18.15_1,0.49211908931698783,0.8989749718429317
2024,05,EST.13.18.16_1,0.4938704028021016,0.8999466650863261
2024,05,EST.13.18.17_1,0.44133099824868655,0.8683225207260261
2024,05,EST.13.18.18_1,0.4290718038528897,0.8601744009211155
2024,05,EST.13.18.19_1,0.4028021015761822,0.8416650165000324
2024,05,EST.13.18.2_1,0.4133099824868652,0.84924437001372
2024,05,EST.13.18.20_1,0.4570928196147111,0.8783598351473045
2024,05,EST.13.18.21_1,0.4623467600700526,0.8815985480931783
2024,05,EST.13.18.22_1,0.4728546409807356,0.8879189152169246
2024,05,EST.13.18.23_1,0.43082311733800355,0.8613570688164114
2024,05,EST.13.18.24_1,0.39579684763572687,0.8364783320564855
2024,05,EST.13.18.25_1,0.4763572679509633,0.8899797750510963
2024,05,EST.13.18.26_1,0.42556917688266205,0.8577901841359576
2024,05,EST.13.18.27_1,0.4658493870402803,0.883728465084157
2024,05,EST.13.18.28_1,0.4518388791593696,0.8750679973579196
2024,05,EST.13.18.29_1,0.47810858143607715,0.8910016835000931
2024,05,EST.13.18.3_1,0.42206654991243436,0.8553806170354809
2024,05,EST.13.18.30_1,0.4430823117338004,0.8694619025581282
2024,05,EST.13.18.31_1,0.43607705779334505,0.8648676199280442
2024,05,EST.13.18.32_1,0.4483362521891419,0.8728436286070947
2024,05,EST.13.18.33_1,0.44658493870402804,0.8717224328879003
2024,05,EST.13.18.34_1,0.44658493870402804,0.8717224328879003
2024,05,EST.13.18.35_1,0.43257443082311736,0.8625334776111592
2024,05,EST.13.18.36_1,0.4483362521891419,0.8728436286070947
2024,05,EST.13.18.37_1,0.4430823117338004,0.8694619025581282
2024,05,EST.13.18.38_1,0.44483362521891423,0.8705951987002916
2024,05,EST.13.18.39_1,0.4711033274956218,0.8868799242287537
2024,05,EST.13.18.4_1,0.4623467600700526,0.8815985480931783
2024,05,EST.13.18.40_1,0.4728546409807356,0.8879189152169246
2024,05,EST.13.18.41_1,0.43957968476357273,0.867177029216065
2024,05,EST.13.18.42_1,0.43082311733800355,0.8613570688164114
2024,05,EST.13.18.43_1,0.42732049036777586,0.8589854480723175
2024,05,EST.13.18.44_1,0.44658493870402804,0.8717224328879003
2024,05,EST.13.18.5_1,0.40455341506129605,0.8429448380528823
2024,05,EST.13.18.6_1,0.42556917688266205,0.8577901841359576
2024,05,EST.13.18.7_1,0.4728546409807356,0.8879189152169246
2024,05,EST.13.18.8_1,0.4588441330998249,0.8794452797076121
2024,05,EST.13.18.9_1,0.42206654991243436,0.8553806170354809
2024,05,EST.13.19.1_1,0.4535901926444834,0.8761712161444246
2024,05,EST.13.19.10_1,0.42732049036777586,0.8589854480723175
2024,05,EST.13.19.11_1,0.4535901926444834,0.8761712161444246
2024,05,EST.13.19.12_1,0.4518388791593696,0.8750679973579196
2024,05,EST.13.19.13_1,0.4640980735551664,0.8826664149042944
2024,05,EST.13.19.14_1,0.43082311733800355,0.8613570688164114
2024,05,EST.13.19.2_1,0.44483362521891423,0.8705951987002916
2024,05,EST.13.19.3_1,0.43957968476357273,0.867177029216065
2024,05,EST.13.19.4_1,0.44133099824868655,0.8683225207260261
2024,05,EST.13.19.5_1,0.44658493870402804,0.8717224328879003
2024,05,EST.13.19.6_1,0.4080560420315237,0.8454844764985339
2024,05,EST.13.19.7_1,0.42206654991243436,0.8553806170354809
2024,05,EST.13.19.8_1,0.4605954465849388,0.8805248434882459
2024,05,EST.13.19.9_1,0.45008756567425573,0.8739588090980032
2024,05,EST.13.2.1_1,0.4133099824868652,0.84924437001372
2024,05,EST.13.2.2_1,0.44133099824868655,0.8683225207260261
2024,05,EST.13.20.1_1,0.4430823117338004,0.8694619025581282
2024,05,EST.13.20.10_1,0.4238178633975482,0.8565885826929985
2024,05,EST.13.20.11_1,0.4973730297723292,0.9018736053350269
2024,05,EST.13.20.12_1,0.43432574430823123,0.8637036528810099
2024,05,EST.13.20.13_1,0.42732049036777586,0.8589854480723175
2024,05,EST.13.20.14_1,0.42732049036777586,0.8589854480723175
2024,05,EST.13.20.15_1,0.4588441330998249,0.8794452797076121
2024,05,EST.13.20.16_1,0.4676007005253941,0.8847847195787232
2024,05,EST.13.20.17_1,0.4430823117338004,0.8694619025581282
2024,05,EST.13.20.18_1,0.4535901926444834,0.8761712161444246
2024,05,EST.13.20.19_1,0.4518388791593696,0.8750679973579196
2024,05,EST.13.20.2_1,0.4676007005253941,0.8847847195787232
2024,05,EST.13.20.20_1,0.5078809106830122,0.9075241043630743
2024,05,EST.13.20.21_1,0.4115586690017513,0.8479976415061541
2024,05,EST.13.20.22_1,0.49211908931698783,0.8989749718429317
2024,05,EST.13.20.23_1,0.46935201401050797,0.885835199120017
2024,05,EST.13.20.24_1,0.44483362521891423,0.8705951987002916
2024,05,EST.13.20.25_1,0.40980735551663755,0.84674435339127
2024,05,EST.13.20.26_1,0.43257443082311736,0.8625334776111592
2024,05,EST.13.20.27_1,0.44133099824868655,0.8683225207260261
2024,05,EST.13.20.28_1,0.4290718038528897,0.8601744009211155
2024,05,EST.13.20.29_1,0.4483362521891419,0.8728436286070947
2024,05,EST.13.20.3_1,0.4518388791593696,0.8750679973579196
2024,05,EST.13.20.4_1,0.44658493870402804,0.8717224328879003
2024,05,EST.13.20.5_1,0.49211908931698783,0.8989749718429317
2024,05,EST.13.20.6_1,0.47810858143607715,0.8910016835000931
2024,05,EST.13.20.7_1,0.43607705779334505,0.8648676199280442
2024,05,EST.13.20.8_1,0.4588441330998249,0.8794452797076121
2024,05,EST.13.20.9_1,0.4238178633975482,0.8565885826929985
2024,05,EST.13.21.1_1,0.4991243432574431,0.9028288874421332
2024,05,EST.13.21.10_1,0.42556917688266205,0.8577901841359576
2024,05,EST.13.21.11_1,0.4080560420315237,0.8454844764985339
2024,05,EST.13.21.12_1,0.4028021015761822,0.8416650165000324
2024,05,EST.13.21.13_1,0.4185639229422067,0.8529454847761373
2024,05,EST.13.21.2_1,0.4640980735551664,0.8826664149042944
2024,05,EST.13.21.3_1,0.4763572679509633,0.8899797750510963
2024,05,EST.13.21.4_1,0.44483362521891423,0.8705951987002916
2024,05,EST.13.21.5_1,0.46935201401050797,0.885835199120017
2024,05,EST.13.21.6_1,0.4080560420315237,0.8454844764985339
2024,05,EST.13.21.7_1,0.43432574430823123,0.8637036528810099
2024,05,EST.13.21.8_1,0.4728546409807356,0.8879189152169246
2024,05,EST.13.21.9_1,0.40630472854640987,0.8442179813294668
2024,05,EST.13.22.1_1,0.4203152364273205,0.8541662601625049
2024,05,EST.13.3.1_1,0.42556917688266205,0.8577901841359576
2024,05,EST.13.3.10_1,0.4238178633975482,0.8565885826929985
2024,05,EST.13.3.11_1,0.43432574430823123,0.8637036528810099
2024,05,EST.13.3.12_1,0.43957968476357273,0.867177029216065
2024,05,EST.13.3.13_1,0.39579684763572687,0.8364783320564855
2024,05,EST.13.3.14_1,0.43432574430823123,0.8637036528810099
2024,05,EST.13.3.15_1,0.45008756567425573,0.8739588090980032
2024,05,EST.13.3.16_1,0.45534150612959723,0.8772684879784524
2024,05,EST.13.3.17_1,0.44658493870402804,0.8717224328879003
2024,05,EST.13.3.18_1,0.43432574430823123,0.8637036528810099
2024,05,EST.13.3.19_1,0.42556917688266205,0.8577901841359576
2024,05,EST.13.3.2_1,0.4623467600700526,0.8815985480931783
2024,05,EST.13.3.20_1,0.4203152364273205,0.8541662601625049
2024,05,EST.13.3.3_1,0.4605954465849388,0.8805248434882459
2024,05,EST.13.3.4_1,0.4028021015761822,0.8416650165000324
2024,05,EST.13.3.5_1,0.43082311733800355,0.8613570688164114
2024,05,EST.13.3.6_1,0.4168126094570928,0.8517182632772413
2024,05,EST.13.3.7_1,0.43782837127845886,0.8660254037844386
2024,05,EST.13.3.8_1,0.48686514886164634,0.8960267853139213
2024,05,EST.13.3.9_1,0.4728546409807356,0.8879189152169246
2024,05,EST.13.4.1_1,0.5499124343257443,0.9282327294380435
2024,05,EST.13.5.1_1,0.4676007005253941,0.8847847195787232
2024,05,EST.13.5.10_1,0.4711033274956218,0.8868799242287537
2024,05,EST.13.5.11_1,0.4290718038528897,0.8601744009211155
2024,05,EST.13.5.12_1,0.44658493870402804,0.8717224328879003
2024,05,EST.13.5.13_1,0.43782837127845886,0.8660254037844386
2024,05,EST.13.5.14_1,0.45008756567425573,0.8739588090980032
2024,05,EST.13.5.15_1,0.3975481611208407,0.8377851753283774
2024,05,EST.13.5.16_1,0.4185639229422067,0.8529454847761373
2024,05,EST.13.5.17_1,0.40455341506129605,0.8429448380528823
2024,05,EST.13.5.18_1,0.45008756567425573,0.8739588090980032
2024,05,EST.13.5.19_1,0.43607705779334505,0.8648676199280442
2024,05,EST.13.5.2_1,0.4133099824868652,0.84924437001372
2024,05,EST.13.5.20_1,0.43432574430823123,0.8637036528810099
2024,05,EST.13.5.21_1,0.4535901926444834,0.8761712161444246
2024,05,EST.13.5.22_1,0.4483362521891419,0.8728436286070947
2024,05,EST.13.5.23_1,0.45008756567425573,0.8739588090980032
2024,05,EST.13.5.24_1,0.4605954465849388,0.8805248434882459
2024,05,EST.13.5.25_1,0.394045534150613,0.8351646544245033
2024,05,EST.13.5.26_1,0.4711033274956218,0.8868799242287537
2024,05,EST.13.5.27_1,0.4080560420315237,0.8454844764985339
2024,05,EST.13.5.28_1,0.43782837127845886,0.8660254037844386
2024,05,EST.13.5.29_1,0.43957968476357273,0.867177029216065
2024,05,EST.13.5.3_1,0.4080560420315237,0.8454844764985339
2024,05,EST.13.5.30_1,0.44133099824868655,0.8683225207260261
2024,05,EST.13.5.31_1,0.4518388791593696,0.8750679973579196
2024,05,EST.13.5.4_1,0.4290718038528897,0.8601744009211155
2024,05,EST.13.5.5_1,0.4185639229422067,0.8529454847761373
2024,05,EST.13.5.6_1,0.4588441330998249,0.8794452797076121
2024,05,EST.13.5.7_1,0.44483362521891423,0.8705951987002916
2024,05,EST.13.5.8_1,0.44133099824868655,0.8683225207260261
2024,05,EST.13.5.9_1,0.4605954465849388,0.8805248434882459
2024,05,EST.13.6.1_1,0.46935201401050797,0.885835199120017
2024,05,EST.13.6.10_1,0.40105078809106837,0.8403784861596588
2024,05,EST.13.6.11_1,0.4623467600700526,0.8815985480931783
2024,05,EST.13.6.12_1,0.44658493870402804,0.8717224328879003
2024,05,EST.13.6.13_1,0.4535901926444834,0.8761712161444246
2024,05,EST.13.6.14_1,0.48686514886164634,0.8960267853139213
2024,05,EST.13.6.15_1,0.44133099824868655,0.8683225207260261
2024,05,EST.13.6.16_1,0.43432574430823123,0.8637036528810099
2024,05,EST.13.6.2_1,0.44483362521891423,0.8705951987002916
2024,05,EST.13.6.3_1,0.4133099824868652,0.84924437001372
2024,05,EST.13.6.4_1,0.4518388791593696,0.8750679973579196
2024,05,EST.13.6.5_1,0.45534150612959723,0.8772684879784524
2024,05,EST.13.6.6_1,0.4588441330998249,0.8794452797076121
2024,05,EST.13.6.7_1,0.4483362521891419,0.8728436286070947
2024,05,EST.13.6.8_1,0.48511383537653247,0.8950329602869382
2024,05,EST.13.6.9_1,0.4658493870402803,0.883728465084157
2024,05,EST.13.7.1_1,0.4430823117338004,0.8694619025581282
2024,05,EST.13.7.2_1,0.43257443082311736,0.8625334776111592
2024,05,EST.13.7.3_1,0.40630472854640987,0.8442179813294668
2024,05,EST.13.7.4_1,0.40105078809106837,0.8403784861596588
2024,05,EST.13.7.5_1,0.4605954465849388,0.8805248434882459
2024,05,EST.13.7.6_1,0.43082311733800355,0.8613570688164114
2024,05,EST.13.8.1_1,0.42556917688266205,0.8577901841359576
2024,05,EST.13.8.10_1,0.4711033274956218,0.8868799242287537
2024,05,EST.13.8.11_1,0.42206654991243436,0.8553806170354809
2024,05,EST.13.8.12_1,0.40980735551663755,0.84674435339127
2024,05,EST.13.8.13_1,0.4483362521891419,0.8728436286070947
2024,05,EST.13.8.14_1,0.37828371278458844,0.8230285535751478
2024,05,EST.13.8.15_1,0.43082311733800355,0.8613570688164114
2024,05,EST.13.8.16_1,0.4430823117338004,0.8694619025581282
2024,05,EST.13.8.17_1,0.48861646234676015,0.8970150500409678
2024,05,EST.13.8.18_1,0.44133099824868655,0.8683225207260261
2024,05,EST.13.8.19_1,0.4658493870402803,0.883728465084157
2024,05,EST.13.8.2_1,0.43082311733800355,0.8613570688164114
2024,05,EST.13.8.20_1,0.4518388791593696,0.8750679973579196
2024,05,EST.13.8.21_1,0.4676007005253941,0.8847847195787232
2024,05,EST.13.8.3_1,0.4430823117338004,0.8694619025581282
2024,05,EST.13.8.4_1,0.44133099824868655,0.8683225207260261
2024,05,EST.13.8.5_1,0.45008756567425573,0.8739588090980032
2024,05,EST.13.8.6_1,0.43607705779334505,0.8648676199280442
2024,05,EST.13.8.7_1,0.3975481611208407,0.8377851753283774
2024,05,EST.13.8.8_1,0.4711033274956218,0.8868799242287537
2024,05,EST.13.8.9_1,0.4185639229422067,0.8529454847761373
2024,05,EST.13.9.1_1,0.4640980735551664,0.8826664149042944
2024,05,EST.13.9.10_1,0.4605954465849388,0.8805248434882459
2024,05,EST.13.9.11_1,0.4728546409807356,0.8879189152169246
2024,05,EST.13.9.12_1,0.4430823117338004,0.8694619025581282
2024,05,EST.13.9.13_1,0.4623467600700526,0.8815985480931783
2024,05,EST.13.9.14_1,0.44658493870402804,0.8717224328879003
2024,05,EST.13.9.15_1,0.44658493870402804,0.8717224328879003
2024,05,EST.13.9.16_1,0.42206654991243436,0.8553806170354809
2024,05,EST.13.9.2_1,0.47810858143607715,0.8910016835000931
2024,05,EST.13.9.3_1,0.48511383537653247,0.8950329602869382
2024,05,EST.13.9.4_1,0.4763572679509633,0.8899797750510963
2024,05,EST.13.9.5_1,0.4535901926444834,0.8761712161444246
2024,05,EST.13.9.6_1,0.42732049036777586,0.8589854480723175
2024,05,EST.13.9.7_1,0.44483362521891423,0.8705951987002916
2024,05,EST.13.9.8_1,0.40455341506129605,0.8429448380528823
2024,05,EST.13.9.9_1,0.42556917688266205,0.8577901841359576
2024,05,EST.14.1.1_1,0.43432574430823123,0.8637036528810099
2024,05,EST.14.1.10_1,0.40630472854640987,0.8442179813294668
2024,05,EST.14.1.11_1,0.3975481611208407,0.8377851753283774
2024,05,EST.14.1.12_1,0.4483362521891419,0.8728436286070947
2024,05,EST.14.1.13_1,0.4623467600700526,0.8815985480931783
2024,05,EST.14.1.14_1,0.4203152364273205,0.8541662601625049
2024,05,EST.14.1.15_1,0.43257443082311736,0.8625334776111592
2024,05,EST.14.1.2_1,0.3922942206654992,0.8338441101309045
2024,05,EST.14.1.3_1,0.35026269702276713,0.7999999999999999
2024,05,EST.14.1.4_1,0.3922942206654992,0.8338441101309045
2024,05,EST.14.1.5_1,0.4430823117338004,0.8694619025581282
2024,05,EST.14.1.6_1,0.44483362521891423,0.8705951987002916
2024,05,EST.14.1.7_1,0.43957968476357273,0.867177029216065
2024,05,EST.14.1.8_1,0.3800350262697023,0.8244052401580184
2024,05,EST.14.1.9_1,0.43957968476357273,0.867177029216065
2024,05,EST.14.10.1_1,0.38353765323993,0.8271372316611071
2024,05,EST.14.10.10_1,0.40980735551663755,0.84674435339127
2024,05,EST.14.10.11_1,0.3905429071803853,0.8325166664998365
2024,05,EST.14.10.12_1,0.3922942206654992,0.8338441101309045
2024,05,EST.14.10.13_1,0.4238178633975482,0.8565885826929985
2024,05,EST.14.10.2_1,0.4080560420315237,0.8454844764985339
2024,05,EST.14.10.3_1,0.42206654991243436,0.8553806170354809
2024,05,EST.14.10.4_1,0.4185639229422067,0.8529454847761373
2024,05,EST.14.10.5_1,0.4133099824868652,0.84924437001372
2024,05,EST.14.10.6_1,0.4203152364273205,0.8541662601625049
2024,05,EST.14.10.7_1,0.43082311733800355,0.8613570688164114
2024,05,EST.14.10.8_1,0.40630472854640987,0.8442179813294668
2024,05,EST.14.10.9_1,0.40455341506129605,0.8429448380528823
2024,05,EST.14.11.1_1,0.3975481611208407,0.8377851753283774
2024,05,EST.14.11.10_1,0.37302977232924694,0.8188552985723424
2024,05,EST.14.11.11_1,0.34500875656742563,0.7954646440917409
2024,05,EST.14.11.12_1,0.3922942206654992,0.8338441101309045
2024,05,EST.14.11.13_1,0.39579684763572687,0.8364783320564855
2024,05,EST.14.11.14_1,0.4430823117338004,0.8694619025581282
2024,05,EST.14.11.15_1,0.4115586690017513,0.8479976415061541
2024,05,EST.14.11.2_1,0.43082311733800355,0.8613570688164114
2024,05,EST.14.11.3_1,0.415061295971979,0.8504845677612263
2024,05,EST.14.11.4_1,0.42556917688266205,0.8577901841359576
2024,05,EST.14.11.5_1,0.43082311733800355,0.8613570688164114
2024,05,EST.14.11.6_1,0.4133099824868652,0.84924437001372
2024,05,EST.14.11.7_1,0.4185639229422067,0.8529454847761373
2024,05,EST.14.11.8_1,0.43257443082311736,0.8625334776111592
2024,05,EST.14.11.9_1,0.38353765323993,0.8271372316611071
2024,05,EST.14.12.1_1,0.4028021015761822,0.8416650165000324
2024,05,EST.14.13.1_1,0.40980735551663755,0.84674435339127
2024,05,EST.14.2.1_1,0.3975481611208407,0.8377851753283774
2024,05,EST.14.2.2_1,0.3975481611208407,0.8377851753283774
2024,05,EST.14.2.3_1,0.3852889667250438,0.8284926070883192
2024,05,EST.14.2.4_1,0.40630472854640987,0.8442179813294668
2024,05,EST.14.2.5_1,0.43432574430823123,0.8637036528810099
2024,05,EST.14.2.6_1,0.4290718038528897,0.8601744009211155
2024,05,EST.14.2.7_1,0.4711033274956218,0.8868799242287537
2024,05,EST.14.2.8_1,0.3905429071803853,0.8325166664998365
2024,05,EST.14.2.9_1,0.3922942206654992,0.8338441101309045
2024,05,EST.14.3.1_1,0.4028021015761822,0.8416650165000324
2024,05,EST.14.3.10_1,0.43607705779334505,0.8648676199280442
2024,05,EST.14.3.11_1,0.4570928196147111,0.8783598351473045
2024,05,EST.14.3.12_1,0.43607705779334505,0.8648676199280442
2024,05,EST.14.3.13_1,0.4185639229422067,0.8529454847761373
2024,05,EST.14.3.14_1,0.40630472854640987,0.8442179813294668
2024,05,EST.14.3.2_1,0.4290718038528897,0.8601744009211155
2024,05,EST.14.3.3_1,0.3992994746059545,0.8390852161729463
2024,05,EST.14.3.4_1,0.4535901926444834,0.8761712161444246
2024,05,EST.14.3.5_1,0.44658493870402804,0.8717224328879003
2024,05,EST.14.3.6_1,0.4115586690017513,0.8479976415061541
2024,05,EST.14.3.7_1,0.3992994746059545,0.8390852161729463
2024,05,EST.14.3.8_1,0.4658493870402803,0.883728465084157
2024,05,EST.14.3.9_1,0.40630472854640987,0.8442179813294668
2024,05,EST.14.4.1_1,0.3992994746059545,0.8390852161729463
2024,05,EST.14.4.2_1,0.4185639229422067,0.8529454847761373
2024,05,EST.14.4.3_1,0.40455341506129605,0.8429448380528823
2024,05,EST.14.4.4_1,0.3922942206654992,0.8338441101309045
2024,05,EST.14.4.5_1,0.394045534150613,0.8351646544245033
2024,05,EST.14.4.6_1,0.35901926444833626,0.807403244977378
2024,05,EST.14.4.7_1,0.415061295971979,0.8504845677612263
2024,05,EST.14.4.8_1,0.38353765323993,0.8271372316611071
2024,05,EST.14.4.9_1,0.4133099824868652,0.84924437001372
2024,05,EST.14.5.1_1,0.44133099824868655,0.8683225207260261
2024,05,EST.14.5.10_1,0.4238178633975482,0.8565885826929985
2024,05,EST.14.5.11_1,0.43782837127845886,0.8660254037844386
2024,05,EST.14.5.12_1,0.4168126094570928,0.8517182632772413
2024,05,EST.14.5.13_1,0.40455341506129605,0.8429448380528823
2024,05,EST.14.5.14_1,0.43782837127845886,0.8660254037844386
2024,05,EST.14.5.2_1,0.38353765323993,0.8271372316611071
2024,05,EST.14.5.3_1,0.43782837127845886,0.8660254037844386
2024,05,EST.14.5.4_1,0.43082311733800355,0.8613570688164114
2024,05,EST.14.5.5_1,0.40105078809106837,0.8403784861596588
2024,05,EST.14.5.6_1,0.4115586690017513,0.8479976415061541
2024,05,EST.14.5.7_1,0.3975481611208407,0.8377851753283774
2024,05,EST.14.5.8_1,0.4080560420315237,0.8454844764985339
2024,05,EST.14.5.9_1,0.4185639229422067,0.8529454847761373
2024,05,EST.14.6.1_1,0.4238178633975482,0.8565885826929985
2024,05,EST.14.6.10_1,0.46935201401050797,0.885835199120017
2024,05,EST.14.6.11_1,0.42732049036777586,0.8589854480723175
2024,05,EST.14.6.12_1,0.394045534150613,0.8351646544245033
2024,05,EST.14.6.13_1,0.4203152364273205,0.8541662601625049
2024,05,EST.14.6.14_1,0.43082311733800355,0.8613570688164114
2024,05,EST.14.6.2_1,0.4518388791593696,0.8750679973579196
2024,05,EST.14.6.3_1,0.45008756567425573,0.8739588090980032
2024,05,EST.14.6.4_1,0.43957968476357273,0.867177029216065
2024,05,EST.14.6.5_1,0.43082311733800355,0.8613570688164114
2024,05,EST.14.6.6_1,0.44133099824868655,0.8683225207260261
2024,05,EST.14.6.7_1,0.42556917688266205,0.8577901841359576
2024,05,EST.14.6.8_1,0.44658493870402804,0.8717224328879003
2024,05,EST.14.6.9_1,0.42206654991243436,0.8553806170354809
2024,05,EST.14.7.1_1,0.44658493870402804,0.8717224328879003
2024,05,EST.14.7.10_1,0.4430823117338004,0.8694619025581282
2024,05,EST.14.7.11_1,0.4115586690017513,0.8479976415061541
2024,05,EST.14.7.12_1,0.4080560420315237,0.8454844764985339
2024,05,EST.14.7.13_1,0.38353765323993,0.8271372316611071
2024,05,EST.14.7.14_1,0.44658493870402804,0.8717224328879003
2024,05,EST.14.7.15_1,0.394045534150613,0.8351646544245033
2024,05,EST.14.7.16_1,0.37653239929947463,0.8216446920658589
2024,05,EST.14.7.17_1,0.43957968476357273,0.867177029216065
2024,05,EST.14.7.18_1,0.36777583187390545,0.814616474176652
2024,05,EST.14.7.19_1,0.43257443082311736,0.8625334776111592
2024,05,EST.14.7.2_1,0.4168126094570928,0.8517182632772413
2024,05,EST.14.7.20_1,0.4203152364273205,0.8541662601625049
2024,05,EST.14.7.21_1,0.4028021015761822,0.8416650165000324
2024,05,EST.14.7.22_1,0.4570928196147111,0.8783598351473045
2024,05,EST.14.7.3_1,0.40980735551663755,0.84674435339127
2024,05,EST.14.7.4_1,0.3800350262697023,0.8244052401580184
2024,05,EST.14.7.5_1,0.43257443082311736,0.8625334776111592
2024,05,EST.14.7.6_1,0.43432574430823123,0.8637036528810099
2024,05,EST.14.7.7_1,0.4588441330998249,0.8794452797076121
2024,05,EST.14.7.8_1,0.40630472854640987,0.8442179813294668
2024,05,EST.14.7.9_1,0.44133099824868655,0.8683225207260261
2024,05,EST.14.8.1_1,0.4570928196147111,0.8783598351473045
2024,05,EST.14.8.10_1,0.4133099824868652,0.84924437001372
2024,05,EST.14.8.11_1,0.43432574430823123,0.8637036528810099
2024,05,EST.14.8.12_1,0.4518388791593696,0.8750679973579196
2024,05,EST.14.8.13_1,0.394045534150613,0.8351646544245033
2024,05,EST.14.8.14_1,0.4133099824868652,0.84924437001372
2024,05,EST.14.8.15_1,0.4430823117338004,0.8694619025581282
2024,05,EST.14.8.16_1,0.42556917688266205,0.8577901841359576
2024,05,EST.14.8.17_1,0.42206654991243436,0.8553806170354809
2024,05,EST.14.8.18_1,0.45534150612959723,0.8772684879784524
2024,05,EST.14.8.19_1,0.43082311733800355,0.8613570688164114
2024,05,EST.14.8.2_1,0.43957968476357273,0.867177029216065
2024,05,EST.14.8.3_1,0.43957968476357273,0.867177029216065
2024,05,EST.14.8.4_1,0.415061295971979,0.8504845677612263
2024,05,EST.14.8.5_1,0.43257443082311736,0.8625334776111592
2024,05,EST.14.8.6_1,0.3992994746059545,0.8390852161729463
2024,05,EST.14.8.7_1,0.4658493870402803,0.883728465084157
2024,05,EST.14.8.8_1,0.3922942206654992,0.8338441101309045
2024,05,EST.14.8.9_1,0.36427320490367776,0.8117536572138127
2024,05,EST.14.9.1_1,0.4203152364273205,0.8541662601625049
2024,05,EST.14.9.10_1,0.4535901926444834,0.8761712161444246
2024,05,EST.14.9.11_1,0.3992994746059545,0.8390852161729463
2024,05,EST.14.9.12_1,0.4588441330998249,0.8794452797076121
2024,05,EST.14.9.13_1,0.42206654991243436,0.8553806170354809
2024,05,EST.14.9.14_1,0.4168126094570928,0.8517182632772413
2024,05,EST.14.9.2_1,0.4080560420315237,0.8454844764985339
2024,05,EST.14.9.3_1,0.44133099824868655,0.8683225207260261
2024,05,EST.14.9.4_1,0.4430823117338004,0.8694619025581282
2024,05,EST.14.9.5_1,0.4115586690017513,0.8479976415061541
2024,05,EST.14.9.6_1,0.4185639229422067,0.8529454847761373
2024,05,EST.14.9.7_1,0.43432574430823123,0.8637036528810099
2024,05,EST.14.9.8_1,0.3922942206654992,0.8338441101309045
2024,05,EST.14.9.9_1,0.4080560420315237,0.8454844764985339
2024,05,EST.15.1.1_1,0.43957968476357273,0.867177029216065
2024,05,EST.15.1.10_1,0.4570928196147111,0.8783598351473045
2024,05,EST.15.1.11_1,0.4605954465849388,0.8805248434882459
2024,05,EST.15.1.12_1,0.49211908931698783,0.8989749718429317
2024,05,EST.15.1.13_1,0.4290718038528897,0.8601744009211155
2024,05,EST.15.1.14_1,0.4570928196147111,0.8783598351473045
2024,05,EST.15.1.15_1,0.45008756567425573,0.8739588090980032
2024,05,EST.15.1.16_1,0.42556917688266205,0.8577901841359576
2024,05,EST.15.1.2_1,0.4238178633975482,0.8565885826929985
2024,05,EST.15.1.3_1,0.42206654991243436,0.8553806170354809
2024,05,EST.15.1.4_1,0.43957968476357273,0.867177029216065
2024,05,EST.15.1.5_1,0.4430823117338004,0.8694619025581282
2024,05,EST.15.1.6_1,0.43957968476357273,0.867177029216065
2024,05,EST.15.1.7_1,0.4518388791593696,0.8750679973579196
2024,05,EST.15.1.8_1,0.45008756567425573,0.8739588090980032
2024,05,EST.15.1.9_1,0.4676007005253941,0.8847847195787232
2024,05,EST.15.10.1_1,0.43432574430823123,0.8637036528810099
2024,05,EST.15.10.10_1,0.42206654991243436,0.8553806170354809
2024,05,EST.15.10.11_1,0.4605954465849388,0.8805248434882459
2024,05,EST.15.10.12_1,0.4535901926444834,0.8761712161444246
2024,05,EST.15.10.2_1,0.44133099824868655,0.8683225207260261
2024,05,EST.15.10.3_1,0.43082311733800355,0.8613570688164114
2024,05,EST.15.10.4_1,0.4658493870402803,0.883728465084157
2024,05,EST.15.10.5_1,0.44133099824868655,0.8683225207260261
2024,05,EST.15.10.6_1,0.4676007005253941,0.8847847195787232
2024,05,EST.15.10.7_1,0.39579684763572687,0.8364783320564855
2024,05,EST.15.10.8_1,0.4640980735551664,0.8826664149042944
2024,05,EST.15.10.9_1,0.4133099824868652,0.84924437001372
2024,05,EST.15.11.1_1,0.4203152364273205,0.8541662601625049
2024,05,EST.15.11.10_1,0.4080560420315237,0.8454844764985339
2024,05,EST.15.11.11_1,0.4080560420315237,0.8454844764985339
2024,05,EST.15.11.12_1,0.43257443082311736,0.8625334776111592
2024,05,EST.15.11.13_1,0.42732049036777586,0.8589854480723175
2024,05,EST.15.11.14_1,0.40455341506129605,0.8429448380528823
2024,05,EST.15.11.15_1,0.42206654991243436,0.8553806170354809
2024,05,EST.15.11.16_1,0.4816112084063048,0.8930285549745876
2024,05,EST.15.11.17_1,0.40980735551663755,0.84674435339127
2024,05,EST.15.11.18_1,0.42206654991243436,0.8553806170354809
2024,05,EST.15.11.19_1,0.4115586690017513,0.8479976415061541
2024,05,EST.15.11.2_1,0.4168126094570928,0.8517182632772413
2024,05,EST.15.11.20_1,0.40105078809106837,0.8403784861596588
2024,05,EST.15.11.21_1,0.394045534150613,0.8351646544245033
2024,05,EST.15.11.22_1,0.40980735551663755,0.84674435339127
2024,05,EST.15.11.23_1,0.4203152364273205,0.8541662601625049
2024,05,EST.15.11.24_1,0.43782837127845886,0.8660254037844386
2024,05,EST.15.11.25_1,0.43957968476357273,0.867177029216065
2024,05,EST.15.11.26_1,0.39579684763572687,0.8364783320564855
2024,05,EST.15.11.27_1,0.44483362521891423,0.8705951987002916
2024,05,EST.15.11.28_1,0.43957968476357273,0.867177029216065
2024,05,EST.15.11.29_1,0.42732049036777586,0.8589854480723175
2024,05,EST.15.11.3_1,0.40455341506129605,0.8429448380528823
2024,05,EST.15.11.30_1,0.3852889667250438,0.8284926070883192
2024,05,EST.15.11.31_1,0.3905429071803853,0.8325166664998365
2024,05,EST.15.11.32_1,0.40980735551663755,0.84674435339127
2024,05,EST.15.11.33_1,0.37127845884413313,0.817449692641694
2024,05,EST.15.11.34_1,0.40980735551663755,0.84674435339127
2024,05,EST.15.11.35_1,0.37828371278458844,0.8230285535751478
2024,05,EST.15.11.36_1,0.43432574430823123,0.8637036528810099
2024,05,EST.15.11.37_1,0.4115586690017513,0.8479976415061541
2024,05,EST.15.11.38_1,0.3905429071803853,0.8325166664998365
2024,05,EST.15.11.39_1,0.44483362521891423,0.8705951987002916
2024,05,EST.15.11.4_1,0.42556917688266205,0.8577901841359576
2024,05,EST.15.11.40_1,0.39579684763572687,0.8364783320564855
2024,05,EST.15.11.41_1,0.40105078809106837,0.8403784861596588
2024,05,EST.15.11.42_1,0.43432574430823123,0.8637036528810099
2024,05,EST.15.11.43_1,0.3800350262697023,0.8244052401580184
2024,05,EST.15.11.44_1,0.43957968476357273,0.867177029216065
2024,05,EST.15.11.45_1,0.4080560420315237,0.8454844764985339
2024,05,EST.15.11.46_1,0.4238178633975482,0.8565885826929985
2024,05,EST.15.11.47_1,0.38704028021015763,0.8298409486160585
2024,05,EST.15.11.48_1,0.4028021015761822,0.8416650165000324
2024,05,EST.15.11.5_1,0.3852889667250438,0.8284926070883192
2024,05,EST.15.11.6_1,0.43957968476357273,0.867177029216065
2024,05,EST.15.11.7_1,0.4203152364273205,0.8541662601625049
2024,05,EST.15.11.8_1,0.4238178633975482,0.8565885826929985
2024,05,EST.15.11.9_1,0.3975481611208407,0.8377851753283774
2024,05,EST.15.12.1_1,0.4028021015761822,0.8416650165000324
2024,05,EST.15.12.10_1,0.4623467600700526,0.8815985480931783
2024,05,EST.15.12.11_1,0.43607705779334505,0.8648676199280442
2024,05,EST.15.12.12_1,0.42556917688266205,0.8577901841359576
2024,05,EST.15.12.13_1,0.4430823117338004,0.8694619025581282
2024,05,EST.15.12.14_1,0.4711033274956218,0.8868799242287537
2024,05,EST.15.12.15_1,0.4535901926444834,0.8761712161444246
2024,05,EST.15.12.16_1,0.48861646234676015,0.8970150500409678
2024,05,EST.15.12.17_1,0.40630472854640987,0.8442179813294668
2024,05,EST.15.12.18_1,0.4238178633975482,0.8565885826929985
2024,05,EST.15.12.19_1,0.4518388791593696,0.8750679973579196
2024,05,EST.15.12.2_1,0.4238178633975482,0.8565885826929985
2024,05,EST.15.12.20_1,0.43432574430823123,0.8637036528810099
2024,05,EST.15.12.21_1,0.4168126094570928,0.8517182632772413
2024,05,EST.15.12.22_1,0.4535901926444834,0.8761712161444246
2024,05,EST.15.12.23_1,0.42732049036777586,0.8589854480723175
2024,05,EST.15.12.24_1,0.4570928196147111,0.8783598351473045
2024,05,EST.15.12.25_1,0.44133099824868655,0.8683225207260261
2024,05,EST.15.12.26_1,0.48511383537653247,0.8950329602869382
2024,05,EST.15.12.27_1,0.3852889667250438,0.8284926070883192
2024,05,EST.15.12.28_1,0.4658493870402803,0.883728465084157
2024,05,EST.15.12.29_1,0.4238178633975482,0.8565885826929985
2024,05,EST.15.12.3_1,0.4483362521891419,0.8728436286070947
2024,05,EST.15.12.30_1,0.44658493870402804,0.8717224328879003
2024,05,EST.15.12.31_1,0.4238178633975482,0.8565885826929985
2024,05,EST.15.12.32_1,0.4676007005253941,0.8847847195787232
2024,05,EST.15.12.33_1,0.4763572679509633,0.8899797750510963
2024,05,EST.15.12.34_1,0.4115586690017513,0.8479976415061541
2024,05,EST.15.12.35_1,0.43432574430823123,0.8637036528810099
2024,05,EST.15.12.36_1,0.44133099824868655,0.8683225207260261
2024,05,EST.15.12.37_1,0.42206654991243436,0.8553806170354809
2024,05,EST.15.12.4_1,0.4605954465849388,0.8805248434882459
2024,05,EST.15.12.5_1,0.5026269702276708,0.9047231620777706
2024,05,EST.15.12.6_1,0.43607705779334505,0.8648676199280442
2024,05,EST.15.12.7_1,0.4588441330998249,0.8794452797076121
2024,05,EST.15.12.8_1,0.4430823117338004,0.8694619025581282
2024,05,EST.15.12.9_1,0.43082311733800355,0.8613570688164114
2024,05,EST.15.13.1_1,0.4290718038528897,0.8601744009211155
2024,05,EST.15.13.10_1,0.40105078809106837,0.8403784861596588
2024,05,EST.15.13.11_1,0.43607705779334505,0.8648676199280442
2024,05,EST.15.13.12_1,0.4483362521891419,0.8728436286070947
2024,05,EST.15.13.13_1,0.43257443082311736,0.8625334776111592
2024,05,EST.15.13.14_1,0.42556917688266205,0.8577901841359576
2024,05,EST.15.13.15_1,0.4623467600700526,0.8815985480931783
2024,05,EST.15.13.16_1,0.490367775831874,0.8979977728257459
2024,05,EST.15.13.17_1,0.40105078809106837,0.8403784861596588
2024,05,EST.15.13.18_1,0.43082311733800355,0.8613570688164114
2024,05,EST.15.13.19_1,0.39579684763572687,0.8364783320564855
2024,05,EST.15.13.2_1,0.37653239929947463,0.8216446920658589
2024,05,EST.15.13.20_1,0.4290718038528897,0.8601744009211155
2024,05,EST.15.13.21_1,0.4711033274956218,0.8868799242287537
2024,05,EST.15.13.22_1,0.4168126094570928,0.8517182632772413
2024,05,EST.15.13.3_1,0.43257443082311736,0.8625334776111592
2024,05,EST.15.13.4_1,0.4535901926444834,0.8761712161444246
2024,05,EST.15.13.5_1,0.44133099824868655,0.8683225207260261
2024,05,EST.15.13.6_1,0.39579684763572687,0.8364783320564855
2024,05,EST.15.13.7_1,0.44658493870402804,0.8717224328879003
2024,05,EST.15.13.8_1,0.46935201401050797,0.885835199120017
2024,05,EST.15.13.9_1,0.42732049036777586,0.8589854480723175
2024,05,EST.15.14.1_1,0.42732049036777586,0.8589854480723175
2024,05,EST.15.15.1_1,0.40105078809106837,0.8403784861596588
2024,05,EST.15.2.1_1,0.4238178633975482,0.8565885826929985
2024,05,EST.15.2.10_1,0.40105078809106837,0.8403784861596588
2024,05,EST.15.2.11_1,0.4290718038528897,0.8601744009211155
2024,05,EST.15.2.12_1,0.4028021015761822,0.8416650165000324
2024,05,EST.15.2.13_1,0.4028021015761822,0.8416650165000324
2024,05,EST.15.2.14_1,0.3905429071803853,0.8325166664998365
2024,05,EST.15.2.15_1,0.4168126094570928,0.8517182632772413
2024,05,EST.15.2.16_1,0.4080560420315237,0.8454844764985339
2024,05,EST.15.2.17_1,0.4028021015761822,0.8416650165000324
2024,05,EST.15.2.18_1,0.36427320490367776,0.8117536572138127
2024,05,EST.15.2.19_1,0.3975481611208407,0.8377851753283774
2024,05,EST.15.2.2_1,0.4115586690017513,0.8479976415061541
2024,05,EST.15.2.20_1,0.3905429071803853,0.8325166664998365
2024,05,EST.15.2.21_1,0.4028021015761822,0.8416650165000324
2024,05,EST.15.2.22_1,0.38353765323993,0.8271372316611071
2024,05,EST.15.2.23_1,0.4168126094570928,0.8517182632772413
2024,05,EST.15.2.24_1,0.4080560420315237,0.8454844764985339
2024,05,EST.15.2.25_1,0.37127845884413313,0.817449692641694
2024,05,EST.15.2.3_1,0.4185639229422067,0.8529454847761373
2024,05,EST.15.2.4_1,0.40455341506129605,0.8429448380528823
2024,05,EST.15.2.5_1,0.43082311733800355,0.8613570688164114
2024,05,EST.15.2.6_1,0.42206654991243436,0.8553806170354809
2024,05,EST.15.2.7_1,0.394045534150613,0.8351646544245033
2024,05,EST.15.2.8_1,0.4133099824868652,0.84924437001372
2024,05,EST.15.2.9_1,0.40455341506129605,0.8429448380528823
2024,05,EST.15.3.1_1,0.40980735551663755,0.84674435339127
2024,05,EST.15.3.10_1,0.43957968476357273,0.867177029216065
2024,05,EST.15.3.11_1,0.4238178633975482,0.8565885826929985
2024,05,EST.15.3.12_1,0.3905429071803853,0.8325166664998365
2024,05,EST.15.3.13_1,0.40630472854640987,0.8442179813294668
2024,05,EST.15.3.14_1,0.40105078809106837,0.8403784861596588
2024,05,EST.15.3.15_1,0.45008756567425573,0.8739588090980032
2024,05,EST.15.3.16_1,0.38704028021015763,0.8298409486160585
2024,05,EST.15.3.17_1,0.4133099824868652,0.84924437001372
2024,05,EST.15.3.18_1,0.4185639229422067,0.8529454847761373
2024,05,EST.15.3.19_1,0.394045534150613,0.8351646544245033
2024,05,EST.15.3.2_1,0.4290718038528897,0.8601744009211155
2024,05,EST.15.3.20_1,0.43432574430823123,0.8637036528810099
2024,05,EST.15.3.21_1,0.42206654991243436,0.8553806170354809
2024,05,EST.15.3.3_1,0.4535901926444834,0.8761712161444246
2024,05,EST.15.3.4_1,0.42732049036777586,0.8589854480723175
2024,05,EST.15.3.5_1,0.394045534150613,0.8351646544245033
2024,05,EST.15.3.6_1,0.3905429071803853,0.8325166664998365
2024,05,EST.15.3.7_1,0.4535901926444834,0.8761712161444246
2024,05,EST.15.3.8_1,0.42556917688266205,0.8577901841359576
2024,05,EST.15.3.9_1,0.4115586690017513,0.8479976415061541
2024,05,EST.15.4.1_1,0.43432574430823123,0.8637036528810099
2024,05,EST.15.4.10_1,0.4658493870402803,0.883728465084157
2024,05,EST.15.4.11_1,0.42556917688266205,0.8577901841359576
2024,05,EST.15.4.12_1,0.4290718038528897,0.8601744009211155
2024,05,EST.15.4.13_1,0.4168126094570928,0.8517182632772413
2024,05,EST.15.4.14_1,0.42556917688266205,0.8577901841359576
2024,05,EST.15.4.15_1,0.43082311733800355,0.8613570688164114
2024,05,EST.15.4.16_1,0.3905429071803853,0.8325166664998365
2024,05,EST.15.4.2_1,0.415061295971979,0.8504845677612263
2024,05,EST.15.4.3_1,0.4028021015761822,0.8416650165000324
2024,05,EST.15.4.4_1,0.4203152364273205,0.8541662601625049
2024,05,EST.15.4.5_1,0.43432574430823123,0.8637036528810099
2024,05,EST.15.4.6_1,0.44133099824868655,0.8683225207260261
2024,05,EST.15.4.7_1,0.4728546409807356,0.8879189152169246
2024,05,EST.15.4.8_1,0.44133099824868655,0.8683225207260261
2024,05,EST.15.4.9_1,0.44658493870402804,0.8717224328879003
2024,05,EST.15.5.1_1,0.37828371278458844,0.8230285535751478
2024,05,EST.15.5.10_1,0.3537653239929948,0.8029844332239573
2024,05,EST.15.5.11_1,0.4185639229422067,0.8529454847761373
2024,05,EST.15.5.12_1,0.44658493870402804,0.8717224328879003
2024,05,EST.15.5.13_1,0.3975481611208407,0.8377851753283774
2024,05,EST.15.5.14_1,0.42732049036777586,0.8589854480723175
2024,05,EST.15.5.15_1,0.4115586690017513,0.8479976415061541
2024,05,EST.15.5.2_1,0.40105078809106837,0.8403784861596588
2024,05,EST.15.5.3_1,0.34500875656742563,0.7954646440917409
2024,05,EST.15.5.4_1,0.38353765323993,0.8271372316611071
2024,05,EST.15.5.5_1,0.3537653239929948,0.8029844332239573
2024,05,EST.15.5.6_1,0.35901926444833626,0.807403244977378
2024,05,EST.15.5.7_1,0.43607705779334505,0.8648676199280442
2024,05,EST.15.5.8_1,0.394045534150613,0.8351646544245033
2024,05,EST.15.5.9_1,0.40980735551663755,0.84674435339127
2024,05,EST.15.6.1_1,0.3992994746059545,0.8390852161729463
2024,05,EST.15.6.10_1,0.39579684763572687,0.8364783320564855
2024,05,EST.15.6.2_1,0.4238178633975482,0.8565885826929985
2024,05,EST.15.6.3_1,0.40630472854640987,0.8442179813294668
2024,05,EST.15.6.4_1,0.3992994746059545,0.8390852161729463
2024,05,EST.15.6.5_1,0.42732049036777586,0.8589854480723175
2024,05,EST.15.6.6_1,0.40980735551663755,0.84674435339127
2024,05,EST.15.6.7_1,0.42556917688266205,0.8577901841359576
2024,05,EST.15.6.8_1,0.3992994746059545,0.8390852161729463
2024,05,EST.15.6.9_1,0.40105078809106837,0.8403784861596588
2024,05,EST.15.7.1_1,0.4430823117338004,0.8694619025581282
2024,05,EST.15.8.1_1,0.4080560420315237,0.8454844764985339
2024,05,EST.15.8.10_1,0.4133099824868652,0.84924437001372
2024,05,EST.15.8.11_1,0.4518388791593696,0.8750679973579196
2024,05,EST.15.8.12_1,0.4203152364273205,0.8541662601625049
2024,05,EST.15.8.13_1,0.4605954465849388,0.8805248434882459
2024,05,EST.15.8.14_1,0.3975481611208407,0.8377851753283774
2024,05,EST.15.8.15_1,0.43082311733800355,0.8613570688164114
2024,05,EST.15.8.16_1,0.4203152364273205,0.8541662601625049
2024,05,EST.15.8.2_1,0.4711033274956218,0.8868799242287537
2024,05,EST.15.8.3_1,0.4133099824868652,0.84924437001372
2024,05,EST.15.8.4_1,0.394045534150613,0.8351646544245033
2024,05,EST.15.8.5_1,0.3975481611208407,0.8377851753283774
2024,05,EST.15.8.6_1,0.3992994746059545,0.8390852161729463
2024,05,EST.15.8.7_1,0.4238178633975482,0.8565885826929985
2024,05,EST.15.8.8_1,0.43782837127845886,0.8660254037844386
2024,05,EST.15.8.9_1,0.44133099824868655,0.8683225207260261
2024,05,EST.15.9.1_1,0.4185639229422067,0.8529454847761373
2024,05,EST.15.9.10_1,0.44658493870402804,0.8717224328879003
2024,05,EST.15.9.11_1,0.44483362521891423,0.8705951987002916
2024,05,EST.15.9.12_1,0.43782837127845886,0.8660254037844386
2024,05,EST.15.9.13_1,0.4535901926444834,0.8761712161444246
2024,05,EST.15.9.14_1,0.43432574430823123,0.8637036528810099
2024,05,EST.15.9.15_1,0.47985989492119097,0.8920179370393849
2024,05,EST.15.9.16_1,0.4133099824868652,0.84924437001372
2024,05,EST.15.9.17_1,0.44483362521891423,0.8705951987002916
2024,05,EST.15.9.18_1,0.40105078809106837,0.8403784861596588
2024,05,EST.15.9.19_1,0.415061295971979,0.8504845677612263
2024,05,EST.15.9.2_1,0.4133099824868652,0.84924437001372
2024,05,EST.15.9.20_1,0.3887915936952715,0.8311822904754408
2024,05,EST.15.9.21_1,0.4115586690017513,0.8479976415061541
2024,05,EST.15.9.22_1,0.38353765323993,0.8271372316611071
2024,05,EST.15.9.23_1,0.4080560420315237,0.8454844764985339
2024,05,EST.15.9.24_1,0.4185639229422067,0.8529454847761373
2024,05,EST.15.9.25_1,0.43082311733800355,0.8613570688164114
2024,05,EST.15.9.26_1,0.37127845884413313,0.817449692641694
2024,05,EST.15.9.27_1,0.45534150612959723,0.8772684879784524
2024,05,EST.15.9.3_1,0.4483362521891419,0.8728436286070947
2024,05,EST.15.9.4_1,0.4640980735551664,0.8826664149042944
2024,05,EST.15.9.5_1,0.4640980735551664,0.8826664149042944
2024,05,EST.15.9.6_1,0.43257443082311736,0.8625334776111592
2024,05,EST.15.9.7_1,0.39579684763572687,0.8364783320564855
2024,05,EST.15.9.8_1,0.3922942206654992,0.8338441101309045
2024,05,EST.15.9.9_1,0.4570928196147111,0.8783598351473045
2024,05,EST.16.1.1_1,0.4238178633975482,0.8565885826929985
2024,05,EST.16.1.10_1,0.46935201401050797,0.885835199120017
2024,05,EST.16.1.11_1,0.4588441330998249,0.8794452797076121
2024,05,EST.16.1.12_1,0.43782837127845886,0.8660254037844386
2024,05,EST.16.1.13_1,0.44658493870402804,0.8717224328879003
2024,05,EST.16.1.14_1,0.4535901926444834,0.8761712161444246
2024,05,EST.16.1.15_1,0.47985989492119097,0.8920179370393849
2024,05,EST.16.1.16_1,0.4588441330998249,0.8794452797076121
2024,05,EST.16.1.17_1,0.43782837127845886,0.8660254037844386
2024,05,EST.16.1.18_1,0.44133099824868655,0.8683225207260261
2024,05,EST.16.1.19_1,0.4711033274956218,0.8868799242287537
2024,05,EST.16.1.2_1,0.43082311733800355,0.8613570688164114
2024,05,EST.16.1.20_1,0.47460595446584947,0.8889521921903337
2024,05,EST.16.1.21_1,0.40105078809106837,0.8403784861596588
2024,05,EST.16.1.22_1,0.44658493870402804,0.8717224328879003
2024,05,EST.16.1.23_1,0.44133099824868655,0.8683225207260261
2024,05,EST.16.1.24_1,0.43782837127845886,0.8660254037844386
2024,05,EST.16.1.25_1,0.43257443082311736,0.8625334776111592
2024,05,EST.16.1.26_1,0.4168126094570928,0.8517182632772413
2024,05,EST.16.1.27_1,0.43257443082311736,0.8625334776111592
2024,05,EST.16.1.3_1,0.43082311733800355,0.8613570688164114
2024,05,EST.16.1.4_1,0.43257443082311736,0.8625334776111592
2024,05,EST.16.1.5_1,0.4570928196147111,0.8783598351473045
2024,05,EST.16.1.6_1,0.43257443082311736,0.8625334776111592
2024,05,EST.16.1.7_1,0.40980735551663755,0.84674435339127
2024,05,EST.16.1.8_1,0.43257443082311736,0.8625334776111592
2024,05,EST.16.1.9_1,0.43957968476357273,0.867177029216065
2024,05,EST.16.10.1_1,0.4430823117338004,0.8694619025581282
2024,05,EST.16.10.10_1,0.42732049036777586,0.8589854480723175
2024,05,EST.16.10.11_1,0.4028021015761822,0.8416650165000324
2024,05,EST.16.10.12_1,0.3852889667250438,0.8284926070883192
2024,05,EST.16.10.13_1,0.3905429071803853,0.8325166664998365
2024,05,EST.16.10.14_1,0.394045534150613,0.8351646544245033
2024,05,EST.16.10.15_1,0.4185639229422067,0.8529454847761373
2024,05,EST.16.10.16_1,0.43257443082311736,0.8625334776111592
2024,05,EST.16.10.17_1,0.3975481611208407,0.8377851753283774
2024,05,EST.16.10.18_1,0.4238178633975482,0.8565885826929985
2024,05,EST.16.10.19_1,0.415061295971979,0.8504845677612263
2024,05,EST.16.10.2_1,0.43782837127845886,0.8660254037844386
2024,05,EST.16.10.20_1,0.4518388791593696,0.8750679973579196
2024,05,EST.16.10.3_1,0.4483362521891419,0.8728436286070947
2024,05,EST.16.10.4_1,0.43782837127845886,0.8660254037844386
2024,05,EST.16.10.5_1,0.4168126094570928,0.8517182632772413
2024,05,EST.16.10.6_1,0.45008756567425573,0.8739588090980032
2024,05,EST.16.10.7_1,0.4080560420315237,0.8454844764985339
2024,05,EST.16.10.8_1,0.3887915936952715,0.8311822904754408
2024,05,EST.16.10.9_1,0.4430823117338004,0.8694619025581282
2024,05,EST.16.11.1_1,0.4203152364273205,0.8541662601625049
2024,05,EST.16.11.10_1,0.394045534150613,0.8351646544245033
2024,05,EST.16.11.11_1,0.4168126094570928,0.8517182632772413
2024,05,EST.16.11.12_1,0.4080560420315237,0.8454844764985339
2024,05,EST.16.11.13_1,0.4185639229422067,0.8529454847761373
2024,05,EST.16.11.14_1,0.43607705779334505,0.8648676199280442
2024,05,EST.16.11.15_1,0.4080560420315237,0.8454844764985339
2024,05,EST.16.11.16_1,0.4185639229422067,0.8529454847761373
2024,05,EST.16.11.17_1,0.44658493870402804,0.8717224328879003
2024,05,EST.16.11.18_1,0.42206654991243436,0.8553806170354809
2024,05,EST.16.11.19_1,0.44658493870402804,0.8717224328879003
2024,05,EST.16.11.2_1,0.42206654991243436,0.8553806170354809
2024,05,EST.16.11.20_1,0.42732049036777586,0.8589854480723175
2024,05,EST.16.11.21_1,0.40980735551663755,0.84674435339127
2024,05,EST.16.11.22_1,0.4203152364273205,0.8541662601625049
2024,05,EST.16.11.23_1,0.42556917688266205,0.8577901841359576
2024,05,EST.16.11.24_1,0.4238178633975482,0.8565885826929985
2024,05,EST.16.11.25_1,0.4605954465849388,0.8805248434882459
2024,05,EST.16.11.26_1,0.48511383537653247,0.8950329602869382
2024,05,EST.16.11.27_1,0.4588441330998249,0.8794452797076121
2024,05,EST.16.11.28_1,0.44483362521891423,0.8705951987002916
2024,05,EST.16.11.29_1,0.40105078809106837,0.8403784861596588
2024,05,EST.16.11.3_1,0.43257443082311736,0.8625334776111592
2024,05,EST.16.11.30_1,0.44133099824868655,0.8683225207260261
2024,05,EST.16.11.31_1,0.39579684763572687,0.8364783320564855
2024,05,EST.16.11.32_1,0.4570928196147111,0.8783598351473045
2024,05,EST.16.11.33_1,0.4028021015761822,0.8416650165000324
2024,05,EST.16.11.34_1,0.42556917688266205,0.8577901841359576
2024,05,EST.16.11.35_1,0.43607705779334505,0.8648676199280442
2024,05,EST.16.11.36_1,0.40455341506129605,0.8429448380528823
2024,05,EST.16.11.37_1,0.42556917688266205,0.8577901841359576
2024,05,EST.16.11.38_1,0.4658493870402803,0.883728465084157
2024,05,EST.16.11.39_1,0.43957968476357273,0.867177029216065
2024,05,EST.16.11.4_1,0.43432574430823123,0.8637036528810099
2024,05,EST.16.11.40_1,0.39579684763572687,0.8364783320564855
2024,05,EST.16.11.41_1,0.43782837127845886,0.8660254037844386
2024,05,EST.16.11.42_1,0.43957968476357273,0.867177029216065
2024,05,EST.16.11.43_1,0.4816112084063048,0.8930285549745876
2024,05,EST.16.11.44_1,0.3992994746059545,0.8390852161729463
2024,05,EST.16.11.45_1,0.37653239929947463,0.8216446920658589
2024,05,EST.16.11.46_1,0.42556917688266205,0.8577901841359576
2024,05,EST.16.11.47_1,0.40630472854640987,0.8442179813294668
2024,05,EST.16.11.48_1,0.40980735551663755,0.84674435339127
2024,05,EST.16.11.49_1,0.4483362521891419,0.8728436286070947
2024,05,EST.16.11.5_1,0.40630472854640987,0.8442179813294668
2024,05,EST.16.11.6_1,0.45008756567425573,0.8739588090980032
2024,05,EST.16.11.7_1,0.4588441330998249,0.8794452797076121
2024,05,EST.16.11.8_1,0.4115586690017513,0.8479976415061541
2024,05,EST.16.11.9_1,0.43607705779334505,0.8648676199280442
2024,05,EST.16.12.1_1,0.42556917688266205,0.8577901841359576
2024,05,EST.16.12.10_1,0.4728546409807356,0.8879189152169246
2024,05,EST.16.12.11_1,0.3992994746059545,0.8390852161729463
2024,05,EST.16.12.12_1,0.43432574430823123,0.8637036528810099
2024,05,EST.16.12.13_1,0.43257443082311736,0.8625334776111592
2024,05,EST.16.12.14_1,0.4728546409807356,0.8879189152169246
2024,05,EST.16.12.15_1,0.4535901926444834,0.8761712161444246
2024,05,EST.16.12.16_1,0.4185639229422067,0.8529454847761373
2024,05,EST.16.12.17_1,0.4238178633975482,0.8565885826929985
2024,05,EST.16.12.18_1,0.4238178633975482,0.8565885826929985
2024,05,EST.16.12.19_1,0.4535901926444834,0.8761712161444246
2024,05,EST.16.12.2_1,0.42556917688266205,0.8577901841359576
2024,05,EST.16.12.20_1,0.43257443082311736,0.8625334776111592
2024,05,EST.16.12.21_1,0.43957968476357273,0.867177029216065
2024,05,EST.16.12.22_1,0.4168126094570928,0.8517182632772413
2024,05,EST.16.12.23_1,0.4640980735551664,0.8826664149042944
2024,05,EST.16.12.24_1,0.4133099824868652,0.84924437001372
2024,05,EST.16.12.25_1,0.4203152364273205,0.8541662601625049
2024,05,EST.16.12.26_1,0.4658493870402803,0.883728465084157
2024,05,EST.16.12.27_1,0.4290718038528897,0.8601744009211155
2024,05,EST.16.12.28_1,0.44658493870402804,0.8717224328879003
2024,05,EST.16.12.29_1,0.43957968476357273,0.867177029216065
2024,05,EST.16.12.3_1,0.4605954465849388,0.8805248434882459
2024,05,EST.16.12.30_1,0.43782837127845886,0.8660254037844386
2024,05,EST.16.12.31_1,0.45534150612959723,0.8772684879784524
2024,05,EST.16.12.32_1,0.4028021015761822,0.8416650165000324
2024,05,EST.16.12.33_1,0.43082311733800355,0.8613570688164114
2024,05,EST.16.12.34_1,0.42206654991243436,0.8553806170354809
2024,05,EST.16.12.35_1,0.4238178633975482,0.8565885826929985
2024,05,EST.16.12.36_1,0.4203152364273205,0.8541662601625049
2024,05,EST.16.12.37_1,0.3887915936952715,0.8311822904754408
2024,05,EST.16.12.38_1,0.4605954465849388,0.8805248434882459
2024,05,EST.16.12.39_1,0.40980735551663755,0.84674435339127
2024,05,EST.16.12.4_1,0.44483362521891423,0.8705951987002916
2024,05,EST.16.12.40_1,0.4115586690017513,0.8479976415061541
2024,05,EST.16.12.41_1,0.40455341506129605,0.8429448380528823
2024,05,EST.16.12.5_1,0.47810858143607715,0.8910016835000931
2024,05,EST.16.12.6_1,0.44658493870402804,0.8717224328879003
2024,05,EST.16.12.7_1,0.415061295971979,0.8504845677612263
2024,05,EST.16.12.8_1,0.4185639229422067,0.8529454847761373
2024,05,EST.16.12.9_1,0.4290718038528897,0.8601744009211155
2024,05,EST.16.2.1_1,0.4483362521891419,0.8728436286070947
2024,05,EST.16.2.10_1,0.40630472854640987,0.8442179813294668
2024,05,EST.16.2.11_1,0.4203152364273205,0.8541662601625049
2024,05,EST.16.2.12_1,0.4115586690017513,0.8479976415061541
2024,05,EST.16.2.13_1,0.43432574430823123,0.8637036528810099
2024,05,EST.16.2.14_1,0.4185639229422067,0.8529454847761373
2024,05,EST.16.2.15_1,0.38353765323993,0.8271372316611071
2024,05,EST.16.2.16_1,0.3887915936952715,0.8311822904754408
2024,05,EST.16.2.17_1,0.43782837127845886,0.8660254037844386
2024,05,EST.16.2.18_1,0.4711033274956218,0.8868799242287537
2024,05,EST.16.2.19_1,0.394045534150613,0.8351646544245033
2024,05,EST.16.2.2_1,0.45534150612959723,0.8772684879784524
2024,05,EST.16.2.20_1,0.43607705779334505,0.8648676199280442
2024,05,EST.16.2.21_1,0.43782837127845886,0.8660254037844386
2024,05,EST.16.2.22_1,0.42206654991243436,0.8553806170354809
2024,05,EST.16.2.23_1,0.4133099824868652,0.84924437001372
2024,05,EST.16.2.24_1,0.4133099824868652,0.84924437001372
2024,05,EST.16.2.25_1,0.4185639229422067,0.8529454847761373
2024,05,EST.16.2.26_1,0.36777583187390545,0.814616474176652
2024,05,EST.16.2.27_1,0.37127845884413313,0.817449692641694
2024,05,EST.16.2.28_1,0.45008756567425573,0.8739588090980032
2024,05,EST.16.2.29_1,0.4115586690017513,0.8479976415061541
2024,05,EST.16.2.3_1,0.43082311733800355,0.8613570688164114
2024,05,EST.16.2.30_1,0.43082311733800355,0.8613570688164114
2024,05,EST.16.2.31_1,0.4676007005253941,0.8847847195787232
2024,05,EST.16.2.32_1,0.4658493870402803,0.883728465084157
2024,05,EST.16.2.33_1,0.44483362521891423,0.8705951987002916
2024,05,EST.16.2.34_1,0.43257443082311736,0.8625334776111592
2024,05,EST.16.2.35_1,0.40980735551663755,0.84674435339127
2024,05,EST.16.2.36_1,0.3992994746059545,0.8390852161729463
2024,05,EST.16.2.37_1,0.4168126094570928,0.8517182632772413
2024,05,EST.16.2.38_1,0.44133099824868655,0.8683225207260261
2024,05,EST.16.2.39_1,0.42556917688266205,0.8577901841359576
2024,05,EST.16.2.4_1,0.44133099824868655,0.8683225207260261
2024,05,EST.16.2.40_1,0.43257443082311736,0.8625334776111592
2024,05,EST.16.2.41_1,0.44133099824868655,0.8683225207260261
2024,05,EST.16.2.42_1,0.40630472854640987,0.8442179813294668
2024,05,EST.16.2.43_1,0.43257443082311736,0.8625334776111592
2024,05,EST.16.2.44_1,0.4483362521891419,0.8728436286070947
2024,05,EST.16.2.45_1,0.43607705779334505,0.8648676199280442
2024,05,EST.16.2.46_1,0.4518388791593696,0.8750679973579196
2024,05,EST.16.2.47_1,0.4168126094570928,0.8517182632772413
2024,05,EST.16.2.48_1,0.44658493870402804,0.8717224328879003
2024,05,EST.16.2.49_1,0.44483362521891423,0.8705951987002916
2024,05,EST.16.2.5_1,0.42206654991243436,0.8553806170354809
2024,05,EST.16.2.50_1,0.40455341506129605,0.8429448380528823
2024,05,EST.16.2.51_1,0.4290718038528897,0.8601744009211155
2024,05,EST.16.2.52_1,0.45008756567425573,0.8739588090980032
2024,05,EST.16.2.53_1,0.43607705779334505,0.8648676199280442
2024,05,EST.16.2.54_1,0.42732049036777586,0.8589854480723175
2024,05,EST.16.2.55_1,0.3852889667250438,0.8284926070883192
2024,05,EST.16.2.56_1,0.4290718038528897,0.8601744009211155
2024,05,EST.16.2.57_1,0.40630472854640987,0.8442179813294668
2024,05,EST.16.2.58_1,0.415061295971979,0.8504845677612263
2024,05,EST.16.2.59_1,0.43957968476357273,0.867177029216065
2024,05,EST.16.2.6_1,0.39579684763572687,0.8364783320564855
2024,05,EST.16.2.60_1,0.39579684763572687,0.8364783320564855
2024,05,EST.16.2.61_1,0.4080560420315237,0.8454844764985339
2024,05,EST.16.2.62_1,0.4676007005253941,0.8847847195787232
2024,05,EST.16.2.63_1,0.43257443082311736,0.8625334776111592
2024,05,EST.16.2.64_1,0.3992994746059545,0.8390852161729463
2024,05,EST.16.2.65_1,0.4203152364273205,0.8541662601625049
2024,05,EST.16.2.66_1,0.4080560420315237,0.8454844764985339
2024,05,EST.16.2.67_1,0.40105078809106837,0.8403784861596588
2024,05,EST.16.2.68_1,0.4168126094570928,0.8517182632772413
2024,05,EST.16.2.69_1,0.4168126094570928,0.8517182632772413
2024,05,EST.16.2.7_1,0.37302977232924694,0.8188552985723424
2024,05,EST.16.2.70_1,0.40980735551663755,0.84674435339127
2024,05,EST.16.2.71_1,0.44658493870402804,0.8717224328879003
2024,05,EST.16.2.72_1,0.4203152364273205,0.8541662601625049
2024,05,EST.16.2.73_1,0.3992994746059545,0.8390852161729463
2024,05,EST.16.2.74_1,0.4115586690017513,0.8479976415061541
2024,05,EST.16.2.75_1,0.415061295971979,0.8504845677612263
2024,05,EST.16.2.76_1,0.3905429071803853,0.8325166664998365
2024,05,EST.16.2.77_1,0.37828371278458844,0.8230285535751478
2024,05,EST.16.2.78_1,0.3975481611208407,0.8377851753283774
2024,05,EST.16.2.79_1,0.43432574430823123,0.8637036528810099
2024,05,EST.16.2.8_1,0.39579684763572687,0.8364783320564855
2024,05,EST.16.2.80_1,0.44483362521891423,0.8705951987002916
2024,05,EST.16.2.81_1,0.42732049036777586,0.8589854480723175
2024,05,EST.16.2.82_1,0.4238178633975482,0.8565885826929985
2024,05,EST.16.2.83_1,0.4518388791593696,0.8750679973579196
2024,05,EST.16.2.84_1,0.3905429071803853,0.8325166664998365
2024,05,EST.16.2.85_1,0.4535901926444834,0.8761712161444246
2024,05,EST.16.2.86_1,0.39579684763572687,0.8364783320564855
2024,05,EST.16.2.87_1,0.43607705779334505,0.8648676199280442
2024,05,EST.16.2.88_1,0.43082311733800355,0.8613570688164114
2024,05,EST.16.2.9_1,0.3922942206654992,0.8338441101309045
2024,05,EST.16.3.1_1,0.415061295971979,0.8504845677612263
2024,05,EST.16.3.10_1,0.38704028021015763,0.8298409486160585
2024,05,EST.16.3.11_1,0.44133099824868655,0.8683225207260261
2024,05,EST.16.3.12_1,0.49211908931698783,0.8989749718429317
2024,05,EST.16.3.13_1,0.4185639229422067,0.8529454847761373
2024,05,EST.16.3.14_1,0.43432574430823123,0.8637036528810099
2024,05,EST.16.3.15_1,0.4640980735551664,0.8826664149042944
2024,05,EST.16.3.16_1,0.4238178633975482,0.8565885826929985
2024,05,EST.16.3.17_1,0.4203152364273205,0.8541662601625049
2024,05,EST.16.3.18_1,0.4168126094570928,0.8517182632772413
2024,05,EST.16.3.19_1,0.4658493870402803,0.883728465084157
2024,05,EST.16.3.2_1,0.47985989492119097,0.8920179370393849
2024,05,EST.16.3.20_1,0.4203152364273205,0.8541662601625049
2024,05,EST.16.3.21_1,0.43257443082311736,0.8625334776111592
2024,05,EST.16.3.22_1,0.4080560420315237,0.8454844764985339
2024,05,EST.16.3.23_1,0.4080560420315237,0.8454844764985339
2024,05,EST.16.3.24_1,0.43607705779334505,0.8648676199280442
2024,05,EST.16.3.25_1,0.43782837127845886,0.8660254037844386
2024,05,EST.16.3.26_1,0.4115586690017513,0.8479976415061541
2024,05,EST.16.3.27_1,0.44133099824868655,0.8683225207260261
2024,05,EST.16.3.28_1,0.4658493870402803,0.883728465084157
2024,05,EST.16.3.29_1,0.415061295971979,0.8504845677612263
2024,05,EST.16.3.3_1,0.4133099824868652,0.84924437001372
2024,05,EST.16.3.30_1,0.4133099824868652,0.84924437001372
2024,05,EST.16.3.31_1,0.37653239929947463,0.8216446920658589
2024,05,EST.16.3.32_1,0.42732049036777586,0.8589854480723175
2024,05,EST.16.3.33_1,0.47985989492119097,0.8920179370393849
2024,05,EST.16.3.34_1,0.45008756567425573,0.8739588090980032
2024,05,EST.16.3.35_1,0.43957968476357273,0.867177029216065
2024,05,EST.16.3.36_1,0.46935201401050797,0.885835199120017
2024,05,EST.16.3.37_1,0.4290718038528897,0.8601744009211155
2024,05,EST.16.3.4_1,0.4535901926444834,0.8761712161444246
2024,05,EST.16.3.5_1,0.4570928196147111,0.8783598351473045
2024,05,EST.16.3.6_1,0.43607705779334505,0.8648676199280442
2024,05,EST.16.3.7_1,0.4711033274956218,0.8868799242287537
2024,05,EST.16.3.8_1,0.43257443082311736,0.8625334776111592
2024,05,EST.16.3.9_1,0.45008756567425573,0.8739588090980032
2024,05,EST.16.4.1_1,0.44133099824868655,0.8683225207260261
2024,05,EST.16.4.10_1,0.42732049036777586,0.8589854480723175
2024,05,EST.16.4.11_1,0.4115586690017513,0.8479976415061541
2024,05,EST.16.4.12_1,0.42206654991243436,0.8553806170354809
2024,05,EST.16.4.13_1,0.43257443082311736,0.8625334776111592
2024,05,EST.16.4.14_1,0.40980735551663755,0.84674435339127
2024,05,EST.16.4.15_1,0.4676007005253941,0.8847847195787232
2024,05,EST.16.4.16_1,0.4133099824868652,0.84924437001372
2024,05,EST.16.4.17_1,0.4518388791593696,0.8750679973579196
2024,05,EST.16.4.18_1,0.44483362521891423,0.8705951987002916
2024,05,EST.16.4.19_1,0.4570928196147111,0.8783598351473045
2024,05,EST.16.4.2_1,0.43607705779334505,0.8648676199280442
2024,05,EST.16.4.20_1,0.4185639229422067,0.8529454847761373
2024,05,EST.16.4.21_1,0.45008756567425573,0.8739588090980032
2024,05,EST.16.4.22_1,0.46935201401050797,0.885835199120017
2024,05,EST.16.4.23_1,0.4623467600700526,0.8815985480931783
2024,05,EST.16.4.24_1,0.48511383537653247,0.8950329602869382
2024,05,EST.16.4.26_1,0.4133099824868652,0.84924437001372
2024,05,EST.16.4.27_1,0.44658493870402804,0.8717224328879003
2024,05,EST.16.4.28_1,0.4816112084063048,0.8930285549745876
2024,05,EST.16.4.29_1,0.4290718038528897,0.8601744009211155
2024,05,EST.16.4.3_1,0.4623467600700526,0.8815985480931783
2024,05,EST.16.4.30_1,0.42556917688266205,0.8577901841359576
2024,05,EST.16.4.31_1,0.42732049036777586,0.8589854480723175
2024,05,EST.16.4.32_1,0.4080560420315237,0.8454844764985339
2024,05,EST.16.4.33_1,0.43957968476357273,0.867177029216065
2024,05,EST.16.4.34_1,0.47810858143607715,0.8910016835000931
2024,05,EST.16.4.35_1,0.4588441330998249,0.8794452797076121
2024,05,EST.16.4.36_1,0.4133099824868652,0.84924437001372
2024,05,EST.16.4.37_1,0.4728546409807356,0.8879189152169246
2024,05,EST.16.4.38_1,0.4185639229422067,0.8529454847761373
2024,05,EST.16.4.39_1,0.42732049036777586,0.8589854480723175
2024,05,EST.16.4.4_1,0.3975481611208407,0.8377851753283774
2024,05,EST.16.4.40_1,0.44658493870402804,0.8717224328879003
2024,05,EST.16.4.41_1,0.4570928196147111,0.8783598351473045
2024,05,EST.16.4.42_1,0.43957968476357273,0.867177029216065
2024,05,EST.16.4.43_1,0.43607705779334505,0.8648676199280442
2024,05,EST.16.4.44_1,0.40455341506129605,0.8429448380528823
2024,05,EST.16.4.45_1,0.46935201401050797,0.885835199120017
2024,05,EST.16.4.46_1,0.44133099824868655,0.8683225207260261
2024,05,EST.16.4.48_1,0.4080560420315237,0.8454844764985339
2024,05,EST.16.4.49_1,0.4483362521891419,0.8728436286070947
2024,05,EST.16.4.5_1,0.4676007005253941,0.8847847195787232
2024,05,EST.16.4.50_1,0.42206654991243436,0.8553806170354809
2024,05,EST.16.4.51_1,0.415061295971979,0.8504845677612263
2024,05,EST.16.4.52_1,0.43782837127845886,0.8660254037844386
2024,05,EST.16.4.53_1,0.4430823117338004,0.8694619025581282
2024,05,EST.16.4.54_1,0.42556917688266205,0.8577901841359576
2024,05,EST.16.4.55_1,0.44483362521891423,0.8705951987002916
2024,05,EST.16.4.56_1,0.4483362521891419,0.8728436286070947
2024,05,EST.16.4.57_1,0.43782837127845886,0.8660254037844386
2024,05,EST.16.4.58_1,0.43432574430823123,0.8637036528810099
2024,05,EST.16.4.59_1,0.43782837127845886,0.8660254037844386
2024,05,EST.16.4.6_1,0.42556917688266205,0.8577901841359576
2024,05,EST.16.4.60_1,0.4168126094570928,0.8517182632772413
2024,05,EST.16.4.61_1,0.43607705779334505,0.8648676199280442
2024,05,EST.16.4.62_1,0.4483362521891419,0.8728436286070947
2024,05,EST.16.4.63_1,0.4535901926444834,0.8761712161444246
2024,05,EST.16.4.64_1,0.4640980735551664,0.8826664149042944
2024,05,EST.16.4.65_1,0.42556917688266205,0.8577901841359576
2024,05,EST.16.4.66_1,0.4238178633975482,0.8565885826929985
2024,05,EST.16.4.67_1,0.415061295971979,0.8504845677612263
2024,05,EST.16.4.68_1,0.42556917688266205,0.8577901841359576
2024,05,EST.16.4.69_1,0.43607705779334505,0.8648676199280442
2024,05,EST.16.4.70_1,0.42732049036777586,0.8589854480723175
2024,05,EST.16.4.71_1,0.43082311733800355,0.8613570688164114
2024,05,EST.16.4.72_1,0.3992994746059545,0.8390852161729463
2024,05,EST.16.4.73_1,0.4203152364273205,0.8541662601625049
2024,05,EST.16.4.74_1,0.4290718038528897,0.8601744009211155
2024,05,EST.16.4.75_1,0.40105078809106837,0.8403784861596588
2024,05,EST.16.4.77_1,0.394045534150613,0.8351646544245033
2024,05,EST.16.4.78_1,0.43082311733800355,0.8613570688164114
2024,05,EST.16.4.79_1,0.4168126094570928,0.8517182632772413
2024,05,EST.16.4.8_1,0.42556917688266205,0.8577901841359576
2024,05,EST.16.4.80_1,0.42206654991243436,0.8553806170354809
2024,05,EST.16.4.81_1,0.43432574430823123,0.8637036528810099
2024,05,EST.16.4.82_1,0.4115586690017513,0.8479976415061541
2024,05,EST.16.4.83_1,0.415061295971979,0.8504845677612263
2024,05,EST.16.4.84_1,0.36602451838879163,0.8131887849693945
2024,05,EST.16.4.85_1,0.3992994746059545,0.8390852161729463
2024,05,EST.16.4.86_1,0.3922942206654992,0.8338441101309045
2024,05,EST.16.4.9_1,0.4430823117338004,0.8694619025581282
2024,05,EST.16.5.1_1,0.42732049036777586,0.8589854480723175
2024,05,EST.16.5.10_1,0.394045534150613,0.8351646544245033
2024,05,EST.16.5.11_1,0.4080560420315237,0.8454844764985339
2024,05,EST.16.5.12_1,0.38704028021015763,0.8298409486160585
2024,05,EST.16.5.13_1,0.4570928196147111,0.8783598351473045
2024,05,EST.16.5.14_1,0.3992994746059545,0.8390852161729463
2024,05,EST.16.5.15_1,0.4203152364273205,0.8541662601625049
2024,05,EST.16.5.16_1,0.3852889667250438,0.8284926070883192
2024,05,EST.16.5.17_1,0.37828371278458844,0.8230285535751478
2024,05,EST.16.5.18_1,0.39579684763572687,0.8364783320564855
2024,05,EST.16.5.19_1,0.3887915936952715,0.8311822904754408
2024,05,EST.16.5.2_1,0.3975481611208407,0.8377851753283774
2024,05,EST.16.5.20_1,0.3922942206654992,0.8338441101309045
2024,05,EST.16.5.21_1,0.3887915936952715,0.8311822904754408
2024,05,EST.16.5.22_1,0.4028021015761822,0.8416650165000324
2024,05,EST.16.5.23_1,0.42556917688266205,0.8577901841359576
2024,05,EST.16.5.24_1,0.4238178633975482,0.8565885826929985
2024,05,EST.16.5.25_1,0.43432574430823123,0.8637036528810099
2024,05,EST.16.5.26_1,0.37828371278458844,0.8230285535751478
2024,05,EST.16.5.27_1,0.4640980735551664,0.8826664149042944
2024,05,EST.16.5.28_1,0.4168126094570928,0.8517182632772413
2024,05,EST.16.5.29_1,0.3747810858143608,0.820253619315392
2024,05,EST.16.5.3_1,0.3922942206654992,0.8338441101309045
2024,05,EST.16.5.30_1,0.4133099824868652,0.84924437001372
2024,05,EST.16.5.31_1,0.40105078809106837,0.8403784861596588
2024,05,EST.16.5.32_1,0.4028021015761822,0.8416650165000324
2024,05,EST.16.5.33_1,0.37828371278458844,0.8230285535751478
2024,05,EST.16.5.34_1,0.43607705779334505,0.8648676199280442
2024,05,EST.16.5.35_1,0.4080560420315237,0.8454844764985339
2024,05,EST.16.5.36_1,0.4623467600700526,0.8815985480931783
2024,05,EST.16.5.37_1,0.38353765323993,0.8271372316611071
2024,05,EST.16.5.38_1,0.4133099824868652,0.84924437001372
2024,05,EST.16.5.39_1,0.39579684763572687,0.8364783320564855
2024,05,EST.16.5.4_1,0.4133099824868652,0.84924437001372
2024,05,EST.16.5.40_1,0.43432574430823123,0.8637036528810099
2024,05,EST.16.5.41_1,0.4430823117338004,0.8694619025581282
2024,05,EST.16.5.42_1,0.43257443082311736,0.8625334776111592
2024,05,EST.16.5.43_1,0.42556917688266205,0.8577901841359576
2024,05,EST.16.5.44_1,0.38178633975481613,0.8257747876994065
2024,05,EST.16.5.45_1,0.4588441330998249,0.8794452797076121
2024,05,EST.16.5.46_1,0.43082311733800355,0.8613570688164114
2024,05,EST.16.5.47_1,0.490367775831874,0.8979977728257459
2024,05,EST.16.5.48_1,0.4028021015761822,0.8416650165000324
2024,05,EST.16.5.49_1,0.4133099824868652,0.84924437001372
2024,05,EST.16.5.5_1,0.42732049036777586,0.8589854480723175
2024,05,EST.16.5.50_1,0.415061295971979,0.8504845677612263
2024,05,EST.16.5.51_1,0.38178633975481613,0.8257747876994065
2024,05,EST.16.5.52_1,0.42732049036777586,0.8589854480723175
2024,05,EST.16.5.53_1,0.4185639229422067,0.8529454847761373
2024,05,EST.16.5.6_1,0.46935201401050797,0.885835199120017
2024,05,EST.16.5.7_1,0.42556917688266205,0.8577901841359576
2024,05,EST.16.5.8_1,0.45534150612959723,0.8772684879784524
2024,05,EST.16.5.9_1,0.40980735551663755,0.84674435339127
2024,05,EST.16.6.1_1,0.43082311733800355,0.8613570688164114
2024,05,EST.16.6.10_1,0.49211908931698783,0.8989749718429317
2024,05,EST.16.6.11_1,0.4588441330998249,0.8794452797076121
2024,05,EST.16.6.12_1,0.43957968476357273,0.867177029216065
2024,05,EST.16.6.13_1,0.43607705779334505,0.8648676199280442
2024,05,EST.16.6.14_1,0.42556917688266205,0.8577901841359576
2024,05,EST.16.6.15_1,0.394045534150613,0.8351646544245033
2024,05,EST.16.6.16_1,0.40105078809106837,0.8403784861596588
2024,05,EST.16.6.17_1,0.47460595446584947,0.8889521921903337
2024,05,EST.16.6.2_1,0.4290718038528897,0.8601744009211155
2024,05,EST.16.6.3_1,0.48336252189141865,0.8940335564172074
2024,05,EST.16.6.4_1,0.43782837127845886,0.8660254037844386
2024,05,EST.16.6.5_1,0.4115586690017513,0.8479976415061541
2024,05,EST.16.6.6_1,0.42556917688266205,0.8577901841359576
2024,05,EST.16.6.7_1,0.4938704028021016,0.8999466650863261
2024,05,EST.16.6.8_1,0.42732049036777586,0.8589854480723175
2024,05,EST.16.6.9_1,0.43257443082311736,0.8625334776111592
2024,05,EST.16.7.1_1,0.42206654991243436,0.8553806170354809
2024,05,EST.16.7.10_1,0.4115586690017513,0.8479976415061541
2024,05,EST.16.7.100_1,0.42556917688266205,0.8577901841359576
2024,05,EST.16.7.101_1,0.45008756567425573,0.8739588090980032
2024,05,EST.16.7.102_1,0.415061295971979,0.8504845677612263
2024,05,EST.16.7.103_1,0.44133099824868655,0.8683225207260261
2024,05,EST.16.7.104_1,0.40630472854640987,0.8442179813294668
2024,05,EST.16.7.105_1,0.3800350262697023,0.8244052401580184
2024,05,EST.16.7.106_1,0.4133099824868652,0.84924437001372
2024,05,EST.16.7.107_1,0.38704028021015763,0.8298409486160585
2024,05,EST.16.7.108_1,0.43607705779334505,0.8648676199280442
2024,05,EST.16.7.11_1,0.44658493870402804,0.8717224328879003
2024,05,EST.16.7.12_1,0.42732049036777586,0.8589854480723175
2024,05,EST.16.7.13_1,0.3887915936952715,0.8311822904754408
2024,05,EST.16.7.14_1,0.4238178633975482,0.8565885826929985
2024,05,EST.16.7.15_1,0.42556917688266205,0.8577901841359576
2024,05,EST.16.7.16_1,0.415061295971979,0.8504845677612263
2024,05,EST.16.7.17_1,0.38704028021015763,0.8298409486160585
2024,05,EST.16.7.18_1,0.4483362521891419,0.8728436286070947
2024,05,EST.16.7.19_1,0.43082311733800355,0.8613570688164114
2024,05,EST.16.7.2_1,0.43607705779334505,0.8648676199280442
2024,05,EST.16.7.20_1,0.4290718038528897,0.8601744009211155
2024,05,EST.16.7.21_1,0.38178633975481613,0.8257747876994065
2024,05,EST.16.7.22_1,0.415061295971979,0.8504845677612263
2024,05,EST.16.7.23_1,0.4168126094570928,0.8517182632772413
2024,05,EST.16.7.24_1,0.4535901926444834,0.8761712161444246
2024,05,EST.16.7.25_1,0.4185639229422067,0.8529454847761373
2024,05,EST.16.7.26_1,0.3852889667250438,0.8284926070883192
2024,05,EST.16.7.27_1,0.4133099824868652,0.84924437001372
2024,05,EST.16.7.28_1,0.415061295971979,0.8504845677612263
2024,05,EST.16.7.29_1,0.4168126094570928,0.8517182632772413
2024,05,EST.16.7.3_1,0.42732049036777586,0.8589854480723175
2024,05,EST.16.7.30_1,0.4028021015761822,0.8416650165000324
2024,05,EST.16.7.31_1,0.4290718038528897,0.8601744009211155
2024,05,EST.16.7.32_1,0.4535901926444834,0.8761712161444246
2024,05,EST.16.7.33_1,0.44658493870402804,0.8717224328879003
2024,05,EST.16.7.34_1,0.4168126094570928,0.8517182632772413
2024,05,EST.16.7.35_1,0.4238178633975482,0.8565885826929985
2024,05,EST.16.7.36_1,0.43957968476357273,0.867177029216065
2024,05,EST.16.7.37_1,0.3975481611208407,0.8377851753283774
2024,05,EST.16.7.38_1,0.40980735551663755,0.84674435339127
2024,05,EST.16.7.39_1,0.43957968476357273,0.867177029216065
2024,05,EST.16.7.4_1,0.40455341506129605,0.8429448380528823
2024,05,EST.16.7.40_1,0.40455341506129605,0.8429448380528823
2024,05,EST.16.7.41_1,0.45008756567425573,0.8739588090980032
2024,05,EST.16.7.42_1,0.3800350262697023,0.8244052401580184
2024,05,EST.16.7.43_1,0.3922942206654992,0.8338441101309045
2024,05,EST.16.7.44_1,0.4168126094570928,0.8517182632772413
2024,05,EST.16.7.45_1,0.36777583187390545,0.814616474176652
2024,05,EST.16.7.46_1,0.37302977232924694,0.8188552985723424
2024,05,EST.16.7.47_1,0.45534150612959723,0.8772684879784524
2024,05,EST.16.7.48_1,0.4518388791593696,0.8750679973579196
2024,05,EST.16.7.49_1,0.45008756567425573,0.8739588090980032
2024,05,EST.16.7.5_1,0.43432574430823123,0.8637036528810099
2024,05,EST.16.7.50_1,0.415061295971979,0.8504845677612263
2024,05,EST.16.7.51_1,0.43782837127845886,0.8660254037844386
2024,05,EST.16.7.52_1,0.3747810858143608,0.820253619315392
2024,05,EST.16.7.53_1,0.4028021015761822,0.8416650165000324
2024,05,EST.16.7.54_1,0.36427320490367776,0.8117536572138127
2024,05,EST.16.7.55_1,0.43257443082311736,0.8625334776111592
2024,05,EST.16.7.56_1,0.4203152364273205,0.8541662601625049
2024,05,EST.16.7.57_1,0.4623467600700526,0.8815985480931783
2024,05,EST.16.7.58_1,0.42206654991243436,0.8553806170354809
2024,05,EST.16.7.59_1,0.44658493870402804,0.8717224328879003
2024,05,EST.16.7.6_1,0.415061295971979,0.8504845677612263
2024,05,EST.16.7.60_1,0.37653239929947463,0.8216446920658589
2024,05,EST.16.7.61_1,0.4185639229422067,0.8529454847761373
2024,05,EST.16.7.62_1,0.4290718038528897,0.8601744009211155
2024,05,EST.16.7.63_1,0.4028021015761822,0.8416650165000324
2024,05,EST.16.7.64_1,0.4028021015761822,0.8416650165000324
2024,05,EST.16.7.65_1,0.4133099824868652,0.84924437001372
2024,05,EST.16.7.66_1,0.4676007005253941,0.8847847195787232
2024,05,EST.16.7.67_1,0.4028021015761822,0.8416650165000324
2024,05,EST.16.7.68_1,0.4028021015761822,0.8416650165000324
2024,05,EST.16.7.69_1,0.3992994746059545,0.8390852161729463
2024,05,EST.16.7.7_1,0.3887915936952715,0.8311822904754408
2024,05,EST.16.7.70_1,0.415061295971979,0.8504845677612263
2024,05,EST.16.7.71_1,0.3905429071803853,0.8325166664998365
2024,05,EST.16.7.72_1,0.42556917688266205,0.8577901841359576
2024,05,EST.16.7.73_1,0.43257443082311736,0.8625334776111592
2024,05,EST.16.7.74_1,0.40630472854640987,0.8442179813294668
2024,05,EST.16.7.75_1,0.4115586690017513,0.8479976415061541
2024,05,EST.16.7.76_1,0.40630472854640987,0.8442179813294668
2024,05,EST.16.7.77_1,0.42732049036777586,0.8589854480723175
2024,05,EST.16.7.78_1,0.43782837127845886,0.8660254037844386
2024,05,EST.16.7.79_1,0.45534150612959723,0.8772684879784524
2024,05,EST.16.7.8_1,0.40980735551663755,0.84674435339127
2024,05,EST.16.7.80_1,0.3975481611208407,0.8377851753283774
2024,05,EST.16.7.81_1,0.4028021015761822,0.8416650165000324
2024,05,EST.16.7.82_1,0.43257443082311736,0.8625334776111592
2024,05,EST.16.7.83_1,0.43082311733800355,0.8613570688164114
2024,05,EST.16.7.84_1,0.38178633975481613,0.8257747876994065
2024,05,EST.16.7.85_1,0.394045534150613,0.8351646544245033
2024,05,EST.16.7.86_1,0.40630472854640987,0.8442179813294668
2024,05,EST.16.7.87_1,0.46935201401050797,0.885835199120017
2024,05,EST.16.7.88_1,0.37127845884413313,0.817449692641694
2024,05,EST.16.7.89_1,0.44483362521891423,0.8705951987002916
2024,05,EST.16.7.9_1,0.4535901926444834,0.8761712161444246
2024,05,EST.16.7.90_1,0.3992994746059545,0.8390852161729463
2024,05,EST.16.7.91_1,0.4203152364273205,0.8541662601625049
2024,05,EST.16.7.92_1,0.4203152364273205,0.8541662601625049
2024,05,EST.16.7.93_1,0.43607705779334505,0.8648676199280442
2024,05,EST.16.7.94_1,0.43257443082311736,0.8625334776111592
2024,05,EST.16.7.95_1,0.4080560420315237,0.8454844764985339
2024,05,EST.16.7.96_1,0.45534150612959723,0.8772684879784524
2024,05,EST.16.7.97_1,0.4430823117338004,0.8694619025581282
2024,05,EST.16.7.98_1,0.3975481611208407,0.8377851753283774
2024,05,EST.16.7.99_1,0.47985989492119097,0.8920179370393849
2024,05,EST.16.8.1_1,0.42206654991243436,0.8553806170354809
2024,05,EST.16.8.10_1,0.43257443082311736,0.8625334776111592
2024,05,EST.16.8.11_1,0.43957968476357273,0.867177029216065
2024,05,EST.16.8.12_1,0.43257443082311736,0.8625334776111592
2024,05,EST.16.8.13_1,0.43607705779334505,0.8648676199280442
2024,05,EST.16.8.14_1,0.3800350262697023,0.8244052401580184
2024,05,EST.16.8.15_1,0.4185639229422067,0.8529454847761373
2024,05,EST.16.8.16_1,0.4588441330998249,0.8794452797076121
2024,05,EST.16.8.17_1,0.415061295971979,0.8504845677612263
2024,05,EST.16.8.18_1,0.4080560420315237,0.8454844764985339
2024,05,EST.16.8.19_1,0.4570928196147111,0.8783598351473045
2024,05,EST.16.8.2_1,0.42206654991243436,0.8553806170354809
2024,05,EST.16.8.20_1,0.40455341506129605,0.8429448380528823
2024,05,EST.16.8.21_1,0.46935201401050797,0.885835199120017
2024,05,EST.16.8.22_1,0.42732049036777586,0.8589854480723175
2024,05,EST.16.8.23_1,0.44483362521891423,0.8705951987002916
2024,05,EST.16.8.24_1,0.4430823117338004,0.8694619025581282
2024,05,EST.16.8.25_1,0.42732049036777586,0.8589854480723175
2024,05,EST.16.8.26_1,0.4115586690017513,0.8479976415061541
2024,05,EST.16.8.27_1,0.44133099824868655,0.8683225207260261
2024,05,EST.16.8.28_1,0.4203152364273205,0.8541662601625049
2024,05,EST.16.8.29_1,0.43082311733800355,0.8613570688164114
2024,05,EST.16.8.3_1,0.43432574430823123,0.8637036528810099
2024,05,EST.16.8.30_1,0.4570928196147111,0.8783598351473045
2024,05,EST.16.8.31_1,0.43957968476357273,0.867177029216065
2024,05,EST.16.8.32_1,0.4711033274956218,0.8868799242287537
2024,05,EST.16.8.33_1,0.4676007005253941,0.8847847195787232
2024,05,EST.16.8.34_1,0.43607705779334505,0.8648676199280442
2024,05,EST.16.8.35_1,0.37302977232924694,0.8188552985723424
2024,05,EST.16.8.4_1,0.44658493870402804,0.8717224328879003
2024,05,EST.16.8.5_1,0.43782837127845886,0.8660254037844386
2024,05,EST.16.8.6_1,0.4535901926444834,0.8761712161444246
2024,05,EST.16.8.7_1,0.43082311733800355,0.8613570688164114
2024,05,EST.16.8.8_1,0.4185639229422067,0.8529454847761373
2024,05,EST.16.8.9_1,0.43957968476357273,0.867177029216065
2024,05,EST.16.9.1_1,0.3922942206654992,0.8338441101309045
2024,05,EST.16.9.10_1,0.42206654991243436,0.8553806170354809
2024,05,EST.16.9.11_1,0.4535901926444834,0.8761712161444246
2024,05,EST.16.9.12_1,0.44658493870402804,0.8717224328879003
2024,05,EST.16.9.13_1,0.4133099824868652,0.84924437001372
2024,05,EST.16.9.14_1,0.43957968476357273,0.867177029216065
2024,05,EST.16.9.2_1,0.43957968476357273,0.867177029216065
2024,05,EST.16.9.3_1,0.43607705779334505,0.8648676199280442
2024,05,EST.16.9.4_1,0.4605954465849388,0.8805248434882459
2024,05,EST.16.9.5_1,0.43257443082311736,0.8625334776111592
2024,05,EST.16.9.6_1,0.4676007005253941,0.8847847195787232
2024,05,EST.16.9.7_1,0.4115586690017513,0.8479976415061541
2024,05,EST.16.9.8_1,0.44133099824868655,0.8683225207260261
2024,05,EST.16.9.9_1,0.44133099824868655,0.8683225207260261
2024,05,EST.2.1.10_1,0.4728546409807356,0.8879189152169246
2024,05,EST.2.1.12_1,0.4570928196147111,0.8783598351473045
2024,05,EST.2.1.13_1,0.4658493870402803,0.883728465084157
2024,05,EST.2.1.14_1,0.4570928196147111,0.8783598351473045
2024,05,EST.2.1.15_1,0.42556917688266205,0.8577901841359576
2024,05,EST.2.1.16_1,0.415061295971979,0.8504845677612263
2024,05,EST.2.1.17_1,0.48861646234676015,0.8970150500409678
2024,05,EST.2.1.18_1,0.43957968476357273,0.867177029216065
2024,05,EST.2.1.2_1,0.43782837127845886,0.8660254037844386
2024,05,EST.2.1.20_1,0.4640980735551664,0.8826664149042944
2024,05,EST.2.1.22_1,0.4483362521891419,0.8728436286070947
2024,05,EST.2.1.23_1,0.4676007005253941,0.8847847195787232
2024,05,EST.2.1.24_1,0.43957968476357273,0.867177029216065
2024,05,EST.2.1.25_1,0.4238178633975482,0.8565885826929985
2024,05,EST.2.1.26_1,0.49211908931698783,0.8989749718429317
2024,05,EST.2.1.28_1,0.47810858143607715,0.8910016835000931
2024,05,EST.2.1.29_1,0.48511383537653247,0.8950329602869382
2024,05,EST.2.1.3_1,0.394045534150613,0.8351646544245033
2024,05,EST.2.1.33_1,0.4290718038528897,0.8601744009211155
2024,05,EST.2.1.35_1,0.42556917688266205,0.8577901841359576
2024,05,EST.2.1.38_1,0.4676007005253941,0.8847847195787232
2024,05,EST.2.1.4_1,0.4711033274956218,0.8868799242287537
2024,05,EST.2.1.40_1,0.4483362521891419,0.8728436286070947
2024,05,EST.2.1.41_1,0.4676007005253941,0.8847847195787232
2024,05,EST.2.1.42_1,0.4640980735551664,0.8826664149042944
2024,05,EST.2.1.5_1,0.4570928196147111,0.8783598351473045
2024,05,EST.2.1.7_1,0.4570928196147111,0.8783598351473045
2024,05,EST.2.1.8_1,0.4483362521891419,0.8728436286070947
2024,05,EST.2.1.9_1,0.43957968476357273,0.867177029216065
2024,05,EST.2.2.1_1,0.4518388791593696,0.8750679973579196
2024,05,EST.2.2.10_1,0.4430823117338004,0.8694619025581282
2024,05,EST.2.2.11_1,0.43082311733800355,0.8613570688164114
2024,05,EST.2.2.12_1,0.4640980735551664,0.8826664149042944
2024,05,EST.2.2.13_1,0.45008756567425573,0.8739588090980032
2024,05,EST.2.2.14_1,0.4728546409807356,0.8879189152169246
2024,05,EST.2.2.15_1,0.4711033274956218,0.8868799242287537
2024,05,EST.2.2.16_1,0.521891418563923,0.9147589846511485
2024,05,EST.2.2.17_1,0.4956217162872154,0.9009128703709366
2024,05,EST.2.2.18_1,0.5061295971978984,0.9065958305661901
2024,05,EST.2.2.19_1,0.5078809106830122,0.9075241043630743
2024,05,EST.2.2.2_1,0.47810858143607715,0.8910016835000931
2024,05,EST.2.2.20_1,0.47460595446584947,0.8889521921903337
2024,05,EST.2.2.21_1,0.47985989492119097,0.8920179370393849
2024,05,EST.2.2.22_1,0.4535901926444834,0.8761712161444246
2024,05,EST.2.2.23_1,0.4711033274956218,0.8868799242287537
2024,05,EST.2.2.24_1,0.4938704028021016,0.8999466650863261
2024,05,EST.2.2.25_1,0.42556917688266205,0.8577901841359576
2024,05,EST.2.2.26_1,0.44483362521891423,0.8705951987002916
2024,05,EST.2.2.27_1,0.42556917688266205,0.8577901841359576
2024,05,EST.2.2.28_1,0.5376532399299475,0.9224987804869988
2024,05,EST.2.2.29_1,0.4711033274956218,0.8868799242287537
2024,05,EST.2.2.3_1,0.43257443082311736,0.8625334776111592
2024,05,EST.2.2.30_1,0.4535901926444834,0.8761712161444246
2024,05,EST.2.2.31_1,0.4816112084063048,0.8930285549745876
2024,05,EST.2.2.32_1,0.4956217162872154,0.9009128703709366
2024,05,EST.2.2.33_1,0.43432574430823123,0.8637036528810099
2024,05,EST.2.2.34_1,0.44133099824868655,0.8683225207260261
2024,05,EST.2.2.35_1,0.4956217162872154,0.9009128703709366
2024,05,EST.2.2.4_1,0.5148861646234676,0.9111838453352868
2024,05,EST.2.2.5_1,0.5043782837127846,0.905662188677434
2024,05,EST.2.2.6_1,0.43432574430823123,0.8637036528810099
2024,05,EST.2.2.7_1,0.4991243432574431,0.9028288874421332
2024,05,EST.2.2.8_1,0.4711033274956218,0.8868799242287537
2024,05,EST.2.2.9_1,0.490367775831874,0.8979977728257459
2024,05,EST.2.3.1_1,0.4956217162872154,0.9009128703709366
2024,05,EST.2.4.1_1,0.5061295971978984,0.9065958305661901
2024,05,EST.2.4.11_1,0.5464098073555167,0.9266196630764966
2024,05,EST.2.4.12_1,0.5201401050788091,0.9138730765264944
2024,05,EST.2.4.13_1,0.4938704028021016,0.8999466650863261
2024,05,EST.2.4.15_1,0.4623467600700526,0.8815985480931783
2024,05,EST.2.4.16_1,0.5253940455341506,0.916515138991168
2024,05,EST.2.4.17_1,0.5096322241681261,0.9084470265238365
2024,05,EST.2.4.2_1,0.5306479859894921,0.9191104395011516
2024,05,EST.2.4.21_1,0.47985989492119097,0.8920179370393849
2024,05,EST.2.4.24_1,0.5131348511383538,0.9102768809543611
2024,05,EST.2.4.25_1,0.5026269702276708,0.9047231620777706
2024,05,EST.2.4.26_1,0.5253940455341506,0.916515138991168
2024,05,EST.2.4.29_1,0.48686514886164634,0.8960267853139213
2024,05,EST.2.4.30_1,0.4991243432574431,0.9028288874421332
2024,05,EST.2.4.32_1,0.521891418563923,0.9147589846511485
2024,05,EST.2.4.33_1,0.4658493870402803,0.883728465084157
2024,05,EST.2.4.34_1,0.5026269702276708,0.9047231620777706
2024,05,EST.2.4.37_1,0.5078809106830122,0.9075241043630743
2024,05,EST.2.4.39_1,0.5183887915936953,0.9129819275319747
2024,05,EST.2.4.41_1,0.4588441330998249,0.8794452797076121
2024,05,EST.2.4.42_1,0.48861646234676015,0.8970150500409678
2024,05,EST.2.4.44_1,0.43607705779334505,0.8648676199280442
2024,05,EST.2.4.45_1,0.521891418563923,0.9147589846511485
2024,05,EST.2.4.46_1,0.5551663747810859,0.9306148505155073
2024,05,EST.2.4.48_1,0.56217162872154125,0.9337215859130601
2024,05,EST.2.4.49_1,0.48336252189141865,0.8940335564172074
2024,05,EST.2.4.5_1,0.43082311733800355,0.8613570688164114
2024,05,EST.2.4.6_1,0.4640980735551664,0.8826664149042944
2024,05,EST.2.4.7_1,0.490367775831874,0.8979977728257459
2024,05,EST.2.4.8_1,0.48861646234676015,0.8970150500409678
2024,05,EST.2.5.1_1,0.5306479859894921,0.9191104395011516
2024,05,EST.2.5.10_1,0.48511383537653247,0.8950329602869382
2024,05,EST.2.5.11_1,0.4535901926444834,0.8761712161444246
2024,05,EST.2.5.14_1,0.4973730297723292,0.9018736053350269
2024,05,EST.2.5.15_1,0.5464098073555167,0.9266196630764966
2024,05,EST.2.5.18_1,0.5148861646234676,0.9111838453352868
2024,05,EST.2.5.19_1,0.5411558669001751,0.9241623234042816
2024,05,EST.2.5.2_1,0.5394045534150613,0.923333092659415
2024,05,EST.2.5.20_1,0.48511383537653247,0.8950329602869382
2024,05,EST.2.5.21_1,0.48861646234676015,0.8970150500409678
2024,05,EST.2.5.22_1,0.5359019264448337,0.9216593730874764
2024,05,EST.2.5.25_1,0.5148861646234676,0.9111838453352868
2024,05,EST.2.5.26_1,0.48861646234676015,0.8970150500409678
2024,05,EST.2.5.27_1,0.5061295971978984,0.9065958305661901
2024,05,EST.2.5.28_1,0.4588441330998249,0.8794452797076121
2024,05,EST.2.5.29_1,0.5464098073555167,0.9266196630764966
2024,05,EST.2.5.3_1,0.51138353765324,0.909364613342745
2024,05,EST.2.5.30_1,0.5341506129597198,0.920814856526544
2024,05,EST.2.5.32_1,0.4991243432574431,0.9028288874421332
2024,05,EST.2.5.33_1,0.5166374781085814,0.9120855223058855
2024,05,EST.2.5.34_1,0.48511383537653247,0.8950329602869382
2024,05,EST.2.5.35_1,0.4956217162872154,0.9009128703709366
2024,05,EST.2.5.36_1,0.47985989492119097,0.8920179370393849
2024,05,EST.2.5.38_1,0.4816112084063048,0.8930285549745876
2024,05,EST.2.5.39_1,0.4991243432574431,0.9028288874421332
2024,05,EST.2.5.4_1,0.5078809106830122,0.9075241043630743
2024,05,EST.2.5.40_1,0.48336252189141865,0.8940335564172074
2024,05,EST.2.5.41_1,0.4938704028021016,0.8999466650863261
2024,05,EST.2.5.42_1,0.48861646234676015,0.8970150500409678
2024,05,EST.2.5.43_1,0.5796847635726796,0.9411461098044235
2024,05,EST.2.5.44_1,0.5043782837127846,0.905662188677434
2024,05,EST.2.5.45_1,0.47985989492119097,0.8920179370393849
2024,05,EST.2.5.46_1,0.5604203152364273,0.9329523031752481
2024,05,EST.2.5.47_1,0.4956217162872154,0.9009128703709366
2024,05,EST.2.5.6_1,0.5096322241681261,0.9084470265238365
2024,05,EST.2.5.7_1,0.5394045534150613,0.923333092659415
2024,05,EST.2.5.9_1,0.5201401050788091,0.9138730765264944
2024,05,EST.3.1.1_1,0.4816112084063048,0.8930285549745876
2024,05,EST.3.1.2_1,0.43257443082311736,0.8625334776111592
2024,05,EST.3.1.3_1,0.48511383537653247,0.8950329602869382
2024,05,EST.3.1.4_1,0.48861646234676015,0.8970150500409678
2024,05,EST.3.1.5_1,0.4605954465849388,0.8805248434882459
2024,05,EST.3.1.6_1,0.4588441330998249,0.8794452797076121
2024,05,EST.3.1.7_1,0.4430823117338004,0.8694619025581282
2024,05,EST.3.10.1_1,0.3975481611208407,0.8377851753283774
2024,05,EST.3.10.10_1,0.42556917688266205,0.8577901841359576
2024,05,EST.3.10.11_1,0.43082311733800355,0.8613570688164114
2024,05,EST.3.10.12_1,0.39579684763572687,0.8364783320564855
2024,05,EST.3.10.13_1,0.42206654991243436,0.8553806170354809
2024,05,EST.3.10.14_1,0.4133099824868652,0.84924437001372
2024,05,EST.3.10.15_1,0.4115586690017513,0.8479976415061541
2024,05,EST.3.10.2_1,0.40455341506129605,0.8429448380528823
2024,05,EST.3.10.3_1,0.42556917688266205,0.8577901841359576
2024,05,EST.3.10.4_1,0.4430823117338004,0.8694619025581282
2024,05,EST.3.10.5_1,0.42732049036777586,0.8589854480723175
2024,05,EST.3.10.6_1,0.40105078809106837,0.8403784861596588
2024,05,EST.3.10.7_1,0.4728546409807356,0.8879189152169246
2024,05,EST.3.10.8_1,0.4483362521891419,0.8728436286070947
2024,05,EST.3.10.9_1,0.4640980735551664,0.8826664149042944
2024,05,EST.3.11.1_1,0.4956217162872154,0.9009128703709366
2024,05,EST.3.11.2_1,0.44658493870402804,0.8717224328879003
2024,05,EST.3.11.3_1,0.5341506129597198,0.920814856526544
2024,05,EST.3.11.4_1,0.48686514886164634,0.8960267853139213
2024,05,EST.3.11.5_1,0.4938704028021016,0.8999466650863261
2024,05,EST.3.11.6_1,0.43432574430823123,0.8637036528810099
2024,05,EST.3.11.7_1,0.45534150612959723,0.8772684879784524
2024,05,EST.3.11.8_1,0.4518388791593696,0.8750679973579196
2024,05,EST.3.11.9_1,0.4938704028021016,0.8999466650863261
2024,05,EST.3.12.1_1,0.40980735551663755,0.84674435339127
2024,05,EST.3.12.10_1,0.415061295971979,0.8504845677612263
2024,05,EST.3.12.11_1,0.38178633975481613,0.8257747876994065
2024,05,EST.3.12.12_1,0.43082311733800355,0.8613570688164114
2024,05,EST.3.12.13_1,0.44483362521891423,0.8705951987002916
2024,05,EST.3.12.2_1,0.39579684763572687,0.8364783320564855
2024,05,EST.3.12.3_1,0.38704028021015763,0.8298409486160585
2024,05,EST.3.12.4_1,0.3800350262697023,0.8244052401580184
2024,05,EST.3.12.5_1,0.43432574430823123,0.8637036528810099
2024,05,EST.3.12.6_1,0.43607705779334505,0.8648676199280442
2024,05,EST.3.12.7_1,0.3922942206654992,0.8338441101309045
2024,05,EST.3.12.8_1,0.37828371278458844,0.8230285535751478
2024,05,EST.3.12.9_1,0.37653239929947463,0.8216446920658589
2024,05,EST.3.13.1_1,0.4185639229422067,0.8529454847761373
2024,05,EST.3.13.10_1,0.3992994746059545,0.8390852161729463
2024,05,EST.3.13.11_1,0.43082311733800355,0.8613570688164114
2024,05,EST.3.13.12_1,0.4570928196147111,0.8783598351473045
2024,05,EST.3.13.13_1,0.4483362521891419,0.8728436286070947
2024,05,EST.3.13.14_1,0.43607705779334505,0.8648676199280442
2024,05,EST.3.13.15_1,0.3905429071803853,0.8325166664998365
2024,05,EST.3.13.16_1,0.4168126094570928,0.8517182632772413
2024,05,EST.3.13.17_1,0.43782837127845886,0.8660254037844386
2024,05,EST.3.13.18_1,0.4133099824868652,0.84924437001372
2024,05,EST.3.13.19_1,0.40105078809106837,0.8403784861596588
2024,05,EST.3.13.2_1,0.4168126094570928,0.8517182632772413
2024,05,EST.3.13.20_1,0.3922942206654992,0.8338441101309045
2024,05,EST.3.13.21_1,0.40630472854640987,0.8442179813294668
2024,05,EST.3.13.3_1,0.3905429071803853,0.8325166664998365
2024,05,EST.3.13.4_1,0.415061295971979,0.8504845677612263
2024,05,EST.3.13.5_1,0.37828371278458844,0.8230285535751478
2024,05,EST.3.13.6_1,0.44483362521891423,0.8705951987002916
2024,05,EST.3.13.7_1,0.3905429071803853,0.8325166664998365
2024,05,EST.3.13.8_1,0.43782837127845886,0.8660254037844386
2024,05,EST.3.13.9_1,0.4658493870402803,0.883728465084157
2024,05,EST.3.14.1_1,0.44658493870402804,0.8717224328879003
2024,05,EST.3.14.10_1,0.4185639229422067,0.8529454847761373
2024,05,EST.3.14.11_1,0.4676007005253941,0.8847847195787232
2024,05,EST.3.14.12_1,0.47460595446584947,0.8889521921903337
2024,05,EST.3.14.13_1,0.4605954465849388,0.8805248434882459
2024,05,EST.3.14.14_1,0.40630472854640987,0.8442179813294668
2024,05,EST.3.14.15_1,0.4290718038528897,0.8601744009211155
2024,05,EST.3.14.16_1,0.4588441330998249,0.8794452797076121
2024,05,EST.3.14.17_1,0.4115586690017513,0.8479976415061541
2024,05,EST.3.14.18_1,0.43957968476357273,0.867177029216065
2024,05,EST.3.14.19_1,0.44658493870402804,0.8717224328879003
2024,05,EST.3.14.2_1,0.4203152364273205,0.8541662601625049
2024,05,EST.3.14.20_1,0.3887915936952715,0.8311822904754408
2024,05,EST.3.14.21_1,0.394045534150613,0.8351646544245033
2024,05,EST.3.14.22_1,0.4290718038528897,0.8601744009211155
2024,05,EST.3.14.23_1,0.4080560420315237,0.8454844764985339
2024,05,EST.3.14.24_1,0.43782837127845886,0.8660254037844386
2024,05,EST.3.14.25_1,0.43082311733800355,0.8613570688164114
2024,05,EST.3.14.26_1,0.4133099824868652,0.84924437001372
2024,05,EST.3.14.3_1,0.42732049036777586,0.8589854480723175
2024,05,EST.3.14.4_1,0.43957968476357273,0.867177029216065
2024,05,EST.3.14.5_1,0.43782837127845886,0.8660254037844386
2024,05,EST.3.14.6_1,0.3975481611208407,0.8377851753283774
2024,05,EST.3.14.7_1,0.43957968476357273,0.867177029216065
2024,05,EST.3.14.8_1,0.4028021015761822,0.8416650165000324
2024,05,EST.3.14.9_1,0.44483362521891423,0.8705951987002916
2024,05,EST.3.15.1_1,0.4816112084063048,0.8930285549745876
2024,05,EST.3.16.1_1,0.5026269702276708,0.9047231620777706
2024,05,EST.3.17.1_1,0.45008756567425573,0.8739588090980032
2024,05,EST.3.18.1_1,0.4991243432574431,0.9028288874421332
2024,05,EST.3.19.1_1,0.4168126094570928,0.8517182632772413
2024,05,EST.3.19.10_1,0.4816112084063048,0.8930285549745876
2024,05,EST.3.19.2_1,0.44483362521891423,0.8705951987002916
2024,05,EST.3.19.3_1,0.4623467600700526,0.8815985480931783
2024,05,EST.3.19.4_1,0.43957968476357273,0.867177029216065
2024,05,EST.3.19.5_1,0.43257443082311736,0.8625334776111592
2024,05,EST.3.19.6_1,0.43957968476357273,0.867177029216065
2024,05,EST.3.19.7_1,0.4430823117338004,0.8694619025581282
2024,05,EST.3.19.8_1,0.48861646234676015,0.8970150500409678
2024,05,EST.3.19.9_1,0.48336252189141865,0.8940335564172074
2024,05,EST.3.2.4_1,0.4168126094570928,0.8517182632772413
2024,05,EST.3.2.5_1,0.4728546409807356,0.8879189152169246
2024,05,EST.3.2.6_1,0.40630472854640987,0.8442179813294668
2024,05,EST.3.20.1_1,0.44658493870402804,0.8717224328879003
2024,05,EST.3.20.10_1,0.44658493870402804,0.8717224328879003
2024,05,EST.3.20.11_1,0.5499124343257443,0.9282327294380435
2024,05,EST.3.20.2_1,0.4238178633975482,0.8565885826929985
2024,05,EST.3.20.3_1,0.4115586690017513,0.8479976415061541
2024,05,EST.3.20.4_1,0.4115586690017513,0.8479976415061541
2024,05,EST.3.20.5_1,0.4430823117338004,0.8694619025581282
2024,05,EST.3.20.6_1,0.4763572679509633,0.8899797750510963
2024,05,EST.3.20.7_1,0.4640980735551664,0.8826664149042944
2024,05,EST.3.20.8_1,0.42732049036777586,0.8589854480723175
2024,05,EST.3.20.9_1,0.4483362521891419,0.8728436286070947
2024,05,EST.3.21.1_1,0.43432574430823123,0.8637036528810099
2024,05,EST.3.21.10_1,0.5131348511383538,0.9102768809543611
2024,05,EST.3.21.2_1,0.48861646234676015,0.8970150500409678
2024,05,EST.3.21.3_1,0.38353765323993,0.8271372316611071
2024,05,EST.3.21.4_1,0.38704028021015763,0.8298409486160585
2024,05,EST.3.21.5_1,0.5131348511383538,0.9102768809543611
2024,05,EST.3.21.6_1,0.4588441330998249,0.8794452797076121
2024,05,EST.3.21.7_1,0.43432574430823123,0.8637036528810099
2024,05,EST.3.21.8_1,0.490367775831874,0.8979977728257459
2024,05,EST.3.21.9_1,0.45008756567425573,0.8739588090980032
2024,05,EST.3.22.1_1,0.5096322241681261,0.9084470265238365
2024,05,EST.3.22.10_1,0.44658493870402804,0.8717224328879003
2024,05,EST.3.22.11_1,0.4816112084063048,0.8930285549745876
2024,05,EST.3.22.12_1,0.4816112084063048,0.8930285549745876
2024,05,EST.3.22.13_1,0.4168126094570928,0.8517182632772413
2024,05,EST.3.22.14_1,0.4658493870402803,0.883728465084157
2024,05,EST.3.22.15_1,0.46935201401050797,0.885835199120017
2024,05,EST.3.22.16_1,0.47985989492119097,0.8920179370393849
2024,05,EST.3.22.17_1,0.48336252189141865,0.8940335564172074
2024,05,EST.3.22.18_1,0.48861646234676015,0.8970150500409678
2024,05,EST.3.22.19_1,0.45008756567425573,0.8739588090980032
2024,05,EST.3.22.2_1,0.4763572679509633,0.8899797750510963
2024,05,EST.3.22.20_1,0.49211908931698783,0.8989749718429317
2024,05,EST.3.22.21_1,0.44658493870402804,0.8717224328879003
2024,05,EST.3.22.3_1,0.4728546409807356,0.8879189152169246
2024,05,EST.3.22.4_1,0.48686514886164634,0.8960267853139213
2024,05,EST.3.22.5_1,0.43782837127845886,0.8660254037844386
2024,05,EST.3.22.6_1,0.43957968476357273,0.867177029216065
2024,05,EST.3.22.7_1,0.48511383537653247,0.8950329602869382
2024,05,EST.3.22.8_1,0.45008756567425573,0.8739588090980032
2024,05,EST.3.22.9_1,0.4430823117338004,0.8694619025581282
2024,05,EST.3.3.1_1,0.43432574430823123,0.8637036528810099
2024,05,EST.3.3.10_1,0.40980735551663755,0.84674435339127
2024,05,EST.3.3.11_1,0.4676007005253941,0.8847847195787232
2024,05,EST.3.3.12_1,0.4640980735551664,0.8826664149042944
2024,05,EST.3.3.13_1,0.4535901926444834,0.8761712161444246
2024,05,EST.3.3.14_1,0.4185639229422067,0.8529454847761373
2024,05,EST.3.3.15_1,0.4133099824868652,0.84924437001372
2024,05,EST.3.3.16_1,0.4640980735551664,0.8826664149042944
2024,05,EST.3.3.17_1,0.47985989492119097,0.8920179370393849
2024,05,EST.3.3.18_1,0.42206654991243436,0.8553806170354809
2024,05,EST.3.3.2_1,0.4676007005253941,0.8847847195787232
2024,05,EST.3.3.3_1,0.4816112084063048,0.8930285549745876
2024,05,EST.3.3.4_1,0.45534150612959723,0.8772684879784524
2024,05,EST.3.3.5_1,0.48511383537653247,0.8950329602869382
2024,05,EST.3.3.6_1,0.4658493870402803,0.883728465084157
2024,05,EST.3.3.7_1,0.42206654991243436,0.8553806170354809
2024,05,EST.3.3.8_1,0.4623467600700526,0.8815985480931783
2024,05,EST.3.3.9_1,0.4763572679509633,0.8899797750510963
2024,05,EST.3.4.1_1,0.4430823117338004,0.8694619025581282
2024,05,EST.3.4.10_1,0.40980735551663755,0.84674435339127
2024,05,EST.3.4.11_1,0.44133099824868655,0.8683225207260261
2024,05,EST.3.4.12_1,0.4518388791593696,0.8750679973579196
2024,05,EST.3.4.13_1,0.42556917688266205,0.8577901841359576
2024,05,EST.3.4.14_1,0.4238178633975482,0.8565885826929985
2024,05,EST.3.4.15_1,0.45008756567425573,0.8739588090980032
2024,05,EST.3.4.16_1,0.4483362521891419,0.8728436286070947
2024,05,EST.3.4.17_1,0.43432574430823123,0.8637036528810099
2024,05,EST.3.4.18_1,0.42732049036777586,0.8589854480723175
2024,05,EST.3.4.2_1,0.47460595446584947,0.8889521921903337
2024,05,EST.3.4.3_1,0.4238178633975482,0.8565885826929985
2024,05,EST.3.4.4_1,0.42556917688266205,0.8577901841359576
2024,05,EST.3.4.5_1,0.45534150612959723,0.8772684879784524
2024,05,EST.3.4.6_1,0.45534150612959723,0.8772684879784524
2024,05,EST.3.4.7_1,0.44658493870402804,0.8717224328879003
2024,05,EST.3.4.8_1,0.4728546409807356,0.8879189152169246
2024,05,EST.3.4.9_1,0.45534150612959723,0.8772684879784524
2024,05,EST.3.5.1_1,0.4973730297723292,0.9018736053350269
2024,05,EST.3.5.10_1,0.43607705779334505,0.8648676199280442
2024,05,EST.3.5.11_1,0.49211908931698783,0.8989749718429317
2024,05,EST.3.5.12_1,0.4623467600700526,0.8815985480931783
2024,05,EST.3.5.13_1,0.47460595446584947,0.8889521921903337
2024,05,EST.3.5.14_1,0.4570928196147111,0.8783598351473045
2024,05,EST.3.5.15_1,0.4185639229422067,0.8529454847761373
2024,05,EST.3.5.16_1,0.47810858143607715,0.8910016835000931
2024,05,EST.3.5.17_1,0.4605954465849388,0.8805248434882459
2024,05,EST.3.5.18_1,0.43957968476357273,0.867177029216065
2024,05,EST.3.5.19_1,0.43082311733800355,0.8613570688164114
2024,05,EST.3.5.2_1,0.4483362521891419,0.8728436286070947
2024,05,EST.3.5.3_1,0.4203152364273205,0.8541662601625049
2024,05,EST.3.5.4_1,0.4640980735551664,0.8826664149042944
2024,05,EST.3.5.5_1,0.3992994746059545,0.8390852161729463
2024,05,EST.3.5.6_1,0.43082311733800355,0.8613570688164114
2024,05,EST.3.5.7_1,0.43257443082311736,0.8625334776111592
2024,05,EST.3.5.8_1,0.4816112084063048,0.8930285549745876
2024,05,EST.3.5.9_1,0.43257443082311736,0.8625334776111592
2024,05,EST.3.6.1_1,0.44133099824868655,0.8683225207260261
2024,05,EST.3.6.10_1,0.4605954465849388,0.8805248434882459
2024,05,EST.3.6.11_1,0.43257443082311736,0.8625334776111592
2024,05,EST.3.6.12_1,0.3992994746059545,0.8390852161729463
2024,05,EST.3.6.13_1,0.40980735551663755,0.84674435339127
2024,05,EST.3.6.2_1,0.42732049036777586,0.8589854480723175
2024,05,EST.3.6.3_1,0.4168126094570928,0.8517182632772413
2024,05,EST.3.6.4_1,0.42556917688266205,0.8577901841359576
2024,05,EST.3.6.5_1,0.4185639229422067,0.8529454847761373
2024,05,EST.3.6.6_1,0.4518388791593696,0.8750679973579196
2024,05,EST.3.6.7_1,0.4430823117338004,0.8694619025581282
2024,05,EST.3.6.8_1,0.43607705779334505,0.8648676199280442
2024,05,EST.3.6.9_1,0.42206654991243436,0.8553806170354809
2024,05,EST.3.7.1_1,0.4518388791593696,0.8750679973579196
2024,05,EST.3.8.1_1,0.4133099824868652,0.84924437001372
2024,05,EST.3.8.2_1,0.4203152364273205,0.8541662601625049
2024,05,EST.3.8.3_1,0.43957968476357273,0.867177029216065
2024,05,EST.3.8.4_1,0.4623467600700526,0.8815985480931783
2024,05,EST.3.8.5_1,0.4430823117338004,0.8694619025581282
2024,05,EST.3.8.6_1,0.43257443082311736,0.8625334776111592
2024,05,EST.3.9.1_1,0.3887915936952715,0.8311822904754408
2024,05,EST.3.9.2_1,0.4028021015761822,0.8416650165000324
2024,05,EST.4.11.11_1,0.3887915936952715,0.8311822904754408
2024,05,EST.4.11.15_1,0.44483362521891423,0.8705951987002916
2024,05,EST.4.11.19_1,0.4028021015761822,0.8416650165000324
2024,05,EST.4.11.24_1,0.39579684763572687,0.8364783320564855
2024,05,EST.4.11.29_1,0.37653239929947463,0.8216446920658589
2024,05,EST.4.11.3_1,0.43957968476357273,0.867177029216065
2024,05,EST.4.11.38_1,0.39579684763572687,0.8364783320564855
2024,05,EST.4.11.6_1,0.40105078809106837,0.8403784861596588
2024,05,EST.4.3.1_1,0.43607705779334505,0.8648676199280442
2024,05,EST.4.3.10_1,0.4676007005253941,0.8847847195787232
2024,05,EST.4.3.12_1,0.4185639229422067,0.8529454847761373
2024,05,EST.4.3.2_1,0.3887915936952715,0.8311822904754408
2024,05,EST.4.3.6_1,0.4238178633975482,0.8565885826929985
2024,05,EST.4.3.9_1,0.4080560420315237,0.8454844764985339
2024,05,EST.4.6.4_1,0.4168126094570928,0.8517182632772413
2024,05,EST.4.7.12_1,0.3992994746059545,0.8390852161729463
2024,05,EST.4.7.13_1,0.44658493870402804,0.8717224328879003
2024,05,EST.4.7.6_1,0.42556917688266205,0.8577901841359576
2024,05,EST.4.7.8_1,0.43782837127845886,0.8660254037844386
2024,05,EST.5.1.1_1,0.43957968476357273,0.867177029216065
2024,05,EST.5.1.10_1,0.4588441330998249,0.8794452797076121
2024,05,EST.5.1.11_1,0.40455341506129605,0.8429448380528823
2024,05,EST.5.1.12_1,0.43607705779334505,0.8648676199280442
2024,05,EST.5.1.13_1,0.4605954465849388,0.8805248434882459
2024,05,EST.5.1.14_1,0.46935201401050797,0.885835199120017
2024,05,EST.5.1.15_1,0.4238178633975482,0.8565885826929985
2024,05,EST.5.1.16_1,0.43082311733800355,0.8613570688164114
2024,05,EST.5.1.17_1,0.4535901926444834,0.8761712161444246
2024,05,EST.5.1.18_1,0.3922942206654992,0.8338441101309045
2024,05,EST.5.1.19_1,0.40455341506129605,0.8429448380528823
2024,05,EST.5.1.2_1,0.44658493870402804,0.8717224328879003
2024,05,EST.5.1.20_1,0.40105078809106837,0.8403784861596588
2024,05,EST.5.1.21_1,0.48336252189141865,0.8940335564172074
2024,05,EST.5.1.22_1,0.4203152364273205,0.8541662601625049
2024,05,EST.5.1.23_1,0.37828371278458844,0.8230285535751478
2024,05,EST.5.1.24_1,0.4676007005253941,0.8847847195787232
2024,05,EST.5.1.25_1,0.42206654991243436,0.8553806170354809
2024,05,EST.5.1.26_1,0.40105078809106837,0.8403784861596588
2024,05,EST.5.1.27_1,0.4570928196147111,0.8783598351473045
2024,05,EST.5.1.28_1,0.4535901926444834,0.8761712161444246
2024,05,EST.5.1.29_1,0.47985989492119097,0.8920179370393849
2024,05,EST.5.1.3_1,0.45534150612959723,0.8772684879784524
2024,05,EST.5.1.30_1,0.40105078809106837,0.8403784861596588
2024,05,EST.5.1.31_1,0.45008756567425573,0.8739588090980032
2024,05,EST.5.1.32_1,0.4640980735551664,0.8826664149042944
2024,05,EST.5.1.33_1,0.4185639229422067,0.8529454847761373
2024,05,EST.5.1.34_1,0.43432574430823123,0.8637036528810099
2024,05,EST.5.1.35_1,0.4028021015761822,0.8416650165000324
2024,05,EST.5.1.36_1,0.415061295971979,0.8504845677612263
2024,05,EST.5.1.37_1,0.490367775831874,0.8979977728257459
2024,05,EST.5.1.38_1,0.3887915936952715,0.8311822904754408
2024,05,EST.5.1.39_1,0.4518388791593696,0.8750679973579196
2024,05,EST.5.1.4_1,0.4483362521891419,0.8728436286070947
2024,05,EST.5.1.40_1,0.4623467600700526,0.8815985480931783
2024,05,EST.5.1.5_1,0.37828371278458844,0.8230285535751478
2024,05,EST.5.1.6_1,0.43782837127845886,0.8660254037844386
2024,05,EST.5.1.7_1,0.4605954465849388,0.8805248434882459
2024,05,EST.5.1.8_1,0.43082311733800355,0.8613570688164114
2024,05,EST.5.1.9_1,0.42732049036777586,0.8589854480723175
2024,05,EST.5.10.1_1,0.4711033274956218,0.8868799242287537
2024,05,EST.5.10.10_1,0.4185639229422067,0.8529454847761373
2024,05,EST.5.10.11_1,0.42556917688266205,0.8577901841359576
2024,05,EST.5.10.12_1,0.4203152364273205,0.8541662601625049
2024,05,EST.5.10.13_1,0.45008756567425573,0.8739588090980032
2024,05,EST.5.10.2_1,0.40105078809106837,0.8403784861596588
2024,05,EST.5.10.3_1,0.4535901926444834,0.8761712161444246
2024,05,EST.5.10.4_1,0.45008756567425573,0.8739588090980032
2024,05,EST.5.10.5_1,0.44658493870402804,0.8717224328879003
2024,05,EST.5.10.6_1,0.4430823117338004,0.8694619025581282
2024,05,EST.5.10.7_1,0.45534150612959723,0.8772684879784524
2024,05,EST.5.10.8_1,0.3887915936952715,0.8311822904754408
2024,05,EST.5.10.9_1,0.3852889667250438,0.8284926070883192
2024,05,EST.5.11.1_1,0.4203152364273205,0.8541662601625049
2024,05,EST.5.11.10_1,0.43782837127845886,0.8660254037844386
2024,05,EST.5.11.11_1,0.490367775831874,0.8979977728257459
2024,05,EST.5.11.12_1,0.4535901926444834,0.8761712161444246
2024,05,EST.5.11.13_1,0.4570928196147111,0.8783598351473045
2024,05,EST.5.11.14_1,0.4623467600700526,0.8815985480931783
2024,05,EST.5.11.15_1,0.4430823117338004,0.8694619025581282
2024,05,EST.5.11.16_1,0.43257443082311736,0.8625334776111592
2024,05,EST.5.11.17_1,0.4640980735551664,0.8826664149042944
2024,05,EST.5.11.18_1,0.4605954465849388,0.8805248434882459
2024,05,EST.5.11.19_1,0.4080560420315237,0.8454844764985339
2024,05,EST.5.11.2_1,0.4115586690017513,0.8479976415061541
2024,05,EST.5.11.20_1,0.4203152364273205,0.8541662601625049
2024,05,EST.5.11.21_1,0.4605954465849388,0.8805248434882459
2024,05,EST.5.11.22_1,0.4238178633975482,0.8565885826929985
2024,05,EST.5.11.3_1,0.5061295971978984,0.9065958305661901
2024,05,EST.5.11.4_1,0.4430823117338004,0.8694619025581282
2024,05,EST.5.11.5_1,0.45008756567425573,0.8739588090980032
2024,05,EST.5.11.6_1,0.4605954465849388,0.8805248434882459
2024,05,EST.5.11.7_1,0.43257443082311736,0.8625334776111592
2024,05,EST.5.11.8_1,0.3992994746059545,0.8390852161729463
2024,05,EST.5.11.9_1,0.5288966725043783,0.918250510481753
2024,05,EST.5.12.1_1,0.43782837127845886,0.8660254037844386
2024,05,EST.5.12.10_1,0.40980735551663755,0.84674435339127
2024,05,EST.5.12.11_1,0.43257443082311736,0.8625334776111592
2024,05,EST.5.12.12_1,0.42732049036777586,0.8589854480723175
2024,05,EST.5.12.13_1,0.4290718038528897,0.8601744009211155
2024,05,EST.5.12.14_1,0.4430823117338004,0.8694619025581282
2024,05,EST.5.12.15_1,0.4711033274956218,0.8868799242287537
2024,05,EST.5.12.16_1,0.4080560420315237,0.8454844764985339
2024,05,EST.5.12.17_1,0.43782837127845886,0.8660254037844386
2024,05,EST.5.12.18_1,0.4605954465849388,0.8805248434882459
2024,05,EST.5.12.19_1,0.40630472854640987,0.8442179813294668
2024,05,EST.5.12.2_1,0.4658493870402803,0.883728465084157
2024,05,EST.5.12.20_1,0.43432574430823123,0.8637036528810099
2024,05,EST.5.12.21_1,0.40105078809106837,0.8403784861596588
2024,05,EST.5.12.22_1,0.44483362521891423,0.8705951987002916
2024,05,EST.5.12.23_1,0.4518388791593696,0.8750679973579196
2024,05,EST.5.12.24_1,0.4168126094570928,0.8517182632772413
2024,05,EST.5.12.25_1,0.4605954465849388,0.8805248434882459
2024,05,EST.5.12.3_1,0.4168126094570928,0.8517182632772413
2024,05,EST.5.12.4_1,0.43257443082311736,0.8625334776111592
2024,05,EST.5.12.5_1,0.4080560420315237,0.8454844764985339
2024,05,EST.5.12.6_1,0.4203152364273205,0.8541662601625049
2024,05,EST.5.12.7_1,0.4238178633975482,0.8565885826929985
2024,05,EST.5.12.8_1,0.42732049036777586,0.8589854480723175
2024,05,EST.5.12.9_1,0.42206654991243436,0.8553806170354809
2024,05,EST.5.13.1_1,0.4535901926444834,0.8761712161444246
2024,05,EST.5.13.10_1,0.4203152364273205,0.8541662601625049
2024,05,EST.5.13.11_1,0.4168126094570928,0.8517182632772413
2024,05,EST.5.13.12_1,0.45008756567425573,0.8739588090980032
2024,05,EST.5.13.13_1,0.4956217162872154,0.9009128703709366
2024,05,EST.5.13.14_1,0.4028021015761822,0.8416650165000324
2024,05,EST.5.13.15_1,0.40105078809106837,0.8403784861596588
2024,05,EST.5.13.16_1,0.4238178633975482,0.8565885826929985
2024,05,EST.5.13.17_1,0.46935201401050797,0.885835199120017
2024,05,EST.5.13.18_1,0.4518388791593696,0.8750679973579196
2024,05,EST.5.13.19_1,0.4115586690017513,0.8479976415061541
2024,05,EST.5.13.2_1,0.4080560420315237,0.8454844764985339
2024,05,EST.5.13.20_1,0.43782837127845886,0.8660254037844386
2024,05,EST.5.13.21_1,0.4623467600700526,0.8815985480931783
2024,05,EST.5.13.22_1,0.47460595446584947,0.8889521921903337
2024,05,EST.5.13.23_1,0.47810858143607715,0.8910016835000931
2024,05,EST.5.13.24_1,0.43082311733800355,0.8613570688164114
2024,05,EST.5.13.25_1,0.48336252189141865,0.8940335564172074
2024,05,EST.5.13.3_1,0.43782837127845886,0.8660254037844386
2024,05,EST.5.13.4_1,0.4238178633975482,0.8565885826929985
2024,05,EST.5.13.5_1,0.43782837127845886,0.8660254037844386
2024,05,EST.5.13.6_1,0.43957968476357273,0.867177029216065
2024,05,EST.5.13.7_1,0.4518388791593696,0.8750679973579196
2024,05,EST.5.13.8_1,0.4640980735551664,0.8826664149042944
2024,05,EST.5.13.9_1,0.4570928196147111,0.8783598351473045
2024,05,EST.5.2.1_1,0.47460595446584947,0.8889521921903337
2024,05,EST.5.2.2_1,0.42732049036777586,0.8589854480723175
2024,05,EST.5.3.1_1,0.44658493870402804,0.8717224328879003
2024,05,EST.5.3.2_1,0.4763572679509633,0.8899797750510963
2024,05,EST.5.3.3_1,0.47460595446584947,0.8889521921903337
2024,05,EST.5.3.4_1,0.45534150612959723,0.8772684879784524
2024,05,EST.5.3.5_1,0.45534150612959723,0.8772684879784524
2024,05,EST.5.3.6_1,0.47810858143607715,0.8910016835000931
2024,05,EST.5.3.7_1,0.4728546409807356,0.8879189152169246
2024,05,EST.5.3.8_1,0.4623467600700526,0.8815985480931783
2024,05,EST.5.4.1_1,0.4938704028021016,0.8999466650863261
2024,05,EST.5.5.1_1,0.40105078809106837,0.8403784861596588
2024,05,EST.5.5.10_1,0.40630472854640987,0.8442179813294668
2024,05,EST.5.5.11_1,0.42732049036777586,0.8589854480723175
2024,05,EST.5.5.12_1,0.3852889667250438,0.8284926070883192
2024,05,EST.5.5.13_1,0.43957968476357273,0.867177029216065
2024,05,EST.5.5.14_1,0.40455341506129605,0.8429448380528823
2024,05,EST.5.5.15_1,0.38353765323993,0.8271372316611071
2024,05,EST.5.5.16_1,0.43607705779334505,0.8648676199280442
2024,05,EST.5.5.17_1,0.4133099824868652,0.84924437001372
2024,05,EST.5.5.18_1,0.45008756567425573,0.8739588090980032
2024,05,EST.5.5.19_1,0.40455341506129605,0.8429448380528823
2024,05,EST.5.5.2_1,0.4430823117338004,0.8694619025581282
2024,05,EST.5.5.20_1,0.35551663747810863,0.8044650396381436
2024,05,EST.5.5.21_1,0.47460595446584947,0.8889521921903337
2024,05,EST.5.5.22_1,0.39579684763572687,0.8364783320564855
2024,05,EST.5.5.23_1,0.4640980735551664,0.8826664149042944
2024,05,EST.5.5.3_1,0.40455341506129605,0.8429448380528823
2024,05,EST.5.5.4_1,0.4168126094570928,0.8517182632772413
2024,05,EST.5.5.5_1,0.40630472854640987,0.8442179813294668
2024,05,EST.5.5.6_1,0.3992994746059545,0.8390852161729463
2024,05,EST.5.5.7_1,0.36427320490367776,0.8117536572138127
2024,05,EST.5.5.8_1,0.44483362521891423,0.8705951987002916
2024,05,EST.5.5.9_1,0.4238178633975482,0.8565885826929985
2024,05,EST.5.6.1_1,0.43782837127845886,0.8660254037844386
2024,05,EST.5.6.10_1,0.43257443082311736,0.8625334776111592
2024,05,EST.5.6.11_1,0.43957968476357273,0.867177029216065
2024,05,EST.5.6.12_1,0.44658493870402804,0.8717224328879003
2024,05,EST.5.6.13_1,0.45534150612959723,0.8772684879784524
2024,05,EST.5.6.14_1,0.48861646234676015,0.8970150500409678
2024,05,EST.5.6.15_1,0.4658493870402803,0.883728465084157
2024,05,EST.5.6.16_1,0.47985989492119097,0.8920179370393849
2024,05,EST.5.6.17_1,0.4570928196147111,0.8783598351473045
2024,05,EST.5.6.18_1,0.48511383537653247,0.8950329602869382
2024,05,EST.5.6.19_1,0.4973730297723292,0.9018736053350269
2024,05,EST.5.6.2_1,0.4728546409807356,0.8879189152169246
2024,05,EST.5.6.20_1,0.47460595446584947,0.8889521921903337
2024,05,EST.5.6.21_1,0.44133099824868655,0.8683225207260261
2024,05,EST.5.6.22_1,0.43957968476357273,0.867177029216065
2024,05,EST.5.6.23_1,0.4676007005253941,0.8847847195787232
2024,05,EST.5.6.3_1,0.48861646234676015,0.8970150500409678
2024,05,EST.5.6.4_1,0.5078809106830122,0.9075241043630743
2024,05,EST.5.6.5_1,0.490367775831874,0.8979977728257459
2024,05,EST.5.6.6_1,0.4588441330998249,0.8794452797076121
2024,05,EST.5.6.7_1,0.4570928196147111,0.8783598351473045
2024,05,EST.5.6.8_1,0.48336252189141865,0.8940335564172074
2024,05,EST.5.6.9_1,0.4518388791593696,0.8750679973579196
2024,05,EST.5.7.1_1,0.4290718038528897,0.8601744009211155
2024,05,EST.5.7.10_1,0.4711033274956218,0.8868799242287537
2024,05,EST.5.7.11_1,0.43082311733800355,0.8613570688164114
2024,05,EST.5.7.12_1,0.43782837127845886,0.8660254037844386
2024,05,EST.5.7.13_1,0.40980735551663755,0.84674435339127
2024,05,EST.5.7.14_1,0.4658493870402803,0.883728465084157
2024,05,EST.5.7.15_1,0.42556917688266205,0.8577901841359576
2024,05,EST.5.7.16_1,0.4203152364273205,0.8541662601625049
2024,05,EST.5.7.17_1,0.4605954465849388,0.8805248434882459
2024,05,EST.5.7.18_1,0.44133099824868655,0.8683225207260261
2024,05,EST.5.7.19_1,0.42206654991243436,0.8553806170354809
2024,05,EST.5.7.2_1,0.415061295971979,0.8504845677612263
2024,05,EST.5.7.20_1,0.3607705779334501,0.8088609274776474
2024,05,EST.5.7.21_1,0.4588441330998249,0.8794452797076121
2024,05,EST.5.7.22_1,0.45534150612959723,0.8772684879784524
2024,05,EST.5.7.23_1,0.4185639229422067,0.8529454847761373
2024,05,EST.5.7.24_1,0.40980735551663755,0.84674435339127
2024,05,EST.5.7.25_1,0.4028021015761822,0.8416650165000324
2024,05,EST.5.7.26_1,0.4483362521891419,0.8728436286070947
2024,05,EST.5.7.3_1,0.4816112084063048,0.8930285549745876
2024,05,EST.5.7.4_1,0.4028021015761822,0.8416650165000324
2024,05,EST.5.7.5_1,0.43782837127845886,0.8660254037844386
2024,05,EST.5.7.6_1,0.38704028021015763,0.8298409486160585
2024,05,EST.5.7.7_1,0.4676007005253941,0.8847847195787232
2024,05,EST.5.7.8_1,0.43082311733800355,0.8613570688164114
2024,05,EST.5.7.9_1,0.43782837127845886,0.8660254037844386
2024,05,EST.5.8.1_1,0.43257443082311736,0.8625334776111592
2024,05,EST.5.8.10_1,0.4290718038528897,0.8601744009211155
2024,05,EST.5.8.11_1,0.3975481611208407,0.8377851753283774
2024,05,EST.5.8.12_1,0.40105078809106837,0.8403784861596588
2024,05,EST.5.8.13_1,0.4080560420315237,0.8454844764985339
2024,05,EST.5.8.14_1,0.4115586690017513,0.8479976415061541
2024,05,EST.5.8.15_1,0.3975481611208407,0.8377851753283774
2024,05,EST.5.8.16_1,0.42206654991243436,0.8553806170354809
2024,05,EST.5.8.17_1,0.43432574430823123,0.8637036528810099
2024,05,EST.5.8.18_1,0.42206654991243436,0.8553806170354809
2024,05,EST.5.8.19_1,0.43957968476357273,0.867177029216065
2024,05,EST.5.8.2_1,0.40630472854640987,0.8442179813294668
2024,05,EST.5.8.20_1,0.42556917688266205,0.8577901841359576
2024,05,EST.5.8.21_1,0.4185639229422067,0.8529454847761373
2024,05,EST.5.8.22_1,0.3922942206654992,0.8338441101309045
2024,05,EST.5.8.23_1,0.4290718038528897,0.8601744009211155
2024,05,EST.5.8.24_1,0.38178633975481613,0.8257747876994065
2024,05,EST.5.8.25_1,0.40105078809106837,0.8403784861596588
2024,05,EST.5.8.26_1,0.40630472854640987,0.8442179813294668
2024,05,EST.5.8.27_1,0.34851138353765326,0.7984960864024319
2024,05,EST.5.8.28_1,0.40630472854640987,0.8442179813294668
2024,05,EST.5.8.29_1,0.37302977232924694,0.8188552985723424
2024,05,EST.5.8.3_1,0.394045534150613,0.8351646544245033
2024,05,EST.5.8.30_1,0.43257443082311736,0.8625334776111592
2024,05,EST.5.8.4_1,0.40105078809106837,0.8403784861596588
2024,05,EST.5.8.5_1,0.4168126094570928,0.8517182632772413
2024,05,EST.5.8.6_1,0.3922942206654992,0.8338441101309045
2024,05,EST.5.8.7_1,0.44658493870402804,0.8717224328879003
2024,05,EST.5.8.8_1,0.4133099824868652,0.84924437001372
2024,05,EST.5.8.9_1,0.4115586690017513,0.8479976415061541
2024,05,EST.5.9.1_1,0.44658493870402804,0.8717224328879003
2024,05,EST.6.11.10_1,0.3852889667250438,0.8284926070883192
2024,05,EST.6.11.13_1,0.39579684763572687,0.8364783320564855
2024,05,EST.6.13.12_1,0.42556917688266205,0.8577901841359576
2024,05,EST.6.13.15_1,0.4203152364273205,0.8541662601625049
2024,05,EST.6.13.25_1,0.42732049036777586,0.8589854480723175
2024,05,EST.6.4.10_1,0.39579684763572687,0.8364783320564855
2024,05,EST.6.4.19_1,0.4430823117338004,0.8694619025581282
2024,05,EST.6.4.4_1,0.415061295971979,0.8504845677612263
2024,05,EST.6.4.7_1,0.43957968476357273,0.867177029216065
2024,05,EST.6.5.12_1,0.42206654991243436,0.8553806170354809
2024,05,EST.6.6.10_1,0.42556917688266205,0.8577901841359576
2024,05,EST.6.6.11_1,0.38704028021015763,0.8298409486160585
2024,05,EST.6.6.22_1,0.42206654991243436,0.8553806170354809
2024,05,EST.6.6.3_1,0.4115586690017513,0.8479976415061541
2024,05,EST.6.6.31_1,0.4605954465849388,0.8805248434882459
2024,05,EST.6.6.4_1,0.4168126094570928,0.8517182632772413
2024,05,EST.6.6.5_1,0.4185639229422067,0.8529454847761373
2024,05,EST.7.1.1_1,0.5516637478108581,0.9290317540321213
2024,05,EST.7.10.1_1,0.4028021015761822,0.8416650165000324
2024,05,EST.7.10.2_1,0.43432574430823123,0.8637036528810099
2024,05,EST.7.10.3_1,0.38178633975481613,0.8257747876994065
2024,05,EST.7.10.4_1,0.40980735551663755,0.84674435339127
2024,05,EST.7.10.5_1,0.47985989492119097,0.8920179370393849
2024,05,EST.7.11.1_1,0.4956217162872154,0.9009128703709366
2024,05,EST.7.11.10_1,0.47460595446584947,0.8889521921903337
2024,05,EST.7.11.11_1,0.4728546409807356,0.8879189152169246
2024,05,EST.7.11.12_1,0.48861646234676015,0.8970150500409678
2024,05,EST.7.11.13_1,0.4605954465849388,0.8805248434882459
2024,05,EST.7.11.14_1,0.47460595446584947,0.8889521921903337
2024,05,EST.7.11.15_1,0.5078809106830122,0.9075241043630743
2024,05,EST.7.11.16_1,0.48861646234676015,0.8970150500409678
2024,05,EST.7.11.17_1,0.4535901926444834,0.8761712161444246
2024,05,EST.7.11.2_1,0.5131348511383538,0.9102768809543611
2024,05,EST.7.11.3_1,0.48336252189141865,0.8940335564172074
2024,05,EST.7.11.4_1,0.4676007005253941,0.8847847195787232
2024,05,EST.7.11.5_1,0.490367775831874,0.8979977728257459
2024,05,EST.7.11.6_1,0.5131348511383538,0.9102768809543611
2024,05,EST.7.11.7_1,0.47810858143607715,0.8910016835000931
2024,05,EST.7.11.8_1,0.4763572679509633,0.8899797750510963
2024,05,EST.7.11.9_1,0.5026269702276708,0.9047231620777706
2024,05,EST.7.12.1_1,0.5569176882661997,0.931398947819891
2024,05,EST.7.12.10_1,0.5709281961471104,0.9374945333173949
2024,05,EST.7.12.11_1,0.5394045534150613,0.923333092659415
2024,05,EST.7.12.12_1,0.6147110332749562,0.954565869911553
2024,05,EST.7.12.13_1,0.597197898423818,0.9480907129594721
2024,05,EST.7.12.14_1,0.5726795096322242,0.9382345122622595
2024,05,EST.7.12.15_1,0.5271453590192645,0.9173854151881858
2024,05,EST.7.12.2_1,0.5691768826619966,0.9367496997597597
2024,05,EST.7.12.3_1,0.5761821366024519,0.939699952112375
2024,05,EST.7.12.4_1,0.5796847635726796,0.9411461098044235
2024,05,EST.7.12.6_1,0.5464098073555167,0.9266196630764966
2024,05,EST.7.12.7_1,0.5849387040280211,0.9432793859721519
2024,05,EST.7.12.8_1,0.5516637478108581,0.9290317540321213
2024,05,EST.7.12.9_1,0.5674255691768827,0.936
2024,05,EST.7.2.1_1,0.47985989492119097,0.8920179370393849
2024,05,EST.7.2.11_1,0.47460595446584947,0.8889521921903337
2024,05,EST.7.2.12_1,0.5043782837127846,0.905662188677434
2024,05,EST.7.2.14_1,0.4956217162872154,0.9009128703709366
2024,05,EST.7.2.15_1,0.48861646234676015,0.8970150500409678
2024,05,EST.7.2.16_1,0.542907180385289,0.9249864863877743
2024,05,EST.7.2.17_1,0.48686514886164634,0.8960267853139213
2024,05,EST.7.2.19_1,0.48686514886164634,0.8960267853139213
2024,05,EST.7.2.2_1,0.56217162872154125,0.9337215859130601
2024,05,EST.7.2.20_1,0.5096322241681261,0.9084470265238365
2024,05,EST.7.2.21_1,0.4623467600700526,0.8815985480931783
2024,05,EST.7.2.22_1,0.5288966725043783,0.918250510481753
2024,05,EST.7.2.23_1,0.48861646234676015,0.8970150500409678
2024,05,EST.7.2.25_1,0.490367775831874,0.8979977728257459
2024,05,EST.7.2.26_1,0.5446584938704029,0.9258055951440345
2024,05,EST.7.2.27_1,0.49211908931698783,0.8989749718429317
2024,05,EST.7.2.28_1,0.4991243432574431,0.9028288874421332
2024,05,EST.7.2.3_1,0.532399299474606,0.9199652167337633
2024,05,EST.7.2.30_1,0.5183887915936953,0.9129819275319747
2024,05,EST.7.2.4_1,0.5183887915936953,0.9129819275319747
2024,05,EST.7.2.5_1,0.5516637478108581,0.9290317540321213
2024,05,EST.7.2.6_1,0.5166374781085814,0.9120855223058855
2024,05,EST.7.2.8_1,0.47985989492119097,0.8920179370393849
2024,05,EST.7.2.9_1,0.48861646234676015,0.8970150500409678
2024,05,EST.7.3.1_1,0.4238178633975482,0.8565885826929985
2024,05,EST.7.3.10_1,0.4203152364273205,0.8541662601625049
2024,05,EST.7.3.11_1,0.4168126094570928,0.8517182632772413
2024,05,EST.7.3.12_1,0.43432574430823123,0.8637036528810099
2024,05,EST.7.3.13_1,0.3905429071803853,0.8325166664998365
2024,05,EST.7.3.14_1,0.45534150612959723,0.8772684879784524
2024,05,EST.7.3.2_1,0.38353765323993,0.8271372316611071
2024,05,EST.7.3.3_1,0.4028021015761822,0.8416650165000324
2024,05,EST.7.3.4_1,0.3975481611208407,0.8377851753283774
2024,05,EST.7.3.5_1,0.42206654991243436,0.8553806170354809
2024,05,EST.7.3.6_1,0.44483362521891423,0.8705951987002916
2024,05,EST.7.3.7_1,0.38178633975481613,0.8257747876994065
2024,05,EST.7.3.8_1,0.4535901926444834,0.8761712161444246
2024,05,EST.7.3.9_1,0.4430823117338004,0.8694619025581282
2024,05,EST.7.4.1_1,0.490367775831874,0.8979977728257459
2024,05,EST.7.4.10_1,0.490367775831874,0.8979977728257459
2024,05,EST.7.4.11_1,0.4973730297723292,0.9018736053350269
2024,05,EST.7.4.12_1,0.51138353765324,0.909364613342745
2024,05,EST.7.4.13_1,0.5078809106830122,0.9075241043630743
2024,05,EST.7.4.14_1,0.4535901926444834,0.8761712161444246
2024,05,EST.7.4.15_1,0.40630472854640987,0.8442179813294668
2024,05,EST.7.4.16_1,0.4518388791593696,0.8750679973579196
2024,05,EST.7.4.17_1,0.48511383537653247,0.8950329602869382
2024,05,EST.7.4.18_1,0.5201401050788091,0.9138730765264944
2024,05,EST.7.4.19_1,0.415061295971979,0.8504845677612263
2024,05,EST.7.4.2_1,0.4483362521891419,0.8728436286070947
2024,05,EST.7.4.20_1,0.5446584938704029,0.9258055951440345
2024,05,EST.7.4.21_1,0.43957968476357273,0.867177029216065
2024,05,EST.7.4.22_1,0.4518388791593696,0.8750679973579196
2024,05,EST.7.4.23_1,0.521891418563923,0.9147589846511485
2024,05,EST.7.4.24_1,0.5043782837127846,0.905662188677434
2024,05,EST.7.4.25_1,0.4640980735551664,0.8826664149042944
2024,05,EST.7.4.26_1,0.3922942206654992,0.8338441101309045
2024,05,EST.7.4.3_1,0.5288966725043783,0.918250510481753
2024,05,EST.7.4.4_1,0.43082311733800355,0.8613570688164114
2024,05,EST.7.4.5_1,0.4133099824868652,0.84924437001372
2024,05,EST.7.4.6_1,0.4290718038528897,0.8601744009211155
2024,05,EST.7.4.7_1,0.5288966725043783,0.918250510481753
2024,05,EST.7.4.8_1,0.44483362521891423,0.8705951987002916
2024,05,EST.7.4.9_1,0.4763572679509633,0.8899797750510963
2024,05,EST.7.5.1_1,0.415061295971979,0.8504845677612263
2024,05,EST.7.5.10_1,0.47810858143607715,0.8910016835000931
2024,05,EST.7.5.11_1,0.44483362521891423,0.8705951987002916
2024,05,EST.7.5.12_1,0.47460595446584947,0.8889521921903337
2024,05,EST.7.5.13_1,0.36952714535901926,0.8160367638777066
2024,05,EST.7.5.14_1,0.42556917688266205,0.8577901841359576
2024,05,EST.7.5.15_1,0.48511383537653247,0.8950329602869382
2024,05,EST.7.5.16_1,0.4605954465849388,0.8805248434882459
2024,05,EST.7.5.17_1,0.4290718038528897,0.8601744009211155
2024,05,EST.7.5.18_1,0.5131348511383538,0.9102768809543611
2024,05,EST.7.5.19_1,0.44133099824868655,0.8683225207260261
2024,05,EST.7.5.2_1,0.5043782837127846,0.905662188677434
2024,05,EST.7.5.20_1,0.490367775831874,0.8979977728257459
2024,05,EST.7.5.21_1,0.4570928196147111,0.8783598351473045
2024,05,EST.7.5.22_1,0.45008756567425573,0.8739588090980032
2024,05,EST.7.5.23_1,0.42556917688266205,0.8577901841359576
2024,05,EST.7.5.24_1,0.532399299474606,0.9199652167337633
2024,05,EST.7.5.25_1,0.4430823117338004,0.8694619025581282
2024,05,EST.7.5.26_1,0.5166374781085814,0.9120855223058855
2024,05,EST.7.5.27_1,0.4115586690017513,0.8479976415061541
2024,05,EST.7.5.28_1,0.4080560420315237,0.8454844764985339
2024,05,EST.7.5.29_1,0.500875656742557,0.9037787339830473
2024,05,EST.7.5.3_1,0.47810858143607715,0.8910016835000931
2024,05,EST.7.5.30_1,0.48861646234676015,0.8970150500409678
2024,05,EST.7.5.31_1,0.47985989492119097,0.8920179370393849
2024,05,EST.7.5.32_1,0.4676007005253941,0.8847847195787232
2024,05,EST.7.5.33_1,0.47460595446584947,0.8889521921903337
2024,05,EST.7.5.34_1,0.4658493870402803,0.883728465084157
2024,05,EST.7.5.4_1,0.4588441330998249,0.8794452797076121
2024,05,EST.7.5.5_1,0.44483362521891423,0.8705951987002916
2024,05,EST.7.5.6_1,0.43607705779334505,0.8648676199280442
2024,05,EST.7.5.7_1,0.43607705779334505,0.8648676199280442
2024,05,EST.7.5.8_1,0.4640980735551664,0.8826664149042944
2024,05,EST.7.5.9_1,0.4991243432574431,0.9028288874421332
2024,05,EST.7.6.1_1,0.5306479859894921,0.9191104395011516
2024,05,EST.7.6.10_1,0.5288966725043783,0.918250510481753
2024,05,EST.7.6.11_1,0.5288966725043783,0.918250510481753
2024,05,EST.7.6.12_1,0.4956217162872154,0.9009128703709366
2024,05,EST.7.6.13_1,0.521891418563923,0.9147589846511485
2024,05,EST.7.6.15_1,0.5411558669001751,0.9241623234042816
2024,05,EST.7.6.16_1,0.5376532399299475,0.9224987804869988
2024,05,EST.7.6.17_1,0.5131348511383538,0.9102768809543611
2024,05,EST.7.6.18_1,0.5148861646234676,0.9111838453352868
2024,05,EST.7.6.19_1,0.5061295971978984,0.9065958305661901
2024,05,EST.7.6.21_1,0.4956217162872154,0.9009128703709366
2024,05,EST.7.6.22_1,0.47460595446584947,0.8889521921903337
2024,05,EST.7.6.23_1,0.45534150612959723,0.8772684879784524
2024,05,EST.7.6.3_1,0.5691768826619966,0.9367496997597597
2024,05,EST.7.6.4_1,0.521891418563923,0.9147589846511485
2024,05,EST.7.6.5_1,0.5183887915936953,0.9129819275319747
2024,05,EST.7.6.6_1,0.5253940455341506,0.916515138991168
2024,05,EST.7.6.7_1,0.5499124343257443,0.9282327294380435
2024,05,EST.7.6.8_1,0.5744308231173381,0.9389696480717574
2024,05,EST.7.7.1_1,0.49211908931698783,0.8989749718429317
2024,05,EST.7.7.2_1,0.4816112084063048,0.8930285549745876
2024,05,EST.7.7.3_1,0.490367775831874,0.8979977728257459
2024,05,EST.7.7.4_1,0.4973730297723292,0.9018736053350269
2024,05,EST.7.7.5_1,0.4973730297723292,0.9018736053350269
2024,05,EST.7.7.6_1,0.5131348511383538,0.9102768809543611
2024,05,EST.7.7.7_1,0.4535901926444834,0.8761712161444246
2024,05,EST.7.7.8_1,0.48336252189141865,0.8940335564172074
2024,05,EST.7.8.1_1,0.4973730297723292,0.9018736053350269
2024,05,EST.7.8.10_1,0.542907180385289,0.9249864863877743
2024,05,EST.7.8.11_1,0.4711033274956218,0.8868799242287537
2024,05,EST.7.8.12_1,0.48511383537653247,0.8950329602869382
2024,05,EST.7.8.13_1,0.4816112084063048,0.8930285549745876
2024,05,EST.7.8.14_1,0.45534150612959723,0.8772684879784524
2024,05,EST.7.8.15_1,0.5253940455341506,0.916515138991168
2024,05,EST.7.8.2_1,0.5078809106830122,0.9075241043630743
2024,05,EST.7.8.3_1,0.4676007005253941,0.8847847195787232
2024,05,EST.7.8.4_1,0.47810858143607715,0.8910016835000931
2024,05,EST.7.8.5_1,0.4535901926444834,0.8761712161444246
2024,05,EST.7.8.6_1,0.4816112084063048,0.8930285549745876
2024,05,EST.7.8.7_1,0.5201401050788091,0.9138730765264944
2024,05,EST.7.8.8_1,0.4763572679509633,0.8899797750510963
2024,05,EST.7.8.9_1,0.4973730297723292,0.9018736053350269
2024,05,EST.7.9.1_1,0.4938704028021016,0.8999466650863261
2024,05,EST.7.9.10_1,0.5096322241681261,0.9084470265238365
2024,05,EST.7.9.11_1,0.5306479859894921,0.9191104395011516
2024,05,EST.7.9.12_1,0.5201401050788091,0.9138730765264944
2024,05,EST.7.9.13_1,0.5026269702276708,0.9047231620777706
2024,05,EST.7.9.15_1,0.5236427320490368,0.9156396671180208
2024,05,EST.7.9.16_1,0.5271453590192645,0.9173854151881858
2024,05,EST.7.9.17_1,0.5288966725043783,0.918250510481753
2024,05,EST.7.9.19_1,0.500875656742557,0.9037787339830473
2024,05,EST.7.9.20_1,0.5026269702276708,0.9047231620777706
2024,05,EST.7.9.21_1,0.4938704028021016,0.8999466650863261
2024,05,EST.7.9.22_1,0.5166374781085814,0.9120855223058855
2024,05,EST.7.9.23_1,0.5096322241681261,0.9084470265238365
2024,05,EST.7.9.24_1,0.5166374781085814,0.9120855223058855
2024,05,EST.7.9.25_1,0.5131348511383538,0.9102768809543611
2024,05,EST.7.9.26_1,0.5709281961471104,0.9374945333173949
2024,05,EST.7.9.27_1,0.5166374781085814,0.9120855223058855
2024,05,EST.7.9.28_1,0.5288966725043783,0.918250510481753
2024,05,EST.7.9.29_1,0.5043782837127846,0.905662188677434
2024,05,EST.7.9.31_1,0.5394045534150613,0.923333092659415
2024,05,EST.7.9.32_1,0.5148861646234676,0.9111838453352868
2024,05,EST.7.9.36_1,0.5131348511383538,0.9102768809543611
2024,05,EST.7.9.37_1,0.5359019264448337,0.9216593730874764
2024,05,EST.7.9.38_1,0.48336252189141865,0.8940335564172074
2024,05,EST.7.9.39_1,0.51138353765324,0.909364613342745
2024,05,EST.7.9.4_1,0.5201401050788091,0.9138730765264944
2024,05,EST.7.9.40_1,0.532399299474606,0.9199652167337633
2024,05,EST.7.9.42_1,0.5306479859894921,0.9191104395011516
2024,05,EST.7.9.44_1,0.5481611208406305,0.9274287034591931
2024,05,EST.7.9.45_1,0.44483362521891423,0.8705951987002916
2024,05,EST.7.9.46_1,0.5411558669001751,0.9241623234042816
2024,05,EST.7.9.48_1,0.5078809106830122,0.9075241043630743
2024,05,EST.7.9.49_1,0.5078809106830122,0.9075241043630743
2024,05,EST.7.9.5_1,0.5201401050788091,0.9138730765264944
2024,05,EST.7.9.50_1,0.5253940455341506,0.916515138991168
2024,05,EST.7.9.51_1,0.5271453590192645,0.9173854151881858
2024,05,EST.7.9.52_1,0.5061295971978984,0.9065958305661901
2024,05,EST.7.9.53_1,0.5394045534150613,0.923333092659415
2024,05,EST.7.9.55_1,0.5148861646234676,0.9111838453352868
2024,05,EST.7.9.56_1,0.5411558669001751,0.9241623234042816
2024,05,EST.7.9.57_1,0.5096322241681261,0.9084470265238365
2024,05,EST.7.9.6_1,0.521891418563923,0.9147589846511485
2024,05,EST.7.9.7_1,0.48686514886164634,0.8960267853139213
2024,05,EST.7.9.8_1,0.4816112084063048,0.8930285549745876
2024,05,EST.7.9.9_1,0.4956217162872154,0.9009128703709366
2024,05,EST.8.1.1_1,0.3887915936952715,0.8311822904754408
2024,05,EST.8.1.10_1,0.36777583187390545,0.814616474176652
2024,05,EST.8.1.11_1,0.3852889667250438,0.8284926070883192
2024,05,EST.8.1.12_1,0.36952714535901926,0.8160367638777066
2024,05,EST.8.1.2_1,0.37302977232924694,0.8188552985723424
2024,05,EST.8.1.3_1,0.3922942206654992,0.8338441101309045
2024,05,EST.8.1.4_1,0.37127845884413313,0.817449692641694
2024,05,EST.8.1.5_1,0.3992994746059545,0.8390852161729463
2024,05,EST.8.1.6_1,0.39579684763572687,0.8364783320564855
2024,05,EST.8.1.7_1,0.3800350262697023,0.8244052401580184
2024,05,EST.8.1.8_1,0.3747810858143608,0.820253619315392
2024,05,EST.8.1.9_1,0.36777583187390545,0.814616474176652
2024,05,EST.8.10.1_1,0.43782837127845886,0.8660254037844386
2024,05,EST.8.11.1_1,0.4185639229422067,0.8529454847761373
2024,05,EST.8.11.10_1,0.40980735551663755,0.84674435339127
2024,05,EST.8.11.11_1,0.4203152364273205,0.8541662601625049
2024,05,EST.8.11.12_1,0.4711033274956218,0.8868799242287537
2024,05,EST.8.11.13_1,0.3905429071803853,0.8325166664998365
2024,05,EST.8.11.14_1,0.394045534150613,0.8351646544245033
2024,05,EST.8.11.15_1,0.4238178633975482,0.8565885826929985
2024,05,EST.8.11.16_1,0.4203152364273205,0.8541662601625049
2024,05,EST.8.11.17_1,0.4080560420315237,0.8454844764985339
2024,05,EST.8.11.18_1,0.4168126094570928,0.8517182632772413
2024,05,EST.8.11.19_1,0.44658493870402804,0.8717224328879003
2024,05,EST.8.11.2_1,0.4430823117338004,0.8694619025581282
2024,05,EST.8.11.20_1,0.4570928196147111,0.8783598351473045
2024,05,EST.8.11.21_1,0.3905429071803853,0.8325166664998365
2024,05,EST.8.11.22_1,0.46935201401050797,0.885835199120017
2024,05,EST.8.11.23_1,0.44133099824868655,0.8683225207260261
2024,05,EST.8.11.24_1,0.43082311733800355,0.8613570688164114
2024,05,EST.8.11.25_1,0.44658493870402804,0.8717224328879003
2024,05,EST.8.11.3_1,0.4938704028021016,0.8999466650863261
2024,05,EST.8.11.4_1,0.4290718038528897,0.8601744009211155
2024,05,EST.8.11.5_1,0.4185639229422067,0.8529454847761373
2024,05,EST.8.11.6_1,0.43257443082311736,0.8625334776111592
2024,05,EST.8.11.7_1,0.4028021015761822,0.8416650165000324
2024,05,EST.8.11.8_1,0.3975481611208407,0.8377851753283774
2024,05,EST.8.11.9_1,0.4711033274956218,0.8868799242287537
2024,05,EST.8.12.1_1,0.3747810858143608,0.820253619315392
2024,05,EST.8.12.10_1,0.3905429071803853,0.8325166664998365
2024,05,EST.8.12.11_1,0.40630472854640987,0.8442179813294668
2024,05,EST.8.12.2_1,0.37653239929947463,0.8216446920658589
2024,05,EST.8.12.3_1,0.36952714535901926,0.8160367638777066
2024,05,EST.8.12.4_1,0.4203152364273205,0.8541662601625049
2024,05,EST.8.12.5_1,0.4185639229422067,0.8529454847761373
2024,05,EST.8.12.6_1,0.37127845884413313,0.817449692641694
2024,05,EST.8.12.7_1,0.4203152364273205,0.8541662601625049
2024,05,EST.8.12.8_1,0.34500875656742563,0.7954646440917409
2024,05,EST.8.12.9_1,0.3975481611208407,0.8377851753283774
2024,05,EST.8.13.1_1,0.3975481611208407,0.8377851753283774
2024,05,EST.8.14.1_1,0.43257443082311736,0.8625334776111592
2024,05,EST.8.14.10_1,0.42206654991243436,0.8553806170354809
2024,05,EST.8.14.11_1,0.40980735551663755,0.84674435339127
2024,05,EST.8.14.2_1,0.43607705779334505,0.8648676199280442
2024,05,EST.8.14.3_1,0.4588441330998249,0.8794452797076121
2024,05,EST.8.14.4_1,0.4115586690017513,0.8479976415061541
2024,05,EST.8.14.5_1,0.36952714535901926,0.8160367638777066
2024,05,EST.8.14.6_1,0.42206654991243436,0.8553806170354809
2024,05,EST.8.14.7_1,0.4115586690017513,0.8479976415061541
2024,05,EST.8.14.8_1,0.4133099824868652,0.84924437001372
2024,05,EST.8.14.9_1,0.4080560420315237,0.8454844764985339
2024,05,EST.8.15.1_1,0.4570928196147111,0.8783598351473045
2024,05,EST.8.15.2_1,0.4238178633975482,0.8565885826929985
2024,05,EST.8.15.3_1,0.40105078809106837,0.8403784861596588
2024,05,EST.8.15.5_1,0.3992994746059545,0.8390852161729463
2024,05,EST.8.15.6_1,0.40630472854640987,0.8442179813294668
2024,05,EST.8.16.1_1,0.4203152364273205,0.8541662601625049
2024,05,EST.8.16.10_1,0.42732049036777586,0.8589854480723175
2024,05,EST.8.16.11_1,0.43782837127845886,0.8660254037844386
2024,05,EST.8.16.12_1,0.40630472854640987,0.8442179813294668
2024,05,EST.8.16.13_1,0.3905429071803853,0.8325166664998365
2024,05,EST.8.16.14_1,0.3852889667250438,0.8284926070883192
2024,05,EST.8.16.15_1,0.4185639229422067,0.8529454847761373
2024,05,EST.8.16.16_1,0.4115586690017513,0.8479976415061541
2024,05,EST.8.16.17_1,0.40630472854640987,0.8442179813294668
2024,05,EST.8.16.18_1,0.36952714535901926,0.8160367638777066
2024,05,EST.8.16.19_1,0.42206654991243436,0.8553806170354809
2024,05,EST.8.16.2_1,0.44658493870402804,0.8717224328879003
2024,05,EST.8.16.20_1,0.3905429071803853,0.8325166664998365
2024,05,EST.8.16.21_1,0.40630472854640987,0.8442179813294668
2024,05,EST.8.16.22_1,0.44658493870402804,0.8717224328879003
2024,05,EST.8.16.3_1,0.42206654991243436,0.8553806170354809
2024,05,EST.8.16.4_1,0.43432574430823123,0.8637036528810099
2024,05,EST.8.16.5_1,0.4133099824868652,0.84924437001372
2024,05,EST.8.16.6_1,0.3922942206654992,0.8338441101309045
2024,05,EST.8.16.7_1,0.4203152364273205,0.8541662601625049
2024,05,EST.8.16.8_1,0.4290718038528897,0.8601744009211155
2024,05,EST.8.16.9_1,0.4238178633975482,0.8565885826929985
2024,05,EST.8.17.1_1,0.4185639229422067,0.8529454847761373
2024,05,EST.8.17.10_1,0.3537653239929948,0.8029844332239573
2024,05,EST.8.17.11_1,0.4115586690017513,0.8479976415061541
2024,05,EST.8.17.14_1,0.47810858143607715,0.8910016835000931
2024,05,EST.8.17.15_1,0.4605954465849388,0.8805248434882459
2024,05,EST.8.17.16_1,0.415061295971979,0.8504845677612263
2024,05,EST.8.17.17_1,0.3905429071803853,0.8325166664998365
2024,05,EST.8.17.18_1,0.40630472854640987,0.8442179813294668
2024,05,EST.8.17.19_1,0.42206654991243436,0.8553806170354809
2024,05,EST.8.17.2_1,0.4290718038528897,0.8601744009211155
2024,05,EST.8.17.3_1,0.4973730297723292,0.9018736053350269
2024,05,EST.8.17.5_1,0.4203152364273205,0.8541662601625049
2024,05,EST.8.17.6_1,0.4168126094570928,0.8517182632772413
2024,05,EST.8.17.8_1,0.43432574430823123,0.8637036528810099
2024,05,EST.8.18.1_1,0.4115586690017513,0.8479976415061541
2024,05,EST.8.19.1_1,0.4133099824868652,0.84924437001372
2024,05,EST.8.19.10_1,0.42556917688266205,0.8577901841359576
2024,05,EST.8.19.11_1,0.44658493870402804,0.8717224328879003
2024,05,EST.8.19.12_1,0.4203152364273205,0.8541662601625049
2024,05,EST.8.19.13_1,0.39579684763572687,0.8364783320564855
2024,05,EST.8.19.14_1,0.4203152364273205,0.8541662601625049
2024,05,EST.8.19.15_1,0.40105078809106837,0.8403784861596588
2024,05,EST.8.19.16_1,0.40980735551663755,0.84674435339127
2024,05,EST.8.19.17_1,0.4203152364273205,0.8541662601625049
2024,05,EST.8.19.18_1,0.38178633975481613,0.8257747876994065
2024,05,EST.8.19.19_1,0.40455341506129605,0.8429448380528823
2024,05,EST.8.19.2_1,0.4203152364273205,0.8541662601625049
2024,05,EST.8.19.20_1,0.42732049036777586,0.8589854480723175
2024,05,EST.8.19.21_1,0.36427320490367776,0.8117536572138127
2024,05,EST.8.19.22_1,0.4080560420315237,0.8454844764985339
2024,05,EST.8.19.23_1,0.40630472854640987,0.8442179813294668
2024,05,EST.8.19.24_1,0.42732049036777586,0.8589854480723175
2024,05,EST.8.19.25_1,0.4203152364273205,0.8541662601625049
2024,05,EST.8.19.26_1,0.4203152364273205,0.8541662601625049
2024,05,EST.8.19.27_1,0.43782837127845886,0.8660254037844386
2024,05,EST.8.19.28_1,0.38353765323993,0.8271372316611071
2024,05,EST.8.19.29_1,0.3800350262697023,0.8244052401580184
2024,05,EST.8.19.3_1,0.40630472854640987,0.8442179813294668
2024,05,EST.8.19.30_1,0.4430823117338004,0.8694619025581282
2024,05,EST.8.19.31_1,0.40455341506129605,0.8429448380528823
2024,05,EST.8.19.32_1,0.4028021015761822,0.8416650165000324
2024,05,EST.8.19.33_1,0.4430823117338004,0.8694619025581282
2024,05,EST.8.19.34_1,0.4290718038528897,0.8601744009211155
2024,05,EST.8.19.35_1,0.394045534150613,0.8351646544245033
2024,05,EST.8.19.36_1,0.415061295971979,0.8504845677612263
2024,05,EST.8.19.4_1,0.4185639229422067,0.8529454847761373
2024,05,EST.8.19.5_1,0.4203152364273205,0.8541662601625049
2024,05,EST.8.19.6_1,0.4483362521891419,0.8728436286070947
2024,05,EST.8.19.7_1,0.40455341506129605,0.8429448380528823
2024,05,EST.8.19.8_1,0.3922942206654992,0.8338441101309045
2024,05,EST.8.19.9_1,0.44658493870402804,0.8717224328879003
2024,05,EST.8.2.1_1,0.40980735551663755,0.84674435339127
2024,05,EST.8.2.10_1,0.37127845884413313,0.817449692641694
2024,05,EST.8.2.11_1,0.4588441330998249,0.8794452797076121
2024,05,EST.8.2.12_1,0.42732049036777586,0.8589854480723175
2024,05,EST.8.2.14_1,0.38178633975481613,0.8257747876994065
2024,05,EST.8.2.16_1,0.44483362521891423,0.8705951987002916
2024,05,EST.8.2.17_1,0.39579684763572687,0.8364783320564855
2024,05,EST.8.2.18_1,0.3975481611208407,0.8377851753283774
2024,05,EST.8.2.2_1,0.4115586690017513,0.8479976415061541
2024,05,EST.8.2.20_1,0.38704028021015763,0.8298409486160585
2024,05,EST.8.2.21_1,0.38178633975481613,0.8257747876994065
2024,05,EST.8.2.23_1,0.3747810858143608,0.820253619315392
2024,05,EST.8.2.24_1,0.4028021015761822,0.8416650165000324
2024,05,EST.8.2.25_1,0.38178633975481613,0.8257747876994065
2024,05,EST.8.2.4_1,0.3800350262697023,0.8244052401580184
2024,05,EST.8.2.5_1,0.40630472854640987,0.8442179813294668
2024,05,EST.8.2.7_1,0.3992994746059545,0.8390852161729463
2024,05,EST.8.2.8_1,0.42206654991243436,0.8553806170354809
2024,05,EST.8.2.9_1,0.42732049036777586,0.8589854480723175
2024,05,EST.8.20.1_1,0.42732049036777586,0.8589854480723175
2024,05,EST.8.20.10_1,0.4640980735551664,0.8826664149042944
2024,05,EST.8.20.11_1,0.40980735551663755,0.84674435339127
2024,05,EST.8.20.12_1,0.4623467600700526,0.8815985480931783
2024,05,EST.8.20.13_1,0.5078809106830122,0.9075241043630743
2024,05,EST.8.20.14_1,0.4763572679509633,0.8899797750510963
2024,05,EST.8.20.15_1,0.43257443082311736,0.8625334776111592
2024,05,EST.8.20.16_1,0.43257443082311736,0.8625334776111592
2024,05,EST.8.20.18_1,0.5411558669001751,0.9241623234042816
2024,05,EST.8.20.19_1,0.4028021015761822,0.8416650165000324
2024,05,EST.8.20.2_1,0.48861646234676015,0.8970150500409678
2024,05,EST.8.20.20_1,0.47460595446584947,0.8889521921903337
2024,05,EST.8.20.21_1,0.4816112084063048,0.8930285549745876
2024,05,EST.8.20.22_1,0.48511383537653247,0.8950329602869382
2024,05,EST.8.20.23_1,0.43607705779334505,0.8648676199280442
2024,05,EST.8.20.24_1,0.4973730297723292,0.9018736053350269
2024,05,EST.8.20.25_1,0.48336252189141865,0.8940335564172074
2024,05,EST.8.20.26_1,0.46935201401050797,0.885835199120017
2024,05,EST.8.20.27_1,0.47985989492119097,0.8920179370393849
2024,05,EST.8.20.28_1,0.4728546409807356,0.8879189152169246
2024,05,EST.8.20.29_1,0.47810858143607715,0.8910016835000931
2024,05,EST.8.20.3_1,0.4956217162872154,0.9009128703709366
2024,05,EST.8.20.30_1,0.4623467600700526,0.8815985480931783
2024,05,EST.8.20.31_1,0.48511383537653247,0.8950329602869382
2024,05,EST.8.20.32_1,0.4570928196147111,0.8783598351473045
2024,05,EST.8.20.33_1,0.4956217162872154,0.9009128703709366
2024,05,EST.8.20.34_1,0.4816112084063048,0.8930285549745876
2024,05,EST.8.20.35_1,0.42732049036777586,0.8589854480723175
2024,05,EST.8.20.36_1,0.4483362521891419,0.8728436286070947
2024,05,EST.8.20.37_1,0.4430823117338004,0.8694619025581282
2024,05,EST.8.20.38_1,0.4728546409807356,0.8879189152169246
2024,05,EST.8.20.39_1,0.4658493870402803,0.883728465084157
2024,05,EST.8.20.40_1,0.4658493870402803,0.883728465084157
2024,05,EST.8.20.5_1,0.4203152364273205,0.8541662601625049
2024,05,EST.8.20.6_1,0.490367775831874,0.8979977728257459
2024,05,EST.8.20.7_1,0.4816112084063048,0.8930285549745876
2024,05,EST.8.20.8_1,0.4728546409807356,0.8879189152169246
2024,05,EST.8.20.9_1,0.4570928196147111,0.8783598351473045
2024,05,EST.8.3.1_1,0.42206654991243436,0.8553806170354809
2024,05,EST.8.3.10_1,0.36777583187390545,0.814616474176652
2024,05,EST.8.3.11_1,0.42732049036777586,0.8589854480723175
2024,05,EST.8.3.12_1,0.3975481611208407,0.8377851753283774
2024,05,EST.8.3.13_1,0.42206654991243436,0.8553806170354809
2024,05,EST.8.3.14_1,0.3887915936952715,0.8311822904754408
2024,05,EST.8.3.15_1,0.3905429071803853,0.8325166664998365
2024,05,EST.8.3.16_1,0.42206654991243436,0.8553806170354809
2024,05,EST.8.3.17_1,0.42556917688266205,0.8577901841359576
2024,05,EST.8.3.18_1,0.4623467600700526,0.8815985480931783
2024,05,EST.8.3.19_1,0.43957968476357273,0.867177029216065
2024,05,EST.8.3.2_1,0.4168126094570928,0.8517182632772413
2024,05,EST.8.3.20_1,0.38704028021015763,0.8298409486160585
2024,05,EST.8.3.21_1,0.4133099824868652,0.84924437001372
2024,05,EST.8.3.3_1,0.4238178633975482,0.8565885826929985
2024,05,EST.8.3.4_1,0.4570928196147111,0.8783598351473045
2024,05,EST.8.3.5_1,0.4168126094570928,0.8517182632772413
2024,05,EST.8.3.6_1,0.42556917688266205,0.8577901841359576
2024,05,EST.8.3.7_1,0.42206654991243436,0.8553806170354809
2024,05,EST.8.3.8_1,0.43082311733800355,0.8613570688164114
2024,05,EST.8.3.9_1,0.4640980735551664,0.8826664149042944
2024,05,EST.8.4.1_1,0.394045534150613,0.8351646544245033
2024,05,EST.8.4.10_1,0.37127845884413313,0.817449692641694
2024,05,EST.8.4.11_1,0.3992994746059545,0.8390852161729463
2024,05,EST.8.4.12_1,0.4028021015761822,0.8416650165000324
2024,05,EST.8.4.13_1,0.32749562171628727,0.7798230568532839
2024,05,EST.8.4.14_1,0.4185639229422067,0.8529454847761373
2024,05,EST.8.4.15_1,0.3905429071803853,0.8325166664998365
2024,05,EST.8.4.16_1,0.4238178633975482,0.8565885826929985
2024,05,EST.8.4.17_1,0.4238178633975482,0.8565885826929985
2024,05,EST.8.4.18_1,0.37828371278458844,0.8230285535751478
2024,05,EST.8.4.19_1,0.3852889667250438,0.8284926070883192
2024,05,EST.8.4.20_1,0.36252189141856395,0.8103110513870584
2024,05,EST.8.4.21_1,0.40455341506129605,0.8429448380528823
2024,05,EST.8.4.22_1,0.35551663747810863,0.8044650396381436
2024,05,EST.8.4.23_1,0.3905429071803853,0.8325166664998365
2024,05,EST.8.4.24_1,0.394045534150613,0.8351646544245033
2024,05,EST.8.4.25_1,0.37828371278458844,0.8230285535751478
2024,05,EST.8.4.26_1,0.394045534150613,0.8351646544245033
2024,05,EST.8.4.27_1,0.3852889667250438,0.8284926070883192
2024,05,EST.8.4.28_1,0.3975481611208407,0.8377851753283774
2024,05,EST.8.4.29_1,0.3992994746059545,0.8390852161729463
2024,05,EST.8.4.3_1,0.37302977232924694,0.8188552985723424
2024,05,EST.8.4.30_1,0.37302977232924694,0.8188552985723424
2024,05,EST.8.4.31_1,0.37302977232924694,0.8188552985723424
2024,05,EST.8.4.32_1,0.39579684763572687,0.8364783320564855
2024,05,EST.8.4.33_1,0.38353765323993,0.8271372316611071
2024,05,EST.8.4.34_1,0.38178633975481613,0.8257747876994065
2024,05,EST.8.4.35_1,0.3607705779334501,0.8088609274776474
2024,05,EST.8.4.36_1,0.3992994746059545,0.8390852161729463
2024,05,EST.8.4.37_1,0.3922942206654992,0.8338441101309045
2024,05,EST.8.4.38_1,0.37653239929947463,0.8216446920658589
2024,05,EST.8.4.39_1,0.43957968476357273,0.867177029216065
2024,05,EST.8.4.4_1,0.36427320490367776,0.8117536572138127
2024,05,EST.8.4.40_1,0.3887915936952715,0.8311822904754408
2024,05,EST.8.4.41_1,0.415061295971979,0.8504845677612263
2024,05,EST.8.4.42_1,0.40980735551663755,0.84674435339127
2024,05,EST.8.4.43_1,0.35201401050788095,0.8014961010510282
2024,05,EST.8.4.44_1,0.36252189141856395,0.8103110513870584
2024,05,EST.8.4.5_1,0.39579684763572687,0.8364783320564855
2024,05,EST.8.4.6_1,0.4290718038528897,0.8601744009211155
2024,05,EST.8.4.7_1,0.394045534150613,0.8351646544245033
2024,05,EST.8.4.8_1,0.3800350262697023,0.8244052401580184
2024,05,EST.8.4.9_1,0.3800350262697023,0.8244052401580184
2024,05,EST.8.5.1_1,0.40105078809106837,0.8403784861596588
2024,05,EST.8.5.2_1,0.394045534150613,0.8351646544245033
2024,05,EST.8.5.3_1,0.4115586690017513,0.8479976415061541
2024,05,EST.8.5.4_1,0.35551663747810863,0.8044650396381436
2024,05,EST.8.5.5_1,0.34150612959719795,0.7924014134263013
2024,05,EST.8.5.6_1,0.40980735551663755,0.84674435339127
2024,05,EST.8.5.7_1,0.38704028021015763,0.8298409486160585
2024,05,EST.8.7.1_1,0.42206654991243436,0.8553806170354809
2024,05,EST.8.7.10_1,0.4133099824868652,0.84924437001372
2024,05,EST.8.7.11_1,0.42206654991243436,0.8553806170354809
2024,05,EST.8.7.12_1,0.42732049036777586,0.8589854480723175
2024,05,EST.8.7.13_1,0.3922942206654992,0.8338441101309045
2024,05,EST.8.7.14_1,0.43257443082311736,0.8625334776111592
2024,05,EST.8.7.15_1,0.42206654991243436,0.8553806170354809
2024,05,EST.8.7.16_1,0.40105078809106837,0.8403784861596588
2024,05,EST.8.7.17_1,0.43432574430823123,0.8637036528810099
2024,05,EST.8.7.18_1,0.38178633975481613,0.8257747876994065
2024,05,EST.8.7.19_1,0.39579684763572687,0.8364783320564855
2024,05,EST.8.7.2_1,0.40980735551663755,0.84674435339127
2024,05,EST.8.7.20_1,0.4430823117338004,0.8694619025581282
2024,05,EST.8.7.21_1,0.3905429071803853,0.8325166664998365
2024,05,EST.8.7.22_1,0.44658493870402804,0.8717224328879003
2024,05,EST.8.7.23_1,0.4430823117338004,0.8694619025581282
2024,05,EST.8.7.24_1,0.40630472854640987,0.8442179813294668
2024,05,EST.8.7.25_1,0.39579684763572687,0.8364783320564855
2024,05,EST.8.7.26_1,0.415061295971979,0.8504845677612263
2024,05,EST.8.7.27_1,0.3800350262697023,0.8244052401580184
2024,05,EST.8.7.28_1,0.44483362521891423,0.8705951987002916
2024,05,EST.8.7.29_1,0.40105078809106837,0.8403784861596588
2024,05,EST.8.7.3_1,0.4203152364273205,0.8541662601625049
2024,05,EST.8.7.30_1,0.4168126094570928,0.8517182632772413
2024,05,EST.8.7.31_1,0.42732049036777586,0.8589854480723175
2024,05,EST.8.7.32_1,0.3922942206654992,0.8338441101309045
2024,05,EST.8.7.33_1,0.44483362521891423,0.8705951987002916
2024,05,EST.8.7.34_1,0.4028021015761822,0.8416650165000324
2024,05,EST.8.7.35_1,0.4203152364273205,0.8541662601625049
2024,05,EST.8.7.36_1,0.40455341506129605,0.8429448380528823
2024,05,EST.8.7.37_1,0.40980735551663755,0.84674435339127
2024,05,EST.8.7.38_1,0.4238178633975482,0.8565885826929985
2024,05,EST.8.7.39_1,0.4483362521891419,0.8728436286070947
2024,05,EST.8.7.4_1,0.394045534150613,0.8351646544245033
2024,05,EST.8.7.40_1,0.43607705779334505,0.8648676199280442
2024,05,EST.8.7.41_1,0.4080560420315237,0.8454844764985339
2024,05,EST.8.7.42_1,0.40630472854640987,0.8442179813294668
2024,05,EST.8.7.5_1,0.40455341506129605,0.8429448380528823
2024,05,EST.8.7.6_1,0.4535901926444834,0.8761712161444246
2024,05,EST.8.7.7_1,0.3852889667250438,0.8284926070883192
2024,05,EST.8.7.8_1,0.43607705779334505,0.8648676199280442
2024,05,EST.8.7.9_1,0.4570928196147111,0.8783598351473045
2024,05,EST.8.8.1_1,0.35726795096322245,0.8059379628730737
2024,05,EST.8.9.1_1,0.4028021015761822,0.8416650165000324
2024,05,EST.8.9.2_1,0.45008756567425573,0.8739588090980032
2024,05,EST.8.9.3_1,0.38178633975481613,0.8257747876994065
2024,05,EST.8.9.4_1,0.40105078809106837,0.8403784861596588
2024,05,EST.8.9.5_1,0.415061295971979,0.8504845677612263
2024,05,EST.8.9.6_1,0.40980735551663755,0.84674435339127
2024,05,EST.9.1.1_1,0.47460595446584947,0.8889521921903337
2024,05,FIN.1.1.1.1_1,0.36427320490367776,0.8117536572138127
2024,05,FIN.1.1.1.2_1,0.3852889667250438,0.8284926070883192
2024,05,FIN.1.1.2.1_1,0.4605954465849388,0.8805248434882459
2024,05,FIN.1.1.2.2_1,0.4763572679509633,0.8899797750510963
2024,05,FIN.1.1.2.3_1,0.4535901926444834,0.8761712161444246
2024,05,FIN.1.1.2.4_1,0.43957968476357273,0.867177029216065
2024,05,FIN.1.1.2.5_1,0.4290718038528897,0.8601744009211155
2024,05,FIN.1.1.2.6_1,0.4658493870402803,0.883728465084157
2024,05,FIN.1.1.2.7_1,0.4290718038528897,0.8601744009211155
2024,05,FIN.1.1.2.8_1,0.4640980735551664,0.8826664149042944
2024,05,FIN.1.1.3.1_1,0.4658493870402803,0.883728465084157
2024,05,FIN.1.1.3.2_1,0.44133099824868655,0.8683225207260261
2024,05,FIN.1.1.3.3_1,0.47985989492119097,0.8920179370393849
2024,05,FIN.1.1.3.4_1,0.4133099824868652,0.84924437001372
2024,05,FIN.1.1.3.5_1,0.42206654991243436,0.8553806170354809
2024,05,FIN.1.1.4.1_1,0.415061295971979,0.8504845677612263
2024,05,FIN.1.1.4.2_1,0.40630472854640987,0.8442179813294668
2024,05,FIN.1.1.4.3_1,0.40455341506129605,0.8429448380528823
2024,05,FIN.1.1.4.4_1,0.3922942206654992,0.8338441101309045
2024,05,FIN.1.2.1.1_1,0.4185639229422067,0.8529454847761373
2024,05,FIN.1.2.1.2_1,0.40630472854640987,0.8442179813294668
2024,05,FIN.1.2.1.3_1,0.37653239929947463,0.8216446920658589
2024,05,FIN.1.2.1.4_1,0.3922942206654992,0.8338441101309045
2024,05,FIN.1.2.1.5_1,0.43957968476357273,0.867177029216065
2024,05,FIN.1.2.2.1_1,0.394045534150613,0.8351646544245033
2024,05,FIN.1.2.2.2_1,0.4483362521891419,0.8728436286070947
2024,05,FIN.1.2.2.3_1,0.38704028021015763,0.8298409486160585
2024,05,FIN.1.2.2.4_1,0.4483362521891419,0.8728436286070947
2024,05,FIN.1.2.2.5_1,0.40980735551663755,0.84674435339127
2024,05,FIN.1.2.3.1_1,0.40105078809106837,0.8403784861596588
2024,05,FIN.1.2.3.2_1,0.42732049036777586,0.8589854480723175
2024,05,FIN.1.2.3.3_1,0.4133099824868652,0.84924437001372
2024,05,FIN.1.2.3.4_1,0.38353765323993,0.8271372316611071
2024,05,FIN.1.2.3.5_1,0.37828371278458844,0.8230285535751478
2024,05,FIN.1.2.3.6_1,0.4238178633975482,0.8565885826929985
2024,05,FIN.1.2.3.7_1,0.40630472854640987,0.8442179813294668
2024,05,FIN.1.2.3.8_1,0.43607705779334505,0.8648676199280442
2024,05,FIN.1.2.4.1_1,0.42732049036777586,0.8589854480723175
2024,05,FIN.1.2.4.2_1,0.4623467600700526,0.8815985480931783
2024,05,FIN.1.2.4.3_1,0.415061295971979,0.8504845677612263
2024,05,FIN.1.2.4.4_1,0.42732049036777586,0.8589854480723175
2024,05,FIN.1.2.4.5_1,0.43957968476357273,0.867177029216065
2024,05,FIN.1.2.4.6_1,0.4168126094570928,0.8517182632772413
2024,05,FIN.1.3.1.1_1,0.394045534150613,0.8351646544245033
2024,05,FIN.1.3.1.2_1,0.40980735551663755,0.84674435339127
2024,05,FIN.1.3.1.3_1,0.37127845884413313,0.817449692641694
2024,05,FIN.1.3.1.4_1,0.37828371278458844,0.8230285535751478
2024,05,FIN.1.4.1.1_1,0.40105078809106837,0.8403784861596588
2024,05,FIN.1.4.1.2_1,0.3905429071803853,0.8325166664998365
2024,05,FIN.1.4.1.3_1,0.40105078809106837,0.8403784861596588
2024,05,FIN.1.4.1.4_1,0.3922942206654992,0.8338441101309045
2024,05,FIN.1.4.1.5_1,0.37127845884413313,0.817449692641694
2024,05,FIN.1.4.2.1_1,0.3922942206654992,0.8338441101309045
2024,05,FIN.1.4.2.2_1,0.415061295971979,0.8504845677612263
2024,05,FIN.1.4.2.3_1,0.3905429071803853,0.8325166664998365
2024,05,FIN.1.4.2.4_1,0.35026269702276713,0.7999999999999999
2024,05,FIN.1.4.2.5_1,0.36602451838879163,0.8131887849693945
2024,05,FIN.1.4.2.6_1,0.35726795096322245,0.8059379628730737
2024,05,FIN.1.4.2.7_1,0.38704028021015763,0.8298409486160585
2024,05,FIN.1.4.2.8_1,0.3887915936952715,0.8311822904754408
2024,05,FIN.1.4.3.1_1,0.40105078809106837,0.8403784861596588
2024,05,FIN.1.4.3.2_1,0.39579684763572687,0.8364783320564855
2024,05,FIN.1.4.3.3_1,0.3905429071803853,0.8325166664998365
2024,05,FIN.1.4.3.4_1,0.36602451838879163,0.8131887849693945
2024,05,FIN.1.4.3.5_1,0.4535901926444834,0.8761712161444246
2024,05,FIN.1.4.4.1_1,0.4168126094570928,0.8517182632772413
2024,05,FIN.1.4.4.2_1,0.3975481611208407,0.8377851753283774
2024,05,FIN.1.4.4.3_1,0.48686514886164634,0.8960267853139213
2024,05,FIN.1.4.4.4_1,0.415061295971979,0.8504845677612263
2024,05,FIN.1.4.4.5_1,0.44133099824868655,0.8683225207260261
2024,05,FIN.1.4.4.6_1,0.4115586690017513,0.8479976415061541
2024,05,FIN.1.4.5.1_1,0.42732049036777586,0.8589854480723175
2024,05,FIN.2.1.1.1_1,0.3905429071803853,0.8325166664998365
2024,05,FIN.2.1.1.2_1,0.33800350262697026,0.7893060243023614
2024,05,FIN.2.1.1.3_1,0.36777583187390545,0.814616474176652
2024,05,FIN.2.1.1.4_1,0.3537653239929948,0.8029844332239573
2024,05,FIN.2.1.1.5_1,0.43082311733800355,0.8613570688164114
2024,05,FIN.2.1.2.1_1,0.4658493870402803,0.883728465084157
2024,05,FIN.2.1.2.2_1,0.4168126094570928,0.8517182632772413
2024,05,FIN.2.1.2.3_1,0.394045534150613,0.8351646544245033
2024,05,FIN.2.1.2.4_1,0.3905429071803853,0.8325166664998365
2024,05,FIN.2.1.2.5_1,0.3922942206654992,0.8338441101309045
2024,05,FIN.2.1.3.1_1,0.5043782837127846,0.905662188677434
2024,05,FIN.2.1.3.2_1,0.42732049036777586,0.8589854480723175
2024,05,FIN.2.1.3.3_1,0.4640980735551664,0.8826664149042944
2024,05,FIN.2.1.4.1_1,0.3905429071803853,0.8325166664998365
2024,05,FIN.2.1.4.2_1,0.37127845884413313,0.817449692641694
2024,05,FIN.2.1.4.3_1,0.3905429071803853,0.8325166664998365
2024,05,FIN.2.1.5.1_1,0.3922942206654992,0.8338441101309045
2024,05,FIN.2.1.5.2_1,0.3747810858143608,0.820253619315392
2024,05,FIN.2.1.6.1_1,0.44133099824868655,0.8683225207260261
2024,05,FIN.2.1.6.2_1,0.4570928196147111,0.8783598351473045
2024,05,FIN.2.1.6.3_1,0.42206654991243436,0.8553806170354809
2024,05,FIN.2.1.6.4_1,0.3852889667250438,0.8284926070883192
2024,05,FIN.3.1.1.1_1,0.4570928196147111,0.8783598351473045
2024,05,FIN.3.1.1.2_1,0.4623467600700526,0.8815985480931783
2024,05,FIN.3.1.1.3_1,0.36952714535901926,0.8160367638777066
2024,05,FIN.3.1.1.4_1,0.3992994746059545,0.8390852161729463
2024,05,FIN.3.1.1.5_1,0.4168126094570928,0.8517182632772413
2024,05,FIN.3.1.1.6_1,0.40455341506129605,0.8429448380528823
2024,05,FIN.3.1.2.1_1,0.3992994746059545,0.8390852161729463
2024,05,FIN.3.1.2.2_1,0.3887915936952715,0.8311822904754408
2024,05,FIN.3.1.2.3_1,0.4185639229422067,0.8529454847761373
2024,05,FIN.3.1.2.4_1,0.4203152364273205,0.8541662601625049
2024,05,FIN.3.2.1.1_1,0.36602451838879163,0.8131887849693945
2024,05,FIN.3.2.1.2_1,0.38178633975481613,0.8257747876994065
2024,05,FIN.3.2.2.1_1,0.42206654991243436,0.8553806170354809
2024,05,FIN.3.2.2.2_1,0.38178633975481613,0.8257747876994065
2024,05,FIN.3.2.2.3_1,0.35201401050788095,0.8014961010510282
2024,05,FIN.3.2.2.4_1,0.4133099824868652,0.84924437001372
2024,05,FIN.3.2.2.5_1,0.3887915936952715,0.8311822904754408
2024,05,FIN.3.2.3.1_1,0.51138353765324,0.909364613342745
2024,05,FIN.3.2.3.10_1,0.4168126094570928,0.8517182632772413
2024,05,FIN.3.2.3.11_1,0.43607705779334505,0.8648676199280442
2024,05,FIN.3.2.3.2_1,0.4605954465849388,0.8805248434882459
2024,05,FIN.3.2.3.3_1,0.4028021015761822,0.8416650165000324
2024,05,FIN.3.2.3.4_1,0.4728546409807356,0.8879189152169246
2024,05,FIN.3.2.3.5_1,0.4203152364273205,0.8541662601625049
2024,05,FIN.3.2.3.6_1,0.4570928196147111,0.8783598351473045
2024,05,FIN.3.2.3.7_1,0.40980735551663755,0.84674435339127
2024,05,FIN.3.2.3.8_1,0.4676007005253941,0.8847847195787232
2024,05,FIN.3.2.3.9_1,0.4483362521891419,0.8728436286070947
2024,05,FIN.3.2.4.1_1,0.4168126094570928,0.8517182632772413
2024,05,FIN.3.2.4.2_1,0.40455341506129605,0.8429448380528823
2024,05,FIN.3.2.4.3_1,0.394045534150613,0.8351646544245033
2024,05,FIN.3.2.4.4_1,0.42206654991243436,0.8553806170354809
2024,05,FIN.3.2.4.5_1,0.4238178633975482,0.8565885826929985
2024,05,FIN.3.2.5.1_1,0.4238178633975482,0.8565885826929985
2024,05,FIN.3.2.5.2_1,0.38353765323993,0.8271372316611071
2024,05,FIN.3.2.5.3_1,0.4203152364273205,0.8541662601625049
2024,05,FIN.3.2.5.4_1,0.4535901926444834,0.8761712161444246
2024,05,FIN.3.2.5.5_1,0.4623467600700526,0.8815985480931783
2024,05,FIN.3.2.5.6_1,0.42732049036777586,0.8589854480723175
2024,05,FIN.3.2.6.1_1,0.4238178633975482,0.8565885826929985
2024,05,FIN.3.2.6.2_1,0.43082311733800355,0.8613570688164114
2024,05,FIN.3.2.6.3_1,0.4290718038528897,0.8601744009211155
2024,05,FIN.3.2.6.4_1,0.37127845884413313,0.817449692641694
2024,05,FIN.3.2.6.5_1,0.43257443082311736,0.8625334776111592
2024,05,FIN.3.2.6.6_1,0.40105078809106837,0.8403784861596588
2024,05,FIN.3.2.7.1_1,0.3922942206654992,0.8338441101309045
2024,05,FIN.3.2.7.2_1,0.394045534150613,0.8351646544245033
2024,05,FIN.3.2.7.3_1,0.415061295971979,0.8504845677612263
2024,05,FIN.3.2.7.4_1,0.36602451838879163,0.8131887849693945
2024,05,FIN.3.2.7.5_1,0.33625218914185645,0.7877461520058349
2024,05,FIN.3.2.7.6_1,0.3800350262697023,0.8244052401580184
2024,05,FIN.4.1.1.1_1,0.38353765323993,0.8271372316611071
2024,05,FIN.4.1.1.2_1,0.3975481611208407,0.8377851753283774
2024,05,FIN.4.1.1.3_1,0.43607705779334505,0.8648676199280442
2024,05,FIN.4.1.1.4_1,0.3992994746059545,0.8390852161729463
2024,05,FIN.4.1.1.5_1,0.4430823117338004,0.8694619025581282
2024,05,FIN.4.1.2.1_1,0.35201401050788095,0.8014961010510282
2024,05,FIN.4.1.2.2_1,0.4238178633975482,0.8565885826929985
2024,05,FIN.4.1.2.3_1,0.37302977232924694,0.8188552985723424
2024,05,FIN.4.1.2.4_1,0.3747810858143608,0.820253619315392
2024,05,FIN.4.1.2.5_1,0.38353765323993,0.8271372316611071
2024,05,FIN.4.1.2.6_1,0.3747810858143608,0.820253619315392
2024,05,FIN.4.2.1.1_1,0.4203152364273205,0.8541662601625049
2024,05,FIN.4.2.1.2_1,0.4605954465849388,0.8805248434882459
2024,05,FIN.4.2.1.3_1,0.4238178633975482,0.8565885826929985
2024,05,FIN.4.2.1.4_1,0.4483362521891419,0.8728436286070947
2024,05,FIN.4.2.1.5_1,0.45008756567425573,0.8739588090980032
2024,05,FIN.4.2.1.6_1,0.43957968476357273,0.867177029216065
2024,05,FIN.4.2.2.1_1,0.42732049036777586,0.8589854480723175
2024,05,FIN.4.2.2.2_1,0.415061295971979,0.8504845677612263
2024,05,FIN.4.2.2.3_1,0.38178633975481613,0.8257747876994065
2024,05,FIN.4.2.2.4_1,0.36252189141856395,0.8103110513870584
2024,05,FIN.4.2.2.5_1,0.35726795096322245,0.8059379628730737
2024,05,FIN.4.2.2.6_1,0.4185639229422067,0.8529454847761373
2024,05,FIN.4.2.2.7_1,0.3975481611208407,0.8377851753283774
2024,05,FIN.4.3.1.1_1,0.38178633975481613,0.8257747876994065
2024,05,FIN.4.3.1.2_1,0.36602451838879163,0.8131887849693945
2024,05,FIN.4.4.1.1_1,0.4203152364273205,0.8541662601625049
2024,05,FIN.4.4.1.2_1,0.3800350262697023,0.8244052401580184
2024,05,FIN.4.4.1.3_1,0.3887915936952715,0.8311822904754408
2024,05,FIN.4.4.1.4_1,0.4711033274956218,0.8868799242287537
2024,05,FIN.4.4.1.5_1,0.38178633975481613,0.8257747876994065
2024,05,FIN.4.4.1.6_1,0.3800350262697023,0.8244052401580184
2024,05,FIN.4.4.2.1_1,0.45008756567425573,0.8739588090980032
2024,05,FIN.4.4.2.2_1,0.43607705779334505,0.8648676199280442
2024,05,FIN.4.4.3.1_1,0.43082311733800355,0.8613570688164114
2024,05,FIN.4.4.3.2_1,0.38353765323993,0.8271372316611071
2024,05,FIN.4.4.3.3_1,0.38178633975481613,0.8257747876994065
2024,05,FIN.4.4.3.4_1,0.3905429071803853,0.8325166664998365
2024,05,FIN.4.4.3.5_1,0.3747810858143608,0.820253619315392
2024,05,FIN.4.4.3.6_1,0.4430823117338004,0.8694619025581282
2024,05,FIN.4.5.1.1_1,0.42556917688266205,0.8577901841359576
2024,05,FIN.4.5.1.2_1,0.4728546409807356,0.8879189152169246
2024,05,FIN.4.5.1.3_1,0.4763572679509633,0.8899797750510963
2024,05,FIN.4.5.1.4_1,0.4115586690017513,0.8479976415061541
2024,05,FIN.4.5.2.1_1,0.4570928196147111,0.8783598351473045
2024,05,FIN.4.5.2.10_1,0.4028021015761822,0.8416650165000324
2024,05,FIN.4.5.2.11_1,0.4640980735551664,0.8826664149042944
2024,05,FIN.4.5.2.12_1,0.37302977232924694,0.8188552985723424
2024,05,FIN.4.5.2.13_1,0.3607705779334501,0.8088609274776474
2024,05,FIN.4.5.2.2_1,0.40630472854640987,0.8442179813294668
2024,05,FIN.4.5.2.3_1,0.3607705779334501,0.8088609274776474
2024,05,FIN.4.5.2.4_1,0.3800350262697023,0.8244052401580184
2024,05,FIN.4.5.2.5_1,0.4816112084063048,0.8930285549745876
2024,05,FIN.4.5.2.6_1,0.4238178633975482,0.8565885826929985
2024,05,FIN.4.5.2.7_1,0.44483362521891423,0.8705951987002916
2024,05,FIN.4.5.2.8_1,0.37653239929947463,0.8216446920658589
2024,05,FIN.4.5.2.9_1,0.36602451838879163,0.8131887849693945
2024,05,FIN.4.5.3.1_1,0.3975481611208407,0.8377851753283774
2024,05,FIN.4.5.3.2_1,0.4115586690017513,0.8479976415061541
2024,05,FIN.4.5.3.3_1,0.4115586690017513,0.8479976415061541
2024,05,FIN.4.5.3.4_1,0.44133099824868655,0.8683225207260261
2024,05,FIN.4.5.3.5_1,0.4080560420315237,0.8454844764985339
2024,05,FIN.4.5.3.6_1,0.36427320490367776,0.8117536572138127
2024,05,FIN.4.5.3.7_1,0.4028021015761822,0.8416650165000324
2024,05,FIN.5.1.1.1_1,0.43957968476357273,0.867177029216065
2024,05,FIN.5.1.1.2_1,0.4080560420315237,0.8454844764985339
2024,05,FIN.5.1.1.3_1,0.40105078809106837,0.8403784861596588
2024,05,FIN.5.1.1.4_1,0.40980735551663755,0.84674435339127
2024,05,FIN.5.1.2.1_1,0.4238178633975482,0.8565885826929985
2024,05,FIN.5.1.2.2_1,0.3992994746059545,0.8390852161729463
2024,05,FIN.5.1.2.3_1,0.4203152364273205,0.8541662601625049
2024,05,FIN.5.1.2.4_1,0.40980735551663755,0.84674435339127
2024,05,FIN.5.1.3.1_1,0.4080560420315237,0.8454844764985339
2024,05,FIN.5.1.3.2_1,0.40630472854640987,0.8442179813294668
2024,05,FIN.5.1.3.3_1,0.40630472854640987,0.8442179813294668
2024,05,FIN.5.1.3.4_1,0.4483362521891419,0.8728436286070947
2024,05,FIN.5.1.3.5_1,0.3887915936952715,0.8311822904754408
2024,05,FIN.5.1.4.1_1,0.3992994746059545,0.8390852161729463
2024,05,FIN.5.1.4.2_1,0.37302977232924694,0.8188552985723424
2024,05,FIN.5.1.4.3_1,0.38353765323993,0.8271372316611071
2024,05,FIN.5.1.5.1_1,0.40630472854640987,0.8442179813294668
2024,05,FIN.5.1.5.2_1,0.38704028021015763,0.8298409486160585
2024,05,FIN.5.1.5.3_1,0.415061295971979,0.8504845677612263
2024,05,FIN.5.1.5.4_1,0.37302977232924694,0.8188552985723424
2024,05,FIN.5.1.5.5_1,0.4203152364273205,0.8541662601625049
2024,05,FIN.5.1.5.6_1,0.36777583187390545,0.814616474176652
2024,05,FIN.5.1.6.1_1,0.45008756567425573,0.8739588090980032
2024,05,FIN.5.1.6.2_1,0.37127845884413313,0.817449692641694
2024,05,FIN.5.1.6.3_1,0.36602451838879163,0.8131887849693945
2024,05,FIN.5.1.6.4_1,0.42556917688266205,0.8577901841359576
2024,05,FIN.5.1.6.5_1,0.3975481611208407,0.8377851753283774
2024,05,FIN.5.1.7.1_1,0.3852889667250438,0.8284926070883192
2024,05,FIN.5.1.7.2_1,0.42556917688266205,0.8577901841359576
2024,05,FIN.5.1.7.3_1,0.40105078809106837,0.8403784861596588
2024,05,FIN.5.2.1.2_1,0.40980735551663755,0.84674435339127
2024,05,FIN.5.2.1.3_1,0.36252189141856395,0.8103110513870584
2024,05,FIN.5.2.1.4_1,0.3747810858143608,0.820253619315392
2024,05,FIN.5.2.1.5_1,0.35201401050788095,0.8014961010510282
2024,05,FIN.5.2.1.7_1,0.42206654991243436,0.8553806170354809
2024,05,FIN.5.2.2.1_1,0.33274956217162877,0.7846018098373213
2024,05,FIN.5.2.2.2_1,0.3747810858143608,0.820253619315392
2024,05,FIN.5.2.2.3_1,0.3607705779334501,0.8088609274776474
2024,05,FIN.5.2.2.4_1,0.4028021015761822,0.8416650165000324
2024,05,FIN.5.2.2.5_1,0.4133099824868652,0.84924437001372
2024,05,FIN.5.3.1.1_1,0.4956217162872154,0.9009128703709366
2024,05,FIN.5.3.1.4_1,0.4430823117338004,0.8694619025581282
2024,05,FIN.5.3.1.6_1,0.5026269702276708,0.9047231620777706
2024,05,FIN.5.3.1.7_1,0.43782837127845886,0.8660254037844386
2024,05,FIN.5.3.1.8_1,0.5131348511383538,0.9102768809543611
2024,05,FIN.5.3.2.1_1,0.37828371278458844,0.8230285535751478
2024,05,FIN.5.3.2.10_1,0.39579684763572687,0.8364783320564855
2024,05,FIN.5.3.2.11_1,0.40630472854640987,0.8442179813294668
2024,05,FIN.5.3.2.12_1,0.3922942206654992,0.8338441101309045
2024,05,FIN.5.3.2.2_1,0.37127845884413313,0.817449692641694
2024,05,FIN.5.3.2.3_1,0.38353765323993,0.8271372316611071
2024,05,FIN.5.3.2.4_1,0.3922942206654992,0.8338441101309045
2024,05,FIN.5.3.2.5_1,0.34325744308231176,0.7939370252104382
2024,05,FIN.5.3.2.6_1,0.36252189141856395,0.8103110513870584
2024,05,FIN.5.3.2.7_1,0.37828371278458844,0.8230285535751478
2024,05,FIN.5.3.2.8_1,0.36602451838879163,0.8131887849693945
2024,05,FIN.5.3.2.9_1,0.3922942206654992,0.8338441101309045
2024,05,FIN.5.3.3.1_1,0.42732049036777586,0.8589854480723175
2024,05,FIN.5.3.3.10_1,0.40105078809106837,0.8403784861596588
2024,05,FIN.5.3.3.11_1,0.43257443082311736,0.8625334776111592
2024,05,FIN.5.3.3.2_1,0.36252189141856395,0.8103110513870584
2024,05,FIN.5.3.3.3_1,0.38178633975481613,0.8257747876994065
2024,05,FIN.5.3.3.4_1,0.37828371278458844,0.8230285535751478
2024,05,FIN.5.3.3.5_1,0.38704028021015763,0.8298409486160585
2024,05,FIN.5.3.3.6_1,0.4290718038528897,0.8601744009211155
2024,05,FIN.5.3.3.7_1,0.3309982486865149,0.78301724118949
2024,05,FIN.5.3.3.8_1,0.3852889667250438,0.8284926070883192
2024,05,FIN.5.3.3.9_1,0.4535901926444834,0.8761712161444246
2024,05,FIN.5.3.4.1_1,0.43082311733800355,0.8613570688164114
2024,05,FIN.5.3.4.10_1,0.4115586690017513,0.8479976415061541
2024,05,FIN.5.3.4.11_1,0.4133099824868652,0.84924437001372
2024,05,FIN.5.3.4.12_1,0.4203152364273205,0.8541662601625049
2024,05,FIN.5.3.4.13_1,0.37302977232924694,0.8188552985723424
2024,05,FIN.5.3.4.14_1,0.4816112084063048,0.8930285549745876
2024,05,FIN.5.3.4.15_1,0.38704028021015763,0.8298409486160585
2024,05,FIN.5.3.4.16_1,0.39579684763572687,0.8364783320564855
2024,05,FIN.5.3.4.17_1,0.36777583187390545,0.814616474176652
2024,05,FIN.5.3.4.2_1,0.42732049036777586,0.8589854480723175
2024,05,FIN.5.3.4.3_1,0.38704028021015763,0.8298409486160585
2024,05,FIN.5.3.4.4_1,0.35201401050788095,0.8014961010510282
2024,05,FIN.5.3.4.5_1,0.40105078809106837,0.8403784861596588
2024,05,FIN.5.3.4.6_1,0.4168126094570928,0.8517182632772413
2024,05,FIN.5.3.4.7_1,0.37127845884413313,0.817449692641694
2024,05,FIN.5.3.4.8_1,0.4640980735551664,0.8826664149042944
2024,05,FIN.5.3.4.9_1,0.36602451838879163,0.8131887849693945
2024,05,FIN.5.3.5.1_1,0.51138353765324,0.909364613342745
2024,05,FIN.5.3.5.2_1,0.39579684763572687,0.8364783320564855
2024,05,FIN.5.3.5.3_1,0.3537653239929948,0.8029844332239573
2024,05,FIN.5.3.5.4_1,0.43257443082311736,0.8625334776111592
2024,05,FIN.5.3.5.5_1,0.34676007005253945,0.7969843160313759
2024,05,FIN.5.3.5.6_1,0.44483362521891423,0.8705951987002916
2024,05,FIN.5.3.5.7_1,0.4238178633975482,0.8565885826929985
2024,05,FIN.5.4.1.1_1,0.37127845884413313,0.817449692641694
2024,05,FIN.5.4.1.2_1,0.4570928196147111,0.8783598351473045
2024,05,FIN.5.4.1.3_1,0.3887915936952715,0.8311822904754408
2024,05,FIN.5.4.1.4_1,0.4570928196147111,0.8783598351473045
2024,05,FIN.5.4.1.5_1,0.394045534150613,0.8351646544245033
2024,05,FIN.5.4.2.1_1,0.36952714535901926,0.8160367638777066
2024,05,FIN.5.4.2.2_1,0.4115586690017513,0.8479976415061541
2024,05,FIN.5.4.2.3_1,0.3887915936952715,0.8311822904754408
2024,05,FIN.5.4.3.2_1,0.4080560420315237,0.8454844764985339
2024,05,FIN.5.4.3.3_1,0.4623467600700526,0.8815985480931783
2024,05,FIN.5.4.4.1_1,0.44483362521891423,0.8705951987002916
2024,05,FIN.5.4.4.2_1,0.4290718038528897,0.8601744009211155
2024,05,FIN.5.4.4.3_1,0.37828371278458844,0.8230285535751478
2024,05,FIN.5.4.4.4_1,0.36952714535901926,0.8160367638777066
2024,05,FIN.5.4.4.5_1,0.36777583187390545,0.814616474176652
2024,05,FIN.5.4.4.6_1,0.40630472854640987,0.8442179813294668
2024,05,FIN.5.4.4.7_1,0.33800350262697026,0.7893060243023614
2024,05,FIN.5.5.1.1_1,0.37828371278458844,0.8230285535751478
2024,05,FIN.5.5.1.2_1,0.35726795096322245,0.8059379628730737
2024,05,FIN.5.5.1.3_1,0.36602451838879163,0.8131887849693945
2024,05,FIN.5.5.1.4_1,0.34676007005253945,0.7969843160313759
2024,05,FIN.5.5.1.5_1,0.40455341506129605,0.8429448380528823
2024,05,FIN.5.5.1.6_1,0.36602451838879163,0.8131887849693945
2024,05,FIN.5.6.1.1_1,0.37828371278458844,0.8230285535751478
2024,05,FIN.5.6.2.1_1,0.36952714535901926,0.8160367638777066
2024,05,FIN.5.6.2.2_1,0.3747810858143608,0.820253619315392
2024,05,FIN.5.6.2.3_1,0.3537653239929948,0.8029844332239573
2024,05,FIN.5.6.2.4_1,0.37127845884413313,0.817449692641694
2024,05,FIN.5.6.2.5_1,0.394045534150613,0.8351646544245033
2024,05,FIN.5.6.3.1_1,0.37302977232924694,0.8188552985723424
2024,05,FIN.5.6.3.2_1,0.3975481611208407,0.8377851753283774
2024,05,FIN.5.6.3.3_1,0.42206654991243436,0.8553806170354809
2024,05,FIN.5.6.3.4_1,0.36427320490367776,0.8117536572138127
2024,05,FIN.5.6.4.1_1,0.36252189141856395,0.8103110513870584
2024,05,FIN.5.6.4.2_1,0.35026269702276713,0.7999999999999999
2024,05,FIN.5.6.4.3_1,0.3257443082311734,0.7782133383590902
2024,05,FIN.5.6.4.4_1,0.35726795096322245,0.8059379628730737
2024,05,FIN.5.6.4.5_1,0.36777583187390545,0.814616474176652
2024,05,FIN.5.6.5.1_1,0.3607705779334501,0.8088609274776474
2024,05,FIN.5.6.5.2_1,0.38178633975481613,0.8257747876994065
2024,05,FIN.5.6.5.3_1,0.36952714535901926,0.8160367638777066
2024,05,FIN.5.6.5.4_1,0.4115586690017513,0.8479976415061541
2024,05,FIN.5.6.5.5_1,0.4185639229422067,0.8529454847761373
2024,05,FIN.5.6.6.1_1,0.3887915936952715,0.8311822904754408
2024,05,FIN.5.6.6.2_1,0.4168126094570928,0.8517182632772413
2024,05,FIN.5.6.6.3_1,0.40105078809106837,0.8403784861596588
2024,05,FIN.5.6.6.4_1,0.4080560420315237,0.8454844764985339
2024,05,FIN.5.6.6.5_1,0.36252189141856395,0.8103110513870584
2024,05,FIN.5.6.6.6_1,0.36777583187390545,0.814616474176652
2024,05,FIN.5.6.6.7_1,0.40455341506129605,0.8429448380528823
2024,05,FIN.5.6.7.1_1,0.36952714535901926,0.8160367638777066
2024,05,FIN.5.6.7.2_1,0.37828371278458844,0.8230285535751478
2024,05,FIN.5.6.7.3_1,0.36777583187390545,0.814616474176652
2024,05,FIN.5.6.7.4_1,0.40105078809106837,0.8403784861596588
2024,05,FIN.5.6.7.5_1,0.37653239929947463,0.8216446920658589
2024,05,FIN.5.6.7.6_1,0.3992994746059545,0.8390852161729463
2024,05,FIN.5.6.7.7_1,0.39579684763572687,0.8364783320564855
2024,05,FIN.5.6.7.8_1,0.3800350262697023,0.8244052401580184
2024,05,FIN.5.7.1.1_1,0.38178633975481613,0.8257747876994065
2024,05,FIN.5.7.1.2_1,0.35726795096322245,0.8059379628730737
2024,05,FIN.5.7.1.3_1,0.37127845884413313,0.817449692641694
2024,05,FIN.5.7.1.4_1,0.3537653239929948,0.8029844332239573
2024,05,FIN.5.7.1.5_1,0.3800350262697023,0.8244052401580184
2024,05,FIN.5.7.1.6_1,0.37828371278458844,0.8230285535751478
2024,05,FIN.5.7.1.7_1,0.37653239929947463,0.8216446920658589
2024,05,FIN.5.7.1.8_1,0.34851138353765326,0.7984960864024319
2024,05,FIN.5.7.2.1_1,0.3887915936952715,0.8311822904754408
2024,05,FIN.5.7.2.2_1,0.3992994746059545,0.8390852161729463
2024,05,FIN.5.7.2.3_1,0.4535901926444834,0.8761712161444246
2024,05,FIN.5.7.2.4_1,0.42732049036777586,0.8589854480723175
2024,05,FIN.5.7.2.5_1,0.42732049036777586,0.8589854480723175
2024,05,FIN.5.7.2.6_1,0.3992994746059545,0.8390852161729463
2024,05,FIN.5.7.2.7_1,0.38178633975481613,0.8257747876994065
2024,05,FIN.5.7.2.8_1,0.35901926444833626,0.807403244977378
2024,05,FIN.5.7.3.1_1,0.37302977232924694,0.8188552985723424
2024,05,FIN.5.7.3.2_1,0.44483362521891423,0.8705951987002916
2024,05,FIN.5.7.3.3_1,0.38353765323993,0.8271372316611071
2024,05,FIN.5.7.3.4_1,0.39579684763572687,0.8364783320564855
2024,05,FIN.5.7.3.5_1,0.4203152364273205,0.8541662601625049
2024,05,FIN.5.7.3.6_1,0.4623467600700526,0.8815985480931783
2024,05,FIN.5.7.4.1_1,0.3887915936952715,0.8311822904754408
2024,05,FIN.5.7.4.2_1,0.3747810858143608,0.820253619315392
2024,05,FIN.5.7.4.3_1,0.38704028021015763,0.8298409486160585
2024,05,FIN.5.7.4.4_1,0.37653239929947463,0.8216446920658589
2024,05,FIN.5.7.4.5_1,0.36427320490367776,0.8117536572138127
2024,05,FIN.5.8.1.1_1,0.3852889667250438,0.8284926070883192
2024,05,FIN.5.8.2.1_1,0.3800350262697023,0.8244052401580184
2024,05,FIN.5.8.2.2_1,0.3747810858143608,0.820253619315392
2024,05,FIN.5.8.3.1_1,0.3852889667250438,0.8284926070883192
2024,05,FIN.5.8.3.2_1,0.38353765323993,0.8271372316611071
2024,05,FIN.5.8.3.5_1,0.36952714535901926,0.8160367638777066
2024,05,FIN.5.8.4.4_1,0.3887915936952715,0.8311822904754408
2024,05,FIN.5.8.5.1_1,0.39579684763572687,0.8364783320564855
2024,05,FIN.5.8.5.2_1,0.36252189141856395,0.8103110513870584
2024,05,FIN.5.8.5.3_1,0.3922942206654992,0.8338441101309045
2024,05,FIN.5.8.5.4_1,0.3922942206654992,0.8338441101309045
2024,05,FIN.5.8.5.5_1,0.43607705779334505,0.8648676199280442
2024,05,FIN.5.8.6.1_1,0.3887915936952715,0.8311822904754408
2024,05,FIN.5.8.6.3_1,0.38178633975481613,0.8257747876994065
2024,05,FIN.5.9.1.1_1,0.40455341506129605,0.8429448380528823
2024,05,FIN.5.9.1.2_1,0.35026269702276713,0.7999999999999999
2024,05,FIN.5.9.1.3_1,0.36427320490367776,0.8117536572138127
2024,05,FIN.5.9.1.4_1,0.394045534150613,0.8351646544245033
2024,05,FIN.5.9.1.5_1,0.34500875656742563,0.7954646440917409
2024,05,FIN.5.9.2.1_1,0.4238178633975482,0.8565885826929985
2024,05,FIN.5.9.2.2_1,0.415061295971979,0.8504845677612263
2024,05,FIN.5.9.2.3_1,0.40630472854640987,0.8442179813294668
2024,05,FIN.5.9.2.4_1,0.3852889667250438,0.8284926070883192
2024,05,FIN.5.9.2.5_1,0.4168126094570928,0.8517182632772413
2024,05,FIN.5.9.2.6_1,0.3852889667250438,0.8284926070883192
2024,05,FIN.5.9.2.7_1,0.36252189141856395,0.8103110513870584
2024,05,FIN.5.9.2.8_1,0.36427320490367776,0.8117536572138127
2024,05,FIN.5.9.3.1_1,0.37828371278458844,0.8230285535751478
2024,05,FIN.5.9.4.1_1,0.3607705779334501,0.8088609274776474
2024,05,FIN.5.9.4.2_1,0.3800350262697023,0.8244052401580184
2024,05,FIN.5.9.4.3_1,0.36427320490367776,0.8117536572138127
2024,05,FRA.1.1.1.1_1,0.6637478108581437,0.970276249322841
2024,05,FRA.1.1.1.2_1,0.6514886164623468,0.9666767815562759
2024,05,FRA.1.1.1.3_1,0.63922942206655,0.9628603221651623
2024,05,FRA.1.1.1.4_1,0.5796847635726796,0.9411461098044235
2024,05,FRA.1.1.1.5_1,0.6549912434325745,0.9677272342969376
2024,05,FRA.1.1.1.6_1,0.6514886164623468,0.9666767815562759
2024,05,FRA.1.1.1.7_1,0.6865148861646235,0.9763933633531108
2024,05,FRA.1.1.1.8_1,0.63922942206655,0.9628603221651623
2024,05,FRA.1.1.1.9_1,0.6374781085814362,0.962297251372984
2024,05,FRA.1.1.2.1_1,0.6742556917688267,0.9731906288081488
2024,05,FRA.1.1.2.10_1,0.6672504378283713,0.9712651543219287
2024,05,FRA.1.1.2.11_1,0.6690017513134852,0.9717530550505102
2024,05,FRA.1.1.2.12_1,0.6514886164623468,0.9666767815562759
2024,05,FRA.1.1.2.13_1,0.6042031523642732,0.9507365565707464
2024,05,FRA.1.1.2.14_1,0.6479859894921192,0.9656086163658648
2024,05,FRA.1.1.2.15_1,0.6970227670753065,0.9789708882290628
2024,05,FRA.1.1.2.16_1,0.6409807355516638,0.9634189120003821
2024,05,FRA.1.1.2.17_1,0.7005253940455343,0.9797958971132712
2024,05,FRA.1.1.2.18_1,0.670753064798599,0.9722365967191319
2024,05,FRA.1.1.2.19_1,0.649737302977233,0.9661449166662318
2024,05,FRA.1.1.2.2_1,0.6672504378283713,0.9712651543219287
2024,05,FRA.1.1.2.20_1,0.6830122591943959,0.9754998718605759
2024,05,FRA.1.1.2.21_1,0.6549912434325745,0.9677272342969376
2024,05,FRA.1.1.2.22_1,0.6444833625218914,0.9645226798784983
2024,05,FRA.1.1.2.3_1,0.6830122591943959,0.9754998718605759
2024,05,FRA.1.1.2.4_1,0.6882661996497373,0.976833660353696
2024,05,FRA.1.1.2.5_1,0.6567425569176883,0.9682458365518543
2024,05,FRA.1.1.2.6_1,0.6567425569176883,0.9682458365518543
2024,05,FRA.1.1.2.7_1,0.6339754816112084,0.9611576353543679
2024,05,FRA.1.1.2.8_1,0.6479859894921192,0.9656086163658648
2024,05,FRA.1.1.2.9_1,0.628721541155867,0.9594144047282176
2024,05,FRA.1.1.3.1_1,0.6322241681260946,0.9605810741421048
2024,05,FRA.1.1.3.2_1,0.6567425569176883,0.9682458365518543
2024,05,FRA.1.1.3.3_1,0.6462346760070053,0.965067873260736
2024,05,FRA.1.1.4.1_1,0.6409807355516638,0.9634189120003821
2024,05,FRA.1.1.4.2_1,0.6514886164623468,0.9666767815562759
2024,05,FRA.1.1.4.3_1,0.6199649737302978,0.9564183185196736
2024,05,FRA.1.1.4.4_1,0.6147110332749562,0.954565869911553
2024,05,FRA.1.1.4.5_1,0.6917688266199651,0.9777013859047148
2024,05,FRA.1.1.4.6_1,0.6234676007005254,0.9576304088739037
2024,05,FRA.1.1.4.7_1,0.6795096322241682,0.9745891442038537
2024,05,FRA.1.1.4.8_1,0.6637478108581437,0.970276249322841
2024,05,FRA.1.10.1.1_1,0.6427320490367776,0.9639730286683336
2024,05,FRA.1.10.1.2_1,0.6584938704028022,0.9687600322061186
2024,05,FRA.1.10.1.3_1,0.6059544658493871,0.9513863568498342
2024,05,FRA.1.10.1.4_1,0.6532399299474606,0.9672042183530839
2024,05,FRA.1.10.1.5_1,0.5919439579684764,0.946057080730333
2024,05,FRA.1.10.1.6_1,0.6409807355516638,0.9634189120003821
2024,05,FRA.1.10.1.7_1,0.6532399299474606,0.9672042183530839
2024,05,FRA.1.10.1.8_1,0.6532399299474606,0.9672042183530839
2024,05,FRA.1.10.2.1_1,0.6077057793345009,0.9520315120835025
2024,05,FRA.1.10.2.10_1,0.6795096322241682,0.9745891442038537
2024,05,FRA.1.10.2.11_1,0.670753064798599,0.9722365967191319
2024,05,FRA.1.10.2.12_1,0.5936952714535902,0.9467396685467447
2024,05,FRA.1.10.2.13_1,0.6637478108581437,0.970276249322841
2024,05,FRA.1.10.2.14_1,0.6742556917688267,0.9731906288081488
2024,05,FRA.1.10.2.15_1,0.670753064798599,0.9722365967191319
2024,05,FRA.1.10.2.16_1,0.6339754816112084,0.9611576353543679
2024,05,FRA.1.10.2.17_1,0.6479859894921192,0.9656086163658648
2024,05,FRA.1.10.2.2_1,0.6042031523642732,0.9507365565707464
2024,05,FRA.1.10.2.3_1,0.660245183887916,0.9692698282728087
2024,05,FRA.1.10.2.4_1,0.6567425569176883,0.9682458365518543
2024,05,FRA.1.10.2.5_1,0.6584938704028022,0.9687600322061186
2024,05,FRA.1.10.2.6_1,0.6112084063047285,0.9533079250693346
2024,05,FRA.1.10.2.7_1,0.6339754816112084,0.9611576353543679
2024,05,FRA.1.10.2.8_1,0.6882661996497373,0.976833660353696
2024,05,FRA.1.10.2.9_1,0.6760070052539405,0.9736611320166786
2024,05,FRA.1.10.3.1_1,0.62697022767075306,0.9588242800430119
2024,05,FRA.1.10.3.2_1,0.6042031523642732,0.9507365565707464
2024,05,FRA.1.10.3.3_1,0.6952714535901927,0.97855199146494
2024,05,FRA.1.10.3.4_1,0.63922942206655,0.9628603221651623
2024,05,FRA.1.10.3.5_1,0.6409807355516638,0.9634189120003821
2024,05,FRA.1.10.3.6_1,0.6619964973730298,0.9697752316903129
2024,05,FRA.1.10.3.7_1,0.712784588441331,0.9825497442877892
2024,05,FRA.1.10.3.8_1,0.6199649737302978,0.9564183185196736
2024,05,FRA.1.10.3.9_1,0.6462346760070053,0.965067873260736
2024,05,FRA.1.10.4.1_1,0.6514886164623468,0.9666767815562759
2024,05,FRA.1.10.4.10_1,0.6252189141856392,0.9582296175760798
2024,05,FRA.1.10.4.11_1,0.5831873905429072,0.9425730740902798
2024,05,FRA.1.10.4.12_1,0.6514886164623468,0.9666767815562759
2024,05,FRA.1.10.4.13_1,0.660245183887916,0.9692698282728087
2024,05,FRA.1.10.4.14_1,0.6549912434325745,0.9677272342969376
2024,05,FRA.1.10.4.2_1,0.7040280210157619,0.9806038955664005
2024,05,FRA.1.10.4.3_1,0.6339754816112084,0.9611576353543679
2024,05,FRA.1.10.4.4_1,0.6059544658493871,0.9513863568498342
2024,05,FRA.1.10.4.5_1,0.6252189141856392,0.9582296175760798
2024,05,FRA.1.10.4.6_1,0.6479859894921192,0.9656086163658648
2024,05,FRA.1.10.4.7_1,0.6427320490367776,0.9639730286683336
2024,05,FRA.1.10.4.8_1,0.7040280210157619,0.9806038955664005
2024,05,FRA.1.10.4.9_1,0.6514886164623468,0.9666767815562759
2024,05,FRA.1.10.5.1_1,0.6865148861646235,0.9763933633531108
2024,05,FRA.1.10.5.2_1,0.6514886164623468,0.9666767815562759
2024,05,FRA.1.10.5.3_1,0.6847635726795097,0.9759487691472335
2024,05,FRA.1.10.5.4_1,0.6672504378283713,0.9712651543219287
2024,05,FRA.1.10.5.5_1,0.6742556917688267,0.9731906288081488
2024,05,FRA.1.10.5.6_1,0.6584938704028022,0.9687600322061186
2024,05,FRA.1.11.1.1_1,0.6637478108581437,0.970276249322841
2024,05,FRA.1.11.1.10_1,0.6900175131348513,0.9772696659571503
2024,05,FRA.1.11.1.11_1,0.7040280210157619,0.9806038955664005
2024,05,FRA.1.11.1.12_1,0.6024518388791593,0.9500821017154254
2024,05,FRA.1.11.1.13_1,0.6812609457092821,0.975046665549911
2024,05,FRA.1.11.1.14_1,0.6532399299474606,0.9672042183530839
2024,05,FRA.1.11.1.15_1,0.6444833625218914,0.9645226798784983
2024,05,FRA.1.11.1.16_1,0.6444833625218914,0.9645226798784983
2024,05,FRA.1.11.1.17_1,0.7022767075306481,0.9802020199938377
2024,05,FRA.1.11.1.18_1,0.6567425569176883,0.9682458365518543
2024,05,FRA.1.11.1.19_1,0.6427320490367776,0.9639730286683336
2024,05,FRA.1.11.1.2_1,0.6637478108581437,0.970276249322841
2024,05,FRA.1.11.1.20_1,0.649737302977233,0.9661449166662318
2024,05,FRA.1.11.1.21_1,0.6654991243432575,0.9707728879609279
2024,05,FRA.1.11.1.22_1,0.6322241681260946,0.9605810741421048
2024,05,FRA.1.11.1.23_1,0.6812609457092821,0.975046665549911
2024,05,FRA.1.11.1.24_1,0.6672504378283713,0.9712651543219287
2024,05,FRA.1.11.1.25_1,0.7338003502626971,0.986790757962396
2024,05,FRA.1.11.1.26_1,0.6199649737302978,0.9564183185196736
2024,05,FRA.1.11.1.27_1,0.6970227670753065,0.9789708882290628
2024,05,FRA.1.11.1.28_1,0.6514886164623468,0.9666767815562759
2024,05,FRA.1.11.1.29_1,0.6182136602451839,0.9558054195284729
2024,05,FRA.1.11.1.3_1,0.660245183887916,0.9692698282728087
2024,05,FRA.1.11.1.30_1,0.6830122591943959,0.9754998718605759
2024,05,FRA.1.11.1.31_1,0.7215411558669002,0.9843901665498289
2024,05,FRA.1.11.1.32_1,0.6742556917688267,0.9731906288081488
2024,05,FRA.1.11.1.33_1,0.6900175131348513,0.9772696659571503
2024,05,FRA.1.11.1.34_1,0.6830122591943959,0.9754998718605759
2024,05,FRA.1.11.1.35_1,0.6637478108581437,0.970276249322841
2024,05,FRA.1.11.1.4_1,0.6619964973730298,0.9697752316903129
2024,05,FRA.1.11.1.5_1,0.6444833625218914,0.9645226798784983
2024,05,FRA.1.11.1.6_1,0.670753064798599,0.9722365967191319
2024,05,FRA.1.11.1.7_1,0.712784588441331,0.9825497442877892
2024,05,FRA.1.11.1.8_1,0.6725043782837129,0.9727157858285225
2024,05,FRA.1.11.1.9_1,0.6865148861646235,0.9763933633531108
2024,05,FRA.1.11.2.1_1,0.6847635726795097,0.9759487691472335
2024,05,FRA.1.11.2.10_1,0.7022767075306481,0.9802020199938377
2024,05,FRA.1.11.2.11_1,0.6900175131348513,0.9772696659571503
2024,05,FRA.1.11.2.2_1,0.6917688266199651,0.9777013859047148
2024,05,FRA.1.11.2.3_1,0.6830122591943959,0.9754998718605759
2024,05,FRA.1.11.2.4_1,0.6409807355516638,0.9634189120003821
2024,05,FRA.1.11.2.5_1,0.6970227670753065,0.9789708882290628
2024,05,FRA.1.11.2.6_1,0.6462346760070053,0.965067873260736
2024,05,FRA.1.11.2.7_1,0.6427320490367776,0.9639730286683336
2024,05,FRA.1.11.2.8_1,0.6672504378283713,0.9712651543219287
2024,05,FRA.1.11.2.9_1,0.6444833625218914,0.9645226798784983
2024,05,FRA.1.12.1.1_1,0.6147110332749562,0.954565869911553
2024,05,FRA.1.12.1.10_1,0.5849387040280211,0.9432793859721519
2024,05,FRA.1.12.1.2_1,0.6462346760070053,0.965067873260736
2024,05,FRA.1.12.1.3_1,0.6182136602451839,0.9558054195284729
2024,05,FRA.1.12.1.4_1,0.6112084063047285,0.9533079250693346
2024,05,FRA.1.12.1.5_1,0.5954465849387042,0.9474175425861608
2024,05,FRA.1.12.1.6_1,0.5253940455341506,0.916515138991168
2024,05,FRA.1.12.1.7_1,0.5446584938704029,0.9258055951440345
2024,05,FRA.1.12.1.8_1,0.586690017513135,0.9439809320108113
2024,05,FRA.1.12.1.9_1,0.6024518388791593,0.9500821017154254
2024,05,FRA.1.12.2.1_1,0.6042031523642732,0.9507365565707464
2024,05,FRA.1.12.2.10_1,0.649737302977233,0.9661449166662318
2024,05,FRA.1.12.2.11_1,0.6094570928196147,0.9526720317087093
2024,05,FRA.1.12.2.12_1,0.6549912434325745,0.9677272342969376
2024,05,FRA.1.12.2.13_1,0.6427320490367776,0.9639730286683336
2024,05,FRA.1.12.2.14_1,0.6479859894921192,0.9656086163658648
2024,05,FRA.1.12.2.15_1,0.6217162872154116,0.9570266453970862
2024,05,FRA.1.12.2.16_1,0.6830122591943959,0.9754998718605759
2024,05,FRA.1.12.2.17_1,0.6094570928196147,0.9526720317087093
2024,05,FRA.1.12.2.18_1,0.6304728546409808,0.96
2024,05,FRA.1.12.2.19_1,0.5884413309982488,0.9446777228240327
2024,05,FRA.1.12.2.2_1,0.6147110332749562,0.954565869911553
2024,05,FRA.1.12.2.20_1,0.6917688266199651,0.9777013859047148
2024,05,FRA.1.12.2.3_1,0.6462346760070053,0.965067873260736
2024,05,FRA.1.12.2.4_1,0.6654991243432575,0.9707728879609279
2024,05,FRA.1.12.2.5_1,0.6094570928196147,0.9526720317087093
2024,05,FRA.1.12.2.6_1,0.5954465849387042,0.9474175425861608
2024,05,FRA.1.12.2.7_1,0.5709281961471104,0.9374945333173949
2024,05,FRA.1.12.2.8_1,0.6339754816112084,0.9611576353543679
2024,05,FRA.1.12.2.9_1,0.628721541155867,0.9594144047282176
2024,05,FRA.1.12.3.1_1,0.5271453590192645,0.9173854151881858
2024,05,FRA.1.12.3.2_1,0.5201401050788091,0.9138730765264944
2024,05,FRA.1.12.3.3_1,0.5183887915936953,0.9129819275319747
2024,05,FRA.1.12.3.4_1,0.51138353765324,0.909364613342745
2024,05,FRA.1.12.3.5_1,0.5779334500875658,0.9404254356406998
2024,05,FRA.1.12.3.6_1,0.500875656742557,0.9037787339830473
2024,05,FRA.1.2.1.1_1,0.7075306479859896,0.9813949256033475
2024,05,FRA.1.2.1.10_1,0.6584938704028022,0.9687600322061186
2024,05,FRA.1.2.1.11_1,0.7250437828371279,0.9850969495435462
2024,05,FRA.1.2.1.12_1,0.7197898423817863,0.9840304873325826
2024,05,FRA.1.2.1.13_1,0.6830122591943959,0.9754998718605759
2024,05,FRA.1.2.1.2_1,0.6812609457092821,0.975046665549911
2024,05,FRA.1.2.1.3_1,0.6900175131348513,0.9772696659571503
2024,05,FRA.1.2.1.4_1,0.7022767075306481,0.9802020199938377
2024,05,FRA.1.2.1.5_1,0.7092819614711035,0.9817840903172144
2024,05,FRA.1.2.1.6_1,0.6654991243432575,0.9707728879609279
2024,05,FRA.1.2.1.7_1,0.6777583187390543,0.9741273017424364
2024,05,FRA.1.2.1.8_1,0.6514886164623468,0.9666767815562759
2024,05,FRA.1.2.1.9_1,0.6654991243432575,0.9707728879609279
2024,05,FRA.1.2.2.1_1,0.7092819614711035,0.9817840903172144
2024,05,FRA.1.2.2.10_1,0.6952714535901927,0.97855199146494
2024,05,FRA.1.2.2.11_1,0.6584938704028022,0.9687600322061186
2024,05,FRA.1.2.2.12_1,0.7057793345008757,0.9810015290507961
2024,05,FRA.1.2.2.13_1,0.6987740805604205,0.9793855216409929
2024,05,FRA.1.2.2.2_1,0.6584938704028022,0.9687600322061186
2024,05,FRA.1.2.2.3_1,0.6514886164623468,0.9666767815562759
2024,05,FRA.1.2.2.4_1,0.6987740805604205,0.9793855216409929
2024,05,FRA.1.2.2.5_1,0.6865148861646235,0.9763933633531108
2024,05,FRA.1.2.2.6_1,0.6654991243432575,0.9707728879609279
2024,05,FRA.1.2.2.7_1,0.6900175131348513,0.9772696659571503
2024,05,FRA.1.2.2.8_1,0.6654991243432575,0.9707728879609279
2024,05,FRA.1.2.2.9_1,0.6725043782837129,0.9727157858285225
2024,05,FRA.1.2.3.1_1,0.6479859894921192,0.9656086163658648
2024,05,FRA.1.2.3.10_1,0.7267950963222417,0.9854440623394105
2024,05,FRA.1.2.3.11_1,0.7145359019264449,0.9829262434180909
2024,05,FRA.1.2.3.2_1,0.6444833625218914,0.9645226798784983
2024,05,FRA.1.2.3.3_1,0.6672504378283713,0.9712651543219287
2024,05,FRA.1.2.3.4_1,0.7005253940455343,0.9797958971132712
2024,05,FRA.1.2.3.5_1,0.6567425569176883,0.9682458365518543
2024,05,FRA.1.2.3.6_1,0.6900175131348513,0.9772696659571503
2024,05,FRA.1.2.3.7_1,0.6339754816112084,0.9611576353543679
2024,05,FRA.1.2.3.8_1,0.6637478108581437,0.970276249322841
2024,05,FRA.1.2.3.9_1,0.649737302977233,0.9661449166662318
2024,05,FRA.1.3.1.1_1,0.6112084063047285,0.9533079250693346
2024,05,FRA.1.3.1.10_1,0.62697022767075306,0.9588242800430119
2024,05,FRA.1.3.1.11_1,0.6339754816112084,0.9611576353543679
2024,05,FRA.1.3.1.12_1,0.6007005253940456,0.9494229826584145
2024,05,FRA.1.3.1.13_1,0.6672504378283713,0.9712651543219287
2024,05,FRA.1.3.1.14_1,0.6304728546409808,0.96
2024,05,FRA.1.3.1.2_1,0.6199649737302978,0.9564183185196736
2024,05,FRA.1.3.1.3_1,0.628721541155867,0.9594144047282176
2024,05,FRA.1.3.1.4_1,0.660245183887916,0.9692698282728087
2024,05,FRA.1.3.1.5_1,0.6479859894921192,0.9656086163658648
2024,05,FRA.1.3.1.6_1,0.5814360770577934,0.9418619856433319
2024,05,FRA.1.3.1.7_1,0.63922942206655,0.9628603221651623
2024,05,FRA.1.3.1.8_1,0.649737302977233,0.9661449166662318
2024,05,FRA.1.3.1.9_1,0.6322241681260946,0.9605810741421048
2024,05,FRA.1.3.2.1_1,0.597197898423818,0.9480907129594721
2024,05,FRA.1.3.2.2_1,0.6252189141856392,0.9582296175760798
2024,05,FRA.1.3.2.3_1,0.6549912434325745,0.9677272342969376
2024,05,FRA.1.3.2.4_1,0.649737302977233,0.9661449166662318
2024,05,FRA.1.3.2.5_1,0.649737302977233,0.9661449166662318
2024,05,FRA.1.3.2.6_1,0.6217162872154116,0.9570266453970862
2024,05,FRA.1.3.2.7_1,0.5814360770577934,0.9418619856433319
2024,05,FRA.1.3.3.1_1,0.6532399299474606,0.9672042183530839
2024,05,FRA.1.3.3.10_1,0.6935201401050789,0.9781288258711119
2024,05,FRA.1.3.3.11_1,0.649737302977233,0.9661449166662318
2024,05,FRA.1.3.3.12_1,0.6322241681260946,0.9605810741421048
2024,05,FRA.1.3.3.13_1,0.6059544658493871,0.9513863568498342
2024,05,FRA.1.3.3.2_1,0.660245183887916,0.9692698282728087
2024,05,FRA.1.3.3.3_1,0.6462346760070053,0.965067873260736
2024,05,FRA.1.3.3.4_1,0.6725043782837129,0.9727157858285225
2024,05,FRA.1.3.3.5_1,0.6462346760070053,0.965067873260736
2024,05,FRA.1.3.3.6_1,0.6882661996497373,0.976833660353696
2024,05,FRA.1.3.3.7_1,0.6479859894921192,0.9656086163658648
2024,05,FRA.1.3.3.8_1,0.6427320490367776,0.9639730286683336
2024,05,FRA.1.3.3.9_1,0.660245183887916,0.9692698282728087
2024,05,FRA.1.4.1.1_1,0.7092819614711035,0.9817840903172144
2024,05,FRA.1.4.1.10_1,0.7040280210157619,0.9806038955664005
2024,05,FRA.1.4.1.11_1,0.6690017513134852,0.9717530550505102
2024,05,FRA.1.4.1.2_1,0.6339754816112084,0.9611576353543679
2024,05,FRA.1.4.1.3_1,0.712784588441331,0.9825497442877892
2024,05,FRA.1.4.1.4_1,0.6532399299474606,0.9672042183530839
2024,05,FRA.1.4.1.5_1,0.7075306479859896,0.9813949256033475
2024,05,FRA.1.4.1.6_1,0.6742556917688267,0.9731906288081488
2024,05,FRA.1.4.1.7_1,0.7022767075306481,0.9802020199938377
2024,05,FRA.1.4.1.8_1,0.6567425569176883,0.9682458365518543
2024,05,FRA.1.4.1.9_1,0.7057793345008757,0.9810015290507961
2024,05,FRA.1.4.2.1_1,0.6549912434325745,0.9677272342969376
2024,05,FRA.1.4.2.2_1,0.6654991243432575,0.9707728879609279
2024,05,FRA.1.4.2.3_1,0.7285464098073555,0.9857869952479592
2024,05,FRA.1.4.2.4_1,0.7022767075306481,0.9802020199938377
2024,05,FRA.1.4.2.5_1,0.6760070052539405,0.9736611320166786
2024,05,FRA.1.4.2.6_1,0.6532399299474606,0.9672042183530839
2024,05,FRA.1.4.3.1_1,0.6322241681260946,0.9605810741421048
2024,05,FRA.1.4.3.10_1,0.6549912434325745,0.9677272342969376
2024,05,FRA.1.4.3.2_1,0.6252189141856392,0.9582296175760798
2024,05,FRA.1.4.3.3_1,0.6742556917688267,0.9731906288081488
2024,05,FRA.1.4.3.4_1,0.6830122591943959,0.9754998718605759
2024,05,FRA.1.4.3.5_1,0.6129597197898424,0.9539392014169457
2024,05,FRA.1.4.3.6_1,0.6532399299474606,0.9672042183530839
2024,05,FRA.1.4.3.7_1,0.6182136602451839,0.9558054195284729
2024,05,FRA.1.4.3.8_1,0.6479859894921192,0.9656086163658648
2024,05,FRA.1.4.3.9_1,0.6532399299474606,0.9672042183530839
2024,05,FRA.1.5.1.1_1,0.5691768826619966,0.9367496997597597
2024,05,FRA.1.5.1.10_1,0.6322241681260946,0.9605810741421048
2024,05,FRA.1.5.1.2_1,0.5936952714535902,0.9467396685467447
2024,05,FRA.1.5.1.3_1,0.6725043782837129,0.9727157858285225
2024,05,FRA.1.5.1.4_1,0.63922942206655,0.9628603221651623
2024,05,FRA.1.5.1.5_1,0.63922942206655,0.9628603221651623
2024,05,FRA.1.5.1.6_1,0.6164623467600701,0.955187939622355
2024,05,FRA.1.5.1.7_1,0.5796847635726796,0.9411461098044235
2024,05,FRA.1.5.1.8_1,0.6217162872154116,0.9570266453970862
2024,05,FRA.1.5.1.9_1,0.6252189141856392,0.9582296175760798
2024,05,FRA.1.5.2.1_1,0.6094570928196147,0.9526720317087093
2024,05,FRA.1.5.2.10_1,0.6112084063047285,0.9533079250693346
2024,05,FRA.1.5.2.11_1,0.5884413309982488,0.9446777228240327
2024,05,FRA.1.5.2.12_1,0.5779334500875658,0.9404254356406998
2024,05,FRA.1.5.2.2_1,0.6059544658493871,0.9513863568498342
2024,05,FRA.1.5.2.3_1,0.6252189141856392,0.9582296175760798
2024,05,FRA.1.5.2.4_1,0.5901926444833626,0.9453697689264238
2024,05,FRA.1.5.2.5_1,0.6007005253940456,0.9494229826584145
2024,05,FRA.1.5.2.6_1,0.6199649737302978,0.9564183185196736
2024,05,FRA.1.5.2.7_1,0.62697022767075306,0.9588242800430119
2024,05,FRA.1.5.2.8_1,0.6147110332749562,0.954565869911553
2024,05,FRA.1.5.2.9_1,0.6024518388791593,0.9500821017154254
2024,05,FRA.1.5.3.1_1,0.6970227670753065,0.9789708882290628
2024,05,FRA.1.5.3.10_1,0.649737302977233,0.9661449166662318
2024,05,FRA.1.5.3.11_1,0.6252189141856392,0.9582296175760798
2024,05,FRA.1.5.3.12_1,0.6812609457092821,0.975046665549911
2024,05,FRA.1.5.3.13_1,0.6532399299474606,0.9672042183530839
2024,05,FRA.1.5.3.14_1,0.6619964973730298,0.9697752316903129
2024,05,FRA.1.5.3.2_1,0.6357267950963222,0.9617296917533533
2024,05,FRA.1.5.3.3_1,0.6637478108581437,0.970276249322841
2024,05,FRA.1.5.3.4_1,0.6725043782837129,0.9727157858285225
2024,05,FRA.1.5.3.5_1,0.670753064798599,0.9722365967191319
2024,05,FRA.1.5.3.6_1,0.5936952714535902,0.9467396685467447
2024,05,FRA.1.5.3.7_1,0.6654991243432575,0.9707728879609279
2024,05,FRA.1.5.3.8_1,0.6917688266199651,0.9777013859047148
2024,05,FRA.1.5.3.9_1,0.6830122591943959,0.9754998718605759
2024,05,FRA.1.6.1.1_1,0.6164623467600701,0.955187939622355
2024,05,FRA.1.6.1.10_1,0.5849387040280211,0.9432793859721519
2024,05,FRA.1.6.1.11_1,0.660245183887916,0.9692698282728087
2024,05,FRA.1.6.1.2_1,0.6409807355516638,0.9634189120003821
2024,05,FRA.1.6.1.3_1,0.6935201401050789,0.9781288258711119
2024,05,FRA.1.6.1.4_1,0.6830122591943959,0.9754998718605759
2024,05,FRA.1.6.1.5_1,0.6830122591943959,0.9754998718605759
2024,05,FRA.1.6.1.6_1,0.63922942206655,0.9628603221651623
2024,05,FRA.1.6.1.7_1,0.5761821366024519,0.939699952112375
2024,05,FRA.1.6.1.8_1,0.6077057793345009,0.9520315120835025
2024,05,FRA.1.6.1.9_1,0.6374781085814362,0.962297251372984
2024,05,FRA.1.6.2.1_1,0.6374781085814362,0.962297251372984
2024,05,FRA.1.6.2.10_1,0.6987740805604205,0.9793855216409929
2024,05,FRA.1.6.2.11_1,0.670753064798599,0.9722365967191319
2024,05,FRA.1.6.2.12_1,0.6619964973730298,0.9697752316903129
2024,05,FRA.1.6.2.13_1,0.6532399299474606,0.9672042183530839
2024,05,FRA.1.6.2.14_1,0.6357267950963222,0.9617296917533533
2024,05,FRA.1.6.2.15_1,0.6654991243432575,0.9707728879609279
2024,05,FRA.1.6.2.16_1,0.660245183887916,0.9692698282728087
2024,05,FRA.1.6.2.17_1,0.6812609457092821,0.975046665549911
2024,05,FRA.1.6.2.18_1,0.6129597197898424,0.9539392014169457
2024,05,FRA.1.6.2.2_1,0.6567425569176883,0.9682458365518543
2024,05,FRA.1.6.2.3_1,0.63922942206655,0.9628603221651623
2024,05,FRA.1.6.2.4_1,0.6970227670753065,0.9789708882290628
2024,05,FRA.1.6.2.5_1,0.6217162872154116,0.9570266453970862
2024,05,FRA.1.6.2.6_1,0.649737302977233,0.9661449166662318
2024,05,FRA.1.6.2.7_1,0.6725043782837129,0.9727157858285225
2024,05,FRA.1.6.2.8_1,0.6164623467600701,0.955187939622355
2024,05,FRA.1.6.2.9_1,0.6742556917688267,0.9731906288081488
2024,05,FRA.1.6.3.1_1,0.7092819614711035,0.9817840903172144
2024,05,FRA.1.6.3.2_1,0.7197898423817863,0.9840304873325826
2024,05,FRA.1.6.3.3_1,0.6830122591943959,0.9754998718605759
2024,05,FRA.1.6.3.4_1,0.6199649737302978,0.9564183185196736
2024,05,FRA.1.6.3.5_1,0.6777583187390543,0.9741273017424364
2024,05,FRA.1.6.3.6_1,0.6812609457092821,0.975046665549911
2024,05,FRA.1.6.3.7_1,0.6970227670753065,0.9789708882290628
2024,05,FRA.1.6.3.8_1,0.6479859894921192,0.9656086163658648
2024,05,FRA.1.6.3.9_1,0.6584938704028022,0.9687600322061186
2024,05,FRA.1.7.1.1_1,0.6374781085814362,0.962297251372984
2024,05,FRA.1.7.1.2_1,0.5831873905429072,0.9425730740902798
2024,05,FRA.1.7.1.3_1,0.6672504378283713,0.9712651543219287
2024,05,FRA.1.7.1.4_1,0.6234676007005254,0.9576304088739037
2024,05,FRA.1.7.1.5_1,0.6094570928196147,0.9526720317087093
2024,05,FRA.1.7.1.6_1,0.6234676007005254,0.9576304088739037
2024,05,FRA.1.7.1.7_1,0.6409807355516638,0.9634189120003821
2024,05,FRA.1.7.1.8_1,0.5744308231173381,0.9389696480717574
2024,05,FRA.1.7.1.9_1,0.6112084063047285,0.9533079250693346
2024,05,FRA.1.7.2.1_1,0.6690017513134852,0.9717530550505102
2024,05,FRA.1.7.2.10_1,0.6077057793345009,0.9520315120835025
2024,05,FRA.1.7.2.2_1,0.5464098073555167,0.9266196630764966
2024,05,FRA.1.7.2.3_1,0.6217162872154116,0.9570266453970862
2024,05,FRA.1.7.2.4_1,0.6760070052539405,0.9736611320166786
2024,05,FRA.1.7.2.5_1,0.5446584938704029,0.9258055951440345
2024,05,FRA.1.7.2.6_1,0.6409807355516638,0.9634189120003821
2024,05,FRA.1.7.2.7_1,0.6252189141856392,0.9582296175760798
2024,05,FRA.1.7.2.8_1,0.5744308231173381,0.9389696480717574
2024,05,FRA.1.7.2.9_1,0.6952714535901927,0.97855199146494
2024,05,FRA.1.7.3.1_1,0.6987740805604205,0.9793855216409929
2024,05,FRA.1.7.4.1_1,0.6094570928196147,0.9526720317087093
2024,05,FRA.1.7.4.2_1,0.6637478108581437,0.970276249322841
2024,05,FRA.1.7.4.3_1,0.7040280210157619,0.9806038955664005
2024,05,FRA.1.7.4.4_1,0.6777583187390543,0.9741273017424364
2024,05,FRA.1.7.4.5_1,0.6479859894921192,0.9656086163658648
2024,05,FRA.1.7.4.6_1,0.660245183887916,0.9692698282728087
2024,05,FRA.1.7.4.7_1,0.6409807355516638,0.9634189120003821
2024,05,FRA.1.7.4.8_1,0.6164623467600701,0.955187939622355
2024,05,FRA.1.7.5.1_1,0.5586690017513135,0.9321780945720619
2024,05,FRA.1.7.5.2_1,0.628721541155867,0.9594144047282176
2024,05,FRA.1.7.5.3_1,0.6865148861646235,0.9763933633531108
2024,05,FRA.1.7.5.4_1,0.6234676007005254,0.9576304088739037
2024,05,FRA.1.7.5.5_1,0.5919439579684764,0.946057080730333
2024,05,FRA.1.7.5.6_1,0.5726795096322242,0.9382345122622595
2024,05,FRA.1.7.5.7_1,0.6742556917688267,0.9731906288081488
2024,05,FRA.1.7.5.8_1,0.6690017513134852,0.9717530550505102
2024,05,FRA.1.8.1.1_1,0.5884413309982488,0.9446777228240327
2024,05,FRA.1.8.1.10_1,0.6637478108581437,0.970276249322841
2024,05,FRA.1.8.1.11_1,0.6217162872154116,0.9570266453970862
2024,05,FRA.1.8.1.12_1,0.628721541155867,0.9594144047282176
2024,05,FRA.1.8.1.13_1,0.6795096322241682,0.9745891442038537
2024,05,FRA.1.8.1.14_1,0.63922942206655,0.9628603221651623
2024,05,FRA.1.8.1.15_1,0.586690017513135,0.9439809320108113
2024,05,FRA.1.8.1.16_1,0.6532399299474606,0.9672042183530839
2024,05,FRA.1.8.1.17_1,0.6234676007005254,0.9576304088739037
2024,05,FRA.1.8.1.18_1,0.6637478108581437,0.970276249322841
2024,05,FRA.1.8.1.19_1,0.5936952714535902,0.9467396685467447
2024,05,FRA.1.8.1.2_1,0.63922942206655,0.9628603221651623
2024,05,FRA.1.8.1.20_1,0.6024518388791593,0.9500821017154254
2024,05,FRA.1.8.1.21_1,0.6812609457092821,0.975046665549911
2024,05,FRA.1.8.1.22_1,0.6637478108581437,0.970276249322841
2024,05,FRA.1.8.1.23_1,0.6252189141856392,0.9582296175760798
2024,05,FRA.1.8.1.24_1,0.6059544658493871,0.9513863568498342
2024,05,FRA.1.8.1.25_1,0.6882661996497373,0.976833660353696
2024,05,FRA.1.8.1.26_1,0.6199649737302978,0.9564183185196736
2024,05,FRA.1.8.1.27_1,0.6567425569176883,0.9682458365518543
2024,05,FRA.1.8.1.28_1,0.6830122591943959,0.9754998718605759
2024,05,FRA.1.8.1.29_1,0.6479859894921192,0.9656086163658648
2024,05,FRA.1.8.1.3_1,0.6112084063047285,0.9533079250693346
2024,05,FRA.1.8.1.30_1,0.5779334500875658,0.9404254356406998
2024,05,FRA.1.8.1.31_1,0.6182136602451839,0.9558054195284729
2024,05,FRA.1.8.1.32_1,0.6252189141856392,0.9582296175760798
2024,05,FRA.1.8.1.33_1,0.6479859894921192,0.9656086163658648
2024,05,FRA.1.8.1.34_1,0.6339754816112084,0.9611576353543679
2024,05,FRA.1.8.1.35_1,0.628721541155867,0.9594144047282176
2024,05,FRA.1.8.1.4_1,0.6112084063047285,0.9533079250693346
2024,05,FRA.1.8.1.5_1,0.6742556917688267,0.9731906288081488
2024,05,FRA.1.8.1.6_1,0.6374781085814362,0.962297251372984
2024,05,FRA.1.8.1.7_1,0.6777583187390543,0.9741273017424364
2024,05,FRA.1.8.1.8_1,0.6654991243432575,0.9707728879609279
2024,05,FRA.1.8.1.9_1,0.6217162872154116,0.9570266453970862
2024,05,FRA.1.8.2.1_1,0.6672504378283713,0.9712651543219287
2024,05,FRA.1.8.2.10_1,0.6812609457092821,0.975046665549911
2024,05,FRA.1.8.2.11_1,0.660245183887916,0.9692698282728087
2024,05,FRA.1.8.2.12_1,0.6304728546409808,0.96
2024,05,FRA.1.8.2.2_1,0.6690017513134852,0.9717530550505102
2024,05,FRA.1.8.2.3_1,0.597197898423818,0.9480907129594721
2024,05,FRA.1.8.2.4_1,0.6690017513134852,0.9717530550505102
2024,05,FRA.1.8.2.5_1,0.5936952714535902,0.9467396685467447
2024,05,FRA.1.8.2.6_1,0.6444833625218914,0.9645226798784983
2024,05,FRA.1.8.2.7_1,0.6672504378283713,0.9712651543219287
2024,05,FRA.1.8.2.8_1,0.6584938704028022,0.9687600322061186
2024,05,FRA.1.8.2.9_1,0.5936952714535902,0.9467396685467447
2024,05,FRA.1.8.3.1_1,0.649737302977233,0.9661449166662318
2024,05,FRA.1.8.3.2_1,0.5936952714535902,0.9467396685467447
2024,05,FRA.1.8.3.3_1,0.5989492119089318,0.9487591896788141
2024,05,FRA.1.8.3.4_1,0.6567425569176883,0.9682458365518543
2024,05,FRA.1.8.3.5_1,0.6882661996497373,0.976833660353696
2024,05,FRA.1.8.3.6_1,0.6182136602451839,0.9558054195284729
2024,05,FRA.1.8.3.7_1,0.6462346760070053,0.965067873260736
2024,05,FRA.1.8.3.8_1,0.6970227670753065,0.9789708882290628
2024,05,FRA.1.8.3.9_1,0.6812609457092821,0.975046665549911
2024,05,FRA.1.9.1.1_1,0.7145359019264449,0.9829262434180909
2024,05,FRA.1.9.1.10_1,0.6812609457092821,0.975046665549911
2024,05,FRA.1.9.1.2_1,0.6042031523642732,0.9507365565707464
2024,05,FRA.1.9.1.3_1,0.6725043782837129,0.9727157858285225
2024,05,FRA.1.9.1.4_1,0.6777583187390543,0.9741273017424364
2024,05,FRA.1.9.1.5_1,0.6917688266199651,0.9777013859047148
2024,05,FRA.1.9.1.6_1,0.6409807355516638,0.9634189120003821
2024,05,FRA.1.9.1.7_1,0.6952714535901927,0.97855199146494
2024,05,FRA.1.9.1.8_1,0.6760070052539405,0.9736611320166786
2024,05,FRA.1.9.1.9_1,0.6637478108581437,0.970276249322841
2024,05,FRA.1.9.2.1_1,0.6935201401050789,0.9781288258711119
2024,05,FRA.1.9.2.10_1,0.7267950963222417,0.9854440623394105
2024,05,FRA.1.9.2.11_1,0.6987740805604205,0.9793855216409929
2024,05,FRA.1.9.2.12_1,0.63922942206655,0.9628603221651623
2024,05,FRA.1.9.2.2_1,0.7092819614711035,0.9817840903172144
2024,05,FRA.1.9.2.3_1,0.6532399299474606,0.9672042183530839
2024,05,FRA.1.9.2.4_1,0.6619964973730298,0.9697752316903129
2024,05,FRA.1.9.2.5_1,0.6654991243432575,0.9707728879609279
2024,05,FRA.1.9.2.6_1,0.7057793345008757,0.9810015290507961
2024,05,FRA.1.9.2.7_1,0.6479859894921192,0.9656086163658648
2024,05,FRA.1.9.2.8_1,0.7425569176882663,0.9883804935347521
2024,05,FRA.1.9.2.9_1,0.6760070052539405,0.9736611320166786
2024,05,FRA.1.9.3.1_1,0.6357267950963222,0.9617296917533533
2024,05,FRA.1.9.3.10_1,0.6567425569176883,0.9682458365518543
2024,05,FRA.1.9.3.11_1,0.6882661996497373,0.976833660353696
2024,05,FRA.1.9.3.12_1,0.6777583187390543,0.9741273017424364
2024,05,FRA.1.9.3.13_1,0.6252189141856392,0.9582296175760798
2024,05,FRA.1.9.3.14_1,0.6637478108581437,0.970276249322841
2024,05,FRA.1.9.3.2_1,0.6847635726795097,0.9759487691472335
2024,05,FRA.1.9.3.3_1,0.6357267950963222,0.9617296917533533
2024,05,FRA.1.9.3.4_1,0.6409807355516638,0.9634189120003821
2024,05,FRA.1.9.3.5_1,0.6077057793345009,0.9520315120835025
2024,05,FRA.1.9.3.6_1,0.6760070052539405,0.9736611320166786
2024,05,FRA.1.9.3.7_1,0.6129597197898424,0.9539392014169457
2024,05,FRA.1.9.3.8_1,0.6637478108581437,0.970276249322841
2024,05,FRA.1.9.3.9_1,0.6690017513134852,0.9717530550505102
2024,05,FRA.10.1.1.1_1,0.6917688266199651,0.9777013859047148
2024,05,FRA.10.1.1.2_1,0.7215411558669002,0.9843901665498289
2024,05,FRA.10.1.1.3_1,0.7478108581436077,0.9892845899942038
2024,05,FRA.10.1.1.4_1,0.6357267950963222,0.9617296917533533
2024,05,FRA.10.1.1.5_1,0.6917688266199651,0.9777013859047148
2024,05,FRA.10.1.1.6_1,0.7057793345008757,0.9810015290507961
2024,05,FRA.10.1.1.7_1,0.7600700525394046,0.9912497162672985
2024,05,FRA.10.1.2.3_1,0.6952714535901927,0.97855199146494
2024,05,FRA.10.1.2.4_1,0.7197898423817863,0.9840304873325826
2024,05,FRA.10.1.2.5_1,0.7302977232924693,0.9861257526299574
2024,05,FRA.10.1.2.6_1,0.7197898423817863,0.9840304873325826
2024,05,FRA.10.1.2.7_1,0.7145359019264449,0.9829262434180909
2024,05,FRA.10.1.2.8_1,0.7618213660245184,0.9915139938498094
2024,05,FRA.10.1.2.9_1,0.7443082311733801,0.9886859966642594
2024,05,FRA.10.1.3.1_1,0.7530647985989493,0.990151503558925
2024,05,FRA.10.1.3.10_1,0.7390542907180385,0.9877570551507087
2024,05,FRA.10.1.3.12_1,0.6795096322241682,0.9745891442038537
2024,05,FRA.10.1.3.13_1,0.7373029772329247,0.987439112046915
2024,05,FRA.10.1.3.2_1,0.7355516637478109,0.9871170143402452
2024,05,FRA.10.1.3.3_1,0.7005253940455343,0.9797958971132712
2024,05,FRA.10.1.3.4_1,0.6760070052539405,0.9736611320166786
2024,05,FRA.10.1.3.5_1,0.6847635726795097,0.9759487691472335
2024,05,FRA.10.1.3.6_1,0.712784588441331,0.9825497442877892
2024,05,FRA.10.1.3.7_1,0.6900175131348513,0.9772696659571503
2024,05,FRA.10.1.3.8_1,0.7443082311733801,0.9886859966642594
2024,05,FRA.10.1.3.9_1,0.7250437828371279,0.9850969495435462
2024,05,FRA.10.1.4.1_1,0.7373029772329247,0.987439112046915
2024,05,FRA.10.1.4.2_1,0.7092819614711035,0.9817840903172144
2024,05,FRA.10.1.4.3_1,0.7565674255691769,0.9907088371464141
2024,05,FRA.10.1.4.4_1,0.7092819614711035,0.9817840903172144
2024,05,FRA.10.1.4.5_1,0.7302977232924693,0.9861257526299574
2024,05,FRA.10.1.4.6_1,0.7022767075306481,0.9802020199938377
2024,05,FRA.10.1.4.7_1,0.6532399299474606,0.9672042183530839
2024,05,FRA.10.1.5.1_1,0.7250437828371279,0.9850969495435462
2024,05,FRA.10.1.5.10_1,0.7285464098073555,0.9857869952479592
2024,05,FRA.10.1.5.2_1,0.6654991243432575,0.9707728879609279
2024,05,FRA.10.1.5.3_1,0.7110332749562173,0.9821690282227392
2024,05,FRA.10.1.5.4_1,0.7022767075306481,0.9802020199938377
2024,05,FRA.10.1.5.5_1,0.7390542907180385,0.9877570551507087
2024,05,FRA.10.1.5.6_1,0.7320490367775833,0.98646033878712025
2024,05,FRA.10.1.5.7_1,0.7250437828371279,0.9850969495435462
2024,05,FRA.10.1.5.8_1,0.7408056042031524,0.9880708476622514
2024,05,FRA.10.1.5.9_1,0.712784588441331,0.9825497442877892
2024,05,FRA.10.10.1.12_1,0.6357267950963222,0.9617296917533533
2024,05,FRA.10.10.1.7_1,0.6672504378283713,0.9712651543219287
2024,05,FRA.10.10.2.10_1,0.6935201401050789,0.9781288258711119
2024,05,FRA.10.10.2.3_1,0.6935201401050789,0.9781288258711119
2024,05,FRA.10.10.2.4_1,0.6900175131348513,0.9772696659571503
2024,05,FRA.10.10.2.7_1,0.7180385288966725,0.983666610188635
2024,05,FRA.10.10.2.9_1,0.6865148861646235,0.9763933633531108
2024,05,FRA.10.10.3.1_1,0.7145359019264449,0.9829262434180909
2024,05,FRA.10.10.3.4_1,0.6479859894921192,0.9656086163658648
2024,05,FRA.10.10.3.6_1,0.6935201401050789,0.9781288258711119
2024,05,FRA.10.10.4.12_1,0.6987740805604205,0.9793855216409929
2024,05,FRA.10.10.4.2_1,0.6847635726795097,0.9759487691472335
2024,05,FRA.10.10.4.3_1,0.7180385288966725,0.983666610188635
2024,05,FRA.10.10.4.5_1,0.6549912434325745,0.9677272342969376
2024,05,FRA.10.10.4.8_1,0.7022767075306481,0.9802020199938377
2024,05,FRA.10.11.1.1_1,0.6987740805604205,0.9793855216409929
2024,05,FRA.10.11.1.10_1,0.7530647985989493,0.990151503558925
2024,05,FRA.10.11.1.11_1,0.6619964973730298,0.9697752316903129
2024,05,FRA.10.11.1.12_1,0.7320490367775833,0.98646033878712025
2024,05,FRA.10.11.1.13_1,0.6760070052539405,0.9736611320166786
2024,05,FRA.10.11.1.14_1,0.6514886164623468,0.9666767815562759
2024,05,FRA.10.11.1.15_1,0.670753064798599,0.9722365967191319
2024,05,FRA.10.11.1.16_1,0.6830122591943959,0.9754998718605759
2024,05,FRA.10.11.1.2_1,0.7478108581436077,0.9892845899942038
2024,05,FRA.10.11.1.3_1,0.7110332749562173,0.9821690282227392
2024,05,FRA.10.11.1.4_1,0.6847635726795097,0.9759487691472335
2024,05,FRA.10.11.1.5_1,0.6795096322241682,0.9745891442038537
2024,05,FRA.10.11.1.6_1,0.7390542907180385,0.9877570551507087
2024,05,FRA.10.11.1.7_1,0.7285464098073555,0.9857869952479592
2024,05,FRA.10.11.1.8_1,0.670753064798599,0.9722365967191319
2024,05,FRA.10.11.1.9_1,0.7215411558669002,0.9843901665498289
2024,05,FRA.10.11.2.1_1,0.6042031523642732,0.9507365565707464
2024,05,FRA.10.11.2.10_1,0.6882661996497373,0.976833660353696
2024,05,FRA.10.11.2.11_1,0.6935201401050789,0.9781288258711119
2024,05,FRA.10.11.2.12_1,0.6567425569176883,0.9682458365518543
2024,05,FRA.10.11.2.13_1,0.7197898423817863,0.9840304873325826
2024,05,FRA.10.11.2.2_1,0.6357267950963222,0.9617296917533533
2024,05,FRA.10.11.2.3_1,0.6795096322241682,0.9745891442038537
2024,05,FRA.10.11.2.4_1,0.6357267950963222,0.9617296917533533
2024,05,FRA.10.11.2.5_1,0.6672504378283713,0.9712651543219287
2024,05,FRA.10.11.2.6_1,0.7005253940455343,0.9797958971132712
2024,05,FRA.10.11.2.7_1,0.6952714535901927,0.97855199146494
2024,05,FRA.10.11.2.8_1,0.6514886164623468,0.9666767815562759
2024,05,FRA.10.11.2.9_1,0.6462346760070053,0.965067873260736
2024,05,FRA.10.11.3.1_1,0.6567425569176883,0.9682458365518543
2024,05,FRA.10.11.3.10_1,0.6077057793345009,0.9520315120835025
2024,05,FRA.10.11.3.11_1,0.6164623467600701,0.955187939622355
2024,05,FRA.10.11.3.12_1,0.7092819614711035,0.9817840903172144
2024,05,FRA.10.11.3.13_1,0.6847635726795097,0.9759487691472335
2024,05,FRA.10.11.3.14_1,0.660245183887916,0.9692698282728087
2024,05,FRA.10.11.3.15_1,0.649737302977233,0.9661449166662318
2024,05,FRA.10.11.3.16_1,0.62697022767075306,0.9588242800430119
2024,05,FRA.10.11.3.17_1,0.62697022767075306,0.9588242800430119
2024,05,FRA.10.11.3.18_1,0.6042031523642732,0.9507365565707464
2024,05,FRA.10.11.3.19_1,0.62697022767075306,0.9588242800430119
2024,05,FRA.10.11.3.2_1,0.6409807355516638,0.9634189120003821
2024,05,FRA.10.11.3.20_1,0.6619964973730298,0.9697752316903129
2024,05,FRA.10.11.3.21_1,0.6304728546409808,0.96
2024,05,FRA.10.11.3.22_1,0.6164623467600701,0.955187939622355
2024,05,FRA.10.11.3.3_1,0.6812609457092821,0.975046665549911
2024,05,FRA.10.11.3.4_1,0.5831873905429072,0.9425730740902798
2024,05,FRA.10.11.3.5_1,0.6637478108581437,0.970276249322841
2024,05,FRA.10.11.3.6_1,0.6619964973730298,0.9697752316903129
2024,05,FRA.10.11.3.7_1,0.6514886164623468,0.9666767815562759
2024,05,FRA.10.11.3.8_1,0.62697022767075306,0.9588242800430119
2024,05,FRA.10.11.3.9_1,0.6077057793345009,0.9520315120835025
2024,05,FRA.10.12.1.1_1,0.6654991243432575,0.9707728879609279
2024,05,FRA.10.12.1.10_1,0.6882661996497373,0.976833660353696
2024,05,FRA.10.12.1.11_1,0.7057793345008757,0.9810015290507961
2024,05,FRA.10.12.1.12_1,0.6987740805604205,0.9793855216409929
2024,05,FRA.10.12.1.13_1,0.712784588441331,0.9825497442877892
2024,05,FRA.10.12.1.2_1,0.7443082311733801,0.9886859966642594
2024,05,FRA.10.12.1.3_1,0.7162872154115587,0.9832985304575615
2024,05,FRA.10.12.1.4_1,0.6795096322241682,0.9745891442038537
2024,05,FRA.10.12.1.5_1,0.6549912434325745,0.9677272342969376
2024,05,FRA.10.12.1.6_1,0.7250437828371279,0.9850969495435462
2024,05,FRA.10.12.1.7_1,0.6952714535901927,0.97855199146494
2024,05,FRA.10.12.1.8_1,0.7250437828371279,0.9850969495435462
2024,05,FRA.10.12.1.9_1,0.7005253940455343,0.9797958971132712
2024,05,FRA.10.12.2.1_1,0.670753064798599,0.9722365967191319
2024,05,FRA.10.12.2.10_1,0.6760070052539405,0.9736611320166786
2024,05,FRA.10.12.2.11_1,0.6795096322241682,0.9745891442038537
2024,05,FRA.10.12.2.2_1,0.7215411558669002,0.9843901665498289
2024,05,FRA.10.12.2.3_1,0.6619964973730298,0.9697752316903129
2024,05,FRA.10.12.2.4_1,0.7057793345008757,0.9810015290507961
2024,05,FRA.10.12.2.5_1,0.6952714535901927,0.97855199146494
2024,05,FRA.10.12.2.6_1,0.7057793345008757,0.9810015290507961
2024,05,FRA.10.12.2.7_1,0.6935201401050789,0.9781288258711119
2024,05,FRA.10.12.2.8_1,0.7443082311733801,0.9886859966642594
2024,05,FRA.10.12.2.9_1,0.7355516637478109,0.9871170143402452
2024,05,FRA.10.12.3.1_1,0.670753064798599,0.9722365967191319
2024,05,FRA.10.12.3.10_1,0.6935201401050789,0.9781288258711119
2024,05,FRA.10.12.3.11_1,0.6952714535901927,0.97855199146494
2024,05,FRA.10.12.3.12_1,0.6725043782837129,0.9727157858285225
2024,05,FRA.10.12.3.13_1,0.7338003502626971,0.986790757962396
2024,05,FRA.10.12.3.14_1,0.6952714535901927,0.97855199146494
2024,05,FRA.10.12.3.15_1,0.7425569176882663,0.9883804935347521
2024,05,FRA.10.12.3.16_1,0.6987740805604205,0.9793855216409929
2024,05,FRA.10.12.3.2_1,0.7057793345008757,0.9810015290507961
2024,05,FRA.10.12.3.3_1,0.712784588441331,0.9825497442877892
2024,05,FRA.10.12.3.4_1,0.7110332749562173,0.9821690282227392
2024,05,FRA.10.12.3.5_1,0.7057793345008757,0.9810015290507961
2024,05,FRA.10.12.3.6_1,0.6795096322241682,0.9745891442038537
2024,05,FRA.10.12.3.7_1,0.7530647985989493,0.990151503558925
2024,05,FRA.10.12.3.8_1,0.7005253940455343,0.9797958971132712
2024,05,FRA.10.12.3.9_1,0.6865148861646235,0.9763933633531108
2024,05,FRA.10.2.1.10_1,0.670753064798599,0.9722365967191319
2024,05,FRA.10.2.1.14_1,0.7548161120840631,0.9904322288778774
2024,05,FRA.10.2.1.2_1,0.7110332749562173,0.9821690282227392
2024,05,FRA.10.2.1.4_1,0.7478108581436077,0.9892845899942038
2024,05,FRA.10.2.1.9_1,0.7302977232924693,0.9861257526299574
2024,05,FRA.10.2.2.1_1,0.6882661996497373,0.976833660353696
2024,05,FRA.10.2.2.10_1,0.6812609457092821,0.975046665549911
2024,05,FRA.10.2.2.2_1,0.6987740805604205,0.9793855216409929
2024,05,FRA.10.2.2.3_1,0.7162872154115587,0.9832985304575615
2024,05,FRA.10.2.2.5_1,0.7600700525394046,0.9912497162672985
2024,05,FRA.10.2.2.6_1,0.712784588441331,0.9825497442877892
2024,05,FRA.10.2.2.8_1,0.7548161120840631,0.9904322288778774
2024,05,FRA.10.2.3.1_1,0.6760070052539405,0.9736611320166786
2024,05,FRA.10.2.3.11_1,0.7302977232924693,0.9861257526299574
2024,05,FRA.10.2.3.2_1,0.7478108581436077,0.9892845899942038
2024,05,FRA.10.2.3.3_1,0.7075306479859896,0.9813949256033475
2024,05,FRA.10.2.3.4_1,0.7092819614711035,0.9817840903172144
2024,05,FRA.10.2.3.5_1,0.7635726795096323,0.9917741678426597
2024,05,FRA.10.2.3.8_1,0.7443082311733801,0.9886859966642594
2024,05,FRA.10.2.3.9_1,0.7373029772329247,0.987439112046915
2024,05,FRA.10.3.1.1_1,0.7040280210157619,0.9806038955664005
2024,05,FRA.10.3.1.10_1,0.7513134851138354,0.9898666576867816
2024,05,FRA.10.3.1.11_1,0.6742556917688267,0.9731906288081488
2024,05,FRA.10.3.1.12_1,0.6900175131348513,0.9772696659571503
2024,05,FRA.10.3.1.13_1,0.6917688266199651,0.9777013859047148
2024,05,FRA.10.3.1.2_1,0.6409807355516638,0.9634189120003821
2024,05,FRA.10.3.1.3_1,0.6234676007005254,0.9576304088739037
2024,05,FRA.10.3.1.4_1,0.7040280210157619,0.9806038955664005
2024,05,FRA.10.3.1.5_1,0.7180385288966725,0.983666610188635
2024,05,FRA.10.3.1.6_1,0.7250437828371279,0.9850969495435462
2024,05,FRA.10.3.1.7_1,0.7215411558669002,0.9843901665498289
2024,05,FRA.10.3.1.8_1,0.6970227670753065,0.9789708882290628
2024,05,FRA.10.3.1.9_1,0.6795096322241682,0.9745891442038537
2024,05,FRA.10.3.2.1_1,0.6409807355516638,0.9634189120003821
2024,05,FRA.10.3.2.10_1,0.6935201401050789,0.9781288258711119
2024,05,FRA.10.3.2.11_1,0.670753064798599,0.9722365967191319
2024,05,FRA.10.3.2.12_1,0.7232924693520141,0.9847456524402634
2024,05,FRA.10.3.2.13_1,0.7320490367775833,0.98646033878712025
2024,05,FRA.10.3.2.2_1,0.6970227670753065,0.9789708882290628
2024,05,FRA.10.3.2.3_1,0.6865148861646235,0.9763933633531108
2024,05,FRA.10.3.2.4_1,0.6725043782837129,0.9727157858285225
2024,05,FRA.10.3.2.5_1,0.6935201401050789,0.9781288258711119
2024,05,FRA.10.3.2.6_1,0.7145359019264449,0.9829262434180909
2024,05,FRA.10.3.2.7_1,0.7215411558669002,0.9843901665498289
2024,05,FRA.10.3.2.8_1,0.670753064798599,0.9722365967191319
2024,05,FRA.10.3.2.9_1,0.7145359019264449,0.9829262434180909
2024,05,FRA.10.3.3.1_1,0.7162872154115587,0.9832985304575615
2024,05,FRA.10.3.3.2_1,0.6514886164623468,0.9666767815562759
2024,05,FRA.10.3.3.3_1,0.6725043782837129,0.9727157858285225
2024,05,FRA.10.3.3.4_1,0.6952714535901927,0.97855199146494
2024,05,FRA.10.3.3.5_1,0.7145359019264449,0.9829262434180909
2024,05,FRA.10.3.3.6_1,0.7005253940455343,0.9797958971132712
2024,05,FRA.10.3.3.7_1,0.7005253940455343,0.9797958971132712
2024,05,FRA.10.3.3.8_1,0.6970227670753065,0.9789708882290628
2024,05,FRA.10.3.3.9_1,0.7075306479859896,0.9813949256033475
2024,05,FRA.10.4.1.1_1,0.6777583187390543,0.9741273017424364
2024,05,FRA.10.4.1.10_1,0.7180385288966725,0.983666610188635
2024,05,FRA.10.4.1.11_1,0.7022767075306481,0.9802020199938377
2024,05,FRA.10.4.1.12_1,0.6952714535901927,0.97855199146494
2024,05,FRA.10.4.1.2_1,0.6690017513134852,0.9717530550505102
2024,05,FRA.10.4.1.3_1,0.7197898423817863,0.9840304873325826
2024,05,FRA.10.4.1.4_1,0.6672504378283713,0.9712651543219287
2024,05,FRA.10.4.1.5_1,0.7373029772329247,0.987439112046915
2024,05,FRA.10.4.1.6_1,0.7145359019264449,0.9829262434180909
2024,05,FRA.10.4.1.7_1,0.6567425569176883,0.9682458365518543
2024,05,FRA.10.4.1.8_1,0.7232924693520141,0.9847456524402634
2024,05,FRA.10.4.1.9_1,0.6987740805604205,0.9793855216409929
2024,05,FRA.10.4.2.1_1,0.7495621716287216,0.9895776877031939
2024,05,FRA.10.4.2.10_1,0.6584938704028022,0.9687600322061186
2024,05,FRA.10.4.2.11_1,0.7057793345008757,0.9810015290507961
2024,05,FRA.10.4.2.12_1,0.6584938704028022,0.9687600322061186
2024,05,FRA.10.4.2.13_1,0.7320490367775833,0.98646033878712025
2024,05,FRA.10.4.2.14_1,0.6584938704028022,0.9687600322061186
2024,05,FRA.10.4.2.15_1,0.6725043782837129,0.9727157858285225
2024,05,FRA.10.4.2.16_1,0.649737302977233,0.9661449166662318
2024,05,FRA.10.4.2.2_1,0.7040280210157619,0.9806038955664005
2024,05,FRA.10.4.2.3_1,0.6970227670753065,0.9789708882290628
2024,05,FRA.10.4.2.4_1,0.6619964973730298,0.9697752316903129
2024,05,FRA.10.4.2.5_1,0.6479859894921192,0.9656086163658648
2024,05,FRA.10.4.2.6_1,0.6567425569176883,0.9682458365518543
2024,05,FRA.10.4.2.7_1,0.6952714535901927,0.97855199146494
2024,05,FRA.10.4.2.8_1,0.6865148861646235,0.9763933633531108
2024,05,FRA.10.4.2.9_1,0.6900175131348513,0.9772696659571503
2024,05,FRA.10.5.1.1_1,0.7057793345008757,0.9810015290507961
2024,05,FRA.10.5.1.2_1,0.7530647985989493,0.990151503558925
2024,05,FRA.10.5.1.3_1,0.7197898423817863,0.9840304873325826
2024,05,FRA.10.5.1.4_1,0.6882661996497373,0.976833660353696
2024,05,FRA.10.5.1.5_1,0.7057793345008757,0.9810015290507961
2024,05,FRA.10.5.1.6_1,0.7320490367775833,0.98646033878712025
2024,05,FRA.10.5.1.7_1,0.6514886164623468,0.9666767815562759
2024,05,FRA.10.5.1.8_1,0.7057793345008757,0.9810015290507961
2024,05,FRA.10.5.1.9_1,0.649737302977233,0.9661449166662318
2024,05,FRA.10.5.2.1_1,0.7390542907180385,0.9877570551507087
2024,05,FRA.10.5.2.10_1,0.7443082311733801,0.9886859966642594
2024,05,FRA.10.5.2.11_1,0.7583187390542908,0.9909813318120578
2024,05,FRA.10.5.2.12_1,0.7302977232924693,0.9861257526299574
2024,05,FRA.10.5.2.13_1,0.6654991243432575,0.9707728879609279
2024,05,FRA.10.5.2.14_1,0.7583187390542908,0.9909813318120578
2024,05,FRA.10.5.2.15_1,0.6690017513134852,0.9717530550505102
2024,05,FRA.10.5.2.16_1,0.7355516637478109,0.9871170143402452
2024,05,FRA.10.5.2.17_1,0.7022767075306481,0.9802020199938377
2024,05,FRA.10.5.2.18_1,0.7232924693520141,0.9847456524402634
2024,05,FRA.10.5.2.19_1,0.6812609457092821,0.975046665549911
2024,05,FRA.10.5.2.2_1,0.7005253940455343,0.9797958971132712
2024,05,FRA.10.5.2.3_1,0.6917688266199651,0.9777013859047148
2024,05,FRA.10.5.2.4_1,0.6725043782837129,0.9727157858285225
2024,05,FRA.10.5.2.5_1,0.7320490367775833,0.98646033878712025
2024,05,FRA.10.5.2.6_1,0.6865148861646235,0.9763933633531108
2024,05,FRA.10.5.2.7_1,0.7005253940455343,0.9797958971132712
2024,05,FRA.10.5.2.8_1,0.6917688266199651,0.9777013859047148
2024,05,FRA.10.5.2.9_1,0.6952714535901927,0.97855199146494
2024,05,FRA.10.5.3.1_1,0.7373029772329247,0.987439112046915
2024,05,FRA.10.5.3.2_1,0.7232924693520141,0.9847456524402634
2024,05,FRA.10.5.3.3_1,0.6987740805604205,0.9793855216409929
2024,05,FRA.10.5.3.4_1,0.6847635726795097,0.9759487691472335
2024,05,FRA.10.5.3.5_1,0.7005253940455343,0.9797958971132712
2024,05,FRA.10.5.3.6_1,0.6725043782837129,0.9727157858285225
2024,05,FRA.10.5.3.7_1,0.670753064798599,0.9722365967191319
2024,05,FRA.10.5.3.8_1,0.6952714535901927,0.97855199146494
2024,05,FRA.10.6.1.1_1,0.6637478108581437,0.970276249322841
2024,05,FRA.10.6.1.10_1,0.6847635726795097,0.9759487691472335
2024,05,FRA.10.6.1.11_1,0.6882661996497373,0.976833660353696
2024,05,FRA.10.6.1.12_1,0.6725043782837129,0.9727157858285225
2024,05,FRA.10.6.1.13_1,0.6777583187390543,0.9741273017424364
2024,05,FRA.10.6.1.14_1,0.6112084063047285,0.9533079250693346
2024,05,FRA.10.6.1.2_1,0.7215411558669002,0.9843901665498289
2024,05,FRA.10.6.1.3_1,0.649737302977233,0.9661449166662318
2024,05,FRA.10.6.1.4_1,0.6637478108581437,0.970276249322841
2024,05,FRA.10.6.1.5_1,0.6935201401050789,0.9781288258711119
2024,05,FRA.10.6.1.6_1,0.6584938704028022,0.9687600322061186
2024,05,FRA.10.6.1.7_1,0.6795096322241682,0.9745891442038537
2024,05,FRA.10.6.1.8_1,0.6882661996497373,0.976833660353696
2024,05,FRA.10.6.1.9_1,0.5901926444833626,0.9453697689264238
2024,05,FRA.10.6.2.1_1,0.7092819614711035,0.9817840903172144
2024,05,FRA.10.6.2.2_1,0.7320490367775833,0.98646033878712025
2024,05,FRA.10.6.2.3_1,0.7565674255691769,0.9907088371464141
2024,05,FRA.10.6.2.4_1,0.7320490367775833,0.98646033878712025
2024,05,FRA.10.6.2.5_1,0.6549912434325745,0.9677272342969376
2024,05,FRA.10.6.2.6_1,0.6812609457092821,0.975046665549911
2024,05,FRA.10.6.2.7_1,0.7197898423817863,0.9840304873325826
2024,05,FRA.10.6.2.8_1,0.6882661996497373,0.976833660353696
2024,05,FRA.10.6.3.1_1,0.7057793345008757,0.9810015290507961
2024,05,FRA.10.6.3.10_1,0.7162872154115587,0.9832985304575615
2024,05,FRA.10.6.3.11_1,0.6795096322241682,0.9745891442038537
2024,05,FRA.10.6.3.12_1,0.7162872154115587,0.9832985304575615
2024,05,FRA.10.6.3.13_1,0.6654991243432575,0.9707728879609279
2024,05,FRA.10.6.3.14_1,0.6935201401050789,0.9781288258711119
2024,05,FRA.10.6.3.15_1,0.7355516637478109,0.9871170143402452
2024,05,FRA.10.6.3.16_1,0.7145359019264449,0.9829262434180909
2024,05,FRA.10.6.3.17_1,0.62697022767075306,0.9588242800430119
2024,05,FRA.10.6.3.18_1,0.7425569176882663,0.9883804935347521
2024,05,FRA.10.6.3.2_1,0.7110332749562173,0.9821690282227392
2024,05,FRA.10.6.3.3_1,0.6619964973730298,0.9697752316903129
2024,05,FRA.10.6.3.4_1,0.7040280210157619,0.9806038955664005
2024,05,FRA.10.6.3.5_1,0.6672504378283713,0.9712651543219287
2024,05,FRA.10.6.3.6_1,0.6952714535901927,0.97855199146494
2024,05,FRA.10.6.3.7_1,0.6567425569176883,0.9682458365518543
2024,05,FRA.10.6.3.8_1,0.7110332749562173,0.9821690282227392
2024,05,FRA.10.6.3.9_1,0.7355516637478109,0.9871170143402452
2024,05,FRA.10.6.4.1_1,0.6882661996497373,0.976833660353696
2024,05,FRA.10.6.4.10_1,0.6479859894921192,0.9656086163658648
2024,05,FRA.10.6.4.2_1,0.7040280210157619,0.9806038955664005
2024,05,FRA.10.6.4.3_1,0.6637478108581437,0.970276249322841
2024,05,FRA.10.6.4.4_1,0.7057793345008757,0.9810015290507961
2024,05,FRA.10.6.4.5_1,0.7863397548161122,0.9947843987518099
2024,05,FRA.10.6.4.6_1,0.7513134851138354,0.9898666576867816
2024,05,FRA.10.6.4.7_1,0.670753064798599,0.9722365967191319
2024,05,FRA.10.6.4.8_1,0.6777583187390543,0.9741273017424364
2024,05,FRA.10.6.4.9_1,0.7092819614711035,0.9817840903172144
2024,05,FRA.10.7.1.2_1,0.6812609457092821,0.975046665549911
2024,05,FRA.10.7.1.3_1,0.7022767075306481,0.9802020199938377
2024,05,FRA.10.7.1.4_1,0.7075306479859896,0.9813949256033475
2024,05,FRA.10.7.2.1_1,0.7513134851138354,0.9898666576867816
2024,05,FRA.10.7.2.2_1,0.6795096322241682,0.9745891442038537
2024,05,FRA.10.7.2.3_1,0.7320490367775833,0.98646033878712025
2024,05,FRA.10.7.2.4_1,0.7425569176882663,0.9883804935347521
2024,05,FRA.10.7.2.5_1,0.7267950963222417,0.9854440623394105
2024,05,FRA.10.7.3.1_1,0.7005253940455343,0.9797958971132712
2024,05,FRA.10.7.3.10_1,0.777583187390543,0.9937082066683358
2024,05,FRA.10.7.3.11_1,0.7478108581436077,0.9892845899942038
2024,05,FRA.10.7.3.12_1,0.6935201401050789,0.9781288258711119
2024,05,FRA.10.7.3.13_1,0.712784588441331,0.9825497442877892
2024,05,FRA.10.7.3.14_1,0.7092819614711035,0.9817840903172144
2024,05,FRA.10.7.3.15_1,0.7338003502626971,0.986790757962396
2024,05,FRA.10.7.3.16_1,0.7285464098073555,0.9857869952479592
2024,05,FRA.10.7.3.17_1,0.6970227670753065,0.9789708882290628
2024,05,FRA.10.7.3.2_1,0.6830122591943959,0.9754998718605759
2024,05,FRA.10.7.3.3_1,0.7057793345008757,0.9810015290507961
2024,05,FRA.10.7.3.4_1,0.7162872154115587,0.9832985304575615
2024,05,FRA.10.7.3.5_1,0.7215411558669002,0.9843901665498289
2024,05,FRA.10.7.3.6_1,0.6374781085814362,0.962297251372984
2024,05,FRA.10.7.3.7_1,0.7075306479859896,0.9813949256033475
2024,05,FRA.10.7.3.8_1,0.7232924693520141,0.9847456524402634
2024,05,FRA.10.7.3.9_1,0.7355516637478109,0.9871170143402452
2024,05,FRA.10.7.4.1_1,0.6462346760070053,0.965067873260736
2024,05,FRA.10.7.4.10_1,0.7215411558669002,0.9843901665498289
2024,05,FRA.10.7.4.11_1,0.712784588441331,0.9825497442877892
2024,05,FRA.10.7.4.12_1,0.7092819614711035,0.9817840903172144
2024,05,FRA.10.7.4.13_1,0.6935201401050789,0.9781288258711119
2024,05,FRA.10.7.4.14_1,0.6725043782837129,0.9727157858285225
2024,05,FRA.10.7.4.15_1,0.7197898423817863,0.9840304873325826
2024,05,FRA.10.7.4.2_1,0.6935201401050789,0.9781288258711119
2024,05,FRA.10.7.4.3_1,0.7110332749562173,0.9821690282227392
2024,05,FRA.10.7.4.4_1,0.6900175131348513,0.9772696659571503
2024,05,FRA.10.7.4.5_1,0.7110332749562173,0.9821690282227392
2024,05,FRA.10.7.4.6_1,0.6900175131348513,0.9772696659571503
2024,05,FRA.10.7.4.7_1,0.7110332749562173,0.9821690282227392
2024,05,FRA.10.7.4.8_1,0.6462346760070053,0.965067873260736
2024,05,FRA.10.7.4.9_1,0.6795096322241682,0.9745891442038537
2024,05,FRA.10.7.5.1_1,0.6987740805604205,0.9793855216409929
2024,05,FRA.10.7.5.2_1,0.7162872154115587,0.9832985304575615
2024,05,FRA.10.7.5.3_1,0.7408056042031524,0.9880708476622514
2024,05,FRA.10.7.5.4_1,0.7828371278458844,0.9943661297530201
2024,05,FRA.10.7.5.5_1,0.6777583187390543,0.9741273017424364
2024,05,FRA.10.7.6.1_1,0.6952714535901927,0.97855199146494
2024,05,FRA.10.7.6.2_1,0.6339754816112084,0.9611576353543679
2024,05,FRA.10.7.6.3_1,0.6514886164623468,0.9666767815562759
2024,05,FRA.10.7.6.4_1,0.6917688266199651,0.9777013859047148
2024,05,FRA.10.7.6.5_1,0.6917688266199651,0.9777013859047148
2024,05,FRA.10.7.6.6_1,0.7267950963222417,0.9854440623394105
2024,05,FRA.10.7.6.7_1,0.6900175131348513,0.9772696659571503
2024,05,FRA.10.7.6.8_1,0.7250437828371279,0.9850969495435462
2024,05,FRA.10.7.6.9_1,0.6654991243432575,0.9707728879609279
2024,05,FRA.10.8.1.1_1,0.7302977232924693,0.9861257526299574
2024,05,FRA.10.8.1.2_1,0.7075306479859896,0.9813949256033475
2024,05,FRA.10.8.1.3_1,0.7040280210157619,0.9806038955664005
2024,05,FRA.10.8.1.4_1,0.7215411558669002,0.9843901665498289
2024,05,FRA.10.8.1.5_1,0.7057793345008757,0.9810015290507961
2024,05,FRA.10.8.1.6_1,0.6952714535901927,0.97855199146494
2024,05,FRA.10.8.1.7_1,0.7355516637478109,0.9871170143402452
2024,05,FRA.10.8.1.8_1,0.7320490367775833,0.98646033878712025
2024,05,FRA.10.8.2.1_1,0.7390542907180385,0.9877570551507087
2024,05,FRA.10.8.2.10_1,0.7320490367775833,0.98646033878712025
2024,05,FRA.10.8.2.11_1,0.7215411558669002,0.9843901665498289
2024,05,FRA.10.8.2.12_1,0.7408056042031524,0.9880708476622514
2024,05,FRA.10.8.2.13_1,0.7408056042031524,0.9880708476622514
2024,05,FRA.10.8.2.14_1,0.7232924693520141,0.9847456524402634
2024,05,FRA.10.8.2.15_1,0.7092819614711035,0.9817840903172144
2024,05,FRA.10.8.2.16_1,0.7162872154115587,0.9832985304575615
2024,05,FRA.10.8.2.17_1,0.7390542907180385,0.9877570551507087
2024,05,FRA.10.8.2.18_1,0.7040280210157619,0.9806038955664005
2024,05,FRA.10.8.2.2_1,0.7092819614711035,0.9817840903172144
2024,05,FRA.10.8.2.3_1,0.7232924693520141,0.9847456524402634
2024,05,FRA.10.8.2.4_1,0.6865148861646235,0.9763933633531108
2024,05,FRA.10.8.2.5_1,0.7110332749562173,0.9821690282227392
2024,05,FRA.10.8.2.6_1,0.7057793345008757,0.9810015290507961
2024,05,FRA.10.8.2.7_1,0.7530647985989493,0.990151503558925
2024,05,FRA.10.8.2.8_1,0.7373029772329247,0.987439112046915
2024,05,FRA.10.8.2.9_1,0.7267950963222417,0.9854440623394105
2024,05,FRA.10.8.3.1_1,0.6760070052539405,0.9736611320166786
2024,05,FRA.10.8.3.2_1,0.7110332749562173,0.9821690282227392
2024,05,FRA.10.8.3.3_1,0.7162872154115587,0.9832985304575615
2024,05,FRA.10.8.3.4_1,0.7232924693520141,0.9847456524402634
2024,05,FRA.10.8.3.5_1,0.7285464098073555,0.9857869952479592
2024,05,FRA.10.8.3.6_1,0.6760070052539405,0.9736611320166786
2024,05,FRA.10.8.3.7_1,0.6672504378283713,0.9712651543219287
2024,05,FRA.10.9.1.1_1,0.6234676007005254,0.9576304088739037
2024,05,FRA.10.9.1.10_1,0.7162872154115587,0.9832985304575615
2024,05,FRA.10.9.1.11_1,0.7040280210157619,0.9806038955664005
2024,05,FRA.10.9.1.12_1,0.7232924693520141,0.9847456524402634
2024,05,FRA.10.9.1.13_1,0.6900175131348513,0.9772696659571503
2024,05,FRA.10.9.1.14_1,0.6795096322241682,0.9745891442038537
2024,05,FRA.10.9.1.15_1,0.6444833625218914,0.9645226798784983
2024,05,FRA.10.9.1.2_1,0.6987740805604205,0.9793855216409929
2024,05,FRA.10.9.1.3_1,0.7057793345008757,0.9810015290507961
2024,05,FRA.10.9.1.4_1,0.6619964973730298,0.9697752316903129
2024,05,FRA.10.9.1.5_1,0.7022767075306481,0.9802020199938377
2024,05,FRA.10.9.1.6_1,0.670753064798599,0.9722365967191319
2024,05,FRA.10.9.1.7_1,0.6374781085814362,0.962297251372984
2024,05,FRA.10.9.1.8_1,0.6970227670753065,0.9789708882290628
2024,05,FRA.10.9.1.9_1,0.6865148861646235,0.9763933633531108
2024,05,FRA.10.9.2.1_1,0.7180385288966725,0.983666610188635
2024,05,FRA.10.9.2.10_1,0.6304728546409808,0.96
2024,05,FRA.10.9.2.11_1,0.660245183887916,0.9692698282728087
2024,05,FRA.10.9.2.12_1,0.7232924693520141,0.9847456524402634
2024,05,FRA.10.9.2.13_1,0.6795096322241682,0.9745891442038537
2024,05,FRA.10.9.2.14_1,0.6374781085814362,0.962297251372984
2024,05,FRA.10.9.2.15_1,0.7653239929947461,0.9920302414745228
2024,05,FRA.10.9.2.16_1,0.7285464098073555,0.9857869952479592
2024,05,FRA.10.9.2.17_1,0.6970227670753065,0.9789708882290628
2024,05,FRA.10.9.2.18_1,0.6690017513134852,0.9717530550505102
2024,05,FRA.10.9.2.2_1,0.6690017513134852,0.9717530550505102
2024,05,FRA.10.9.2.3_1,0.6322241681260946,0.9605810741421048
2024,05,FRA.10.9.2.4_1,0.6444833625218914,0.9645226798784983
2024,05,FRA.10.9.2.5_1,0.6462346760070053,0.965067873260736
2024,05,FRA.10.9.2.6_1,0.6479859894921192,0.9656086163658648
2024,05,FRA.10.9.2.7_1,0.7110332749562173,0.9821690282227392
2024,05,FRA.10.9.2.8_1,0.6952714535901927,0.97855199146494
2024,05,FRA.10.9.2.9_1,0.6725043782837129,0.9727157858285225
2024,05,FRA.11.1.1.1_1,0.5516637478108581,0.9290317540321213
2024,05,FRA.11.1.1.2_1,0.670753064798599,0.9722365967191319
2024,05,FRA.11.1.1.3_1,0.6760070052539405,0.9736611320166786
2024,05,FRA.11.1.1.4_1,0.6479859894921192,0.9656086163658648
2024,05,FRA.11.1.1.5_1,0.6427320490367776,0.9639730286683336
2024,05,FRA.11.1.1.6_1,0.6567425569176883,0.9682458365518543
2024,05,FRA.11.1.1.7_1,0.6077057793345009,0.9520315120835025
2024,05,FRA.11.1.1.8_1,0.6672504378283713,0.9712651543219287
2024,05,FRA.11.1.1.9_1,0.5796847635726796,0.9411461098044235
2024,05,FRA.11.1.2.1_1,0.6584938704028022,0.9687600322061186
2024,05,FRA.11.1.2.2_1,0.6304728546409808,0.96
2024,05,FRA.11.1.2.3_1,0.6479859894921192,0.9656086163658648
2024,05,FRA.11.1.2.4_1,0.6374781085814362,0.962297251372984
2024,05,FRA.11.1.2.5_1,0.62697022767075306,0.9588242800430119
2024,05,FRA.11.1.2.6_1,0.6409807355516638,0.9634189120003821
2024,05,FRA.11.1.2.7_1,0.6234676007005254,0.9576304088739037
2024,05,FRA.11.1.2.8_1,0.7110332749562173,0.9821690282227392
2024,05,FRA.11.1.3.1_1,0.5849387040280211,0.9432793859721519
2024,05,FRA.11.1.3.2_1,0.7005253940455343,0.9797958971132712
2024,05,FRA.11.1.3.3_1,0.6217162872154116,0.9570266453970862
2024,05,FRA.11.1.3.4_1,0.7040280210157619,0.9806038955664005
2024,05,FRA.11.1.3.5_1,0.6847635726795097,0.9759487691472335
2024,05,FRA.11.1.3.6_1,0.670753064798599,0.9722365967191319
2024,05,FRA.11.10.1.1_1,0.5936952714535902,0.9467396685467447
2024,05,FRA.11.10.1.2_1,0.6637478108581437,0.970276249322841
2024,05,FRA.11.10.1.3_1,0.6777583187390543,0.9741273017424364
2024,05,FRA.11.10.1.4_1,0.6147110332749562,0.954565869911553
2024,05,FRA.11.10.1.5_1,0.5989492119089318,0.9487591896788141
2024,05,FRA.11.10.1.6_1,0.6164623467600701,0.955187939622355
2024,05,FRA.11.10.1.7_1,0.6672504378283713,0.9712651543219287
2024,05,FRA.11.10.2.1_1,0.6532399299474606,0.9672042183530839
2024,05,FRA.11.10.2.10_1,0.6672504378283713,0.9712651543219287
2024,05,FRA.11.10.2.11_1,0.6532399299474606,0.9672042183530839
2024,05,FRA.11.10.2.12_1,0.62697022767075306,0.9588242800430119
2024,05,FRA.11.10.2.13_1,0.6322241681260946,0.9605810741421048
2024,05,FRA.11.10.2.14_1,0.628721541155867,0.9594144047282176
2024,05,FRA.11.10.2.15_1,0.6374781085814362,0.962297251372984
2024,05,FRA.11.10.2.16_1,0.6444833625218914,0.9645226798784983
2024,05,FRA.11.10.2.17_1,0.6427320490367776,0.9639730286683336
2024,05,FRA.11.10.2.18_1,0.6304728546409808,0.96
2024,05,FRA.11.10.2.19_1,0.5499124343257443,0.9282327294380435
2024,05,FRA.11.10.2.2_1,0.670753064798599,0.9722365967191319
2024,05,FRA.11.10.2.3_1,0.6147110332749562,0.954565869911553
2024,05,FRA.11.10.2.4_1,0.6900175131348513,0.9772696659571503
2024,05,FRA.11.10.2.5_1,0.6444833625218914,0.9645226798784983
2024,05,FRA.11.10.2.6_1,0.6129597197898424,0.9539392014169457
2024,05,FRA.11.10.2.7_1,0.5849387040280211,0.9432793859721519
2024,05,FRA.11.10.2.8_1,0.5814360770577934,0.9418619856433319
2024,05,FRA.11.10.2.9_1,0.6147110332749562,0.954565869911553
2024,05,FRA.11.11.1.1_1,0.6584938704028022,0.9687600322061186
2024,05,FRA.11.11.1.2_1,0.6339754816112084,0.9611576353543679
2024,05,FRA.11.11.1.3_1,0.6024518388791593,0.9500821017154254
2024,05,FRA.11.11.1.4_1,0.6339754816112084,0.9611576353543679
2024,05,FRA.11.11.1.5_1,0.5814360770577934,0.9418619856433319
2024,05,FRA.11.11.2.1_1,0.6199649737302978,0.9564183185196736
2024,05,FRA.11.11.2.10_1,0.5726795096322242,0.9382345122622595
2024,05,FRA.11.11.2.11_1,0.5691768826619966,0.9367496997597597
2024,05,FRA.11.11.2.12_1,0.649737302977233,0.9661449166662318
2024,05,FRA.11.11.2.13_1,0.628721541155867,0.9594144047282176
2024,05,FRA.11.11.2.14_1,0.5884413309982488,0.9446777228240327
2024,05,FRA.11.11.2.2_1,0.5516637478108581,0.9290317540321213
2024,05,FRA.11.11.2.3_1,0.6690017513134852,0.9717530550505102
2024,05,FRA.11.11.2.4_1,0.6549912434325745,0.9677272342969376
2024,05,FRA.11.11.2.5_1,0.6532399299474606,0.9672042183530839
2024,05,FRA.11.11.2.6_1,0.5849387040280211,0.9432793859721519
2024,05,FRA.11.11.2.7_1,0.6112084063047285,0.9533079250693346
2024,05,FRA.11.11.2.8_1,0.6077057793345009,0.9520315120835025
2024,05,FRA.11.11.2.9_1,0.5516637478108581,0.9290317540321213
2024,05,FRA.11.11.3.1_1,0.5394045534150613,0.923333092659415
2024,05,FRA.11.11.3.2_1,0.5551663747810859,0.9306148505155073
2024,05,FRA.11.11.3.3_1,0.6164623467600701,0.955187939622355
2024,05,FRA.11.11.3.4_1,0.51138353765324,0.909364613342745
2024,05,FRA.11.11.3.5_1,0.6147110332749562,0.954565869911553
2024,05,FRA.11.11.3.6_1,0.6427320490367776,0.9639730286683336
2024,05,FRA.11.12.1.1_1,0.6409807355516638,0.9634189120003821
2024,05,FRA.11.12.1.10_1,0.63922942206655,0.9628603221651623
2024,05,FRA.11.12.1.11_1,0.7197898423817863,0.9840304873325826
2024,05,FRA.11.12.1.12_1,0.660245183887916,0.9692698282728087
2024,05,FRA.11.12.1.13_1,0.7022767075306481,0.9802020199938377
2024,05,FRA.11.12.1.2_1,0.6357267950963222,0.9617296917533533
2024,05,FRA.11.12.1.3_1,0.6777583187390543,0.9741273017424364
2024,05,FRA.11.12.1.4_1,0.6830122591943959,0.9754998718605759
2024,05,FRA.11.12.1.5_1,0.6339754816112084,0.9611576353543679
2024,05,FRA.11.12.1.6_1,0.6567425569176883,0.9682458365518543
2024,05,FRA.11.12.1.7_1,0.6654991243432575,0.9707728879609279
2024,05,FRA.11.12.1.8_1,0.6672504378283713,0.9712651543219287
2024,05,FRA.11.12.1.9_1,0.6935201401050789,0.9781288258711119
2024,05,FRA.11.12.2.1_1,0.6252189141856392,0.9582296175760798
2024,05,FRA.11.12.2.10_1,0.6409807355516638,0.9634189120003821
2024,05,FRA.11.12.2.11_1,0.7057793345008757,0.9810015290507961
2024,05,FRA.11.12.2.12_1,0.628721541155867,0.9594144047282176
2024,05,FRA.11.12.2.13_1,0.6217162872154116,0.9570266453970862
2024,05,FRA.11.12.2.14_1,0.6567425569176883,0.9682458365518543
2024,05,FRA.11.12.2.15_1,0.6900175131348513,0.9772696659571503
2024,05,FRA.11.12.2.2_1,0.6532399299474606,0.9672042183530839
2024,05,FRA.11.12.2.3_1,0.6339754816112084,0.9611576353543679
2024,05,FRA.11.12.2.4_1,0.6672504378283713,0.9712651543219287
2024,05,FRA.11.12.2.5_1,0.6952714535901927,0.97855199146494
2024,05,FRA.11.12.2.6_1,0.6619964973730298,0.9697752316903129
2024,05,FRA.11.12.2.7_1,0.6444833625218914,0.9645226798784983
2024,05,FRA.11.12.2.8_1,0.6479859894921192,0.9656086163658648
2024,05,FRA.11.12.2.9_1,0.6690017513134852,0.9717530550505102
2024,05,FRA.11.13.1.1_1,0.6252189141856392,0.9582296175760798
2024,05,FRA.11.13.1.10_1,0.6654991243432575,0.9707728879609279
2024,05,FRA.11.13.1.11_1,0.6409807355516638,0.9634189120003821
2024,05,FRA.11.13.1.12_1,0.6725043782837129,0.9727157858285225
2024,05,FRA.11.13.1.13_1,0.6532399299474606,0.9672042183530839
2024,05,FRA.11.13.1.14_1,0.6690017513134852,0.9717530550505102
2024,05,FRA.11.13.1.15_1,0.6444833625218914,0.9645226798784983
2024,05,FRA.11.13.1.16_1,0.6444833625218914,0.9645226798784983
2024,05,FRA.11.13.1.17_1,0.6777583187390543,0.9741273017424364
2024,05,FRA.11.13.1.18_1,0.6584938704028022,0.9687600322061186
2024,05,FRA.11.13.1.19_1,0.6900175131348513,0.9772696659571503
2024,05,FRA.11.13.1.2_1,0.6479859894921192,0.9656086163658648
2024,05,FRA.11.13.1.20_1,0.6672504378283713,0.9712651543219287
2024,05,FRA.11.13.1.21_1,0.6690017513134852,0.9717530550505102
2024,05,FRA.11.13.1.22_1,0.670753064798599,0.9722365967191319
2024,05,FRA.11.13.1.23_1,0.649737302977233,0.9661449166662318
2024,05,FRA.11.13.1.24_1,0.6619964973730298,0.9697752316903129
2024,05,FRA.11.13.1.3_1,0.6199649737302978,0.9564183185196736
2024,05,FRA.11.13.1.4_1,0.6532399299474606,0.9672042183530839
2024,05,FRA.11.13.1.5_1,0.6357267950963222,0.9617296917533533
2024,05,FRA.11.13.1.6_1,0.6882661996497373,0.976833660353696
2024,05,FRA.11.13.1.7_1,0.6935201401050789,0.9781288258711119
2024,05,FRA.11.13.1.8_1,0.6672504378283713,0.9712651543219287
2024,05,FRA.11.13.1.9_1,0.6654991243432575,0.9707728879609279
2024,05,FRA.11.13.2.1_1,0.6777583187390543,0.9741273017424364
2024,05,FRA.11.13.2.10_1,0.6549912434325745,0.9677272342969376
2024,05,FRA.11.13.2.11_1,0.6970227670753065,0.9789708882290628
2024,05,FRA.11.13.2.12_1,0.6217162872154116,0.9570266453970862
2024,05,FRA.11.13.2.13_1,0.6549912434325745,0.9677272342969376
2024,05,FRA.11.13.2.14_1,0.7022767075306481,0.9802020199938377
2024,05,FRA.11.13.2.15_1,0.63922942206655,0.9628603221651623
2024,05,FRA.11.13.2.16_1,0.6409807355516638,0.9634189120003821
2024,05,FRA.11.13.2.17_1,0.6900175131348513,0.9772696659571503
2024,05,FRA.11.13.2.18_1,0.6409807355516638,0.9634189120003821
2024,05,FRA.11.13.2.19_1,0.6532399299474606,0.9672042183530839
2024,05,FRA.11.13.2.2_1,0.6900175131348513,0.9772696659571503
2024,05,FRA.11.13.2.20_1,0.6549912434325745,0.9677272342969376
2024,05,FRA.11.13.2.21_1,0.6865148861646235,0.9763933633531108
2024,05,FRA.11.13.2.22_1,0.6252189141856392,0.9582296175760798
2024,05,FRA.11.13.2.23_1,0.6725043782837129,0.9727157858285225
2024,05,FRA.11.13.2.3_1,0.6374781085814362,0.962297251372984
2024,05,FRA.11.13.2.4_1,0.6952714535901927,0.97855199146494
2024,05,FRA.11.13.2.5_1,0.6795096322241682,0.9745891442038537
2024,05,FRA.11.13.2.6_1,0.6549912434325745,0.9677272342969376
2024,05,FRA.11.13.2.7_1,0.7040280210157619,0.9806038955664005
2024,05,FRA.11.13.2.8_1,0.6672504378283713,0.9712651543219287
2024,05,FRA.11.13.2.9_1,0.6795096322241682,0.9745891442038537
2024,05,FRA.11.2.1.1_1,0.649737302977233,0.9661449166662318
2024,05,FRA.11.2.1.10_1,0.628721541155867,0.9594144047282176
2024,05,FRA.11.2.1.11_1,0.6847635726795097,0.9759487691472335
2024,05,FRA.11.2.1.12_1,0.5674255691768827,0.936
2024,05,FRA.11.2.1.13_1,0.6024518388791593,0.9500821017154254
2024,05,FRA.11.2.1.14_1,0.6112084063047285,0.9533079250693346
2024,05,FRA.11.2.1.15_1,0.5359019264448337,0.9216593730874764
2024,05,FRA.11.2.1.16_1,0.6059544658493871,0.9513863568498342
2024,05,FRA.11.2.1.17_1,0.6479859894921192,0.9656086163658648
2024,05,FRA.11.2.1.18_1,0.6672504378283713,0.9712651543219287
2024,05,FRA.11.2.1.2_1,0.6637478108581437,0.970276249322841
2024,05,FRA.11.2.1.3_1,0.6409807355516638,0.9634189120003821
2024,05,FRA.11.2.1.4_1,0.6427320490367776,0.9639730286683336
2024,05,FRA.11.2.1.5_1,0.6339754816112084,0.9611576353543679
2024,05,FRA.11.2.1.6_1,0.6742556917688267,0.9731906288081488
2024,05,FRA.11.2.1.7_1,0.6514886164623468,0.9666767815562759
2024,05,FRA.11.2.1.8_1,0.7040280210157619,0.9806038955664005
2024,05,FRA.11.2.1.9_1,0.670753064798599,0.9722365967191319
2024,05,FRA.11.2.2.1_1,0.5954465849387042,0.9474175425861608
2024,05,FRA.11.2.2.2_1,0.6409807355516638,0.9634189120003821
2024,05,FRA.11.2.2.3_1,0.6252189141856392,0.9582296175760798
2024,05,FRA.11.2.2.4_1,0.6812609457092821,0.975046665549911
2024,05,FRA.11.2.2.5_1,0.6129597197898424,0.9539392014169457
2024,05,FRA.11.2.2.6_1,0.6847635726795097,0.9759487691472335
2024,05,FRA.11.2.2.7_1,0.6865148861646235,0.9763933633531108
2024,05,FRA.11.2.2.8_1,0.6427320490367776,0.9639730286683336
2024,05,FRA.11.2.3.1_1,0.6252189141856392,0.9582296175760798
2024,05,FRA.11.2.3.2_1,0.5148861646234676,0.9111838453352868
2024,05,FRA.11.2.3.3_1,0.5709281961471104,0.9374945333173949
2024,05,FRA.11.2.3.4_1,0.597197898423818,0.9480907129594721
2024,05,FRA.11.2.3.5_1,0.5831873905429072,0.9425730740902798
2024,05,FRA.11.2.3.6_1,0.5586690017513135,0.9321780945720619
2024,05,FRA.11.2.3.7_1,0.5656742556917689,0.9352454223357631
2024,05,FRA.11.2.3.8_1,0.5253940455341506,0.916515138991168
2024,05,FRA.11.2.3.9_1,0.5726795096322242,0.9382345122622595
2024,05,FRA.11.3.1.1_1,0.7145359019264449,0.9829262434180909
2024,05,FRA.11.3.1.10_1,0.6462346760070053,0.965067873260736
2024,05,FRA.11.3.1.11_1,0.6059544658493871,0.9513863568498342
2024,05,FRA.11.3.1.12_1,0.63922942206655,0.9628603221651623
2024,05,FRA.11.3.1.13_1,0.7057793345008757,0.9810015290507961
2024,05,FRA.11.3.1.14_1,0.62697022767075306,0.9588242800430119
2024,05,FRA.11.3.1.15_1,0.6760070052539405,0.9736611320166786
2024,05,FRA.11.3.1.16_1,0.6462346760070053,0.965067873260736
2024,05,FRA.11.3.1.2_1,0.6812609457092821,0.975046665549911
2024,05,FRA.11.3.1.3_1,0.6865148861646235,0.9763933633531108
2024,05,FRA.11.3.1.4_1,0.6637478108581437,0.970276249322841
2024,05,FRA.11.3.1.5_1,0.62697022767075306,0.9588242800430119
2024,05,FRA.11.3.1.6_1,0.6479859894921192,0.9656086163658648
2024,05,FRA.11.3.1.7_1,0.6304728546409808,0.96
2024,05,FRA.11.3.1.8_1,0.6164623467600701,0.955187939622355
2024,05,FRA.11.3.1.9_1,0.670753064798599,0.9722365967191319
2024,05,FRA.11.3.2.1_1,0.6374781085814362,0.962297251372984
2024,05,FRA.11.3.2.10_1,0.6882661996497373,0.976833660353696
2024,05,FRA.11.3.2.11_1,0.7285464098073555,0.9857869952479592
2024,05,FRA.11.3.2.12_1,0.649737302977233,0.9661449166662318
2024,05,FRA.11.3.2.13_1,0.6952714535901927,0.97855199146494
2024,05,FRA.11.3.2.14_1,0.6865148861646235,0.9763933633531108
2024,05,FRA.11.3.2.15_1,0.6584938704028022,0.9687600322061186
2024,05,FRA.11.3.2.16_1,0.6795096322241682,0.9745891442038537
2024,05,FRA.11.3.2.17_1,0.6900175131348513,0.9772696659571503
2024,05,FRA.11.3.2.18_1,0.670753064798599,0.9722365967191319
2024,05,FRA.11.3.2.19_1,0.670753064798599,0.9722365967191319
2024,05,FRA.11.3.2.2_1,0.6777583187390543,0.9741273017424364
2024,05,FRA.11.3.2.20_1,0.6760070052539405,0.9736611320166786
2024,05,FRA.11.3.2.21_1,0.6619964973730298,0.9697752316903129
2024,05,FRA.11.3.2.22_1,0.6567425569176883,0.9682458365518543
2024,05,FRA.11.3.2.23_1,0.63922942206655,0.9628603221651623
2024,05,FRA.11.3.2.24_1,0.6129597197898424,0.9539392014169457
2024,05,FRA.11.3.2.3_1,0.6584938704028022,0.9687600322061186
2024,05,FRA.11.3.2.4_1,0.6532399299474606,0.9672042183530839
2024,05,FRA.11.3.2.5_1,0.7022767075306481,0.9802020199938377
2024,05,FRA.11.3.2.6_1,0.6654991243432575,0.9707728879609279
2024,05,FRA.11.3.2.7_1,0.7110332749562173,0.9821690282227392
2024,05,FRA.11.3.2.8_1,0.6427320490367776,0.9639730286683336
2024,05,FRA.11.3.2.9_1,0.6514886164623468,0.9666767815562759
2024,05,FRA.11.3.3.1_1,0.6847635726795097,0.9759487691472335
2024,05,FRA.11.3.3.2_1,0.6514886164623468,0.9666767815562759
2024,05,FRA.11.3.3.3_1,0.670753064798599,0.9722365967191319
2024,05,FRA.11.3.3.4_1,0.6725043782837129,0.9727157858285225
2024,05,FRA.11.3.3.5_1,0.6690017513134852,0.9717530550505102
2024,05,FRA.11.3.3.6_1,0.6584938704028022,0.9687600322061186
2024,05,FRA.11.3.3.7_1,0.7250437828371279,0.9850969495435462
2024,05,FRA.11.3.3.8_1,0.660245183887916,0.9692698282728087
2024,05,FRA.11.4.1.1_1,0.6199649737302978,0.9564183185196736
2024,05,FRA.11.4.1.10_1,0.6024518388791593,0.9500821017154254
2024,05,FRA.11.4.1.11_1,0.6427320490367776,0.9639730286683336
2024,05,FRA.11.4.1.12_1,0.6304728546409808,0.96
2024,05,FRA.11.4.1.13_1,0.6007005253940456,0.9494229826584145
2024,05,FRA.11.4.1.2_1,0.6129597197898424,0.9539392014169457
2024,05,FRA.11.4.1.3_1,0.5884413309982488,0.9446777228240327
2024,05,FRA.11.4.1.4_1,0.5779334500875658,0.9404254356406998
2024,05,FRA.11.4.1.5_1,0.6234676007005254,0.9576304088739037
2024,05,FRA.11.4.1.6_1,0.6164623467600701,0.955187939622355
2024,05,FRA.11.4.1.7_1,0.6532399299474606,0.9672042183530839
2024,05,FRA.11.4.1.8_1,0.6374781085814362,0.962297251372984
2024,05,FRA.11.4.1.9_1,0.6164623467600701,0.955187939622355
2024,05,FRA.11.4.2.1_1,0.6042031523642732,0.9507365565707464
2024,05,FRA.11.4.2.10_1,0.6182136602451839,0.9558054195284729
2024,05,FRA.11.4.2.2_1,0.6234676007005254,0.9576304088739037
2024,05,FRA.11.4.2.3_1,0.6462346760070053,0.965067873260736
2024,05,FRA.11.4.2.4_1,0.5779334500875658,0.9404254356406998
2024,05,FRA.11.4.2.5_1,0.6322241681260946,0.9605810741421048
2024,05,FRA.11.4.2.6_1,0.62697022767075306,0.9588242800430119
2024,05,FRA.11.4.2.7_1,0.6007005253940456,0.9494229826584145
2024,05,FRA.11.4.2.8_1,0.6339754816112084,0.9611576353543679
2024,05,FRA.11.4.2.9_1,0.6725043782837129,0.9727157858285225
2024,05,FRA.11.4.3.1_1,0.6304728546409808,0.96
2024,05,FRA.11.4.3.10_1,0.6112084063047285,0.9533079250693346
2024,05,FRA.11.4.3.11_1,0.5849387040280211,0.9432793859721519
2024,05,FRA.11.4.3.12_1,0.5674255691768827,0.936
2024,05,FRA.11.4.3.13_1,0.5954465849387042,0.9474175425861608
2024,05,FRA.11.4.3.14_1,0.6304728546409808,0.96
2024,05,FRA.11.4.3.15_1,0.5884413309982488,0.9446777228240327
2024,05,FRA.11.4.3.16_1,0.5919439579684764,0.946057080730333
2024,05,FRA.11.4.3.17_1,0.6462346760070053,0.965067873260736
2024,05,FRA.11.4.3.18_1,0.6007005253940456,0.9494229826584145
2024,05,FRA.11.4.3.19_1,0.6357267950963222,0.9617296917533533
2024,05,FRA.11.4.3.2_1,0.6077057793345009,0.9520315120835025
2024,05,FRA.11.4.3.3_1,0.6584938704028022,0.9687600322061186
2024,05,FRA.11.4.3.4_1,0.5674255691768827,0.936
2024,05,FRA.11.4.3.5_1,0.6024518388791593,0.9500821017154254
2024,05,FRA.11.4.3.6_1,0.5936952714535902,0.9467396685467447
2024,05,FRA.11.4.3.7_1,0.5639229422066551,0.9344859549506349
2024,05,FRA.11.4.3.8_1,0.5936952714535902,0.9467396685467447
2024,05,FRA.11.4.3.9_1,0.6077057793345009,0.9520315120835025
2024,05,FRA.11.5.1.10_1,0.6304728546409808,0.96
2024,05,FRA.11.5.1.11_1,0.6830122591943959,0.9754998718605759
2024,05,FRA.11.5.1.6_1,0.6409807355516638,0.9634189120003821
2024,05,FRA.11.5.1.9_1,0.6444833625218914,0.9645226798784983
2024,05,FRA.11.5.2.1_1,0.6374781085814362,0.962297251372984
2024,05,FRA.11.5.2.10_1,0.63922942206655,0.9628603221651623
2024,05,FRA.11.5.2.6_1,0.6584938704028022,0.9687600322061186
2024,05,FRA.11.5.2.7_1,0.6584938704028022,0.9687600322061186
2024,05,FRA.11.5.2.8_1,0.62697022767075306,0.9588242800430119
2024,05,FRA.11.5.2.9_1,0.6322241681260946,0.9605810741421048
2024,05,FRA.11.5.3.2_1,0.6742556917688267,0.9731906288081488
2024,05,FRA.11.5.3.3_1,0.6129597197898424,0.9539392014169457
2024,05,FRA.11.5.3.4_1,0.6567425569176883,0.9682458365518543
2024,05,FRA.11.5.3.7_1,0.7197898423817863,0.9840304873325826
2024,05,FRA.11.5.3.8_1,0.6462346760070053,0.965067873260736
2024,05,FRA.11.6.1.1_1,0.6882661996497373,0.976833660353696
2024,05,FRA.11.6.1.10_1,0.660245183887916,0.9692698282728087
2024,05,FRA.11.6.1.11_1,0.6217162872154116,0.9570266453970862
2024,05,FRA.11.6.1.2_1,0.6742556917688267,0.9731906288081488
2024,05,FRA.11.6.1.3_1,0.6182136602451839,0.9558054195284729
2024,05,FRA.11.6.1.4_1,0.6672504378283713,0.9712651543219287
2024,05,FRA.11.6.1.5_1,0.6567425569176883,0.9682458365518543
2024,05,FRA.11.6.1.6_1,0.6409807355516638,0.9634189120003821
2024,05,FRA.11.6.1.7_1,0.6094570928196147,0.9526720317087093
2024,05,FRA.11.6.1.8_1,0.6059544658493871,0.9513863568498342
2024,05,FRA.11.6.1.9_1,0.6917688266199651,0.9777013859047148
2024,05,FRA.11.6.2.1_1,0.6654991243432575,0.9707728879609279
2024,05,FRA.11.6.2.10_1,0.6760070052539405,0.9736611320166786
2024,05,FRA.11.6.2.11_1,0.660245183887916,0.9692698282728087
2024,05,FRA.11.6.2.2_1,0.6182136602451839,0.9558054195284729
2024,05,FRA.11.6.2.3_1,0.6252189141856392,0.9582296175760798
2024,05,FRA.11.6.2.4_1,0.7110332749562173,0.9821690282227392
2024,05,FRA.11.6.2.5_1,0.6584938704028022,0.9687600322061186
2024,05,FRA.11.6.2.6_1,0.5779334500875658,0.9404254356406998
2024,05,FRA.11.6.2.7_1,0.6830122591943959,0.9754998718605759
2024,05,FRA.11.6.2.8_1,0.6462346760070053,0.965067873260736
2024,05,FRA.11.6.2.9_1,0.670753064798599,0.9722365967191319
2024,05,FRA.11.6.3.1_1,0.6164623467600701,0.955187939622355
2024,05,FRA.11.6.3.10_1,0.6444833625218914,0.9645226798784983
2024,05,FRA.11.6.3.11_1,0.6795096322241682,0.9745891442038537
2024,05,FRA.11.6.3.12_1,0.6847635726795097,0.9759487691472335
2024,05,FRA.11.6.3.13_1,0.6164623467600701,0.955187939622355
2024,05,FRA.11.6.3.14_1,0.6865148861646235,0.9763933633531108
2024,05,FRA.11.6.3.15_1,0.6549912434325745,0.9677272342969376
2024,05,FRA.11.6.3.16_1,0.6830122591943959,0.9754998718605759
2024,05,FRA.11.6.3.17_1,0.6549912434325745,0.9677272342969376
2024,05,FRA.11.6.3.18_1,0.660245183887916,0.9692698282728087
2024,05,FRA.11.6.3.19_1,0.6619964973730298,0.9697752316903129
2024,05,FRA.11.6.3.2_1,0.6830122591943959,0.9754998718605759
2024,05,FRA.11.6.3.20_1,0.6847635726795097,0.9759487691472335
2024,05,FRA.11.6.3.21_1,0.6795096322241682,0.9745891442038537
2024,05,FRA.11.6.3.22_1,0.7162872154115587,0.9832985304575615
2024,05,FRA.11.6.3.3_1,0.6654991243432575,0.9707728879609279
2024,05,FRA.11.6.3.4_1,0.6952714535901927,0.97855199146494
2024,05,FRA.11.6.3.5_1,0.6234676007005254,0.9576304088739037
2024,05,FRA.11.6.3.6_1,0.6795096322241682,0.9745891442038537
2024,05,FRA.11.6.3.7_1,0.660245183887916,0.9692698282728087
2024,05,FRA.11.6.3.8_1,0.6532399299474606,0.9672042183530839
2024,05,FRA.11.6.3.9_1,0.6637478108581437,0.970276249322841
2024,05,FRA.11.7.1.1_1,0.6357267950963222,0.9617296917533533
2024,05,FRA.11.7.1.2_1,0.6304728546409808,0.96
2024,05,FRA.11.7.1.3_1,0.6987740805604205,0.9793855216409929
2024,05,FRA.11.7.1.4_1,0.6970227670753065,0.9789708882290628
2024,05,FRA.11.7.1.5_1,0.6654991243432575,0.9707728879609279
2024,05,FRA.11.7.1.6_1,0.5709281961471104,0.9374945333173949
2024,05,FRA.11.7.1.7_1,0.7197898423817863,0.9840304873325826
2024,05,FRA.11.7.2.1_1,0.6339754816112084,0.9611576353543679
2024,05,FRA.11.7.2.2_1,0.6304728546409808,0.96
2024,05,FRA.11.7.2.3_1,0.660245183887916,0.9692698282728087
2024,05,FRA.11.7.2.4_1,0.6322241681260946,0.9605810741421048
2024,05,FRA.11.7.2.5_1,0.6935201401050789,0.9781288258711119
2024,05,FRA.11.7.2.6_1,0.6795096322241682,0.9745891442038537
2024,05,FRA.11.7.2.7_1,0.6865148861646235,0.9763933633531108
2024,05,FRA.11.7.2.8_1,0.6952714535901927,0.97855199146494
2024,05,FRA.11.7.2.9_1,0.6147110332749562,0.954565869911553
2024,05,FRA.11.7.3.1_1,0.6882661996497373,0.976833660353696
2024,05,FRA.11.7.3.10_1,0.6322241681260946,0.9605810741421048
2024,05,FRA.11.7.3.11_1,0.6882661996497373,0.976833660353696
2024,05,FRA.11.7.3.12_1,0.6725043782837129,0.9727157858285225
2024,05,FRA.11.7.3.13_1,0.7092819614711035,0.9817840903172144
2024,05,FRA.11.7.3.14_1,0.6217162872154116,0.9570266453970862
2024,05,FRA.11.7.3.15_1,0.6042031523642732,0.9507365565707464
2024,05,FRA.11.7.3.2_1,0.6567425569176883,0.9682458365518543
2024,05,FRA.11.7.3.3_1,0.6760070052539405,0.9736611320166786
2024,05,FRA.11.7.3.4_1,0.5989492119089318,0.9487591896788141
2024,05,FRA.11.7.3.5_1,0.6532399299474606,0.9672042183530839
2024,05,FRA.11.7.3.6_1,0.7040280210157619,0.9806038955664005
2024,05,FRA.11.7.3.7_1,0.5936952714535902,0.9467396685467447
2024,05,FRA.11.7.3.8_1,0.670753064798599,0.9722365967191319
2024,05,FRA.11.7.3.9_1,0.6690017513134852,0.9717530550505102
2024,05,FRA.11.8.1.1_1,0.5446584938704029,0.9258055951440345
2024,05,FRA.11.8.1.10_1,0.56217162872154125,0.9337215859130601
2024,05,FRA.11.8.1.11_1,0.6024518388791593,0.9500821017154254
2024,05,FRA.11.8.1.12_1,0.6322241681260946,0.9605810741421048
2024,05,FRA.11.8.1.13_1,0.5761821366024519,0.939699952112375
2024,05,FRA.11.8.1.14_1,0.5814360770577934,0.9418619856433319
2024,05,FRA.11.8.1.15_1,0.5954465849387042,0.9474175425861608
2024,05,FRA.11.8.1.16_1,0.6549912434325745,0.9677272342969376
2024,05,FRA.11.8.1.17_1,0.5989492119089318,0.9487591896788141
2024,05,FRA.11.8.1.18_1,0.6147110332749562,0.954565869911553
2024,05,FRA.11.8.1.19_1,0.6007005253940456,0.9494229826584145
2024,05,FRA.11.8.1.2_1,0.6094570928196147,0.9526720317087093
2024,05,FRA.11.8.1.3_1,0.586690017513135,0.9439809320108113
2024,05,FRA.11.8.1.4_1,0.597197898423818,0.9480907129594721
2024,05,FRA.11.8.1.5_1,0.5919439579684764,0.946057080730333
2024,05,FRA.11.8.1.6_1,0.6322241681260946,0.9605810741421048
2024,05,FRA.11.8.1.7_1,0.6094570928196147,0.9526720317087093
2024,05,FRA.11.8.1.8_1,0.5884413309982488,0.9446777228240327
2024,05,FRA.11.8.1.9_1,0.6549912434325745,0.9677272342969376
2024,05,FRA.11.8.2.1_1,0.6007005253940456,0.9494229826584145
2024,05,FRA.11.8.2.2_1,0.6077057793345009,0.9520315120835025
2024,05,FRA.11.8.2.3_1,0.6164623467600701,0.955187939622355
2024,05,FRA.11.8.2.4_1,0.6952714535901927,0.97855199146494
2024,05,FRA.11.8.2.5_1,0.5989492119089318,0.9487591896788141
2024,05,FRA.11.8.2.6_1,0.6532399299474606,0.9672042183530839
2024,05,FRA.11.8.2.7_1,0.6217162872154116,0.9570266453970862
2024,05,FRA.11.8.2.8_1,0.5831873905429072,0.9425730740902798
2024,05,FRA.11.8.3.1_1,0.6374781085814362,0.962297251372984
2024,05,FRA.11.8.3.10_1,0.5989492119089318,0.9487591896788141
2024,05,FRA.11.8.3.11_1,0.5831873905429072,0.9425730740902798
2024,05,FRA.11.8.3.12_1,0.6532399299474606,0.9672042183530839
2024,05,FRA.11.8.3.13_1,0.5954465849387042,0.9474175425861608
2024,05,FRA.11.8.3.14_1,0.5849387040280211,0.9432793859721519
2024,05,FRA.11.8.3.2_1,0.5639229422066551,0.9344859549506349
2024,05,FRA.11.8.3.3_1,0.5726795096322242,0.9382345122622595
2024,05,FRA.11.8.3.4_1,0.6147110332749562,0.954565869911553
2024,05,FRA.11.8.3.5_1,0.6094570928196147,0.9526720317087093
2024,05,FRA.11.8.3.6_1,0.5796847635726796,0.9411461098044235
2024,05,FRA.11.8.3.7_1,0.6444833625218914,0.9645226798784983
2024,05,FRA.11.8.3.8_1,0.6059544658493871,0.9513863568498342
2024,05,FRA.11.8.3.9_1,0.6164623467600701,0.955187939622355
2024,05,FRA.11.9.1.10_1,0.7110332749562173,0.9821690282227392
2024,05,FRA.11.9.1.12_1,0.7040280210157619,0.9806038955664005
2024,05,FRA.11.9.1.5_1,0.6952714535901927,0.97855199146494
2024,05,FRA.11.9.1.7_1,0.63922942206655,0.9628603221651623
2024,05,FRA.11.9.1.8_1,0.7145359019264449,0.9829262434180909
2024,05,FRA.11.9.2.1_1,0.6830122591943959,0.9754998718605759
2024,05,FRA.11.9.2.10_1,0.6917688266199651,0.9777013859047148
2024,05,FRA.11.9.2.2_1,0.6514886164623468,0.9666767815562759
2024,05,FRA.11.9.2.3_1,0.7040280210157619,0.9806038955664005
2024,05,FRA.11.9.2.4_1,0.6742556917688267,0.9731906288081488
2024,05,FRA.11.9.2.7_1,0.6514886164623468,0.9666767815562759
2024,05,FRA.11.9.3.1_1,0.6672504378283713,0.9712651543219287
2024,05,FRA.11.9.3.4_1,0.7040280210157619,0.9806038955664005
2024,05,FRA.11.9.3.5_1,0.6795096322241682,0.9745891442038537
2024,05,FRA.11.9.3.8_1,0.6777583187390543,0.9741273017424364
2024,05,FRA.11.9.3.9_1,0.6514886164623468,0.9666767815562759
2024,05,FRA.12.1.1.1_1,0.7460595446584939,0.9889873608899156
2024,05,FRA.12.1.1.2_1,0.7863397548161122,0.9947843987518099
2024,05,FRA.12.1.1.3_1,0.7478108581436077,0.9892845899942038
2024,05,FRA.12.1.1.4_1,0.7338003502626971,0.986790757962396
2024,05,FRA.12.1.1.5_1,0.7022767075306481,0.9802020199938377
2024,05,FRA.12.1.2.1_1,0.6830122591943959,0.9754998718605759
2024,05,FRA.12.1.2.10_1,0.7338003502626971,0.986790757962396
2024,05,FRA.12.1.2.2_1,0.7390542907180385,0.9877570551507087
2024,05,FRA.12.1.2.3_1,0.6567425569176883,0.9682458365518543
2024,05,FRA.12.1.2.4_1,0.7145359019264449,0.9829262434180909
2024,05,FRA.12.1.2.5_1,0.7320490367775833,0.98646033878712025
2024,05,FRA.12.1.2.6_1,0.6917688266199651,0.9777013859047148
2024,05,FRA.12.1.2.7_1,0.6987740805604205,0.9793855216409929
2024,05,FRA.12.1.2.8_1,0.7320490367775833,0.98646033878712025
2024,05,FRA.12.1.2.9_1,0.7075306479859896,0.9813949256033475
2024,05,FRA.12.1.3.1_1,0.7845884413309984,0.9945772971468834
2024,05,FRA.12.1.3.10_1,0.7145359019264449,0.9829262434180909
2024,05,FRA.12.1.3.11_1,0.7057793345008757,0.9810015290507961
2024,05,FRA.12.1.3.12_1,0.7302977232924693,0.9861257526299574
2024,05,FRA.12.1.3.13_1,0.7425569176882663,0.9883804935347521
2024,05,FRA.12.1.3.14_1,0.7040280210157619,0.9806038955664005
2024,05,FRA.12.1.3.15_1,0.7180385288966725,0.983666610188635
2024,05,FRA.12.1.3.16_1,0.7338003502626971,0.986790757962396
2024,05,FRA.12.1.3.17_1,0.7688266199649738,0.9925301002992302
2024,05,FRA.12.1.3.18_1,0.7425569176882663,0.9883804935347521
2024,05,FRA.12.1.3.19_1,0.712784588441331,0.9825497442877892
2024,05,FRA.12.1.3.2_1,0.7390542907180385,0.9877570551507087
2024,05,FRA.12.1.3.20_1,0.7320490367775833,0.98646033878712025
2024,05,FRA.12.1.3.3_1,0.6619964973730298,0.9697752316903129
2024,05,FRA.12.1.3.4_1,0.7215411558669002,0.9843901665498289
2024,05,FRA.12.1.3.5_1,0.7495621716287216,0.9895776877031939
2024,05,FRA.12.1.3.6_1,0.7302977232924693,0.9861257526299574
2024,05,FRA.12.1.3.7_1,0.7425569176882663,0.9883804935347521
2024,05,FRA.12.1.3.8_1,0.7618213660245184,0.9915139938498094
2024,05,FRA.12.1.3.9_1,0.7320490367775833,0.98646033878712025
2024,05,FRA.12.1.4.1_1,0.7425569176882663,0.9883804935347521
2024,05,FRA.12.1.4.10_1,0.6952714535901927,0.97855199146494
2024,05,FRA.12.1.4.11_1,0.7355516637478109,0.9871170143402452
2024,05,FRA.12.1.4.12_1,0.7320490367775833,0.98646033878712025
2024,05,FRA.12.1.4.13_1,0.7215411558669002,0.9843901665498289
2024,05,FRA.12.1.4.2_1,0.7530647985989493,0.990151503558925
2024,05,FRA.12.1.4.3_1,0.6795096322241682,0.9745891442038537
2024,05,FRA.12.1.4.4_1,0.7145359019264449,0.9829262434180909
2024,05,FRA.12.1.4.5_1,0.7583187390542908,0.9909813318120578
2024,05,FRA.12.1.4.6_1,0.7320490367775833,0.98646033878712025
2024,05,FRA.12.1.4.7_1,0.7355516637478109,0.9871170143402452
2024,05,FRA.12.1.4.8_1,0.7338003502626971,0.986790757962396
2024,05,FRA.12.1.4.9_1,0.7145359019264449,0.9829262434180909
2024,05,FRA.12.2.1.1_1,0.6830122591943959,0.9754998718605759
2024,05,FRA.12.2.1.10_1,0.6935201401050789,0.9781288258711119
2024,05,FRA.12.2.1.11_1,0.7162872154115587,0.9832985304575615
2024,05,FRA.12.2.1.12_1,0.7250437828371279,0.9850969495435462
2024,05,FRA.12.2.1.13_1,0.6760070052539405,0.9736611320166786
2024,05,FRA.12.2.1.14_1,0.6917688266199651,0.9777013859047148
2024,05,FRA.12.2.1.15_1,0.7075306479859896,0.9813949256033475
2024,05,FRA.12.2.1.16_1,0.6567425569176883,0.9682458365518543
2024,05,FRA.12.2.1.2_1,0.6812609457092821,0.975046665549911
2024,05,FRA.12.2.1.3_1,0.7215411558669002,0.9843901665498289
2024,05,FRA.12.2.1.4_1,0.7022767075306481,0.9802020199938377
2024,05,FRA.12.2.1.5_1,0.670753064798599,0.9722365967191319
2024,05,FRA.12.2.1.6_1,0.6900175131348513,0.9772696659571503
2024,05,FRA.12.2.1.7_1,0.6374781085814362,0.962297251372984
2024,05,FRA.12.2.1.8_1,0.6672504378283713,0.9712651543219287
2024,05,FRA.12.2.1.9_1,0.7408056042031524,0.9880708476622514
2024,05,FRA.12.2.2.1_1,0.7250437828371279,0.9850969495435462
2024,05,FRA.12.2.2.10_1,0.7005253940455343,0.9797958971132712
2024,05,FRA.12.2.2.2_1,0.6742556917688267,0.9731906288081488
2024,05,FRA.12.2.2.3_1,0.7162872154115587,0.9832985304575615
2024,05,FRA.12.2.2.4_1,0.7232924693520141,0.9847456524402634
2024,05,FRA.12.2.2.5_1,0.7863397548161122,0.9947843987518099
2024,05,FRA.12.2.2.6_1,0.7583187390542908,0.9909813318120578
2024,05,FRA.12.2.2.7_1,0.7320490367775833,0.98646033878712025
2024,05,FRA.12.2.2.8_1,0.6847635726795097,0.9759487691472335
2024,05,FRA.12.2.2.9_1,0.7460595446584939,0.9889873608899156
2024,05,FRA.12.2.3.1_1,0.6777583187390543,0.9741273017424364
2024,05,FRA.12.2.3.10_1,0.6760070052539405,0.9736611320166786
2024,05,FRA.12.2.3.11_1,0.7110332749562173,0.9821690282227392
2024,05,FRA.12.2.3.2_1,0.7005253940455343,0.9797958971132712
2024,05,FRA.12.2.3.3_1,0.7180385288966725,0.983666610188635
2024,05,FRA.12.2.3.4_1,0.7180385288966725,0.983666610188635
2024,05,FRA.12.2.3.5_1,0.6690017513134852,0.9717530550505102
2024,05,FRA.12.2.3.6_1,0.7197898423817863,0.9840304873325826
2024,05,FRA.12.2.3.7_1,0.6777583187390543,0.9741273017424364
2024,05,FRA.12.2.3.8_1,0.6777583187390543,0.9741273017424364
2024,05,FRA.12.2.3.9_1,0.7022767075306481,0.9802020199938377
2024,05,FRA.12.2.4.1_1,0.7548161120840631,0.9904322288778774
2024,05,FRA.12.2.4.2_1,0.7338003502626971,0.986790757962396
2024,05,FRA.12.2.4.3_1,0.7460595446584939,0.9889873608899156
2024,05,FRA.12.2.4.4_1,0.6900175131348513,0.9772696659571503
2024,05,FRA.12.2.4.5_1,0.6900175131348513,0.9772696659571503
2024,05,FRA.12.3.1.1_1,0.7355516637478109,0.9871170143402452
2024,05,FRA.12.3.1.2_1,0.6725043782837129,0.9727157858285225
2024,05,FRA.12.3.1.3_1,0.6760070052539405,0.9736611320166786
2024,05,FRA.12.3.1.4_1,0.7355516637478109,0.9871170143402452
2024,05,FRA.12.3.1.5_1,0.7373029772329247,0.987439112046915
2024,05,FRA.12.3.1.6_1,0.7320490367775833,0.98646033878712025
2024,05,FRA.12.3.1.7_1,0.6882661996497373,0.976833660353696
2024,05,FRA.12.3.1.8_1,0.7600700525394046,0.9912497162672985
2024,05,FRA.12.3.2.1_1,0.7232924693520141,0.9847456524402634
2024,05,FRA.12.3.2.10_1,0.670753064798599,0.9722365967191319
2024,05,FRA.12.3.2.11_1,0.7267950963222417,0.9854440623394105
2024,05,FRA.12.3.2.2_1,0.7285464098073555,0.9857869952479592
2024,05,FRA.12.3.2.3_1,0.6987740805604205,0.9793855216409929
2024,05,FRA.12.3.2.4_1,0.7600700525394046,0.9912497162672985
2024,05,FRA.12.3.2.5_1,0.7040280210157619,0.9806038955664005
2024,05,FRA.12.3.2.6_1,0.6900175131348513,0.9772696659571503
2024,05,FRA.12.3.2.7_1,0.7373029772329247,0.987439112046915
2024,05,FRA.12.3.2.8_1,0.6479859894921192,0.9656086163658648
2024,05,FRA.12.3.2.9_1,0.7443082311733801,0.9886859966642594
2024,05,FRA.12.3.3.1_1,0.7057793345008757,0.9810015290507961
2024,05,FRA.12.3.3.10_1,0.6935201401050789,0.9781288258711119
2024,05,FRA.12.3.3.11_1,0.7110332749562173,0.9821690282227392
2024,05,FRA.12.3.3.12_1,0.7232924693520141,0.9847456524402634
2024,05,FRA.12.3.3.13_1,0.7740805604203153,0.9932492134404135
2024,05,FRA.12.3.3.2_1,0.6865148861646235,0.9763933633531108
2024,05,FRA.12.3.3.3_1,0.7197898423817863,0.9840304873325826
2024,05,FRA.12.3.3.4_1,0.7075306479859896,0.9813949256033475
2024,05,FRA.12.3.3.5_1,0.6830122591943959,0.9754998718605759
2024,05,FRA.12.3.3.6_1,0.7338003502626971,0.986790757962396
2024,05,FRA.12.3.3.7_1,0.7408056042031524,0.9880708476622514
2024,05,FRA.12.3.3.8_1,0.6900175131348513,0.9772696659571503
2024,05,FRA.12.3.3.9_1,0.6882661996497373,0.976833660353696
2024,05,FRA.12.4.1.1_1,0.7232924693520141,0.9847456524402634
2024,05,FRA.12.4.1.10_1,0.6865148861646235,0.9763933633531108
2024,05,FRA.12.4.1.11_1,0.7180385288966725,0.983666610188635
2024,05,FRA.12.4.1.12_1,0.7022767075306481,0.9802020199938377
2024,05,FRA.12.4.1.2_1,0.7022767075306481,0.9802020199938377
2024,05,FRA.12.4.1.3_1,0.6935201401050789,0.9781288258711119
2024,05,FRA.12.4.1.4_1,0.7232924693520141,0.9847456524402634
2024,05,FRA.12.4.1.5_1,0.660245183887916,0.9692698282728087
2024,05,FRA.12.4.1.6_1,0.6987740805604205,0.9793855216409929
2024,05,FRA.12.4.1.7_1,0.6532399299474606,0.9672042183530839
2024,05,FRA.12.4.1.8_1,0.6882661996497373,0.976833660353696
2024,05,FRA.12.4.1.9_1,0.7250437828371279,0.9850969495435462
2024,05,FRA.12.4.2.1_1,0.6935201401050789,0.9781288258711119
2024,05,FRA.12.4.2.2_1,0.6865148861646235,0.9763933633531108
2024,05,FRA.12.4.2.3_1,0.6900175131348513,0.9772696659571503
2024,05,FRA.12.4.2.4_1,0.6725043782837129,0.9727157858285225
2024,05,FRA.12.4.2.5_1,0.7232924693520141,0.9847456524402634
2024,05,FRA.12.4.2.6_1,0.7232924693520141,0.9847456524402634
2024,05,FRA.12.4.2.7_1,0.7285464098073555,0.9857869952479592
2024,05,FRA.12.4.2.8_1,0.6409807355516638,0.9634189120003821
2024,05,FRA.12.4.2.9_1,0.6725043782837129,0.9727157858285225
2024,05,FRA.12.4.3.1_1,0.6672504378283713,0.9712651543219287
2024,05,FRA.12.4.3.10_1,0.6549912434325745,0.9677272342969376
2024,05,FRA.12.4.3.11_1,0.712784588441331,0.9825497442877892
2024,05,FRA.12.4.3.12_1,0.7232924693520141,0.9847456524402634
2024,05,FRA.12.4.3.13_1,0.7092819614711035,0.9817840903172144
2024,05,FRA.12.4.3.14_1,0.7040280210157619,0.9806038955664005
2024,05,FRA.12.4.3.15_1,0.7197898423817863,0.9840304873325826
2024,05,FRA.12.4.3.16_1,0.7180385288966725,0.983666610188635
2024,05,FRA.12.4.3.2_1,0.7232924693520141,0.9847456524402634
2024,05,FRA.12.4.3.3_1,0.7145359019264449,0.9829262434180909
2024,05,FRA.12.4.3.4_1,0.6742556917688267,0.9731906288081488
2024,05,FRA.12.4.3.5_1,0.7338003502626971,0.986790757962396
2024,05,FRA.12.4.3.6_1,0.7145359019264449,0.9829262434180909
2024,05,FRA.12.4.3.7_1,0.7373029772329247,0.987439112046915
2024,05,FRA.12.4.3.8_1,0.7215411558669002,0.9843901665498289
2024,05,FRA.12.4.3.9_1,0.712784588441331,0.9825497442877892
2024,05,FRA.12.5.1.1_1,0.7320490367775833,0.98646033878712025
2024,05,FRA.12.5.1.2_1,0.7022767075306481,0.9802020199938377
2024,05,FRA.12.5.1.3_1,0.7408056042031524,0.9880708476622514
2024,05,FRA.12.5.1.4_1,0.7250437828371279,0.9850969495435462
2024,05,FRA.12.5.1.5_1,0.6847635726795097,0.9759487691472335
2024,05,FRA.12.5.1.6_1,0.7180385288966725,0.983666610188635
2024,05,FRA.12.5.1.7_1,0.7302977232924693,0.9861257526299574
2024,05,FRA.12.5.1.8_1,0.7338003502626971,0.986790757962396
2024,05,FRA.12.5.1.9_1,0.7548161120840631,0.9904322288778774
2024,05,FRA.12.5.2.1_1,0.6970227670753065,0.9789708882290628
2024,05,FRA.12.5.2.10_1,0.7653239929947461,0.9920302414745228
2024,05,FRA.12.5.2.11_1,0.7758318739054292,0.9934807496876826
2024,05,FRA.12.5.2.12_1,0.7530647985989493,0.990151503558925
2024,05,FRA.12.5.2.2_1,0.7110332749562173,0.9821690282227392
2024,05,FRA.12.5.2.3_1,0.7565674255691769,0.9907088371464141
2024,05,FRA.12.5.2.4_1,0.7513134851138354,0.9898666576867816
2024,05,FRA.12.5.2.5_1,0.6987740805604205,0.9793855216409929
2024,05,FRA.12.5.2.6_1,0.7478108581436077,0.9892845899942038
2024,05,FRA.12.5.2.7_1,0.7250437828371279,0.9850969495435462
2024,05,FRA.12.5.2.8_1,0.7180385288966725,0.983666610188635
2024,05,FRA.12.5.2.9_1,0.7285464098073555,0.9857869952479592
2024,05,FRA.12.5.3.1_1,0.7565674255691769,0.9907088371464141
2024,05,FRA.12.5.3.10_1,0.7232924693520141,0.9847456524402634
2024,05,FRA.12.5.3.11_1,0.7390542907180385,0.9877570551507087
2024,05,FRA.12.5.3.2_1,0.7443082311733801,0.9886859966642594
2024,05,FRA.12.5.3.4_1,0.7565674255691769,0.9907088371464141
2024,05,FRA.12.5.3.5_1,0.7110332749562173,0.9821690282227392
2024,05,FRA.12.5.3.6_1,0.7232924693520141,0.9847456524402634
2024,05,FRA.12.5.3.7_1,0.7898423817863398,0.9951864146982715
2024,05,FRA.12.5.3.8_1,0.6742556917688267,0.9731906288081488
2024,05,FRA.12.5.3.9_1,0.7145359019264449,0.9829262434180909
2024,05,FRA.13.1.1.1_1,0.5569176882661997,0.931398947819891
2024,05,FRA.13.1.1.2_1,0.5586690017513135,0.9321780945720619
2024,05,FRA.13.1.2.1_1,0.5534150612959721,0.9298257901349047
2024,05,FRA.13.1.2.2_1,0.5464098073555167,0.9266196630764966
2024,05,FRA.13.1.2.3_1,0.5411558669001751,0.9241623234042816
2024,05,FRA.13.1.2.4_1,0.6427320490367776,0.9639730286683336
2024,05,FRA.13.1.2.5_1,0.6024518388791593,0.9500821017154254
2024,05,FRA.13.1.3.1_1,0.5726795096322242,0.9382345122622595
2024,05,FRA.13.1.3.10_1,0.5131348511383538,0.9102768809543611
2024,05,FRA.13.1.3.11_1,0.521891418563923,0.9147589846511485
2024,05,FRA.13.1.3.2_1,0.5849387040280211,0.9432793859721519
2024,05,FRA.13.1.3.3_1,0.5131348511383538,0.9102768809543611
2024,05,FRA.13.1.3.4_1,0.5779334500875658,0.9404254356406998
2024,05,FRA.13.1.3.5_1,0.5271453590192645,0.9173854151881858
2024,05,FRA.13.1.3.6_1,0.5709281961471104,0.9374945333173949
2024,05,FRA.13.1.3.7_1,0.5954465849387042,0.9474175425861608
2024,05,FRA.13.1.3.8_1,0.5078809106830122,0.9075241043630743
2024,05,FRA.13.1.3.9_1,0.5464098073555167,0.9266196630764966
2024,05,FRA.13.1.4.1_1,0.5341506129597198,0.920814856526544
2024,05,FRA.13.1.4.10_1,0.56217162872154125,0.9337215859130601
2024,05,FRA.13.1.4.11_1,0.532399299474606,0.9199652167337633
2024,05,FRA.13.1.4.12_1,0.5709281961471104,0.9374945333173949
2024,05,FRA.13.1.4.13_1,0.5271453590192645,0.9173854151881858
2024,05,FRA.13.1.4.14_1,0.5726795096322242,0.9382345122622595
2024,05,FRA.13.1.4.2_1,0.6024518388791593,0.9500821017154254
2024,05,FRA.13.1.4.3_1,0.5481611208406305,0.9274287034591931
2024,05,FRA.13.1.4.4_1,0.5464098073555167,0.9266196630764966
2024,05,FRA.13.1.4.5_1,0.5691768826619966,0.9367496997597597
2024,05,FRA.13.1.4.6_1,0.5814360770577934,0.9418619856433319
2024,05,FRA.13.1.4.7_1,0.5901926444833626,0.9453697689264238
2024,05,FRA.13.1.4.8_1,0.5464098073555167,0.9266196630764966
2024,05,FRA.13.1.4.9_1,0.5919439579684764,0.946057080730333
2024,05,FRA.13.2.1.1_1,0.7267950963222417,0.9854440623394105
2024,05,FRA.13.2.1.10_1,0.6532399299474606,0.9672042183530839
2024,05,FRA.13.2.1.11_1,0.7005253940455343,0.9797958971132712
2024,05,FRA.13.2.1.12_1,0.6900175131348513,0.9772696659571503
2024,05,FRA.13.2.1.13_1,0.6830122591943959,0.9754998718605759
2024,05,FRA.13.2.1.14_1,0.5604203152364273,0.9329523031752481
2024,05,FRA.13.2.1.15_1,0.712784588441331,0.9825497442877892
2024,05,FRA.13.2.1.16_1,0.5481611208406305,0.9274287034591931
2024,05,FRA.13.2.1.17_1,0.6917688266199651,0.9777013859047148
2024,05,FRA.13.2.1.18_1,0.6900175131348513,0.9772696659571503
2024,05,FRA.13.2.1.2_1,0.6830122591943959,0.9754998718605759
2024,05,FRA.13.2.1.3_1,0.7110332749562173,0.9821690282227392
2024,05,FRA.13.2.1.4_1,0.7092819614711035,0.9817840903172144
2024,05,FRA.13.2.1.5_1,0.6549912434325745,0.9677272342969376
2024,05,FRA.13.2.1.6_1,0.7408056042031524,0.9880708476622514
2024,05,FRA.13.2.1.7_1,0.670753064798599,0.9722365967191319
2024,05,FRA.13.2.1.8_1,0.6514886164623468,0.9666767815562759
2024,05,FRA.13.2.1.9_1,0.6654991243432575,0.9707728879609279
2024,05,FRA.13.2.2.1_1,0.7600700525394046,0.9912497162672985
2024,05,FRA.13.2.2.10_1,0.7338003502626971,0.986790757962396
2024,05,FRA.13.2.2.11_1,0.7092819614711035,0.9817840903172144
2024,05,FRA.13.2.2.12_1,0.6532399299474606,0.9672042183530839
2024,05,FRA.13.2.2.13_1,0.6374781085814362,0.962297251372984
2024,05,FRA.13.2.2.14_1,0.5569176882661997,0.931398947819891
2024,05,FRA.13.2.2.15_1,0.649737302977233,0.9661449166662318
2024,05,FRA.13.2.2.16_1,0.5306479859894921,0.9191104395011516
2024,05,FRA.13.2.2.17_1,0.5989492119089318,0.9487591896788141
2024,05,FRA.13.2.2.18_1,0.6322241681260946,0.9605810741421048
2024,05,FRA.13.2.2.19_1,0.6865148861646235,0.9763933633531108
2024,05,FRA.13.2.2.2_1,0.6654991243432575,0.9707728879609279
2024,05,FRA.13.2.2.20_1,0.6007005253940456,0.9494229826584145
2024,05,FRA.13.2.2.21_1,0.6970227670753065,0.9789708882290628
2024,05,FRA.13.2.2.22_1,0.7373029772329247,0.987439112046915
2024,05,FRA.13.2.2.3_1,0.7425569176882663,0.9883804935347521
2024,05,FRA.13.2.2.4_1,0.5166374781085814,0.9120855223058855
2024,05,FRA.13.2.2.5_1,0.7408056042031524,0.9880708476622514
2024,05,FRA.13.2.2.6_1,0.6725043782837129,0.9727157858285225
2024,05,FRA.13.2.2.7_1,0.7215411558669002,0.9843901665498289
2024,05,FRA.13.2.2.8_1,0.7040280210157619,0.9806038955664005
2024,05,FRA.13.2.2.9_1,0.7478108581436077,0.9892845899942038
2024,05,FRA.13.3.1.1_1,0.6077057793345009,0.9520315120835025
2024,05,FRA.13.3.1.10_1,0.5796847635726796,0.9411461098044235
2024,05,FRA.13.3.1.2_1,0.5516637478108581,0.9290317540321213
2024,05,FRA.13.3.1.3_1,0.6007005253940456,0.9494229826584145
2024,05,FRA.13.3.1.4_1,0.5709281961471104,0.9374945333173949
2024,05,FRA.13.3.1.5_1,0.542907180385289,0.9249864863877743
2024,05,FRA.13.3.1.6_1,0.5376532399299475,0.9224987804869988
2024,05,FRA.13.3.1.7_1,0.5411558669001751,0.9241623234042816
2024,05,FRA.13.3.1.8_1,0.56217162872154125,0.9337215859130601
2024,05,FRA.13.3.1.9_1,0.5341506129597198,0.920814856526544
2024,05,FRA.13.3.2.1_1,0.521891418563923,0.9147589846511485
2024,05,FRA.13.3.2.2_1,0.5569176882661997,0.931398947819891
2024,05,FRA.13.3.2.3_1,0.521891418563923,0.9147589846511485
2024,05,FRA.13.3.2.4_1,0.5183887915936953,0.9129819275319747
2024,05,FRA.13.3.2.5_1,0.5359019264448337,0.9216593730874764
2024,05,FRA.13.3.2.6_1,0.5901926444833626,0.9453697689264238
2024,05,FRA.13.3.2.7_1,0.597197898423818,0.9480907129594721
2024,05,FRA.13.3.2.8_1,0.6059544658493871,0.9513863568498342
2024,05,FRA.13.3.2.9_1,0.5639229422066551,0.9344859549506349
2024,05,FRA.13.3.3.1_1,0.5849387040280211,0.9432793859721519
2024,05,FRA.13.3.3.10_1,0.5709281961471104,0.9374945333173949
2024,05,FRA.13.3.3.2_1,0.5901926444833626,0.9453697689264238
2024,05,FRA.13.3.3.3_1,0.5551663747810859,0.9306148505155073
2024,05,FRA.13.3.3.4_1,0.5814360770577934,0.9418619856433319
2024,05,FRA.13.3.3.5_1,0.5656742556917689,0.9352454223357631
2024,05,FRA.13.3.3.6_1,0.5831873905429072,0.9425730740902798
2024,05,FRA.13.3.3.7_1,0.6059544658493871,0.9513863568498342
2024,05,FRA.13.3.3.8_1,0.5534150612959721,0.9298257901349047
2024,05,FRA.13.3.3.9_1,0.5656742556917689,0.9352454223357631
2024,05,FRA.13.3.4.1_1,0.6042031523642732,0.9507365565707464
2024,05,FRA.13.3.4.10_1,0.62697022767075306,0.9588242800430119
2024,05,FRA.13.3.4.11_1,0.5796847635726796,0.9411461098044235
2024,05,FRA.13.3.4.12_1,0.6094570928196147,0.9526720317087093
2024,05,FRA.13.3.4.13_1,0.660245183887916,0.9692698282728087
2024,05,FRA.13.3.4.14_1,0.63922942206655,0.9628603221651623
2024,05,FRA.13.3.4.15_1,0.6462346760070053,0.965067873260736
2024,05,FRA.13.3.4.16_1,0.6444833625218914,0.9645226798784983
2024,05,FRA.13.3.4.17_1,0.6725043782837129,0.9727157858285225
2024,05,FRA.13.3.4.18_1,0.6199649737302978,0.9564183185196736
2024,05,FRA.13.3.4.19_1,0.6182136602451839,0.9558054195284729
2024,05,FRA.13.3.4.2_1,0.6147110332749562,0.954565869911553
2024,05,FRA.13.3.4.20_1,0.6077057793345009,0.9520315120835025
2024,05,FRA.13.3.4.21_1,0.6637478108581437,0.970276249322841
2024,05,FRA.13.3.4.22_1,0.5656742556917689,0.9352454223357631
2024,05,FRA.13.3.4.3_1,0.6252189141856392,0.9582296175760798
2024,05,FRA.13.3.4.4_1,0.6164623467600701,0.955187939622355
2024,05,FRA.13.3.4.5_1,0.670753064798599,0.9722365967191319
2024,05,FRA.13.3.4.6_1,0.62697022767075306,0.9588242800430119
2024,05,FRA.13.3.4.7_1,0.63922942206655,0.9628603221651623
2024,05,FRA.13.3.4.8_1,0.6077057793345009,0.9520315120835025
2024,05,FRA.13.3.4.9_1,0.5989492119089318,0.9487591896788141
2024,05,FRA.13.4.1.1_1,0.4991243432574431,0.9028288874421332
2024,05,FRA.13.4.1.2_1,0.6024518388791593,0.9500821017154254
2024,05,FRA.13.4.1.3_1,0.5131348511383538,0.9102768809543611
2024,05,FRA.13.4.1.4_1,0.5236427320490368,0.9156396671180208
2024,05,FRA.13.4.1.5_1,0.49211908931698783,0.8989749718429317
2024,05,FRA.13.4.1.6_1,0.5061295971978984,0.9065958305661901
2024,05,FRA.13.4.1.7_1,0.47985989492119097,0.8920179370393849
2024,05,FRA.13.4.1.8_1,0.5078809106830122,0.9075241043630743
2024,05,FRA.13.4.2.1_1,0.5586690017513135,0.9321780945720619
2024,05,FRA.13.4.2.10_1,0.5674255691768827,0.936
2024,05,FRA.13.4.2.11_1,0.5096322241681261,0.9084470265238365
2024,05,FRA.13.4.2.12_1,0.5446584938704029,0.9258055951440345
2024,05,FRA.13.4.2.13_1,0.4956217162872154,0.9009128703709366
2024,05,FRA.13.4.2.14_1,0.532399299474606,0.9199652167337633
2024,05,FRA.13.4.2.15_1,0.5376532399299475,0.9224987804869988
2024,05,FRA.13.4.2.16_1,0.5043782837127846,0.905662188677434
2024,05,FRA.13.4.2.17_1,0.5919439579684764,0.946057080730333
2024,05,FRA.13.4.2.18_1,0.5306479859894921,0.9191104395011516
2024,05,FRA.13.4.2.19_1,0.5061295971978984,0.9065958305661901
2024,05,FRA.13.4.2.2_1,0.5586690017513135,0.9321780945720619
2024,05,FRA.13.4.2.3_1,0.5534150612959721,0.9298257901349047
2024,05,FRA.13.4.2.4_1,0.5271453590192645,0.9173854151881858
2024,05,FRA.13.4.2.5_1,0.4763572679509633,0.8899797750510963
2024,05,FRA.13.4.2.6_1,0.48686514886164634,0.8960267853139213
2024,05,FRA.13.4.2.7_1,0.5569176882661997,0.931398947819891
2024,05,FRA.13.4.2.8_1,0.5761821366024519,0.939699952112375
2024,05,FRA.13.4.2.9_1,0.48686514886164634,0.8960267853139213
2024,05,FRA.13.5.1.1_1,0.5376532399299475,0.9224987804869988
2024,05,FRA.13.5.1.2_1,0.5236427320490368,0.9156396671180208
2024,05,FRA.13.5.1.3_1,0.5236427320490368,0.9156396671180208
2024,05,FRA.13.5.1.4_1,0.5481611208406305,0.9274287034591931
2024,05,FRA.13.5.1.5_1,0.5604203152364273,0.9329523031752481
2024,05,FRA.13.5.1.6_1,0.5201401050788091,0.9138730765264944
2024,05,FRA.13.5.1.7_1,0.5604203152364273,0.9329523031752481
2024,05,FRA.13.5.1.8_1,0.5761821366024519,0.939699952112375
2024,05,FRA.13.5.1.9_1,0.5166374781085814,0.9120855223058855
2024,05,FRA.13.5.2.1_1,0.5481611208406305,0.9274287034591931
2024,05,FRA.13.5.2.10_1,0.6742556917688267,0.9731906288081488
2024,05,FRA.13.5.2.11_1,0.5796847635726796,0.9411461098044235
2024,05,FRA.13.5.2.12_1,0.5586690017513135,0.9321780945720619
2024,05,FRA.13.5.2.2_1,0.5446584938704029,0.9258055951440345
2024,05,FRA.13.5.2.3_1,0.5201401050788091,0.9138730765264944
2024,05,FRA.13.5.2.4_1,0.6112084063047285,0.9533079250693346
2024,05,FRA.13.5.2.5_1,0.6690017513134852,0.9717530550505102
2024,05,FRA.13.5.2.6_1,0.5464098073555167,0.9266196630764966
2024,05,FRA.13.5.2.7_1,0.500875656742557,0.9037787339830473
2024,05,FRA.13.5.2.8_1,0.5709281961471104,0.9374945333173949
2024,05,FRA.13.5.2.9_1,0.51138353765324,0.909364613342745
2024,05,FRA.13.5.3.1_1,0.4956217162872154,0.9009128703709366
2024,05,FRA.13.5.3.10_1,0.7092819614711035,0.9817840903172144
2024,05,FRA.13.5.3.11_1,0.63922942206655,0.9628603221651623
2024,05,FRA.13.5.3.12_1,0.6077057793345009,0.9520315120835025
2024,05,FRA.13.5.3.13_1,0.6427320490367776,0.9639730286683336
2024,05,FRA.13.5.3.2_1,0.5271453590192645,0.9173854151881858
2024,05,FRA.13.5.3.3_1,0.521891418563923,0.9147589846511485
2024,05,FRA.13.5.3.4_1,0.5499124343257443,0.9282327294380435
2024,05,FRA.13.5.3.5_1,0.6217162872154116,0.9570266453970862
2024,05,FRA.13.5.3.6_1,0.6654991243432575,0.9707728879609279
2024,05,FRA.13.5.3.7_1,0.6007005253940456,0.9494229826584145
2024,05,FRA.13.5.3.8_1,0.5831873905429072,0.9425730740902798
2024,05,FRA.13.5.3.9_1,0.6462346760070053,0.965067873260736
2024,05,FRA.13.6.1.1_1,0.6077057793345009,0.9520315120835025
2024,05,FRA.13.6.1.2_1,0.5183887915936953,0.9129819275319747
2024,05,FRA.13.6.1.3_1,0.4991243432574431,0.9028288874421332
2024,05,FRA.13.6.1.4_1,0.5586690017513135,0.9321780945720619
2024,05,FRA.13.6.1.5_1,0.586690017513135,0.9439809320108113
2024,05,FRA.13.6.1.6_1,0.5516637478108581,0.9290317540321213
2024,05,FRA.13.6.2.1_1,0.5166374781085814,0.9120855223058855
2024,05,FRA.13.6.2.10_1,0.5989492119089318,0.9487591896788141
2024,05,FRA.13.6.2.2_1,0.5551663747810859,0.9306148505155073
2024,05,FRA.13.6.2.3_1,0.6059544658493871,0.9513863568498342
2024,05,FRA.13.6.2.4_1,0.5411558669001751,0.9241623234042816
2024,05,FRA.13.6.2.5_1,0.5919439579684764,0.946057080730333
2024,05,FRA.13.6.2.6_1,0.6024518388791593,0.9500821017154254
2024,05,FRA.13.6.2.7_1,0.6059544658493871,0.9513863568498342
2024,05,FRA.13.6.2.8_1,0.5691768826619966,0.9367496997597597
2024,05,FRA.13.6.2.9_1,0.6042031523642732,0.9507365565707464
2024,05,FRA.13.6.3.1_1,0.5779334500875658,0.9404254356406998
2024,05,FRA.13.6.3.2_1,0.62697022767075306,0.9588242800430119
2024,05,FRA.13.6.3.3_1,0.5954465849387042,0.9474175425861608
2024,05,FRA.13.6.3.4_1,0.628721541155867,0.9594144047282176
2024,05,FRA.13.6.3.5_1,0.5744308231173381,0.9389696480717574
2024,05,FRA.13.6.3.6_1,0.6077057793345009,0.9520315120835025
2024,05,FRA.13.6.3.7_1,0.5884413309982488,0.9446777228240327
2024,05,FRA.13.6.3.8_1,0.5691768826619966,0.9367496997597597
2024,05,FRA.13.6.3.9_1,0.6147110332749562,0.954565869911553
2024,05,FRA.2.1.1.1_1,0.670753064798599,0.9722365967191319
2024,05,FRA.2.1.1.10_1,0.6690017513134852,0.9717530550505102
2024,05,FRA.2.1.1.11_1,0.6970227670753065,0.9789708882290628
2024,05,FRA.2.1.1.2_1,0.6742556917688267,0.9731906288081488
2024,05,FRA.2.1.1.3_1,0.7092819614711035,0.9817840903172144
2024,05,FRA.2.1.1.4_1,0.7022767075306481,0.9802020199938377
2024,05,FRA.2.1.1.5_1,0.6637478108581437,0.970276249322841
2024,05,FRA.2.1.1.6_1,0.7110332749562173,0.9821690282227392
2024,05,FRA.2.1.1.7_1,0.7285464098073555,0.9857869952479592
2024,05,FRA.2.1.1.8_1,0.7180385288966725,0.983666610188635
2024,05,FRA.2.1.1.9_1,0.6584938704028022,0.9687600322061186
2024,05,FRA.2.1.2.1_1,0.7057793345008757,0.9810015290507961
2024,05,FRA.2.1.2.10_1,0.7092819614711035,0.9817840903172144
2024,05,FRA.2.1.2.11_1,0.712784588441331,0.9825497442877892
2024,05,FRA.2.1.2.12_1,0.6900175131348513,0.9772696659571503
2024,05,FRA.2.1.2.13_1,0.6882661996497373,0.976833660353696
2024,05,FRA.2.1.2.14_1,0.6935201401050789,0.9781288258711119
2024,05,FRA.2.1.2.15_1,0.7005253940455343,0.9797958971132712
2024,05,FRA.2.1.2.16_1,0.6987740805604205,0.9793855216409929
2024,05,FRA.2.1.2.17_1,0.7057793345008757,0.9810015290507961
2024,05,FRA.2.1.2.2_1,0.7320490367775833,0.98646033878712025
2024,05,FRA.2.1.2.3_1,0.712784588441331,0.9825497442877892
2024,05,FRA.2.1.2.4_1,0.6987740805604205,0.9793855216409929
2024,05,FRA.2.1.2.5_1,0.6479859894921192,0.9656086163658648
2024,05,FRA.2.1.2.6_1,0.7215411558669002,0.9843901665498289
2024,05,FRA.2.1.2.7_1,0.6865148861646235,0.9763933633531108
2024,05,FRA.2.1.2.8_1,0.6952714535901927,0.97855199146494
2024,05,FRA.2.1.2.9_1,0.7267950963222417,0.9854440623394105
2024,05,FRA.2.1.3.1_1,0.7373029772329247,0.987439112046915
2024,05,FRA.2.1.3.10_1,0.6970227670753065,0.9789708882290628
2024,05,FRA.2.1.3.11_1,0.6812609457092821,0.975046665549911
2024,05,FRA.2.1.3.12_1,0.7145359019264449,0.9829262434180909
2024,05,FRA.2.1.3.2_1,0.6900175131348513,0.9772696659571503
2024,05,FRA.2.1.3.3_1,0.7390542907180385,0.9877570551507087
2024,05,FRA.2.1.3.4_1,0.7338003502626971,0.986790757962396
2024,05,FRA.2.1.3.5_1,0.7232924693520141,0.9847456524402634
2024,05,FRA.2.1.3.6_1,0.6812609457092821,0.975046665549911
2024,05,FRA.2.1.3.7_1,0.7250437828371279,0.9850969495435462
2024,05,FRA.2.1.3.8_1,0.7005253940455343,0.9797958971132712
2024,05,FRA.2.1.3.9_1,0.7040280210157619,0.9806038955664005
2024,05,FRA.2.2.1.1_1,0.6935201401050789,0.9781288258711119
2024,05,FRA.2.2.1.10_1,0.6777583187390543,0.9741273017424364
2024,05,FRA.2.2.1.11_1,0.7320490367775833,0.98646033878712025
2024,05,FRA.2.2.1.12_1,0.6900175131348513,0.9772696659571503
2024,05,FRA.2.2.1.2_1,0.7162872154115587,0.9832985304575615
2024,05,FRA.2.2.1.3_1,0.6917688266199651,0.9777013859047148
2024,05,FRA.2.2.1.4_1,0.6952714535901927,0.97855199146494
2024,05,FRA.2.2.1.5_1,0.6690017513134852,0.9717530550505102
2024,05,FRA.2.2.1.6_1,0.6672504378283713,0.9712651543219287
2024,05,FRA.2.2.1.7_1,0.670753064798599,0.9722365967191319
2024,05,FRA.2.2.1.8_1,0.6725043782837129,0.9727157858285225
2024,05,FRA.2.2.1.9_1,0.7022767075306481,0.9802020199938377
2024,05,FRA.2.2.2.1_1,0.6865148861646235,0.9763933633531108
2024,05,FRA.2.2.2.10_1,0.6900175131348513,0.9772696659571503
2024,05,FRA.2.2.2.11_1,0.7022767075306481,0.9802020199938377
2024,05,FRA.2.2.2.12_1,0.7320490367775833,0.98646033878712025
2024,05,FRA.2.2.2.13_1,0.7110332749562173,0.9821690282227392
2024,05,FRA.2.2.2.2_1,0.6795096322241682,0.9745891442038537
2024,05,FRA.2.2.2.3_1,0.6935201401050789,0.9781288258711119
2024,05,FRA.2.2.2.4_1,0.7565674255691769,0.9907088371464141
2024,05,FRA.2.2.2.5_1,0.7057793345008757,0.9810015290507961
2024,05,FRA.2.2.2.6_1,0.6760070052539405,0.9736611320166786
2024,05,FRA.2.2.2.7_1,0.6760070052539405,0.9736611320166786
2024,05,FRA.2.2.2.8_1,0.6830122591943959,0.9754998718605759
2024,05,FRA.2.2.2.9_1,0.7075306479859896,0.9813949256033475
2024,05,FRA.2.2.3.1_1,0.7513134851138354,0.9898666576867816
2024,05,FRA.2.2.3.2_1,0.7075306479859896,0.9813949256033475
2024,05,FRA.2.2.3.3_1,0.7267950963222417,0.9854440623394105
2024,05,FRA.2.2.3.4_1,0.6970227670753065,0.9789708882290628
2024,05,FRA.2.2.3.5_1,0.6882661996497373,0.976833660353696
2024,05,FRA.2.2.3.6_1,0.6549912434325745,0.9677272342969376
2024,05,FRA.2.2.3.7_1,0.6654991243432575,0.9707728879609279
2024,05,FRA.2.2.3.8_1,0.6567425569176883,0.9682458365518543
2024,05,FRA.2.3.1.1_1,0.6812609457092821,0.975046665549911
2024,05,FRA.2.3.1.10_1,0.7057793345008757,0.9810015290507961
2024,05,FRA.2.3.1.11_1,0.6549912434325745,0.9677272342969376
2024,05,FRA.2.3.1.12_1,0.7232924693520141,0.9847456524402634
2024,05,FRA.2.3.1.13_1,0.6059544658493871,0.9513863568498342
2024,05,FRA.2.3.1.14_1,0.660245183887916,0.9692698282728087
2024,05,FRA.2.3.1.15_1,0.6847635726795097,0.9759487691472335
2024,05,FRA.2.3.1.16_1,0.6672504378283713,0.9712651543219287
2024,05,FRA.2.3.1.2_1,0.6549912434325745,0.9677272342969376
2024,05,FRA.2.3.1.3_1,0.649737302977233,0.9661449166662318
2024,05,FRA.2.3.1.4_1,0.6900175131348513,0.9772696659571503
2024,05,FRA.2.3.1.5_1,0.6427320490367776,0.9639730286683336
2024,05,FRA.2.3.1.6_1,0.7145359019264449,0.9829262434180909
2024,05,FRA.2.3.1.7_1,0.649737302977233,0.9661449166662318
2024,05,FRA.2.3.1.8_1,0.6322241681260946,0.9605810741421048
2024,05,FRA.2.3.1.9_1,0.649737302977233,0.9661449166662318
2024,05,FRA.2.3.2.1_1,0.7373029772329247,0.987439112046915
2024,05,FRA.2.3.2.10_1,0.7267950963222417,0.9854440623394105
2024,05,FRA.2.3.2.11_1,0.6427320490367776,0.9639730286683336
2024,05,FRA.2.3.2.12_1,0.6549912434325745,0.9677272342969376
2024,05,FRA.2.3.2.13_1,0.6690017513134852,0.9717530550505102
2024,05,FRA.2.3.2.14_1,0.6619964973730298,0.9697752316903129
2024,05,FRA.2.3.2.15_1,0.7075306479859896,0.9813949256033475
2024,05,FRA.2.3.2.16_1,0.6935201401050789,0.9781288258711119
2024,05,FRA.2.3.2.17_1,0.6812609457092821,0.975046665549911
2024,05,FRA.2.3.2.18_1,0.6882661996497373,0.976833660353696
2024,05,FRA.2.3.2.19_1,0.712784588441331,0.9825497442877892
2024,05,FRA.2.3.2.2_1,0.6532399299474606,0.9672042183530839
2024,05,FRA.2.3.2.20_1,0.7145359019264449,0.9829262434180909
2024,05,FRA.2.3.2.3_1,0.6952714535901927,0.97855199146494
2024,05,FRA.2.3.2.4_1,0.6532399299474606,0.9672042183530839
2024,05,FRA.2.3.2.5_1,0.6725043782837129,0.9727157858285225
2024,05,FRA.2.3.2.6_1,0.7267950963222417,0.9854440623394105
2024,05,FRA.2.3.2.7_1,0.6584938704028022,0.9687600322061186
2024,05,FRA.2.3.2.8_1,0.6584938704028022,0.9687600322061186
2024,05,FRA.2.3.2.9_1,0.7320490367775833,0.98646033878712025
2024,05,FRA.2.4.1.1_1,0.7215411558669002,0.9843901665498289
2024,05,FRA.2.4.1.10_1,0.660245183887916,0.9692698282728087
2024,05,FRA.2.4.1.11_1,0.6812609457092821,0.975046665549911
2024,05,FRA.2.4.1.2_1,0.6409807355516638,0.9634189120003821
2024,05,FRA.2.4.1.3_1,0.6112084063047285,0.9533079250693346
2024,05,FRA.2.4.1.4_1,0.6427320490367776,0.9639730286683336
2024,05,FRA.2.4.1.5_1,0.6584938704028022,0.9687600322061186
2024,05,FRA.2.4.1.6_1,0.6077057793345009,0.9520315120835025
2024,05,FRA.2.4.1.7_1,0.670753064798599,0.9722365967191319
2024,05,FRA.2.4.1.8_1,0.6777583187390543,0.9741273017424364
2024,05,FRA.2.4.1.9_1,0.6760070052539405,0.9736611320166786
2024,05,FRA.2.4.2.1_1,0.7145359019264449,0.9829262434180909
2024,05,FRA.2.4.2.10_1,0.6427320490367776,0.9639730286683336
2024,05,FRA.2.4.2.11_1,0.6322241681260946,0.9605810741421048
2024,05,FRA.2.4.2.12_1,0.7162872154115587,0.9832985304575615
2024,05,FRA.2.4.2.13_1,0.6987740805604205,0.9793855216409929
2024,05,FRA.2.4.2.14_1,0.6795096322241682,0.9745891442038537
2024,05,FRA.2.4.2.15_1,0.6637478108581437,0.970276249322841
2024,05,FRA.2.4.2.16_1,0.6112084063047285,0.9533079250693346
2024,05,FRA.2.4.2.17_1,0.6532399299474606,0.9672042183530839
2024,05,FRA.2.4.2.18_1,0.7390542907180385,0.9877570551507087
2024,05,FRA.2.4.2.19_1,0.6532399299474606,0.9672042183530839
2024,05,FRA.2.4.2.2_1,0.6304728546409808,0.96
2024,05,FRA.2.4.2.20_1,0.7162872154115587,0.9832985304575615
2024,05,FRA.2.4.2.3_1,0.62697022767075306,0.9588242800430119
2024,05,FRA.2.4.2.4_1,0.6847635726795097,0.9759487691472335
2024,05,FRA.2.4.2.5_1,0.6812609457092821,0.975046665549911
2024,05,FRA.2.4.2.6_1,0.6917688266199651,0.9777013859047148
2024,05,FRA.2.4.2.7_1,0.7110332749562173,0.9821690282227392
2024,05,FRA.2.4.2.8_1,0.6514886164623468,0.9666767815562759
2024,05,FRA.2.4.2.9_1,0.6830122591943959,0.9754998718605759
2024,05,FRA.2.4.3.1_1,0.6479859894921192,0.9656086163658648
2024,05,FRA.2.4.3.2_1,0.6234676007005254,0.9576304088739037
2024,05,FRA.2.4.3.3_1,0.6007005253940456,0.9494229826584145
2024,05,FRA.2.4.3.4_1,0.6217162872154116,0.9570266453970862
2024,05,FRA.2.4.3.5_1,0.6812609457092821,0.975046665549911
2024,05,FRA.2.5.1.3_1,0.7373029772329247,0.987439112046915
2024,05,FRA.2.5.1.4_1,0.7005253940455343,0.9797958971132712
2024,05,FRA.2.5.1.5_1,0.7162872154115587,0.9832985304575615
2024,05,FRA.2.5.2.2_1,0.7495621716287216,0.9895776877031939
2024,05,FRA.2.5.2.4_1,0.7285464098073555,0.9857869952479592
2024,05,FRA.2.5.2.5_1,0.7320490367775833,0.98646033878712025
2024,05,FRA.2.5.2.6_1,0.6532399299474606,0.9672042183530839
2024,05,FRA.2.5.3.1_1,0.8283712784588442,0.998540935565488
2024,05,FRA.2.5.3.8_1,0.7267950963222417,0.9854440623394105
2024,05,FRA.2.5.4.12_1,0.6690017513134852,0.9717530550505102
2024,05,FRA.2.5.4.2_1,0.6742556917688267,0.9731906288081488
2024,05,FRA.2.6.1.1_1,0.6742556917688267,0.9731906288081488
2024,05,FRA.2.6.1.10_1,0.7285464098073555,0.9857869952479592
2024,05,FRA.2.6.1.11_1,0.7110332749562173,0.9821690282227392
2024,05,FRA.2.6.1.12_1,0.7005253940455343,0.9797958971132712
2024,05,FRA.2.6.1.2_1,0.6987740805604205,0.9793855216409929
2024,05,FRA.2.6.1.3_1,0.6987740805604205,0.9793855216409929
2024,05,FRA.2.6.1.4_1,0.7040280210157619,0.9806038955664005
2024,05,FRA.2.6.1.5_1,0.6742556917688267,0.9731906288081488
2024,05,FRA.2.6.1.6_1,0.6725043782837129,0.9727157858285225
2024,05,FRA.2.6.1.7_1,0.7110332749562173,0.9821690282227392
2024,05,FRA.2.6.1.8_1,0.7215411558669002,0.9843901665498289
2024,05,FRA.2.6.1.9_1,0.712784588441331,0.9825497442877892
2024,05,FRA.2.6.2.1_1,0.6444833625218914,0.9645226798784983
2024,05,FRA.2.6.2.10_1,0.7180385288966725,0.983666610188635
2024,05,FRA.2.6.2.11_1,0.6760070052539405,0.9736611320166786
2024,05,FRA.2.6.2.12_1,0.6584938704028022,0.9687600322061186
2024,05,FRA.2.6.2.13_1,0.6252189141856392,0.9582296175760798
2024,05,FRA.2.6.2.14_1,0.6234676007005254,0.9576304088739037
2024,05,FRA.2.6.2.15_1,0.6917688266199651,0.9777013859047148
2024,05,FRA.2.6.2.2_1,0.6584938704028022,0.9687600322061186
2024,05,FRA.2.6.2.3_1,0.6812609457092821,0.975046665549911
2024,05,FRA.2.6.2.4_1,0.6917688266199651,0.9777013859047148
2024,05,FRA.2.6.2.5_1,0.6462346760070053,0.965067873260736
2024,05,FRA.2.6.2.6_1,0.7075306479859896,0.9813949256033475
2024,05,FRA.2.6.2.7_1,0.6742556917688267,0.9731906288081488
2024,05,FRA.2.6.2.8_1,0.6514886164623468,0.9666767815562759
2024,05,FRA.2.6.2.9_1,0.6847635726795097,0.9759487691472335
2024,05,FRA.2.6.3.1_1,0.6654991243432575,0.9707728879609279
2024,05,FRA.2.6.3.10_1,0.7723292469352014,0.9930135950730987
2024,05,FRA.2.6.3.11_1,0.7443082311733801,0.9886859966642594
2024,05,FRA.2.6.3.12_1,0.6900175131348513,0.9772696659571503
2024,05,FRA.2.6.3.13_1,0.6952714535901927,0.97855199146494
2024,05,FRA.2.6.3.2_1,0.7092819614711035,0.9817840903172144
2024,05,FRA.2.6.3.3_1,0.6987740805604205,0.9793855216409929
2024,05,FRA.2.6.3.4_1,0.6830122591943959,0.9754998718605759
2024,05,FRA.2.6.3.5_1,0.7057793345008757,0.9810015290507961
2024,05,FRA.2.6.3.6_1,0.6812609457092821,0.975046665549911
2024,05,FRA.2.6.3.7_1,0.6654991243432575,0.9707728879609279
2024,05,FRA.2.6.3.8_1,0.660245183887916,0.9692698282728087
2024,05,FRA.2.6.3.9_1,0.7320490367775833,0.98646033878712025
2024,05,FRA.2.6.4.1_1,0.6374781085814362,0.962297251372984
2024,05,FRA.2.6.4.2_1,0.6514886164623468,0.9666767815562759
2024,05,FRA.2.6.4.3_1,0.6357267950963222,0.9617296917533533
2024,05,FRA.2.6.4.4_1,0.6584938704028022,0.9687600322061186
2024,05,FRA.2.6.4.5_1,0.6549912434325745,0.9677272342969376
2024,05,FRA.2.6.4.6_1,0.6777583187390543,0.9741273017424364
2024,05,FRA.2.6.4.7_1,0.6637478108581437,0.970276249322841
2024,05,FRA.2.6.4.8_1,0.6514886164623468,0.9666767815562759
2024,05,FRA.2.6.5.1_1,0.6935201401050789,0.9781288258711119
2024,05,FRA.2.6.5.10_1,0.6882661996497373,0.976833660353696
2024,05,FRA.2.6.5.11_1,0.6742556917688267,0.9731906288081488
2024,05,FRA.2.6.5.2_1,0.7005253940455343,0.9797958971132712
2024,05,FRA.2.6.5.3_1,0.6549912434325745,0.9677272342969376
2024,05,FRA.2.6.5.4_1,0.6637478108581437,0.970276249322841
2024,05,FRA.2.6.5.5_1,0.7040280210157619,0.9806038955664005
2024,05,FRA.2.6.5.6_1,0.6847635726795097,0.9759487691472335
2024,05,FRA.2.6.5.7_1,0.7215411558669002,0.9843901665498289
2024,05,FRA.2.6.5.8_1,0.6987740805604205,0.9793855216409929
2024,05,FRA.2.6.5.9_1,0.7075306479859896,0.9813949256033475
2024,05,FRA.2.7.1.1_1,0.660245183887916,0.9692698282728087
2024,05,FRA.2.7.1.10_1,0.6952714535901927,0.97855199146494
2024,05,FRA.2.7.1.11_1,0.7057793345008757,0.9810015290507961
2024,05,FRA.2.7.1.2_1,0.6514886164623468,0.9666767815562759
2024,05,FRA.2.7.1.3_1,0.6812609457092821,0.975046665549911
2024,05,FRA.2.7.1.4_1,0.670753064798599,0.9722365967191319
2024,05,FRA.2.7.1.5_1,0.7075306479859896,0.9813949256033475
2024,05,FRA.2.7.1.6_1,0.7110332749562173,0.9821690282227392
2024,05,FRA.2.7.1.7_1,0.7145359019264449,0.9829262434180909
2024,05,FRA.2.7.1.8_1,0.6987740805604205,0.9793855216409929
2024,05,FRA.2.7.1.9_1,0.6970227670753065,0.9789708882290628
2024,05,FRA.2.8.1.1_1,0.7320490367775833,0.98646033878712025
2024,05,FRA.2.8.1.10_1,0.7215411558669002,0.9843901665498289
2024,05,FRA.2.8.1.11_1,0.7267950963222417,0.9854440623394105
2024,05,FRA.2.8.1.12_1,0.7355516637478109,0.9871170143402452
2024,05,FRA.2.8.1.13_1,0.7057793345008757,0.9810015290507961
2024,05,FRA.2.8.1.14_1,0.7443082311733801,0.9886859966642594
2024,05,FRA.2.8.1.15_1,0.7408056042031524,0.9880708476622514
2024,05,FRA.2.8.1.16_1,0.7425569176882663,0.9883804935347521
2024,05,FRA.2.8.1.17_1,0.7302977232924693,0.9861257526299574
2024,05,FRA.2.8.1.18_1,0.7197898423817863,0.9840304873325826
2024,05,FRA.2.8.1.19_1,0.7478108581436077,0.9892845899942038
2024,05,FRA.2.8.1.2_1,0.7022767075306481,0.9802020199938377
2024,05,FRA.2.8.1.20_1,0.7040280210157619,0.9806038955664005
2024,05,FRA.2.8.1.21_1,0.7180385288966725,0.983666610188635
2024,05,FRA.2.8.1.22_1,0.6952714535901927,0.97855199146494
2024,05,FRA.2.8.1.23_1,0.7320490367775833,0.98646033878712025
2024,05,FRA.2.8.1.3_1,0.7092819614711035,0.9817840903172144
2024,05,FRA.2.8.1.4_1,0.7408056042031524,0.9880708476622514
2024,05,FRA.2.8.1.5_1,0.7215411558669002,0.9843901665498289
2024,05,FRA.2.8.1.6_1,0.7583187390542908,0.9909813318120578
2024,05,FRA.2.8.1.7_1,0.7373029772329247,0.987439112046915
2024,05,FRA.2.8.1.8_1,0.7513134851138354,0.9898666576867816
2024,05,FRA.2.8.1.9_1,0.7390542907180385,0.9877570551507087
2024,05,FRA.2.8.2.1_1,0.7793345008756568,0.993931587182941
2024,05,FRA.2.8.2.10_1,0.7092819614711035,0.9817840903172144
2024,05,FRA.2.8.2.2_1,0.7513134851138354,0.9898666576867816
2024,05,FRA.2.8.2.3_1,0.7320490367775833,0.98646033878712025
2024,05,FRA.2.8.2.4_1,0.7408056042031524,0.9880708476622514
2024,05,FRA.2.8.2.5_1,0.7180385288966725,0.983666610188635
2024,05,FRA.2.8.2.6_1,0.6847635726795097,0.9759487691472335
2024,05,FRA.2.8.2.7_1,0.7355516637478109,0.9871170143402452
2024,05,FRA.2.8.2.8_1,0.7390542907180385,0.9877570551507087
2024,05,FRA.2.8.2.9_1,0.6952714535901927,0.97855199146494
2024,05,FRA.2.8.3.1_1,0.7320490367775833,0.98646033878712025
2024,05,FRA.2.8.3.10_1,0.7443082311733801,0.9886859966642594
2024,05,FRA.2.8.3.11_1,0.7197898423817863,0.9840304873325826
2024,05,FRA.2.8.3.2_1,0.6742556917688267,0.9731906288081488
2024,05,FRA.2.8.3.3_1,0.7285464098073555,0.9857869952479592
2024,05,FRA.2.8.3.4_1,0.6952714535901927,0.97855199146494
2024,05,FRA.2.8.3.5_1,0.7338003502626971,0.986790757962396
2024,05,FRA.2.8.3.6_1,0.7092819614711035,0.9817840903172144
2024,05,FRA.2.8.3.7_1,0.7075306479859896,0.9813949256033475
2024,05,FRA.2.8.3.8_1,0.7162872154115587,0.9832985304575615
2024,05,FRA.2.8.3.9_1,0.7583187390542908,0.9909813318120578
2024,05,FRA.3.1.1.1_1,0.6935201401050789,0.9781288258711119
2024,05,FRA.3.1.1.10_1,0.6865148861646235,0.9763933633531108
2024,05,FRA.3.1.1.11_1,0.6847635726795097,0.9759487691472335
2024,05,FRA.3.1.1.12_1,0.7215411558669002,0.9843901665498289
2024,05,FRA.3.1.1.13_1,0.6952714535901927,0.97855199146494
2024,05,FRA.3.1.1.2_1,0.7460595446584939,0.9889873608899156
2024,05,FRA.3.1.1.3_1,0.6900175131348513,0.9772696659571503
2024,05,FRA.3.1.1.4_1,0.7215411558669002,0.9843901665498289
2024,05,FRA.3.1.1.5_1,0.6725043782837129,0.9727157858285225
2024,05,FRA.3.1.1.6_1,0.6795096322241682,0.9745891442038537
2024,05,FRA.3.1.1.7_1,0.7635726795096323,0.9917741678426597
2024,05,FRA.3.1.1.8_1,0.7250437828371279,0.9850969495435462
2024,05,FRA.3.1.1.9_1,0.7565674255691769,0.9907088371464141
2024,05,FRA.3.1.2.1_1,0.7092819614711035,0.9817840903172144
2024,05,FRA.3.1.2.10_1,0.7180385288966725,0.983666610188635
2024,05,FRA.3.1.2.11_1,0.6900175131348513,0.9772696659571503
2024,05,FRA.3.1.2.12_1,0.7022767075306481,0.9802020199938377
2024,05,FRA.3.1.2.2_1,0.7443082311733801,0.9886859966642594
2024,05,FRA.3.1.2.3_1,0.7040280210157619,0.9806038955664005
2024,05,FRA.3.1.2.4_1,0.6970227670753065,0.9789708882290628
2024,05,FRA.3.1.2.5_1,0.670753064798599,0.9722365967191319
2024,05,FRA.3.1.2.6_1,0.7040280210157619,0.9806038955664005
2024,05,FRA.3.1.2.7_1,0.6935201401050789,0.9781288258711119
2024,05,FRA.3.1.2.8_1,0.7338003502626971,0.986790757962396
2024,05,FRA.3.1.2.9_1,0.7215411558669002,0.9843901665498289
2024,05,FRA.3.1.3.1_1,0.7530647985989493,0.990151503558925
2024,05,FRA.3.1.3.2_1,0.7478108581436077,0.9892845899942038
2024,05,FRA.3.1.3.3_1,0.7390542907180385,0.9877570551507087
2024,05,FRA.3.1.3.4_1,0.7075306479859896,0.9813949256033475
2024,05,FRA.3.1.3.5_1,0.7443082311733801,0.9886859966642594
2024,05,FRA.3.1.3.6_1,0.7320490367775833,0.98646033878712025
2024,05,FRA.3.1.3.7_1,0.7302977232924693,0.9861257526299574
2024,05,FRA.3.1.4.1_1,0.6725043782837129,0.9727157858285225
2024,05,FRA.3.1.4.10_1,0.7478108581436077,0.9892845899942038
2024,05,FRA.3.1.4.11_1,0.6690017513134852,0.9717530550505102
2024,05,FRA.3.1.4.12_1,0.7215411558669002,0.9843901665498289
2024,05,FRA.3.1.4.13_1,0.7215411558669002,0.9843901665498289
2024,05,FRA.3.1.4.14_1,0.7618213660245184,0.9915139938498094
2024,05,FRA.3.1.4.15_1,0.7215411558669002,0.9843901665498289
2024,05,FRA.3.1.4.16_1,0.7338003502626971,0.986790757962396
2024,05,FRA.3.1.4.17_1,0.7583187390542908,0.9909813318120578
2024,05,FRA.3.1.4.18_1,0.7425569176882663,0.9883804935347521
2024,05,FRA.3.1.4.19_1,0.7022767075306481,0.9802020199938377
2024,05,FRA.3.1.4.2_1,0.6935201401050789,0.9781288258711119
2024,05,FRA.3.1.4.3_1,0.7057793345008757,0.9810015290507961
2024,05,FRA.3.1.4.4_1,0.7145359019264449,0.9829262434180909
2024,05,FRA.3.1.4.5_1,0.7355516637478109,0.9871170143402452
2024,05,FRA.3.1.4.6_1,0.660245183887916,0.9692698282728087
2024,05,FRA.3.1.4.7_1,0.6935201401050789,0.9781288258711119
2024,05,FRA.3.1.4.8_1,0.7302977232924693,0.9861257526299574
2024,05,FRA.3.1.4.9_1,0.7162872154115587,0.9832985304575615
2024,05,FRA.3.2.1.1_1,0.7040280210157619,0.9806038955664005
2024,05,FRA.3.2.1.11_1,0.7495621716287216,0.9895776877031939
2024,05,FRA.3.2.1.12_1,0.7302977232924693,0.9861257526299574
2024,05,FRA.3.2.1.13_1,0.7110332749562173,0.9821690282227392
2024,05,FRA.3.2.1.14_1,0.7022767075306481,0.9802020199938377
2024,05,FRA.3.2.1.2_1,0.6970227670753065,0.9789708882290628
2024,05,FRA.3.2.1.3_1,0.6970227670753065,0.9789708882290628
2024,05,FRA.3.2.1.4_1,0.7355516637478109,0.9871170143402452
2024,05,FRA.3.2.1.5_1,0.7005253940455343,0.9797958971132712
2024,05,FRA.3.2.1.6_1,0.7425569176882663,0.9883804935347521
2024,05,FRA.3.2.1.7_1,0.7250437828371279,0.9850969495435462
2024,05,FRA.3.2.1.8_1,0.712784588441331,0.9825497442877892
2024,05,FRA.3.2.1.9_1,0.7373029772329247,0.987439112046915
2024,05,FRA.3.2.2.1_1,0.6777583187390543,0.9741273017424364
2024,05,FRA.3.2.2.2_1,0.7180385288966725,0.983666610188635
2024,05,FRA.3.2.2.3_1,0.6847635726795097,0.9759487691472335
2024,05,FRA.3.2.2.4_1,0.7583187390542908,0.9909813318120578
2024,05,FRA.3.2.2.5_1,0.7338003502626971,0.986790757962396
2024,05,FRA.3.2.2.6_1,0.7232924693520141,0.9847456524402634
2024,05,FRA.3.2.2.7_1,0.6427320490367776,0.9639730286683336
2024,05,FRA.3.2.3.1_1,0.6970227670753065,0.9789708882290628
2024,05,FRA.3.2.3.10_1,0.7320490367775833,0.98646033878712025
2024,05,FRA.3.2.3.2_1,0.7443082311733801,0.9886859966642594
2024,05,FRA.3.2.3.3_1,0.7688266199649738,0.9925301002992302
2024,05,FRA.3.2.3.4_1,0.7145359019264449,0.9829262434180909
2024,05,FRA.3.2.3.5_1,0.7443082311733801,0.9886859966642594
2024,05,FRA.3.2.3.6_1,0.7057793345008757,0.9810015290507961
2024,05,FRA.3.2.3.7_1,0.7740805604203153,0.9932492134404135
2024,05,FRA.3.2.3.8_1,0.7478108581436077,0.9892845899942038
2024,05,FRA.3.2.3.9_1,0.7005253940455343,0.9797958971132712
2024,05,FRA.3.2.4.1_1,0.7443082311733801,0.9886859966642594
2024,05,FRA.3.2.4.11_1,0.7373029772329247,0.987439112046915
2024,05,FRA.3.2.4.12_1,0.7040280210157619,0.9806038955664005
2024,05,FRA.3.2.4.13_1,0.7285464098073555,0.9857869952479592
2024,05,FRA.3.2.4.14_1,0.6672504378283713,0.9712651543219287
2024,05,FRA.3.2.4.15_1,0.7530647985989493,0.990151503558925
2024,05,FRA.3.2.4.16_1,0.6619964973730298,0.9697752316903129
2024,05,FRA.3.2.4.17_1,0.7548161120840631,0.9904322288778774
2024,05,FRA.3.2.4.2_1,0.6970227670753065,0.9789708882290628
2024,05,FRA.3.2.4.3_1,0.6847635726795097,0.9759487691472335
2024,05,FRA.3.2.4.4_1,0.7320490367775833,0.98646033878712025
2024,05,FRA.3.2.4.5_1,0.712784588441331,0.9825497442877892
2024,05,FRA.3.2.4.6_1,0.7162872154115587,0.9832985304575615
2024,05,FRA.3.2.4.7_1,0.6970227670753065,0.9789708882290628
2024,05,FRA.3.2.4.8_1,0.7460595446584939,0.9889873608899156
2024,05,FRA.3.2.4.9_1,0.7355516637478109,0.9871170143402452
2024,05,FRA.3.3.1.1_1,0.7513134851138354,0.9898666576867816
2024,05,FRA.3.3.1.10_1,0.7250437828371279,0.9850969495435462
2024,05,FRA.3.3.1.11_1,0.7110332749562173,0.9821690282227392
2024,05,FRA.3.3.1.12_1,0.7005253940455343,0.9797958971132712
2024,05,FRA.3.3.1.13_1,0.7180385288966725,0.983666610188635
2024,05,FRA.3.3.1.14_1,0.7285464098073555,0.9857869952479592
2024,05,FRA.3.3.1.2_1,0.6637478108581437,0.970276249322841
2024,05,FRA.3.3.1.3_1,0.7180385288966725,0.983666610188635
2024,05,FRA.3.3.1.4_1,0.6970227670753065,0.9789708882290628
2024,05,FRA.3.3.1.5_1,0.7320490367775833,0.98646033878712025
2024,05,FRA.3.3.1.6_1,0.7040280210157619,0.9806038955664005
2024,05,FRA.3.3.1.7_1,0.7145359019264449,0.9829262434180909
2024,05,FRA.3.3.1.8_1,0.7145359019264449,0.9829262434180909
2024,05,FRA.3.3.1.9_1,0.6742556917688267,0.9731906288081488
2024,05,FRA.3.3.2.1_1,0.7110332749562173,0.9821690282227392
2024,05,FRA.3.3.2.2_1,0.7425569176882663,0.9883804935347521
2024,05,FRA.3.3.2.3_1,0.6970227670753065,0.9789708882290628
2024,05,FRA.3.3.2.4_1,0.6812609457092821,0.975046665549911
2024,05,FRA.3.3.2.5_1,0.7215411558669002,0.9843901665498289
2024,05,FRA.3.3.2.6_1,0.6952714535901927,0.97855199146494
2024,05,FRA.3.3.2.7_1,0.7040280210157619,0.9806038955664005
2024,05,FRA.3.3.3.1_1,0.712784588441331,0.9825497442877892
2024,05,FRA.3.3.3.10_1,0.6865148861646235,0.9763933633531108
2024,05,FRA.3.3.3.11_1,0.7215411558669002,0.9843901665498289
2024,05,FRA.3.3.3.12_1,0.6952714535901927,0.97855199146494
2024,05,FRA.3.3.3.13_1,0.6777583187390543,0.9741273017424364
2024,05,FRA.3.3.3.14_1,0.7197898423817863,0.9840304873325826
2024,05,FRA.3.3.3.15_1,0.7565674255691769,0.9907088371464141
2024,05,FRA.3.3.3.16_1,0.6532399299474606,0.9672042183530839
2024,05,FRA.3.3.3.17_1,0.7022767075306481,0.9802020199938377
2024,05,FRA.3.3.3.18_1,0.7145359019264449,0.9829262434180909
2024,05,FRA.3.3.3.2_1,0.7425569176882663,0.9883804935347521
2024,05,FRA.3.3.3.3_1,0.6935201401050789,0.9781288258711119
2024,05,FRA.3.3.3.4_1,0.7180385288966725,0.983666610188635
2024,05,FRA.3.3.3.5_1,0.7232924693520141,0.9847456524402634
2024,05,FRA.3.3.3.6_1,0.6970227670753065,0.9789708882290628
2024,05,FRA.3.3.3.7_1,0.7162872154115587,0.9832985304575615
2024,05,FRA.3.3.3.8_1,0.6777583187390543,0.9741273017424364
2024,05,FRA.3.3.3.9_1,0.6672504378283713,0.9712651543219287
2024,05,FRA.3.3.4.1_1,0.777583187390543,0.9937082066683358
2024,05,FRA.3.3.4.2_1,0.6742556917688267,0.9731906288081488
2024,05,FRA.3.3.4.3_1,0.6900175131348513,0.9772696659571503
2024,05,FRA.3.3.4.4_1,0.7285464098073555,0.9857869952479592
2024,05,FRA.3.3.4.5_1,0.7443082311733801,0.9886859966642594
2024,05,FRA.3.3.4.6_1,0.7373029772329247,0.987439112046915
2024,05,FRA.3.3.4.7_1,0.7530647985989493,0.990151503558925
2024,05,FRA.3.3.4.8_1,0.7057793345008757,0.9810015290507961
2024,05,FRA.3.3.4.9_1,0.7057793345008757,0.9810015290507961
2024,05,FRA.3.4.1.1_1,0.712784588441331,0.9825497442877892
2024,05,FRA.3.4.1.10_1,0.6654991243432575,0.9707728879609279
2024,05,FRA.3.4.1.11_1,0.7338003502626971,0.986790757962396
2024,05,FRA.3.4.1.12_1,0.6882661996497373,0.976833660353696
2024,05,FRA.3.4.1.13_1,0.7355516637478109,0.9871170143402452
2024,05,FRA.3.4.1.3_1,0.7075306479859896,0.9813949256033475
2024,05,FRA.3.4.1.5_1,0.7232924693520141,0.9847456524402634
2024,05,FRA.3.4.1.6_1,0.7250437828371279,0.9850969495435462
2024,05,FRA.3.4.1.7_1,0.7443082311733801,0.9886859966642594
2024,05,FRA.3.4.1.8_1,0.6830122591943959,0.9754998718605759
2024,05,FRA.3.4.1.9_1,0.7092819614711035,0.9817840903172144
2024,05,FRA.3.4.2.1_1,0.7040280210157619,0.9806038955664005
2024,05,FRA.3.4.2.10_1,0.7338003502626971,0.986790757962396
2024,05,FRA.3.4.2.2_1,0.7425569176882663,0.9883804935347521
2024,05,FRA.3.4.2.3_1,0.6725043782837129,0.9727157858285225
2024,05,FRA.3.4.2.4_1,0.6847635726795097,0.9759487691472335
2024,05,FRA.3.4.2.5_1,0.6952714535901927,0.97855199146494
2024,05,FRA.3.4.2.6_1,0.6900175131348513,0.9772696659571503
2024,05,FRA.3.4.2.7_1,0.7495621716287216,0.9895776877031939
2024,05,FRA.3.4.2.8_1,0.7215411558669002,0.9843901665498289
2024,05,FRA.3.4.2.9_1,0.6970227670753065,0.9789708882290628
2024,05,FRA.3.4.3.1_1,0.7040280210157619,0.9806038955664005
2024,05,FRA.3.4.3.10_1,0.712784588441331,0.9825497442877892
2024,05,FRA.3.4.3.11_1,0.7005253940455343,0.9797958971132712
2024,05,FRA.3.4.3.12_1,0.6812609457092821,0.975046665549911
2024,05,FRA.3.4.3.13_1,0.7285464098073555,0.9857869952479592
2024,05,FRA.3.4.3.14_1,0.6900175131348513,0.9772696659571503
2024,05,FRA.3.4.3.15_1,0.7232924693520141,0.9847456524402634
2024,05,FRA.3.4.3.16_1,0.7338003502626971,0.986790757962396
2024,05,FRA.3.4.3.17_1,0.7635726795096323,0.9917741678426597
2024,05,FRA.3.4.3.2_1,0.7145359019264449,0.9829262434180909
2024,05,FRA.3.4.3.3_1,0.6584938704028022,0.9687600322061186
2024,05,FRA.3.4.3.4_1,0.6742556917688267,0.9731906288081488
2024,05,FRA.3.4.3.5_1,0.7110332749562173,0.9821690282227392
2024,05,FRA.3.4.3.6_1,0.7285464098073555,0.9857869952479592
2024,05,FRA.3.4.3.7_1,0.6760070052539405,0.9736611320166786
2024,05,FRA.3.4.3.8_1,0.6917688266199651,0.9777013859047148
2024,05,FRA.3.4.3.9_1,0.6900175131348513,0.9772696659571503
2024,05,FRA.4.1.1.12_1,0.6935201401050789,0.9781288258711119
2024,05,FRA.4.1.1.3_1,0.6917688266199651,0.9777013859047148
2024,05,FRA.4.1.1.5_1,0.7530647985989493,0.990151503558925
2024,05,FRA.4.1.2.1_1,0.6882661996497373,0.976833660353696
2024,05,FRA.4.1.2.10_1,0.7302977232924693,0.9861257526299574
2024,05,FRA.4.1.2.11_1,0.6812609457092821,0.975046665549911
2024,05,FRA.4.1.2.2_1,0.6830122591943959,0.9754998718605759
2024,05,FRA.4.1.2.6_1,0.6690017513134852,0.9717530550505102
2024,05,FRA.4.1.2.7_1,0.6777583187390543,0.9741273017424364
2024,05,FRA.4.1.3.1_1,0.7022767075306481,0.9802020199938377
2024,05,FRA.4.1.3.2_1,0.7425569176882663,0.9883804935347521
2024,05,FRA.4.1.3.3_1,0.6987740805604205,0.9793855216409929
2024,05,FRA.4.1.3.5_1,0.7075306479859896,0.9813949256033475
2024,05,FRA.4.1.3.7_1,0.7057793345008757,0.9810015290507961
2024,05,FRA.4.2.1.1_1,0.7425569176882663,0.9883804935347521
2024,05,FRA.4.2.1.10_1,0.7408056042031524,0.9880708476622514
2024,05,FRA.4.2.1.11_1,0.7232924693520141,0.9847456524402634
2024,05,FRA.4.2.1.12_1,0.7373029772329247,0.987439112046915
2024,05,FRA.4.2.1.2_1,0.7355516637478109,0.9871170143402452
2024,05,FRA.4.2.1.3_1,0.7513134851138354,0.9898666576867816
2024,05,FRA.4.2.1.4_1,0.7250437828371279,0.9850969495435462
2024,05,FRA.4.2.1.5_1,0.7180385288966725,0.983666610188635
2024,05,FRA.4.2.1.6_1,0.7460595446584939,0.9889873608899156
2024,05,FRA.4.2.1.7_1,0.7565674255691769,0.9907088371464141
2024,05,FRA.4.2.1.8_1,0.7338003502626971,0.986790757962396
2024,05,FRA.4.2.1.9_1,0.7302977232924693,0.9861257526299574
2024,05,FRA.4.2.2.1_1,0.7022767075306481,0.9802020199938377
2024,05,FRA.4.2.2.2_1,0.7162872154115587,0.9832985304575615
2024,05,FRA.4.2.2.3_1,0.7828371278458844,0.9943661297530201
2024,05,FRA.4.2.2.4_1,0.7338003502626971,0.986790757962396
2024,05,FRA.4.2.2.5_1,0.7057793345008757,0.9810015290507961
2024,05,FRA.4.2.3.1_1,0.7320490367775833,0.98646033878712025
2024,05,FRA.4.2.3.10_1,0.7425569176882663,0.9883804935347521
2024,05,FRA.4.2.3.2_1,0.7845884413309984,0.9945772971468834
2024,05,FRA.4.2.3.3_1,0.7057793345008757,0.9810015290507961
2024,05,FRA.4.2.3.4_1,0.7425569176882663,0.9883804935347521
2024,05,FRA.4.2.3.5_1,0.7145359019264449,0.9829262434180909
2024,05,FRA.4.2.3.6_1,0.7022767075306481,0.9802020199938377
2024,05,FRA.4.2.3.7_1,0.7390542907180385,0.9877570551507087
2024,05,FRA.4.2.3.8_1,0.7548161120840631,0.9904322288778774
2024,05,FRA.4.2.3.9_1,0.7355516637478109,0.9871170143402452
2024,05,FRA.4.2.4.1_1,0.7373029772329247,0.987439112046915
2024,05,FRA.4.2.4.2_1,0.7355516637478109,0.9871170143402452
2024,05,FRA.4.2.4.3_1,0.7110332749562173,0.9821690282227392
2024,05,FRA.4.2.4.4_1,0.712784588441331,0.9825497442877892
2024,05,FRA.4.3.1.1_1,0.6795096322241682,0.9745891442038537
2024,05,FRA.4.3.1.2_1,0.7110332749562173,0.9821690282227392
2024,05,FRA.4.3.1.3_1,0.7040280210157619,0.9806038955664005
2024,05,FRA.4.3.1.4_1,0.6952714535901927,0.97855199146494
2024,05,FRA.4.3.1.5_1,0.7162872154115587,0.9832985304575615
2024,05,FRA.4.3.1.6_1,0.6970227670753065,0.9789708882290628
2024,05,FRA.4.3.1.7_1,0.7040280210157619,0.9806038955664005
2024,05,FRA.4.3.2.1_1,0.7022767075306481,0.9802020199938377
2024,05,FRA.4.3.2.2_1,0.6917688266199651,0.9777013859047148
2024,05,FRA.4.3.2.3_1,0.7635726795096323,0.9917741678426597
2024,05,FRA.4.3.2.4_1,0.7092819614711035,0.9817840903172144
2024,05,FRA.4.3.2.5_1,0.7618213660245184,0.9915139938498094
2024,05,FRA.4.3.2.6_1,0.6462346760070053,0.965067873260736
2024,05,FRA.4.3.3.1_1,0.6742556917688267,0.9731906288081488
2024,05,FRA.4.3.3.10_1,0.7320490367775833,0.98646033878712025
2024,05,FRA.4.3.3.11_1,0.6882661996497373,0.976833660353696
2024,05,FRA.4.3.3.12_1,0.6900175131348513,0.9772696659571503
2024,05,FRA.4.3.3.13_1,0.6725043782837129,0.9727157858285225
2024,05,FRA.4.3.3.14_1,0.7040280210157619,0.9806038955664005
2024,05,FRA.4.3.3.15_1,0.6409807355516638,0.9634189120003821
2024,05,FRA.4.3.3.16_1,0.660245183887916,0.9692698282728087
2024,05,FRA.4.3.3.17_1,0.6952714535901927,0.97855199146494
2024,05,FRA.4.3.3.2_1,0.6935201401050789,0.9781288258711119
2024,05,FRA.4.3.3.3_1,0.7478108581436077,0.9892845899942038
2024,05,FRA.4.3.3.4_1,0.7022767075306481,0.9802020199938377
2024,05,FRA.4.3.3.5_1,0.7005253940455343,0.9797958971132712
2024,05,FRA.4.3.3.6_1,0.6935201401050789,0.9781288258711119
2024,05,FRA.4.3.3.7_1,0.7390542907180385,0.9877570551507087
2024,05,FRA.4.3.3.8_1,0.6812609457092821,0.975046665549911
2024,05,FRA.4.3.3.9_1,0.7232924693520141,0.9847456524402634
2024,05,FRA.4.4.1.1_1,0.7425569176882663,0.9883804935347521
2024,05,FRA.4.4.1.10_1,0.7145359019264449,0.9829262434180909
2024,05,FRA.4.4.1.2_1,0.6760070052539405,0.9736611320166786
2024,05,FRA.4.4.1.3_1,0.7285464098073555,0.9857869952479592
2024,05,FRA.4.4.1.4_1,0.7162872154115587,0.9832985304575615
2024,05,FRA.4.4.1.5_1,0.6900175131348513,0.9772696659571503
2024,05,FRA.4.4.1.6_1,0.712784588441331,0.9825497442877892
2024,05,FRA.4.4.1.7_1,0.6900175131348513,0.9772696659571503
2024,05,FRA.4.4.1.8_1,0.6795096322241682,0.9745891442038537
2024,05,FRA.4.4.1.9_1,0.7232924693520141,0.9847456524402634
2024,05,FRA.4.4.2.1_1,0.7355516637478109,0.9871170143402452
2024,05,FRA.4.4.2.2_1,0.7180385288966725,0.983666610188635
2024,05,FRA.4.4.2.3_1,0.6970227670753065,0.9789708882290628
2024,05,FRA.4.4.2.4_1,0.7197898423817863,0.9840304873325826
2024,05,FRA.4.4.2.5_1,0.7180385288966725,0.983666610188635
2024,05,FRA.4.4.3.1_1,0.6795096322241682,0.9745891442038537
2024,05,FRA.4.4.3.2_1,0.6847635726795097,0.9759487691472335
2024,05,FRA.4.4.3.3_1,0.6742556917688267,0.9731906288081488
2024,05,FRA.4.4.3.4_1,0.7338003502626971,0.986790757962396
2024,05,FRA.4.4.3.5_1,0.6479859894921192,0.9656086163658648
2024,05,FRA.4.4.4.1_1,0.6900175131348513,0.9772696659571503
2024,05,FRA.4.4.4.2_1,0.6900175131348513,0.9772696659571503
2024,05,FRA.4.4.4.3_1,0.6760070052539405,0.9736611320166786
2024,05,FRA.4.4.4.4_1,0.6882661996497373,0.976833660353696
2024,05,FRA.4.4.4.5_1,0.6690017513134852,0.9717530550505102
2024,05,FRA.4.4.4.6_1,0.7057793345008757,0.9810015290507961
2024,05,FRA.4.5.1.1_1,0.7022767075306481,0.9802020199938377
2024,05,FRA.4.5.1.10_1,0.7355516637478109,0.9871170143402452
2024,05,FRA.4.5.1.11_1,0.7267950963222417,0.9854440623394105
2024,05,FRA.4.5.1.12_1,0.7390542907180385,0.9877570551507087
2024,05,FRA.4.5.1.2_1,0.6970227670753065,0.9789708882290628
2024,05,FRA.4.5.1.3_1,0.7513134851138354,0.9898666576867816
2024,05,FRA.4.5.1.4_1,0.6882661996497373,0.976833660353696
2024,05,FRA.4.5.1.5_1,0.7040280210157619,0.9806038955664005
2024,05,FRA.4.5.1.6_1,0.7110332749562173,0.9821690282227392
2024,05,FRA.4.5.1.7_1,0.7215411558669002,0.9843901665498289
2024,05,FRA.4.5.1.8_1,0.7443082311733801,0.9886859966642594
2024,05,FRA.4.5.1.9_1,0.7092819614711035,0.9817840903172144
2024,05,FRA.4.5.2.1_1,0.7232924693520141,0.9847456524402634
2024,05,FRA.4.5.2.2_1,0.7162872154115587,0.9832985304575615
2024,05,FRA.4.5.2.3_1,0.7057793345008757,0.9810015290507961
2024,05,FRA.4.5.2.4_1,0.7267950963222417,0.9854440623394105
2024,05,FRA.4.5.2.5_1,0.7162872154115587,0.9832985304575615
2024,05,FRA.4.5.2.6_1,0.7145359019264449,0.9829262434180909
2024,05,FRA.4.5.2.7_1,0.7495621716287216,0.9895776877031939
2024,05,FRA.4.5.2.8_1,0.7180385288966725,0.983666610188635
2024,05,FRA.4.5.2.9_1,0.6987740805604205,0.9793855216409929
2024,05,FRA.4.5.3.1_1,0.712784588441331,0.9825497442877892
2024,05,FRA.4.5.3.10_1,0.7302977232924693,0.9861257526299574
2024,05,FRA.4.5.3.2_1,0.7583187390542908,0.9909813318120578
2024,05,FRA.4.5.3.3_1,0.6760070052539405,0.9736611320166786
2024,05,FRA.4.5.3.4_1,0.7302977232924693,0.9861257526299574
2024,05,FRA.4.5.3.5_1,0.7513134851138354,0.9898666576867816
2024,05,FRA.4.5.3.6_1,0.7232924693520141,0.9847456524402634
2024,05,FRA.4.5.3.7_1,0.7267950963222417,0.9854440623394105
2024,05,FRA.4.5.3.8_1,0.7005253940455343,0.9797958971132712
2024,05,FRA.4.5.3.9_1,0.7548161120840631,0.9904322288778774
2024,05,FRA.4.6.1.1_1,0.7180385288966725,0.983666610188635
2024,05,FRA.4.6.1.10_1,0.7600700525394046,0.9912497162672985
2024,05,FRA.4.6.1.11_1,0.7250437828371279,0.9850969495435462
2024,05,FRA.4.6.1.12_1,0.7408056042031524,0.9880708476622514
2024,05,FRA.4.6.1.2_1,0.6654991243432575,0.9707728879609279
2024,05,FRA.4.6.1.3_1,0.7232924693520141,0.9847456524402634
2024,05,FRA.4.6.1.4_1,0.7110332749562173,0.9821690282227392
2024,05,FRA.4.6.1.5_1,0.712784588441331,0.9825497442877892
2024,05,FRA.4.6.1.6_1,0.7285464098073555,0.9857869952479592
2024,05,FRA.4.6.1.7_1,0.7390542907180385,0.9877570551507087
2024,05,FRA.4.6.1.8_1,0.6882661996497373,0.976833660353696
2024,05,FRA.4.6.1.9_1,0.7022767075306481,0.9802020199938377
2024,05,FRA.4.6.2.1_1,0.7565674255691769,0.9907088371464141
2024,05,FRA.4.6.2.10_1,0.7338003502626971,0.986790757962396
2024,05,FRA.4.6.2.11_1,0.7478108581436077,0.9892845899942038
2024,05,FRA.4.6.2.12_1,0.7373029772329247,0.987439112046915
2024,05,FRA.4.6.2.13_1,0.7390542907180385,0.9877570551507087
2024,05,FRA.4.6.2.14_1,0.7373029772329247,0.987439112046915
2024,05,FRA.4.6.2.15_1,0.7583187390542908,0.9909813318120578
2024,05,FRA.4.6.2.16_1,0.7635726795096323,0.9917741678426597
2024,05,FRA.4.6.2.17_1,0.7232924693520141,0.9847456524402634
2024,05,FRA.4.6.2.18_1,0.6654991243432575,0.9707728879609279
2024,05,FRA.4.6.2.19_1,0.7005253940455343,0.9797958971132712
2024,05,FRA.4.6.2.2_1,0.6795096322241682,0.9745891442038537
2024,05,FRA.4.6.2.3_1,0.7338003502626971,0.986790757962396
2024,05,FRA.4.6.2.4_1,0.712784588441331,0.9825497442877892
2024,05,FRA.4.6.2.5_1,0.7285464098073555,0.9857869952479592
2024,05,FRA.4.6.2.6_1,0.6795096322241682,0.9745891442038537
2024,05,FRA.4.6.2.7_1,0.6795096322241682,0.9745891442038537
2024,05,FRA.4.6.2.8_1,0.6882661996497373,0.976833660353696
2024,05,FRA.4.6.2.9_1,0.7145359019264449,0.9829262434180909
2024,05,FRA.4.6.3.1_1,0.712784588441331,0.9825497442877892
2024,05,FRA.4.6.3.2_1,0.7390542907180385,0.9877570551507087
2024,05,FRA.4.6.3.3_1,0.7425569176882663,0.9883804935347521
2024,05,FRA.4.6.3.4_1,0.7425569176882663,0.9883804935347521
2024,05,FRA.4.6.3.5_1,0.7110332749562173,0.9821690282227392
2024,05,FRA.5.1.1.1_1,0.6987740805604205,0.9793855216409929
2024,05,FRA.5.1.1.2_1,0.7110332749562173,0.9821690282227392
2024,05,FRA.5.1.1.3_1,0.5744308231173381,0.9389696480717574
2024,05,FRA.5.1.1.4_1,0.5761821366024519,0.939699952112375
2024,05,FRA.5.1.1.5_1,0.6112084063047285,0.9533079250693346
2024,05,FRA.5.1.1.6_1,0.6374781085814362,0.962297251372984
2024,05,FRA.5.1.1.7_1,0.6042031523642732,0.9507365565707464
2024,05,FRA.5.1.1.8_1,0.6672504378283713,0.9712651543219287
2024,05,FRA.5.1.1.9_1,0.5534150612959721,0.9298257901349047
2024,05,FRA.5.1.2.1_1,0.7022767075306481,0.9802020199938377
2024,05,FRA.5.1.2.2_1,0.7302977232924693,0.9861257526299574
2024,05,FRA.5.1.2.3_1,0.6042031523642732,0.9507365565707464
2024,05,FRA.5.1.2.4_1,0.6690017513134852,0.9717530550505102
2024,05,FRA.5.1.2.5_1,0.6252189141856392,0.9582296175760798
2024,05,FRA.5.1.2.6_1,0.5656742556917689,0.9352454223357631
2024,05,FRA.5.1.2.7_1,0.7460595446584939,0.9889873608899156
2024,05,FRA.5.1.2.8_1,0.5919439579684764,0.946057080730333
2024,05,FRA.5.2.1.1_1,0.6987740805604205,0.9793855216409929
2024,05,FRA.5.2.1.2_1,0.7390542907180385,0.9877570551507087
2024,05,FRA.5.2.1.3_1,0.7057793345008757,0.9810015290507961
2024,05,FRA.5.2.1.4_1,0.7320490367775833,0.98646033878712025
2024,05,FRA.5.2.1.5_1,0.76707530647986,0.9922822179198819
2024,05,FRA.5.2.1.6_1,0.7075306479859896,0.9813949256033475
2024,05,FRA.5.2.2.1_1,0.6234676007005254,0.9576304088739037
2024,05,FRA.5.2.2.2_1,0.6357267950963222,0.9617296917533533
2024,05,FRA.5.2.2.3_1,0.6322241681260946,0.9605810741421048
2024,05,FRA.5.2.2.4_1,0.6199649737302978,0.9564183185196736
2024,05,FRA.5.2.2.5_1,0.63922942206655,0.9628603221651623
2024,05,FRA.5.2.2.6_1,0.6462346760070053,0.965067873260736
2024,05,FRA.5.2.3.1_1,0.6322241681260946,0.9605810741421048
2024,05,FRA.5.2.3.10_1,0.6725043782837129,0.9727157858285225
2024,05,FRA.5.2.3.11_1,0.521891418563923,0.9147589846511485
2024,05,FRA.5.2.3.12_1,0.5148861646234676,0.9111838453352868
2024,05,FRA.5.2.3.13_1,0.7197898423817863,0.9840304873325826
2024,05,FRA.5.2.3.14_1,0.6094570928196147,0.9526720317087093
2024,05,FRA.5.2.3.2_1,0.6549912434325745,0.9677272342969376
2024,05,FRA.5.2.3.3_1,0.6900175131348513,0.9772696659571503
2024,05,FRA.5.2.3.4_1,0.5726795096322242,0.9382345122622595
2024,05,FRA.5.2.3.5_1,0.5604203152364273,0.9329523031752481
2024,05,FRA.5.2.3.6_1,0.6725043782837129,0.9727157858285225
2024,05,FRA.5.2.3.7_1,0.6182136602451839,0.9558054195284729
2024,05,FRA.5.2.3.8_1,0.7022767075306481,0.9802020199938377
2024,05,FRA.5.2.3.9_1,0.5376532399299475,0.9224987804869988
2024,05,FRA.6.1.1.1_1,0.7705779334500876,0.9927738916792685
2024,05,FRA.6.1.1.10_1,0.6970227670753065,0.9789708882290628
2024,05,FRA.6.1.1.11_1,0.7513134851138354,0.9898666576867816
2024,05,FRA.6.1.1.12_1,0.7302977232924693,0.9861257526299574
2024,05,FRA.6.1.1.13_1,0.7513134851138354,0.9898666576867816
2024,05,FRA.6.1.1.14_1,0.7197898423817863,0.9840304873325826
2024,05,FRA.6.1.1.15_1,0.7320490367775833,0.98646033878712025
2024,05,FRA.6.1.1.16_1,0.7618213660245184,0.9915139938498094
2024,05,FRA.6.1.1.17_1,0.7355516637478109,0.9871170143402452
2024,05,FRA.6.1.1.18_1,0.7320490367775833,0.98646033878712025
2024,05,FRA.6.1.1.2_1,0.7478108581436077,0.9892845899942038
2024,05,FRA.6.1.1.3_1,0.6900175131348513,0.9772696659571503
2024,05,FRA.6.1.1.4_1,0.7373029772329247,0.987439112046915
2024,05,FRA.6.1.1.5_1,0.7740805604203153,0.9932492134404135
2024,05,FRA.6.1.1.6_1,0.7653239929947461,0.9920302414745228
2024,05,FRA.6.1.1.7_1,0.788091068301226,0.99498743710662
2024,05,FRA.6.1.1.8_1,0.7705779334500876,0.9927738916792685
2024,05,FRA.6.1.1.9_1,0.7548161120840631,0.9904322288778774
2024,05,FRA.6.1.2.1_1,0.7092819614711035,0.9817840903172144
2024,05,FRA.6.1.2.2_1,0.7355516637478109,0.9871170143402452
2024,05,FRA.6.1.2.3_1,0.7600700525394046,0.9912497162672985
2024,05,FRA.6.1.2.4_1,0.7355516637478109,0.9871170143402452
2024,05,FRA.6.1.2.5_1,0.7600700525394046,0.9912497162672985
2024,05,FRA.6.1.2.6_1,0.7460595446584939,0.9889873608899156
2024,05,FRA.6.1.3.1_1,0.7197898423817863,0.9840304873325826
2024,05,FRA.6.1.3.2_1,0.7530647985989493,0.990151503558925
2024,05,FRA.6.1.3.3_1,0.7705779334500876,0.9927738916792685
2024,05,FRA.6.1.3.4_1,0.7565674255691769,0.9907088371464141
2024,05,FRA.6.1.3.5_1,0.7145359019264449,0.9829262434180909
2024,05,FRA.6.1.3.6_1,0.7443082311733801,0.9886859966642594
2024,05,FRA.6.1.3.7_1,0.7863397548161122,0.9947843987518099
2024,05,FRA.6.1.4.1_1,0.7197898423817863,0.9840304873325826
2024,05,FRA.6.1.4.2_1,0.7057793345008757,0.9810015290507961
2024,05,FRA.6.1.4.3_1,0.6952714535901927,0.97855199146494
2024,05,FRA.6.1.4.4_1,0.7267950963222417,0.9854440623394105
2024,05,FRA.6.1.4.5_1,0.7110332749562173,0.9821690282227392
2024,05,FRA.6.1.4.6_1,0.7460595446584939,0.9889873608899156
2024,05,FRA.6.1.4.7_1,0.7285464098073555,0.9857869952479592
2024,05,FRA.6.1.4.8_1,0.7250437828371279,0.9850969495435462
2024,05,FRA.6.10.1.1_1,0.6462346760070053,0.965067873260736
2024,05,FRA.6.10.1.10_1,0.7057793345008757,0.9810015290507961
2024,05,FRA.6.10.1.11_1,0.6882661996497373,0.976833660353696
2024,05,FRA.6.10.1.12_1,0.7197898423817863,0.9840304873325826
2024,05,FRA.6.10.1.13_1,0.6812609457092821,0.975046665549911
2024,05,FRA.6.10.1.14_1,0.6462346760070053,0.965067873260736
2024,05,FRA.6.10.1.15_1,0.6742556917688267,0.9731906288081488
2024,05,FRA.6.10.1.16_1,0.6462346760070053,0.965067873260736
2024,05,FRA.6.10.1.2_1,0.628721541155867,0.9594144047282176
2024,05,FRA.6.10.1.3_1,0.7022767075306481,0.9802020199938377
2024,05,FRA.6.10.1.4_1,0.6725043782837129,0.9727157858285225
2024,05,FRA.6.10.1.5_1,0.670753064798599,0.9722365967191319
2024,05,FRA.6.10.1.6_1,0.7355516637478109,0.9871170143402452
2024,05,FRA.6.10.1.7_1,0.6619964973730298,0.9697752316903129
2024,05,FRA.6.10.1.8_1,0.7092819614711035,0.9817840903172144
2024,05,FRA.6.10.1.9_1,0.7057793345008757,0.9810015290507961
2024,05,FRA.6.10.2.1_1,0.6935201401050789,0.9781288258711119
2024,05,FRA.6.10.2.2_1,0.6900175131348513,0.9772696659571503
2024,05,FRA.6.10.2.3_1,0.7075306479859896,0.9813949256033475
2024,05,FRA.6.10.2.4_1,0.6935201401050789,0.9781288258711119
2024,05,FRA.6.10.2.5_1,0.6830122591943959,0.9754998718605759
2024,05,FRA.6.10.2.6_1,0.6760070052539405,0.9736611320166786
2024,05,FRA.6.10.2.7_1,0.7057793345008757,0.9810015290507961
2024,05,FRA.6.10.3.1_1,0.6882661996497373,0.976833660353696
2024,05,FRA.6.10.3.10_1,0.660245183887916,0.9692698282728087
2024,05,FRA.6.10.3.2_1,0.6935201401050789,0.9781288258711119
2024,05,FRA.6.10.3.3_1,0.6357267950963222,0.9617296917533533
2024,05,FRA.6.10.3.4_1,0.6812609457092821,0.975046665549911
2024,05,FRA.6.10.3.5_1,0.6619964973730298,0.9697752316903129
2024,05,FRA.6.10.3.6_1,0.6812609457092821,0.975046665549911
2024,05,FRA.6.10.3.7_1,0.7425569176882663,0.9883804935347521
2024,05,FRA.6.10.3.8_1,0.628721541155867,0.9594144047282176
2024,05,FRA.6.10.3.9_1,0.6935201401050789,0.9781288258711119
2024,05,FRA.6.2.1.1_1,0.6865148861646235,0.9763933633531108
2024,05,FRA.6.2.1.2_1,0.7005253940455343,0.9797958971132712
2024,05,FRA.6.2.1.3_1,0.7302977232924693,0.9861257526299574
2024,05,FRA.6.2.1.4_1,0.6882661996497373,0.976833660353696
2024,05,FRA.6.2.1.5_1,0.7250437828371279,0.9850969495435462
2024,05,FRA.6.2.2.1_1,0.670753064798599,0.9722365967191319
2024,05,FRA.6.2.2.2_1,0.6830122591943959,0.9754998718605759
2024,05,FRA.6.2.2.3_1,0.7267950963222417,0.9854440623394105
2024,05,FRA.6.2.2.4_1,0.7355516637478109,0.9871170143402452
2024,05,FRA.6.2.2.5_1,0.7302977232924693,0.9861257526299574
2024,05,FRA.6.2.2.6_1,0.7793345008756568,0.993931587182941
2024,05,FRA.6.2.3.1_1,0.7092819614711035,0.9817840903172144
2024,05,FRA.6.2.3.10_1,0.7232924693520141,0.9847456524402634
2024,05,FRA.6.2.3.11_1,0.7075306479859896,0.9813949256033475
2024,05,FRA.6.2.3.12_1,0.6935201401050789,0.9781288258711119
2024,05,FRA.6.2.3.13_1,0.7495621716287216,0.9895776877031939
2024,05,FRA.6.2.3.14_1,0.7302977232924693,0.9861257526299574
2024,05,FRA.6.2.3.15_1,0.7232924693520141,0.9847456524402634
2024,05,FRA.6.2.3.16_1,0.7548161120840631,0.9904322288778774
2024,05,FRA.6.2.3.17_1,0.7513134851138354,0.9898666576867816
2024,05,FRA.6.2.3.18_1,0.7022767075306481,0.9802020199938377
2024,05,FRA.6.2.3.19_1,0.6952714535901927,0.97855199146494
2024,05,FRA.6.2.3.2_1,0.7145359019264449,0.9829262434180909
2024,05,FRA.6.2.3.20_1,0.7828371278458844,0.9943661297530201
2024,05,FRA.6.2.3.21_1,0.6917688266199651,0.9777013859047148
2024,05,FRA.6.2.3.3_1,0.7075306479859896,0.9813949256033475
2024,05,FRA.6.2.3.4_1,0.7565674255691769,0.9907088371464141
2024,05,FRA.6.2.3.5_1,0.7565674255691769,0.9907088371464141
2024,05,FRA.6.2.3.6_1,0.7320490367775833,0.98646033878712025
2024,05,FRA.6.2.3.7_1,0.7162872154115587,0.9832985304575615
2024,05,FRA.6.2.3.8_1,0.7478108581436077,0.9892845899942038
2024,05,FRA.6.2.3.9_1,0.6830122591943959,0.9754998718605759
2024,05,FRA.6.3.1.1_1,0.7022767075306481,0.9802020199938377
2024,05,FRA.6.3.1.2_1,0.7145359019264449,0.9829262434180909
2024,05,FRA.6.3.1.3_1,0.6584938704028022,0.9687600322061186
2024,05,FRA.6.3.2.1_1,0.6830122591943959,0.9754998718605759
2024,05,FRA.6.3.2.2_1,0.6532399299474606,0.9672042183530839
2024,05,FRA.6.3.2.3_1,0.6112084063047285,0.9533079250693346
2024,05,FRA.6.3.2.4_1,0.6970227670753065,0.9789708882290628
2024,05,FRA.6.3.2.5_1,0.6725043782837129,0.9727157858285225
2024,05,FRA.6.3.3.1_1,0.6900175131348513,0.9772696659571503
2024,05,FRA.6.3.3.2_1,0.6830122591943959,0.9754998718605759
2024,05,FRA.6.3.3.3_1,0.6952714535901927,0.97855199146494
2024,05,FRA.6.3.3.4_1,0.7162872154115587,0.9832985304575615
2024,05,FRA.6.3.3.5_1,0.7075306479859896,0.9813949256033475
2024,05,FRA.6.3.3.6_1,0.7110332749562173,0.9821690282227392
2024,05,FRA.6.3.4.1_1,0.6865148861646235,0.9763933633531108
2024,05,FRA.6.3.4.2_1,0.7250437828371279,0.9850969495435462
2024,05,FRA.6.3.4.3_1,0.6444833625218914,0.9645226798784983
2024,05,FRA.6.3.4.4_1,0.6690017513134852,0.9717530550505102
2024,05,FRA.6.3.4.5_1,0.6935201401050789,0.9781288258711119
2024,05,FRA.6.3.4.6_1,0.6830122591943959,0.9754998718605759
2024,05,FRA.6.3.4.7_1,0.6812609457092821,0.975046665549911
2024,05,FRA.6.3.5.1_1,0.6882661996497373,0.976833660353696
2024,05,FRA.6.3.5.2_1,0.6935201401050789,0.9781288258711119
2024,05,FRA.6.3.5.3_1,0.6427320490367776,0.9639730286683336
2024,05,FRA.6.3.5.4_1,0.6795096322241682,0.9745891442038537
2024,05,FRA.6.3.5.5_1,0.63922942206655,0.9628603221651623
2024,05,FRA.6.3.5.6_1,0.6760070052539405,0.9736611320166786
2024,05,FRA.6.3.5.7_1,0.6584938704028022,0.9687600322061186
2024,05,FRA.6.3.5.8_1,0.712784588441331,0.9825497442877892
2024,05,FRA.6.3.6.1_1,0.6812609457092821,0.975046665549911
2024,05,FRA.6.3.7.1_1,0.7110332749562173,0.9821690282227392
2024,05,FRA.6.3.7.2_1,0.712784588441331,0.9825497442877892
2024,05,FRA.6.3.7.3_1,0.6479859894921192,0.9656086163658648
2024,05,FRA.6.3.7.4_1,0.6830122591943959,0.9754998718605759
2024,05,FRA.6.3.7.5_1,0.6847635726795097,0.9759487691472335
2024,05,FRA.6.4.1.1_1,0.6987740805604205,0.9793855216409929
2024,05,FRA.6.4.1.2_1,0.6795096322241682,0.9745891442038537
2024,05,FRA.6.4.1.3_1,0.6917688266199651,0.9777013859047148
2024,05,FRA.6.4.1.4_1,0.6917688266199651,0.9777013859047148
2024,05,FRA.6.4.2.1_1,0.6795096322241682,0.9745891442038537
2024,05,FRA.6.4.2.2_1,0.6725043782837129,0.9727157858285225
2024,05,FRA.6.4.2.3_1,0.6917688266199651,0.9777013859047148
2024,05,FRA.6.4.2.4_1,0.6795096322241682,0.9745891442038537
2024,05,FRA.6.4.2.5_1,0.712784588441331,0.9825497442877892
2024,05,FRA.6.4.2.6_1,0.6812609457092821,0.975046665549911
2024,05,FRA.6.4.3.1_1,0.7040280210157619,0.9806038955664005
2024,05,FRA.6.4.3.2_1,0.7092819614711035,0.9817840903172144
2024,05,FRA.6.4.3.3_1,0.7320490367775833,0.98646033878712025
2024,05,FRA.6.4.3.4_1,0.7180385288966725,0.983666610188635
2024,05,FRA.6.4.4.1_1,0.6970227670753065,0.9789708882290628
2024,05,FRA.6.4.4.2_1,0.660245183887916,0.9692698282728087
2024,05,FRA.6.4.4.3_1,0.6847635726795097,0.9759487691472335
2024,05,FRA.6.4.4.4_1,0.7075306479859896,0.9813949256033475
2024,05,FRA.6.4.4.5_1,0.6514886164623468,0.9666767815562759
2024,05,FRA.6.4.4.6_1,0.6917688266199651,0.9777013859047148
2024,05,FRA.6.4.4.7_1,0.7495621716287216,0.9895776877031939
2024,05,FRA.6.4.5.1_1,0.7197898423817863,0.9840304873325826
2024,05,FRA.6.4.5.2_1,0.6409807355516638,0.9634189120003821
2024,05,FRA.6.4.5.3_1,0.6532399299474606,0.9672042183530839
2024,05,FRA.6.4.5.4_1,0.6900175131348513,0.9772696659571503
2024,05,FRA.6.4.6.1_1,0.7005253940455343,0.9797958971132712
2024,05,FRA.6.4.6.2_1,0.6900175131348513,0.9772696659571503
2024,05,FRA.6.4.6.3_1,0.649737302977233,0.9661449166662318
2024,05,FRA.6.4.6.4_1,0.6900175131348513,0.9772696659571503
2024,05,FRA.6.5.1.1_1,0.6760070052539405,0.9736611320166786
2024,05,FRA.6.5.1.10_1,0.6882661996497373,0.976833660353696
2024,05,FRA.6.5.1.11_1,0.7197898423817863,0.9840304873325826
2024,05,FRA.6.5.1.12_1,0.6690017513134852,0.9717530550505102
2024,05,FRA.6.5.1.2_1,0.7250437828371279,0.9850969495435462
2024,05,FRA.6.5.1.3_1,0.6917688266199651,0.9777013859047148
2024,05,FRA.6.5.1.4_1,0.7215411558669002,0.9843901665498289
2024,05,FRA.6.5.1.5_1,0.6900175131348513,0.9772696659571503
2024,05,FRA.6.5.1.6_1,0.6672504378283713,0.9712651543219287
2024,05,FRA.6.5.1.7_1,0.7215411558669002,0.9843901665498289
2024,05,FRA.6.5.1.8_1,0.6427320490367776,0.9639730286683336
2024,05,FRA.6.5.1.9_1,0.7285464098073555,0.9857869952479592
2024,05,FRA.6.5.2.1_1,0.6970227670753065,0.9789708882290628
2024,05,FRA.6.5.2.10_1,0.6795096322241682,0.9745891442038537
2024,05,FRA.6.5.2.2_1,0.7267950963222417,0.9854440623394105
2024,05,FRA.6.5.2.3_1,0.7285464098073555,0.9857869952479592
2024,05,FRA.6.5.2.4_1,0.7075306479859896,0.9813949256033475
2024,05,FRA.6.5.2.5_1,0.7285464098073555,0.9857869952479592
2024,05,FRA.6.5.2.6_1,0.7092819614711035,0.9817840903172144
2024,05,FRA.6.5.2.7_1,0.7232924693520141,0.9847456524402634
2024,05,FRA.6.5.2.8_1,0.7057793345008757,0.9810015290507961
2024,05,FRA.6.5.2.9_1,0.7425569176882663,0.9883804935347521
2024,05,FRA.6.5.3.1_1,0.7162872154115587,0.9832985304575615
2024,05,FRA.6.5.3.10_1,0.7005253940455343,0.9797958971132712
2024,05,FRA.6.5.3.11_1,0.6760070052539405,0.9736611320166786
2024,05,FRA.6.5.3.2_1,0.6812609457092821,0.975046665549911
2024,05,FRA.6.5.3.3_1,0.6917688266199651,0.9777013859047148
2024,05,FRA.6.5.3.4_1,0.7040280210157619,0.9806038955664005
2024,05,FRA.6.5.3.5_1,0.6637478108581437,0.970276249322841
2024,05,FRA.6.5.3.6_1,0.6935201401050789,0.9781288258711119
2024,05,FRA.6.5.3.7_1,0.6900175131348513,0.9772696659571503
2024,05,FRA.6.5.3.8_1,0.7828371278458844,0.9943661297530201
2024,05,FRA.6.5.3.9_1,0.7355516637478109,0.9871170143402452
2024,05,FRA.6.6.1.1_1,0.7338003502626971,0.986790757962396
2024,05,FRA.6.6.1.2_1,0.6952714535901927,0.97855199146494
2024,05,FRA.6.6.1.3_1,0.7022767075306481,0.9802020199938377
2024,05,FRA.6.6.1.4_1,0.7740805604203153,0.9932492134404135
2024,05,FRA.6.6.1.5_1,0.7197898423817863,0.9840304873325826
2024,05,FRA.6.6.1.6_1,0.7022767075306481,0.9802020199938377
2024,05,FRA.6.6.1.7_1,0.7478108581436077,0.9892845899942038
2024,05,FRA.6.6.1.8_1,0.6847635726795097,0.9759487691472335
2024,05,FRA.6.6.2.1_1,0.7530647985989493,0.990151503558925
2024,05,FRA.6.6.2.10_1,0.7180385288966725,0.983666610188635
2024,05,FRA.6.6.2.11_1,0.7022767075306481,0.9802020199938377
2024,05,FRA.6.6.2.2_1,0.7180385288966725,0.983666610188635
2024,05,FRA.6.6.2.3_1,0.7040280210157619,0.9806038955664005
2024,05,FRA.6.6.2.4_1,0.7460595446584939,0.9889873608899156
2024,05,FRA.6.6.2.5_1,0.7302977232924693,0.9861257526299574
2024,05,FRA.6.6.2.6_1,0.7267950963222417,0.9854440623394105
2024,05,FRA.6.6.2.7_1,0.7478108581436077,0.9892845899942038
2024,05,FRA.6.6.2.8_1,0.76707530647986,0.9922822179198819
2024,05,FRA.6.6.2.9_1,0.6865148861646235,0.9763933633531108
2024,05,FRA.6.6.3.1_1,0.7793345008756568,0.993931587182941
2024,05,FRA.6.6.3.10_1,0.7425569176882663,0.9883804935347521
2024,05,FRA.6.6.3.11_1,0.7355516637478109,0.9871170143402452
2024,05,FRA.6.6.3.12_1,0.7390542907180385,0.9877570551507087
2024,05,FRA.6.6.3.2_1,0.7600700525394046,0.9912497162672985
2024,05,FRA.6.6.3.3_1,0.7197898423817863,0.9840304873325826
2024,05,FRA.6.6.3.4_1,0.7355516637478109,0.9871170143402452
2024,05,FRA.6.6.3.5_1,0.7320490367775833,0.98646033878712025
2024,05,FRA.6.6.3.6_1,0.7478108581436077,0.9892845899942038
2024,05,FRA.6.6.3.7_1,0.7390542907180385,0.9877570551507087
2024,05,FRA.6.6.3.8_1,0.7320490367775833,0.98646033878712025
2024,05,FRA.6.6.3.9_1,0.7320490367775833,0.98646033878712025
2024,05,FRA.6.6.4.1_1,0.7338003502626971,0.986790757962396
2024,05,FRA.6.6.4.2_1,0.7373029772329247,0.987439112046915
2024,05,FRA.6.6.4.3_1,0.7653239929947461,0.9920302414745228
2024,05,FRA.6.6.5.1_1,0.7215411558669002,0.9843901665498289
2024,05,FRA.6.6.5.2_1,0.7057793345008757,0.9810015290507961
2024,05,FRA.6.6.5.3_1,0.7022767075306481,0.9802020199938377
2024,05,FRA.6.6.5.4_1,0.6917688266199651,0.9777013859047148
2024,05,FRA.6.6.5.5_1,0.7267950963222417,0.9854440623394105
2024,05,FRA.6.6.5.6_1,0.6882661996497373,0.976833660353696
2024,05,FRA.6.6.5.7_1,0.6760070052539405,0.9736611320166786
2024,05,FRA.6.7.1.1_1,0.6900175131348513,0.9772696659571503
2024,05,FRA.6.7.1.10_1,0.7250437828371279,0.9850969495435462
2024,05,FRA.6.7.1.2_1,0.6917688266199651,0.9777013859047148
2024,05,FRA.6.7.1.3_1,0.7110332749562173,0.9821690282227392
2024,05,FRA.6.7.1.4_1,0.6935201401050789,0.9781288258711119
2024,05,FRA.6.7.1.5_1,0.6812609457092821,0.975046665549911
2024,05,FRA.6.7.1.6_1,0.7110332749562173,0.9821690282227392
2024,05,FRA.6.7.1.7_1,0.6970227670753065,0.9789708882290628
2024,05,FRA.6.7.1.8_1,0.7355516637478109,0.9871170143402452
2024,05,FRA.6.7.1.9_1,0.6742556917688267,0.9731906288081488
2024,05,FRA.6.7.2.1_1,0.7635726795096323,0.9917741678426597
2024,05,FRA.6.7.2.10_1,0.6917688266199651,0.9777013859047148
2024,05,FRA.6.7.2.2_1,0.670753064798599,0.9722365967191319
2024,05,FRA.6.7.2.3_1,0.7443082311733801,0.9886859966642594
2024,05,FRA.6.7.2.4_1,0.6987740805604205,0.9793855216409929
2024,05,FRA.6.7.2.5_1,0.6987740805604205,0.9793855216409929
2024,05,FRA.6.7.2.6_1,0.7390542907180385,0.9877570551507087
2024,05,FRA.6.7.2.7_1,0.6690017513134852,0.9717530550505102
2024,05,FRA.6.7.2.8_1,0.712784588441331,0.9825497442877892
2024,05,FRA.6.7.2.9_1,0.7320490367775833,0.98646033878712025
2024,05,FRA.6.7.3.1_1,0.7180385288966725,0.983666610188635
2024,05,FRA.6.7.3.10_1,0.7057793345008757,0.9810015290507961
2024,05,FRA.6.7.3.11_1,0.76707530647986,0.9922822179198819
2024,05,FRA.6.7.3.12_1,0.6917688266199651,0.9777013859047148
2024,05,FRA.6.7.3.13_1,0.6795096322241682,0.9745891442038537
2024,05,FRA.6.7.3.14_1,0.6970227670753065,0.9789708882290628
2024,05,FRA.6.7.3.15_1,0.6777583187390543,0.9741273017424364
2024,05,FRA.6.7.3.16_1,0.6900175131348513,0.9772696659571503
2024,05,FRA.6.7.3.2_1,0.7005253940455343,0.9797958971132712
2024,05,FRA.6.7.3.3_1,0.6619964973730298,0.9697752316903129
2024,05,FRA.6.7.3.4_1,0.7338003502626971,0.986790757962396
2024,05,FRA.6.7.3.5_1,0.7005253940455343,0.9797958971132712
2024,05,FRA.6.7.3.6_1,0.6865148861646235,0.9763933633531108
2024,05,FRA.6.7.3.7_1,0.7162872154115587,0.9832985304575615
2024,05,FRA.6.7.3.8_1,0.7005253940455343,0.9797958971132712
2024,05,FRA.6.7.3.9_1,0.6987740805604205,0.9793855216409929
2024,05,FRA.6.7.4.1_1,0.7460595446584939,0.9889873608899156
2024,05,FRA.6.7.4.2_1,0.712784588441331,0.9825497442877892
2024,05,FRA.6.7.4.3_1,0.6619964973730298,0.9697752316903129
2024,05,FRA.6.7.4.4_1,0.7460595446584939,0.9889873608899156
2024,05,FRA.6.7.4.5_1,0.7267950963222417,0.9854440623394105
2024,05,FRA.6.7.4.6_1,0.7250437828371279,0.9850969495435462
2024,05,FRA.6.8.1.1_1,0.6900175131348513,0.9772696659571503
2024,05,FRA.6.8.1.6_1,0.7005253940455343,0.9797958971132712
2024,05,FRA.6.8.1.7_1,0.7373029772329247,0.987439112046915
2024,05,FRA.6.8.1.8_1,0.6690017513134852,0.9717530550505102
2024,05,FRA.6.8.1.9_1,0.7145359019264449,0.9829262434180909
2024,05,FRA.6.8.2.1_1,0.6777583187390543,0.9741273017424364
2024,05,FRA.6.8.2.2_1,0.6987740805604205,0.9793855216409929
2024,05,FRA.6.8.2.4_1,0.7250437828371279,0.9850969495435462
2024,05,FRA.6.8.2.5_1,0.7373029772329247,0.987439112046915
2024,05,FRA.6.8.2.6_1,0.7250437828371279,0.9850969495435462
2024,05,FRA.6.8.2.7_1,0.7583187390542908,0.9909813318120578
2024,05,FRA.6.8.3.10_1,0.712784588441331,0.9825497442877892
2024,05,FRA.6.8.3.11_1,0.7215411558669002,0.9843901665498289
2024,05,FRA.6.8.3.12_1,0.7513134851138354,0.9898666576867816
2024,05,FRA.6.8.3.2_1,0.7810858143607706,0.9941508939793798
2024,05,FRA.6.8.3.6_1,0.7005253940455343,0.9797958971132712
2024,05,FRA.6.8.3.8_1,0.6777583187390543,0.9741273017424364
2024,05,FRA.6.9.1.1_1,0.6935201401050789,0.9781288258711119
2024,05,FRA.6.9.1.2_1,0.7583187390542908,0.9909813318120578
2024,05,FRA.6.9.1.3_1,0.6970227670753065,0.9789708882290628
2024,05,FRA.6.9.2.1_1,0.6654991243432575,0.9707728879609279
2024,05,FRA.6.9.2.2_1,0.7162872154115587,0.9832985304575615
2024,05,FRA.6.9.2.3_1,0.7267950963222417,0.9854440623394105
2024,05,FRA.6.9.2.4_1,0.7232924693520141,0.9847456524402634
2024,05,FRA.6.9.2.5_1,0.6812609457092821,0.975046665549911
2024,05,FRA.6.9.3.1_1,0.7040280210157619,0.9806038955664005
2024,05,FRA.6.9.3.2_1,0.7390542907180385,0.9877570551507087
2024,05,FRA.6.9.3.3_1,0.7250437828371279,0.9850969495435462
2024,05,FRA.6.9.3.4_1,0.7705779334500876,0.9927738916792685
2024,05,FRA.6.9.3.5_1,0.6725043782837129,0.9727157858285225
2024,05,FRA.6.9.3.6_1,0.6672504378283713,0.9712651543219287
2024,05,FRA.6.9.3.7_1,0.6917688266199651,0.9777013859047148
2024,05,FRA.6.9.3.8_1,0.7092819614711035,0.9817840903172144
2024,05,FRA.6.9.4.1_1,0.6987740805604205,0.9793855216409929
2024,05,FRA.6.9.4.2_1,0.6865148861646235,0.9763933633531108
2024,05,FRA.6.9.4.3_1,0.6619964973730298,0.9697752316903129
2024,05,FRA.6.9.4.4_1,0.7530647985989493,0.990151503558925
2024,05,FRA.6.9.4.5_1,0.6900175131348513,0.9772696659571503
2024,05,FRA.6.9.4.6_1,0.7285464098073555,0.9857869952479592
2024,05,FRA.6.9.4.7_1,0.6514886164623468,0.9666767815562759
2024,05,FRA.6.9.4.8_1,0.6584938704028022,0.9687600322061186
2024,05,FRA.6.9.4.9_1,0.6760070052539405,0.9736611320166786
2024,05,FRA.6.9.5.1_1,0.712784588441331,0.9825497442877892
2024,05,FRA.6.9.6.1_1,0.6970227670753065,0.9789708882290628
2024,05,FRA.6.9.6.2_1,0.6654991243432575,0.9707728879609279
2024,05,FRA.6.9.6.3_1,0.7320490367775833,0.98646033878712025
2024,05,FRA.6.9.6.4_1,0.7092819614711035,0.9817840903172144
2024,05,FRA.6.9.6.5_1,0.7250437828371279,0.9850969495435462
2024,05,FRA.6.9.7.1_1,0.6865148861646235,0.9763933633531108
2024,05,FRA.6.9.7.2_1,0.7110332749562173,0.9821690282227392
2024,05,FRA.6.9.7.3_1,0.6725043782837129,0.9727157858285225
2024,05,FRA.6.9.7.4_1,0.7092819614711035,0.9817840903172144
2024,05,FRA.6.9.7.5_1,0.6514886164623468,0.9666767815562759
2024,05,FRA.6.9.7.6_1,0.7092819614711035,0.9817840903172144
2024,05,FRA.6.9.8.1_1,0.7145359019264449,0.9829262434180909
2024,05,FRA.6.9.8.2_1,0.7338003502626971,0.986790757962396
2024,05,FRA.6.9.8.3_1,0.7162872154115587,0.9832985304575615
2024,05,FRA.6.9.8.4_1,0.712784588441331,0.9825497442877892
2024,05,FRA.6.9.8.5_1,0.6882661996497373,0.976833660353696
2024,05,FRA.6.9.9.1_1,0.6567425569176883,0.9682458365518543
2024,05,FRA.6.9.9.2_1,0.7320490367775833,0.98646033878712025
2024,05,FRA.6.9.9.3_1,0.7267950963222417,0.9854440623394105
2024,05,FRA.6.9.9.4_1,0.6952714535901927,0.97855199146494
2024,05,FRA.6.9.9.5_1,0.7232924693520141,0.9847456524402634
2024,05,FRA.6.9.9.6_1,0.7092819614711035,0.9817840903172144
2024,05,FRA.7.1.1.1_1,0.6795096322241682,0.9745891442038537
2024,05,FRA.7.1.1.2_1,0.7022767075306481,0.9802020199938377
2024,05,FRA.7.1.1.3_1,0.7460595446584939,0.9889873608899156
2024,05,FRA.7.1.1.4_1,0.7197898423817863,0.9840304873325826
2024,05,FRA.7.1.1.5_1,0.6987740805604205,0.9793855216409929
2024,05,FRA.7.1.2.1_1,0.7338003502626971,0.986790757962396
2024,05,FRA.7.1.2.10_1,0.7197898423817863,0.9840304873325826
2024,05,FRA.7.1.2.11_1,0.660245183887916,0.9692698282728087
2024,05,FRA.7.1.2.12_1,0.7443082311733801,0.9886859966642594
2024,05,FRA.7.1.2.13_1,0.7828371278458844,0.9943661297530201
2024,05,FRA.7.1.2.14_1,0.7618213660245184,0.9915139938498094
2024,05,FRA.7.1.2.2_1,0.7425569176882663,0.9883804935347521
2024,05,FRA.7.1.2.3_1,0.7057793345008757,0.9810015290507961
2024,05,FRA.7.1.2.4_1,0.7110332749562173,0.9821690282227392
2024,05,FRA.7.1.2.5_1,0.7145359019264449,0.9829262434180909
2024,05,FRA.7.1.2.6_1,0.712784588441331,0.9825497442877892
2024,05,FRA.7.1.2.7_1,0.6742556917688267,0.9731906288081488
2024,05,FRA.7.1.2.8_1,0.6987740805604205,0.9793855216409929
2024,05,FRA.7.1.2.9_1,0.7267950963222417,0.9854440623394105
2024,05,FRA.7.1.3.1_1,0.7460595446584939,0.9889873608899156
2024,05,FRA.7.1.3.2_1,0.7162872154115587,0.9832985304575615
2024,05,FRA.7.1.3.3_1,0.7460595446584939,0.9889873608899156
2024,05,FRA.7.1.3.4_1,0.7705779334500876,0.9927738916792685
2024,05,FRA.7.1.3.5_1,0.7443082311733801,0.9886859966642594
2024,05,FRA.7.1.3.6_1,0.7040280210157619,0.9806038955664005
2024,05,FRA.7.1.3.7_1,0.6795096322241682,0.9745891442038537
2024,05,FRA.7.1.3.8_1,0.7250437828371279,0.9850969495435462
2024,05,FRA.7.1.3.9_1,0.7022767075306481,0.9802020199938377
2024,05,FRA.7.1.4.1_1,0.6567425569176883,0.9682458365518543
2024,05,FRA.7.1.4.2_1,0.7180385288966725,0.983666610188635
2024,05,FRA.7.1.4.3_1,0.6865148861646235,0.9763933633531108
2024,05,FRA.7.1.4.4_1,0.7110332749562173,0.9821690282227392
2024,05,FRA.7.1.4.5_1,0.7583187390542908,0.9909813318120578
2024,05,FRA.7.1.4.6_1,0.7057793345008757,0.9810015290507961
2024,05,FRA.7.1.4.7_1,0.7110332749562173,0.9821690282227392
2024,05,FRA.7.1.4.8_1,0.7688266199649738,0.9925301002992302
2024,05,FRA.7.1.5.1_1,0.7828371278458844,0.9943661297530201
2024,05,FRA.7.1.5.2_1,0.7513134851138354,0.9898666576867816
2024,05,FRA.7.1.5.3_1,0.7145359019264449,0.9829262434180909
2024,05,FRA.7.1.5.4_1,0.7180385288966725,0.983666610188635
2024,05,FRA.7.1.5.5_1,0.7565674255691769,0.9907088371464141
2024,05,FRA.7.1.5.6_1,0.7408056042031524,0.9880708476622514
2024,05,FRA.7.1.5.7_1,0.7092819614711035,0.9817840903172144
2024,05,FRA.7.1.5.8_1,0.6865148861646235,0.9763933633531108
2024,05,FRA.7.2.1.1_1,0.76707530647986,0.9922822179198819
2024,05,FRA.7.2.1.10_1,0.7215411558669002,0.9843901665498289
2024,05,FRA.7.2.1.11_1,0.7320490367775833,0.98646033878712025
2024,05,FRA.7.2.1.12_1,0.7057793345008757,0.9810015290507961
2024,05,FRA.7.2.1.13_1,0.712784588441331,0.9825497442877892
2024,05,FRA.7.2.1.14_1,0.7478108581436077,0.9892845899942038
2024,05,FRA.7.2.1.15_1,0.7057793345008757,0.9810015290507961
2024,05,FRA.7.2.1.2_1,0.7302977232924693,0.9861257526299574
2024,05,FRA.7.2.1.3_1,0.7758318739054292,0.9934807496876826
2024,05,FRA.7.2.1.4_1,0.7285464098073555,0.9857869952479592
2024,05,FRA.7.2.1.5_1,0.7635726795096323,0.9917741678426597
2024,05,FRA.7.2.1.6_1,0.7162872154115587,0.9832985304575615
2024,05,FRA.7.2.1.7_1,0.7320490367775833,0.98646033878712025
2024,05,FRA.7.2.1.8_1,0.7302977232924693,0.9861257526299574
2024,05,FRA.7.2.1.9_1,0.7460595446584939,0.9889873608899156
2024,05,FRA.7.2.2.1_1,0.7022767075306481,0.9802020199938377
2024,05,FRA.7.2.2.2_1,0.7267950963222417,0.9854440623394105
2024,05,FRA.7.2.2.3_1,0.7338003502626971,0.986790757962396
2024,05,FRA.7.2.2.4_1,0.7285464098073555,0.9857869952479592
2024,05,FRA.7.2.2.5_1,0.7530647985989493,0.990151503558925
2024,05,FRA.7.2.2.6_1,0.7267950963222417,0.9854440623394105
2024,05,FRA.7.2.2.7_1,0.7443082311733801,0.9886859966642594
2024,05,FRA.7.2.2.8_1,0.7232924693520141,0.9847456524402634
2024,05,FRA.7.2.3.1_1,0.7285464098073555,0.9857869952479592
2024,05,FRA.7.2.3.2_1,0.7338003502626971,0.986790757962396
2024,05,FRA.7.2.3.3_1,0.7425569176882663,0.9883804935347521
2024,05,FRA.7.2.3.4_1,0.7618213660245184,0.9915139938498094
2024,05,FRA.7.2.3.5_1,0.777583187390543,0.9937082066683358
2024,05,FRA.7.2.3.6_1,0.6830122591943959,0.9754998718605759
2024,05,FRA.7.2.3.7_1,0.7040280210157619,0.9806038955664005
2024,05,FRA.7.2.3.8_1,0.7495621716287216,0.9895776877031939
2024,05,FRA.7.2.4.1_1,0.7390542907180385,0.9877570551507087
2024,05,FRA.7.2.4.10_1,0.7057793345008757,0.9810015290507961
2024,05,FRA.7.2.4.11_1,0.7635726795096323,0.9917741678426597
2024,05,FRA.7.2.4.12_1,0.7197898423817863,0.9840304873325826
2024,05,FRA.7.2.4.13_1,0.6847635726795097,0.9759487691472335
2024,05,FRA.7.2.4.14_1,0.7390542907180385,0.9877570551507087
2024,05,FRA.7.2.4.15_1,0.7338003502626971,0.986790757962396
2024,05,FRA.7.2.4.16_1,0.7443082311733801,0.9886859966642594
2024,05,FRA.7.2.4.17_1,0.6549912434325745,0.9677272342969376
2024,05,FRA.7.2.4.18_1,0.7250437828371279,0.9850969495435462
2024,05,FRA.7.2.4.19_1,0.7565674255691769,0.9907088371464141
2024,05,FRA.7.2.4.2_1,0.7180385288966725,0.983666610188635
2024,05,FRA.7.2.4.3_1,0.7443082311733801,0.9886859966642594
2024,05,FRA.7.2.4.4_1,0.7355516637478109,0.9871170143402452
2024,05,FRA.7.2.4.5_1,0.7583187390542908,0.9909813318120578
2024,05,FRA.7.2.4.6_1,0.7898423817863398,0.9951864146982715
2024,05,FRA.7.2.4.7_1,0.8126094570928197,0.9974046320325567
2024,05,FRA.7.2.4.8_1,0.7653239929947461,0.9920302414745228
2024,05,FRA.7.2.4.9_1,0.788091068301226,0.99498743710662
2024,05,FRA.7.2.5.1_1,0.6882661996497373,0.976833660353696
2024,05,FRA.7.2.5.10_1,0.76707530647986,0.9922822179198819
2024,05,FRA.7.2.5.11_1,0.7338003502626971,0.986790757962396
2024,05,FRA.7.2.5.12_1,0.7057793345008757,0.9810015290507961
2024,05,FRA.7.2.5.13_1,0.6917688266199651,0.9777013859047148
2024,05,FRA.7.2.5.14_1,0.7040280210157619,0.9806038955664005
2024,05,FRA.7.2.5.15_1,0.649737302977233,0.9661449166662318
2024,05,FRA.7.2.5.16_1,0.7145359019264449,0.9829262434180909
2024,05,FRA.7.2.5.17_1,0.7653239929947461,0.9920302414745228
2024,05,FRA.7.2.5.18_1,0.7302977232924693,0.9861257526299574
2024,05,FRA.7.2.5.19_1,0.7250437828371279,0.9850969495435462
2024,05,FRA.7.2.5.2_1,0.7267950963222417,0.9854440623394105
2024,05,FRA.7.2.5.20_1,0.7302977232924693,0.9861257526299574
2024,05,FRA.7.2.5.21_1,0.6900175131348513,0.9772696659571503
2024,05,FRA.7.2.5.22_1,0.7040280210157619,0.9806038955664005
2024,05,FRA.7.2.5.23_1,0.7320490367775833,0.98646033878712025
2024,05,FRA.7.2.5.24_1,0.6935201401050789,0.9781288258711119
2024,05,FRA.7.2.5.25_1,0.7197898423817863,0.9840304873325826
2024,05,FRA.7.2.5.3_1,0.7302977232924693,0.9861257526299574
2024,05,FRA.7.2.5.4_1,0.7162872154115587,0.9832985304575615
2024,05,FRA.7.2.5.5_1,0.7040280210157619,0.9806038955664005
2024,05,FRA.7.2.5.6_1,0.6865148861646235,0.9763933633531108
2024,05,FRA.7.2.5.7_1,0.7355516637478109,0.9871170143402452
2024,05,FRA.7.2.5.8_1,0.7092819614711035,0.9817840903172144
2024,05,FRA.7.2.5.9_1,0.7180385288966725,0.983666610188635
2024,05,FRA.7.2.6.1_1,0.7635726795096323,0.9917741678426597
2024,05,FRA.7.2.6.10_1,0.7460595446584939,0.9889873608899156
2024,05,FRA.7.2.6.11_1,0.7215411558669002,0.9843901665498289
2024,05,FRA.7.2.6.2_1,0.7565674255691769,0.9907088371464141
2024,05,FRA.7.2.6.3_1,0.7828371278458844,0.9943661297530201
2024,05,FRA.7.2.6.4_1,0.7688266199649738,0.9925301002992302
2024,05,FRA.7.2.6.5_1,0.7460595446584939,0.9889873608899156
2024,05,FRA.7.2.6.6_1,0.7600700525394046,0.9912497162672985
2024,05,FRA.7.2.6.7_1,0.7040280210157619,0.9806038955664005
2024,05,FRA.7.2.6.8_1,0.7162872154115587,0.9832985304575615
2024,05,FRA.7.2.6.9_1,0.7302977232924693,0.9861257526299574
2024,05,FRA.7.3.1.1_1,0.7285464098073555,0.9857869952479592
2024,05,FRA.7.3.1.10_1,0.7460595446584939,0.9889873608899156
2024,05,FRA.7.3.1.11_1,0.7162872154115587,0.9832985304575615
2024,05,FRA.7.3.1.12_1,0.7110332749562173,0.9821690282227392
2024,05,FRA.7.3.1.13_1,0.7057793345008757,0.9810015290507961
2024,05,FRA.7.3.1.14_1,0.7320490367775833,0.98646033878712025
2024,05,FRA.7.3.1.2_1,0.6847635726795097,0.9759487691472335
2024,05,FRA.7.3.1.3_1,0.6970227670753065,0.9789708882290628
2024,05,FRA.7.3.1.4_1,0.7635726795096323,0.9917741678426597
2024,05,FRA.7.3.1.5_1,0.7705779334500876,0.9927738916792685
2024,05,FRA.7.3.1.6_1,0.7232924693520141,0.9847456524402634
2024,05,FRA.7.3.1.7_1,0.7565674255691769,0.9907088371464141
2024,05,FRA.7.3.1.8_1,0.7267950963222417,0.9854440623394105
2024,05,FRA.7.3.1.9_1,0.7495621716287216,0.9895776877031939
2024,05,FRA.7.3.2.1_1,0.7040280210157619,0.9806038955664005
2024,05,FRA.7.3.2.2_1,0.7338003502626971,0.986790757962396
2024,05,FRA.7.3.2.3_1,0.7460595446584939,0.9889873608899156
2024,05,FRA.7.3.2.4_1,0.7705779334500876,0.9927738916792685
2024,05,FRA.7.3.2.5_1,0.7250437828371279,0.9850969495435462
2024,05,FRA.7.3.2.6_1,0.7758318739054292,0.9934807496876826
2024,05,FRA.7.3.2.7_1,0.7180385288966725,0.983666610188635
2024,05,FRA.7.3.3.1_1,0.6917688266199651,0.9777013859047148
2024,05,FRA.7.3.3.10_1,0.7005253940455343,0.9797958971132712
2024,05,FRA.7.3.3.11_1,0.7460595446584939,0.9889873608899156
2024,05,FRA.7.3.3.2_1,0.7723292469352014,0.9930135950730987
2024,05,FRA.7.3.3.3_1,0.7267950963222417,0.9854440623394105
2024,05,FRA.7.3.3.4_1,0.7075306479859896,0.9813949256033475
2024,05,FRA.7.3.3.5_1,0.777583187390543,0.9937082066683358
2024,05,FRA.7.3.3.6_1,0.7302977232924693,0.9861257526299574
2024,05,FRA.7.3.3.7_1,0.7635726795096323,0.9917741678426597
2024,05,FRA.7.3.3.8_1,0.7460595446584939,0.9889873608899156
2024,05,FRA.7.3.3.9_1,0.7355516637478109,0.9871170143402452
2024,05,FRA.7.3.4.1_1,0.712784588441331,0.9825497442877892
2024,05,FRA.7.3.4.10_1,0.7110332749562173,0.9821690282227392
2024,05,FRA.7.3.4.2_1,0.7390542907180385,0.9877570551507087
2024,05,FRA.7.3.4.3_1,0.7565674255691769,0.9907088371464141
2024,05,FRA.7.3.4.4_1,0.6917688266199651,0.9777013859047148
2024,05,FRA.7.3.4.5_1,0.7267950963222417,0.9854440623394105
2024,05,FRA.7.3.4.6_1,0.7355516637478109,0.9871170143402452
2024,05,FRA.7.3.4.7_1,0.7285464098073555,0.9857869952479592
2024,05,FRA.7.3.4.8_1,0.7565674255691769,0.9907088371464141
2024,05,FRA.7.3.4.9_1,0.7250437828371279,0.9850969495435462
2024,05,FRA.7.4.1.1_1,0.7285464098073555,0.9857869952479592
2024,05,FRA.7.4.1.10_1,0.7530647985989493,0.990151503558925
2024,05,FRA.7.4.1.11_1,0.7145359019264449,0.9829262434180909
2024,05,FRA.7.4.1.12_1,0.7705779334500876,0.9927738916792685
2024,05,FRA.7.4.1.13_1,0.7250437828371279,0.9850969495435462
2024,05,FRA.7.4.1.14_1,0.7653239929947461,0.9920302414745228
2024,05,FRA.7.4.1.15_1,0.7548161120840631,0.9904322288778774
2024,05,FRA.7.4.1.16_1,0.7390542907180385,0.9877570551507087
2024,05,FRA.7.4.1.17_1,0.7285464098073555,0.9857869952479592
2024,05,FRA.7.4.1.2_1,0.7285464098073555,0.9857869952479592
2024,05,FRA.7.4.1.3_1,0.7197898423817863,0.9840304873325826
2024,05,FRA.7.4.1.4_1,0.7758318739054292,0.9934807496876826
2024,05,FRA.7.4.1.5_1,0.7197898423817863,0.9840304873325826
2024,05,FRA.7.4.1.6_1,0.7425569176882663,0.9883804935347521
2024,05,FRA.7.4.1.7_1,0.7548161120840631,0.9904322288778774
2024,05,FRA.7.4.1.8_1,0.7513134851138354,0.9898666576867816
2024,05,FRA.7.4.1.9_1,0.7600700525394046,0.9912497162672985
2024,05,FRA.7.4.2.1_1,0.7635726795096323,0.9917741678426597
2024,05,FRA.7.4.2.10_1,0.7215411558669002,0.9843901665498289
2024,05,FRA.7.4.2.11_1,0.7793345008756568,0.993931587182941
2024,05,FRA.7.4.2.12_1,0.6970227670753065,0.9789708882290628
2024,05,FRA.7.4.2.13_1,0.7495621716287216,0.9895776877031939
2024,05,FRA.7.4.2.14_1,0.7075306479859896,0.9813949256033475
2024,05,FRA.7.4.2.15_1,0.7040280210157619,0.9806038955664005
2024,05,FRA.7.4.2.2_1,0.7145359019264449,0.9829262434180909
2024,05,FRA.7.4.2.3_1,0.7057793345008757,0.9810015290507961
2024,05,FRA.7.4.2.4_1,0.7215411558669002,0.9843901665498289
2024,05,FRA.7.4.2.5_1,0.7197898423817863,0.9840304873325826
2024,05,FRA.7.4.2.6_1,0.7425569176882663,0.9883804935347521
2024,05,FRA.7.4.2.7_1,0.7565674255691769,0.9907088371464141
2024,05,FRA.7.4.2.8_1,0.7513134851138354,0.9898666576867816
2024,05,FRA.7.4.2.9_1,0.7653239929947461,0.9920302414745228
2024,05,FRA.7.4.3.1_1,0.7688266199649738,0.9925301002992302
2024,05,FRA.7.4.3.2_1,0.7565674255691769,0.9907088371464141
2024,05,FRA.7.4.3.3_1,0.76707530647986,0.9922822179198819
2024,05,FRA.7.4.3.4_1,0.7723292469352014,0.9930135950730987
2024,05,FRA.7.4.3.5_1,0.7915936952714537,0.9953813339620148
2024,05,FRA.7.4.3.7_1,0.8056042031523644,0.996794863550169
2024,05,FRA.7.4.3.8_1,0.777583187390543,0.9937082066683358
2024,05,FRA.7.4.3.9_1,0.7267950963222417,0.9854440623394105
2024,05,FRA.7.4.4.1_1,0.7355516637478109,0.9871170143402452
2024,05,FRA.7.4.4.2_1,0.8248686514886164,0.9983165830536925
2024,05,FRA.7.4.4.3_1,0.7548161120840631,0.9904322288778774
2024,05,FRA.7.4.4.4_1,0.798598949211909,0.9961204746414963
2024,05,FRA.7.4.4.5_1,0.8126094570928197,0.9974046320325567
2024,05,FRA.7.4.5.1_1,0.7408056042031524,0.9880708476622514
2024,05,FRA.7.4.5.10_1,0.7390542907180385,0.9877570551507087
2024,05,FRA.7.4.5.11_1,0.6865148861646235,0.9763933633531108
2024,05,FRA.7.4.5.12_1,0.7688266199649738,0.9925301002992302
2024,05,FRA.7.4.5.13_1,0.7110332749562173,0.9821690282227392
2024,05,FRA.7.4.5.14_1,0.7390542907180385,0.9877570551507087
2024,05,FRA.7.4.5.15_1,0.7110332749562173,0.9821690282227392
2024,05,FRA.7.4.5.16_1,0.7232924693520141,0.9847456524402634
2024,05,FRA.7.4.5.17_1,0.6865148861646235,0.9763933633531108
2024,05,FRA.7.4.5.18_1,0.7338003502626971,0.986790757962396
2024,05,FRA.7.4.5.19_1,0.7530647985989493,0.990151503558925
2024,05,FRA.7.4.5.2_1,0.7373029772329247,0.987439112046915
2024,05,FRA.7.4.5.20_1,0.7197898423817863,0.9840304873325826
2024,05,FRA.7.4.5.3_1,0.7145359019264449,0.9829262434180909
2024,05,FRA.7.4.5.4_1,0.7005253940455343,0.9797958971132712
2024,05,FRA.7.4.5.5_1,0.7898423817863398,0.9951864146982715
2024,05,FRA.7.4.5.6_1,0.6812609457092821,0.975046665549911
2024,05,FRA.7.4.5.7_1,0.7302977232924693,0.9861257526299574
2024,05,FRA.7.4.5.8_1,0.7302977232924693,0.9861257526299574
2024,05,FRA.7.4.5.9_1,0.7600700525394046,0.9912497162672985
2024,05,FRA.7.4.6.1_1,0.798598949211909,0.9961204746414963
2024,05,FRA.7.4.6.2_1,0.7285464098073555,0.9857869952479592
2024,05,FRA.7.4.6.3_1,0.7600700525394046,0.9912497162672985
2024,05,FRA.7.4.6.4_1,0.7793345008756568,0.993931587182941
2024,05,FRA.7.4.6.5_1,0.7653239929947461,0.9920302414745228
2024,05,FRA.7.4.6.6_1,0.7267950963222417,0.9854440623394105
2024,05,FRA.7.4.6.7_1,0.7548161120840631,0.9904322288778774
2024,05,FRA.7.4.6.8_1,0.7425569176882663,0.9883804935347521
2024,05,FRA.7.4.7.1_1,0.7302977232924693,0.9861257526299574
2024,05,FRA.7.4.7.2_1,0.7495621716287216,0.9895776877031939
2024,05,FRA.7.4.7.3_1,0.7425569176882663,0.9883804935347521
2024,05,FRA.7.4.7.4_1,0.7600700525394046,0.9912497162672985
2024,05,FRA.7.4.7.5_1,0.7548161120840631,0.9904322288778774
2024,05,FRA.7.4.7.6_1,0.777583187390543,0.9937082066683358
2024,05,FRA.7.4.7.7_1,0.7408056042031524,0.9880708476622514
2024,05,FRA.7.4.7.8_1,0.7425569176882663,0.9883804935347521
2024,05,FRA.7.4.7.9_1,0.6847635726795097,0.9759487691472335
2024,05,FRA.7.5.1.1_1,0.7565674255691769,0.9907088371464141
2024,05,FRA.7.5.1.10_1,0.7355516637478109,0.9871170143402452
2024,05,FRA.7.5.1.11_1,0.7443082311733801,0.9886859966642594
2024,05,FRA.7.5.1.12_1,0.7968476357267952,0.9959417653658269
2024,05,FRA.7.5.1.13_1,0.7355516637478109,0.9871170143402452
2024,05,FRA.7.5.1.14_1,0.7162872154115587,0.9832985304575615
2024,05,FRA.7.5.1.2_1,0.7162872154115587,0.9832985304575615
2024,05,FRA.7.5.1.3_1,0.7723292469352014,0.9930135950730987
2024,05,FRA.7.5.1.4_1,0.7618213660245184,0.9915139938498094
2024,05,FRA.7.5.1.5_1,0.7565674255691769,0.9907088371464141
2024,05,FRA.7.5.1.6_1,0.798598949211909,0.9961204746414963
2024,05,FRA.7.5.1.7_1,0.7355516637478109,0.9871170143402452
2024,05,FRA.7.5.1.8_1,0.7373029772329247,0.987439112046915
2024,05,FRA.7.5.1.9_1,0.7828371278458844,0.9943661297530201
2024,05,FRA.7.5.2.1_1,0.7460595446584939,0.9889873608899156
2024,05,FRA.7.5.2.10_1,0.7110332749562173,0.9821690282227392
2024,05,FRA.7.5.2.11_1,0.6900175131348513,0.9772696659571503
2024,05,FRA.7.5.2.12_1,0.7478108581436077,0.9892845899942038
2024,05,FRA.7.5.2.13_1,0.7022767075306481,0.9802020199938377
2024,05,FRA.7.5.2.14_1,0.7320490367775833,0.98646033878712025
2024,05,FRA.7.5.2.15_1,0.7320490367775833,0.98646033878712025
2024,05,FRA.7.5.2.16_1,0.7863397548161122,0.9947843987518099
2024,05,FRA.7.5.2.17_1,0.7758318739054292,0.9934807496876826
2024,05,FRA.7.5.2.18_1,0.7740805604203153,0.9932492134404135
2024,05,FRA.7.5.2.19_1,0.7635726795096323,0.9917741678426597
2024,05,FRA.7.5.2.2_1,0.7425569176882663,0.9883804935347521
2024,05,FRA.7.5.2.20_1,0.7022767075306481,0.9802020199938377
2024,05,FRA.7.5.2.3_1,0.7530647985989493,0.990151503558925
2024,05,FRA.7.5.2.4_1,0.7285464098073555,0.9857869952479592
2024,05,FRA.7.5.2.5_1,0.7565674255691769,0.9907088371464141
2024,05,FRA.7.5.2.6_1,0.7355516637478109,0.9871170143402452
2024,05,FRA.7.5.2.7_1,0.7583187390542908,0.9909813318120578
2024,05,FRA.7.5.2.8_1,0.7162872154115587,0.9832985304575615
2024,05,FRA.7.5.2.9_1,0.7723292469352014,0.9930135950730987
2024,05,FRA.7.5.3.1_1,0.7197898423817863,0.9840304873325826
2024,05,FRA.7.5.3.2_1,0.7373029772329247,0.987439112046915
2024,05,FRA.7.5.3.3_1,0.7267950963222417,0.9854440623394105
2024,05,FRA.7.5.3.4_1,0.7565674255691769,0.9907088371464141
2024,05,FRA.7.5.3.5_1,0.7373029772329247,0.987439112046915
2024,05,FRA.7.5.4.1_1,0.7565674255691769,0.9907088371464141
2024,05,FRA.7.5.4.2_1,0.7478108581436077,0.9892845899942038
2024,05,FRA.7.5.4.3_1,0.7285464098073555,0.9857869952479592
2024,05,FRA.7.5.4.4_1,0.7302977232924693,0.9861257526299574
2024,05,FRA.7.5.4.5_1,0.7530647985989493,0.990151503558925
2024,05,FRA.7.5.4.6_1,0.7810858143607706,0.9941508939793798
2024,05,FRA.7.5.4.7_1,0.7653239929947461,0.9920302414745228
2024,05,FRA.7.5.4.8_1,0.7250437828371279,0.9850969495435462
2024,05,FRA.8.1.1.1_1,0.76707530647986,0.9922822179198819
2024,05,FRA.8.1.1.5_1,0.7513134851138354,0.9898666576867816
2024,05,FRA.8.1.2.11_1,0.7285464098073555,0.9857869952479592
2024,05,FRA.8.1.2.5_1,0.7408056042031524,0.9880708476622514
2024,05,FRA.8.1.3.3_1,0.7390542907180385,0.9877570551507087
2024,05,FRA.8.1.3.6_1,0.6952714535901927,0.97855199146494
2024,05,FRA.8.1.3.9_1,0.7040280210157619,0.9806038955664005
2024,05,FRA.8.2.2.2_1,0.7075306479859896,0.9813949256033475
2024,05,FRA.8.2.2.4_1,0.7338003502626971,0.986790757962396
2024,05,FRA.8.2.2.6_1,0.7845884413309984,0.9945772971468834
2024,05,FRA.8.2.3.1_1,0.7162872154115587,0.9832985304575615
2024,05,FRA.8.2.3.10_1,0.7075306479859896,0.9813949256033475
2024,05,FRA.8.2.3.13_1,0.7022767075306481,0.9802020199938377
2024,05,FRA.8.2.3.15_1,0.7600700525394046,0.9912497162672985
2024,05,FRA.8.2.3.3_1,0.7267950963222417,0.9854440623394105
2024,05,FRA.8.2.3.7_1,0.7022767075306481,0.9802020199938377
2024,05,FRA.8.2.3.9_1,0.7443082311733801,0.9886859966642594
2024,05,FRA.8.3.1.1_1,0.7267950963222417,0.9854440623394105
2024,05,FRA.8.3.10.1_1,0.7460595446584939,0.9889873608899156
2024,05,FRA.8.3.12.1_1,0.7267950963222417,0.9854440623394105
2024,05,FRA.8.3.2.1_1,0.7425569176882663,0.9883804935347521
2024,05,FRA.8.3.3.1_1,0.7390542907180385,0.9877570551507087
2024,05,FRA.8.3.8.1_1,0.7355516637478109,0.9871170143402452
2024,05,FRA.8.3.9.1_1,0.7005253940455343,0.9797958971132712
2024,05,FRA.8.4.1.1_1,0.7338003502626971,0.986790757962396
2024,05,FRA.8.4.1.2_1,0.7180385288966725,0.983666610188635
2024,05,FRA.8.4.1.3_1,0.7057793345008757,0.9810015290507961
2024,05,FRA.8.4.1.4_1,0.7530647985989493,0.990151503558925
2024,05,FRA.8.4.1.5_1,0.7040280210157619,0.9806038955664005
2024,05,FRA.8.4.1.6_1,0.6917688266199651,0.9777013859047148
2024,05,FRA.8.4.2.1_1,0.7723292469352014,0.9930135950730987
2024,05,FRA.8.4.2.2_1,0.6812609457092821,0.975046665549911
2024,05,FRA.8.4.2.3_1,0.7232924693520141,0.9847456524402634
2024,05,FRA.8.4.2.4_1,0.7320490367775833,0.98646033878712025
2024,05,FRA.8.4.2.5_1,0.7180385288966725,0.983666610188635
2024,05,FRA.8.4.2.6_1,0.7548161120840631,0.9904322288778774
2024,05,FRA.8.4.2.7_1,0.6812609457092821,0.975046665549911
2024,05,FRA.8.4.2.8_1,0.7267950963222417,0.9854440623394105
2024,05,FRA.8.4.2.9_1,0.7460595446584939,0.9889873608899156
2024,05,FRA.8.4.3.1_1,0.7250437828371279,0.9850969495435462
2024,05,FRA.8.4.3.10_1,0.7793345008756568,0.993931587182941
2024,05,FRA.8.4.3.11_1,0.7373029772329247,0.987439112046915
2024,05,FRA.8.4.3.2_1,0.6847635726795097,0.9759487691472335
2024,05,FRA.8.4.3.3_1,0.7285464098073555,0.9857869952479592
2024,05,FRA.8.4.3.4_1,0.7705779334500876,0.9927738916792685
2024,05,FRA.8.4.3.5_1,0.7302977232924693,0.9861257526299574
2024,05,FRA.8.4.3.6_1,0.7057793345008757,0.9810015290507961
2024,05,FRA.8.4.3.7_1,0.7495621716287216,0.9895776877031939
2024,05,FRA.8.4.3.8_1,0.7302977232924693,0.9861257526299574
2024,05,FRA.8.4.3.9_1,0.6970227670753065,0.9789708882290628
2024,05,FRA.8.4.4.1_1,0.7040280210157619,0.9806038955664005
2024,05,FRA.8.4.4.2_1,0.6952714535901927,0.97855199146494
2024,05,FRA.8.4.4.3_1,0.7373029772329247,0.987439112046915
2024,05,FRA.8.4.4.4_1,0.7355516637478109,0.9871170143402452
2024,05,FRA.8.4.4.5_1,0.7548161120840631,0.9904322288778774
2024,05,FRA.8.4.4.6_1,0.7390542907180385,0.9877570551507087
2024,05,FRA.8.4.4.7_1,0.7092819614711035,0.9817840903172144
2024,05,FRA.8.4.4.8_1,0.7197898423817863,0.9840304873325826
2024,05,FRA.8.4.4.9_1,0.7145359019264449,0.9829262434180909
2024,05,FRA.8.4.5.1_1,0.7443082311733801,0.9886859966642594
2024,05,FRA.8.4.5.10_1,0.6917688266199651,0.9777013859047148
2024,05,FRA.8.4.5.2_1,0.6935201401050789,0.9781288258711119
2024,05,FRA.8.4.5.3_1,0.7530647985989493,0.990151503558925
2024,05,FRA.8.4.5.4_1,0.6970227670753065,0.9789708882290628
2024,05,FRA.8.4.5.5_1,0.7040280210157619,0.9806038955664005
2024,05,FRA.8.4.5.6_1,0.7548161120840631,0.9904322288778774
2024,05,FRA.8.4.5.7_1,0.7040280210157619,0.9806038955664005
2024,05,FRA.8.4.5.8_1,0.7092819614711035,0.9817840903172144
2024,05,FRA.8.4.5.9_1,0.7810858143607706,0.9941508939793798
2024,05,FRA.8.5.1.1_1,0.7250437828371279,0.9850969495435462
2024,05,FRA.8.5.1.10_1,0.7355516637478109,0.9871170143402452
2024,05,FRA.8.5.1.11_1,0.7338003502626971,0.986790757962396
2024,05,FRA.8.5.1.12_1,0.7338003502626971,0.986790757962396
2024,05,FRA.8.5.1.13_1,0.7285464098073555,0.9857869952479592
2024,05,FRA.8.5.1.2_1,0.6970227670753065,0.9789708882290628
2024,05,FRA.8.5.1.3_1,0.7197898423817863,0.9840304873325826
2024,05,FRA.8.5.1.4_1,0.7530647985989493,0.990151503558925
2024,05,FRA.8.5.1.5_1,0.7180385288966725,0.983666610188635
2024,05,FRA.8.5.1.6_1,0.7267950963222417,0.9854440623394105
2024,05,FRA.8.5.1.7_1,0.6865148861646235,0.9763933633531108
2024,05,FRA.8.5.1.8_1,0.712784588441331,0.9825497442877892
2024,05,FRA.8.5.1.9_1,0.7320490367775833,0.98646033878712025
2024,05,FRA.8.5.2.1_1,0.7425569176882663,0.9883804935347521
2024,05,FRA.8.5.2.10_1,0.7022767075306481,0.9802020199938377
2024,05,FRA.8.5.2.11_1,0.6935201401050789,0.9781288258711119
2024,05,FRA.8.5.2.12_1,0.6812609457092821,0.975046665549911
2024,05,FRA.8.5.2.2_1,0.7548161120840631,0.9904322288778774
2024,05,FRA.8.5.2.3_1,0.7145359019264449,0.9829262434180909
2024,05,FRA.8.5.2.4_1,0.7390542907180385,0.9877570551507087
2024,05,FRA.8.5.2.5_1,0.6970227670753065,0.9789708882290628
2024,05,FRA.8.5.2.6_1,0.7302977232924693,0.9861257526299574
2024,05,FRA.8.5.2.7_1,0.7180385288966725,0.983666610188635
2024,05,FRA.8.5.2.8_1,0.7408056042031524,0.9880708476622514
2024,05,FRA.8.5.2.9_1,0.7478108581436077,0.9892845899942038
2024,05,FRA.8.5.3.1_1,0.7653239929947461,0.9920302414745228
2024,05,FRA.8.5.3.2_1,0.7092819614711035,0.9817840903172144
2024,05,FRA.8.5.3.3_1,0.7705779334500876,0.9927738916792685
2024,05,FRA.8.5.3.4_1,0.7373029772329247,0.987439112046915
2024,05,FRA.8.5.3.5_1,0.7793345008756568,0.993931587182941
2024,05,FRA.8.5.3.6_1,0.8021015761821367,0.9964657545545658
2024,05,FRA.8.5.3.7_1,0.6865148861646235,0.9763933633531108
2024,05,FRA.8.5.3.8_1,0.7180385288966725,0.983666610188635
2024,05,FRA.8.6.1.1_1,0.6952714535901927,0.97855199146494
2024,05,FRA.8.6.2.12_1,0.7425569176882663,0.9883804935347521
2024,05,FRA.8.6.2.13_1,0.7513134851138354,0.9898666576867816
2024,05,FRA.8.6.2.18_1,0.7408056042031524,0.9880708476622514
2024,05,FRA.8.6.2.2_1,0.7408056042031524,0.9880708476622514
2024,05,FRA.8.6.2.9_1,0.7285464098073555,0.9857869952479592
2024,05,FRA.8.6.3.11_1,0.7162872154115587,0.9832985304575615
2024,05,FRA.8.6.3.13_1,0.7530647985989493,0.990151503558925
2024,05,FRA.8.6.3.14_1,0.7618213660245184,0.9915139938498094
2024,05,FRA.8.6.3.3_1,0.712784588441331,0.9825497442877892
2024,05,FRA.8.6.3.4_1,0.7267950963222417,0.9854440623394105
2024,05,FRA.8.6.3.5_1,0.7285464098073555,0.9857869952479592
2024,05,FRA.8.6.3.6_1,0.7267950963222417,0.9854440623394105
2024,05,FRA.8.6.3.8_1,0.7513134851138354,0.9898666576867816
2024,05,FRA.8.7.1.13_1,0.7688266199649738,0.9925301002992302
2024,05,FRA.8.7.3.1_1,0.7758318739054292,0.9934807496876826
2024,05,FRA.8.7.3.10_1,0.7040280210157619,0.9806038955664005
2024,05,FRA.8.7.3.11_1,0.7635726795096323,0.9917741678426597
2024,05,FRA.8.7.3.2_1,0.7285464098073555,0.9857869952479592
2024,05,FRA.8.7.3.4_1,0.6917688266199651,0.9777013859047148
2024,05,FRA.8.7.3.6_1,0.7723292469352014,0.9930135950730987
2024,05,FRA.8.7.3.7_1,0.7285464098073555,0.9857869952479592
2024,05,FRA.8.7.3.8_1,0.7092819614711035,0.9817840903172144
2024,05,FRA.8.7.3.9_1,0.7460595446584939,0.9889873608899156
2024,05,FRA.8.8.1.1_1,0.7267950963222417,0.9854440623394105
2024,05,FRA.8.8.1.2_1,0.7040280210157619,0.9806038955664005
2024,05,FRA.8.8.1.3_1,0.777583187390543,0.9937082066683358
2024,05,FRA.8.8.1.4_1,0.7022767075306481,0.9802020199938377
2024,05,FRA.8.8.1.5_1,0.7688266199649738,0.9925301002992302
2024,05,FRA.8.8.1.6_1,0.7232924693520141,0.9847456524402634
2024,05,FRA.8.8.1.7_1,0.7583187390542908,0.9909813318120578
2024,05,FRA.8.8.1.8_1,0.7092819614711035,0.9817840903172144
2024,05,FRA.8.8.2.1_1,0.7145359019264449,0.9829262434180909
2024,05,FRA.8.8.2.2_1,0.7145359019264449,0.9829262434180909
2024,05,FRA.8.8.2.3_1,0.7513134851138354,0.9898666576867816
2024,05,FRA.8.8.2.4_1,0.7548161120840631,0.9904322288778774
2024,05,FRA.8.8.2.5_1,0.7478108581436077,0.9892845899942038
2024,05,FRA.8.8.3.1_1,0.6917688266199651,0.9777013859047148
2024,05,FRA.8.8.3.10_1,0.7302977232924693,0.9861257526299574
2024,05,FRA.8.8.3.11_1,0.7390542907180385,0.9877570551507087
2024,05,FRA.8.8.3.12_1,0.7250437828371279,0.9850969495435462
2024,05,FRA.8.8.3.13_1,0.7232924693520141,0.9847456524402634
2024,05,FRA.8.8.3.14_1,0.6830122591943959,0.9754998718605759
2024,05,FRA.8.8.3.15_1,0.7548161120840631,0.9904322288778774
2024,05,FRA.8.8.3.16_1,0.7145359019264449,0.9829262434180909
2024,05,FRA.8.8.3.17_1,0.7495621716287216,0.9895776877031939
2024,05,FRA.8.8.3.18_1,0.7215411558669002,0.9843901665498289
2024,05,FRA.8.8.3.2_1,0.7092819614711035,0.9817840903172144
2024,05,FRA.8.8.3.3_1,0.7513134851138354,0.9898666576867816
2024,05,FRA.8.8.3.4_1,0.7110332749562173,0.9821690282227392
2024,05,FRA.8.8.3.5_1,0.6725043782837129,0.9727157858285225
2024,05,FRA.8.8.3.6_1,0.7478108581436077,0.9892845899942038
2024,05,FRA.8.8.3.7_1,0.7355516637478109,0.9871170143402452
2024,05,FRA.8.8.3.8_1,0.660245183887916,0.9692698282728087
2024,05,FRA.8.8.3.9_1,0.7057793345008757,0.9810015290507961
2024,05,FRA.8.8.4.1_1,0.7302977232924693,0.9861257526299574
2024,05,FRA.8.8.4.2_1,0.7705779334500876,0.9927738916792685
2024,05,FRA.8.8.4.3_1,0.6917688266199651,0.9777013859047148
2024,05,FRA.8.8.4.4_1,0.7583187390542908,0.9909813318120578
2024,05,FRA.8.8.4.5_1,0.7057793345008757,0.9810015290507961
2024,05,FRA.8.8.4.6_1,0.7057793345008757,0.9810015290507961
2024,05,FRA.8.8.4.7_1,0.7267950963222417,0.9854440623394105
2024,05,FRA.8.8.4.8_1,0.7110332749562173,0.9821690282227392
2024,05,FRA.8.8.4.9_1,0.7057793345008757,0.9810015290507961
2024,05,FRA.9.1.1.1_1,0.6479859894921192,0.9656086163658648
2024,05,FRA.9.1.1.2_1,0.7180385288966725,0.983666610188635
2024,05,FRA.9.1.1.3_1,0.7373029772329247,0.987439112046915
2024,05,FRA.9.1.1.4_1,0.7075306479859896,0.9813949256033475
2024,05,FRA.9.1.1.5_1,0.6812609457092821,0.975046665549911
2024,05,FRA.9.1.1.6_1,0.6970227670753065,0.9789708882290628
2024,05,FRA.9.1.2.1_1,0.6882661996497373,0.976833660353696
2024,05,FRA.9.1.2.10_1,0.7180385288966725,0.983666610188635
2024,05,FRA.9.1.2.11_1,0.6549912434325745,0.9677272342969376
2024,05,FRA.9.1.2.12_1,0.7320490367775833,0.98646033878712025
2024,05,FRA.9.1.2.13_1,0.712784588441331,0.9825497442877892
2024,05,FRA.9.1.2.14_1,0.7197898423817863,0.9840304873325826
2024,05,FRA.9.1.2.15_1,0.7022767075306481,0.9802020199938377
2024,05,FRA.9.1.2.16_1,0.6760070052539405,0.9736611320166786
2024,05,FRA.9.1.2.17_1,0.7250437828371279,0.9850969495435462
2024,05,FRA.9.1.2.18_1,0.6760070052539405,0.9736611320166786
2024,05,FRA.9.1.2.19_1,0.6952714535901927,0.97855199146494
2024,05,FRA.9.1.2.2_1,0.7355516637478109,0.9871170143402452
2024,05,FRA.9.1.2.20_1,0.6795096322241682,0.9745891442038537
2024,05,FRA.9.1.2.21_1,0.7162872154115587,0.9832985304575615
2024,05,FRA.9.1.2.22_1,0.7075306479859896,0.9813949256033475
2024,05,FRA.9.1.2.23_1,0.7232924693520141,0.9847456524402634
2024,05,FRA.9.1.2.3_1,0.6917688266199651,0.9777013859047148
2024,05,FRA.9.1.2.4_1,0.6690017513134852,0.9717530550505102
2024,05,FRA.9.1.2.5_1,0.7145359019264449,0.9829262434180909
2024,05,FRA.9.1.2.6_1,0.6830122591943959,0.9754998718605759
2024,05,FRA.9.1.2.7_1,0.7162872154115587,0.9832985304575615
2024,05,FRA.9.1.2.8_1,0.6970227670753065,0.9789708882290628
2024,05,FRA.9.1.2.9_1,0.6900175131348513,0.9772696659571503
2024,05,FRA.9.1.3.1_1,0.712784588441331,0.9825497442877892
2024,05,FRA.9.1.3.10_1,0.7162872154115587,0.9832985304575615
2024,05,FRA.9.1.3.11_1,0.7022767075306481,0.9802020199938377
2024,05,FRA.9.1.3.12_1,0.6987740805604205,0.9793855216409929
2024,05,FRA.9.1.3.13_1,0.6777583187390543,0.9741273017424364
2024,05,FRA.9.1.3.14_1,0.6812609457092821,0.975046665549911
2024,05,FRA.9.1.3.2_1,0.6514886164623468,0.9666767815562759
2024,05,FRA.9.1.3.3_1,0.6987740805604205,0.9793855216409929
2024,05,FRA.9.1.3.4_1,0.7373029772329247,0.987439112046915
2024,05,FRA.9.1.3.5_1,0.7320490367775833,0.98646033878712025
2024,05,FRA.9.1.3.6_1,0.6882661996497373,0.976833660353696
2024,05,FRA.9.1.3.7_1,0.6409807355516638,0.9634189120003821
2024,05,FRA.9.1.3.8_1,0.6987740805604205,0.9793855216409929
2024,05,FRA.9.1.3.9_1,0.6987740805604205,0.9793855216409929
2024,05,FRA.9.1.4.1_1,0.7075306479859896,0.9813949256033475
2024,05,FRA.9.1.4.2_1,0.6795096322241682,0.9745891442038537
2024,05,FRA.9.1.4.3_1,0.6935201401050789,0.9781288258711119
2024,05,FRA.9.1.4.4_1,0.7145359019264449,0.9829262434180909
2024,05,FRA.9.1.4.5_1,0.6847635726795097,0.9759487691472335
2024,05,FRA.9.1.4.6_1,0.7092819614711035,0.9817840903172144
2024,05,FRA.9.2.1.11_1,0.6584938704028022,0.9687600322061186
2024,05,FRA.9.2.1.14_1,0.7285464098073555,0.9857869952479592
2024,05,FRA.9.2.1.15_1,0.6725043782837129,0.9727157858285225
2024,05,FRA.9.2.1.17_1,0.712784588441331,0.9825497442877892
2024,05,FRA.9.2.1.7_1,0.7302977232924693,0.9861257526299574
2024,05,FRA.9.2.2.10_1,0.7425569176882663,0.9883804935347521
2024,05,FRA.9.2.2.11_1,0.7197898423817863,0.9840304873325826
2024,05,FRA.9.2.2.13_1,0.7723292469352014,0.9930135950730987
2024,05,FRA.9.2.3.11_1,0.7267950963222417,0.9854440623394105
2024,05,FRA.9.2.3.12_1,0.660245183887916,0.9692698282728087
2024,05,FRA.9.2.3.3_1,0.7443082311733801,0.9886859966642594
2024,05,FRA.9.2.3.6_1,0.7267950963222417,0.9854440623394105
2024,05,FRA.9.3.1.1_1,0.7005253940455343,0.9797958971132712
2024,05,FRA.9.3.1.10_1,0.7302977232924693,0.9861257526299574
2024,05,FRA.9.3.1.11_1,0.6865148861646235,0.9763933633531108
2024,05,FRA.9.3.1.12_1,0.7565674255691769,0.9907088371464141
2024,05,FRA.9.3.1.13_1,0.7075306479859896,0.9813949256033475
2024,05,FRA.9.3.1.14_1,0.6970227670753065,0.9789708882290628
2024,05,FRA.9.3.1.15_1,0.7338003502626971,0.986790757962396
2024,05,FRA.9.3.1.16_1,0.7373029772329247,0.987439112046915
2024,05,FRA.9.3.1.17_1,0.7005253940455343,0.9797958971132712
2024,05,FRA.9.3.1.18_1,0.6795096322241682,0.9745891442038537
2024,05,FRA.9.3.1.2_1,0.6917688266199651,0.9777013859047148
2024,05,FRA.9.3.1.3_1,0.712784588441331,0.9825497442877892
2024,05,FRA.9.3.1.4_1,0.7460595446584939,0.9889873608899156
2024,05,FRA.9.3.1.5_1,0.6812609457092821,0.975046665549911
2024,05,FRA.9.3.1.6_1,0.7180385288966725,0.983666610188635
2024,05,FRA.9.3.1.7_1,0.7162872154115587,0.9832985304575615
2024,05,FRA.9.3.1.8_1,0.7215411558669002,0.9843901665498289
2024,05,FRA.9.3.1.9_1,0.7408056042031524,0.9880708476622514
2024,05,FRA.9.3.2.1_1,0.6917688266199651,0.9777013859047148
2024,05,FRA.9.3.2.10_1,0.8056042031523644,0.996794863550169
2024,05,FRA.9.3.2.11_1,0.7548161120840631,0.9904322288778774
2024,05,FRA.9.3.2.12_1,0.7443082311733801,0.9886859966642594
2024,05,FRA.9.3.2.13_1,0.7478108581436077,0.9892845899942038
2024,05,FRA.9.3.2.14_1,0.7548161120840631,0.9904322288778774
2024,05,FRA.9.3.2.2_1,0.76707530647986,0.9922822179198819
2024,05,FRA.9.3.2.3_1,0.7723292469352014,0.9930135950730987
2024,05,FRA.9.3.2.4_1,0.7513134851138354,0.9898666576867816
2024,05,FRA.9.3.2.5_1,0.7513134851138354,0.9898666576867816
2024,05,FRA.9.3.2.6_1,0.777583187390543,0.9937082066683358
2024,05,FRA.9.3.2.7_1,0.7057793345008757,0.9810015290507961
2024,05,FRA.9.3.2.8_1,0.6900175131348513,0.9772696659571503
2024,05,FRA.9.3.2.9_1,0.7548161120840631,0.9904322288778774
2024,05,FRA.9.3.3.1_1,0.7197898423817863,0.9840304873325826
2024,05,FRA.9.3.3.10_1,0.7022767075306481,0.9802020199938377
2024,05,FRA.9.3.3.11_1,0.7145359019264449,0.9829262434180909
2024,05,FRA.9.3.3.2_1,0.7390542907180385,0.9877570551507087
2024,05,FRA.9.3.3.3_1,0.7425569176882663,0.9883804935347521
2024,05,FRA.9.3.3.4_1,0.7040280210157619,0.9806038955664005
2024,05,FRA.9.3.3.5_1,0.7005253940455343,0.9797958971132712
2024,05,FRA.9.3.3.6_1,0.7758318739054292,0.9934807496876826
2024,05,FRA.9.3.3.7_1,0.7373029772329247,0.987439112046915
2024,05,FRA.9.3.3.8_1,0.7653239929947461,0.9920302414745228
2024,05,FRA.9.3.3.9_1,0.7250437828371279,0.9850969495435462
2024,05,FRA.9.3.4.1_1,0.6654991243432575,0.9707728879609279
2024,05,FRA.9.3.4.10_1,0.6847635726795097,0.9759487691472335
2024,05,FRA.9.3.4.11_1,0.7075306479859896,0.9813949256033475
2024,05,FRA.9.3.4.12_1,0.7180385288966725,0.983666610188635
2024,05,FRA.9.3.4.2_1,0.6725043782837129,0.9727157858285225
2024,05,FRA.9.3.4.3_1,0.6742556917688267,0.9731906288081488
2024,05,FRA.9.3.4.4_1,0.6900175131348513,0.9772696659571503
2024,05,FRA.9.3.4.5_1,0.6637478108581437,0.970276249322841
2024,05,FRA.9.3.4.6_1,0.7197898423817863,0.9840304873325826
2024,05,FRA.9.3.4.7_1,0.6427320490367776,0.9639730286683336
2024,05,FRA.9.3.4.8_1,0.6830122591943959,0.9754998718605759
2024,05,FRA.9.3.4.9_1,0.6935201401050789,0.9781288258711119
2024,05,FRA.9.4.1.1_1,0.712784588441331,0.9825497442877892
2024,05,FRA.9.4.1.10_1,0.6987740805604205,0.9793855216409929
2024,05,FRA.9.4.1.3_1,0.7355516637478109,0.9871170143402452
2024,05,FRA.9.4.1.4_1,0.7092819614711035,0.9817840903172144
2024,05,FRA.9.4.1.6_1,0.6462346760070053,0.965067873260736
2024,05,FRA.9.4.1.7_1,0.7092819614711035,0.9817840903172144
2024,05,FRA.9.4.1.8_1,0.6479859894921192,0.9656086163658648
2024,05,FRA.9.4.2.16_1,0.712784588441331,0.9825497442877892
2024,05,FRA.9.4.2.17_1,0.6830122591943959,0.9754998718605759
2024,05,FRA.9.4.2.18_1,0.6760070052539405,0.9736611320166786
2024,05,FRA.9.4.2.19_1,0.7215411558669002,0.9843901665498289
2024,05,FRA.9.4.2.4_1,0.6725043782837129,0.9727157858285225
2024,05,FRA.9.4.2.8_1,0.6970227670753065,0.9789708882290628
2024,05,FRA.9.4.3.11_1,0.6654991243432575,0.9707728879609279
2024,05,FRA.9.4.3.12_1,0.6917688266199651,0.9777013859047148
2024,05,FRA.9.4.3.2_1,0.7110332749562173,0.9821690282227392
2024,05,FRA.9.4.3.6_1,0.6760070052539405,0.9736611320166786
2024,05,FRA.9.4.3.7_1,0.6865148861646235,0.9763933633531108
2024,05,FRA.9.5.1.1_1,0.7302977232924693,0.9861257526299574
2024,05,FRA.9.5.1.10_1,0.7232924693520141,0.9847456524402634
2024,05,FRA.9.5.1.11_1,0.7338003502626971,0.986790757962396
2024,05,FRA.9.5.1.12_1,0.7355516637478109,0.9871170143402452
2024,05,FRA.9.5.1.13_1,0.7390542907180385,0.9877570551507087
2024,05,FRA.9.5.1.14_1,0.7197898423817863,0.9840304873325826
2024,05,FRA.9.5.1.15_1,0.7180385288966725,0.983666610188635
2024,05,FRA.9.5.1.16_1,0.7022767075306481,0.9802020199938377
2024,05,FRA.9.5.1.17_1,0.7285464098073555,0.9857869952479592
2024,05,FRA.9.5.1.18_1,0.6900175131348513,0.9772696659571503
2024,05,FRA.9.5.1.19_1,0.7653239929947461,0.9920302414745228
2024,05,FRA.9.5.1.2_1,0.7162872154115587,0.9832985304575615
2024,05,FRA.9.5.1.20_1,0.6742556917688267,0.9731906288081488
2024,05,FRA.9.5.1.3_1,0.7232924693520141,0.9847456524402634
2024,05,FRA.9.5.1.4_1,0.7408056042031524,0.9880708476622514
2024,05,FRA.9.5.1.5_1,0.7443082311733801,0.9886859966642594
2024,05,FRA.9.5.1.6_1,0.7618213660245184,0.9915139938498094
2024,05,FRA.9.5.1.7_1,0.6987740805604205,0.9793855216409929
2024,05,FRA.9.5.1.8_1,0.7565674255691769,0.9907088371464141
2024,05,FRA.9.5.1.9_1,0.7723292469352014,0.9930135950730987
2024,05,FRA.9.5.2.1_1,0.712784588441331,0.9825497442877892
2024,05,FRA.9.5.2.10_1,0.7635726795096323,0.9917741678426597
2024,05,FRA.9.5.2.11_1,0.7057793345008757,0.9810015290507961
2024,05,FRA.9.5.2.12_1,0.6865148861646235,0.9763933633531108
2024,05,FRA.9.5.2.13_1,0.7460595446584939,0.9889873608899156
2024,05,FRA.9.5.2.2_1,0.7635726795096323,0.9917741678426597
2024,05,FRA.9.5.2.3_1,0.7092819614711035,0.9817840903172144
2024,05,FRA.9.5.2.4_1,0.7110332749562173,0.9821690282227392
2024,05,FRA.9.5.2.5_1,0.6952714535901927,0.97855199146494
2024,05,FRA.9.5.2.6_1,0.7810858143607706,0.9941508939793798
2024,05,FRA.9.5.2.8_1,0.7320490367775833,0.98646033878712025
2024,05,FRA.9.5.2.9_1,0.7110332749562173,0.9821690282227392
2024,05,FRA.9.5.3.1_1,0.7092819614711035,0.9817840903172144
2024,05,FRA.9.5.3.10_1,0.7267950963222417,0.9854440623394105
2024,05,FRA.9.5.3.11_1,0.7040280210157619,0.9806038955664005
2024,05,FRA.9.5.3.12_1,0.7635726795096323,0.9917741678426597
2024,05,FRA.9.5.3.13_1,0.7513134851138354,0.9898666576867816
2024,05,FRA.9.5.3.14_1,0.7302977232924693,0.9861257526299574
2024,05,FRA.9.5.3.15_1,0.7285464098073555,0.9857869952479592
2024,05,FRA.9.5.3.16_1,0.7110332749562173,0.9821690282227392
2024,05,FRA.9.5.3.17_1,0.6795096322241682,0.9745891442038537
2024,05,FRA.9.5.3.18_1,0.7022767075306481,0.9802020199938377
2024,05,FRA.9.5.3.19_1,0.7250437828371279,0.9850969495435462
2024,05,FRA.9.5.3.2_1,0.7600700525394046,0.9912497162672985
2024,05,FRA.9.5.3.20_1,0.7005253940455343,0.9797958971132712
2024,05,FRA.9.5.3.21_1,0.7320490367775833,0.98646033878712025
2024,05,FRA.9.5.3.22_1,0.6830122591943959,0.9754998718605759
2024,05,FRA.9.5.3.3_1,0.6917688266199651,0.9777013859047148
2024,05,FRA.9.5.3.4_1,0.7075306479859896,0.9813949256033475
2024,05,FRA.9.5.3.5_1,0.7425569176882663,0.9883804935347521
2024,05,FRA.9.5.3.6_1,0.7110332749562173,0.9821690282227392
2024,05,FRA.9.5.3.7_1,0.7162872154115587,0.9832985304575615
2024,05,FRA.9.5.3.8_1,0.7145359019264449,0.9829262434180909
2024,05,FRA.9.5.3.9_1,0.7320490367775833,0.98646033878712025
2024,05,GBR.1.10.1.1_1,0.7302977232924693,0.9861257526299574
2024,05,GBR.1.10.1.13_1,0.6987740805604205,0.9793855216409929
2024,05,GBR.1.10.1.14_1,0.6917688266199651,0.9777013859047148
2024,05,GBR.1.10.1.25_1,0.7215411558669002,0.9843901665498289
2024,05,GBR.1.10.1.26_1,0.7373029772329247,0.987439112046915
2024,05,GBR.1.10.1.29_1,0.7513134851138354,0.9898666576867816
2024,05,GBR.1.10.1.9_1,0.7040280210157619,0.9806038955664005
2024,05,GBR.1.101.1.10_1,0.6900175131348513,0.9772696659571503
2024,05,GBR.1.101.1.15_1,0.7040280210157619,0.9806038955664005
2024,05,GBR.1.101.1.17_1,0.6567425569176883,0.9682458365518543
2024,05,GBR.1.101.1.27_1,0.7180385288966725,0.983666610188635
2024,05,GBR.1.101.1.28_1,0.7267950963222417,0.9854440623394105
2024,05,GBR.1.101.1.29_1,0.7057793345008757,0.9810015290507961
2024,05,GBR.1.101.1.4_1,0.6479859894921192,0.9656086163658648
2024,05,GBR.1.102.1.1_1,0.7215411558669002,0.9843901665498289
2024,05,GBR.1.102.1.10_1,0.7215411558669002,0.9843901665498289
2024,05,GBR.1.102.1.11_1,0.7460595446584939,0.9889873608899156
2024,05,GBR.1.102.1.12_1,0.7215411558669002,0.9843901665498289
2024,05,GBR.1.102.1.13_1,0.7215411558669002,0.9843901665498289
2024,05,GBR.1.102.1.14_1,0.7302977232924693,0.9861257526299574
2024,05,GBR.1.102.1.15_1,0.7232924693520141,0.9847456524402634
2024,05,GBR.1.102.1.16_1,0.7022767075306481,0.9802020199938377
2024,05,GBR.1.102.1.17_1,0.6900175131348513,0.9772696659571503
2024,05,GBR.1.102.1.18_1,0.7215411558669002,0.9843901665498289
2024,05,GBR.1.102.1.19_1,0.7408056042031524,0.9880708476622514
2024,05,GBR.1.102.1.2_1,0.7267950963222417,0.9854440623394105
2024,05,GBR.1.102.1.20_1,0.7040280210157619,0.9806038955664005
2024,05,GBR.1.102.1.3_1,0.7040280210157619,0.9806038955664005
2024,05,GBR.1.102.1.4_1,0.6514886164623468,0.9666767815562759
2024,05,GBR.1.102.1.5_1,0.7653239929947461,0.9920302414745228
2024,05,GBR.1.102.1.6_1,0.7653239929947461,0.9920302414745228
2024,05,GBR.1.102.1.7_1,0.7197898423817863,0.9840304873325826
2024,05,GBR.1.102.1.8_1,0.7022767075306481,0.9802020199938377
2024,05,GBR.1.102.1.9_1,0.7232924693520141,0.9847456524402634
2024,05,GBR.1.103.1.10_1,0.7478108581436077,0.9892845899942038
2024,05,GBR.1.103.1.2_1,0.7232924693520141,0.9847456524402634
2024,05,GBR.1.103.1.3_1,0.7600700525394046,0.9912497162672985
2024,05,GBR.1.103.1.5_1,0.8021015761821367,0.9964657545545658
2024,05,GBR.1.104.1.11_1,0.7022767075306481,0.9802020199938377
2024,05,GBR.1.104.1.12_1,0.7513134851138354,0.9898666576867816
2024,05,GBR.1.104.1.3_1,0.712784588441331,0.9825497442877892
2024,05,GBR.1.105.1.12_1,0.6865148861646235,0.9763933633531108
2024,05,GBR.1.105.1.13_1,0.6514886164623468,0.9666767815562759
2024,05,GBR.1.105.1.15_1,0.7197898423817863,0.9840304873325826
2024,05,GBR.1.105.1.2_1,0.7635726795096323,0.9917741678426597
2024,05,GBR.1.105.1.21_1,0.7302977232924693,0.9861257526299574
2024,05,GBR.1.105.1.9_1,0.7425569176882663,0.9883804935347521
2024,05,GBR.1.106.1.12_1,0.6672504378283713,0.9712651543219287
2024,05,GBR.1.106.1.16_1,0.7267950963222417,0.9854440623394105
2024,05,GBR.1.106.1.22_1,0.6690017513134852,0.9717530550505102
2024,05,GBR.1.107.1.1_1,0.7740805604203153,0.9932492134404135
2024,05,GBR.1.107.1.16_1,0.7355516637478109,0.9871170143402452
2024,05,GBR.1.107.1.17_1,0.6847635726795097,0.9759487691472335
2024,05,GBR.1.107.1.8_1,0.7408056042031524,0.9880708476622514
2024,05,GBR.1.108.1.1_1,0.7460595446584939,0.9889873608899156
2024,05,GBR.1.108.1.10_1,0.6532399299474606,0.9672042183530839
2024,05,GBR.1.108.1.11_1,0.6882661996497373,0.976833660353696
2024,05,GBR.1.108.1.12_1,0.6917688266199651,0.9777013859047148
2024,05,GBR.1.108.1.13_1,0.7110332749562173,0.9821690282227392
2024,05,GBR.1.108.1.14_1,0.6882661996497373,0.976833660353696
2024,05,GBR.1.108.1.15_1,0.6882661996497373,0.976833660353696
2024,05,GBR.1.108.1.16_1,0.7005253940455343,0.9797958971132712
2024,05,GBR.1.108.1.17_1,0.6865148861646235,0.9763933633531108
2024,05,GBR.1.108.1.18_1,0.6917688266199651,0.9777013859047148
2024,05,GBR.1.108.1.2_1,0.7460595446584939,0.9889873608899156
2024,05,GBR.1.108.1.3_1,0.6882661996497373,0.976833660353696
2024,05,GBR.1.108.1.4_1,0.7215411558669002,0.9843901665498289
2024,05,GBR.1.108.1.5_1,0.7267950963222417,0.9854440623394105
2024,05,GBR.1.108.1.6_1,0.7040280210157619,0.9806038955664005
2024,05,GBR.1.108.1.7_1,0.7040280210157619,0.9806038955664005
2024,05,GBR.1.108.1.8_1,0.7092819614711035,0.9817840903172144
2024,05,GBR.1.108.1.9_1,0.6760070052539405,0.9736611320166786
2024,05,GBR.1.108.2.1_1,0.7092819614711035,0.9817840903172144
2024,05,GBR.1.108.2.10_1,0.7022767075306481,0.9802020199938377
2024,05,GBR.1.108.2.11_1,0.6847635726795097,0.9759487691472335
2024,05,GBR.1.108.2.12_1,0.7267950963222417,0.9854440623394105
2024,05,GBR.1.108.2.13_1,0.6935201401050789,0.9781288258711119
2024,05,GBR.1.108.2.14_1,0.649737302977233,0.9661449166662318
2024,05,GBR.1.108.2.15_1,0.7548161120840631,0.9904322288778774
2024,05,GBR.1.108.2.16_1,0.7232924693520141,0.9847456524402634
2024,05,GBR.1.108.2.2_1,0.6760070052539405,0.9736611320166786
2024,05,GBR.1.108.2.3_1,0.7005253940455343,0.9797958971132712
2024,05,GBR.1.108.2.4_1,0.7408056042031524,0.9880708476622514
2024,05,GBR.1.108.2.5_1,0.7075306479859896,0.9813949256033475
2024,05,GBR.1.108.2.6_1,0.7110332749562173,0.9821690282227392
2024,05,GBR.1.108.2.7_1,0.6567425569176883,0.9682458365518543
2024,05,GBR.1.108.2.8_1,0.6917688266199651,0.9777013859047148
2024,05,GBR.1.108.2.9_1,0.6847635726795097,0.9759487691472335
2024,05,GBR.1.108.3.1_1,0.7092819614711035,0.9817840903172144
2024,05,GBR.1.108.3.10_1,0.7092819614711035,0.9817840903172144
2024,05,GBR.1.108.3.11_1,0.7075306479859896,0.9813949256033475
2024,05,GBR.1.108.3.12_1,0.6725043782837129,0.9727157858285225
2024,05,GBR.1.108.3.13_1,0.6882661996497373,0.976833660353696
2024,05,GBR.1.108.3.14_1,0.6847635726795097,0.9759487691472335
2024,05,GBR.1.108.3.15_1,0.7600700525394046,0.9912497162672985
2024,05,GBR.1.108.3.16_1,0.6917688266199651,0.9777013859047148
2024,05,GBR.1.108.3.17_1,0.7180385288966725,0.983666610188635
2024,05,GBR.1.108.3.18_1,0.7022767075306481,0.9802020199938377
2024,05,GBR.1.108.3.2_1,0.7232924693520141,0.9847456524402634
2024,05,GBR.1.108.3.3_1,0.7005253940455343,0.9797958971132712
2024,05,GBR.1.108.3.4_1,0.6882661996497373,0.976833660353696
2024,05,GBR.1.108.3.5_1,0.6987740805604205,0.9793855216409929
2024,05,GBR.1.108.3.6_1,0.7232924693520141,0.9847456524402634
2024,05,GBR.1.108.3.7_1,0.7530647985989493,0.990151503558925
2024,05,GBR.1.108.3.8_1,0.6777583187390543,0.9741273017424364
2024,05,GBR.1.108.3.9_1,0.6847635726795097,0.9759487691472335
2024,05,GBR.1.108.4.1_1,0.6830122591943959,0.9754998718605759
2024,05,GBR.1.108.4.10_1,0.6935201401050789,0.9781288258711119
2024,05,GBR.1.108.4.11_1,0.6952714535901927,0.97855199146494
2024,05,GBR.1.108.4.12_1,0.7250437828371279,0.9850969495435462
2024,05,GBR.1.108.4.13_1,0.6847635726795097,0.9759487691472335
2024,05,GBR.1.108.4.14_1,0.6830122591943959,0.9754998718605759
2024,05,GBR.1.108.4.15_1,0.6479859894921192,0.9656086163658648
2024,05,GBR.1.108.4.16_1,0.6427320490367776,0.9639730286683336
2024,05,GBR.1.108.4.17_1,0.6970227670753065,0.9789708882290628
2024,05,GBR.1.108.4.18_1,0.6690017513134852,0.9717530550505102
2024,05,GBR.1.108.4.19_1,0.6654991243432575,0.9707728879609279
2024,05,GBR.1.108.4.2_1,0.6812609457092821,0.975046665549911
2024,05,GBR.1.108.4.20_1,0.6777583187390543,0.9741273017424364
2024,05,GBR.1.108.4.21_1,0.7197898423817863,0.9840304873325826
2024,05,GBR.1.108.4.22_1,0.6725043782837129,0.9727157858285225
2024,05,GBR.1.108.4.23_1,0.6725043782837129,0.9727157858285225
2024,05,GBR.1.108.4.24_1,0.7373029772329247,0.987439112046915
2024,05,GBR.1.108.4.25_1,0.6619964973730298,0.9697752316903129
2024,05,GBR.1.108.4.26_1,0.6795096322241682,0.9745891442038537
2024,05,GBR.1.108.4.27_1,0.6654991243432575,0.9707728879609279
2024,05,GBR.1.108.4.28_1,0.7565674255691769,0.9907088371464141
2024,05,GBR.1.108.4.29_1,0.6917688266199651,0.9777013859047148
2024,05,GBR.1.108.4.3_1,0.6847635726795097,0.9759487691472335
2024,05,GBR.1.108.4.30_1,0.6777583187390543,0.9741273017424364
2024,05,GBR.1.108.4.31_1,0.712784588441331,0.9825497442877892
2024,05,GBR.1.108.4.32_1,0.7162872154115587,0.9832985304575615
2024,05,GBR.1.108.4.33_1,0.6760070052539405,0.9736611320166786
2024,05,GBR.1.108.4.34_1,0.7040280210157619,0.9806038955664005
2024,05,GBR.1.108.4.35_1,0.660245183887916,0.9692698282728087
2024,05,GBR.1.108.4.36_1,0.7092819614711035,0.9817840903172144
2024,05,GBR.1.108.4.4_1,0.6935201401050789,0.9781288258711119
2024,05,GBR.1.108.4.5_1,0.6952714535901927,0.97855199146494
2024,05,GBR.1.108.4.6_1,0.7425569176882663,0.9883804935347521
2024,05,GBR.1.108.4.7_1,0.6637478108581437,0.970276249322841
2024,05,GBR.1.108.4.8_1,0.6847635726795097,0.9759487691472335
2024,05,GBR.1.108.4.9_1,0.7355516637478109,0.9871170143402452
2024,05,GBR.1.108.5.1_1,0.7022767075306481,0.9802020199938377
2024,05,GBR.1.108.5.10_1,0.6952714535901927,0.97855199146494
2024,05,GBR.1.108.5.11_1,0.7022767075306481,0.9802020199938377
2024,05,GBR.1.108.5.12_1,0.6987740805604205,0.9793855216409929
2024,05,GBR.1.108.5.13_1,0.6935201401050789,0.9781288258711119
2024,05,GBR.1.108.5.14_1,0.7162872154115587,0.9832985304575615
2024,05,GBR.1.108.5.15_1,0.6970227670753065,0.9789708882290628
2024,05,GBR.1.108.5.16_1,0.670753064798599,0.9722365967191319
2024,05,GBR.1.108.5.17_1,0.7092819614711035,0.9817840903172144
2024,05,GBR.1.108.5.18_1,0.6987740805604205,0.9793855216409929
2024,05,GBR.1.108.5.19_1,0.7267950963222417,0.9854440623394105
2024,05,GBR.1.108.5.2_1,0.6742556917688267,0.9731906288081488
2024,05,GBR.1.108.5.20_1,0.6812609457092821,0.975046665549911
2024,05,GBR.1.108.5.21_1,0.6567425569176883,0.9682458365518543
2024,05,GBR.1.108.5.22_1,0.712784588441331,0.9825497442877892
2024,05,GBR.1.108.5.23_1,0.6812609457092821,0.975046665549911
2024,05,GBR.1.108.5.3_1,0.7302977232924693,0.9861257526299574
2024,05,GBR.1.108.5.4_1,0.7162872154115587,0.9832985304575615
2024,05,GBR.1.108.5.5_1,0.6567425569176883,0.9682458365518543
2024,05,GBR.1.108.5.6_1,0.63922942206655,0.9628603221651623
2024,05,GBR.1.108.5.7_1,0.7040280210157619,0.9806038955664005
2024,05,GBR.1.108.5.8_1,0.7180385288966725,0.983666610188635
2024,05,GBR.1.108.5.9_1,0.7075306479859896,0.9813949256033475
2024,05,GBR.1.109.1.1_1,0.6987740805604205,0.9793855216409929
2024,05,GBR.1.109.1.10_1,0.7600700525394046,0.9912497162672985
2024,05,GBR.1.109.1.11_1,0.7285464098073555,0.9857869952479592
2024,05,GBR.1.109.1.12_1,0.6742556917688267,0.9731906288081488
2024,05,GBR.1.109.1.13_1,0.6882661996497373,0.976833660353696
2024,05,GBR.1.109.1.14_1,0.6690017513134852,0.9717530550505102
2024,05,GBR.1.109.1.15_1,0.670753064798599,0.9722365967191319
2024,05,GBR.1.109.1.16_1,0.6567425569176883,0.9682458365518543
2024,05,GBR.1.109.1.17_1,0.6882661996497373,0.976833660353696
2024,05,GBR.1.109.1.18_1,0.6514886164623468,0.9666767815562759
2024,05,GBR.1.109.1.19_1,0.6777583187390543,0.9741273017424364
2024,05,GBR.1.109.1.2_1,0.7057793345008757,0.9810015290507961
2024,05,GBR.1.109.1.20_1,0.6795096322241682,0.9745891442038537
2024,05,GBR.1.109.1.21_1,0.6935201401050789,0.9781288258711119
2024,05,GBR.1.109.1.22_1,0.6637478108581437,0.970276249322841
2024,05,GBR.1.109.1.23_1,0.7232924693520141,0.9847456524402634
2024,05,GBR.1.109.1.24_1,0.7005253940455343,0.9797958971132712
2024,05,GBR.1.109.1.25_1,0.6830122591943959,0.9754998718605759
2024,05,GBR.1.109.1.3_1,0.6812609457092821,0.975046665549911
2024,05,GBR.1.109.1.4_1,0.7075306479859896,0.9813949256033475
2024,05,GBR.1.109.1.5_1,0.649737302977233,0.9661449166662318
2024,05,GBR.1.109.1.6_1,0.7355516637478109,0.9871170143402452
2024,05,GBR.1.109.1.7_1,0.6777583187390543,0.9741273017424364
2024,05,GBR.1.109.1.8_1,0.7005253940455343,0.9797958971132712
2024,05,GBR.1.109.1.9_1,0.6795096322241682,0.9745891442038537
2024,05,GBR.1.11.1.10_1,0.7600700525394046,0.9912497162672985
2024,05,GBR.1.11.1.11_1,0.7022767075306481,0.9802020199938377
2024,05,GBR.1.11.1.20_1,0.7408056042031524,0.9880708476622514
2024,05,GBR.1.11.1.5_1,0.7302977232924693,0.9861257526299574
2024,05,GBR.1.11.1.7_1,0.7057793345008757,0.9810015290507961
2024,05,GBR.1.11.1.9_1,0.7215411558669002,0.9843901665498289
2024,05,GBR.1.110.1.5_1,0.6935201401050789,0.9781288258711119
2024,05,GBR.1.110.2.3_1,0.7373029772329247,0.987439112046915
2024,05,GBR.1.110.2.4_1,0.6952714535901927,0.97855199146494
2024,05,GBR.1.110.3.11_1,0.6882661996497373,0.976833660353696
2024,05,GBR.1.110.3.13_1,0.7320490367775833,0.98646033878712025
2024,05,GBR.1.110.3.14_1,0.7040280210157619,0.9806038955664005
2024,05,GBR.1.110.3.20_1,0.6409807355516638,0.9634189120003821
2024,05,GBR.1.110.3.21_1,0.6952714535901927,0.97855199146494
2024,05,GBR.1.110.3.25_1,0.7250437828371279,0.9850969495435462
2024,05,GBR.1.110.3.29_1,0.7145359019264449,0.9829262434180909
2024,05,GBR.1.110.3.30_1,0.6900175131348513,0.9772696659571503
2024,05,GBR.1.110.4.1_1,0.7022767075306481,0.9802020199938377
2024,05,GBR.1.110.4.10_1,0.7250437828371279,0.9850969495435462
2024,05,GBR.1.110.4.11_1,0.7005253940455343,0.9797958971132712
2024,05,GBR.1.110.4.12_1,0.649737302977233,0.9661449166662318
2024,05,GBR.1.110.4.13_1,0.6865148861646235,0.9763933633531108
2024,05,GBR.1.110.4.14_1,0.7022767075306481,0.9802020199938377
2024,05,GBR.1.110.4.15_1,0.7425569176882663,0.9883804935347521
2024,05,GBR.1.110.4.2_1,0.7057793345008757,0.9810015290507961
2024,05,GBR.1.110.4.3_1,0.7232924693520141,0.9847456524402634
2024,05,GBR.1.110.4.4_1,0.7040280210157619,0.9806038955664005
2024,05,GBR.1.110.4.5_1,0.7005253940455343,0.9797958971132712
2024,05,GBR.1.110.4.6_1,0.6952714535901927,0.97855199146494
2024,05,GBR.1.110.4.7_1,0.7075306479859896,0.9813949256033475
2024,05,GBR.1.110.4.8_1,0.7232924693520141,0.9847456524402634
2024,05,GBR.1.110.4.9_1,0.7425569176882663,0.9883804935347521
2024,05,GBR.1.110.5.1_1,0.7373029772329247,0.987439112046915
2024,05,GBR.1.110.5.10_1,0.6882661996497373,0.976833660353696
2024,05,GBR.1.110.5.11_1,0.7653239929947461,0.9920302414745228
2024,05,GBR.1.110.5.12_1,0.7513134851138354,0.9898666576867816
2024,05,GBR.1.110.5.13_1,0.6777583187390543,0.9741273017424364
2024,05,GBR.1.110.5.14_1,0.712784588441331,0.9825497442877892
2024,05,GBR.1.110.5.15_1,0.7215411558669002,0.9843901665498289
2024,05,GBR.1.110.5.16_1,0.6847635726795097,0.9759487691472335
2024,05,GBR.1.110.5.17_1,0.7022767075306481,0.9802020199938377
2024,05,GBR.1.110.5.18_1,0.7338003502626971,0.986790757962396
2024,05,GBR.1.110.5.19_1,0.7285464098073555,0.9857869952479592
2024,05,GBR.1.110.5.2_1,0.7495621716287216,0.9895776877031939
2024,05,GBR.1.110.5.20_1,0.7267950963222417,0.9854440623394105
2024,05,GBR.1.110.5.21_1,0.7758318739054292,0.9934807496876826
2024,05,GBR.1.110.5.22_1,0.6742556917688267,0.9731906288081488
2024,05,GBR.1.110.5.3_1,0.6935201401050789,0.9781288258711119
2024,05,GBR.1.110.5.4_1,0.7635726795096323,0.9917741678426597
2024,05,GBR.1.110.5.5_1,0.7530647985989493,0.990151503558925
2024,05,GBR.1.110.5.6_1,0.7285464098073555,0.9857869952479592
2024,05,GBR.1.110.5.7_1,0.7232924693520141,0.9847456524402634
2024,05,GBR.1.110.5.8_1,0.7250437828371279,0.9850969495435462
2024,05,GBR.1.110.5.9_1,0.7302977232924693,0.9861257526299574
2024,05,GBR.1.110.6.1_1,0.7338003502626971,0.986790757962396
2024,05,GBR.1.110.6.10_1,0.712784588441331,0.9825497442877892
2024,05,GBR.1.110.6.11_1,0.7390542907180385,0.9877570551507087
2024,05,GBR.1.110.6.12_1,0.7530647985989493,0.990151503558925
2024,05,GBR.1.110.6.13_1,0.6900175131348513,0.9772696659571503
2024,05,GBR.1.110.6.14_1,0.7232924693520141,0.9847456524402634
2024,05,GBR.1.110.6.15_1,0.7110332749562173,0.9821690282227392
2024,05,GBR.1.110.6.16_1,0.6795096322241682,0.9745891442038537
2024,05,GBR.1.110.6.17_1,0.7845884413309984,0.9945772971468834
2024,05,GBR.1.110.6.18_1,0.7355516637478109,0.9871170143402452
2024,05,GBR.1.110.6.19_1,0.7478108581436077,0.9892845899942038
2024,05,GBR.1.110.6.2_1,0.7197898423817863,0.9840304873325826
2024,05,GBR.1.110.6.20_1,0.7373029772329247,0.987439112046915
2024,05,GBR.1.110.6.21_1,0.7443082311733801,0.9886859966642594
2024,05,GBR.1.110.6.22_1,0.7355516637478109,0.9871170143402452
2024,05,GBR.1.110.6.23_1,0.7057793345008757,0.9810015290507961
2024,05,GBR.1.110.6.24_1,0.7688266199649738,0.9925301002992302
2024,05,GBR.1.110.6.25_1,0.7267950963222417,0.9854440623394105
2024,05,GBR.1.110.6.3_1,0.6952714535901927,0.97855199146494
2024,05,GBR.1.110.6.4_1,0.6987740805604205,0.9793855216409929
2024,05,GBR.1.110.6.5_1,0.6882661996497373,0.976833660353696
2024,05,GBR.1.110.6.6_1,0.7285464098073555,0.9857869952479592
2024,05,GBR.1.110.6.7_1,0.6444833625218914,0.9645226798784983
2024,05,GBR.1.110.6.8_1,0.712784588441331,0.9825497442877892
2024,05,GBR.1.110.6.9_1,0.6847635726795097,0.9759487691472335
2024,05,GBR.1.112.1_1,0.7215411558669002,0.9843901665498289
2024,05,GBR.1.112.1.1_1,0.6987740805604205,0.9793855216409929
2024,05,GBR.1.112.1.10_1,0.6952714535901927,0.97855199146494
2024,05,GBR.1.112.1.100_1,0.6637478108581437,0.970276249322841
2024,05,GBR.1.112.1.11_1,0.6917688266199651,0.9777013859047148
2024,05,GBR.1.112.1.12_1,0.7057793345008757,0.9810015290507961
2024,05,GBR.1.112.1.13_1,0.7408056042031524,0.9880708476622514
2024,05,GBR.1.112.1.14_1,0.6672504378283713,0.9712651543219287
2024,05,GBR.1.112.1.15_1,0.7390542907180385,0.9877570551507087
2024,05,GBR.1.112.1.16_1,0.6952714535901927,0.97855199146494
2024,05,GBR.1.112.1.17_1,0.7267950963222417,0.9854440623394105
2024,05,GBR.1.112.1.18_1,0.6584938704028022,0.9687600322061186
2024,05,GBR.1.112.1.19_1,0.7145359019264449,0.9829262434180909
2024,05,GBR.1.112.1.2_1,0.7022767075306481,0.9802020199938377
2024,05,GBR.1.112.1.20_1,0.6865148861646235,0.9763933633531108
2024,05,GBR.1.112.1.21_1,0.7005253940455343,0.9797958971132712
2024,05,GBR.1.112.1.22_1,0.7005253940455343,0.9797958971132712
2024,05,GBR.1.112.1.23_1,0.7145359019264449,0.9829262434180909
2024,05,GBR.1.112.1.24_1,0.6865148861646235,0.9763933633531108
2024,05,GBR.1.112.1.25_1,0.7828371278458844,0.9943661297530201
2024,05,GBR.1.112.1.26_1,0.6760070052539405,0.9736611320166786
2024,05,GBR.1.112.1.27_1,0.6584938704028022,0.9687600322061186
2024,05,GBR.1.112.1.28_1,0.7267950963222417,0.9854440623394105
2024,05,GBR.1.112.1.29_1,0.6619964973730298,0.9697752316903129
2024,05,GBR.1.112.1.3_1,0.7338003502626971,0.986790757962396
2024,05,GBR.1.112.1.30_1,0.6812609457092821,0.975046665549911
2024,05,GBR.1.112.1.31_1,0.6742556917688267,0.9731906288081488
2024,05,GBR.1.112.1.32_1,0.7250437828371279,0.9850969495435462
2024,05,GBR.1.112.1.33_1,0.6830122591943959,0.9754998718605759
2024,05,GBR.1.112.1.34_1,0.7110332749562173,0.9821690282227392
2024,05,GBR.1.112.1.35_1,0.7075306479859896,0.9813949256033475
2024,05,GBR.1.112.1.36_1,0.7320490367775833,0.98646033878712025
2024,05,GBR.1.112.1.37_1,0.7285464098073555,0.9857869952479592
2024,05,GBR.1.112.1.38_1,0.6882661996497373,0.976833660353696
2024,05,GBR.1.112.1.39_1,0.670753064798599,0.9722365967191319
2024,05,GBR.1.112.1.4_1,0.6847635726795097,0.9759487691472335
2024,05,GBR.1.112.1.40_1,0.6882661996497373,0.976833660353696
2024,05,GBR.1.112.1.41_1,0.6882661996497373,0.976833660353696
2024,05,GBR.1.112.1.42_1,0.7408056042031524,0.9880708476622514
2024,05,GBR.1.112.1.43_1,0.6672504378283713,0.9712651543219287
2024,05,GBR.1.112.1.44_1,0.7040280210157619,0.9806038955664005
2024,05,GBR.1.112.1.45_1,0.6690017513134852,0.9717530550505102
2024,05,GBR.1.112.1.46_1,0.6865148861646235,0.9763933633531108
2024,05,GBR.1.112.1.47_1,0.6987740805604205,0.9793855216409929
2024,05,GBR.1.112.1.48_1,0.6987740805604205,0.9793855216409929
2024,05,GBR.1.112.1.49_1,0.6725043782837129,0.9727157858285225
2024,05,GBR.1.112.1.5_1,0.6935201401050789,0.9781288258711119
2024,05,GBR.1.112.1.50_1,0.7250437828371279,0.9850969495435462
2024,05,GBR.1.112.1.51_1,0.7232924693520141,0.9847456524402634
2024,05,GBR.1.112.1.52_1,0.7267950963222417,0.9854440623394105
2024,05,GBR.1.112.1.53_1,0.7180385288966725,0.983666610188635
2024,05,GBR.1.112.1.54_1,0.7232924693520141,0.9847456524402634
2024,05,GBR.1.112.1.55_1,0.6637478108581437,0.970276249322841
2024,05,GBR.1.112.1.56_1,0.7145359019264449,0.9829262434180909
2024,05,GBR.1.112.1.57_1,0.7302977232924693,0.9861257526299574
2024,05,GBR.1.112.1.58_1,0.7232924693520141,0.9847456524402634
2024,05,GBR.1.112.1.59_1,0.6742556917688267,0.9731906288081488
2024,05,GBR.1.112.1.6_1,0.6987740805604205,0.9793855216409929
2024,05,GBR.1.112.1.60_1,0.6917688266199651,0.9777013859047148
2024,05,GBR.1.112.1.61_1,0.7355516637478109,0.9871170143402452
2024,05,GBR.1.112.1.62_1,0.7057793345008757,0.9810015290507961
2024,05,GBR.1.112.1.63_1,0.7285464098073555,0.9857869952479592
2024,05,GBR.1.112.1.64_1,0.7338003502626971,0.986790757962396
2024,05,GBR.1.112.1.65_1,0.6584938704028022,0.9687600322061186
2024,05,GBR.1.112.1.66_1,0.7040280210157619,0.9806038955664005
2024,05,GBR.1.112.1.67_1,0.7267950963222417,0.9854440623394105
2024,05,GBR.1.112.1.68_1,0.7267950963222417,0.9854440623394105
2024,05,GBR.1.112.1.69_1,0.7250437828371279,0.9850969495435462
2024,05,GBR.1.112.1.7_1,0.6865148861646235,0.9763933633531108
2024,05,GBR.1.112.1.70_1,0.7232924693520141,0.9847456524402634
2024,05,GBR.1.112.1.71_1,0.7022767075306481,0.9802020199938377
2024,05,GBR.1.112.1.72_1,0.7408056042031524,0.9880708476622514
2024,05,GBR.1.112.1.73_1,0.6725043782837129,0.9727157858285225
2024,05,GBR.1.112.1.74_1,0.712784588441331,0.9825497442877892
2024,05,GBR.1.112.1.75_1,0.7057793345008757,0.9810015290507961
2024,05,GBR.1.112.1.76_1,0.6952714535901927,0.97855199146494
2024,05,GBR.1.112.1.77_1,0.7267950963222417,0.9854440623394105
2024,05,GBR.1.112.1.78_1,0.6760070052539405,0.9736611320166786
2024,05,GBR.1.112.1.79_1,0.6830122591943959,0.9754998718605759
2024,05,GBR.1.112.1.8_1,0.7320490367775833,0.98646033878712025
2024,05,GBR.1.112.1.80_1,0.76707530647986,0.9922822179198819
2024,05,GBR.1.112.1.81_1,0.7513134851138354,0.9898666576867816
2024,05,GBR.1.112.1.82_1,0.7267950963222417,0.9854440623394105
2024,05,GBR.1.112.1.83_1,0.7285464098073555,0.9857869952479592
2024,05,GBR.1.112.1.84_1,0.7618213660245184,0.9915139938498094
2024,05,GBR.1.112.1.85_1,0.7600700525394046,0.9912497162672985
2024,05,GBR.1.112.1.86_1,0.6987740805604205,0.9793855216409929
2024,05,GBR.1.112.1.87_1,0.7092819614711035,0.9817840903172144
2024,05,GBR.1.112.1.88_1,0.6917688266199651,0.9777013859047148
2024,05,GBR.1.112.1.89_1,0.7548161120840631,0.9904322288778774
2024,05,GBR.1.112.1.9_1,0.7338003502626971,0.986790757962396
2024,05,GBR.1.112.1.90_1,0.7162872154115587,0.9832985304575615
2024,05,GBR.1.112.1.91_1,0.6777583187390543,0.9741273017424364
2024,05,GBR.1.112.1.92_1,0.6970227670753065,0.9789708882290628
2024,05,GBR.1.112.1.93_1,0.7145359019264449,0.9829262434180909
2024,05,GBR.1.112.1.94_1,0.6865148861646235,0.9763933633531108
2024,05,GBR.1.112.1.95_1,0.7390542907180385,0.9877570551507087
2024,05,GBR.1.112.1.96_1,0.7092819614711035,0.9817840903172144
2024,05,GBR.1.112.1.97_1,0.712784588441331,0.9825497442877892
2024,05,GBR.1.112.1.98_1,0.6444833625218914,0.9645226798784983
2024,05,GBR.1.112.1.99_1,0.7373029772329247,0.987439112046915
2024,05,GBR.1.113.1.1_1,0.712784588441331,0.9825497442877892
2024,05,GBR.1.113.1.10_1,0.7040280210157619,0.9806038955664005
2024,05,GBR.1.113.1.11_1,0.6987740805604205,0.9793855216409929
2024,05,GBR.1.113.1.12_1,0.712784588441331,0.9825497442877892
2024,05,GBR.1.113.1.13_1,0.7197898423817863,0.9840304873325826
2024,05,GBR.1.113.1.14_1,0.7197898423817863,0.9840304873325826
2024,05,GBR.1.113.1.15_1,0.6584938704028022,0.9687600322061186
2024,05,GBR.1.113.1.16_1,0.6619964973730298,0.9697752316903129
2024,05,GBR.1.113.1.17_1,0.6882661996497373,0.976833660353696
2024,05,GBR.1.113.1.18_1,0.7390542907180385,0.9877570551507087
2024,05,GBR.1.113.1.19_1,0.6690017513134852,0.9717530550505102
2024,05,GBR.1.113.1.2_1,0.6725043782837129,0.9727157858285225
2024,05,GBR.1.113.1.20_1,0.7180385288966725,0.983666610188635
2024,05,GBR.1.113.1.3_1,0.7162872154115587,0.9832985304575615
2024,05,GBR.1.113.1.4_1,0.7180385288966725,0.983666610188635
2024,05,GBR.1.113.1.5_1,0.7232924693520141,0.9847456524402634
2024,05,GBR.1.113.1.6_1,0.7040280210157619,0.9806038955664005
2024,05,GBR.1.113.1.7_1,0.6637478108581437,0.970276249322841
2024,05,GBR.1.113.1.8_1,0.6917688266199651,0.9777013859047148
2024,05,GBR.1.113.1.9_1,0.6690017513134852,0.9717530550505102
2024,05,GBR.1.114.1.5_1,0.7600700525394046,0.9912497162672985
2024,05,GBR.1.115.1.1_1,0.7320490367775833,0.98646033878712025
2024,05,GBR.1.115.1.10_1,0.6830122591943959,0.9754998718605759
2024,05,GBR.1.115.1.11_1,0.6777583187390543,0.9741273017424364
2024,05,GBR.1.115.1.12_1,0.7022767075306481,0.9802020199938377
2024,05,GBR.1.115.1.13_1,0.6847635726795097,0.9759487691472335
2024,05,GBR.1.115.1.14_1,0.6760070052539405,0.9736611320166786
2024,05,GBR.1.115.1.15_1,0.6882661996497373,0.976833660353696
2024,05,GBR.1.115.1.16_1,0.7215411558669002,0.9843901665498289
2024,05,GBR.1.115.1.17_1,0.6865148861646235,0.9763933633531108
2024,05,GBR.1.115.1.18_1,0.7302977232924693,0.9861257526299574
2024,05,GBR.1.115.1.19_1,0.7162872154115587,0.9832985304575615
2024,05,GBR.1.115.1.2_1,0.6882661996497373,0.976833660353696
2024,05,GBR.1.115.1.20_1,0.7425569176882663,0.9883804935347521
2024,05,GBR.1.115.1.21_1,0.7408056042031524,0.9880708476622514
2024,05,GBR.1.115.1.22_1,0.7092819614711035,0.9817840903172144
2024,05,GBR.1.115.1.23_1,0.7390542907180385,0.9877570551507087
2024,05,GBR.1.115.1.24_1,0.6917688266199651,0.9777013859047148
2024,05,GBR.1.115.1.25_1,0.7197898423817863,0.9840304873325826
2024,05,GBR.1.115.1.26_1,0.7408056042031524,0.9880708476622514
2024,05,GBR.1.115.1.27_1,0.7600700525394046,0.9912497162672985
2024,05,GBR.1.115.1.28_1,0.6830122591943959,0.9754998718605759
2024,05,GBR.1.115.1.29_1,0.7338003502626971,0.986790757962396
2024,05,GBR.1.115.1.3_1,0.6725043782837129,0.9727157858285225
2024,05,GBR.1.115.1.30_1,0.6917688266199651,0.9777013859047148
2024,05,GBR.1.115.1.4_1,0.7215411558669002,0.9843901665498289
2024,05,GBR.1.115.1.5_1,0.6917688266199651,0.9777013859047148
2024,05,GBR.1.115.1.6_1,0.7145359019264449,0.9829262434180909
2024,05,GBR.1.115.1.7_1,0.6882661996497373,0.976833660353696
2024,05,GBR.1.115.1.8_1,0.7373029772329247,0.987439112046915
2024,05,GBR.1.115.1.9_1,0.6567425569176883,0.9682458365518543
2024,05,GBR.1.117.1.1_1,0.7057793345008757,0.9810015290507961
2024,05,GBR.1.117.1.10_1,0.6760070052539405,0.9736611320166786
2024,05,GBR.1.117.1.11_1,0.7075306479859896,0.9813949256033475
2024,05,GBR.1.117.1.12_1,0.6462346760070053,0.965067873260736
2024,05,GBR.1.117.1.13_1,0.7040280210157619,0.9806038955664005
2024,05,GBR.1.117.1.14_1,0.6970227670753065,0.9789708882290628
2024,05,GBR.1.117.1.15_1,0.7373029772329247,0.987439112046915
2024,05,GBR.1.117.1.16_1,0.7057793345008757,0.9810015290507961
2024,05,GBR.1.117.1.17_1,0.7250437828371279,0.9850969495435462
2024,05,GBR.1.117.1.18_1,0.7180385288966725,0.983666610188635
2024,05,GBR.1.117.1.19_1,0.7022767075306481,0.9802020199938377
2024,05,GBR.1.117.1.2_1,0.7320490367775833,0.98646033878712025
2024,05,GBR.1.117.1.20_1,0.6725043782837129,0.9727157858285225
2024,05,GBR.1.117.1.21_1,0.7092819614711035,0.9817840903172144
2024,05,GBR.1.117.1.22_1,0.6584938704028022,0.9687600322061186
2024,05,GBR.1.117.1.23_1,0.6952714535901927,0.97855199146494
2024,05,GBR.1.117.1.24_1,0.6637478108581437,0.970276249322841
2024,05,GBR.1.117.1.25_1,0.6865148861646235,0.9763933633531108
2024,05,GBR.1.117.1.26_1,0.670753064798599,0.9722365967191319
2024,05,GBR.1.117.1.27_1,0.6654991243432575,0.9707728879609279
2024,05,GBR.1.117.1.28_1,0.712784588441331,0.9825497442877892
2024,05,GBR.1.117.1.29_1,0.649737302977233,0.9661449166662318
2024,05,GBR.1.117.1.3_1,0.7075306479859896,0.9813949256033475
2024,05,GBR.1.117.1.30_1,0.6847635726795097,0.9759487691472335
2024,05,GBR.1.117.1.31_1,0.6760070052539405,0.9736611320166786
2024,05,GBR.1.117.1.4_1,0.7075306479859896,0.9813949256033475
2024,05,GBR.1.117.1.5_1,0.712784588441331,0.9825497442877892
2024,05,GBR.1.117.1.6_1,0.6409807355516638,0.9634189120003821
2024,05,GBR.1.117.1.7_1,0.7250437828371279,0.9850969495435462
2024,05,GBR.1.117.1.8_1,0.7075306479859896,0.9813949256033475
2024,05,GBR.1.117.1.9_1,0.7635726795096323,0.9917741678426597
2024,05,GBR.1.117.2.1_1,0.7022767075306481,0.9802020199938377
2024,05,GBR.1.117.2.10_1,0.6900175131348513,0.9772696659571503
2024,05,GBR.1.117.2.11_1,0.7057793345008757,0.9810015290507961
2024,05,GBR.1.117.2.12_1,0.660245183887916,0.9692698282728087
2024,05,GBR.1.117.2.13_1,0.6970227670753065,0.9789708882290628
2024,05,GBR.1.117.2.14_1,0.7040280210157619,0.9806038955664005
2024,05,GBR.1.117.2.15_1,0.6900175131348513,0.9772696659571503
2024,05,GBR.1.117.2.16_1,0.6672504378283713,0.9712651543219287
2024,05,GBR.1.117.2.17_1,0.6777583187390543,0.9741273017424364
2024,05,GBR.1.117.2.18_1,0.7005253940455343,0.9797958971132712
2024,05,GBR.1.117.2.19_1,0.7005253940455343,0.9797958971132712
2024,05,GBR.1.117.2.2_1,0.6514886164623468,0.9666767815562759
2024,05,GBR.1.117.2.3_1,0.6917688266199651,0.9777013859047148
2024,05,GBR.1.117.2.4_1,0.670753064798599,0.9722365967191319
2024,05,GBR.1.117.2.5_1,0.660245183887916,0.9692698282728087
2024,05,GBR.1.117.2.6_1,0.7145359019264449,0.9829262434180909
2024,05,GBR.1.117.2.7_1,0.7110332749562173,0.9821690282227392
2024,05,GBR.1.117.2.8_1,0.7513134851138354,0.9898666576867816
2024,05,GBR.1.117.2.9_1,0.7022767075306481,0.9802020199938377
2024,05,GBR.1.117.3.1_1,0.7180385288966725,0.983666610188635
2024,05,GBR.1.117.3.2_1,0.7355516637478109,0.9871170143402452
2024,05,GBR.1.117.3.3_1,0.7145359019264449,0.9829262434180909
2024,05,GBR.1.117.3.4_1,0.6847635726795097,0.9759487691472335
2024,05,GBR.1.117.3.5_1,0.6795096322241682,0.9745891442038537
2024,05,GBR.1.117.3.6_1,0.7040280210157619,0.9806038955664005
2024,05,GBR.1.117.3.7_1,0.6865148861646235,0.9763933633531108
2024,05,GBR.1.117.3.8_1,0.7338003502626971,0.986790757962396
2024,05,GBR.1.117.3.9_1,0.6882661996497373,0.976833660353696
2024,05,GBR.1.117.4.1_1,0.6812609457092821,0.975046665549911
2024,05,GBR.1.117.4.10_1,0.6900175131348513,0.9772696659571503
2024,05,GBR.1.117.4.11_1,0.6987740805604205,0.9793855216409929
2024,05,GBR.1.117.4.12_1,0.6935201401050789,0.9781288258711119
2024,05,GBR.1.117.4.13_1,0.6900175131348513,0.9772696659571503
2024,05,GBR.1.117.4.14_1,0.6847635726795097,0.9759487691472335
2024,05,GBR.1.117.4.15_1,0.6847635726795097,0.9759487691472335
2024,05,GBR.1.117.4.2_1,0.7022767075306481,0.9802020199938377
2024,05,GBR.1.117.4.3_1,0.6987740805604205,0.9793855216409929
2024,05,GBR.1.117.4.4_1,0.7092819614711035,0.9817840903172144
2024,05,GBR.1.117.4.5_1,0.7285464098073555,0.9857869952479592
2024,05,GBR.1.117.4.6_1,0.6970227670753065,0.9789708882290628
2024,05,GBR.1.117.4.7_1,0.6777583187390543,0.9741273017424364
2024,05,GBR.1.117.4.8_1,0.628721541155867,0.9594144047282176
2024,05,GBR.1.117.4.9_1,0.712784588441331,0.9825497442877892
2024,05,GBR.1.117.5.1_1,0.6847635726795097,0.9759487691472335
2024,05,GBR.1.117.5.10_1,0.7250437828371279,0.9850969495435462
2024,05,GBR.1.117.5.11_1,0.6760070052539405,0.9736611320166786
2024,05,GBR.1.117.5.12_1,0.7022767075306481,0.9802020199938377
2024,05,GBR.1.117.5.13_1,0.6847635726795097,0.9759487691472335
2024,05,GBR.1.117.5.14_1,0.6935201401050789,0.9781288258711119
2024,05,GBR.1.117.5.15_1,0.6567425569176883,0.9682458365518543
2024,05,GBR.1.117.5.16_1,0.6672504378283713,0.9712651543219287
2024,05,GBR.1.117.5.17_1,0.6690017513134852,0.9717530550505102
2024,05,GBR.1.117.5.18_1,0.6760070052539405,0.9736611320166786
2024,05,GBR.1.117.5.19_1,0.7092819614711035,0.9817840903172144
2024,05,GBR.1.117.5.2_1,0.6935201401050789,0.9781288258711119
2024,05,GBR.1.117.5.20_1,0.6917688266199651,0.9777013859047148
2024,05,GBR.1.117.5.21_1,0.6847635726795097,0.9759487691472335
2024,05,GBR.1.117.5.22_1,0.6900175131348513,0.9772696659571503
2024,05,GBR.1.117.5.23_1,0.7250437828371279,0.9850969495435462
2024,05,GBR.1.117.5.24_1,0.7250437828371279,0.9850969495435462
2024,05,GBR.1.117.5.25_1,0.6795096322241682,0.9745891442038537
2024,05,GBR.1.117.5.26_1,0.6830122591943959,0.9754998718605759
2024,05,GBR.1.117.5.27_1,0.6900175131348513,0.9772696659571503
2024,05,GBR.1.117.5.28_1,0.7215411558669002,0.9843901665498289
2024,05,GBR.1.117.5.29_1,0.7110332749562173,0.9821690282227392
2024,05,GBR.1.117.5.3_1,0.6830122591943959,0.9754998718605759
2024,05,GBR.1.117.5.30_1,0.63922942206655,0.9628603221651623
2024,05,GBR.1.117.5.31_1,0.6847635726795097,0.9759487691472335
2024,05,GBR.1.117.5.32_1,0.6900175131348513,0.9772696659571503
2024,05,GBR.1.117.5.33_1,0.6987740805604205,0.9793855216409929
2024,05,GBR.1.117.5.34_1,0.7057793345008757,0.9810015290507961
2024,05,GBR.1.117.5.35_1,0.6777583187390543,0.9741273017424364
2024,05,GBR.1.117.5.36_1,0.670753064798599,0.9722365967191319
2024,05,GBR.1.117.5.4_1,0.7250437828371279,0.9850969495435462
2024,05,GBR.1.117.5.5_1,0.6672504378283713,0.9712651543219287
2024,05,GBR.1.117.5.6_1,0.6952714535901927,0.97855199146494
2024,05,GBR.1.117.5.7_1,0.6532399299474606,0.9672042183530839
2024,05,GBR.1.117.5.8_1,0.6865148861646235,0.9763933633531108
2024,05,GBR.1.117.5.9_1,0.712784588441331,0.9825497442877892
2024,05,GBR.1.117.6.1_1,0.6725043782837129,0.9727157858285225
2024,05,GBR.1.117.6.10_1,0.660245183887916,0.9692698282728087
2024,05,GBR.1.117.6.11_1,0.6952714535901927,0.97855199146494
2024,05,GBR.1.117.6.12_1,0.6690017513134852,0.9717530550505102
2024,05,GBR.1.117.6.13_1,0.6672504378283713,0.9712651543219287
2024,05,GBR.1.117.6.2_1,0.6760070052539405,0.9736611320166786
2024,05,GBR.1.117.6.3_1,0.7092819614711035,0.9817840903172144
2024,05,GBR.1.117.6.4_1,0.7092819614711035,0.9817840903172144
2024,05,GBR.1.117.6.5_1,0.6690017513134852,0.9717530550505102
2024,05,GBR.1.117.6.6_1,0.6567425569176883,0.9682458365518543
2024,05,GBR.1.117.6.7_1,0.7162872154115587,0.9832985304575615
2024,05,GBR.1.117.6.8_1,0.6952714535901927,0.97855199146494
2024,05,GBR.1.117.6.9_1,0.6865148861646235,0.9763933633531108
2024,05,GBR.1.118.1.18_1,0.7425569176882663,0.9883804935347521
2024,05,GBR.1.118.1.19_1,0.6830122591943959,0.9754998718605759
2024,05,GBR.1.118.1.2_1,0.7232924693520141,0.9847456524402634
2024,05,GBR.1.118.1.21_1,0.7022767075306481,0.9802020199938377
2024,05,GBR.1.118.1.4_1,0.7040280210157619,0.9806038955664005
2024,05,GBR.1.118.1.9_1,0.7215411558669002,0.9843901665498289
2024,05,GBR.1.12.1.1_1,0.7197898423817863,0.9840304873325826
2024,05,GBR.1.12.1.10_1,0.6812609457092821,0.975046665549911
2024,05,GBR.1.12.1.11_1,0.7110332749562173,0.9821690282227392
2024,05,GBR.1.12.1.12_1,0.7075306479859896,0.9813949256033475
2024,05,GBR.1.12.1.13_1,0.6917688266199651,0.9777013859047148
2024,05,GBR.1.12.1.14_1,0.7075306479859896,0.9813949256033475
2024,05,GBR.1.12.1.15_1,0.6830122591943959,0.9754998718605759
2024,05,GBR.1.12.1.16_1,0.6795096322241682,0.9745891442038537
2024,05,GBR.1.12.1.17_1,0.7250437828371279,0.9850969495435462
2024,05,GBR.1.12.1.18_1,0.6742556917688267,0.9731906288081488
2024,05,GBR.1.12.1.19_1,0.6812609457092821,0.975046665549911
2024,05,GBR.1.12.1.2_1,0.670753064798599,0.9722365967191319
2024,05,GBR.1.12.1.20_1,0.6847635726795097,0.9759487691472335
2024,05,GBR.1.12.1.21_1,0.6987740805604205,0.9793855216409929
2024,05,GBR.1.12.1.22_1,0.6795096322241682,0.9745891442038537
2024,05,GBR.1.12.1.23_1,0.7232924693520141,0.9847456524402634
2024,05,GBR.1.12.1.24_1,0.6812609457092821,0.975046665549911
2024,05,GBR.1.12.1.25_1,0.7040280210157619,0.9806038955664005
2024,05,GBR.1.12.1.26_1,0.7110332749562173,0.9821690282227392
2024,05,GBR.1.12.1.27_1,0.6584938704028022,0.9687600322061186
2024,05,GBR.1.12.1.28_1,0.6725043782837129,0.9727157858285225
2024,05,GBR.1.12.1.29_1,0.7285464098073555,0.9857869952479592
2024,05,GBR.1.12.1.3_1,0.7110332749562173,0.9821690282227392
2024,05,GBR.1.12.1.30_1,0.6952714535901927,0.97855199146494
2024,05,GBR.1.12.1.31_1,0.6760070052539405,0.9736611320166786
2024,05,GBR.1.12.1.32_1,0.6882661996497373,0.976833660353696
2024,05,GBR.1.12.1.33_1,0.7373029772329247,0.987439112046915
2024,05,GBR.1.12.1.4_1,0.6812609457092821,0.975046665549911
2024,05,GBR.1.12.1.5_1,0.6795096322241682,0.9745891442038537
2024,05,GBR.1.12.1.6_1,0.6935201401050789,0.9781288258711119
2024,05,GBR.1.12.1.7_1,0.6917688266199651,0.9777013859047148
2024,05,GBR.1.12.1.8_1,0.7232924693520141,0.9847456524402634
2024,05,GBR.1.12.1.9_1,0.6847635726795097,0.9759487691472335
2024,05,GBR.1.13.1.1_1,0.6409807355516638,0.9634189120003821
2024,05,GBR.1.13.1.11_1,0.6619964973730298,0.9697752316903129
2024,05,GBR.1.13.1.16_1,0.7302977232924693,0.9861257526299574
2024,05,GBR.1.13.1.18_1,0.6760070052539405,0.9736611320166786
2024,05,GBR.1.13.1.20_1,0.7040280210157619,0.9806038955664005
2024,05,GBR.1.13.1.21_1,0.7092819614711035,0.9817840903172144
2024,05,GBR.1.13.1.27_1,0.7040280210157619,0.9806038955664005
2024,05,GBR.1.13.1.7_1,0.7145359019264449,0.9829262434180909
2024,05,GBR.1.13.2.11_1,0.6970227670753065,0.9789708882290628
2024,05,GBR.1.13.2.13_1,0.6760070052539405,0.9736611320166786
2024,05,GBR.1.13.2.15_1,0.6847635726795097,0.9759487691472335
2024,05,GBR.1.13.2.2_1,0.6900175131348513,0.9772696659571503
2024,05,GBR.1.13.2.20_1,0.6725043782837129,0.9727157858285225
2024,05,GBR.1.13.2.8_1,0.6462346760070053,0.965067873260736
2024,05,GBR.1.13.2.9_1,0.6900175131348513,0.9772696659571503
2024,05,GBR.1.13.3.10_1,0.7408056042031524,0.9880708476622514
2024,05,GBR.1.13.3.11_1,0.6637478108581437,0.970276249322841
2024,05,GBR.1.13.3.13_1,0.660245183887916,0.9692698282728087
2024,05,GBR.1.13.3.14_1,0.6830122591943959,0.9754998718605759
2024,05,GBR.1.13.3.3_1,0.6900175131348513,0.9772696659571503
2024,05,GBR.1.13.3.4_1,0.6812609457092821,0.975046665549911
2024,05,GBR.1.13.4.12_1,0.6427320490367776,0.9639730286683336
2024,05,GBR.1.13.4.13_1,0.6795096322241682,0.9745891442038537
2024,05,GBR.1.13.4.18_1,0.7618213660245184,0.9915139938498094
2024,05,GBR.1.13.4.19_1,0.6427320490367776,0.9639730286683336
2024,05,GBR.1.13.4.24_1,0.6882661996497373,0.976833660353696
2024,05,GBR.1.16.1.1_1,0.6812609457092821,0.975046665549911
2024,05,GBR.1.16.1.2_1,0.7110332749562173,0.9821690282227392
2024,05,GBR.1.16.1.3_1,0.6795096322241682,0.9745891442038537
2024,05,GBR.1.16.1.4_1,0.7145359019264449,0.9829262434180909
2024,05,GBR.1.16.2.1_1,0.6812609457092821,0.975046665549911
2024,05,GBR.1.16.2.10_1,0.7267950963222417,0.9854440623394105
2024,05,GBR.1.16.2.11_1,0.7040280210157619,0.9806038955664005
2024,05,GBR.1.16.2.12_1,0.6970227670753065,0.9789708882290628
2024,05,GBR.1.16.2.13_1,0.6777583187390543,0.9741273017424364
2024,05,GBR.1.16.2.14_1,0.6987740805604205,0.9793855216409929
2024,05,GBR.1.16.2.15_1,0.7040280210157619,0.9806038955664005
2024,05,GBR.1.16.2.16_1,0.6987740805604205,0.9793855216409929
2024,05,GBR.1.16.2.17_1,0.7040280210157619,0.9806038955664005
2024,05,GBR.1.16.2.18_1,0.7460595446584939,0.9889873608899156
2024,05,GBR.1.16.2.2_1,0.7145359019264449,0.9829262434180909
2024,05,GBR.1.16.2.3_1,0.7863397548161122,0.9947843987518099
2024,05,GBR.1.16.2.4_1,0.7653239929947461,0.9920302414745228
2024,05,GBR.1.16.2.5_1,0.7215411558669002,0.9843901665498289
2024,05,GBR.1.16.2.6_1,0.7408056042031524,0.9880708476622514
2024,05,GBR.1.16.2.7_1,0.7215411558669002,0.9843901665498289
2024,05,GBR.1.16.2.8_1,0.7285464098073555,0.9857869952479592
2024,05,GBR.1.16.2.9_1,0.6795096322241682,0.9745891442038537
2024,05,GBR.1.16.3.1_1,0.7302977232924693,0.9861257526299574
2024,05,GBR.1.16.3.10_1,0.6777583187390543,0.9741273017424364
2024,05,GBR.1.16.3.11_1,0.7162872154115587,0.9832985304575615
2024,05,GBR.1.16.3.12_1,0.6952714535901927,0.97855199146494
2024,05,GBR.1.16.3.13_1,0.7057793345008757,0.9810015290507961
2024,05,GBR.1.16.3.14_1,0.712784588441331,0.9825497442877892
2024,05,GBR.1.16.3.15_1,0.7180385288966725,0.983666610188635
2024,05,GBR.1.16.3.16_1,0.7005253940455343,0.9797958971132712
2024,05,GBR.1.16.3.17_1,0.7040280210157619,0.9806038955664005
2024,05,GBR.1.16.3.18_1,0.76707530647986,0.9922822179198819
2024,05,GBR.1.16.3.19_1,0.6742556917688267,0.9731906288081488
2024,05,GBR.1.16.3.2_1,0.7215411558669002,0.9843901665498289
2024,05,GBR.1.16.3.20_1,0.7232924693520141,0.9847456524402634
2024,05,GBR.1.16.3.3_1,0.7425569176882663,0.9883804935347521
2024,05,GBR.1.16.3.4_1,0.6830122591943959,0.9754998718605759
2024,05,GBR.1.16.3.5_1,0.7110332749562173,0.9821690282227392
2024,05,GBR.1.16.3.6_1,0.712784588441331,0.9825497442877892
2024,05,GBR.1.16.3.7_1,0.7022767075306481,0.9802020199938377
2024,05,GBR.1.16.3.8_1,0.7513134851138354,0.9898666576867816
2024,05,GBR.1.16.3.9_1,0.6900175131348513,0.9772696659571503
2024,05,GBR.1.16.4.1_1,0.7092819614711035,0.9817840903172144
2024,05,GBR.1.16.4.10_1,0.7460595446584939,0.9889873608899156
2024,05,GBR.1.16.4.11_1,0.7408056042031524,0.9880708476622514
2024,05,GBR.1.16.4.12_1,0.7390542907180385,0.9877570551507087
2024,05,GBR.1.16.4.13_1,0.6795096322241682,0.9745891442038537
2024,05,GBR.1.16.4.14_1,0.7513134851138354,0.9898666576867816
2024,05,GBR.1.16.4.15_1,0.7250437828371279,0.9850969495435462
2024,05,GBR.1.16.4.16_1,0.6795096322241682,0.9745891442038537
2024,05,GBR.1.16.4.17_1,0.7390542907180385,0.9877570551507087
2024,05,GBR.1.16.4.18_1,0.712784588441331,0.9825497442877892
2024,05,GBR.1.16.4.19_1,0.7530647985989493,0.990151503558925
2024,05,GBR.1.16.4.2_1,0.6917688266199651,0.9777013859047148
2024,05,GBR.1.16.4.20_1,0.7022767075306481,0.9802020199938377
2024,05,GBR.1.16.4.21_1,0.7057793345008757,0.9810015290507961
2024,05,GBR.1.16.4.22_1,0.6952714535901927,0.97855199146494
2024,05,GBR.1.16.4.23_1,0.7267950963222417,0.9854440623394105
2024,05,GBR.1.16.4.24_1,0.6882661996497373,0.976833660353696
2024,05,GBR.1.16.4.25_1,0.6760070052539405,0.9736611320166786
2024,05,GBR.1.16.4.26_1,0.7267950963222417,0.9854440623394105
2024,05,GBR.1.16.4.27_1,0.7075306479859896,0.9813949256033475
2024,05,GBR.1.16.4.3_1,0.6847635726795097,0.9759487691472335
2024,05,GBR.1.16.4.4_1,0.6935201401050789,0.9781288258711119
2024,05,GBR.1.16.4.5_1,0.6742556917688267,0.9731906288081488
2024,05,GBR.1.16.4.6_1,0.6760070052539405,0.9736611320166786
2024,05,GBR.1.16.4.7_1,0.7057793345008757,0.9810015290507961
2024,05,GBR.1.16.4.8_1,0.6917688266199651,0.9777013859047148
2024,05,GBR.1.16.4.9_1,0.660245183887916,0.9692698282728087
2024,05,GBR.1.16.5.1_1,0.7320490367775833,0.98646033878712025
2024,05,GBR.1.16.5.10_1,0.6970227670753065,0.9789708882290628
2024,05,GBR.1.16.5.11_1,0.6847635726795097,0.9759487691472335
2024,05,GBR.1.16.5.12_1,0.7005253940455343,0.9797958971132712
2024,05,GBR.1.16.5.13_1,0.7355516637478109,0.9871170143402452
2024,05,GBR.1.16.5.14_1,0.7092819614711035,0.9817840903172144
2024,05,GBR.1.16.5.15_1,0.7653239929947461,0.9920302414745228
2024,05,GBR.1.16.5.16_1,0.7600700525394046,0.9912497162672985
2024,05,GBR.1.16.5.17_1,0.7583187390542908,0.9909813318120578
2024,05,GBR.1.16.5.18_1,0.6882661996497373,0.976833660353696
2024,05,GBR.1.16.5.19_1,0.7513134851138354,0.9898666576867816
2024,05,GBR.1.16.5.2_1,0.7723292469352014,0.9930135950730987
2024,05,GBR.1.16.5.20_1,0.6882661996497373,0.976833660353696
2024,05,GBR.1.16.5.21_1,0.6795096322241682,0.9745891442038537
2024,05,GBR.1.16.5.22_1,0.7145359019264449,0.9829262434180909
2024,05,GBR.1.16.5.24_1,0.7933450087565675,0.9955721972815432
2024,05,GBR.1.16.5.26_1,0.7110332749562173,0.9821690282227392
2024,05,GBR.1.16.5.27_1,0.7232924693520141,0.9847456524402634
2024,05,GBR.1.16.5.28_1,0.7758318739054292,0.9934807496876826
2024,05,GBR.1.16.5.29_1,0.7075306479859896,0.9813949256033475
2024,05,GBR.1.16.5.3_1,0.8038528896672505,0.996632329397356
2024,05,GBR.1.16.5.30_1,0.7320490367775833,0.98646033878712025
2024,05,GBR.1.16.5.31_1,0.7215411558669002,0.9843901665498289
2024,05,GBR.1.16.5.32_1,0.7355516637478109,0.9871170143402452
2024,05,GBR.1.16.5.33_1,0.7513134851138354,0.9898666576867816
2024,05,GBR.1.16.5.34_1,0.7302977232924693,0.9861257526299574
2024,05,GBR.1.16.5.35_1,0.712784588441331,0.9825497442877892
2024,05,GBR.1.16.5.36_1,0.7162872154115587,0.9832985304575615
2024,05,GBR.1.16.5.37_1,0.6970227670753065,0.9789708882290628
2024,05,GBR.1.16.5.38_1,0.7635726795096323,0.9917741678426597
2024,05,GBR.1.16.5.39_1,0.7180385288966725,0.983666610188635
2024,05,GBR.1.16.5.4_1,0.7705779334500876,0.9927738916792685
2024,05,GBR.1.16.5.40_1,0.7443082311733801,0.9886859966642594
2024,05,GBR.1.16.5.41_1,0.7460595446584939,0.9889873608899156
2024,05,GBR.1.16.5.42_1,0.7425569176882663,0.9883804935347521
2024,05,GBR.1.16.5.43_1,0.6900175131348513,0.9772696659571503
2024,05,GBR.1.16.5.44_1,0.7110332749562173,0.9821690282227392
2024,05,GBR.1.16.5.45_1,0.7600700525394046,0.9912497162672985
2024,05,GBR.1.16.5.46_1,0.7005253940455343,0.9797958971132712
2024,05,GBR.1.16.5.5_1,0.7845884413309984,0.9945772971468834
2024,05,GBR.1.16.5.6_1,0.7810858143607706,0.9941508939793798
2024,05,GBR.1.16.5.7_1,0.7285464098073555,0.9857869952479592
2024,05,GBR.1.16.5.8_1,0.76707530647986,0.9922822179198819
2024,05,GBR.1.16.5.9_1,0.7600700525394046,0.9912497162672985
2024,05,GBR.1.16.6.1_1,0.6917688266199651,0.9777013859047148
2024,05,GBR.1.16.6.10_1,0.7232924693520141,0.9847456524402634
2024,05,GBR.1.16.6.11_1,0.7425569176882663,0.9883804935347521
2024,05,GBR.1.16.6.12_1,0.7565674255691769,0.9907088371464141
2024,05,GBR.1.16.6.13_1,0.7618213660245184,0.9915139938498094
2024,05,GBR.1.16.6.14_1,0.7162872154115587,0.9832985304575615
2024,05,GBR.1.16.6.15_1,0.7373029772329247,0.987439112046915
2024,05,GBR.1.16.6.16_1,0.7530647985989493,0.990151503558925
2024,05,GBR.1.16.6.17_1,0.7040280210157619,0.9806038955664005
2024,05,GBR.1.16.6.18_1,0.6900175131348513,0.9772696659571503
2024,05,GBR.1.16.6.19_1,0.7040280210157619,0.9806038955664005
2024,05,GBR.1.16.6.2_1,0.6987740805604205,0.9793855216409929
2024,05,GBR.1.16.6.20_1,0.6952714535901927,0.97855199146494
2024,05,GBR.1.16.6.21_1,0.6917688266199651,0.9777013859047148
2024,05,GBR.1.16.6.22_1,0.788091068301226,0.99498743710662
2024,05,GBR.1.16.6.23_1,0.7005253940455343,0.9797958971132712
2024,05,GBR.1.16.6.24_1,0.7373029772329247,0.987439112046915
2024,05,GBR.1.16.6.25_1,0.7460595446584939,0.9889873608899156
2024,05,GBR.1.16.6.26_1,0.7600700525394046,0.9912497162672985
2024,05,GBR.1.16.6.27_1,0.7443082311733801,0.9886859966642594
2024,05,GBR.1.16.6.28_1,0.6830122591943959,0.9754998718605759
2024,05,GBR.1.16.6.29_1,0.7145359019264449,0.9829262434180909
2024,05,GBR.1.16.6.3_1,0.7092819614711035,0.9817840903172144
2024,05,GBR.1.16.6.30_1,0.6952714535901927,0.97855199146494
2024,05,GBR.1.16.6.31_1,0.6760070052539405,0.9736611320166786
2024,05,GBR.1.16.6.32_1,0.7197898423817863,0.9840304873325826
2024,05,GBR.1.16.6.33_1,0.7302977232924693,0.9861257526299574
2024,05,GBR.1.16.6.34_1,0.7092819614711035,0.9817840903172144
2024,05,GBR.1.16.6.35_1,0.7215411558669002,0.9843901665498289
2024,05,GBR.1.16.6.36_1,0.7022767075306481,0.9802020199938377
2024,05,GBR.1.16.6.37_1,0.6760070052539405,0.9736611320166786
2024,05,GBR.1.16.6.38_1,0.7460595446584939,0.9889873608899156
2024,05,GBR.1.16.6.39_1,0.7373029772329247,0.987439112046915
2024,05,GBR.1.16.6.4_1,0.7180385288966725,0.983666610188635
2024,05,GBR.1.16.6.40_1,0.7215411558669002,0.9843901665498289
2024,05,GBR.1.16.6.5_1,0.7145359019264449,0.9829262434180909
2024,05,GBR.1.16.6.6_1,0.6812609457092821,0.975046665549911
2024,05,GBR.1.16.6.7_1,0.6935201401050789,0.9781288258711119
2024,05,GBR.1.16.6.8_1,0.7232924693520141,0.9847456524402634
2024,05,GBR.1.16.6.9_1,0.7197898423817863,0.9840304873325826
2024,05,GBR.1.17.1.15_1,0.7285464098073555,0.9857869952479592
2024,05,GBR.1.17.1.17_1,0.7250437828371279,0.9850969495435462
2024,05,GBR.1.17.1.2_1,0.7390542907180385,0.9877570551507087
2024,05,GBR.1.17.1.23_1,0.7215411558669002,0.9843901665498289
2024,05,GBR.1.17.1.25_1,0.7355516637478109,0.9871170143402452
2024,05,GBR.1.17.1.26_1,0.7390542907180385,0.9877570551507087
2024,05,GBR.1.17.1.29_1,0.6970227670753065,0.9789708882290628
2024,05,GBR.1.17.1.33_1,0.6865148861646235,0.9763933633531108
2024,05,GBR.1.17.1.7_1,0.7040280210157619,0.9806038955664005
2024,05,GBR.1.17.1.8_1,0.7215411558669002,0.9843901665498289
2024,05,GBR.1.18.1.1_1,0.6917688266199651,0.9777013859047148
2024,05,GBR.1.18.1.10_1,0.7355516637478109,0.9871170143402452
2024,05,GBR.1.18.1.11_1,0.7110332749562173,0.9821690282227392
2024,05,GBR.1.18.1.12_1,0.7180385288966725,0.983666610188635
2024,05,GBR.1.18.1.13_1,0.7005253940455343,0.9797958971132712
2024,05,GBR.1.18.1.14_1,0.7408056042031524,0.9880708476622514
2024,05,GBR.1.18.1.15_1,0.7110332749562173,0.9821690282227392
2024,05,GBR.1.18.1.16_1,0.7092819614711035,0.9817840903172144
2024,05,GBR.1.18.1.17_1,0.6952714535901927,0.97855199146494
2024,05,GBR.1.18.1.18_1,0.7530647985989493,0.990151503558925
2024,05,GBR.1.18.1.19_1,0.6672504378283713,0.9712651543219287
2024,05,GBR.1.18.1.2_1,0.7267950963222417,0.9854440623394105
2024,05,GBR.1.18.1.20_1,0.7302977232924693,0.9861257526299574
2024,05,GBR.1.18.1.21_1,0.7513134851138354,0.9898666576867816
2024,05,GBR.1.18.1.22_1,0.7005253940455343,0.9797958971132712
2024,05,GBR.1.18.1.23_1,0.7390542907180385,0.9877570551507087
2024,05,GBR.1.18.1.24_1,0.7320490367775833,0.98646033878712025
2024,05,GBR.1.18.1.25_1,0.6970227670753065,0.9789708882290628
2024,05,GBR.1.18.1.26_1,0.712784588441331,0.9825497442877892
2024,05,GBR.1.18.1.27_1,0.7022767075306481,0.9802020199938377
2024,05,GBR.1.18.1.28_1,0.6882661996497373,0.976833660353696
2024,05,GBR.1.18.1.29_1,0.7057793345008757,0.9810015290507961
2024,05,GBR.1.18.1.3_1,0.7267950963222417,0.9854440623394105
2024,05,GBR.1.18.1.30_1,0.7285464098073555,0.9857869952479592
2024,05,GBR.1.18.1.31_1,0.6917688266199651,0.9777013859047148
2024,05,GBR.1.18.1.32_1,0.6812609457092821,0.975046665549911
2024,05,GBR.1.18.1.33_1,0.6830122591943959,0.9754998718605759
2024,05,GBR.1.18.1.34_1,0.6654991243432575,0.9707728879609279
2024,05,GBR.1.18.1.35_1,0.7250437828371279,0.9850969495435462
2024,05,GBR.1.18.1.36_1,0.6970227670753065,0.9789708882290628
2024,05,GBR.1.18.1.37_1,0.6952714535901927,0.97855199146494
2024,05,GBR.1.18.1.38_1,0.6917688266199651,0.9777013859047148
2024,05,GBR.1.18.1.39_1,0.6760070052539405,0.9736611320166786
2024,05,GBR.1.18.1.4_1,0.6760070052539405,0.9736611320166786
2024,05,GBR.1.18.1.40_1,0.6952714535901927,0.97855199146494
2024,05,GBR.1.18.1.41_1,0.6234676007005254,0.9576304088739037
2024,05,GBR.1.18.1.42_1,0.7513134851138354,0.9898666576867816
2024,05,GBR.1.18.1.43_1,0.7075306479859896,0.9813949256033475
2024,05,GBR.1.18.1.44_1,0.7215411558669002,0.9843901665498289
2024,05,GBR.1.18.1.45_1,0.712784588441331,0.9825497442877892
2024,05,GBR.1.18.1.46_1,0.7180385288966725,0.983666610188635
2024,05,GBR.1.18.1.47_1,0.7338003502626971,0.986790757962396
2024,05,GBR.1.18.1.48_1,0.7495621716287216,0.9895776877031939
2024,05,GBR.1.18.1.49_1,0.7145359019264449,0.9829262434180909
2024,05,GBR.1.18.1.5_1,0.7232924693520141,0.9847456524402634
2024,05,GBR.1.18.1.50_1,0.7005253940455343,0.9797958971132712
2024,05,GBR.1.18.1.51_1,0.7355516637478109,0.9871170143402452
2024,05,GBR.1.18.1.52_1,0.7092819614711035,0.9817840903172144
2024,05,GBR.1.18.1.53_1,0.7057793345008757,0.9810015290507961
2024,05,GBR.1.18.1.54_1,0.6987740805604205,0.9793855216409929
2024,05,GBR.1.18.1.6_1,0.6690017513134852,0.9717530550505102
2024,05,GBR.1.18.1.7_1,0.6865148861646235,0.9763933633531108
2024,05,GBR.1.18.1.8_1,0.7600700525394046,0.9912497162672985
2024,05,GBR.1.18.1.9_1,0.7005253940455343,0.9797958971132712
2024,05,GBR.1.19.1.1_1,0.7057793345008757,0.9810015290507961
2024,05,GBR.1.19.1.10_1,0.6900175131348513,0.9772696659571503
2024,05,GBR.1.19.1.11_1,0.7513134851138354,0.9898666576867816
2024,05,GBR.1.19.1.12_1,0.7075306479859896,0.9813949256033475
2024,05,GBR.1.19.1.13_1,0.7092819614711035,0.9817840903172144
2024,05,GBR.1.19.1.15_1,0.7285464098073555,0.9857869952479592
2024,05,GBR.1.19.1.16_1,0.7022767075306481,0.9802020199938377
2024,05,GBR.1.19.1.17_1,0.6427320490367776,0.9639730286683336
2024,05,GBR.1.19.1.18_1,0.7232924693520141,0.9847456524402634
2024,05,GBR.1.19.1.19_1,0.7267950963222417,0.9854440623394105
2024,05,GBR.1.19.1.2_1,0.7548161120840631,0.9904322288778774
2024,05,GBR.1.19.1.20_1,0.7267950963222417,0.9854440623394105
2024,05,GBR.1.19.1.21_1,0.7600700525394046,0.9912497162672985
2024,05,GBR.1.19.1.23_1,0.7075306479859896,0.9813949256033475
2024,05,GBR.1.19.1.24_1,0.7267950963222417,0.9854440623394105
2024,05,GBR.1.19.1.25_1,0.6917688266199651,0.9777013859047148
2024,05,GBR.1.19.1.26_1,0.7197898423817863,0.9840304873325826
2024,05,GBR.1.19.1.27_1,0.7145359019264449,0.9829262434180909
2024,05,GBR.1.19.1.29_1,0.7267950963222417,0.9854440623394105
2024,05,GBR.1.19.1.3_1,0.7285464098073555,0.9857869952479592
2024,05,GBR.1.19.1.30_1,0.6462346760070053,0.965067873260736
2024,05,GBR.1.19.1.31_1,0.7215411558669002,0.9843901665498289
2024,05,GBR.1.19.1.33_1,0.7285464098073555,0.9857869952479592
2024,05,GBR.1.19.1.34_1,0.7267950963222417,0.9854440623394105
2024,05,GBR.1.19.1.38_1,0.7267950963222417,0.9854440623394105
2024,05,GBR.1.19.1.39_1,0.7513134851138354,0.9898666576867816
2024,05,GBR.1.19.1.4_1,0.7425569176882663,0.9883804935347521
2024,05,GBR.1.19.1.40_1,0.7320490367775833,0.98646033878712025
2024,05,GBR.1.19.1.41_1,0.7478108581436077,0.9892845899942038
2024,05,GBR.1.19.1.42_1,0.7267950963222417,0.9854440623394105
2024,05,GBR.1.19.1.45_1,0.712784588441331,0.9825497442877892
2024,05,GBR.1.19.1.46_1,0.6672504378283713,0.9712651543219287
2024,05,GBR.1.19.1.47_1,0.6952714535901927,0.97855199146494
2024,05,GBR.1.19.1.5_1,0.6619964973730298,0.9697752316903129
2024,05,GBR.1.19.1.6_1,0.712784588441331,0.9825497442877892
2024,05,GBR.1.19.1.9_1,0.7057793345008757,0.9810015290507961
2024,05,GBR.1.2.1.1_1,0.7425569176882663,0.9883804935347521
2024,05,GBR.1.2.1.10_1,0.6847635726795097,0.9759487691472335
2024,05,GBR.1.2.1.11_1,0.7250437828371279,0.9850969495435462
2024,05,GBR.1.2.1.12_1,0.6619964973730298,0.9697752316903129
2024,05,GBR.1.2.1.13_1,0.7075306479859896,0.9813949256033475
2024,05,GBR.1.2.1.14_1,0.6760070052539405,0.9736611320166786
2024,05,GBR.1.2.1.15_1,0.7162872154115587,0.9832985304575615
2024,05,GBR.1.2.1.16_1,0.6952714535901927,0.97855199146494
2024,05,GBR.1.2.1.17_1,0.6935201401050789,0.9781288258711119
2024,05,GBR.1.2.1.18_1,0.6882661996497373,0.976833660353696
2024,05,GBR.1.2.1.19_1,0.6847635726795097,0.9759487691472335
2024,05,GBR.1.2.1.2_1,0.7040280210157619,0.9806038955664005
2024,05,GBR.1.2.1.20_1,0.6760070052539405,0.9736611320166786
2024,05,GBR.1.2.1.21_1,0.6970227670753065,0.9789708882290628
2024,05,GBR.1.2.1.22_1,0.7005253940455343,0.9797958971132712
2024,05,GBR.1.2.1.23_1,0.6549912434325745,0.9677272342969376
2024,05,GBR.1.2.1.24_1,0.6672504378283713,0.9712651543219287
2024,05,GBR.1.2.1.25_1,0.7022767075306481,0.9802020199938377
2024,05,GBR.1.2.1.26_1,0.7355516637478109,0.9871170143402452
2024,05,GBR.1.2.1.27_1,0.6654991243432575,0.9707728879609279
2024,05,GBR.1.2.1.28_1,0.6987740805604205,0.9793855216409929
2024,05,GBR.1.2.1.29_1,0.7057793345008757,0.9810015290507961
2024,05,GBR.1.2.1.3_1,0.6637478108581437,0.970276249322841
2024,05,GBR.1.2.1.30_1,0.7600700525394046,0.9912497162672985
2024,05,GBR.1.2.1.31_1,0.7495621716287216,0.9895776877031939
2024,05,GBR.1.2.1.32_1,0.6742556917688267,0.9731906288081488
2024,05,GBR.1.2.1.33_1,0.6812609457092821,0.975046665549911
2024,05,GBR.1.2.1.34_1,0.7513134851138354,0.9898666576867816
2024,05,GBR.1.2.1.35_1,0.7215411558669002,0.9843901665498289
2024,05,GBR.1.2.1.36_1,0.7302977232924693,0.9861257526299574
2024,05,GBR.1.2.1.37_1,0.6882661996497373,0.976833660353696
2024,05,GBR.1.2.1.4_1,0.7338003502626971,0.986790757962396
2024,05,GBR.1.2.1.5_1,0.6952714535901927,0.97855199146494
2024,05,GBR.1.2.1.6_1,0.7267950963222417,0.9854440623394105
2024,05,GBR.1.2.1.7_1,0.6637478108581437,0.970276249322841
2024,05,GBR.1.2.1.8_1,0.6795096322241682,0.9745891442038537
2024,05,GBR.1.2.1.9_1,0.6742556917688267,0.9731906288081488
2024,05,GBR.1.20.1.1_1,0.7040280210157619,0.9806038955664005
2024,05,GBR.1.20.1.10_1,0.7040280210157619,0.9806038955664005
2024,05,GBR.1.20.1.100_1,0.6532399299474606,0.9672042183530839
2024,05,GBR.1.20.1.101_1,0.7373029772329247,0.987439112046915
2024,05,GBR.1.20.1.102_1,0.7215411558669002,0.9843901665498289
2024,05,GBR.1.20.1.105_1,0.7215411558669002,0.9843901665498289
2024,05,GBR.1.20.1.106_1,0.6795096322241682,0.9745891442038537
2024,05,GBR.1.20.1.107_1,0.7180385288966725,0.983666610188635
2024,05,GBR.1.20.1.108_1,0.7425569176882663,0.9883804935347521
2024,05,GBR.1.20.1.109_1,0.7495621716287216,0.9895776877031939
2024,05,GBR.1.20.1.11_1,0.6865148861646235,0.9763933633531108
2024,05,GBR.1.20.1.110_1,0.7040280210157619,0.9806038955664005
2024,05,GBR.1.20.1.111_1,0.7285464098073555,0.9857869952479592
2024,05,GBR.1.20.1.112_1,0.7040280210157619,0.9806038955664005
2024,05,GBR.1.20.1.113_1,0.6830122591943959,0.9754998718605759
2024,05,GBR.1.20.1.114_1,0.7565674255691769,0.9907088371464141
2024,05,GBR.1.20.1.117_1,0.6952714535901927,0.97855199146494
2024,05,GBR.1.20.1.118_1,0.7180385288966725,0.983666610188635
2024,05,GBR.1.20.1.119_1,0.7600700525394046,0.9912497162672985
2024,05,GBR.1.20.1.12_1,0.7005253940455343,0.9797958971132712
2024,05,GBR.1.20.1.120_1,0.7197898423817863,0.9840304873325826
2024,05,GBR.1.20.1.121_1,0.7408056042031524,0.9880708476622514
2024,05,GBR.1.20.1.122_1,0.7443082311733801,0.9886859966642594
2024,05,GBR.1.20.1.123_1,0.6339754816112084,0.9611576353543679
2024,05,GBR.1.20.1.13_1,0.7057793345008757,0.9810015290507961
2024,05,GBR.1.20.1.14_1,0.7110332749562173,0.9821690282227392
2024,05,GBR.1.20.1.15_1,0.7373029772329247,0.987439112046915
2024,05,GBR.1.20.1.16_1,0.6584938704028022,0.9687600322061186
2024,05,GBR.1.20.1.17_1,0.7215411558669002,0.9843901665498289
2024,05,GBR.1.20.1.18_1,0.7092819614711035,0.9817840903172144
2024,05,GBR.1.20.1.19_1,0.7180385288966725,0.983666610188635
2024,05,GBR.1.20.1.2_1,0.7320490367775833,0.98646033878712025
2024,05,GBR.1.20.1.20_1,0.712784588441331,0.9825497442877892
2024,05,GBR.1.20.1.21_1,0.7495621716287216,0.9895776877031939
2024,05,GBR.1.20.1.22_1,0.7110332749562173,0.9821690282227392
2024,05,GBR.1.20.1.23_1,0.7320490367775833,0.98646033878712025
2024,05,GBR.1.20.1.24_1,0.6830122591943959,0.9754998718605759
2024,05,GBR.1.20.1.25_1,0.7478108581436077,0.9892845899942038
2024,05,GBR.1.20.1.26_1,0.6952714535901927,0.97855199146494
2024,05,GBR.1.20.1.27_1,0.7005253940455343,0.9797958971132712
2024,05,GBR.1.20.1.28_1,0.7285464098073555,0.9857869952479592
2024,05,GBR.1.20.1.29_1,0.7600700525394046,0.9912497162672985
2024,05,GBR.1.20.1.3_1,0.6952714535901927,0.97855199146494
2024,05,GBR.1.20.1.30_1,0.7285464098073555,0.9857869952479592
2024,05,GBR.1.20.1.31_1,0.6900175131348513,0.9772696659571503
2024,05,GBR.1.20.1.32_1,0.6952714535901927,0.97855199146494
2024,05,GBR.1.20.1.33_1,0.7145359019264449,0.9829262434180909
2024,05,GBR.1.20.1.35_1,0.7057793345008757,0.9810015290507961
2024,05,GBR.1.20.1.36_1,0.7968476357267952,0.9959417653658269
2024,05,GBR.1.20.1.37_1,0.7232924693520141,0.9847456524402634
2024,05,GBR.1.20.1.38_1,0.670753064798599,0.9722365967191319
2024,05,GBR.1.20.1.39_1,0.670753064798599,0.9722365967191319
2024,05,GBR.1.20.1.4_1,0.7390542907180385,0.9877570551507087
2024,05,GBR.1.20.1.40_1,0.7425569176882663,0.9883804935347521
2024,05,GBR.1.20.1.41_1,0.7355516637478109,0.9871170143402452
2024,05,GBR.1.20.1.42_1,0.6882661996497373,0.976833660353696
2024,05,GBR.1.20.1.43_1,0.7460595446584939,0.9889873608899156
2024,05,GBR.1.20.1.44_1,0.7057793345008757,0.9810015290507961
2024,05,GBR.1.20.1.45_1,0.6777583187390543,0.9741273017424364
2024,05,GBR.1.20.1.46_1,0.6952714535901927,0.97855199146494
2024,05,GBR.1.20.1.47_1,0.7005253940455343,0.9797958971132712
2024,05,GBR.1.20.1.48_1,0.7267950963222417,0.9854440623394105
2024,05,GBR.1.20.1.49_1,0.7215411558669002,0.9843901665498289
2024,05,GBR.1.20.1.5_1,0.7583187390542908,0.9909813318120578
2024,05,GBR.1.20.1.50_1,0.7723292469352014,0.9930135950730987
2024,05,GBR.1.20.1.51_1,0.7600700525394046,0.9912497162672985
2024,05,GBR.1.20.1.52_1,0.6917688266199651,0.9777013859047148
2024,05,GBR.1.20.1.53_1,0.6795096322241682,0.9745891442038537
2024,05,GBR.1.20.1.54_1,0.7460595446584939,0.9889873608899156
2024,05,GBR.1.20.1.55_1,0.6952714535901927,0.97855199146494
2024,05,GBR.1.20.1.57_1,0.7057793345008757,0.9810015290507961
2024,05,GBR.1.20.1.58_1,0.7302977232924693,0.9861257526299574
2024,05,GBR.1.20.1.59_1,0.7320490367775833,0.98646033878712025
2024,05,GBR.1.20.1.60_1,0.7285464098073555,0.9857869952479592
2024,05,GBR.1.20.1.65_1,0.6637478108581437,0.970276249322841
2024,05,GBR.1.20.1.66_1,0.7005253940455343,0.9797958971132712
2024,05,GBR.1.20.1.67_1,0.7635726795096323,0.9917741678426597
2024,05,GBR.1.20.1.68_1,0.7285464098073555,0.9857869952479592
2024,05,GBR.1.20.1.69_1,0.7565674255691769,0.9907088371464141
2024,05,GBR.1.20.1.7_1,0.7373029772329247,0.987439112046915
2024,05,GBR.1.20.1.70_1,0.7215411558669002,0.9843901665498289
2024,05,GBR.1.20.1.73_1,0.6970227670753065,0.9789708882290628
2024,05,GBR.1.20.1.74_1,0.7653239929947461,0.9920302414745228
2024,05,GBR.1.20.1.75_1,0.7040280210157619,0.9806038955664005
2024,05,GBR.1.20.1.77_1,0.7373029772329247,0.987439112046915
2024,05,GBR.1.20.1.78_1,0.7373029772329247,0.987439112046915
2024,05,GBR.1.20.1.79_1,0.7618213660245184,0.9915139938498094
2024,05,GBR.1.20.1.8_1,0.712784588441331,0.9825497442877892
2024,05,GBR.1.20.1.80_1,0.6882661996497373,0.976833660353696
2024,05,GBR.1.20.1.81_1,0.7583187390542908,0.9909813318120578
2024,05,GBR.1.20.1.82_1,0.7653239929947461,0.9920302414745228
2024,05,GBR.1.20.1.83_1,0.788091068301226,0.99498743710662
2024,05,GBR.1.20.1.84_1,0.7320490367775833,0.98646033878712025
2024,05,GBR.1.20.1.86_1,0.6917688266199651,0.9777013859047148
2024,05,GBR.1.20.1.88_1,0.7495621716287216,0.9895776877031939
2024,05,GBR.1.20.1.89_1,0.7057793345008757,0.9810015290507961
2024,05,GBR.1.20.1.9_1,0.712784588441331,0.9825497442877892
2024,05,GBR.1.20.1.90_1,0.7443082311733801,0.9886859966642594
2024,05,GBR.1.20.1.91_1,0.7162872154115587,0.9832985304575615
2024,05,GBR.1.20.1.93_1,0.7320490367775833,0.98646033878712025
2024,05,GBR.1.20.1.94_1,0.7495621716287216,0.9895776877031939
2024,05,GBR.1.20.1.95_1,0.7758318739054292,0.9934807496876826
2024,05,GBR.1.20.1.96_1,0.7022767075306481,0.9802020199938377
2024,05,GBR.1.20.1.97_1,0.7373029772329247,0.987439112046915
2024,05,GBR.1.20.1.98_1,0.7092819614711035,0.9817840903172144
2024,05,GBR.1.20.1.99_1,0.7373029772329247,0.987439112046915
2024,05,GBR.1.21.1.1_1,0.7092819614711035,0.9817840903172144
2024,05,GBR.1.21.1.12_1,0.7145359019264449,0.9829262434180909
2024,05,GBR.1.21.1.13_1,0.660245183887916,0.9692698282728087
2024,05,GBR.1.21.1.16_1,0.7443082311733801,0.9886859966642594
2024,05,GBR.1.21.1.2_1,0.7355516637478109,0.9871170143402452
2024,05,GBR.1.21.1.4_1,0.712784588441331,0.9825497442877892
2024,05,GBR.1.21.1.5_1,0.6882661996497373,0.976833660353696
2024,05,GBR.1.21.1.6_1,0.7005253940455343,0.9797958971132712
2024,05,GBR.1.21.1.7_1,0.712784588441331,0.9825497442877892
2024,05,GBR.1.22.1.16_1,0.6935201401050789,0.9781288258711119
2024,05,GBR.1.22.1.17_1,0.6865148861646235,0.9763933633531108
2024,05,GBR.1.22.1.23_1,0.7495621716287216,0.9895776877031939
2024,05,GBR.1.22.1.28_1,0.7443082311733801,0.9886859966642594
2024,05,GBR.1.22.1.29_1,0.76707530647986,0.9922822179198819
2024,05,GBR.1.22.1.30_1,0.7478108581436077,0.9892845899942038
2024,05,GBR.1.22.1.8_1,0.7057793345008757,0.9810015290507961
2024,05,GBR.1.22.2.3_1,0.7635726795096323,0.9917741678426597
2024,05,GBR.1.22.2.4_1,0.777583187390543,0.9937082066683358
2024,05,GBR.1.22.3.1_1,0.7355516637478109,0.9871170143402452
2024,05,GBR.1.22.3.10_1,0.7478108581436077,0.9892845899942038
2024,05,GBR.1.22.3.11_1,0.7425569176882663,0.9883804935347521
2024,05,GBR.1.22.3.12_1,0.6847635726795097,0.9759487691472335
2024,05,GBR.1.22.3.13_1,0.7425569176882663,0.9883804935347521
2024,05,GBR.1.22.3.14_1,0.7215411558669002,0.9843901665498289
2024,05,GBR.1.22.3.15_1,0.7863397548161122,0.9947843987518099
2024,05,GBR.1.22.3.16_1,0.6917688266199651,0.9777013859047148
2024,05,GBR.1.22.3.17_1,0.7057793345008757,0.9810015290507961
2024,05,GBR.1.22.3.18_1,0.7600700525394046,0.9912497162672985
2024,05,GBR.1.22.3.19_1,0.7390542907180385,0.9877570551507087
2024,05,GBR.1.22.3.2_1,0.7705779334500876,0.9927738916792685
2024,05,GBR.1.22.3.20_1,0.6847635726795097,0.9759487691472335
2024,05,GBR.1.22.3.21_1,0.7495621716287216,0.9895776877031939
2024,05,GBR.1.22.3.3_1,0.7513134851138354,0.9898666576867816
2024,05,GBR.1.22.3.4_1,0.712784588441331,0.9825497442877892
2024,05,GBR.1.22.3.5_1,0.7338003502626971,0.986790757962396
2024,05,GBR.1.22.3.6_1,0.7373029772329247,0.987439112046915
2024,05,GBR.1.22.3.7_1,0.7145359019264449,0.9829262434180909
2024,05,GBR.1.22.3.8_1,0.7425569176882663,0.9883804935347521
2024,05,GBR.1.22.3.9_1,0.7022767075306481,0.9802020199938377
2024,05,GBR.1.22.4.14_1,0.7057793345008757,0.9810015290507961
2024,05,GBR.1.22.4.22_1,0.8038528896672505,0.996632329397356
2024,05,GBR.1.22.4.29_1,0.7478108581436077,0.9892845899942038
2024,05,GBR.1.22.4.30_1,0.7565674255691769,0.9907088371464141
2024,05,GBR.1.22.4.5_1,0.7950963222416814,0.9957590069891409
2024,05,GBR.1.22.5.1_1,0.7408056042031524,0.9880708476622514
2024,05,GBR.1.22.5.10_1,0.7320490367775833,0.98646033878712025
2024,05,GBR.1.22.5.11_1,0.7092819614711035,0.9817840903172144
2024,05,GBR.1.22.5.12_1,0.7443082311733801,0.9886859966642594
2024,05,GBR.1.22.5.13_1,0.7600700525394046,0.9912497162672985
2024,05,GBR.1.22.5.14_1,0.7565674255691769,0.9907088371464141
2024,05,GBR.1.22.5.15_1,0.7408056042031524,0.9880708476622514
2024,05,GBR.1.22.5.16_1,0.7338003502626971,0.986790757962396
2024,05,GBR.1.22.5.17_1,0.7548161120840631,0.9904322288778774
2024,05,GBR.1.22.5.18_1,0.7250437828371279,0.9850969495435462
2024,05,GBR.1.22.5.19_1,0.7705779334500876,0.9927738916792685
2024,05,GBR.1.22.5.2_1,0.7460595446584939,0.9889873608899156
2024,05,GBR.1.22.5.20_1,0.7600700525394046,0.9912497162672985
2024,05,GBR.1.22.5.21_1,0.7162872154115587,0.9832985304575615
2024,05,GBR.1.22.5.22_1,0.7460595446584939,0.9889873608899156
2024,05,GBR.1.22.5.23_1,0.7758318739054292,0.9934807496876826
2024,05,GBR.1.22.5.24_1,0.7478108581436077,0.9892845899942038
2024,05,GBR.1.22.5.25_1,0.7355516637478109,0.9871170143402452
2024,05,GBR.1.22.5.3_1,0.7845884413309984,0.9945772971468834
2024,05,GBR.1.22.5.4_1,0.6952714535901927,0.97855199146494
2024,05,GBR.1.22.5.5_1,0.7793345008756568,0.993931587182941
2024,05,GBR.1.22.5.6_1,0.7495621716287216,0.9895776877031939
2024,05,GBR.1.22.5.7_1,0.7145359019264449,0.9829262434180909
2024,05,GBR.1.22.5.8_1,0.7618213660245184,0.9915139938498094
2024,05,GBR.1.22.5.9_1,0.7478108581436077,0.9892845899942038
2024,05,GBR.1.22.6.1_1,0.7530647985989493,0.990151503558925
2024,05,GBR.1.22.6.10_1,0.7390542907180385,0.9877570551507087
2024,05,GBR.1.22.6.11_1,0.7338003502626971,0.986790757962396
2024,05,GBR.1.22.6.12_1,0.7828371278458844,0.9943661297530201
2024,05,GBR.1.22.6.13_1,0.8091068301225921,0.9971078176406
2024,05,GBR.1.22.6.14_1,0.7215411558669002,0.9843901665498289
2024,05,GBR.1.22.6.15_1,0.7478108581436077,0.9892845899942038
2024,05,GBR.1.22.6.16_1,0.7092819614711035,0.9817840903172144
2024,05,GBR.1.22.6.17_1,0.7320490367775833,0.98646033878712025
2024,05,GBR.1.22.6.2_1,0.76707530647986,0.9922822179198819
2024,05,GBR.1.22.6.3_1,0.7635726795096323,0.9917741678426597
2024,05,GBR.1.22.6.4_1,0.7250437828371279,0.9850969495435462
2024,05,GBR.1.22.6.5_1,0.7740805604203153,0.9932492134404135
2024,05,GBR.1.22.6.6_1,0.8283712784588442,0.998540935565488
2024,05,GBR.1.22.6.7_1,0.7495621716287216,0.9895776877031939
2024,05,GBR.1.22.6.8_1,0.6952714535901927,0.97855199146494
2024,05,GBR.1.22.6.9_1,0.7232924693520141,0.9847456524402634
2024,05,GBR.1.23.1.1_1,0.7705779334500876,0.9927738916792685
2024,05,GBR.1.23.1.10_1,0.7548161120840631,0.9904322288778774
2024,05,GBR.1.23.1.11_1,0.7758318739054292,0.9934807496876826
2024,05,GBR.1.23.1.12_1,0.8056042031523644,0.996794863550169
2024,05,GBR.1.23.1.13_1,0.798598949211909,0.9961204746414963
2024,05,GBR.1.23.1.14_1,0.7635726795096323,0.9917741678426597
2024,05,GBR.1.23.1.15_1,0.8003502626970229,0.9962951369950573
2024,05,GBR.1.23.1.16_1,0.7705779334500876,0.9927738916792685
2024,05,GBR.1.23.1.17_1,0.7565674255691769,0.9907088371464141
2024,05,GBR.1.23.1.18_1,0.7355516637478109,0.9871170143402452
2024,05,GBR.1.23.1.19_1,0.7723292469352014,0.9930135950730987
2024,05,GBR.1.23.1.2_1,0.7495621716287216,0.9895776877031939
2024,05,GBR.1.23.1.20_1,0.7478108581436077,0.9892845899942038
2024,05,GBR.1.23.1.3_1,0.7933450087565675,0.9955721972815432
2024,05,GBR.1.23.1.4_1,0.7863397548161122,0.9947843987518099
2024,05,GBR.1.23.1.5_1,0.7338003502626971,0.986790757962396
2024,05,GBR.1.23.1.6_1,0.7443082311733801,0.9886859966642594
2024,05,GBR.1.23.1.7_1,0.7513134851138354,0.9898666576867816
2024,05,GBR.1.23.1.8_1,0.76707530647986,0.9922822179198819
2024,05,GBR.1.23.1.9_1,0.7390542907180385,0.9877570551507087
2024,05,GBR.1.25.1.15_1,0.7583187390542908,0.9909813318120578
2024,05,GBR.1.25.2.14_1,0.7040280210157619,0.9806038955664005
2024,05,GBR.1.25.2.15_1,0.7635726795096323,0.9917741678426597
2024,05,GBR.1.25.2.17_1,0.6830122591943959,0.9754998718605759
2024,05,GBR.1.25.2.18_1,0.6742556917688267,0.9731906288081488
2024,05,GBR.1.25.2.20_1,0.6847635726795097,0.9759487691472335
2024,05,GBR.1.25.2.26_1,0.7022767075306481,0.9802020199938377
2024,05,GBR.1.25.2.9_1,0.6847635726795097,0.9759487691472335
2024,05,GBR.1.25.5.1_1,0.7618213660245184,0.9915139938498094
2024,05,GBR.1.25.5.2_1,0.6532399299474606,0.9672042183530839
2024,05,GBR.1.25.5.3_1,0.7057793345008757,0.9810015290507961
2024,05,GBR.1.25.5.7_1,0.7320490367775833,0.98646033878712025
2024,05,GBR.1.25.6.18_1,0.7232924693520141,0.9847456524402634
2024,05,GBR.1.25.6.3_1,0.6865148861646235,0.9763933633531108
2024,05,GBR.1.25.8.12_1,0.7005253940455343,0.9797958971132712
2024,05,GBR.1.25.8.13_1,0.7110332749562173,0.9821690282227392
2024,05,GBR.1.25.8.16_1,0.7197898423817863,0.9840304873325826
2024,05,GBR.1.25.8.18_1,0.6987740805604205,0.9793855216409929
2024,05,GBR.1.25.8.19_1,0.670753064798599,0.9722365967191319
2024,05,GBR.1.25.8.20_1,0.7408056042031524,0.9880708476622514
2024,05,GBR.1.25.8.5_1,0.7565674255691769,0.9907088371464141
2024,05,GBR.1.25.8.6_1,0.7618213660245184,0.9915139938498094
2024,05,GBR.1.26.1.1_1,0.6742556917688267,0.9731906288081488
2024,05,GBR.1.26.1.10_1,0.7565674255691769,0.9907088371464141
2024,05,GBR.1.26.1.14_1,0.7565674255691769,0.9907088371464141
2024,05,GBR.1.26.1.15_1,0.7110332749562173,0.9821690282227392
2024,05,GBR.1.26.1.16_1,0.7162872154115587,0.9832985304575615
2024,05,GBR.1.26.1.17_1,0.6742556917688267,0.9731906288081488
2024,05,GBR.1.26.1.18_1,0.6847635726795097,0.9759487691472335
2024,05,GBR.1.26.1.19_1,0.7092819614711035,0.9817840903172144
2024,05,GBR.1.26.1.2_1,0.6865148861646235,0.9763933633531108
2024,05,GBR.1.26.1.20_1,0.6987740805604205,0.9793855216409929
2024,05,GBR.1.26.1.21_1,0.7285464098073555,0.9857869952479592
2024,05,GBR.1.26.1.22_1,0.7092819614711035,0.9817840903172144
2024,05,GBR.1.26.1.23_1,0.7302977232924693,0.9861257526299574
2024,05,GBR.1.26.1.24_1,0.7302977232924693,0.9861257526299574
2024,05,GBR.1.26.1.25_1,0.7250437828371279,0.9850969495435462
2024,05,GBR.1.26.1.26_1,0.7145359019264449,0.9829262434180909
2024,05,GBR.1.26.1.27_1,0.7530647985989493,0.990151503558925
2024,05,GBR.1.26.1.28_1,0.7583187390542908,0.9909813318120578
2024,05,GBR.1.26.1.29_1,0.7040280210157619,0.9806038955664005
2024,05,GBR.1.26.1.3_1,0.7197898423817863,0.9840304873325826
2024,05,GBR.1.26.1.30_1,0.7267950963222417,0.9854440623394105
2024,05,GBR.1.26.1.31_1,0.7635726795096323,0.9917741678426597
2024,05,GBR.1.26.1.32_1,0.7180385288966725,0.983666610188635
2024,05,GBR.1.26.1.4_1,0.7635726795096323,0.9917741678426597
2024,05,GBR.1.26.1.5_1,0.7373029772329247,0.987439112046915
2024,05,GBR.1.26.1.6_1,0.7075306479859896,0.9813949256033475
2024,05,GBR.1.26.1.7_1,0.7302977232924693,0.9861257526299574
2024,05,GBR.1.26.1.8_1,0.7197898423817863,0.9840304873325826
2024,05,GBR.1.26.1.9_1,0.6987740805604205,0.9793855216409929
2024,05,GBR.1.26.2.1_1,0.6987740805604205,0.9793855216409929
2024,05,GBR.1.26.2.10_1,0.7583187390542908,0.9909813318120578
2024,05,GBR.1.26.2.11_1,0.8091068301225921,0.9971078176406
2024,05,GBR.1.26.2.12_1,0.7495621716287216,0.9895776877031939
2024,05,GBR.1.26.2.13_1,0.7635726795096323,0.9917741678426597
2024,05,GBR.1.26.2.2_1,0.7460595446584939,0.9889873608899156
2024,05,GBR.1.26.2.3_1,0.7425569176882663,0.9883804935347521
2024,05,GBR.1.26.2.4_1,0.7425569176882663,0.9883804935347521
2024,05,GBR.1.26.2.5_1,0.6970227670753065,0.9789708882290628
2024,05,GBR.1.26.2.6_1,0.6987740805604205,0.9793855216409929
2024,05,GBR.1.26.2.7_1,0.7495621716287216,0.9895776877031939
2024,05,GBR.1.26.2.8_1,0.7162872154115587,0.9832985304575615
2024,05,GBR.1.26.2.9_1,0.7635726795096323,0.9917741678426597
2024,05,GBR.1.26.3.1_1,0.7600700525394046,0.9912497162672985
2024,05,GBR.1.26.3.10_1,0.7460595446584939,0.9889873608899156
2024,05,GBR.1.26.3.11_1,0.7075306479859896,0.9813949256033475
2024,05,GBR.1.26.3.12_1,0.7250437828371279,0.9850969495435462
2024,05,GBR.1.26.3.13_1,0.6987740805604205,0.9793855216409929
2024,05,GBR.1.26.3.14_1,0.7600700525394046,0.9912497162672985
2024,05,GBR.1.26.3.15_1,0.7618213660245184,0.9915139938498094
2024,05,GBR.1.26.3.16_1,0.7075306479859896,0.9813949256033475
2024,05,GBR.1.26.3.17_1,0.7495621716287216,0.9895776877031939
2024,05,GBR.1.26.3.18_1,0.7075306479859896,0.9813949256033475
2024,05,GBR.1.26.3.19_1,0.7355516637478109,0.9871170143402452
2024,05,GBR.1.26.3.2_1,0.712784588441331,0.9825497442877892
2024,05,GBR.1.26.3.20_1,0.7092819614711035,0.9817840903172144
2024,05,GBR.1.26.3.21_1,0.7005253940455343,0.9797958971132712
2024,05,GBR.1.26.3.22_1,0.7635726795096323,0.9917741678426597
2024,05,GBR.1.26.3.23_1,0.7005253940455343,0.9797958971132712
2024,05,GBR.1.26.3.24_1,0.7285464098073555,0.9857869952479592
2024,05,GBR.1.26.3.3_1,0.7005253940455343,0.9797958971132712
2024,05,GBR.1.26.3.4_1,0.7302977232924693,0.9861257526299574
2024,05,GBR.1.26.3.5_1,0.7758318739054292,0.9934807496876826
2024,05,GBR.1.26.3.6_1,0.7267950963222417,0.9854440623394105
2024,05,GBR.1.26.3.7_1,0.7338003502626971,0.986790757962396
2024,05,GBR.1.26.3.8_1,0.7302977232924693,0.9861257526299574
2024,05,GBR.1.26.3.9_1,0.7250437828371279,0.9850969495435462
2024,05,GBR.1.26.4.1_1,0.7583187390542908,0.9909813318120578
2024,05,GBR.1.26.4.10_1,0.7530647985989493,0.990151503558925
2024,05,GBR.1.26.4.11_1,0.7110332749562173,0.9821690282227392
2024,05,GBR.1.26.4.12_1,0.7425569176882663,0.9883804935347521
2024,05,GBR.1.26.4.13_1,0.7478108581436077,0.9892845899942038
2024,05,GBR.1.26.4.15_1,0.7758318739054292,0.9934807496876826
2024,05,GBR.1.26.4.16_1,0.7495621716287216,0.9895776877031939
2024,05,GBR.1.26.4.17_1,0.7478108581436077,0.9892845899942038
2024,05,GBR.1.26.4.18_1,0.8038528896672505,0.996632329397356
2024,05,GBR.1.26.4.19_1,0.7600700525394046,0.9912497162672985
2024,05,GBR.1.26.4.2_1,0.7810858143607706,0.9941508939793798
2024,05,GBR.1.26.4.20_1,0.7110332749562173,0.9821690282227392
2024,05,GBR.1.26.4.21_1,0.7057793345008757,0.9810015290507961
2024,05,GBR.1.26.4.22_1,0.7513134851138354,0.9898666576867816
2024,05,GBR.1.26.4.23_1,0.6777583187390543,0.9741273017424364
2024,05,GBR.1.26.4.24_1,0.7618213660245184,0.9915139938498094
2024,05,GBR.1.26.4.25_1,0.7425569176882663,0.9883804935347521
2024,05,GBR.1.26.4.26_1,0.7215411558669002,0.9843901665498289
2024,05,GBR.1.26.4.27_1,0.7320490367775833,0.98646033878712025
2024,05,GBR.1.26.4.3_1,0.6935201401050789,0.9781288258711119
2024,05,GBR.1.26.4.4_1,0.7302977232924693,0.9861257526299574
2024,05,GBR.1.26.4.5_1,0.7513134851138354,0.9898666576867816
2024,05,GBR.1.26.4.6_1,0.7530647985989493,0.990151503558925
2024,05,GBR.1.26.4.7_1,0.7390542907180385,0.9877570551507087
2024,05,GBR.1.26.4.8_1,0.7740805604203153,0.9932492134404135
2024,05,GBR.1.26.4.9_1,0.7110332749562173,0.9821690282227392
2024,05,GBR.1.26.5.1_1,0.7338003502626971,0.986790757962396
2024,05,GBR.1.26.5.10_1,0.7425569176882663,0.9883804935347521
2024,05,GBR.1.26.5.11_1,0.7355516637478109,0.9871170143402452
2024,05,GBR.1.26.5.12_1,0.7513134851138354,0.9898666576867816
2024,05,GBR.1.26.5.13_1,0.7338003502626971,0.986790757962396
2024,05,GBR.1.26.5.14_1,0.7548161120840631,0.9904322288778774
2024,05,GBR.1.26.5.15_1,0.76707530647986,0.9922822179198819
2024,05,GBR.1.26.5.16_1,0.7653239929947461,0.9920302414745228
2024,05,GBR.1.26.5.17_1,0.7565674255691769,0.9907088371464141
2024,05,GBR.1.26.5.18_1,0.7443082311733801,0.9886859966642594
2024,05,GBR.1.26.5.19_1,0.7495621716287216,0.9895776877031939
2024,05,GBR.1.26.5.2_1,0.7478108581436077,0.9892845899942038
2024,05,GBR.1.26.5.20_1,0.777583187390543,0.9937082066683358
2024,05,GBR.1.26.5.21_1,0.7320490367775833,0.98646033878712025
2024,05,GBR.1.26.5.22_1,0.712784588441331,0.9825497442877892
2024,05,GBR.1.26.5.3_1,0.7005253940455343,0.9797958971132712
2024,05,GBR.1.26.5.4_1,0.6865148861646235,0.9763933633531108
2024,05,GBR.1.26.5.5_1,0.7040280210157619,0.9806038955664005
2024,05,GBR.1.26.5.6_1,0.7232924693520141,0.9847456524402634
2024,05,GBR.1.26.5.7_1,0.7338003502626971,0.986790757962396
2024,05,GBR.1.26.5.8_1,0.7758318739054292,0.9934807496876826
2024,05,GBR.1.26.5.9_1,0.7320490367775833,0.98646033878712025
2024,05,GBR.1.26.6.1_1,0.8003502626970229,0.9962951369950573
2024,05,GBR.1.26.6.10_1,0.7215411558669002,0.9843901665498289
2024,05,GBR.1.26.6.11_1,0.7267950963222417,0.9854440623394105
2024,05,GBR.1.26.6.12_1,0.7618213660245184,0.9915139938498094
2024,05,GBR.1.26.6.13_1,0.8143607705779335,0.9975469913743412
2024,05,GBR.1.26.6.14_1,0.7548161120840631,0.9904322288778774
2024,05,GBR.1.26.6.15_1,0.712784588441331,0.9825497442877892
2024,05,GBR.1.26.6.16_1,0.7443082311733801,0.9886859966642594
2024,05,GBR.1.26.6.17_1,0.7513134851138354,0.9898666576867816
2024,05,GBR.1.26.6.18_1,0.7635726795096323,0.9917741678426597
2024,05,GBR.1.26.6.19_1,0.7110332749562173,0.9821690282227392
2024,05,GBR.1.26.6.2_1,0.7478108581436077,0.9892845899942038
2024,05,GBR.1.26.6.21_1,0.7548161120840631,0.9904322288778774
2024,05,GBR.1.26.6.22_1,0.7057793345008757,0.9810015290507961
2024,05,GBR.1.26.6.23_1,0.7460595446584939,0.9889873608899156
2024,05,GBR.1.26.6.24_1,0.7338003502626971,0.986790757962396
2024,05,GBR.1.26.6.25_1,0.777583187390543,0.9937082066683358
2024,05,GBR.1.26.6.3_1,0.7600700525394046,0.9912497162672985
2024,05,GBR.1.26.6.4_1,0.7583187390542908,0.9909813318120578
2024,05,GBR.1.26.6.5_1,0.7267950963222417,0.9854440623394105
2024,05,GBR.1.26.6.6_1,0.7338003502626971,0.986790757962396
2024,05,GBR.1.26.6.7_1,0.7355516637478109,0.9871170143402452
2024,05,GBR.1.26.6.8_1,0.7810858143607706,0.9941508939793798
2024,05,GBR.1.26.6.9_1,0.788091068301226,0.99498743710662
2024,05,GBR.1.26.7.1_1,0.7968476357267952,0.9959417653658269
2024,05,GBR.1.26.7.10_1,0.7267950963222417,0.9854440623394105
2024,05,GBR.1.26.7.11_1,0.7355516637478109,0.9871170143402452
2024,05,GBR.1.26.7.12_1,0.7232924693520141,0.9847456524402634
2024,05,GBR.1.26.7.13_1,0.7320490367775833,0.98646033878712025
2024,05,GBR.1.26.7.14_1,0.7197898423817863,0.9840304873325826
2024,05,GBR.1.26.7.15_1,0.7215411558669002,0.9843901665498289
2024,05,GBR.1.26.7.16_1,0.7723292469352014,0.9930135950730987
2024,05,GBR.1.26.7.17_1,0.7653239929947461,0.9920302414745228
2024,05,GBR.1.26.7.18_1,0.6935201401050789,0.9781288258711119
2024,05,GBR.1.26.7.19_1,0.7618213660245184,0.9915139938498094
2024,05,GBR.1.26.7.2_1,0.7390542907180385,0.9877570551507087
2024,05,GBR.1.26.7.20_1,0.7180385288966725,0.983666610188635
2024,05,GBR.1.26.7.21_1,0.7968476357267952,0.9959417653658269
2024,05,GBR.1.26.7.22_1,0.7513134851138354,0.9898666576867816
2024,05,GBR.1.26.7.23_1,0.7618213660245184,0.9915139938498094
2024,05,GBR.1.26.7.3_1,0.7705779334500876,0.9927738916792685
2024,05,GBR.1.26.7.4_1,0.7530647985989493,0.990151503558925
2024,05,GBR.1.26.7.5_1,0.7215411558669002,0.9843901665498289
2024,05,GBR.1.26.7.6_1,0.798598949211909,0.9961204746414963
2024,05,GBR.1.26.7.7_1,0.7197898423817863,0.9840304873325826
2024,05,GBR.1.26.7.8_1,0.6935201401050789,0.9781288258711119
2024,05,GBR.1.26.7.9_1,0.7373029772329247,0.987439112046915
2024,05,GBR.1.26.8.1_1,0.7425569176882663,0.9883804935347521
2024,05,GBR.1.26.8.10_1,0.7005253940455343,0.9797958971132712
2024,05,GBR.1.26.8.11_1,0.6830122591943959,0.9754998718605759
2024,05,GBR.1.26.8.12_1,0.6882661996497373,0.976833660353696
2024,05,GBR.1.26.8.13_1,0.6900175131348513,0.9772696659571503
2024,05,GBR.1.26.8.14_1,0.7215411558669002,0.9843901665498289
2024,05,GBR.1.26.8.15_1,0.6882661996497373,0.976833660353696
2024,05,GBR.1.26.8.16_1,0.7057793345008757,0.9810015290507961
2024,05,GBR.1.26.8.17_1,0.7180385288966725,0.983666610188635
2024,05,GBR.1.26.8.2_1,0.7285464098073555,0.9857869952479592
2024,05,GBR.1.26.8.3_1,0.7513134851138354,0.9898666576867816
2024,05,GBR.1.26.8.4_1,0.6690017513134852,0.9717530550505102
2024,05,GBR.1.26.8.5_1,0.660245183887916,0.9692698282728087
2024,05,GBR.1.26.8.6_1,0.6935201401050789,0.9781288258711119
2024,05,GBR.1.26.8.7_1,0.6865148861646235,0.9763933633531108
2024,05,GBR.1.26.8.8_1,0.6725043782837129,0.9727157858285225
2024,05,GBR.1.26.8.9_1,0.7373029772329247,0.987439112046915
2024,05,GBR.1.27.1.10_1,0.7110332749562173,0.9821690282227392
2024,05,GBR.1.27.1.11_1,0.7443082311733801,0.9886859966642594
2024,05,GBR.1.27.1.14_1,0.6987740805604205,0.9793855216409929
2024,05,GBR.1.27.1.16_1,0.6830122591943959,0.9754998718605759
2024,05,GBR.1.28.1.1_1,0.7267950963222417,0.9854440623394105
2024,05,GBR.1.28.1.10_1,0.6847635726795097,0.9759487691472335
2024,05,GBR.1.28.1.12_1,0.6795096322241682,0.9745891442038537
2024,05,GBR.1.28.1.4_1,0.6847635726795097,0.9759487691472335
2024,05,GBR.1.28.1.6_1,0.7162872154115587,0.9832985304575615
2024,05,GBR.1.28.1.7_1,0.7250437828371279,0.9850969495435462
2024,05,GBR.1.28.2.1_1,0.7373029772329247,0.987439112046915
2024,05,GBR.1.28.2.10_1,0.7162872154115587,0.9832985304575615
2024,05,GBR.1.28.2.11_1,0.7285464098073555,0.9857869952479592
2024,05,GBR.1.28.2.12_1,0.6987740805604205,0.9793855216409929
2024,05,GBR.1.28.2.13_1,0.7232924693520141,0.9847456524402634
2024,05,GBR.1.28.2.14_1,0.7355516637478109,0.9871170143402452
2024,05,GBR.1.28.2.15_1,0.7320490367775833,0.98646033878712025
2024,05,GBR.1.28.2.2_1,0.7250437828371279,0.9850969495435462
2024,05,GBR.1.28.2.3_1,0.7460595446584939,0.9889873608899156
2024,05,GBR.1.28.2.4_1,0.7215411558669002,0.9843901665498289
2024,05,GBR.1.28.2.5_1,0.7022767075306481,0.9802020199938377
2024,05,GBR.1.28.2.6_1,0.6725043782837129,0.9727157858285225
2024,05,GBR.1.28.2.7_1,0.6917688266199651,0.9777013859047148
2024,05,GBR.1.28.2.8_1,0.7530647985989493,0.990151503558925
2024,05,GBR.1.28.2.9_1,0.7723292469352014,0.9930135950730987
2024,05,GBR.1.28.3.1_1,0.7022767075306481,0.9802020199938377
2024,05,GBR.1.28.3.10_1,0.7267950963222417,0.9854440623394105
2024,05,GBR.1.28.3.11_1,0.7040280210157619,0.9806038955664005
2024,05,GBR.1.28.3.12_1,0.7425569176882663,0.9883804935347521
2024,05,GBR.1.28.3.13_1,0.7145359019264449,0.9829262434180909
2024,05,GBR.1.28.3.14_1,0.7145359019264449,0.9829262434180909
2024,05,GBR.1.28.3.15_1,0.7232924693520141,0.9847456524402634
2024,05,GBR.1.28.3.16_1,0.6935201401050789,0.9781288258711119
2024,05,GBR.1.28.3.17_1,0.7688266199649738,0.9925301002992302
2024,05,GBR.1.28.3.18_1,0.6812609457092821,0.975046665549911
2024,05,GBR.1.28.3.19_1,0.712784588441331,0.9825497442877892
2024,05,GBR.1.28.3.2_1,0.7250437828371279,0.9850969495435462
2024,05,GBR.1.28.3.3_1,0.7390542907180385,0.9877570551507087
2024,05,GBR.1.28.3.4_1,0.7740805604203153,0.9932492134404135
2024,05,GBR.1.28.3.5_1,0.7267950963222417,0.9854440623394105
2024,05,GBR.1.28.3.6_1,0.7285464098073555,0.9857869952479592
2024,05,GBR.1.28.3.7_1,0.7110332749562173,0.9821690282227392
2024,05,GBR.1.28.3.8_1,0.7267950963222417,0.9854440623394105
2024,05,GBR.1.28.3.9_1,0.7373029772329247,0.987439112046915
2024,05,GBR.1.28.4.1_1,0.8091068301225921,0.9971078176406
2024,05,GBR.1.28.4.12_1,0.7232924693520141,0.9847456524402634
2024,05,GBR.1.28.4.13_1,0.7740805604203153,0.9932492134404135
2024,05,GBR.1.28.4.2_1,0.7635726795096323,0.9917741678426597
2024,05,GBR.1.28.4.3_1,0.7600700525394046,0.9912497162672985
2024,05,GBR.1.28.4.5_1,0.7548161120840631,0.9904322288778774
2024,05,GBR.1.28.4.6_1,0.7302977232924693,0.9861257526299574
2024,05,GBR.1.28.4.7_1,0.777583187390543,0.9937082066683358
2024,05,GBR.1.28.4.8_1,0.7110332749562173,0.9821690282227392
2024,05,GBR.1.28.4.9_1,0.7653239929947461,0.9920302414745228
2024,05,GBR.1.28.5.1_1,0.7180385288966725,0.983666610188635
2024,05,GBR.1.28.5.10_1,0.7635726795096323,0.9917741678426597
2024,05,GBR.1.28.5.11_1,0.7180385288966725,0.983666610188635
2024,05,GBR.1.28.5.12_1,0.7197898423817863,0.9840304873325826
2024,05,GBR.1.28.5.13_1,0.7338003502626971,0.986790757962396
2024,05,GBR.1.28.5.14_1,0.7740805604203153,0.9932492134404135
2024,05,GBR.1.28.5.15_1,0.7478108581436077,0.9892845899942038
2024,05,GBR.1.28.5.16_1,0.7408056042031524,0.9880708476622514
2024,05,GBR.1.28.5.17_1,0.7110332749562173,0.9821690282227392
2024,05,GBR.1.28.5.18_1,0.7005253940455343,0.9797958971132712
2024,05,GBR.1.28.5.19_1,0.7583187390542908,0.9909813318120578
2024,05,GBR.1.28.5.2_1,0.7740805604203153,0.9932492134404135
2024,05,GBR.1.28.5.20_1,0.7285464098073555,0.9857869952479592
2024,05,GBR.1.28.5.21_1,0.7390542907180385,0.9877570551507087
2024,05,GBR.1.28.5.22_1,0.7302977232924693,0.9861257526299574
2024,05,GBR.1.28.5.23_1,0.7232924693520141,0.9847456524402634
2024,05,GBR.1.28.5.24_1,0.7338003502626971,0.986790757962396
2024,05,GBR.1.28.5.3_1,0.7390542907180385,0.9877570551507087
2024,05,GBR.1.28.5.4_1,0.7075306479859896,0.9813949256033475
2024,05,GBR.1.28.5.5_1,0.6847635726795097,0.9759487691472335
2024,05,GBR.1.28.5.6_1,0.7460595446584939,0.9889873608899156
2024,05,GBR.1.28.5.7_1,0.7075306479859896,0.9813949256033475
2024,05,GBR.1.28.5.8_1,0.7040280210157619,0.9806038955664005
2024,05,GBR.1.28.5.9_1,0.6567425569176883,0.9682458365518543
2024,05,GBR.1.28.6.1_1,0.7250437828371279,0.9850969495435462
2024,05,GBR.1.28.6.3_1,0.7495621716287216,0.9895776877031939
2024,05,GBR.1.28.6.8_1,0.7302977232924693,0.9861257526299574
2024,05,GBR.1.29.1.10_1,0.6830122591943959,0.9754998718605759
2024,05,GBR.1.29.1.11_1,0.660245183887916,0.9692698282728087
2024,05,GBR.1.29.1.14_1,0.7162872154115587,0.9832985304575615
2024,05,GBR.1.29.1.8_1,0.6427320490367776,0.9639730286683336
2024,05,GBR.1.29.1.9_1,0.6217162872154116,0.9570266453970862
2024,05,GBR.1.3.1.1_1,0.6952714535901927,0.97855199146494
2024,05,GBR.1.3.1.10_1,0.6654991243432575,0.9707728879609279
2024,05,GBR.1.3.1.11_1,0.7285464098073555,0.9857869952479592
2024,05,GBR.1.3.1.12_1,0.6812609457092821,0.975046665549911
2024,05,GBR.1.3.1.13_1,0.6970227670753065,0.9789708882290628
2024,05,GBR.1.3.1.14_1,0.6304728546409808,0.96
2024,05,GBR.1.3.1.15_1,0.6935201401050789,0.9781288258711119
2024,05,GBR.1.3.1.16_1,0.7180385288966725,0.983666610188635
2024,05,GBR.1.3.1.17_1,0.6847635726795097,0.9759487691472335
2024,05,GBR.1.3.1.18_1,0.6917688266199651,0.9777013859047148
2024,05,GBR.1.3.1.19_1,0.6830122591943959,0.9754998718605759
2024,05,GBR.1.3.1.2_1,0.7285464098073555,0.9857869952479592
2024,05,GBR.1.3.1.20_1,0.7267950963222417,0.9854440623394105
2024,05,GBR.1.3.1.21_1,0.7302977232924693,0.9861257526299574
2024,05,GBR.1.3.1.22_1,0.6952714535901927,0.97855199146494
2024,05,GBR.1.3.1.23_1,0.6479859894921192,0.9656086163658648
2024,05,GBR.1.3.1.24_1,0.7057793345008757,0.9810015290507961
2024,05,GBR.1.3.1.25_1,0.6742556917688267,0.9731906288081488
2024,05,GBR.1.3.1.3_1,0.6987740805604205,0.9793855216409929
2024,05,GBR.1.3.1.4_1,0.7180385288966725,0.983666610188635
2024,05,GBR.1.3.1.5_1,0.6234676007005254,0.9576304088739037
2024,05,GBR.1.3.1.6_1,0.6812609457092821,0.975046665549911
2024,05,GBR.1.3.1.7_1,0.7022767075306481,0.9802020199938377
2024,05,GBR.1.3.1.8_1,0.7373029772329247,0.987439112046915
2024,05,GBR.1.3.1.9_1,0.6987740805604205,0.9793855216409929
2024,05,GBR.1.30.1.1_1,0.7215411558669002,0.9843901665498289
2024,05,GBR.1.30.1.10_1,0.7145359019264449,0.9829262434180909
2024,05,GBR.1.30.1.11_1,0.7302977232924693,0.9861257526299574
2024,05,GBR.1.30.1.12_1,0.7355516637478109,0.9871170143402452
2024,05,GBR.1.30.1.13_1,0.7688266199649738,0.9925301002992302
2024,05,GBR.1.30.1.14_1,0.7740805604203153,0.9932492134404135
2024,05,GBR.1.30.1.15_1,0.7250437828371279,0.9850969495435462
2024,05,GBR.1.30.1.16_1,0.7075306479859896,0.9813949256033475
2024,05,GBR.1.30.1.17_1,0.7513134851138354,0.9898666576867816
2024,05,GBR.1.30.1.18_1,0.7022767075306481,0.9802020199938377
2024,05,GBR.1.30.1.19_1,0.7250437828371279,0.9850969495435462
2024,05,GBR.1.30.1.2_1,0.7215411558669002,0.9843901665498289
2024,05,GBR.1.30.1.20_1,0.7758318739054292,0.9934807496876826
2024,05,GBR.1.30.1.21_1,0.7583187390542908,0.9909813318120578
2024,05,GBR.1.30.1.22_1,0.7425569176882663,0.9883804935347521
2024,05,GBR.1.30.1.23_1,0.7705779334500876,0.9927738916792685
2024,05,GBR.1.30.1.24_1,0.7460595446584939,0.9889873608899156
2024,05,GBR.1.30.1.25_1,0.7425569176882663,0.9883804935347521
2024,05,GBR.1.30.1.26_1,0.8003502626970229,0.9962951369950573
2024,05,GBR.1.30.1.27_1,0.7320490367775833,0.98646033878712025
2024,05,GBR.1.30.1.28_1,0.7863397548161122,0.9947843987518099
2024,05,GBR.1.30.1.29_1,0.798598949211909,0.9961204746414963
2024,05,GBR.1.30.1.3_1,0.7705779334500876,0.9927738916792685
2024,05,GBR.1.30.1.30_1,0.7443082311733801,0.9886859966642594
2024,05,GBR.1.30.1.31_1,0.7478108581436077,0.9892845899942038
2024,05,GBR.1.30.1.32_1,0.7302977232924693,0.9861257526299574
2024,05,GBR.1.30.1.33_1,0.7653239929947461,0.9920302414745228
2024,05,GBR.1.30.1.34_1,0.7548161120840631,0.9904322288778774
2024,05,GBR.1.30.1.36_1,0.7513134851138354,0.9898666576867816
2024,05,GBR.1.30.1.37_1,0.7460595446584939,0.9889873608899156
2024,05,GBR.1.30.1.38_1,0.7758318739054292,0.9934807496876826
2024,05,GBR.1.30.1.39_1,0.7565674255691769,0.9907088371464141
2024,05,GBR.1.30.1.4_1,0.7408056042031524,0.9880708476622514
2024,05,GBR.1.30.1.40_1,0.7145359019264449,0.9829262434180909
2024,05,GBR.1.30.1.41_1,0.7390542907180385,0.9877570551507087
2024,05,GBR.1.30.1.42_1,0.712784588441331,0.9825497442877892
2024,05,GBR.1.30.1.43_1,0.7408056042031524,0.9880708476622514
2024,05,GBR.1.30.1.44_1,0.7355516637478109,0.9871170143402452
2024,05,GBR.1.30.1.45_1,0.7530647985989493,0.990151503558925
2024,05,GBR.1.30.1.46_1,0.7460595446584939,0.9889873608899156
2024,05,GBR.1.30.1.47_1,0.7618213660245184,0.9915139938498094
2024,05,GBR.1.30.1.48_1,0.7513134851138354,0.9898666576867816
2024,05,GBR.1.30.1.49_1,0.7845884413309984,0.9945772971468834
2024,05,GBR.1.30.1.5_1,0.7845884413309984,0.9945772971468834
2024,05,GBR.1.30.1.50_1,0.7408056042031524,0.9880708476622514
2024,05,GBR.1.30.1.51_1,0.7548161120840631,0.9904322288778774
2024,05,GBR.1.30.1.52_1,0.7232924693520141,0.9847456524402634
2024,05,GBR.1.30.1.53_1,0.6900175131348513,0.9772696659571503
2024,05,GBR.1.30.1.54_1,0.76707530647986,0.9922822179198819
2024,05,GBR.1.30.1.55_1,0.7320490367775833,0.98646033878712025
2024,05,GBR.1.30.1.56_1,0.7390542907180385,0.9877570551507087
2024,05,GBR.1.30.1.57_1,0.7653239929947461,0.9920302414745228
2024,05,GBR.1.30.1.58_1,0.6865148861646235,0.9763933633531108
2024,05,GBR.1.30.1.59_1,0.7460595446584939,0.9889873608899156
2024,05,GBR.1.30.1.6_1,0.7478108581436077,0.9892845899942038
2024,05,GBR.1.30.1.60_1,0.7338003502626971,0.986790757962396
2024,05,GBR.1.30.1.61_1,0.7548161120840631,0.9904322288778774
2024,05,GBR.1.30.1.62_1,0.7688266199649738,0.9925301002992302
2024,05,GBR.1.30.1.7_1,0.7793345008756568,0.993931587182941
2024,05,GBR.1.30.1.8_1,0.7302977232924693,0.9861257526299574
2024,05,GBR.1.30.1.9_1,0.7110332749562173,0.9821690282227392
2024,05,GBR.1.31.1.1_1,0.7250437828371279,0.9850969495435462
2024,05,GBR.1.31.1.10_1,0.8248686514886164,0.9983165830536925
2024,05,GBR.1.31.1.14_1,0.7180385288966725,0.983666610188635
2024,05,GBR.1.31.1.15_1,0.7285464098073555,0.9857869952479592
2024,05,GBR.1.31.1.20_1,0.7267950963222417,0.9854440623394105
2024,05,GBR.1.31.1.27_1,0.7162872154115587,0.9832985304575615
2024,05,GBR.1.31.1.3_1,0.7705779334500876,0.9927738916792685
2024,05,GBR.1.32.1.1_1,0.7810858143607706,0.9941508939793798
2024,05,GBR.1.32.1.2_1,0.7267950963222417,0.9854440623394105
2024,05,GBR.1.32.1.3_1,0.7810858143607706,0.9941508939793798
2024,05,GBR.1.32.1.4_1,0.7513134851138354,0.9898666576867816
2024,05,GBR.1.32.1.5_1,0.7618213660245184,0.9915139938498094
2024,05,GBR.1.32.1.6_1,0.7705779334500876,0.9927738916792685
2024,05,GBR.1.32.1.7_1,0.7600700525394046,0.9912497162672985
2024,05,GBR.1.32.1.8_1,0.7828371278458844,0.9943661297530201
2024,05,GBR.1.32.1.9_1,0.7740805604203153,0.9932492134404135
2024,05,GBR.1.32.2.1_1,0.7723292469352014,0.9930135950730987
2024,05,GBR.1.32.2.11_1,0.7320490367775833,0.98646033878712025
2024,05,GBR.1.32.2.15_1,0.7583187390542908,0.9909813318120578
2024,05,GBR.1.32.2.16_1,0.7373029772329247,0.987439112046915
2024,05,GBR.1.32.2.5_1,0.7057793345008757,0.9810015290507961
2024,05,GBR.1.32.2.7_1,0.7565674255691769,0.9907088371464141
2024,05,GBR.1.32.2.8_1,0.7338003502626971,0.986790757962396
2024,05,GBR.1.32.2.9_1,0.7057793345008757,0.9810015290507961
2024,05,GBR.1.32.3.1_1,0.7250437828371279,0.9850969495435462
2024,05,GBR.1.32.3.10_1,0.7565674255691769,0.9907088371464141
2024,05,GBR.1.32.3.11_1,0.6970227670753065,0.9789708882290628
2024,05,GBR.1.32.3.12_1,0.7373029772329247,0.987439112046915
2024,05,GBR.1.32.3.16_1,0.6952714535901927,0.97855199146494
2024,05,GBR.1.32.3.17_1,0.7723292469352014,0.9930135950730987
2024,05,GBR.1.32.3.18_1,0.7320490367775833,0.98646033878712025
2024,05,GBR.1.32.3.19_1,0.7197898423817863,0.9840304873325826
2024,05,GBR.1.32.3.2_1,0.7075306479859896,0.9813949256033475
2024,05,GBR.1.32.3.20_1,0.7810858143607706,0.9941508939793798
2024,05,GBR.1.32.3.21_1,0.7845884413309984,0.9945772971468834
2024,05,GBR.1.32.3.22_1,0.7162872154115587,0.9832985304575615
2024,05,GBR.1.32.3.3_1,0.7565674255691769,0.9907088371464141
2024,05,GBR.1.32.3.5_1,0.7145359019264449,0.9829262434180909
2024,05,GBR.1.32.3.6_1,0.7302977232924693,0.9861257526299574
2024,05,GBR.1.32.3.7_1,0.7338003502626971,0.986790757962396
2024,05,GBR.1.32.3.8_1,0.7285464098073555,0.9857869952479592
2024,05,GBR.1.32.3.9_1,0.8056042031523644,0.996794863550169
2024,05,GBR.1.32.4.1_1,0.7092819614711035,0.9817840903172144
2024,05,GBR.1.32.4.10_1,0.8021015761821367,0.9964657545545658
2024,05,GBR.1.32.4.11_1,0.7653239929947461,0.9920302414745228
2024,05,GBR.1.32.4.12_1,0.6795096322241682,0.9745891442038537
2024,05,GBR.1.32.4.13_1,0.7373029772329247,0.987439112046915
2024,05,GBR.1.32.4.15_1,0.777583187390543,0.9937082066683358
2024,05,GBR.1.32.4.16_1,0.7968476357267952,0.9959417653658269
2024,05,GBR.1.32.4.17_1,0.7688266199649738,0.9925301002992302
2024,05,GBR.1.32.4.18_1,0.7478108581436077,0.9892845899942038
2024,05,GBR.1.32.4.19_1,0.7215411558669002,0.9843901665498289
2024,05,GBR.1.32.4.2_1,0.7355516637478109,0.9871170143402452
2024,05,GBR.1.32.4.20_1,0.7005253940455343,0.9797958971132712
2024,05,GBR.1.32.4.5_1,0.7267950963222417,0.9854440623394105
2024,05,GBR.1.32.4.6_1,0.7915936952714537,0.9953813339620148
2024,05,GBR.1.32.4.7_1,0.7145359019264449,0.9829262434180909
2024,05,GBR.1.32.4.8_1,0.7495621716287216,0.9895776877031939
2024,05,GBR.1.32.4.9_1,0.76707530647986,0.9922822179198819
2024,05,GBR.1.32.5.1_1,0.7758318739054292,0.9934807496876826
2024,05,GBR.1.32.5.10_1,0.7057793345008757,0.9810015290507961
2024,05,GBR.1.32.5.11_1,0.7110332749562173,0.9821690282227392
2024,05,GBR.1.32.5.12_1,0.7810858143607706,0.9941508939793798
2024,05,GBR.1.32.5.13_1,0.7390542907180385,0.9877570551507087
2024,05,GBR.1.32.5.14_1,0.6795096322241682,0.9745891442038537
2024,05,GBR.1.32.5.15_1,0.7390542907180385,0.9877570551507087
2024,05,GBR.1.32.5.16_1,0.7653239929947461,0.9920302414745228
2024,05,GBR.1.32.5.17_1,0.712784588441331,0.9825497442877892
2024,05,GBR.1.32.5.18_1,0.7565674255691769,0.9907088371464141
2024,05,GBR.1.32.5.19_1,0.7162872154115587,0.9832985304575615
2024,05,GBR.1.32.5.2_1,0.712784588441331,0.9825497442877892
2024,05,GBR.1.32.5.20_1,0.6830122591943959,0.9754998718605759
2024,05,GBR.1.32.5.21_1,0.7530647985989493,0.990151503558925
2024,05,GBR.1.32.5.22_1,0.7443082311733801,0.9886859966642594
2024,05,GBR.1.32.5.23_1,0.7285464098073555,0.9857869952479592
2024,05,GBR.1.32.5.24_1,0.777583187390543,0.9937082066683358
2024,05,GBR.1.32.5.25_1,0.7425569176882663,0.9883804935347521
2024,05,GBR.1.32.5.26_1,0.8126094570928197,0.9974046320325567
2024,05,GBR.1.32.5.27_1,0.7828371278458844,0.9943661297530201
2024,05,GBR.1.32.5.28_1,0.8126094570928197,0.9974046320325567
2024,05,GBR.1.32.5.29_1,0.788091068301226,0.99498743710662
2024,05,GBR.1.32.5.3_1,0.7092819614711035,0.9817840903172144
2024,05,GBR.1.32.5.30_1,0.7285464098073555,0.9857869952479592
2024,05,GBR.1.32.5.31_1,0.8196147110332751,0.997949898542006
2024,05,GBR.1.32.5.32_1,0.7478108581436077,0.9892845899942038
2024,05,GBR.1.32.5.33_1,0.7810858143607706,0.9941508939793798
2024,05,GBR.1.32.5.34_1,0.7250437828371279,0.9850969495435462
2024,05,GBR.1.32.5.35_1,0.7197898423817863,0.9840304873325826
2024,05,GBR.1.32.5.36_1,0.777583187390543,0.9937082066683358
2024,05,GBR.1.32.5.4_1,0.7950963222416814,0.9957590069891409
2024,05,GBR.1.32.5.5_1,0.7600700525394046,0.9912497162672985
2024,05,GBR.1.32.5.6_1,0.7040280210157619,0.9806038955664005
2024,05,GBR.1.32.5.7_1,0.7390542907180385,0.9877570551507087
2024,05,GBR.1.32.5.8_1,0.7635726795096323,0.9917741678426597
2024,05,GBR.1.32.5.9_1,0.7338003502626971,0.986790757962396
2024,05,GBR.1.33.1.1_1,0.7408056042031524,0.9880708476622514
2024,05,GBR.1.33.1.10_1,0.7968476357267952,0.9959417653658269
2024,05,GBR.1.33.1.11_1,0.7443082311733801,0.9886859966642594
2024,05,GBR.1.33.1.12_1,0.7600700525394046,0.9912497162672985
2024,05,GBR.1.33.1.13_1,0.7443082311733801,0.9886859966642594
2024,05,GBR.1.33.1.14_1,0.7968476357267952,0.9959417653658269
2024,05,GBR.1.33.1.15_1,0.7758318739054292,0.9934807496876826
2024,05,GBR.1.33.1.2_1,0.7005253940455343,0.9797958971132712
2024,05,GBR.1.33.1.3_1,0.7705779334500876,0.9927738916792685
2024,05,GBR.1.33.1.4_1,0.7373029772329247,0.987439112046915
2024,05,GBR.1.33.1.5_1,0.7635726795096323,0.9917741678426597
2024,05,GBR.1.33.1.6_1,0.7408056042031524,0.9880708476622514
2024,05,GBR.1.33.1.7_1,0.7583187390542908,0.9909813318120578
2024,05,GBR.1.33.1.8_1,0.7635726795096323,0.9917741678426597
2024,05,GBR.1.33.1.9_1,0.7285464098073555,0.9857869952479592
2024,05,GBR.1.33.10.10_1,0.7618213660245184,0.9915139938498094
2024,05,GBR.1.33.10.11_1,0.7390542907180385,0.9877570551507087
2024,05,GBR.1.33.10.12_1,0.6865148861646235,0.9763933633531108
2024,05,GBR.1.33.10.13_1,0.788091068301226,0.99498743710662
2024,05,GBR.1.33.10.14_1,0.7933450087565675,0.9955721972815432
2024,05,GBR.1.33.10.2_1,0.7898423817863398,0.9951864146982715
2024,05,GBR.1.33.10.3_1,0.7267950963222417,0.9854440623394105
2024,05,GBR.1.33.10.4_1,0.7530647985989493,0.990151503558925
2024,05,GBR.1.33.10.5_1,0.7653239929947461,0.9920302414745228
2024,05,GBR.1.33.10.6_1,0.6970227670753065,0.9789708882290628
2024,05,GBR.1.33.10.7_1,0.7583187390542908,0.9909813318120578
2024,05,GBR.1.33.10.8_1,0.7110332749562173,0.9821690282227392
2024,05,GBR.1.33.10.9_1,0.6935201401050789,0.9781288258711119
2024,05,GBR.1.33.11.1_1,0.7425569176882663,0.9883804935347521
2024,05,GBR.1.33.11.11_1,0.7898423817863398,0.9951864146982715
2024,05,GBR.1.33.11.12_1,0.7408056042031524,0.9880708476622514
2024,05,GBR.1.33.11.19_1,0.7215411558669002,0.9843901665498289
2024,05,GBR.1.33.11.21_1,0.6760070052539405,0.9736611320166786
2024,05,GBR.1.33.11.22_1,0.7810858143607706,0.9941508939793798
2024,05,GBR.1.33.11.23_1,0.6935201401050789,0.9781288258711119
2024,05,GBR.1.33.11.26_1,0.7705779334500876,0.9927738916792685
2024,05,GBR.1.33.11.3_1,0.7180385288966725,0.983666610188635
2024,05,GBR.1.33.11.30_1,0.7600700525394046,0.9912497162672985
2024,05,GBR.1.33.11.31_1,0.7478108581436077,0.9892845899942038
2024,05,GBR.1.33.11.34_1,0.7530647985989493,0.990151503558925
2024,05,GBR.1.33.11.36_1,0.7390542907180385,0.9877570551507087
2024,05,GBR.1.33.11.4_1,0.7408056042031524,0.9880708476622514
2024,05,GBR.1.33.11.6_1,0.8003502626970229,0.9962951369950573
2024,05,GBR.1.33.11.8_1,0.7635726795096323,0.9917741678426597
2024,05,GBR.1.33.12.1_1,0.7285464098073555,0.9857869952479592
2024,05,GBR.1.33.12.10_1,0.6970227670753065,0.9789708882290628
2024,05,GBR.1.33.12.11_1,0.7197898423817863,0.9840304873325826
2024,05,GBR.1.33.12.12_1,0.7460595446584939,0.9889873608899156
2024,05,GBR.1.33.12.13_1,0.6795096322241682,0.9745891442038537
2024,05,GBR.1.33.12.14_1,0.6795096322241682,0.9745891442038537
2024,05,GBR.1.33.12.15_1,0.7338003502626971,0.986790757962396
2024,05,GBR.1.33.12.16_1,0.6532399299474606,0.9672042183530839
2024,05,GBR.1.33.12.17_1,0.7250437828371279,0.9850969495435462
2024,05,GBR.1.33.12.18_1,0.6900175131348513,0.9772696659571503
2024,05,GBR.1.33.12.19_1,0.7040280210157619,0.9806038955664005
2024,05,GBR.1.33.12.2_1,0.7320490367775833,0.98646033878712025
2024,05,GBR.1.33.12.20_1,0.7390542907180385,0.9877570551507087
2024,05,GBR.1.33.12.21_1,0.7180385288966725,0.983666610188635
2024,05,GBR.1.33.12.22_1,0.7285464098073555,0.9857869952479592
2024,05,GBR.1.33.12.3_1,0.6619964973730298,0.9697752316903129
2024,05,GBR.1.33.12.4_1,0.7145359019264449,0.9829262434180909
2024,05,GBR.1.33.12.5_1,0.6672504378283713,0.9712651543219287
2024,05,GBR.1.33.12.6_1,0.6987740805604205,0.9793855216409929
2024,05,GBR.1.33.12.7_1,0.7390542907180385,0.9877570551507087
2024,05,GBR.1.33.12.8_1,0.7478108581436077,0.9892845899942038
2024,05,GBR.1.33.12.9_1,0.7110332749562173,0.9821690282227392
2024,05,GBR.1.33.2.1_1,0.7075306479859896,0.9813949256033475
2024,05,GBR.1.33.2.10_1,0.7338003502626971,0.986790757962396
2024,05,GBR.1.33.2.11_1,0.7180385288966725,0.983666610188635
2024,05,GBR.1.33.2.12_1,0.7302977232924693,0.9861257526299574
2024,05,GBR.1.33.2.13_1,0.7232924693520141,0.9847456524402634
2024,05,GBR.1.33.2.14_1,0.7425569176882663,0.9883804935347521
2024,05,GBR.1.33.2.15_1,0.7285464098073555,0.9857869952479592
2024,05,GBR.1.33.2.16_1,0.7635726795096323,0.9917741678426597
2024,05,GBR.1.33.2.17_1,0.7513134851138354,0.9898666576867816
2024,05,GBR.1.33.2.18_1,0.6760070052539405,0.9736611320166786
2024,05,GBR.1.33.2.19_1,0.6970227670753065,0.9789708882290628
2024,05,GBR.1.33.2.2_1,0.7092819614711035,0.9817840903172144
2024,05,GBR.1.33.2.20_1,0.6935201401050789,0.9781288258711119
2024,05,GBR.1.33.2.21_1,0.7005253940455343,0.9797958971132712
2024,05,GBR.1.33.2.22_1,0.6952714535901927,0.97855199146494
2024,05,GBR.1.33.2.23_1,0.6970227670753065,0.9789708882290628
2024,05,GBR.1.33.2.24_1,0.7355516637478109,0.9871170143402452
2024,05,GBR.1.33.2.25_1,0.7478108581436077,0.9892845899942038
2024,05,GBR.1.33.2.26_1,0.7285464098073555,0.9857869952479592
2024,05,GBR.1.33.2.3_1,0.7022767075306481,0.9802020199938377
2024,05,GBR.1.33.2.4_1,0.7180385288966725,0.983666610188635
2024,05,GBR.1.33.2.5_1,0.7232924693520141,0.9847456524402634
2024,05,GBR.1.33.2.6_1,0.7495621716287216,0.9895776877031939
2024,05,GBR.1.33.2.7_1,0.7057793345008757,0.9810015290507961
2024,05,GBR.1.33.2.8_1,0.7565674255691769,0.9907088371464141
2024,05,GBR.1.33.2.9_1,0.7022767075306481,0.9802020199938377
2024,05,GBR.1.33.3.1_1,0.7180385288966725,0.983666610188635
2024,05,GBR.1.33.3.10_1,0.6619964973730298,0.9697752316903129
2024,05,GBR.1.33.3.11_1,0.7267950963222417,0.9854440623394105
2024,05,GBR.1.33.3.12_1,0.7478108581436077,0.9892845899942038
2024,05,GBR.1.33.3.13_1,0.6725043782837129,0.9727157858285225
2024,05,GBR.1.33.3.14_1,0.7197898423817863,0.9840304873325826
2024,05,GBR.1.33.3.2_1,0.6812609457092821,0.975046665549911
2024,05,GBR.1.33.3.3_1,0.7232924693520141,0.9847456524402634
2024,05,GBR.1.33.3.4_1,0.6952714535901927,0.97855199146494
2024,05,GBR.1.33.3.5_1,0.7302977232924693,0.9861257526299574
2024,05,GBR.1.33.3.6_1,0.7162872154115587,0.9832985304575615
2024,05,GBR.1.33.3.7_1,0.6935201401050789,0.9781288258711119
2024,05,GBR.1.33.3.8_1,0.6882661996497373,0.976833660353696
2024,05,GBR.1.33.3.9_1,0.7373029772329247,0.987439112046915
2024,05,GBR.1.33.4.1_1,0.7740805604203153,0.9932492134404135
2024,05,GBR.1.33.4.10_1,0.7635726795096323,0.9917741678426597
2024,05,GBR.1.33.4.11_1,0.7373029772329247,0.987439112046915
2024,05,GBR.1.33.4.12_1,0.7145359019264449,0.9829262434180909
2024,05,GBR.1.33.4.13_1,0.7285464098073555,0.9857869952479592
2024,05,GBR.1.33.4.14_1,0.7180385288966725,0.983666610188635
2024,05,GBR.1.33.4.15_1,0.7267950963222417,0.9854440623394105
2024,05,GBR.1.33.4.16_1,0.7495621716287216,0.9895776877031939
2024,05,GBR.1.33.4.2_1,0.7267950963222417,0.9854440623394105
2024,05,GBR.1.33.4.7_1,0.7688266199649738,0.9925301002992302
2024,05,GBR.1.33.4.8_1,0.7320490367775833,0.98646033878712025
2024,05,GBR.1.33.4.9_1,0.7460595446584939,0.9889873608899156
2024,05,GBR.1.33.5.1_1,0.7267950963222417,0.9854440623394105
2024,05,GBR.1.33.5.10_1,0.6619964973730298,0.9697752316903129
2024,05,GBR.1.33.5.11_1,0.7162872154115587,0.9832985304575615
2024,05,GBR.1.33.5.12_1,0.7162872154115587,0.9832985304575615
2024,05,GBR.1.33.5.13_1,0.7618213660245184,0.9915139938498094
2024,05,GBR.1.33.5.14_1,0.7355516637478109,0.9871170143402452
2024,05,GBR.1.33.5.15_1,0.7267950963222417,0.9854440623394105
2024,05,GBR.1.33.5.16_1,0.7110332749562173,0.9821690282227392
2024,05,GBR.1.33.5.17_1,0.6654991243432575,0.9707728879609279
2024,05,GBR.1.33.5.18_1,0.6900175131348513,0.9772696659571503
2024,05,GBR.1.33.5.19_1,0.6567425569176883,0.9682458365518543
2024,05,GBR.1.33.5.2_1,0.7425569176882663,0.9883804935347521
2024,05,GBR.1.33.5.20_1,0.7005253940455343,0.9797958971132712
2024,05,GBR.1.33.5.21_1,0.7495621716287216,0.9895776877031939
2024,05,GBR.1.33.5.22_1,0.7145359019264449,0.9829262434180909
2024,05,GBR.1.33.5.23_1,0.7250437828371279,0.9850969495435462
2024,05,GBR.1.33.5.24_1,0.7162872154115587,0.9832985304575615
2024,05,GBR.1.33.5.3_1,0.7338003502626971,0.986790757962396
2024,05,GBR.1.33.5.4_1,0.76707530647986,0.9922822179198819
2024,05,GBR.1.33.5.5_1,0.6865148861646235,0.9763933633531108
2024,05,GBR.1.33.5.6_1,0.7513134851138354,0.9898666576867816
2024,05,GBR.1.33.5.7_1,0.7373029772329247,0.987439112046915
2024,05,GBR.1.33.5.8_1,0.6970227670753065,0.9789708882290628
2024,05,GBR.1.33.5.9_1,0.7215411558669002,0.9843901665498289
2024,05,GBR.1.33.6.1_1,0.7232924693520141,0.9847456524402634
2024,05,GBR.1.33.6.10_1,0.7092819614711035,0.9817840903172144
2024,05,GBR.1.33.6.11_1,0.7758318739054292,0.9934807496876826
2024,05,GBR.1.33.6.12_1,0.7338003502626971,0.986790757962396
2024,05,GBR.1.33.6.13_1,0.7338003502626971,0.986790757962396
2024,05,GBR.1.33.6.14_1,0.7478108581436077,0.9892845899942038
2024,05,GBR.1.33.6.15_1,0.6987740805604205,0.9793855216409929
2024,05,GBR.1.33.6.2_1,0.7373029772329247,0.987439112046915
2024,05,GBR.1.33.6.3_1,0.7898423817863398,0.9951864146982715
2024,05,GBR.1.33.6.4_1,0.7320490367775833,0.98646033878712025
2024,05,GBR.1.33.6.5_1,0.7285464098073555,0.9857869952479592
2024,05,GBR.1.33.6.6_1,0.7390542907180385,0.9877570551507087
2024,05,GBR.1.33.6.7_1,0.7530647985989493,0.990151503558925
2024,05,GBR.1.33.6.8_1,0.6970227670753065,0.9789708882290628
2024,05,GBR.1.33.6.9_1,0.788091068301226,0.99498743710662
2024,05,GBR.1.33.7.1_1,0.6427320490367776,0.9639730286683336
2024,05,GBR.1.33.7.10_1,0.6830122591943959,0.9754998718605759
2024,05,GBR.1.33.7.11_1,0.6900175131348513,0.9772696659571503
2024,05,GBR.1.33.7.12_1,0.6917688266199651,0.9777013859047148
2024,05,GBR.1.33.7.13_1,0.7145359019264449,0.9829262434180909
2024,05,GBR.1.33.7.14_1,0.7408056042031524,0.9880708476622514
2024,05,GBR.1.33.7.15_1,0.6654991243432575,0.9707728879609279
2024,05,GBR.1.33.7.16_1,0.6654991243432575,0.9707728879609279
2024,05,GBR.1.33.7.17_1,0.7302977232924693,0.9861257526299574
2024,05,GBR.1.33.7.18_1,0.6637478108581437,0.970276249322841
2024,05,GBR.1.33.7.19_1,0.6830122591943959,0.9754998718605759
2024,05,GBR.1.33.7.2_1,0.6952714535901927,0.97855199146494
2024,05,GBR.1.33.7.20_1,0.7180385288966725,0.983666610188635
2024,05,GBR.1.33.7.21_1,0.6725043782837129,0.9727157858285225
2024,05,GBR.1.33.7.22_1,0.7092819614711035,0.9817840903172144
2024,05,GBR.1.33.7.23_1,0.7197898423817863,0.9840304873325826
2024,05,GBR.1.33.7.24_1,0.7460595446584939,0.9889873608899156
2024,05,GBR.1.33.7.25_1,0.6900175131348513,0.9772696659571503
2024,05,GBR.1.33.7.26_1,0.6865148861646235,0.9763933633531108
2024,05,GBR.1.33.7.27_1,0.7302977232924693,0.9861257526299574
2024,05,GBR.1.33.7.28_1,0.7092819614711035,0.9817840903172144
2024,05,GBR.1.33.7.29_1,0.7215411558669002,0.9843901665498289
2024,05,GBR.1.33.7.3_1,0.6970227670753065,0.9789708882290628
2024,05,GBR.1.33.7.30_1,0.6760070052539405,0.9736611320166786
2024,05,GBR.1.33.7.31_1,0.7162872154115587,0.9832985304575615
2024,05,GBR.1.33.7.32_1,0.6935201401050789,0.9781288258711119
2024,05,GBR.1.33.7.33_1,0.7215411558669002,0.9843901665498289
2024,05,GBR.1.33.7.4_1,0.6865148861646235,0.9763933633531108
2024,05,GBR.1.33.7.5_1,0.6654991243432575,0.9707728879609279
2024,05,GBR.1.33.7.6_1,0.6952714535901927,0.97855199146494
2024,05,GBR.1.33.7.7_1,0.712784588441331,0.9825497442877892
2024,05,GBR.1.33.7.8_1,0.7215411558669002,0.9843901665498289
2024,05,GBR.1.33.7.9_1,0.7145359019264449,0.9829262434180909
2024,05,GBR.1.33.8.1_1,0.7320490367775833,0.98646033878712025
2024,05,GBR.1.33.8.10_1,0.7145359019264449,0.9829262434180909
2024,05,GBR.1.33.8.11_1,0.7495621716287216,0.9895776877031939
2024,05,GBR.1.33.8.2_1,0.6935201401050789,0.9781288258711119
2024,05,GBR.1.33.8.3_1,0.7215411558669002,0.9843901665498289
2024,05,GBR.1.33.8.4_1,0.7197898423817863,0.9840304873325826
2024,05,GBR.1.33.8.5_1,0.7338003502626971,0.986790757962396
2024,05,GBR.1.33.8.6_1,0.7162872154115587,0.9832985304575615
2024,05,GBR.1.33.8.7_1,0.649737302977233,0.9661449166662318
2024,05,GBR.1.33.8.8_1,0.7197898423817863,0.9840304873325826
2024,05,GBR.1.33.8.9_1,0.6830122591943959,0.9754998718605759
2024,05,GBR.1.33.9.1_1,0.7285464098073555,0.9857869952479592
2024,05,GBR.1.33.9.10_1,0.7828371278458844,0.9943661297530201
2024,05,GBR.1.33.9.11_1,0.6882661996497373,0.976833660353696
2024,05,GBR.1.33.9.12_1,0.7583187390542908,0.9909813318120578
2024,05,GBR.1.33.9.13_1,0.7092819614711035,0.9817840903172144
2024,05,GBR.1.33.9.14_1,0.7373029772329247,0.987439112046915
2024,05,GBR.1.33.9.15_1,0.7267950963222417,0.9854440623394105
2024,05,GBR.1.33.9.16_1,0.7513134851138354,0.9898666576867816
2024,05,GBR.1.33.9.17_1,0.7232924693520141,0.9847456524402634
2024,05,GBR.1.33.9.2_1,0.7145359019264449,0.9829262434180909
2024,05,GBR.1.33.9.3_1,0.7600700525394046,0.9912497162672985
2024,05,GBR.1.33.9.4_1,0.7075306479859896,0.9813949256033475
2024,05,GBR.1.33.9.5_1,0.6847635726795097,0.9759487691472335
2024,05,GBR.1.33.9.6_1,0.7232924693520141,0.9847456524402634
2024,05,GBR.1.33.9.7_1,0.7478108581436077,0.9892845899942038
2024,05,GBR.1.33.9.8_1,0.7355516637478109,0.9871170143402452
2024,05,GBR.1.33.9.9_1,0.7565674255691769,0.9907088371464141
2024,05,GBR.1.34.1.1_1,0.7478108581436077,0.9892845899942038
2024,05,GBR.1.34.1.10_1,0.7443082311733801,0.9886859966642594
2024,05,GBR.1.34.1.11_1,0.7565674255691769,0.9907088371464141
2024,05,GBR.1.34.1.12_1,0.7478108581436077,0.9892845899942038
2024,05,GBR.1.34.1.13_1,0.777583187390543,0.9937082066683358
2024,05,GBR.1.34.1.14_1,0.7408056042031524,0.9880708476622514
2024,05,GBR.1.34.1.15_1,0.8073555166374782,0.9969533589892758
2024,05,GBR.1.34.1.16_1,0.7828371278458844,0.9943661297530201
2024,05,GBR.1.34.1.17_1,0.7583187390542908,0.9909813318120578
2024,05,GBR.1.34.1.18_1,0.7513134851138354,0.9898666576867816
2024,05,GBR.1.34.1.19_1,0.7460595446584939,0.9889873608899156
2024,05,GBR.1.34.1.2_1,0.7302977232924693,0.9861257526299574
2024,05,GBR.1.34.1.20_1,0.7810858143607706,0.9941508939793798
2024,05,GBR.1.34.1.3_1,0.7443082311733801,0.9886859966642594
2024,05,GBR.1.34.1.4_1,0.7635726795096323,0.9917741678426597
2024,05,GBR.1.34.1.5_1,0.7320490367775833,0.98646033878712025
2024,05,GBR.1.34.1.6_1,0.7565674255691769,0.9907088371464141
2024,05,GBR.1.34.1.7_1,0.712784588441331,0.9825497442877892
2024,05,GBR.1.34.1.8_1,0.7635726795096323,0.9917741678426597
2024,05,GBR.1.34.1.9_1,0.7740805604203153,0.9932492134404135
2024,05,GBR.1.35.1.1_1,0.6900175131348513,0.9772696659571503
2024,05,GBR.1.35.1.10_1,0.7898423817863398,0.9951864146982715
2024,05,GBR.1.35.1.11_1,0.6427320490367776,0.9639730286683336
2024,05,GBR.1.35.1.12_1,0.7232924693520141,0.9847456524402634
2024,05,GBR.1.35.1.13_1,0.7232924693520141,0.9847456524402634
2024,05,GBR.1.35.1.14_1,0.7005253940455343,0.9797958971132712
2024,05,GBR.1.35.1.15_1,0.6900175131348513,0.9772696659571503
2024,05,GBR.1.35.1.16_1,0.7338003502626971,0.986790757962396
2024,05,GBR.1.35.1.17_1,0.6900175131348513,0.9772696659571503
2024,05,GBR.1.35.1.18_1,0.6690017513134852,0.9717530550505102
2024,05,GBR.1.35.1.19_1,0.7040280210157619,0.9806038955664005
2024,05,GBR.1.35.1.2_1,0.6830122591943959,0.9754998718605759
2024,05,GBR.1.35.1.20_1,0.6987740805604205,0.9793855216409929
2024,05,GBR.1.35.1.3_1,0.6795096322241682,0.9745891442038537
2024,05,GBR.1.35.1.4_1,0.6917688266199651,0.9777013859047148
2024,05,GBR.1.35.1.5_1,0.6987740805604205,0.9793855216409929
2024,05,GBR.1.35.1.6_1,0.6637478108581437,0.970276249322841
2024,05,GBR.1.35.1.7_1,0.6900175131348513,0.9772696659571503
2024,05,GBR.1.35.1.8_1,0.6987740805604205,0.9793855216409929
2024,05,GBR.1.35.1.9_1,0.7022767075306481,0.9802020199938377
2024,05,GBR.1.35.2.1_1,0.7232924693520141,0.9847456524402634
2024,05,GBR.1.35.2.10_1,0.6760070052539405,0.9736611320166786
2024,05,GBR.1.35.2.11_1,0.7548161120840631,0.9904322288778774
2024,05,GBR.1.35.2.12_1,0.660245183887916,0.9692698282728087
2024,05,GBR.1.35.2.13_1,0.7022767075306481,0.9802020199938377
2024,05,GBR.1.35.2.14_1,0.6952714535901927,0.97855199146494
2024,05,GBR.1.35.2.15_1,0.6637478108581437,0.970276249322841
2024,05,GBR.1.35.2.16_1,0.7338003502626971,0.986790757962396
2024,05,GBR.1.35.2.17_1,0.670753064798599,0.9722365967191319
2024,05,GBR.1.35.2.18_1,0.6777583187390543,0.9741273017424364
2024,05,GBR.1.35.2.19_1,0.7250437828371279,0.9850969495435462
2024,05,GBR.1.35.2.2_1,0.6917688266199651,0.9777013859047148
2024,05,GBR.1.35.2.20_1,0.7355516637478109,0.9871170143402452
2024,05,GBR.1.35.2.21_1,0.7197898423817863,0.9840304873325826
2024,05,GBR.1.35.2.22_1,0.7460595446584939,0.9889873608899156
2024,05,GBR.1.35.2.23_1,0.7285464098073555,0.9857869952479592
2024,05,GBR.1.35.2.24_1,0.6777583187390543,0.9741273017424364
2024,05,GBR.1.35.2.25_1,0.7373029772329247,0.987439112046915
2024,05,GBR.1.35.2.26_1,0.6900175131348513,0.9772696659571503
2024,05,GBR.1.35.2.27_1,0.6777583187390543,0.9741273017424364
2024,05,GBR.1.35.2.28_1,0.6952714535901927,0.97855199146494
2024,05,GBR.1.35.2.29_1,0.6882661996497373,0.976833660353696
2024,05,GBR.1.35.2.3_1,0.6672504378283713,0.9712651543219287
2024,05,GBR.1.35.2.30_1,0.7285464098073555,0.9857869952479592
2024,05,GBR.1.35.2.31_1,0.6952714535901927,0.97855199146494
2024,05,GBR.1.35.2.32_1,0.6654991243432575,0.9707728879609279
2024,05,GBR.1.35.2.33_1,0.6847635726795097,0.9759487691472335
2024,05,GBR.1.35.2.4_1,0.7215411558669002,0.9843901665498289
2024,05,GBR.1.35.2.5_1,0.6935201401050789,0.9781288258711119
2024,05,GBR.1.35.2.6_1,0.7197898423817863,0.9840304873325826
2024,05,GBR.1.35.2.7_1,0.6637478108581437,0.970276249322841
2024,05,GBR.1.35.2.8_1,0.6865148861646235,0.9763933633531108
2024,05,GBR.1.35.2.9_1,0.6690017513134852,0.9717530550505102
2024,05,GBR.1.35.3.1_1,0.6882661996497373,0.976833660353696
2024,05,GBR.1.35.3.10_1,0.6812609457092821,0.975046665549911
2024,05,GBR.1.35.3.11_1,0.660245183887916,0.9692698282728087
2024,05,GBR.1.35.3.12_1,0.6812609457092821,0.975046665549911
2024,05,GBR.1.35.3.13_1,0.6725043782837129,0.9727157858285225
2024,05,GBR.1.35.3.14_1,0.7022767075306481,0.9802020199938377
2024,05,GBR.1.35.3.15_1,0.6847635726795097,0.9759487691472335
2024,05,GBR.1.35.3.16_1,0.6812609457092821,0.975046665549911
2024,05,GBR.1.35.3.17_1,0.6690017513134852,0.9717530550505102
2024,05,GBR.1.35.3.18_1,0.6672504378283713,0.9712651543219287
2024,05,GBR.1.35.3.19_1,0.6987740805604205,0.9793855216409929
2024,05,GBR.1.35.3.2_1,0.6935201401050789,0.9781288258711119
2024,05,GBR.1.35.3.20_1,0.6619964973730298,0.9697752316903129
2024,05,GBR.1.35.3.21_1,0.6812609457092821,0.975046665549911
2024,05,GBR.1.35.3.22_1,0.6900175131348513,0.9772696659571503
2024,05,GBR.1.35.3.23_1,0.6847635726795097,0.9759487691472335
2024,05,GBR.1.35.3.24_1,0.6690017513134852,0.9717530550505102
2024,05,GBR.1.35.3.25_1,0.6847635726795097,0.9759487691472335
2024,05,GBR.1.35.3.27_1,0.6795096322241682,0.9745891442038537
2024,05,GBR.1.35.3.28_1,0.7057793345008757,0.9810015290507961
2024,05,GBR.1.35.3.3_1,0.6549912434325745,0.9677272342969376
2024,05,GBR.1.35.3.4_1,0.6514886164623468,0.9666767815562759
2024,05,GBR.1.35.3.5_1,0.6777583187390543,0.9741273017424364
2024,05,GBR.1.35.3.6_1,0.6865148861646235,0.9763933633531108
2024,05,GBR.1.35.3.7_1,0.649737302977233,0.9661449166662318
2024,05,GBR.1.35.3.8_1,0.660245183887916,0.9692698282728087
2024,05,GBR.1.35.3.9_1,0.7530647985989493,0.990151503558925
2024,05,GBR.1.35.4.1_1,0.6847635726795097,0.9759487691472335
2024,05,GBR.1.35.4.10_1,0.6952714535901927,0.97855199146494
2024,05,GBR.1.35.4.2_1,0.7005253940455343,0.9797958971132712
2024,05,GBR.1.35.4.3_1,0.660245183887916,0.9692698282728087
2024,05,GBR.1.35.4.4_1,0.6690017513134852,0.9717530550505102
2024,05,GBR.1.35.4.5_1,0.7373029772329247,0.987439112046915
2024,05,GBR.1.35.4.6_1,0.6830122591943959,0.9754998718605759
2024,05,GBR.1.35.4.7_1,0.6549912434325745,0.9677272342969376
2024,05,GBR.1.35.4.8_1,0.6830122591943959,0.9754998718605759
2024,05,GBR.1.35.4.9_1,0.7145359019264449,0.9829262434180909
2024,05,GBR.1.35.5.1_1,0.7092819614711035,0.9817840903172144
2024,05,GBR.1.35.5.10_1,0.7057793345008757,0.9810015290507961
2024,05,GBR.1.35.5.11_1,0.6462346760070053,0.965067873260736
2024,05,GBR.1.35.5.12_1,0.7180385288966725,0.983666610188635
2024,05,GBR.1.35.5.13_1,0.7145359019264449,0.9829262434180909
2024,05,GBR.1.35.5.14_1,0.6882661996497373,0.976833660353696
2024,05,GBR.1.35.5.15_1,0.7302977232924693,0.9861257526299574
2024,05,GBR.1.35.5.16_1,0.712784588441331,0.9825497442877892
2024,05,GBR.1.35.5.17_1,0.7285464098073555,0.9857869952479592
2024,05,GBR.1.35.5.18_1,0.7355516637478109,0.9871170143402452
2024,05,GBR.1.35.5.19_1,0.6567425569176883,0.9682458365518543
2024,05,GBR.1.35.5.2_1,0.660245183887916,0.9692698282728087
2024,05,GBR.1.35.5.20_1,0.6812609457092821,0.975046665549911
2024,05,GBR.1.35.5.21_1,0.7215411558669002,0.9843901665498289
2024,05,GBR.1.35.5.22_1,0.6882661996497373,0.976833660353696
2024,05,GBR.1.35.5.23_1,0.7390542907180385,0.9877570551507087
2024,05,GBR.1.35.5.24_1,0.6900175131348513,0.9772696659571503
2024,05,GBR.1.35.5.25_1,0.649737302977233,0.9661449166662318
2024,05,GBR.1.35.5.26_1,0.6882661996497373,0.976833660353696
2024,05,GBR.1.35.5.27_1,0.6690017513134852,0.9717530550505102
2024,05,GBR.1.35.5.28_1,0.6532399299474606,0.9672042183530839
2024,05,GBR.1.35.5.29_1,0.7355516637478109,0.9871170143402452
2024,05,GBR.1.35.5.3_1,0.7075306479859896,0.9813949256033475
2024,05,GBR.1.35.5.30_1,0.7005253940455343,0.9797958971132712
2024,05,GBR.1.35.5.31_1,0.6830122591943959,0.9754998718605759
2024,05,GBR.1.35.5.32_1,0.7092819614711035,0.9817840903172144
2024,05,GBR.1.35.5.33_1,0.6690017513134852,0.9717530550505102
2024,05,GBR.1.35.5.34_1,0.6987740805604205,0.9793855216409929
2024,05,GBR.1.35.5.4_1,0.6514886164623468,0.9666767815562759
2024,05,GBR.1.35.5.5_1,0.7197898423817863,0.9840304873325826
2024,05,GBR.1.35.5.6_1,0.7110332749562173,0.9821690282227392
2024,05,GBR.1.35.5.7_1,0.7478108581436077,0.9892845899942038
2024,05,GBR.1.35.5.8_1,0.6847635726795097,0.9759487691472335
2024,05,GBR.1.35.5.9_1,0.6952714535901927,0.97855199146494
2024,05,GBR.1.35.6.1_1,0.6952714535901927,0.97855199146494
2024,05,GBR.1.35.6.10_1,0.6935201401050789,0.9781288258711119
2024,05,GBR.1.35.6.11_1,0.7267950963222417,0.9854440623394105
2024,05,GBR.1.35.6.12_1,0.7005253940455343,0.9797958971132712
2024,05,GBR.1.35.6.13_1,0.6637478108581437,0.970276249322841
2024,05,GBR.1.35.6.14_1,0.7005253940455343,0.9797958971132712
2024,05,GBR.1.35.6.15_1,0.6742556917688267,0.9731906288081488
2024,05,GBR.1.35.6.16_1,0.660245183887916,0.9692698282728087
2024,05,GBR.1.35.6.17_1,0.7092819614711035,0.9817840903172144
2024,05,GBR.1.35.6.18_1,0.7162872154115587,0.9832985304575615
2024,05,GBR.1.35.6.19_1,0.6830122591943959,0.9754998718605759
2024,05,GBR.1.35.6.2_1,0.6970227670753065,0.9789708882290628
2024,05,GBR.1.35.6.20_1,0.6847635726795097,0.9759487691472335
2024,05,GBR.1.35.6.3_1,0.7005253940455343,0.9797958971132712
2024,05,GBR.1.35.6.4_1,0.6970227670753065,0.9789708882290628
2024,05,GBR.1.35.6.5_1,0.6777583187390543,0.9741273017424364
2024,05,GBR.1.35.6.6_1,0.6830122591943959,0.9754998718605759
2024,05,GBR.1.35.6.7_1,0.7180385288966725,0.983666610188635
2024,05,GBR.1.35.6.8_1,0.7005253940455343,0.9797958971132712
2024,05,GBR.1.35.6.9_1,0.6917688266199651,0.9777013859047148
2024,05,GBR.1.36.1.1_1,0.6760070052539405,0.9736611320166786
2024,05,GBR.1.36.1.14_1,0.7075306479859896,0.9813949256033475
2024,05,GBR.1.36.1.7_1,0.7040280210157619,0.9806038955664005
2024,05,GBR.1.36.10.1_1,0.6847635726795097,0.9759487691472335
2024,05,GBR.1.36.10.10_1,0.6935201401050789,0.9781288258711119
2024,05,GBR.1.36.10.11_1,0.660245183887916,0.9692698282728087
2024,05,GBR.1.36.10.12_1,0.6952714535901927,0.97855199146494
2024,05,GBR.1.36.10.13_1,0.7197898423817863,0.9840304873325826
2024,05,GBR.1.36.10.14_1,0.7285464098073555,0.9857869952479592
2024,05,GBR.1.36.10.15_1,0.6742556917688267,0.9731906288081488
2024,05,GBR.1.36.10.16_1,0.7390542907180385,0.9877570551507087
2024,05,GBR.1.36.10.17_1,0.7075306479859896,0.9813949256033475
2024,05,GBR.1.36.10.2_1,0.7075306479859896,0.9813949256033475
2024,05,GBR.1.36.10.3_1,0.7355516637478109,0.9871170143402452
2024,05,GBR.1.36.10.4_1,0.7057793345008757,0.9810015290507961
2024,05,GBR.1.36.10.5_1,0.6725043782837129,0.9727157858285225
2024,05,GBR.1.36.10.6_1,0.6935201401050789,0.9781288258711119
2024,05,GBR.1.36.10.7_1,0.6725043782837129,0.9727157858285225
2024,05,GBR.1.36.10.8_1,0.7215411558669002,0.9843901665498289
2024,05,GBR.1.36.10.9_1,0.7110332749562173,0.9821690282227392
2024,05,GBR.1.36.11.10_1,0.7618213660245184,0.9915139938498094
2024,05,GBR.1.36.11.11_1,0.670753064798599,0.9722365967191319
2024,05,GBR.1.36.11.13_1,0.7145359019264449,0.9829262434180909
2024,05,GBR.1.36.11.14_1,0.712784588441331,0.9825497442877892
2024,05,GBR.1.36.11.15_1,0.6882661996497373,0.976833660353696
2024,05,GBR.1.36.11.16_1,0.7232924693520141,0.9847456524402634
2024,05,GBR.1.36.11.17_1,0.7110332749562173,0.9821690282227392
2024,05,GBR.1.36.11.19_1,0.6654991243432575,0.9707728879609279
2024,05,GBR.1.36.11.2_1,0.6777583187390543,0.9741273017424364
2024,05,GBR.1.36.11.20_1,0.6357267950963222,0.9617296917533533
2024,05,GBR.1.36.11.4_1,0.7022767075306481,0.9802020199938377
2024,05,GBR.1.36.11.5_1,0.7408056042031524,0.9880708476622514
2024,05,GBR.1.36.11.6_1,0.7145359019264449,0.9829262434180909
2024,05,GBR.1.36.11.7_1,0.6742556917688267,0.9731906288081488
2024,05,GBR.1.36.11.8_1,0.7302977232924693,0.9861257526299574
2024,05,GBR.1.36.11.9_1,0.6987740805604205,0.9793855216409929
2024,05,GBR.1.36.12.12_1,0.7215411558669002,0.9843901665498289
2024,05,GBR.1.36.13.1_1,0.6917688266199651,0.9777013859047148
2024,05,GBR.1.36.13.16_1,0.6234676007005254,0.9576304088739037
2024,05,GBR.1.36.13.2_1,0.6725043782837129,0.9727157858285225
2024,05,GBR.1.36.13.5_1,0.7267950963222417,0.9854440623394105
2024,05,GBR.1.36.13.7_1,0.7215411558669002,0.9843901665498289
2024,05,GBR.1.36.14.19_1,0.6619964973730298,0.9697752316903129
2024,05,GBR.1.36.14.2_1,0.6917688266199651,0.9777013859047148
2024,05,GBR.1.36.14.6_1,0.6987740805604205,0.9793855216409929
2024,05,GBR.1.36.15.13_1,0.6900175131348513,0.9772696659571503
2024,05,GBR.1.36.15.18_1,0.7075306479859896,0.9813949256033475
2024,05,GBR.1.36.15.2_1,0.6725043782837129,0.9727157858285225
2024,05,GBR.1.36.15.5_1,0.7302977232924693,0.9861257526299574
2024,05,GBR.1.36.15.7_1,0.7443082311733801,0.9886859966642594
2024,05,GBR.1.36.15.8_1,0.6795096322241682,0.9745891442038537
2024,05,GBR.1.36.15.9_1,0.7285464098073555,0.9857869952479592
2024,05,GBR.1.36.16.12_1,0.6760070052539405,0.9736611320166786
2024,05,GBR.1.36.16.14_1,0.6812609457092821,0.975046665549911
2024,05,GBR.1.36.16.19_1,0.7285464098073555,0.9857869952479592
2024,05,GBR.1.36.16.7_1,0.660245183887916,0.9692698282728087
2024,05,GBR.1.36.16.8_1,0.6987740805604205,0.9793855216409929
2024,05,GBR.1.36.17.1_1,0.7373029772329247,0.987439112046915
2024,05,GBR.1.36.17.10_1,0.6882661996497373,0.976833660353696
2024,05,GBR.1.36.17.11_1,0.7110332749562173,0.9821690282227392
2024,05,GBR.1.36.17.12_1,0.7022767075306481,0.9802020199938377
2024,05,GBR.1.36.17.13_1,0.6760070052539405,0.9736611320166786
2024,05,GBR.1.36.17.14_1,0.670753064798599,0.9722365967191319
2024,05,GBR.1.36.17.15_1,0.6987740805604205,0.9793855216409929
2024,05,GBR.1.36.17.16_1,0.7320490367775833,0.98646033878712025
2024,05,GBR.1.36.17.17_1,0.7145359019264449,0.9829262434180909
2024,05,GBR.1.36.17.18_1,0.670753064798599,0.9722365967191319
2024,05,GBR.1.36.17.19_1,0.670753064798599,0.9722365967191319
2024,05,GBR.1.36.17.2_1,0.7057793345008757,0.9810015290507961
2024,05,GBR.1.36.17.20_1,0.6935201401050789,0.9781288258711119
2024,05,GBR.1.36.17.3_1,0.6654991243432575,0.9707728879609279
2024,05,GBR.1.36.17.4_1,0.7057793345008757,0.9810015290507961
2024,05,GBR.1.36.17.5_1,0.6760070052539405,0.9736611320166786
2024,05,GBR.1.36.17.6_1,0.7197898423817863,0.9840304873325826
2024,05,GBR.1.36.17.7_1,0.7092819614711035,0.9817840903172144
2024,05,GBR.1.36.17.8_1,0.6970227670753065,0.9789708882290628
2024,05,GBR.1.36.17.9_1,0.6304728546409808,0.96
2024,05,GBR.1.36.2.1_1,0.670753064798599,0.9722365967191319
2024,05,GBR.1.36.2.10_1,0.7302977232924693,0.9861257526299574
2024,05,GBR.1.36.2.11_1,0.6760070052539405,0.9736611320166786
2024,05,GBR.1.36.2.12_1,0.7215411558669002,0.9843901665498289
2024,05,GBR.1.36.2.13_1,0.6900175131348513,0.9772696659571503
2024,05,GBR.1.36.2.14_1,0.7478108581436077,0.9892845899942038
2024,05,GBR.1.36.2.15_1,0.6882661996497373,0.976833660353696
2024,05,GBR.1.36.2.16_1,0.6619964973730298,0.9697752316903129
2024,05,GBR.1.36.2.17_1,0.6619964973730298,0.9697752316903129
2024,05,GBR.1.36.2.18_1,0.6584938704028022,0.9687600322061186
2024,05,GBR.1.36.2.19_1,0.6882661996497373,0.976833660353696
2024,05,GBR.1.36.2.2_1,0.6970227670753065,0.9789708882290628
2024,05,GBR.1.36.2.20_1,0.7092819614711035,0.9817840903172144
2024,05,GBR.1.36.2.21_1,0.6970227670753065,0.9789708882290628
2024,05,GBR.1.36.2.3_1,0.7040280210157619,0.9806038955664005
2024,05,GBR.1.36.2.4_1,0.6619964973730298,0.9697752316903129
2024,05,GBR.1.36.2.5_1,0.6514886164623468,0.9666767815562759
2024,05,GBR.1.36.2.6_1,0.6654991243432575,0.9707728879609279
2024,05,GBR.1.36.2.7_1,0.6952714535901927,0.97855199146494
2024,05,GBR.1.36.2.8_1,0.6812609457092821,0.975046665549911
2024,05,GBR.1.36.2.9_1,0.6584938704028022,0.9687600322061186
2024,05,GBR.1.36.20.1_1,0.7092819614711035,0.9817840903172144
2024,05,GBR.1.36.20.10_1,0.6777583187390543,0.9741273017424364
2024,05,GBR.1.36.20.11_1,0.6672504378283713,0.9712651543219287
2024,05,GBR.1.36.20.12_1,0.6584938704028022,0.9687600322061186
2024,05,GBR.1.36.20.13_1,0.7285464098073555,0.9857869952479592
2024,05,GBR.1.36.20.14_1,0.6987740805604205,0.9793855216409929
2024,05,GBR.1.36.20.15_1,0.7110332749562173,0.9821690282227392
2024,05,GBR.1.36.20.16_1,0.6935201401050789,0.9781288258711119
2024,05,GBR.1.36.20.17_1,0.7215411558669002,0.9843901665498289
2024,05,GBR.1.36.20.2_1,0.6900175131348513,0.9772696659571503
2024,05,GBR.1.36.20.3_1,0.7040280210157619,0.9806038955664005
2024,05,GBR.1.36.20.4_1,0.7005253940455343,0.9797958971132712
2024,05,GBR.1.36.20.5_1,0.6444833625218914,0.9645226798784983
2024,05,GBR.1.36.20.6_1,0.6532399299474606,0.9672042183530839
2024,05,GBR.1.36.20.7_1,0.7197898423817863,0.9840304873325826
2024,05,GBR.1.36.20.8_1,0.6952714535901927,0.97855199146494
2024,05,GBR.1.36.20.9_1,0.7197898423817863,0.9840304873325826
2024,05,GBR.1.36.21.1_1,0.7057793345008757,0.9810015290507961
2024,05,GBR.1.36.21.16_1,0.6795096322241682,0.9745891442038537
2024,05,GBR.1.36.21.7_1,0.7057793345008757,0.9810015290507961
2024,05,GBR.1.36.21.8_1,0.7215411558669002,0.9843901665498289
2024,05,GBR.1.36.22.1_1,0.6935201401050789,0.9781288258711119
2024,05,GBR.1.36.22.10_1,0.6742556917688267,0.9731906288081488
2024,05,GBR.1.36.22.11_1,0.7390542907180385,0.9877570551507087
2024,05,GBR.1.36.22.12_1,0.7005253940455343,0.9797958971132712
2024,05,GBR.1.36.22.13_1,0.7232924693520141,0.9847456524402634
2024,05,GBR.1.36.22.14_1,0.6830122591943959,0.9754998718605759
2024,05,GBR.1.36.22.15_1,0.6462346760070053,0.965067873260736
2024,05,GBR.1.36.22.16_1,0.6760070052539405,0.9736611320166786
2024,05,GBR.1.36.22.17_1,0.7267950963222417,0.9854440623394105
2024,05,GBR.1.36.22.2_1,0.6935201401050789,0.9781288258711119
2024,05,GBR.1.36.22.3_1,0.6532399299474606,0.9672042183530839
2024,05,GBR.1.36.22.4_1,0.6742556917688267,0.9731906288081488
2024,05,GBR.1.36.22.5_1,0.7022767075306481,0.9802020199938377
2024,05,GBR.1.36.22.7_1,0.7267950963222417,0.9854440623394105
2024,05,GBR.1.36.22.8_1,0.7057793345008757,0.9810015290507961
2024,05,GBR.1.36.22.9_1,0.7425569176882663,0.9883804935347521
2024,05,GBR.1.36.23_1,0.7110332749562173,0.9821690282227392
2024,05,GBR.1.36.23.2_1,0.6847635726795097,0.9759487691472335
2024,05,GBR.1.36.23.5_1,0.7057793345008757,0.9810015290507961
2024,05,GBR.1.36.24.1_1,0.6882661996497373,0.976833660353696
2024,05,GBR.1.36.24.10_1,0.6865148861646235,0.9763933633531108
2024,05,GBR.1.36.24.11_1,0.7548161120840631,0.9904322288778774
2024,05,GBR.1.36.24.12_1,0.6917688266199651,0.9777013859047148
2024,05,GBR.1.36.24.13_1,0.7040280210157619,0.9806038955664005
2024,05,GBR.1.36.24.14_1,0.7180385288966725,0.983666610188635
2024,05,GBR.1.36.24.15_1,0.7022767075306481,0.9802020199938377
2024,05,GBR.1.36.24.16_1,0.7618213660245184,0.9915139938498094
2024,05,GBR.1.36.24.17_1,0.6952714535901927,0.97855199146494
2024,05,GBR.1.36.24.18_1,0.6987740805604205,0.9793855216409929
2024,05,GBR.1.36.24.19_1,0.6549912434325745,0.9677272342969376
2024,05,GBR.1.36.24.2_1,0.6760070052539405,0.9736611320166786
2024,05,GBR.1.36.24.20_1,0.6427320490367776,0.9639730286683336
2024,05,GBR.1.36.24.3_1,0.7057793345008757,0.9810015290507961
2024,05,GBR.1.36.24.4_1,0.7408056042031524,0.9880708476622514
2024,05,GBR.1.36.24.5_1,0.6935201401050789,0.9781288258711119
2024,05,GBR.1.36.24.6_1,0.6672504378283713,0.9712651543219287
2024,05,GBR.1.36.24.7_1,0.7092819614711035,0.9817840903172144
2024,05,GBR.1.36.24.8_1,0.6584938704028022,0.9687600322061186
2024,05,GBR.1.36.24.9_1,0.712784588441331,0.9825497442877892
2024,05,GBR.1.36.25.1_1,0.7408056042031524,0.9880708476622514
2024,05,GBR.1.36.25.10_1,0.7478108581436077,0.9892845899942038
2024,05,GBR.1.36.25.11_1,0.7355516637478109,0.9871170143402452
2024,05,GBR.1.36.25.12_1,0.6952714535901927,0.97855199146494
2024,05,GBR.1.36.25.13_1,0.6672504378283713,0.9712651543219287
2024,05,GBR.1.36.25.14_1,0.7180385288966725,0.983666610188635
2024,05,GBR.1.36.25.15_1,0.6812609457092821,0.975046665549911
2024,05,GBR.1.36.25.16_1,0.7197898423817863,0.9840304873325826
2024,05,GBR.1.36.25.17_1,0.7583187390542908,0.9909813318120578
2024,05,GBR.1.36.25.18_1,0.7057793345008757,0.9810015290507961
2024,05,GBR.1.36.25.19_1,0.7373029772329247,0.987439112046915
2024,05,GBR.1.36.25.2_1,0.7215411558669002,0.9843901665498289
2024,05,GBR.1.36.25.20_1,0.7162872154115587,0.9832985304575615
2024,05,GBR.1.36.25.3_1,0.7145359019264449,0.9829262434180909
2024,05,GBR.1.36.25.4_1,0.6619964973730298,0.9697752316903129
2024,05,GBR.1.36.25.5_1,0.7162872154115587,0.9832985304575615
2024,05,GBR.1.36.25.6_1,0.6987740805604205,0.9793855216409929
2024,05,GBR.1.36.25.7_1,0.6987740805604205,0.9793855216409929
2024,05,GBR.1.36.25.8_1,0.7110332749562173,0.9821690282227392
2024,05,GBR.1.36.25.9_1,0.6970227670753065,0.9789708882290628
2024,05,GBR.1.36.26.1_1,0.6882661996497373,0.976833660353696
2024,05,GBR.1.36.26.10_1,0.7215411558669002,0.9843901665498289
2024,05,GBR.1.36.26.12_1,0.7338003502626971,0.986790757962396
2024,05,GBR.1.36.26.13_1,0.670753064798599,0.9722365967191319
2024,05,GBR.1.36.26.14_1,0.6637478108581437,0.970276249322841
2024,05,GBR.1.36.26.16_1,0.7180385288966725,0.983666610188635
2024,05,GBR.1.36.26.17_1,0.7285464098073555,0.9857869952479592
2024,05,GBR.1.36.26.19_1,0.7057793345008757,0.9810015290507961
2024,05,GBR.1.36.26.2_1,0.7022767075306481,0.9802020199938377
2024,05,GBR.1.36.26.20_1,0.7110332749562173,0.9821690282227392
2024,05,GBR.1.36.26.21_1,0.6847635726795097,0.9759487691472335
2024,05,GBR.1.36.26.22_1,0.6637478108581437,0.970276249322841
2024,05,GBR.1.36.26.3_1,0.7162872154115587,0.9832985304575615
2024,05,GBR.1.36.26.5_1,0.6865148861646235,0.9763933633531108
2024,05,GBR.1.36.26.6_1,0.7092819614711035,0.9817840903172144
2024,05,GBR.1.36.26.7_1,0.7373029772329247,0.987439112046915
2024,05,GBR.1.36.26.8_1,0.7162872154115587,0.9832985304575615
2024,05,GBR.1.36.26.9_1,0.7005253940455343,0.9797958971132712
2024,05,GBR.1.36.27.1_1,0.6952714535901927,0.97855199146494
2024,05,GBR.1.36.27.10_1,0.6935201401050789,0.9781288258711119
2024,05,GBR.1.36.27.11_1,0.6462346760070053,0.965067873260736
2024,05,GBR.1.36.27.12_1,0.6847635726795097,0.9759487691472335
2024,05,GBR.1.36.27.13_1,0.712784588441331,0.9825497442877892
2024,05,GBR.1.36.27.14_1,0.7162872154115587,0.9832985304575615
2024,05,GBR.1.36.27.15_1,0.6830122591943959,0.9754998718605759
2024,05,GBR.1.36.27.16_1,0.7232924693520141,0.9847456524402634
2024,05,GBR.1.36.27.17_1,0.6882661996497373,0.976833660353696
2024,05,GBR.1.36.27.18_1,0.7040280210157619,0.9806038955664005
2024,05,GBR.1.36.27.2_1,0.7057793345008757,0.9810015290507961
2024,05,GBR.1.36.27.3_1,0.7425569176882663,0.9883804935347521
2024,05,GBR.1.36.27.4_1,0.7075306479859896,0.9813949256033475
2024,05,GBR.1.36.27.5_1,0.7530647985989493,0.990151503558925
2024,05,GBR.1.36.27.6_1,0.6777583187390543,0.9741273017424364
2024,05,GBR.1.36.27.7_1,0.6917688266199651,0.9777013859047148
2024,05,GBR.1.36.27.8_1,0.7302977232924693,0.9861257526299574
2024,05,GBR.1.36.27.9_1,0.7302977232924693,0.9861257526299574
2024,05,GBR.1.36.28.1_1,0.7232924693520141,0.9847456524402634
2024,05,GBR.1.36.28.10_1,0.7250437828371279,0.9850969495435462
2024,05,GBR.1.36.28.11_1,0.7215411558669002,0.9843901665498289
2024,05,GBR.1.36.28.12_1,0.7267950963222417,0.9854440623394105
2024,05,GBR.1.36.28.13_1,0.7215411558669002,0.9843901665498289
2024,05,GBR.1.36.28.14_1,0.6847635726795097,0.9759487691472335
2024,05,GBR.1.36.28.15_1,0.7005253940455343,0.9797958971132712
2024,05,GBR.1.36.28.16_1,0.7075306479859896,0.9813949256033475
2024,05,GBR.1.36.28.17_1,0.7145359019264449,0.9829262434180909
2024,05,GBR.1.36.28.18_1,0.7145359019264449,0.9829262434180909
2024,05,GBR.1.36.28.19_1,0.7075306479859896,0.9813949256033475
2024,05,GBR.1.36.28.2_1,0.6462346760070053,0.965067873260736
2024,05,GBR.1.36.28.20_1,0.6427320490367776,0.9639730286683336
2024,05,GBR.1.36.28.21_1,0.6567425569176883,0.9682458365518543
2024,05,GBR.1.36.28.22_1,0.6725043782837129,0.9727157858285225
2024,05,GBR.1.36.28.23_1,0.6847635726795097,0.9759487691472335
2024,05,GBR.1.36.28.24_1,0.7005253940455343,0.9797958971132712
2024,05,GBR.1.36.28.3_1,0.6987740805604205,0.9793855216409929
2024,05,GBR.1.36.28.4_1,0.7110332749562173,0.9821690282227392
2024,05,GBR.1.36.28.5_1,0.7092819614711035,0.9817840903172144
2024,05,GBR.1.36.28.6_1,0.7075306479859896,0.9813949256033475
2024,05,GBR.1.36.28.7_1,0.6462346760070053,0.965067873260736
2024,05,GBR.1.36.28.8_1,0.7005253940455343,0.9797958971132712
2024,05,GBR.1.36.28.9_1,0.7145359019264449,0.9829262434180909
2024,05,GBR.1.36.29.1_1,0.6970227670753065,0.9789708882290628
2024,05,GBR.1.36.29.10_1,0.7057793345008757,0.9810015290507961
2024,05,GBR.1.36.29.11_1,0.7110332749562173,0.9821690282227392
2024,05,GBR.1.36.29.12_1,0.7285464098073555,0.9857869952479592
2024,05,GBR.1.36.29.13_1,0.6760070052539405,0.9736611320166786
2024,05,GBR.1.36.29.14_1,0.6865148861646235,0.9763933633531108
2024,05,GBR.1.36.29.15_1,0.6637478108581437,0.970276249322841
2024,05,GBR.1.36.29.16_1,0.7285464098073555,0.9857869952479592
2024,05,GBR.1.36.29.17_1,0.660245183887916,0.9692698282728087
2024,05,GBR.1.36.29.18_1,0.6987740805604205,0.9793855216409929
2024,05,GBR.1.36.29.2_1,0.6952714535901927,0.97855199146494
2024,05,GBR.1.36.29.3_1,0.6725043782837129,0.9727157858285225
2024,05,GBR.1.36.29.4_1,0.6777583187390543,0.9741273017424364
2024,05,GBR.1.36.29.5_1,0.7338003502626971,0.986790757962396
2024,05,GBR.1.36.29.6_1,0.7075306479859896,0.9813949256033475
2024,05,GBR.1.36.29.7_1,0.6725043782837129,0.9727157858285225
2024,05,GBR.1.36.29.8_1,0.712784588441331,0.9825497442877892
2024,05,GBR.1.36.29.9_1,0.6865148861646235,0.9763933633531108
2024,05,GBR.1.36.3.1_1,0.6795096322241682,0.9745891442038537
2024,05,GBR.1.36.3.10_1,0.7565674255691769,0.9907088371464141
2024,05,GBR.1.36.3.11_1,0.7705779334500876,0.9927738916792685
2024,05,GBR.1.36.3.12_1,0.7110332749562173,0.9821690282227392
2024,05,GBR.1.36.3.13_1,0.6935201401050789,0.9781288258711119
2024,05,GBR.1.36.3.14_1,0.6777583187390543,0.9741273017424364
2024,05,GBR.1.36.3.15_1,0.6900175131348513,0.9772696659571503
2024,05,GBR.1.36.3.16_1,0.7162872154115587,0.9832985304575615
2024,05,GBR.1.36.3.17_1,0.7478108581436077,0.9892845899942038
2024,05,GBR.1.36.3.2_1,0.7232924693520141,0.9847456524402634
2024,05,GBR.1.36.3.3_1,0.7618213660245184,0.9915139938498094
2024,05,GBR.1.36.3.4_1,0.7232924693520141,0.9847456524402634
2024,05,GBR.1.36.3.5_1,0.6847635726795097,0.9759487691472335
2024,05,GBR.1.36.3.6_1,0.7408056042031524,0.9880708476622514
2024,05,GBR.1.36.3.7_1,0.7092819614711035,0.9817840903172144
2024,05,GBR.1.36.3.8_1,0.7355516637478109,0.9871170143402452
2024,05,GBR.1.36.3.9_1,0.7373029772329247,0.987439112046915
2024,05,GBR.1.36.30.1_1,0.7250437828371279,0.9850969495435462
2024,05,GBR.1.36.30.10_1,0.6812609457092821,0.975046665549911
2024,05,GBR.1.36.30.11_1,0.7145359019264449,0.9829262434180909
2024,05,GBR.1.36.30.12_1,0.6935201401050789,0.9781288258711119
2024,05,GBR.1.36.30.13_1,0.7302977232924693,0.9861257526299574
2024,05,GBR.1.36.30.14_1,0.6970227670753065,0.9789708882290628
2024,05,GBR.1.36.30.15_1,0.6795096322241682,0.9745891442038537
2024,05,GBR.1.36.30.16_1,0.6742556917688267,0.9731906288081488
2024,05,GBR.1.36.30.17_1,0.7180385288966725,0.983666610188635
2024,05,GBR.1.36.30.18_1,0.660245183887916,0.9692698282728087
2024,05,GBR.1.36.30.19_1,0.6725043782837129,0.9727157858285225
2024,05,GBR.1.36.30.2_1,0.6917688266199651,0.9777013859047148
2024,05,GBR.1.36.30.20_1,0.6760070052539405,0.9736611320166786
2024,05,GBR.1.36.30.21_1,0.6935201401050789,0.9781288258711119
2024,05,GBR.1.36.30.22_1,0.6444833625218914,0.9645226798784983
2024,05,GBR.1.36.30.3_1,0.6935201401050789,0.9781288258711119
2024,05,GBR.1.36.30.4_1,0.712784588441331,0.9825497442877892
2024,05,GBR.1.36.30.5_1,0.7197898423817863,0.9840304873325826
2024,05,GBR.1.36.30.6_1,0.7162872154115587,0.9832985304575615
2024,05,GBR.1.36.30.7_1,0.7110332749562173,0.9821690282227392
2024,05,GBR.1.36.30.8_1,0.712784588441331,0.9825497442877892
2024,05,GBR.1.36.30.9_1,0.6584938704028022,0.9687600322061186
2024,05,GBR.1.36.31.1_1,0.7250437828371279,0.9850969495435462
2024,05,GBR.1.36.31.10_1,0.7092819614711035,0.9817840903172144
2024,05,GBR.1.36.31.11_1,0.7355516637478109,0.9871170143402452
2024,05,GBR.1.36.31.12_1,0.6795096322241682,0.9745891442038537
2024,05,GBR.1.36.31.13_1,0.777583187390543,0.9937082066683358
2024,05,GBR.1.36.31.14_1,0.7513134851138354,0.9898666576867816
2024,05,GBR.1.36.31.15_1,0.7110332749562173,0.9821690282227392
2024,05,GBR.1.36.31.16_1,0.7390542907180385,0.9877570551507087
2024,05,GBR.1.36.31.17_1,0.7022767075306481,0.9802020199938377
2024,05,GBR.1.36.31.18_1,0.670753064798599,0.9722365967191319
2024,05,GBR.1.36.31.19_1,0.7145359019264449,0.9829262434180909
2024,05,GBR.1.36.31.2_1,0.7180385288966725,0.983666610188635
2024,05,GBR.1.36.31.20_1,0.7302977232924693,0.9861257526299574
2024,05,GBR.1.36.31.3_1,0.7040280210157619,0.9806038955664005
2024,05,GBR.1.36.31.4_1,0.7040280210157619,0.9806038955664005
2024,05,GBR.1.36.31.5_1,0.7040280210157619,0.9806038955664005
2024,05,GBR.1.36.31.6_1,0.6987740805604205,0.9793855216409929
2024,05,GBR.1.36.31.7_1,0.660245183887916,0.9692698282728087
2024,05,GBR.1.36.31.8_1,0.7022767075306481,0.9802020199938377
2024,05,GBR.1.36.31.9_1,0.6812609457092821,0.975046665549911
2024,05,GBR.1.36.32.12_1,0.7092819614711035,0.9817840903172144
2024,05,GBR.1.36.32.16_1,0.6882661996497373,0.976833660353696
2024,05,GBR.1.36.32.17_1,0.6619964973730298,0.9697752316903129
2024,05,GBR.1.36.32.20_1,0.6584938704028022,0.9687600322061186
2024,05,GBR.1.36.32.6_1,0.6830122591943959,0.9754998718605759
2024,05,GBR.1.36.32.7_1,0.63922942206655,0.9628603221651623
2024,05,GBR.1.36.4.11_1,0.7338003502626971,0.986790757962396
2024,05,GBR.1.36.4.4_1,0.6549912434325745,0.9677272342969376
2024,05,GBR.1.36.4.6_1,0.6742556917688267,0.9731906288081488
2024,05,GBR.1.36.5.11_1,0.7267950963222417,0.9854440623394105
2024,05,GBR.1.36.5.12_1,0.7005253940455343,0.9797958971132712
2024,05,GBR.1.36.5.16_1,0.6882661996497373,0.976833660353696
2024,05,GBR.1.36.5.17_1,0.7022767075306481,0.9802020199938377
2024,05,GBR.1.36.5.22_1,0.7162872154115587,0.9832985304575615
2024,05,GBR.1.36.5.5_1,0.7232924693520141,0.9847456524402634
2024,05,GBR.1.36.5.6_1,0.6742556917688267,0.9731906288081488
2024,05,GBR.1.36.5.9_1,0.6987740805604205,0.9793855216409929
2024,05,GBR.1.36.6.11_1,0.6742556917688267,0.9731906288081488
2024,05,GBR.1.36.6.6_1,0.6637478108581437,0.970276249322841
2024,05,GBR.1.36.6.9_1,0.6777583187390543,0.9741273017424364
2024,05,GBR.1.36.7.11_1,0.7110332749562173,0.9821690282227392
2024,05,GBR.1.36.7.5_1,0.6619964973730298,0.9697752316903129
2024,05,GBR.1.36.8.14_1,0.7162872154115587,0.9832985304575615
2024,05,GBR.1.36.8.17_1,0.7057793345008757,0.9810015290507961
2024,05,GBR.1.36.8.19_1,0.6830122591943959,0.9754998718605759
2024,05,GBR.1.36.8.21_1,0.7005253940455343,0.9797958971132712
2024,05,GBR.1.36.8.22_1,0.6935201401050789,0.9781288258711119
2024,05,GBR.1.36.8.23_1,0.7285464098073555,0.9857869952479592
2024,05,GBR.1.36.8.5_1,0.6725043782837129,0.9727157858285225
2024,05,GBR.1.36.8.7_1,0.6637478108581437,0.970276249322841
2024,05,GBR.1.36.9.11_1,0.6654991243432575,0.9707728879609279
2024,05,GBR.1.36.9.12_1,0.6637478108581437,0.970276249322841
2024,05,GBR.1.36.9.14_1,0.7040280210157619,0.9806038955664005
2024,05,GBR.1.36.9.17_1,0.712784588441331,0.9825497442877892
2024,05,GBR.1.36.9.19_1,0.6900175131348513,0.9772696659571503
2024,05,GBR.1.36.9.20_1,0.7022767075306481,0.9802020199938377
2024,05,GBR.1.36.9.3_1,0.7285464098073555,0.9857869952479592
2024,05,GBR.1.36.9.4_1,0.7250437828371279,0.9850969495435462
2024,05,GBR.1.36.9.5_1,0.7320490367775833,0.98646033878712025
2024,05,GBR.1.36.9.6_1,0.7425569176882663,0.9883804935347521
2024,05,GBR.1.36.9.7_1,0.6847635726795097,0.9759487691472335
2024,05,GBR.1.37.1_1,0.7390542907180385,0.9877570551507087
2024,05,GBR.1.37.1.12_1,0.6952714535901927,0.97855199146494
2024,05,GBR.1.37.1.13_1,0.7408056042031524,0.9880708476622514
2024,05,GBR.1.37.1.17_1,0.7022767075306481,0.9802020199938377
2024,05,GBR.1.37.1.2_1,0.7390542907180385,0.9877570551507087
2024,05,GBR.1.37.1.5_1,0.7040280210157619,0.9806038955664005
2024,05,GBR.1.37.1.9_1,0.7495621716287216,0.9895776877031939
2024,05,GBR.1.38.1.10_1,0.6514886164623468,0.9666767815562759
2024,05,GBR.1.38.1.15_1,0.7197898423817863,0.9840304873325826
2024,05,GBR.1.38.1.18_1,0.7162872154115587,0.9832985304575615
2024,05,GBR.1.38.1.19_1,0.7092819614711035,0.9817840903172144
2024,05,GBR.1.38.1.27_1,0.7285464098073555,0.9857869952479592
2024,05,GBR.1.38.1.28_1,0.7232924693520141,0.9847456524402634
2024,05,GBR.1.38.1.8_1,0.7460595446584939,0.9889873608899156
2024,05,GBR.1.38.10.1_1,0.6637478108581437,0.970276249322841
2024,05,GBR.1.38.10.10_1,0.7320490367775833,0.98646033878712025
2024,05,GBR.1.38.10.11_1,0.7162872154115587,0.9832985304575615
2024,05,GBR.1.38.10.12_1,0.6795096322241682,0.9745891442038537
2024,05,GBR.1.38.10.13_1,0.7338003502626971,0.986790757962396
2024,05,GBR.1.38.10.14_1,0.6725043782837129,0.9727157858285225
2024,05,GBR.1.38.10.15_1,0.6812609457092821,0.975046665549911
2024,05,GBR.1.38.10.16_1,0.6935201401050789,0.9781288258711119
2024,05,GBR.1.38.10.17_1,0.7390542907180385,0.9877570551507087
2024,05,GBR.1.38.10.18_1,0.6830122591943959,0.9754998718605759
2024,05,GBR.1.38.10.19_1,0.7162872154115587,0.9832985304575615
2024,05,GBR.1.38.10.2_1,0.6970227670753065,0.9789708882290628
2024,05,GBR.1.38.10.20_1,0.7232924693520141,0.9847456524402634
2024,05,GBR.1.38.10.21_1,0.7145359019264449,0.9829262434180909
2024,05,GBR.1.38.10.22_1,0.712784588441331,0.9825497442877892
2024,05,GBR.1.38.10.23_1,0.6795096322241682,0.9745891442038537
2024,05,GBR.1.38.10.24_1,0.7600700525394046,0.9912497162672985
2024,05,GBR.1.38.10.3_1,0.7267950963222417,0.9854440623394105
2024,05,GBR.1.38.10.4_1,0.7443082311733801,0.9886859966642594
2024,05,GBR.1.38.10.5_1,0.6970227670753065,0.9789708882290628
2024,05,GBR.1.38.10.6_1,0.7302977232924693,0.9861257526299574
2024,05,GBR.1.38.10.7_1,0.7022767075306481,0.9802020199938377
2024,05,GBR.1.38.10.8_1,0.7285464098073555,0.9857869952479592
2024,05,GBR.1.38.10.9_1,0.7215411558669002,0.9843901665498289
2024,05,GBR.1.38.11.1_1,0.7057793345008757,0.9810015290507961
2024,05,GBR.1.38.11.10_1,0.7635726795096323,0.9917741678426597
2024,05,GBR.1.38.11.11_1,0.7408056042031524,0.9880708476622514
2024,05,GBR.1.38.11.12_1,0.7495621716287216,0.9895776877031939
2024,05,GBR.1.38.11.13_1,0.6970227670753065,0.9789708882290628
2024,05,GBR.1.38.11.14_1,0.7355516637478109,0.9871170143402452
2024,05,GBR.1.38.11.15_1,0.7057793345008757,0.9810015290507961
2024,05,GBR.1.38.11.16_1,0.7267950963222417,0.9854440623394105
2024,05,GBR.1.38.11.17_1,0.6987740805604205,0.9793855216409929
2024,05,GBR.1.38.11.2_1,0.6672504378283713,0.9712651543219287
2024,05,GBR.1.38.11.3_1,0.7145359019264449,0.9829262434180909
2024,05,GBR.1.38.11.4_1,0.6795096322241682,0.9745891442038537
2024,05,GBR.1.38.11.5_1,0.6882661996497373,0.976833660353696
2024,05,GBR.1.38.11.6_1,0.7250437828371279,0.9850969495435462
2024,05,GBR.1.38.11.7_1,0.7162872154115587,0.9832985304575615
2024,05,GBR.1.38.11.8_1,0.7250437828371279,0.9850969495435462
2024,05,GBR.1.38.11.9_1,0.6882661996497373,0.976833660353696
2024,05,GBR.1.38.2.1_1,0.6427320490367776,0.9639730286683336
2024,05,GBR.1.38.2.10_1,0.6637478108581437,0.970276249322841
2024,05,GBR.1.38.2.11_1,0.7145359019264449,0.9829262434180909
2024,05,GBR.1.38.2.12_1,0.649737302977233,0.9661449166662318
2024,05,GBR.1.38.2.13_1,0.7145359019264449,0.9829262434180909
2024,05,GBR.1.38.2.14_1,0.6830122591943959,0.9754998718605759
2024,05,GBR.1.38.2.15_1,0.7232924693520141,0.9847456524402634
2024,05,GBR.1.38.2.16_1,0.6987740805604205,0.9793855216409929
2024,05,GBR.1.38.2.17_1,0.7320490367775833,0.98646033878712025
2024,05,GBR.1.38.2.18_1,0.7215411558669002,0.9843901665498289
2024,05,GBR.1.38.2.19_1,0.6882661996497373,0.976833660353696
2024,05,GBR.1.38.2.2_1,0.6672504378283713,0.9712651543219287
2024,05,GBR.1.38.2.20_1,0.6584938704028022,0.9687600322061186
2024,05,GBR.1.38.2.21_1,0.7075306479859896,0.9813949256033475
2024,05,GBR.1.38.2.22_1,0.6952714535901927,0.97855199146494
2024,05,GBR.1.38.2.23_1,0.7180385288966725,0.983666610188635
2024,05,GBR.1.38.2.24_1,0.6847635726795097,0.9759487691472335
2024,05,GBR.1.38.2.25_1,0.6812609457092821,0.975046665549911
2024,05,GBR.1.38.2.26_1,0.6917688266199651,0.9777013859047148
2024,05,GBR.1.38.2.27_1,0.6812609457092821,0.975046665549911
2024,05,GBR.1.38.2.28_1,0.7443082311733801,0.9886859966642594
2024,05,GBR.1.38.2.29_1,0.6234676007005254,0.9576304088739037
2024,05,GBR.1.38.2.3_1,0.6970227670753065,0.9789708882290628
2024,05,GBR.1.38.2.30_1,0.7040280210157619,0.9806038955664005
2024,05,GBR.1.38.2.31_1,0.7040280210157619,0.9806038955664005
2024,05,GBR.1.38.2.32_1,0.7057793345008757,0.9810015290507961
2024,05,GBR.1.38.2.33_1,0.7197898423817863,0.9840304873325826
2024,05,GBR.1.38.2.34_1,0.7215411558669002,0.9843901665498289
2024,05,GBR.1.38.2.35_1,0.6672504378283713,0.9712651543219287
2024,05,GBR.1.38.2.36_1,0.7075306479859896,0.9813949256033475
2024,05,GBR.1.38.2.37_1,0.6882661996497373,0.976833660353696
2024,05,GBR.1.38.2.38_1,0.6795096322241682,0.9745891442038537
2024,05,GBR.1.38.2.4_1,0.6672504378283713,0.9712651543219287
2024,05,GBR.1.38.2.5_1,0.6795096322241682,0.9745891442038537
2024,05,GBR.1.38.2.6_1,0.7005253940455343,0.9797958971132712
2024,05,GBR.1.38.2.7_1,0.6549912434325745,0.9677272342969376
2024,05,GBR.1.38.2.8_1,0.6619964973730298,0.9697752316903129
2024,05,GBR.1.38.2.9_1,0.7583187390542908,0.9909813318120578
2024,05,GBR.1.38.3.1_1,0.6987740805604205,0.9793855216409929
2024,05,GBR.1.38.3.10_1,0.7232924693520141,0.9847456524402634
2024,05,GBR.1.38.3.11_1,0.7110332749562173,0.9821690282227392
2024,05,GBR.1.38.3.12_1,0.7022767075306481,0.9802020199938377
2024,05,GBR.1.38.3.13_1,0.7302977232924693,0.9861257526299574
2024,05,GBR.1.38.3.14_1,0.7302977232924693,0.9861257526299574
2024,05,GBR.1.38.3.15_1,0.6812609457092821,0.975046665549911
2024,05,GBR.1.38.3.2_1,0.7250437828371279,0.9850969495435462
2024,05,GBR.1.38.3.3_1,0.712784588441331,0.9825497442877892
2024,05,GBR.1.38.3.4_1,0.7215411558669002,0.9843901665498289
2024,05,GBR.1.38.3.5_1,0.6795096322241682,0.9745891442038537
2024,05,GBR.1.38.3.6_1,0.7092819614711035,0.9817840903172144
2024,05,GBR.1.38.3.7_1,0.7145359019264449,0.9829262434180909
2024,05,GBR.1.38.3.8_1,0.6690017513134852,0.9717530550505102
2024,05,GBR.1.38.3.9_1,0.7092819614711035,0.9817840903172144
2024,05,GBR.1.38.4.10_1,0.7022767075306481,0.9802020199938377
2024,05,GBR.1.38.4.11_1,0.7653239929947461,0.9920302414745228
2024,05,GBR.1.38.4.12_1,0.712784588441331,0.9825497442877892
2024,05,GBR.1.38.4.14_1,0.7460595446584939,0.9889873608899156
2024,05,GBR.1.38.4.15_1,0.7075306479859896,0.9813949256033475
2024,05,GBR.1.38.4.16_1,0.6619964973730298,0.9697752316903129
2024,05,GBR.1.38.4.2_1,0.7092819614711035,0.9817840903172144
2024,05,GBR.1.38.4.3_1,0.6654991243432575,0.9707728879609279
2024,05,GBR.1.38.4.4_1,0.7075306479859896,0.9813949256033475
2024,05,GBR.1.38.4.5_1,0.7495621716287216,0.9895776877031939
2024,05,GBR.1.38.4.6_1,0.6865148861646235,0.9763933633531108
2024,05,GBR.1.38.4.8_1,0.7232924693520141,0.9847456524402634
2024,05,GBR.1.38.4.9_1,0.670753064798599,0.9722365967191319
2024,05,GBR.1.38.6.1_1,0.6882661996497373,0.976833660353696
2024,05,GBR.1.38.6.5_1,0.6619964973730298,0.9697752316903129
2024,05,GBR.1.38.6.7_1,0.712784588441331,0.9825497442877892
2024,05,GBR.1.38.6.8_1,0.6830122591943959,0.9754998718605759
2024,05,GBR.1.38.6.9_1,0.7267950963222417,0.9854440623394105
2024,05,GBR.1.38.7.1_1,0.7320490367775833,0.98646033878712025
2024,05,GBR.1.38.7.10_1,0.7145359019264449,0.9829262434180909
2024,05,GBR.1.38.7.11_1,0.7215411558669002,0.9843901665498289
2024,05,GBR.1.38.7.2_1,0.7705779334500876,0.9927738916792685
2024,05,GBR.1.38.7.3_1,0.7635726795096323,0.9917741678426597
2024,05,GBR.1.38.7.4_1,0.7180385288966725,0.983666610188635
2024,05,GBR.1.38.7.5_1,0.7320490367775833,0.98646033878712025
2024,05,GBR.1.38.7.6_1,0.6987740805604205,0.9793855216409929
2024,05,GBR.1.38.7.7_1,0.7162872154115587,0.9832985304575615
2024,05,GBR.1.38.7.8_1,0.7302977232924693,0.9861257526299574
2024,05,GBR.1.38.7.9_1,0.7267950963222417,0.9854440623394105
2024,05,GBR.1.38.8.1_1,0.7250437828371279,0.9850969495435462
2024,05,GBR.1.38.8.10_1,0.7040280210157619,0.9806038955664005
2024,05,GBR.1.38.8.11_1,0.7022767075306481,0.9802020199938377
2024,05,GBR.1.38.8.12_1,0.7075306479859896,0.9813949256033475
2024,05,GBR.1.38.8.13_1,0.7215411558669002,0.9843901665498289
2024,05,GBR.1.38.8.14_1,0.7162872154115587,0.9832985304575615
2024,05,GBR.1.38.8.15_1,0.7530647985989493,0.990151503558925
2024,05,GBR.1.38.8.16_1,0.7057793345008757,0.9810015290507961
2024,05,GBR.1.38.8.17_1,0.7338003502626971,0.986790757962396
2024,05,GBR.1.38.8.18_1,0.7197898423817863,0.9840304873325826
2024,05,GBR.1.38.8.19_1,0.6917688266199651,0.9777013859047148
2024,05,GBR.1.38.8.20_1,0.7530647985989493,0.990151503558925
2024,05,GBR.1.38.8.22_1,0.7478108581436077,0.9892845899942038
2024,05,GBR.1.38.8.23_1,0.7355516637478109,0.9871170143402452
2024,05,GBR.1.38.8.25_1,0.6935201401050789,0.9781288258711119
2024,05,GBR.1.38.8.26_1,0.7197898423817863,0.9840304873325826
2024,05,GBR.1.38.8.27_1,0.7390542907180385,0.9877570551507087
2024,05,GBR.1.38.8.28_1,0.712784588441331,0.9825497442877892
2024,05,GBR.1.38.8.29_1,0.7495621716287216,0.9895776877031939
2024,05,GBR.1.38.8.3_1,0.7565674255691769,0.9907088371464141
2024,05,GBR.1.38.8.30_1,0.6532399299474606,0.9672042183530839
2024,05,GBR.1.38.8.31_1,0.7338003502626971,0.986790757962396
2024,05,GBR.1.38.8.32_1,0.7285464098073555,0.9857869952479592
2024,05,GBR.1.38.8.33_1,0.6882661996497373,0.976833660353696
2024,05,GBR.1.38.8.4_1,0.7180385288966725,0.983666610188635
2024,05,GBR.1.38.8.5_1,0.7460595446584939,0.9889873608899156
2024,05,GBR.1.38.8.6_1,0.7250437828371279,0.9850969495435462
2024,05,GBR.1.38.8.7_1,0.7373029772329247,0.987439112046915
2024,05,GBR.1.38.8.8_1,0.6900175131348513,0.9772696659571503
2024,05,GBR.1.38.8.9_1,0.6900175131348513,0.9772696659571503
2024,05,GBR.1.38.9.1_1,0.6970227670753065,0.9789708882290628
2024,05,GBR.1.38.9.10_1,0.7075306479859896,0.9813949256033475
2024,05,GBR.1.38.9.11_1,0.7145359019264449,0.9829262434180909
2024,05,GBR.1.38.9.12_1,0.6952714535901927,0.97855199146494
2024,05,GBR.1.38.9.13_1,0.6795096322241682,0.9745891442038537
2024,05,GBR.1.38.9.15_1,0.6865148861646235,0.9763933633531108
2024,05,GBR.1.38.9.16_1,0.7267950963222417,0.9854440623394105
2024,05,GBR.1.38.9.17_1,0.7215411558669002,0.9843901665498289
2024,05,GBR.1.38.9.2_1,0.6795096322241682,0.9745891442038537
2024,05,GBR.1.38.9.3_1,0.7162872154115587,0.9832985304575615
2024,05,GBR.1.38.9.5_1,0.6742556917688267,0.9731906288081488
2024,05,GBR.1.38.9.6_1,0.6742556917688267,0.9731906288081488
2024,05,GBR.1.38.9.7_1,0.7040280210157619,0.9806038955664005
2024,05,GBR.1.38.9.8_1,0.6690017513134852,0.9717530550505102
2024,05,GBR.1.39.1.2_1,0.7022767075306481,0.9802020199938377
2024,05,GBR.1.39.1.5_1,0.7197898423817863,0.9840304873325826
2024,05,GBR.1.39.1.9_1,0.7425569176882663,0.9883804935347521
2024,05,GBR.1.4.1.1_1,0.6619964973730298,0.9697752316903129
2024,05,GBR.1.4.1.10_1,0.6865148861646235,0.9763933633531108
2024,05,GBR.1.4.1.11_1,0.6900175131348513,0.9772696659571503
2024,05,GBR.1.4.1.12_1,0.6234676007005254,0.9576304088739037
2024,05,GBR.1.4.1.13_1,0.7425569176882663,0.9883804935347521
2024,05,GBR.1.4.1.14_1,0.6900175131348513,0.9772696659571503
2024,05,GBR.1.4.1.15_1,0.6619964973730298,0.9697752316903129
2024,05,GBR.1.4.1.16_1,0.6567425569176883,0.9682458365518543
2024,05,GBR.1.4.1.17_1,0.6952714535901927,0.97855199146494
2024,05,GBR.1.4.1.18_1,0.7040280210157619,0.9806038955664005
2024,05,GBR.1.4.1.19_1,0.6830122591943959,0.9754998718605759
2024,05,GBR.1.4.1.2_1,0.6479859894921192,0.9656086163658648
2024,05,GBR.1.4.1.20_1,0.6795096322241682,0.9745891442038537
2024,05,GBR.1.4.1.21_1,0.670753064798599,0.9722365967191319
2024,05,GBR.1.4.1.22_1,0.6462346760070053,0.965067873260736
2024,05,GBR.1.4.1.23_1,0.7197898423817863,0.9840304873325826
2024,05,GBR.1.4.1.24_1,0.6339754816112084,0.9611576353543679
2024,05,GBR.1.4.1.25_1,0.6777583187390543,0.9741273017424364
2024,05,GBR.1.4.1.26_1,0.6935201401050789,0.9781288258711119
2024,05,GBR.1.4.1.27_1,0.7040280210157619,0.9806038955664005
2024,05,GBR.1.4.1.28_1,0.6304728546409808,0.96
2024,05,GBR.1.4.1.29_1,0.6182136602451839,0.9558054195284729
2024,05,GBR.1.4.1.3_1,0.6549912434325745,0.9677272342969376
2024,05,GBR.1.4.1.30_1,0.6725043782837129,0.9727157858285225
2024,05,GBR.1.4.1.31_1,0.6760070052539405,0.9736611320166786
2024,05,GBR.1.4.1.32_1,0.6987740805604205,0.9793855216409929
2024,05,GBR.1.4.1.34_1,0.6935201401050789,0.9781288258711119
2024,05,GBR.1.4.1.35_1,0.6935201401050789,0.9781288258711119
2024,05,GBR.1.4.1.36_1,0.6742556917688267,0.9731906288081488
2024,05,GBR.1.4.1.37_1,0.670753064798599,0.9722365967191319
2024,05,GBR.1.4.1.39_1,0.6619964973730298,0.9697752316903129
2024,05,GBR.1.4.1.4_1,0.6777583187390543,0.9741273017424364
2024,05,GBR.1.4.1.40_1,0.6252189141856392,0.9582296175760798
2024,05,GBR.1.4.1.41_1,0.6532399299474606,0.9672042183530839
2024,05,GBR.1.4.1.42_1,0.6935201401050789,0.9781288258711119
2024,05,GBR.1.4.1.44_1,0.7425569176882663,0.9883804935347521
2024,05,GBR.1.4.1.45_1,0.7092819614711035,0.9817840903172144
2024,05,GBR.1.4.1.46_1,0.7162872154115587,0.9832985304575615
2024,05,GBR.1.4.1.47_1,0.7092819614711035,0.9817840903172144
2024,05,GBR.1.4.1.48_1,0.6935201401050789,0.9781288258711119
2024,05,GBR.1.4.1.49_1,0.6549912434325745,0.9677272342969376
2024,05,GBR.1.4.1.5_1,0.6865148861646235,0.9763933633531108
2024,05,GBR.1.4.1.50_1,0.628721541155867,0.9594144047282176
2024,05,GBR.1.4.1.51_1,0.6987740805604205,0.9793855216409929
2024,05,GBR.1.4.1.52_1,0.7075306479859896,0.9813949256033475
2024,05,GBR.1.4.1.53_1,0.6690017513134852,0.9717530550505102
2024,05,GBR.1.4.1.54_1,0.6252189141856392,0.9582296175760798
2024,05,GBR.1.4.1.55_1,0.6952714535901927,0.97855199146494
2024,05,GBR.1.4.1.56_1,0.6900175131348513,0.9772696659571503
2024,05,GBR.1.4.1.57_1,0.6795096322241682,0.9745891442038537
2024,05,GBR.1.4.1.58_1,0.7197898423817863,0.9840304873325826
2024,05,GBR.1.4.1.59_1,0.712784588441331,0.9825497442877892
2024,05,GBR.1.4.1.6_1,0.7092819614711035,0.9817840903172144
2024,05,GBR.1.4.1.60_1,0.7548161120840631,0.9904322288778774
2024,05,GBR.1.4.1.61_1,0.7057793345008757,0.9810015290507961
2024,05,GBR.1.4.1.62_1,0.7162872154115587,0.9832985304575615
2024,05,GBR.1.4.1.63_1,0.6882661996497373,0.976833660353696
2024,05,GBR.1.4.1.64_1,0.6742556917688267,0.9731906288081488
2024,05,GBR.1.4.1.65_1,0.7057793345008757,0.9810015290507961
2024,05,GBR.1.4.1.66_1,0.7057793345008757,0.9810015290507961
2024,05,GBR.1.4.1.67_1,0.7197898423817863,0.9840304873325826
2024,05,GBR.1.4.1.68_1,0.660245183887916,0.9692698282728087
2024,05,GBR.1.4.1.69_1,0.6882661996497373,0.976833660353696
2024,05,GBR.1.4.1.7_1,0.7040280210157619,0.9806038955664005
2024,05,GBR.1.4.1.8_1,0.6725043782837129,0.9727157858285225
2024,05,GBR.1.4.1.9_1,0.6987740805604205,0.9793855216409929
2024,05,GBR.1.40.1.1_1,0.6900175131348513,0.9772696659571503
2024,05,GBR.1.40.1.11_1,0.712784588441331,0.9825497442877892
2024,05,GBR.1.40.1.17_1,0.7267950963222417,0.9854440623394105
2024,05,GBR.1.40.1.18_1,0.6900175131348513,0.9772696659571503
2024,05,GBR.1.40.1.21_1,0.7057793345008757,0.9810015290507961
2024,05,GBR.1.40.1.24_1,0.6952714535901927,0.97855199146494
2024,05,GBR.1.40.1.25_1,0.6742556917688267,0.9731906288081488
2024,05,GBR.1.40.1.27_1,0.7215411558669002,0.9843901665498289
2024,05,GBR.1.40.1.29_1,0.7005253940455343,0.9797958971132712
2024,05,GBR.1.40.1.32_1,0.6847635726795097,0.9759487691472335
2024,05,GBR.1.40.1.35_1,0.7197898423817863,0.9840304873325826
2024,05,GBR.1.40.1.36_1,0.6479859894921192,0.9656086163658648
2024,05,GBR.1.40.1.38_1,0.7215411558669002,0.9843901665498289
2024,05,GBR.1.40.1.39_1,0.6847635726795097,0.9759487691472335
2024,05,GBR.1.40.1.48_1,0.6409807355516638,0.9634189120003821
2024,05,GBR.1.40.1.6_1,0.670753064798599,0.9722365967191319
2024,05,GBR.1.40.1.7_1,0.6129597197898424,0.9539392014169457
2024,05,GBR.1.40.1.9_1,0.6987740805604205,0.9793855216409929
2024,05,GBR.1.41.1.1_1,0.6830122591943959,0.9754998718605759
2024,05,GBR.1.41.1.2_1,0.6987740805604205,0.9793855216409929
2024,05,GBR.1.41.1.3_1,0.7145359019264449,0.9829262434180909
2024,05,GBR.1.41.1.4_1,0.6935201401050789,0.9781288258711119
2024,05,GBR.1.41.1.5_1,0.7197898423817863,0.9840304873325826
2024,05,GBR.1.41.1.6_1,0.6742556917688267,0.9731906288081488
2024,05,GBR.1.41.1.7_1,0.6952714535901927,0.97855199146494
2024,05,GBR.1.41.1.8_1,0.7320490367775833,0.98646033878712025
2024,05,GBR.1.41.10.1_1,0.7092819614711035,0.9817840903172144
2024,05,GBR.1.41.10.10_1,0.7092819614711035,0.9817840903172144
2024,05,GBR.1.41.10.11_1,0.7075306479859896,0.9813949256033475
2024,05,GBR.1.41.10.12_1,0.7320490367775833,0.98646033878712025
2024,05,GBR.1.41.10.13_1,0.6952714535901927,0.97855199146494
2024,05,GBR.1.41.10.14_1,0.6987740805604205,0.9793855216409929
2024,05,GBR.1.41.10.15_1,0.7250437828371279,0.9850969495435462
2024,05,GBR.1.41.10.2_1,0.7285464098073555,0.9857869952479592
2024,05,GBR.1.41.10.3_1,0.6987740805604205,0.9793855216409929
2024,05,GBR.1.41.10.4_1,0.7443082311733801,0.9886859966642594
2024,05,GBR.1.41.10.5_1,0.7040280210157619,0.9806038955664005
2024,05,GBR.1.41.10.6_1,0.7180385288966725,0.983666610188635
2024,05,GBR.1.41.10.7_1,0.6882661996497373,0.976833660353696
2024,05,GBR.1.41.10.8_1,0.7320490367775833,0.98646033878712025
2024,05,GBR.1.41.10.9_1,0.7408056042031524,0.9880708476622514
2024,05,GBR.1.41.2.1_1,0.7005253940455343,0.9797958971132712
2024,05,GBR.1.41.2.10_1,0.6690017513134852,0.9717530550505102
2024,05,GBR.1.41.2.11_1,0.7092819614711035,0.9817840903172144
2024,05,GBR.1.41.2.12_1,0.7390542907180385,0.9877570551507087
2024,05,GBR.1.41.2.13_1,0.6690017513134852,0.9717530550505102
2024,05,GBR.1.41.2.14_1,0.7145359019264449,0.9829262434180909
2024,05,GBR.1.41.2.15_1,0.6584938704028022,0.9687600322061186
2024,05,GBR.1.41.2.16_1,0.6690017513134852,0.9717530550505102
2024,05,GBR.1.41.2.17_1,0.660245183887916,0.9692698282728087
2024,05,GBR.1.41.2.18_1,0.7005253940455343,0.9797958971132712
2024,05,GBR.1.41.2.19_1,0.6742556917688267,0.9731906288081488
2024,05,GBR.1.41.2.2_1,0.7355516637478109,0.9871170143402452
2024,05,GBR.1.41.2.20_1,0.6952714535901927,0.97855199146494
2024,05,GBR.1.41.2.21_1,0.660245183887916,0.9692698282728087
2024,05,GBR.1.41.2.23_1,0.6619964973730298,0.9697752316903129
2024,05,GBR.1.41.2.25_1,0.6462346760070053,0.965067873260736
2024,05,GBR.1.41.2.26_1,0.7005253940455343,0.9797958971132712
2024,05,GBR.1.41.2.27_1,0.6725043782837129,0.9727157858285225
2024,05,GBR.1.41.2.3_1,0.7145359019264449,0.9829262434180909
2024,05,GBR.1.41.2.4_1,0.7075306479859896,0.9813949256033475
2024,05,GBR.1.41.2.5_1,0.6970227670753065,0.9789708882290628
2024,05,GBR.1.41.2.6_1,0.6865148861646235,0.9763933633531108
2024,05,GBR.1.41.2.7_1,0.7355516637478109,0.9871170143402452
2024,05,GBR.1.41.2.8_1,0.6567425569176883,0.9682458365518543
2024,05,GBR.1.41.2.9_1,0.712784588441331,0.9825497442877892
2024,05,GBR.1.41.3.1_1,0.7285464098073555,0.9857869952479592
2024,05,GBR.1.41.3.10_1,0.7145359019264449,0.9829262434180909
2024,05,GBR.1.41.3.11_1,0.7425569176882663,0.9883804935347521
2024,05,GBR.1.41.3.12_1,0.6812609457092821,0.975046665549911
2024,05,GBR.1.41.3.13_1,0.7215411558669002,0.9843901665498289
2024,05,GBR.1.41.3.14_1,0.7285464098073555,0.9857869952479592
2024,05,GBR.1.41.3.15_1,0.7513134851138354,0.9898666576867816
2024,05,GBR.1.41.3.16_1,0.7040280210157619,0.9806038955664005
2024,05,GBR.1.41.3.17_1,0.6882661996497373,0.976833660353696
2024,05,GBR.1.41.3.18_1,0.7040280210157619,0.9806038955664005
2024,05,GBR.1.41.3.19_1,0.7250437828371279,0.9850969495435462
2024,05,GBR.1.41.3.2_1,0.7215411558669002,0.9843901665498289
2024,05,GBR.1.41.3.20_1,0.7390542907180385,0.9877570551507087
2024,05,GBR.1.41.3.21_1,0.6549912434325745,0.9677272342969376
2024,05,GBR.1.41.3.22_1,0.7145359019264449,0.9829262434180909
2024,05,GBR.1.41.3.23_1,0.7215411558669002,0.9843901665498289
2024,05,GBR.1.41.3.24_1,0.6987740805604205,0.9793855216409929
2024,05,GBR.1.41.3.25_1,0.7267950963222417,0.9854440623394105
2024,05,GBR.1.41.3.26_1,0.649737302977233,0.9661449166662318
2024,05,GBR.1.41.3.27_1,0.7373029772329247,0.987439112046915
2024,05,GBR.1.41.3.28_1,0.6549912434325745,0.9677272342969376
2024,05,GBR.1.41.3.29_1,0.7355516637478109,0.9871170143402452
2024,05,GBR.1.41.3.3_1,0.7530647985989493,0.990151503558925
2024,05,GBR.1.41.3.30_1,0.7320490367775833,0.98646033878712025
2024,05,GBR.1.41.3.31_1,0.7355516637478109,0.9871170143402452
2024,05,GBR.1.41.3.32_1,0.7057793345008757,0.9810015290507961
2024,05,GBR.1.41.3.33_1,0.7267950963222417,0.9854440623394105
2024,05,GBR.1.41.3.34_1,0.7110332749562173,0.9821690282227392
2024,05,GBR.1.41.3.35_1,0.6900175131348513,0.9772696659571503
2024,05,GBR.1.41.3.36_1,0.7408056042031524,0.9880708476622514
2024,05,GBR.1.41.3.37_1,0.7478108581436077,0.9892845899942038
2024,05,GBR.1.41.3.38_1,0.7057793345008757,0.9810015290507961
2024,05,GBR.1.41.3.4_1,0.6935201401050789,0.9781288258711119
2024,05,GBR.1.41.3.5_1,0.7320490367775833,0.98646033878712025
2024,05,GBR.1.41.3.6_1,0.6917688266199651,0.9777013859047148
2024,05,GBR.1.41.3.7_1,0.7057793345008757,0.9810015290507961
2024,05,GBR.1.41.3.8_1,0.7215411558669002,0.9843901665498289
2024,05,GBR.1.41.3.9_1,0.6917688266199651,0.9777013859047148
2024,05,GBR.1.41.4.1_1,0.7075306479859896,0.9813949256033475
2024,05,GBR.1.41.4.10_1,0.7145359019264449,0.9829262434180909
2024,05,GBR.1.41.4.11_1,0.7180385288966725,0.983666610188635
2024,05,GBR.1.41.4.12_1,0.7040280210157619,0.9806038955664005
2024,05,GBR.1.41.4.13_1,0.6917688266199651,0.9777013859047148
2024,05,GBR.1.41.4.14_1,0.6795096322241682,0.9745891442038537
2024,05,GBR.1.41.4.15_1,0.7005253940455343,0.9797958971132712
2024,05,GBR.1.41.4.16_1,0.7215411558669002,0.9843901665498289
2024,05,GBR.1.41.4.17_1,0.7197898423817863,0.9840304873325826
2024,05,GBR.1.41.4.18_1,0.6900175131348513,0.9772696659571503
2024,05,GBR.1.41.4.2_1,0.6987740805604205,0.9793855216409929
2024,05,GBR.1.41.4.3_1,0.7145359019264449,0.9829262434180909
2024,05,GBR.1.41.4.4_1,0.6952714535901927,0.97855199146494
2024,05,GBR.1.41.4.5_1,0.7267950963222417,0.9854440623394105
2024,05,GBR.1.41.4.6_1,0.7197898423817863,0.9840304873325826
2024,05,GBR.1.41.4.7_1,0.6812609457092821,0.975046665549911
2024,05,GBR.1.41.4.8_1,0.6935201401050789,0.9781288258711119
2024,05,GBR.1.41.4.9_1,0.7180385288966725,0.983666610188635
2024,05,GBR.1.41.5.1_1,0.7232924693520141,0.9847456524402634
2024,05,GBR.1.41.5.10_1,0.7267950963222417,0.9854440623394105
2024,05,GBR.1.41.5.11_1,0.6987740805604205,0.9793855216409929
2024,05,GBR.1.41.5.12_1,0.7390542907180385,0.9877570551507087
2024,05,GBR.1.41.5.13_1,0.7618213660245184,0.9915139938498094
2024,05,GBR.1.41.5.14_1,0.7355516637478109,0.9871170143402452
2024,05,GBR.1.41.5.15_1,0.7513134851138354,0.9898666576867816
2024,05,GBR.1.41.5.16_1,0.7075306479859896,0.9813949256033475
2024,05,GBR.1.41.5.17_1,0.7320490367775833,0.98646033878712025
2024,05,GBR.1.41.5.18_1,0.6865148861646235,0.9763933633531108
2024,05,GBR.1.41.5.19_1,0.76707530647986,0.9922822179198819
2024,05,GBR.1.41.5.2_1,0.7565674255691769,0.9907088371464141
2024,05,GBR.1.41.5.20_1,0.7232924693520141,0.9847456524402634
2024,05,GBR.1.41.5.21_1,0.6900175131348513,0.9772696659571503
2024,05,GBR.1.41.5.22_1,0.7180385288966725,0.983666610188635
2024,05,GBR.1.41.5.23_1,0.7495621716287216,0.9895776877031939
2024,05,GBR.1.41.5.3_1,0.6900175131348513,0.9772696659571503
2024,05,GBR.1.41.5.4_1,0.7495621716287216,0.9895776877031939
2024,05,GBR.1.41.5.5_1,0.7040280210157619,0.9806038955664005
2024,05,GBR.1.41.5.6_1,0.7005253940455343,0.9797958971132712
2024,05,GBR.1.41.5.7_1,0.6935201401050789,0.9781288258711119
2024,05,GBR.1.41.5.8_1,0.7022767075306481,0.9802020199938377
2024,05,GBR.1.41.5.9_1,0.7092819614711035,0.9817840903172144
2024,05,GBR.1.41.6.1_1,0.6952714535901927,0.97855199146494
2024,05,GBR.1.41.6.10_1,0.7215411558669002,0.9843901665498289
2024,05,GBR.1.41.6.11_1,0.6795096322241682,0.9745891442038537
2024,05,GBR.1.41.6.12_1,0.6900175131348513,0.9772696659571503
2024,05,GBR.1.41.6.13_1,0.7250437828371279,0.9850969495435462
2024,05,GBR.1.41.6.14_1,0.6672504378283713,0.9712651543219287
2024,05,GBR.1.41.6.15_1,0.7302977232924693,0.9861257526299574
2024,05,GBR.1.41.6.16_1,0.6812609457092821,0.975046665549911
2024,05,GBR.1.41.6.17_1,0.7408056042031524,0.9880708476622514
2024,05,GBR.1.41.6.18_1,0.7057793345008757,0.9810015290507961
2024,05,GBR.1.41.6.2_1,0.6672504378283713,0.9712651543219287
2024,05,GBR.1.41.6.3_1,0.649737302977233,0.9661449166662318
2024,05,GBR.1.41.6.4_1,0.712784588441331,0.9825497442877892
2024,05,GBR.1.41.6.5_1,0.7320490367775833,0.98646033878712025
2024,05,GBR.1.41.6.6_1,0.6812609457092821,0.975046665549911
2024,05,GBR.1.41.6.7_1,0.670753064798599,0.9722365967191319
2024,05,GBR.1.41.6.8_1,0.7005253940455343,0.9797958971132712
2024,05,GBR.1.41.6.9_1,0.6654991243432575,0.9707728879609279
2024,05,GBR.1.41.7_1,0.6952714535901927,0.97855199146494
2024,05,GBR.1.41.7.1_1,0.7057793345008757,0.9810015290507961
2024,05,GBR.1.41.7.2_1,0.6970227670753065,0.9789708882290628
2024,05,GBR.1.41.7.3_1,0.6987740805604205,0.9793855216409929
2024,05,GBR.1.41.7.4_1,0.7005253940455343,0.9797958971132712
2024,05,GBR.1.41.7.5_1,0.7688266199649738,0.9925301002992302
2024,05,GBR.1.41.7.6_1,0.7513134851138354,0.9898666576867816
2024,05,GBR.1.41.7.7_1,0.7162872154115587,0.9832985304575615
2024,05,GBR.1.41.7.8_1,0.712784588441331,0.9825497442877892
2024,05,GBR.1.41.8.1_1,0.7232924693520141,0.9847456524402634
2024,05,GBR.1.41.8.10_1,0.7092819614711035,0.9817840903172144
2024,05,GBR.1.41.8.11_1,0.7302977232924693,0.9861257526299574
2024,05,GBR.1.41.8.12_1,0.7162872154115587,0.9832985304575615
2024,05,GBR.1.41.8.2_1,0.670753064798599,0.9722365967191319
2024,05,GBR.1.41.8.3_1,0.6917688266199651,0.9777013859047148
2024,05,GBR.1.41.8.4_1,0.7005253940455343,0.9797958971132712
2024,05,GBR.1.41.8.5_1,0.7215411558669002,0.9843901665498289
2024,05,GBR.1.41.8.6_1,0.6847635726795097,0.9759487691472335
2024,05,GBR.1.41.8.7_1,0.7285464098073555,0.9857869952479592
2024,05,GBR.1.41.8.8_1,0.7285464098073555,0.9857869952479592
2024,05,GBR.1.41.8.9_1,0.6882661996497373,0.976833660353696
2024,05,GBR.1.41.9.1_1,0.6900175131348513,0.9772696659571503
2024,05,GBR.1.41.9.10_1,0.6935201401050789,0.9781288258711119
2024,05,GBR.1.41.9.11_1,0.6690017513134852,0.9717530550505102
2024,05,GBR.1.41.9.2_1,0.7180385288966725,0.983666610188635
2024,05,GBR.1.41.9.3_1,0.6725043782837129,0.9727157858285225
2024,05,GBR.1.41.9.4_1,0.6532399299474606,0.9672042183530839
2024,05,GBR.1.41.9.5_1,0.6917688266199651,0.9777013859047148
2024,05,GBR.1.41.9.6_1,0.7443082311733801,0.9886859966642594
2024,05,GBR.1.41.9.7_1,0.6760070052539405,0.9736611320166786
2024,05,GBR.1.41.9.8_1,0.6654991243432575,0.9707728879609279
2024,05,GBR.1.41.9.9_1,0.6935201401050789,0.9781288258711119
2024,05,GBR.1.42.1.1_1,0.7758318739054292,0.9934807496876826
2024,05,GBR.1.42.1.10_1,0.7443082311733801,0.9886859966642594
2024,05,GBR.1.42.1.12_1,0.798598949211909,0.9961204746414963
2024,05,GBR.1.42.1.13_1,0.7338003502626971,0.986790757962396
2024,05,GBR.1.42.1.14_1,0.7565674255691769,0.9907088371464141
2024,05,GBR.1.42.1.19_1,0.7810858143607706,0.9941508939793798
2024,05,GBR.1.42.1.20_1,0.7092819614711035,0.9817840903172144
2024,05,GBR.1.42.1.21_1,0.7215411558669002,0.9843901665498289
2024,05,GBR.1.42.1.22_1,0.7180385288966725,0.983666610188635
2024,05,GBR.1.42.1.23_1,0.7338003502626971,0.986790757962396
2024,05,GBR.1.42.1.24_1,0.7197898423817863,0.9840304873325826
2024,05,GBR.1.42.1.37_1,0.7443082311733801,0.9886859966642594
2024,05,GBR.1.42.1.38_1,0.7355516637478109,0.9871170143402452
2024,05,GBR.1.42.1.39_1,0.7110332749562173,0.9821690282227392
2024,05,GBR.1.42.1.4_1,0.76707530647986,0.9922822179198819
2024,05,GBR.1.42.1.5_1,0.6987740805604205,0.9793855216409929
2024,05,GBR.1.42.1.9_1,0.76707530647986,0.9922822179198819
2024,05,GBR.1.44.1.1_1,0.7460595446584939,0.9889873608899156
2024,05,GBR.1.44.1.10_1,0.7110332749562173,0.9821690282227392
2024,05,GBR.1.44.1.11_1,0.7338003502626971,0.986790757962396
2024,05,GBR.1.44.1.12_1,0.7530647985989493,0.990151503558925
2024,05,GBR.1.44.1.13_1,0.7723292469352014,0.9930135950730987
2024,05,GBR.1.44.1.14_1,0.7338003502626971,0.986790757962396
2024,05,GBR.1.44.1.15_1,0.777583187390543,0.9937082066683358
2024,05,GBR.1.44.1.16_1,0.7057793345008757,0.9810015290507961
2024,05,GBR.1.44.1.17_1,0.7793345008756568,0.993931587182941
2024,05,GBR.1.44.1.18_1,0.7338003502626971,0.986790757962396
2024,05,GBR.1.44.1.19_1,0.7425569176882663,0.9883804935347521
2024,05,GBR.1.44.1.2_1,0.7285464098073555,0.9857869952479592
2024,05,GBR.1.44.1.20_1,0.7618213660245184,0.9915139938498094
2024,05,GBR.1.44.1.21_1,0.7635726795096323,0.9917741678426597
2024,05,GBR.1.44.1.22_1,0.7110332749562173,0.9821690282227392
2024,05,GBR.1.44.1.23_1,0.7513134851138354,0.9898666576867816
2024,05,GBR.1.44.1.24_1,0.7705779334500876,0.9927738916792685
2024,05,GBR.1.44.1.25_1,0.7232924693520141,0.9847456524402634
2024,05,GBR.1.44.1.26_1,0.7408056042031524,0.9880708476622514
2024,05,GBR.1.44.1.27_1,0.7162872154115587,0.9832985304575615
2024,05,GBR.1.44.1.28_1,0.7320490367775833,0.98646033878712025
2024,05,GBR.1.44.1.29_1,0.7443082311733801,0.9886859966642594
2024,05,GBR.1.44.1.3_1,0.7250437828371279,0.9850969495435462
2024,05,GBR.1.44.1.30_1,0.7495621716287216,0.9895776877031939
2024,05,GBR.1.44.1.31_1,0.7162872154115587,0.9832985304575615
2024,05,GBR.1.44.1.32_1,0.7320490367775833,0.98646033878712025
2024,05,GBR.1.44.1.33_1,0.6952714535901927,0.97855199146494
2024,05,GBR.1.44.1.34_1,0.7215411558669002,0.9843901665498289
2024,05,GBR.1.44.1.35_1,0.7758318739054292,0.9934807496876826
2024,05,GBR.1.44.1.4_1,0.6619964973730298,0.9697752316903129
2024,05,GBR.1.44.1.5_1,0.76707530647986,0.9922822179198819
2024,05,GBR.1.44.1.6_1,0.7688266199649738,0.9925301002992302
2024,05,GBR.1.44.1.7_1,0.7425569176882663,0.9883804935347521
2024,05,GBR.1.44.1.8_1,0.7040280210157619,0.9806038955664005
2024,05,GBR.1.44.1.9_1,0.7302977232924693,0.9861257526299574
2024,05,GBR.1.44.10.20_1,0.7653239929947461,0.9920302414745228
2024,05,GBR.1.44.11.1_1,0.6830122591943959,0.9754998718605759
2024,05,GBR.1.44.11.10_1,0.7197898423817863,0.9840304873325826
2024,05,GBR.1.44.11.11_1,0.6777583187390543,0.9741273017424364
2024,05,GBR.1.44.11.12_1,0.6952714535901927,0.97855199146494
2024,05,GBR.1.44.11.13_1,0.7092819614711035,0.9817840903172144
2024,05,GBR.1.44.11.14_1,0.6970227670753065,0.9789708882290628
2024,05,GBR.1.44.11.15_1,0.7180385288966725,0.983666610188635
2024,05,GBR.1.44.11.16_1,0.6672504378283713,0.9712651543219287
2024,05,GBR.1.44.11.17_1,0.7092819614711035,0.9817840903172144
2024,05,GBR.1.44.11.18_1,0.6830122591943959,0.9754998718605759
2024,05,GBR.1.44.11.19_1,0.7057793345008757,0.9810015290507961
2024,05,GBR.1.44.11.2_1,0.7005253940455343,0.9797958971132712
2024,05,GBR.1.44.11.20_1,0.6900175131348513,0.9772696659571503
2024,05,GBR.1.44.11.21_1,0.6987740805604205,0.9793855216409929
2024,05,GBR.1.44.11.22_1,0.7267950963222417,0.9854440623394105
2024,05,GBR.1.44.11.23_1,0.6830122591943959,0.9754998718605759
2024,05,GBR.1.44.11.24_1,0.7478108581436077,0.9892845899942038
2024,05,GBR.1.44.11.25_1,0.7075306479859896,0.9813949256033475
2024,05,GBR.1.44.11.3_1,0.6865148861646235,0.9763933633531108
2024,05,GBR.1.44.11.4_1,0.7338003502626971,0.986790757962396
2024,05,GBR.1.44.11.5_1,0.7145359019264449,0.9829262434180909
2024,05,GBR.1.44.11.6_1,0.7250437828371279,0.9850969495435462
2024,05,GBR.1.44.11.7_1,0.7302977232924693,0.9861257526299574
2024,05,GBR.1.44.11.8_1,0.6654991243432575,0.9707728879609279
2024,05,GBR.1.44.11.9_1,0.7355516637478109,0.9871170143402452
2024,05,GBR.1.44.12.1_1,0.6795096322241682,0.9745891442038537
2024,05,GBR.1.44.12.10_1,0.7390542907180385,0.9877570551507087
2024,05,GBR.1.44.12.11_1,0.7373029772329247,0.987439112046915
2024,05,GBR.1.44.12.12_1,0.7092819614711035,0.9817840903172144
2024,05,GBR.1.44.12.13_1,0.7075306479859896,0.9813949256033475
2024,05,GBR.1.44.12.14_1,0.7408056042031524,0.9880708476622514
2024,05,GBR.1.44.12.15_1,0.7285464098073555,0.9857869952479592
2024,05,GBR.1.44.12.16_1,0.7583187390542908,0.9909813318120578
2024,05,GBR.1.44.12.17_1,0.6795096322241682,0.9745891442038537
2024,05,GBR.1.44.12.18_1,0.7040280210157619,0.9806038955664005
2024,05,GBR.1.44.12.19_1,0.7285464098073555,0.9857869952479592
2024,05,GBR.1.44.12.2_1,0.7075306479859896,0.9813949256033475
2024,05,GBR.1.44.12.20_1,0.6865148861646235,0.9763933633531108
2024,05,GBR.1.44.12.3_1,0.7285464098073555,0.9857869952479592
2024,05,GBR.1.44.12.4_1,0.7057793345008757,0.9810015290507961
2024,05,GBR.1.44.12.5_1,0.7145359019264449,0.9829262434180909
2024,05,GBR.1.44.12.6_1,0.7513134851138354,0.9898666576867816
2024,05,GBR.1.44.12.7_1,0.7215411558669002,0.9843901665498289
2024,05,GBR.1.44.12.8_1,0.7057793345008757,0.9810015290507961
2024,05,GBR.1.44.12.9_1,0.7197898423817863,0.9840304873325826
2024,05,GBR.1.44.2.1_1,0.7373029772329247,0.987439112046915
2024,05,GBR.1.44.2.10_1,0.7285464098073555,0.9857869952479592
2024,05,GBR.1.44.2.11_1,0.7110332749562173,0.9821690282227392
2024,05,GBR.1.44.2.12_1,0.7688266199649738,0.9925301002992302
2024,05,GBR.1.44.2.13_1,0.7600700525394046,0.9912497162672985
2024,05,GBR.1.44.2.14_1,0.7250437828371279,0.9850969495435462
2024,05,GBR.1.44.2.15_1,0.712784588441331,0.9825497442877892
2024,05,GBR.1.44.2.16_1,0.6900175131348513,0.9772696659571503
2024,05,GBR.1.44.2.20_1,0.7285464098073555,0.9857869952479592
2024,05,GBR.1.44.2.21_1,0.7425569176882663,0.9883804935347521
2024,05,GBR.1.44.2.3_1,0.712784588441331,0.9825497442877892
2024,05,GBR.1.44.2.4_1,0.7373029772329247,0.987439112046915
2024,05,GBR.1.44.2.5_1,0.7057793345008757,0.9810015290507961
2024,05,GBR.1.44.2.6_1,0.6725043782837129,0.9727157858285225
2024,05,GBR.1.44.2.7_1,0.7933450087565675,0.9955721972815432
2024,05,GBR.1.44.2.8_1,0.7057793345008757,0.9810015290507961
2024,05,GBR.1.44.3.1_1,0.7197898423817863,0.9840304873325826
2024,05,GBR.1.44.3.10_1,0.6882661996497373,0.976833660353696
2024,05,GBR.1.44.3.11_1,0.7110332749562173,0.9821690282227392
2024,05,GBR.1.44.3.12_1,0.5989492119089318,0.9487591896788141
2024,05,GBR.1.44.3.13_1,0.7057793345008757,0.9810015290507961
2024,05,GBR.1.44.3.14_1,0.7022767075306481,0.9802020199938377
2024,05,GBR.1.44.3.15_1,0.6830122591943959,0.9754998718605759
2024,05,GBR.1.44.3.16_1,0.6619964973730298,0.9697752316903129
2024,05,GBR.1.44.3.17_1,0.7302977232924693,0.9861257526299574
2024,05,GBR.1.44.3.18_1,0.6584938704028022,0.9687600322061186
2024,05,GBR.1.44.3.19_1,0.712784588441331,0.9825497442877892
2024,05,GBR.1.44.3.2_1,0.7302977232924693,0.9861257526299574
2024,05,GBR.1.44.3.20_1,0.6812609457092821,0.975046665549911
2024,05,GBR.1.44.3.21_1,0.6725043782837129,0.9727157858285225
2024,05,GBR.1.44.3.22_1,0.7355516637478109,0.9871170143402452
2024,05,GBR.1.44.3.23_1,0.6812609457092821,0.975046665549911
2024,05,GBR.1.44.3.3_1,0.7338003502626971,0.986790757962396
2024,05,GBR.1.44.3.4_1,0.6882661996497373,0.976833660353696
2024,05,GBR.1.44.3.5_1,0.7232924693520141,0.9847456524402634
2024,05,GBR.1.44.3.6_1,0.7408056042031524,0.9880708476622514
2024,05,GBR.1.44.3.7_1,0.7075306479859896,0.9813949256033475
2024,05,GBR.1.44.3.8_1,0.6952714535901927,0.97855199146494
2024,05,GBR.1.44.3.9_1,0.6812609457092821,0.975046665549911
2024,05,GBR.1.44.4.1_1,0.7460595446584939,0.9889873608899156
2024,05,GBR.1.44.4.14_1,0.7863397548161122,0.9947843987518099
2024,05,GBR.1.44.4.15_1,0.7197898423817863,0.9840304873325826
2024,05,GBR.1.44.4.16_1,0.76707530647986,0.9922822179198819
2024,05,GBR.1.44.4.2_1,0.7863397548161122,0.9947843987518099
2024,05,GBR.1.44.4.21_1,0.7915936952714537,0.9953813339620148
2024,05,GBR.1.44.4.5_1,0.7950963222416814,0.9957590069891409
2024,05,GBR.1.44.4.6_1,0.7267950963222417,0.9854440623394105
2024,05,GBR.1.44.4.7_1,0.7338003502626971,0.986790757962396
2024,05,GBR.1.44.4.8_1,0.8161120840630474,0.9976853211308665
2024,05,GBR.1.44.5.1_1,0.6970227670753065,0.9789708882290628
2024,05,GBR.1.44.5.10_1,0.7285464098073555,0.9857869952479592
2024,05,GBR.1.44.5.11_1,0.712784588441331,0.9825497442877892
2024,05,GBR.1.44.5.12_1,0.6987740805604205,0.9793855216409929
2024,05,GBR.1.44.5.13_1,0.6777583187390543,0.9741273017424364
2024,05,GBR.1.44.5.14_1,0.7478108581436077,0.9892845899942038
2024,05,GBR.1.44.5.15_1,0.7180385288966725,0.983666610188635
2024,05,GBR.1.44.5.16_1,0.7110332749562173,0.9821690282227392
2024,05,GBR.1.44.5.2_1,0.6847635726795097,0.9759487691472335
2024,05,GBR.1.44.5.3_1,0.7197898423817863,0.9840304873325826
2024,05,GBR.1.44.5.4_1,0.7373029772329247,0.987439112046915
2024,05,GBR.1.44.5.5_1,0.7250437828371279,0.9850969495435462
2024,05,GBR.1.44.5.6_1,0.7057793345008757,0.9810015290507961
2024,05,GBR.1.44.5.7_1,0.7250437828371279,0.9850969495435462
2024,05,GBR.1.44.5.8_1,0.6777583187390543,0.9741273017424364
2024,05,GBR.1.44.5.9_1,0.712784588441331,0.9825497442877892
2024,05,GBR.1.44.6.1_1,0.7267950963222417,0.9854440623394105
2024,05,GBR.1.44.6.10_1,0.7285464098073555,0.9857869952479592
2024,05,GBR.1.44.6.11_1,0.7162872154115587,0.9832985304575615
2024,05,GBR.1.44.6.12_1,0.7250437828371279,0.9850969495435462
2024,05,GBR.1.44.6.13_1,0.6549912434325745,0.9677272342969376
2024,05,GBR.1.44.6.14_1,0.7425569176882663,0.9883804935347521
2024,05,GBR.1.44.6.15_1,0.6900175131348513,0.9772696659571503
2024,05,GBR.1.44.6.16_1,0.7355516637478109,0.9871170143402452
2024,05,GBR.1.44.6.17_1,0.7915936952714537,0.9953813339620148
2024,05,GBR.1.44.6.18_1,0.660245183887916,0.9692698282728087
2024,05,GBR.1.44.6.19_1,0.7758318739054292,0.9934807496876826
2024,05,GBR.1.44.6.2_1,0.7145359019264449,0.9829262434180909
2024,05,GBR.1.44.6.20_1,0.7600700525394046,0.9912497162672985
2024,05,GBR.1.44.6.21_1,0.6795096322241682,0.9745891442038537
2024,05,GBR.1.44.6.22_1,0.6619964973730298,0.9697752316903129
2024,05,GBR.1.44.6.23_1,0.6795096322241682,0.9745891442038537
2024,05,GBR.1.44.6.24_1,0.7197898423817863,0.9840304873325826
2024,05,GBR.1.44.6.25_1,0.7408056042031524,0.9880708476622514
2024,05,GBR.1.44.6.3_1,0.6549912434325745,0.9677272342969376
2024,05,GBR.1.44.6.4_1,0.6847635726795097,0.9759487691472335
2024,05,GBR.1.44.6.5_1,0.712784588441331,0.9825497442877892
2024,05,GBR.1.44.6.6_1,0.7180385288966725,0.983666610188635
2024,05,GBR.1.44.6.7_1,0.6900175131348513,0.9772696659571503
2024,05,GBR.1.44.6.8_1,0.6812609457092821,0.975046665549911
2024,05,GBR.1.44.6.9_1,0.7092819614711035,0.9817840903172144
2024,05,GBR.1.44.7.1_1,0.6252189141856392,0.9582296175760798
2024,05,GBR.1.44.7.10_1,0.6900175131348513,0.9772696659571503
2024,05,GBR.1.44.7.11_1,0.7653239929947461,0.9920302414745228
2024,05,GBR.1.44.7.12_1,0.712784588441331,0.9825497442877892
2024,05,GBR.1.44.7.13_1,0.7285464098073555,0.9857869952479592
2024,05,GBR.1.44.7.14_1,0.7390542907180385,0.9877570551507087
2024,05,GBR.1.44.7.15_1,0.6970227670753065,0.9789708882290628
2024,05,GBR.1.44.7.16_1,0.7022767075306481,0.9802020199938377
2024,05,GBR.1.44.7.17_1,0.7022767075306481,0.9802020199938377
2024,05,GBR.1.44.7.18_1,0.6987740805604205,0.9793855216409929
2024,05,GBR.1.44.7.19_1,0.7495621716287216,0.9895776877031939
2024,05,GBR.1.44.7.2_1,0.7197898423817863,0.9840304873325826
2024,05,GBR.1.44.7.20_1,0.7005253940455343,0.9797958971132712
2024,05,GBR.1.44.7.21_1,0.7600700525394046,0.9912497162672985
2024,05,GBR.1.44.7.3_1,0.6830122591943959,0.9754998718605759
2024,05,GBR.1.44.7.4_1,0.7057793345008757,0.9810015290507961
2024,05,GBR.1.44.7.5_1,0.712784588441331,0.9825497442877892
2024,05,GBR.1.44.7.6_1,0.7390542907180385,0.9877570551507087
2024,05,GBR.1.44.7.7_1,0.6987740805604205,0.9793855216409929
2024,05,GBR.1.44.7.8_1,0.7250437828371279,0.9850969495435462
2024,05,GBR.1.44.7.9_1,0.6777583187390543,0.9741273017424364
2024,05,GBR.1.44.8.10_1,0.7828371278458844,0.9943661297530201
2024,05,GBR.1.44.8.11_1,0.7810858143607706,0.9941508939793798
2024,05,GBR.1.44.8.13_1,0.7320490367775833,0.98646033878712025
2024,05,GBR.1.44.8.6_1,0.7443082311733801,0.9886859966642594
2024,05,GBR.1.44.8.7_1,0.7092819614711035,0.9817840903172144
2024,05,GBR.1.44.8.8_1,0.7705779334500876,0.9927738916792685
2024,05,GBR.1.44.8.9_1,0.7110332749562173,0.9821690282227392
2024,05,GBR.1.44.9.1_1,0.7215411558669002,0.9843901665498289
2024,05,GBR.1.44.9.10_1,0.6690017513134852,0.9717530550505102
2024,05,GBR.1.44.9.11_1,0.7145359019264449,0.9829262434180909
2024,05,GBR.1.44.9.12_1,0.7250437828371279,0.9850969495435462
2024,05,GBR.1.44.9.13_1,0.7267950963222417,0.9854440623394105
2024,05,GBR.1.44.9.14_1,0.7005253940455343,0.9797958971132712
2024,05,GBR.1.44.9.15_1,0.6742556917688267,0.9731906288081488
2024,05,GBR.1.44.9.16_1,0.7040280210157619,0.9806038955664005
2024,05,GBR.1.44.9.17_1,0.7092819614711035,0.9817840903172144
2024,05,GBR.1.44.9.18_1,0.7495621716287216,0.9895776877031939
2024,05,GBR.1.44.9.19_1,0.6777583187390543,0.9741273017424364
2024,05,GBR.1.44.9.2_1,0.6970227670753065,0.9789708882290628
2024,05,GBR.1.44.9.20_1,0.7390542907180385,0.9877570551507087
2024,05,GBR.1.44.9.21_1,0.6479859894921192,0.9656086163658648
2024,05,GBR.1.44.9.22_1,0.7162872154115587,0.9832985304575615
2024,05,GBR.1.44.9.23_1,0.7092819614711035,0.9817840903172144
2024,05,GBR.1.44.9.24_1,0.7338003502626971,0.986790757962396
2024,05,GBR.1.44.9.3_1,0.7110332749562173,0.9821690282227392
2024,05,GBR.1.44.9.4_1,0.6830122591943959,0.9754998718605759
2024,05,GBR.1.44.9.5_1,0.712784588441331,0.9825497442877892
2024,05,GBR.1.44.9.6_1,0.6987740805604205,0.9793855216409929
2024,05,GBR.1.44.9.7_1,0.6742556917688267,0.9731906288081488
2024,05,GBR.1.44.9.8_1,0.6812609457092821,0.975046665549911
2024,05,GBR.1.44.9.9_1,0.7530647985989493,0.990151503558925
2024,05,GBR.1.46.1.3_1,0.7022767075306481,0.9802020199938377
2024,05,GBR.1.46.1.5_1,0.7688266199649738,0.9925301002992302
2024,05,GBR.1.47.1.1_1,0.7232924693520141,0.9847456524402634
2024,05,GBR.1.47.1.14_1,0.7057793345008757,0.9810015290507961
2024,05,GBR.1.47.1.2_1,0.7162872154115587,0.9832985304575615
2024,05,GBR.1.47.1.3_1,0.7302977232924693,0.9861257526299574
2024,05,GBR.1.47.1.4_1,0.6865148861646235,0.9763933633531108
2024,05,GBR.1.47.1.5_1,0.7653239929947461,0.9920302414745228
2024,05,GBR.1.48.12.1_1,0.712784588441331,0.9825497442877892
2024,05,GBR.1.48.12.10_1,0.7740805604203153,0.9932492134404135
2024,05,GBR.1.48.12.11_1,0.8266199649737304,0.9984307687566525
2024,05,GBR.1.48.12.12_1,0.7408056042031524,0.9880708476622514
2024,05,GBR.1.48.12.13_1,0.7408056042031524,0.9880708476622514
2024,05,GBR.1.48.12.16_1,0.7478108581436077,0.9892845899942038
2024,05,GBR.1.48.12.17_1,0.7040280210157619,0.9806038955664005
2024,05,GBR.1.48.12.18_1,0.7390542907180385,0.9877570551507087
2024,05,GBR.1.48.12.2_1,0.7075306479859896,0.9813949256033475
2024,05,GBR.1.48.12.20_1,0.7583187390542908,0.9909813318120578
2024,05,GBR.1.48.12.21_1,0.7530647985989493,0.990151503558925
2024,05,GBR.1.48.12.22_1,0.6970227670753065,0.9789708882290628
2024,05,GBR.1.48.12.24_1,0.7513134851138354,0.9898666576867816
2024,05,GBR.1.48.12.3_1,0.7355516637478109,0.9871170143402452
2024,05,GBR.1.48.12.4_1,0.7215411558669002,0.9843901665498289
2024,05,GBR.1.48.12.5_1,0.7478108581436077,0.9892845899942038
2024,05,GBR.1.48.12.6_1,0.7548161120840631,0.9904322288778774
2024,05,GBR.1.48.12.7_1,0.7390542907180385,0.9877570551507087
2024,05,GBR.1.48.12.8_1,0.7548161120840631,0.9904322288778774
2024,05,GBR.1.48.12.9_1,0.7338003502626971,0.986790757962396
2024,05,GBR.1.48.3.18_1,0.7092819614711035,0.9817840903172144
2024,05,GBR.1.48.3.21_1,0.7197898423817863,0.9840304873325826
2024,05,GBR.1.48.3.6_1,0.7530647985989493,0.990151503558925
2024,05,GBR.1.48.5.1_1,0.7705779334500876,0.9927738916792685
2024,05,GBR.1.48.5.11_1,0.7723292469352014,0.9930135950730987
2024,05,GBR.1.48.5.12_1,0.7302977232924693,0.9861257526299574
2024,05,GBR.1.48.5.13_1,0.7600700525394046,0.9912497162672985
2024,05,GBR.1.48.5.14_1,0.7022767075306481,0.9802020199938377
2024,05,GBR.1.48.5.15_1,0.7057793345008757,0.9810015290507961
2024,05,GBR.1.48.5.16_1,0.7180385288966725,0.983666610188635
2024,05,GBR.1.48.5.17_1,0.7338003502626971,0.986790757962396
2024,05,GBR.1.48.5.18_1,0.7548161120840631,0.9904322288778774
2024,05,GBR.1.48.5.19_1,0.7373029772329247,0.987439112046915
2024,05,GBR.1.48.5.2_1,0.7338003502626971,0.986790757962396
2024,05,GBR.1.48.5.20_1,0.7530647985989493,0.990151503558925
2024,05,GBR.1.48.5.21_1,0.7338003502626971,0.986790757962396
2024,05,GBR.1.48.5.22_1,0.7302977232924693,0.9861257526299574
2024,05,GBR.1.48.5.23_1,0.7653239929947461,0.9920302414745228
2024,05,GBR.1.48.5.24_1,0.6795096322241682,0.9745891442038537
2024,05,GBR.1.48.5.25_1,0.7197898423817863,0.9840304873325826
2024,05,GBR.1.48.5.26_1,0.7092819614711035,0.9817840903172144
2024,05,GBR.1.48.5.27_1,0.7145359019264449,0.9829262434180909
2024,05,GBR.1.48.5.3_1,0.7635726795096323,0.9917741678426597
2024,05,GBR.1.48.5.4_1,0.7197898423817863,0.9840304873325826
2024,05,GBR.1.48.5.5_1,0.7110332749562173,0.9821690282227392
2024,05,GBR.1.48.5.6_1,0.7723292469352014,0.9930135950730987
2024,05,GBR.1.48.5.7_1,0.7793345008756568,0.993931587182941
2024,05,GBR.1.48.5.9_1,0.7425569176882663,0.9883804935347521
2024,05,GBR.1.48.6.3_1,0.7355516637478109,0.9871170143402452
2024,05,GBR.1.48.6.8_1,0.7478108581436077,0.9892845899942038
2024,05,GBR.1.48.6.9_1,0.7425569176882663,0.9883804935347521
2024,05,GBR.1.48.7.14_1,0.7180385288966725,0.983666610188635
2024,05,GBR.1.48.8.11_1,0.7057793345008757,0.9810015290507961
2024,05,GBR.1.48.8.4_1,0.7373029772329247,0.987439112046915
2024,05,GBR.1.48.8.6_1,0.7302977232924693,0.9861257526299574
2024,05,GBR.1.49.1.1_1,0.7320490367775833,0.98646033878712025
2024,05,GBR.1.49.1.10_1,0.7635726795096323,0.9917741678426597
2024,05,GBR.1.49.1.11_1,0.7250437828371279,0.9850969495435462
2024,05,GBR.1.49.1.12_1,0.7267950963222417,0.9854440623394105
2024,05,GBR.1.49.1.13_1,0.6917688266199651,0.9777013859047148
2024,05,GBR.1.49.1.14_1,0.7338003502626971,0.986790757962396
2024,05,GBR.1.49.1.15_1,0.6952714535901927,0.97855199146494
2024,05,GBR.1.49.1.16_1,0.6935201401050789,0.9781288258711119
2024,05,GBR.1.49.1.17_1,0.7513134851138354,0.9898666576867816
2024,05,GBR.1.49.1.18_1,0.7197898423817863,0.9840304873325826
2024,05,GBR.1.49.1.19_1,0.7688266199649738,0.9925301002992302
2024,05,GBR.1.49.1.2_1,0.7267950963222417,0.9854440623394105
2024,05,GBR.1.49.1.20_1,0.7320490367775833,0.98646033878712025
2024,05,GBR.1.49.1.21_1,0.7075306479859896,0.9813949256033475
2024,05,GBR.1.49.1.22_1,0.7460595446584939,0.9889873608899156
2024,05,GBR.1.49.1.23_1,0.7232924693520141,0.9847456524402634
2024,05,GBR.1.49.1.24_1,0.7863397548161122,0.9947843987518099
2024,05,GBR.1.49.1.25_1,0.7688266199649738,0.9925301002992302
2024,05,GBR.1.49.1.26_1,0.7565674255691769,0.9907088371464141
2024,05,GBR.1.49.1.27_1,0.7565674255691769,0.9907088371464141
2024,05,GBR.1.49.1.28_1,0.712784588441331,0.9825497442877892
2024,05,GBR.1.49.1.29_1,0.7495621716287216,0.9895776877031939
2024,05,GBR.1.49.1.3_1,0.7373029772329247,0.987439112046915
2024,05,GBR.1.49.1.30_1,0.6777583187390543,0.9741273017424364
2024,05,GBR.1.49.1.31_1,0.7250437828371279,0.9850969495435462
2024,05,GBR.1.49.1.32_1,0.7390542907180385,0.9877570551507087
2024,05,GBR.1.49.1.33_1,0.7338003502626971,0.986790757962396
2024,05,GBR.1.49.1.4_1,0.7145359019264449,0.9829262434180909
2024,05,GBR.1.49.1.5_1,0.7390542907180385,0.9877570551507087
2024,05,GBR.1.49.1.6_1,0.7443082311733801,0.9886859966642594
2024,05,GBR.1.49.1.7_1,0.788091068301226,0.99498743710662
2024,05,GBR.1.49.1.8_1,0.7635726795096323,0.9917741678426597
2024,05,GBR.1.49.1.9_1,0.7373029772329247,0.987439112046915
2024,05,GBR.1.50.1.11_1,0.660245183887916,0.9692698282728087
2024,05,GBR.1.50.1.12_1,0.6304728546409808,0.96
2024,05,GBR.1.50.1.18_1,0.6847635726795097,0.9759487691472335
2024,05,GBR.1.50.1.2_1,0.6532399299474606,0.9672042183530839
2024,05,GBR.1.50.1.20_1,0.7215411558669002,0.9843901665498289
2024,05,GBR.1.50.1.3_1,0.6882661996497373,0.976833660353696
2024,05,GBR.1.50.1.4_1,0.6672504378283713,0.9712651543219287
2024,05,GBR.1.50.1.6_1,0.6900175131348513,0.9772696659571503
2024,05,GBR.1.50.1.8_1,0.7022767075306481,0.9802020199938377
2024,05,GBR.1.50.1.9_1,0.6672504378283713,0.9712651543219287
2024,05,GBR.1.51.1.1_1,0.6882661996497373,0.976833660353696
2024,05,GBR.1.51.1.10_1,0.7040280210157619,0.9806038955664005
2024,05,GBR.1.51.1.11_1,0.7197898423817863,0.9840304873325826
2024,05,GBR.1.51.1.12_1,0.6865148861646235,0.9763933633531108
2024,05,GBR.1.51.1.13_1,0.6847635726795097,0.9759487691472335
2024,05,GBR.1.51.1.14_1,0.6637478108581437,0.970276249322841
2024,05,GBR.1.51.1.15_1,0.7425569176882663,0.9883804935347521
2024,05,GBR.1.51.1.16_1,0.6970227670753065,0.9789708882290628
2024,05,GBR.1.51.1.2_1,0.7530647985989493,0.990151503558925
2024,05,GBR.1.51.1.3_1,0.6777583187390543,0.9741273017424364
2024,05,GBR.1.51.1.4_1,0.7232924693520141,0.9847456524402634
2024,05,GBR.1.51.1.5_1,0.7145359019264449,0.9829262434180909
2024,05,GBR.1.51.1.6_1,0.7338003502626971,0.986790757962396
2024,05,GBR.1.51.1.7_1,0.7162872154115587,0.9832985304575615
2024,05,GBR.1.51.1.8_1,0.7215411558669002,0.9843901665498289
2024,05,GBR.1.51.1.9_1,0.7618213660245184,0.9915139938498094
2024,05,GBR.1.51.2.1_1,0.7390542907180385,0.9877570551507087
2024,05,GBR.1.51.2.10_1,0.7863397548161122,0.9947843987518099
2024,05,GBR.1.51.2.11_1,0.7495621716287216,0.9895776877031939
2024,05,GBR.1.51.2.12_1,0.7040280210157619,0.9806038955664005
2024,05,GBR.1.51.2.13_1,0.7197898423817863,0.9840304873325826
2024,05,GBR.1.51.2.14_1,0.7145359019264449,0.9829262434180909
2024,05,GBR.1.51.2.15_1,0.7092819614711035,0.9817840903172144
2024,05,GBR.1.51.2.16_1,0.660245183887916,0.9692698282728087
2024,05,GBR.1.51.2.17_1,0.7197898423817863,0.9840304873325826
2024,05,GBR.1.51.2.18_1,0.6970227670753065,0.9789708882290628
2024,05,GBR.1.51.2.19_1,0.6935201401050789,0.9781288258711119
2024,05,GBR.1.51.2.2_1,0.6917688266199651,0.9777013859047148
2024,05,GBR.1.51.2.20_1,0.7162872154115587,0.9832985304575615
2024,05,GBR.1.51.2.21_1,0.7057793345008757,0.9810015290507961
2024,05,GBR.1.51.2.22_1,0.7408056042031524,0.9880708476622514
2024,05,GBR.1.51.2.23_1,0.7110332749562173,0.9821690282227392
2024,05,GBR.1.51.2.24_1,0.76707530647986,0.9922822179198819
2024,05,GBR.1.51.2.25_1,0.6847635726795097,0.9759487691472335
2024,05,GBR.1.51.2.26_1,0.7057793345008757,0.9810015290507961
2024,05,GBR.1.51.2.27_1,0.6795096322241682,0.9745891442038537
2024,05,GBR.1.51.2.3_1,0.6917688266199651,0.9777013859047148
2024,05,GBR.1.51.2.4_1,0.6917688266199651,0.9777013859047148
2024,05,GBR.1.51.2.5_1,0.7443082311733801,0.9886859966642594
2024,05,GBR.1.51.2.6_1,0.6987740805604205,0.9793855216409929
2024,05,GBR.1.51.2.7_1,0.7197898423817863,0.9840304873325826
2024,05,GBR.1.51.2.8_1,0.6987740805604205,0.9793855216409929
2024,05,GBR.1.51.2.9_1,0.7092819614711035,0.9817840903172144
2024,05,GBR.1.51.3.1_1,0.6847635726795097,0.9759487691472335
2024,05,GBR.1.51.3.10_1,0.6882661996497373,0.976833660353696
2024,05,GBR.1.51.3.11_1,0.7478108581436077,0.9892845899942038
2024,05,GBR.1.51.3.12_1,0.7232924693520141,0.9847456524402634
2024,05,GBR.1.51.3.13_1,0.7425569176882663,0.9883804935347521
2024,05,GBR.1.51.3.14_1,0.6935201401050789,0.9781288258711119
2024,05,GBR.1.51.3.15_1,0.7040280210157619,0.9806038955664005
2024,05,GBR.1.51.3.16_1,0.6917688266199651,0.9777013859047148
2024,05,GBR.1.51.3.17_1,0.6795096322241682,0.9745891442038537
2024,05,GBR.1.51.3.18_1,0.670753064798599,0.9722365967191319
2024,05,GBR.1.51.3.19_1,0.6725043782837129,0.9727157858285225
2024,05,GBR.1.51.3.2_1,0.7215411558669002,0.9843901665498289
2024,05,GBR.1.51.3.20_1,0.649737302977233,0.9661449166662318
2024,05,GBR.1.51.3.21_1,0.6567425569176883,0.9682458365518543
2024,05,GBR.1.51.3.22_1,0.7040280210157619,0.9806038955664005
2024,05,GBR.1.51.3.23_1,0.7040280210157619,0.9806038955664005
2024,05,GBR.1.51.3.24_1,0.660245183887916,0.9692698282728087
2024,05,GBR.1.51.3.25_1,0.7075306479859896,0.9813949256033475
2024,05,GBR.1.51.3.26_1,0.6584938704028022,0.9687600322061186
2024,05,GBR.1.51.3.3_1,0.7197898423817863,0.9840304873325826
2024,05,GBR.1.51.3.4_1,0.6900175131348513,0.9772696659571503
2024,05,GBR.1.51.3.5_1,0.6917688266199651,0.9777013859047148
2024,05,GBR.1.51.3.6_1,0.6795096322241682,0.9745891442038537
2024,05,GBR.1.51.3.7_1,0.7267950963222417,0.9854440623394105
2024,05,GBR.1.51.3.8_1,0.6672504378283713,0.9712651543219287
2024,05,GBR.1.51.3.9_1,0.6847635726795097,0.9759487691472335
2024,05,GBR.1.51.4.1_1,0.6672504378283713,0.9712651543219287
2024,05,GBR.1.51.4.10_1,0.6567425569176883,0.9682458365518543
2024,05,GBR.1.51.4.11_1,0.670753064798599,0.9722365967191319
2024,05,GBR.1.51.4.12_1,0.6970227670753065,0.9789708882290628
2024,05,GBR.1.51.4.13_1,0.7040280210157619,0.9806038955664005
2024,05,GBR.1.51.4.14_1,0.6619964973730298,0.9697752316903129
2024,05,GBR.1.51.4.15_1,0.670753064798599,0.9722365967191319
2024,05,GBR.1.51.4.16_1,0.712784588441331,0.9825497442877892
2024,05,GBR.1.51.4.17_1,0.6760070052539405,0.9736611320166786
2024,05,GBR.1.51.4.2_1,0.6637478108581437,0.970276249322841
2024,05,GBR.1.51.4.3_1,0.7162872154115587,0.9832985304575615
2024,05,GBR.1.51.4.4_1,0.6935201401050789,0.9781288258711119
2024,05,GBR.1.51.4.5_1,0.6777583187390543,0.9741273017424364
2024,05,GBR.1.51.4.6_1,0.7145359019264449,0.9829262434180909
2024,05,GBR.1.51.4.7_1,0.6654991243432575,0.9707728879609279
2024,05,GBR.1.51.4.8_1,0.6567425569176883,0.9682458365518543
2024,05,GBR.1.51.4.9_1,0.7425569176882663,0.9883804935347521
2024,05,GBR.1.51.5.1_1,0.7688266199649738,0.9925301002992302
2024,05,GBR.1.51.5.10_1,0.6882661996497373,0.976833660353696
2024,05,GBR.1.51.5.11_1,0.6882661996497373,0.976833660353696
2024,05,GBR.1.51.5.12_1,0.6654991243432575,0.9707728879609279
2024,05,GBR.1.51.5.13_1,0.660245183887916,0.9692698282728087
2024,05,GBR.1.51.5.14_1,0.6795096322241682,0.9745891442038537
2024,05,GBR.1.51.5.15_1,0.6952714535901927,0.97855199146494
2024,05,GBR.1.51.5.16_1,0.6900175131348513,0.9772696659571503
2024,05,GBR.1.51.5.17_1,0.7180385288966725,0.983666610188635
2024,05,GBR.1.51.5.18_1,0.7180385288966725,0.983666610188635
2024,05,GBR.1.51.5.2_1,0.7005253940455343,0.9797958971132712
2024,05,GBR.1.51.5.3_1,0.7232924693520141,0.9847456524402634
2024,05,GBR.1.51.5.4_1,0.7338003502626971,0.986790757962396
2024,05,GBR.1.51.5.5_1,0.7092819614711035,0.9817840903172144
2024,05,GBR.1.51.5.6_1,0.7005253940455343,0.9797958971132712
2024,05,GBR.1.51.5.7_1,0.7285464098073555,0.9857869952479592
2024,05,GBR.1.51.5.8_1,0.6987740805604205,0.9793855216409929
2024,05,GBR.1.51.5.9_1,0.7390542907180385,0.9877570551507087
2024,05,GBR.1.51.6.1_1,0.6900175131348513,0.9772696659571503
2024,05,GBR.1.51.6.10_1,0.7302977232924693,0.9861257526299574
2024,05,GBR.1.51.6.11_1,0.7583187390542908,0.9909813318120578
2024,05,GBR.1.51.6.12_1,0.7180385288966725,0.983666610188635
2024,05,GBR.1.51.6.13_1,0.7110332749562173,0.9821690282227392
2024,05,GBR.1.51.6.14_1,0.7145359019264449,0.9829262434180909
2024,05,GBR.1.51.6.15_1,0.7075306479859896,0.9813949256033475
2024,05,GBR.1.51.6.16_1,0.7443082311733801,0.9886859966642594
2024,05,GBR.1.51.6.17_1,0.6760070052539405,0.9736611320166786
2024,05,GBR.1.51.6.18_1,0.712784588441331,0.9825497442877892
2024,05,GBR.1.51.6.19_1,0.6830122591943959,0.9754998718605759
2024,05,GBR.1.51.6.2_1,0.7373029772329247,0.987439112046915
2024,05,GBR.1.51.6.20_1,0.7320490367775833,0.98646033878712025
2024,05,GBR.1.51.6.21_1,0.7408056042031524,0.9880708476622514
2024,05,GBR.1.51.6.22_1,0.7110332749562173,0.9821690282227392
2024,05,GBR.1.51.6.23_1,0.7145359019264449,0.9829262434180909
2024,05,GBR.1.51.6.24_1,0.6952714535901927,0.97855199146494
2024,05,GBR.1.51.6.25_1,0.7443082311733801,0.9886859966642594
2024,05,GBR.1.51.6.26_1,0.7548161120840631,0.9904322288778774
2024,05,GBR.1.51.6.27_1,0.7005253940455343,0.9797958971132712
2024,05,GBR.1.51.6.28_1,0.7285464098073555,0.9857869952479592
2024,05,GBR.1.51.6.29_1,0.6760070052539405,0.9736611320166786
2024,05,GBR.1.51.6.3_1,0.7443082311733801,0.9886859966642594
2024,05,GBR.1.51.6.30_1,0.6935201401050789,0.9781288258711119
2024,05,GBR.1.51.6.31_1,0.6917688266199651,0.9777013859047148
2024,05,GBR.1.51.6.32_1,0.7057793345008757,0.9810015290507961
2024,05,GBR.1.51.6.33_1,0.7022767075306481,0.9802020199938377
2024,05,GBR.1.51.6.34_1,0.7180385288966725,0.983666610188635
2024,05,GBR.1.51.6.35_1,0.7390542907180385,0.9877570551507087
2024,05,GBR.1.51.6.36_1,0.7232924693520141,0.9847456524402634
2024,05,GBR.1.51.6.37_1,0.7250437828371279,0.9850969495435462
2024,05,GBR.1.51.6.38_1,0.7022767075306481,0.9802020199938377
2024,05,GBR.1.51.6.4_1,0.6462346760070053,0.965067873260736
2024,05,GBR.1.51.6.5_1,0.7495621716287216,0.9895776877031939
2024,05,GBR.1.51.6.6_1,0.6952714535901927,0.97855199146494
2024,05,GBR.1.51.6.7_1,0.788091068301226,0.99498743710662
2024,05,GBR.1.51.6.8_1,0.6987740805604205,0.9793855216409929
2024,05,GBR.1.51.6.9_1,0.7040280210157619,0.9806038955664005
2024,05,GBR.1.51.7.1_1,0.7338003502626971,0.986790757962396
2024,05,GBR.1.51.7.10_1,0.7285464098073555,0.9857869952479592
2024,05,GBR.1.51.7.11_1,0.6952714535901927,0.97855199146494
2024,05,GBR.1.51.7.12_1,0.7022767075306481,0.9802020199938377
2024,05,GBR.1.51.7.2_1,0.7408056042031524,0.9880708476622514
2024,05,GBR.1.51.7.3_1,0.7040280210157619,0.9806038955664005
2024,05,GBR.1.51.7.4_1,0.6970227670753065,0.9789708882290628
2024,05,GBR.1.51.7.5_1,0.6935201401050789,0.9781288258711119
2024,05,GBR.1.51.7.6_1,0.7250437828371279,0.9850969495435462
2024,05,GBR.1.51.7.7_1,0.6619964973730298,0.9697752316903129
2024,05,GBR.1.51.7.8_1,0.7460595446584939,0.9889873608899156
2024,05,GBR.1.51.7.9_1,0.6882661996497373,0.976833660353696
2024,05,GBR.1.52.1.1_1,0.7513134851138354,0.9898666576867816
2024,05,GBR.1.52.1.10_1,0.7338003502626971,0.986790757962396
2024,05,GBR.1.52.1.11_1,0.7530647985989493,0.990151503558925
2024,05,GBR.1.52.1.12_1,0.7302977232924693,0.9861257526299574
2024,05,GBR.1.52.1.13_1,0.7618213660245184,0.9915139938498094
2024,05,GBR.1.52.1.14_1,0.7548161120840631,0.9904322288778774
2024,05,GBR.1.52.1.15_1,0.7267950963222417,0.9854440623394105
2024,05,GBR.1.52.1.2_1,0.7513134851138354,0.9898666576867816
2024,05,GBR.1.52.1.3_1,0.7250437828371279,0.9850969495435462
2024,05,GBR.1.52.1.4_1,0.7460595446584939,0.9889873608899156
2024,05,GBR.1.52.1.5_1,0.7355516637478109,0.9871170143402452
2024,05,GBR.1.52.1.6_1,0.7635726795096323,0.9917741678426597
2024,05,GBR.1.52.1.7_1,0.7250437828371279,0.9850969495435462
2024,05,GBR.1.52.1.8_1,0.7355516637478109,0.9871170143402452
2024,05,GBR.1.52.1.9_1,0.7618213660245184,0.9915139938498094
2024,05,GBR.1.52.2.1_1,0.777583187390543,0.9937082066683358
2024,05,GBR.1.52.2.10_1,0.7022767075306481,0.9802020199938377
2024,05,GBR.1.52.2.11_1,0.7968476357267952,0.9959417653658269
2024,05,GBR.1.52.2.12_1,0.7845884413309984,0.9945772971468834
2024,05,GBR.1.52.2.13_1,0.7250437828371279,0.9850969495435462
2024,05,GBR.1.52.2.14_1,0.7355516637478109,0.9871170143402452
2024,05,GBR.1.52.2.15_1,0.7828371278458844,0.9943661297530201
2024,05,GBR.1.52.2.16_1,0.7863397548161122,0.9947843987518099
2024,05,GBR.1.52.2.17_1,0.788091068301226,0.99498743710662
2024,05,GBR.1.52.2.18_1,0.7688266199649738,0.9925301002992302
2024,05,GBR.1.52.2.19_1,0.7635726795096323,0.9917741678426597
2024,05,GBR.1.52.2.2_1,0.7302977232924693,0.9861257526299574
2024,05,GBR.1.52.2.20_1,0.7443082311733801,0.9886859966642594
2024,05,GBR.1.52.2.21_1,0.7915936952714537,0.9953813339620148
2024,05,GBR.1.52.2.22_1,0.7513134851138354,0.9898666576867816
2024,05,GBR.1.52.2.23_1,0.7758318739054292,0.9934807496876826
2024,05,GBR.1.52.2.24_1,0.7513134851138354,0.9898666576867816
2024,05,GBR.1.52.2.25_1,0.7320490367775833,0.98646033878712025
2024,05,GBR.1.52.2.26_1,0.7495621716287216,0.9895776877031939
2024,05,GBR.1.52.2.27_1,0.7793345008756568,0.993931587182941
2024,05,GBR.1.52.2.28_1,0.7495621716287216,0.9895776877031939
2024,05,GBR.1.52.2.29_1,0.7513134851138354,0.9898666576867816
2024,05,GBR.1.52.2.3_1,0.8056042031523644,0.996794863550169
2024,05,GBR.1.52.2.30_1,0.7267950963222417,0.9854440623394105
2024,05,GBR.1.52.2.31_1,0.7320490367775833,0.98646033878712025
2024,05,GBR.1.52.2.32_1,0.788091068301226,0.99498743710662
2024,05,GBR.1.52.2.33_1,0.7600700525394046,0.9912497162672985
2024,05,GBR.1.52.2.34_1,0.7705779334500876,0.9927738916792685
2024,05,GBR.1.52.2.35_1,0.7740805604203153,0.9932492134404135
2024,05,GBR.1.52.2.36_1,0.649737302977233,0.9661449166662318
2024,05,GBR.1.52.2.37_1,0.7320490367775833,0.98646033878712025
2024,05,GBR.1.52.2.4_1,0.8038528896672505,0.996632329397356
2024,05,GBR.1.52.2.5_1,0.7530647985989493,0.990151503558925
2024,05,GBR.1.52.2.6_1,0.7338003502626971,0.986790757962396
2024,05,GBR.1.52.2.7_1,0.7495621716287216,0.9895776877031939
2024,05,GBR.1.52.2.8_1,0.7425569176882663,0.9883804935347521
2024,05,GBR.1.52.2.9_1,0.7653239929947461,0.9920302414745228
2024,05,GBR.1.52.3.1_1,0.7005253940455343,0.9797958971132712
2024,05,GBR.1.52.3.10_1,0.7845884413309984,0.9945772971468834
2024,05,GBR.1.52.3.11_1,0.6900175131348513,0.9772696659571503
2024,05,GBR.1.52.3.2_1,0.7863397548161122,0.9947843987518099
2024,05,GBR.1.52.3.3_1,0.7495621716287216,0.9895776877031939
2024,05,GBR.1.52.3.4_1,0.6672504378283713,0.9712651543219287
2024,05,GBR.1.52.3.5_1,0.6812609457092821,0.975046665549911
2024,05,GBR.1.52.3.6_1,0.7057793345008757,0.9810015290507961
2024,05,GBR.1.52.3.7_1,0.7513134851138354,0.9898666576867816
2024,05,GBR.1.52.3.8_1,0.6952714535901927,0.97855199146494
2024,05,GBR.1.52.3.9_1,0.7443082311733801,0.9886859966642594
2024,05,GBR.1.52.4.1_1,0.7057793345008757,0.9810015290507961
2024,05,GBR.1.52.4.10_1,0.7548161120840631,0.9904322288778774
2024,05,GBR.1.52.4.11_1,0.7898423817863398,0.9951864146982715
2024,05,GBR.1.52.4.12_1,0.7373029772329247,0.987439112046915
2024,05,GBR.1.52.4.13_1,0.7548161120840631,0.9904322288778774
2024,05,GBR.1.52.4.14_1,0.6952714535901927,0.97855199146494
2024,05,GBR.1.52.4.15_1,0.798598949211909,0.9961204746414963
2024,05,GBR.1.52.4.2_1,0.7425569176882663,0.9883804935347521
2024,05,GBR.1.52.4.3_1,0.7232924693520141,0.9847456524402634
2024,05,GBR.1.52.4.4_1,0.7583187390542908,0.9909813318120578
2024,05,GBR.1.52.4.5_1,0.7933450087565675,0.9955721972815432
2024,05,GBR.1.52.4.6_1,0.8108581436077059,0.9972582413798344
2024,05,GBR.1.52.4.7_1,0.7373029772329247,0.987439112046915
2024,05,GBR.1.52.4.8_1,0.7373029772329247,0.987439112046915
2024,05,GBR.1.52.4.9_1,0.7758318739054292,0.9934807496876826
2024,05,GBR.1.52.5.1_1,0.7390542907180385,0.9877570551507087
2024,05,GBR.1.52.5.10_1,0.7600700525394046,0.9912497162672985
2024,05,GBR.1.52.5.11_1,0.7320490367775833,0.98646033878712025
2024,05,GBR.1.52.5.12_1,0.7565674255691769,0.9907088371464141
2024,05,GBR.1.52.5.13_1,0.6725043782837129,0.9727157858285225
2024,05,GBR.1.52.5.14_1,0.7040280210157619,0.9806038955664005
2024,05,GBR.1.52.5.15_1,0.7530647985989493,0.990151503558925
2024,05,GBR.1.52.5.16_1,0.7408056042031524,0.9880708476622514
2024,05,GBR.1.52.5.17_1,0.6795096322241682,0.9745891442038537
2024,05,GBR.1.52.5.18_1,0.7145359019264449,0.9829262434180909
2024,05,GBR.1.52.5.19_1,0.6882661996497373,0.976833660353696
2024,05,GBR.1.52.5.2_1,0.6917688266199651,0.9777013859047148
2024,05,GBR.1.52.5.20_1,0.7215411558669002,0.9843901665498289
2024,05,GBR.1.52.5.21_1,0.7373029772329247,0.987439112046915
2024,05,GBR.1.52.5.22_1,0.7338003502626971,0.986790757962396
2024,05,GBR.1.52.5.23_1,0.6725043782837129,0.9727157858285225
2024,05,GBR.1.52.5.24_1,0.7092819614711035,0.9817840903172144
2024,05,GBR.1.52.5.25_1,0.7373029772329247,0.987439112046915
2024,05,GBR.1.52.5.26_1,0.6917688266199651,0.9777013859047148
2024,05,GBR.1.52.5.27_1,0.7162872154115587,0.9832985304575615
2024,05,GBR.1.52.5.3_1,0.7285464098073555,0.9857869952479592
2024,05,GBR.1.52.5.4_1,0.7057793345008757,0.9810015290507961
2024,05,GBR.1.52.5.5_1,0.7075306479859896,0.9813949256033475
2024,05,GBR.1.52.5.6_1,0.7057793345008757,0.9810015290507961
2024,05,GBR.1.52.5.7_1,0.6900175131348513,0.9772696659571503
2024,05,GBR.1.52.5.8_1,0.7232924693520141,0.9847456524402634
2024,05,GBR.1.52.5.9_1,0.7005253940455343,0.9797958971132712
2024,05,GBR.1.52.6.1_1,0.712784588441331,0.9825497442877892
2024,05,GBR.1.52.6.10_1,0.7197898423817863,0.9840304873325826
2024,05,GBR.1.52.6.11_1,0.777583187390543,0.9937082066683358
2024,05,GBR.1.52.6.12_1,0.7898423817863398,0.9951864146982715
2024,05,GBR.1.52.6.13_1,0.7478108581436077,0.9892845899942038
2024,05,GBR.1.52.6.14_1,0.7600700525394046,0.9912497162672985
2024,05,GBR.1.52.6.15_1,0.6935201401050789,0.9781288258711119
2024,05,GBR.1.52.6.16_1,0.7232924693520141,0.9847456524402634
2024,05,GBR.1.52.6.17_1,0.6847635726795097,0.9759487691472335
2024,05,GBR.1.52.6.18_1,0.7215411558669002,0.9843901665498289
2024,05,GBR.1.52.6.2_1,0.7635726795096323,0.9917741678426597
2024,05,GBR.1.52.6.3_1,0.7232924693520141,0.9847456524402634
2024,05,GBR.1.52.6.4_1,0.7180385288966725,0.983666610188635
2024,05,GBR.1.52.6.5_1,0.6812609457092821,0.975046665549911
2024,05,GBR.1.52.6.6_1,0.7180385288966725,0.983666610188635
2024,05,GBR.1.52.6.7_1,0.7162872154115587,0.9832985304575615
2024,05,GBR.1.52.6.8_1,0.7250437828371279,0.9850969495435462
2024,05,GBR.1.52.6.9_1,0.7705779334500876,0.9927738916792685
2024,05,GBR.1.52.7.1_1,0.712784588441331,0.9825497442877892
2024,05,GBR.1.52.7.10_1,0.6935201401050789,0.9781288258711119
2024,05,GBR.1.52.7.11_1,0.7267950963222417,0.9854440623394105
2024,05,GBR.1.52.7.12_1,0.7232924693520141,0.9847456524402634
2024,05,GBR.1.52.7.13_1,0.6847635726795097,0.9759487691472335
2024,05,GBR.1.52.7.14_1,0.6900175131348513,0.9772696659571503
2024,05,GBR.1.52.7.15_1,0.7338003502626971,0.986790757962396
2024,05,GBR.1.52.7.16_1,0.6795096322241682,0.9745891442038537
2024,05,GBR.1.52.7.17_1,0.6900175131348513,0.9772696659571503
2024,05,GBR.1.52.7.18_1,0.6812609457092821,0.975046665549911
2024,05,GBR.1.52.7.19_1,0.7005253940455343,0.9797958971132712
2024,05,GBR.1.52.7.2_1,0.6532399299474606,0.9672042183530839
2024,05,GBR.1.52.7.20_1,0.6865148861646235,0.9763933633531108
2024,05,GBR.1.52.7.21_1,0.7443082311733801,0.9886859966642594
2024,05,GBR.1.52.7.22_1,0.6987740805604205,0.9793855216409929
2024,05,GBR.1.52.7.23_1,0.7478108581436077,0.9892845899942038
2024,05,GBR.1.52.7.24_1,0.6462346760070053,0.965067873260736
2024,05,GBR.1.52.7.25_1,0.7302977232924693,0.9861257526299574
2024,05,GBR.1.52.7.26_1,0.7302977232924693,0.9861257526299574
2024,05,GBR.1.52.7.27_1,0.7180385288966725,0.983666610188635
2024,05,GBR.1.52.7.28_1,0.7338003502626971,0.986790757962396
2024,05,GBR.1.52.7.29_1,0.7338003502626971,0.986790757962396
2024,05,GBR.1.52.7.3_1,0.7478108581436077,0.9892845899942038
2024,05,GBR.1.52.7.4_1,0.6865148861646235,0.9763933633531108
2024,05,GBR.1.52.7.5_1,0.7600700525394046,0.9912497162672985
2024,05,GBR.1.52.7.6_1,0.7022767075306481,0.9802020199938377
2024,05,GBR.1.52.7.7_1,0.7180385288966725,0.983666610188635
2024,05,GBR.1.52.7.8_1,0.7285464098073555,0.9857869952479592
2024,05,GBR.1.52.7.9_1,0.7530647985989493,0.990151503558925
2024,05,GBR.1.52.8.1_1,0.7530647985989493,0.990151503558925
2024,05,GBR.1.52.8.10_1,0.7197898423817863,0.9840304873325826
2024,05,GBR.1.52.8.11_1,0.7530647985989493,0.990151503558925
2024,05,GBR.1.52.8.12_1,0.7408056042031524,0.9880708476622514
2024,05,GBR.1.52.8.13_1,0.7197898423817863,0.9840304873325826
2024,05,GBR.1.52.8.14_1,0.7075306479859896,0.9813949256033475
2024,05,GBR.1.52.8.15_1,0.7075306479859896,0.9813949256033475
2024,05,GBR.1.52.8.16_1,0.7618213660245184,0.9915139938498094
2024,05,GBR.1.52.8.17_1,0.7338003502626971,0.986790757962396
2024,05,GBR.1.52.8.18_1,0.7057793345008757,0.9810015290507961
2024,05,GBR.1.52.8.19_1,0.7495621716287216,0.9895776877031939
2024,05,GBR.1.52.8.2_1,0.7355516637478109,0.9871170143402452
2024,05,GBR.1.52.8.3_1,0.7408056042031524,0.9880708476622514
2024,05,GBR.1.52.8.4_1,0.7232924693520141,0.9847456524402634
2024,05,GBR.1.52.8.5_1,0.7443082311733801,0.9886859966642594
2024,05,GBR.1.52.8.6_1,0.7285464098073555,0.9857869952479592
2024,05,GBR.1.52.8.7_1,0.7355516637478109,0.9871170143402452
2024,05,GBR.1.52.8.8_1,0.6987740805604205,0.9793855216409929
2024,05,GBR.1.52.8.9_1,0.7162872154115587,0.9832985304575615
2024,05,GBR.1.53.1.19_1,0.7320490367775833,0.98646033878712025
2024,05,GBR.1.53.1.7_1,0.7285464098073555,0.9857869952479592
2024,05,GBR.1.54.1.31_1,0.7373029772329247,0.987439112046915
2024,05,GBR.1.55.1.1_1,0.7933450087565675,0.9955721972815432
2024,05,GBR.1.55.1.10_1,0.7302977232924693,0.9861257526299574
2024,05,GBR.1.55.1.12_1,0.7180385288966725,0.983666610188635
2024,05,GBR.1.55.1.13_1,0.7390542907180385,0.9877570551507087
2024,05,GBR.1.55.1.14_1,0.7040280210157619,0.9806038955664005
2024,05,GBR.1.55.1.15_1,0.7250437828371279,0.9850969495435462
2024,05,GBR.1.55.1.16_1,0.7583187390542908,0.9909813318120578
2024,05,GBR.1.55.1.17_1,0.6970227670753065,0.9789708882290628
2024,05,GBR.1.55.1.18_1,0.7232924693520141,0.9847456524402634
2024,05,GBR.1.55.1.19_1,0.7145359019264449,0.9829262434180909
2024,05,GBR.1.55.1.2_1,0.7408056042031524,0.9880708476622514
2024,05,GBR.1.55.1.21_1,0.6374781085814362,0.962297251372984
2024,05,GBR.1.55.1.3_1,0.6777583187390543,0.9741273017424364
2024,05,GBR.1.55.1.4_1,0.7040280210157619,0.9806038955664005
2024,05,GBR.1.55.1.5_1,0.6549912434325745,0.9677272342969376
2024,05,GBR.1.55.1.6_1,0.7162872154115587,0.9832985304575615
2024,05,GBR.1.55.1.7_1,0.7040280210157619,0.9806038955664005
2024,05,GBR.1.55.1.8_1,0.7723292469352014,0.9930135950730987
2024,05,GBR.1.55.1.9_1,0.7215411558669002,0.9843901665498289
2024,05,GBR.1.56.1.12_1,0.7915936952714537,0.9953813339620148
2024,05,GBR.1.56.1.17_1,0.7635726795096323,0.9917741678426597
2024,05,GBR.1.56.1.6_1,0.7600700525394046,0.9912497162672985
2024,05,GBR.1.57.1.11_1,0.712784588441331,0.9825497442877892
2024,05,GBR.1.57.1.13_1,0.6760070052539405,0.9736611320166786
2024,05,GBR.1.57.1.16_1,0.6462346760070053,0.965067873260736
2024,05,GBR.1.58.1.1_1,0.7162872154115587,0.9832985304575615
2024,05,GBR.1.58.1.10_1,0.7513134851138354,0.9898666576867816
2024,05,GBR.1.58.1.11_1,0.7793345008756568,0.993931587182941
2024,05,GBR.1.58.1.12_1,0.8038528896672505,0.996632329397356
2024,05,GBR.1.58.1.13_1,0.7548161120840631,0.9904322288778774
2024,05,GBR.1.58.1.14_1,0.7443082311733801,0.9886859966642594
2024,05,GBR.1.58.1.15_1,0.7302977232924693,0.9861257526299574
2024,05,GBR.1.58.1.16_1,0.7478108581436077,0.9892845899942038
2024,05,GBR.1.58.1.17_1,0.7583187390542908,0.9909813318120578
2024,05,GBR.1.58.1.18_1,0.7408056042031524,0.9880708476622514
2024,05,GBR.1.58.1.19_1,0.7495621716287216,0.9895776877031939
2024,05,GBR.1.58.1.2_1,0.7740805604203153,0.9932492134404135
2024,05,GBR.1.58.1.20_1,0.7250437828371279,0.9850969495435462
2024,05,GBR.1.58.1.21_1,0.7005253940455343,0.9797958971132712
2024,05,GBR.1.58.1.22_1,0.7530647985989493,0.990151503558925
2024,05,GBR.1.58.1.23_1,0.7548161120840631,0.9904322288778774
2024,05,GBR.1.58.1.24_1,0.6952714535901927,0.97855199146494
2024,05,GBR.1.58.1.25_1,0.7232924693520141,0.9847456524402634
2024,05,GBR.1.58.1.26_1,0.7583187390542908,0.9909813318120578
2024,05,GBR.1.58.1.27_1,0.777583187390543,0.9937082066683358
2024,05,GBR.1.58.1.28_1,0.7355516637478109,0.9871170143402452
2024,05,GBR.1.58.1.29_1,0.7565674255691769,0.9907088371464141
2024,05,GBR.1.58.1.3_1,0.7338003502626971,0.986790757962396
2024,05,GBR.1.58.1.4_1,0.7863397548161122,0.9947843987518099
2024,05,GBR.1.58.1.5_1,0.7968476357267952,0.9959417653658269
2024,05,GBR.1.58.1.6_1,0.7513134851138354,0.9898666576867816
2024,05,GBR.1.58.1.7_1,0.7565674255691769,0.9907088371464141
2024,05,GBR.1.58.1.8_1,0.7215411558669002,0.9843901665498289
2024,05,GBR.1.58.1.9_1,0.7828371278458844,0.9943661297530201
2024,05,GBR.1.59.1.1_1,0.7302977232924693,0.9861257526299574
2024,05,GBR.1.59.1.10_1,0.7478108581436077,0.9892845899942038
2024,05,GBR.1.59.1.11_1,0.7040280210157619,0.9806038955664005
2024,05,GBR.1.59.1.12_1,0.7145359019264449,0.9829262434180909
2024,05,GBR.1.59.1.13_1,0.7022767075306481,0.9802020199938377
2024,05,GBR.1.59.1.14_1,0.7495621716287216,0.9895776877031939
2024,05,GBR.1.59.1.15_1,0.7180385288966725,0.983666610188635
2024,05,GBR.1.59.1.16_1,0.6847635726795097,0.9759487691472335
2024,05,GBR.1.59.1.17_1,0.7197898423817863,0.9840304873325826
2024,05,GBR.1.59.1.18_1,0.7373029772329247,0.987439112046915
2024,05,GBR.1.59.1.19_1,0.7197898423817863,0.9840304873325826
2024,05,GBR.1.59.1.2_1,0.7110332749562173,0.9821690282227392
2024,05,GBR.1.59.1.20_1,0.7302977232924693,0.9861257526299574
2024,05,GBR.1.59.1.21_1,0.7635726795096323,0.9917741678426597
2024,05,GBR.1.59.1.22_1,0.7180385288966725,0.983666610188635
2024,05,GBR.1.59.1.23_1,0.7057793345008757,0.9810015290507961
2024,05,GBR.1.59.1.24_1,0.6830122591943959,0.9754998718605759
2024,05,GBR.1.59.1.25_1,0.6865148861646235,0.9763933633531108
2024,05,GBR.1.59.1.26_1,0.7600700525394046,0.9912497162672985
2024,05,GBR.1.59.1.27_1,0.6900175131348513,0.9772696659571503
2024,05,GBR.1.59.1.3_1,0.76707530647986,0.9922822179198819
2024,05,GBR.1.59.1.4_1,0.6970227670753065,0.9789708882290628
2024,05,GBR.1.59.1.5_1,0.6970227670753065,0.9789708882290628
2024,05,GBR.1.59.1.6_1,0.7530647985989493,0.990151503558925
2024,05,GBR.1.59.1.7_1,0.7250437828371279,0.9850969495435462
2024,05,GBR.1.59.1.8_1,0.7513134851138354,0.9898666576867816
2024,05,GBR.1.59.1.9_1,0.7162872154115587,0.9832985304575615
2024,05,GBR.1.59.2.1_1,0.7758318739054292,0.9934807496876826
2024,05,GBR.1.59.2.10_1,0.7583187390542908,0.9909813318120578
2024,05,GBR.1.59.2.11_1,0.7513134851138354,0.9898666576867816
2024,05,GBR.1.59.2.12_1,0.7618213660245184,0.9915139938498094
2024,05,GBR.1.59.2.13_1,0.7110332749562173,0.9821690282227392
2024,05,GBR.1.59.2.14_1,0.7040280210157619,0.9806038955664005
2024,05,GBR.1.59.2.15_1,0.7565674255691769,0.9907088371464141
2024,05,GBR.1.59.2.16_1,0.7373029772329247,0.987439112046915
2024,05,GBR.1.59.2.17_1,0.7495621716287216,0.9895776877031939
2024,05,GBR.1.59.2.18_1,0.7057793345008757,0.9810015290507961
2024,05,GBR.1.59.2.19_1,0.7355516637478109,0.9871170143402452
2024,05,GBR.1.59.2.2_1,0.7863397548161122,0.9947843987518099
2024,05,GBR.1.59.2.20_1,0.7828371278458844,0.9943661297530201
2024,05,GBR.1.59.2.21_1,0.7267950963222417,0.9854440623394105
2024,05,GBR.1.59.2.22_1,0.7583187390542908,0.9909813318120578
2024,05,GBR.1.59.2.23_1,0.7898423817863398,0.9951864146982715
2024,05,GBR.1.59.2.24_1,0.76707530647986,0.9922822179198819
2024,05,GBR.1.59.2.25_1,0.6952714535901927,0.97855199146494
2024,05,GBR.1.59.2.26_1,0.7758318739054292,0.9934807496876826
2024,05,GBR.1.59.2.27_1,0.7810858143607706,0.9941508939793798
2024,05,GBR.1.59.2.28_1,0.7618213660245184,0.9915139938498094
2024,05,GBR.1.59.2.29_1,0.7408056042031524,0.9880708476622514
2024,05,GBR.1.59.2.3_1,0.7740805604203153,0.9932492134404135
2024,05,GBR.1.59.2.30_1,0.7915936952714537,0.9953813339620148
2024,05,GBR.1.59.2.31_1,0.7758318739054292,0.9934807496876826
2024,05,GBR.1.59.2.4_1,0.7075306479859896,0.9813949256033475
2024,05,GBR.1.59.2.5_1,0.7688266199649738,0.9925301002992302
2024,05,GBR.1.59.2.6_1,0.7267950963222417,0.9854440623394105
2024,05,GBR.1.59.2.7_1,0.7092819614711035,0.9817840903172144
2024,05,GBR.1.59.2.8_1,0.7898423817863398,0.9951864146982715
2024,05,GBR.1.59.2.9_1,0.7040280210157619,0.9806038955664005
2024,05,GBR.1.59.3.1_1,0.7933450087565675,0.9955721972815432
2024,05,GBR.1.59.3.10_1,0.7828371278458844,0.9943661297530201
2024,05,GBR.1.59.3.11_1,0.8126094570928197,0.9974046320325567
2024,05,GBR.1.59.3.13_1,0.7810858143607706,0.9941508939793798
2024,05,GBR.1.59.3.14_1,0.7845884413309984,0.9945772971468834
2024,05,GBR.1.59.3.15_1,0.8056042031523644,0.996794863550169
2024,05,GBR.1.59.3.2_1,0.7758318739054292,0.9934807496876826
2024,05,GBR.1.59.3.4_1,0.8073555166374782,0.9969533589892758
2024,05,GBR.1.59.3.5_1,0.7180385288966725,0.983666610188635
2024,05,GBR.1.59.3.6_1,0.7828371278458844,0.9943661297530201
2024,05,GBR.1.59.3.7_1,0.7705779334500876,0.9927738916792685
2024,05,GBR.1.59.3.8_1,0.7460595446584939,0.9889873608899156
2024,05,GBR.1.59.3.9_1,0.7810858143607706,0.9941508939793798
2024,05,GBR.1.59.4.1_1,0.7478108581436077,0.9892845899942038
2024,05,GBR.1.59.4.10_1,0.8021015761821367,0.9964657545545658
2024,05,GBR.1.59.4.11_1,0.7478108581436077,0.9892845899942038
2024,05,GBR.1.59.4.12_1,0.7355516637478109,0.9871170143402452
2024,05,GBR.1.59.4.13_1,0.777583187390543,0.9937082066683358
2024,05,GBR.1.59.4.14_1,0.7565674255691769,0.9907088371464141
2024,05,GBR.1.59.4.15_1,0.777583187390543,0.9937082066683358
2024,05,GBR.1.59.4.16_1,0.7635726795096323,0.9917741678426597
2024,05,GBR.1.59.4.17_1,0.7758318739054292,0.9934807496876826
2024,05,GBR.1.59.4.18_1,0.7373029772329247,0.987439112046915
2024,05,GBR.1.59.4.19_1,0.7968476357267952,0.9959417653658269
2024,05,GBR.1.59.4.2_1,0.7688266199649738,0.9925301002992302
2024,05,GBR.1.59.4.20_1,0.8091068301225921,0.9971078176406
2024,05,GBR.1.59.4.21_1,0.7635726795096323,0.9917741678426597
2024,05,GBR.1.59.4.22_1,0.7618213660245184,0.9915139938498094
2024,05,GBR.1.59.4.25_1,0.7968476357267952,0.9959417653658269
2024,05,GBR.1.59.4.26_1,0.7723292469352014,0.9930135950730987
2024,05,GBR.1.59.4.28_1,0.7635726795096323,0.9917741678426597
2024,05,GBR.1.59.4.29_1,0.7758318739054292,0.9934807496876826
2024,05,GBR.1.59.4.3_1,0.798598949211909,0.9961204746414963
2024,05,GBR.1.59.4.30_1,0.7758318739054292,0.9934807496876826
2024,05,GBR.1.59.4.31_1,0.7688266199649738,0.9925301002992302
2024,05,GBR.1.59.4.32_1,0.7653239929947461,0.9920302414745228
2024,05,GBR.1.59.4.33_1,0.7040280210157619,0.9806038955664005
2024,05,GBR.1.59.4.34_1,0.7513134851138354,0.9898666576867816
2024,05,GBR.1.59.4.35_1,0.8073555166374782,0.9969533589892758
2024,05,GBR.1.59.4.4_1,0.8108581436077059,0.9972582413798344
2024,05,GBR.1.59.4.6_1,0.7548161120840631,0.9904322288778774
2024,05,GBR.1.59.4.7_1,0.7618213660245184,0.9915139938498094
2024,05,GBR.1.59.4.8_1,0.7793345008756568,0.993931587182941
2024,05,GBR.1.59.4.9_1,0.7618213660245184,0.9915139938498094
2024,05,GBR.1.59.5.1_1,0.7653239929947461,0.9920302414745228
2024,05,GBR.1.59.5.10_1,0.7338003502626971,0.986790757962396
2024,05,GBR.1.59.5.2_1,0.7740805604203153,0.9932492134404135
2024,05,GBR.1.59.5.3_1,0.7425569176882663,0.9883804935347521
2024,05,GBR.1.59.5.4_1,0.7565674255691769,0.9907088371464141
2024,05,GBR.1.59.5.5_1,0.7898423817863398,0.9951864146982715
2024,05,GBR.1.59.5.6_1,0.7197898423817863,0.9840304873325826
2024,05,GBR.1.59.5.7_1,0.6970227670753065,0.9789708882290628
2024,05,GBR.1.59.5.8_1,0.712784588441331,0.9825497442877892
2024,05,GBR.1.59.5.9_1,0.7373029772329247,0.987439112046915
2024,05,GBR.1.59.6.1_1,0.7635726795096323,0.9917741678426597
2024,05,GBR.1.59.6.10_1,0.712784588441331,0.9825497442877892
2024,05,GBR.1.59.6.11_1,0.7197898423817863,0.9840304873325826
2024,05,GBR.1.59.6.12_1,0.7338003502626971,0.986790757962396
2024,05,GBR.1.59.6.13_1,0.7863397548161122,0.9947843987518099
2024,05,GBR.1.59.6.14_1,0.7565674255691769,0.9907088371464141
2024,05,GBR.1.59.6.15_1,0.7338003502626971,0.986790757962396
2024,05,GBR.1.59.6.16_1,0.7723292469352014,0.9930135950730987
2024,05,GBR.1.59.6.17_1,0.7740805604203153,0.9932492134404135
2024,05,GBR.1.59.6.18_1,0.7320490367775833,0.98646033878712025
2024,05,GBR.1.59.6.19_1,0.7338003502626971,0.986790757962396
2024,05,GBR.1.59.6.2_1,0.7145359019264449,0.9829262434180909
2024,05,GBR.1.59.6.20_1,0.7565674255691769,0.9907088371464141
2024,05,GBR.1.59.6.21_1,0.7232924693520141,0.9847456524402634
2024,05,GBR.1.59.6.22_1,0.7408056042031524,0.9880708476622514
2024,05,GBR.1.59.6.23_1,0.7390542907180385,0.9877570551507087
2024,05,GBR.1.59.6.24_1,0.7302977232924693,0.9861257526299574
2024,05,GBR.1.59.6.25_1,0.7548161120840631,0.9904322288778774
2024,05,GBR.1.59.6.26_1,0.6900175131348513,0.9772696659571503
2024,05,GBR.1.59.6.27_1,0.7355516637478109,0.9871170143402452
2024,05,GBR.1.59.6.28_1,0.7075306479859896,0.9813949256033475
2024,05,GBR.1.59.6.29_1,0.7758318739054292,0.9934807496876826
2024,05,GBR.1.59.6.3_1,0.7618213660245184,0.9915139938498094
2024,05,GBR.1.59.6.30_1,0.7460595446584939,0.9889873608899156
2024,05,GBR.1.59.6.31_1,0.7478108581436077,0.9892845899942038
2024,05,GBR.1.59.6.32_1,0.7197898423817863,0.9840304873325826
2024,05,GBR.1.59.6.33_1,0.7355516637478109,0.9871170143402452
2024,05,GBR.1.59.6.34_1,0.7583187390542908,0.9909813318120578
2024,05,GBR.1.59.6.35_1,0.7092819614711035,0.9817840903172144
2024,05,GBR.1.59.6.36_1,0.6935201401050789,0.9781288258711119
2024,05,GBR.1.59.6.4_1,0.7705779334500876,0.9927738916792685
2024,05,GBR.1.59.6.5_1,0.7285464098073555,0.9857869952479592
2024,05,GBR.1.59.6.6_1,0.7390542907180385,0.9877570551507087
2024,05,GBR.1.59.6.7_1,0.6725043782837129,0.9727157858285225
2024,05,GBR.1.59.6.8_1,0.8178633975481613,0.997819622978021
2024,05,GBR.1.59.6.9_1,0.7215411558669002,0.9843901665498289
2024,05,GBR.1.6.1.1_1,0.76707530647986,0.9922822179198819
2024,05,GBR.1.6.1.12_1,0.7092819614711035,0.9817840903172144
2024,05,GBR.1.6.1.13_1,0.7723292469352014,0.9930135950730987
2024,05,GBR.1.6.1.6_1,0.76707530647986,0.9922822179198819
2024,05,GBR.1.6.1.9_1,0.7828371278458844,0.9943661297530201
2024,05,GBR.1.60.1.1_1,0.7530647985989493,0.990151503558925
2024,05,GBR.1.60.1.10_1,0.7110332749562173,0.9821690282227392
2024,05,GBR.1.60.1.11_1,0.7110332749562173,0.9821690282227392
2024,05,GBR.1.60.1.12_1,0.7495621716287216,0.9895776877031939
2024,05,GBR.1.60.1.13_1,0.7443082311733801,0.9886859966642594
2024,05,GBR.1.60.1.14_1,0.6987740805604205,0.9793855216409929
2024,05,GBR.1.60.1.15_1,0.7373029772329247,0.987439112046915
2024,05,GBR.1.60.1.16_1,0.6637478108581437,0.970276249322841
2024,05,GBR.1.60.1.17_1,0.7635726795096323,0.9917741678426597
2024,05,GBR.1.60.1.2_1,0.7320490367775833,0.98646033878712025
2024,05,GBR.1.60.1.3_1,0.7548161120840631,0.9904322288778774
2024,05,GBR.1.60.1.4_1,0.7548161120840631,0.9904322288778774
2024,05,GBR.1.60.1.5_1,0.7443082311733801,0.9886859966642594
2024,05,GBR.1.60.1.6_1,0.7478108581436077,0.9892845899942038
2024,05,GBR.1.60.1.7_1,0.7478108581436077,0.9892845899942038
2024,05,GBR.1.60.1.8_1,0.7285464098073555,0.9857869952479592
2024,05,GBR.1.60.1.9_1,0.7320490367775833,0.98646033878712025
2024,05,GBR.1.61.1.1_1,0.7110332749562173,0.9821690282227392
2024,05,GBR.1.61.1.10_1,0.6725043782837129,0.9727157858285225
2024,05,GBR.1.61.1.11_1,0.6935201401050789,0.9781288258711119
2024,05,GBR.1.61.1.12_1,0.6917688266199651,0.9777013859047148
2024,05,GBR.1.61.1.13_1,0.7145359019264449,0.9829262434180909
2024,05,GBR.1.61.1.14_1,0.6970227670753065,0.9789708882290628
2024,05,GBR.1.61.1.15_1,0.7408056042031524,0.9880708476622514
2024,05,GBR.1.61.1.16_1,0.7250437828371279,0.9850969495435462
2024,05,GBR.1.61.1.17_1,0.7285464098073555,0.9857869952479592
2024,05,GBR.1.61.1.18_1,0.670753064798599,0.9722365967191319
2024,05,GBR.1.61.1.19_1,0.7180385288966725,0.983666610188635
2024,05,GBR.1.61.1.2_1,0.6900175131348513,0.9772696659571503
2024,05,GBR.1.61.1.22_1,0.6777583187390543,0.9741273017424364
2024,05,GBR.1.61.1.23_1,0.6847635726795097,0.9759487691472335
2024,05,GBR.1.61.1.28_1,0.6952714535901927,0.97855199146494
2024,05,GBR.1.61.1.3_1,0.7022767075306481,0.9802020199938377
2024,05,GBR.1.61.1.31_1,0.7110332749562173,0.9821690282227392
2024,05,GBR.1.61.1.33_1,0.6935201401050789,0.9781288258711119
2024,05,GBR.1.61.1.35_1,0.7005253940455343,0.9797958971132712
2024,05,GBR.1.61.1.36_1,0.7215411558669002,0.9843901665498289
2024,05,GBR.1.61.1.37_1,0.6690017513134852,0.9717530550505102
2024,05,GBR.1.61.1.4_1,0.6830122591943959,0.9754998718605759
2024,05,GBR.1.61.1.5_1,0.7022767075306481,0.9802020199938377
2024,05,GBR.1.61.1.6_1,0.6690017513134852,0.9717530550505102
2024,05,GBR.1.61.1.7_1,0.6935201401050789,0.9781288258711119
2024,05,GBR.1.62.1.1_1,0.8143607705779335,0.9975469913743412
2024,05,GBR.1.62.1.10_1,0.7828371278458844,0.9943661297530201
2024,05,GBR.1.62.1.11_1,0.76707530647986,0.9922822179198819
2024,05,GBR.1.62.1.12_1,0.7355516637478109,0.9871170143402452
2024,05,GBR.1.62.1.13_1,0.7618213660245184,0.9915139938498094
2024,05,GBR.1.62.1.14_1,0.7390542907180385,0.9877570551507087
2024,05,GBR.1.62.1.15_1,0.7548161120840631,0.9904322288778774
2024,05,GBR.1.62.1.16_1,0.7197898423817863,0.9840304873325826
2024,05,GBR.1.62.1.17_1,0.7548161120840631,0.9904322288778774
2024,05,GBR.1.62.1.18_1,0.7460595446584939,0.9889873608899156
2024,05,GBR.1.62.1.19_1,0.7600700525394046,0.9912497162672985
2024,05,GBR.1.62.1.2_1,0.8021015761821367,0.9964657545545658
2024,05,GBR.1.62.1.20_1,0.7320490367775833,0.98646033878712025
2024,05,GBR.1.62.1.3_1,0.7390542907180385,0.9877570551507087
2024,05,GBR.1.62.1.4_1,0.7548161120840631,0.9904322288778774
2024,05,GBR.1.62.1.5_1,0.7740805604203153,0.9932492134404135
2024,05,GBR.1.62.1.6_1,0.777583187390543,0.9937082066683358
2024,05,GBR.1.62.1.7_1,0.7513134851138354,0.9898666576867816
2024,05,GBR.1.62.1.8_1,0.7530647985989493,0.990151503558925
2024,05,GBR.1.62.1.9_1,0.7705779334500876,0.9927738916792685
2024,05,GBR.1.63.1.1_1,0.7320490367775833,0.98646033878712025
2024,05,GBR.1.63.1.10_1,0.7408056042031524,0.9880708476622514
2024,05,GBR.1.63.1.11_1,0.7425569176882663,0.9883804935347521
2024,05,GBR.1.63.1.12_1,0.7565674255691769,0.9907088371464141
2024,05,GBR.1.63.1.13_1,0.7863397548161122,0.9947843987518099
2024,05,GBR.1.63.1.14_1,0.7600700525394046,0.9912497162672985
2024,05,GBR.1.63.1.15_1,0.7355516637478109,0.9871170143402452
2024,05,GBR.1.63.1.16_1,0.7162872154115587,0.9832985304575615
2024,05,GBR.1.63.1.17_1,0.6795096322241682,0.9745891442038537
2024,05,GBR.1.63.1.18_1,0.6987740805604205,0.9793855216409929
2024,05,GBR.1.63.1.19_1,0.7373029772329247,0.987439112046915
2024,05,GBR.1.63.1.2_1,0.7425569176882663,0.9883804935347521
2024,05,GBR.1.63.1.3_1,0.7232924693520141,0.9847456524402634
2024,05,GBR.1.63.1.4_1,0.6935201401050789,0.9781288258711119
2024,05,GBR.1.63.1.5_1,0.7285464098073555,0.9857869952479592
2024,05,GBR.1.63.1.6_1,0.6812609457092821,0.975046665549911
2024,05,GBR.1.63.1.7_1,0.7443082311733801,0.9886859966642594
2024,05,GBR.1.63.1.8_1,0.7267950963222417,0.9854440623394105
2024,05,GBR.1.63.1.9_1,0.7793345008756568,0.993931587182941
2024,05,GBR.1.63.2.1_1,0.7530647985989493,0.990151503558925
2024,05,GBR.1.63.2.10_1,0.7250437828371279,0.9850969495435462
2024,05,GBR.1.63.2.11_1,0.7355516637478109,0.9871170143402452
2024,05,GBR.1.63.2.12_1,0.7197898423817863,0.9840304873325826
2024,05,GBR.1.63.2.13_1,0.7250437828371279,0.9850969495435462
2024,05,GBR.1.63.2.14_1,0.7302977232924693,0.9861257526299574
2024,05,GBR.1.63.2.15_1,0.7758318739054292,0.9934807496876826
2024,05,GBR.1.63.2.16_1,0.7513134851138354,0.9898666576867816
2024,05,GBR.1.63.2.17_1,0.7408056042031524,0.9880708476622514
2024,05,GBR.1.63.2.2_1,0.6952714535901927,0.97855199146494
2024,05,GBR.1.63.2.3_1,0.7495621716287216,0.9895776877031939
2024,05,GBR.1.63.2.4_1,0.6917688266199651,0.9777013859047148
2024,05,GBR.1.63.2.5_1,0.7443082311733801,0.9886859966642594
2024,05,GBR.1.63.2.6_1,0.7548161120840631,0.9904322288778774
2024,05,GBR.1.63.2.7_1,0.777583187390543,0.9937082066683358
2024,05,GBR.1.63.2.8_1,0.7320490367775833,0.98646033878712025
2024,05,GBR.1.63.2.9_1,0.7513134851138354,0.9898666576867816
2024,05,GBR.1.63.3.1_1,0.7075306479859896,0.9813949256033475
2024,05,GBR.1.63.3.10_1,0.7530647985989493,0.990151503558925
2024,05,GBR.1.63.3.11_1,0.7460595446584939,0.9889873608899156
2024,05,GBR.1.63.3.12_1,0.7758318739054292,0.9934807496876826
2024,05,GBR.1.63.3.13_1,0.7635726795096323,0.9917741678426597
2024,05,GBR.1.63.3.14_1,0.7005253940455343,0.9797958971132712
2024,05,GBR.1.63.3.15_1,0.7583187390542908,0.9909813318120578
2024,05,GBR.1.63.3.16_1,0.7933450087565675,0.9955721972815432
2024,05,GBR.1.63.3.17_1,0.7075306479859896,0.9813949256033475
2024,05,GBR.1.63.3.18_1,0.7443082311733801,0.9886859966642594
2024,05,GBR.1.63.3.19_1,0.7635726795096323,0.9917741678426597
2024,05,GBR.1.63.3.2_1,0.7583187390542908,0.9909813318120578
2024,05,GBR.1.63.3.20_1,0.7408056042031524,0.9880708476622514
2024,05,GBR.1.63.3.21_1,0.7688266199649738,0.9925301002992302
2024,05,GBR.1.63.3.22_1,0.7653239929947461,0.9920302414745228
2024,05,GBR.1.63.3.23_1,0.7005253940455343,0.9797958971132712
2024,05,GBR.1.63.3.24_1,0.7215411558669002,0.9843901665498289
2024,05,GBR.1.63.3.25_1,0.7408056042031524,0.9880708476622514
2024,05,GBR.1.63.3.26_1,0.7373029772329247,0.987439112046915
2024,05,GBR.1.63.3.27_1,0.7355516637478109,0.9871170143402452
2024,05,GBR.1.63.3.28_1,0.7250437828371279,0.9850969495435462
2024,05,GBR.1.63.3.29_1,0.6760070052539405,0.9736611320166786
2024,05,GBR.1.63.3.3_1,0.6917688266199651,0.9777013859047148
2024,05,GBR.1.63.3.30_1,0.7915936952714537,0.9953813339620148
2024,05,GBR.1.63.3.31_1,0.7583187390542908,0.9909813318120578
2024,05,GBR.1.63.3.32_1,0.788091068301226,0.99498743710662
2024,05,GBR.1.63.3.33_1,0.7197898423817863,0.9840304873325826
2024,05,GBR.1.63.3.34_1,0.7425569176882663,0.9883804935347521
2024,05,GBR.1.63.3.35_1,0.7302977232924693,0.9861257526299574
2024,05,GBR.1.63.3.36_1,0.7793345008756568,0.993931587182941
2024,05,GBR.1.63.3.37_1,0.7373029772329247,0.987439112046915
2024,05,GBR.1.63.3.38_1,0.7618213660245184,0.9915139938498094
2024,05,GBR.1.63.3.39_1,0.76707530647986,0.9922822179198819
2024,05,GBR.1.63.3.4_1,0.7653239929947461,0.9920302414745228
2024,05,GBR.1.63.3.40_1,0.7688266199649738,0.9925301002992302
2024,05,GBR.1.63.3.5_1,0.7355516637478109,0.9871170143402452
2024,05,GBR.1.63.3.6_1,0.7373029772329247,0.987439112046915
2024,05,GBR.1.63.3.7_1,0.7600700525394046,0.9912497162672985
2024,05,GBR.1.63.3.8_1,0.76707530647986,0.9922822179198819
2024,05,GBR.1.63.3.9_1,0.7548161120840631,0.9904322288778774
2024,05,GBR.1.63.4.1_1,0.7250437828371279,0.9850969495435462
2024,05,GBR.1.63.4.10_1,0.7618213660245184,0.9915139938498094
2024,05,GBR.1.63.4.11_1,0.7863397548161122,0.9947843987518099
2024,05,GBR.1.63.4.12_1,0.7250437828371279,0.9850969495435462
2024,05,GBR.1.63.4.13_1,0.788091068301226,0.99498743710662
2024,05,GBR.1.63.4.14_1,0.7600700525394046,0.9912497162672985
2024,05,GBR.1.63.4.15_1,0.7355516637478109,0.9871170143402452
2024,05,GBR.1.63.4.16_1,0.777583187390543,0.9937082066683358
2024,05,GBR.1.63.4.17_1,0.7635726795096323,0.9917741678426597
2024,05,GBR.1.63.4.18_1,0.7688266199649738,0.9925301002992302
2024,05,GBR.1.63.4.19_1,0.7530647985989493,0.990151503558925
2024,05,GBR.1.63.4.2_1,0.8143607705779335,0.9975469913743412
2024,05,GBR.1.63.4.20_1,0.7898423817863398,0.9951864146982715
2024,05,GBR.1.63.4.21_1,0.7810858143607706,0.9941508939793798
2024,05,GBR.1.63.4.22_1,0.7425569176882663,0.9883804935347521
2024,05,GBR.1.63.4.23_1,0.7688266199649738,0.9925301002992302
2024,05,GBR.1.63.4.3_1,0.7758318739054292,0.9934807496876826
2024,05,GBR.1.63.4.4_1,0.7443082311733801,0.9886859966642594
2024,05,GBR.1.63.4.5_1,0.7758318739054292,0.9934807496876826
2024,05,GBR.1.63.4.6_1,0.7915936952714537,0.9953813339620148
2024,05,GBR.1.63.4.7_1,0.7863397548161122,0.9947843987518099
2024,05,GBR.1.63.4.8_1,0.7635726795096323,0.9917741678426597
2024,05,GBR.1.63.4.9_1,0.7302977232924693,0.9861257526299574
2024,05,GBR.1.63.5.1_1,0.7215411558669002,0.9843901665498289
2024,05,GBR.1.63.5.10_1,0.7408056042031524,0.9880708476622514
2024,05,GBR.1.63.5.11_1,0.7302977232924693,0.9861257526299574
2024,05,GBR.1.63.5.12_1,0.7933450087565675,0.9955721972815432
2024,05,GBR.1.63.5.13_1,0.8581436077057794,0.9997999799959989
2024,05,GBR.1.63.5.14_1,0.7863397548161122,0.9947843987518099
2024,05,GBR.1.63.5.15_1,0.7197898423817863,0.9840304873325826
2024,05,GBR.1.63.5.16_1,0.7828371278458844,0.9943661297530201
2024,05,GBR.1.63.5.17_1,0.7583187390542908,0.9909813318120578
2024,05,GBR.1.63.5.18_1,0.7513134851138354,0.9898666576867816
2024,05,GBR.1.63.5.19_1,0.7373029772329247,0.987439112046915
2024,05,GBR.1.63.5.2_1,0.7758318739054292,0.9934807496876826
2024,05,GBR.1.63.5.20_1,0.7565674255691769,0.9907088371464141
2024,05,GBR.1.63.5.3_1,0.7635726795096323,0.9917741678426597
2024,05,GBR.1.63.5.4_1,0.7688266199649738,0.9925301002992302
2024,05,GBR.1.63.5.5_1,0.7162872154115587,0.9832985304575615
2024,05,GBR.1.63.5.6_1,0.7758318739054292,0.9934807496876826
2024,05,GBR.1.63.5.7_1,0.7933450087565675,0.9955721972815432
2024,05,GBR.1.63.5.8_1,0.7740805604203153,0.9932492134404135
2024,05,GBR.1.63.5.9_1,0.7443082311733801,0.9886859966642594
2024,05,GBR.1.63.6.10_1,0.7950963222416814,0.9957590069891409
2024,05,GBR.1.63.6.11_1,0.7653239929947461,0.9920302414745228
2024,05,GBR.1.63.6.12_1,0.7443082311733801,0.9886859966642594
2024,05,GBR.1.63.6.13_1,0.7758318739054292,0.9934807496876826
2024,05,GBR.1.63.6.14_1,0.7793345008756568,0.993931587182941
2024,05,GBR.1.63.6.15_1,0.7758318739054292,0.9934807496876826
2024,05,GBR.1.63.6.19_1,0.7688266199649738,0.9925301002992302
2024,05,GBR.1.63.6.2_1,0.7635726795096323,0.9917741678426597
2024,05,GBR.1.63.6.20_1,0.7530647985989493,0.990151503558925
2024,05,GBR.1.63.6.23_1,0.7705779334500876,0.9927738916792685
2024,05,GBR.1.63.6.25_1,0.7600700525394046,0.9912497162672985
2024,05,GBR.1.63.6.4_1,0.8073555166374782,0.9969533589892758
2024,05,GBR.1.63.6.5_1,0.7810858143607706,0.9941508939793798
2024,05,GBR.1.63.6.6_1,0.7845884413309984,0.9945772971468834
2024,05,GBR.1.63.6.7_1,0.8021015761821367,0.9964657545545658
2024,05,GBR.1.63.6.9_1,0.788091068301226,0.99498743710662
2024,05,GBR.1.63.7.1_1,0.7338003502626971,0.986790757962396
2024,05,GBR.1.63.7.10_1,0.6935201401050789,0.9781288258711119
2024,05,GBR.1.63.7.11_1,0.7180385288966725,0.983666610188635
2024,05,GBR.1.63.7.12_1,0.7197898423817863,0.9840304873325826
2024,05,GBR.1.63.7.13_1,0.6935201401050789,0.9781288258711119
2024,05,GBR.1.63.7.14_1,0.7180385288966725,0.983666610188635
2024,05,GBR.1.63.7.15_1,0.7425569176882663,0.9883804935347521
2024,05,GBR.1.63.7.16_1,0.7232924693520141,0.9847456524402634
2024,05,GBR.1.63.7.17_1,0.7022767075306481,0.9802020199938377
2024,05,GBR.1.63.7.18_1,0.7162872154115587,0.9832985304575615
2024,05,GBR.1.63.7.19_1,0.7267950963222417,0.9854440623394105
2024,05,GBR.1.63.7.2_1,0.7057793345008757,0.9810015290507961
2024,05,GBR.1.63.7.3_1,0.7408056042031524,0.9880708476622514
2024,05,GBR.1.63.7.4_1,0.7197898423817863,0.9840304873325826
2024,05,GBR.1.63.7.5_1,0.7933450087565675,0.9955721972815432
2024,05,GBR.1.63.7.6_1,0.7250437828371279,0.9850969495435462
2024,05,GBR.1.63.7.7_1,0.7145359019264449,0.9829262434180909
2024,05,GBR.1.63.7.8_1,0.7092819614711035,0.9817840903172144
2024,05,GBR.1.63.7.9_1,0.7302977232924693,0.9861257526299574
2024,05,GBR.1.64.1.10_1,0.7215411558669002,0.9843901665498289
2024,05,GBR.1.64.2.1_1,0.6795096322241682,0.9745891442038537
2024,05,GBR.1.64.2.10_1,0.6690017513134852,0.9717530550505102
2024,05,GBR.1.64.2.11_1,0.7197898423817863,0.9840304873325826
2024,05,GBR.1.64.2.12_1,0.6970227670753065,0.9789708882290628
2024,05,GBR.1.64.2.13_1,0.7040280210157619,0.9806038955664005
2024,05,GBR.1.64.2.14_1,0.6409807355516638,0.9634189120003821
2024,05,GBR.1.64.2.15_1,0.7022767075306481,0.9802020199938377
2024,05,GBR.1.64.2.16_1,0.6847635726795097,0.9759487691472335
2024,05,GBR.1.64.2.2_1,0.7267950963222417,0.9854440623394105
2024,05,GBR.1.64.2.3_1,0.7320490367775833,0.98646033878712025
2024,05,GBR.1.64.2.4_1,0.6637478108581437,0.970276249322841
2024,05,GBR.1.64.2.5_1,0.6917688266199651,0.9777013859047148
2024,05,GBR.1.64.2.6_1,0.6952714535901927,0.97855199146494
2024,05,GBR.1.64.2.7_1,0.7583187390542908,0.9909813318120578
2024,05,GBR.1.64.2.8_1,0.7162872154115587,0.9832985304575615
2024,05,GBR.1.64.2.9_1,0.6970227670753065,0.9789708882290628
2024,05,GBR.1.64.3.1_1,0.6760070052539405,0.9736611320166786
2024,05,GBR.1.64.3.11_1,0.6935201401050789,0.9781288258711119
2024,05,GBR.1.64.3.14_1,0.6427320490367776,0.9639730286683336
2024,05,GBR.1.64.3.2_1,0.7092819614711035,0.9817840903172144
2024,05,GBR.1.64.3.4_1,0.6970227670753065,0.9789708882290628
2024,05,GBR.1.64.3.8_1,0.7197898423817863,0.9840304873325826
2024,05,GBR.1.64.4.14_1,0.7057793345008757,0.9810015290507961
2024,05,GBR.1.64.4.17_1,0.7022767075306481,0.9802020199938377
2024,05,GBR.1.64.4.9_1,0.6567425569176883,0.9682458365518543
2024,05,GBR.1.64.5.1_1,0.7005253940455343,0.9797958971132712
2024,05,GBR.1.64.5.10_1,0.7110332749562173,0.9821690282227392
2024,05,GBR.1.64.5.11_1,0.7180385288966725,0.983666610188635
2024,05,GBR.1.64.5.12_1,0.6690017513134852,0.9717530550505102
2024,05,GBR.1.64.5.13_1,0.6725043782837129,0.9727157858285225
2024,05,GBR.1.64.5.14_1,0.7390542907180385,0.9877570551507087
2024,05,GBR.1.64.5.15_1,0.7075306479859896,0.9813949256033475
2024,05,GBR.1.64.5.16_1,0.7162872154115587,0.9832985304575615
2024,05,GBR.1.64.5.17_1,0.7145359019264449,0.9829262434180909
2024,05,GBR.1.64.5.18_1,0.7040280210157619,0.9806038955664005
2024,05,GBR.1.64.5.19_1,0.6637478108581437,0.970276249322841
2024,05,GBR.1.64.5.2_1,0.7180385288966725,0.983666610188635
2024,05,GBR.1.64.5.20_1,0.7565674255691769,0.9907088371464141
2024,05,GBR.1.64.5.21_1,0.7302977232924693,0.9861257526299574
2024,05,GBR.1.64.5.22_1,0.660245183887916,0.9692698282728087
2024,05,GBR.1.64.5.23_1,0.7145359019264449,0.9829262434180909
2024,05,GBR.1.64.5.24_1,0.7040280210157619,0.9806038955664005
2024,05,GBR.1.64.5.25_1,0.7110332749562173,0.9821690282227392
2024,05,GBR.1.64.5.26_1,0.6970227670753065,0.9789708882290628
2024,05,GBR.1.64.5.27_1,0.6847635726795097,0.9759487691472335
2024,05,GBR.1.64.5.28_1,0.7302977232924693,0.9861257526299574
2024,05,GBR.1.64.5.29_1,0.7145359019264449,0.9829262434180909
2024,05,GBR.1.64.5.3_1,0.7040280210157619,0.9806038955664005
2024,05,GBR.1.64.5.30_1,0.7408056042031524,0.9880708476622514
2024,05,GBR.1.64.5.31_1,0.6742556917688267,0.9731906288081488
2024,05,GBR.1.64.5.32_1,0.7180385288966725,0.983666610188635
2024,05,GBR.1.64.5.4_1,0.6567425569176883,0.9682458365518543
2024,05,GBR.1.64.5.5_1,0.7057793345008757,0.9810015290507961
2024,05,GBR.1.64.5.6_1,0.6619964973730298,0.9697752316903129
2024,05,GBR.1.64.5.7_1,0.7408056042031524,0.9880708476622514
2024,05,GBR.1.64.5.8_1,0.6970227670753065,0.9789708882290628
2024,05,GBR.1.64.5.9_1,0.6917688266199651,0.9777013859047148
2024,05,GBR.1.64.6.1_1,0.6830122591943959,0.9754998718605759
2024,05,GBR.1.64.6.10_1,0.6882661996497373,0.976833660353696
2024,05,GBR.1.64.6.11_1,0.6742556917688267,0.9731906288081488
2024,05,GBR.1.64.6.12_1,0.6882661996497373,0.976833660353696
2024,05,GBR.1.64.6.13_1,0.7443082311733801,0.9886859966642594
2024,05,GBR.1.64.6.14_1,0.7022767075306481,0.9802020199938377
2024,05,GBR.1.64.6.15_1,0.6462346760070053,0.965067873260736
2024,05,GBR.1.64.6.16_1,0.7443082311733801,0.9886859966642594
2024,05,GBR.1.64.6.17_1,0.7022767075306481,0.9802020199938377
2024,05,GBR.1.64.6.18_1,0.7022767075306481,0.9802020199938377
2024,05,GBR.1.64.6.19_1,0.7250437828371279,0.9850969495435462
2024,05,GBR.1.64.6.2_1,0.7618213660245184,0.9915139938498094
2024,05,GBR.1.64.6.20_1,0.6760070052539405,0.9736611320166786
2024,05,GBR.1.64.6.21_1,0.6987740805604205,0.9793855216409929
2024,05,GBR.1.64.6.22_1,0.6970227670753065,0.9789708882290628
2024,05,GBR.1.64.6.23_1,0.7197898423817863,0.9840304873325826
2024,05,GBR.1.64.6.24_1,0.7022767075306481,0.9802020199938377
2024,05,GBR.1.64.6.25_1,0.670753064798599,0.9722365967191319
2024,05,GBR.1.64.6.26_1,0.6882661996497373,0.976833660353696
2024,05,GBR.1.64.6.27_1,0.6970227670753065,0.9789708882290628
2024,05,GBR.1.64.6.28_1,0.712784588441331,0.9825497442877892
2024,05,GBR.1.64.6.3_1,0.670753064798599,0.9722365967191319
2024,05,GBR.1.64.6.4_1,0.7495621716287216,0.9895776877031939
2024,05,GBR.1.64.6.5_1,0.7390542907180385,0.9877570551507087
2024,05,GBR.1.64.6.6_1,0.7338003502626971,0.986790757962396
2024,05,GBR.1.64.6.7_1,0.7145359019264449,0.9829262434180909
2024,05,GBR.1.64.6.8_1,0.6760070052539405,0.9736611320166786
2024,05,GBR.1.64.6.9_1,0.7232924693520141,0.9847456524402634
2024,05,GBR.1.64.7.1_1,0.7110332749562173,0.9821690282227392
2024,05,GBR.1.64.7.16_1,0.7197898423817863,0.9840304873325826
2024,05,GBR.1.64.7.4_1,0.6777583187390543,0.9741273017424364
2024,05,GBR.1.64.7.7_1,0.6760070052539405,0.9736611320166786
2024,05,GBR.1.65.1.1_1,0.8213660245183888,0.9980761493994332
2024,05,GBR.1.65.1.10_1,0.7092819614711035,0.9817840903172144
2024,05,GBR.1.65.1.11_1,0.7232924693520141,0.9847456524402634
2024,05,GBR.1.65.1.12_1,0.8038528896672505,0.996632329397356
2024,05,GBR.1.65.1.13_1,0.8021015761821367,0.9964657545545658
2024,05,GBR.1.65.1.14_1,0.7425569176882663,0.9883804935347521
2024,05,GBR.1.65.1.15_1,0.7723292469352014,0.9930135950730987
2024,05,GBR.1.65.1.16_1,0.7583187390542908,0.9909813318120578
2024,05,GBR.1.65.1.17_1,0.7845884413309984,0.9945772971468834
2024,05,GBR.1.65.1.18_1,0.7565674255691769,0.9907088371464141
2024,05,GBR.1.65.1.2_1,0.7688266199649738,0.9925301002992302
2024,05,GBR.1.65.1.20_1,0.777583187390543,0.9937082066683358
2024,05,GBR.1.65.1.21_1,0.7408056042031524,0.9880708476622514
2024,05,GBR.1.65.1.22_1,0.7688266199649738,0.9925301002992302
2024,05,GBR.1.65.1.23_1,0.8021015761821367,0.9964657545545658
2024,05,GBR.1.65.1.24_1,0.7810858143607706,0.9941508939793798
2024,05,GBR.1.65.1.25_1,0.7688266199649738,0.9925301002992302
2024,05,GBR.1.65.1.27_1,0.7705779334500876,0.9927738916792685
2024,05,GBR.1.65.1.28_1,0.7285464098073555,0.9857869952479592
2024,05,GBR.1.65.1.3_1,0.7898423817863398,0.9951864146982715
2024,05,GBR.1.65.1.30_1,0.7950963222416814,0.9957590069891409
2024,05,GBR.1.65.1.31_1,0.7180385288966725,0.983666610188635
2024,05,GBR.1.65.1.32_1,0.7583187390542908,0.9909813318120578
2024,05,GBR.1.65.1.33_1,0.7338003502626971,0.986790757962396
2024,05,GBR.1.65.1.34_1,0.7408056042031524,0.9880708476622514
2024,05,GBR.1.65.1.35_1,0.8266199649737304,0.9984307687566525
2024,05,GBR.1.65.1.36_1,0.7758318739054292,0.9934807496876826
2024,05,GBR.1.65.1.37_1,0.798598949211909,0.9961204746414963
2024,05,GBR.1.65.1.39_1,0.7495621716287216,0.9895776877031939
2024,05,GBR.1.65.1.4_1,0.7530647985989493,0.990151503558925
2024,05,GBR.1.65.1.40_1,0.7565674255691769,0.9907088371464141
2024,05,GBR.1.65.1.41_1,0.7688266199649738,0.9925301002992302
2024,05,GBR.1.65.1.42_1,0.7688266199649738,0.9925301002992302
2024,05,GBR.1.65.1.43_1,0.8038528896672505,0.996632329397356
2024,05,GBR.1.65.1.44_1,0.788091068301226,0.99498743710662
2024,05,GBR.1.65.1.45_1,0.7933450087565675,0.9955721972815432
2024,05,GBR.1.65.1.46_1,0.7635726795096323,0.9917741678426597
2024,05,GBR.1.65.1.47_1,0.8091068301225921,0.9971078176406
2024,05,GBR.1.65.1.48_1,0.8003502626970229,0.9962951369950573
2024,05,GBR.1.65.1.49_1,0.7845884413309984,0.9945772971468834
2024,05,GBR.1.65.1.5_1,0.798598949211909,0.9961204746414963
2024,05,GBR.1.65.1.51_1,0.7635726795096323,0.9917741678426597
2024,05,GBR.1.65.1.52_1,0.7513134851138354,0.9898666576867816
2024,05,GBR.1.65.1.53_1,0.7740805604203153,0.9932492134404135
2024,05,GBR.1.65.1.54_1,0.7373029772329247,0.987439112046915
2024,05,GBR.1.65.1.55_1,0.7495621716287216,0.9895776877031939
2024,05,GBR.1.65.1.56_1,0.7478108581436077,0.9892845899942038
2024,05,GBR.1.65.1.57_1,0.7863397548161122,0.9947843987518099
2024,05,GBR.1.65.1.58_1,0.7618213660245184,0.9915139938498094
2024,05,GBR.1.65.1.59_1,0.7373029772329247,0.987439112046915
2024,05,GBR.1.65.1.6_1,0.7548161120840631,0.9904322288778774
2024,05,GBR.1.65.1.60_1,0.7478108581436077,0.9892845899942038
2024,05,GBR.1.65.1.61_1,0.8003502626970229,0.9962951369950573
2024,05,GBR.1.65.1.63_1,0.7478108581436077,0.9892845899942038
2024,05,GBR.1.65.1.64_1,0.7513134851138354,0.9898666576867816
2024,05,GBR.1.65.1.65_1,0.7565674255691769,0.9907088371464141
2024,05,GBR.1.65.1.67_1,0.7688266199649738,0.9925301002992302
2024,05,GBR.1.65.1.7_1,0.7723292469352014,0.9930135950730987
2024,05,GBR.1.65.1.8_1,0.7793345008756568,0.993931587182941
2024,05,GBR.1.65.1.9_1,0.7583187390542908,0.9909813318120578
2024,05,GBR.1.66.1.10_1,0.7022767075306481,0.9802020199938377
2024,05,GBR.1.66.1.11_1,0.7197898423817863,0.9840304873325826
2024,05,GBR.1.66.1.12_1,0.7635726795096323,0.9917741678426597
2024,05,GBR.1.66.1.13_1,0.7267950963222417,0.9854440623394105
2024,05,GBR.1.66.1.14_1,0.7057793345008757,0.9810015290507961
2024,05,GBR.1.66.1.15_1,0.6900175131348513,0.9772696659571503
2024,05,GBR.1.66.1.17_1,0.6917688266199651,0.9777013859047148
2024,05,GBR.1.66.1.18_1,0.6654991243432575,0.9707728879609279
2024,05,GBR.1.66.1.20_1,0.6777583187390543,0.9741273017424364
2024,05,GBR.1.66.1.21_1,0.6584938704028022,0.9687600322061186
2024,05,GBR.1.66.1.22_1,0.7302977232924693,0.9861257526299574
2024,05,GBR.1.66.1.23_1,0.7092819614711035,0.9817840903172144
2024,05,GBR.1.66.1.4_1,0.7320490367775833,0.98646033878712025
2024,05,GBR.1.66.1.5_1,0.7338003502626971,0.986790757962396
2024,05,GBR.1.66.1.7_1,0.670753064798599,0.9722365967191319
2024,05,GBR.1.66.1.8_1,0.6865148861646235,0.9763933633531108
2024,05,GBR.1.66.1.9_1,0.6865148861646235,0.9763933633531108
2024,05,GBR.1.67.1_1,0.7040280210157619,0.9806038955664005
2024,05,GBR.1.67.1.1_1,0.6935201401050789,0.9781288258711119
2024,05,GBR.1.67.1.10_1,0.7443082311733801,0.9886859966642594
2024,05,GBR.1.67.1.11_1,0.7478108581436077,0.9892845899942038
2024,05,GBR.1.67.1.12_1,0.6865148861646235,0.9763933633531108
2024,05,GBR.1.67.1.13_1,0.7583187390542908,0.9909813318120578
2024,05,GBR.1.67.1.14_1,0.7302977232924693,0.9861257526299574
2024,05,GBR.1.67.1.15_1,0.6935201401050789,0.9781288258711119
2024,05,GBR.1.67.1.16_1,0.6795096322241682,0.9745891442038537
2024,05,GBR.1.67.1.17_1,0.7355516637478109,0.9871170143402452
2024,05,GBR.1.67.1.18_1,0.7110332749562173,0.9821690282227392
2024,05,GBR.1.67.1.19_1,0.7443082311733801,0.9886859966642594
2024,05,GBR.1.67.1.2_1,0.7040280210157619,0.9806038955664005
2024,05,GBR.1.67.1.20_1,0.7232924693520141,0.9847456524402634
2024,05,GBR.1.67.1.21_1,0.6935201401050789,0.9781288258711119
2024,05,GBR.1.67.1.22_1,0.6970227670753065,0.9789708882290628
2024,05,GBR.1.67.1.3_1,0.6812609457092821,0.975046665549911
2024,05,GBR.1.67.1.4_1,0.7110332749562173,0.9821690282227392
2024,05,GBR.1.67.1.5_1,0.7320490367775833,0.98646033878712025
2024,05,GBR.1.67.1.6_1,0.6795096322241682,0.9745891442038537
2024,05,GBR.1.67.1.7_1,0.7355516637478109,0.9871170143402452
2024,05,GBR.1.67.1.8_1,0.7022767075306481,0.9802020199938377
2024,05,GBR.1.67.1.9_1,0.7565674255691769,0.9907088371464141
2024,05,GBR.1.67.2.1_1,0.6742556917688267,0.9731906288081488
2024,05,GBR.1.67.2.10_1,0.7215411558669002,0.9843901665498289
2024,05,GBR.1.67.2.11_1,0.7075306479859896,0.9813949256033475
2024,05,GBR.1.67.2.12_1,0.7443082311733801,0.9886859966642594
2024,05,GBR.1.67.2.13_1,0.6900175131348513,0.9772696659571503
2024,05,GBR.1.67.2.14_1,0.6935201401050789,0.9781288258711119
2024,05,GBR.1.67.2.15_1,0.6690017513134852,0.9717530550505102
2024,05,GBR.1.67.2.16_1,0.6987740805604205,0.9793855216409929
2024,05,GBR.1.67.2.17_1,0.6935201401050789,0.9781288258711119
2024,05,GBR.1.67.2.18_1,0.7583187390542908,0.9909813318120578
2024,05,GBR.1.67.2.19_1,0.6917688266199651,0.9777013859047148
2024,05,GBR.1.67.2.2_1,0.7162872154115587,0.9832985304575615
2024,05,GBR.1.67.2.20_1,0.7075306479859896,0.9813949256033475
2024,05,GBR.1.67.2.21_1,0.7425569176882663,0.9883804935347521
2024,05,GBR.1.67.2.22_1,0.7373029772329247,0.987439112046915
2024,05,GBR.1.67.2.23_1,0.7092819614711035,0.9817840903172144
2024,05,GBR.1.67.2.24_1,0.7180385288966725,0.983666610188635
2024,05,GBR.1.67.2.25_1,0.7040280210157619,0.9806038955664005
2024,05,GBR.1.67.2.3_1,0.7057793345008757,0.9810015290507961
2024,05,GBR.1.67.2.4_1,0.7320490367775833,0.98646033878712025
2024,05,GBR.1.67.2.5_1,0.6672504378283713,0.9712651543219287
2024,05,GBR.1.67.2.6_1,0.7302977232924693,0.9861257526299574
2024,05,GBR.1.67.2.7_1,0.7285464098073555,0.9857869952479592
2024,05,GBR.1.67.2.8_1,0.7232924693520141,0.9847456524402634
2024,05,GBR.1.67.2.9_1,0.6742556917688267,0.9731906288081488
2024,05,GBR.1.67.3.1_1,0.7355516637478109,0.9871170143402452
2024,05,GBR.1.67.3.10_1,0.6935201401050789,0.9781288258711119
2024,05,GBR.1.67.3.11_1,0.6672504378283713,0.9712651543219287
2024,05,GBR.1.67.3.12_1,0.7250437828371279,0.9850969495435462
2024,05,GBR.1.67.3.13_1,0.7285464098073555,0.9857869952479592
2024,05,GBR.1.67.3.14_1,0.7530647985989493,0.990151503558925
2024,05,GBR.1.67.3.15_1,0.7145359019264449,0.9829262434180909
2024,05,GBR.1.67.3.16_1,0.7197898423817863,0.9840304873325826
2024,05,GBR.1.67.3.17_1,0.7425569176882663,0.9883804935347521
2024,05,GBR.1.67.3.18_1,0.7092819614711035,0.9817840903172144
2024,05,GBR.1.67.3.19_1,0.6252189141856392,0.9582296175760798
2024,05,GBR.1.67.3.2_1,0.7162872154115587,0.9832985304575615
2024,05,GBR.1.67.3.3_1,0.712784588441331,0.9825497442877892
2024,05,GBR.1.67.3.4_1,0.7180385288966725,0.983666610188635
2024,05,GBR.1.67.3.5_1,0.6777583187390543,0.9741273017424364
2024,05,GBR.1.67.3.6_1,0.7180385288966725,0.983666610188635
2024,05,GBR.1.67.3.7_1,0.7583187390542908,0.9909813318120578
2024,05,GBR.1.67.3.8_1,0.7320490367775833,0.98646033878712025
2024,05,GBR.1.67.3.9_1,0.6865148861646235,0.9763933633531108
2024,05,GBR.1.67.4.1_1,0.7162872154115587,0.9832985304575615
2024,05,GBR.1.67.4.10_1,0.6900175131348513,0.9772696659571503
2024,05,GBR.1.67.4.11_1,0.6777583187390543,0.9741273017424364
2024,05,GBR.1.67.4.12_1,0.7145359019264449,0.9829262434180909
2024,05,GBR.1.67.4.13_1,0.6917688266199651,0.9777013859047148
2024,05,GBR.1.67.4.14_1,0.6830122591943959,0.9754998718605759
2024,05,GBR.1.67.4.15_1,0.7162872154115587,0.9832985304575615
2024,05,GBR.1.67.4.16_1,0.7267950963222417,0.9854440623394105
2024,05,GBR.1.67.4.17_1,0.6795096322241682,0.9745891442038537
2024,05,GBR.1.67.4.18_1,0.7057793345008757,0.9810015290507961
2024,05,GBR.1.67.4.19_1,0.6549912434325745,0.9677272342969376
2024,05,GBR.1.67.4.2_1,0.6777583187390543,0.9741273017424364
2024,05,GBR.1.67.4.3_1,0.7180385288966725,0.983666610188635
2024,05,GBR.1.67.4.4_1,0.7355516637478109,0.9871170143402452
2024,05,GBR.1.67.4.5_1,0.7250437828371279,0.9850969495435462
2024,05,GBR.1.67.4.6_1,0.7197898423817863,0.9840304873325826
2024,05,GBR.1.67.4.7_1,0.7040280210157619,0.9806038955664005
2024,05,GBR.1.67.4.8_1,0.7180385288966725,0.983666610188635
2024,05,GBR.1.67.4.9_1,0.7250437828371279,0.9850969495435462
2024,05,GBR.1.67.5.1_1,0.7075306479859896,0.9813949256033475
2024,05,GBR.1.67.5.10_1,0.712784588441331,0.9825497442877892
2024,05,GBR.1.67.5.11_1,0.7162872154115587,0.9832985304575615
2024,05,GBR.1.67.5.12_1,0.6952714535901927,0.97855199146494
2024,05,GBR.1.67.5.13_1,0.7092819614711035,0.9817840903172144
2024,05,GBR.1.67.5.14_1,0.7022767075306481,0.9802020199938377
2024,05,GBR.1.67.5.15_1,0.7022767075306481,0.9802020199938377
2024,05,GBR.1.67.5.16_1,0.7495621716287216,0.9895776877031939
2024,05,GBR.1.67.5.17_1,0.6830122591943959,0.9754998718605759
2024,05,GBR.1.67.5.18_1,0.6725043782837129,0.9727157858285225
2024,05,GBR.1.67.5.19_1,0.7302977232924693,0.9861257526299574
2024,05,GBR.1.67.5.2_1,0.6970227670753065,0.9789708882290628
2024,05,GBR.1.67.5.20_1,0.7320490367775833,0.98646033878712025
2024,05,GBR.1.67.5.21_1,0.7373029772329247,0.987439112046915
2024,05,GBR.1.67.5.22_1,0.7197898423817863,0.9840304873325826
2024,05,GBR.1.67.5.23_1,0.712784588441331,0.9825497442877892
2024,05,GBR.1.67.5.24_1,0.7705779334500876,0.9927738916792685
2024,05,GBR.1.67.5.25_1,0.6252189141856392,0.9582296175760798
2024,05,GBR.1.67.5.26_1,0.6952714535901927,0.97855199146494
2024,05,GBR.1.67.5.27_1,0.7162872154115587,0.9832985304575615
2024,05,GBR.1.67.5.28_1,0.7478108581436077,0.9892845899942038
2024,05,GBR.1.67.5.29_1,0.6462346760070053,0.965067873260736
2024,05,GBR.1.67.5.3_1,0.7005253940455343,0.9797958971132712
2024,05,GBR.1.67.5.30_1,0.7197898423817863,0.9840304873325826
2024,05,GBR.1.67.5.31_1,0.7232924693520141,0.9847456524402634
2024,05,GBR.1.67.5.32_1,0.7110332749562173,0.9821690282227392
2024,05,GBR.1.67.5.33_1,0.7075306479859896,0.9813949256033475
2024,05,GBR.1.67.5.34_1,0.712784588441331,0.9825497442877892
2024,05,GBR.1.67.5.35_1,0.7110332749562173,0.9821690282227392
2024,05,GBR.1.67.5.36_1,0.6847635726795097,0.9759487691472335
2024,05,GBR.1.67.5.37_1,0.7005253940455343,0.9797958971132712
2024,05,GBR.1.67.5.4_1,0.7285464098073555,0.9857869952479592
2024,05,GBR.1.67.5.5_1,0.7162872154115587,0.9832985304575615
2024,05,GBR.1.67.5.6_1,0.7180385288966725,0.983666610188635
2024,05,GBR.1.67.5.7_1,0.7057793345008757,0.9810015290507961
2024,05,GBR.1.67.5.8_1,0.712784588441331,0.9825497442877892
2024,05,GBR.1.67.5.9_1,0.6865148861646235,0.9763933633531108
2024,05,GBR.1.67.6.1_1,0.7232924693520141,0.9847456524402634
2024,05,GBR.1.67.6.10_1,0.7197898423817863,0.9840304873325826
2024,05,GBR.1.67.6.11_1,0.7075306479859896,0.9813949256033475
2024,05,GBR.1.67.6.12_1,0.7583187390542908,0.9909813318120578
2024,05,GBR.1.67.6.13_1,0.660245183887916,0.9692698282728087
2024,05,GBR.1.67.6.14_1,0.7057793345008757,0.9810015290507961
2024,05,GBR.1.67.6.15_1,0.6584938704028022,0.9687600322061186
2024,05,GBR.1.67.6.16_1,0.7373029772329247,0.987439112046915
2024,05,GBR.1.67.6.17_1,0.6987740805604205,0.9793855216409929
2024,05,GBR.1.67.6.18_1,0.6952714535901927,0.97855199146494
2024,05,GBR.1.67.6.19_1,0.7232924693520141,0.9847456524402634
2024,05,GBR.1.67.6.2_1,0.6900175131348513,0.9772696659571503
2024,05,GBR.1.67.6.20_1,0.6725043782837129,0.9727157858285225
2024,05,GBR.1.67.6.21_1,0.7180385288966725,0.983666610188635
2024,05,GBR.1.67.6.3_1,0.712784588441331,0.9825497442877892
2024,05,GBR.1.67.6.4_1,0.7600700525394046,0.9912497162672985
2024,05,GBR.1.67.6.5_1,0.6917688266199651,0.9777013859047148
2024,05,GBR.1.67.6.6_1,0.7022767075306481,0.9802020199938377
2024,05,GBR.1.67.6.7_1,0.6619964973730298,0.9697752316903129
2024,05,GBR.1.67.6.8_1,0.6935201401050789,0.9781288258711119
2024,05,GBR.1.67.6.9_1,0.7478108581436077,0.9892845899942038
2024,05,GBR.1.67.7.1_1,0.7057793345008757,0.9810015290507961
2024,05,GBR.1.67.7.10_1,0.6760070052539405,0.9736611320166786
2024,05,GBR.1.67.7.11_1,0.7057793345008757,0.9810015290507961
2024,05,GBR.1.67.7.12_1,0.7425569176882663,0.9883804935347521
2024,05,GBR.1.67.7.13_1,0.6725043782837129,0.9727157858285225
2024,05,GBR.1.67.7.14_1,0.7040280210157619,0.9806038955664005
2024,05,GBR.1.67.7.15_1,0.6812609457092821,0.975046665549911
2024,05,GBR.1.67.7.16_1,0.6987740805604205,0.9793855216409929
2024,05,GBR.1.67.7.17_1,0.7250437828371279,0.9850969495435462
2024,05,GBR.1.67.7.18_1,0.7565674255691769,0.9907088371464141
2024,05,GBR.1.67.7.19_1,0.7092819614711035,0.9817840903172144
2024,05,GBR.1.67.7.2_1,0.7250437828371279,0.9850969495435462
2024,05,GBR.1.67.7.20_1,0.7250437828371279,0.9850969495435462
2024,05,GBR.1.67.7.21_1,0.712784588441331,0.9825497442877892
2024,05,GBR.1.67.7.22_1,0.7513134851138354,0.9898666576867816
2024,05,GBR.1.67.7.23_1,0.7390542907180385,0.9877570551507087
2024,05,GBR.1.67.7.24_1,0.6725043782837129,0.9727157858285225
2024,05,GBR.1.67.7.25_1,0.7145359019264449,0.9829262434180909
2024,05,GBR.1.67.7.26_1,0.7145359019264449,0.9829262434180909
2024,05,GBR.1.67.7.3_1,0.6935201401050789,0.9781288258711119
2024,05,GBR.1.67.7.4_1,0.7513134851138354,0.9898666576867816
2024,05,GBR.1.67.7.5_1,0.7425569176882663,0.9883804935347521
2024,05,GBR.1.67.7.6_1,0.7495621716287216,0.9895776877031939
2024,05,GBR.1.67.7.7_1,0.6935201401050789,0.9781288258711119
2024,05,GBR.1.67.7.8_1,0.712784588441331,0.9825497442877892
2024,05,GBR.1.67.7.9_1,0.7145359019264449,0.9829262434180909
2024,05,GBR.1.69.1.1_1,0.6900175131348513,0.9772696659571503
2024,05,GBR.1.69.1.10_1,0.7040280210157619,0.9806038955664005
2024,05,GBR.1.69.1.11_1,0.7215411558669002,0.9843901665498289
2024,05,GBR.1.69.1.12_1,0.7110332749562173,0.9821690282227392
2024,05,GBR.1.69.1.13_1,0.7355516637478109,0.9871170143402452
2024,05,GBR.1.69.1.14_1,0.7180385288966725,0.983666610188635
2024,05,GBR.1.69.1.15_1,0.6462346760070053,0.965067873260736
2024,05,GBR.1.69.1.16_1,0.6952714535901927,0.97855199146494
2024,05,GBR.1.69.1.2_1,0.6970227670753065,0.9789708882290628
2024,05,GBR.1.69.1.3_1,0.6952714535901927,0.97855199146494
2024,05,GBR.1.69.1.4_1,0.7355516637478109,0.9871170143402452
2024,05,GBR.1.69.1.5_1,0.7145359019264449,0.9829262434180909
2024,05,GBR.1.69.1.6_1,0.6637478108581437,0.970276249322841
2024,05,GBR.1.69.1.7_1,0.6672504378283713,0.9712651543219287
2024,05,GBR.1.69.1.8_1,0.6742556917688267,0.9731906288081488
2024,05,GBR.1.69.1.9_1,0.7425569176882663,0.9883804935347521
2024,05,GBR.1.69.2.1_1,0.6847635726795097,0.9759487691472335
2024,05,GBR.1.69.2.10_1,0.6865148861646235,0.9763933633531108
2024,05,GBR.1.69.2.11_1,0.6935201401050789,0.9781288258711119
2024,05,GBR.1.69.2.12_1,0.7145359019264449,0.9829262434180909
2024,05,GBR.1.69.2.13_1,0.7302977232924693,0.9861257526299574
2024,05,GBR.1.69.2.14_1,0.7180385288966725,0.983666610188635
2024,05,GBR.1.69.2.15_1,0.7373029772329247,0.987439112046915
2024,05,GBR.1.69.2.16_1,0.7285464098073555,0.9857869952479592
2024,05,GBR.1.69.2.17_1,0.7145359019264449,0.9829262434180909
2024,05,GBR.1.69.2.18_1,0.7040280210157619,0.9806038955664005
2024,05,GBR.1.69.2.19_1,0.7110332749562173,0.9821690282227392
2024,05,GBR.1.69.2.2_1,0.6970227670753065,0.9789708882290628
2024,05,GBR.1.69.2.3_1,0.6777583187390543,0.9741273017424364
2024,05,GBR.1.69.2.4_1,0.712784588441331,0.9825497442877892
2024,05,GBR.1.69.2.5_1,0.6795096322241682,0.9745891442038537
2024,05,GBR.1.69.2.6_1,0.6725043782837129,0.9727157858285225
2024,05,GBR.1.69.2.7_1,0.7215411558669002,0.9843901665498289
2024,05,GBR.1.69.2.8_1,0.7460595446584939,0.9889873608899156
2024,05,GBR.1.69.2.9_1,0.6882661996497373,0.976833660353696
2024,05,GBR.1.69.3.1_1,0.7075306479859896,0.9813949256033475
2024,05,GBR.1.69.3.10_1,0.6619964973730298,0.9697752316903129
2024,05,GBR.1.69.3.11_1,0.7075306479859896,0.9813949256033475
2024,05,GBR.1.69.3.12_1,0.6830122591943959,0.9754998718605759
2024,05,GBR.1.69.3.13_1,0.7180385288966725,0.983666610188635
2024,05,GBR.1.69.3.14_1,0.7162872154115587,0.9832985304575615
2024,05,GBR.1.69.3.15_1,0.7232924693520141,0.9847456524402634
2024,05,GBR.1.69.3.16_1,0.6567425569176883,0.9682458365518543
2024,05,GBR.1.69.3.17_1,0.6935201401050789,0.9781288258711119
2024,05,GBR.1.69.3.18_1,0.7355516637478109,0.9871170143402452
2024,05,GBR.1.69.3.19_1,0.7092819614711035,0.9817840903172144
2024,05,GBR.1.69.3.2_1,0.7215411558669002,0.9843901665498289
2024,05,GBR.1.69.3.20_1,0.7180385288966725,0.983666610188635
2024,05,GBR.1.69.3.21_1,0.7162872154115587,0.9832985304575615
2024,05,GBR.1.69.3.22_1,0.6970227670753065,0.9789708882290628
2024,05,GBR.1.69.3.23_1,0.6812609457092821,0.975046665549911
2024,05,GBR.1.69.3.24_1,0.7373029772329247,0.987439112046915
2024,05,GBR.1.69.3.25_1,0.6952714535901927,0.97855199146494
2024,05,GBR.1.69.3.26_1,0.6777583187390543,0.9741273017424364
2024,05,GBR.1.69.3.27_1,0.7530647985989493,0.990151503558925
2024,05,GBR.1.69.3.28_1,0.6777583187390543,0.9741273017424364
2024,05,GBR.1.69.3.29_1,0.7162872154115587,0.9832985304575615
2024,05,GBR.1.69.3.3_1,0.6760070052539405,0.9736611320166786
2024,05,GBR.1.69.3.30_1,0.6549912434325745,0.9677272342969376
2024,05,GBR.1.69.3.31_1,0.7250437828371279,0.9850969495435462
2024,05,GBR.1.69.3.4_1,0.6690017513134852,0.9717530550505102
2024,05,GBR.1.69.3.5_1,0.7110332749562173,0.9821690282227392
2024,05,GBR.1.69.3.6_1,0.6777583187390543,0.9741273017424364
2024,05,GBR.1.69.3.7_1,0.6865148861646235,0.9763933633531108
2024,05,GBR.1.69.3.8_1,0.6987740805604205,0.9793855216409929
2024,05,GBR.1.69.3.9_1,0.6760070052539405,0.9736611320166786
2024,05,GBR.1.69.4.1_1,0.777583187390543,0.9937082066683358
2024,05,GBR.1.69.4.10_1,0.6777583187390543,0.9741273017424364
2024,05,GBR.1.69.4.11_1,0.712784588441331,0.9825497442877892
2024,05,GBR.1.69.4.12_1,0.7005253940455343,0.9797958971132712
2024,05,GBR.1.69.4.13_1,0.7197898423817863,0.9840304873325826
2024,05,GBR.1.69.4.14_1,0.670753064798599,0.9722365967191319
2024,05,GBR.1.69.4.15_1,0.6584938704028022,0.9687600322061186
2024,05,GBR.1.69.4.16_1,0.7302977232924693,0.9861257526299574
2024,05,GBR.1.69.4.17_1,0.7145359019264449,0.9829262434180909
2024,05,GBR.1.69.4.18_1,0.6847635726795097,0.9759487691472335
2024,05,GBR.1.69.4.19_1,0.6865148861646235,0.9763933633531108
2024,05,GBR.1.69.4.2_1,0.7022767075306481,0.9802020199938377
2024,05,GBR.1.69.4.20_1,0.6549912434325745,0.9677272342969376
2024,05,GBR.1.69.4.21_1,0.7180385288966725,0.983666610188635
2024,05,GBR.1.69.4.3_1,0.660245183887916,0.9692698282728087
2024,05,GBR.1.69.4.4_1,0.6742556917688267,0.9731906288081488
2024,05,GBR.1.69.4.5_1,0.7092819614711035,0.9817840903172144
2024,05,GBR.1.69.4.6_1,0.6970227670753065,0.9789708882290628
2024,05,GBR.1.69.4.7_1,0.7040280210157619,0.9806038955664005
2024,05,GBR.1.69.4.8_1,0.7495621716287216,0.9895776877031939
2024,05,GBR.1.69.4.9_1,0.7443082311733801,0.9886859966642594
2024,05,GBR.1.69.5.1_1,0.670753064798599,0.9722365967191319
2024,05,GBR.1.69.5.10_1,0.6760070052539405,0.9736611320166786
2024,05,GBR.1.69.5.11_1,0.6619964973730298,0.9697752316903129
2024,05,GBR.1.69.5.12_1,0.7180385288966725,0.983666610188635
2024,05,GBR.1.69.5.13_1,0.6795096322241682,0.9745891442038537
2024,05,GBR.1.69.5.14_1,0.6865148861646235,0.9763933633531108
2024,05,GBR.1.69.5.15_1,0.6900175131348513,0.9772696659571503
2024,05,GBR.1.69.5.16_1,0.6865148861646235,0.9763933633531108
2024,05,GBR.1.69.5.17_1,0.649737302977233,0.9661449166662318
2024,05,GBR.1.69.5.18_1,0.7513134851138354,0.9898666576867816
2024,05,GBR.1.69.5.19_1,0.7022767075306481,0.9802020199938377
2024,05,GBR.1.69.5.2_1,0.7145359019264449,0.9829262434180909
2024,05,GBR.1.69.5.20_1,0.7110332749562173,0.9821690282227392
2024,05,GBR.1.69.5.21_1,0.7092819614711035,0.9817840903172144
2024,05,GBR.1.69.5.22_1,0.7197898423817863,0.9840304873325826
2024,05,GBR.1.69.5.23_1,0.7075306479859896,0.9813949256033475
2024,05,GBR.1.69.5.24_1,0.7302977232924693,0.9861257526299574
2024,05,GBR.1.69.5.25_1,0.7180385288966725,0.983666610188635
2024,05,GBR.1.69.5.26_1,0.6637478108581437,0.970276249322841
2024,05,GBR.1.69.5.27_1,0.6795096322241682,0.9745891442038537
2024,05,GBR.1.69.5.3_1,0.7110332749562173,0.9821690282227392
2024,05,GBR.1.69.5.4_1,0.670753064798599,0.9722365967191319
2024,05,GBR.1.69.5.5_1,0.6952714535901927,0.97855199146494
2024,05,GBR.1.69.5.6_1,0.6882661996497373,0.976833660353696
2024,05,GBR.1.69.5.7_1,0.7232924693520141,0.9847456524402634
2024,05,GBR.1.69.5.8_1,0.6567425569176883,0.9682458365518543
2024,05,GBR.1.69.5.9_1,0.660245183887916,0.9692698282728087
2024,05,GBR.1.70.1.1_1,0.6987740805604205,0.9793855216409929
2024,05,GBR.1.70.1.10_1,0.7302977232924693,0.9861257526299574
2024,05,GBR.1.70.1.11_1,0.6917688266199651,0.9777013859047148
2024,05,GBR.1.70.1.12_1,0.7110332749562173,0.9821690282227392
2024,05,GBR.1.70.1.13_1,0.6847635726795097,0.9759487691472335
2024,05,GBR.1.70.1.14_1,0.6549912434325745,0.9677272342969376
2024,05,GBR.1.70.1.15_1,0.7495621716287216,0.9895776877031939
2024,05,GBR.1.70.1.16_1,0.6987740805604205,0.9793855216409929
2024,05,GBR.1.70.1.17_1,0.7460595446584939,0.9889873608899156
2024,05,GBR.1.70.1.18_1,0.6777583187390543,0.9741273017424364
2024,05,GBR.1.70.1.19_1,0.7513134851138354,0.9898666576867816
2024,05,GBR.1.70.1.2_1,0.7215411558669002,0.9843901665498289
2024,05,GBR.1.70.1.20_1,0.7145359019264449,0.9829262434180909
2024,05,GBR.1.70.1.21_1,0.670753064798599,0.9722365967191319
2024,05,GBR.1.70.1.3_1,0.6760070052539405,0.9736611320166786
2024,05,GBR.1.70.1.4_1,0.6970227670753065,0.9789708882290628
2024,05,GBR.1.70.1.5_1,0.7215411558669002,0.9843901665498289
2024,05,GBR.1.70.1.6_1,0.7022767075306481,0.9802020199938377
2024,05,GBR.1.70.1.7_1,0.7022767075306481,0.9802020199938377
2024,05,GBR.1.70.1.8_1,0.7022767075306481,0.9802020199938377
2024,05,GBR.1.70.1.9_1,0.7723292469352014,0.9930135950730987
2024,05,GBR.1.71.1.1_1,0.7618213660245184,0.9915139938498094
2024,05,GBR.1.71.1.10_1,0.7618213660245184,0.9915139938498094
2024,05,GBR.1.71.1.11_1,0.7040280210157619,0.9806038955664005
2024,05,GBR.1.71.1.12_1,0.7040280210157619,0.9806038955664005
2024,05,GBR.1.71.1.13_1,0.7267950963222417,0.9854440623394105
2024,05,GBR.1.71.1.14_1,0.7495621716287216,0.9895776877031939
2024,05,GBR.1.71.1.15_1,0.7653239929947461,0.9920302414745228
2024,05,GBR.1.71.1.16_1,0.7635726795096323,0.9917741678426597
2024,05,GBR.1.71.1.17_1,0.712784588441331,0.9825497442877892
2024,05,GBR.1.71.1.18_1,0.7092819614711035,0.9817840903172144
2024,05,GBR.1.71.1.2_1,0.7373029772329247,0.987439112046915
2024,05,GBR.1.71.1.4_1,0.7443082311733801,0.9886859966642594
2024,05,GBR.1.71.1.5_1,0.7530647985989493,0.990151503558925
2024,05,GBR.1.71.1.6_1,0.7425569176882663,0.9883804935347521
2024,05,GBR.1.71.1.7_1,0.7145359019264449,0.9829262434180909
2024,05,GBR.1.71.1.8_1,0.7565674255691769,0.9907088371464141
2024,05,GBR.1.71.1.9_1,0.7740805604203153,0.9932492134404135
2024,05,GBR.1.72.1.1_1,0.7197898423817863,0.9840304873325826
2024,05,GBR.1.72.1.10_1,0.7215411558669002,0.9843901665498289
2024,05,GBR.1.72.1.11_1,0.7478108581436077,0.9892845899942038
2024,05,GBR.1.72.1.12_1,0.7197898423817863,0.9840304873325826
2024,05,GBR.1.72.1.13_1,0.7285464098073555,0.9857869952479592
2024,05,GBR.1.72.1.14_1,0.6742556917688267,0.9731906288081488
2024,05,GBR.1.72.1.15_1,0.7180385288966725,0.983666610188635
2024,05,GBR.1.72.1.16_1,0.7688266199649738,0.9925301002992302
2024,05,GBR.1.72.1.17_1,0.7653239929947461,0.9920302414745228
2024,05,GBR.1.72.1.2_1,0.7600700525394046,0.9912497162672985
2024,05,GBR.1.72.1.3_1,0.7600700525394046,0.9912497162672985
2024,05,GBR.1.72.1.4_1,0.76707530647986,0.9922822179198819
2024,05,GBR.1.72.1.5_1,0.7495621716287216,0.9895776877031939
2024,05,GBR.1.72.1.6_1,0.777583187390543,0.9937082066683358
2024,05,GBR.1.72.1.7_1,0.6970227670753065,0.9789708882290628
2024,05,GBR.1.72.1.8_1,0.7530647985989493,0.990151503558925
2024,05,GBR.1.72.1.9_1,0.7285464098073555,0.9857869952479592
2024,05,GBR.1.73.1.2_1,0.6725043782837129,0.9727157858285225
2024,05,GBR.1.73.1.6_1,0.7513134851138354,0.9898666576867816
2024,05,GBR.1.73.1.7_1,0.7197898423817863,0.9840304873325826
2024,05,GBR.1.74.1.1_1,0.6830122591943959,0.9754998718605759
2024,05,GBR.1.74.1.10_1,0.6760070052539405,0.9736611320166786
2024,05,GBR.1.74.1.11_1,0.7267950963222417,0.9854440623394105
2024,05,GBR.1.74.1.12_1,0.6952714535901927,0.97855199146494
2024,05,GBR.1.74.1.13_1,0.712784588441331,0.9825497442877892
2024,05,GBR.1.74.1.14_1,0.6952714535901927,0.97855199146494
2024,05,GBR.1.74.1.2_1,0.7250437828371279,0.9850969495435462
2024,05,GBR.1.74.1.3_1,0.7040280210157619,0.9806038955664005
2024,05,GBR.1.74.1.4_1,0.7285464098073555,0.9857869952479592
2024,05,GBR.1.74.1.5_1,0.7022767075306481,0.9802020199938377
2024,05,GBR.1.74.1.6_1,0.6812609457092821,0.975046665549911
2024,05,GBR.1.74.1.7_1,0.6760070052539405,0.9736611320166786
2024,05,GBR.1.74.1.8_1,0.712784588441331,0.9825497442877892
2024,05,GBR.1.74.1.9_1,0.6882661996497373,0.976833660353696
2024,05,GBR.1.75.1.10_1,0.7845884413309984,0.9945772971468834
2024,05,GBR.1.75.1.15_1,0.7863397548161122,0.9947843987518099
2024,05,GBR.1.75.1.24_1,0.7548161120840631,0.9904322288778774
2024,05,GBR.1.75.1.7_1,0.7513134851138354,0.9898666576867816
2024,05,GBR.1.75.1.9_1,0.7355516637478109,0.9871170143402452
2024,05,GBR.1.77.1.1_1,0.7338003502626971,0.986790757962396
2024,05,GBR.1.77.1.17_1,0.6917688266199651,0.9777013859047148
2024,05,GBR.1.78.1.1_1,0.6812609457092821,0.975046665549911
2024,05,GBR.1.78.1.10_1,0.7215411558669002,0.9843901665498289
2024,05,GBR.1.78.1.11_1,0.7110332749562173,0.9821690282227392
2024,05,GBR.1.78.1.12_1,0.6795096322241682,0.9745891442038537
2024,05,GBR.1.78.1.13_1,0.6900175131348513,0.9772696659571503
2024,05,GBR.1.78.1.14_1,0.6865148861646235,0.9763933633531108
2024,05,GBR.1.78.1.2_1,0.6567425569176883,0.9682458365518543
2024,05,GBR.1.78.1.3_1,0.6970227670753065,0.9789708882290628
2024,05,GBR.1.78.1.4_1,0.7267950963222417,0.9854440623394105
2024,05,GBR.1.78.1.5_1,0.7250437828371279,0.9850969495435462
2024,05,GBR.1.78.1.6_1,0.7180385288966725,0.983666610188635
2024,05,GBR.1.78.1.7_1,0.7110332749562173,0.9821690282227392
2024,05,GBR.1.78.1.8_1,0.7478108581436077,0.9892845899942038
2024,05,GBR.1.78.1.9_1,0.7145359019264449,0.9829262434180909
2024,05,GBR.1.8.1.10_1,0.7250437828371279,0.9850969495435462
2024,05,GBR.1.8.1.11_1,0.7302977232924693,0.9861257526299574
2024,05,GBR.1.8.1.12_1,0.7390542907180385,0.9877570551507087
2024,05,GBR.1.8.1.13_1,0.7040280210157619,0.9806038955664005
2024,05,GBR.1.8.1.14_1,0.7075306479859896,0.9813949256033475
2024,05,GBR.1.8.1.15_1,0.7040280210157619,0.9806038955664005
2024,05,GBR.1.8.1.17_1,0.7793345008756568,0.993931587182941
2024,05,GBR.1.8.1.2_1,0.7425569176882663,0.9883804935347521
2024,05,GBR.1.8.1.3_1,0.7758318739054292,0.9934807496876826
2024,05,GBR.1.8.1.4_1,0.7355516637478109,0.9871170143402452
2024,05,GBR.1.8.1.6_1,0.7460595446584939,0.9889873608899156
2024,05,GBR.1.8.1.7_1,0.7828371278458844,0.9943661297530201
2024,05,GBR.1.8.1.8_1,0.7705779334500876,0.9927738916792685
2024,05,GBR.1.8.1.9_1,0.7495621716287216,0.9895776877031939
2024,05,GBR.1.81.1.1_1,0.6900175131348513,0.9772696659571503
2024,05,GBR.1.81.1.12_1,0.6987740805604205,0.9793855216409929
2024,05,GBR.1.81.1.13_1,0.7022767075306481,0.9802020199938377
2024,05,GBR.1.81.1.14_1,0.6987740805604205,0.9793855216409929
2024,05,GBR.1.81.1.17_1,0.6690017513134852,0.9717530550505102
2024,05,GBR.1.81.1.18_1,0.6882661996497373,0.976833660353696
2024,05,GBR.1.81.1.19_1,0.7040280210157619,0.9806038955664005
2024,05,GBR.1.81.1.25_1,0.7145359019264449,0.9829262434180909
2024,05,GBR.1.81.1.3_1,0.6690017513134852,0.9717530550505102
2024,05,GBR.1.82.1.1_1,0.7373029772329247,0.987439112046915
2024,05,GBR.1.82.1.10_1,0.7705779334500876,0.9927738916792685
2024,05,GBR.1.82.1.11_1,0.8003502626970229,0.9962951369950573
2024,05,GBR.1.82.1.12_1,0.7565674255691769,0.9907088371464141
2024,05,GBR.1.82.1.13_1,0.6812609457092821,0.975046665549911
2024,05,GBR.1.82.1.14_1,0.7250437828371279,0.9850969495435462
2024,05,GBR.1.82.1.15_1,0.777583187390543,0.9937082066683358
2024,05,GBR.1.82.1.16_1,0.788091068301226,0.99498743710662
2024,05,GBR.1.82.1.18_1,0.7057793345008757,0.9810015290507961
2024,05,GBR.1.82.1.2_1,0.7390542907180385,0.9877570551507087
2024,05,GBR.1.82.1.20_1,0.7828371278458844,0.9943661297530201
2024,05,GBR.1.82.1.21_1,0.7425569176882663,0.9883804935347521
2024,05,GBR.1.82.1.22_1,0.7110332749562173,0.9821690282227392
2024,05,GBR.1.82.1.23_1,0.7565674255691769,0.9907088371464141
2024,05,GBR.1.82.1.24_1,0.7758318739054292,0.9934807496876826
2024,05,GBR.1.82.1.25_1,0.7092819614711035,0.9817840903172144
2024,05,GBR.1.82.1.26_1,0.6987740805604205,0.9793855216409929
2024,05,GBR.1.82.1.27_1,0.7688266199649738,0.9925301002992302
2024,05,GBR.1.82.1.28_1,0.7302977232924693,0.9861257526299574
2024,05,GBR.1.82.1.29_1,0.7688266199649738,0.9925301002992302
2024,05,GBR.1.82.1.3_1,0.7863397548161122,0.9947843987518099
2024,05,GBR.1.82.1.30_1,0.7495621716287216,0.9895776877031939
2024,05,GBR.1.82.1.31_1,0.7513134851138354,0.9898666576867816
2024,05,GBR.1.82.1.32_1,0.7075306479859896,0.9813949256033475
2024,05,GBR.1.82.1.33_1,0.7390542907180385,0.9877570551507087
2024,05,GBR.1.82.1.4_1,0.7250437828371279,0.9850969495435462
2024,05,GBR.1.82.1.5_1,0.7110332749562173,0.9821690282227392
2024,05,GBR.1.82.1.6_1,0.7285464098073555,0.9857869952479592
2024,05,GBR.1.82.1.7_1,0.7285464098073555,0.9857869952479592
2024,05,GBR.1.82.1.8_1,0.7215411558669002,0.9843901665498289
2024,05,GBR.1.82.1.9_1,0.7373029772329247,0.987439112046915
2024,05,GBR.1.84.1.1_1,0.6917688266199651,0.9777013859047148
2024,05,GBR.1.84.1.10_1,0.7320490367775833,0.98646033878712025
2024,05,GBR.1.84.1.11_1,0.7092819614711035,0.9817840903172144
2024,05,GBR.1.84.1.12_1,0.7653239929947461,0.9920302414745228
2024,05,GBR.1.84.1.13_1,0.6952714535901927,0.97855199146494
2024,05,GBR.1.84.1.14_1,0.7390542907180385,0.9877570551507087
2024,05,GBR.1.84.1.15_1,0.6882661996497373,0.976833660353696
2024,05,GBR.1.84.1.16_1,0.7267950963222417,0.9854440623394105
2024,05,GBR.1.84.1.17_1,0.7285464098073555,0.9857869952479592
2024,05,GBR.1.84.1.18_1,0.7338003502626971,0.986790757962396
2024,05,GBR.1.84.1.19_1,0.7057793345008757,0.9810015290507961
2024,05,GBR.1.84.1.2_1,0.7180385288966725,0.983666610188635
2024,05,GBR.1.84.1.20_1,0.712784588441331,0.9825497442877892
2024,05,GBR.1.84.1.21_1,0.6952714535901927,0.97855199146494
2024,05,GBR.1.84.1.22_1,0.6830122591943959,0.9754998718605759
2024,05,GBR.1.84.1.23_1,0.6619964973730298,0.9697752316903129
2024,05,GBR.1.84.1.24_1,0.7180385288966725,0.983666610188635
2024,05,GBR.1.84.1.25_1,0.7180385288966725,0.983666610188635
2024,05,GBR.1.84.1.26_1,0.6742556917688267,0.9731906288081488
2024,05,GBR.1.84.1.27_1,0.6830122591943959,0.9754998718605759
2024,05,GBR.1.84.1.28_1,0.6795096322241682,0.9745891442038537
2024,05,GBR.1.84.1.29_1,0.7215411558669002,0.9843901665498289
2024,05,GBR.1.84.1.3_1,0.7495621716287216,0.9895776877031939
2024,05,GBR.1.84.1.30_1,0.7635726795096323,0.9917741678426597
2024,05,GBR.1.84.1.31_1,0.7057793345008757,0.9810015290507961
2024,05,GBR.1.84.1.32_1,0.7408056042031524,0.9880708476622514
2024,05,GBR.1.84.1.33_1,0.7162872154115587,0.9832985304575615
2024,05,GBR.1.84.1.34_1,0.7250437828371279,0.9850969495435462
2024,05,GBR.1.84.1.35_1,0.7110332749562173,0.9821690282227392
2024,05,GBR.1.84.1.36_1,0.7232924693520141,0.9847456524402634
2024,05,GBR.1.84.1.37_1,0.7180385288966725,0.983666610188635
2024,05,GBR.1.84.1.38_1,0.7057793345008757,0.9810015290507961
2024,05,GBR.1.84.1.39_1,0.6549912434325745,0.9677272342969376
2024,05,GBR.1.84.1.4_1,0.7040280210157619,0.9806038955664005
2024,05,GBR.1.84.1.40_1,0.6830122591943959,0.9754998718605759
2024,05,GBR.1.84.1.41_1,0.7302977232924693,0.9861257526299574
2024,05,GBR.1.84.1.42_1,0.7197898423817863,0.9840304873325826
2024,05,GBR.1.84.1.43_1,0.7075306479859896,0.9813949256033475
2024,05,GBR.1.84.1.44_1,0.6690017513134852,0.9717530550505102
2024,05,GBR.1.84.1.45_1,0.6514886164623468,0.9666767815562759
2024,05,GBR.1.84.1.46_1,0.6865148861646235,0.9763933633531108
2024,05,GBR.1.84.1.47_1,0.6742556917688267,0.9731906288081488
2024,05,GBR.1.84.1.48_1,0.6795096322241682,0.9745891442038537
2024,05,GBR.1.84.1.49_1,0.7338003502626971,0.986790757962396
2024,05,GBR.1.84.1.5_1,0.6935201401050789,0.9781288258711119
2024,05,GBR.1.84.1.50_1,0.7005253940455343,0.9797958971132712
2024,05,GBR.1.84.1.51_1,0.7215411558669002,0.9843901665498289
2024,05,GBR.1.84.1.52_1,0.6865148861646235,0.9763933633531108
2024,05,GBR.1.84.1.53_1,0.6882661996497373,0.976833660353696
2024,05,GBR.1.84.1.54_1,0.6952714535901927,0.97855199146494
2024,05,GBR.1.84.1.55_1,0.7338003502626971,0.986790757962396
2024,05,GBR.1.84.1.56_1,0.6917688266199651,0.9777013859047148
2024,05,GBR.1.84.1.57_1,0.7250437828371279,0.9850969495435462
2024,05,GBR.1.84.1.58_1,0.7373029772329247,0.987439112046915
2024,05,GBR.1.84.1.59_1,0.6532399299474606,0.9672042183530839
2024,05,GBR.1.84.1.6_1,0.6777583187390543,0.9741273017424364
2024,05,GBR.1.84.1.60_1,0.6865148861646235,0.9763933633531108
2024,05,GBR.1.84.1.61_1,0.6935201401050789,0.9781288258711119
2024,05,GBR.1.84.1.62_1,0.6812609457092821,0.975046665549911
2024,05,GBR.1.84.1.63_1,0.7355516637478109,0.9871170143402452
2024,05,GBR.1.84.1.64_1,0.6812609457092821,0.975046665549911
2024,05,GBR.1.84.1.7_1,0.670753064798599,0.9722365967191319
2024,05,GBR.1.84.1.8_1,0.6672504378283713,0.9712651543219287
2024,05,GBR.1.84.1.9_1,0.6322241681260946,0.9605810741421048
2024,05,GBR.1.85.1.1_1,0.7110332749562173,0.9821690282227392
2024,05,GBR.1.85.1.10_1,0.6987740805604205,0.9793855216409929
2024,05,GBR.1.85.1.11_1,0.7267950963222417,0.9854440623394105
2024,05,GBR.1.85.1.12_1,0.649737302977233,0.9661449166662318
2024,05,GBR.1.85.1.13_1,0.6217162872154116,0.9570266453970862
2024,05,GBR.1.85.1.14_1,0.7005253940455343,0.9797958971132712
2024,05,GBR.1.85.1.15_1,0.6777583187390543,0.9741273017424364
2024,05,GBR.1.85.1.16_1,0.6567425569176883,0.9682458365518543
2024,05,GBR.1.85.1.17_1,0.6777583187390543,0.9741273017424364
2024,05,GBR.1.85.1.18_1,0.6777583187390543,0.9741273017424364
2024,05,GBR.1.85.1.2_1,0.6812609457092821,0.975046665549911
2024,05,GBR.1.85.1.3_1,0.6865148861646235,0.9763933633531108
2024,05,GBR.1.85.1.4_1,0.6882661996497373,0.976833660353696
2024,05,GBR.1.85.1.5_1,0.6865148861646235,0.9763933633531108
2024,05,GBR.1.85.1.6_1,0.6742556917688267,0.9731906288081488
2024,05,GBR.1.85.1.7_1,0.7005253940455343,0.9797958971132712
2024,05,GBR.1.85.1.8_1,0.7250437828371279,0.9850969495435462
2024,05,GBR.1.85.1.9_1,0.7180385288966725,0.983666610188635
2024,05,GBR.1.86.1.12_1,0.6725043782837129,0.9727157858285225
2024,05,GBR.1.86.1.2_1,0.6830122591943959,0.9754998718605759
2024,05,GBR.1.86.1.4_1,0.7110332749562173,0.9821690282227392
2024,05,GBR.1.86.1.6_1,0.6917688266199651,0.9777013859047148
2024,05,GBR.1.86.1.7_1,0.6760070052539405,0.9736611320166786
2024,05,GBR.1.86.1.8_1,0.660245183887916,0.9692698282728087
2024,05,GBR.1.87.1.1_1,0.7162872154115587,0.9832985304575615
2024,05,GBR.1.87.1.10_1,0.7250437828371279,0.9850969495435462
2024,05,GBR.1.87.1.11_1,0.6830122591943959,0.9754998718605759
2024,05,GBR.1.87.1.12_1,0.6847635726795097,0.9759487691472335
2024,05,GBR.1.87.1.13_1,0.7460595446584939,0.9889873608899156
2024,05,GBR.1.87.1.14_1,0.7373029772329247,0.987439112046915
2024,05,GBR.1.87.1.15_1,0.670753064798599,0.9722365967191319
2024,05,GBR.1.87.1.16_1,0.7425569176882663,0.9883804935347521
2024,05,GBR.1.87.1.17_1,0.6900175131348513,0.9772696659571503
2024,05,GBR.1.87.1.18_1,0.712784588441331,0.9825497442877892
2024,05,GBR.1.87.1.19_1,0.6900175131348513,0.9772696659571503
2024,05,GBR.1.87.1.2_1,0.7267950963222417,0.9854440623394105
2024,05,GBR.1.87.1.20_1,0.7215411558669002,0.9843901665498289
2024,05,GBR.1.87.1.21_1,0.6900175131348513,0.9772696659571503
2024,05,GBR.1.87.1.22_1,0.7285464098073555,0.9857869952479592
2024,05,GBR.1.87.1.23_1,0.7267950963222417,0.9854440623394105
2024,05,GBR.1.87.1.24_1,0.6900175131348513,0.9772696659571503
2024,05,GBR.1.87.1.25_1,0.7495621716287216,0.9895776877031939
2024,05,GBR.1.87.1.26_1,0.7408056042031524,0.9880708476622514
2024,05,GBR.1.87.1.27_1,0.6812609457092821,0.975046665549911
2024,05,GBR.1.87.1.28_1,0.7548161120840631,0.9904322288778774
2024,05,GBR.1.87.1.29_1,0.7425569176882663,0.9883804935347521
2024,05,GBR.1.87.1.3_1,0.6725043782837129,0.9727157858285225
2024,05,GBR.1.87.1.30_1,0.6549912434325745,0.9677272342969376
2024,05,GBR.1.87.1.31_1,0.7513134851138354,0.9898666576867816
2024,05,GBR.1.87.1.32_1,0.7110332749562173,0.9821690282227392
2024,05,GBR.1.87.1.33_1,0.7513134851138354,0.9898666576867816
2024,05,GBR.1.87.1.4_1,0.7022767075306481,0.9802020199938377
2024,05,GBR.1.87.1.5_1,0.6725043782837129,0.9727157858285225
2024,05,GBR.1.87.1.6_1,0.7425569176882663,0.9883804935347521
2024,05,GBR.1.87.1.7_1,0.7145359019264449,0.9829262434180909
2024,05,GBR.1.87.1.8_1,0.6935201401050789,0.9781288258711119
2024,05,GBR.1.87.1.9_1,0.7232924693520141,0.9847456524402634
2024,05,GBR.1.87.2.1_1,0.7022767075306481,0.9802020199938377
2024,05,GBR.1.87.2.10_1,0.7373029772329247,0.987439112046915
2024,05,GBR.1.87.2.11_1,0.7705779334500876,0.9927738916792685
2024,05,GBR.1.87.2.12_1,0.6865148861646235,0.9763933633531108
2024,05,GBR.1.87.2.13_1,0.6690017513134852,0.9717530550505102
2024,05,GBR.1.87.2.14_1,0.6935201401050789,0.9781288258711119
2024,05,GBR.1.87.2.15_1,0.7250437828371279,0.9850969495435462
2024,05,GBR.1.87.2.16_1,0.6900175131348513,0.9772696659571503
2024,05,GBR.1.87.2.17_1,0.6917688266199651,0.9777013859047148
2024,05,GBR.1.87.2.18_1,0.6479859894921192,0.9656086163658648
2024,05,GBR.1.87.2.19_1,0.6847635726795097,0.9759487691472335
2024,05,GBR.1.87.2.20_1,0.7110332749562173,0.9821690282227392
2024,05,GBR.1.87.2.21_1,0.7057793345008757,0.9810015290507961
2024,05,GBR.1.87.2.3_1,0.6865148861646235,0.9763933633531108
2024,05,GBR.1.87.2.4_1,0.7250437828371279,0.9850969495435462
2024,05,GBR.1.87.2.5_1,0.7443082311733801,0.9886859966642594
2024,05,GBR.1.87.2.6_1,0.6567425569176883,0.9682458365518543
2024,05,GBR.1.87.2.7_1,0.7110332749562173,0.9821690282227392
2024,05,GBR.1.87.2.8_1,0.7530647985989493,0.990151503558925
2024,05,GBR.1.87.2.9_1,0.7688266199649738,0.9925301002992302
2024,05,GBR.1.87.3.1_1,0.7197898423817863,0.9840304873325826
2024,05,GBR.1.87.3.10_1,0.7180385288966725,0.983666610188635
2024,05,GBR.1.87.3.11_1,0.6917688266199651,0.9777013859047148
2024,05,GBR.1.87.3.12_1,0.7092819614711035,0.9817840903172144
2024,05,GBR.1.87.3.13_1,0.6672504378283713,0.9712651543219287
2024,05,GBR.1.87.3.14_1,0.6637478108581437,0.970276249322841
2024,05,GBR.1.87.3.15_1,0.7075306479859896,0.9813949256033475
2024,05,GBR.1.87.3.16_1,0.7180385288966725,0.983666610188635
2024,05,GBR.1.87.3.17_1,0.7705779334500876,0.9927738916792685
2024,05,GBR.1.87.3.18_1,0.7232924693520141,0.9847456524402634
2024,05,GBR.1.87.3.19_1,0.7285464098073555,0.9857869952479592
2024,05,GBR.1.87.3.2_1,0.7390542907180385,0.9877570551507087
2024,05,GBR.1.87.3.20_1,0.6637478108581437,0.970276249322841
2024,05,GBR.1.87.3.21_1,0.7495621716287216,0.9895776877031939
2024,05,GBR.1.87.3.22_1,0.7110332749562173,0.9821690282227392
2024,05,GBR.1.87.3.23_1,0.6900175131348513,0.9772696659571503
2024,05,GBR.1.87.3.24_1,0.7005253940455343,0.9797958971132712
2024,05,GBR.1.87.3.25_1,0.7338003502626971,0.986790757962396
2024,05,GBR.1.87.3.26_1,0.6830122591943959,0.9754998718605759
2024,05,GBR.1.87.3.27_1,0.7040280210157619,0.9806038955664005
2024,05,GBR.1.87.3.28_1,0.7197898423817863,0.9840304873325826
2024,05,GBR.1.87.3.29_1,0.7583187390542908,0.9909813318120578
2024,05,GBR.1.87.3.3_1,0.7145359019264449,0.9829262434180909
2024,05,GBR.1.87.3.30_1,0.7495621716287216,0.9895776877031939
2024,05,GBR.1.87.3.31_1,0.6830122591943959,0.9754998718605759
2024,05,GBR.1.87.3.32_1,0.7302977232924693,0.9861257526299574
2024,05,GBR.1.87.3.33_1,0.7005253940455343,0.9797958971132712
2024,05,GBR.1.87.3.34_1,0.7162872154115587,0.9832985304575615
2024,05,GBR.1.87.3.35_1,0.7215411558669002,0.9843901665498289
2024,05,GBR.1.87.3.36_1,0.7302977232924693,0.9861257526299574
2024,05,GBR.1.87.3.37_1,0.6987740805604205,0.9793855216409929
2024,05,GBR.1.87.3.38_1,0.7232924693520141,0.9847456524402634
2024,05,GBR.1.87.3.39_1,0.7110332749562173,0.9821690282227392
2024,05,GBR.1.87.3.4_1,0.6637478108581437,0.970276249322841
2024,05,GBR.1.87.3.40_1,0.7320490367775833,0.98646033878712025
2024,05,GBR.1.87.3.5_1,0.7285464098073555,0.9857869952479592
2024,05,GBR.1.87.3.6_1,0.7057793345008757,0.9810015290507961
2024,05,GBR.1.87.3.7_1,0.7145359019264449,0.9829262434180909
2024,05,GBR.1.87.3.8_1,0.7373029772329247,0.987439112046915
2024,05,GBR.1.87.3.9_1,0.6795096322241682,0.9745891442038537
2024,05,GBR.1.87.4.1_1,0.7232924693520141,0.9847456524402634
2024,05,GBR.1.87.4.10_1,0.7215411558669002,0.9843901665498289
2024,05,GBR.1.87.4.11_1,0.7408056042031524,0.9880708476622514
2024,05,GBR.1.87.4.12_1,0.7180385288966725,0.983666610188635
2024,05,GBR.1.87.4.13_1,0.7408056042031524,0.9880708476622514
2024,05,GBR.1.87.4.14_1,0.712784588441331,0.9825497442877892
2024,05,GBR.1.87.4.15_1,0.712784588441331,0.9825497442877892
2024,05,GBR.1.87.4.16_1,0.7390542907180385,0.9877570551507087
2024,05,GBR.1.87.4.17_1,0.7460595446584939,0.9889873608899156
2024,05,GBR.1.87.4.18_1,0.7197898423817863,0.9840304873325826
2024,05,GBR.1.87.4.19_1,0.7408056042031524,0.9880708476622514
2024,05,GBR.1.87.4.2_1,0.7513134851138354,0.9898666576867816
2024,05,GBR.1.87.4.20_1,0.7057793345008757,0.9810015290507961
2024,05,GBR.1.87.4.21_1,0.7478108581436077,0.9892845899942038
2024,05,GBR.1.87.4.22_1,0.7443082311733801,0.9886859966642594
2024,05,GBR.1.87.4.23_1,0.7162872154115587,0.9832985304575615
2024,05,GBR.1.87.4.24_1,0.7110332749562173,0.9821690282227392
2024,05,GBR.1.87.4.25_1,0.7267950963222417,0.9854440623394105
2024,05,GBR.1.87.4.26_1,0.7460595446584939,0.9889873608899156
2024,05,GBR.1.87.4.3_1,0.7320490367775833,0.98646033878712025
2024,05,GBR.1.87.4.4_1,0.7338003502626971,0.986790757962396
2024,05,GBR.1.87.4.5_1,0.6882661996497373,0.976833660353696
2024,05,GBR.1.87.4.6_1,0.7232924693520141,0.9847456524402634
2024,05,GBR.1.87.4.7_1,0.7495621716287216,0.9895776877031939
2024,05,GBR.1.87.4.8_1,0.7145359019264449,0.9829262434180909
2024,05,GBR.1.87.4.9_1,0.7232924693520141,0.9847456524402634
2024,05,GBR.1.87.5.1_1,0.7425569176882663,0.9883804935347521
2024,05,GBR.1.87.5.10_1,0.7898423817863398,0.9951864146982715
2024,05,GBR.1.87.5.11_1,0.6847635726795097,0.9759487691472335
2024,05,GBR.1.87.5.12_1,0.6935201401050789,0.9781288258711119
2024,05,GBR.1.87.5.13_1,0.7040280210157619,0.9806038955664005
2024,05,GBR.1.87.5.14_1,0.7338003502626971,0.986790757962396
2024,05,GBR.1.87.5.16_1,0.7092819614711035,0.9817840903172144
2024,05,GBR.1.87.5.17_1,0.6935201401050789,0.9781288258711119
2024,05,GBR.1.87.5.2_1,0.7565674255691769,0.9907088371464141
2024,05,GBR.1.87.5.3_1,0.7653239929947461,0.9920302414745228
2024,05,GBR.1.87.5.4_1,0.6900175131348513,0.9772696659571503
2024,05,GBR.1.87.5.5_1,0.7145359019264449,0.9829262434180909
2024,05,GBR.1.87.5.6_1,0.7215411558669002,0.9843901665498289
2024,05,GBR.1.87.5.7_1,0.7197898423817863,0.9840304873325826
2024,05,GBR.1.87.5.8_1,0.6900175131348513,0.9772696659571503
2024,05,GBR.1.87.5.9_1,0.7005253940455343,0.9797958971132712
2024,05,GBR.1.88.1.1_1,0.6725043782837129,0.9727157858285225
2024,05,GBR.1.88.1.10_1,0.7162872154115587,0.9832985304575615
2024,05,GBR.1.88.1.11_1,0.6952714535901927,0.97855199146494
2024,05,GBR.1.88.1.12_1,0.6760070052539405,0.9736611320166786
2024,05,GBR.1.88.1.13_1,0.7005253940455343,0.9797958971132712
2024,05,GBR.1.88.1.14_1,0.7040280210157619,0.9806038955664005
2024,05,GBR.1.88.1.15_1,0.6777583187390543,0.9741273017424364
2024,05,GBR.1.88.1.16_1,0.6654991243432575,0.9707728879609279
2024,05,GBR.1.88.1.17_1,0.6812609457092821,0.975046665549911
2024,05,GBR.1.88.1.18_1,0.712784588441331,0.9825497442877892
2024,05,GBR.1.88.1.19_1,0.7250437828371279,0.9850969495435462
2024,05,GBR.1.88.1.2_1,0.6847635726795097,0.9759487691472335
2024,05,GBR.1.88.1.20_1,0.6672504378283713,0.9712651543219287
2024,05,GBR.1.88.1.21_1,0.6584938704028022,0.9687600322061186
2024,05,GBR.1.88.1.22_1,0.7320490367775833,0.98646033878712025
2024,05,GBR.1.88.1.23_1,0.6795096322241682,0.9745891442038537
2024,05,GBR.1.88.1.24_1,0.7075306479859896,0.9813949256033475
2024,05,GBR.1.88.1.25_1,0.5989492119089318,0.9487591896788141
2024,05,GBR.1.88.1.26_1,0.7040280210157619,0.9806038955664005
2024,05,GBR.1.88.1.27_1,0.6970227670753065,0.9789708882290628
2024,05,GBR.1.88.1.28_1,0.6654991243432575,0.9707728879609279
2024,05,GBR.1.88.1.29_1,0.6917688266199651,0.9777013859047148
2024,05,GBR.1.88.1.3_1,0.7215411558669002,0.9843901665498289
2024,05,GBR.1.88.1.30_1,0.7302977232924693,0.9861257526299574
2024,05,GBR.1.88.1.31_1,0.6970227670753065,0.9789708882290628
2024,05,GBR.1.88.1.32_1,0.7092819614711035,0.9817840903172144
2024,05,GBR.1.88.1.33_1,0.6830122591943959,0.9754998718605759
2024,05,GBR.1.88.1.34_1,0.6935201401050789,0.9781288258711119
2024,05,GBR.1.88.1.4_1,0.6865148861646235,0.9763933633531108
2024,05,GBR.1.88.1.5_1,0.6935201401050789,0.9781288258711119
2024,05,GBR.1.88.1.6_1,0.7110332749562173,0.9821690282227392
2024,05,GBR.1.88.1.7_1,0.6444833625218914,0.9645226798784983
2024,05,GBR.1.88.1.8_1,0.6444833625218914,0.9645226798784983
2024,05,GBR.1.88.1.9_1,0.6725043782837129,0.9727157858285225
2024,05,GBR.1.89.1.1_1,0.8056042031523644,0.996794863550169
2024,05,GBR.1.89.1.10_1,0.7758318739054292,0.9934807496876826
2024,05,GBR.1.89.1.11_1,0.8231173380035026,0.9981983770774224
2024,05,GBR.1.89.1.12_1,0.7915936952714537,0.9953813339620148
2024,05,GBR.1.89.1.13_1,0.7338003502626971,0.986790757962396
2024,05,GBR.1.89.1.14_1,0.7495621716287216,0.9895776877031939
2024,05,GBR.1.89.1.15_1,0.7355516637478109,0.9871170143402452
2024,05,GBR.1.89.1.16_1,0.8231173380035026,0.9981983770774224
2024,05,GBR.1.89.1.17_1,0.8056042031523644,0.996794863550169
2024,05,GBR.1.89.1.18_1,0.7583187390542908,0.9909813318120578
2024,05,GBR.1.89.1.19_1,0.7863397548161122,0.9947843987518099
2024,05,GBR.1.89.1.2_1,0.8423817863397549,0.9992777391696464
2024,05,GBR.1.89.1.3_1,0.8003502626970229,0.9962951369950573
2024,05,GBR.1.89.1.4_1,0.7583187390542908,0.9909813318120578
2024,05,GBR.1.89.1.5_1,0.7915936952714537,0.9953813339620148
2024,05,GBR.1.89.1.6_1,0.7548161120840631,0.9904322288778774
2024,05,GBR.1.89.1.7_1,0.7898423817863398,0.9951864146982715
2024,05,GBR.1.89.1.8_1,0.8231173380035026,0.9981983770774224
2024,05,GBR.1.89.1.9_1,0.7302977232924693,0.9861257526299574
2024,05,GBR.1.9.1.1_1,0.7145359019264449,0.9829262434180909
2024,05,GBR.1.9.1.10_1,0.7197898423817863,0.9840304873325826
2024,05,GBR.1.9.1.11_1,0.7162872154115587,0.9832985304575615
2024,05,GBR.1.9.1.12_1,0.7005253940455343,0.9797958971132712
2024,05,GBR.1.9.1.13_1,0.6637478108581437,0.970276249322841
2024,05,GBR.1.9.1.14_1,0.7460595446584939,0.9889873608899156
2024,05,GBR.1.9.1.15_1,0.7040280210157619,0.9806038955664005
2024,05,GBR.1.9.1.16_1,0.7145359019264449,0.9829262434180909
2024,05,GBR.1.9.1.17_1,0.7110332749562173,0.9821690282227392
2024,05,GBR.1.9.1.18_1,0.6900175131348513,0.9772696659571503
2024,05,GBR.1.9.1.2_1,0.6654991243432575,0.9707728879609279
2024,05,GBR.1.9.1.3_1,0.7075306479859896,0.9813949256033475
2024,05,GBR.1.9.1.4_1,0.6690017513134852,0.9717530550505102
2024,05,GBR.1.9.1.5_1,0.7302977232924693,0.9861257526299574
2024,05,GBR.1.9.1.6_1,0.7250437828371279,0.9850969495435462
2024,05,GBR.1.9.1.7_1,0.6970227670753065,0.9789708882290628
2024,05,GBR.1.9.1.8_1,0.7285464098073555,0.9857869952479592
2024,05,GBR.1.9.1.9_1,0.7215411558669002,0.9843901665498289
2024,05,GBR.1.90.1.1_1,0.7600700525394046,0.9912497162672985
2024,05,GBR.1.90.1.10_1,0.7425569176882663,0.9883804935347521
2024,05,GBR.1.90.1.11_1,0.6725043782837129,0.9727157858285225
2024,05,GBR.1.90.1.12_1,0.7390542907180385,0.9877570551507087
2024,05,GBR.1.90.1.13_1,0.7513134851138354,0.9898666576867816
2024,05,GBR.1.90.1.14_1,0.6970227670753065,0.9789708882290628
2024,05,GBR.1.90.1.15_1,0.7390542907180385,0.9877570551507087
2024,05,GBR.1.90.1.16_1,0.6917688266199651,0.9777013859047148
2024,05,GBR.1.90.1.17_1,0.712784588441331,0.9825497442877892
2024,05,GBR.1.90.1.2_1,0.7425569176882663,0.9883804935347521
2024,05,GBR.1.90.1.3_1,0.7162872154115587,0.9832985304575615
2024,05,GBR.1.90.1.4_1,0.7425569176882663,0.9883804935347521
2024,05,GBR.1.90.1.5_1,0.7197898423817863,0.9840304873325826
2024,05,GBR.1.90.1.6_1,0.6777583187390543,0.9741273017424364
2024,05,GBR.1.90.1.7_1,0.7092819614711035,0.9817840903172144
2024,05,GBR.1.90.1.8_1,0.7197898423817863,0.9840304873325826
2024,05,GBR.1.90.1.9_1,0.7197898423817863,0.9840304873325826
2024,05,GBR.1.91.1.1_1,0.7092819614711035,0.9817840903172144
2024,05,GBR.1.91.1.10_1,0.76707530647986,0.9922822179198819
2024,05,GBR.1.91.1.11_1,0.7285464098073555,0.9857869952479592
2024,05,GBR.1.91.1.14_1,0.7793345008756568,0.993931587182941
2024,05,GBR.1.91.1.15_1,0.6952714535901927,0.97855199146494
2024,05,GBR.1.91.1.4_1,0.7460595446584939,0.9889873608899156
2024,05,GBR.1.92.3.17_1,0.6742556917688267,0.9731906288081488
2024,05,GBR.1.92.3.5_1,0.6584938704028022,0.9687600322061186
2024,05,GBR.1.92.4.1_1,0.7653239929947461,0.9920302414745228
2024,05,GBR.1.92.4.10_1,0.7583187390542908,0.9909813318120578
2024,05,GBR.1.92.4.13_1,0.649737302977233,0.9661449166662318
2024,05,GBR.1.92.4.7_1,0.7250437828371279,0.9850969495435462
2024,05,GBR.1.92.4.9_1,0.712784588441331,0.9825497442877892
2024,05,GBR.1.92.5.14_1,0.7057793345008757,0.9810015290507961
2024,05,GBR.1.92.5.15_1,0.649737302977233,0.9661449166662318
2024,05,GBR.1.92.5.17_1,0.6725043782837129,0.9727157858285225
2024,05,GBR.1.92.5.25_1,0.6690017513134852,0.9717530550505102
2024,05,GBR.1.92.5.27_1,0.6777583187390543,0.9741273017424364
2024,05,GBR.1.92.6.6_1,0.7057793345008757,0.9810015290507961
2024,05,GBR.1.92.7.17_1,0.6549912434325745,0.9677272342969376
2024,05,GBR.1.92.7.20_1,0.6970227670753065,0.9789708882290628
2024,05,GBR.1.92.7.27_1,0.7460595446584939,0.9889873608899156
2024,05,GBR.1.92.7.3_1,0.7057793345008757,0.9810015290507961
2024,05,GBR.1.92.7.5_1,0.7092819614711035,0.9817840903172144
2024,05,GBR.1.92.7.7_1,0.7162872154115587,0.9832985304575615
2024,05,GBR.1.92.8.1_1,0.7355516637478109,0.9871170143402452
2024,05,GBR.1.92.8.2_1,0.6812609457092821,0.975046665549911
2024,05,GBR.1.92.8.3_1,0.6795096322241682,0.9745891442038537
2024,05,GBR.1.92.8.4_1,0.6952714535901927,0.97855199146494
2024,05,GBR.1.92.8.5_1,0.7057793345008757,0.9810015290507961
2024,05,GBR.1.92.8.6_1,0.7600700525394046,0.9912497162672985
2024,05,GBR.1.92.8.8_1,0.7005253940455343,0.9797958971132712
2024,05,GBR.1.92.8.9_1,0.7530647985989493,0.990151503558925
2024,05,GBR.1.93.1.1_1,0.7618213660245184,0.9915139938498094
2024,05,GBR.1.93.1.12_1,0.7635726795096323,0.9917741678426597
2024,05,GBR.1.93.1.13_1,0.712784588441331,0.9825497442877892
2024,05,GBR.1.93.1.2_1,0.76707530647986,0.9922822179198819
2024,05,GBR.1.93.1.20_1,0.7408056042031524,0.9880708476622514
2024,05,GBR.1.93.1.24_1,0.7145359019264449,0.9829262434180909
2024,05,GBR.1.93.1.8_1,0.6935201401050789,0.9781288258711119
2024,05,GBR.1.94.1.12_1,0.7390542907180385,0.9877570551507087
2024,05,GBR.1.94.1.16_1,0.7968476357267952,0.9959417653658269
2024,05,GBR.1.94.1.24_1,0.7338003502626971,0.986790757962396
2024,05,GBR.1.94.1.25_1,0.8213660245183888,0.9980761493994332
2024,05,GBR.1.94.1.7_1,0.7478108581436077,0.9892845899942038
2024,05,GBR.1.96.1.1_1,0.7740805604203153,0.9932492134404135
2024,05,GBR.1.96.1.10_1,0.7215411558669002,0.9843901665498289
2024,05,GBR.1.96.1.11_1,0.7583187390542908,0.9909813318120578
2024,05,GBR.1.96.1.12_1,0.777583187390543,0.9937082066683358
2024,05,GBR.1.96.1.13_1,0.7040280210157619,0.9806038955664005
2024,05,GBR.1.96.1.14_1,0.7180385288966725,0.983666610188635
2024,05,GBR.1.96.1.15_1,0.7285464098073555,0.9857869952479592
2024,05,GBR.1.96.1.16_1,0.7197898423817863,0.9840304873325826
2024,05,GBR.1.96.1.17_1,0.7197898423817863,0.9840304873325826
2024,05,GBR.1.96.1.18_1,0.712784588441331,0.9825497442877892
2024,05,GBR.1.96.1.19_1,0.7267950963222417,0.9854440623394105
2024,05,GBR.1.96.1.2_1,0.7022767075306481,0.9802020199938377
2024,05,GBR.1.96.1.20_1,0.7022767075306481,0.9802020199938377
2024,05,GBR.1.96.1.21_1,0.7320490367775833,0.98646033878712025
2024,05,GBR.1.96.1.22_1,0.7232924693520141,0.9847456524402634
2024,05,GBR.1.96.1.23_1,0.7320490367775833,0.98646033878712025
2024,05,GBR.1.96.1.24_1,0.7460595446584939,0.9889873608899156
2024,05,GBR.1.96.1.25_1,0.7390542907180385,0.9877570551507087
2024,05,GBR.1.96.1.26_1,0.6917688266199651,0.9777013859047148
2024,05,GBR.1.96.1.3_1,0.7250437828371279,0.9850969495435462
2024,05,GBR.1.96.1.4_1,0.7548161120840631,0.9904322288778774
2024,05,GBR.1.96.1.5_1,0.7320490367775833,0.98646033878712025
2024,05,GBR.1.96.1.6_1,0.7040280210157619,0.9806038955664005
2024,05,GBR.1.96.1.7_1,0.7285464098073555,0.9857869952479592
2024,05,GBR.1.96.1.8_1,0.7443082311733801,0.9886859966642594
2024,05,GBR.1.96.1.9_1,0.7040280210157619,0.9806038955664005
2024,05,GBR.1.96.2.1_1,0.7022767075306481,0.9802020199938377
2024,05,GBR.1.96.2.10_1,0.7232924693520141,0.9847456524402634
2024,05,GBR.1.96.2.11_1,0.7618213660245184,0.9915139938498094
2024,05,GBR.1.96.2.12_1,0.7583187390542908,0.9909813318120578
2024,05,GBR.1.96.2.13_1,0.7197898423817863,0.9840304873325826
2024,05,GBR.1.96.2.2_1,0.7513134851138354,0.9898666576867816
2024,05,GBR.1.96.2.3_1,0.7005253940455343,0.9797958971132712
2024,05,GBR.1.96.2.4_1,0.7513134851138354,0.9898666576867816
2024,05,GBR.1.96.2.5_1,0.7373029772329247,0.987439112046915
2024,05,GBR.1.96.2.6_1,0.7793345008756568,0.993931587182941
2024,05,GBR.1.96.2.7_1,0.7320490367775833,0.98646033878712025
2024,05,GBR.1.96.2.8_1,0.7110332749562173,0.9821690282227392
2024,05,GBR.1.96.2.9_1,0.7022767075306481,0.9802020199938377
2024,05,GBR.1.96.3.1_1,0.7250437828371279,0.9850969495435462
2024,05,GBR.1.96.3.10_1,0.7530647985989493,0.990151503558925
2024,05,GBR.1.96.3.11_1,0.6900175131348513,0.9772696659571503
2024,05,GBR.1.96.3.12_1,0.7495621716287216,0.9895776877031939
2024,05,GBR.1.96.3.13_1,0.7373029772329247,0.987439112046915
2024,05,GBR.1.96.3.14_1,0.7145359019264449,0.9829262434180909
2024,05,GBR.1.96.3.15_1,0.7145359019264449,0.9829262434180909
2024,05,GBR.1.96.3.2_1,0.7740805604203153,0.9932492134404135
2024,05,GBR.1.96.3.3_1,0.7425569176882663,0.9883804935347521
2024,05,GBR.1.96.3.4_1,0.777583187390543,0.9937082066683358
2024,05,GBR.1.96.3.5_1,0.7180385288966725,0.983666610188635
2024,05,GBR.1.96.3.6_1,0.7425569176882663,0.9883804935347521
2024,05,GBR.1.96.3.7_1,0.7355516637478109,0.9871170143402452
2024,05,GBR.1.96.3.8_1,0.7705779334500876,0.9927738916792685
2024,05,GBR.1.96.3.9_1,0.7408056042031524,0.9880708476622514
2024,05,GBR.1.96.4.1_1,0.7022767075306481,0.9802020199938377
2024,05,GBR.1.96.4.10_1,0.7425569176882663,0.9883804935347521
2024,05,GBR.1.96.4.11_1,0.7758318739054292,0.9934807496876826
2024,05,GBR.1.96.4.12_1,0.7443082311733801,0.9886859966642594
2024,05,GBR.1.96.4.13_1,0.7443082311733801,0.9886859966642594
2024,05,GBR.1.96.4.14_1,0.6987740805604205,0.9793855216409929
2024,05,GBR.1.96.4.15_1,0.6917688266199651,0.9777013859047148
2024,05,GBR.1.96.4.16_1,0.7635726795096323,0.9917741678426597
2024,05,GBR.1.96.4.17_1,0.7285464098073555,0.9857869952479592
2024,05,GBR.1.96.4.18_1,0.7390542907180385,0.9877570551507087
2024,05,GBR.1.96.4.19_1,0.7390542907180385,0.9877570551507087
2024,05,GBR.1.96.4.2_1,0.7548161120840631,0.9904322288778774
2024,05,GBR.1.96.4.20_1,0.7057793345008757,0.9810015290507961
2024,05,GBR.1.96.4.21_1,0.7320490367775833,0.98646033878712025
2024,05,GBR.1.96.4.22_1,0.7145359019264449,0.9829262434180909
2024,05,GBR.1.96.4.23_1,0.7302977232924693,0.9861257526299574
2024,05,GBR.1.96.4.24_1,0.7338003502626971,0.986790757962396
2024,05,GBR.1.96.4.25_1,0.7548161120840631,0.9904322288778774
2024,05,GBR.1.96.4.26_1,0.7285464098073555,0.9857869952479592
2024,05,GBR.1.96.4.27_1,0.7197898423817863,0.9840304873325826
2024,05,GBR.1.96.4.28_1,0.7618213660245184,0.9915139938498094
2024,05,GBR.1.96.4.29_1,0.7950963222416814,0.9957590069891409
2024,05,GBR.1.96.4.3_1,0.7390542907180385,0.9877570551507087
2024,05,GBR.1.96.4.30_1,0.7600700525394046,0.9912497162672985
2024,05,GBR.1.96.4.31_1,0.7267950963222417,0.9854440623394105
2024,05,GBR.1.96.4.4_1,0.7250437828371279,0.9850969495435462
2024,05,GBR.1.96.4.5_1,0.6882661996497373,0.976833660353696
2024,05,GBR.1.96.4.6_1,0.7618213660245184,0.9915139938498094
2024,05,GBR.1.96.4.7_1,0.7057793345008757,0.9810015290507961
2024,05,GBR.1.96.4.8_1,0.6865148861646235,0.9763933633531108
2024,05,GBR.1.96.4.9_1,0.7565674255691769,0.9907088371464141
2024,05,GBR.1.96.5.1_1,0.7302977232924693,0.9861257526299574
2024,05,GBR.1.96.5.10_1,0.7197898423817863,0.9840304873325826
2024,05,GBR.1.96.5.11_1,0.7215411558669002,0.9843901665498289
2024,05,GBR.1.96.5.12_1,0.7635726795096323,0.9917741678426597
2024,05,GBR.1.96.5.13_1,0.7057793345008757,0.9810015290507961
2024,05,GBR.1.96.5.14_1,0.6917688266199651,0.9777013859047148
2024,05,GBR.1.96.5.15_1,0.7197898423817863,0.9840304873325826
2024,05,GBR.1.96.5.16_1,0.7267950963222417,0.9854440623394105
2024,05,GBR.1.96.5.17_1,0.7530647985989493,0.990151503558925
2024,05,GBR.1.96.5.18_1,0.6970227670753065,0.9789708882290628
2024,05,GBR.1.96.5.19_1,0.7513134851138354,0.9898666576867816
2024,05,GBR.1.96.5.2_1,0.7320490367775833,0.98646033878712025
2024,05,GBR.1.96.5.20_1,0.7338003502626971,0.986790757962396
2024,05,GBR.1.96.5.21_1,0.6935201401050789,0.9781288258711119
2024,05,GBR.1.96.5.22_1,0.6935201401050789,0.9781288258711119
2024,05,GBR.1.96.5.23_1,0.7443082311733801,0.9886859966642594
2024,05,GBR.1.96.5.24_1,0.7513134851138354,0.9898666576867816
2024,05,GBR.1.96.5.25_1,0.6795096322241682,0.9745891442038537
2024,05,GBR.1.96.5.26_1,0.7355516637478109,0.9871170143402452
2024,05,GBR.1.96.5.27_1,0.6619964973730298,0.9697752316903129
2024,05,GBR.1.96.5.28_1,0.7215411558669002,0.9843901665498289
2024,05,GBR.1.96.5.29_1,0.7285464098073555,0.9857869952479592
2024,05,GBR.1.96.5.3_1,0.7302977232924693,0.9861257526299574
2024,05,GBR.1.96.5.30_1,0.7635726795096323,0.9917741678426597
2024,05,GBR.1.96.5.31_1,0.7968476357267952,0.9959417653658269
2024,05,GBR.1.96.5.4_1,0.6952714535901927,0.97855199146494
2024,05,GBR.1.96.5.5_1,0.6882661996497373,0.976833660353696
2024,05,GBR.1.96.5.6_1,0.7302977232924693,0.9861257526299574
2024,05,GBR.1.96.5.7_1,0.7145359019264449,0.9829262434180909
2024,05,GBR.1.96.5.8_1,0.7390542907180385,0.9877570551507087
2024,05,GBR.1.96.5.9_1,0.7162872154115587,0.9832985304575615
2024,05,GBR.1.96.6.1_1,0.7390542907180385,0.9877570551507087
2024,05,GBR.1.96.6.10_1,0.7583187390542908,0.9909813318120578
2024,05,GBR.1.96.6.11_1,0.7618213660245184,0.9915139938498094
2024,05,GBR.1.96.6.12_1,0.7495621716287216,0.9895776877031939
2024,05,GBR.1.96.6.13_1,0.7705779334500876,0.9927738916792685
2024,05,GBR.1.96.6.14_1,0.7793345008756568,0.993931587182941
2024,05,GBR.1.96.6.15_1,0.7390542907180385,0.9877570551507087
2024,05,GBR.1.96.6.16_1,0.7845884413309984,0.9945772971468834
2024,05,GBR.1.96.6.17_1,0.7495621716287216,0.9895776877031939
2024,05,GBR.1.96.6.18_1,0.7740805604203153,0.9932492134404135
2024,05,GBR.1.96.6.19_1,0.7618213660245184,0.9915139938498094
2024,05,GBR.1.96.6.2_1,0.7355516637478109,0.9871170143402452
2024,05,GBR.1.96.6.20_1,0.7408056042031524,0.9880708476622514
2024,05,GBR.1.96.6.21_1,0.7793345008756568,0.993931587182941
2024,05,GBR.1.96.6.22_1,0.777583187390543,0.9937082066683358
2024,05,GBR.1.96.6.23_1,0.7408056042031524,0.9880708476622514
2024,05,GBR.1.96.6.24_1,0.7390542907180385,0.9877570551507087
2024,05,GBR.1.96.6.25_1,0.7583187390542908,0.9909813318120578
2024,05,GBR.1.96.6.26_1,0.7548161120840631,0.9904322288778774
2024,05,GBR.1.96.6.27_1,0.7863397548161122,0.9947843987518099
2024,05,GBR.1.96.6.4_1,0.830122591943958,0.9986470848102447
2024,05,GBR.1.96.6.5_1,0.712784588441331,0.9825497442877892
2024,05,GBR.1.96.6.6_1,0.7390542907180385,0.9877570551507087
2024,05,GBR.1.96.6.7_1,0.7513134851138354,0.9898666576867816
2024,05,GBR.1.96.6.8_1,0.7197898423817863,0.9840304873325826
2024,05,GBR.1.96.6.9_1,0.7898423817863398,0.9951864146982715
2024,05,GBR.1.96.7.1_1,0.8126094570928197,0.9974046320325567
2024,05,GBR.1.96.7.11_1,0.8126094570928197,0.9974046320325567
2024,05,GBR.1.96.7.13_1,0.7758318739054292,0.9934807496876826
2024,05,GBR.1.96.7.14_1,0.7915936952714537,0.9953813339620148
2024,05,GBR.1.96.7.16_1,0.7863397548161122,0.9947843987518099
2024,05,GBR.1.96.7.17_1,0.830122591943958,0.9986470848102447
2024,05,GBR.1.96.7.18_1,0.7302977232924693,0.9861257526299574
2024,05,GBR.1.96.7.19_1,0.7863397548161122,0.9947843987518099
2024,05,GBR.1.96.7.2_1,0.7740805604203153,0.9932492134404135
2024,05,GBR.1.96.7.20_1,0.7688266199649738,0.9925301002992302
2024,05,GBR.1.96.7.21_1,0.8178633975481613,0.997819622978021
2024,05,GBR.1.96.7.22_1,0.8056042031523644,0.996794863550169
2024,05,GBR.1.96.7.3_1,0.7968476357267952,0.9959417653658269
2024,05,GBR.1.96.7.4_1,0.7950963222416814,0.9957590069891409
2024,05,GBR.1.96.7.5_1,0.76707530647986,0.9922822179198819
2024,05,GBR.1.96.7.6_1,0.7758318739054292,0.9934807496876826
2024,05,GBR.1.96.7.7_1,0.8528896672504379,0.9996619428586846
2024,05,GBR.1.96.7.9_1,0.798598949211909,0.9961204746414963
2024,05,GBR.1.97.1.10_1,0.7548161120840631,0.9904322288778774
2024,05,GBR.1.97.1.12_1,0.7845884413309984,0.9945772971468834
2024,05,GBR.1.97.1.15_1,0.7548161120840631,0.9904322288778774
2024,05,GBR.1.97.1.2_1,0.7565674255691769,0.9907088371464141
2024,05,GBR.1.97.1.20_1,0.7302977232924693,0.9861257526299574
2024,05,GBR.1.97.1.21_1,0.7390542907180385,0.9877570551507087
2024,05,GBR.1.97.1.22_1,0.7933450087565675,0.9955721972815432
2024,05,GBR.1.97.1.23_1,0.7530647985989493,0.990151503558925
2024,05,GBR.1.97.1.24_1,0.7915936952714537,0.9953813339620148
2024,05,GBR.1.97.1.3_1,0.7740805604203153,0.9932492134404135
2024,05,GBR.1.97.1.4_1,0.7530647985989493,0.990151503558925
2024,05,GBR.1.97.1.6_1,0.7005253940455343,0.9797958971132712
2024,05,GBR.1.97.1.7_1,0.7338003502626971,0.986790757962396
2024,05,GBR.1.98.1.1_1,0.6935201401050789,0.9781288258711119
2024,05,GBR.1.98.1.10_1,0.6970227670753065,0.9789708882290628
2024,05,GBR.1.98.1.11_1,0.6252189141856392,0.9582296175760798
2024,05,GBR.1.98.1.12_1,0.6865148861646235,0.9763933633531108
2024,05,GBR.1.98.1.13_1,0.6882661996497373,0.976833660353696
2024,05,GBR.1.98.1.14_1,0.7250437828371279,0.9850969495435462
2024,05,GBR.1.98.1.15_1,0.7443082311733801,0.9886859966642594
2024,05,GBR.1.98.1.16_1,0.6970227670753065,0.9789708882290628
2024,05,GBR.1.98.1.2_1,0.6812609457092821,0.975046665549911
2024,05,GBR.1.98.1.3_1,0.7705779334500876,0.9927738916792685
2024,05,GBR.1.98.1.4_1,0.6952714535901927,0.97855199146494
2024,05,GBR.1.98.1.5_1,0.6514886164623468,0.9666767815562759
2024,05,GBR.1.98.1.6_1,0.6514886164623468,0.9666767815562759
2024,05,GBR.1.98.1.7_1,0.7092819614711035,0.9817840903172144
2024,05,GBR.1.98.1.8_1,0.7162872154115587,0.9832985304575615
2024,05,GBR.1.98.1.9_1,0.6742556917688267,0.9731906288081488
2024,05,GBR.1.98.10.1_1,0.6917688266199651,0.9777013859047148
2024,05,GBR.1.98.10.10_1,0.7180385288966725,0.983666610188635
2024,05,GBR.1.98.10.11_1,0.6935201401050789,0.9781288258711119
2024,05,GBR.1.98.10.12_1,0.6795096322241682,0.9745891442038537
2024,05,GBR.1.98.10.13_1,0.6970227670753065,0.9789708882290628
2024,05,GBR.1.98.10.14_1,0.6970227670753065,0.9789708882290628
2024,05,GBR.1.98.10.15_1,0.6444833625218914,0.9645226798784983
2024,05,GBR.1.98.10.16_1,0.6812609457092821,0.975046665549911
2024,05,GBR.1.98.10.17_1,0.7075306479859896,0.9813949256033475
2024,05,GBR.1.98.10.18_1,0.7057793345008757,0.9810015290507961
2024,05,GBR.1.98.10.19_1,0.6672504378283713,0.9712651543219287
2024,05,GBR.1.98.10.2_1,0.6777583187390543,0.9741273017424364
2024,05,GBR.1.98.10.20_1,0.7180385288966725,0.983666610188635
2024,05,GBR.1.98.10.21_1,0.6514886164623468,0.9666767815562759
2024,05,GBR.1.98.10.22_1,0.7250437828371279,0.9850969495435462
2024,05,GBR.1.98.10.23_1,0.7110332749562173,0.9821690282227392
2024,05,GBR.1.98.10.24_1,0.6900175131348513,0.9772696659571503
2024,05,GBR.1.98.10.25_1,0.7022767075306481,0.9802020199938377
2024,05,GBR.1.98.10.3_1,0.6760070052539405,0.9736611320166786
2024,05,GBR.1.98.10.4_1,0.7232924693520141,0.9847456524402634
2024,05,GBR.1.98.10.5_1,0.7057793345008757,0.9810015290507961
2024,05,GBR.1.98.10.6_1,0.6952714535901927,0.97855199146494
2024,05,GBR.1.98.10.7_1,0.7110332749562173,0.9821690282227392
2024,05,GBR.1.98.10.8_1,0.7232924693520141,0.9847456524402634
2024,05,GBR.1.98.10.9_1,0.6374781085814362,0.962297251372984
2024,05,GBR.1.98.11.1_1,0.712784588441331,0.9825497442877892
2024,05,GBR.1.98.11.10_1,0.7548161120840631,0.9904322288778774
2024,05,GBR.1.98.11.2_1,0.6952714535901927,0.97855199146494
2024,05,GBR.1.98.11.3_1,0.6970227670753065,0.9789708882290628
2024,05,GBR.1.98.11.4_1,0.6812609457092821,0.975046665549911
2024,05,GBR.1.98.11.5_1,0.6830122591943959,0.9754998718605759
2024,05,GBR.1.98.11.6_1,0.6900175131348513,0.9772696659571503
2024,05,GBR.1.98.11.7_1,0.6619964973730298,0.9697752316903129
2024,05,GBR.1.98.11.8_1,0.6742556917688267,0.9731906288081488
2024,05,GBR.1.98.11.9_1,0.6549912434325745,0.9677272342969376
2024,05,GBR.1.98.2.1_1,0.6987740805604205,0.9793855216409929
2024,05,GBR.1.98.2.11_1,0.6462346760070053,0.965067873260736
2024,05,GBR.1.98.2.3_1,0.670753064798599,0.9722365967191319
2024,05,GBR.1.98.2.5_1,0.6725043782837129,0.9727157858285225
2024,05,GBR.1.98.2.6_1,0.7232924693520141,0.9847456524402634
2024,05,GBR.1.98.2.7_1,0.7057793345008757,0.9810015290507961
2024,05,GBR.1.98.2.8_1,0.6637478108581437,0.970276249322841
2024,05,GBR.1.98.2.9_1,0.6672504378283713,0.9712651543219287
2024,05,GBR.1.98.3.1_1,0.7145359019264449,0.9829262434180909
2024,05,GBR.1.98.3.10_1,0.6760070052539405,0.9736611320166786
2024,05,GBR.1.98.3.11_1,0.6847635726795097,0.9759487691472335
2024,05,GBR.1.98.3.12_1,0.7005253940455343,0.9797958971132712
2024,05,GBR.1.98.3.13_1,0.6444833625218914,0.9645226798784983
2024,05,GBR.1.98.3.14_1,0.6952714535901927,0.97855199146494
2024,05,GBR.1.98.3.15_1,0.6795096322241682,0.9745891442038537
2024,05,GBR.1.98.3.16_1,0.7162872154115587,0.9832985304575615
2024,05,GBR.1.98.3.17_1,0.7215411558669002,0.9843901665498289
2024,05,GBR.1.98.3.18_1,0.7302977232924693,0.9861257526299574
2024,05,GBR.1.98.3.19_1,0.7197898423817863,0.9840304873325826
2024,05,GBR.1.98.3.2_1,0.6970227670753065,0.9789708882290628
2024,05,GBR.1.98.3.20_1,0.6987740805604205,0.9793855216409929
2024,05,GBR.1.98.3.21_1,0.6847635726795097,0.9759487691472335
2024,05,GBR.1.98.3.22_1,0.7005253940455343,0.9797958971132712
2024,05,GBR.1.98.3.23_1,0.6619964973730298,0.9697752316903129
2024,05,GBR.1.98.3.24_1,0.7022767075306481,0.9802020199938377
2024,05,GBR.1.98.3.3_1,0.6952714535901927,0.97855199146494
2024,05,GBR.1.98.3.4_1,0.7005253940455343,0.9797958971132712
2024,05,GBR.1.98.3.5_1,0.7092819614711035,0.9817840903172144
2024,05,GBR.1.98.3.6_1,0.6900175131348513,0.9772696659571503
2024,05,GBR.1.98.3.7_1,0.6987740805604205,0.9793855216409929
2024,05,GBR.1.98.3.8_1,0.7162872154115587,0.9832985304575615
2024,05,GBR.1.98.3.9_1,0.6760070052539405,0.9736611320166786
2024,05,GBR.1.98.4.14_1,0.660245183887916,0.9692698282728087
2024,05,GBR.1.98.4.16_1,0.7408056042031524,0.9880708476622514
2024,05,GBR.1.98.4.18_1,0.6935201401050789,0.9781288258711119
2024,05,GBR.1.98.4.20_1,0.7723292469352014,0.9930135950730987
2024,05,GBR.1.98.4.5_1,0.7145359019264449,0.9829262434180909
2024,05,GBR.1.98.4.6_1,0.6847635726795097,0.9759487691472335
2024,05,GBR.1.98.5.1_1,0.7285464098073555,0.9857869952479592
2024,05,GBR.1.98.5.2_1,0.7548161120840631,0.9904322288778774
2024,05,GBR.1.98.6.1_1,0.6760070052539405,0.9736611320166786
2024,05,GBR.1.98.6.10_1,0.7232924693520141,0.9847456524402634
2024,05,GBR.1.98.6.11_1,0.7338003502626971,0.986790757962396
2024,05,GBR.1.98.6.2_1,0.7057793345008757,0.9810015290507961
2024,05,GBR.1.98.6.3_1,0.7232924693520141,0.9847456524402634
2024,05,GBR.1.98.6.4_1,0.7075306479859896,0.9813949256033475
2024,05,GBR.1.98.6.5_1,0.7267950963222417,0.9854440623394105
2024,05,GBR.1.98.6.6_1,0.6970227670753065,0.9789708882290628
2024,05,GBR.1.98.6.7_1,0.7548161120840631,0.9904322288778774
2024,05,GBR.1.98.6.8_1,0.7583187390542908,0.9909813318120578
2024,05,GBR.1.98.6.9_1,0.7302977232924693,0.9861257526299574
2024,05,GBR.1.98.7.1_1,0.6654991243432575,0.9707728879609279
2024,05,GBR.1.98.7.10_1,0.7057793345008757,0.9810015290507961
2024,05,GBR.1.98.7.11_1,0.7057793345008757,0.9810015290507961
2024,05,GBR.1.98.7.12_1,0.712784588441331,0.9825497442877892
2024,05,GBR.1.98.7.13_1,0.6549912434325745,0.9677272342969376
2024,05,GBR.1.98.7.14_1,0.7180385288966725,0.983666610188635
2024,05,GBR.1.98.7.15_1,0.6952714535901927,0.97855199146494
2024,05,GBR.1.98.7.2_1,0.7425569176882663,0.9883804935347521
2024,05,GBR.1.98.7.3_1,0.7092819614711035,0.9817840903172144
2024,05,GBR.1.98.7.4_1,0.6987740805604205,0.9793855216409929
2024,05,GBR.1.98.7.5_1,0.7092819614711035,0.9817840903172144
2024,05,GBR.1.98.7.6_1,0.7408056042031524,0.9880708476622514
2024,05,GBR.1.98.7.7_1,0.7443082311733801,0.9886859966642594
2024,05,GBR.1.98.7.8_1,0.7075306479859896,0.9813949256033475
2024,05,GBR.1.98.7.9_1,0.7460595446584939,0.9889873608899156
2024,05,GBR.1.98.8.1_1,0.7215411558669002,0.9843901665498289
2024,05,GBR.1.98.8.10_1,0.712784588441331,0.9825497442877892
2024,05,GBR.1.98.8.11_1,0.6847635726795097,0.9759487691472335
2024,05,GBR.1.98.8.12_1,0.7478108581436077,0.9892845899942038
2024,05,GBR.1.98.8.13_1,0.7618213660245184,0.9915139938498094
2024,05,GBR.1.98.8.14_1,0.7092819614711035,0.9817840903172144
2024,05,GBR.1.98.8.15_1,0.6777583187390543,0.9741273017424364
2024,05,GBR.1.98.8.16_1,0.6742556917688267,0.9731906288081488
2024,05,GBR.1.98.8.2_1,0.7267950963222417,0.9854440623394105
2024,05,GBR.1.98.8.3_1,0.6584938704028022,0.9687600322061186
2024,05,GBR.1.98.8.4_1,0.7040280210157619,0.9806038955664005
2024,05,GBR.1.98.8.5_1,0.7215411558669002,0.9843901665498289
2024,05,GBR.1.98.8.6_1,0.7302977232924693,0.9861257526299574
2024,05,GBR.1.98.8.7_1,0.6847635726795097,0.9759487691472335
2024,05,GBR.1.98.8.8_1,0.6970227670753065,0.9789708882290628
2024,05,GBR.1.98.8.9_1,0.6952714535901927,0.97855199146494
2024,05,GBR.1.98.9.14_1,0.7338003502626971,0.986790757962396
2024,05,GBR.1.98.9.4_1,0.7057793345008757,0.9810015290507961
2024,05,GBR.1.98.9.8_1,0.7180385288966725,0.983666610188635
2024,05,GBR.1.99.1.1_1,0.63922942206655,0.9628603221651623
2024,05,GBR.1.99.1.12_1,0.6567425569176883,0.9682458365518543
2024,05,GBR.1.99.1.14_1,0.7320490367775833,0.98646033878712025
2024,05,GBR.1.99.1.17_1,0.6357267950963222,0.9617296917533533
2024,05,GBR.1.99.1.3_1,0.6882661996497373,0.976833660353696
2024,05,GBR.1.99.1.9_1,0.7390542907180385,0.9877570551507087
2024,05,GBR.2.10.2.8_1,0.6409807355516638,0.9634189120003821
2024,05,GBR.2.2.1.5_1,0.7040280210157619,0.9806038955664005
2024,05,GBR.2.2.1.8_1,0.7075306479859896,0.9813949256033475
2024,05,GBR.2.5.1.1_1,0.6672504378283713,0.9712651543219287
2024,05,GBR.2.5.1.10_1,0.7215411558669002,0.9843901665498289
2024,05,GBR.2.5.1.24_1,0.7758318739054292,0.9934807496876826
2024,05,GBR.2.5.1.25_1,0.7232924693520141,0.9847456524402634
2024,05,GBR.2.5.2.10_1,0.7145359019264449,0.9829262434180909
2024,05,GBR.2.5.2.11_1,0.7232924693520141,0.9847456524402634
2024,05,GBR.2.5.2.3_1,0.7215411558669002,0.9843901665498289
2024,05,GBR.2.5.2.5_1,0.7215411558669002,0.9843901665498289
2024,05,GBR.2.5.2.6_1,0.6952714535901927,0.97855199146494
2024,05,GBR.2.6.1.12_1,0.6970227670753065,0.9789708882290628
2024,05,GBR.2.6.1.18_1,0.6917688266199651,0.9777013859047148
2024,05,GBR.2.6.1.2_1,0.7005253940455343,0.9797958971132712
2024,05,GBR.2.6.1.20_1,0.7110332749562173,0.9821690282227392
2024,05,GBR.2.6.1.3_1,0.6760070052539405,0.9736611320166786
2024,05,GBR.2.6.1.5_1,0.7022767075306481,0.9802020199938377
2024,05,GBR.2.6.1.8_1,0.7057793345008757,0.9810015290507961
2024,05,GBR.2.9.2.1_1,0.670753064798599,0.9722365967191319
2024,05,GBR.2.9.2.10_1,0.7075306479859896,0.9813949256033475
2024,05,GBR.2.9.2.2_1,0.6865148861646235,0.9763933633531108
2024,05,GBR.2.9.2.5_1,0.7408056042031524,0.9880708476622514
2024,05,GBR.3.14.1.3_1,0.7320490367775833,0.98646033878712025
2024,05,GBR.3.14.1.4_1,0.7425569176882663,0.9883804935347521
2024,05,GBR.3.15.1.11_1,0.7443082311733801,0.9886859966642594
2024,05,GBR.3.15.1.12_1,0.7320490367775833,0.98646033878712025
2024,05,GBR.3.15.1.18_1,0.7478108581436077,0.9892845899942038
2024,05,GBR.3.15.1.22_1,0.7355516637478109,0.9871170143402452
2024,05,GBR.3.17.1.1_1,0.6917688266199651,0.9777013859047148
2024,05,GBR.3.17.1.10_1,0.6637478108581437,0.970276249322841
2024,05,GBR.3.17.1.17_1,0.6970227670753065,0.9789708882290628
2024,05,GBR.3.17.1.18_1,0.7302977232924693,0.9861257526299574
2024,05,GBR.3.17.1.19_1,0.7705779334500876,0.9927738916792685
2024,05,GBR.3.17.1.2_1,0.7390542907180385,0.9877570551507087
2024,05,GBR.3.17.1.20_1,0.6987740805604205,0.9793855216409929
2024,05,GBR.3.17.1.21_1,0.8178633975481613,0.997819622978021
2024,05,GBR.3.17.1.3_1,0.7215411558669002,0.9843901665498289
2024,05,GBR.3.17.1.4_1,0.6987740805604205,0.9793855216409929
2024,05,GBR.3.17.1.5_1,0.6567425569176883,0.9682458365518543
2024,05,GBR.3.17.1.7_1,0.7005253940455343,0.9797958971132712
2024,05,GBR.3.17.1.8_1,0.7092819614711035,0.9817840903172144
2024,05,GBR.3.17.1.9_1,0.6917688266199651,0.9777013859047148
2024,05,GBR.3.2.1.1_1,0.7373029772329247,0.987439112046915
2024,05,GBR.3.2.1.10_1,0.7618213660245184,0.9915139938498094
2024,05,GBR.3.2.1.2_1,0.7968476357267952,0.9959417653658269
2024,05,GBR.3.21.1.1_1,0.76707530647986,0.9922822179198819
2024,05,GBR.3.21.1.6_1,0.7110332749562173,0.9821690282227392
2024,05,GBR.3.22.1.13_1,0.7232924693520141,0.9847456524402634
2024,05,GBR.3.24.1.1_1,0.7267950963222417,0.9854440623394105
2024,05,GBR.3.24.1.10_1,0.7863397548161122,0.9947843987518099
2024,05,GBR.3.24.1.11_1,0.7723292469352014,0.9930135950730987
2024,05,GBR.3.24.1.12_1,0.7250437828371279,0.9850969495435462
2024,05,GBR.3.24.1.2_1,0.7478108581436077,0.9892845899942038
2024,05,GBR.3.24.1.3_1,0.6970227670753065,0.9789708882290628
2024,05,GBR.3.24.1.4_1,0.7513134851138354,0.9898666576867816
2024,05,GBR.3.24.1.5_1,0.7863397548161122,0.9947843987518099
2024,05,GBR.3.24.1.6_1,0.6987740805604205,0.9793855216409929
2024,05,GBR.3.24.1.7_1,0.7355516637478109,0.9871170143402452
2024,05,GBR.3.24.1.8_1,0.7495621716287216,0.9895776877031939
2024,05,GBR.3.24.1.9_1,0.7565674255691769,0.9907088371464141
2024,05,GBR.3.26.1.1_1,0.798598949211909,0.9961204746414963
2024,05,GBR.3.26.1.4_1,0.7180385288966725,0.983666610188635
2024,05,GBR.3.26.1.5_1,0.76707530647986,0.9922822179198819
2024,05,GBR.3.26.1.6_1,0.7618213660245184,0.9915139938498094
2024,05,GBR.3.26.1.8_1,0.7828371278458844,0.9943661297530201
2024,05,GBR.3.3.1.1_1,0.7688266199649738,0.9925301002992302
2024,05,GBR.3.3.1.2_1,0.7355516637478109,0.9871170143402452
2024,05,GBR.3.3.1.3_1,0.7635726795096323,0.9917741678426597
2024,05,GBR.3.3.1.4_1,0.7478108581436077,0.9892845899942038
2024,05,GBR.3.3.1.5_1,0.7933450087565675,0.9955721972815432
2024,05,GBR.3.3.1.6_1,0.7618213660245184,0.9915139938498094
2024,05,GBR.3.3.1.7_1,0.6882661996497373,0.976833660353696
2024,05,GBR.3.3.1.8_1,0.7950963222416814,0.9957590069891409
2024,05,GBR.3.30.1.1_1,0.7373029772329247,0.987439112046915
2024,05,GBR.3.30.1.2_1,0.7180385288966725,0.983666610188635
2024,05,GBR.3.30.1.3_1,0.7057793345008757,0.9810015290507961
2024,05,GBR.3.30.1.4_1,0.7338003502626971,0.986790757962396
2024,05,GBR.3.30.1.5_1,0.7390542907180385,0.9877570551507087
2024,05,GBR.3.30.1.6_1,0.7145359019264449,0.9829262434180909
2024,05,GBR.3.30.1.7_1,0.7408056042031524,0.9880708476622514
2024,05,GBR.3.31.1.3_1,0.7162872154115587,0.9832985304575615
2024,05,GBR.3.31.1.6_1,0.7215411558669002,0.9843901665498289
2024,05,GBR.3.4.1.1_1,0.660245183887916,0.9692698282728087
2024,05,GBR.3.4.1.10_1,0.7635726795096323,0.9917741678426597
2024,05,GBR.3.4.1.2_1,0.7460595446584939,0.9889873608899156
2024,05,GBR.3.4.1.5_1,0.7845884413309984,0.9945772971468834
2024,05,GBR.3.4.1.6_1,0.7285464098073555,0.9857869952479592
2024,05,GBR.3.4.1.7_1,0.6917688266199651,0.9777013859047148
2024,05,GBR.3.4.1.8_1,0.7075306479859896,0.9813949256033475
2024,05,GBR.3.4.1.9_1,0.7373029772329247,0.987439112046915
2024,05,GBR.3.5.1.2_1,0.6619964973730298,0.9697752316903129
2024,05,GBR.3.5.1.3_1,0.7320490367775833,0.98646033878712025
2024,05,GBR.3.5.1.4_1,0.6812609457092821,0.975046665549911
2024,05,GBR.3.5.1.5_1,0.7618213660245184,0.9915139938498094
2024,05,GBR.3.6.1.2_1,0.7653239929947461,0.9920302414745228
2024,05,GBR.3.7.1.1_1,0.7425569176882663,0.9883804935347521
2024,05,GBR.3.7.1.2_1,0.7390542907180385,0.9877570551507087
2024,05,GBR.3.7.1.3_1,0.7478108581436077,0.9892845899942038
2024,05,GBR.3.7.1.4_1,0.76707530647986,0.9922822179198819
2024,05,GBR.3.7.1.5_1,0.7355516637478109,0.9871170143402452
2024,05,GBR.3.7.1.6_1,0.7162872154115587,0.9832985304575615
2024,05,GBR.3.7.1.7_1,0.7495621716287216,0.9895776877031939
2024,05,GBR.3.7.1.8_1,0.7513134851138354,0.9898666576867816
2024,05,GBR.3.9.1.3_1,0.6847635726795097,0.9759487691472335
2024,05,GBR.4.1.1.1_1,0.6760070052539405,0.9736611320166786
2024,05,GBR.4.1.1.2_1,0.7232924693520141,0.9847456524402634
2024,05,GBR.4.1.1.3_1,0.7478108581436077,0.9892845899942038
2024,05,GBR.4.1.1.4_1,0.7232924693520141,0.9847456524402634
2024,05,GBR.4.1.1.5_1,0.7600700525394046,0.9912497162672985
2024,05,GBR.4.1.1.6_1,0.7232924693520141,0.9847456524402634
2024,05,GBR.4.1.1.7_1,0.7267950963222417,0.9854440623394105
2024,05,GBR.4.1.1.8_1,0.7145359019264449,0.9829262434180909
2024,05,GBR.4.1.1.9_1,0.8056042031523644,0.996794863550169
2024,05,GBR.4.10.1.1_1,0.7302977232924693,0.9861257526299574
2024,05,GBR.4.10.1.10_1,0.7320490367775833,0.98646033878712025
2024,05,GBR.4.10.1.11_1,0.7408056042031524,0.9880708476622514
2024,05,GBR.4.10.1.12_1,0.7075306479859896,0.9813949256033475
2024,05,GBR.4.10.1.13_1,0.7373029772329247,0.987439112046915
2024,05,GBR.4.10.1.14_1,0.7180385288966725,0.983666610188635
2024,05,GBR.4.10.1.15_1,0.7180385288966725,0.983666610188635
2024,05,GBR.4.10.1.16_1,0.7425569176882663,0.9883804935347521
2024,05,GBR.4.10.1.17_1,0.7635726795096323,0.9917741678426597
2024,05,GBR.4.10.1.18_1,0.7215411558669002,0.9843901665498289
2024,05,GBR.4.10.1.19_1,0.7338003502626971,0.986790757962396
2024,05,GBR.4.10.1.2_1,0.7250437828371279,0.9850969495435462
2024,05,GBR.4.10.1.20_1,0.7232924693520141,0.9847456524402634
2024,05,GBR.4.10.1.21_1,0.7495621716287216,0.9895776877031939
2024,05,GBR.4.10.1.22_1,0.6830122591943959,0.9754998718605759
2024,05,GBR.4.10.1.23_1,0.7022767075306481,0.9802020199938377
2024,05,GBR.4.10.1.25_1,0.7215411558669002,0.9843901665498289
2024,05,GBR.4.10.1.26_1,0.7250437828371279,0.9850969495435462
2024,05,GBR.4.10.1.27_1,0.7460595446584939,0.9889873608899156
2024,05,GBR.4.10.1.28_1,0.7390542907180385,0.9877570551507087
2024,05,GBR.4.10.1.29_1,0.7723292469352014,0.9930135950730987
2024,05,GBR.4.10.1.3_1,0.7092819614711035,0.9817840903172144
2024,05,GBR.4.10.1.30_1,0.7583187390542908,0.9909813318120578
2024,05,GBR.4.10.1.34_1,0.7425569176882663,0.9883804935347521
2024,05,GBR.4.10.1.35_1,0.7338003502626971,0.986790757962396
2024,05,GBR.4.10.1.36_1,0.7425569176882663,0.9883804935347521
2024,05,GBR.4.10.1.37_1,0.7390542907180385,0.9877570551507087
2024,05,GBR.4.10.1.38_1,0.7513134851138354,0.9898666576867816
2024,05,GBR.4.10.1.39_1,0.7373029772329247,0.987439112046915
2024,05,GBR.4.10.1.40_1,0.7653239929947461,0.9920302414745228
2024,05,GBR.4.10.1.42_1,0.7285464098073555,0.9857869952479592
2024,05,GBR.4.10.1.43_1,0.7040280210157619,0.9806038955664005
2024,05,GBR.4.10.1.44_1,0.7110332749562173,0.9821690282227392
2024,05,GBR.4.10.1.45_1,0.7267950963222417,0.9854440623394105
2024,05,GBR.4.10.1.46_1,0.6987740805604205,0.9793855216409929
2024,05,GBR.4.10.1.47_1,0.7390542907180385,0.9877570551507087
2024,05,GBR.4.10.1.48_1,0.6987740805604205,0.9793855216409929
2024,05,GBR.4.10.1.49_1,0.7197898423817863,0.9840304873325826
2024,05,GBR.4.10.1.5_1,0.712784588441331,0.9825497442877892
2024,05,GBR.4.10.1.50_1,0.7022767075306481,0.9802020199938377
2024,05,GBR.4.10.1.51_1,0.6812609457092821,0.975046665549911
2024,05,GBR.4.10.1.52_1,0.7425569176882663,0.9883804935347521
2024,05,GBR.4.10.1.53_1,0.7373029772329247,0.987439112046915
2024,05,GBR.4.10.1.54_1,0.7443082311733801,0.9886859966642594
2024,05,GBR.4.10.1.6_1,0.7915936952714537,0.9953813339620148
2024,05,GBR.4.10.1.7_1,0.7285464098073555,0.9857869952479592
2024,05,GBR.4.10.1.8_1,0.7110332749562173,0.9821690282227392
2024,05,GBR.4.10.1.9_1,0.6865148861646235,0.9763933633531108
2024,05,GBR.4.11.1.1_1,0.7600700525394046,0.9912497162672985
2024,05,GBR.4.11.1.10_1,0.76707530647986,0.9922822179198819
2024,05,GBR.4.11.1.11_1,0.6690017513134852,0.9717530550505102
2024,05,GBR.4.11.1.12_1,0.649737302977233,0.9661449166662318
2024,05,GBR.4.11.1.13_1,0.7530647985989493,0.990151503558925
2024,05,GBR.4.11.1.14_1,0.7373029772329247,0.987439112046915
2024,05,GBR.4.11.1.16_1,0.7583187390542908,0.9909813318120578
2024,05,GBR.4.11.1.17_1,0.6917688266199651,0.9777013859047148
2024,05,GBR.4.11.1.19_1,0.8143607705779335,0.9975469913743412
2024,05,GBR.4.11.1.2_1,0.6847635726795097,0.9759487691472335
2024,05,GBR.4.11.1.21_1,0.7215411558669002,0.9843901665498289
2024,05,GBR.4.11.1.22_1,0.7530647985989493,0.990151503558925
2024,05,GBR.4.11.1.23_1,0.7320490367775833,0.98646033878712025
2024,05,GBR.4.11.1.24_1,0.7180385288966725,0.983666610188635
2024,05,GBR.4.11.1.25_1,0.670753064798599,0.9722365967191319
2024,05,GBR.4.11.1.26_1,0.7075306479859896,0.9813949256033475
2024,05,GBR.4.11.1.27_1,0.6812609457092821,0.975046665549911
2024,05,GBR.4.11.1.28_1,0.712784588441331,0.9825497442877892
2024,05,GBR.4.11.1.3_1,0.6917688266199651,0.9777013859047148
2024,05,GBR.4.11.1.30_1,0.7373029772329247,0.987439112046915
2024,05,GBR.4.11.1.32_1,0.6917688266199651,0.9777013859047148
2024,05,GBR.4.11.1.33_1,0.7460595446584939,0.9889873608899156
2024,05,GBR.4.11.1.34_1,0.7267950963222417,0.9854440623394105
2024,05,GBR.4.11.1.36_1,0.7232924693520141,0.9847456524402634
2024,05,GBR.4.11.1.37_1,0.7443082311733801,0.9886859966642594
2024,05,GBR.4.11.1.38_1,0.7022767075306481,0.9802020199938377
2024,05,GBR.4.11.1.39_1,0.7530647985989493,0.990151503558925
2024,05,GBR.4.11.1.4_1,0.7180385288966725,0.983666610188635
2024,05,GBR.4.11.1.40_1,0.7408056042031524,0.9880708476622514
2024,05,GBR.4.11.1.41_1,0.7425569176882663,0.9883804935347521
2024,05,GBR.4.11.1.42_1,0.6970227670753065,0.9789708882290628
2024,05,GBR.4.11.1.43_1,0.6970227670753065,0.9789708882290628
2024,05,GBR.4.11.1.44_1,0.7443082311733801,0.9886859966642594
2024,05,GBR.4.11.1.45_1,0.6742556917688267,0.9731906288081488
2024,05,GBR.4.11.1.46_1,0.6847635726795097,0.9759487691472335
2024,05,GBR.4.11.1.47_1,0.7302977232924693,0.9861257526299574
2024,05,GBR.4.11.1.48_1,0.7302977232924693,0.9861257526299574
2024,05,GBR.4.11.1.50_1,0.7215411558669002,0.9843901665498289
2024,05,GBR.4.11.1.51_1,0.7162872154115587,0.9832985304575615
2024,05,GBR.4.11.1.52_1,0.7075306479859896,0.9813949256033475
2024,05,GBR.4.11.1.53_1,0.7302977232924693,0.9861257526299574
2024,05,GBR.4.11.1.54_1,0.7250437828371279,0.9850969495435462
2024,05,GBR.4.11.1.55_1,0.670753064798599,0.9722365967191319
2024,05,GBR.4.11.1.56_1,0.7180385288966725,0.983666610188635
2024,05,GBR.4.11.1.57_1,0.7022767075306481,0.9802020199938377
2024,05,GBR.4.11.1.58_1,0.7267950963222417,0.9854440623394105
2024,05,GBR.4.11.1.59_1,0.6865148861646235,0.9763933633531108
2024,05,GBR.4.11.1.6_1,0.7285464098073555,0.9857869952479592
2024,05,GBR.4.11.1.60_1,0.7653239929947461,0.9920302414745228
2024,05,GBR.4.11.1.61_1,0.7005253940455343,0.9797958971132712
2024,05,GBR.4.11.1.62_1,0.7355516637478109,0.9871170143402452
2024,05,GBR.4.11.1.63_1,0.7460595446584939,0.9889873608899156
2024,05,GBR.4.11.1.64_1,0.7425569176882663,0.9883804935347521
2024,05,GBR.4.11.1.65_1,0.7565674255691769,0.9907088371464141
2024,05,GBR.4.11.1.66_1,0.6900175131348513,0.9772696659571503
2024,05,GBR.4.11.1.67_1,0.7145359019264449,0.9829262434180909
2024,05,GBR.4.11.1.68_1,0.7250437828371279,0.9850969495435462
2024,05,GBR.4.11.1.69_1,0.7618213660245184,0.9915139938498094
2024,05,GBR.4.11.1.7_1,0.6900175131348513,0.9772696659571503
2024,05,GBR.4.11.1.70_1,0.6795096322241682,0.9745891442038537
2024,05,GBR.4.11.1.71_1,0.7040280210157619,0.9806038955664005
2024,05,GBR.4.11.1.72_1,0.7145359019264449,0.9829262434180909
2024,05,GBR.4.11.1.8_1,0.7460595446584939,0.9889873608899156
2024,05,GBR.4.11.1.9_1,0.6952714535901927,0.97855199146494
2024,05,GBR.4.12.1.14_1,0.6217162872154116,0.9570266453970862
2024,05,GBR.4.13.1.1_1,0.6830122591943959,0.9754998718605759
2024,05,GBR.4.13.1.10_1,0.7478108581436077,0.9892845899942038
2024,05,GBR.4.13.1.11_1,0.6865148861646235,0.9763933633531108
2024,05,GBR.4.13.1.13_1,0.6987740805604205,0.9793855216409929
2024,05,GBR.4.13.1.14_1,0.712784588441331,0.9825497442877892
2024,05,GBR.4.13.1.16_1,0.670753064798599,0.9722365967191319
2024,05,GBR.4.13.1.17_1,0.7110332749562173,0.9821690282227392
2024,05,GBR.4.13.1.18_1,0.660245183887916,0.9692698282728087
2024,05,GBR.4.13.1.19_1,0.7635726795096323,0.9917741678426597
2024,05,GBR.4.13.1.20_1,0.6935201401050789,0.9781288258711119
2024,05,GBR.4.13.1.21_1,0.7005253940455343,0.9797958971132712
2024,05,GBR.4.13.1.22_1,0.7075306479859896,0.9813949256033475
2024,05,GBR.4.13.1.23_1,0.6147110332749562,0.954565869911553
2024,05,GBR.4.13.1.24_1,0.7040280210157619,0.9806038955664005
2024,05,GBR.4.13.1.25_1,0.6795096322241682,0.9745891442038537
2024,05,GBR.4.13.1.26_1,0.7162872154115587,0.9832985304575615
2024,05,GBR.4.13.1.28_1,0.660245183887916,0.9692698282728087
2024,05,GBR.4.13.1.29_1,0.6900175131348513,0.9772696659571503
2024,05,GBR.4.13.1.3_1,0.6812609457092821,0.975046665549911
2024,05,GBR.4.13.1.30_1,0.7110332749562173,0.9821690282227392
2024,05,GBR.4.13.1.32_1,0.6672504378283713,0.9712651543219287
2024,05,GBR.4.13.1.33_1,0.6987740805604205,0.9793855216409929
2024,05,GBR.4.13.1.36_1,0.6935201401050789,0.9781288258711119
2024,05,GBR.4.13.1.38_1,0.7232924693520141,0.9847456524402634
2024,05,GBR.4.13.1.39_1,0.7162872154115587,0.9832985304575615
2024,05,GBR.4.13.1.4_1,0.6952714535901927,0.97855199146494
2024,05,GBR.4.13.1.41_1,0.6777583187390543,0.9741273017424364
2024,05,GBR.4.13.1.5_1,0.7338003502626971,0.986790757962396
2024,05,GBR.4.13.1.6_1,0.7197898423817863,0.9840304873325826
2024,05,GBR.4.13.1.7_1,0.6987740805604205,0.9793855216409929
2024,05,GBR.4.13.1.9_1,0.6654991243432575,0.9707728879609279
2024,05,GBR.4.14.1.1_1,0.7355516637478109,0.9871170143402452
2024,05,GBR.4.14.1.10_1,0.7618213660245184,0.9915139938498094
2024,05,GBR.4.14.1.11_1,0.6865148861646235,0.9763933633531108
2024,05,GBR.4.14.1.12_1,0.6865148861646235,0.9763933633531108
2024,05,GBR.4.14.1.13_1,0.6865148861646235,0.9763933633531108
2024,05,GBR.4.14.1.14_1,0.7180385288966725,0.983666610188635
2024,05,GBR.4.14.1.15_1,0.7355516637478109,0.9871170143402452
2024,05,GBR.4.14.1.16_1,0.6970227670753065,0.9789708882290628
2024,05,GBR.4.14.1.17_1,0.7215411558669002,0.9843901665498289
2024,05,GBR.4.14.1.18_1,0.7425569176882663,0.9883804935347521
2024,05,GBR.4.14.1.19_1,0.7040280210157619,0.9806038955664005
2024,05,GBR.4.14.1.2_1,0.670753064798599,0.9722365967191319
2024,05,GBR.4.14.1.20_1,0.6567425569176883,0.9682458365518543
2024,05,GBR.4.14.1.21_1,0.7075306479859896,0.9813949256033475
2024,05,GBR.4.14.1.22_1,0.6619964973730298,0.9697752316903129
2024,05,GBR.4.14.1.23_1,0.6777583187390543,0.9741273017424364
2024,05,GBR.4.14.1.24_1,0.7075306479859896,0.9813949256033475
2024,05,GBR.4.14.1.25_1,0.7197898423817863,0.9840304873325826
2024,05,GBR.4.14.1.26_1,0.7705779334500876,0.9927738916792685
2024,05,GBR.4.14.1.27_1,0.6742556917688267,0.9731906288081488
2024,05,GBR.4.14.1.28_1,0.6970227670753065,0.9789708882290628
2024,05,GBR.4.14.1.29_1,0.7005253940455343,0.9797958971132712
2024,05,GBR.4.14.1.3_1,0.6812609457092821,0.975046665549911
2024,05,GBR.4.14.1.30_1,0.8003502626970229,0.9962951369950573
2024,05,GBR.4.14.1.31_1,0.7215411558669002,0.9843901665498289
2024,05,GBR.4.14.1.32_1,0.6917688266199651,0.9777013859047148
2024,05,GBR.4.14.1.33_1,0.6900175131348513,0.9772696659571503
2024,05,GBR.4.14.1.34_1,0.7092819614711035,0.9817840903172144
2024,05,GBR.4.14.1.35_1,0.7373029772329247,0.987439112046915
2024,05,GBR.4.14.1.36_1,0.7075306479859896,0.9813949256033475
2024,05,GBR.4.14.1.37_1,0.7040280210157619,0.9806038955664005
2024,05,GBR.4.14.1.38_1,0.6882661996497373,0.976833660353696
2024,05,GBR.4.14.1.39_1,0.6970227670753065,0.9789708882290628
2024,05,GBR.4.14.1.4_1,0.7320490367775833,0.98646033878712025
2024,05,GBR.4.14.1.40_1,0.7040280210157619,0.9806038955664005
2024,05,GBR.4.14.1.5_1,0.7320490367775833,0.98646033878712025
2024,05,GBR.4.14.1.6_1,0.7478108581436077,0.9892845899942038
2024,05,GBR.4.14.1.7_1,0.7250437828371279,0.9850969495435462
2024,05,GBR.4.14.1.8_1,0.6970227670753065,0.9789708882290628
2024,05,GBR.4.14.1.9_1,0.6619964973730298,0.9697752316903129
2024,05,GBR.4.15.1.1_1,0.7057793345008757,0.9810015290507961
2024,05,GBR.4.15.1.10_1,0.6479859894921192,0.9656086163658648
2024,05,GBR.4.15.1.11_1,0.6830122591943959,0.9754998718605759
2024,05,GBR.4.15.1.12_1,0.6970227670753065,0.9789708882290628
2024,05,GBR.4.15.1.13_1,0.7285464098073555,0.9857869952479592
2024,05,GBR.4.15.1.14_1,0.6935201401050789,0.9781288258711119
2024,05,GBR.4.15.1.15_1,0.6882661996497373,0.976833660353696
2024,05,GBR.4.15.1.16_1,0.6742556917688267,0.9731906288081488
2024,05,GBR.4.15.1.17_1,0.7005253940455343,0.9797958971132712
2024,05,GBR.4.15.1.18_1,0.6917688266199651,0.9777013859047148
2024,05,GBR.4.15.1.19_1,0.6637478108581437,0.970276249322841
2024,05,GBR.4.15.1.2_1,0.6970227670753065,0.9789708882290628
2024,05,GBR.4.15.1.3_1,0.6935201401050789,0.9781288258711119
2024,05,GBR.4.15.1.4_1,0.670753064798599,0.9722365967191319
2024,05,GBR.4.15.1.5_1,0.660245183887916,0.9692698282728087
2024,05,GBR.4.15.1.6_1,0.7513134851138354,0.9898666576867816
2024,05,GBR.4.15.1.7_1,0.6619964973730298,0.9697752316903129
2024,05,GBR.4.15.1.8_1,0.6917688266199651,0.9777013859047148
2024,05,GBR.4.15.1.9_1,0.7092819614711035,0.9817840903172144
2024,05,GBR.4.16.1_1,0.7162872154115587,0.9832985304575615
2024,05,GBR.4.16.1.1_1,0.7110332749562173,0.9821690282227392
2024,05,GBR.4.16.1.10_1,0.7793345008756568,0.993931587182941
2024,05,GBR.4.16.1.11_1,0.7110332749562173,0.9821690282227392
2024,05,GBR.4.16.1.12_1,0.7057793345008757,0.9810015290507961
2024,05,GBR.4.16.1.13_1,0.7180385288966725,0.983666610188635
2024,05,GBR.4.16.1.14_1,0.76707530647986,0.9922822179198819
2024,05,GBR.4.16.1.15_1,0.6952714535901927,0.97855199146494
2024,05,GBR.4.16.1.16_1,0.7232924693520141,0.9847456524402634
2024,05,GBR.4.16.1.17_1,0.7075306479859896,0.9813949256033475
2024,05,GBR.4.16.1.18_1,0.7443082311733801,0.9886859966642594
2024,05,GBR.4.16.1.19_1,0.7495621716287216,0.9895776877031939
2024,05,GBR.4.16.1.2_1,0.7320490367775833,0.98646033878712025
2024,05,GBR.4.16.1.20_1,0.7495621716287216,0.9895776877031939
2024,05,GBR.4.16.1.21_1,0.7390542907180385,0.9877570551507087
2024,05,GBR.4.16.1.22_1,0.7215411558669002,0.9843901665498289
2024,05,GBR.4.16.1.23_1,0.7548161120840631,0.9904322288778774
2024,05,GBR.4.16.1.24_1,0.7075306479859896,0.9813949256033475
2024,05,GBR.4.16.1.25_1,0.7723292469352014,0.9930135950730987
2024,05,GBR.4.16.1.26_1,0.7057793345008757,0.9810015290507961
2024,05,GBR.4.16.1.27_1,0.7635726795096323,0.9917741678426597
2024,05,GBR.4.16.1.28_1,0.7302977232924693,0.9861257526299574
2024,05,GBR.4.16.1.29_1,0.7145359019264449,0.9829262434180909
2024,05,GBR.4.16.1.3_1,0.7320490367775833,0.98646033878712025
2024,05,GBR.4.16.1.30_1,0.7355516637478109,0.9871170143402452
2024,05,GBR.4.16.1.31_1,0.7513134851138354,0.9898666576867816
2024,05,GBR.4.16.1.32_1,0.7285464098073555,0.9857869952479592
2024,05,GBR.4.16.1.33_1,0.7898423817863398,0.9951864146982715
2024,05,GBR.4.16.1.34_1,0.7355516637478109,0.9871170143402452
2024,05,GBR.4.16.1.35_1,0.7197898423817863,0.9840304873325826
2024,05,GBR.4.16.1.36_1,0.7250437828371279,0.9850969495435462
2024,05,GBR.4.16.1.37_1,0.7022767075306481,0.9802020199938377
2024,05,GBR.4.16.1.38_1,0.777583187390543,0.9937082066683358
2024,05,GBR.4.16.1.39_1,0.8126094570928197,0.9974046320325567
2024,05,GBR.4.16.1.4_1,0.7600700525394046,0.9912497162672985
2024,05,GBR.4.16.1.40_1,0.7390542907180385,0.9877570551507087
2024,05,GBR.4.16.1.41_1,0.7250437828371279,0.9850969495435462
2024,05,GBR.4.16.1.42_1,0.7425569176882663,0.9883804935347521
2024,05,GBR.4.16.1.43_1,0.7390542907180385,0.9877570551507087
2024,05,GBR.4.16.1.44_1,0.7425569176882663,0.9883804935347521
2024,05,GBR.4.16.1.45_1,0.788091068301226,0.99498743710662
2024,05,GBR.4.16.1.46_1,0.7443082311733801,0.9886859966642594
2024,05,GBR.4.16.1.47_1,0.8143607705779335,0.9975469913743412
2024,05,GBR.4.16.1.48_1,0.7653239929947461,0.9920302414745228
2024,05,GBR.4.16.1.49_1,0.7618213660245184,0.9915139938498094
2024,05,GBR.4.16.1.5_1,0.7215411558669002,0.9843901665498289
2024,05,GBR.4.16.1.50_1,0.7898423817863398,0.9951864146982715
2024,05,GBR.4.16.1.51_1,0.7705779334500876,0.9927738916792685
2024,05,GBR.4.16.1.52_1,0.7618213660245184,0.9915139938498094
2024,05,GBR.4.16.1.53_1,0.7408056042031524,0.9880708476622514
2024,05,GBR.4.16.1.54_1,0.7373029772329247,0.987439112046915
2024,05,GBR.4.16.1.55_1,0.7338003502626971,0.986790757962396
2024,05,GBR.4.16.1.56_1,0.7390542907180385,0.9877570551507087
2024,05,GBR.4.16.1.59_1,0.7845884413309984,0.9945772971468834
2024,05,GBR.4.16.1.6_1,0.7145359019264449,0.9829262434180909
2024,05,GBR.4.16.1.60_1,0.7197898423817863,0.9840304873325826
2024,05,GBR.4.16.1.7_1,0.7197898423817863,0.9840304873325826
2024,05,GBR.4.16.1.8_1,0.7495621716287216,0.9895776877031939
2024,05,GBR.4.16.1.9_1,0.7250437828371279,0.9850969495435462
2024,05,GBR.4.17.1.1_1,0.7005253940455343,0.9797958971132712
2024,05,GBR.4.17.1.10_1,0.7232924693520141,0.9847456524402634
2024,05,GBR.4.17.1.11_1,0.7232924693520141,0.9847456524402634
2024,05,GBR.4.17.1.12_1,0.7180385288966725,0.983666610188635
2024,05,GBR.4.17.1.13_1,0.7320490367775833,0.98646033878712025
2024,05,GBR.4.17.1.14_1,0.6917688266199651,0.9777013859047148
2024,05,GBR.4.17.1.15_1,0.7145359019264449,0.9829262434180909
2024,05,GBR.4.17.1.16_1,0.7057793345008757,0.9810015290507961
2024,05,GBR.4.17.1.17_1,0.7390542907180385,0.9877570551507087
2024,05,GBR.4.17.1.18_1,0.6917688266199651,0.9777013859047148
2024,05,GBR.4.17.1.19_1,0.7373029772329247,0.987439112046915
2024,05,GBR.4.17.1.2_1,0.7180385288966725,0.983666610188635
2024,05,GBR.4.17.1.20_1,0.6725043782837129,0.9727157858285225
2024,05,GBR.4.17.1.21_1,0.7197898423817863,0.9840304873325826
2024,05,GBR.4.17.1.22_1,0.7162872154115587,0.9832985304575615
2024,05,GBR.4.17.1.23_1,0.660245183887916,0.9692698282728087
2024,05,GBR.4.17.1.24_1,0.7758318739054292,0.9934807496876826
2024,05,GBR.4.17.1.25_1,0.6742556917688267,0.9731906288081488
2024,05,GBR.4.17.1.26_1,0.6760070052539405,0.9736611320166786
2024,05,GBR.4.17.1.27_1,0.7197898423817863,0.9840304873325826
2024,05,GBR.4.17.1.28_1,0.7302977232924693,0.9861257526299574
2024,05,GBR.4.17.1.29_1,0.6935201401050789,0.9781288258711119
2024,05,GBR.4.17.1.3_1,0.6427320490367776,0.9639730286683336
2024,05,GBR.4.17.1.30_1,0.6970227670753065,0.9789708882290628
2024,05,GBR.4.17.1.31_1,0.7285464098073555,0.9857869952479592
2024,05,GBR.4.17.1.32_1,0.7583187390542908,0.9909813318120578
2024,05,GBR.4.17.1.33_1,0.6917688266199651,0.9777013859047148
2024,05,GBR.4.17.1.34_1,0.7565674255691769,0.9907088371464141
2024,05,GBR.4.17.1.35_1,0.7005253940455343,0.9797958971132712
2024,05,GBR.4.17.1.36_1,0.7092819614711035,0.9817840903172144
2024,05,GBR.4.17.1.37_1,0.6882661996497373,0.976833660353696
2024,05,GBR.4.17.1.38_1,0.6690017513134852,0.9717530550505102
2024,05,GBR.4.17.1.39_1,0.7057793345008757,0.9810015290507961
2024,05,GBR.4.17.1.4_1,0.7197898423817863,0.9840304873325826
2024,05,GBR.4.17.1.40_1,0.7022767075306481,0.9802020199938377
2024,05,GBR.4.17.1.41_1,0.6654991243432575,0.9707728879609279
2024,05,GBR.4.17.1.42_1,0.6970227670753065,0.9789708882290628
2024,05,GBR.4.17.1.43_1,0.7022767075306481,0.9802020199938377
2024,05,GBR.4.17.1.44_1,0.7408056042031524,0.9880708476622514
2024,05,GBR.4.17.1.45_1,0.7338003502626971,0.986790757962396
2024,05,GBR.4.17.1.46_1,0.7373029772329247,0.987439112046915
2024,05,GBR.4.17.1.47_1,0.712784588441331,0.9825497442877892
2024,05,GBR.4.17.1.48_1,0.6917688266199651,0.9777013859047148
2024,05,GBR.4.17.1.49_1,0.7092819614711035,0.9817840903172144
2024,05,GBR.4.17.1.5_1,0.6567425569176883,0.9682458365518543
2024,05,GBR.4.17.1.50_1,0.7302977232924693,0.9861257526299574
2024,05,GBR.4.17.1.51_1,0.7232924693520141,0.9847456524402634
2024,05,GBR.4.17.1.52_1,0.6952714535901927,0.97855199146494
2024,05,GBR.4.17.1.53_1,0.7285464098073555,0.9857869952479592
2024,05,GBR.4.17.1.54_1,0.7250437828371279,0.9850969495435462
2024,05,GBR.4.17.1.55_1,0.6952714535901927,0.97855199146494
2024,05,GBR.4.17.1.56_1,0.7110332749562173,0.9821690282227392
2024,05,GBR.4.17.1.57_1,0.6935201401050789,0.9781288258711119
2024,05,GBR.4.17.1.58_1,0.6199649737302978,0.9564183185196736
2024,05,GBR.4.17.1.59_1,0.6882661996497373,0.976833660353696
2024,05,GBR.4.17.1.6_1,0.6654991243432575,0.9707728879609279
2024,05,GBR.4.17.1.60_1,0.7443082311733801,0.9886859966642594
2024,05,GBR.4.17.1.61_1,0.7110332749562173,0.9821690282227392
2024,05,GBR.4.17.1.62_1,0.7180385288966725,0.983666610188635
2024,05,GBR.4.17.1.63_1,0.7320490367775833,0.98646033878712025
2024,05,GBR.4.17.1.64_1,0.7180385288966725,0.983666610188635
2024,05,GBR.4.17.1.65_1,0.6812609457092821,0.975046665549911
2024,05,GBR.4.17.1.66_1,0.6882661996497373,0.976833660353696
2024,05,GBR.4.17.1.67_1,0.6619964973730298,0.9697752316903129
2024,05,GBR.4.17.1.68_1,0.7232924693520141,0.9847456524402634
2024,05,GBR.4.17.1.69_1,0.7162872154115587,0.9832985304575615
2024,05,GBR.4.17.1.7_1,0.7548161120840631,0.9904322288778774
2024,05,GBR.4.17.1.70_1,0.6970227670753065,0.9789708882290628
2024,05,GBR.4.17.1.71_1,0.6760070052539405,0.9736611320166786
2024,05,GBR.4.17.1.72_1,0.712784588441331,0.9825497442877892
2024,05,GBR.4.17.1.73_1,0.6952714535901927,0.97855199146494
2024,05,GBR.4.17.1.8_1,0.6865148861646235,0.9763933633531108
2024,05,GBR.4.17.1.9_1,0.7197898423817863,0.9840304873325826
2024,05,GBR.4.18.1.27_1,0.6830122591943959,0.9754998718605759
2024,05,GBR.4.18.1.31_1,0.7075306479859896,0.9813949256033475
2024,05,GBR.4.18.1.37_1,0.6619964973730298,0.9697752316903129
2024,05,GBR.4.18.1.43_1,0.7180385288966725,0.983666610188635
2024,05,GBR.4.18.1.44_1,0.6882661996497373,0.976833660353696
2024,05,GBR.4.18.1.49_1,0.6532399299474606,0.9672042183530839
2024,05,GBR.4.18.1.9_1,0.6812609457092821,0.975046665549911
2024,05,GBR.4.19.1.1_1,0.7215411558669002,0.9843901665498289
2024,05,GBR.4.19.1.10_1,0.7320490367775833,0.98646033878712025
2024,05,GBR.4.19.1.11_1,0.6830122591943959,0.9754998718605759
2024,05,GBR.4.19.1.12_1,0.7460595446584939,0.9889873608899156
2024,05,GBR.4.19.1.13_1,0.7145359019264449,0.9829262434180909
2024,05,GBR.4.19.1.14_1,0.7443082311733801,0.9886859966642594
2024,05,GBR.4.19.1.15_1,0.7162872154115587,0.9832985304575615
2024,05,GBR.4.19.1.16_1,0.7302977232924693,0.9861257526299574
2024,05,GBR.4.19.1.17_1,0.6742556917688267,0.9731906288081488
2024,05,GBR.4.19.1.18_1,0.6830122591943959,0.9754998718605759
2024,05,GBR.4.19.1.19_1,0.7022767075306481,0.9802020199938377
2024,05,GBR.4.19.1.2_1,0.6865148861646235,0.9763933633531108
2024,05,GBR.4.19.1.20_1,0.7022767075306481,0.9802020199938377
2024,05,GBR.4.19.1.21_1,0.7022767075306481,0.9802020199938377
2024,05,GBR.4.19.1.22_1,0.7495621716287216,0.9895776877031939
2024,05,GBR.4.19.1.23_1,0.7180385288966725,0.983666610188635
2024,05,GBR.4.19.1.24_1,0.7040280210157619,0.9806038955664005
2024,05,GBR.4.19.1.27_1,0.7355516637478109,0.9871170143402452
2024,05,GBR.4.19.1.28_1,0.7285464098073555,0.9857869952479592
2024,05,GBR.4.19.1.29_1,0.7232924693520141,0.9847456524402634
2024,05,GBR.4.19.1.3_1,0.7162872154115587,0.9832985304575615
2024,05,GBR.4.19.1.30_1,0.7180385288966725,0.983666610188635
2024,05,GBR.4.19.1.31_1,0.6935201401050789,0.9781288258711119
2024,05,GBR.4.19.1.32_1,0.6970227670753065,0.9789708882290628
2024,05,GBR.4.19.1.33_1,0.7162872154115587,0.9832985304575615
2024,05,GBR.4.19.1.35_1,0.6935201401050789,0.9781288258711119
2024,05,GBR.4.19.1.36_1,0.7040280210157619,0.9806038955664005
2024,05,GBR.4.19.1.37_1,0.7057793345008757,0.9810015290507961
2024,05,GBR.4.19.1.38_1,0.7408056042031524,0.9880708476622514
2024,05,GBR.4.19.1.39_1,0.7075306479859896,0.9813949256033475
2024,05,GBR.4.19.1.4_1,0.6882661996497373,0.976833660353696
2024,05,GBR.4.19.1.5_1,0.6725043782837129,0.9727157858285225
2024,05,GBR.4.19.1.6_1,0.6777583187390543,0.9741273017424364
2024,05,GBR.4.19.1.7_1,0.6935201401050789,0.9781288258711119
2024,05,GBR.4.19.1.8_1,0.7390542907180385,0.9877570551507087
2024,05,GBR.4.19.1.9_1,0.7232924693520141,0.9847456524402634
2024,05,GBR.4.2.1.13_1,0.597197898423818,0.9480907129594721
2024,05,GBR.4.2.1.14_1,0.6567425569176883,0.9682458365518543
2024,05,GBR.4.2.1.4_1,0.6374781085814362,0.962297251372984
2024,05,GBR.4.2.1.6_1,0.6654991243432575,0.9707728879609279
2024,05,GBR.4.20.1.1_1,0.649737302977233,0.9661449166662318
2024,05,GBR.4.20.1.13_1,0.7443082311733801,0.9886859966642594
2024,05,GBR.4.20.1.14_1,0.7057793345008757,0.9810015290507961
2024,05,GBR.4.20.1.16_1,0.6777583187390543,0.9741273017424364
2024,05,GBR.4.20.1.17_1,0.6812609457092821,0.975046665549911
2024,05,GBR.4.20.1.2_1,0.7040280210157619,0.9806038955664005
2024,05,GBR.4.20.1.20_1,0.6584938704028022,0.9687600322061186
2024,05,GBR.4.20.1.22_1,0.7057793345008757,0.9810015290507961
2024,05,GBR.4.20.1.23_1,0.6725043782837129,0.9727157858285225
2024,05,GBR.4.20.1.25_1,0.6882661996497373,0.976833660353696
2024,05,GBR.4.20.1.3_1,0.6987740805604205,0.9793855216409929
2024,05,GBR.4.20.1.6_1,0.6900175131348513,0.9772696659571503
2024,05,GBR.4.20.1.7_1,0.6777583187390543,0.9741273017424364
2024,05,GBR.4.20.1.9_1,0.7110332749562173,0.9821690282227392
2024,05,GBR.4.21.1.14_1,0.7635726795096323,0.9917741678426597
2024,05,GBR.4.21.1.21_1,0.7320490367775833,0.98646033878712025
2024,05,GBR.4.22.1.1_1,0.7197898423817863,0.9840304873325826
2024,05,GBR.4.22.1.10_1,0.7443082311733801,0.9886859966642594
2024,05,GBR.4.22.1.11_1,0.6970227670753065,0.9789708882290628
2024,05,GBR.4.22.1.12_1,0.7267950963222417,0.9854440623394105
2024,05,GBR.4.22.1.13_1,0.7460595446584939,0.9889873608899156
2024,05,GBR.4.22.1.14_1,0.7022767075306481,0.9802020199938377
2024,05,GBR.4.22.1.15_1,0.7145359019264449,0.9829262434180909
2024,05,GBR.4.22.1.16_1,0.7338003502626971,0.986790757962396
2024,05,GBR.4.22.1.17_1,0.7425569176882663,0.9883804935347521
2024,05,GBR.4.22.1.18_1,0.6847635726795097,0.9759487691472335
2024,05,GBR.4.22.1.19_1,0.7040280210157619,0.9806038955664005
2024,05,GBR.4.22.1.2_1,0.6970227670753065,0.9789708882290628
2024,05,GBR.4.22.1.20_1,0.7373029772329247,0.987439112046915
2024,05,GBR.4.22.1.21_1,0.7285464098073555,0.9857869952479592
2024,05,GBR.4.22.1.22_1,0.7005253940455343,0.9797958971132712
2024,05,GBR.4.22.1.23_1,0.7040280210157619,0.9806038955664005
2024,05,GBR.4.22.1.24_1,0.7373029772329247,0.987439112046915
2024,05,GBR.4.22.1.25_1,0.7513134851138354,0.9898666576867816
2024,05,GBR.4.22.1.26_1,0.7338003502626971,0.986790757962396
2024,05,GBR.4.22.1.27_1,0.7705779334500876,0.9927738916792685
2024,05,GBR.4.22.1.28_1,0.6725043782837129,0.9727157858285225
2024,05,GBR.4.22.1.29_1,0.7408056042031524,0.9880708476622514
2024,05,GBR.4.22.1.3_1,0.7390542907180385,0.9877570551507087
2024,05,GBR.4.22.1.30_1,0.7215411558669002,0.9843901665498289
2024,05,GBR.4.22.1.31_1,0.712784588441331,0.9825497442877892
2024,05,GBR.4.22.1.32_1,0.7635726795096323,0.9917741678426597
2024,05,GBR.4.22.1.33_1,0.7040280210157619,0.9806038955664005
2024,05,GBR.4.22.1.34_1,0.7460595446584939,0.9889873608899156
2024,05,GBR.4.22.1.35_1,0.7513134851138354,0.9898666576867816
2024,05,GBR.4.22.1.36_1,0.7495621716287216,0.9895776877031939
2024,05,GBR.4.22.1.37_1,0.6970227670753065,0.9789708882290628
2024,05,GBR.4.22.1.38_1,0.6812609457092821,0.975046665549911
2024,05,GBR.4.22.1.39_1,0.7285464098073555,0.9857869952479592
2024,05,GBR.4.22.1.4_1,0.7408056042031524,0.9880708476622514
2024,05,GBR.4.22.1.40_1,0.7390542907180385,0.9877570551507087
2024,05,GBR.4.22.1.41_1,0.7320490367775833,0.98646033878712025
2024,05,GBR.4.22.1.42_1,0.6760070052539405,0.9736611320166786
2024,05,GBR.4.22.1.43_1,0.7302977232924693,0.9861257526299574
2024,05,GBR.4.22.1.44_1,0.670753064798599,0.9722365967191319
2024,05,GBR.4.22.1.45_1,0.7460595446584939,0.9889873608899156
2024,05,GBR.4.22.1.46_1,0.7005253940455343,0.9797958971132712
2024,05,GBR.4.22.1.47_1,0.7162872154115587,0.9832985304575615
2024,05,GBR.4.22.1.48_1,0.7338003502626971,0.986790757962396
2024,05,GBR.4.22.1.49_1,0.7495621716287216,0.9895776877031939
2024,05,GBR.4.22.1.5_1,0.76707530647986,0.9922822179198819
2024,05,GBR.4.22.1.6_1,0.7075306479859896,0.9813949256033475
2024,05,GBR.4.22.1.7_1,0.7338003502626971,0.986790757962396
2024,05,GBR.4.22.1.8_1,0.7513134851138354,0.9898666576867816
2024,05,GBR.4.22.1.9_1,0.7232924693520141,0.9847456524402634
2024,05,GBR.4.3.1.1_1,0.6795096322241682,0.9745891442038537
2024,05,GBR.4.3.1.10_1,0.6777583187390543,0.9741273017424364
2024,05,GBR.4.3.1.11_1,0.7197898423817863,0.9840304873325826
2024,05,GBR.4.3.1.12_1,0.6917688266199651,0.9777013859047148
2024,05,GBR.4.3.1.14_1,0.7022767075306481,0.9802020199938377
2024,05,GBR.4.3.1.15_1,0.6725043782837129,0.9727157858285225
2024,05,GBR.4.3.1.16_1,0.6900175131348513,0.9772696659571503
2024,05,GBR.4.3.1.17_1,0.7600700525394046,0.9912497162672985
2024,05,GBR.4.3.1.18_1,0.6690017513134852,0.9717530550505102
2024,05,GBR.4.3.1.19_1,0.6690017513134852,0.9717530550505102
2024,05,GBR.4.3.1.2_1,0.6917688266199651,0.9777013859047148
2024,05,GBR.4.3.1.20_1,0.6725043782837129,0.9727157858285225
2024,05,GBR.4.3.1.21_1,0.7320490367775833,0.98646033878712025
2024,05,GBR.4.3.1.22_1,0.7075306479859896,0.9813949256033475
2024,05,GBR.4.3.1.23_1,0.7495621716287216,0.9895776877031939
2024,05,GBR.4.3.1.24_1,0.6830122591943959,0.9754998718605759
2024,05,GBR.4.3.1.25_1,0.7005253940455343,0.9797958971132712
2024,05,GBR.4.3.1.28_1,0.6322241681260946,0.9605810741421048
2024,05,GBR.4.3.1.29_1,0.7250437828371279,0.9850969495435462
2024,05,GBR.4.3.1.3_1,0.670753064798599,0.9722365967191319
2024,05,GBR.4.3.1.30_1,0.6882661996497373,0.976833660353696
2024,05,GBR.4.3.1.31_1,0.6409807355516638,0.9634189120003821
2024,05,GBR.4.3.1.32_1,0.6339754816112084,0.9611576353543679
2024,05,GBR.4.3.1.33_1,0.6847635726795097,0.9759487691472335
2024,05,GBR.4.3.1.38_1,0.7022767075306481,0.9802020199938377
2024,05,GBR.4.3.1.39_1,0.7075306479859896,0.9813949256033475
2024,05,GBR.4.3.1.4_1,0.6865148861646235,0.9763933633531108
2024,05,GBR.4.3.1.5_1,0.6987740805604205,0.9793855216409929
2024,05,GBR.4.3.1.6_1,0.7022767075306481,0.9802020199938377
2024,05,GBR.4.3.1.7_1,0.712784588441331,0.9825497442877892
2024,05,GBR.4.3.1.8_1,0.712784588441331,0.9825497442877892
2024,05,GBR.4.3.1.9_1,0.7022767075306481,0.9802020199938377
2024,05,GBR.4.4.1.27_1,0.660245183887916,0.9692698282728087
2024,05,GBR.4.4.1.29_1,0.6900175131348513,0.9772696659571503
2024,05,GBR.4.5.1.21_1,0.6812609457092821,0.975046665549911
2024,05,GBR.4.6.1.1_1,0.6812609457092821,0.975046665549911
2024,05,GBR.4.6.1.10_1,0.6917688266199651,0.9777013859047148
2024,05,GBR.4.6.1.11_1,0.6795096322241682,0.9745891442038537
2024,05,GBR.4.6.1.12_1,0.6725043782837129,0.9727157858285225
2024,05,GBR.4.6.1.13_1,0.6760070052539405,0.9736611320166786
2024,05,GBR.4.6.1.16_1,0.7530647985989493,0.990151503558925
2024,05,GBR.4.6.1.17_1,0.6970227670753065,0.9789708882290628
2024,05,GBR.4.6.1.18_1,0.7057793345008757,0.9810015290507961
2024,05,GBR.4.6.1.19_1,0.7285464098073555,0.9857869952479592
2024,05,GBR.4.6.1.2_1,0.7162872154115587,0.9832985304575615
2024,05,GBR.4.6.1.20_1,0.6619964973730298,0.9697752316903129
2024,05,GBR.4.6.1.21_1,0.7040280210157619,0.9806038955664005
2024,05,GBR.4.6.1.22_1,0.7408056042031524,0.9880708476622514
2024,05,GBR.4.6.1.23_1,0.7390542907180385,0.9877570551507087
2024,05,GBR.4.6.1.24_1,0.6987740805604205,0.9793855216409929
2024,05,GBR.4.6.1.25_1,0.7653239929947461,0.9920302414745228
2024,05,GBR.4.6.1.26_1,0.7320490367775833,0.98646033878712025
2024,05,GBR.4.6.1.27_1,0.6567425569176883,0.9682458365518543
2024,05,GBR.4.6.1.28_1,0.6865148861646235,0.9763933633531108
2024,05,GBR.4.6.1.29_1,0.7075306479859896,0.9813949256033475
2024,05,GBR.4.6.1.3_1,0.7285464098073555,0.9857869952479592
2024,05,GBR.4.6.1.30_1,0.7373029772329247,0.987439112046915
2024,05,GBR.4.6.1.31_1,0.7215411558669002,0.9843901665498289
2024,05,GBR.4.6.1.32_1,0.7320490367775833,0.98646033878712025
2024,05,GBR.4.6.1.33_1,0.7390542907180385,0.9877570551507087
2024,05,GBR.4.6.1.34_1,0.6865148861646235,0.9763933633531108
2024,05,GBR.4.6.1.35_1,0.7110332749562173,0.9821690282227392
2024,05,GBR.4.6.1.36_1,0.6830122591943959,0.9754998718605759
2024,05,GBR.4.6.1.37_1,0.7110332749562173,0.9821690282227392
2024,05,GBR.4.6.1.38_1,0.7285464098073555,0.9857869952479592
2024,05,GBR.4.6.1.39_1,0.7495621716287216,0.9895776877031939
2024,05,GBR.4.6.1.4_1,0.7338003502626971,0.986790757962396
2024,05,GBR.4.6.1.40_1,0.6795096322241682,0.9745891442038537
2024,05,GBR.4.6.1.42_1,0.7390542907180385,0.9877570551507087
2024,05,GBR.4.6.1.43_1,0.6042031523642732,0.9507365565707464
2024,05,GBR.4.6.1.44_1,0.6970227670753065,0.9789708882290628
2024,05,GBR.4.6.1.45_1,0.7250437828371279,0.9850969495435462
2024,05,GBR.4.6.1.46_1,0.7232924693520141,0.9847456524402634
2024,05,GBR.4.6.1.47_1,0.7267950963222417,0.9854440623394105
2024,05,GBR.4.6.1.48_1,0.649737302977233,0.9661449166662318
2024,05,GBR.4.6.1.49_1,0.6952714535901927,0.97855199146494
2024,05,GBR.4.6.1.50_1,0.7145359019264449,0.9829262434180909
2024,05,GBR.4.6.1.51_1,0.7495621716287216,0.9895776877031939
2024,05,GBR.4.6.1.52_1,0.7443082311733801,0.9886859966642594
2024,05,GBR.4.6.1.53_1,0.6900175131348513,0.9772696659571503
2024,05,GBR.4.6.1.54_1,0.7250437828371279,0.9850969495435462
2024,05,GBR.4.6.1.55_1,0.7075306479859896,0.9813949256033475
2024,05,GBR.4.6.1.57_1,0.7145359019264449,0.9829262434180909
2024,05,GBR.4.6.1.6_1,0.7267950963222417,0.9854440623394105
2024,05,GBR.4.6.1.7_1,0.7057793345008757,0.9810015290507961
2024,05,GBR.4.6.1.8_1,0.7232924693520141,0.9847456524402634
2024,05,GBR.4.6.1.9_1,0.7565674255691769,0.9907088371464141
2024,05,GBR.4.7.1.1_1,0.7180385288966725,0.983666610188635
2024,05,GBR.4.7.1.11_1,0.6882661996497373,0.976833660353696
2024,05,GBR.4.7.1.12_1,0.6690017513134852,0.9717530550505102
2024,05,GBR.4.7.1.13_1,0.6830122591943959,0.9754998718605759
2024,05,GBR.4.7.1.14_1,0.7110332749562173,0.9821690282227392
2024,05,GBR.4.7.1.15_1,0.7478108581436077,0.9892845899942038
2024,05,GBR.4.7.1.16_1,0.712784588441331,0.9825497442877892
2024,05,GBR.4.7.1.17_1,0.6637478108581437,0.970276249322841
2024,05,GBR.4.7.1.18_1,0.6900175131348513,0.9772696659571503
2024,05,GBR.4.7.1.19_1,0.6760070052539405,0.9736611320166786
2024,05,GBR.4.7.1.2_1,0.7338003502626971,0.986790757962396
2024,05,GBR.4.7.1.21_1,0.6900175131348513,0.9772696659571503
2024,05,GBR.4.7.1.22_1,0.7057793345008757,0.9810015290507961
2024,05,GBR.4.7.1.23_1,0.7022767075306481,0.9802020199938377
2024,05,GBR.4.7.1.24_1,0.7145359019264449,0.9829262434180909
2024,05,GBR.4.7.1.25_1,0.7075306479859896,0.9813949256033475
2024,05,GBR.4.7.1.26_1,0.7075306479859896,0.9813949256033475
2024,05,GBR.4.7.1.27_1,0.7145359019264449,0.9829262434180909
2024,05,GBR.4.7.1.28_1,0.7040280210157619,0.9806038955664005
2024,05,GBR.4.7.1.29_1,0.6865148861646235,0.9763933633531108
2024,05,GBR.4.7.1.3_1,0.7267950963222417,0.9854440623394105
2024,05,GBR.4.7.1.30_1,0.7005253940455343,0.9797958971132712
2024,05,GBR.4.7.1.31_1,0.6795096322241682,0.9745891442038537
2024,05,GBR.4.7.1.32_1,0.7197898423817863,0.9840304873325826
2024,05,GBR.4.7.1.33_1,0.76707530647986,0.9922822179198819
2024,05,GBR.4.7.1.34_1,0.7810858143607706,0.9941508939793798
2024,05,GBR.4.7.1.35_1,0.7057793345008757,0.9810015290507961
2024,05,GBR.4.7.1.36_1,0.7180385288966725,0.983666610188635
2024,05,GBR.4.7.1.37_1,0.7022767075306481,0.9802020199938377
2024,05,GBR.4.7.1.38_1,0.6532399299474606,0.9672042183530839
2024,05,GBR.4.7.1.39_1,0.7232924693520141,0.9847456524402634
2024,05,GBR.4.7.1.4_1,0.7250437828371279,0.9850969495435462
2024,05,GBR.4.7.1.40_1,0.712784588441331,0.9825497442877892
2024,05,GBR.4.7.1.5_1,0.7302977232924693,0.9861257526299574
2024,05,GBR.4.8.1.10_1,0.7215411558669002,0.9843901665498289
2024,05,GBR.4.8.1.12_1,0.7267950963222417,0.9854440623394105
2024,05,GBR.4.8.1.14_1,0.7390542907180385,0.9877570551507087
2024,05,GBR.4.8.1.17_1,0.712784588441331,0.9825497442877892
2024,05,GBR.4.8.1.18_1,0.7600700525394046,0.9912497162672985
2024,05,GBR.4.8.1.2_1,0.7250437828371279,0.9850969495435462
2024,05,GBR.4.8.1.21_1,0.712784588441331,0.9825497442877892
2024,05,GBR.4.8.1.22_1,0.7005253940455343,0.9797958971132712
2024,05,GBR.4.8.1.26_1,0.7022767075306481,0.9802020199938377
2024,05,GBR.4.8.1.27_1,0.7250437828371279,0.9850969495435462
2024,05,GBR.4.8.1.3_1,0.7197898423817863,0.9840304873325826
2024,05,GBR.4.8.1.32_1,0.6865148861646235,0.9763933633531108
2024,05,GBR.4.8.1.33_1,0.7057793345008757,0.9810015290507961
2024,05,GBR.4.8.1.35_1,0.6952714535901927,0.97855199146494
2024,05,GBR.4.8.1.36_1,0.7478108581436077,0.9892845899942038
2024,05,GBR.4.8.1.4_1,0.7075306479859896,0.9813949256033475
2024,05,GBR.4.8.1.5_1,0.7040280210157619,0.9806038955664005
2024,05,GBR.4.9.1.1_1,0.7180385288966725,0.983666610188635
2024,05,GBR.4.9.1.10_1,0.660245183887916,0.9692698282728087
2024,05,GBR.4.9.1.11_1,0.6847635726795097,0.9759487691472335
2024,05,GBR.4.9.1.12_1,0.7478108581436077,0.9892845899942038
2024,05,GBR.4.9.1.13_1,0.6970227670753065,0.9789708882290628
2024,05,GBR.4.9.1.14_1,0.712784588441331,0.9825497442877892
2024,05,GBR.4.9.1.15_1,0.7005253940455343,0.9797958971132712
2024,05,GBR.4.9.1.16_1,0.7022767075306481,0.9802020199938377
2024,05,GBR.4.9.1.17_1,0.7197898423817863,0.9840304873325826
2024,05,GBR.4.9.1.18_1,0.7232924693520141,0.9847456524402634
2024,05,GBR.4.9.1.19_1,0.6987740805604205,0.9793855216409929
2024,05,GBR.4.9.1.2_1,0.6637478108581437,0.970276249322841
2024,05,GBR.4.9.1.20_1,0.7530647985989493,0.990151503558925
2024,05,GBR.4.9.1.21_1,0.7215411558669002,0.9843901665498289
2024,05,GBR.4.9.1.22_1,0.7267950963222417,0.9854440623394105
2024,05,GBR.4.9.1.23_1,0.6847635726795097,0.9759487691472335
2024,05,GBR.4.9.1.24_1,0.7180385288966725,0.983666610188635
2024,05,GBR.4.9.1.25_1,0.7425569176882663,0.9883804935347521
2024,05,GBR.4.9.1.26_1,0.7425569176882663,0.9883804935347521
2024,05,GBR.4.9.1.27_1,0.7320490367775833,0.98646033878712025
2024,05,GBR.4.9.1.28_1,0.7478108581436077,0.9892845899942038
2024,05,GBR.4.9.1.29_1,0.7408056042031524,0.9880708476622514
2024,05,GBR.4.9.1.3_1,0.7215411558669002,0.9843901665498289
2024,05,GBR.4.9.1.30_1,0.7250437828371279,0.9850969495435462
2024,05,GBR.4.9.1.31_1,0.7075306479859896,0.9813949256033475
2024,05,GBR.4.9.1.4_1,0.7145359019264449,0.9829262434180909
2024,05,GBR.4.9.1.5_1,0.6619964973730298,0.9697752316903129
2024,05,GBR.4.9.1.6_1,0.7145359019264449,0.9829262434180909
2024,05,GBR.4.9.1.7_1,0.7513134851138354,0.9898666576867816
2024,05,GBR.4.9.1.8_1,0.7390542907180385,0.9877570551507087
2024,05,GBR.4.9.1.9_1,0.6935201401050789,0.9781288258711119
2024,05,GEO.1.1_1,0.6742556917688267,0.9731906288081488
2024,05,GEO.1.2_1,0.7530647985989493,0.990151503558925
2024,05,GEO.1.3_1,0.6760070052539405,0.9736611320166786
2024,05,GEO.1.4_1,0.6164623467600701,0.955187939622355
2024,05,GEO.1.5_1,0.6514886164623468,0.9666767815562759
2024,05,GEO.1.6_1,0.6567425569176883,0.9682458365518543
2024,05,GEO.10.1_1,0.6760070052539405,0.9736611320166786
2024,05,GEO.10.2_1,0.5516637478108581,0.9290317540321213
2024,05,GEO.10.3_1,0.586690017513135,0.9439809320108113
2024,05,GEO.10.5_1,0.597197898423818,0.9480907129594721
2024,05,GEO.10.6_1,0.5569176882661997,0.931398947819891
2024,05,GEO.11.1_1,0.5814360770577934,0.9418619856433319
2024,05,GEO.11.2_1,0.5814360770577934,0.9418619856433319
2024,05,GEO.11.3_1,0.6672504378283713,0.9712651543219287
2024,05,GEO.11.4_1,0.6059544658493871,0.9513863568498342
2024,05,GEO.11.5_1,0.6690017513134852,0.9717530550505102
2024,05,GEO.12.1_1,0.6042031523642732,0.9507365565707464
2024,05,GEO.2.1_1,0.7635726795096323,0.9917741678426597
2024,05,GEO.2.2_1,0.7197898423817863,0.9840304873325826
2024,05,GEO.2.3_1,0.6865148861646235,0.9763933633531108
2024,05,GEO.2.4_1,0.7145359019264449,0.9829262434180909
2024,05,GEO.2.5_1,0.6654991243432575,0.9707728879609279
2024,05,GEO.3.1_1,0.6532399299474606,0.9672042183530839
2024,05,GEO.3.2_1,0.7040280210157619,0.9806038955664005
2024,05,GEO.3.3_1,0.7215411558669002,0.9843901665498289
2024,05,GEO.4.1_1,0.660245183887916,0.9692698282728087
2024,05,GEO.4.10_1,0.6147110332749562,0.954565869911553
2024,05,GEO.4.11_1,0.6514886164623468,0.9666767815562759
2024,05,GEO.4.12_1,0.7197898423817863,0.9840304873325826
2024,05,GEO.4.2_1,0.6252189141856392,0.9582296175760798
2024,05,GEO.4.3_1,0.6690017513134852,0.9717530550505102
2024,05,GEO.4.4_1,0.6322241681260946,0.9605810741421048
2024,05,GEO.4.5_1,0.6760070052539405,0.9736611320166786
2024,05,GEO.4.6_1,0.6077057793345009,0.9520315120835025
2024,05,GEO.4.7_1,0.6777583187390543,0.9741273017424364
2024,05,GEO.4.8_1,0.6987740805604205,0.9793855216409929
2024,05,GEO.4.9_1,0.6077057793345009,0.9520315120835025
2024,05,GEO.5.2_1,0.5761821366024519,0.939699952112375
2024,05,GEO.5.5_1,0.5674255691768827,0.936
2024,05,GEO.5.6_1,0.6007005253940456,0.9494229826584145
2024,05,GEO.5.7_1,0.6094570928196147,0.9526720317087093
2024,05,GEO.6.1_1,0.6322241681260946,0.9605810741421048
2024,05,GEO.6.2_1,0.6409807355516638,0.9634189120003821
2024,05,GEO.6.3_1,0.5481611208406305,0.9274287034591931
2024,05,GEO.6.4_1,0.5674255691768827,0.936
2024,05,GEO.6.5_1,0.6374781085814362,0.962297251372984
2024,05,GEO.6.6_1,0.6882661996497373,0.976833660353696
2024,05,GEO.7.1_1,0.6042031523642732,0.9507365565707464
2024,05,GEO.7.2_1,0.6007005253940456,0.9494229826584145
2024,05,GEO.7.3_1,0.5569176882661997,0.931398947819891
2024,05,GEO.7.4_1,0.6865148861646235,0.9763933633531108
2024,05,GEO.8.1_1,0.5639229422066551,0.9344859549506349
2024,05,GEO.8.2_1,0.5726795096322242,0.9382345122622595
2024,05,GEO.8.3_1,0.5639229422066551,0.9344859549506349
2024,05,GEO.8.4_1,0.5849387040280211,0.9432793859721519
2024,05,GEO.9.1_1,0.670753064798599,0.9722365967191319
2024,05,GEO.9.2_1,0.6357267950963222,0.9617296917533533
2024,05,GEO.9.3_1,0.6760070052539405,0.9736611320166786
2024,05,GEO.9.4_1,0.6007005253940456,0.9494229826584145
2024,05,GEO.9.5_1,0.5481611208406305,0.9274287034591931
2024,05,GEO.9.6_1,0.5884413309982488,0.9446777228240327
2024,05,GEO.9.7_1,0.6830122591943959,0.9754998718605759
2024,05,GEO.9.8_1,0.7040280210157619,0.9806038955664005
2024,05,GRC.1.1.4_1,0.7022767075306481,0.9802020199938377
2024,05,GRC.1.1.6_1,0.5394045534150613,0.923333092659415
2024,05,GRC.1.2.15_1,0.7390542907180385,0.9877570551507087
2024,05,GRC.1.2.24_1,0.6409807355516638,0.9634189120003821
2024,05,GRC.1.2.26_1,0.63922942206655,0.9628603221651623
2024,05,GRC.3.1.1_1,0.43607705779334505,0.8648676199280442
2024,05,GRC.3.1.10_1,0.42732049036777586,0.8589854480723175
2024,05,GRC.3.1.11_1,0.4483362521891419,0.8728436286070947
2024,05,GRC.3.1.12_1,0.43782837127845886,0.8660254037844386
2024,05,GRC.3.1.13_1,0.5166374781085814,0.9120855223058855
2024,05,GRC.3.1.15_1,0.7302977232924693,0.9861257526299574
2024,05,GRC.3.1.17_1,0.47985989492119097,0.8920179370393849
2024,05,GRC.3.1.18_1,0.4763572679509633,0.8899797750510963
2024,05,GRC.3.1.22_1,0.43432574430823123,0.8637036528810099
2024,05,GRC.3.1.23_1,0.4483362521891419,0.8728436286070947
2024,05,GRC.3.1.24_1,0.4676007005253941,0.8847847195787232
2024,05,GRC.3.1.25_1,0.5691768826619966,0.9367496997597597
2024,05,GRC.3.1.26_1,0.49211908931698783,0.8989749718429317
2024,05,GRC.3.1.27_1,0.47460595446584947,0.8889521921903337
2024,05,GRC.3.1.29_1,0.4711033274956218,0.8868799242287537
2024,05,GRC.3.1.31_1,0.4658493870402803,0.883728465084157
2024,05,GRC.3.1.32_1,0.43432574430823123,0.8637036528810099
2024,05,GRC.3.1.33_1,0.4728546409807356,0.8879189152169246
2024,05,GRC.3.1.34_1,0.4676007005253941,0.8847847195787232
2024,05,GRC.3.1.35_1,0.47460595446584947,0.8889521921903337
2024,05,GRC.3.1.37_1,0.47810858143607715,0.8910016835000931
2024,05,GRC.3.1.38_1,0.51138353765324,0.909364613342745
2024,05,GRC.3.1.39_1,0.44658493870402804,0.8717224328879003
2024,05,GRC.3.1.4_1,0.49211908931698783,0.8989749718429317
2024,05,GRC.3.1.40_1,0.5516637478108581,0.9290317540321213
2024,05,GRC.3.1.41_1,0.44133099824868655,0.8683225207260261
2024,05,GRC.3.1.42_1,0.4570928196147111,0.8783598351473045
2024,05,GRC.3.1.45_1,0.4518388791593696,0.8750679973579196
2024,05,GRC.3.1.46_1,0.45008756567425573,0.8739588090980032
2024,05,GRC.3.1.47_1,0.4938704028021016,0.8999466650863261
2024,05,GRC.3.1.49_1,0.4588441330998249,0.8794452797076121
2024,05,GRC.3.1.5_1,0.47810858143607715,0.8910016835000931
2024,05,GRC.3.1.51_1,0.4623467600700526,0.8815985480931783
2024,05,GRC.3.1.52_1,0.521891418563923,0.9147589846511485
2024,05,GRC.3.1.53_1,0.47985989492119097,0.8920179370393849
2024,05,GRC.3.1.54_1,0.5306479859894921,0.9191104395011516
2024,05,GRC.3.1.55_1,0.44483362521891423,0.8705951987002916
2024,05,GRC.3.1.56_1,0.5744308231173381,0.9389696480717574
2024,05,GRC.3.1.57_1,0.47985989492119097,0.8920179370393849
2024,05,GRC.3.1.58_1,0.5481611208406305,0.9274287034591931
2024,05,GRC.3.1.59_1,0.4938704028021016,0.8999466650863261
2024,05,GRC.3.1.60_1,0.4238178633975482,0.8565885826929985
2024,05,GRC.3.1.62_1,0.5236427320490368,0.9156396671180208
2024,05,GRC.3.1.63_1,0.5288966725043783,0.918250510481753
2024,05,GRC.3.1.66_1,0.4430823117338004,0.8694619025581282
2024,05,GRC.3.1.8_1,0.4991243432574431,0.9028288874421332
2024,05,GRC.4.1.7_1,0.6725043782837129,0.9727157858285225
2024,05,GRC.5.1.3_1,0.6935201401050789,0.9781288258711119
2024,05,GRC.5.1.4_1,0.628721541155867,0.9594144047282176
2024,05,GRC.5.1.8_1,0.6357267950963222,0.9617296917533533
2024,05,GRC.5.2.1_1,0.6042031523642732,0.9507365565707464
2024,05,GRC.5.2.10_1,0.5709281961471104,0.9374945333173949
2024,05,GRC.5.2.11_1,0.5761821366024519,0.939699952112375
2024,05,GRC.5.2.12_1,0.5376532399299475,0.9224987804869988
2024,05,GRC.5.2.2_1,0.5656742556917689,0.9352454223357631
2024,05,GRC.5.2.3_1,0.5919439579684764,0.946057080730333
2024,05,GRC.5.2.4_1,0.5919439579684764,0.946057080730333
2024,05,GRC.5.2.6_1,0.6059544658493871,0.9513863568498342
2024,05,GRC.5.2.7_1,0.5901926444833626,0.9453697689264238
2024,05,GRC.5.2.8_1,0.6182136602451839,0.9558054195284729
2024,05,GRC.5.2.9_1,0.6217162872154116,0.9570266453970862
2024,05,GRC.6.1.1_1,0.6217162872154116,0.9570266453970862
2024,05,GRC.6.1.11_1,0.6129597197898424,0.9539392014169457
2024,05,GRC.6.1.12_1,0.5814360770577934,0.9418619856433319
2024,05,GRC.6.1.14_1,0.6830122591943959,0.9754998718605759
2024,05,GRC.6.1.15_1,0.5656742556917689,0.9352454223357631
2024,05,GRC.6.1.16_1,0.6304728546409808,0.96
2024,05,GRC.6.1.17_1,0.586690017513135,0.9439809320108113
2024,05,GRC.6.1.18_1,0.5919439579684764,0.946057080730333
2024,05,GRC.6.1.19_1,0.6217162872154116,0.9570266453970862
2024,05,GRC.6.1.2_1,0.5744308231173381,0.9389696480717574
2024,05,GRC.6.1.21_1,0.6357267950963222,0.9617296917533533
2024,05,GRC.6.1.22_1,0.6094570928196147,0.9526720317087093
2024,05,GRC.6.1.23_1,0.5884413309982488,0.9446777228240327
2024,05,GRC.6.1.24_1,0.6444833625218914,0.9645226798784983
2024,05,GRC.6.1.25_1,0.5796847635726796,0.9411461098044235
2024,05,GRC.6.1.26_1,0.5516637478108581,0.9290317540321213
2024,05,GRC.6.1.27_1,0.649737302977233,0.9661449166662318
2024,05,GRC.6.1.28_1,0.6322241681260946,0.9605810741421048
2024,05,GRC.6.1.3_1,0.5656742556917689,0.9352454223357631
2024,05,GRC.6.1.30_1,0.5096322241681261,0.9084470265238365
2024,05,GRC.6.1.32_1,0.6427320490367776,0.9639730286683336
2024,05,GRC.6.1.33_1,0.6374781085814362,0.962297251372984
2024,05,GRC.6.1.34_1,0.6462346760070053,0.965067873260736
2024,05,GRC.6.1.35_1,0.6252189141856392,0.9582296175760798
2024,05,GRC.6.1.36_1,0.5919439579684764,0.946057080730333
2024,05,GRC.6.1.37_1,0.5288966725043783,0.918250510481753
2024,05,GRC.6.1.38_1,0.5709281961471104,0.9374945333173949
2024,05,GRC.6.1.4_1,0.5989492119089318,0.9487591896788141
2024,05,GRC.6.1.5_1,0.542907180385289,0.9249864863877743
2024,05,GRC.6.1.6_1,0.5394045534150613,0.923333092659415
2024,05,GRC.6.1.7_1,0.5744308231173381,0.9389696480717574
2024,05,GRC.6.1.8_1,0.6234676007005254,0.9576304088739037
2024,05,GRC.6.1.9_1,0.5674255691768827,0.936
2024,05,GRC.6.2.11_1,0.5814360770577934,0.9418619856433319
2024,05,GRC.6.2.14_1,0.5148861646234676,0.9111838453352868
2024,05,GRC.6.2.18_1,0.6427320490367776,0.9639730286683336
2024,05,GRC.6.2.19_1,0.5779334500875658,0.9404254356406998
2024,05,GRC.6.2.2_1,0.5604203152364273,0.9329523031752481
2024,05,GRC.6.2.20_1,0.6619964973730298,0.9697752316903129
2024,05,GRC.6.2.3_1,0.5989492119089318,0.9487591896788141
2024,05,GRC.6.2.4_1,0.5831873905429072,0.9425730740902798
2024,05,GRC.6.2.8_1,0.6042031523642732,0.9507365565707464
2024,05,GRC.6.2.9_1,0.6812609457092821,0.975046665549911
2024,05,GRC.7.1.1_1,0.7390542907180385,0.9877570551507087
2024,05,GRC.7.1.3_1,0.7845884413309984,0.9945772971468834
2024,05,GRC.7.2.10_1,0.5236427320490368,0.9156396671180208
2024,05,GRC.7.2.11_1,0.5166374781085814,0.9120855223058855
2024,05,GRC.7.2.12_1,0.4938704028021016,0.8999466650863261
2024,05,GRC.7.2.14_1,0.48861646234676015,0.8970150500409678
2024,05,GRC.7.2.15_1,0.4728546409807356,0.8879189152169246
2024,05,GRC.7.2.16_1,0.4816112084063048,0.8930285549745876
2024,05,GRC.7.2.17_1,0.5884413309982488,0.9446777228240327
2024,05,GRC.7.2.19_1,0.5043782837127846,0.905662188677434
2024,05,GRC.7.2.2_1,0.48686514886164634,0.8960267853139213
2024,05,GRC.7.2.20_1,0.4728546409807356,0.8879189152169246
2024,05,GRC.7.2.21_1,0.4938704028021016,0.8999466650863261
2024,05,GRC.7.2.22_1,0.6479859894921192,0.9656086163658648
2024,05,GRC.7.2.23_1,0.5148861646234676,0.9111838453352868
2024,05,GRC.7.2.24_1,0.5271453590192645,0.9173854151881858
2024,05,GRC.7.2.25_1,0.5096322241681261,0.9084470265238365
2024,05,GRC.7.2.26_1,0.5288966725043783,0.918250510481753
2024,05,GRC.7.2.3_1,0.47985989492119097,0.8920179370393849
2024,05,GRC.7.2.6_1,0.4676007005253941,0.8847847195787232
2024,05,GRC.7.2.7_1,0.5271453590192645,0.9173854151881858
2024,05,GRC.7.2.8_1,0.4956217162872154,0.9009128703709366
2024,05,GRC.7.2.9_1,0.532399299474606,0.9199652167337633
2024,05,GRC.7.3.1_1,0.63922942206655,0.9628603221651623
2024,05,GRC.7.3.10_1,0.5341506129597198,0.920814856526544
2024,05,GRC.7.3.11_1,0.7197898423817863,0.9840304873325826
2024,05,GRC.7.3.12_1,0.6252189141856392,0.9582296175760798
2024,05,GRC.7.3.13_1,0.5884413309982488,0.9446777228240327
2024,05,GRC.7.3.14_1,0.5341506129597198,0.920814856526544
2024,05,GRC.7.3.15_1,0.7075306479859896,0.9813949256033475
2024,05,GRC.7.3.16_1,0.5831873905429072,0.9425730740902798
2024,05,GRC.7.3.17_1,0.56217162872154125,0.9337215859130601
2024,05,GRC.7.3.18_1,0.6322241681260946,0.9605810741421048
2024,05,GRC.7.3.19_1,0.62697022767075306,0.9588242800430119
2024,05,GRC.7.3.2_1,0.5148861646234676,0.9111838453352868
2024,05,GRC.7.3.3_1,0.6742556917688267,0.9731906288081488
2024,05,GRC.7.3.4_1,0.56217162872154125,0.9337215859130601
2024,05,GRC.7.3.5_1,0.5691768826619966,0.9367496997597597
2024,05,GRC.7.3.6_1,0.5936952714535902,0.9467396685467447
2024,05,GRC.7.3.7_1,0.5954465849387042,0.9474175425861608
2024,05,GRC.7.3.8_1,0.56217162872154125,0.9337215859130601
2024,05,GRC.7.3.9_1,0.6199649737302978,0.9564183185196736
2024,05,GRC.8.1.1_1,0.6444833625218914,0.9645226798784983
2024,05,GRC.8.1.12_1,0.5691768826619966,0.9367496997597597
2024,05,GRC.8.1.16_1,0.46935201401050797,0.885835199120017
2024,05,GRC.8.1.17_1,0.5026269702276708,0.9047231620777706
2024,05,GRC.8.1.18_1,0.5796847635726796,0.9411461098044235
2024,05,GRC.8.1.2_1,0.5026269702276708,0.9047231620777706
2024,05,GRC.8.1.21_1,0.5096322241681261,0.9084470265238365
2024,05,GRC.8.1.23_1,0.6199649737302978,0.9564183185196736
2024,05,GRC.8.1.24_1,0.46935201401050797,0.885835199120017
2024,05,GRC.8.1.25_1,0.5359019264448337,0.9216593730874764
2024,05,GRC.8.1.3_1,0.5061295971978984,0.9065958305661901
2024,05,GRC.8.1.4_1,0.5183887915936953,0.9129819275319747
2024,05,GRC.8.1.5_1,0.5919439579684764,0.946057080730333
2024,05,GRC.8.1.7_1,0.5481611208406305,0.9274287034591931
2024,05,GRC.8.1.8_1,0.5604203152364273,0.9329523031752481
2024,05,GRC.8.1.9_1,0.5306479859894921,0.9191104395011516
2024,05,GRC.8.2.1_1,0.628721541155867,0.9594144047282176
2024,05,GRC.8.2.10_1,0.5849387040280211,0.9432793859721519
2024,05,GRC.8.2.11_1,0.500875656742557,0.9037787339830473
2024,05,GRC.8.2.14_1,0.7338003502626971,0.986790757962396
2024,05,GRC.8.2.15_1,0.4816112084063048,0.8930285549745876
2024,05,GRC.8.2.17_1,0.6147110332749562,0.954565869911553
2024,05,GRC.8.2.19_1,0.7390542907180385,0.9877570551507087
2024,05,GRC.8.2.2_1,0.6199649737302978,0.9564183185196736
2024,05,GRC.8.2.20_1,0.5726795096322242,0.9382345122622595
2024,05,GRC.8.2.21_1,0.6182136602451839,0.9558054195284729
2024,05,GRC.8.2.23_1,0.5201401050788091,0.9138730765264944
2024,05,GRC.8.2.24_1,0.6304728546409808,0.96
2024,05,GRC.8.2.25_1,0.6567425569176883,0.9682458365518543
2024,05,GRC.8.2.3_1,0.7478108581436077,0.9892845899942038
2024,05,GRC.8.2.4_1,0.5884413309982488,0.9446777228240327
2024,05,GRC.8.2.5_1,0.5411558669001751,0.9241623234042816
2024,05,GRC.8.2.6_1,0.5078809106830122,0.9075241043630743
2024,05,GRC.8.2.7_1,0.5569176882661997,0.931398947819891
2024,05,GRC.8.2.8_1,0.5954465849387042,0.9474175425861608
2024,05,HRV.1_1,0.6252189141856392,0.9582296175760798
2024,05,HRV.1.17_1,0.6427320490367776,0.9639730286683336
2024,05,HRV.1.5_1,0.6619964973730298,0.9697752316903129
2024,05,HRV.1.6_1,0.6479859894921192,0.9656086163658648
2024,05,HRV.1.7_1,0.6777583187390543,0.9741273017424364
2024,05,HRV.1.8_1,0.6690017513134852,0.9717530550505102
2024,05,HRV.10_1,0.649737302977233,0.9661449166662318
2024,05,HRV.10.1_1,0.586690017513135,0.9439809320108113
2024,05,HRV.10.10_1,0.63922942206655,0.9628603221651623
2024,05,HRV.10.11_1,0.6234676007005254,0.9576304088739037
2024,05,HRV.10.12_1,0.6252189141856392,0.9582296175760798
2024,05,HRV.10.13_1,0.6549912434325745,0.9677272342969376
2024,05,HRV.10.14_1,0.6462346760070053,0.965067873260736
2024,05,HRV.10.15_1,0.6129597197898424,0.9539392014169457
2024,05,HRV.10.16_1,0.6672504378283713,0.9712651543219287
2024,05,HRV.10.17_1,0.6479859894921192,0.9656086163658648
2024,05,HRV.10.18_1,0.6182136602451839,0.9558054195284729
2024,05,HRV.10.19_1,0.6322241681260946,0.9605810741421048
2024,05,HRV.10.2_1,0.6164623467600701,0.955187939622355
2024,05,HRV.10.20_1,0.6339754816112084,0.9611576353543679
2024,05,HRV.10.21_1,0.6374781085814362,0.962297251372984
2024,05,HRV.10.22_1,0.6199649737302978,0.9564183185196736
2024,05,HRV.10.23_1,0.6812609457092821,0.975046665549911
2024,05,HRV.10.24_1,0.6059544658493871,0.9513863568498342
2024,05,HRV.10.25_1,0.6147110332749562,0.954565869911553
2024,05,HRV.10.4_1,0.6847635726795097,0.9759487691472335
2024,05,HRV.10.5_1,0.6007005253940456,0.9494229826584145
2024,05,HRV.10.6_1,0.6882661996497373,0.976833660353696
2024,05,HRV.10.7_1,0.6217162872154116,0.9570266453970862
2024,05,HRV.10.8_1,0.660245183887916,0.9692698282728087
2024,05,HRV.10.9_1,0.6830122591943959,0.9754998718605759
2024,05,HRV.11.1_1,0.5586690017513135,0.9321780945720619
2024,05,HRV.11.10_1,0.63922942206655,0.9628603221651623
2024,05,HRV.11.11_1,0.5884413309982488,0.9446777228240327
2024,05,HRV.11.12_1,0.5288966725043783,0.918250510481753
2024,05,HRV.11.13_1,0.6094570928196147,0.9526720317087093
2024,05,HRV.11.14_1,0.6129597197898424,0.9539392014169457
2024,05,HRV.11.15_1,0.5989492119089318,0.9487591896788141
2024,05,HRV.11.16_1,0.6182136602451839,0.9558054195284729
2024,05,HRV.11.17_1,0.597197898423818,0.9480907129594721
2024,05,HRV.11.18_1,0.542907180385289,0.9249864863877743
2024,05,HRV.11.19_1,0.5954465849387042,0.9474175425861608
2024,05,HRV.11.2_1,0.5744308231173381,0.9389696480717574
2024,05,HRV.11.20_1,0.5534150612959721,0.9298257901349047
2024,05,HRV.11.21_1,0.5516637478108581,0.9290317540321213
2024,05,HRV.11.22_1,0.6059544658493871,0.9513863568498342
2024,05,HRV.11.23_1,0.5936952714535902,0.9467396685467447
2024,05,HRV.11.24_1,0.5376532399299475,0.9224987804869988
2024,05,HRV.11.25_1,0.6462346760070053,0.965067873260736
2024,05,HRV.11.26_1,0.5691768826619966,0.9367496997597597
2024,05,HRV.11.27_1,0.6024518388791593,0.9500821017154254
2024,05,HRV.11.28_1,0.6252189141856392,0.9582296175760798
2024,05,HRV.11.29_1,0.5919439579684764,0.946057080730333
2024,05,HRV.11.3_1,0.5779334500875658,0.9404254356406998
2024,05,HRV.11.30_1,0.5901926444833626,0.9453697689264238
2024,05,HRV.11.31_1,0.5446584938704029,0.9258055951440345
2024,05,HRV.11.32_1,0.6164623467600701,0.955187939622355
2024,05,HRV.11.33_1,0.6182136602451839,0.9558054195284729
2024,05,HRV.11.34_1,0.6077057793345009,0.9520315120835025
2024,05,HRV.11.35_1,0.5534150612959721,0.9298257901349047
2024,05,HRV.11.36_1,0.6094570928196147,0.9526720317087093
2024,05,HRV.11.37_1,0.5884413309982488,0.9446777228240327
2024,05,HRV.11.38_1,0.5534150612959721,0.9298257901349047
2024,05,HRV.11.39_1,0.5569176882661997,0.931398947819891
2024,05,HRV.11.4_1,0.5884413309982488,0.9446777228240327
2024,05,HRV.11.40_1,0.5779334500875658,0.9404254356406998
2024,05,HRV.11.41_1,0.6112084063047285,0.9533079250693346
2024,05,HRV.11.42_1,0.5919439579684764,0.946057080730333
2024,05,HRV.11.43_1,0.6164623467600701,0.955187939622355
2024,05,HRV.11.44_1,0.5656742556917689,0.9352454223357631
2024,05,HRV.11.45_1,0.5516637478108581,0.9290317540321213
2024,05,HRV.11.5_1,0.5586690017513135,0.9321780945720619
2024,05,HRV.11.6_1,0.542907180385289,0.9249864863877743
2024,05,HRV.11.7_1,0.6690017513134852,0.9717530550505102
2024,05,HRV.11.8_1,0.6077057793345009,0.9520315120835025
2024,05,HRV.11.9_1,0.5954465849387042,0.9474175425861608
2024,05,HRV.12.1_1,0.5884413309982488,0.9446777228240327
2024,05,HRV.12.10_1,0.6129597197898424,0.9539392014169457
2024,05,HRV.12.2_1,0.6252189141856392,0.9582296175760798
2024,05,HRV.12.3_1,0.628721541155867,0.9594144047282176
2024,05,HRV.12.4_1,0.6042031523642732,0.9507365565707464
2024,05,HRV.12.5_1,0.6637478108581437,0.970276249322841
2024,05,HRV.12.6_1,0.6987740805604205,0.9793855216409929
2024,05,HRV.12.7_1,0.6077057793345009,0.9520315120835025
2024,05,HRV.12.8_1,0.6742556917688267,0.9731906288081488
2024,05,HRV.12.9_1,0.6514886164623468,0.9666767815562759
2024,05,HRV.13.1_1,0.7302977232924693,0.9861257526299574
2024,05,HRV.13.10_1,0.7355516637478109,0.9871170143402452
2024,05,HRV.13.12_1,0.7408056042031524,0.9880708476622514
2024,05,HRV.13.13_1,0.6865148861646235,0.9763933633531108
2024,05,HRV.13.14_1,0.6865148861646235,0.9763933633531108
2024,05,HRV.13.15_1,0.7408056042031524,0.9880708476622514
2024,05,HRV.13.16_1,0.7180385288966725,0.983666610188635
2024,05,HRV.13.17_1,0.6549912434325745,0.9677272342969376
2024,05,HRV.13.18_1,0.7530647985989493,0.990151503558925
2024,05,HRV.13.2_1,0.7005253940455343,0.9797958971132712
2024,05,HRV.13.20_1,0.7075306479859896,0.9813949256033475
2024,05,HRV.13.21_1,0.7005253940455343,0.9797958971132712
2024,05,HRV.13.23_1,0.7565674255691769,0.9907088371464141
2024,05,HRV.13.24_1,0.6847635726795097,0.9759487691472335
2024,05,HRV.13.25_1,0.7075306479859896,0.9813949256033475
2024,05,HRV.13.26_1,0.6427320490367776,0.9639730286683336
2024,05,HRV.13.27_1,0.6847635726795097,0.9759487691472335
2024,05,HRV.13.29_1,0.6830122591943959,0.9754998718605759
2024,05,HRV.13.3_1,0.7653239929947461,0.9920302414745228
2024,05,HRV.13.30_1,0.6777583187390543,0.9741273017424364
2024,05,HRV.13.31_1,0.6672504378283713,0.9712651543219287
2024,05,HRV.13.32_1,0.6865148861646235,0.9763933633531108
2024,05,HRV.13.33_1,0.6970227670753065,0.9789708882290628
2024,05,HRV.13.34_1,0.6690017513134852,0.9717530550505102
2024,05,HRV.13.35_1,0.7688266199649738,0.9925301002992302
2024,05,HRV.13.39_1,0.7057793345008757,0.9810015290507961
2024,05,HRV.13.4_1,0.7162872154115587,0.9832985304575615
2024,05,HRV.13.40_1,0.6742556917688267,0.9731906288081488
2024,05,HRV.13.41_1,0.6514886164623468,0.9666767815562759
2024,05,HRV.13.42_1,0.7022767075306481,0.9802020199938377
2024,05,HRV.13.5_1,0.7530647985989493,0.990151503558925
2024,05,HRV.13.6_1,0.7040280210157619,0.9806038955664005
2024,05,HRV.13.7_1,0.6532399299474606,0.9672042183530839
2024,05,HRV.13.8_1,0.7092819614711035,0.9817840903172144
2024,05,HRV.13.9_1,0.6252189141856392,0.9582296175760798
2024,05,HRV.14.10_1,0.6865148861646235,0.9763933633531108
2024,05,HRV.14.13_1,0.6847635726795097,0.9759487691472335
2024,05,HRV.14.14_1,0.6077057793345009,0.9520315120835025
2024,05,HRV.14.16_1,0.6619964973730298,0.9697752316903129
2024,05,HRV.14.18_1,0.586690017513135,0.9439809320108113
2024,05,HRV.14.3_1,0.6252189141856392,0.9582296175760798
2024,05,HRV.14.5_1,0.6322241681260946,0.9605810741421048
2024,05,HRV.14.7_1,0.6024518388791593,0.9500821017154254
2024,05,HRV.14.8_1,0.5849387040280211,0.9432793859721519
2024,05,HRV.15.13_1,0.6952714535901927,0.97855199146494
2024,05,HRV.15.18_1,0.670753064798599,0.9722365967191319
2024,05,HRV.15.2_1,0.6882661996497373,0.976833660353696
2024,05,HRV.15.3_1,0.7040280210157619,0.9806038955664005
2024,05,HRV.15.5_1,0.6637478108581437,0.970276249322841
2024,05,HRV.15.7_1,0.6690017513134852,0.9717530550505102
2024,05,HRV.15.8_1,0.6584938704028022,0.9687600322061186
2024,05,HRV.16_1,0.6059544658493871,0.9513863568498342
2024,05,HRV.16.1_1,0.6795096322241682,0.9745891442038537
2024,05,HRV.16.10_1,0.6777583187390543,0.9741273017424364
2024,05,HRV.16.11_1,0.777583187390543,0.9937082066683358
2024,05,HRV.16.12_1,0.5936952714535902,0.9467396685467447
2024,05,HRV.16.13_1,0.7390542907180385,0.9877570551507087
2024,05,HRV.16.14_1,0.6584938704028022,0.9687600322061186
2024,05,HRV.16.15_1,0.6865148861646235,0.9763933633531108
2024,05,HRV.16.17_1,0.6339754816112084,0.9611576353543679
2024,05,HRV.16.18_1,0.6795096322241682,0.9745891442038537
2024,05,HRV.16.19_1,0.6742556917688267,0.9731906288081488
2024,05,HRV.16.2_1,0.62697022767075306,0.9588242800430119
2024,05,HRV.16.20_1,0.6567425569176883,0.9682458365518543
2024,05,HRV.16.21_1,0.6830122591943959,0.9754998718605759
2024,05,HRV.16.23_1,0.63922942206655,0.9628603221651623
2024,05,HRV.16.24_1,0.7162872154115587,0.9832985304575615
2024,05,HRV.16.26_1,0.6409807355516638,0.9634189120003821
2024,05,HRV.16.27_1,0.6654991243432575,0.9707728879609279
2024,05,HRV.16.28_1,0.5936952714535902,0.9467396685467447
2024,05,HRV.16.29_1,0.6777583187390543,0.9741273017424364
2024,05,HRV.16.30_1,0.7180385288966725,0.983666610188635
2024,05,HRV.16.31_1,0.6672504378283713,0.9712651543219287
2024,05,HRV.16.32_1,0.6742556917688267,0.9731906288081488
2024,05,HRV.16.33_1,0.6987740805604205,0.9793855216409929
2024,05,HRV.16.34_1,0.6760070052539405,0.9736611320166786
2024,05,HRV.16.35_1,0.7635726795096323,0.9917741678426597
2024,05,HRV.16.36_1,0.6164623467600701,0.955187939622355
2024,05,HRV.16.37_1,0.6690017513134852,0.9717530550505102
2024,05,HRV.16.39_1,0.6847635726795097,0.9759487691472335
2024,05,HRV.16.4_1,0.660245183887916,0.9692698282728087
2024,05,HRV.16.40_1,0.660245183887916,0.9692698282728087
2024,05,HRV.16.43_1,0.6374781085814362,0.962297251372984
2024,05,HRV.16.44_1,0.7478108581436077,0.9892845899942038
2024,05,HRV.16.45_1,0.7250437828371279,0.9850969495435462
2024,05,HRV.16.48_1,0.6742556917688267,0.9731906288081488
2024,05,HRV.16.49_1,0.6374781085814362,0.962297251372984
2024,05,HRV.16.5_1,0.6409807355516638,0.9634189120003821
2024,05,HRV.16.50_1,0.6742556917688267,0.9731906288081488
2024,05,HRV.16.52_1,0.6654991243432575,0.9707728879609279
2024,05,HRV.16.53_1,0.62697022767075306,0.9588242800430119
2024,05,HRV.16.54_1,0.6532399299474606,0.9672042183530839
2024,05,HRV.16.55_1,0.6112084063047285,0.9533079250693346
2024,05,HRV.16.56_1,0.6077057793345009,0.9520315120835025
2024,05,HRV.16.6_1,0.6444833625218914,0.9645226798784983
2024,05,HRV.16.7_1,0.7425569176882663,0.9883804935347521
2024,05,HRV.16.8_1,0.6637478108581437,0.970276249322841
2024,05,HRV.16.9_1,0.6917688266199651,0.9777013859047148
2024,05,HRV.17.1_1,0.6619964973730298,0.9697752316903129
2024,05,HRV.17.10_1,0.6584938704028022,0.9687600322061186
2024,05,HRV.17.11_1,0.6514886164623468,0.9666767815562759
2024,05,HRV.17.12_1,0.7057793345008757,0.9810015290507961
2024,05,HRV.17.13_1,0.670753064798599,0.9722365967191319
2024,05,HRV.17.14_1,0.6865148861646235,0.9763933633531108
2024,05,HRV.17.15_1,0.649737302977233,0.9661449166662318
2024,05,HRV.17.16_1,0.649737302977233,0.9661449166662318
2024,05,HRV.17.17_1,0.6672504378283713,0.9712651543219287
2024,05,HRV.17.18_1,0.6514886164623468,0.9666767815562759
2024,05,HRV.17.19_1,0.6619964973730298,0.9697752316903129
2024,05,HRV.17.2_1,0.6444833625218914,0.9645226798784983
2024,05,HRV.17.20_1,0.6690017513134852,0.9717530550505102
2024,05,HRV.17.21_1,0.6690017513134852,0.9717530550505102
2024,05,HRV.17.22_1,0.6584938704028022,0.9687600322061186
2024,05,HRV.17.23_1,0.7145359019264449,0.9829262434180909
2024,05,HRV.17.24_1,0.7057793345008757,0.9810015290507961
2024,05,HRV.17.25_1,0.6304728546409808,0.96
2024,05,HRV.17.26_1,0.6637478108581437,0.970276249322841
2024,05,HRV.17.27_1,0.6777583187390543,0.9741273017424364
2024,05,HRV.17.28_1,0.6059544658493871,0.9513863568498342
2024,05,HRV.17.3_1,0.6112084063047285,0.9533079250693346
2024,05,HRV.17.4_1,0.6619964973730298,0.9697752316903129
2024,05,HRV.17.5_1,0.6374781085814362,0.962297251372984
2024,05,HRV.17.6_1,0.6637478108581437,0.970276249322841
2024,05,HRV.17.7_1,0.6917688266199651,0.9777013859047148
2024,05,HRV.17.8_1,0.6742556917688267,0.9731906288081488
2024,05,HRV.17.9_1,0.6900175131348513,0.9772696659571503
2024,05,HRV.18.1_1,0.6234676007005254,0.9576304088739037
2024,05,HRV.18.10_1,0.6444833625218914,0.9645226798784983
2024,05,HRV.18.11_1,0.6427320490367776,0.9639730286683336
2024,05,HRV.18.12_1,0.6549912434325745,0.9677272342969376
2024,05,HRV.18.13_1,0.5796847635726796,0.9411461098044235
2024,05,HRV.18.14_1,0.6094570928196147,0.9526720317087093
2024,05,HRV.18.15_1,0.6357267950963222,0.9617296917533533
2024,05,HRV.18.16_1,0.5849387040280211,0.9432793859721519
2024,05,HRV.18.2_1,0.5586690017513135,0.9321780945720619
2024,05,HRV.18.3_1,0.6199649737302978,0.9564183185196736
2024,05,HRV.18.4_1,0.6252189141856392,0.9582296175760798
2024,05,HRV.18.5_1,0.5901926444833626,0.9453697689264238
2024,05,HRV.18.6_1,0.6007005253940456,0.9494229826584145
2024,05,HRV.18.7_1,0.6164623467600701,0.955187939622355
2024,05,HRV.18.8_1,0.5901926444833626,0.9453697689264238
2024,05,HRV.18.9_1,0.62697022767075306,0.9588242800430119
2024,05,HRV.19.1_1,0.6112084063047285,0.9533079250693346
2024,05,HRV.19.10_1,0.6024518388791593,0.9500821017154254
2024,05,HRV.19.11_1,0.6129597197898424,0.9539392014169457
2024,05,HRV.19.12_1,0.6234676007005254,0.9576304088739037
2024,05,HRV.19.13_1,0.6024518388791593,0.9500821017154254
2024,05,HRV.19.14_1,0.5359019264448337,0.9216593730874764
2024,05,HRV.19.15_1,0.5901926444833626,0.9453697689264238
2024,05,HRV.19.16_1,0.5989492119089318,0.9487591896788141
2024,05,HRV.19.17_1,0.6182136602451839,0.9558054195284729
2024,05,HRV.19.18_1,0.5779334500875658,0.9404254356406998
2024,05,HRV.19.19_1,0.6252189141856392,0.9582296175760798
2024,05,HRV.19.2_1,0.6147110332749562,0.954565869911553
2024,05,HRV.19.20_1,0.5831873905429072,0.9425730740902798
2024,05,HRV.19.21_1,0.5901926444833626,0.9453697689264238
2024,05,HRV.19.22_1,0.5516637478108581,0.9290317540321213
2024,05,HRV.19.23_1,0.6147110332749562,0.954565869911553
2024,05,HRV.19.24_1,0.6059544658493871,0.9513863568498342
2024,05,HRV.19.25_1,0.6147110332749562,0.954565869911553
2024,05,HRV.19.26_1,0.586690017513135,0.9439809320108113
2024,05,HRV.19.27_1,0.5849387040280211,0.9432793859721519
2024,05,HRV.19.28_1,0.6164623467600701,0.955187939622355
2024,05,HRV.19.29_1,0.5481611208406305,0.9274287034591931
2024,05,HRV.19.3_1,0.5831873905429072,0.9425730740902798
2024,05,HRV.19.30_1,0.5551663747810859,0.9306148505155073
2024,05,HRV.19.4_1,0.5359019264448337,0.9216593730874764
2024,05,HRV.19.5_1,0.6129597197898424,0.9539392014169457
2024,05,HRV.19.6_1,0.5954465849387042,0.9474175425861608
2024,05,HRV.19.7_1,0.6094570928196147,0.9526720317087093
2024,05,HRV.19.8_1,0.6199649737302978,0.9564183185196736
2024,05,HRV.19.9_1,0.62697022767075306,0.9588242800430119
2024,05,HRV.2.1_1,0.6059544658493871,0.9513863568498342
2024,05,HRV.2.10_1,0.670753064798599,0.9722365967191319
2024,05,HRV.2.11_1,0.586690017513135,0.9439809320108113
2024,05,HRV.2.12_1,0.6654991243432575,0.9707728879609279
2024,05,HRV.2.13_1,0.6322241681260946,0.9605810741421048
2024,05,HRV.2.14_1,0.6357267950963222,0.9617296917533533
2024,05,HRV.2.15_1,0.6479859894921192,0.9656086163658648
2024,05,HRV.2.16_1,0.6339754816112084,0.9611576353543679
2024,05,HRV.2.17_1,0.6514886164623468,0.9666767815562759
2024,05,HRV.2.18_1,0.5796847635726796,0.9411461098044235
2024,05,HRV.2.19_1,0.6584938704028022,0.9687600322061186
2024,05,HRV.2.2_1,0.6532399299474606,0.9672042183530839
2024,05,HRV.2.20_1,0.5954465849387042,0.9474175425861608
2024,05,HRV.2.21_1,0.6444833625218914,0.9645226798784983
2024,05,HRV.2.22_1,0.6042031523642732,0.9507365565707464
2024,05,HRV.2.23_1,0.6077057793345009,0.9520315120835025
2024,05,HRV.2.24_1,0.6619964973730298,0.9697752316903129
2024,05,HRV.2.25_1,0.6042031523642732,0.9507365565707464
2024,05,HRV.2.26_1,0.6199649737302978,0.9564183185196736
2024,05,HRV.2.27_1,0.6514886164623468,0.9666767815562759
2024,05,HRV.2.28_1,0.5919439579684764,0.946057080730333
2024,05,HRV.2.3_1,0.6094570928196147,0.9526720317087093
2024,05,HRV.2.4_1,0.6760070052539405,0.9736611320166786
2024,05,HRV.2.5_1,0.6760070052539405,0.9736611320166786
2024,05,HRV.2.6_1,0.6112084063047285,0.9533079250693346
2024,05,HRV.2.7_1,0.7110332749562173,0.9821690282227392
2024,05,HRV.2.8_1,0.6147110332749562,0.954565869911553
2024,05,HRV.2.9_1,0.6444833625218914,0.9645226798784983
2024,05,HRV.20.1_1,0.62697022767075306,0.9588242800430119
2024,05,HRV.20.10_1,0.7443082311733801,0.9886859966642594
2024,05,HRV.20.11_1,0.6654991243432575,0.9707728879609279
2024,05,HRV.20.12_1,0.6164623467600701,0.955187939622355
2024,05,HRV.20.13_1,0.6987740805604205,0.9793855216409929
2024,05,HRV.20.14_1,0.6427320490367776,0.9639730286683336
2024,05,HRV.20.15_1,0.628721541155867,0.9594144047282176
2024,05,HRV.20.16_1,0.6549912434325745,0.9677272342969376
2024,05,HRV.20.17_1,0.6952714535901927,0.97855199146494
2024,05,HRV.20.18_1,0.6777583187390543,0.9741273017424364
2024,05,HRV.20.19_1,0.7075306479859896,0.9813949256033475
2024,05,HRV.20.2_1,0.6374781085814362,0.962297251372984
2024,05,HRV.20.21_1,0.7460595446584939,0.9889873608899156
2024,05,HRV.20.22_1,0.7075306479859896,0.9813949256033475
2024,05,HRV.20.24_1,0.7022767075306481,0.9802020199938377
2024,05,HRV.20.25_1,0.6217162872154116,0.9570266453970862
2024,05,HRV.20.26_1,0.7110332749562173,0.9821690282227392
2024,05,HRV.20.27_1,0.6952714535901927,0.97855199146494
2024,05,HRV.20.28_1,0.6304728546409808,0.96
2024,05,HRV.20.3_1,0.6795096322241682,0.9745891442038537
2024,05,HRV.20.31_1,0.7005253940455343,0.9797958971132712
2024,05,HRV.20.32_1,0.6900175131348513,0.9772696659571503
2024,05,HRV.20.4_1,0.6900175131348513,0.9772696659571503
2024,05,HRV.20.5_1,0.6847635726795097,0.9759487691472335
2024,05,HRV.20.6_1,0.7232924693520141,0.9847456524402634
2024,05,HRV.20.9_1,0.6637478108581437,0.970276249322841
2024,05,HRV.3.1_1,0.7845884413309984,0.9945772971468834
2024,05,HRV.3.10_1,0.6409807355516638,0.9634189120003821
2024,05,HRV.3.12_1,0.660245183887916,0.9692698282728087
2024,05,HRV.3.13_1,0.7653239929947461,0.9920302414745228
2024,05,HRV.3.14_1,0.7110332749562173,0.9821690282227392
2024,05,HRV.3.15_1,0.7040280210157619,0.9806038955664005
2024,05,HRV.3.16_1,0.6970227670753065,0.9789708882290628
2024,05,HRV.3.17_1,0.7810858143607706,0.9941508939793798
2024,05,HRV.3.18_1,0.6619964973730298,0.9697752316903129
2024,05,HRV.3.19_1,0.7285464098073555,0.9857869952479592
2024,05,HRV.3.2_1,0.7022767075306481,0.9802020199938377
2024,05,HRV.3.21_1,0.6584938704028022,0.9687600322061186
2024,05,HRV.3.22_1,0.777583187390543,0.9937082066683358
2024,05,HRV.3.3_1,0.7145359019264449,0.9829262434180909
2024,05,HRV.3.5_1,0.7092819614711035,0.9817840903172144
2024,05,HRV.3.6_1,0.7618213660245184,0.9915139938498094
2024,05,HRV.3.7_1,0.6830122591943959,0.9754998718605759
2024,05,HRV.3.9_1,0.7110332749562173,0.9821690282227392
2024,05,HRV.4.7_1,0.7267950963222417,0.9854440623394105
2024,05,HRV.5.1_1,0.6952714535901927,0.97855199146494
2024,05,HRV.5.10_1,0.6830122591943959,0.9754998718605759
2024,05,HRV.5.11_1,0.6637478108581437,0.970276249322841
2024,05,HRV.5.12_1,0.6970227670753065,0.9789708882290628
2024,05,HRV.5.13_1,0.6952714535901927,0.97855199146494
2024,05,HRV.5.14_1,0.7057793345008757,0.9810015290507961
2024,05,HRV.5.15_1,0.7092819614711035,0.9817840903172144
2024,05,HRV.5.16_1,0.7688266199649738,0.9925301002992302
2024,05,HRV.5.17_1,0.6970227670753065,0.9789708882290628
2024,05,HRV.5.18_1,0.7162872154115587,0.9832985304575615
2024,05,HRV.5.19_1,0.7355516637478109,0.9871170143402452
2024,05,HRV.5.2_1,0.6637478108581437,0.970276249322841
2024,05,HRV.5.20_1,0.7320490367775833,0.98646033878712025
2024,05,HRV.5.21_1,0.7057793345008757,0.9810015290507961
2024,05,HRV.5.22_1,0.6830122591943959,0.9754998718605759
2024,05,HRV.5.23_1,0.712784588441331,0.9825497442877892
2024,05,HRV.5.24_1,0.6357267950963222,0.9617296917533533
2024,05,HRV.5.25_1,0.6532399299474606,0.9672042183530839
2024,05,HRV.5.27_1,0.7565674255691769,0.9907088371464141
2024,05,HRV.5.28_1,0.6725043782837129,0.9727157858285225
2024,05,HRV.5.29_1,0.6917688266199651,0.9777013859047148
2024,05,HRV.5.3_1,0.7250437828371279,0.9850969495435462
2024,05,HRV.5.30_1,0.7005253940455343,0.9797958971132712
2024,05,HRV.5.31_1,0.7267950963222417,0.9854440623394105
2024,05,HRV.5.32_1,0.6812609457092821,0.975046665549911
2024,05,HRV.5.33_1,0.6742556917688267,0.9731906288081488
2024,05,HRV.5.34_1,0.6760070052539405,0.9736611320166786
2024,05,HRV.5.35_1,0.7460595446584939,0.9889873608899156
2024,05,HRV.5.36_1,0.6725043782837129,0.9727157858285225
2024,05,HRV.5.37_1,0.7005253940455343,0.9797958971132712
2024,05,HRV.5.38_1,0.7355516637478109,0.9871170143402452
2024,05,HRV.5.39_1,0.7022767075306481,0.9802020199938377
2024,05,HRV.5.4_1,0.7075306479859896,0.9813949256033475
2024,05,HRV.5.40_1,0.660245183887916,0.9692698282728087
2024,05,HRV.5.5_1,0.6584938704028022,0.9687600322061186
2024,05,HRV.5.6_1,0.6917688266199651,0.9777013859047148
2024,05,HRV.5.7_1,0.7425569176882663,0.9883804935347521
2024,05,HRV.5.8_1,0.6970227670753065,0.9789708882290628
2024,05,HRV.5.9_1,0.7145359019264449,0.9829262434180909
2024,05,HRV.6.12_1,0.7600700525394046,0.9912497162672985
2024,05,HRV.6.14_1,0.7075306479859896,0.9813949256033475
2024,05,HRV.6.15_1,0.7022767075306481,0.9802020199938377
2024,05,HRV.6.17_1,0.7390542907180385,0.9877570551507087
2024,05,HRV.7.14_1,0.6479859894921192,0.9656086163658648
2024,05,HRV.7.15_1,0.5936952714535902,0.9467396685467447
2024,05,HRV.7.18_1,0.5761821366024519,0.939699952112375
2024,05,HRV.7.20_1,0.6252189141856392,0.9582296175760798
2024,05,HRV.7.21_1,0.6584938704028022,0.9687600322061186
2024,05,HRV.7.24_1,0.6847635726795097,0.9759487691472335
2024,05,HRV.7.4_1,0.6164623467600701,0.955187939622355
2024,05,HRV.7.5_1,0.6409807355516638,0.9634189120003821
2024,05,HRV.7.6_1,0.6777583187390543,0.9741273017424364
2024,05,HRV.7.9_1,0.6567425569176883,0.9682458365518543
2024,05,HRV.8.16_1,0.6654991243432575,0.9707728879609279
2024,05,HRV.8.2_1,0.6847635726795097,0.9759487691472335
2024,05,HRV.8.5_1,0.7040280210157619,0.9806038955664005
2024,05,HRV.8.7_1,0.670753064798599,0.9722365967191319
2024,05,HRV.9.1_1,0.7723292469352014,0.9930135950730987
2024,05,HRV.9.10_1,0.7197898423817863,0.9840304873325826
2024,05,HRV.9.11_1,0.6532399299474606,0.9672042183530839
2024,05,HRV.9.12_1,0.6830122591943959,0.9754998718605759
2024,05,HRV.9.2_1,0.6444833625218914,0.9645226798784983
2024,05,HRV.9.3_1,0.6584938704028022,0.9687600322061186
2024,05,HRV.9.4_1,0.6987740805604205,0.9793855216409929
2024,05,HRV.9.5_1,0.649737302977233,0.9661449166662318
2024,05,HRV.9.6_1,0.6199649737302978,0.9564183185196736
2024,05,HRV.9.7_1,0.7005253940455343,0.9797958971132712
2024,05,HRV.9.8_1,0.6690017513134852,0.9717530550505102
2024,05,HRV.9.9_1,0.6970227670753065,0.9789708882290628
2024,05,HUN.1.1_1,0.51138353765324,0.909364613342745
2024,05,HUN.1.10_1,0.4973730297723292,0.9018736053350269
2024,05,HUN.1.2_1,0.4956217162872154,0.9009128703709366
2024,05,HUN.1.3_1,0.5464098073555167,0.9266196630764966
2024,05,HUN.1.4_1,0.5131348511383538,0.9102768809543611
2024,05,HUN.1.5_1,0.48511383537653247,0.8950329602869382
2024,05,HUN.1.6_1,0.490367775831874,0.8979977728257459
2024,05,HUN.1.7_1,0.48511383537653247,0.8950329602869382
2024,05,HUN.1.8_1,0.4588441330998249,0.8794452797076121
2024,05,HUN.1.9_1,0.5043782837127846,0.905662188677434
2024,05,HUN.10.1_1,0.5761821366024519,0.939699952112375
2024,05,HUN.10.2_1,0.4956217162872154,0.9009128703709366
2024,05,HUN.10.3_1,0.5096322241681261,0.9084470265238365
2024,05,HUN.10.4_1,0.5674255691768827,0.936
2024,05,HUN.10.5_1,0.5201401050788091,0.9138730765264944
2024,05,HUN.10.6_1,0.5411558669001751,0.9241623234042816
2024,05,HUN.10.7_1,0.5814360770577934,0.9418619856433319
2024,05,HUN.11.1_1,0.5078809106830122,0.9075241043630743
2024,05,HUN.11.2_1,0.5131348511383538,0.9102768809543611
2024,05,HUN.11.3_1,0.521891418563923,0.9147589846511485
2024,05,HUN.11.4_1,0.5306479859894921,0.9191104395011516
2024,05,HUN.11.5_1,0.500875656742557,0.9037787339830473
2024,05,HUN.11.6_1,0.5516637478108581,0.9290317540321213
2024,05,HUN.11.7_1,0.47985989492119097,0.8920179370393849
2024,05,HUN.12.1_1,0.56217162872154125,0.9337215859130601
2024,05,HUN.12.2_1,0.5691768826619966,0.9367496997597597
2024,05,HUN.12.3_1,0.5516637478108581,0.9290317540321213
2024,05,HUN.12.4_1,0.542907180385289,0.9249864863877743
2024,05,HUN.12.5_1,0.5726795096322242,0.9382345122622595
2024,05,HUN.12.6_1,0.5656742556917689,0.9352454223357631
2024,05,HUN.12.7_1,0.5779334500875658,0.9404254356406998
2024,05,HUN.13.1_1,0.6217162872154116,0.9570266453970862
2024,05,HUN.13.2_1,0.586690017513135,0.9439809320108113
2024,05,HUN.13.3_1,0.56217162872154125,0.9337215859130601
2024,05,HUN.13.4_1,0.5639229422066551,0.9344859549506349
2024,05,HUN.13.5_1,0.6112084063047285,0.9533079250693346
2024,05,HUN.13.6_1,0.6252189141856392,0.9582296175760798
2024,05,HUN.14.1_1,0.5131348511383538,0.9102768809543611
2024,05,HUN.14.10_1,0.5551663747810859,0.9306148505155073
2024,05,HUN.14.11_1,0.5201401050788091,0.9138730765264944
2024,05,HUN.14.12_1,0.5359019264448337,0.9216593730874764
2024,05,HUN.14.13_1,0.5919439579684764,0.946057080730333
2024,05,HUN.14.14_1,0.5411558669001751,0.9241623234042816
2024,05,HUN.14.15_1,0.6007005253940456,0.9494229826584145
2024,05,HUN.14.2_1,0.5376532399299475,0.9224987804869988
2024,05,HUN.14.3_1,0.5183887915936953,0.9129819275319747
2024,05,HUN.14.4_1,0.5761821366024519,0.939699952112375
2024,05,HUN.14.5_1,0.5814360770577934,0.9418619856433319
2024,05,HUN.14.6_1,0.5586690017513135,0.9321780945720619
2024,05,HUN.14.7_1,0.5096322241681261,0.9084470265238365
2024,05,HUN.14.8_1,0.4956217162872154,0.9009128703709366
2024,05,HUN.14.9_1,0.5166374781085814,0.9120855223058855
2024,05,HUN.15.1_1,0.62697022767075306,0.9588242800430119
2024,05,HUN.15.10_1,0.5586690017513135,0.9321780945720619
2024,05,HUN.15.2_1,0.5954465849387042,0.9474175425861608
2024,05,HUN.15.3_1,0.62697022767075306,0.9588242800430119
2024,05,HUN.15.4_1,0.5849387040280211,0.9432793859721519
2024,05,HUN.15.5_1,0.5936952714535902,0.9467396685467447
2024,05,HUN.15.6_1,0.6619964973730298,0.9697752316903129
2024,05,HUN.15.7_1,0.6094570928196147,0.9526720317087093
2024,05,HUN.15.8_1,0.6042031523642732,0.9507365565707464
2024,05,HUN.15.9_1,0.5534150612959721,0.9298257901349047
2024,05,HUN.16.1_1,0.4588441330998249,0.8794452797076121
2024,05,HUN.16.10_1,0.5271453590192645,0.9173854151881858
2024,05,HUN.16.11_1,0.4658493870402803,0.883728465084157
2024,05,HUN.16.2_1,0.4816112084063048,0.8930285549745876
2024,05,HUN.16.3_1,0.48686514886164634,0.8960267853139213
2024,05,HUN.16.4_1,0.48511383537653247,0.8950329602869382
2024,05,HUN.16.5_1,0.4605954465849388,0.8805248434882459
2024,05,HUN.16.6_1,0.43782837127845886,0.8660254037844386
2024,05,HUN.16.7_1,0.5183887915936953,0.9129819275319747
2024,05,HUN.16.8_1,0.44133099824868655,0.8683225207260261
2024,05,HUN.16.9_1,0.4483362521891419,0.8728436286070947
2024,05,HUN.17.1_1,0.5674255691768827,0.936
2024,05,HUN.17.2_1,0.5796847635726796,0.9411461098044235
2024,05,HUN.17.3_1,0.5078809106830122,0.9075241043630743
2024,05,HUN.17.4_1,0.5516637478108581,0.9290317540321213
2024,05,HUN.17.5_1,0.6252189141856392,0.9582296175760798
2024,05,HUN.18.1_1,0.5814360770577934,0.9418619856433319
2024,05,HUN.18.2_1,0.6690017513134852,0.9717530550505102
2024,05,HUN.18.3_1,0.6567425569176883,0.9682458365518543
2024,05,HUN.18.4_1,0.670753064798599,0.9722365967191319
2024,05,HUN.18.5_1,0.6637478108581437,0.970276249322841
2024,05,HUN.18.6_1,0.5709281961471104,0.9374945333173949
2024,05,HUN.18.7_1,0.5884413309982488,0.9446777228240327
2024,05,HUN.18.8_1,0.6444833625218914,0.9645226798784983
2024,05,HUN.18.9_1,0.5709281961471104,0.9374945333173949
2024,05,HUN.19.1_1,0.5534150612959721,0.9298257901349047
2024,05,HUN.19.2_1,0.5639229422066551,0.9344859549506349
2024,05,HUN.19.3_1,0.6059544658493871,0.9513863568498342
2024,05,HUN.19.4_1,0.5761821366024519,0.939699952112375
2024,05,HUN.19.5_1,0.6339754816112084,0.9611576353543679
2024,05,HUN.19.6_1,0.5831873905429072,0.9425730740902798
2024,05,HUN.19.7_1,0.6182136602451839,0.9558054195284729
2024,05,HUN.19.8_1,0.5586690017513135,0.9321780945720619
2024,05,HUN.19.9_1,0.5831873905429072,0.9425730740902798
2024,05,HUN.2.1_1,0.5516637478108581,0.9290317540321213
2024,05,HUN.2.2_1,0.5288966725043783,0.918250510481753
2024,05,HUN.2.3_1,0.5656742556917689,0.9352454223357631
2024,05,HUN.2.4_1,0.5534150612959721,0.9298257901349047
2024,05,HUN.2.5_1,0.5954465849387042,0.9474175425861608
2024,05,HUN.2.6_1,0.6059544658493871,0.9513863568498342
2024,05,HUN.2.7_1,0.5359019264448337,0.9216593730874764
2024,05,HUN.2.8_1,0.5814360770577934,0.9418619856433319
2024,05,HUN.2.9_1,0.5674255691768827,0.936
2024,05,HUN.20.1_1,0.6234676007005254,0.9576304088739037
2024,05,HUN.20.2_1,0.6059544658493871,0.9513863568498342
2024,05,HUN.20.3_1,0.6462346760070053,0.965067873260736
2024,05,HUN.20.4_1,0.6462346760070053,0.965067873260736
2024,05,HUN.20.5_1,0.6059544658493871,0.9513863568498342
2024,05,HUN.20.6_1,0.6199649737302978,0.9564183185196736
2024,05,HUN.3.1_1,0.48336252189141865,0.8940335564172074
2024,05,HUN.3.2_1,0.5288966725043783,0.918250510481753
2024,05,HUN.3.3_1,0.5709281961471104,0.9374945333173949
2024,05,HUN.3.4_1,0.4973730297723292,0.9018736053350269
2024,05,HUN.3.5_1,0.5043782837127846,0.905662188677434
2024,05,HUN.3.6_1,0.5779334500875658,0.9404254356406998
2024,05,HUN.3.7_1,0.5166374781085814,0.9120855223058855
2024,05,HUN.3.8_1,0.5516637478108581,0.9290317540321213
2024,05,HUN.4.1_1,0.5166374781085814,0.9120855223058855
2024,05,HUN.4.10_1,0.5411558669001751,0.9241623234042816
2024,05,HUN.4.11_1,0.5131348511383538,0.9102768809543611
2024,05,HUN.4.12_1,0.500875656742557,0.9037787339830473
2024,05,HUN.4.13_1,0.532399299474606,0.9199652167337633
2024,05,HUN.4.14_1,0.5026269702276708,0.9047231620777706
2024,05,HUN.4.15_1,0.48511383537653247,0.8950329602869382
2024,05,HUN.4.2_1,0.5253940455341506,0.916515138991168
2024,05,HUN.4.3_1,0.48336252189141865,0.8940335564172074
2024,05,HUN.4.4_1,0.5253940455341506,0.916515138991168
2024,05,HUN.4.5_1,0.5831873905429072,0.9425730740902798
2024,05,HUN.4.6_1,0.5078809106830122,0.9075241043630743
2024,05,HUN.4.7_1,0.51138353765324,0.909364613342745
2024,05,HUN.4.8_1,0.5586690017513135,0.9321780945720619
2024,05,HUN.4.9_1,0.6374781085814362,0.962297251372984
2024,05,HUN.5.1_1,0.5814360770577934,0.9418619856433319
2024,05,HUN.6.1_1,0.4973730297723292,0.9018736053350269
2024,05,HUN.6.2_1,0.5026269702276708,0.9047231620777706
2024,05,HUN.6.3_1,0.4570928196147111,0.8783598351473045
2024,05,HUN.6.4_1,0.5656742556917689,0.9352454223357631
2024,05,HUN.6.5_1,0.48511383537653247,0.8950329602869382
2024,05,HUN.6.6_1,0.5183887915936953,0.9129819275319747
2024,05,HUN.6.7_1,0.5271453590192645,0.9173854151881858
2024,05,HUN.7.1_1,0.5078809106830122,0.9075241043630743
2024,05,HUN.7.10_1,0.521891418563923,0.9147589846511485
2024,05,HUN.7.2_1,0.5534150612959721,0.9298257901349047
2024,05,HUN.7.3_1,0.6007005253940456,0.9494229826584145
2024,05,HUN.7.4_1,0.5271453590192645,0.9173854151881858
2024,05,HUN.7.5_1,0.5796847635726796,0.9411461098044235
2024,05,HUN.7.6_1,0.5411558669001751,0.9241623234042816
2024,05,HUN.7.7_1,0.5306479859894921,0.9191104395011516
2024,05,HUN.7.8_1,0.5954465849387042,0.9474175425861608
2024,05,HUN.7.9_1,0.5814360770577934,0.9418619856433319
2024,05,HUN.8.1_1,0.5796847635726796,0.9411461098044235
2024,05,HUN.8.2_1,0.5744308231173381,0.9389696480717574
2024,05,HUN.8.3_1,0.5569176882661997,0.931398947819891
2024,05,HUN.8.4_1,0.5726795096322242,0.9382345122622595
2024,05,HUN.8.5_1,0.5586690017513135,0.9321780945720619
2024,05,HUN.8.6_1,0.6444833625218914,0.9645226798784983
2024,05,HUN.8.7_1,0.6007005253940456,0.9494229826584145
2024,05,HUN.9.1_1,0.5534150612959721,0.9298257901349047
2024,05,HUN.9.2_1,0.5306479859894921,0.9191104395011516
2024,05,HUN.9.3_1,0.5236427320490368,0.9156396671180208
2024,05,HUN.9.4_1,0.5271453590192645,0.9173854151881858
2024,05,HUN.9.5_1,0.4956217162872154,0.9009128703709366
2024,05,HUN.9.6_1,0.4535901926444834,0.8761712161444246
2024,05,HUN.9.7_1,0.5604203152364273,0.9329523031752481
2024,05,HUN.9.8_1,0.5166374781085814,0.9120855223058855
2024,05,HUN.9.9_1,0.56217162872154125,0.9337215859130601
2024,05,IRL.1.1_1,0.6619964973730298,0.9697752316903129
2024,05,IRL.1.2_1,0.7110332749562173,0.9821690282227392
2024,05,IRL.1.3_1,0.6672504378283713,0.9712651543219287
2024,05,IRL.10.1_1,0.6584938704028022,0.9687600322061186
2024,05,IRL.10.2_1,0.7005253940455343,0.9797958971132712
2024,05,IRL.10.4_1,0.6917688266199651,0.9777013859047148
2024,05,IRL.11.1_1,0.7057793345008757,0.9810015290507961
2024,05,IRL.11.2_1,0.6690017513134852,0.9717530550505102
2024,05,IRL.11.3_1,0.6847635726795097,0.9759487691472335
2024,05,IRL.12.1_1,0.7565674255691769,0.9907088371464141
2024,05,IRL.12.3_1,0.6725043782837129,0.9727157858285225
2024,05,IRL.13.2_1,0.7250437828371279,0.9850969495435462
2024,05,IRL.13.3_1,0.6812609457092821,0.975046665549911
2024,05,IRL.13.4_1,0.6952714535901927,0.97855199146494
2024,05,IRL.14.1_1,0.7145359019264449,0.9829262434180909
2024,05,IRL.14.2_1,0.7145359019264449,0.9829262434180909
2024,05,IRL.15.1_1,0.6830122591943959,0.9754998718605759
2024,05,IRL.15.2_1,0.6952714535901927,0.97855199146494
2024,05,IRL.15.3_1,0.7005253940455343,0.9797958971132712
2024,05,IRL.16.2_1,0.6760070052539405,0.9736611320166786
2024,05,IRL.16.3_1,0.6970227670753065,0.9789708882290628
2024,05,IRL.17.1_1,0.7092819614711035,0.9817840903172144
2024,05,IRL.17.2_1,0.6777583187390543,0.9741273017424364
2024,05,IRL.17.3_1,0.6917688266199651,0.9777013859047148
2024,05,IRL.17.4_1,0.6987740805604205,0.9793855216409929
2024,05,IRL.17.5_1,0.660245183887916,0.9692698282728087
2024,05,IRL.17.6_1,0.6935201401050789,0.9781288258711119
2024,05,IRL.18.1_1,0.6987740805604205,0.9793855216409929
2024,05,IRL.18.2_1,0.6970227670753065,0.9789708882290628
2024,05,IRL.18.3_1,0.6690017513134852,0.9717530550505102
2024,05,IRL.19.1_1,0.6094570928196147,0.9526720317087093
2024,05,IRL.19.2_1,0.6514886164623468,0.9666767815562759
2024,05,IRL.19.3_1,0.6584938704028022,0.9687600322061186
2024,05,IRL.2.1_1,0.712784588441331,0.9825497442877892
2024,05,IRL.2.2_1,0.6777583187390543,0.9741273017424364
2024,05,IRL.2.3_1,0.6742556917688267,0.9731906288081488
2024,05,IRL.20.1_1,0.7530647985989493,0.990151503558925
2024,05,IRL.20.3_1,0.6637478108581437,0.970276249322841
2024,05,IRL.22.3_1,0.6760070052539405,0.9736611320166786
2024,05,IRL.22.4_1,0.62697022767075306,0.9588242800430119
2024,05,IRL.22.5_1,0.6532399299474606,0.9672042183530839
2024,05,IRL.23.2_1,0.7022767075306481,0.9802020199938377
2024,05,IRL.23.3_1,0.7478108581436077,0.9892845899942038
2024,05,IRL.24.1_1,0.6830122591943959,0.9754998718605759
2024,05,IRL.24.2_1,0.6654991243432575,0.9707728879609279
2024,05,IRL.25.1_1,0.6952714535901927,0.97855199146494
2024,05,IRL.25.2_1,0.7145359019264449,0.9829262434180909
2024,05,IRL.25.3_1,0.7005253940455343,0.9797958971132712
2024,05,IRL.25.4_1,0.7443082311733801,0.9886859966642594
2024,05,IRL.25.5_1,0.7355516637478109,0.9871170143402452
2024,05,IRL.26.1_1,0.7355516637478109,0.9871170143402452
2024,05,IRL.26.2_1,0.6514886164623468,0.9666767815562759
2024,05,IRL.26.3_1,0.6882661996497373,0.976833660353696
2024,05,IRL.26.4_1,0.6742556917688267,0.9731906288081488
2024,05,IRL.26.5_1,0.7040280210157619,0.9806038955664005
2024,05,IRL.3.1_1,0.6795096322241682,0.9745891442038537
2024,05,IRL.3.2_1,0.6725043782837129,0.9727157858285225
2024,05,IRL.3.3_1,0.6322241681260946,0.9605810741421048
2024,05,IRL.3.4_1,0.6690017513134852,0.9717530550505102
2024,05,IRL.4.1_1,0.7390542907180385,0.9877570551507087
2024,05,IRL.4.2_1,0.6900175131348513,0.9772696659571503
2024,05,IRL.4.3_1,0.7092819614711035,0.9817840903172144
2024,05,IRL.4.4_1,0.6654991243432575,0.9707728879609279
2024,05,IRL.4.5_1,0.7565674255691769,0.9907088371464141
2024,05,IRL.4.6_1,0.7215411558669002,0.9843901665498289
2024,05,IRL.4.7_1,0.6935201401050789,0.9781288258711119
2024,05,IRL.4.8_1,0.6987740805604205,0.9793855216409929
2024,05,IRL.4.9_1,0.6532399299474606,0.9672042183530839
2024,05,IRL.5.1_1,0.7197898423817863,0.9840304873325826
2024,05,IRL.5.2_1,0.7460595446584939,0.9889873608899156
2024,05,IRL.5.3_1,0.7618213660245184,0.9915139938498094
2024,05,IRL.5.4_1,0.6725043782837129,0.9727157858285225
2024,05,IRL.5.5_1,0.6654991243432575,0.9707728879609279
2024,05,IRL.6.1_1,0.7022767075306481,0.9802020199938377
2024,05,IRL.6.2_1,0.7057793345008757,0.9810015290507961
2024,05,IRL.6.3_1,0.6935201401050789,0.9781288258711119
2024,05,IRL.6.4_1,0.712784588441331,0.9825497442877892
2024,05,IRL.7.1_1,0.6637478108581437,0.970276249322841
2024,05,IRL.7.2_1,0.6514886164623468,0.9666767815562759
2024,05,IRL.7.3_1,0.7075306479859896,0.9813949256033475
2024,05,IRL.7.4_1,0.6357267950963222,0.9617296917533533
2024,05,IRL.7.5_1,0.6917688266199651,0.9777013859047148
2024,05,IRL.7.6_1,0.6584938704028022,0.9687600322061186
2024,05,IRL.8.1_1,0.7040280210157619,0.9806038955664005
2024,05,IRL.8.2_1,0.6725043782837129,0.9727157858285225
2024,05,IRL.8.3_1,0.6952714535901927,0.97855199146494
2024,05,IRL.8.4_1,0.649737302977233,0.9661449166662318
2024,05,IRL.8.5_1,0.7390542907180385,0.9877570551507087
2024,05,IRL.9.1_1,0.6234676007005254,0.9576304088739037
2024,05,IRL.9.2_1,0.6935201401050789,0.9781288258711119
2024,05,IRL.9.3_1,0.6742556917688267,0.9731906288081488
2024,05,IRL.9.4_1,0.6777583187390543,0.9741273017424364
2024,05,IRL.9.5_1,0.6900175131348513,0.9772696659571503
2024,05,ITA.1.1.1_1,0.6252189141856392,0.9582296175760798
2024,05,ITA.1.1.10_1,0.6234676007005254,0.9576304088739037
2024,05,ITA.1.1.100_1,0.6094570928196147,0.9526720317087093
2024,05,ITA.1.1.101_1,0.670753064798599,0.9722365967191319
2024,05,ITA.1.1.102_1,0.5814360770577934,0.9418619856433319
2024,05,ITA.1.1.104_1,0.6479859894921192,0.9656086163658648
2024,05,ITA.1.1.11_1,0.6654991243432575,0.9707728879609279
2024,05,ITA.1.1.12_1,0.6147110332749562,0.954565869911553
2024,05,ITA.1.1.13_1,0.660245183887916,0.9692698282728087
2024,05,ITA.1.1.14_1,0.6637478108581437,0.970276249322841
2024,05,ITA.1.1.15_1,0.6532399299474606,0.9672042183530839
2024,05,ITA.1.1.16_1,0.6129597197898424,0.9539392014169457
2024,05,ITA.1.1.17_1,0.5954465849387042,0.9474175425861608
2024,05,ITA.1.1.18_1,0.6007005253940456,0.9494229826584145
2024,05,ITA.1.1.19_1,0.6217162872154116,0.9570266453970862
2024,05,ITA.1.1.2_1,0.6322241681260946,0.9605810741421048
2024,05,ITA.1.1.20_1,0.6304728546409808,0.96
2024,05,ITA.1.1.21_1,0.6024518388791593,0.9500821017154254
2024,05,ITA.1.1.22_1,0.6427320490367776,0.9639730286683336
2024,05,ITA.1.1.23_1,0.597197898423818,0.9480907129594721
2024,05,ITA.1.1.24_1,0.6427320490367776,0.9639730286683336
2024,05,ITA.1.1.25_1,0.6234676007005254,0.9576304088739037
2024,05,ITA.1.1.26_1,0.597197898423818,0.9480907129594721
2024,05,ITA.1.1.27_1,0.6444833625218914,0.9645226798784983
2024,05,ITA.1.1.28_1,0.6514886164623468,0.9666767815562759
2024,05,ITA.1.1.29_1,0.6129597197898424,0.9539392014169457
2024,05,ITA.1.1.3_1,0.6199649737302978,0.9564183185196736
2024,05,ITA.1.1.30_1,0.5779334500875658,0.9404254356406998
2024,05,ITA.1.1.31_1,0.6077057793345009,0.9520315120835025
2024,05,ITA.1.1.32_1,0.660245183887916,0.9692698282728087
2024,05,ITA.1.1.33_1,0.5604203152364273,0.9329523031752481
2024,05,ITA.1.1.34_1,0.6795096322241682,0.9745891442038537
2024,05,ITA.1.1.35_1,0.6672504378283713,0.9712651543219287
2024,05,ITA.1.1.36_1,0.6777583187390543,0.9741273017424364
2024,05,ITA.1.1.37_1,0.5709281961471104,0.9374945333173949
2024,05,ITA.1.1.38_1,0.6812609457092821,0.975046665549911
2024,05,ITA.1.1.39_1,0.6164623467600701,0.955187939622355
2024,05,ITA.1.1.4_1,0.5569176882661997,0.931398947819891
2024,05,ITA.1.1.40_1,0.6357267950963222,0.9617296917533533
2024,05,ITA.1.1.41_1,0.6567425569176883,0.9682458365518543
2024,05,ITA.1.1.42_1,0.5726795096322242,0.9382345122622595
2024,05,ITA.1.1.43_1,0.6182136602451839,0.9558054195284729
2024,05,ITA.1.1.44_1,0.6059544658493871,0.9513863568498342
2024,05,ITA.1.1.45_1,0.5814360770577934,0.9418619856433319
2024,05,ITA.1.1.46_1,0.6024518388791593,0.9500821017154254
2024,05,ITA.1.1.47_1,0.649737302977233,0.9661449166662318
2024,05,ITA.1.1.48_1,0.6077057793345009,0.9520315120835025
2024,05,ITA.1.1.49_1,0.6584938704028022,0.9687600322061186
2024,05,ITA.1.1.5_1,0.649737302977233,0.9661449166662318
2024,05,ITA.1.1.50_1,0.6199649737302978,0.9564183185196736
2024,05,ITA.1.1.51_1,0.6024518388791593,0.9500821017154254
2024,05,ITA.1.1.52_1,0.5954465849387042,0.9474175425861608
2024,05,ITA.1.1.53_1,0.6427320490367776,0.9639730286683336
2024,05,ITA.1.1.54_1,0.586690017513135,0.9439809320108113
2024,05,ITA.1.1.55_1,0.6182136602451839,0.9558054195284729
2024,05,ITA.1.1.56_1,0.6935201401050789,0.9781288258711119
2024,05,ITA.1.1.57_1,0.6059544658493871,0.9513863568498342
2024,05,ITA.1.1.58_1,0.6304728546409808,0.96
2024,05,ITA.1.1.59_1,0.5919439579684764,0.946057080730333
2024,05,ITA.1.1.6_1,0.6304728546409808,0.96
2024,05,ITA.1.1.60_1,0.628721541155867,0.9594144047282176
2024,05,ITA.1.1.61_1,0.5831873905429072,0.9425730740902798
2024,05,ITA.1.1.62_1,0.6812609457092821,0.975046665549911
2024,05,ITA.1.1.63_1,0.5569176882661997,0.931398947819891
2024,05,ITA.1.1.64_1,0.6094570928196147,0.9526720317087093
2024,05,ITA.1.1.65_1,0.5744308231173381,0.9389696480717574
2024,05,ITA.1.1.66_1,0.5814360770577934,0.9418619856433319
2024,05,ITA.1.1.67_1,0.6462346760070053,0.965067873260736
2024,05,ITA.1.1.68_1,0.6409807355516638,0.9634189120003821
2024,05,ITA.1.1.69_1,0.6024518388791593,0.9500821017154254
2024,05,ITA.1.1.7_1,0.6199649737302978,0.9564183185196736
2024,05,ITA.1.1.70_1,0.660245183887916,0.9692698282728087
2024,05,ITA.1.1.71_1,0.5761821366024519,0.939699952112375
2024,05,ITA.1.1.72_1,0.5919439579684764,0.946057080730333
2024,05,ITA.1.1.73_1,0.5884413309982488,0.9446777228240327
2024,05,ITA.1.1.74_1,0.7022767075306481,0.9802020199938377
2024,05,ITA.1.1.75_1,0.5726795096322242,0.9382345122622595
2024,05,ITA.1.1.76_1,0.6042031523642732,0.9507365565707464
2024,05,ITA.1.1.77_1,0.6164623467600701,0.955187939622355
2024,05,ITA.1.1.78_1,0.6584938704028022,0.9687600322061186
2024,05,ITA.1.1.79_1,0.628721541155867,0.9594144047282176
2024,05,ITA.1.1.8_1,0.6199649737302978,0.9564183185196736
2024,05,ITA.1.1.80_1,0.6042031523642732,0.9507365565707464
2024,05,ITA.1.1.81_1,0.6409807355516638,0.9634189120003821
2024,05,ITA.1.1.82_1,0.6567425569176883,0.9682458365518543
2024,05,ITA.1.1.83_1,0.7390542907180385,0.9877570551507087
2024,05,ITA.1.1.84_1,0.5936952714535902,0.9467396685467447
2024,05,ITA.1.1.85_1,0.6427320490367776,0.9639730286683336
2024,05,ITA.1.1.86_1,0.5639229422066551,0.9344859549506349
2024,05,ITA.1.1.87_1,0.6217162872154116,0.9570266453970862
2024,05,ITA.1.1.88_1,0.5814360770577934,0.9418619856433319
2024,05,ITA.1.1.89_1,0.6339754816112084,0.9611576353543679
2024,05,ITA.1.1.9_1,0.6042031523642732,0.9507365565707464
2024,05,ITA.1.1.90_1,0.6549912434325745,0.9677272342969376
2024,05,ITA.1.1.91_1,0.6252189141856392,0.9582296175760798
2024,05,ITA.1.1.92_1,0.670753064798599,0.9722365967191319
2024,05,ITA.1.1.93_1,0.6007005253940456,0.9494229826584145
2024,05,ITA.1.1.94_1,0.5709281961471104,0.9374945333173949
2024,05,ITA.1.1.95_1,0.6532399299474606,0.9672042183530839
2024,05,ITA.1.1.96_1,0.6795096322241682,0.9745891442038537
2024,05,ITA.1.1.97_1,0.597197898423818,0.9480907129594721
2024,05,ITA.1.1.98_1,0.6077057793345009,0.9520315120835025
2024,05,ITA.1.1.99_1,0.6304728546409808,0.96
2024,05,ITA.1.2.1_1,0.5884413309982488,0.9446777228240327
2024,05,ITA.1.2.10_1,0.6690017513134852,0.9717530550505102
2024,05,ITA.1.2.100_1,0.6234676007005254,0.9576304088739037
2024,05,ITA.1.2.101_1,0.6409807355516638,0.9634189120003821
2024,05,ITA.1.2.102_1,0.6462346760070053,0.965067873260736
2024,05,ITA.1.2.103_1,0.56217162872154125,0.9337215859130601
2024,05,ITA.1.2.104_1,0.6129597197898424,0.9539392014169457
2024,05,ITA.1.2.105_1,0.586690017513135,0.9439809320108113
2024,05,ITA.1.2.106_1,0.6514886164623468,0.9666767815562759
2024,05,ITA.1.2.107_1,0.6077057793345009,0.9520315120835025
2024,05,ITA.1.2.108_1,0.6917688266199651,0.9777013859047148
2024,05,ITA.1.2.11_1,0.5691768826619966,0.9367496997597597
2024,05,ITA.1.2.12_1,0.6147110332749562,0.954565869911553
2024,05,ITA.1.2.13_1,0.6129597197898424,0.9539392014169457
2024,05,ITA.1.2.14_1,0.5796847635726796,0.9411461098044235
2024,05,ITA.1.2.15_1,0.5551663747810859,0.9306148505155073
2024,05,ITA.1.2.16_1,0.5674255691768827,0.936
2024,05,ITA.1.2.17_1,0.6322241681260946,0.9605810741421048
2024,05,ITA.1.2.18_1,0.5884413309982488,0.9446777228240327
2024,05,ITA.1.2.19_1,0.5954465849387042,0.9474175425861608
2024,05,ITA.1.2.2_1,0.5884413309982488,0.9446777228240327
2024,05,ITA.1.2.20_1,0.6584938704028022,0.9687600322061186
2024,05,ITA.1.2.21_1,0.6007005253940456,0.9494229826584145
2024,05,ITA.1.2.22_1,0.5761821366024519,0.939699952112375
2024,05,ITA.1.2.23_1,0.6024518388791593,0.9500821017154254
2024,05,ITA.1.2.24_1,0.586690017513135,0.9439809320108113
2024,05,ITA.1.2.25_1,0.6549912434325745,0.9677272342969376
2024,05,ITA.1.2.26_1,0.5674255691768827,0.936
2024,05,ITA.1.2.27_1,0.6234676007005254,0.9576304088739037
2024,05,ITA.1.2.28_1,0.6847635726795097,0.9759487691472335
2024,05,ITA.1.2.29_1,0.6199649737302978,0.9564183185196736
2024,05,ITA.1.2.3_1,0.63922942206655,0.9628603221651623
2024,05,ITA.1.2.30_1,0.6357267950963222,0.9617296917533533
2024,05,ITA.1.2.31_1,0.6304728546409808,0.96
2024,05,ITA.1.2.32_1,0.6147110332749562,0.954565869911553
2024,05,ITA.1.2.33_1,0.5954465849387042,0.9474175425861608
2024,05,ITA.1.2.34_1,0.6199649737302978,0.9564183185196736
2024,05,ITA.1.2.35_1,0.5989492119089318,0.9487591896788141
2024,05,ITA.1.2.36_1,0.62697022767075306,0.9588242800430119
2024,05,ITA.1.2.37_1,0.6322241681260946,0.9605810741421048
2024,05,ITA.1.2.38_1,0.6357267950963222,0.9617296917533533
2024,05,ITA.1.2.39_1,0.6304728546409808,0.96
2024,05,ITA.1.2.4_1,0.6077057793345009,0.9520315120835025
2024,05,ITA.1.2.40_1,0.6199649737302978,0.9564183185196736
2024,05,ITA.1.2.41_1,0.6619964973730298,0.9697752316903129
2024,05,ITA.1.2.42_1,0.5901926444833626,0.9453697689264238
2024,05,ITA.1.2.43_1,0.6077057793345009,0.9520315120835025
2024,05,ITA.1.2.44_1,0.5919439579684764,0.946057080730333
2024,05,ITA.1.2.45_1,0.6059544658493871,0.9513863568498342
2024,05,ITA.1.2.46_1,0.597197898423818,0.9480907129594721
2024,05,ITA.1.2.47_1,0.63922942206655,0.9628603221651623
2024,05,ITA.1.2.48_1,0.62697022767075306,0.9588242800430119
2024,05,ITA.1.2.49_1,0.6690017513134852,0.9717530550505102
2024,05,ITA.1.2.5_1,0.6462346760070053,0.965067873260736
2024,05,ITA.1.2.50_1,0.6584938704028022,0.9687600322061186
2024,05,ITA.1.2.51_1,0.6094570928196147,0.9526720317087093
2024,05,ITA.1.2.52_1,0.6322241681260946,0.9605810741421048
2024,05,ITA.1.2.53_1,0.6199649737302978,0.9564183185196736
2024,05,ITA.1.2.54_1,0.6007005253940456,0.9494229826584145
2024,05,ITA.1.2.55_1,0.660245183887916,0.9692698282728087
2024,05,ITA.1.2.56_1,0.6007005253940456,0.9494229826584145
2024,05,ITA.1.2.57_1,0.6199649737302978,0.9564183185196736
2024,05,ITA.1.2.58_1,0.62697022767075306,0.9588242800430119
2024,05,ITA.1.2.59_1,0.5936952714535902,0.9467396685467447
2024,05,ITA.1.2.6_1,0.6182136602451839,0.9558054195284729
2024,05,ITA.1.2.60_1,0.6147110332749562,0.954565869911553
2024,05,ITA.1.2.61_1,0.63922942206655,0.9628603221651623
2024,05,ITA.1.2.62_1,0.6619964973730298,0.9697752316903129
2024,05,ITA.1.2.63_1,0.6479859894921192,0.9656086163658648
2024,05,ITA.1.2.64_1,0.628721541155867,0.9594144047282176
2024,05,ITA.1.2.65_1,0.6147110332749562,0.954565869911553
2024,05,ITA.1.2.66_1,0.6339754816112084,0.9611576353543679
2024,05,ITA.1.2.67_1,0.6637478108581437,0.970276249322841
2024,05,ITA.1.2.68_1,0.6024518388791593,0.9500821017154254
2024,05,ITA.1.2.69_1,0.6374781085814362,0.962297251372984
2024,05,ITA.1.2.7_1,0.6252189141856392,0.9582296175760798
2024,05,ITA.1.2.70_1,0.6462346760070053,0.965067873260736
2024,05,ITA.1.2.71_1,0.62697022767075306,0.9588242800430119
2024,05,ITA.1.2.72_1,0.6129597197898424,0.9539392014169457
2024,05,ITA.1.2.73_1,0.6164623467600701,0.955187939622355
2024,05,ITA.1.2.74_1,0.5411558669001751,0.9241623234042816
2024,05,ITA.1.2.75_1,0.63922942206655,0.9628603221651623
2024,05,ITA.1.2.76_1,0.6549912434325745,0.9677272342969376
2024,05,ITA.1.2.77_1,0.6462346760070053,0.965067873260736
2024,05,ITA.1.2.78_1,0.6619964973730298,0.9697752316903129
2024,05,ITA.1.2.79_1,0.6322241681260946,0.9605810741421048
2024,05,ITA.1.2.8_1,0.7197898423817863,0.9840304873325826
2024,05,ITA.1.2.80_1,0.586690017513135,0.9439809320108113
2024,05,ITA.1.2.81_1,0.5884413309982488,0.9446777228240327
2024,05,ITA.1.2.82_1,0.5779334500875658,0.9404254356406998
2024,05,ITA.1.2.83_1,0.6374781085814362,0.962297251372984
2024,05,ITA.1.2.84_1,0.6514886164623468,0.9666767815562759
2024,05,ITA.1.2.85_1,0.6619964973730298,0.9697752316903129
2024,05,ITA.1.2.86_1,0.6129597197898424,0.9539392014169457
2024,05,ITA.1.2.87_1,0.5989492119089318,0.9487591896788141
2024,05,ITA.1.2.88_1,0.5726795096322242,0.9382345122622595
2024,05,ITA.1.2.89_1,0.6987740805604205,0.9793855216409929
2024,05,ITA.1.2.9_1,0.5691768826619966,0.9367496997597597
2024,05,ITA.1.2.90_1,0.6147110332749562,0.954565869911553
2024,05,ITA.1.2.91_1,0.6742556917688267,0.9731906288081488
2024,05,ITA.1.2.92_1,0.5639229422066551,0.9344859549506349
2024,05,ITA.1.2.93_1,0.6094570928196147,0.9526720317087093
2024,05,ITA.1.2.94_1,0.6374781085814362,0.962297251372984
2024,05,ITA.1.2.95_1,0.6077057793345009,0.9520315120835025
2024,05,ITA.1.2.96_1,0.6217162872154116,0.9570266453970862
2024,05,ITA.1.2.97_1,0.6304728546409808,0.96
2024,05,ITA.1.2.98_1,0.6322241681260946,0.9605810741421048
2024,05,ITA.1.2.99_1,0.6427320490367776,0.9639730286683336
2024,05,ITA.1.3.1_1,0.6514886164623468,0.9666767815562759
2024,05,ITA.1.3.10_1,0.6865148861646235,0.9763933633531108
2024,05,ITA.1.3.11_1,0.6654991243432575,0.9707728879609279
2024,05,ITA.1.3.12_1,0.6549912434325745,0.9677272342969376
2024,05,ITA.1.3.13_1,0.597197898423818,0.9480907129594721
2024,05,ITA.1.3.14_1,0.6619964973730298,0.9697752316903129
2024,05,ITA.1.3.15_1,0.6654991243432575,0.9707728879609279
2024,05,ITA.1.3.16_1,0.6374781085814362,0.962297251372984
2024,05,ITA.1.3.17_1,0.6514886164623468,0.9666767815562759
2024,05,ITA.1.3.18_1,0.6654991243432575,0.9707728879609279
2024,05,ITA.1.3.19_1,0.6322241681260946,0.9605810741421048
2024,05,ITA.1.3.2_1,0.6234676007005254,0.9576304088739037
2024,05,ITA.1.3.20_1,0.6094570928196147,0.9526720317087093
2024,05,ITA.1.3.21_1,0.6357267950963222,0.9617296917533533
2024,05,ITA.1.3.22_1,0.6532399299474606,0.9672042183530839
2024,05,ITA.1.3.23_1,0.6024518388791593,0.9500821017154254
2024,05,ITA.1.3.24_1,0.6672504378283713,0.9712651543219287
2024,05,ITA.1.3.25_1,0.6830122591943959,0.9754998718605759
2024,05,ITA.1.3.26_1,0.6339754816112084,0.9611576353543679
2024,05,ITA.1.3.27_1,0.6444833625218914,0.9645226798784983
2024,05,ITA.1.3.28_1,0.7320490367775833,0.98646033878712025
2024,05,ITA.1.3.29_1,0.63922942206655,0.9628603221651623
2024,05,ITA.1.3.3_1,0.6760070052539405,0.9736611320166786
2024,05,ITA.1.3.30_1,0.6882661996497373,0.976833660353696
2024,05,ITA.1.3.31_1,0.6725043782837129,0.9727157858285225
2024,05,ITA.1.3.32_1,0.6252189141856392,0.9582296175760798
2024,05,ITA.1.3.33_1,0.6619964973730298,0.9697752316903129
2024,05,ITA.1.3.34_1,0.597197898423818,0.9480907129594721
2024,05,ITA.1.3.35_1,0.63922942206655,0.9628603221651623
2024,05,ITA.1.3.36_1,0.6584938704028022,0.9687600322061186
2024,05,ITA.1.3.37_1,0.62697022767075306,0.9588242800430119
2024,05,ITA.1.3.38_1,0.6217162872154116,0.9570266453970862
2024,05,ITA.1.3.39_1,0.6549912434325745,0.9677272342969376
2024,05,ITA.1.3.4_1,0.5831873905429072,0.9425730740902798
2024,05,ITA.1.3.40_1,0.6217162872154116,0.9570266453970862
2024,05,ITA.1.3.41_1,0.6882661996497373,0.976833660353696
2024,05,ITA.1.3.42_1,0.6742556917688267,0.9731906288081488
2024,05,ITA.1.3.43_1,0.5884413309982488,0.9446777228240327
2024,05,ITA.1.3.44_1,0.597197898423818,0.9480907129594721
2024,05,ITA.1.3.45_1,0.6217162872154116,0.9570266453970862
2024,05,ITA.1.3.46_1,0.5831873905429072,0.9425730740902798
2024,05,ITA.1.3.5_1,0.660245183887916,0.9692698282728087
2024,05,ITA.1.3.6_1,0.6970227670753065,0.9789708882290628
2024,05,ITA.1.3.7_1,0.5901926444833626,0.9453697689264238
2024,05,ITA.1.3.8_1,0.62697022767075306,0.9588242800430119
2024,05,ITA.1.3.9_1,0.649737302977233,0.9661449166662318
2024,05,ITA.1.4.10_1,0.5586690017513135,0.9321780945720619
2024,05,ITA.1.4.11_1,0.6059544658493871,0.9513863568498342
2024,05,ITA.1.4.12_1,0.5796847635726796,0.9411461098044235
2024,05,ITA.1.4.13_1,0.649737302977233,0.9661449166662318
2024,05,ITA.1.4.14_1,0.6619964973730298,0.9697752316903129
2024,05,ITA.1.4.15_1,0.7075306479859896,0.9813949256033475
2024,05,ITA.1.4.16_1,0.6952714535901927,0.97855199146494
2024,05,ITA.1.4.17_1,0.6584938704028022,0.9687600322061186
2024,05,ITA.1.4.18_1,0.6182136602451839,0.9558054195284729
2024,05,ITA.1.4.19_1,0.7898423817863398,0.9951864146982715
2024,05,ITA.1.4.2_1,0.6374781085814362,0.962297251372984
2024,05,ITA.1.4.20_1,0.7075306479859896,0.9813949256033475
2024,05,ITA.1.4.21_1,0.6847635726795097,0.9759487691472335
2024,05,ITA.1.4.22_1,0.5954465849387042,0.9474175425861608
2024,05,ITA.1.4.23_1,0.6129597197898424,0.9539392014169457
2024,05,ITA.1.4.24_1,0.6059544658493871,0.9513863568498342
2024,05,ITA.1.4.25_1,0.7110332749562173,0.9821690282227392
2024,05,ITA.1.4.26_1,0.5779334500875658,0.9404254356406998
2024,05,ITA.1.4.27_1,0.7495621716287216,0.9895776877031939
2024,05,ITA.1.4.28_1,0.6865148861646235,0.9763933633531108
2024,05,ITA.1.4.29_1,0.5831873905429072,0.9425730740902798
2024,05,ITA.1.4.3_1,0.5919439579684764,0.946057080730333
2024,05,ITA.1.4.30_1,0.6917688266199651,0.9777013859047148
2024,05,ITA.1.4.31_1,0.7267950963222417,0.9854440623394105
2024,05,ITA.1.4.32_1,0.6742556917688267,0.9731906288081488
2024,05,ITA.1.4.33_1,0.7022767075306481,0.9802020199938377
2024,05,ITA.1.4.34_1,0.6567425569176883,0.9682458365518543
2024,05,ITA.1.4.35_1,0.5796847635726796,0.9411461098044235
2024,05,ITA.1.4.36_1,0.6742556917688267,0.9731906288081488
2024,05,ITA.1.4.37_1,0.6059544658493871,0.9513863568498342
2024,05,ITA.1.4.38_1,0.7232924693520141,0.9847456524402634
2024,05,ITA.1.4.39_1,0.6952714535901927,0.97855199146494
2024,05,ITA.1.4.4_1,0.6760070052539405,0.9736611320166786
2024,05,ITA.1.4.40_1,0.6900175131348513,0.9772696659571503
2024,05,ITA.1.4.41_1,0.7162872154115587,0.9832985304575615
2024,05,ITA.1.4.42_1,0.6619964973730298,0.9697752316903129
2024,05,ITA.1.4.43_1,0.7145359019264449,0.9829262434180909
2024,05,ITA.1.4.44_1,0.6164623467600701,0.955187939622355
2024,05,ITA.1.4.45_1,0.7565674255691769,0.9907088371464141
2024,05,ITA.1.4.46_1,0.5779334500875658,0.9404254356406998
2024,05,ITA.1.4.47_1,0.6182136602451839,0.9558054195284729
2024,05,ITA.1.4.5_1,0.6444833625218914,0.9645226798784983
2024,05,ITA.1.4.6_1,0.6970227670753065,0.9789708882290628
2024,05,ITA.1.4.7_1,0.6217162872154116,0.9570266453970862
2024,05,ITA.1.4.8_1,0.660245183887916,0.9692698282728087
2024,05,ITA.1.4.9_1,0.7057793345008757,0.9810015290507961
2024,05,ITA.10.1.1_1,0.7513134851138354,0.9898666576867816
2024,05,ITA.10.1.10_1,0.7162872154115587,0.9832985304575615
2024,05,ITA.10.1.100_1,0.7443082311733801,0.9886859966642594
2024,05,ITA.10.1.101_1,0.7320490367775833,0.98646033878712025
2024,05,ITA.10.1.102_1,0.7565674255691769,0.9907088371464141
2024,05,ITA.10.1.103_1,0.6917688266199651,0.9777013859047148
2024,05,ITA.10.1.104_1,0.7355516637478109,0.9871170143402452
2024,05,ITA.10.1.105_1,0.6900175131348513,0.9772696659571503
2024,05,ITA.10.1.106_1,0.7005253940455343,0.9797958971132712
2024,05,ITA.10.1.107_1,0.6654991243432575,0.9707728879609279
2024,05,ITA.10.1.108_1,0.7548161120840631,0.9904322288778774
2024,05,ITA.10.1.109_1,0.7443082311733801,0.9886859966642594
2024,05,ITA.10.1.11_1,0.7338003502626971,0.986790757962396
2024,05,ITA.10.1.110_1,0.6900175131348513,0.9772696659571503
2024,05,ITA.10.1.111_1,0.7338003502626971,0.986790757962396
2024,05,ITA.10.1.112_1,0.6322241681260946,0.9605810741421048
2024,05,ITA.10.1.113_1,0.7267950963222417,0.9854440623394105
2024,05,ITA.10.1.114_1,0.7338003502626971,0.986790757962396
2024,05,ITA.10.1.115_1,0.7478108581436077,0.9892845899942038
2024,05,ITA.10.1.116_1,0.6725043782837129,0.9727157858285225
2024,05,ITA.10.1.117_1,0.6865148861646235,0.9763933633531108
2024,05,ITA.10.1.118_1,0.6777583187390543,0.9741273017424364
2024,05,ITA.10.1.119_1,0.788091068301226,0.99498743710662
2024,05,ITA.10.1.12_1,0.7320490367775833,0.98646033878712025
2024,05,ITA.10.1.120_1,0.7548161120840631,0.9904322288778774
2024,05,ITA.10.1.121_1,0.628721541155867,0.9594144047282176
2024,05,ITA.10.1.122_1,0.7565674255691769,0.9907088371464141
2024,05,ITA.10.1.123_1,0.7075306479859896,0.9813949256033475
2024,05,ITA.10.1.124_1,0.7495621716287216,0.9895776877031939
2024,05,ITA.10.1.125_1,0.7162872154115587,0.9832985304575615
2024,05,ITA.10.1.126_1,0.7215411558669002,0.9843901665498289
2024,05,ITA.10.1.127_1,0.7302977232924693,0.9861257526299574
2024,05,ITA.10.1.128_1,0.7408056042031524,0.9880708476622514
2024,05,ITA.10.1.129_1,0.7215411558669002,0.9843901665498289
2024,05,ITA.10.1.13_1,0.6847635726795097,0.9759487691472335
2024,05,ITA.10.1.130_1,0.7197898423817863,0.9840304873325826
2024,05,ITA.10.1.131_1,0.7355516637478109,0.9871170143402452
2024,05,ITA.10.1.132_1,0.6882661996497373,0.976833660353696
2024,05,ITA.10.1.133_1,0.7285464098073555,0.9857869952479592
2024,05,ITA.10.1.134_1,0.7443082311733801,0.9886859966642594
2024,05,ITA.10.1.135_1,0.6374781085814362,0.962297251372984
2024,05,ITA.10.1.136_1,0.7285464098073555,0.9857869952479592
2024,05,ITA.10.1.137_1,0.6777583187390543,0.9741273017424364
2024,05,ITA.10.1.138_1,0.7162872154115587,0.9832985304575615
2024,05,ITA.10.1.139_1,0.7040280210157619,0.9806038955664005
2024,05,ITA.10.1.14_1,0.712784588441331,0.9825497442877892
2024,05,ITA.10.1.140_1,0.6987740805604205,0.9793855216409929
2024,05,ITA.10.1.141_1,0.7232924693520141,0.9847456524402634
2024,05,ITA.10.1.142_1,0.7285464098073555,0.9857869952479592
2024,05,ITA.10.1.143_1,0.6987740805604205,0.9793855216409929
2024,05,ITA.10.1.144_1,0.7040280210157619,0.9806038955664005
2024,05,ITA.10.1.145_1,0.649737302977233,0.9661449166662318
2024,05,ITA.10.1.146_1,0.712784588441331,0.9825497442877892
2024,05,ITA.10.1.147_1,0.7653239929947461,0.9920302414745228
2024,05,ITA.10.1.148_1,0.7302977232924693,0.9861257526299574
2024,05,ITA.10.1.149_1,0.7408056042031524,0.9880708476622514
2024,05,ITA.10.1.15_1,0.6882661996497373,0.976833660353696
2024,05,ITA.10.1.150_1,0.7092819614711035,0.9817840903172144
2024,05,ITA.10.1.151_1,0.6637478108581437,0.970276249322841
2024,05,ITA.10.1.152_1,0.7040280210157619,0.9806038955664005
2024,05,ITA.10.1.153_1,0.7635726795096323,0.9917741678426597
2024,05,ITA.10.1.154_1,0.7057793345008757,0.9810015290507961
2024,05,ITA.10.1.155_1,0.7320490367775833,0.98646033878712025
2024,05,ITA.10.1.156_1,0.7197898423817863,0.9840304873325826
2024,05,ITA.10.1.157_1,0.7338003502626971,0.986790757962396
2024,05,ITA.10.1.158_1,0.7460595446584939,0.9889873608899156
2024,05,ITA.10.1.159_1,0.7110332749562173,0.9821690282227392
2024,05,ITA.10.1.16_1,0.6970227670753065,0.9789708882290628
2024,05,ITA.10.1.160_1,0.7425569176882663,0.9883804935347521
2024,05,ITA.10.1.161_1,0.7302977232924693,0.9861257526299574
2024,05,ITA.10.1.162_1,0.7513134851138354,0.9898666576867816
2024,05,ITA.10.1.163_1,0.6970227670753065,0.9789708882290628
2024,05,ITA.10.1.164_1,0.6970227670753065,0.9789708882290628
2024,05,ITA.10.1.165_1,0.6374781085814362,0.962297251372984
2024,05,ITA.10.1.166_1,0.6812609457092821,0.975046665549911
2024,05,ITA.10.1.167_1,0.7583187390542908,0.9909813318120578
2024,05,ITA.10.1.168_1,0.7145359019264449,0.9829262434180909
2024,05,ITA.10.1.169_1,0.7390542907180385,0.9877570551507087
2024,05,ITA.10.1.17_1,0.7215411558669002,0.9843901665498289
2024,05,ITA.10.1.170_1,0.6847635726795097,0.9759487691472335
2024,05,ITA.10.1.171_1,0.6987740805604205,0.9793855216409929
2024,05,ITA.10.1.172_1,0.6725043782837129,0.9727157858285225
2024,05,ITA.10.1.173_1,0.6935201401050789,0.9781288258711119
2024,05,ITA.10.1.174_1,0.7495621716287216,0.9895776877031939
2024,05,ITA.10.1.175_1,0.7390542907180385,0.9877570551507087
2024,05,ITA.10.1.176_1,0.7600700525394046,0.9912497162672985
2024,05,ITA.10.1.177_1,0.6777583187390543,0.9741273017424364
2024,05,ITA.10.1.178_1,0.7408056042031524,0.9880708476622514
2024,05,ITA.10.1.179_1,0.7740805604203153,0.9932492134404135
2024,05,ITA.10.1.18_1,0.6970227670753065,0.9789708882290628
2024,05,ITA.10.1.180_1,0.7723292469352014,0.9930135950730987
2024,05,ITA.10.1.181_1,0.6917688266199651,0.9777013859047148
2024,05,ITA.10.1.182_1,0.7425569176882663,0.9883804935347521
2024,05,ITA.10.1.183_1,0.6637478108581437,0.970276249322841
2024,05,ITA.10.1.184_1,0.6970227670753065,0.9789708882290628
2024,05,ITA.10.1.185_1,0.712784588441331,0.9825497442877892
2024,05,ITA.10.1.186_1,0.6847635726795097,0.9759487691472335
2024,05,ITA.10.1.187_1,0.6830122591943959,0.9754998718605759
2024,05,ITA.10.1.188_1,0.7460595446584939,0.9889873608899156
2024,05,ITA.10.1.189_1,0.7355516637478109,0.9871170143402452
2024,05,ITA.10.1.19_1,0.7600700525394046,0.9912497162672985
2024,05,ITA.10.1.190_1,0.7495621716287216,0.9895776877031939
2024,05,ITA.10.1.191_1,0.6462346760070053,0.965067873260736
2024,05,ITA.10.1.192_1,0.6882661996497373,0.976833660353696
2024,05,ITA.10.1.193_1,0.6795096322241682,0.9745891442038537
2024,05,ITA.10.1.194_1,0.6532399299474606,0.9672042183530839
2024,05,ITA.10.1.195_1,0.7180385288966725,0.983666610188635
2024,05,ITA.10.1.196_1,0.7338003502626971,0.986790757962396
2024,05,ITA.10.1.197_1,0.7092819614711035,0.9817840903172144
2024,05,ITA.10.1.198_1,0.7215411558669002,0.9843901665498289
2024,05,ITA.10.1.199_1,0.7390542907180385,0.9877570551507087
2024,05,ITA.10.1.2_1,0.6952714535901927,0.97855199146494
2024,05,ITA.10.1.20_1,0.6725043782837129,0.9727157858285225
2024,05,ITA.10.1.200_1,0.7110332749562173,0.9821690282227392
2024,05,ITA.10.1.201_1,0.7758318739054292,0.9934807496876826
2024,05,ITA.10.1.202_1,0.7320490367775833,0.98646033878712025
2024,05,ITA.10.1.203_1,0.6725043782837129,0.9727157858285225
2024,05,ITA.10.1.204_1,0.6830122591943959,0.9754998718605759
2024,05,ITA.10.1.205_1,0.7320490367775833,0.98646033878712025
2024,05,ITA.10.1.206_1,0.7005253940455343,0.9797958971132712
2024,05,ITA.10.1.207_1,0.6865148861646235,0.9763933633531108
2024,05,ITA.10.1.208_1,0.7443082311733801,0.9886859966642594
2024,05,ITA.10.1.209_1,0.7197898423817863,0.9840304873325826
2024,05,ITA.10.1.21_1,0.7267950963222417,0.9854440623394105
2024,05,ITA.10.1.210_1,0.7075306479859896,0.9813949256033475
2024,05,ITA.10.1.211_1,0.7232924693520141,0.9847456524402634
2024,05,ITA.10.1.212_1,0.6900175131348513,0.9772696659571503
2024,05,ITA.10.1.213_1,0.7355516637478109,0.9871170143402452
2024,05,ITA.10.1.214_1,0.712784588441331,0.9825497442877892
2024,05,ITA.10.1.215_1,0.7723292469352014,0.9930135950730987
2024,05,ITA.10.1.216_1,0.6567425569176883,0.9682458365518543
2024,05,ITA.10.1.217_1,0.7600700525394046,0.9912497162672985
2024,05,ITA.10.1.218_1,0.7478108581436077,0.9892845899942038
2024,05,ITA.10.1.219_1,0.7232924693520141,0.9847456524402634
2024,05,ITA.10.1.22_1,0.7302977232924693,0.9861257526299574
2024,05,ITA.10.1.220_1,0.7057793345008757,0.9810015290507961
2024,05,ITA.10.1.221_1,0.7197898423817863,0.9840304873325826
2024,05,ITA.10.1.222_1,0.6339754816112084,0.9611576353543679
2024,05,ITA.10.1.223_1,0.6847635726795097,0.9759487691472335
2024,05,ITA.10.1.224_1,0.6129597197898424,0.9539392014169457
2024,05,ITA.10.1.225_1,0.6427320490367776,0.9639730286683336
2024,05,ITA.10.1.226_1,0.6865148861646235,0.9763933633531108
2024,05,ITA.10.1.227_1,0.7040280210157619,0.9806038955664005
2024,05,ITA.10.1.228_1,0.6339754816112084,0.9611576353543679
2024,05,ITA.10.1.229_1,0.6900175131348513,0.9772696659571503
2024,05,ITA.10.1.23_1,0.7320490367775833,0.98646033878712025
2024,05,ITA.10.1.230_1,0.7197898423817863,0.9840304873325826
2024,05,ITA.10.1.231_1,0.7338003502626971,0.986790757962396
2024,05,ITA.10.1.232_1,0.7338003502626971,0.986790757962396
2024,05,ITA.10.1.233_1,0.712784588441331,0.9825497442877892
2024,05,ITA.10.1.234_1,0.7250437828371279,0.9850969495435462
2024,05,ITA.10.1.235_1,0.7075306479859896,0.9813949256033475
2024,05,ITA.10.1.237_1,0.6935201401050789,0.9781288258711119
2024,05,ITA.10.1.238_1,0.7635726795096323,0.9917741678426597
2024,05,ITA.10.1.239_1,0.7460595446584939,0.9889873608899156
2024,05,ITA.10.1.24_1,0.7320490367775833,0.98646033878712025
2024,05,ITA.10.1.240_1,0.7285464098073555,0.9857869952479592
2024,05,ITA.10.1.241_1,0.6584938704028022,0.9687600322061186
2024,05,ITA.10.1.242_1,0.7040280210157619,0.9806038955664005
2024,05,ITA.10.1.243_1,0.7285464098073555,0.9857869952479592
2024,05,ITA.10.1.244_1,0.7197898423817863,0.9840304873325826
2024,05,ITA.10.1.25_1,0.7250437828371279,0.9850969495435462
2024,05,ITA.10.1.26_1,0.6847635726795097,0.9759487691472335
2024,05,ITA.10.1.27_1,0.7302977232924693,0.9861257526299574
2024,05,ITA.10.1.28_1,0.7478108581436077,0.9892845899942038
2024,05,ITA.10.1.29_1,0.6672504378283713,0.9712651543219287
2024,05,ITA.10.1.3_1,0.7565674255691769,0.9907088371464141
2024,05,ITA.10.1.30_1,0.7110332749562173,0.9821690282227392
2024,05,ITA.10.1.31_1,0.7635726795096323,0.9917741678426597
2024,05,ITA.10.1.32_1,0.7075306479859896,0.9813949256033475
2024,05,ITA.10.1.33_1,0.7215411558669002,0.9843901665498289
2024,05,ITA.10.1.34_1,0.7635726795096323,0.9917741678426597
2024,05,ITA.10.1.35_1,0.7478108581436077,0.9892845899942038
2024,05,ITA.10.1.36_1,0.7373029772329247,0.987439112046915
2024,05,ITA.10.1.37_1,0.6619964973730298,0.9697752316903129
2024,05,ITA.10.1.38_1,0.7092819614711035,0.9817840903172144
2024,05,ITA.10.1.39_1,0.7373029772329247,0.987439112046915
2024,05,ITA.10.1.4_1,0.7302977232924693,0.9861257526299574
2024,05,ITA.10.1.40_1,0.7285464098073555,0.9857869952479592
2024,05,ITA.10.1.41_1,0.7180385288966725,0.983666610188635
2024,05,ITA.10.1.42_1,0.6427320490367776,0.9639730286683336
2024,05,ITA.10.1.43_1,0.6900175131348513,0.9772696659571503
2024,05,ITA.10.1.44_1,0.670753064798599,0.9722365967191319
2024,05,ITA.10.1.45_1,0.7688266199649738,0.9925301002992302
2024,05,ITA.10.1.46_1,0.7005253940455343,0.9797958971132712
2024,05,ITA.10.1.47_1,0.7005253940455343,0.9797958971132712
2024,05,ITA.10.1.48_1,0.6882661996497373,0.976833660353696
2024,05,ITA.10.1.49_1,0.7057793345008757,0.9810015290507961
2024,05,ITA.10.1.5_1,0.7320490367775833,0.98646033878712025
2024,05,ITA.10.1.50_1,0.7338003502626971,0.986790757962396
2024,05,ITA.10.1.51_1,0.7197898423817863,0.9840304873325826
2024,05,ITA.10.1.52_1,0.7618213660245184,0.9915139938498094
2024,05,ITA.10.1.53_1,0.7338003502626971,0.986790757962396
2024,05,ITA.10.1.54_1,0.6847635726795097,0.9759487691472335
2024,05,ITA.10.1.55_1,0.6672504378283713,0.9712651543219287
2024,05,ITA.10.1.56_1,0.7460595446584939,0.9889873608899156
2024,05,ITA.10.1.57_1,0.7075306479859896,0.9813949256033475
2024,05,ITA.10.1.58_1,0.7022767075306481,0.9802020199938377
2024,05,ITA.10.1.59_1,0.7390542907180385,0.9877570551507087
2024,05,ITA.10.1.6_1,0.7075306479859896,0.9813949256033475
2024,05,ITA.10.1.60_1,0.6795096322241682,0.9745891442038537
2024,05,ITA.10.1.61_1,0.7197898423817863,0.9840304873325826
2024,05,ITA.10.1.62_1,0.6935201401050789,0.9781288258711119
2024,05,ITA.10.1.63_1,0.7040280210157619,0.9806038955664005
2024,05,ITA.10.1.64_1,0.6917688266199651,0.9777013859047148
2024,05,ITA.10.1.65_1,0.7723292469352014,0.9930135950730987
2024,05,ITA.10.1.66_1,0.7373029772329247,0.987439112046915
2024,05,ITA.10.1.67_1,0.7215411558669002,0.9843901665498289
2024,05,ITA.10.1.68_1,0.7197898423817863,0.9840304873325826
2024,05,ITA.10.1.69_1,0.7390542907180385,0.9877570551507087
2024,05,ITA.10.1.7_1,0.7215411558669002,0.9843901665498289
2024,05,ITA.10.1.70_1,0.7302977232924693,0.9861257526299574
2024,05,ITA.10.1.71_1,0.7267950963222417,0.9854440623394105
2024,05,ITA.10.1.72_1,0.6952714535901927,0.97855199146494
2024,05,ITA.10.1.73_1,0.7267950963222417,0.9854440623394105
2024,05,ITA.10.1.74_1,0.7250437828371279,0.9850969495435462
2024,05,ITA.10.1.75_1,0.7425569176882663,0.9883804935347521
2024,05,ITA.10.1.76_1,0.7443082311733801,0.9886859966642594
2024,05,ITA.10.1.77_1,0.63922942206655,0.9628603221651623
2024,05,ITA.10.1.78_1,0.7180385288966725,0.983666610188635
2024,05,ITA.10.1.79_1,0.7828371278458844,0.9943661297530201
2024,05,ITA.10.1.8_1,0.7828371278458844,0.9943661297530201
2024,05,ITA.10.1.80_1,0.7513134851138354,0.9898666576867816
2024,05,ITA.10.1.81_1,0.7250437828371279,0.9850969495435462
2024,05,ITA.10.1.82_1,0.7075306479859896,0.9813949256033475
2024,05,ITA.10.1.83_1,0.7040280210157619,0.9806038955664005
2024,05,ITA.10.1.84_1,0.7530647985989493,0.990151503558925
2024,05,ITA.10.1.85_1,0.7320490367775833,0.98646033878712025
2024,05,ITA.10.1.86_1,0.7180385288966725,0.983666610188635
2024,05,ITA.10.1.87_1,0.7478108581436077,0.9892845899942038
2024,05,ITA.10.1.88_1,0.7338003502626971,0.986790757962396
2024,05,ITA.10.1.89_1,0.7180385288966725,0.983666610188635
2024,05,ITA.10.1.9_1,0.7408056042031524,0.9880708476622514
2024,05,ITA.10.1.90_1,0.7530647985989493,0.990151503558925
2024,05,ITA.10.1.91_1,0.7005253940455343,0.9797958971132712
2024,05,ITA.10.1.92_1,0.7530647985989493,0.990151503558925
2024,05,ITA.10.1.93_1,0.7548161120840631,0.9904322288778774
2024,05,ITA.10.1.94_1,0.7583187390542908,0.9909813318120578
2024,05,ITA.10.1.95_1,0.7250437828371279,0.9850969495435462
2024,05,ITA.10.1.96_1,0.7355516637478109,0.9871170143402452
2024,05,ITA.10.1.97_1,0.7250437828371279,0.9850969495435462
2024,05,ITA.10.1.98_1,0.7740805604203153,0.9932492134404135
2024,05,ITA.10.1.99_1,0.7162872154115587,0.9832985304575615
2024,05,ITA.10.10.1_1,0.7845884413309984,0.9945772971468834
2024,05,ITA.10.10.10_1,0.7408056042031524,0.9880708476622514
2024,05,ITA.10.10.100_1,0.6742556917688267,0.9731906288081488
2024,05,ITA.10.10.101_1,0.6865148861646235,0.9763933633531108
2024,05,ITA.10.10.102_1,0.7338003502626971,0.986790757962396
2024,05,ITA.10.10.103_1,0.7373029772329247,0.987439112046915
2024,05,ITA.10.10.104_1,0.7373029772329247,0.987439112046915
2024,05,ITA.10.10.105_1,0.7390542907180385,0.9877570551507087
2024,05,ITA.10.10.106_1,0.7320490367775833,0.98646033878712025
2024,05,ITA.10.10.107_1,0.7478108581436077,0.9892845899942038
2024,05,ITA.10.10.108_1,0.7197898423817863,0.9840304873325826
2024,05,ITA.10.10.109_1,0.6987740805604205,0.9793855216409929
2024,05,ITA.10.10.11_1,0.7022767075306481,0.9802020199938377
2024,05,ITA.10.10.110_1,0.7162872154115587,0.9832985304575615
2024,05,ITA.10.10.111_1,0.7092819614711035,0.9817840903172144
2024,05,ITA.10.10.112_1,0.7267950963222417,0.9854440623394105
2024,05,ITA.10.10.113_1,0.7267950963222417,0.9854440623394105
2024,05,ITA.10.10.114_1,0.7355516637478109,0.9871170143402452
2024,05,ITA.10.10.115_1,0.7705779334500876,0.9927738916792685
2024,05,ITA.10.10.116_1,0.6987740805604205,0.9793855216409929
2024,05,ITA.10.10.117_1,0.6637478108581437,0.970276249322841
2024,05,ITA.10.10.118_1,0.7530647985989493,0.990151503558925
2024,05,ITA.10.10.119_1,0.7232924693520141,0.9847456524402634
2024,05,ITA.10.10.12_1,0.7285464098073555,0.9857869952479592
2024,05,ITA.10.10.120_1,0.6795096322241682,0.9745891442038537
2024,05,ITA.10.10.121_1,0.670753064798599,0.9722365967191319
2024,05,ITA.10.10.122_1,0.6952714535901927,0.97855199146494
2024,05,ITA.10.10.123_1,0.7232924693520141,0.9847456524402634
2024,05,ITA.10.10.124_1,0.7057793345008757,0.9810015290507961
2024,05,ITA.10.10.125_1,0.6830122591943959,0.9754998718605759
2024,05,ITA.10.10.126_1,0.7285464098073555,0.9857869952479592
2024,05,ITA.10.10.127_1,0.7443082311733801,0.9886859966642594
2024,05,ITA.10.10.128_1,0.6725043782837129,0.9727157858285225
2024,05,ITA.10.10.129_1,0.7373029772329247,0.987439112046915
2024,05,ITA.10.10.13_1,0.7460595446584939,0.9889873608899156
2024,05,ITA.10.10.130_1,0.7110332749562173,0.9821690282227392
2024,05,ITA.10.10.131_1,0.7635726795096323,0.9917741678426597
2024,05,ITA.10.10.132_1,0.6549912434325745,0.9677272342969376
2024,05,ITA.10.10.133_1,0.7338003502626971,0.986790757962396
2024,05,ITA.10.10.134_1,0.649737302977233,0.9661449166662318
2024,05,ITA.10.10.135_1,0.7092819614711035,0.9817840903172144
2024,05,ITA.10.10.136_1,0.7197898423817863,0.9840304873325826
2024,05,ITA.10.10.137_1,0.7162872154115587,0.9832985304575615
2024,05,ITA.10.10.138_1,0.7162872154115587,0.9832985304575615
2024,05,ITA.10.10.139_1,0.6952714535901927,0.97855199146494
2024,05,ITA.10.10.14_1,0.7302977232924693,0.9861257526299574
2024,05,ITA.10.10.140_1,0.7145359019264449,0.9829262434180909
2024,05,ITA.10.10.141_1,0.7285464098073555,0.9857869952479592
2024,05,ITA.10.10.142_1,0.6952714535901927,0.97855199146494
2024,05,ITA.10.10.143_1,0.7373029772329247,0.987439112046915
2024,05,ITA.10.10.144_1,0.6112084063047285,0.9533079250693346
2024,05,ITA.10.10.145_1,0.7162872154115587,0.9832985304575615
2024,05,ITA.10.10.146_1,0.7285464098073555,0.9857869952479592
2024,05,ITA.10.10.147_1,0.7180385288966725,0.983666610188635
2024,05,ITA.10.10.148_1,0.7162872154115587,0.9832985304575615
2024,05,ITA.10.10.149_1,0.6935201401050789,0.9781288258711119
2024,05,ITA.10.10.15_1,0.7267950963222417,0.9854440623394105
2024,05,ITA.10.10.150_1,0.6987740805604205,0.9793855216409929
2024,05,ITA.10.10.151_1,0.7092819614711035,0.9817840903172144
2024,05,ITA.10.10.152_1,0.7285464098073555,0.9857869952479592
2024,05,ITA.10.10.153_1,0.7460595446584939,0.9889873608899156
2024,05,ITA.10.10.154_1,0.6952714535901927,0.97855199146494
2024,05,ITA.10.10.155_1,0.7232924693520141,0.9847456524402634
2024,05,ITA.10.10.156_1,0.6917688266199651,0.9777013859047148
2024,05,ITA.10.10.157_1,0.7548161120840631,0.9904322288778774
2024,05,ITA.10.10.158_1,0.7250437828371279,0.9850969495435462
2024,05,ITA.10.10.159_1,0.7548161120840631,0.9904322288778774
2024,05,ITA.10.10.16_1,0.7215411558669002,0.9843901665498289
2024,05,ITA.10.10.160_1,0.6900175131348513,0.9772696659571503
2024,05,ITA.10.10.161_1,0.6830122591943959,0.9754998718605759
2024,05,ITA.10.10.162_1,0.7040280210157619,0.9806038955664005
2024,05,ITA.10.10.163_1,0.7408056042031524,0.9880708476622514
2024,05,ITA.10.10.164_1,0.7373029772329247,0.987439112046915
2024,05,ITA.10.10.165_1,0.6690017513134852,0.9717530550505102
2024,05,ITA.10.10.166_1,0.6514886164623468,0.9666767815562759
2024,05,ITA.10.10.167_1,0.7022767075306481,0.9802020199938377
2024,05,ITA.10.10.168_1,0.6987740805604205,0.9793855216409929
2024,05,ITA.10.10.169_1,0.7075306479859896,0.9813949256033475
2024,05,ITA.10.10.17_1,0.7793345008756568,0.993931587182941
2024,05,ITA.10.10.170_1,0.6690017513134852,0.9717530550505102
2024,05,ITA.10.10.171_1,0.6725043782837129,0.9727157858285225
2024,05,ITA.10.10.172_1,0.7110332749562173,0.9821690282227392
2024,05,ITA.10.10.173_1,0.7250437828371279,0.9850969495435462
2024,05,ITA.10.10.174_1,0.7040280210157619,0.9806038955664005
2024,05,ITA.10.10.175_1,0.7110332749562173,0.9821690282227392
2024,05,ITA.10.10.176_1,0.7022767075306481,0.9802020199938377
2024,05,ITA.10.10.177_1,0.7600700525394046,0.9912497162672985
2024,05,ITA.10.10.178_1,0.7040280210157619,0.9806038955664005
2024,05,ITA.10.10.179_1,0.7495621716287216,0.9895776877031939
2024,05,ITA.10.10.18_1,0.6584938704028022,0.9687600322061186
2024,05,ITA.10.10.180_1,0.6690017513134852,0.9717530550505102
2024,05,ITA.10.10.181_1,0.7075306479859896,0.9813949256033475
2024,05,ITA.10.10.182_1,0.670753064798599,0.9722365967191319
2024,05,ITA.10.10.183_1,0.6900175131348513,0.9772696659571503
2024,05,ITA.10.10.184_1,0.6917688266199651,0.9777013859047148
2024,05,ITA.10.10.185_1,0.6742556917688267,0.9731906288081488
2024,05,ITA.10.10.186_1,0.7302977232924693,0.9861257526299574
2024,05,ITA.10.10.187_1,0.7390542907180385,0.9877570551507087
2024,05,ITA.10.10.188_1,0.7338003502626971,0.986790757962396
2024,05,ITA.10.10.189_1,0.7180385288966725,0.983666610188635
2024,05,ITA.10.10.19_1,0.7390542907180385,0.9877570551507087
2024,05,ITA.10.10.190_1,0.7145359019264449,0.9829262434180909
2024,05,ITA.10.10.2_1,0.7688266199649738,0.9925301002992302
2024,05,ITA.10.10.20_1,0.7408056042031524,0.9880708476622514
2024,05,ITA.10.10.21_1,0.6760070052539405,0.9736611320166786
2024,05,ITA.10.10.22_1,0.6987740805604205,0.9793855216409929
2024,05,ITA.10.10.23_1,0.6970227670753065,0.9789708882290628
2024,05,ITA.10.10.24_1,0.7057793345008757,0.9810015290507961
2024,05,ITA.10.10.25_1,0.7390542907180385,0.9877570551507087
2024,05,ITA.10.10.26_1,0.7478108581436077,0.9892845899942038
2024,05,ITA.10.10.27_1,0.6654991243432575,0.9707728879609279
2024,05,ITA.10.10.28_1,0.6900175131348513,0.9772696659571503
2024,05,ITA.10.10.29_1,0.7320490367775833,0.98646033878712025
2024,05,ITA.10.10.3_1,0.7197898423817863,0.9840304873325826
2024,05,ITA.10.10.30_1,0.6987740805604205,0.9793855216409929
2024,05,ITA.10.10.31_1,0.8056042031523644,0.996794863550169
2024,05,ITA.10.10.32_1,0.7197898423817863,0.9840304873325826
2024,05,ITA.10.10.33_1,0.7495621716287216,0.9895776877031939
2024,05,ITA.10.10.34_1,0.6760070052539405,0.9736611320166786
2024,05,ITA.10.10.35_1,0.7355516637478109,0.9871170143402452
2024,05,ITA.10.10.36_1,0.6987740805604205,0.9793855216409929
2024,05,ITA.10.10.37_1,0.6917688266199651,0.9777013859047148
2024,05,ITA.10.10.38_1,0.7285464098073555,0.9857869952479592
2024,05,ITA.10.10.39_1,0.7443082311733801,0.9886859966642594
2024,05,ITA.10.10.4_1,0.7478108581436077,0.9892845899942038
2024,05,ITA.10.10.40_1,0.6812609457092821,0.975046665549911
2024,05,ITA.10.10.41_1,0.7338003502626971,0.986790757962396
2024,05,ITA.10.10.42_1,0.6654991243432575,0.9707728879609279
2024,05,ITA.10.10.43_1,0.7162872154115587,0.9832985304575615
2024,05,ITA.10.10.44_1,0.7162872154115587,0.9832985304575615
2024,05,ITA.10.10.45_1,0.7285464098073555,0.9857869952479592
2024,05,ITA.10.10.46_1,0.7145359019264449,0.9829262434180909
2024,05,ITA.10.10.47_1,0.7373029772329247,0.987439112046915
2024,05,ITA.10.10.48_1,0.6865148861646235,0.9763933633531108
2024,05,ITA.10.10.49_1,0.7162872154115587,0.9832985304575615
2024,05,ITA.10.10.5_1,0.7460595446584939,0.9889873608899156
2024,05,ITA.10.10.50_1,0.7723292469352014,0.9930135950730987
2024,05,ITA.10.10.51_1,0.7040280210157619,0.9806038955664005
2024,05,ITA.10.10.52_1,0.6690017513134852,0.9717530550505102
2024,05,ITA.10.10.53_1,0.7197898423817863,0.9840304873325826
2024,05,ITA.10.10.54_1,0.788091068301226,0.99498743710662
2024,05,ITA.10.10.55_1,0.6882661996497373,0.976833660353696
2024,05,ITA.10.10.56_1,0.7162872154115587,0.9832985304575615
2024,05,ITA.10.10.57_1,0.7145359019264449,0.9829262434180909
2024,05,ITA.10.10.58_1,0.6847635726795097,0.9759487691472335
2024,05,ITA.10.10.59_1,0.6970227670753065,0.9789708882290628
2024,05,ITA.10.10.6_1,0.7197898423817863,0.9840304873325826
2024,05,ITA.10.10.60_1,0.7197898423817863,0.9840304873325826
2024,05,ITA.10.10.61_1,0.7250437828371279,0.9850969495435462
2024,05,ITA.10.10.62_1,0.7075306479859896,0.9813949256033475
2024,05,ITA.10.10.63_1,0.6970227670753065,0.9789708882290628
2024,05,ITA.10.10.64_1,0.6795096322241682,0.9745891442038537
2024,05,ITA.10.10.65_1,0.7162872154115587,0.9832985304575615
2024,05,ITA.10.10.66_1,0.6830122591943959,0.9754998718605759
2024,05,ITA.10.10.67_1,0.7040280210157619,0.9806038955664005
2024,05,ITA.10.10.68_1,0.76707530647986,0.9922822179198819
2024,05,ITA.10.10.69_1,0.6935201401050789,0.9781288258711119
2024,05,ITA.10.10.7_1,0.6654991243432575,0.9707728879609279
2024,05,ITA.10.10.70_1,0.7513134851138354,0.9898666576867816
2024,05,ITA.10.10.71_1,0.6900175131348513,0.9772696659571503
2024,05,ITA.10.10.72_1,0.7215411558669002,0.9843901665498289
2024,05,ITA.10.10.73_1,0.6830122591943959,0.9754998718605759
2024,05,ITA.10.10.74_1,0.6935201401050789,0.9781288258711119
2024,05,ITA.10.10.75_1,0.7460595446584939,0.9889873608899156
2024,05,ITA.10.10.76_1,0.712784588441331,0.9825497442877892
2024,05,ITA.10.10.77_1,0.7232924693520141,0.9847456524402634
2024,05,ITA.10.10.78_1,0.7022767075306481,0.9802020199938377
2024,05,ITA.10.10.79_1,0.7162872154115587,0.9832985304575615
2024,05,ITA.10.10.8_1,0.6935201401050789,0.9781288258711119
2024,05,ITA.10.10.80_1,0.7110332749562173,0.9821690282227392
2024,05,ITA.10.10.81_1,0.6847635726795097,0.9759487691472335
2024,05,ITA.10.10.82_1,0.6900175131348513,0.9772696659571503
2024,05,ITA.10.10.83_1,0.7180385288966725,0.983666610188635
2024,05,ITA.10.10.84_1,0.7513134851138354,0.9898666576867816
2024,05,ITA.10.10.85_1,0.7373029772329247,0.987439112046915
2024,05,ITA.10.10.86_1,0.7232924693520141,0.9847456524402634
2024,05,ITA.10.10.87_1,0.7653239929947461,0.9920302414745228
2024,05,ITA.10.10.88_1,0.7338003502626971,0.986790757962396
2024,05,ITA.10.10.89_1,0.6077057793345009,0.9520315120835025
2024,05,ITA.10.10.9_1,0.7460595446584939,0.9889873608899156
2024,05,ITA.10.10.90_1,0.7618213660245184,0.9915139938498094
2024,05,ITA.10.10.91_1,0.7197898423817863,0.9840304873325826
2024,05,ITA.10.10.92_1,0.7338003502626971,0.986790757962396
2024,05,ITA.10.10.93_1,0.7285464098073555,0.9857869952479592
2024,05,ITA.10.10.94_1,0.660245183887916,0.9692698282728087
2024,05,ITA.10.10.95_1,0.6514886164623468,0.9666767815562759
2024,05,ITA.10.10.96_1,0.7320490367775833,0.98646033878712025
2024,05,ITA.10.10.97_1,0.6865148861646235,0.9763933633531108
2024,05,ITA.10.10.98_1,0.7092819614711035,0.9817840903172144
2024,05,ITA.10.10.99_1,0.7408056042031524,0.9880708476622514
2024,05,ITA.10.11.1_1,0.6952714535901927,0.97855199146494
2024,05,ITA.10.11.10_1,0.6760070052539405,0.9736611320166786
2024,05,ITA.10.11.11_1,0.6935201401050789,0.9781288258711119
2024,05,ITA.10.11.12_1,0.660245183887916,0.9692698282728087
2024,05,ITA.10.11.13_1,0.6129597197898424,0.9539392014169457
2024,05,ITA.10.11.14_1,0.6690017513134852,0.9717530550505102
2024,05,ITA.10.11.15_1,0.6129597197898424,0.9539392014169457
2024,05,ITA.10.11.16_1,0.6444833625218914,0.9645226798784983
2024,05,ITA.10.11.17_1,0.7075306479859896,0.9813949256033475
2024,05,ITA.10.11.18_1,0.6777583187390543,0.9741273017424364
2024,05,ITA.10.11.19_1,0.5376532399299475,0.9224987804869988
2024,05,ITA.10.11.2_1,0.628721541155867,0.9594144047282176
2024,05,ITA.10.11.20_1,0.5989492119089318,0.9487591896788141
2024,05,ITA.10.11.21_1,0.7302977232924693,0.9861257526299574
2024,05,ITA.10.11.22_1,0.6304728546409808,0.96
2024,05,ITA.10.11.23_1,0.6549912434325745,0.9677272342969376
2024,05,ITA.10.11.24_1,0.7092819614711035,0.9817840903172144
2024,05,ITA.10.11.25_1,0.6322241681260946,0.9605810741421048
2024,05,ITA.10.11.26_1,0.7250437828371279,0.9850969495435462
2024,05,ITA.10.11.27_1,0.7320490367775833,0.98646033878712025
2024,05,ITA.10.11.28_1,0.6042031523642732,0.9507365565707464
2024,05,ITA.10.11.29_1,0.6584938704028022,0.9687600322061186
2024,05,ITA.10.11.3_1,0.6812609457092821,0.975046665549911
2024,05,ITA.10.11.30_1,0.660245183887916,0.9692698282728087
2024,05,ITA.10.11.31_1,0.7075306479859896,0.9813949256033475
2024,05,ITA.10.11.32_1,0.6865148861646235,0.9763933633531108
2024,05,ITA.10.11.33_1,0.5954465849387042,0.9474175425861608
2024,05,ITA.10.11.34_1,0.6094570928196147,0.9526720317087093
2024,05,ITA.10.11.35_1,0.5656742556917689,0.9352454223357631
2024,05,ITA.10.11.36_1,0.5201401050788091,0.9138730765264944
2024,05,ITA.10.11.37_1,0.6742556917688267,0.9731906288081488
2024,05,ITA.10.11.38_1,0.6042031523642732,0.9507365565707464
2024,05,ITA.10.11.39_1,0.7180385288966725,0.983666610188635
2024,05,ITA.10.11.4_1,0.6760070052539405,0.9736611320166786
2024,05,ITA.10.11.40_1,0.6479859894921192,0.9656086163658648
2024,05,ITA.10.11.41_1,0.6865148861646235,0.9763933633531108
2024,05,ITA.10.11.42_1,0.6690017513134852,0.9717530550505102
2024,05,ITA.10.11.43_1,0.6795096322241682,0.9745891442038537
2024,05,ITA.10.11.44_1,0.660245183887916,0.9692698282728087
2024,05,ITA.10.11.45_1,0.6637478108581437,0.970276249322841
2024,05,ITA.10.11.46_1,0.6567425569176883,0.9682458365518543
2024,05,ITA.10.11.47_1,0.6690017513134852,0.9717530550505102
2024,05,ITA.10.11.48_1,0.6847635726795097,0.9759487691472335
2024,05,ITA.10.11.49_1,0.6182136602451839,0.9558054195284729
2024,05,ITA.10.11.5_1,0.6654991243432575,0.9707728879609279
2024,05,ITA.10.11.50_1,0.6164623467600701,0.955187939622355
2024,05,ITA.10.11.51_1,0.6322241681260946,0.9605810741421048
2024,05,ITA.10.11.52_1,0.6584938704028022,0.9687600322061186
2024,05,ITA.10.11.53_1,0.628721541155867,0.9594144047282176
2024,05,ITA.10.11.54_1,0.6462346760070053,0.965067873260736
2024,05,ITA.10.11.55_1,0.7215411558669002,0.9843901665498289
2024,05,ITA.10.11.56_1,0.6795096322241682,0.9745891442038537
2024,05,ITA.10.11.57_1,0.6690017513134852,0.9717530550505102
2024,05,ITA.10.11.58_1,0.6322241681260946,0.9605810741421048
2024,05,ITA.10.11.59_1,0.7267950963222417,0.9854440623394105
2024,05,ITA.10.11.6_1,0.6532399299474606,0.9672042183530839
2024,05,ITA.10.11.60_1,0.6059544658493871,0.9513863568498342
2024,05,ITA.10.11.61_1,0.6094570928196147,0.9526720317087093
2024,05,ITA.10.11.62_1,0.5901926444833626,0.9453697689264238
2024,05,ITA.10.11.63_1,0.5779334500875658,0.9404254356406998
2024,05,ITA.10.11.64_1,0.6182136602451839,0.9558054195284729
2024,05,ITA.10.11.65_1,0.6584938704028022,0.9687600322061186
2024,05,ITA.10.11.66_1,0.7373029772329247,0.987439112046915
2024,05,ITA.10.11.67_1,0.6112084063047285,0.9533079250693346
2024,05,ITA.10.11.68_1,0.6812609457092821,0.975046665549911
2024,05,ITA.10.11.69_1,0.6795096322241682,0.9745891442038537
2024,05,ITA.10.11.7_1,0.5936952714535902,0.9467396685467447
2024,05,ITA.10.11.70_1,0.6094570928196147,0.9526720317087093
2024,05,ITA.10.11.71_1,0.597197898423818,0.9480907129594721
2024,05,ITA.10.11.72_1,0.48511383537653247,0.8950329602869382
2024,05,ITA.10.11.73_1,0.5359019264448337,0.9216593730874764
2024,05,ITA.10.11.74_1,0.490367775831874,0.8979977728257459
2024,05,ITA.10.11.75_1,0.6725043782837129,0.9727157858285225
2024,05,ITA.10.11.76_1,0.63922942206655,0.9628603221651623
2024,05,ITA.10.11.77_1,0.5989492119089318,0.9487591896788141
2024,05,ITA.10.11.78_1,0.6409807355516638,0.9634189120003821
2024,05,ITA.10.11.8_1,0.6532399299474606,0.9672042183530839
2024,05,ITA.10.11.9_1,0.532399299474606,0.9199652167337633
2024,05,ITA.10.12.1_1,0.670753064798599,0.9722365967191319
2024,05,ITA.10.12.10_1,0.660245183887916,0.9692698282728087
2024,05,ITA.10.12.100_1,0.6847635726795097,0.9759487691472335
2024,05,ITA.10.12.101_1,0.7092819614711035,0.9817840903172144
2024,05,ITA.10.12.102_1,0.6812609457092821,0.975046665549911
2024,05,ITA.10.12.103_1,0.6795096322241682,0.9745891442038537
2024,05,ITA.10.12.104_1,0.6619964973730298,0.9697752316903129
2024,05,ITA.10.12.105_1,0.7005253940455343,0.9797958971132712
2024,05,ITA.10.12.106_1,0.6987740805604205,0.9793855216409929
2024,05,ITA.10.12.107_1,0.7285464098073555,0.9857869952479592
2024,05,ITA.10.12.108_1,0.6725043782837129,0.9727157858285225
2024,05,ITA.10.12.109_1,0.7408056042031524,0.9880708476622514
2024,05,ITA.10.12.11_1,0.7355516637478109,0.9871170143402452
2024,05,ITA.10.12.110_1,0.6795096322241682,0.9745891442038537
2024,05,ITA.10.12.111_1,0.7355516637478109,0.9871170143402452
2024,05,ITA.10.12.112_1,0.6479859894921192,0.9656086163658648
2024,05,ITA.10.12.113_1,0.7162872154115587,0.9832985304575615
2024,05,ITA.10.12.114_1,0.6462346760070053,0.965067873260736
2024,05,ITA.10.12.115_1,0.6865148861646235,0.9763933633531108
2024,05,ITA.10.12.116_1,0.6882661996497373,0.976833660353696
2024,05,ITA.10.12.117_1,0.7180385288966725,0.983666610188635
2024,05,ITA.10.12.118_1,0.7040280210157619,0.9806038955664005
2024,05,ITA.10.12.119_1,0.660245183887916,0.9692698282728087
2024,05,ITA.10.12.12_1,0.6987740805604205,0.9793855216409929
2024,05,ITA.10.12.120_1,0.7057793345008757,0.9810015290507961
2024,05,ITA.10.12.121_1,0.7092819614711035,0.9817840903172144
2024,05,ITA.10.12.122_1,0.7285464098073555,0.9857869952479592
2024,05,ITA.10.12.123_1,0.7548161120840631,0.9904322288778774
2024,05,ITA.10.12.124_1,0.7057793345008757,0.9810015290507961
2024,05,ITA.10.12.125_1,0.7250437828371279,0.9850969495435462
2024,05,ITA.10.12.126_1,0.660245183887916,0.9692698282728087
2024,05,ITA.10.12.127_1,0.6935201401050789,0.9781288258711119
2024,05,ITA.10.12.128_1,0.7005253940455343,0.9797958971132712
2024,05,ITA.10.12.129_1,0.7355516637478109,0.9871170143402452
2024,05,ITA.10.12.13_1,0.6935201401050789,0.9781288258711119
2024,05,ITA.10.12.130_1,0.6514886164623468,0.9666767815562759
2024,05,ITA.10.12.131_1,0.7110332749562173,0.9821690282227392
2024,05,ITA.10.12.132_1,0.6830122591943959,0.9754998718605759
2024,05,ITA.10.12.133_1,0.6795096322241682,0.9745891442038537
2024,05,ITA.10.12.134_1,0.7215411558669002,0.9843901665498289
2024,05,ITA.10.12.135_1,0.6812609457092821,0.975046665549911
2024,05,ITA.10.12.136_1,0.6777583187390543,0.9741273017424364
2024,05,ITA.10.12.137_1,0.7513134851138354,0.9898666576867816
2024,05,ITA.10.12.138_1,0.6970227670753065,0.9789708882290628
2024,05,ITA.10.12.139_1,0.7022767075306481,0.9802020199938377
2024,05,ITA.10.12.14_1,0.7075306479859896,0.9813949256033475
2024,05,ITA.10.12.140_1,0.7285464098073555,0.9857869952479592
2024,05,ITA.10.12.141_1,0.7110332749562173,0.9821690282227392
2024,05,ITA.10.12.15_1,0.6812609457092821,0.975046665549911
2024,05,ITA.10.12.16_1,0.7075306479859896,0.9813949256033475
2024,05,ITA.10.12.17_1,0.6865148861646235,0.9763933633531108
2024,05,ITA.10.12.18_1,0.7092819614711035,0.9817840903172144
2024,05,ITA.10.12.19_1,0.6777583187390543,0.9741273017424364
2024,05,ITA.10.12.2_1,0.7250437828371279,0.9850969495435462
2024,05,ITA.10.12.20_1,0.6917688266199651,0.9777013859047148
2024,05,ITA.10.12.21_1,0.6637478108581437,0.970276249322841
2024,05,ITA.10.12.22_1,0.6900175131348513,0.9772696659571503
2024,05,ITA.10.12.23_1,0.7057793345008757,0.9810015290507961
2024,05,ITA.10.12.24_1,0.7145359019264449,0.9829262434180909
2024,05,ITA.10.12.25_1,0.6952714535901927,0.97855199146494
2024,05,ITA.10.12.26_1,0.7390542907180385,0.9877570551507087
2024,05,ITA.10.12.27_1,0.6917688266199651,0.9777013859047148
2024,05,ITA.10.12.28_1,0.7373029772329247,0.987439112046915
2024,05,ITA.10.12.29_1,0.7215411558669002,0.9843901665498289
2024,05,ITA.10.12.3_1,0.7145359019264449,0.9829262434180909
2024,05,ITA.10.12.30_1,0.7022767075306481,0.9802020199938377
2024,05,ITA.10.12.31_1,0.7180385288966725,0.983666610188635
2024,05,ITA.10.12.32_1,0.7548161120840631,0.9904322288778774
2024,05,ITA.10.12.33_1,0.7250437828371279,0.9850969495435462
2024,05,ITA.10.12.34_1,0.7075306479859896,0.9813949256033475
2024,05,ITA.10.12.35_1,0.7565674255691769,0.9907088371464141
2024,05,ITA.10.12.36_1,0.7040280210157619,0.9806038955664005
2024,05,ITA.10.12.37_1,0.6760070052539405,0.9736611320166786
2024,05,ITA.10.12.38_1,0.7075306479859896,0.9813949256033475
2024,05,ITA.10.12.39_1,0.7162872154115587,0.9832985304575615
2024,05,ITA.10.12.4_1,0.7320490367775833,0.98646033878712025
2024,05,ITA.10.12.40_1,0.7197898423817863,0.9840304873325826
2024,05,ITA.10.12.41_1,0.6865148861646235,0.9763933633531108
2024,05,ITA.10.12.42_1,0.7338003502626971,0.986790757962396
2024,05,ITA.10.12.43_1,0.7197898423817863,0.9840304873325826
2024,05,ITA.10.12.44_1,0.7285464098073555,0.9857869952479592
2024,05,ITA.10.12.45_1,0.6795096322241682,0.9745891442038537
2024,05,ITA.10.12.46_1,0.7320490367775833,0.98646033878712025
2024,05,ITA.10.12.47_1,0.7022767075306481,0.9802020199938377
2024,05,ITA.10.12.48_1,0.7075306479859896,0.9813949256033475
2024,05,ITA.10.12.49_1,0.7425569176882663,0.9883804935347521
2024,05,ITA.10.12.5_1,0.7565674255691769,0.9907088371464141
2024,05,ITA.10.12.50_1,0.6935201401050789,0.9781288258711119
2024,05,ITA.10.12.51_1,0.7390542907180385,0.9877570551507087
2024,05,ITA.10.12.52_1,0.6987740805604205,0.9793855216409929
2024,05,ITA.10.12.53_1,0.7250437828371279,0.9850969495435462
2024,05,ITA.10.12.54_1,0.7478108581436077,0.9892845899942038
2024,05,ITA.10.12.55_1,0.6882661996497373,0.976833660353696
2024,05,ITA.10.12.56_1,0.6812609457092821,0.975046665549911
2024,05,ITA.10.12.57_1,0.7373029772329247,0.987439112046915
2024,05,ITA.10.12.58_1,0.7040280210157619,0.9806038955664005
2024,05,ITA.10.12.59_1,0.6987740805604205,0.9793855216409929
2024,05,ITA.10.12.6_1,0.7145359019264449,0.9829262434180909
2024,05,ITA.10.12.60_1,0.7443082311733801,0.9886859966642594
2024,05,ITA.10.12.61_1,0.6970227670753065,0.9789708882290628
2024,05,ITA.10.12.62_1,0.6865148861646235,0.9763933633531108
2024,05,ITA.10.12.63_1,0.7040280210157619,0.9806038955664005
2024,05,ITA.10.12.64_1,0.6830122591943959,0.9754998718605759
2024,05,ITA.10.12.65_1,0.7338003502626971,0.986790757962396
2024,05,ITA.10.12.66_1,0.7302977232924693,0.9861257526299574
2024,05,ITA.10.12.67_1,0.6917688266199651,0.9777013859047148
2024,05,ITA.10.12.68_1,0.6900175131348513,0.9772696659571503
2024,05,ITA.10.12.69_1,0.6917688266199651,0.9777013859047148
2024,05,ITA.10.12.7_1,0.7110332749562173,0.9821690282227392
2024,05,ITA.10.12.70_1,0.7425569176882663,0.9883804935347521
2024,05,ITA.10.12.71_1,0.6427320490367776,0.9639730286683336
2024,05,ITA.10.12.72_1,0.7338003502626971,0.986790757962396
2024,05,ITA.10.12.73_1,0.7197898423817863,0.9840304873325826
2024,05,ITA.10.12.74_1,0.6654991243432575,0.9707728879609279
2024,05,ITA.10.12.75_1,0.7110332749562173,0.9821690282227392
2024,05,ITA.10.12.76_1,0.6690017513134852,0.9717530550505102
2024,05,ITA.10.12.77_1,0.7232924693520141,0.9847456524402634
2024,05,ITA.10.12.78_1,0.7390542907180385,0.9877570551507087
2024,05,ITA.10.12.79_1,0.7250437828371279,0.9850969495435462
2024,05,ITA.10.12.8_1,0.6514886164623468,0.9666767815562759
2024,05,ITA.10.12.80_1,0.7302977232924693,0.9861257526299574
2024,05,ITA.10.12.81_1,0.6549912434325745,0.9677272342969376
2024,05,ITA.10.12.82_1,0.7145359019264449,0.9829262434180909
2024,05,ITA.10.12.83_1,0.6865148861646235,0.9763933633531108
2024,05,ITA.10.12.84_1,0.7057793345008757,0.9810015290507961
2024,05,ITA.10.12.85_1,0.7180385288966725,0.983666610188635
2024,05,ITA.10.12.86_1,0.7320490367775833,0.98646033878712025
2024,05,ITA.10.12.87_1,0.6532399299474606,0.9672042183530839
2024,05,ITA.10.12.88_1,0.6409807355516638,0.9634189120003821
2024,05,ITA.10.12.89_1,0.7425569176882663,0.9883804935347521
2024,05,ITA.10.12.9_1,0.6952714535901927,0.97855199146494
2024,05,ITA.10.12.90_1,0.7600700525394046,0.9912497162672985
2024,05,ITA.10.12.91_1,0.7110332749562173,0.9821690282227392
2024,05,ITA.10.12.92_1,0.6549912434325745,0.9677272342969376
2024,05,ITA.10.12.93_1,0.7180385288966725,0.983666610188635
2024,05,ITA.10.12.94_1,0.660245183887916,0.9692698282728087
2024,05,ITA.10.12.95_1,0.7705779334500876,0.9927738916792685
2024,05,ITA.10.12.96_1,0.6882661996497373,0.976833660353696
2024,05,ITA.10.12.97_1,0.7145359019264449,0.9829262434180909
2024,05,ITA.10.12.98_1,0.7600700525394046,0.9912497162672985
2024,05,ITA.10.12.99_1,0.6549912434325745,0.9677272342969376
2024,05,ITA.10.2.1_1,0.7180385288966725,0.983666610188635
2024,05,ITA.10.2.10_1,0.6812609457092821,0.975046665549911
2024,05,ITA.10.2.100_1,0.6847635726795097,0.9759487691472335
2024,05,ITA.10.2.101_1,0.6514886164623468,0.9666767815562759
2024,05,ITA.10.2.102_1,0.7408056042031524,0.9880708476622514
2024,05,ITA.10.2.103_1,0.7705779334500876,0.9927738916792685
2024,05,ITA.10.2.104_1,0.7057793345008757,0.9810015290507961
2024,05,ITA.10.2.105_1,0.7302977232924693,0.9861257526299574
2024,05,ITA.10.2.106_1,0.7180385288966725,0.983666610188635
2024,05,ITA.10.2.107_1,0.712784588441331,0.9825497442877892
2024,05,ITA.10.2.108_1,0.7460595446584939,0.9889873608899156
2024,05,ITA.10.2.109_1,0.7495621716287216,0.9895776877031939
2024,05,ITA.10.2.11_1,0.7267950963222417,0.9854440623394105
2024,05,ITA.10.2.110_1,0.5989492119089318,0.9487591896788141
2024,05,ITA.10.2.111_1,0.7250437828371279,0.9850969495435462
2024,05,ITA.10.2.112_1,0.7267950963222417,0.9854440623394105
2024,05,ITA.10.2.113_1,0.7022767075306481,0.9802020199938377
2024,05,ITA.10.2.114_1,0.6900175131348513,0.9772696659571503
2024,05,ITA.10.2.115_1,0.7162872154115587,0.9832985304575615
2024,05,ITA.10.2.116_1,0.7250437828371279,0.9850969495435462
2024,05,ITA.10.2.117_1,0.7355516637478109,0.9871170143402452
2024,05,ITA.10.2.118_1,0.7092819614711035,0.9817840903172144
2024,05,ITA.10.2.119_1,0.7373029772329247,0.987439112046915
2024,05,ITA.10.2.12_1,0.7145359019264449,0.9829262434180909
2024,05,ITA.10.2.120_1,0.6900175131348513,0.9772696659571503
2024,05,ITA.10.2.121_1,0.788091068301226,0.99498743710662
2024,05,ITA.10.2.122_1,0.6847635726795097,0.9759487691472335
2024,05,ITA.10.2.123_1,0.798598949211909,0.9961204746414963
2024,05,ITA.10.2.124_1,0.6532399299474606,0.9672042183530839
2024,05,ITA.10.2.125_1,0.7390542907180385,0.9877570551507087
2024,05,ITA.10.2.126_1,0.7232924693520141,0.9847456524402634
2024,05,ITA.10.2.127_1,0.7460595446584939,0.9889873608899156
2024,05,ITA.10.2.128_1,0.7110332749562173,0.9821690282227392
2024,05,ITA.10.2.129_1,0.7320490367775833,0.98646033878712025
2024,05,ITA.10.2.13_1,0.6900175131348513,0.9772696659571503
2024,05,ITA.10.2.130_1,0.7583187390542908,0.9909813318120578
2024,05,ITA.10.2.131_1,0.7145359019264449,0.9829262434180909
2024,05,ITA.10.2.132_1,0.7040280210157619,0.9806038955664005
2024,05,ITA.10.2.133_1,0.7180385288966725,0.983666610188635
2024,05,ITA.10.2.134_1,0.6917688266199651,0.9777013859047148
2024,05,ITA.10.2.135_1,0.6619964973730298,0.9697752316903129
2024,05,ITA.10.2.136_1,0.7022767075306481,0.9802020199938377
2024,05,ITA.10.2.137_1,0.7583187390542908,0.9909813318120578
2024,05,ITA.10.2.138_1,0.7040280210157619,0.9806038955664005
2024,05,ITA.10.2.139_1,0.6970227670753065,0.9789708882290628
2024,05,ITA.10.2.14_1,0.6900175131348513,0.9772696659571503
2024,05,ITA.10.2.140_1,0.7530647985989493,0.990151503558925
2024,05,ITA.10.2.141_1,0.7530647985989493,0.990151503558925
2024,05,ITA.10.2.142_1,0.7338003502626971,0.986790757962396
2024,05,ITA.10.2.143_1,0.7425569176882663,0.9883804935347521
2024,05,ITA.10.2.144_1,0.7653239929947461,0.9920302414745228
2024,05,ITA.10.2.145_1,0.7320490367775833,0.98646033878712025
2024,05,ITA.10.2.146_1,0.6830122591943959,0.9754998718605759
2024,05,ITA.10.2.147_1,0.7583187390542908,0.9909813318120578
2024,05,ITA.10.2.148_1,0.5604203152364273,0.9329523031752481
2024,05,ITA.10.2.149_1,0.7408056042031524,0.9880708476622514
2024,05,ITA.10.2.15_1,0.7302977232924693,0.9861257526299574
2024,05,ITA.10.2.150_1,0.7443082311733801,0.9886859966642594
2024,05,ITA.10.2.151_1,0.7110332749562173,0.9821690282227392
2024,05,ITA.10.2.152_1,0.7267950963222417,0.9854440623394105
2024,05,ITA.10.2.153_1,0.6847635726795097,0.9759487691472335
2024,05,ITA.10.2.154_1,0.712784588441331,0.9825497442877892
2024,05,ITA.10.2.155_1,0.6637478108581437,0.970276249322841
2024,05,ITA.10.2.156_1,0.7828371278458844,0.9943661297530201
2024,05,ITA.10.2.157_1,0.7267950963222417,0.9854440623394105
2024,05,ITA.10.2.158_1,0.6760070052539405,0.9736611320166786
2024,05,ITA.10.2.159_1,0.7565674255691769,0.9907088371464141
2024,05,ITA.10.2.16_1,0.6847635726795097,0.9759487691472335
2024,05,ITA.10.2.160_1,0.6900175131348513,0.9772696659571503
2024,05,ITA.10.2.161_1,0.76707530647986,0.9922822179198819
2024,05,ITA.10.2.162_1,0.7565674255691769,0.9907088371464141
2024,05,ITA.10.2.163_1,0.7565674255691769,0.9907088371464141
2024,05,ITA.10.2.164_1,0.7338003502626971,0.986790757962396
2024,05,ITA.10.2.165_1,0.7530647985989493,0.990151503558925
2024,05,ITA.10.2.166_1,0.7215411558669002,0.9843901665498289
2024,05,ITA.10.2.167_1,0.7075306479859896,0.9813949256033475
2024,05,ITA.10.2.168_1,0.6847635726795097,0.9759487691472335
2024,05,ITA.10.2.169_1,0.7478108581436077,0.9892845899942038
2024,05,ITA.10.2.17_1,0.7022767075306481,0.9802020199938377
2024,05,ITA.10.2.170_1,0.6865148861646235,0.9763933633531108
2024,05,ITA.10.2.171_1,0.7373029772329247,0.987439112046915
2024,05,ITA.10.2.172_1,0.7408056042031524,0.9880708476622514
2024,05,ITA.10.2.173_1,0.7513134851138354,0.9898666576867816
2024,05,ITA.10.2.174_1,0.7057793345008757,0.9810015290507961
2024,05,ITA.10.2.175_1,0.7758318739054292,0.9934807496876826
2024,05,ITA.10.2.176_1,0.5919439579684764,0.946057080730333
2024,05,ITA.10.2.177_1,0.7267950963222417,0.9854440623394105
2024,05,ITA.10.2.178_1,0.7530647985989493,0.990151503558925
2024,05,ITA.10.2.179_1,0.7232924693520141,0.9847456524402634
2024,05,ITA.10.2.18_1,0.628721541155867,0.9594144047282176
2024,05,ITA.10.2.180_1,0.7478108581436077,0.9892845899942038
2024,05,ITA.10.2.181_1,0.7057793345008757,0.9810015290507961
2024,05,ITA.10.2.182_1,0.6112084063047285,0.9533079250693346
2024,05,ITA.10.2.183_1,0.6987740805604205,0.9793855216409929
2024,05,ITA.10.2.184_1,0.7373029772329247,0.987439112046915
2024,05,ITA.10.2.185_1,0.5761821366024519,0.939699952112375
2024,05,ITA.10.2.186_1,0.6584938704028022,0.9687600322061186
2024,05,ITA.10.2.187_1,0.7548161120840631,0.9904322288778774
2024,05,ITA.10.2.188_1,0.7267950963222417,0.9854440623394105
2024,05,ITA.10.2.189_1,0.7145359019264449,0.9829262434180909
2024,05,ITA.10.2.19_1,0.7022767075306481,0.9802020199938377
2024,05,ITA.10.2.190_1,0.63922942206655,0.9628603221651623
2024,05,ITA.10.2.191_1,0.7232924693520141,0.9847456524402634
2024,05,ITA.10.2.192_1,0.7145359019264449,0.9829262434180909
2024,05,ITA.10.2.193_1,0.7548161120840631,0.9904322288778774
2024,05,ITA.10.2.194_1,0.7320490367775833,0.98646033878712025
2024,05,ITA.10.2.195_1,0.6970227670753065,0.9789708882290628
2024,05,ITA.10.2.196_1,0.6917688266199651,0.9777013859047148
2024,05,ITA.10.2.197_1,0.7688266199649738,0.9925301002992302
2024,05,ITA.10.2.198_1,0.7320490367775833,0.98646033878712025
2024,05,ITA.10.2.199_1,0.6199649737302978,0.9564183185196736
2024,05,ITA.10.2.2_1,0.7635726795096323,0.9917741678426597
2024,05,ITA.10.2.20_1,0.7197898423817863,0.9840304873325826
2024,05,ITA.10.2.200_1,0.7653239929947461,0.9920302414745228
2024,05,ITA.10.2.201_1,0.7197898423817863,0.9840304873325826
2024,05,ITA.10.2.202_1,0.7355516637478109,0.9871170143402452
2024,05,ITA.10.2.203_1,0.5499124343257443,0.9282327294380435
2024,05,ITA.10.2.204_1,0.6970227670753065,0.9789708882290628
2024,05,ITA.10.2.205_1,0.6917688266199651,0.9777013859047148
2024,05,ITA.10.2.206_1,0.6882661996497373,0.976833660353696
2024,05,ITA.10.2.21_1,0.6935201401050789,0.9781288258711119
2024,05,ITA.10.2.22_1,0.7688266199649738,0.9925301002992302
2024,05,ITA.10.2.23_1,0.7845884413309984,0.9945772971468834
2024,05,ITA.10.2.24_1,0.7215411558669002,0.9843901665498289
2024,05,ITA.10.2.25_1,0.7635726795096323,0.9917741678426597
2024,05,ITA.10.2.26_1,0.7075306479859896,0.9813949256033475
2024,05,ITA.10.2.27_1,0.6549912434325745,0.9677272342969376
2024,05,ITA.10.2.28_1,0.712784588441331,0.9825497442877892
2024,05,ITA.10.2.29_1,0.7215411558669002,0.9843901665498289
2024,05,ITA.10.2.3_1,0.6549912434325745,0.9677272342969376
2024,05,ITA.10.2.30_1,0.6970227670753065,0.9789708882290628
2024,05,ITA.10.2.31_1,0.7110332749562173,0.9821690282227392
2024,05,ITA.10.2.32_1,0.7443082311733801,0.9886859966642594
2024,05,ITA.10.2.33_1,0.7355516637478109,0.9871170143402452
2024,05,ITA.10.2.34_1,0.6952714535901927,0.97855199146494
2024,05,ITA.10.2.35_1,0.6479859894921192,0.9656086163658648
2024,05,ITA.10.2.36_1,0.7022767075306481,0.9802020199938377
2024,05,ITA.10.2.37_1,0.7022767075306481,0.9802020199938377
2024,05,ITA.10.2.38_1,0.6847635726795097,0.9759487691472335
2024,05,ITA.10.2.39_1,0.6812609457092821,0.975046665549911
2024,05,ITA.10.2.4_1,0.7443082311733801,0.9886859966642594
2024,05,ITA.10.2.40_1,0.7320490367775833,0.98646033878712025
2024,05,ITA.10.2.41_1,0.7653239929947461,0.9920302414745228
2024,05,ITA.10.2.42_1,0.7495621716287216,0.9895776877031939
2024,05,ITA.10.2.43_1,0.7408056042031524,0.9880708476622514
2024,05,ITA.10.2.44_1,0.7232924693520141,0.9847456524402634
2024,05,ITA.10.2.45_1,0.7408056042031524,0.9880708476622514
2024,05,ITA.10.2.46_1,0.6760070052539405,0.9736611320166786
2024,05,ITA.10.2.47_1,0.628721541155867,0.9594144047282176
2024,05,ITA.10.2.48_1,0.7040280210157619,0.9806038955664005
2024,05,ITA.10.2.49_1,0.6847635726795097,0.9759487691472335
2024,05,ITA.10.2.5_1,0.6865148861646235,0.9763933633531108
2024,05,ITA.10.2.50_1,0.6619964973730298,0.9697752316903129
2024,05,ITA.10.2.51_1,0.660245183887916,0.9692698282728087
2024,05,ITA.10.2.52_1,0.7092819614711035,0.9817840903172144
2024,05,ITA.10.2.53_1,0.6987740805604205,0.9793855216409929
2024,05,ITA.10.2.54_1,0.6444833625218914,0.9645226798784983
2024,05,ITA.10.2.55_1,0.7145359019264449,0.9829262434180909
2024,05,ITA.10.2.56_1,0.7530647985989493,0.990151503558925
2024,05,ITA.10.2.57_1,0.7145359019264449,0.9829262434180909
2024,05,ITA.10.2.58_1,0.6777583187390543,0.9741273017424364
2024,05,ITA.10.2.59_1,0.7022767075306481,0.9802020199938377
2024,05,ITA.10.2.6_1,0.7338003502626971,0.986790757962396
2024,05,ITA.10.2.60_1,0.6935201401050789,0.9781288258711119
2024,05,ITA.10.2.61_1,0.6795096322241682,0.9745891442038537
2024,05,ITA.10.2.62_1,0.7285464098073555,0.9857869952479592
2024,05,ITA.10.2.63_1,0.7162872154115587,0.9832985304575615
2024,05,ITA.10.2.64_1,0.7057793345008757,0.9810015290507961
2024,05,ITA.10.2.65_1,0.7110332749562173,0.9821690282227392
2024,05,ITA.10.2.66_1,0.7635726795096323,0.9917741678426597
2024,05,ITA.10.2.67_1,0.7355516637478109,0.9871170143402452
2024,05,ITA.10.2.68_1,0.6094570928196147,0.9526720317087093
2024,05,ITA.10.2.69_1,0.7338003502626971,0.986790757962396
2024,05,ITA.10.2.7_1,0.7005253940455343,0.9797958971132712
2024,05,ITA.10.2.70_1,0.6812609457092821,0.975046665549911
2024,05,ITA.10.2.71_1,0.7022767075306481,0.9802020199938377
2024,05,ITA.10.2.72_1,0.6725043782837129,0.9727157858285225
2024,05,ITA.10.2.73_1,0.6935201401050789,0.9781288258711119
2024,05,ITA.10.2.74_1,0.6830122591943959,0.9754998718605759
2024,05,ITA.10.2.75_1,0.6777583187390543,0.9741273017424364
2024,05,ITA.10.2.76_1,0.7267950963222417,0.9854440623394105
2024,05,ITA.10.2.77_1,0.7180385288966725,0.983666610188635
2024,05,ITA.10.2.78_1,0.7320490367775833,0.98646033878712025
2024,05,ITA.10.2.79_1,0.7232924693520141,0.9847456524402634
2024,05,ITA.10.2.8_1,0.7110332749562173,0.9821690282227392
2024,05,ITA.10.2.80_1,0.7162872154115587,0.9832985304575615
2024,05,ITA.10.2.81_1,0.7408056042031524,0.9880708476622514
2024,05,ITA.10.2.82_1,0.7022767075306481,0.9802020199938377
2024,05,ITA.10.2.83_1,0.6234676007005254,0.9576304088739037
2024,05,ITA.10.2.84_1,0.660245183887916,0.9692698282728087
2024,05,ITA.10.2.85_1,0.7530647985989493,0.990151503558925
2024,05,ITA.10.2.86_1,0.7390542907180385,0.9877570551507087
2024,05,ITA.10.2.87_1,0.6409807355516638,0.9634189120003821
2024,05,ITA.10.2.88_1,0.7267950963222417,0.9854440623394105
2024,05,ITA.10.2.89_1,0.7162872154115587,0.9832985304575615
2024,05,ITA.10.2.9_1,0.7320490367775833,0.98646033878712025
2024,05,ITA.10.2.90_1,0.7005253940455343,0.9797958971132712
2024,05,ITA.10.2.91_1,0.7320490367775833,0.98646033878712025
2024,05,ITA.10.2.92_1,0.76707530647986,0.9922822179198819
2024,05,ITA.10.2.93_1,0.7495621716287216,0.9895776877031939
2024,05,ITA.10.2.94_1,0.7040280210157619,0.9806038955664005
2024,05,ITA.10.2.95_1,0.7075306479859896,0.9813949256033475
2024,05,ITA.10.2.96_1,0.712784588441331,0.9825497442877892
2024,05,ITA.10.2.97_1,0.7810858143607706,0.9941508939793798
2024,05,ITA.10.2.98_1,0.6637478108581437,0.970276249322841
2024,05,ITA.10.2.99_1,0.7092819614711035,0.9817840903172144
2024,05,ITA.10.3.1_1,0.7653239929947461,0.9920302414745228
2024,05,ITA.10.3.10_1,0.6970227670753065,0.9789708882290628
2024,05,ITA.10.3.100_1,0.7092819614711035,0.9817840903172144
2024,05,ITA.10.3.101_1,0.7232924693520141,0.9847456524402634
2024,05,ITA.10.3.102_1,0.6812609457092821,0.975046665549911
2024,05,ITA.10.3.103_1,0.6935201401050789,0.9781288258711119
2024,05,ITA.10.3.104_1,0.7180385288966725,0.983666610188635
2024,05,ITA.10.3.105_1,0.7285464098073555,0.9857869952479592
2024,05,ITA.10.3.106_1,0.7355516637478109,0.9871170143402452
2024,05,ITA.10.3.107_1,0.7075306479859896,0.9813949256033475
2024,05,ITA.10.3.108_1,0.7040280210157619,0.9806038955664005
2024,05,ITA.10.3.109_1,0.7215411558669002,0.9843901665498289
2024,05,ITA.10.3.11_1,0.7250437828371279,0.9850969495435462
2024,05,ITA.10.3.110_1,0.670753064798599,0.9722365967191319
2024,05,ITA.10.3.111_1,0.7267950963222417,0.9854440623394105
2024,05,ITA.10.3.112_1,0.7162872154115587,0.9832985304575615
2024,05,ITA.10.3.113_1,0.7390542907180385,0.9877570551507087
2024,05,ITA.10.3.114_1,0.7338003502626971,0.986790757962396
2024,05,ITA.10.3.115_1,0.6479859894921192,0.9656086163658648
2024,05,ITA.10.3.116_1,0.7110332749562173,0.9821690282227392
2024,05,ITA.10.3.117_1,0.6952714535901927,0.97855199146494
2024,05,ITA.10.3.118_1,0.6882661996497373,0.976833660353696
2024,05,ITA.10.3.119_1,0.7022767075306481,0.9802020199938377
2024,05,ITA.10.3.12_1,0.6584938704028022,0.9687600322061186
2024,05,ITA.10.3.120_1,0.6357267950963222,0.9617296917533533
2024,05,ITA.10.3.121_1,0.6795096322241682,0.9745891442038537
2024,05,ITA.10.3.122_1,0.6935201401050789,0.9781288258711119
2024,05,ITA.10.3.123_1,0.6514886164623468,0.9666767815562759
2024,05,ITA.10.3.124_1,0.7075306479859896,0.9813949256033475
2024,05,ITA.10.3.125_1,0.6567425569176883,0.9682458365518543
2024,05,ITA.10.3.126_1,0.7092819614711035,0.9817840903172144
2024,05,ITA.10.3.127_1,0.7548161120840631,0.9904322288778774
2024,05,ITA.10.3.128_1,0.660245183887916,0.9692698282728087
2024,05,ITA.10.3.129_1,0.6742556917688267,0.9731906288081488
2024,05,ITA.10.3.13_1,0.6619964973730298,0.9697752316903129
2024,05,ITA.10.3.130_1,0.7162872154115587,0.9832985304575615
2024,05,ITA.10.3.131_1,0.7215411558669002,0.9843901665498289
2024,05,ITA.10.3.132_1,0.7618213660245184,0.9915139938498094
2024,05,ITA.10.3.133_1,0.7390542907180385,0.9877570551507087
2024,05,ITA.10.3.134_1,0.6830122591943959,0.9754998718605759
2024,05,ITA.10.3.135_1,0.6812609457092821,0.975046665549911
2024,05,ITA.10.3.136_1,0.6865148861646235,0.9763933633531108
2024,05,ITA.10.3.137_1,0.6830122591943959,0.9754998718605759
2024,05,ITA.10.3.138_1,0.6865148861646235,0.9763933633531108
2024,05,ITA.10.3.139_1,0.7022767075306481,0.9802020199938377
2024,05,ITA.10.3.14_1,0.7145359019264449,0.9829262434180909
2024,05,ITA.10.3.140_1,0.6917688266199651,0.9777013859047148
2024,05,ITA.10.3.141_1,0.7460595446584939,0.9889873608899156
2024,05,ITA.10.3.142_1,0.7320490367775833,0.98646033878712025
2024,05,ITA.10.3.143_1,0.6917688266199651,0.9777013859047148
2024,05,ITA.10.3.144_1,0.7320490367775833,0.98646033878712025
2024,05,ITA.10.3.145_1,0.6795096322241682,0.9745891442038537
2024,05,ITA.10.3.146_1,0.7215411558669002,0.9843901665498289
2024,05,ITA.10.3.147_1,0.6795096322241682,0.9745891442038537
2024,05,ITA.10.3.148_1,0.7057793345008757,0.9810015290507961
2024,05,ITA.10.3.149_1,0.6619964973730298,0.9697752316903129
2024,05,ITA.10.3.15_1,0.6847635726795097,0.9759487691472335
2024,05,ITA.10.3.150_1,0.7285464098073555,0.9857869952479592
2024,05,ITA.10.3.151_1,0.6619964973730298,0.9697752316903129
2024,05,ITA.10.3.152_1,0.6795096322241682,0.9745891442038537
2024,05,ITA.10.3.153_1,0.6672504378283713,0.9712651543219287
2024,05,ITA.10.3.154_1,0.6549912434325745,0.9677272342969376
2024,05,ITA.10.3.155_1,0.649737302977233,0.9661449166662318
2024,05,ITA.10.3.156_1,0.712784588441331,0.9825497442877892
2024,05,ITA.10.3.157_1,0.7425569176882663,0.9883804935347521
2024,05,ITA.10.3.158_1,0.6409807355516638,0.9634189120003821
2024,05,ITA.10.3.159_1,0.6865148861646235,0.9763933633531108
2024,05,ITA.10.3.16_1,0.7040280210157619,0.9806038955664005
2024,05,ITA.10.3.160_1,0.7215411558669002,0.9843901665498289
2024,05,ITA.10.3.161_1,0.6952714535901927,0.97855199146494
2024,05,ITA.10.3.17_1,0.6672504378283713,0.9712651543219287
2024,05,ITA.10.3.18_1,0.6882661996497373,0.976833660353696
2024,05,ITA.10.3.19_1,0.7267950963222417,0.9854440623394105
2024,05,ITA.10.3.2_1,0.7600700525394046,0.9912497162672985
2024,05,ITA.10.3.20_1,0.7110332749562173,0.9821690282227392
2024,05,ITA.10.3.21_1,0.6935201401050789,0.9781288258711119
2024,05,ITA.10.3.22_1,0.7180385288966725,0.983666610188635
2024,05,ITA.10.3.23_1,0.7618213660245184,0.9915139938498094
2024,05,ITA.10.3.24_1,0.712784588441331,0.9825497442877892
2024,05,ITA.10.3.25_1,0.7267950963222417,0.9854440623394105
2024,05,ITA.10.3.26_1,0.6742556917688267,0.9731906288081488
2024,05,ITA.10.3.27_1,0.7145359019264449,0.9829262434180909
2024,05,ITA.10.3.28_1,0.7583187390542908,0.9909813318120578
2024,05,ITA.10.3.29_1,0.7232924693520141,0.9847456524402634
2024,05,ITA.10.3.3_1,0.7092819614711035,0.9817840903172144
2024,05,ITA.10.3.30_1,0.7162872154115587,0.9832985304575615
2024,05,ITA.10.3.31_1,0.7145359019264449,0.9829262434180909
2024,05,ITA.10.3.32_1,0.7057793345008757,0.9810015290507961
2024,05,ITA.10.3.33_1,0.7425569176882663,0.9883804935347521
2024,05,ITA.10.3.34_1,0.670753064798599,0.9722365967191319
2024,05,ITA.10.3.35_1,0.6777583187390543,0.9741273017424364
2024,05,ITA.10.3.36_1,0.6830122591943959,0.9754998718605759
2024,05,ITA.10.3.37_1,0.7232924693520141,0.9847456524402634
2024,05,ITA.10.3.38_1,0.7355516637478109,0.9871170143402452
2024,05,ITA.10.3.39_1,0.6935201401050789,0.9781288258711119
2024,05,ITA.10.3.4_1,0.7320490367775833,0.98646033878712025
2024,05,ITA.10.3.40_1,0.7705779334500876,0.9927738916792685
2024,05,ITA.10.3.41_1,0.7478108581436077,0.9892845899942038
2024,05,ITA.10.3.42_1,0.7057793345008757,0.9810015290507961
2024,05,ITA.10.3.43_1,0.7215411558669002,0.9843901665498289
2024,05,ITA.10.3.44_1,0.6479859894921192,0.9656086163658648
2024,05,ITA.10.3.45_1,0.6777583187390543,0.9741273017424364
2024,05,ITA.10.3.46_1,0.7145359019264449,0.9829262434180909
2024,05,ITA.10.3.47_1,0.7040280210157619,0.9806038955664005
2024,05,ITA.10.3.48_1,0.7005253940455343,0.9797958971132712
2024,05,ITA.10.3.49_1,0.7040280210157619,0.9806038955664005
2024,05,ITA.10.3.5_1,0.7390542907180385,0.9877570551507087
2024,05,ITA.10.3.50_1,0.6952714535901927,0.97855199146494
2024,05,ITA.10.3.51_1,0.6865148861646235,0.9763933633531108
2024,05,ITA.10.3.52_1,0.7040280210157619,0.9806038955664005
2024,05,ITA.10.3.53_1,0.660245183887916,0.9692698282728087
2024,05,ITA.10.3.54_1,0.6830122591943959,0.9754998718605759
2024,05,ITA.10.3.55_1,0.6760070052539405,0.9736611320166786
2024,05,ITA.10.3.56_1,0.7057793345008757,0.9810015290507961
2024,05,ITA.10.3.57_1,0.6567425569176883,0.9682458365518543
2024,05,ITA.10.3.58_1,0.6777583187390543,0.9741273017424364
2024,05,ITA.10.3.59_1,0.6619964973730298,0.9697752316903129
2024,05,ITA.10.3.6_1,0.7145359019264449,0.9829262434180909
2024,05,ITA.10.3.60_1,0.7162872154115587,0.9832985304575615
2024,05,ITA.10.3.61_1,0.6725043782837129,0.9727157858285225
2024,05,ITA.10.3.62_1,0.7180385288966725,0.983666610188635
2024,05,ITA.10.3.63_1,0.6847635726795097,0.9759487691472335
2024,05,ITA.10.3.64_1,0.7338003502626971,0.986790757962396
2024,05,ITA.10.3.65_1,0.712784588441331,0.9825497442877892
2024,05,ITA.10.3.66_1,0.7267950963222417,0.9854440623394105
2024,05,ITA.10.3.67_1,0.7250437828371279,0.9850969495435462
2024,05,ITA.10.3.68_1,0.7250437828371279,0.9850969495435462
2024,05,ITA.10.3.69_1,0.7968476357267952,0.9959417653658269
2024,05,ITA.10.3.7_1,0.7408056042031524,0.9880708476622514
2024,05,ITA.10.3.70_1,0.7232924693520141,0.9847456524402634
2024,05,ITA.10.3.71_1,0.6619964973730298,0.9697752316903129
2024,05,ITA.10.3.72_1,0.6742556917688267,0.9731906288081488
2024,05,ITA.10.3.73_1,0.7215411558669002,0.9843901665498289
2024,05,ITA.10.3.74_1,0.6987740805604205,0.9793855216409929
2024,05,ITA.10.3.75_1,0.6760070052539405,0.9736611320166786
2024,05,ITA.10.3.76_1,0.6865148861646235,0.9763933633531108
2024,05,ITA.10.3.77_1,0.7250437828371279,0.9850969495435462
2024,05,ITA.10.3.78_1,0.7530647985989493,0.990151503558925
2024,05,ITA.10.3.79_1,0.7478108581436077,0.9892845899942038
2024,05,ITA.10.3.8_1,0.6444833625218914,0.9645226798784983
2024,05,ITA.10.3.80_1,0.6812609457092821,0.975046665549911
2024,05,ITA.10.3.81_1,0.7443082311733801,0.9886859966642594
2024,05,ITA.10.3.82_1,0.7092819614711035,0.9817840903172144
2024,05,ITA.10.3.83_1,0.7040280210157619,0.9806038955664005
2024,05,ITA.10.3.84_1,0.6970227670753065,0.9789708882290628
2024,05,ITA.10.3.85_1,0.6882661996497373,0.976833660353696
2024,05,ITA.10.3.86_1,0.7267950963222417,0.9854440623394105
2024,05,ITA.10.3.87_1,0.7338003502626971,0.986790757962396
2024,05,ITA.10.3.88_1,0.7232924693520141,0.9847456524402634
2024,05,ITA.10.3.89_1,0.6795096322241682,0.9745891442038537
2024,05,ITA.10.3.9_1,0.7215411558669002,0.9843901665498289
2024,05,ITA.10.3.90_1,0.6760070052539405,0.9736611320166786
2024,05,ITA.10.3.91_1,0.6812609457092821,0.975046665549911
2024,05,ITA.10.3.92_1,0.6742556917688267,0.9731906288081488
2024,05,ITA.10.3.93_1,0.7162872154115587,0.9832985304575615
2024,05,ITA.10.3.94_1,0.7092819614711035,0.9817840903172144
2024,05,ITA.10.3.95_1,0.6970227670753065,0.9789708882290628
2024,05,ITA.10.3.96_1,0.6917688266199651,0.9777013859047148
2024,05,ITA.10.3.97_1,0.7092819614711035,0.9817840903172144
2024,05,ITA.10.3.98_1,0.76707530647986,0.9922822179198819
2024,05,ITA.10.3.99_1,0.6987740805604205,0.9793855216409929
2024,05,ITA.10.4.1_1,0.7338003502626971,0.986790757962396
2024,05,ITA.10.4.10_1,0.7145359019264449,0.9829262434180909
2024,05,ITA.10.4.100_1,0.7810858143607706,0.9941508939793798
2024,05,ITA.10.4.101_1,0.7302977232924693,0.9861257526299574
2024,05,ITA.10.4.102_1,0.7022767075306481,0.9802020199938377
2024,05,ITA.10.4.103_1,0.7250437828371279,0.9850969495435462
2024,05,ITA.10.4.104_1,0.7057793345008757,0.9810015290507961
2024,05,ITA.10.4.105_1,0.712784588441331,0.9825497442877892
2024,05,ITA.10.4.106_1,0.7408056042031524,0.9880708476622514
2024,05,ITA.10.4.107_1,0.7302977232924693,0.9861257526299574
2024,05,ITA.10.4.108_1,0.7443082311733801,0.9886859966642594
2024,05,ITA.10.4.109_1,0.712784588441331,0.9825497442877892
2024,05,ITA.10.4.11_1,0.6637478108581437,0.970276249322841
2024,05,ITA.10.4.110_1,0.6847635726795097,0.9759487691472335
2024,05,ITA.10.4.111_1,0.7110332749562173,0.9821690282227392
2024,05,ITA.10.4.112_1,0.7162872154115587,0.9832985304575615
2024,05,ITA.10.4.113_1,0.7408056042031524,0.9880708476622514
2024,05,ITA.10.4.114_1,0.7145359019264449,0.9829262434180909
2024,05,ITA.10.4.115_1,0.6935201401050789,0.9781288258711119
2024,05,ITA.10.4.12_1,0.6970227670753065,0.9789708882290628
2024,05,ITA.10.4.13_1,0.7197898423817863,0.9840304873325826
2024,05,ITA.10.4.14_1,0.7408056042031524,0.9880708476622514
2024,05,ITA.10.4.15_1,0.7022767075306481,0.9802020199938377
2024,05,ITA.10.4.16_1,0.6935201401050789,0.9781288258711119
2024,05,ITA.10.4.17_1,0.7197898423817863,0.9840304873325826
2024,05,ITA.10.4.18_1,0.7460595446584939,0.9889873608899156
2024,05,ITA.10.4.19_1,0.7180385288966725,0.983666610188635
2024,05,ITA.10.4.2_1,0.7355516637478109,0.9871170143402452
2024,05,ITA.10.4.20_1,0.6917688266199651,0.9777013859047148
2024,05,ITA.10.4.21_1,0.7197898423817863,0.9840304873325826
2024,05,ITA.10.4.22_1,0.7197898423817863,0.9840304873325826
2024,05,ITA.10.4.23_1,0.788091068301226,0.99498743710662
2024,05,ITA.10.4.24_1,0.7758318739054292,0.9934807496876826
2024,05,ITA.10.4.25_1,0.7373029772329247,0.987439112046915
2024,05,ITA.10.4.26_1,0.7320490367775833,0.98646033878712025
2024,05,ITA.10.4.27_1,0.7057793345008757,0.9810015290507961
2024,05,ITA.10.4.28_1,0.7302977232924693,0.9861257526299574
2024,05,ITA.10.4.29_1,0.6952714535901927,0.97855199146494
2024,05,ITA.10.4.3_1,0.6882661996497373,0.976833660353696
2024,05,ITA.10.4.30_1,0.6760070052539405,0.9736611320166786
2024,05,ITA.10.4.31_1,0.7338003502626971,0.986790757962396
2024,05,ITA.10.4.32_1,0.7180385288966725,0.983666610188635
2024,05,ITA.10.4.33_1,0.7845884413309984,0.9945772971468834
2024,05,ITA.10.4.34_1,0.7425569176882663,0.9883804935347521
2024,05,ITA.10.4.35_1,0.7197898423817863,0.9840304873325826
2024,05,ITA.10.4.36_1,0.6970227670753065,0.9789708882290628
2024,05,ITA.10.4.37_1,0.7180385288966725,0.983666610188635
2024,05,ITA.10.4.38_1,0.7408056042031524,0.9880708476622514
2024,05,ITA.10.4.39_1,0.6637478108581437,0.970276249322841
2024,05,ITA.10.4.4_1,0.7145359019264449,0.9829262434180909
2024,05,ITA.10.4.40_1,0.7530647985989493,0.990151503558925
2024,05,ITA.10.4.41_1,0.7355516637478109,0.9871170143402452
2024,05,ITA.10.4.42_1,0.7390542907180385,0.9877570551507087
2024,05,ITA.10.4.43_1,0.7408056042031524,0.9880708476622514
2024,05,ITA.10.4.44_1,0.7373029772329247,0.987439112046915
2024,05,ITA.10.4.45_1,0.777583187390543,0.9937082066683358
2024,05,ITA.10.4.46_1,0.712784588441331,0.9825497442877892
2024,05,ITA.10.4.47_1,0.6514886164623468,0.9666767815562759
2024,05,ITA.10.4.48_1,0.7425569176882663,0.9883804935347521
2024,05,ITA.10.4.49_1,0.6970227670753065,0.9789708882290628
2024,05,ITA.10.4.5_1,0.6725043782837129,0.9727157858285225
2024,05,ITA.10.4.50_1,0.7180385288966725,0.983666610188635
2024,05,ITA.10.4.51_1,0.7022767075306481,0.9802020199938377
2024,05,ITA.10.4.52_1,0.7373029772329247,0.987439112046915
2024,05,ITA.10.4.53_1,0.7075306479859896,0.9813949256033475
2024,05,ITA.10.4.54_1,0.7600700525394046,0.9912497162672985
2024,05,ITA.10.4.55_1,0.7215411558669002,0.9843901665498289
2024,05,ITA.10.4.56_1,0.7355516637478109,0.9871170143402452
2024,05,ITA.10.4.57_1,0.7197898423817863,0.9840304873325826
2024,05,ITA.10.4.58_1,0.6847635726795097,0.9759487691472335
2024,05,ITA.10.4.59_1,0.712784588441331,0.9825497442877892
2024,05,ITA.10.4.6_1,0.7232924693520141,0.9847456524402634
2024,05,ITA.10.4.60_1,0.7092819614711035,0.9817840903172144
2024,05,ITA.10.4.61_1,0.7075306479859896,0.9813949256033475
2024,05,ITA.10.4.62_1,0.7267950963222417,0.9854440623394105
2024,05,ITA.10.4.63_1,0.7092819614711035,0.9817840903172144
2024,05,ITA.10.4.64_1,0.7232924693520141,0.9847456524402634
2024,05,ITA.10.4.65_1,0.7110332749562173,0.9821690282227392
2024,05,ITA.10.4.66_1,0.7267950963222417,0.9854440623394105
2024,05,ITA.10.4.67_1,0.7320490367775833,0.98646033878712025
2024,05,ITA.10.4.68_1,0.7390542907180385,0.9877570551507087
2024,05,ITA.10.4.69_1,0.6847635726795097,0.9759487691472335
2024,05,ITA.10.4.7_1,0.7022767075306481,0.9802020199938377
2024,05,ITA.10.4.70_1,0.7373029772329247,0.987439112046915
2024,05,ITA.10.4.71_1,0.7460595446584939,0.9889873608899156
2024,05,ITA.10.4.72_1,0.7145359019264449,0.9829262434180909
2024,05,ITA.10.4.73_1,0.6865148861646235,0.9763933633531108
2024,05,ITA.10.4.74_1,0.6900175131348513,0.9772696659571503
2024,05,ITA.10.4.75_1,0.7180385288966725,0.983666610188635
2024,05,ITA.10.4.76_1,0.7267950963222417,0.9854440623394105
2024,05,ITA.10.4.77_1,0.7075306479859896,0.9813949256033475
2024,05,ITA.10.4.78_1,0.7478108581436077,0.9892845899942038
2024,05,ITA.10.4.79_1,0.6654991243432575,0.9707728879609279
2024,05,ITA.10.4.8_1,0.7145359019264449,0.9829262434180909
2024,05,ITA.10.4.80_1,0.7075306479859896,0.9813949256033475
2024,05,ITA.10.4.81_1,0.712784588441331,0.9825497442877892
2024,05,ITA.10.4.82_1,0.7145359019264449,0.9829262434180909
2024,05,ITA.10.4.83_1,0.6637478108581437,0.970276249322841
2024,05,ITA.10.4.84_1,0.7092819614711035,0.9817840903172144
2024,05,ITA.10.4.85_1,0.7232924693520141,0.9847456524402634
2024,05,ITA.10.4.86_1,0.7267950963222417,0.9854440623394105
2024,05,ITA.10.4.87_1,0.670753064798599,0.9722365967191319
2024,05,ITA.10.4.88_1,0.7390542907180385,0.9877570551507087
2024,05,ITA.10.4.89_1,0.6935201401050789,0.9781288258711119
2024,05,ITA.10.4.9_1,0.7548161120840631,0.9904322288778774
2024,05,ITA.10.4.90_1,0.7758318739054292,0.9934807496876826
2024,05,ITA.10.4.91_1,0.7583187390542908,0.9909813318120578
2024,05,ITA.10.4.92_1,0.7250437828371279,0.9850969495435462
2024,05,ITA.10.4.93_1,0.7600700525394046,0.9912497162672985
2024,05,ITA.10.4.94_1,0.7145359019264449,0.9829262434180909
2024,05,ITA.10.4.95_1,0.7005253940455343,0.9797958971132712
2024,05,ITA.10.4.96_1,0.7197898423817863,0.9840304873325826
2024,05,ITA.10.4.97_1,0.7145359019264449,0.9829262434180909
2024,05,ITA.10.4.98_1,0.7285464098073555,0.9857869952479592
2024,05,ITA.10.4.99_1,0.7548161120840631,0.9904322288778774
2024,05,ITA.10.5.14_1,0.7443082311733801,0.9886859966642594
2024,05,ITA.10.5.16_1,0.6865148861646235,0.9763933633531108
2024,05,ITA.10.5.21_1,0.6830122591943959,0.9754998718605759
2024,05,ITA.10.5.23_1,0.6987740805604205,0.9793855216409929
2024,05,ITA.10.5.26_1,0.7145359019264449,0.9829262434180909
2024,05,ITA.10.5.30_1,0.7285464098073555,0.9857869952479592
2024,05,ITA.10.5.32_1,0.7197898423817863,0.9840304873325826
2024,05,ITA.10.5.40_1,0.6742556917688267,0.9731906288081488
2024,05,ITA.10.5.42_1,0.7040280210157619,0.9806038955664005
2024,05,ITA.10.5.43_1,0.6760070052539405,0.9736611320166786
2024,05,ITA.10.5.44_1,0.7653239929947461,0.9920302414745228
2024,05,ITA.10.5.46_1,0.7057793345008757,0.9810015290507961
2024,05,ITA.10.5.48_1,0.76707530647986,0.9922822179198819
2024,05,ITA.10.5.50_1,0.7338003502626971,0.986790757962396
2024,05,ITA.10.5.51_1,0.7250437828371279,0.9850969495435462
2024,05,ITA.10.5.55_1,0.6830122591943959,0.9754998718605759
2024,05,ITA.10.5.56_1,0.7022767075306481,0.9802020199938377
2024,05,ITA.10.5.60_1,0.7180385288966725,0.983666610188635
2024,05,ITA.10.5.61_1,0.6672504378283713,0.9712651543219287
2024,05,ITA.10.5.62_1,0.649737302977233,0.9661449166662318
2024,05,ITA.10.5.67_1,0.7320490367775833,0.98646033878712025
2024,05,ITA.10.5.69_1,0.670753064798599,0.9722365967191319
2024,05,ITA.10.5.7_1,0.6584938704028022,0.9687600322061186
2024,05,ITA.10.5.71_1,0.6865148861646235,0.9763933633531108
2024,05,ITA.10.5.72_1,0.7285464098073555,0.9857869952479592
2024,05,ITA.10.5.8_1,0.7565674255691769,0.9907088371464141
2024,05,ITA.10.5.80_1,0.7005253940455343,0.9797958971132712
2024,05,ITA.10.5.84_1,0.6865148861646235,0.9763933633531108
2024,05,ITA.10.5.87_1,0.7373029772329247,0.987439112046915
2024,05,ITA.10.5.88_1,0.6865148861646235,0.9763933633531108
2024,05,ITA.10.5.89_1,0.7320490367775833,0.98646033878712025
2024,05,ITA.10.5.9_1,0.7302977232924693,0.9861257526299574
2024,05,ITA.10.6.1_1,0.7267950963222417,0.9854440623394105
2024,05,ITA.10.6.10_1,0.7302977232924693,0.9861257526299574
2024,05,ITA.10.6.11_1,0.7162872154115587,0.9832985304575615
2024,05,ITA.10.6.12_1,0.6847635726795097,0.9759487691472335
2024,05,ITA.10.6.13_1,0.7355516637478109,0.9871170143402452
2024,05,ITA.10.6.14_1,0.7162872154115587,0.9832985304575615
2024,05,ITA.10.6.15_1,0.6970227670753065,0.9789708882290628
2024,05,ITA.10.6.16_1,0.7267950963222417,0.9854440623394105
2024,05,ITA.10.6.17_1,0.7075306479859896,0.9813949256033475
2024,05,ITA.10.6.18_1,0.6847635726795097,0.9759487691472335
2024,05,ITA.10.6.19_1,0.7162872154115587,0.9832985304575615
2024,05,ITA.10.6.2_1,0.7460595446584939,0.9889873608899156
2024,05,ITA.10.6.20_1,0.7110332749562173,0.9821690282227392
2024,05,ITA.10.6.21_1,0.7425569176882663,0.9883804935347521
2024,05,ITA.10.6.22_1,0.7688266199649738,0.9925301002992302
2024,05,ITA.10.6.23_1,0.7092819614711035,0.9817840903172144
2024,05,ITA.10.6.24_1,0.6795096322241682,0.9745891442038537
2024,05,ITA.10.6.25_1,0.7267950963222417,0.9854440623394105
2024,05,ITA.10.6.26_1,0.7513134851138354,0.9898666576867816
2024,05,ITA.10.6.27_1,0.7443082311733801,0.9886859966642594
2024,05,ITA.10.6.28_1,0.7075306479859896,0.9813949256033475
2024,05,ITA.10.6.29_1,0.788091068301226,0.99498743710662
2024,05,ITA.10.6.3_1,0.6900175131348513,0.9772696659571503
2024,05,ITA.10.6.30_1,0.7740805604203153,0.9932492134404135
2024,05,ITA.10.6.31_1,0.7092819614711035,0.9817840903172144
2024,05,ITA.10.6.32_1,0.7215411558669002,0.9843901665498289
2024,05,ITA.10.6.33_1,0.7425569176882663,0.9883804935347521
2024,05,ITA.10.6.34_1,0.7408056042031524,0.9880708476622514
2024,05,ITA.10.6.35_1,0.7548161120840631,0.9904322288778774
2024,05,ITA.10.6.36_1,0.7705779334500876,0.9927738916792685
2024,05,ITA.10.6.37_1,0.7530647985989493,0.990151503558925
2024,05,ITA.10.6.38_1,0.7338003502626971,0.986790757962396
2024,05,ITA.10.6.39_1,0.6882661996497373,0.976833660353696
2024,05,ITA.10.6.4_1,0.7057793345008757,0.9810015290507961
2024,05,ITA.10.6.40_1,0.7232924693520141,0.9847456524402634
2024,05,ITA.10.6.41_1,0.7443082311733801,0.9886859966642594
2024,05,ITA.10.6.42_1,0.7075306479859896,0.9813949256033475
2024,05,ITA.10.6.43_1,0.7005253940455343,0.9797958971132712
2024,05,ITA.10.6.44_1,0.7302977232924693,0.9861257526299574
2024,05,ITA.10.6.45_1,0.7180385288966725,0.983666610188635
2024,05,ITA.10.6.46_1,0.7215411558669002,0.9843901665498289
2024,05,ITA.10.6.47_1,0.7915936952714537,0.9953813339620148
2024,05,ITA.10.6.48_1,0.7408056042031524,0.9880708476622514
2024,05,ITA.10.6.49_1,0.7302977232924693,0.9861257526299574
2024,05,ITA.10.6.5_1,0.7215411558669002,0.9843901665498289
2024,05,ITA.10.6.50_1,0.7495621716287216,0.9895776877031939
2024,05,ITA.10.6.51_1,0.7145359019264449,0.9829262434180909
2024,05,ITA.10.6.52_1,0.7600700525394046,0.9912497162672985
2024,05,ITA.10.6.53_1,0.7513134851138354,0.9898666576867816
2024,05,ITA.10.6.54_1,0.7513134851138354,0.9898666576867816
2024,05,ITA.10.6.55_1,0.7600700525394046,0.9912497162672985
2024,05,ITA.10.6.56_1,0.7110332749562173,0.9821690282227392
2024,05,ITA.10.6.57_1,0.7302977232924693,0.9861257526299574
2024,05,ITA.10.6.58_1,0.7215411558669002,0.9843901665498289
2024,05,ITA.10.6.59_1,0.7390542907180385,0.9877570551507087
2024,05,ITA.10.6.6_1,0.712784588441331,0.9825497442877892
2024,05,ITA.10.6.60_1,0.7285464098073555,0.9857869952479592
2024,05,ITA.10.6.61_1,0.7302977232924693,0.9861257526299574
2024,05,ITA.10.6.62_1,0.7583187390542908,0.9909813318120578
2024,05,ITA.10.6.7_1,0.7513134851138354,0.9898666576867816
2024,05,ITA.10.6.8_1,0.7092819614711035,0.9817840903172144
2024,05,ITA.10.6.9_1,0.7162872154115587,0.9832985304575615
2024,05,ITA.10.7.1_1,0.7215411558669002,0.9843901665498289
2024,05,ITA.10.7.10_1,0.7565674255691769,0.9907088371464141
2024,05,ITA.10.7.11_1,0.7005253940455343,0.9797958971132712
2024,05,ITA.10.7.12_1,0.7250437828371279,0.9850969495435462
2024,05,ITA.10.7.13_1,0.6795096322241682,0.9745891442038537
2024,05,ITA.10.7.14_1,0.7548161120840631,0.9904322288778774
2024,05,ITA.10.7.15_1,0.6462346760070053,0.965067873260736
2024,05,ITA.10.7.16_1,0.7478108581436077,0.9892845899942038
2024,05,ITA.10.7.17_1,0.712784588441331,0.9825497442877892
2024,05,ITA.10.7.18_1,0.7302977232924693,0.9861257526299574
2024,05,ITA.10.7.19_1,0.7338003502626971,0.986790757962396
2024,05,ITA.10.7.2_1,0.7513134851138354,0.9898666576867816
2024,05,ITA.10.7.20_1,0.7373029772329247,0.987439112046915
2024,05,ITA.10.7.21_1,0.7302977232924693,0.9861257526299574
2024,05,ITA.10.7.22_1,0.670753064798599,0.9722365967191319
2024,05,ITA.10.7.23_1,0.7197898423817863,0.9840304873325826
2024,05,ITA.10.7.24_1,0.7338003502626971,0.986790757962396
2024,05,ITA.10.7.25_1,0.7408056042031524,0.9880708476622514
2024,05,ITA.10.7.26_1,0.7022767075306481,0.9802020199938377
2024,05,ITA.10.7.27_1,0.7320490367775833,0.98646033878712025
2024,05,ITA.10.7.28_1,0.7705779334500876,0.9927738916792685
2024,05,ITA.10.7.29_1,0.7075306479859896,0.9813949256033475
2024,05,ITA.10.7.3_1,0.7092819614711035,0.9817840903172144
2024,05,ITA.10.7.30_1,0.7513134851138354,0.9898666576867816
2024,05,ITA.10.7.31_1,0.6812609457092821,0.975046665549911
2024,05,ITA.10.7.32_1,0.6672504378283713,0.9712651543219287
2024,05,ITA.10.7.33_1,0.6917688266199651,0.9777013859047148
2024,05,ITA.10.7.34_1,0.6882661996497373,0.976833660353696
2024,05,ITA.10.7.35_1,0.7232924693520141,0.9847456524402634
2024,05,ITA.10.7.36_1,0.7005253940455343,0.9797958971132712
2024,05,ITA.10.7.37_1,0.7162872154115587,0.9832985304575615
2024,05,ITA.10.7.38_1,0.7373029772329247,0.987439112046915
2024,05,ITA.10.7.39_1,0.7355516637478109,0.9871170143402452
2024,05,ITA.10.7.4_1,0.7092819614711035,0.9817840903172144
2024,05,ITA.10.7.40_1,0.6865148861646235,0.9763933633531108
2024,05,ITA.10.7.41_1,0.7600700525394046,0.9912497162672985
2024,05,ITA.10.7.42_1,0.7057793345008757,0.9810015290507961
2024,05,ITA.10.7.43_1,0.7250437828371279,0.9850969495435462
2024,05,ITA.10.7.44_1,0.7092819614711035,0.9817840903172144
2024,05,ITA.10.7.45_1,0.7057793345008757,0.9810015290507961
2024,05,ITA.10.7.46_1,0.6795096322241682,0.9745891442038537
2024,05,ITA.10.7.47_1,0.7250437828371279,0.9850969495435462
2024,05,ITA.10.7.48_1,0.7092819614711035,0.9817840903172144
2024,05,ITA.10.7.49_1,0.7092819614711035,0.9817840903172144
2024,05,ITA.10.7.5_1,0.6882661996497373,0.976833660353696
2024,05,ITA.10.7.50_1,0.7022767075306481,0.9802020199938377
2024,05,ITA.10.7.51_1,0.7267950963222417,0.9854440623394105
2024,05,ITA.10.7.52_1,0.7057793345008757,0.9810015290507961
2024,05,ITA.10.7.53_1,0.649737302977233,0.9661449166662318
2024,05,ITA.10.7.54_1,0.7215411558669002,0.9843901665498289
2024,05,ITA.10.7.55_1,0.7215411558669002,0.9843901665498289
2024,05,ITA.10.7.56_1,0.7320490367775833,0.98646033878712025
2024,05,ITA.10.7.57_1,0.7145359019264449,0.9829262434180909
2024,05,ITA.10.7.58_1,0.7793345008756568,0.993931587182941
2024,05,ITA.10.7.59_1,0.6830122591943959,0.9754998718605759
2024,05,ITA.10.7.6_1,0.7285464098073555,0.9857869952479592
2024,05,ITA.10.7.60_1,0.6637478108581437,0.970276249322841
2024,05,ITA.10.7.61_1,0.6987740805604205,0.9793855216409929
2024,05,ITA.10.7.62_1,0.7022767075306481,0.9802020199938377
2024,05,ITA.10.7.63_1,0.6584938704028022,0.9687600322061186
2024,05,ITA.10.7.64_1,0.6549912434325745,0.9677272342969376
2024,05,ITA.10.7.65_1,0.7250437828371279,0.9850969495435462
2024,05,ITA.10.7.66_1,0.6619964973730298,0.9697752316903129
2024,05,ITA.10.7.67_1,0.7057793345008757,0.9810015290507961
2024,05,ITA.10.7.68_1,0.6760070052539405,0.9736611320166786
2024,05,ITA.10.7.69_1,0.7478108581436077,0.9892845899942038
2024,05,ITA.10.7.7_1,0.7267950963222417,0.9854440623394105
2024,05,ITA.10.7.70_1,0.6777583187390543,0.9741273017424364
2024,05,ITA.10.7.8_1,0.7425569176882663,0.9883804935347521
2024,05,ITA.10.7.9_1,0.7285464098073555,0.9857869952479592
2024,05,ITA.10.8.1_1,0.6900175131348513,0.9772696659571503
2024,05,ITA.10.8.10_1,0.7443082311733801,0.9886859966642594
2024,05,ITA.10.8.100_1,0.7145359019264449,0.9829262434180909
2024,05,ITA.10.8.101_1,0.7162872154115587,0.9832985304575615
2024,05,ITA.10.8.102_1,0.7197898423817863,0.9840304873325826
2024,05,ITA.10.8.103_1,0.7653239929947461,0.9920302414745228
2024,05,ITA.10.8.104_1,0.7390542907180385,0.9877570551507087
2024,05,ITA.10.8.105_1,0.7443082311733801,0.9886859966642594
2024,05,ITA.10.8.106_1,0.6970227670753065,0.9789708882290628
2024,05,ITA.10.8.107_1,0.6882661996497373,0.976833660353696
2024,05,ITA.10.8.108_1,0.7758318739054292,0.9934807496876826
2024,05,ITA.10.8.109_1,0.7057793345008757,0.9810015290507961
2024,05,ITA.10.8.11_1,0.7758318739054292,0.9934807496876826
2024,05,ITA.10.8.110_1,0.6970227670753065,0.9789708882290628
2024,05,ITA.10.8.111_1,0.7320490367775833,0.98646033878712025
2024,05,ITA.10.8.112_1,0.7110332749562173,0.9821690282227392
2024,05,ITA.10.8.113_1,0.7338003502626971,0.986790757962396
2024,05,ITA.10.8.114_1,0.7495621716287216,0.9895776877031939
2024,05,ITA.10.8.115_1,0.7828371278458844,0.9943661297530201
2024,05,ITA.10.8.116_1,0.7302977232924693,0.9861257526299574
2024,05,ITA.10.8.117_1,0.7267950963222417,0.9854440623394105
2024,05,ITA.10.8.118_1,0.7267950963222417,0.9854440623394105
2024,05,ITA.10.8.119_1,0.7180385288966725,0.983666610188635
2024,05,ITA.10.8.12_1,0.7145359019264449,0.9829262434180909
2024,05,ITA.10.8.120_1,0.7110332749562173,0.9821690282227392
2024,05,ITA.10.8.121_1,0.7513134851138354,0.9898666576867816
2024,05,ITA.10.8.122_1,0.7565674255691769,0.9907088371464141
2024,05,ITA.10.8.123_1,0.6830122591943959,0.9754998718605759
2024,05,ITA.10.8.124_1,0.7355516637478109,0.9871170143402452
2024,05,ITA.10.8.125_1,0.7162872154115587,0.9832985304575615
2024,05,ITA.10.8.126_1,0.7408056042031524,0.9880708476622514
2024,05,ITA.10.8.127_1,0.6847635726795097,0.9759487691472335
2024,05,ITA.10.8.128_1,0.6847635726795097,0.9759487691472335
2024,05,ITA.10.8.129_1,0.7425569176882663,0.9883804935347521
2024,05,ITA.10.8.13_1,0.6549912434325745,0.9677272342969376
2024,05,ITA.10.8.130_1,0.7863397548161122,0.9947843987518099
2024,05,ITA.10.8.131_1,0.7373029772329247,0.987439112046915
2024,05,ITA.10.8.132_1,0.7267950963222417,0.9854440623394105
2024,05,ITA.10.8.133_1,0.7408056042031524,0.9880708476622514
2024,05,ITA.10.8.14_1,0.7390542907180385,0.9877570551507087
2024,05,ITA.10.8.15_1,0.7285464098073555,0.9857869952479592
2024,05,ITA.10.8.16_1,0.712784588441331,0.9825497442877892
2024,05,ITA.10.8.17_1,0.7583187390542908,0.9909813318120578
2024,05,ITA.10.8.18_1,0.7443082311733801,0.9886859966642594
2024,05,ITA.10.8.19_1,0.7653239929947461,0.9920302414745228
2024,05,ITA.10.8.2_1,0.7495621716287216,0.9895776877031939
2024,05,ITA.10.8.20_1,0.7618213660245184,0.9915139938498094
2024,05,ITA.10.8.21_1,0.7740805604203153,0.9932492134404135
2024,05,ITA.10.8.22_1,0.6970227670753065,0.9789708882290628
2024,05,ITA.10.8.23_1,0.7618213660245184,0.9915139938498094
2024,05,ITA.10.8.24_1,0.7075306479859896,0.9813949256033475
2024,05,ITA.10.8.25_1,0.6374781085814362,0.962297251372984
2024,05,ITA.10.8.26_1,0.7215411558669002,0.9843901665498289
2024,05,ITA.10.8.27_1,0.76707530647986,0.9922822179198819
2024,05,ITA.10.8.28_1,0.6812609457092821,0.975046665549911
2024,05,ITA.10.8.29_1,0.6900175131348513,0.9772696659571503
2024,05,ITA.10.8.3_1,0.7215411558669002,0.9843901665498289
2024,05,ITA.10.8.30_1,0.7110332749562173,0.9821690282227392
2024,05,ITA.10.8.31_1,0.7723292469352014,0.9930135950730987
2024,05,ITA.10.8.32_1,0.7267950963222417,0.9854440623394105
2024,05,ITA.10.8.33_1,0.7565674255691769,0.9907088371464141
2024,05,ITA.10.8.34_1,0.7232924693520141,0.9847456524402634
2024,05,ITA.10.8.35_1,0.660245183887916,0.9692698282728087
2024,05,ITA.10.8.36_1,0.7758318739054292,0.9934807496876826
2024,05,ITA.10.8.37_1,0.7005253940455343,0.9797958971132712
2024,05,ITA.10.8.38_1,0.7460595446584939,0.9889873608899156
2024,05,ITA.10.8.39_1,0.7355516637478109,0.9871170143402452
2024,05,ITA.10.8.4_1,0.7495621716287216,0.9895776877031939
2024,05,ITA.10.8.40_1,0.6742556917688267,0.9731906288081488
2024,05,ITA.10.8.41_1,0.7408056042031524,0.9880708476622514
2024,05,ITA.10.8.42_1,0.7145359019264449,0.9829262434180909
2024,05,ITA.10.8.43_1,0.6830122591943959,0.9754998718605759
2024,05,ITA.10.8.44_1,0.7390542907180385,0.9877570551507087
2024,05,ITA.10.8.45_1,0.6987740805604205,0.9793855216409929
2024,05,ITA.10.8.46_1,0.7425569176882663,0.9883804935347521
2024,05,ITA.10.8.47_1,0.7530647985989493,0.990151503558925
2024,05,ITA.10.8.48_1,0.7373029772329247,0.987439112046915
2024,05,ITA.10.8.49_1,0.7565674255691769,0.9907088371464141
2024,05,ITA.10.8.5_1,0.7338003502626971,0.986790757962396
2024,05,ITA.10.8.50_1,0.7495621716287216,0.9895776877031939
2024,05,ITA.10.8.51_1,0.7215411558669002,0.9843901665498289
2024,05,ITA.10.8.52_1,0.7162872154115587,0.9832985304575615
2024,05,ITA.10.8.53_1,0.6830122591943959,0.9754998718605759
2024,05,ITA.10.8.54_1,0.7162872154115587,0.9832985304575615
2024,05,ITA.10.8.55_1,0.670753064798599,0.9722365967191319
2024,05,ITA.10.8.56_1,0.7250437828371279,0.9850969495435462
2024,05,ITA.10.8.57_1,0.6865148861646235,0.9763933633531108
2024,05,ITA.10.8.58_1,0.6847635726795097,0.9759487691472335
2024,05,ITA.10.8.59_1,0.7092819614711035,0.9817840903172144
2024,05,ITA.10.8.6_1,0.6795096322241682,0.9745891442038537
2024,05,ITA.10.8.60_1,0.7618213660245184,0.9915139938498094
2024,05,ITA.10.8.61_1,0.7005253940455343,0.9797958971132712
2024,05,ITA.10.8.62_1,0.6690017513134852,0.9717530550505102
2024,05,ITA.10.8.63_1,0.7443082311733801,0.9886859966642594
2024,05,ITA.10.8.64_1,0.7355516637478109,0.9871170143402452
2024,05,ITA.10.8.65_1,0.7197898423817863,0.9840304873325826
2024,05,ITA.10.8.66_1,0.7040280210157619,0.9806038955664005
2024,05,ITA.10.8.67_1,0.6760070052539405,0.9736611320166786
2024,05,ITA.10.8.68_1,0.649737302977233,0.9661449166662318
2024,05,ITA.10.8.69_1,0.7320490367775833,0.98646033878712025
2024,05,ITA.10.8.7_1,0.7057793345008757,0.9810015290507961
2024,05,ITA.10.8.70_1,0.7162872154115587,0.9832985304575615
2024,05,ITA.10.8.71_1,0.7355516637478109,0.9871170143402452
2024,05,ITA.10.8.72_1,0.7092819614711035,0.9817840903172144
2024,05,ITA.10.8.73_1,0.7215411558669002,0.9843901665498289
2024,05,ITA.10.8.74_1,0.7285464098073555,0.9857869952479592
2024,05,ITA.10.8.75_1,0.7600700525394046,0.9912497162672985
2024,05,ITA.10.8.76_1,0.6917688266199651,0.9777013859047148
2024,05,ITA.10.8.77_1,0.7285464098073555,0.9857869952479592
2024,05,ITA.10.8.78_1,0.7285464098073555,0.9857869952479592
2024,05,ITA.10.8.79_1,0.7338003502626971,0.986790757962396
2024,05,ITA.10.8.8_1,0.7092819614711035,0.9817840903172144
2024,05,ITA.10.8.80_1,0.7320490367775833,0.98646033878712025
2024,05,ITA.10.8.81_1,0.7355516637478109,0.9871170143402452
2024,05,ITA.10.8.82_1,0.7162872154115587,0.9832985304575615
2024,05,ITA.10.8.83_1,0.6935201401050789,0.9781288258711119
2024,05,ITA.10.8.84_1,0.7197898423817863,0.9840304873325826
2024,05,ITA.10.8.85_1,0.6830122591943959,0.9754998718605759
2024,05,ITA.10.8.86_1,0.7285464098073555,0.9857869952479592
2024,05,ITA.10.8.87_1,0.7145359019264449,0.9829262434180909
2024,05,ITA.10.8.88_1,0.6795096322241682,0.9745891442038537
2024,05,ITA.10.8.89_1,0.6865148861646235,0.9763933633531108
2024,05,ITA.10.8.9_1,0.7215411558669002,0.9843901665498289
2024,05,ITA.10.8.90_1,0.7040280210157619,0.9806038955664005
2024,05,ITA.10.8.91_1,0.7285464098073555,0.9857869952479592
2024,05,ITA.10.8.92_1,0.7040280210157619,0.9806038955664005
2024,05,ITA.10.8.93_1,0.7075306479859896,0.9813949256033475
2024,05,ITA.10.8.94_1,0.7057793345008757,0.9810015290507961
2024,05,ITA.10.8.95_1,0.7110332749562173,0.9821690282227392
2024,05,ITA.10.8.96_1,0.7267950963222417,0.9854440623394105
2024,05,ITA.10.8.97_1,0.7513134851138354,0.9898666576867816
2024,05,ITA.10.8.98_1,0.7688266199649738,0.9925301002992302
2024,05,ITA.10.8.99_1,0.7040280210157619,0.9806038955664005
2024,05,ITA.10.9.1_1,0.7145359019264449,0.9829262434180909
2024,05,ITA.10.9.10_1,0.6882661996497373,0.976833660353696
2024,05,ITA.10.9.11_1,0.7443082311733801,0.9886859966642594
2024,05,ITA.10.9.12_1,0.7635726795096323,0.9917741678426597
2024,05,ITA.10.9.13_1,0.7040280210157619,0.9806038955664005
2024,05,ITA.10.9.14_1,0.7302977232924693,0.9861257526299574
2024,05,ITA.10.9.15_1,0.7232924693520141,0.9847456524402634
2024,05,ITA.10.9.16_1,0.6742556917688267,0.9731906288081488
2024,05,ITA.10.9.17_1,0.7232924693520141,0.9847456524402634
2024,05,ITA.10.9.18_1,0.6952714535901927,0.97855199146494
2024,05,ITA.10.9.19_1,0.6777583187390543,0.9741273017424364
2024,05,ITA.10.9.2_1,0.6777583187390543,0.9741273017424364
2024,05,ITA.10.9.20_1,0.7197898423817863,0.9840304873325826
2024,05,ITA.10.9.21_1,0.7618213660245184,0.9915139938498094
2024,05,ITA.10.9.22_1,0.7267950963222417,0.9854440623394105
2024,05,ITA.10.9.23_1,0.7145359019264449,0.9829262434180909
2024,05,ITA.10.9.24_1,0.7285464098073555,0.9857869952479592
2024,05,ITA.10.9.25_1,0.7075306479859896,0.9813949256033475
2024,05,ITA.10.9.26_1,0.6777583187390543,0.9741273017424364
2024,05,ITA.10.9.27_1,0.7425569176882663,0.9883804935347521
2024,05,ITA.10.9.28_1,0.7320490367775833,0.98646033878712025
2024,05,ITA.10.9.29_1,0.7373029772329247,0.987439112046915
2024,05,ITA.10.9.3_1,0.7302977232924693,0.9861257526299574
2024,05,ITA.10.9.30_1,0.7180385288966725,0.983666610188635
2024,05,ITA.10.9.31_1,0.7232924693520141,0.9847456524402634
2024,05,ITA.10.9.32_1,0.7232924693520141,0.9847456524402634
2024,05,ITA.10.9.33_1,0.6917688266199651,0.9777013859047148
2024,05,ITA.10.9.34_1,0.7618213660245184,0.9915139938498094
2024,05,ITA.10.9.35_1,0.6917688266199651,0.9777013859047148
2024,05,ITA.10.9.36_1,0.7040280210157619,0.9806038955664005
2024,05,ITA.10.9.37_1,0.7162872154115587,0.9832985304575615
2024,05,ITA.10.9.38_1,0.7110332749562173,0.9821690282227392
2024,05,ITA.10.9.39_1,0.6847635726795097,0.9759487691472335
2024,05,ITA.10.9.4_1,0.712784588441331,0.9825497442877892
2024,05,ITA.10.9.40_1,0.7092819614711035,0.9817840903172144
2024,05,ITA.10.9.41_1,0.7215411558669002,0.9843901665498289
2024,05,ITA.10.9.42_1,0.7197898423817863,0.9840304873325826
2024,05,ITA.10.9.43_1,0.7040280210157619,0.9806038955664005
2024,05,ITA.10.9.44_1,0.7250437828371279,0.9850969495435462
2024,05,ITA.10.9.45_1,0.7145359019264449,0.9829262434180909
2024,05,ITA.10.9.46_1,0.7338003502626971,0.986790757962396
2024,05,ITA.10.9.47_1,0.7443082311733801,0.9886859966642594
2024,05,ITA.10.9.48_1,0.7302977232924693,0.9861257526299574
2024,05,ITA.10.9.49_1,0.7425569176882663,0.9883804935347521
2024,05,ITA.10.9.5_1,0.6584938704028022,0.9687600322061186
2024,05,ITA.10.9.50_1,0.7250437828371279,0.9850969495435462
2024,05,ITA.10.9.51_1,0.6935201401050789,0.9781288258711119
2024,05,ITA.10.9.52_1,0.7285464098073555,0.9857869952479592
2024,05,ITA.10.9.53_1,0.7390542907180385,0.9877570551507087
2024,05,ITA.10.9.54_1,0.712784588441331,0.9825497442877892
2024,05,ITA.10.9.6_1,0.649737302977233,0.9661449166662318
2024,05,ITA.10.9.7_1,0.7110332749562173,0.9821690282227392
2024,05,ITA.10.9.8_1,0.7373029772329247,0.987439112046915
2024,05,ITA.10.9.9_1,0.7180385288966725,0.983666610188635
2024,05,ITA.11.1.1_1,0.6007005253940456,0.9494229826584145
2024,05,ITA.11.1.10_1,0.6129597197898424,0.9539392014169457
2024,05,ITA.11.1.11_1,0.6129597197898424,0.9539392014169457
2024,05,ITA.11.1.12_1,0.597197898423818,0.9480907129594721
2024,05,ITA.11.1.13_1,0.5936952714535902,0.9467396685467447
2024,05,ITA.11.1.14_1,0.5901926444833626,0.9453697689264238
2024,05,ITA.11.1.15_1,0.6042031523642732,0.9507365565707464
2024,05,ITA.11.1.16_1,0.5394045534150613,0.923333092659415
2024,05,ITA.11.1.17_1,0.5709281961471104,0.9374945333173949
2024,05,ITA.11.1.18_1,0.6077057793345009,0.9520315120835025
2024,05,ITA.11.1.19_1,0.5779334500875658,0.9404254356406998
2024,05,ITA.11.1.2_1,0.6304728546409808,0.96
2024,05,ITA.11.1.20_1,0.628721541155867,0.9594144047282176
2024,05,ITA.11.1.21_1,0.6322241681260946,0.9605810741421048
2024,05,ITA.11.1.22_1,0.6217162872154116,0.9570266453970862
2024,05,ITA.11.1.23_1,0.5551663747810859,0.9306148505155073
2024,05,ITA.11.1.24_1,0.6252189141856392,0.9582296175760798
2024,05,ITA.11.1.25_1,0.6357267950963222,0.9617296917533533
2024,05,ITA.11.1.26_1,0.6304728546409808,0.96
2024,05,ITA.11.1.27_1,0.628721541155867,0.9594144047282176
2024,05,ITA.11.1.28_1,0.5884413309982488,0.9446777228240327
2024,05,ITA.11.1.29_1,0.6024518388791593,0.9500821017154254
2024,05,ITA.11.1.3_1,0.6059544658493871,0.9513863568498342
2024,05,ITA.11.1.30_1,0.6024518388791593,0.9500821017154254
2024,05,ITA.11.1.31_1,0.586690017513135,0.9439809320108113
2024,05,ITA.11.1.33_1,0.6024518388791593,0.9500821017154254
2024,05,ITA.11.1.34_1,0.56217162872154125,0.9337215859130601
2024,05,ITA.11.1.35_1,0.6584938704028022,0.9687600322061186
2024,05,ITA.11.1.36_1,0.5569176882661997,0.931398947819891
2024,05,ITA.11.1.37_1,0.5394045534150613,0.923333092659415
2024,05,ITA.11.1.38_1,0.56217162872154125,0.9337215859130601
2024,05,ITA.11.1.39_1,0.6147110332749562,0.954565869911553
2024,05,ITA.11.1.4_1,0.628721541155867,0.9594144047282176
2024,05,ITA.11.1.40_1,0.6077057793345009,0.9520315120835025
2024,05,ITA.11.1.41_1,0.62697022767075306,0.9588242800430119
2024,05,ITA.11.1.42_1,0.5919439579684764,0.946057080730333
2024,05,ITA.11.1.43_1,0.5586690017513135,0.9321780945720619
2024,05,ITA.11.1.44_1,0.6339754816112084,0.9611576353543679
2024,05,ITA.11.1.45_1,0.6147110332749562,0.954565869911553
2024,05,ITA.11.1.46_1,0.5744308231173381,0.9389696480717574
2024,05,ITA.11.1.47_1,0.5639229422066551,0.9344859549506349
2024,05,ITA.11.1.49_1,0.5884413309982488,0.9446777228240327
2024,05,ITA.11.1.5_1,0.5761821366024519,0.939699952112375
2024,05,ITA.11.1.6_1,0.5551663747810859,0.9306148505155073
2024,05,ITA.11.1.7_1,0.6112084063047285,0.9533079250693346
2024,05,ITA.11.1.8_1,0.6147110332749562,0.954565869911553
2024,05,ITA.11.1.9_1,0.6059544658493871,0.9513863568498342
2024,05,ITA.11.2.1_1,0.6374781085814362,0.962297251372984
2024,05,ITA.11.2.10_1,0.63922942206655,0.9628603221651623
2024,05,ITA.11.2.11_1,0.6077057793345009,0.9520315120835025
2024,05,ITA.11.2.12_1,0.7057793345008757,0.9810015290507961
2024,05,ITA.11.2.13_1,0.7338003502626971,0.986790757962396
2024,05,ITA.11.2.14_1,0.628721541155867,0.9594144047282176
2024,05,ITA.11.2.15_1,0.6409807355516638,0.9634189120003821
2024,05,ITA.11.2.16_1,0.6900175131348513,0.9772696659571503
2024,05,ITA.11.2.17_1,0.6304728546409808,0.96
2024,05,ITA.11.2.18_1,0.7355516637478109,0.9871170143402452
2024,05,ITA.11.2.19_1,0.7075306479859896,0.9813949256033475
2024,05,ITA.11.2.2_1,0.7408056042031524,0.9880708476622514
2024,05,ITA.11.2.20_1,0.6654991243432575,0.9707728879609279
2024,05,ITA.11.2.21_1,0.6830122591943959,0.9754998718605759
2024,05,ITA.11.2.22_1,0.7267950963222417,0.9854440623394105
2024,05,ITA.11.2.23_1,0.5919439579684764,0.946057080730333
2024,05,ITA.11.2.24_1,0.5534150612959721,0.9298257901349047
2024,05,ITA.11.2.25_1,0.7443082311733801,0.9886859966642594
2024,05,ITA.11.2.26_1,0.7180385288966725,0.983666610188635
2024,05,ITA.11.2.27_1,0.6357267950963222,0.9617296917533533
2024,05,ITA.11.2.28_1,0.6760070052539405,0.9736611320166786
2024,05,ITA.11.2.29_1,0.6900175131348513,0.9772696659571503
2024,05,ITA.11.2.3_1,0.7022767075306481,0.9802020199938377
2024,05,ITA.11.2.30_1,0.6742556917688267,0.9731906288081488
2024,05,ITA.11.2.31_1,0.7302977232924693,0.9861257526299574
2024,05,ITA.11.2.32_1,0.7110332749562173,0.9821690282227392
2024,05,ITA.11.2.33_1,0.6987740805604205,0.9793855216409929
2024,05,ITA.11.2.4_1,0.6549912434325745,0.9677272342969376
2024,05,ITA.11.2.5_1,0.6830122591943959,0.9754998718605759
2024,05,ITA.11.2.6_1,0.6882661996497373,0.976833660353696
2024,05,ITA.11.2.7_1,0.6970227670753065,0.9789708882290628
2024,05,ITA.11.2.8_1,0.6777583187390543,0.9741273017424364
2024,05,ITA.11.2.9_1,0.7495621716287216,0.9895776877031939
2024,05,ITA.11.3.1_1,0.7162872154115587,0.9832985304575615
2024,05,ITA.11.3.10_1,0.6847635726795097,0.9759487691472335
2024,05,ITA.11.3.11_1,0.6234676007005254,0.9576304088739037
2024,05,ITA.11.3.12_1,0.6567425569176883,0.9682458365518543
2024,05,ITA.11.3.13_1,0.6339754816112084,0.9611576353543679
2024,05,ITA.11.3.14_1,0.6830122591943959,0.9754998718605759
2024,05,ITA.11.3.15_1,0.6917688266199651,0.9777013859047148
2024,05,ITA.11.3.16_1,0.6567425569176883,0.9682458365518543
2024,05,ITA.11.3.17_1,0.6865148861646235,0.9763933633531108
2024,05,ITA.11.3.18_1,0.6654991243432575,0.9707728879609279
2024,05,ITA.11.3.19_1,0.6234676007005254,0.9576304088739037
2024,05,ITA.11.3.2_1,0.6199649737302978,0.9564183185196736
2024,05,ITA.11.3.20_1,0.628721541155867,0.9594144047282176
2024,05,ITA.11.3.21_1,0.6094570928196147,0.9526720317087093
2024,05,ITA.11.3.22_1,0.6252189141856392,0.9582296175760798
2024,05,ITA.11.3.23_1,0.6409807355516638,0.9634189120003821
2024,05,ITA.11.3.24_1,0.6374781085814362,0.962297251372984
2024,05,ITA.11.3.25_1,0.6830122591943959,0.9754998718605759
2024,05,ITA.11.3.26_1,0.6672504378283713,0.9712651543219287
2024,05,ITA.11.3.27_1,0.7022767075306481,0.9802020199938377
2024,05,ITA.11.3.28_1,0.7793345008756568,0.993931587182941
2024,05,ITA.11.3.29_1,0.6795096322241682,0.9745891442038537
2024,05,ITA.11.3.3_1,0.6199649737302978,0.9564183185196736
2024,05,ITA.11.3.30_1,0.7408056042031524,0.9880708476622514
2024,05,ITA.11.3.31_1,0.712784588441331,0.9825497442877892
2024,05,ITA.11.3.32_1,0.6567425569176883,0.9682458365518543
2024,05,ITA.11.3.34_1,0.6882661996497373,0.976833660353696
2024,05,ITA.11.3.35_1,0.6532399299474606,0.9672042183530839
2024,05,ITA.11.3.36_1,0.6444833625218914,0.9645226798784983
2024,05,ITA.11.3.37_1,0.6182136602451839,0.9558054195284729
2024,05,ITA.11.3.38_1,0.6427320490367776,0.9639730286683336
2024,05,ITA.11.3.39_1,0.6077057793345009,0.9520315120835025
2024,05,ITA.11.3.4_1,0.7635726795096323,0.9917741678426597
2024,05,ITA.11.3.40_1,0.6584938704028022,0.9687600322061186
2024,05,ITA.11.3.5_1,0.6147110332749562,0.954565869911553
2024,05,ITA.11.3.6_1,0.7250437828371279,0.9850969495435462
2024,05,ITA.11.3.7_1,0.6164623467600701,0.955187939622355
2024,05,ITA.11.3.8_1,0.7197898423817863,0.9840304873325826
2024,05,ITA.11.3.9_1,0.7355516637478109,0.9871170143402452
2024,05,ITA.11.4.1_1,0.6024518388791593,0.9500821017154254
2024,05,ITA.11.4.10_1,0.5814360770577934,0.9418619856433319
2024,05,ITA.11.4.11_1,0.6059544658493871,0.9513863568498342
2024,05,ITA.11.4.12_1,0.5586690017513135,0.9321780945720619
2024,05,ITA.11.4.13_1,0.62697022767075306,0.9588242800430119
2024,05,ITA.11.4.14_1,0.6129597197898424,0.9539392014169457
2024,05,ITA.11.4.15_1,0.6252189141856392,0.9582296175760798
2024,05,ITA.11.4.16_1,0.6007005253940456,0.9494229826584145
2024,05,ITA.11.4.17_1,0.5726795096322242,0.9382345122622595
2024,05,ITA.11.4.18_1,0.6007005253940456,0.9494229826584145
2024,05,ITA.11.4.19_1,0.5796847635726796,0.9411461098044235
2024,05,ITA.11.4.2_1,0.6094570928196147,0.9526720317087093
2024,05,ITA.11.4.20_1,0.5709281961471104,0.9374945333173949
2024,05,ITA.11.4.21_1,0.6164623467600701,0.955187939622355
2024,05,ITA.11.4.22_1,0.5674255691768827,0.936
2024,05,ITA.11.4.23_1,0.6024518388791593,0.9500821017154254
2024,05,ITA.11.4.24_1,0.6164623467600701,0.955187939622355
2024,05,ITA.11.4.25_1,0.6129597197898424,0.9539392014169457
2024,05,ITA.11.4.26_1,0.597197898423818,0.9480907129594721
2024,05,ITA.11.4.27_1,0.6777583187390543,0.9741273017424364
2024,05,ITA.11.4.28_1,0.6112084063047285,0.9533079250693346
2024,05,ITA.11.4.29_1,0.5691768826619966,0.9367496997597597
2024,05,ITA.11.4.3_1,0.6199649737302978,0.9564183185196736
2024,05,ITA.11.4.30_1,0.5989492119089318,0.9487591896788141
2024,05,ITA.11.4.31_1,0.5534150612959721,0.9298257901349047
2024,05,ITA.11.4.32_1,0.6304728546409808,0.96
2024,05,ITA.11.4.33_1,0.5989492119089318,0.9487591896788141
2024,05,ITA.11.4.34_1,0.5761821366024519,0.939699952112375
2024,05,ITA.11.4.35_1,0.6182136602451839,0.9558054195284729
2024,05,ITA.11.4.36_1,0.6007005253940456,0.9494229826584145
2024,05,ITA.11.4.37_1,0.5884413309982488,0.9446777228240327
2024,05,ITA.11.4.38_1,0.5936952714535902,0.9467396685467447
2024,05,ITA.11.4.39_1,0.597197898423818,0.9480907129594721
2024,05,ITA.11.4.4_1,0.6725043782837129,0.9727157858285225
2024,05,ITA.11.4.40_1,0.56217162872154125,0.9337215859130601
2024,05,ITA.11.4.41_1,0.5814360770577934,0.9418619856433319
2024,05,ITA.11.4.42_1,0.6409807355516638,0.9634189120003821
2024,05,ITA.11.4.43_1,0.6619964973730298,0.9697752316903129
2024,05,ITA.11.4.44_1,0.5831873905429072,0.9425730740902798
2024,05,ITA.11.4.45_1,0.6129597197898424,0.9539392014169457
2024,05,ITA.11.4.46_1,0.6427320490367776,0.9639730286683336
2024,05,ITA.11.4.47_1,0.6042031523642732,0.9507365565707464
2024,05,ITA.11.4.48_1,0.6077057793345009,0.9520315120835025
2024,05,ITA.11.4.49_1,0.5674255691768827,0.936
2024,05,ITA.11.4.5_1,0.5849387040280211,0.9432793859721519
2024,05,ITA.11.4.50_1,0.5936952714535902,0.9467396685467447
2024,05,ITA.11.4.51_1,0.5499124343257443,0.9282327294380435
2024,05,ITA.11.4.52_1,0.6374781085814362,0.962297251372984
2024,05,ITA.11.4.53_1,0.6007005253940456,0.9494229826584145
2024,05,ITA.11.4.54_1,0.5989492119089318,0.9487591896788141
2024,05,ITA.11.4.55_1,0.628721541155867,0.9594144047282176
2024,05,ITA.11.4.56_1,0.5761821366024519,0.939699952112375
2024,05,ITA.11.4.57_1,0.5411558669001751,0.9241623234042816
2024,05,ITA.11.4.6_1,0.6252189141856392,0.9582296175760798
2024,05,ITA.11.4.7_1,0.5271453590192645,0.9173854151881858
2024,05,ITA.11.4.8_1,0.5779334500875658,0.9404254356406998
2024,05,ITA.11.4.9_1,0.5849387040280211,0.9432793859721519
2024,05,ITA.11.5.1_1,0.62697022767075306,0.9588242800430119
2024,05,ITA.11.5.10_1,0.6672504378283713,0.9712651543219287
2024,05,ITA.11.5.11_1,0.5586690017513135,0.9321780945720619
2024,05,ITA.11.5.12_1,0.6549912434325745,0.9677272342969376
2024,05,ITA.11.5.13_1,0.6532399299474606,0.9672042183530839
2024,05,ITA.11.5.14_1,0.62697022767075306,0.9588242800430119
2024,05,ITA.11.5.15_1,0.5989492119089318,0.9487591896788141
2024,05,ITA.11.5.16_1,0.6077057793345009,0.9520315120835025
2024,05,ITA.11.5.17_1,0.6795096322241682,0.9745891442038537
2024,05,ITA.11.5.18_1,0.6147110332749562,0.954565869911553
2024,05,ITA.11.5.19_1,0.6847635726795097,0.9759487691472335
2024,05,ITA.11.5.2_1,0.6007005253940456,0.9494229826584145
2024,05,ITA.11.5.20_1,0.7040280210157619,0.9806038955664005
2024,05,ITA.11.5.21_1,0.6042031523642732,0.9507365565707464
2024,05,ITA.11.5.22_1,0.6444833625218914,0.9645226798784983
2024,05,ITA.11.5.23_1,0.6514886164623468,0.9666767815562759
2024,05,ITA.11.5.24_1,0.5481611208406305,0.9274287034591931
2024,05,ITA.11.5.25_1,0.6514886164623468,0.9666767815562759
2024,05,ITA.11.5.26_1,0.660245183887916,0.9692698282728087
2024,05,ITA.11.5.27_1,0.6042031523642732,0.9507365565707464
2024,05,ITA.11.5.28_1,0.6182136602451839,0.9558054195284729
2024,05,ITA.11.5.29_1,0.6182136602451839,0.9558054195284729
2024,05,ITA.11.5.3_1,0.6847635726795097,0.9759487691472335
2024,05,ITA.11.5.30_1,0.6567425569176883,0.9682458365518543
2024,05,ITA.11.5.31_1,0.6374781085814362,0.962297251372984
2024,05,ITA.11.5.32_1,0.6322241681260946,0.9605810741421048
2024,05,ITA.11.5.33_1,0.6567425569176883,0.9682458365518543
2024,05,ITA.11.5.34_1,0.6427320490367776,0.9639730286683336
2024,05,ITA.11.5.35_1,0.6444833625218914,0.9645226798784983
2024,05,ITA.11.5.36_1,0.597197898423818,0.9480907129594721
2024,05,ITA.11.5.37_1,0.6094570928196147,0.9526720317087093
2024,05,ITA.11.5.38_1,0.6164623467600701,0.955187939622355
2024,05,ITA.11.5.39_1,0.6339754816112084,0.9611576353543679
2024,05,ITA.11.5.4_1,0.6164623467600701,0.955187939622355
2024,05,ITA.11.5.40_1,0.6252189141856392,0.9582296175760798
2024,05,ITA.11.5.41_1,0.6409807355516638,0.9634189120003821
2024,05,ITA.11.5.42_1,0.6865148861646235,0.9763933633531108
2024,05,ITA.11.5.43_1,0.6234676007005254,0.9576304088739037
2024,05,ITA.11.5.44_1,0.6935201401050789,0.9781288258711119
2024,05,ITA.11.5.45_1,0.670753064798599,0.9722365967191319
2024,05,ITA.11.5.46_1,0.5796847635726796,0.9411461098044235
2024,05,ITA.11.5.47_1,0.5919439579684764,0.946057080730333
2024,05,ITA.11.5.48_1,0.6865148861646235,0.9763933633531108
2024,05,ITA.11.5.49_1,0.6374781085814362,0.962297251372984
2024,05,ITA.11.5.5_1,0.6129597197898424,0.9539392014169457
2024,05,ITA.11.5.50_1,0.6427320490367776,0.9639730286683336
2024,05,ITA.11.5.51_1,0.649737302977233,0.9661449166662318
2024,05,ITA.11.5.52_1,0.5656742556917689,0.9352454223357631
2024,05,ITA.11.5.53_1,0.5989492119089318,0.9487591896788141
2024,05,ITA.11.5.54_1,0.6199649737302978,0.9564183185196736
2024,05,ITA.11.5.55_1,0.62697022767075306,0.9588242800430119
2024,05,ITA.11.5.56_1,0.6917688266199651,0.9777013859047148
2024,05,ITA.11.5.57_1,0.649737302977233,0.9661449166662318
2024,05,ITA.11.5.58_1,0.628721541155867,0.9594144047282176
2024,05,ITA.11.5.59_1,0.649737302977233,0.9661449166662318
2024,05,ITA.11.5.6_1,0.7075306479859896,0.9813949256033475
2024,05,ITA.11.5.60_1,0.63922942206655,0.9628603221651623
2024,05,ITA.11.5.61_1,0.6164623467600701,0.955187939622355
2024,05,ITA.11.5.62_1,0.6549912434325745,0.9677272342969376
2024,05,ITA.11.5.63_1,0.628721541155867,0.9594144047282176
2024,05,ITA.11.5.64_1,0.6672504378283713,0.9712651543219287
2024,05,ITA.11.5.65_1,0.6987740805604205,0.9793855216409929
2024,05,ITA.11.5.66_1,0.63922942206655,0.9628603221651623
2024,05,ITA.11.5.67_1,0.6427320490367776,0.9639730286683336
2024,05,ITA.11.5.7_1,0.6462346760070053,0.965067873260736
2024,05,ITA.11.5.8_1,0.6164623467600701,0.955187939622355
2024,05,ITA.11.5.9_1,0.6094570928196147,0.9526720317087093
2024,05,ITA.12.1.1_1,0.6357267950963222,0.9617296917533533
2024,05,ITA.12.1.10_1,0.6182136602451839,0.9558054195284729
2024,05,ITA.12.1.11_1,0.5411558669001751,0.9241623234042816
2024,05,ITA.12.1.12_1,0.6479859894921192,0.9656086163658648
2024,05,ITA.12.1.13_1,0.5691768826619966,0.9367496997597597
2024,05,ITA.12.1.14_1,0.6024518388791593,0.9500821017154254
2024,05,ITA.12.1.15_1,0.5814360770577934,0.9418619856433319
2024,05,ITA.12.1.16_1,0.670753064798599,0.9722365967191319
2024,05,ITA.12.1.17_1,0.6199649737302978,0.9564183185196736
2024,05,ITA.12.1.18_1,0.6900175131348513,0.9772696659571503
2024,05,ITA.12.1.19_1,0.5726795096322242,0.9382345122622595
2024,05,ITA.12.1.2_1,0.6374781085814362,0.962297251372984
2024,05,ITA.12.1.20_1,0.6900175131348513,0.9772696659571503
2024,05,ITA.12.1.21_1,0.5131348511383538,0.9102768809543611
2024,05,ITA.12.1.22_1,0.6024518388791593,0.9500821017154254
2024,05,ITA.12.1.23_1,0.6304728546409808,0.96
2024,05,ITA.12.1.24_1,0.6444833625218914,0.9645226798784983
2024,05,ITA.12.1.25_1,0.5796847635726796,0.9411461098044235
2024,05,ITA.12.1.26_1,0.649737302977233,0.9661449166662318
2024,05,ITA.12.1.27_1,0.5376532399299475,0.9224987804869988
2024,05,ITA.12.1.28_1,0.6007005253940456,0.9494229826584145
2024,05,ITA.12.1.29_1,0.6532399299474606,0.9672042183530839
2024,05,ITA.12.1.3_1,0.7040280210157619,0.9806038955664005
2024,05,ITA.12.1.30_1,0.6042031523642732,0.9507365565707464
2024,05,ITA.12.1.31_1,0.5849387040280211,0.9432793859721519
2024,05,ITA.12.1.32_1,0.6199649737302978,0.9564183185196736
2024,05,ITA.12.1.33_1,0.597197898423818,0.9480907129594721
2024,05,ITA.12.1.34_1,0.5831873905429072,0.9425730740902798
2024,05,ITA.12.1.35_1,0.5726795096322242,0.9382345122622595
2024,05,ITA.12.1.36_1,0.7005253940455343,0.9797958971132712
2024,05,ITA.12.1.37_1,0.5551663747810859,0.9306148505155073
2024,05,ITA.12.1.38_1,0.6444833625218914,0.9645226798784983
2024,05,ITA.12.1.39_1,0.6812609457092821,0.975046665549911
2024,05,ITA.12.1.4_1,0.48861646234676015,0.8970150500409678
2024,05,ITA.12.1.40_1,0.5586690017513135,0.9321780945720619
2024,05,ITA.12.1.41_1,0.5499124343257443,0.9282327294380435
2024,05,ITA.12.1.42_1,0.597197898423818,0.9480907129594721
2024,05,ITA.12.1.43_1,0.6795096322241682,0.9745891442038537
2024,05,ITA.12.1.44_1,0.4956217162872154,0.9009128703709366
2024,05,ITA.12.1.45_1,0.62697022767075306,0.9588242800430119
2024,05,ITA.12.1.46_1,0.6444833625218914,0.9645226798784983
2024,05,ITA.12.1.47_1,0.5359019264448337,0.9216593730874764
2024,05,ITA.12.1.48_1,0.5236427320490368,0.9156396671180208
2024,05,ITA.12.1.49_1,0.6234676007005254,0.9576304088739037
2024,05,ITA.12.1.5_1,0.6935201401050789,0.9781288258711119
2024,05,ITA.12.1.50_1,0.5814360770577934,0.9418619856433319
2024,05,ITA.12.1.51_1,0.7022767075306481,0.9802020199938377
2024,05,ITA.12.1.52_1,0.5464098073555167,0.9266196630764966
2024,05,ITA.12.1.53_1,0.6059544658493871,0.9513863568498342
2024,05,ITA.12.1.54_1,0.6304728546409808,0.96
2024,05,ITA.12.1.55_1,0.5919439579684764,0.946057080730333
2024,05,ITA.12.1.56_1,0.5779334500875658,0.9404254356406998
2024,05,ITA.12.1.57_1,0.6199649737302978,0.9564183185196736
2024,05,ITA.12.1.58_1,0.5516637478108581,0.9290317540321213
2024,05,ITA.12.1.59_1,0.6427320490367776,0.9639730286683336
2024,05,ITA.12.1.6_1,0.6444833625218914,0.9645226798784983
2024,05,ITA.12.1.60_1,0.5604203152364273,0.9329523031752481
2024,05,ITA.12.1.61_1,0.5043782837127846,0.905662188677434
2024,05,ITA.12.1.62_1,0.6462346760070053,0.965067873260736
2024,05,ITA.12.1.63_1,0.6339754816112084,0.9611576353543679
2024,05,ITA.12.1.64_1,0.5901926444833626,0.9453697689264238
2024,05,ITA.12.1.65_1,0.6865148861646235,0.9763933633531108
2024,05,ITA.12.1.66_1,0.6182136602451839,0.9558054195284729
2024,05,ITA.12.1.67_1,0.6304728546409808,0.96
2024,05,ITA.12.1.68_1,0.5148861646234676,0.9111838453352868
2024,05,ITA.12.1.69_1,0.5639229422066551,0.9344859549506349
2024,05,ITA.12.1.7_1,0.6987740805604205,0.9793855216409929
2024,05,ITA.12.1.70_1,0.6462346760070053,0.965067873260736
2024,05,ITA.12.1.71_1,0.6444833625218914,0.9645226798784983
2024,05,ITA.12.1.72_1,0.63922942206655,0.9628603221651623
2024,05,ITA.12.1.73_1,0.5394045534150613,0.923333092659415
2024,05,ITA.12.1.74_1,0.47810858143607715,0.8910016835000931
2024,05,ITA.12.1.75_1,0.6252189141856392,0.9582296175760798
2024,05,ITA.12.1.76_1,0.6830122591943959,0.9754998718605759
2024,05,ITA.12.1.77_1,0.5954465849387042,0.9474175425861608
2024,05,ITA.12.1.78_1,0.670753064798599,0.9722365967191319
2024,05,ITA.12.1.79_1,0.6742556917688267,0.9731906288081488
2024,05,ITA.12.1.8_1,0.6024518388791593,0.9500821017154254
2024,05,ITA.12.1.80_1,0.6164623467600701,0.955187939622355
2024,05,ITA.12.1.81_1,0.6024518388791593,0.9500821017154254
2024,05,ITA.12.1.82_1,0.6094570928196147,0.9526720317087093
2024,05,ITA.12.1.83_1,0.5043782837127846,0.905662188677434
2024,05,ITA.12.1.84_1,0.6409807355516638,0.9634189120003821
2024,05,ITA.12.1.9_1,0.5148861646234676,0.9111838453352868
2024,05,ITA.12.2.1_1,0.6830122591943959,0.9754998718605759
2024,05,ITA.12.2.10_1,0.6760070052539405,0.9736611320166786
2024,05,ITA.12.2.11_1,0.6690017513134852,0.9717530550505102
2024,05,ITA.12.2.12_1,0.6952714535901927,0.97855199146494
2024,05,ITA.12.2.13_1,0.6462346760070053,0.965067873260736
2024,05,ITA.12.2.14_1,0.6584938704028022,0.9687600322061186
2024,05,ITA.12.2.15_1,0.649737302977233,0.9661449166662318
2024,05,ITA.12.2.16_1,0.6444833625218914,0.9645226798784983
2024,05,ITA.12.2.17_1,0.7022767075306481,0.9802020199938377
2024,05,ITA.12.2.18_1,0.7250437828371279,0.9850969495435462
2024,05,ITA.12.2.19_1,0.7215411558669002,0.9843901665498289
2024,05,ITA.12.2.2_1,0.6514886164623468,0.9666767815562759
2024,05,ITA.12.2.20_1,0.6742556917688267,0.9731906288081488
2024,05,ITA.12.2.21_1,0.6970227670753065,0.9789708882290628
2024,05,ITA.12.2.22_1,0.670753064798599,0.9722365967191319
2024,05,ITA.12.2.23_1,0.7075306479859896,0.9813949256033475
2024,05,ITA.12.2.24_1,0.7110332749562173,0.9821690282227392
2024,05,ITA.12.2.25_1,0.628721541155867,0.9594144047282176
2024,05,ITA.12.2.26_1,0.6357267950963222,0.9617296917533533
2024,05,ITA.12.2.27_1,0.6619964973730298,0.9697752316903129
2024,05,ITA.12.2.28_1,0.6952714535901927,0.97855199146494
2024,05,ITA.12.2.29_1,0.7057793345008757,0.9810015290507961
2024,05,ITA.12.2.3_1,0.6900175131348513,0.9772696659571503
2024,05,ITA.12.2.30_1,0.6847635726795097,0.9759487691472335
2024,05,ITA.12.2.31_1,0.7338003502626971,0.986790757962396
2024,05,ITA.12.2.32_1,0.6619964973730298,0.9697752316903129
2024,05,ITA.12.2.33_1,0.5796847635726796,0.9411461098044235
2024,05,ITA.12.2.34_1,0.6637478108581437,0.970276249322841
2024,05,ITA.12.2.35_1,0.6795096322241682,0.9745891442038537
2024,05,ITA.12.2.36_1,0.6304728546409808,0.96
2024,05,ITA.12.2.37_1,0.6917688266199651,0.9777013859047148
2024,05,ITA.12.2.38_1,0.6970227670753065,0.9789708882290628
2024,05,ITA.12.2.39_1,0.63922942206655,0.9628603221651623
2024,05,ITA.12.2.4_1,0.6217162872154116,0.9570266453970862
2024,05,ITA.12.2.40_1,0.7057793345008757,0.9810015290507961
2024,05,ITA.12.2.41_1,0.7022767075306481,0.9802020199938377
2024,05,ITA.12.2.42_1,0.670753064798599,0.9722365967191319
2024,05,ITA.12.2.43_1,0.6252189141856392,0.9582296175760798
2024,05,ITA.12.2.44_1,0.6935201401050789,0.9781288258711119
2024,05,ITA.12.2.45_1,0.6147110332749562,0.954565869911553
2024,05,ITA.12.2.46_1,0.670753064798599,0.9722365967191319
2024,05,ITA.12.2.47_1,0.6760070052539405,0.9736611320166786
2024,05,ITA.12.2.48_1,0.6374781085814362,0.962297251372984
2024,05,ITA.12.2.49_1,0.649737302977233,0.9661449166662318
2024,05,ITA.12.2.5_1,0.6690017513134852,0.9717530550505102
2024,05,ITA.12.2.50_1,0.6830122591943959,0.9754998718605759
2024,05,ITA.12.2.51_1,0.6339754816112084,0.9611576353543679
2024,05,ITA.12.2.52_1,0.7057793345008757,0.9810015290507961
2024,05,ITA.12.2.6_1,0.6514886164623468,0.9666767815562759
2024,05,ITA.12.2.7_1,0.6900175131348513,0.9772696659571503
2024,05,ITA.12.2.8_1,0.6725043782837129,0.9727157858285225
2024,05,ITA.12.2.9_1,0.6024518388791593,0.9500821017154254
2024,05,ITA.13.1.1_1,0.7250437828371279,0.9850969495435462
2024,05,ITA.13.1.10_1,0.6690017513134852,0.9717530550505102
2024,05,ITA.13.1.100_1,0.6847635726795097,0.9759487691472335
2024,05,ITA.13.1.101_1,0.7267950963222417,0.9854440623394105
2024,05,ITA.13.1.102_1,0.6760070052539405,0.9736611320166786
2024,05,ITA.13.1.103_1,0.7250437828371279,0.9850969495435462
2024,05,ITA.13.1.104_1,0.7057793345008757,0.9810015290507961
2024,05,ITA.13.1.105_1,0.7110332749562173,0.9821690282227392
2024,05,ITA.13.1.106_1,0.7810858143607706,0.9941508939793798
2024,05,ITA.13.1.107_1,0.6777583187390543,0.9741273017424364
2024,05,ITA.13.1.108_1,0.7180385288966725,0.983666610188635
2024,05,ITA.13.1.109_1,0.7863397548161122,0.9947843987518099
2024,05,ITA.13.1.11_1,0.777583187390543,0.9937082066683358
2024,05,ITA.13.1.110_1,0.7022767075306481,0.9802020199938377
2024,05,ITA.13.1.111_1,0.7092819614711035,0.9817840903172144
2024,05,ITA.13.1.112_1,0.7338003502626971,0.986790757962396
2024,05,ITA.13.1.113_1,0.7267950963222417,0.9854440623394105
2024,05,ITA.13.1.114_1,0.7460595446584939,0.9889873608899156
2024,05,ITA.13.1.115_1,0.7425569176882663,0.9883804935347521
2024,05,ITA.13.1.116_1,0.7075306479859896,0.9813949256033475
2024,05,ITA.13.1.117_1,0.7478108581436077,0.9892845899942038
2024,05,ITA.13.1.118_1,0.7565674255691769,0.9907088371464141
2024,05,ITA.13.1.119_1,0.7460595446584939,0.9889873608899156
2024,05,ITA.13.1.12_1,0.7338003502626971,0.986790757962396
2024,05,ITA.13.1.120_1,0.7338003502626971,0.986790757962396
2024,05,ITA.13.1.121_1,0.7145359019264449,0.9829262434180909
2024,05,ITA.13.1.122_1,0.7565674255691769,0.9907088371464141
2024,05,ITA.13.1.123_1,0.76707530647986,0.9922822179198819
2024,05,ITA.13.1.124_1,0.7232924693520141,0.9847456524402634
2024,05,ITA.13.1.125_1,0.7478108581436077,0.9892845899942038
2024,05,ITA.13.1.126_1,0.7565674255691769,0.9907088371464141
2024,05,ITA.13.1.127_1,0.7425569176882663,0.9883804935347521
2024,05,ITA.13.1.128_1,0.7338003502626971,0.986790757962396
2024,05,ITA.13.1.129_1,0.7110332749562173,0.9821690282227392
2024,05,ITA.13.1.13_1,0.6830122591943959,0.9754998718605759
2024,05,ITA.13.1.130_1,0.7302977232924693,0.9861257526299574
2024,05,ITA.13.1.131_1,0.7320490367775833,0.98646033878712025
2024,05,ITA.13.1.132_1,0.6830122591943959,0.9754998718605759
2024,05,ITA.13.1.133_1,0.7495621716287216,0.9895776877031939
2024,05,ITA.13.1.134_1,0.7565674255691769,0.9907088371464141
2024,05,ITA.13.1.135_1,0.7057793345008757,0.9810015290507961
2024,05,ITA.13.1.136_1,0.7740805604203153,0.9932492134404135
2024,05,ITA.13.1.137_1,0.6882661996497373,0.976833660353696
2024,05,ITA.13.1.138_1,0.7548161120840631,0.9904322288778774
2024,05,ITA.13.1.139_1,0.7302977232924693,0.9861257526299574
2024,05,ITA.13.1.14_1,0.6479859894921192,0.9656086163658648
2024,05,ITA.13.1.140_1,0.7530647985989493,0.990151503558925
2024,05,ITA.13.1.141_1,0.6970227670753065,0.9789708882290628
2024,05,ITA.13.1.142_1,0.6970227670753065,0.9789708882290628
2024,05,ITA.13.1.143_1,0.6987740805604205,0.9793855216409929
2024,05,ITA.13.1.144_1,0.7443082311733801,0.9886859966642594
2024,05,ITA.13.1.145_1,0.6777583187390543,0.9741273017424364
2024,05,ITA.13.1.146_1,0.6654991243432575,0.9707728879609279
2024,05,ITA.13.1.147_1,0.6444833625218914,0.9645226798784983
2024,05,ITA.13.1.148_1,0.6654991243432575,0.9707728879609279
2024,05,ITA.13.1.149_1,0.7197898423817863,0.9840304873325826
2024,05,ITA.13.1.15_1,0.7057793345008757,0.9810015290507961
2024,05,ITA.13.1.150_1,0.7390542907180385,0.9877570551507087
2024,05,ITA.13.1.151_1,0.6567425569176883,0.9682458365518543
2024,05,ITA.13.1.152_1,0.6917688266199651,0.9777013859047148
2024,05,ITA.13.1.153_1,0.7075306479859896,0.9813949256033475
2024,05,ITA.13.1.154_1,0.6917688266199651,0.9777013859047148
2024,05,ITA.13.1.155_1,0.63922942206655,0.9628603221651623
2024,05,ITA.13.1.156_1,0.6795096322241682,0.9745891442038537
2024,05,ITA.13.1.157_1,0.6672504378283713,0.9712651543219287
2024,05,ITA.13.1.158_1,0.6129597197898424,0.9539392014169457
2024,05,ITA.13.1.159_1,0.7302977232924693,0.9861257526299574
2024,05,ITA.13.1.16_1,0.6847635726795097,0.9759487691472335
2024,05,ITA.13.1.160_1,0.7057793345008757,0.9810015290507961
2024,05,ITA.13.1.161_1,0.7005253940455343,0.9797958971132712
2024,05,ITA.13.1.162_1,0.7635726795096323,0.9917741678426597
2024,05,ITA.13.1.163_1,0.7040280210157619,0.9806038955664005
2024,05,ITA.13.1.164_1,0.7250437828371279,0.9850969495435462
2024,05,ITA.13.1.165_1,0.7180385288966725,0.983666610188635
2024,05,ITA.13.1.166_1,0.7250437828371279,0.9850969495435462
2024,05,ITA.13.1.167_1,0.6882661996497373,0.976833660353696
2024,05,ITA.13.1.168_1,0.6970227670753065,0.9789708882290628
2024,05,ITA.13.1.169_1,0.6672504378283713,0.9712651543219287
2024,05,ITA.13.1.17_1,0.7075306479859896,0.9813949256033475
2024,05,ITA.13.1.170_1,0.6760070052539405,0.9736611320166786
2024,05,ITA.13.1.171_1,0.7390542907180385,0.9877570551507087
2024,05,ITA.13.1.172_1,0.7373029772329247,0.987439112046915
2024,05,ITA.13.1.173_1,0.6462346760070053,0.965067873260736
2024,05,ITA.13.1.174_1,0.6970227670753065,0.9789708882290628
2024,05,ITA.13.1.175_1,0.6795096322241682,0.9745891442038537
2024,05,ITA.13.1.176_1,0.7092819614711035,0.9817840903172144
2024,05,ITA.13.1.177_1,0.6917688266199651,0.9777013859047148
2024,05,ITA.13.1.178_1,0.6427320490367776,0.9639730286683336
2024,05,ITA.13.1.179_1,0.7250437828371279,0.9850969495435462
2024,05,ITA.13.1.18_1,0.7373029772329247,0.987439112046915
2024,05,ITA.13.1.180_1,0.7460595446584939,0.9889873608899156
2024,05,ITA.13.1.181_1,0.6830122591943959,0.9754998718605759
2024,05,ITA.13.1.182_1,0.8143607705779335,0.9975469913743412
2024,05,ITA.13.1.183_1,0.7162872154115587,0.9832985304575615
2024,05,ITA.13.1.184_1,0.7373029772329247,0.987439112046915
2024,05,ITA.13.1.185_1,0.7530647985989493,0.990151503558925
2024,05,ITA.13.1.186_1,0.7215411558669002,0.9843901665498289
2024,05,ITA.13.1.187_1,0.7688266199649738,0.9925301002992302
2024,05,ITA.13.1.188_1,0.7460595446584939,0.9889873608899156
2024,05,ITA.13.1.189_1,0.777583187390543,0.9937082066683358
2024,05,ITA.13.1.19_1,0.7197898423817863,0.9840304873325826
2024,05,ITA.13.1.190_1,0.7197898423817863,0.9840304873325826
2024,05,ITA.13.1.2_1,0.6742556917688267,0.9731906288081488
2024,05,ITA.13.1.20_1,0.7092819614711035,0.9817840903172144
2024,05,ITA.13.1.21_1,0.7162872154115587,0.9832985304575615
2024,05,ITA.13.1.22_1,0.7600700525394046,0.9912497162672985
2024,05,ITA.13.1.23_1,0.7338003502626971,0.986790757962396
2024,05,ITA.13.1.24_1,0.6742556917688267,0.9731906288081488
2024,05,ITA.13.1.25_1,0.7005253940455343,0.9797958971132712
2024,05,ITA.13.1.26_1,0.7723292469352014,0.9930135950730987
2024,05,ITA.13.1.27_1,0.7495621716287216,0.9895776877031939
2024,05,ITA.13.1.28_1,0.7040280210157619,0.9806038955664005
2024,05,ITA.13.1.29_1,0.712784588441331,0.9825497442877892
2024,05,ITA.13.1.3_1,0.6654991243432575,0.9707728879609279
2024,05,ITA.13.1.30_1,0.6847635726795097,0.9759487691472335
2024,05,ITA.13.1.31_1,0.7635726795096323,0.9917741678426597
2024,05,ITA.13.1.32_1,0.712784588441331,0.9825497442877892
2024,05,ITA.13.1.33_1,0.7898423817863398,0.9951864146982715
2024,05,ITA.13.1.34_1,0.7145359019264449,0.9829262434180909
2024,05,ITA.13.1.35_1,0.7145359019264449,0.9829262434180909
2024,05,ITA.13.1.36_1,0.7267950963222417,0.9854440623394105
2024,05,ITA.13.1.37_1,0.7057793345008757,0.9810015290507961
2024,05,ITA.13.1.38_1,0.7495621716287216,0.9895776877031939
2024,05,ITA.13.1.39_1,0.7110332749562173,0.9821690282227392
2024,05,ITA.13.1.4_1,0.7548161120840631,0.9904322288778774
2024,05,ITA.13.1.40_1,0.6690017513134852,0.9717530550505102
2024,05,ITA.13.1.41_1,0.6672504378283713,0.9712651543219287
2024,05,ITA.13.1.42_1,0.6725043782837129,0.9727157858285225
2024,05,ITA.13.1.43_1,0.7478108581436077,0.9892845899942038
2024,05,ITA.13.1.44_1,0.7162872154115587,0.9832985304575615
2024,05,ITA.13.1.45_1,0.7250437828371279,0.9850969495435462
2024,05,ITA.13.1.46_1,0.7390542907180385,0.9877570551507087
2024,05,ITA.13.1.47_1,0.7373029772329247,0.987439112046915
2024,05,ITA.13.1.48_1,0.7600700525394046,0.9912497162672985
2024,05,ITA.13.1.49_1,0.7618213660245184,0.9915139938498094
2024,05,ITA.13.1.5_1,0.6917688266199651,0.9777013859047148
2024,05,ITA.13.1.50_1,0.7845884413309984,0.9945772971468834
2024,05,ITA.13.1.51_1,0.7180385288966725,0.983666610188635
2024,05,ITA.13.1.52_1,0.7478108581436077,0.9892845899942038
2024,05,ITA.13.1.53_1,0.6357267950963222,0.9617296917533533
2024,05,ITA.13.1.54_1,0.7390542907180385,0.9877570551507087
2024,05,ITA.13.1.55_1,0.7635726795096323,0.9917741678426597
2024,05,ITA.13.1.56_1,0.7180385288966725,0.983666610188635
2024,05,ITA.13.1.57_1,0.7267950963222417,0.9854440623394105
2024,05,ITA.13.1.58_1,0.6917688266199651,0.9777013859047148
2024,05,ITA.13.1.59_1,0.7478108581436077,0.9892845899942038
2024,05,ITA.13.1.6_1,0.6970227670753065,0.9789708882290628
2024,05,ITA.13.1.60_1,0.7285464098073555,0.9857869952479592
2024,05,ITA.13.1.61_1,0.7197898423817863,0.9840304873325826
2024,05,ITA.13.1.62_1,0.7390542907180385,0.9877570551507087
2024,05,ITA.13.1.63_1,0.7110332749562173,0.9821690282227392
2024,05,ITA.13.1.64_1,0.7040280210157619,0.9806038955664005
2024,05,ITA.13.1.65_1,0.7338003502626971,0.986790757962396
2024,05,ITA.13.1.66_1,0.6479859894921192,0.9656086163658648
2024,05,ITA.13.1.67_1,0.7338003502626971,0.986790757962396
2024,05,ITA.13.1.68_1,0.7478108581436077,0.9892845899942038
2024,05,ITA.13.1.69_1,0.7040280210157619,0.9806038955664005
2024,05,ITA.13.1.7_1,0.7705779334500876,0.9927738916792685
2024,05,ITA.13.1.70_1,0.7110332749562173,0.9821690282227392
2024,05,ITA.13.1.71_1,0.7320490367775833,0.98646033878712025
2024,05,ITA.13.1.72_1,0.7180385288966725,0.983666610188635
2024,05,ITA.13.1.73_1,0.7180385288966725,0.983666610188635
2024,05,ITA.13.1.74_1,0.7285464098073555,0.9857869952479592
2024,05,ITA.13.1.75_1,0.7075306479859896,0.9813949256033475
2024,05,ITA.13.1.76_1,0.7653239929947461,0.9920302414745228
2024,05,ITA.13.1.77_1,0.7758318739054292,0.9934807496876826
2024,05,ITA.13.1.78_1,0.7635726795096323,0.9917741678426597
2024,05,ITA.13.1.79_1,0.6654991243432575,0.9707728879609279
2024,05,ITA.13.1.8_1,0.7162872154115587,0.9832985304575615
2024,05,ITA.13.1.80_1,0.6882661996497373,0.976833660353696
2024,05,ITA.13.1.81_1,0.7373029772329247,0.987439112046915
2024,05,ITA.13.1.82_1,0.7215411558669002,0.9843901665498289
2024,05,ITA.13.1.83_1,0.6654991243432575,0.9707728879609279
2024,05,ITA.13.1.84_1,0.7197898423817863,0.9840304873325826
2024,05,ITA.13.1.85_1,0.6952714535901927,0.97855199146494
2024,05,ITA.13.1.86_1,0.7180385288966725,0.983666610188635
2024,05,ITA.13.1.87_1,0.6637478108581437,0.970276249322841
2024,05,ITA.13.1.88_1,0.7443082311733801,0.9886859966642594
2024,05,ITA.13.1.89_1,0.6917688266199651,0.9777013859047148
2024,05,ITA.13.1.9_1,0.7215411558669002,0.9843901665498289
2024,05,ITA.13.1.90_1,0.7302977232924693,0.9861257526299574
2024,05,ITA.13.1.91_1,0.7215411558669002,0.9843901665498289
2024,05,ITA.13.1.92_1,0.7478108581436077,0.9892845899942038
2024,05,ITA.13.1.93_1,0.7495621716287216,0.9895776877031939
2024,05,ITA.13.1.94_1,0.7425569176882663,0.9883804935347521
2024,05,ITA.13.1.95_1,0.7075306479859896,0.9813949256033475
2024,05,ITA.13.1.96_1,0.6725043782837129,0.9727157858285225
2024,05,ITA.13.1.97_1,0.7408056042031524,0.9880708476622514
2024,05,ITA.13.1.98_1,0.7250437828371279,0.9850969495435462
2024,05,ITA.13.1.99_1,0.6900175131348513,0.9772696659571503
2024,05,ITA.13.2.1_1,0.7320490367775833,0.98646033878712025
2024,05,ITA.13.2.10_1,0.7443082311733801,0.9886859966642594
2024,05,ITA.13.2.100_1,0.7338003502626971,0.986790757962396
2024,05,ITA.13.2.101_1,0.777583187390543,0.9937082066683358
2024,05,ITA.13.2.102_1,0.7267950963222417,0.9854440623394105
2024,05,ITA.13.2.103_1,0.7950963222416814,0.9957590069891409
2024,05,ITA.13.2.104_1,0.7390542907180385,0.9877570551507087
2024,05,ITA.13.2.105_1,0.7530647985989493,0.990151503558925
2024,05,ITA.13.2.106_1,0.7285464098073555,0.9857869952479592
2024,05,ITA.13.2.107_1,0.7705779334500876,0.9927738916792685
2024,05,ITA.13.2.108_1,0.7250437828371279,0.9850969495435462
2024,05,ITA.13.2.109_1,0.712784588441331,0.9825497442877892
2024,05,ITA.13.2.11_1,0.7495621716287216,0.9895776877031939
2024,05,ITA.13.2.110_1,0.7355516637478109,0.9871170143402452
2024,05,ITA.13.2.111_1,0.712784588441331,0.9825497442877892
2024,05,ITA.13.2.112_1,0.7478108581436077,0.9892845899942038
2024,05,ITA.13.2.113_1,0.7530647985989493,0.990151503558925
2024,05,ITA.13.2.114_1,0.7092819614711035,0.9817840903172144
2024,05,ITA.13.2.115_1,0.7092819614711035,0.9817840903172144
2024,05,ITA.13.2.116_1,0.7530647985989493,0.990151503558925
2024,05,ITA.13.2.117_1,0.6619964973730298,0.9697752316903129
2024,05,ITA.13.2.118_1,0.7478108581436077,0.9892845899942038
2024,05,ITA.13.2.12_1,0.7110332749562173,0.9821690282227392
2024,05,ITA.13.2.13_1,0.7355516637478109,0.9871170143402452
2024,05,ITA.13.2.14_1,0.7600700525394046,0.9912497162672985
2024,05,ITA.13.2.15_1,0.7530647985989493,0.990151503558925
2024,05,ITA.13.2.16_1,0.798598949211909,0.9961204746414963
2024,05,ITA.13.2.17_1,0.7250437828371279,0.9850969495435462
2024,05,ITA.13.2.18_1,0.7250437828371279,0.9850969495435462
2024,05,ITA.13.2.19_1,0.670753064798599,0.9722365967191319
2024,05,ITA.13.2.2_1,0.7180385288966725,0.983666610188635
2024,05,ITA.13.2.20_1,0.7285464098073555,0.9857869952479592
2024,05,ITA.13.2.21_1,0.7845884413309984,0.9945772971468834
2024,05,ITA.13.2.22_1,0.7355516637478109,0.9871170143402452
2024,05,ITA.13.2.23_1,0.7583187390542908,0.9909813318120578
2024,05,ITA.13.2.24_1,0.7548161120840631,0.9904322288778774
2024,05,ITA.13.2.25_1,0.7390542907180385,0.9877570551507087
2024,05,ITA.13.2.26_1,0.7723292469352014,0.9930135950730987
2024,05,ITA.13.2.27_1,0.7618213660245184,0.9915139938498094
2024,05,ITA.13.2.28_1,0.7705779334500876,0.9927738916792685
2024,05,ITA.13.2.29_1,0.7845884413309984,0.9945772971468834
2024,05,ITA.13.2.3_1,0.7478108581436077,0.9892845899942038
2024,05,ITA.13.2.30_1,0.7425569176882663,0.9883804935347521
2024,05,ITA.13.2.31_1,0.7092819614711035,0.9817840903172144
2024,05,ITA.13.2.32_1,0.7478108581436077,0.9892845899942038
2024,05,ITA.13.2.33_1,0.7162872154115587,0.9832985304575615
2024,05,ITA.13.2.34_1,0.7513134851138354,0.9898666576867816
2024,05,ITA.13.2.35_1,0.6830122591943959,0.9754998718605759
2024,05,ITA.13.2.36_1,0.7022767075306481,0.9802020199938377
2024,05,ITA.13.2.37_1,0.7425569176882663,0.9883804935347521
2024,05,ITA.13.2.38_1,0.7618213660245184,0.9915139938498094
2024,05,ITA.13.2.39_1,0.6970227670753065,0.9789708882290628
2024,05,ITA.13.2.4_1,0.7075306479859896,0.9813949256033475
2024,05,ITA.13.2.40_1,0.6742556917688267,0.9731906288081488
2024,05,ITA.13.2.41_1,0.7302977232924693,0.9861257526299574
2024,05,ITA.13.2.42_1,0.7443082311733801,0.9886859966642594
2024,05,ITA.13.2.43_1,0.7478108581436077,0.9892845899942038
2024,05,ITA.13.2.44_1,0.7968476357267952,0.9959417653658269
2024,05,ITA.13.2.45_1,0.7600700525394046,0.9912497162672985
2024,05,ITA.13.2.46_1,0.7145359019264449,0.9829262434180909
2024,05,ITA.13.2.47_1,0.7302977232924693,0.9861257526299574
2024,05,ITA.13.2.48_1,0.7390542907180385,0.9877570551507087
2024,05,ITA.13.2.49_1,0.7180385288966725,0.983666610188635
2024,05,ITA.13.2.5_1,0.7583187390542908,0.9909813318120578
2024,05,ITA.13.2.50_1,0.7443082311733801,0.9886859966642594
2024,05,ITA.13.2.51_1,0.7338003502626971,0.986790757962396
2024,05,ITA.13.2.52_1,0.6952714535901927,0.97855199146494
2024,05,ITA.13.2.53_1,0.712784588441331,0.9825497442877892
2024,05,ITA.13.2.54_1,0.7443082311733801,0.9886859966642594
2024,05,ITA.13.2.55_1,0.7495621716287216,0.9895776877031939
2024,05,ITA.13.2.56_1,0.7092819614711035,0.9817840903172144
2024,05,ITA.13.2.57_1,0.7180385288966725,0.983666610188635
2024,05,ITA.13.2.58_1,0.6970227670753065,0.9789708882290628
2024,05,ITA.13.2.59_1,0.7495621716287216,0.9895776877031939
2024,05,ITA.13.2.6_1,0.8003502626970229,0.9962951369950573
2024,05,ITA.13.2.60_1,0.7215411558669002,0.9843901665498289
2024,05,ITA.13.2.61_1,0.7302977232924693,0.9861257526299574
2024,05,ITA.13.2.62_1,0.712784588441331,0.9825497442877892
2024,05,ITA.13.2.63_1,0.7092819614711035,0.9817840903172144
2024,05,ITA.13.2.64_1,0.7355516637478109,0.9871170143402452
2024,05,ITA.13.2.65_1,0.7180385288966725,0.983666610188635
2024,05,ITA.13.2.66_1,0.7232924693520141,0.9847456524402634
2024,05,ITA.13.2.67_1,0.6970227670753065,0.9789708882290628
2024,05,ITA.13.2.68_1,0.7145359019264449,0.9829262434180909
2024,05,ITA.13.2.69_1,0.7005253940455343,0.9797958971132712
2024,05,ITA.13.2.7_1,0.7530647985989493,0.990151503558925
2024,05,ITA.13.2.70_1,0.7530647985989493,0.990151503558925
2024,05,ITA.13.2.71_1,0.7390542907180385,0.9877570551507087
2024,05,ITA.13.2.72_1,0.6935201401050789,0.9781288258711119
2024,05,ITA.13.2.73_1,0.7022767075306481,0.9802020199938377
2024,05,ITA.13.2.74_1,0.7408056042031524,0.9880708476622514
2024,05,ITA.13.2.75_1,0.7425569176882663,0.9883804935347521
2024,05,ITA.13.2.76_1,0.6987740805604205,0.9793855216409929
2024,05,ITA.13.2.77_1,0.7390542907180385,0.9877570551507087
2024,05,ITA.13.2.78_1,0.7197898423817863,0.9840304873325826
2024,05,ITA.13.2.79_1,0.7373029772329247,0.987439112046915
2024,05,ITA.13.2.8_1,0.76707530647986,0.9922822179198819
2024,05,ITA.13.2.80_1,0.7320490367775833,0.98646033878712025
2024,05,ITA.13.2.81_1,0.7110332749562173,0.9821690282227392
2024,05,ITA.13.2.82_1,0.7285464098073555,0.9857869952479592
2024,05,ITA.13.2.83_1,0.6970227670753065,0.9789708882290628
2024,05,ITA.13.2.84_1,0.6427320490367776,0.9639730286683336
2024,05,ITA.13.2.85_1,0.6830122591943959,0.9754998718605759
2024,05,ITA.13.2.86_1,0.7162872154115587,0.9832985304575615
2024,05,ITA.13.2.87_1,0.6637478108581437,0.970276249322841
2024,05,ITA.13.2.88_1,0.7145359019264449,0.9829262434180909
2024,05,ITA.13.2.89_1,0.7933450087565675,0.9955721972815432
2024,05,ITA.13.2.9_1,0.6672504378283713,0.9712651543219287
2024,05,ITA.13.2.90_1,0.7162872154115587,0.9832985304575615
2024,05,ITA.13.2.91_1,0.7040280210157619,0.9806038955664005
2024,05,ITA.13.2.92_1,0.7443082311733801,0.9886859966642594
2024,05,ITA.13.2.93_1,0.7373029772329247,0.987439112046915
2024,05,ITA.13.2.94_1,0.7408056042031524,0.9880708476622514
2024,05,ITA.13.2.95_1,0.7197898423817863,0.9840304873325826
2024,05,ITA.13.2.96_1,0.7110332749562173,0.9821690282227392
2024,05,ITA.13.2.97_1,0.7232924693520141,0.9847456524402634
2024,05,ITA.13.2.98_1,0.6917688266199651,0.9777013859047148
2024,05,ITA.13.2.99_1,0.7232924693520141,0.9847456524402634
2024,05,ITA.13.3.1_1,0.7513134851138354,0.9898666576867816
2024,05,ITA.13.3.10_1,0.6987740805604205,0.9793855216409929
2024,05,ITA.13.3.11_1,0.6549912434325745,0.9677272342969376
2024,05,ITA.13.3.12_1,0.6672504378283713,0.9712651543219287
2024,05,ITA.13.3.13_1,0.6865148861646235,0.9763933633531108
2024,05,ITA.13.3.14_1,0.7162872154115587,0.9832985304575615
2024,05,ITA.13.3.15_1,0.7180385288966725,0.983666610188635
2024,05,ITA.13.3.16_1,0.7162872154115587,0.9832985304575615
2024,05,ITA.13.3.17_1,0.7373029772329247,0.987439112046915
2024,05,ITA.13.3.18_1,0.7215411558669002,0.9843901665498289
2024,05,ITA.13.3.19_1,0.7180385288966725,0.983666610188635
2024,05,ITA.13.3.2_1,0.6725043782837129,0.9727157858285225
2024,05,ITA.13.3.20_1,0.7373029772329247,0.987439112046915
2024,05,ITA.13.3.21_1,0.7460595446584939,0.9889873608899156
2024,05,ITA.13.3.22_1,0.7022767075306481,0.9802020199938377
2024,05,ITA.13.3.23_1,0.7793345008756568,0.993931587182941
2024,05,ITA.13.3.24_1,0.6462346760070053,0.965067873260736
2024,05,ITA.13.3.25_1,0.7653239929947461,0.9920302414745228
2024,05,ITA.13.3.26_1,0.6917688266199651,0.9777013859047148
2024,05,ITA.13.3.27_1,0.7285464098073555,0.9857869952479592
2024,05,ITA.13.3.28_1,0.6462346760070053,0.965067873260736
2024,05,ITA.13.3.29_1,0.7600700525394046,0.9912497162672985
2024,05,ITA.13.3.3_1,0.6654991243432575,0.9707728879609279
2024,05,ITA.13.3.30_1,0.6479859894921192,0.9656086163658648
2024,05,ITA.13.3.31_1,0.7443082311733801,0.9886859966642594
2024,05,ITA.13.3.32_1,0.7373029772329247,0.987439112046915
2024,05,ITA.13.3.33_1,0.7513134851138354,0.9898666576867816
2024,05,ITA.13.3.34_1,0.6917688266199651,0.9777013859047148
2024,05,ITA.13.3.35_1,0.660245183887916,0.9692698282728087
2024,05,ITA.13.3.36_1,0.7110332749562173,0.9821690282227392
2024,05,ITA.13.3.37_1,0.7425569176882663,0.9883804935347521
2024,05,ITA.13.3.38_1,0.6427320490367776,0.9639730286683336
2024,05,ITA.13.3.39_1,0.6479859894921192,0.9656086163658648
2024,05,ITA.13.3.4_1,0.6479859894921192,0.9656086163658648
2024,05,ITA.13.3.40_1,0.7110332749562173,0.9821690282227392
2024,05,ITA.13.3.41_1,0.6970227670753065,0.9789708882290628
2024,05,ITA.13.3.42_1,0.6917688266199651,0.9777013859047148
2024,05,ITA.13.3.43_1,0.712784588441331,0.9825497442877892
2024,05,ITA.13.3.44_1,0.6479859894921192,0.9656086163658648
2024,05,ITA.13.3.45_1,0.6847635726795097,0.9759487691472335
2024,05,ITA.13.3.46_1,0.7022767075306481,0.9802020199938377
2024,05,ITA.13.3.47_1,0.7180385288966725,0.983666610188635
2024,05,ITA.13.3.48_1,0.6970227670753065,0.9789708882290628
2024,05,ITA.13.3.49_1,0.7302977232924693,0.9861257526299574
2024,05,ITA.13.3.5_1,0.7460595446584939,0.9889873608899156
2024,05,ITA.13.3.50_1,0.7705779334500876,0.9927738916792685
2024,05,ITA.13.3.51_1,0.6164623467600701,0.955187939622355
2024,05,ITA.13.3.52_1,0.7215411558669002,0.9843901665498289
2024,05,ITA.13.3.53_1,0.7250437828371279,0.9850969495435462
2024,05,ITA.13.3.54_1,0.6234676007005254,0.9576304088739037
2024,05,ITA.13.3.55_1,0.6742556917688267,0.9731906288081488
2024,05,ITA.13.3.56_1,0.6532399299474606,0.9672042183530839
2024,05,ITA.13.3.57_1,0.7232924693520141,0.9847456524402634
2024,05,ITA.13.3.58_1,0.6567425569176883,0.9682458365518543
2024,05,ITA.13.3.59_1,0.7215411558669002,0.9843901665498289
2024,05,ITA.13.3.6_1,0.6514886164623468,0.9666767815562759
2024,05,ITA.13.3.60_1,0.6847635726795097,0.9759487691472335
2024,05,ITA.13.3.61_1,0.7250437828371279,0.9850969495435462
2024,05,ITA.13.3.62_1,0.6584938704028022,0.9687600322061186
2024,05,ITA.13.3.63_1,0.7443082311733801,0.9886859966642594
2024,05,ITA.13.3.64_1,0.6725043782837129,0.9727157858285225
2024,05,ITA.13.3.65_1,0.6234676007005254,0.9576304088739037
2024,05,ITA.13.3.66_1,0.670753064798599,0.9722365967191319
2024,05,ITA.13.3.67_1,0.6462346760070053,0.965067873260736
2024,05,ITA.13.3.68_1,0.6760070052539405,0.9736611320166786
2024,05,ITA.13.3.69_1,0.6812609457092821,0.975046665549911
2024,05,ITA.13.3.7_1,0.7495621716287216,0.9895776877031939
2024,05,ITA.13.3.70_1,0.7145359019264449,0.9829262434180909
2024,05,ITA.13.3.71_1,0.7355516637478109,0.9871170143402452
2024,05,ITA.13.3.72_1,0.6374781085814362,0.962297251372984
2024,05,ITA.13.3.73_1,0.7092819614711035,0.9817840903172144
2024,05,ITA.13.3.74_1,0.6549912434325745,0.9677272342969376
2024,05,ITA.13.3.75_1,0.6847635726795097,0.9759487691472335
2024,05,ITA.13.3.76_1,0.6777583187390543,0.9741273017424364
2024,05,ITA.13.3.77_1,0.7110332749562173,0.9821690282227392
2024,05,ITA.13.3.78_1,0.7740805604203153,0.9932492134404135
2024,05,ITA.13.3.79_1,0.7267950963222417,0.9854440623394105
2024,05,ITA.13.3.8_1,0.7250437828371279,0.9850969495435462
2024,05,ITA.13.3.80_1,0.6637478108581437,0.970276249322841
2024,05,ITA.13.3.81_1,0.7513134851138354,0.9898666576867816
2024,05,ITA.13.3.82_1,0.6882661996497373,0.976833660353696
2024,05,ITA.13.3.9_1,0.7092819614711035,0.9817840903172144
2024,05,ITA.13.4.1_1,0.5569176882661997,0.931398947819891
2024,05,ITA.13.4.10_1,0.6935201401050789,0.9781288258711119
2024,05,ITA.13.4.100_1,0.6952714535901927,0.97855199146494
2024,05,ITA.13.4.101_1,0.6987740805604205,0.9793855216409929
2024,05,ITA.13.4.102_1,0.7810858143607706,0.9941508939793798
2024,05,ITA.13.4.103_1,0.6952714535901927,0.97855199146494
2024,05,ITA.13.4.104_1,0.7075306479859896,0.9813949256033475
2024,05,ITA.13.4.105_1,0.6970227670753065,0.9789708882290628
2024,05,ITA.13.4.106_1,0.7040280210157619,0.9806038955664005
2024,05,ITA.13.4.107_1,0.7250437828371279,0.9850969495435462
2024,05,ITA.13.4.108_1,0.712784588441331,0.9825497442877892
2024,05,ITA.13.4.109_1,0.6865148861646235,0.9763933633531108
2024,05,ITA.13.4.11_1,0.6830122591943959,0.9754998718605759
2024,05,ITA.13.4.110_1,0.6795096322241682,0.9745891442038537
2024,05,ITA.13.4.111_1,0.7530647985989493,0.990151503558925
2024,05,ITA.13.4.112_1,0.6462346760070053,0.965067873260736
2024,05,ITA.13.4.113_1,0.7478108581436077,0.9892845899942038
2024,05,ITA.13.4.114_1,0.6830122591943959,0.9754998718605759
2024,05,ITA.13.4.115_1,0.7145359019264449,0.9829262434180909
2024,05,ITA.13.4.116_1,0.7162872154115587,0.9832985304575615
2024,05,ITA.13.4.117_1,0.7040280210157619,0.9806038955664005
2024,05,ITA.13.4.118_1,0.7005253940455343,0.9797958971132712
2024,05,ITA.13.4.119_1,0.5043782837127846,0.905662188677434
2024,05,ITA.13.4.12_1,0.712784588441331,0.9825497442877892
2024,05,ITA.13.4.120_1,0.7110332749562173,0.9821690282227392
2024,05,ITA.13.4.121_1,0.6409807355516638,0.9634189120003821
2024,05,ITA.13.4.122_1,0.6654991243432575,0.9707728879609279
2024,05,ITA.13.4.123_1,0.6147110332749562,0.954565869911553
2024,05,ITA.13.4.124_1,0.6812609457092821,0.975046665549911
2024,05,ITA.13.4.125_1,0.7373029772329247,0.987439112046915
2024,05,ITA.13.4.126_1,0.7180385288966725,0.983666610188635
2024,05,ITA.13.4.127_1,0.7548161120840631,0.9904322288778774
2024,05,ITA.13.4.128_1,0.6795096322241682,0.9745891442038537
2024,05,ITA.13.4.129_1,0.63922942206655,0.9628603221651623
2024,05,ITA.13.4.13_1,0.7320490367775833,0.98646033878712025
2024,05,ITA.13.4.130_1,0.7145359019264449,0.9829262434180909
2024,05,ITA.13.4.131_1,0.7460595446584939,0.9889873608899156
2024,05,ITA.13.4.132_1,0.6725043782837129,0.9727157858285225
2024,05,ITA.13.4.133_1,0.6760070052539405,0.9736611320166786
2024,05,ITA.13.4.134_1,0.7320490367775833,0.98646033878712025
2024,05,ITA.13.4.135_1,0.6900175131348513,0.9772696659571503
2024,05,ITA.13.4.136_1,0.7373029772329247,0.987439112046915
2024,05,ITA.13.4.137_1,0.6830122591943959,0.9754998718605759
2024,05,ITA.13.4.138_1,0.7600700525394046,0.9912497162672985
2024,05,ITA.13.4.139_1,0.6917688266199651,0.9777013859047148
2024,05,ITA.13.4.14_1,0.7530647985989493,0.990151503558925
2024,05,ITA.13.4.140_1,0.7162872154115587,0.9832985304575615
2024,05,ITA.13.4.141_1,0.6935201401050789,0.9781288258711119
2024,05,ITA.13.4.142_1,0.6795096322241682,0.9745891442038537
2024,05,ITA.13.4.143_1,0.6690017513134852,0.9717530550505102
2024,05,ITA.13.4.144_1,0.7110332749562173,0.9821690282227392
2024,05,ITA.13.4.145_1,0.7145359019264449,0.9829262434180909
2024,05,ITA.13.4.146_1,0.7040280210157619,0.9806038955664005
2024,05,ITA.13.4.147_1,0.6584938704028022,0.9687600322061186
2024,05,ITA.13.4.148_1,0.7022767075306481,0.9802020199938377
2024,05,ITA.13.4.149_1,0.7040280210157619,0.9806038955664005
2024,05,ITA.13.4.15_1,0.7373029772329247,0.987439112046915
2024,05,ITA.13.4.150_1,0.6865148861646235,0.9763933633531108
2024,05,ITA.13.4.151_1,0.7583187390542908,0.9909813318120578
2024,05,ITA.13.4.152_1,0.6830122591943959,0.9754998718605759
2024,05,ITA.13.4.153_1,0.7250437828371279,0.9850969495435462
2024,05,ITA.13.4.154_1,0.5989492119089318,0.9487591896788141
2024,05,ITA.13.4.155_1,0.6935201401050789,0.9781288258711119
2024,05,ITA.13.4.156_1,0.649737302977233,0.9661449166662318
2024,05,ITA.13.4.157_1,0.670753064798599,0.9722365967191319
2024,05,ITA.13.4.158_1,0.7075306479859896,0.9813949256033475
2024,05,ITA.13.4.159_1,0.7215411558669002,0.9843901665498289
2024,05,ITA.13.4.16_1,0.7583187390542908,0.9909813318120578
2024,05,ITA.13.4.160_1,0.7250437828371279,0.9850969495435462
2024,05,ITA.13.4.161_1,0.6917688266199651,0.9777013859047148
2024,05,ITA.13.4.162_1,0.7653239929947461,0.9920302414745228
2024,05,ITA.13.4.163_1,0.6812609457092821,0.975046665549911
2024,05,ITA.13.4.164_1,0.7425569176882663,0.9883804935347521
2024,05,ITA.13.4.165_1,0.7915936952714537,0.9953813339620148
2024,05,ITA.13.4.166_1,0.7250437828371279,0.9850969495435462
2024,05,ITA.13.4.167_1,0.5096322241681261,0.9084470265238365
2024,05,ITA.13.4.168_1,0.6952714535901927,0.97855199146494
2024,05,ITA.13.4.169_1,0.6882661996497373,0.976833660353696
2024,05,ITA.13.4.17_1,0.532399299474606,0.9199652167337633
2024,05,ITA.13.4.170_1,0.7250437828371279,0.9850969495435462
2024,05,ITA.13.4.171_1,0.7215411558669002,0.9843901665498289
2024,05,ITA.13.4.172_1,0.5166374781085814,0.9120855223058855
2024,05,ITA.13.4.173_1,0.6760070052539405,0.9736611320166786
2024,05,ITA.13.4.174_1,0.5709281961471104,0.9374945333173949
2024,05,ITA.13.4.175_1,0.7285464098073555,0.9857869952479592
2024,05,ITA.13.4.176_1,0.7267950963222417,0.9854440623394105
2024,05,ITA.13.4.177_1,0.7075306479859896,0.9813949256033475
2024,05,ITA.13.4.178_1,0.6900175131348513,0.9772696659571503
2024,05,ITA.13.4.179_1,0.6760070052539405,0.9736611320166786
2024,05,ITA.13.4.18_1,0.7373029772329247,0.987439112046915
2024,05,ITA.13.4.180_1,0.6795096322241682,0.9745891442038537
2024,05,ITA.13.4.181_1,0.7005253940455343,0.9797958971132712
2024,05,ITA.13.4.182_1,0.7092819614711035,0.9817840903172144
2024,05,ITA.13.4.183_1,0.6164623467600701,0.955187939622355
2024,05,ITA.13.4.184_1,0.7180385288966725,0.983666610188635
2024,05,ITA.13.4.185_1,0.6812609457092821,0.975046665549911
2024,05,ITA.13.4.186_1,0.7320490367775833,0.98646033878712025
2024,05,ITA.13.4.187_1,0.7320490367775833,0.98646033878712025
2024,05,ITA.13.4.188_1,0.6952714535901927,0.97855199146494
2024,05,ITA.13.4.189_1,0.6795096322241682,0.9745891442038537
2024,05,ITA.13.4.19_1,0.7285464098073555,0.9857869952479592
2024,05,ITA.13.4.190_1,0.7005253940455343,0.9797958971132712
2024,05,ITA.13.4.191_1,0.6637478108581437,0.970276249322841
2024,05,ITA.13.4.192_1,0.6619964973730298,0.9697752316903129
2024,05,ITA.13.4.193_1,0.7075306479859896,0.9813949256033475
2024,05,ITA.13.4.194_1,0.7162872154115587,0.9832985304575615
2024,05,ITA.13.4.195_1,0.6514886164623468,0.9666767815562759
2024,05,ITA.13.4.196_1,0.7390542907180385,0.9877570551507087
2024,05,ITA.13.4.197_1,0.7338003502626971,0.986790757962396
2024,05,ITA.13.4.198_1,0.6882661996497373,0.976833660353696
2024,05,ITA.13.4.199_1,0.7810858143607706,0.9941508939793798
2024,05,ITA.13.4.2_1,0.5901926444833626,0.9453697689264238
2024,05,ITA.13.4.20_1,0.7057793345008757,0.9810015290507961
2024,05,ITA.13.4.200_1,0.7355516637478109,0.9871170143402452
2024,05,ITA.13.4.201_1,0.7075306479859896,0.9813949256033475
2024,05,ITA.13.4.202_1,0.7215411558669002,0.9843901665498289
2024,05,ITA.13.4.203_1,0.6584938704028022,0.9687600322061186
2024,05,ITA.13.4.204_1,0.6094570928196147,0.9526720317087093
2024,05,ITA.13.4.205_1,0.5726795096322242,0.9382345122622595
2024,05,ITA.13.4.206_1,0.7548161120840631,0.9904322288778774
2024,05,ITA.13.4.207_1,0.660245183887916,0.9692698282728087
2024,05,ITA.13.4.208_1,0.7810858143607706,0.9941508939793798
2024,05,ITA.13.4.209_1,0.7075306479859896,0.9813949256033475
2024,05,ITA.13.4.21_1,0.7355516637478109,0.9871170143402452
2024,05,ITA.13.4.210_1,0.6917688266199651,0.9777013859047148
2024,05,ITA.13.4.211_1,0.7373029772329247,0.987439112046915
2024,05,ITA.13.4.212_1,0.6795096322241682,0.9745891442038537
2024,05,ITA.13.4.213_1,0.7267950963222417,0.9854440623394105
2024,05,ITA.13.4.214_1,0.7373029772329247,0.987439112046915
2024,05,ITA.13.4.215_1,0.7338003502626971,0.986790757962396
2024,05,ITA.13.4.216_1,0.7215411558669002,0.9843901665498289
2024,05,ITA.13.4.217_1,0.6987740805604205,0.9793855216409929
2024,05,ITA.13.4.218_1,0.7180385288966725,0.983666610188635
2024,05,ITA.13.4.219_1,0.7618213660245184,0.9915139938498094
2024,05,ITA.13.4.22_1,0.6987740805604205,0.9793855216409929
2024,05,ITA.13.4.220_1,0.7583187390542908,0.9909813318120578
2024,05,ITA.13.4.221_1,0.6760070052539405,0.9736611320166786
2024,05,ITA.13.4.222_1,0.6970227670753065,0.9789708882290628
2024,05,ITA.13.4.223_1,0.7092819614711035,0.9817840903172144
2024,05,ITA.13.4.224_1,0.5884413309982488,0.9446777228240327
2024,05,ITA.13.4.225_1,0.7443082311733801,0.9886859966642594
2024,05,ITA.13.4.226_1,0.712784588441331,0.9825497442877892
2024,05,ITA.13.4.227_1,0.7530647985989493,0.990151503558925
2024,05,ITA.13.4.228_1,0.7075306479859896,0.9813949256033475
2024,05,ITA.13.4.229_1,0.7635726795096323,0.9917741678426597
2024,05,ITA.13.4.23_1,0.7390542907180385,0.9877570551507087
2024,05,ITA.13.4.230_1,0.7338003502626971,0.986790757962396
2024,05,ITA.13.4.231_1,0.7022767075306481,0.9802020199938377
2024,05,ITA.13.4.232_1,0.7425569176882663,0.9883804935347521
2024,05,ITA.13.4.233_1,0.5726795096322242,0.9382345122622595
2024,05,ITA.13.4.234_1,0.7197898423817863,0.9840304873325826
2024,05,ITA.13.4.235_1,0.6637478108581437,0.970276249322841
2024,05,ITA.13.4.236_1,0.7005253940455343,0.9797958971132712
2024,05,ITA.13.4.237_1,0.6882661996497373,0.976833660353696
2024,05,ITA.13.4.238_1,0.7022767075306481,0.9802020199938377
2024,05,ITA.13.4.239_1,0.5936952714535902,0.9467396685467447
2024,05,ITA.13.4.24_1,0.712784588441331,0.9825497442877892
2024,05,ITA.13.4.240_1,0.7145359019264449,0.9829262434180909
2024,05,ITA.13.4.241_1,0.6742556917688267,0.9731906288081488
2024,05,ITA.13.4.242_1,0.7390542907180385,0.9877570551507087
2024,05,ITA.13.4.243_1,0.7075306479859896,0.9813949256033475
2024,05,ITA.13.4.244_1,0.7443082311733801,0.9886859966642594
2024,05,ITA.13.4.245_1,0.6952714535901927,0.97855199146494
2024,05,ITA.13.4.246_1,0.6952714535901927,0.97855199146494
2024,05,ITA.13.4.247_1,0.7408056042031524,0.9880708476622514
2024,05,ITA.13.4.248_1,0.490367775831874,0.8979977728257459
2024,05,ITA.13.4.249_1,0.7250437828371279,0.9850969495435462
2024,05,ITA.13.4.25_1,0.6952714535901927,0.97855199146494
2024,05,ITA.13.4.250_1,0.6865148861646235,0.9763933633531108
2024,05,ITA.13.4.26_1,0.6865148861646235,0.9763933633531108
2024,05,ITA.13.4.27_1,0.7040280210157619,0.9806038955664005
2024,05,ITA.13.4.28_1,0.6654991243432575,0.9707728879609279
2024,05,ITA.13.4.29_1,0.6900175131348513,0.9772696659571503
2024,05,ITA.13.4.3_1,0.6760070052539405,0.9736611320166786
2024,05,ITA.13.4.30_1,0.7355516637478109,0.9871170143402452
2024,05,ITA.13.4.31_1,0.6514886164623468,0.9666767815562759
2024,05,ITA.13.4.32_1,0.7267950963222417,0.9854440623394105
2024,05,ITA.13.4.33_1,0.6690017513134852,0.9717530550505102
2024,05,ITA.13.4.34_1,0.7285464098073555,0.9857869952479592
2024,05,ITA.13.4.35_1,0.7600700525394046,0.9912497162672985
2024,05,ITA.13.4.36_1,0.6917688266199651,0.9777013859047148
2024,05,ITA.13.4.37_1,0.6970227670753065,0.9789708882290628
2024,05,ITA.13.4.38_1,0.5761821366024519,0.939699952112375
2024,05,ITA.13.4.39_1,0.7005253940455343,0.9797958971132712
2024,05,ITA.13.4.4_1,0.6725043782837129,0.9727157858285225
2024,05,ITA.13.4.40_1,0.6830122591943959,0.9754998718605759
2024,05,ITA.13.4.41_1,0.6742556917688267,0.9731906288081488
2024,05,ITA.13.4.42_1,0.7548161120840631,0.9904322288778774
2024,05,ITA.13.4.43_1,0.7197898423817863,0.9840304873325826
2024,05,ITA.13.4.44_1,0.6690017513134852,0.9717530550505102
2024,05,ITA.13.4.45_1,0.7565674255691769,0.9907088371464141
2024,05,ITA.13.4.46_1,0.7092819614711035,0.9817840903172144
2024,05,ITA.13.4.47_1,0.5411558669001751,0.9241623234042816
2024,05,ITA.13.4.48_1,0.7408056042031524,0.9880708476622514
2024,05,ITA.13.4.49_1,0.7530647985989493,0.990151503558925
2024,05,ITA.13.4.5_1,0.7653239929947461,0.9920302414745228
2024,05,ITA.13.4.50_1,0.7530647985989493,0.990151503558925
2024,05,ITA.13.4.51_1,0.7355516637478109,0.9871170143402452
2024,05,ITA.13.4.52_1,0.7215411558669002,0.9843901665498289
2024,05,ITA.13.4.53_1,0.6112084063047285,0.9533079250693346
2024,05,ITA.13.4.54_1,0.7495621716287216,0.9895776877031939
2024,05,ITA.13.4.55_1,0.7005253940455343,0.9797958971132712
2024,05,ITA.13.4.56_1,0.7425569176882663,0.9883804935347521
2024,05,ITA.13.4.57_1,0.6900175131348513,0.9772696659571503
2024,05,ITA.13.4.58_1,0.6795096322241682,0.9745891442038537
2024,05,ITA.13.4.59_1,0.6917688266199651,0.9777013859047148
2024,05,ITA.13.4.6_1,0.5516637478108581,0.9290317540321213
2024,05,ITA.13.4.60_1,0.6549912434325745,0.9677272342969376
2024,05,ITA.13.4.61_1,0.7355516637478109,0.9871170143402452
2024,05,ITA.13.4.62_1,0.6619964973730298,0.9697752316903129
2024,05,ITA.13.4.63_1,0.7145359019264449,0.9829262434180909
2024,05,ITA.13.4.64_1,0.7355516637478109,0.9871170143402452
2024,05,ITA.13.4.65_1,0.6970227670753065,0.9789708882290628
2024,05,ITA.13.4.66_1,0.7180385288966725,0.983666610188635
2024,05,ITA.13.4.67_1,0.6725043782837129,0.9727157858285225
2024,05,ITA.13.4.68_1,0.6812609457092821,0.975046665549911
2024,05,ITA.13.4.69_1,0.7705779334500876,0.9927738916792685
2024,05,ITA.13.4.7_1,0.7145359019264449,0.9829262434180909
2024,05,ITA.13.4.70_1,0.6672504378283713,0.9712651543219287
2024,05,ITA.13.4.71_1,0.7075306479859896,0.9813949256033475
2024,05,ITA.13.4.72_1,0.6847635726795097,0.9759487691472335
2024,05,ITA.13.4.73_1,0.7355516637478109,0.9871170143402452
2024,05,ITA.13.4.74_1,0.7338003502626971,0.986790757962396
2024,05,ITA.13.4.75_1,0.7092819614711035,0.9817840903172144
2024,05,ITA.13.4.76_1,0.7075306479859896,0.9813949256033475
2024,05,ITA.13.4.77_1,0.5394045534150613,0.923333092659415
2024,05,ITA.13.4.78_1,0.7408056042031524,0.9880708476622514
2024,05,ITA.13.4.79_1,0.5796847635726796,0.9411461098044235
2024,05,ITA.13.4.8_1,0.6725043782837129,0.9727157858285225
2024,05,ITA.13.4.80_1,0.6619964973730298,0.9697752316903129
2024,05,ITA.13.4.81_1,0.7653239929947461,0.9920302414745228
2024,05,ITA.13.4.82_1,0.649737302977233,0.9661449166662318
2024,05,ITA.13.4.83_1,0.56217162872154125,0.9337215859130601
2024,05,ITA.13.4.84_1,0.5919439579684764,0.946057080730333
2024,05,ITA.13.4.85_1,0.7267950963222417,0.9854440623394105
2024,05,ITA.13.4.86_1,0.6987740805604205,0.9793855216409929
2024,05,ITA.13.4.87_1,0.7005253940455343,0.9797958971132712
2024,05,ITA.13.4.88_1,0.6847635726795097,0.9759487691472335
2024,05,ITA.13.4.89_1,0.7022767075306481,0.9802020199938377
2024,05,ITA.13.4.9_1,0.6970227670753065,0.9789708882290628
2024,05,ITA.13.4.90_1,0.6672504378283713,0.9712651543219287
2024,05,ITA.13.4.91_1,0.6987740805604205,0.9793855216409929
2024,05,ITA.13.4.92_1,0.649737302977233,0.9661449166662318
2024,05,ITA.13.4.93_1,0.6672504378283713,0.9712651543219287
2024,05,ITA.13.4.94_1,0.6970227670753065,0.9789708882290628
2024,05,ITA.13.4.95_1,0.7285464098073555,0.9857869952479592
2024,05,ITA.13.4.96_1,0.6760070052539405,0.9736611320166786
2024,05,ITA.13.4.97_1,0.7373029772329247,0.987439112046915
2024,05,ITA.13.4.98_1,0.7355516637478109,0.9871170143402452
2024,05,ITA.13.4.99_1,0.7355516637478109,0.9871170143402452
2024,05,ITA.13.5.1_1,0.7057793345008757,0.9810015290507961
2024,05,ITA.13.5.10_1,0.7040280210157619,0.9806038955664005
2024,05,ITA.13.5.11_1,0.6847635726795097,0.9759487691472335
2024,05,ITA.13.5.12_1,0.7250437828371279,0.9850969495435462
2024,05,ITA.13.5.13_1,0.712784588441331,0.9825497442877892
2024,05,ITA.13.5.14_1,0.7057793345008757,0.9810015290507961
2024,05,ITA.13.5.15_1,0.7215411558669002,0.9843901665498289
2024,05,ITA.13.5.16_1,0.7040280210157619,0.9806038955664005
2024,05,ITA.13.5.17_1,0.6987740805604205,0.9793855216409929
2024,05,ITA.13.5.18_1,0.7285464098073555,0.9857869952479592
2024,05,ITA.13.5.19_1,0.7197898423817863,0.9840304873325826
2024,05,ITA.13.5.2_1,0.660245183887916,0.9692698282728087
2024,05,ITA.13.5.20_1,0.76707530647986,0.9922822179198819
2024,05,ITA.13.5.21_1,0.7075306479859896,0.9813949256033475
2024,05,ITA.13.5.22_1,0.7267950963222417,0.9854440623394105
2024,05,ITA.13.5.23_1,0.76707530647986,0.9922822179198819
2024,05,ITA.13.5.24_1,0.7180385288966725,0.983666610188635
2024,05,ITA.13.5.25_1,0.7338003502626971,0.986790757962396
2024,05,ITA.13.5.26_1,0.6637478108581437,0.970276249322841
2024,05,ITA.13.5.27_1,0.7478108581436077,0.9892845899942038
2024,05,ITA.13.5.28_1,0.7215411558669002,0.9843901665498289
2024,05,ITA.13.5.29_1,0.6812609457092821,0.975046665549911
2024,05,ITA.13.5.3_1,0.7162872154115587,0.9832985304575615
2024,05,ITA.13.5.30_1,0.7180385288966725,0.983666610188635
2024,05,ITA.13.5.31_1,0.7005253940455343,0.9797958971132712
2024,05,ITA.13.5.32_1,0.6987740805604205,0.9793855216409929
2024,05,ITA.13.5.33_1,0.7075306479859896,0.9813949256033475
2024,05,ITA.13.5.34_1,0.7267950963222417,0.9854440623394105
2024,05,ITA.13.5.35_1,0.7355516637478109,0.9871170143402452
2024,05,ITA.13.5.36_1,0.7338003502626971,0.986790757962396
2024,05,ITA.13.5.37_1,0.7057793345008757,0.9810015290507961
2024,05,ITA.13.5.38_1,0.7057793345008757,0.9810015290507961
2024,05,ITA.13.5.39_1,0.7302977232924693,0.9861257526299574
2024,05,ITA.13.5.4_1,0.7250437828371279,0.9850969495435462
2024,05,ITA.13.5.40_1,0.6952714535901927,0.97855199146494
2024,05,ITA.13.5.41_1,0.7443082311733801,0.9886859966642594
2024,05,ITA.13.5.42_1,0.6795096322241682,0.9745891442038537
2024,05,ITA.13.5.43_1,0.76707530647986,0.9922822179198819
2024,05,ITA.13.5.44_1,0.7460595446584939,0.9889873608899156
2024,05,ITA.13.5.45_1,0.7092819614711035,0.9817840903172144
2024,05,ITA.13.5.46_1,0.7390542907180385,0.9877570551507087
2024,05,ITA.13.5.47_1,0.660245183887916,0.9692698282728087
2024,05,ITA.13.5.48_1,0.7197898423817863,0.9840304873325826
2024,05,ITA.13.5.49_1,0.7285464098073555,0.9857869952479592
2024,05,ITA.13.5.5_1,0.7005253940455343,0.9797958971132712
2024,05,ITA.13.5.50_1,0.7057793345008757,0.9810015290507961
2024,05,ITA.13.5.51_1,0.6304728546409808,0.96
2024,05,ITA.13.5.52_1,0.6795096322241682,0.9745891442038537
2024,05,ITA.13.5.53_1,0.6900175131348513,0.9772696659571503
2024,05,ITA.13.5.54_1,0.6619964973730298,0.9697752316903129
2024,05,ITA.13.5.55_1,0.7092819614711035,0.9817840903172144
2024,05,ITA.13.5.56_1,0.7057793345008757,0.9810015290507961
2024,05,ITA.13.5.57_1,0.6952714535901927,0.97855199146494
2024,05,ITA.13.5.58_1,0.7110332749562173,0.9821690282227392
2024,05,ITA.13.5.59_1,0.7162872154115587,0.9832985304575615
2024,05,ITA.13.5.6_1,0.6917688266199651,0.9777013859047148
2024,05,ITA.13.5.60_1,0.6672504378283713,0.9712651543219287
2024,05,ITA.13.5.61_1,0.6830122591943959,0.9754998718605759
2024,05,ITA.13.5.62_1,0.7057793345008757,0.9810015290507961
2024,05,ITA.13.5.63_1,0.7302977232924693,0.9861257526299574
2024,05,ITA.13.5.64_1,0.7075306479859896,0.9813949256033475
2024,05,ITA.13.5.65_1,0.6654991243432575,0.9707728879609279
2024,05,ITA.13.5.66_1,0.6935201401050789,0.9781288258711119
2024,05,ITA.13.5.67_1,0.7197898423817863,0.9840304873325826
2024,05,ITA.13.5.68_1,0.7320490367775833,0.98646033878712025
2024,05,ITA.13.5.69_1,0.6900175131348513,0.9772696659571503
2024,05,ITA.13.5.7_1,0.7302977232924693,0.9861257526299574
2024,05,ITA.13.5.70_1,0.7513134851138354,0.9898666576867816
2024,05,ITA.13.5.71_1,0.7162872154115587,0.9832985304575615
2024,05,ITA.13.5.72_1,0.7005253940455343,0.9797958971132712
2024,05,ITA.13.5.73_1,0.7443082311733801,0.9886859966642594
2024,05,ITA.13.5.74_1,0.6935201401050789,0.9781288258711119
2024,05,ITA.13.5.75_1,0.6777583187390543,0.9741273017424364
2024,05,ITA.13.5.76_1,0.7180385288966725,0.983666610188635
2024,05,ITA.13.5.77_1,0.7355516637478109,0.9871170143402452
2024,05,ITA.13.5.78_1,0.6654991243432575,0.9707728879609279
2024,05,ITA.13.5.79_1,0.7162872154115587,0.9832985304575615
2024,05,ITA.13.5.8_1,0.7478108581436077,0.9892845899942038
2024,05,ITA.13.5.80_1,0.7565674255691769,0.9907088371464141
2024,05,ITA.13.5.81_1,0.7110332749562173,0.9821690282227392
2024,05,ITA.13.5.82_1,0.7600700525394046,0.9912497162672985
2024,05,ITA.13.5.83_1,0.7057793345008757,0.9810015290507961
2024,05,ITA.13.5.84_1,0.6970227670753065,0.9789708882290628
2024,05,ITA.13.5.85_1,0.6987740805604205,0.9793855216409929
2024,05,ITA.13.5.86_1,0.7285464098073555,0.9857869952479592
2024,05,ITA.13.5.87_1,0.7600700525394046,0.9912497162672985
2024,05,ITA.13.5.88_1,0.7583187390542908,0.9909813318120578
2024,05,ITA.13.5.9_1,0.7338003502626971,0.986790757962396
2024,05,ITA.13.6.1_1,0.6917688266199651,0.9777013859047148
2024,05,ITA.13.6.10_1,0.7180385288966725,0.983666610188635
2024,05,ITA.13.6.100_1,0.5849387040280211,0.9432793859721519
2024,05,ITA.13.6.101_1,0.7583187390542908,0.9909813318120578
2024,05,ITA.13.6.102_1,0.6812609457092821,0.975046665549911
2024,05,ITA.13.6.103_1,0.5499124343257443,0.9282327294380435
2024,05,ITA.13.6.104_1,0.7162872154115587,0.9832985304575615
2024,05,ITA.13.6.105_1,0.6217162872154116,0.9570266453970862
2024,05,ITA.13.6.106_1,0.6812609457092821,0.975046665549911
2024,05,ITA.13.6.107_1,0.7145359019264449,0.9829262434180909
2024,05,ITA.13.6.108_1,0.6409807355516638,0.9634189120003821
2024,05,ITA.13.6.109_1,0.7635726795096323,0.9917741678426597
2024,05,ITA.13.6.11_1,0.6409807355516638,0.9634189120003821
2024,05,ITA.13.6.110_1,0.7618213660245184,0.9915139938498094
2024,05,ITA.13.6.111_1,0.6970227670753065,0.9789708882290628
2024,05,ITA.13.6.112_1,0.7443082311733801,0.9886859966642594
2024,05,ITA.13.6.113_1,0.6917688266199651,0.9777013859047148
2024,05,ITA.13.6.114_1,0.5604203152364273,0.9329523031752481
2024,05,ITA.13.6.115_1,0.7092819614711035,0.9817840903172144
2024,05,ITA.13.6.116_1,0.7075306479859896,0.9813949256033475
2024,05,ITA.13.6.117_1,0.6164623467600701,0.955187939622355
2024,05,ITA.13.6.118_1,0.5359019264448337,0.9216593730874764
2024,05,ITA.13.6.119_1,0.6795096322241682,0.9745891442038537
2024,05,ITA.13.6.12_1,0.7355516637478109,0.9871170143402452
2024,05,ITA.13.6.120_1,0.7443082311733801,0.9886859966642594
2024,05,ITA.13.6.121_1,0.5499124343257443,0.9282327294380435
2024,05,ITA.13.6.122_1,0.6549912434325745,0.9677272342969376
2024,05,ITA.13.6.123_1,0.6935201401050789,0.9781288258711119
2024,05,ITA.13.6.124_1,0.6374781085814362,0.962297251372984
2024,05,ITA.13.6.125_1,0.660245183887916,0.9692698282728087
2024,05,ITA.13.6.126_1,0.6935201401050789,0.9781288258711119
2024,05,ITA.13.6.127_1,0.6304728546409808,0.96
2024,05,ITA.13.6.128_1,0.7075306479859896,0.9813949256033475
2024,05,ITA.13.6.129_1,0.7022767075306481,0.9802020199938377
2024,05,ITA.13.6.13_1,0.6847635726795097,0.9759487691472335
2024,05,ITA.13.6.130_1,0.7145359019264449,0.9829262434180909
2024,05,ITA.13.6.131_1,0.6549912434325745,0.9677272342969376
2024,05,ITA.13.6.132_1,0.6742556917688267,0.9731906288081488
2024,05,ITA.13.6.133_1,0.7215411558669002,0.9843901665498289
2024,05,ITA.13.6.134_1,0.5954465849387042,0.9474175425861608
2024,05,ITA.13.6.135_1,0.7110332749562173,0.9821690282227392
2024,05,ITA.13.6.136_1,0.6987740805604205,0.9793855216409929
2024,05,ITA.13.6.137_1,0.6462346760070053,0.965067873260736
2024,05,ITA.13.6.138_1,0.6532399299474606,0.9672042183530839
2024,05,ITA.13.6.139_1,0.6304728546409808,0.96
2024,05,ITA.13.6.14_1,0.7232924693520141,0.9847456524402634
2024,05,ITA.13.6.140_1,0.7022767075306481,0.9802020199938377
2024,05,ITA.13.6.141_1,0.6654991243432575,0.9707728879609279
2024,05,ITA.13.6.142_1,0.6917688266199651,0.9777013859047148
2024,05,ITA.13.6.143_1,0.7408056042031524,0.9880708476622514
2024,05,ITA.13.6.144_1,0.6830122591943959,0.9754998718605759
2024,05,ITA.13.6.145_1,0.5604203152364273,0.9329523031752481
2024,05,ITA.13.6.146_1,0.6812609457092821,0.975046665549911
2024,05,ITA.13.6.147_1,0.5919439579684764,0.946057080730333
2024,05,ITA.13.6.148_1,0.6865148861646235,0.9763933633531108
2024,05,ITA.13.6.149_1,0.5954465849387042,0.9474175425861608
2024,05,ITA.13.6.15_1,0.6830122591943959,0.9754998718605759
2024,05,ITA.13.6.150_1,0.6882661996497373,0.976833660353696
2024,05,ITA.13.6.151_1,0.6654991243432575,0.9707728879609279
2024,05,ITA.13.6.152_1,0.6725043782837129,0.9727157858285225
2024,05,ITA.13.6.153_1,0.6917688266199651,0.9777013859047148
2024,05,ITA.13.6.154_1,0.5796847635726796,0.9411461098044235
2024,05,ITA.13.6.155_1,0.6725043782837129,0.9727157858285225
2024,05,ITA.13.6.156_1,0.6690017513134852,0.9717530550505102
2024,05,ITA.13.6.157_1,0.5831873905429072,0.9425730740902798
2024,05,ITA.13.6.158_1,0.7022767075306481,0.9802020199938377
2024,05,ITA.13.6.159_1,0.6935201401050789,0.9781288258711119
2024,05,ITA.13.6.16_1,0.7092819614711035,0.9817840903172144
2024,05,ITA.13.6.160_1,0.6865148861646235,0.9763933633531108
2024,05,ITA.13.6.161_1,0.6584938704028022,0.9687600322061186
2024,05,ITA.13.6.162_1,0.7180385288966725,0.983666610188635
2024,05,ITA.13.6.163_1,0.7145359019264449,0.9829262434180909
2024,05,ITA.13.6.164_1,0.7005253940455343,0.9797958971132712
2024,05,ITA.13.6.165_1,0.5341506129597198,0.920814856526544
2024,05,ITA.13.6.166_1,0.7022767075306481,0.9802020199938377
2024,05,ITA.13.6.167_1,0.7005253940455343,0.9797958971132712
2024,05,ITA.13.6.168_1,0.7162872154115587,0.9832985304575615
2024,05,ITA.13.6.169_1,0.5709281961471104,0.9374945333173949
2024,05,ITA.13.6.17_1,0.7495621716287216,0.9895776877031939
2024,05,ITA.13.6.170_1,0.7302977232924693,0.9861257526299574
2024,05,ITA.13.6.171_1,0.7425569176882663,0.9883804935347521
2024,05,ITA.13.6.172_1,0.6830122591943959,0.9754998718605759
2024,05,ITA.13.6.173_1,0.7110332749562173,0.9821690282227392
2024,05,ITA.13.6.174_1,0.6812609457092821,0.975046665549911
2024,05,ITA.13.6.175_1,0.532399299474606,0.9199652167337633
2024,05,ITA.13.6.176_1,0.7005253940455343,0.9797958971132712
2024,05,ITA.13.6.177_1,0.6865148861646235,0.9763933633531108
2024,05,ITA.13.6.178_1,0.7057793345008757,0.9810015290507961
2024,05,ITA.13.6.179_1,0.6742556917688267,0.9731906288081488
2024,05,ITA.13.6.18_1,0.7460595446584939,0.9889873608899156
2024,05,ITA.13.6.180_1,0.7338003502626971,0.986790757962396
2024,05,ITA.13.6.181_1,0.6549912434325745,0.9677272342969376
2024,05,ITA.13.6.182_1,0.6742556917688267,0.9731906288081488
2024,05,ITA.13.6.183_1,0.7092819614711035,0.9817840903172144
2024,05,ITA.13.6.184_1,0.6409807355516638,0.9634189120003821
2024,05,ITA.13.6.185_1,0.7338003502626971,0.986790757962396
2024,05,ITA.13.6.186_1,0.6182136602451839,0.9558054195284729
2024,05,ITA.13.6.187_1,0.7443082311733801,0.9886859966642594
2024,05,ITA.13.6.188_1,0.6725043782837129,0.9727157858285225
2024,05,ITA.13.6.189_1,0.7460595446584939,0.9889873608899156
2024,05,ITA.13.6.19_1,0.5604203152364273,0.9329523031752481
2024,05,ITA.13.6.190_1,0.6970227670753065,0.9789708882290628
2024,05,ITA.13.6.191_1,0.6882661996497373,0.976833660353696
2024,05,ITA.13.6.192_1,0.712784588441331,0.9825497442877892
2024,05,ITA.13.6.193_1,0.7320490367775833,0.98646033878712025
2024,05,ITA.13.6.194_1,0.7425569176882663,0.9883804935347521
2024,05,ITA.13.6.195_1,0.7250437828371279,0.9850969495435462
2024,05,ITA.13.6.196_1,0.7355516637478109,0.9871170143402452
2024,05,ITA.13.6.197_1,0.7162872154115587,0.9832985304575615
2024,05,ITA.13.6.198_1,0.660245183887916,0.9692698282728087
2024,05,ITA.13.6.199_1,0.7215411558669002,0.9843901665498289
2024,05,ITA.13.6.2_1,0.6795096322241682,0.9745891442038537
2024,05,ITA.13.6.20_1,0.6374781085814362,0.962297251372984
2024,05,ITA.13.6.200_1,0.7040280210157619,0.9806038955664005
2024,05,ITA.13.6.201_1,0.5726795096322242,0.9382345122622595
2024,05,ITA.13.6.202_1,0.5674255691768827,0.936
2024,05,ITA.13.6.203_1,0.7040280210157619,0.9806038955664005
2024,05,ITA.13.6.204_1,0.6760070052539405,0.9736611320166786
2024,05,ITA.13.6.205_1,0.7302977232924693,0.9861257526299574
2024,05,ITA.13.6.206_1,0.6760070052539405,0.9736611320166786
2024,05,ITA.13.6.207_1,0.6952714535901927,0.97855199146494
2024,05,ITA.13.6.208_1,0.7460595446584939,0.9889873608899156
2024,05,ITA.13.6.209_1,0.6479859894921192,0.9656086163658648
2024,05,ITA.13.6.21_1,0.7425569176882663,0.9883804935347521
2024,05,ITA.13.6.210_1,0.6584938704028022,0.9687600322061186
2024,05,ITA.13.6.211_1,0.7267950963222417,0.9854440623394105
2024,05,ITA.13.6.212_1,0.6147110332749562,0.954565869911553
2024,05,ITA.13.6.213_1,0.7040280210157619,0.9806038955664005
2024,05,ITA.13.6.214_1,0.7005253940455343,0.9797958971132712
2024,05,ITA.13.6.215_1,0.7092819614711035,0.9817840903172144
2024,05,ITA.13.6.216_1,0.712784588441331,0.9825497442877892
2024,05,ITA.13.6.217_1,0.7092819614711035,0.9817840903172144
2024,05,ITA.13.6.218_1,0.6847635726795097,0.9759487691472335
2024,05,ITA.13.6.219_1,0.7530647985989493,0.990151503558925
2024,05,ITA.13.6.22_1,0.5534150612959721,0.9298257901349047
2024,05,ITA.13.6.220_1,0.7443082311733801,0.9886859966642594
2024,05,ITA.13.6.221_1,0.6917688266199651,0.9777013859047148
2024,05,ITA.13.6.222_1,0.7075306479859896,0.9813949256033475
2024,05,ITA.13.6.223_1,0.6865148861646235,0.9763933633531108
2024,05,ITA.13.6.224_1,0.5674255691768827,0.936
2024,05,ITA.13.6.225_1,0.6532399299474606,0.9672042183530839
2024,05,ITA.13.6.226_1,0.6409807355516638,0.9634189120003821
2024,05,ITA.13.6.227_1,0.7618213660245184,0.9915139938498094
2024,05,ITA.13.6.228_1,0.6112084063047285,0.9533079250693346
2024,05,ITA.13.6.229_1,0.670753064798599,0.9722365967191319
2024,05,ITA.13.6.23_1,0.6532399299474606,0.9672042183530839
2024,05,ITA.13.6.230_1,0.6882661996497373,0.976833660353696
2024,05,ITA.13.6.231_1,0.6952714535901927,0.97855199146494
2024,05,ITA.13.6.232_1,0.5919439579684764,0.946057080730333
2024,05,ITA.13.6.233_1,0.7057793345008757,0.9810015290507961
2024,05,ITA.13.6.234_1,0.5271453590192645,0.9173854151881858
2024,05,ITA.13.6.235_1,0.6549912434325745,0.9677272342969376
2024,05,ITA.13.6.236_1,0.7075306479859896,0.9813949256033475
2024,05,ITA.13.6.237_1,0.7057793345008757,0.9810015290507961
2024,05,ITA.13.6.238_1,0.6637478108581437,0.970276249322841
2024,05,ITA.13.6.239_1,0.6777583187390543,0.9741273017424364
2024,05,ITA.13.6.24_1,0.7162872154115587,0.9832985304575615
2024,05,ITA.13.6.240_1,0.6882661996497373,0.976833660353696
2024,05,ITA.13.6.241_1,0.6322241681260946,0.9605810741421048
2024,05,ITA.13.6.242_1,0.7022767075306481,0.9802020199938377
2024,05,ITA.13.6.243_1,0.7232924693520141,0.9847456524402634
2024,05,ITA.13.6.244_1,0.62697022767075306,0.9588242800430119
2024,05,ITA.13.6.245_1,0.7215411558669002,0.9843901665498289
2024,05,ITA.13.6.246_1,0.6409807355516638,0.9634189120003821
2024,05,ITA.13.6.247_1,0.6882661996497373,0.976833660353696
2024,05,ITA.13.6.248_1,0.7022767075306481,0.9802020199938377
2024,05,ITA.13.6.249_1,0.649737302977233,0.9661449166662318
2024,05,ITA.13.6.25_1,0.7267950963222417,0.9854440623394105
2024,05,ITA.13.6.250_1,0.6427320490367776,0.9639730286683336
2024,05,ITA.13.6.251_1,0.7408056042031524,0.9880708476622514
2024,05,ITA.13.6.252_1,0.7373029772329247,0.987439112046915
2024,05,ITA.13.6.253_1,0.6812609457092821,0.975046665549911
2024,05,ITA.13.6.254_1,0.7180385288966725,0.983666610188635
2024,05,ITA.13.6.255_1,0.6760070052539405,0.9736611320166786
2024,05,ITA.13.6.256_1,0.670753064798599,0.9722365967191319
2024,05,ITA.13.6.257_1,0.6970227670753065,0.9789708882290628
2024,05,ITA.13.6.258_1,0.5411558669001751,0.9241623234042816
2024,05,ITA.13.6.259_1,0.4763572679509633,0.8899797750510963
2024,05,ITA.13.6.26_1,0.542907180385289,0.9249864863877743
2024,05,ITA.13.6.260_1,0.6847635726795097,0.9759487691472335
2024,05,ITA.13.6.261_1,0.6952714535901927,0.97855199146494
2024,05,ITA.13.6.262_1,0.712784588441331,0.9825497442877892
2024,05,ITA.13.6.263_1,0.4991243432574431,0.9028288874421332
2024,05,ITA.13.6.264_1,0.7057793345008757,0.9810015290507961
2024,05,ITA.13.6.265_1,0.6672504378283713,0.9712651543219287
2024,05,ITA.13.6.266_1,0.6444833625218914,0.9645226798784983
2024,05,ITA.13.6.267_1,0.6637478108581437,0.970276249322841
2024,05,ITA.13.6.268_1,0.7110332749562173,0.9821690282227392
2024,05,ITA.13.6.269_1,0.6742556917688267,0.9731906288081488
2024,05,ITA.13.6.27_1,0.7373029772329247,0.987439112046915
2024,05,ITA.13.6.270_1,0.6427320490367776,0.9639730286683336
2024,05,ITA.13.6.271_1,0.6672504378283713,0.9712651543219287
2024,05,ITA.13.6.272_1,0.7495621716287216,0.9895776877031939
2024,05,ITA.13.6.273_1,0.6865148861646235,0.9763933633531108
2024,05,ITA.13.6.274_1,0.7005253940455343,0.9797958971132712
2024,05,ITA.13.6.275_1,0.63922942206655,0.9628603221651623
2024,05,ITA.13.6.276_1,0.7355516637478109,0.9871170143402452
2024,05,ITA.13.6.277_1,0.6427320490367776,0.9639730286683336
2024,05,ITA.13.6.278_1,0.6357267950963222,0.9617296917533533
2024,05,ITA.13.6.279_1,0.6725043782837129,0.9727157858285225
2024,05,ITA.13.6.28_1,0.6584938704028022,0.9687600322061186
2024,05,ITA.13.6.280_1,0.6409807355516638,0.9634189120003821
2024,05,ITA.13.6.281_1,0.5674255691768827,0.936
2024,05,ITA.13.6.282_1,0.5586690017513135,0.9321780945720619
2024,05,ITA.13.6.283_1,0.6619964973730298,0.9697752316903129
2024,05,ITA.13.6.284_1,0.7390542907180385,0.9877570551507087
2024,05,ITA.13.6.285_1,0.7005253940455343,0.9797958971132712
2024,05,ITA.13.6.286_1,0.6690017513134852,0.9717530550505102
2024,05,ITA.13.6.287_1,0.6690017513134852,0.9717530550505102
2024,05,ITA.13.6.288_1,0.5464098073555167,0.9266196630764966
2024,05,ITA.13.6.289_1,0.6865148861646235,0.9763933633531108
2024,05,ITA.13.6.29_1,0.6549912434325745,0.9677272342969376
2024,05,ITA.13.6.290_1,0.6812609457092821,0.975046665549911
2024,05,ITA.13.6.291_1,0.7092819614711035,0.9817840903172144
2024,05,ITA.13.6.292_1,0.5499124343257443,0.9282327294380435
2024,05,ITA.13.6.293_1,0.6795096322241682,0.9745891442038537
2024,05,ITA.13.6.294_1,0.7513134851138354,0.9898666576867816
2024,05,ITA.13.6.295_1,0.6882661996497373,0.976833660353696
2024,05,ITA.13.6.296_1,0.7162872154115587,0.9832985304575615
2024,05,ITA.13.6.297_1,0.5779334500875658,0.9404254356406998
2024,05,ITA.13.6.298_1,0.6672504378283713,0.9712651543219287
2024,05,ITA.13.6.299_1,0.6865148861646235,0.9763933633531108
2024,05,ITA.13.6.3_1,0.6147110332749562,0.954565869911553
2024,05,ITA.13.6.30_1,0.6812609457092821,0.975046665549911
2024,05,ITA.13.6.300_1,0.6970227670753065,0.9789708882290628
2024,05,ITA.13.6.301_1,0.7005253940455343,0.9797958971132712
2024,05,ITA.13.6.302_1,0.7040280210157619,0.9806038955664005
2024,05,ITA.13.6.303_1,0.6462346760070053,0.965067873260736
2024,05,ITA.13.6.304_1,0.6077057793345009,0.9520315120835025
2024,05,ITA.13.6.305_1,0.7005253940455343,0.9797958971132712
2024,05,ITA.13.6.306_1,0.6812609457092821,0.975046665549911
2024,05,ITA.13.6.307_1,0.6830122591943959,0.9754998718605759
2024,05,ITA.13.6.308_1,0.6812609457092821,0.975046665549911
2024,05,ITA.13.6.309_1,0.6654991243432575,0.9707728879609279
2024,05,ITA.13.6.31_1,0.7338003502626971,0.986790757962396
2024,05,ITA.13.6.310_1,0.6444833625218914,0.9645226798784983
2024,05,ITA.13.6.311_1,0.6795096322241682,0.9745891442038537
2024,05,ITA.13.6.312_1,0.6690017513134852,0.9717530550505102
2024,05,ITA.13.6.313_1,0.62697022767075306,0.9588242800430119
2024,05,ITA.13.6.314_1,0.6637478108581437,0.970276249322841
2024,05,ITA.13.6.315_1,0.7075306479859896,0.9813949256033475
2024,05,ITA.13.6.32_1,0.6532399299474606,0.9672042183530839
2024,05,ITA.13.6.33_1,0.6567425569176883,0.9682458365518543
2024,05,ITA.13.6.34_1,0.6479859894921192,0.9656086163658648
2024,05,ITA.13.6.35_1,0.7005253940455343,0.9797958971132712
2024,05,ITA.13.6.36_1,0.6444833625218914,0.9645226798784983
2024,05,ITA.13.6.37_1,0.6987740805604205,0.9793855216409929
2024,05,ITA.13.6.38_1,0.6882661996497373,0.976833660353696
2024,05,ITA.13.6.39_1,0.7425569176882663,0.9883804935347521
2024,05,ITA.13.6.4_1,0.6427320490367776,0.9639730286683336
2024,05,ITA.13.6.40_1,0.6462346760070053,0.965067873260736
2024,05,ITA.13.6.41_1,0.7355516637478109,0.9871170143402452
2024,05,ITA.13.6.42_1,0.6567425569176883,0.9682458365518543
2024,05,ITA.13.6.43_1,0.7302977232924693,0.9861257526299574
2024,05,ITA.13.6.44_1,0.5901926444833626,0.9453697689264238
2024,05,ITA.13.6.45_1,0.6532399299474606,0.9672042183530839
2024,05,ITA.13.6.46_1,0.6917688266199651,0.9777013859047148
2024,05,ITA.13.6.47_1,0.7618213660245184,0.9915139938498094
2024,05,ITA.13.6.48_1,0.6725043782837129,0.9727157858285225
2024,05,ITA.13.6.49_1,0.6637478108581437,0.970276249322841
2024,05,ITA.13.6.5_1,0.6847635726795097,0.9759487691472335
2024,05,ITA.13.6.50_1,0.6917688266199651,0.9777013859047148
2024,05,ITA.13.6.51_1,0.7373029772329247,0.987439112046915
2024,05,ITA.13.6.52_1,0.7075306479859896,0.9813949256033475
2024,05,ITA.13.6.53_1,0.6970227670753065,0.9789708882290628
2024,05,ITA.13.6.54_1,0.6444833625218914,0.9645226798784983
2024,05,ITA.13.6.55_1,0.6777583187390543,0.9741273017424364
2024,05,ITA.13.6.56_1,0.6777583187390543,0.9741273017424364
2024,05,ITA.13.6.57_1,0.6304728546409808,0.96
2024,05,ITA.13.6.58_1,0.660245183887916,0.9692698282728087
2024,05,ITA.13.6.59_1,0.7565674255691769,0.9907088371464141
2024,05,ITA.13.6.6_1,0.6882661996497373,0.976833660353696
2024,05,ITA.13.6.60_1,0.6357267950963222,0.9617296917533533
2024,05,ITA.13.6.61_1,0.628721541155867,0.9594144047282176
2024,05,ITA.13.6.62_1,0.7460595446584939,0.9889873608899156
2024,05,ITA.13.6.63_1,0.7425569176882663,0.9883804935347521
2024,05,ITA.13.6.64_1,0.712784588441331,0.9825497442877892
2024,05,ITA.13.6.65_1,0.6812609457092821,0.975046665549911
2024,05,ITA.13.6.66_1,0.649737302977233,0.9661449166662318
2024,05,ITA.13.6.67_1,0.628721541155867,0.9594144047282176
2024,05,ITA.13.6.68_1,0.712784588441331,0.9825497442877892
2024,05,ITA.13.6.69_1,0.7145359019264449,0.9829262434180909
2024,05,ITA.13.6.7_1,0.6830122591943959,0.9754998718605759
2024,05,ITA.13.6.70_1,0.6952714535901927,0.97855199146494
2024,05,ITA.13.6.71_1,0.7390542907180385,0.9877570551507087
2024,05,ITA.13.6.72_1,0.6234676007005254,0.9576304088739037
2024,05,ITA.13.6.73_1,0.5166374781085814,0.9120855223058855
2024,05,ITA.13.6.74_1,0.500875656742557,0.9037787339830473
2024,05,ITA.13.6.75_1,0.6024518388791593,0.9500821017154254
2024,05,ITA.13.6.76_1,0.6042031523642732,0.9507365565707464
2024,05,ITA.13.6.77_1,0.6672504378283713,0.9712651543219287
2024,05,ITA.13.6.78_1,0.6795096322241682,0.9745891442038537
2024,05,ITA.13.6.79_1,0.6830122591943959,0.9754998718605759
2024,05,ITA.13.6.8_1,0.6567425569176883,0.9682458365518543
2024,05,ITA.13.6.80_1,0.597197898423818,0.9480907129594721
2024,05,ITA.13.6.81_1,0.6830122591943959,0.9754998718605759
2024,05,ITA.13.6.82_1,0.6952714535901927,0.97855199146494
2024,05,ITA.13.6.83_1,0.7075306479859896,0.9813949256033475
2024,05,ITA.13.6.84_1,0.6304728546409808,0.96
2024,05,ITA.13.6.85_1,0.7548161120840631,0.9904322288778774
2024,05,ITA.13.6.86_1,0.7355516637478109,0.9871170143402452
2024,05,ITA.13.6.87_1,0.48861646234676015,0.8970150500409678
2024,05,ITA.13.6.88_1,0.6865148861646235,0.9763933633531108
2024,05,ITA.13.6.89_1,0.6374781085814362,0.962297251372984
2024,05,ITA.13.6.9_1,0.7583187390542908,0.9909813318120578
2024,05,ITA.13.6.90_1,0.7285464098073555,0.9857869952479592
2024,05,ITA.13.6.91_1,0.6900175131348513,0.9772696659571503
2024,05,ITA.13.6.92_1,0.6690017513134852,0.9717530550505102
2024,05,ITA.13.6.93_1,0.6830122591943959,0.9754998718605759
2024,05,ITA.13.6.94_1,0.6742556917688267,0.9731906288081488
2024,05,ITA.13.6.95_1,0.7618213660245184,0.9915139938498094
2024,05,ITA.13.6.96_1,0.712784588441331,0.9825497442877892
2024,05,ITA.13.6.97_1,0.7443082311733801,0.9886859966642594
2024,05,ITA.13.6.98_1,0.6654991243432575,0.9707728879609279
2024,05,ITA.13.6.99_1,0.6847635726795097,0.9759487691472335
2024,05,ITA.13.7.1_1,0.5744308231173381,0.9389696480717574
2024,05,ITA.13.7.10_1,0.6987740805604205,0.9793855216409929
2024,05,ITA.13.7.11_1,0.6690017513134852,0.9717530550505102
2024,05,ITA.13.7.12_1,0.5814360770577934,0.9418619856433319
2024,05,ITA.13.7.13_1,0.6777583187390543,0.9741273017424364
2024,05,ITA.13.7.14_1,0.6795096322241682,0.9745891442038537
2024,05,ITA.13.7.15_1,0.660245183887916,0.9692698282728087
2024,05,ITA.13.7.16_1,0.6637478108581437,0.970276249322841
2024,05,ITA.13.7.17_1,0.6549912434325745,0.9677272342969376
2024,05,ITA.13.7.18_1,0.660245183887916,0.9692698282728087
2024,05,ITA.13.7.19_1,0.6637478108581437,0.970276249322841
2024,05,ITA.13.7.2_1,0.6637478108581437,0.970276249322841
2024,05,ITA.13.7.20_1,0.6637478108581437,0.970276249322841
2024,05,ITA.13.7.21_1,0.5586690017513135,0.9321780945720619
2024,05,ITA.13.7.22_1,0.6917688266199651,0.9777013859047148
2024,05,ITA.13.7.23_1,0.6374781085814362,0.962297251372984
2024,05,ITA.13.7.24_1,0.6112084063047285,0.9533079250693346
2024,05,ITA.13.7.25_1,0.5569176882661997,0.931398947819891
2024,05,ITA.13.7.26_1,0.5936952714535902,0.9467396685467447
2024,05,ITA.13.7.27_1,0.6339754816112084,0.9611576353543679
2024,05,ITA.13.7.28_1,0.6795096322241682,0.9745891442038537
2024,05,ITA.13.7.29_1,0.6112084063047285,0.9533079250693346
2024,05,ITA.13.7.3_1,0.6532399299474606,0.9672042183530839
2024,05,ITA.13.7.30_1,0.6409807355516638,0.9634189120003821
2024,05,ITA.13.7.31_1,0.5534150612959721,0.9298257901349047
2024,05,ITA.13.7.32_1,0.6094570928196147,0.9526720317087093
2024,05,ITA.13.7.33_1,0.6164623467600701,0.955187939622355
2024,05,ITA.13.7.34_1,0.6532399299474606,0.9672042183530839
2024,05,ITA.13.7.35_1,0.6812609457092821,0.975046665549911
2024,05,ITA.13.7.36_1,0.660245183887916,0.9692698282728087
2024,05,ITA.13.7.37_1,0.6567425569176883,0.9682458365518543
2024,05,ITA.13.7.38_1,0.6742556917688267,0.9731906288081488
2024,05,ITA.13.7.39_1,0.5551663747810859,0.9306148505155073
2024,05,ITA.13.7.4_1,0.6865148861646235,0.9763933633531108
2024,05,ITA.13.7.40_1,0.7005253940455343,0.9797958971132712
2024,05,ITA.13.7.41_1,0.6409807355516638,0.9634189120003821
2024,05,ITA.13.7.42_1,0.6217162872154116,0.9570266453970862
2024,05,ITA.13.7.43_1,0.6952714535901927,0.97855199146494
2024,05,ITA.13.7.44_1,0.6199649737302978,0.9564183185196736
2024,05,ITA.13.7.45_1,0.6234676007005254,0.9576304088739037
2024,05,ITA.13.7.46_1,0.6462346760070053,0.965067873260736
2024,05,ITA.13.7.47_1,0.6339754816112084,0.9611576353543679
2024,05,ITA.13.7.48_1,0.7075306479859896,0.9813949256033475
2024,05,ITA.13.7.49_1,0.6637478108581437,0.970276249322841
2024,05,ITA.13.7.5_1,0.6479859894921192,0.9656086163658648
2024,05,ITA.13.7.50_1,0.6514886164623468,0.9666767815562759
2024,05,ITA.13.7.51_1,0.6182136602451839,0.9558054195284729
2024,05,ITA.13.7.52_1,0.6847635726795097,0.9759487691472335
2024,05,ITA.13.7.53_1,0.6690017513134852,0.9717530550505102
2024,05,ITA.13.7.54_1,0.6532399299474606,0.9672042183530839
2024,05,ITA.13.7.55_1,0.6252189141856392,0.9582296175760798
2024,05,ITA.13.7.56_1,0.5761821366024519,0.939699952112375
2024,05,ITA.13.7.57_1,0.670753064798599,0.9722365967191319
2024,05,ITA.13.7.58_1,0.6690017513134852,0.9717530550505102
2024,05,ITA.13.7.59_1,0.6742556917688267,0.9731906288081488
2024,05,ITA.13.7.6_1,0.5691768826619966,0.9367496997597597
2024,05,ITA.13.7.60_1,0.6830122591943959,0.9754998718605759
2024,05,ITA.13.7.61_1,0.6584938704028022,0.9687600322061186
2024,05,ITA.13.7.62_1,0.6077057793345009,0.9520315120835025
2024,05,ITA.13.7.63_1,0.6812609457092821,0.975046665549911
2024,05,ITA.13.7.64_1,0.628721541155867,0.9594144047282176
2024,05,ITA.13.7.65_1,0.5954465849387042,0.9474175425861608
2024,05,ITA.13.7.66_1,0.5394045534150613,0.923333092659415
2024,05,ITA.13.7.67_1,0.6514886164623468,0.9666767815562759
2024,05,ITA.13.7.68_1,0.6234676007005254,0.9576304088739037
2024,05,ITA.13.7.69_1,0.6007005253940456,0.9494229826584145
2024,05,ITA.13.7.7_1,0.6234676007005254,0.9576304088739037
2024,05,ITA.13.7.70_1,0.5814360770577934,0.9418619856433319
2024,05,ITA.13.7.71_1,0.6549912434325745,0.9677272342969376
2024,05,ITA.13.7.72_1,0.6795096322241682,0.9745891442038537
2024,05,ITA.13.7.73_1,0.6970227670753065,0.9789708882290628
2024,05,ITA.13.7.74_1,0.649737302977233,0.9661449166662318
2024,05,ITA.13.7.75_1,0.6199649737302978,0.9564183185196736
2024,05,ITA.13.7.76_1,0.6760070052539405,0.9736611320166786
2024,05,ITA.13.7.8_1,0.6812609457092821,0.975046665549911
2024,05,ITA.13.7.9_1,0.6129597197898424,0.9539392014169457
2024,05,ITA.13.8.1_1,0.5569176882661997,0.931398947819891
2024,05,ITA.13.8.10_1,0.7285464098073555,0.9857869952479592
2024,05,ITA.13.8.11_1,0.712784588441331,0.9825497442877892
2024,05,ITA.13.8.12_1,0.7408056042031524,0.9880708476622514
2024,05,ITA.13.8.13_1,0.6935201401050789,0.9781288258711119
2024,05,ITA.13.8.14_1,0.7390542907180385,0.9877570551507087
2024,05,ITA.13.8.15_1,0.6672504378283713,0.9712651543219287
2024,05,ITA.13.8.16_1,0.6129597197898424,0.9539392014169457
2024,05,ITA.13.8.17_1,0.7565674255691769,0.9907088371464141
2024,05,ITA.13.8.18_1,0.7180385288966725,0.983666610188635
2024,05,ITA.13.8.19_1,0.6900175131348513,0.9772696659571503
2024,05,ITA.13.8.2_1,0.7530647985989493,0.990151503558925
2024,05,ITA.13.8.20_1,0.7057793345008757,0.9810015290507961
2024,05,ITA.13.8.21_1,0.7145359019264449,0.9829262434180909
2024,05,ITA.13.8.22_1,0.7092819614711035,0.9817840903172144
2024,05,ITA.13.8.23_1,0.6549912434325745,0.9677272342969376
2024,05,ITA.13.8.24_1,0.6654991243432575,0.9707728879609279
2024,05,ITA.13.8.25_1,0.7373029772329247,0.987439112046915
2024,05,ITA.13.8.26_1,0.7495621716287216,0.9895776877031939
2024,05,ITA.13.8.27_1,0.660245183887916,0.9692698282728087
2024,05,ITA.13.8.28_1,0.7373029772329247,0.987439112046915
2024,05,ITA.13.8.29_1,0.788091068301226,0.99498743710662
2024,05,ITA.13.8.3_1,0.7705779334500876,0.9927738916792685
2024,05,ITA.13.8.30_1,0.7600700525394046,0.9912497162672985
2024,05,ITA.13.8.31_1,0.6409807355516638,0.9634189120003821
2024,05,ITA.13.8.32_1,0.7338003502626971,0.986790757962396
2024,05,ITA.13.8.33_1,0.7600700525394046,0.9912497162672985
2024,05,ITA.13.8.34_1,0.7600700525394046,0.9912497162672985
2024,05,ITA.13.8.35_1,0.7110332749562173,0.9821690282227392
2024,05,ITA.13.8.36_1,0.777583187390543,0.9937082066683358
2024,05,ITA.13.8.37_1,0.7320490367775833,0.98646033878712025
2024,05,ITA.13.8.38_1,0.7618213660245184,0.9915139938498094
2024,05,ITA.13.8.39_1,0.7250437828371279,0.9850969495435462
2024,05,ITA.13.8.4_1,0.8021015761821367,0.9964657545545658
2024,05,ITA.13.8.40_1,0.7232924693520141,0.9847456524402634
2024,05,ITA.13.8.41_1,0.7285464098073555,0.9857869952479592
2024,05,ITA.13.8.42_1,0.7530647985989493,0.990151503558925
2024,05,ITA.13.8.43_1,0.6619964973730298,0.9697752316903129
2024,05,ITA.13.8.44_1,0.7653239929947461,0.9920302414745228
2024,05,ITA.13.8.45_1,0.7390542907180385,0.9877570551507087
2024,05,ITA.13.8.46_1,0.712784588441331,0.9825497442877892
2024,05,ITA.13.8.47_1,0.712784588441331,0.9825497442877892
2024,05,ITA.13.8.48_1,0.7898423817863398,0.9951864146982715
2024,05,ITA.13.8.49_1,0.7232924693520141,0.9847456524402634
2024,05,ITA.13.8.5_1,0.7302977232924693,0.9861257526299574
2024,05,ITA.13.8.50_1,0.7197898423817863,0.9840304873325826
2024,05,ITA.13.8.51_1,0.6970227670753065,0.9789708882290628
2024,05,ITA.13.8.52_1,0.6304728546409808,0.96
2024,05,ITA.13.8.53_1,0.7618213660245184,0.9915139938498094
2024,05,ITA.13.8.54_1,0.7040280210157619,0.9806038955664005
2024,05,ITA.13.8.55_1,0.7057793345008757,0.9810015290507961
2024,05,ITA.13.8.56_1,0.7075306479859896,0.9813949256033475
2024,05,ITA.13.8.57_1,0.6374781085814362,0.962297251372984
2024,05,ITA.13.8.58_1,0.6637478108581437,0.970276249322841
2024,05,ITA.13.8.59_1,0.670753064798599,0.9722365967191319
2024,05,ITA.13.8.6_1,0.6935201401050789,0.9781288258711119
2024,05,ITA.13.8.60_1,0.6812609457092821,0.975046665549911
2024,05,ITA.13.8.61_1,0.6007005253940456,0.9494229826584145
2024,05,ITA.13.8.62_1,0.6812609457092821,0.975046665549911
2024,05,ITA.13.8.63_1,0.7373029772329247,0.987439112046915
2024,05,ITA.13.8.64_1,0.6847635726795097,0.9759487691472335
2024,05,ITA.13.8.65_1,0.6514886164623468,0.9666767815562759
2024,05,ITA.13.8.66_1,0.7758318739054292,0.9934807496876826
2024,05,ITA.13.8.67_1,0.7110332749562173,0.9821690282227392
2024,05,ITA.13.8.68_1,0.7162872154115587,0.9832985304575615
2024,05,ITA.13.8.69_1,0.7320490367775833,0.98646033878712025
2024,05,ITA.13.8.7_1,0.7828371278458844,0.9943661297530201
2024,05,ITA.13.8.70_1,0.7302977232924693,0.9861257526299574
2024,05,ITA.13.8.71_1,0.7075306479859896,0.9813949256033475
2024,05,ITA.13.8.72_1,0.7635726795096323,0.9917741678426597
2024,05,ITA.13.8.73_1,0.7005253940455343,0.9797958971132712
2024,05,ITA.13.8.74_1,0.6865148861646235,0.9763933633531108
2024,05,ITA.13.8.75_1,0.7110332749562173,0.9821690282227392
2024,05,ITA.13.8.76_1,0.7250437828371279,0.9850969495435462
2024,05,ITA.13.8.77_1,0.7495621716287216,0.9895776877031939
2024,05,ITA.13.8.78_1,0.7758318739054292,0.9934807496876826
2024,05,ITA.13.8.79_1,0.7320490367775833,0.98646033878712025
2024,05,ITA.13.8.8_1,0.7110332749562173,0.9821690282227392
2024,05,ITA.13.8.80_1,0.7320490367775833,0.98646033878712025
2024,05,ITA.13.8.81_1,0.7285464098073555,0.9857869952479592
2024,05,ITA.13.8.82_1,0.7320490367775833,0.98646033878712025
2024,05,ITA.13.8.83_1,0.777583187390543,0.9937082066683358
2024,05,ITA.13.8.84_1,0.7285464098073555,0.9857869952479592
2024,05,ITA.13.8.85_1,0.7040280210157619,0.9806038955664005
2024,05,ITA.13.8.86_1,0.7110332749562173,0.9821690282227392
2024,05,ITA.13.8.9_1,0.660245183887916,0.9692698282728087
2024,05,ITA.14.1.1_1,0.4430823117338004,0.8694619025581282
2024,05,ITA.14.1.10_1,0.5061295971978984,0.9065958305661901
2024,05,ITA.14.1.11_1,0.5166374781085814,0.9120855223058855
2024,05,ITA.14.1.12_1,0.5516637478108581,0.9290317540321213
2024,05,ITA.14.1.13_1,0.5131348511383538,0.9102768809543611
2024,05,ITA.14.1.14_1,0.532399299474606,0.9199652167337633
2024,05,ITA.14.1.15_1,0.490367775831874,0.8979977728257459
2024,05,ITA.14.1.16_1,0.5236427320490368,0.9156396671180208
2024,05,ITA.14.1.17_1,0.5411558669001751,0.9241623234042816
2024,05,ITA.14.1.18_1,0.5148861646234676,0.9111838453352868
2024,05,ITA.14.1.19_1,0.4938704028021016,0.8999466650863261
2024,05,ITA.14.1.2_1,0.5534150612959721,0.9298257901349047
2024,05,ITA.14.1.20_1,0.5341506129597198,0.920814856526544
2024,05,ITA.14.1.21_1,0.5148861646234676,0.9111838453352868
2024,05,ITA.14.1.22_1,0.5814360770577934,0.9418619856433319
2024,05,ITA.14.1.23_1,0.48861646234676015,0.8970150500409678
2024,05,ITA.14.1.24_1,0.5131348511383538,0.9102768809543611
2024,05,ITA.14.1.25_1,0.5201401050788091,0.9138730765264944
2024,05,ITA.14.1.26_1,0.48861646234676015,0.8970150500409678
2024,05,ITA.14.1.27_1,0.5674255691768827,0.936
2024,05,ITA.14.1.28_1,0.5148861646234676,0.9111838453352868
2024,05,ITA.14.1.29_1,0.5026269702276708,0.9047231620777706
2024,05,ITA.14.1.3_1,0.48861646234676015,0.8970150500409678
2024,05,ITA.14.1.30_1,0.5078809106830122,0.9075241043630743
2024,05,ITA.14.1.31_1,0.49211908931698783,0.8989749718429317
2024,05,ITA.14.1.32_1,0.4570928196147111,0.8783598351473045
2024,05,ITA.14.1.33_1,0.5761821366024519,0.939699952112375
2024,05,ITA.14.1.34_1,0.5026269702276708,0.9047231620777706
2024,05,ITA.14.1.35_1,0.47810858143607715,0.8910016835000931
2024,05,ITA.14.1.36_1,0.4956217162872154,0.9009128703709366
2024,05,ITA.14.1.37_1,0.5446584938704029,0.9258055951440345
2024,05,ITA.14.1.38_1,0.51138353765324,0.909364613342745
2024,05,ITA.14.1.39_1,0.48686514886164634,0.8960267853139213
2024,05,ITA.14.1.4_1,0.5446584938704029,0.9258055951440345
2024,05,ITA.14.1.40_1,0.5166374781085814,0.9120855223058855
2024,05,ITA.14.1.41_1,0.5954465849387042,0.9474175425861608
2024,05,ITA.14.1.42_1,0.5779334500875658,0.9404254356406998
2024,05,ITA.14.1.43_1,0.5831873905429072,0.9425730740902798
2024,05,ITA.14.1.44_1,0.4763572679509633,0.8899797750510963
2024,05,ITA.14.1.45_1,0.48861646234676015,0.8970150500409678
2024,05,ITA.14.1.46_1,0.5043782837127846,0.905662188677434
2024,05,ITA.14.1.47_1,0.5201401050788091,0.9138730765264944
2024,05,ITA.14.1.48_1,0.5166374781085814,0.9120855223058855
2024,05,ITA.14.1.49_1,0.5341506129597198,0.920814856526544
2024,05,ITA.14.1.5_1,0.48336252189141865,0.8940335564172074
2024,05,ITA.14.1.50_1,0.5078809106830122,0.9075241043630743
2024,05,ITA.14.1.51_1,0.5814360770577934,0.9418619856433319
2024,05,ITA.14.1.52_1,0.5061295971978984,0.9065958305661901
2024,05,ITA.14.1.53_1,0.532399299474606,0.9199652167337633
2024,05,ITA.14.1.54_1,0.5131348511383538,0.9102768809543611
2024,05,ITA.14.1.55_1,0.46935201401050797,0.885835199120017
2024,05,ITA.14.1.56_1,0.5096322241681261,0.9084470265238365
2024,05,ITA.14.1.57_1,0.5761821366024519,0.939699952112375
2024,05,ITA.14.1.58_1,0.5078809106830122,0.9075241043630743
2024,05,ITA.14.1.6_1,0.5446584938704029,0.9258055951440345
2024,05,ITA.14.1.7_1,0.5639229422066551,0.9344859549506349
2024,05,ITA.14.1.8_1,0.521891418563923,0.9147589846511485
2024,05,ITA.14.1.9_1,0.532399299474606,0.9199652167337633
2024,05,ITA.14.2.1_1,0.5516637478108581,0.9290317540321213
2024,05,ITA.14.2.10_1,0.5709281961471104,0.9374945333173949
2024,05,ITA.14.2.11_1,0.5201401050788091,0.9138730765264944
2024,05,ITA.14.2.12_1,0.4956217162872154,0.9009128703709366
2024,05,ITA.14.2.13_1,0.5201401050788091,0.9138730765264944
2024,05,ITA.14.2.14_1,0.5253940455341506,0.916515138991168
2024,05,ITA.14.2.15_1,0.542907180385289,0.9249864863877743
2024,05,ITA.14.2.16_1,0.521891418563923,0.9147589846511485
2024,05,ITA.14.2.17_1,0.5779334500875658,0.9404254356406998
2024,05,ITA.14.2.18_1,0.6077057793345009,0.9520315120835025
2024,05,ITA.14.2.19_1,0.5709281961471104,0.9374945333173949
2024,05,ITA.14.2.20_1,0.5411558669001751,0.9241623234042816
2024,05,ITA.14.2.21_1,0.5131348511383538,0.9102768809543611
2024,05,ITA.14.2.22_1,0.48686514886164634,0.8960267853139213
2024,05,ITA.14.2.23_1,0.5691768826619966,0.9367496997597597
2024,05,ITA.14.2.3_1,0.5306479859894921,0.9191104395011516
2024,05,ITA.14.2.5_1,0.5569176882661997,0.931398947819891
2024,05,ITA.14.2.6_1,0.5849387040280211,0.9432793859721519
2024,05,ITA.14.2.7_1,0.5726795096322242,0.9382345122622595
2024,05,ITA.14.2.8_1,0.5814360770577934,0.9418619856433319
2024,05,ITA.14.2.9_1,0.5183887915936953,0.9129819275319747
2024,05,ITA.14.3.1_1,0.6339754816112084,0.9611576353543679
2024,05,ITA.14.3.10_1,0.5534150612959721,0.9298257901349047
2024,05,ITA.14.3.11_1,0.5989492119089318,0.9487591896788141
2024,05,ITA.14.3.12_1,0.5446584938704029,0.9258055951440345
2024,05,ITA.14.3.13_1,0.5166374781085814,0.9120855223058855
2024,05,ITA.14.3.14_1,0.5849387040280211,0.9432793859721519
2024,05,ITA.14.3.15_1,0.597197898423818,0.9480907129594721
2024,05,ITA.14.3.16_1,0.5901926444833626,0.9453697689264238
2024,05,ITA.14.3.17_1,0.5481611208406305,0.9274287034591931
2024,05,ITA.14.3.18_1,0.5359019264448337,0.9216593730874764
2024,05,ITA.14.3.19_1,0.5499124343257443,0.9282327294380435
2024,05,ITA.14.3.2_1,0.5691768826619966,0.9367496997597597
2024,05,ITA.14.3.20_1,0.5586690017513135,0.9321780945720619
2024,05,ITA.14.3.21_1,0.5726795096322242,0.9382345122622595
2024,05,ITA.14.3.22_1,0.5814360770577934,0.9418619856433319
2024,05,ITA.14.3.23_1,0.5761821366024519,0.939699952112375
2024,05,ITA.14.3.24_1,0.5849387040280211,0.9432793859721519
2024,05,ITA.14.3.25_1,0.5499124343257443,0.9282327294380435
2024,05,ITA.14.3.26_1,0.5499124343257443,0.9282327294380435
2024,05,ITA.14.3.27_1,0.5604203152364273,0.9329523031752481
2024,05,ITA.14.3.28_1,0.5288966725043783,0.918250510481753
2024,05,ITA.14.3.3_1,0.5901926444833626,0.9453697689264238
2024,05,ITA.14.3.4_1,0.5884413309982488,0.9446777228240327
2024,05,ITA.14.3.5_1,0.5691768826619966,0.9367496997597597
2024,05,ITA.14.3.6_1,0.6357267950963222,0.9617296917533533
2024,05,ITA.14.3.7_1,0.5936952714535902,0.9467396685467447
2024,05,ITA.14.3.8_1,0.5761821366024519,0.939699952112375
2024,05,ITA.14.3.9_1,0.5446584938704029,0.9258055951440345
2024,05,ITA.14.4.1_1,0.5849387040280211,0.9432793859721519
2024,05,ITA.14.4.10_1,0.6970227670753065,0.9789708882290628
2024,05,ITA.14.4.11_1,0.5166374781085814,0.9120855223058855
2024,05,ITA.14.4.12_1,0.5919439579684764,0.946057080730333
2024,05,ITA.14.4.13_1,0.5779334500875658,0.9404254356406998
2024,05,ITA.14.4.14_1,0.5481611208406305,0.9274287034591931
2024,05,ITA.14.4.15_1,0.56217162872154125,0.9337215859130601
2024,05,ITA.14.4.16_1,0.48336252189141865,0.8940335564172074
2024,05,ITA.14.4.17_1,0.5411558669001751,0.9241623234042816
2024,05,ITA.14.4.18_1,0.6374781085814362,0.962297251372984
2024,05,ITA.14.4.19_1,0.4956217162872154,0.9009128703709366
2024,05,ITA.14.4.2_1,0.5761821366024519,0.939699952112375
2024,05,ITA.14.4.20_1,0.5604203152364273,0.9329523031752481
2024,05,ITA.14.4.21_1,0.5534150612959721,0.9298257901349047
2024,05,ITA.14.4.22_1,0.6217162872154116,0.9570266453970862
2024,05,ITA.14.4.23_1,0.532399299474606,0.9199652167337633
2024,05,ITA.14.4.24_1,0.5551663747810859,0.9306148505155073
2024,05,ITA.14.4.25_1,0.5726795096322242,0.9382345122622595
2024,05,ITA.14.4.26_1,0.6584938704028022,0.9687600322061186
2024,05,ITA.14.4.27_1,0.5796847635726796,0.9411461098044235
2024,05,ITA.14.4.28_1,0.56217162872154125,0.9337215859130601
2024,05,ITA.14.4.29_1,0.56217162872154125,0.9337215859130601
2024,05,ITA.14.4.3_1,0.5814360770577934,0.9418619856433319
2024,05,ITA.14.4.30_1,0.5901926444833626,0.9453697689264238
2024,05,ITA.14.4.31_1,0.5043782837127846,0.905662188677434
2024,05,ITA.14.4.32_1,0.521891418563923,0.9147589846511485
2024,05,ITA.14.4.33_1,0.5849387040280211,0.9432793859721519
2024,05,ITA.14.4.34_1,0.5061295971978984,0.9065958305661901
2024,05,ITA.14.4.35_1,0.5744308231173381,0.9389696480717574
2024,05,ITA.14.4.36_1,0.5096322241681261,0.9084470265238365
2024,05,ITA.14.4.37_1,0.5078809106830122,0.9075241043630743
2024,05,ITA.14.4.38_1,0.5604203152364273,0.9329523031752481
2024,05,ITA.14.4.39_1,0.5201401050788091,0.9138730765264944
2024,05,ITA.14.4.4_1,0.5359019264448337,0.9216593730874764
2024,05,ITA.14.4.40_1,0.5831873905429072,0.9425730740902798
2024,05,ITA.14.4.41_1,0.521891418563923,0.9147589846511485
2024,05,ITA.14.4.42_1,0.6777583187390543,0.9741273017424364
2024,05,ITA.14.4.43_1,0.5096322241681261,0.9084470265238365
2024,05,ITA.14.4.44_1,0.5288966725043783,0.918250510481753
2024,05,ITA.14.4.45_1,0.49211908931698783,0.8989749718429317
2024,05,ITA.14.4.46_1,0.6777583187390543,0.9741273017424364
2024,05,ITA.14.4.47_1,0.56217162872154125,0.9337215859130601
2024,05,ITA.14.4.48_1,0.5516637478108581,0.9290317540321213
2024,05,ITA.14.4.49_1,0.62697022767075306,0.9588242800430119
2024,05,ITA.14.4.5_1,0.5884413309982488,0.9446777228240327
2024,05,ITA.14.4.50_1,0.5183887915936953,0.9129819275319747
2024,05,ITA.14.4.51_1,0.5078809106830122,0.9075241043630743
2024,05,ITA.14.4.52_1,0.586690017513135,0.9439809320108113
2024,05,ITA.14.4.53_1,0.532399299474606,0.9199652167337633
2024,05,ITA.14.4.54_1,0.6322241681260946,0.9605810741421048
2024,05,ITA.14.4.55_1,0.500875656742557,0.9037787339830473
2024,05,ITA.14.4.56_1,0.5989492119089318,0.9487591896788141
2024,05,ITA.14.4.57_1,0.5376532399299475,0.9224987804869988
2024,05,ITA.14.4.58_1,0.5376532399299475,0.9224987804869988
2024,05,ITA.14.4.59_1,0.500875656742557,0.9037787339830473
2024,05,ITA.14.4.6_1,0.5061295971978984,0.9065958305661901
2024,05,ITA.14.4.60_1,0.6007005253940456,0.9494229826584145
2024,05,ITA.14.4.61_1,0.660245183887916,0.9692698282728087
2024,05,ITA.14.4.62_1,0.6742556917688267,0.9731906288081488
2024,05,ITA.14.4.63_1,0.5691768826619966,0.9367496997597597
2024,05,ITA.14.4.64_1,0.5516637478108581,0.9290317540321213
2024,05,ITA.14.4.65_1,0.5586690017513135,0.9321780945720619
2024,05,ITA.14.4.66_1,0.5166374781085814,0.9120855223058855
2024,05,ITA.14.4.67_1,0.6077057793345009,0.9520315120835025
2024,05,ITA.14.4.68_1,0.5253940455341506,0.916515138991168
2024,05,ITA.14.4.7_1,0.5306479859894921,0.9191104395011516
2024,05,ITA.14.4.8_1,0.5691768826619966,0.9367496997597597
2024,05,ITA.14.4.9_1,0.5726795096322242,0.9382345122622595
2024,05,ITA.14.5.1_1,0.5761821366024519,0.939699952112375
2024,05,ITA.14.5.10_1,0.5464098073555167,0.9266196630764966
2024,05,ITA.14.5.11_1,0.628721541155867,0.9594144047282176
2024,05,ITA.14.5.12_1,0.5884413309982488,0.9446777228240327
2024,05,ITA.14.5.13_1,0.6760070052539405,0.9736611320166786
2024,05,ITA.14.5.14_1,0.542907180385289,0.9249864863877743
2024,05,ITA.14.5.15_1,0.5078809106830122,0.9075241043630743
2024,05,ITA.14.5.16_1,0.5078809106830122,0.9075241043630743
2024,05,ITA.14.5.17_1,0.5586690017513135,0.9321780945720619
2024,05,ITA.14.5.18_1,0.5569176882661997,0.931398947819891
2024,05,ITA.14.5.19_1,0.6532399299474606,0.9672042183530839
2024,05,ITA.14.5.2_1,0.6462346760070053,0.965067873260736
2024,05,ITA.14.5.20_1,0.670753064798599,0.9722365967191319
2024,05,ITA.14.5.21_1,0.5236427320490368,0.9156396671180208
2024,05,ITA.14.5.22_1,0.5954465849387042,0.9474175425861608
2024,05,ITA.14.5.23_1,0.5236427320490368,0.9156396671180208
2024,05,ITA.14.5.24_1,0.5691768826619966,0.9367496997597597
2024,05,ITA.14.5.3_1,0.62697022767075306,0.9588242800430119
2024,05,ITA.14.5.4_1,0.5744308231173381,0.9389696480717574
2024,05,ITA.14.5.5_1,0.5709281961471104,0.9374945333173949
2024,05,ITA.14.5.6_1,0.46935201401050797,0.885835199120017
2024,05,ITA.14.5.7_1,0.5288966725043783,0.918250510481753
2024,05,ITA.14.5.8_1,0.6725043782837129,0.9727157858285225
2024,05,ITA.14.5.9_1,0.586690017513135,0.9439809320108113
2024,05,ITA.14.6.1_1,0.6007005253940456,0.9494229826584145
2024,05,ITA.14.6.10_1,0.6567425569176883,0.9682458365518543
2024,05,ITA.14.6.12_1,0.6357267950963222,0.9617296917533533
2024,05,ITA.14.6.13_1,0.62697022767075306,0.9588242800430119
2024,05,ITA.14.6.14_1,0.56217162872154125,0.9337215859130601
2024,05,ITA.14.6.15_1,0.6182136602451839,0.9558054195284729
2024,05,ITA.14.6.16_1,0.5656742556917689,0.9352454223357631
2024,05,ITA.14.6.17_1,0.5989492119089318,0.9487591896788141
2024,05,ITA.14.6.18_1,0.6094570928196147,0.9526720317087093
2024,05,ITA.14.6.19_1,0.5499124343257443,0.9282327294380435
2024,05,ITA.14.6.2_1,0.6917688266199651,0.9777013859047148
2024,05,ITA.14.6.20_1,0.7110332749562173,0.9821690282227392
2024,05,ITA.14.6.21_1,0.5989492119089318,0.9487591896788141
2024,05,ITA.14.6.22_1,0.6339754816112084,0.9611576353543679
2024,05,ITA.14.6.23_1,0.7145359019264449,0.9829262434180909
2024,05,ITA.14.6.3_1,0.5236427320490368,0.9156396671180208
2024,05,ITA.14.6.4_1,0.6637478108581437,0.970276249322841
2024,05,ITA.14.6.5_1,0.6532399299474606,0.9672042183530839
2024,05,ITA.14.6.6_1,0.5936952714535902,0.9467396685467447
2024,05,ITA.14.6.7_1,0.5831873905429072,0.9425730740902798
2024,05,ITA.14.6.8_1,0.500875656742557,0.9037787339830473
2024,05,ITA.14.6.9_1,0.5446584938704029,0.9258055951440345
2024,05,ITA.14.7.1_1,0.6164623467600701,0.955187939622355
2024,05,ITA.14.7.10_1,0.5639229422066551,0.9344859549506349
2024,05,ITA.14.7.11_1,0.6304728546409808,0.96
2024,05,ITA.14.7.12_1,0.5411558669001751,0.9241623234042816
2024,05,ITA.14.7.13_1,0.62697022767075306,0.9588242800430119
2024,05,ITA.14.7.14_1,0.6654991243432575,0.9707728879609279
2024,05,ITA.14.7.15_1,0.6164623467600701,0.955187939622355
2024,05,ITA.14.7.16_1,0.6007005253940456,0.9494229826584145
2024,05,ITA.14.7.17_1,0.712784588441331,0.9825497442877892
2024,05,ITA.14.7.18_1,0.6339754816112084,0.9611576353543679
2024,05,ITA.14.7.19_1,0.7302977232924693,0.9861257526299574
2024,05,ITA.14.7.2_1,0.5236427320490368,0.9156396671180208
2024,05,ITA.14.7.20_1,0.6830122591943959,0.9754998718605759
2024,05,ITA.14.7.21_1,0.5674255691768827,0.936
2024,05,ITA.14.7.22_1,0.6374781085814362,0.962297251372984
2024,05,ITA.14.7.23_1,0.5989492119089318,0.9487591896788141
2024,05,ITA.14.7.24_1,0.6795096322241682,0.9745891442038537
2024,05,ITA.14.7.25_1,0.5761821366024519,0.939699952112375
2024,05,ITA.14.7.26_1,0.5481611208406305,0.9274287034591931
2024,05,ITA.14.7.27_1,0.5989492119089318,0.9487591896788141
2024,05,ITA.14.7.28_1,0.6322241681260946,0.9605810741421048
2024,05,ITA.14.7.29_1,0.6339754816112084,0.9611576353543679
2024,05,ITA.14.7.3_1,0.5954465849387042,0.9474175425861608
2024,05,ITA.14.7.30_1,0.5674255691768827,0.936
2024,05,ITA.14.7.31_1,0.6619964973730298,0.9697752316903129
2024,05,ITA.14.7.32_1,0.7075306479859896,0.9813949256033475
2024,05,ITA.14.7.33_1,0.6059544658493871,0.9513863568498342
2024,05,ITA.14.7.34_1,0.6147110332749562,0.954565869911553
2024,05,ITA.14.7.35_1,0.6427320490367776,0.9639730286683336
2024,05,ITA.14.7.36_1,0.6567425569176883,0.9682458365518543
2024,05,ITA.14.7.37_1,0.7092819614711035,0.9817840903172144
2024,05,ITA.14.7.38_1,0.6339754816112084,0.9611576353543679
2024,05,ITA.14.7.39_1,0.6217162872154116,0.9570266453970862
2024,05,ITA.14.7.4_1,0.5936952714535902,0.9467396685467447
2024,05,ITA.14.7.40_1,0.5604203152364273,0.9329523031752481
2024,05,ITA.14.7.41_1,0.7110332749562173,0.9821690282227392
2024,05,ITA.14.7.42_1,0.5814360770577934,0.9418619856433319
2024,05,ITA.14.7.43_1,0.6182136602451839,0.9558054195284729
2024,05,ITA.14.7.44_1,0.6725043782837129,0.9727157858285225
2024,05,ITA.14.7.45_1,0.6427320490367776,0.9639730286683336
2024,05,ITA.14.7.46_1,0.5761821366024519,0.939699952112375
2024,05,ITA.14.7.47_1,0.5919439579684764,0.946057080730333
2024,05,ITA.14.7.48_1,0.48336252189141865,0.8940335564172074
2024,05,ITA.14.7.49_1,0.7232924693520141,0.9847456524402634
2024,05,ITA.14.7.5_1,0.6234676007005254,0.9576304088739037
2024,05,ITA.14.7.50_1,0.5691768826619966,0.9367496997597597
2024,05,ITA.14.7.51_1,0.6549912434325745,0.9677272342969376
2024,05,ITA.14.7.52_1,0.5516637478108581,0.9290317540321213
2024,05,ITA.14.7.53_1,0.6479859894921192,0.9656086163658648
2024,05,ITA.14.7.54_1,0.6812609457092821,0.975046665549911
2024,05,ITA.14.7.55_1,0.6742556917688267,0.9731906288081488
2024,05,ITA.14.7.56_1,0.6462346760070053,0.965067873260736
2024,05,ITA.14.7.57_1,0.6654991243432575,0.9707728879609279
2024,05,ITA.14.7.58_1,0.5901926444833626,0.9453697689264238
2024,05,ITA.14.7.59_1,0.6479859894921192,0.9656086163658648
2024,05,ITA.14.7.6_1,0.6059544658493871,0.9513863568498342
2024,05,ITA.14.7.60_1,0.5779334500875658,0.9404254356406998
2024,05,ITA.14.7.61_1,0.6654991243432575,0.9707728879609279
2024,05,ITA.14.7.62_1,0.7092819614711035,0.9817840903172144
2024,05,ITA.14.7.63_1,0.597197898423818,0.9480907129594721
2024,05,ITA.14.7.64_1,0.6042031523642732,0.9507365565707464
2024,05,ITA.14.7.65_1,0.6199649737302978,0.9564183185196736
2024,05,ITA.14.7.66_1,0.6672504378283713,0.9712651543219287
2024,05,ITA.14.7.67_1,0.5831873905429072,0.9425730740902798
2024,05,ITA.14.7.68_1,0.5919439579684764,0.946057080730333
2024,05,ITA.14.7.69_1,0.5919439579684764,0.946057080730333
2024,05,ITA.14.7.7_1,0.5901926444833626,0.9453697689264238
2024,05,ITA.14.7.70_1,0.6532399299474606,0.9672042183530839
2024,05,ITA.14.7.71_1,0.6007005253940456,0.9494229826584145
2024,05,ITA.14.7.72_1,0.5901926444833626,0.9453697689264238
2024,05,ITA.14.7.73_1,0.6444833625218914,0.9645226798784983
2024,05,ITA.14.7.74_1,0.6112084063047285,0.9533079250693346
2024,05,ITA.14.7.75_1,0.63922942206655,0.9628603221651623
2024,05,ITA.14.7.76_1,0.7022767075306481,0.9802020199938377
2024,05,ITA.14.7.77_1,0.7022767075306481,0.9802020199938377
2024,05,ITA.14.7.78_1,0.5656742556917689,0.9352454223357631
2024,05,ITA.14.7.79_1,0.6619964973730298,0.9697752316903129
2024,05,ITA.14.7.8_1,0.5901926444833626,0.9453697689264238
2024,05,ITA.14.7.80_1,0.5936952714535902,0.9467396685467447
2024,05,ITA.14.7.81_1,0.5516637478108581,0.9290317540321213
2024,05,ITA.14.7.82_1,0.6147110332749562,0.954565869911553
2024,05,ITA.14.7.83_1,0.6654991243432575,0.9707728879609279
2024,05,ITA.14.7.84_1,0.6164623467600701,0.955187939622355
2024,05,ITA.14.7.85_1,0.670753064798599,0.9722365967191319
2024,05,ITA.14.7.86_1,0.597197898423818,0.9480907129594721
2024,05,ITA.14.7.9_1,0.6024518388791593,0.9500821017154254
2024,05,ITA.14.8.1_1,0.6462346760070053,0.965067873260736
2024,05,ITA.14.8.10_1,0.5919439579684764,0.946057080730333
2024,05,ITA.14.8.11_1,0.5551663747810859,0.9306148505155073
2024,05,ITA.14.8.12_1,0.4973730297723292,0.9018736053350269
2024,05,ITA.14.8.13_1,0.6619964973730298,0.9697752316903129
2024,05,ITA.14.8.14_1,0.5026269702276708,0.9047231620777706
2024,05,ITA.14.8.15_1,0.6584938704028022,0.9687600322061186
2024,05,ITA.14.8.16_1,0.6952714535901927,0.97855199146494
2024,05,ITA.14.8.17_1,0.6234676007005254,0.9576304088739037
2024,05,ITA.14.8.18_1,0.6217162872154116,0.9570266453970862
2024,05,ITA.14.8.19_1,0.6007005253940456,0.9494229826584145
2024,05,ITA.14.8.2_1,0.5131348511383538,0.9102768809543611
2024,05,ITA.14.8.20_1,0.6252189141856392,0.9582296175760798
2024,05,ITA.14.8.21_1,0.6234676007005254,0.9576304088739037
2024,05,ITA.14.8.22_1,0.5078809106830122,0.9075241043630743
2024,05,ITA.14.8.23_1,0.6339754816112084,0.9611576353543679
2024,05,ITA.14.8.24_1,0.6514886164623468,0.9666767815562759
2024,05,ITA.14.8.25_1,0.5691768826619966,0.9367496997597597
2024,05,ITA.14.8.26_1,0.5674255691768827,0.936
2024,05,ITA.14.8.27_1,0.6199649737302978,0.9564183185196736
2024,05,ITA.14.8.28_1,0.6462346760070053,0.965067873260736
2024,05,ITA.14.8.29_1,0.6129597197898424,0.9539392014169457
2024,05,ITA.14.8.3_1,0.6077057793345009,0.9520315120835025
2024,05,ITA.14.8.30_1,0.6304728546409808,0.96
2024,05,ITA.14.8.31_1,0.6970227670753065,0.9789708882290628
2024,05,ITA.14.8.32_1,0.5359019264448337,0.9216593730874764
2024,05,ITA.14.8.33_1,0.6549912434325745,0.9677272342969376
2024,05,ITA.14.8.34_1,0.5639229422066551,0.9344859549506349
2024,05,ITA.14.8.35_1,0.5078809106830122,0.9075241043630743
2024,05,ITA.14.8.36_1,0.7232924693520141,0.9847456524402634
2024,05,ITA.14.8.37_1,0.6900175131348513,0.9772696659571503
2024,05,ITA.14.8.38_1,0.7022767075306481,0.9802020199938377
2024,05,ITA.14.8.39_1,0.6847635726795097,0.9759487691472335
2024,05,ITA.14.8.4_1,0.6462346760070053,0.965067873260736
2024,05,ITA.14.8.40_1,0.5901926444833626,0.9453697689264238
2024,05,ITA.14.8.41_1,0.63922942206655,0.9628603221651623
2024,05,ITA.14.8.42_1,0.5551663747810859,0.9306148505155073
2024,05,ITA.14.8.43_1,0.597197898423818,0.9480907129594721
2024,05,ITA.14.8.44_1,0.6077057793345009,0.9520315120835025
2024,05,ITA.14.8.45_1,0.7232924693520141,0.9847456524402634
2024,05,ITA.14.8.46_1,0.6182136602451839,0.9558054195284729
2024,05,ITA.14.8.47_1,0.6444833625218914,0.9645226798784983
2024,05,ITA.14.8.48_1,0.6514886164623468,0.9666767815562759
2024,05,ITA.14.8.49_1,0.6514886164623468,0.9666767815562759
2024,05,ITA.14.8.5_1,0.521891418563923,0.9147589846511485
2024,05,ITA.14.8.50_1,0.7320490367775833,0.98646033878712025
2024,05,ITA.14.8.51_1,0.6987740805604205,0.9793855216409929
2024,05,ITA.14.8.52_1,0.6199649737302978,0.9564183185196736
2024,05,ITA.14.8.53_1,0.6234676007005254,0.9576304088739037
2024,05,ITA.14.8.54_1,0.6339754816112084,0.9611576353543679
2024,05,ITA.14.8.55_1,0.7110332749562173,0.9821690282227392
2024,05,ITA.14.8.56_1,0.7250437828371279,0.9850969495435462
2024,05,ITA.14.8.57_1,0.7250437828371279,0.9850969495435462
2024,05,ITA.14.8.58_1,0.649737302977233,0.9661449166662318
2024,05,ITA.14.8.59_1,0.660245183887916,0.9692698282728087
2024,05,ITA.14.8.6_1,0.6112084063047285,0.9533079250693346
2024,05,ITA.14.8.60_1,0.5639229422066551,0.9344859549506349
2024,05,ITA.14.8.61_1,0.5831873905429072,0.9425730740902798
2024,05,ITA.14.8.62_1,0.6952714535901927,0.97855199146494
2024,05,ITA.14.8.63_1,0.6672504378283713,0.9712651543219287
2024,05,ITA.14.8.64_1,0.6847635726795097,0.9759487691472335
2024,05,ITA.14.8.65_1,0.6409807355516638,0.9634189120003821
2024,05,ITA.14.8.66_1,0.6970227670753065,0.9789708882290628
2024,05,ITA.14.8.7_1,0.6112084063047285,0.9533079250693346
2024,05,ITA.14.8.8_1,0.5376532399299475,0.9224987804869988
2024,05,ITA.14.8.9_1,0.5744308231173381,0.9389696480717574
2024,05,ITA.15.1.1_1,0.6059544658493871,0.9513863568498342
2024,05,ITA.15.1.10_1,0.521891418563923,0.9147589846511485
2024,05,ITA.15.1.11_1,0.532399299474606,0.9199652167337633
2024,05,ITA.15.1.12_1,0.5061295971978984,0.9065958305661901
2024,05,ITA.15.1.13_1,0.5604203152364273,0.9329523031752481
2024,05,ITA.15.1.14_1,0.6830122591943959,0.9754998718605759
2024,05,ITA.15.1.15_1,0.5814360770577934,0.9418619856433319
2024,05,ITA.15.1.16_1,0.51138353765324,0.909364613342745
2024,05,ITA.15.1.17_1,0.5569176882661997,0.931398947819891
2024,05,ITA.15.1.18_1,0.490367775831874,0.8979977728257459
2024,05,ITA.15.1.19_1,0.5884413309982488,0.9446777228240327
2024,05,ITA.15.1.2_1,0.5499124343257443,0.9282327294380435
2024,05,ITA.15.1.21_1,0.542907180385289,0.9249864863877743
2024,05,ITA.15.1.22_1,0.5884413309982488,0.9446777228240327
2024,05,ITA.15.1.23_1,0.6672504378283713,0.9712651543219287
2024,05,ITA.15.1.24_1,0.6182136602451839,0.9558054195284729
2024,05,ITA.15.1.25_1,0.5919439579684764,0.946057080730333
2024,05,ITA.15.1.26_1,0.5131348511383538,0.9102768809543611
2024,05,ITA.15.1.27_1,0.5166374781085814,0.9120855223058855
2024,05,ITA.15.1.28_1,0.5989492119089318,0.9487591896788141
2024,05,ITA.15.1.29_1,0.500875656742557,0.9037787339830473
2024,05,ITA.15.1.3_1,0.51138353765324,0.909364613342745
2024,05,ITA.15.1.30_1,0.6077057793345009,0.9520315120835025
2024,05,ITA.15.1.31_1,0.5481611208406305,0.9274287034591931
2024,05,ITA.15.1.33_1,0.6042031523642732,0.9507365565707464
2024,05,ITA.15.1.34_1,0.6147110332749562,0.954565869911553
2024,05,ITA.15.1.35_1,0.5359019264448337,0.9216593730874764
2024,05,ITA.15.1.36_1,0.48861646234676015,0.8970150500409678
2024,05,ITA.15.1.37_1,0.5148861646234676,0.9111838453352868
2024,05,ITA.15.1.38_1,0.5639229422066551,0.9344859549506349
2024,05,ITA.15.1.39_1,0.6199649737302978,0.9564183185196736
2024,05,ITA.15.1.4_1,0.5691768826619966,0.9367496997597597
2024,05,ITA.15.1.40_1,0.5078809106830122,0.9075241043630743
2024,05,ITA.15.1.41_1,0.6462346760070053,0.965067873260736
2024,05,ITA.15.1.42_1,0.6217162872154116,0.9570266453970862
2024,05,ITA.15.1.43_1,0.586690017513135,0.9439809320108113
2024,05,ITA.15.1.5_1,0.5901926444833626,0.9453697689264238
2024,05,ITA.15.1.6_1,0.5954465849387042,0.9474175425861608
2024,05,ITA.15.1.7_1,0.6217162872154116,0.9570266453970862
2024,05,ITA.15.1.8_1,0.5271453590192645,0.9173854151881858
2024,05,ITA.15.1.9_1,0.4605954465849388,0.8805248434882459
2024,05,ITA.15.2.1_1,0.521891418563923,0.9147589846511485
2024,05,ITA.15.2.10_1,0.4956217162872154,0.9009128703709366
2024,05,ITA.15.2.11_1,0.47985989492119097,0.8920179370393849
2024,05,ITA.15.2.12_1,0.48511383537653247,0.8950329602869382
2024,05,ITA.15.2.13_1,0.6164623467600701,0.955187939622355
2024,05,ITA.15.2.14_1,0.4605954465849388,0.8805248434882459
2024,05,ITA.15.2.15_1,0.5551663747810859,0.9306148505155073
2024,05,ITA.15.2.16_1,0.5131348511383538,0.9102768809543611
2024,05,ITA.15.2.17_1,0.5359019264448337,0.9216593730874764
2024,05,ITA.15.2.18_1,0.5201401050788091,0.9138730765264944
2024,05,ITA.15.2.19_1,0.5639229422066551,0.9344859549506349
2024,05,ITA.15.2.2_1,0.5061295971978984,0.9065958305661901
2024,05,ITA.15.2.20_1,0.4956217162872154,0.9009128703709366
2024,05,ITA.15.2.21_1,0.5306479859894921,0.9191104395011516
2024,05,ITA.15.2.22_1,0.5148861646234676,0.9111838453352868
2024,05,ITA.15.2.3_1,0.5919439579684764,0.946057080730333
2024,05,ITA.15.2.4_1,0.5078809106830122,0.9075241043630743
2024,05,ITA.15.2.5_1,0.5288966725043783,0.918250510481753
2024,05,ITA.15.2.6_1,0.5253940455341506,0.916515138991168
2024,05,ITA.15.2.7_1,0.6777583187390543,0.9741273017424364
2024,05,ITA.15.2.8_1,0.48686514886164634,0.8960267853139213
2024,05,ITA.15.2.9_1,0.5464098073555167,0.9266196630764966
2024,05,ITA.15.3.1_1,0.62697022767075306,0.9588242800430119
2024,05,ITA.15.3.10_1,0.7390542907180385,0.9877570551507087
2024,05,ITA.15.3.11_1,0.5604203152364273,0.9329523031752481
2024,05,ITA.15.3.12_1,0.5464098073555167,0.9266196630764966
2024,05,ITA.15.3.13_1,0.490367775831874,0.8979977728257459
2024,05,ITA.15.3.14_1,0.6112084063047285,0.9533079250693346
2024,05,ITA.15.3.15_1,0.5744308231173381,0.9389696480717574
2024,05,ITA.15.3.16_1,0.6970227670753065,0.9789708882290628
2024,05,ITA.15.3.17_1,0.6742556917688267,0.9731906288081488
2024,05,ITA.15.3.18_1,0.5271453590192645,0.9173854151881858
2024,05,ITA.15.3.19_1,0.649737302977233,0.9661449166662318
2024,05,ITA.15.3.2_1,0.6182136602451839,0.9558054195284729
2024,05,ITA.15.3.20_1,0.5271453590192645,0.9173854151881858
2024,05,ITA.15.3.21_1,0.6059544658493871,0.9513863568498342
2024,05,ITA.15.3.22_1,0.5586690017513135,0.9321780945720619
2024,05,ITA.15.3.23_1,0.5586690017513135,0.9321780945720619
2024,05,ITA.15.3.24_1,0.6672504378283713,0.9712651543219287
2024,05,ITA.15.3.25_1,0.5761821366024519,0.939699952112375
2024,05,ITA.15.3.26_1,0.5761821366024519,0.939699952112375
2024,05,ITA.15.3.27_1,0.490367775831874,0.8979977728257459
2024,05,ITA.15.3.28_1,0.5954465849387042,0.9474175425861608
2024,05,ITA.15.3.29_1,0.5078809106830122,0.9075241043630743
2024,05,ITA.15.3.3_1,0.6865148861646235,0.9763933633531108
2024,05,ITA.15.3.30_1,0.5306479859894921,0.9191104395011516
2024,05,ITA.15.3.31_1,0.5288966725043783,0.918250510481753
2024,05,ITA.15.3.32_1,0.5849387040280211,0.9432793859721519
2024,05,ITA.15.3.33_1,0.542907180385289,0.9249864863877743
2024,05,ITA.15.3.34_1,0.586690017513135,0.9439809320108113
2024,05,ITA.15.3.35_1,0.5271453590192645,0.9173854151881858
2024,05,ITA.15.3.36_1,0.5814360770577934,0.9418619856433319
2024,05,ITA.15.3.37_1,0.6567425569176883,0.9682458365518543
2024,05,ITA.15.3.39_1,0.5709281961471104,0.9374945333173949
2024,05,ITA.15.3.4_1,0.6024518388791593,0.9500821017154254
2024,05,ITA.15.3.40_1,0.5236427320490368,0.9156396671180208
2024,05,ITA.15.3.41_1,0.542907180385289,0.9249864863877743
2024,05,ITA.15.3.42_1,0.63922942206655,0.9628603221651623
2024,05,ITA.15.3.43_1,0.5253940455341506,0.916515138991168
2024,05,ITA.15.3.44_1,0.6077057793345009,0.9520315120835025
2024,05,ITA.15.3.45_1,0.6182136602451839,0.9558054195284729
2024,05,ITA.15.3.46_1,0.5464098073555167,0.9266196630764966
2024,05,ITA.15.3.47_1,0.5288966725043783,0.918250510481753
2024,05,ITA.15.3.48_1,0.649737302977233,0.9661449166662318
2024,05,ITA.15.3.49_1,0.6164623467600701,0.955187939622355
2024,05,ITA.15.3.5_1,0.628721541155867,0.9594144047282176
2024,05,ITA.15.3.50_1,0.51138353765324,0.909364613342745
2024,05,ITA.15.3.51_1,0.6129597197898424,0.9539392014169457
2024,05,ITA.15.3.52_1,0.521891418563923,0.9147589846511485
2024,05,ITA.15.3.53_1,0.6322241681260946,0.9605810741421048
2024,05,ITA.15.3.54_1,0.5884413309982488,0.9446777228240327
2024,05,ITA.15.3.55_1,0.6409807355516638,0.9634189120003821
2024,05,ITA.15.3.56_1,0.5989492119089318,0.9487591896788141
2024,05,ITA.15.3.57_1,0.48686514886164634,0.8960267853139213
2024,05,ITA.15.3.58_1,0.532399299474606,0.9199652167337633
2024,05,ITA.15.3.6_1,0.5148861646234676,0.9111838453352868
2024,05,ITA.15.3.7_1,0.5481611208406305,0.9274287034591931
2024,05,ITA.15.3.8_1,0.5236427320490368,0.9156396671180208
2024,05,ITA.15.3.9_1,0.5394045534150613,0.923333092659415
2024,05,ITA.15.4.12_1,0.5288966725043783,0.918250510481753
2024,05,ITA.15.4.14_1,0.5201401050788091,0.9138730765264944
2024,05,ITA.15.4.15_1,0.48686514886164634,0.8960267853139213
2024,05,ITA.15.4.17_1,0.5096322241681261,0.9084470265238365
2024,05,ITA.15.4.18_1,0.5201401050788091,0.9138730765264944
2024,05,ITA.15.4.2_1,0.4763572679509633,0.8899797750510963
2024,05,ITA.15.4.20_1,0.542907180385289,0.9249864863877743
2024,05,ITA.15.4.4_1,0.5253940455341506,0.916515138991168
2024,05,ITA.15.4.5_1,0.542907180385289,0.9249864863877743
2024,05,ITA.15.4.7_1,0.5253940455341506,0.916515138991168
2024,05,ITA.15.4.8_1,0.6164623467600701,0.955187939622355
2024,05,ITA.15.4.9_1,0.490367775831874,0.8979977728257459
2024,05,ITA.15.5.1_1,0.6479859894921192,0.9656086163658648
2024,05,ITA.15.5.10_1,0.6514886164623468,0.9666767815562759
2024,05,ITA.15.5.100_1,0.6322241681260946,0.9605810741421048
2024,05,ITA.15.5.102_1,0.6042031523642732,0.9507365565707464
2024,05,ITA.15.5.103_1,0.6619964973730298,0.9697752316903129
2024,05,ITA.15.5.104_1,0.7005253940455343,0.9797958971132712
2024,05,ITA.15.5.105_1,0.6252189141856392,0.9582296175760798
2024,05,ITA.15.5.107_1,0.6584938704028022,0.9687600322061186
2024,05,ITA.15.5.108_1,0.6865148861646235,0.9763933633531108
2024,05,ITA.15.5.109_1,0.6830122591943959,0.9754998718605759
2024,05,ITA.15.5.12_1,0.6374781085814362,0.962297251372984
2024,05,ITA.15.5.13_1,0.6532399299474606,0.9672042183530839
2024,05,ITA.15.5.14_1,0.5796847635726796,0.9411461098044235
2024,05,ITA.15.5.15_1,0.6549912434325745,0.9677272342969376
2024,05,ITA.15.5.16_1,0.6847635726795097,0.9759487691472335
2024,05,ITA.15.5.17_1,0.6532399299474606,0.9672042183530839
2024,05,ITA.15.5.18_1,0.5901926444833626,0.9453697689264238
2024,05,ITA.15.5.19_1,0.670753064798599,0.9722365967191319
2024,05,ITA.15.5.2_1,0.6725043782837129,0.9727157858285225
2024,05,ITA.15.5.20_1,0.6462346760070053,0.965067873260736
2024,05,ITA.15.5.21_1,0.6935201401050789,0.9781288258711119
2024,05,ITA.15.5.22_1,0.63922942206655,0.9628603221651623
2024,05,ITA.15.5.23_1,0.5709281961471104,0.9374945333173949
2024,05,ITA.15.5.24_1,0.7075306479859896,0.9813949256033475
2024,05,ITA.15.5.26_1,0.7092819614711035,0.9817840903172144
2024,05,ITA.15.5.27_1,0.6654991243432575,0.9707728879609279
2024,05,ITA.15.5.28_1,0.6094570928196147,0.9526720317087093
2024,05,ITA.15.5.29_1,0.6462346760070053,0.965067873260736
2024,05,ITA.15.5.3_1,0.660245183887916,0.9692698282728087
2024,05,ITA.15.5.30_1,0.7530647985989493,0.990151503558925
2024,05,ITA.15.5.31_1,0.5446584938704029,0.9258055951440345
2024,05,ITA.15.5.33_1,0.7250437828371279,0.9850969495435462
2024,05,ITA.15.5.34_1,0.6182136602451839,0.9558054195284729
2024,05,ITA.15.5.35_1,0.7075306479859896,0.9813949256033475
2024,05,ITA.15.5.36_1,0.628721541155867,0.9594144047282176
2024,05,ITA.15.5.37_1,0.6252189141856392,0.9582296175760798
2024,05,ITA.15.5.4_1,0.63922942206655,0.9628603221651623
2024,05,ITA.15.5.40_1,0.6339754816112084,0.9611576353543679
2024,05,ITA.15.5.41_1,0.670753064798599,0.9722365967191319
2024,05,ITA.15.5.43_1,0.5674255691768827,0.936
2024,05,ITA.15.5.45_1,0.5936952714535902,0.9467396685467447
2024,05,ITA.15.5.46_1,0.6322241681260946,0.9605810741421048
2024,05,ITA.15.5.47_1,0.660245183887916,0.9692698282728087
2024,05,ITA.15.5.48_1,0.6812609457092821,0.975046665549911
2024,05,ITA.15.5.49_1,0.6637478108581437,0.970276249322841
2024,05,ITA.15.5.5_1,0.7075306479859896,0.9813949256033475
2024,05,ITA.15.5.50_1,0.7005253940455343,0.9797958971132712
2024,05,ITA.15.5.51_1,0.6024518388791593,0.9500821017154254
2024,05,ITA.15.5.52_1,0.6567425569176883,0.9682458365518543
2024,05,ITA.15.5.53_1,0.5796847635726796,0.9411461098044235
2024,05,ITA.15.5.54_1,0.586690017513135,0.9439809320108113
2024,05,ITA.15.5.55_1,0.6690017513134852,0.9717530550505102
2024,05,ITA.15.5.56_1,0.7040280210157619,0.9806038955664005
2024,05,ITA.15.5.57_1,0.649737302977233,0.9661449166662318
2024,05,ITA.15.5.58_1,0.63922942206655,0.9628603221651623
2024,05,ITA.15.5.59_1,0.7040280210157619,0.9806038955664005
2024,05,ITA.15.5.6_1,0.6182136602451839,0.9558054195284729
2024,05,ITA.15.5.60_1,0.7408056042031524,0.9880708476622514
2024,05,ITA.15.5.61_1,0.670753064798599,0.9722365967191319
2024,05,ITA.15.5.62_1,0.6479859894921192,0.9656086163658648
2024,05,ITA.15.5.63_1,0.6742556917688267,0.9731906288081488
2024,05,ITA.15.5.64_1,0.6427320490367776,0.9639730286683336
2024,05,ITA.15.5.65_1,0.7250437828371279,0.9850969495435462
2024,05,ITA.15.5.66_1,0.6182136602451839,0.9558054195284729
2024,05,ITA.15.5.67_1,0.6567425569176883,0.9682458365518543
2024,05,ITA.15.5.68_1,0.6042031523642732,0.9507365565707464
2024,05,ITA.15.5.69_1,0.6690017513134852,0.9717530550505102
2024,05,ITA.15.5.7_1,0.6339754816112084,0.9611576353543679
2024,05,ITA.15.5.70_1,0.62697022767075306,0.9588242800430119
2024,05,ITA.15.5.71_1,0.7075306479859896,0.9813949256033475
2024,05,ITA.15.5.73_1,0.6357267950963222,0.9617296917533533
2024,05,ITA.15.5.74_1,0.6637478108581437,0.970276249322841
2024,05,ITA.15.5.75_1,0.5376532399299475,0.9224987804869988
2024,05,ITA.15.5.76_1,0.6725043782837129,0.9727157858285225
2024,05,ITA.15.5.77_1,0.6444833625218914,0.9645226798784983
2024,05,ITA.15.5.78_1,0.6760070052539405,0.9736611320166786
2024,05,ITA.15.5.79_1,0.6112084063047285,0.9533079250693346
2024,05,ITA.15.5.8_1,0.6812609457092821,0.975046665549911
2024,05,ITA.15.5.80_1,0.6199649737302978,0.9564183185196736
2024,05,ITA.15.5.81_1,0.6777583187390543,0.9741273017424364
2024,05,ITA.15.5.82_1,0.5726795096322242,0.9382345122622595
2024,05,ITA.15.5.83_1,0.6654991243432575,0.9707728879609279
2024,05,ITA.15.5.84_1,0.5359019264448337,0.9216593730874764
2024,05,ITA.15.5.85_1,0.6357267950963222,0.9617296917533533
2024,05,ITA.15.5.86_1,0.712784588441331,0.9825497442877892
2024,05,ITA.15.5.87_1,0.6865148861646235,0.9763933633531108
2024,05,ITA.15.5.88_1,0.6129597197898424,0.9539392014169457
2024,05,ITA.15.5.89_1,0.6777583187390543,0.9741273017424364
2024,05,ITA.15.5.9_1,0.56217162872154125,0.9337215859130601
2024,05,ITA.15.5.91_1,0.6654991243432575,0.9707728879609279
2024,05,ITA.15.5.92_1,0.63922942206655,0.9628603221651623
2024,05,ITA.15.5.93_1,0.6742556917688267,0.9731906288081488
2024,05,ITA.15.5.94_1,0.649737302977233,0.9661449166662318
2024,05,ITA.15.5.95_1,0.6549912434325745,0.9677272342969376
2024,05,ITA.15.5.96_1,0.6514886164623468,0.9666767815562759
2024,05,ITA.15.5.97_1,0.6725043782837129,0.9727157858285225
2024,05,ITA.15.5.98_1,0.6970227670753065,0.9789708882290628
2024,05,ITA.15.5.99_1,0.6865148861646235,0.9763933633531108
2024,05,ITA.15.6.1_1,0.5288966725043783,0.918250510481753
2024,05,ITA.15.6.10_1,0.5726795096322242,0.9382345122622595
2024,05,ITA.15.6.11_1,0.4711033274956218,0.8868799242287537
2024,05,ITA.15.6.12_1,0.6672504378283713,0.9712651543219287
2024,05,ITA.15.6.13_1,0.4816112084063048,0.8930285549745876
2024,05,ITA.15.6.14_1,0.5359019264448337,0.9216593730874764
2024,05,ITA.15.6.15_1,0.5919439579684764,0.946057080730333
2024,05,ITA.15.6.16_1,0.542907180385289,0.9249864863877743
2024,05,ITA.15.6.17_1,0.5779334500875658,0.9404254356406998
2024,05,ITA.15.6.18_1,0.6970227670753065,0.9789708882290628
2024,05,ITA.15.6.19_1,0.5446584938704029,0.9258055951440345
2024,05,ITA.15.6.2_1,0.48336252189141865,0.8940335564172074
2024,05,ITA.15.6.20_1,0.5061295971978984,0.9065958305661901
2024,05,ITA.15.6.21_1,0.7110332749562173,0.9821690282227392
2024,05,ITA.15.6.22_1,0.5954465849387042,0.9474175425861608
2024,05,ITA.15.6.23_1,0.5411558669001751,0.9241623234042816
2024,05,ITA.15.6.24_1,0.6777583187390543,0.9741273017424364
2024,05,ITA.15.6.25_1,0.5096322241681261,0.9084470265238365
2024,05,ITA.15.6.26_1,0.4991243432574431,0.9028288874421332
2024,05,ITA.15.6.27_1,0.5726795096322242,0.9382345122622595
2024,05,ITA.15.6.28_1,0.6322241681260946,0.9605810741421048
2024,05,ITA.15.6.29_1,0.6427320490367776,0.9639730286683336
2024,05,ITA.15.6.3_1,0.6112084063047285,0.9533079250693346
2024,05,ITA.15.6.30_1,0.6094570928196147,0.9526720317087093
2024,05,ITA.15.6.31_1,0.6374781085814362,0.962297251372984
2024,05,ITA.15.6.32_1,0.6217162872154116,0.9570266453970862
2024,05,ITA.15.6.33_1,0.5761821366024519,0.939699952112375
2024,05,ITA.15.6.34_1,0.6024518388791593,0.9500821017154254
2024,05,ITA.15.6.35_1,0.5779334500875658,0.9404254356406998
2024,05,ITA.15.6.37_1,0.5078809106830122,0.9075241043630743
2024,05,ITA.15.6.38_1,0.5709281961471104,0.9374945333173949
2024,05,ITA.15.6.39_1,0.6339754816112084,0.9611576353543679
2024,05,ITA.15.6.4_1,0.6742556917688267,0.9731906288081488
2024,05,ITA.15.6.40_1,0.5831873905429072,0.9425730740902798
2024,05,ITA.15.6.41_1,0.6042031523642732,0.9507365565707464
2024,05,ITA.15.6.42_1,0.6690017513134852,0.9717530550505102
2024,05,ITA.15.6.43_1,0.56217162872154125,0.9337215859130601
2024,05,ITA.15.6.45_1,0.7005253940455343,0.9797958971132712
2024,05,ITA.15.6.46_1,0.5394045534150613,0.923333092659415
2024,05,ITA.15.6.47_1,0.5901926444833626,0.9453697689264238
2024,05,ITA.15.6.48_1,0.6059544658493871,0.9513863568498342
2024,05,ITA.15.6.49_1,0.7075306479859896,0.9813949256033475
2024,05,ITA.15.6.5_1,0.6094570928196147,0.9526720317087093
2024,05,ITA.15.6.50_1,0.6112084063047285,0.9533079250693346
2024,05,ITA.15.6.51_1,0.6199649737302978,0.9564183185196736
2024,05,ITA.15.6.52_1,0.5551663747810859,0.9306148505155073
2024,05,ITA.15.6.53_1,0.532399299474606,0.9199652167337633
2024,05,ITA.15.6.54_1,0.6690017513134852,0.9717530550505102
2024,05,ITA.15.6.55_1,0.5288966725043783,0.918250510481753
2024,05,ITA.15.6.56_1,0.5411558669001751,0.9241623234042816
2024,05,ITA.15.6.57_1,0.521891418563923,0.9147589846511485
2024,05,ITA.15.6.58_1,0.6094570928196147,0.9526720317087093
2024,05,ITA.15.6.59_1,0.5288966725043783,0.918250510481753
2024,05,ITA.15.6.6_1,0.7197898423817863,0.9840304873325826
2024,05,ITA.15.6.60_1,0.6760070052539405,0.9736611320166786
2024,05,ITA.15.6.61_1,0.5954465849387042,0.9474175425861608
2024,05,ITA.15.6.62_1,0.56217162872154125,0.9337215859130601
2024,05,ITA.15.6.63_1,0.5604203152364273,0.9329523031752481
2024,05,ITA.15.6.64_1,0.5691768826619966,0.9367496997597597
2024,05,ITA.15.6.65_1,0.5341506129597198,0.920814856526544
2024,05,ITA.15.6.66_1,0.5989492119089318,0.9487591896788141
2024,05,ITA.15.6.67_1,0.6234676007005254,0.9576304088739037
2024,05,ITA.15.6.68_1,0.6952714535901927,0.97855199146494
2024,05,ITA.15.6.69_1,0.5901926444833626,0.9453697689264238
2024,05,ITA.15.6.7_1,0.5341506129597198,0.920814856526544
2024,05,ITA.15.6.70_1,0.5779334500875658,0.9404254356406998
2024,05,ITA.15.6.71_1,0.5796847635726796,0.9411461098044235
2024,05,ITA.15.6.72_1,0.6690017513134852,0.9717530550505102
2024,05,ITA.15.6.73_1,0.597197898423818,0.9480907129594721
2024,05,ITA.15.6.74_1,0.6024518388791593,0.9500821017154254
2024,05,ITA.15.6.75_1,0.7600700525394046,0.9912497162672985
2024,05,ITA.15.6.76_1,0.6164623467600701,0.955187939622355
2024,05,ITA.15.6.78_1,0.6077057793345009,0.9520315120835025
2024,05,ITA.15.6.79_1,0.649737302977233,0.9661449166662318
2024,05,ITA.15.6.8_1,0.6479859894921192,0.9656086163658648
2024,05,ITA.15.6.80_1,0.5236427320490368,0.9156396671180208
2024,05,ITA.15.6.81_1,0.7145359019264449,0.9829262434180909
2024,05,ITA.15.6.82_1,0.6532399299474606,0.9672042183530839
2024,05,ITA.15.6.9_1,0.6357267950963222,0.9617296917533533
2024,05,ITA.15.7.1_1,0.6567425569176883,0.9682458365518543
2024,05,ITA.15.7.10_1,0.7285464098073555,0.9857869952479592
2024,05,ITA.15.7.11_1,0.6304728546409808,0.96
2024,05,ITA.15.7.12_1,0.6795096322241682,0.9745891442038537
2024,05,ITA.15.7.2_1,0.5464098073555167,0.9266196630764966
2024,05,ITA.15.7.3_1,0.6007005253940456,0.9494229826584145
2024,05,ITA.15.7.4_1,0.5148861646234676,0.9111838453352868
2024,05,ITA.15.7.5_1,0.6812609457092821,0.975046665549911
2024,05,ITA.15.7.6_1,0.6199649737302978,0.9564183185196736
2024,05,ITA.15.7.7_1,0.5236427320490368,0.9156396671180208
2024,05,ITA.15.7.8_1,0.7495621716287216,0.9895776877031939
2024,05,ITA.15.7.9_1,0.6007005253940456,0.9494229826584145
2024,05,ITA.15.8.1_1,0.5849387040280211,0.9432793859721519
2024,05,ITA.15.8.10_1,0.5148861646234676,0.9111838453352868
2024,05,ITA.15.8.11_1,0.532399299474606,0.9199652167337633
2024,05,ITA.15.8.12_1,0.5831873905429072,0.9425730740902798
2024,05,ITA.15.8.13_1,0.5814360770577934,0.9418619856433319
2024,05,ITA.15.8.14_1,0.7267950963222417,0.9854440623394105
2024,05,ITA.15.8.15_1,0.5691768826619966,0.9367496997597597
2024,05,ITA.15.8.17_1,0.6199649737302978,0.9564183185196736
2024,05,ITA.15.8.18_1,0.6322241681260946,0.9605810741421048
2024,05,ITA.15.8.19_1,0.6322241681260946,0.9605810741421048
2024,05,ITA.15.8.2_1,0.6199649737302978,0.9564183185196736
2024,05,ITA.15.8.20_1,0.6077057793345009,0.9520315120835025
2024,05,ITA.15.8.21_1,0.5183887915936953,0.9129819275319747
2024,05,ITA.15.8.3_1,0.4728546409807356,0.8879189152169246
2024,05,ITA.15.8.4_1,0.5166374781085814,0.9120855223058855
2024,05,ITA.15.8.5_1,0.5954465849387042,0.9474175425861608
2024,05,ITA.15.8.6_1,0.4763572679509633,0.8899797750510963
2024,05,ITA.15.8.7_1,0.5446584938704029,0.9258055951440345
2024,05,ITA.15.8.8_1,0.5026269702276708,0.9047231620777706
2024,05,ITA.15.8.9_1,0.5709281961471104,0.9374945333173949
2024,05,ITA.15.9.1_1,0.5744308231173381,0.9389696480717574
2024,05,ITA.15.9.10_1,0.5831873905429072,0.9425730740902798
2024,05,ITA.15.9.11_1,0.6374781085814362,0.962297251372984
2024,05,ITA.15.9.12_1,0.6444833625218914,0.9645226798784983
2024,05,ITA.15.9.13_1,0.5534150612959721,0.9298257901349047
2024,05,ITA.15.9.15_1,0.5936952714535902,0.9467396685467447
2024,05,ITA.15.9.16_1,0.6637478108581437,0.970276249322841
2024,05,ITA.15.9.17_1,0.5954465849387042,0.9474175425861608
2024,05,ITA.15.9.18_1,0.4956217162872154,0.9009128703709366
2024,05,ITA.15.9.19_1,0.5989492119089318,0.9487591896788141
2024,05,ITA.15.9.2_1,0.5288966725043783,0.918250510481753
2024,05,ITA.15.9.20_1,0.5761821366024519,0.939699952112375
2024,05,ITA.15.9.21_1,0.5534150612959721,0.9298257901349047
2024,05,ITA.15.9.22_1,0.5656742556917689,0.9352454223357631
2024,05,ITA.15.9.23_1,0.5394045534150613,0.923333092659415
2024,05,ITA.15.9.24_1,0.5341506129597198,0.920814856526544
2024,05,ITA.15.9.3_1,0.5534150612959721,0.9298257901349047
2024,05,ITA.15.9.4_1,0.6409807355516638,0.9634189120003821
2024,05,ITA.15.9.5_1,0.5166374781085814,0.9120855223058855
2024,05,ITA.15.9.6_1,0.6637478108581437,0.970276249322841
2024,05,ITA.15.9.7_1,0.56217162872154125,0.9337215859130601
2024,05,ITA.15.9.8_1,0.5166374781085814,0.9120855223058855
2024,05,ITA.16.1.12_1,0.6742556917688267,0.9731906288081488
2024,05,ITA.16.1.13_1,0.6567425569176883,0.9682458365518543
2024,05,ITA.16.1.17_1,0.6795096322241682,0.9745891442038537
2024,05,ITA.16.1.18_1,0.6234676007005254,0.9576304088739037
2024,05,ITA.16.1.21_1,0.6234676007005254,0.9576304088739037
2024,05,ITA.16.1.23_1,0.6322241681260946,0.9605810741421048
2024,05,ITA.16.1.24_1,0.6462346760070053,0.965067873260736
2024,05,ITA.16.1.25_1,0.6182136602451839,0.9558054195284729
2024,05,ITA.16.1.28_1,0.6567425569176883,0.9682458365518543
2024,05,ITA.16.1.29_1,0.7005253940455343,0.9797958971132712
2024,05,ITA.16.1.3_1,0.63922942206655,0.9628603221651623
2024,05,ITA.16.1.32_1,0.6427320490367776,0.9639730286683336
2024,05,ITA.16.1.34_1,0.6725043782837129,0.9727157858285225
2024,05,ITA.16.1.35_1,0.6742556917688267,0.9731906288081488
2024,05,ITA.16.1.36_1,0.6672504378283713,0.9712651543219287
2024,05,ITA.16.1.5_1,0.6514886164623468,0.9666767815562759
2024,05,ITA.16.10.1_1,0.660245183887916,0.9692698282728087
2024,05,ITA.16.10.10_1,0.6532399299474606,0.9672042183530839
2024,05,ITA.16.10.11_1,0.6882661996497373,0.976833660353696
2024,05,ITA.16.10.12_1,0.7057793345008757,0.9810015290507961
2024,05,ITA.16.10.13_1,0.6042031523642732,0.9507365565707464
2024,05,ITA.16.10.14_1,0.6462346760070053,0.965067873260736
2024,05,ITA.16.10.15_1,0.6549912434325745,0.9677272342969376
2024,05,ITA.16.10.16_1,0.7092819614711035,0.9817840903172144
2024,05,ITA.16.10.17_1,0.6830122591943959,0.9754998718605759
2024,05,ITA.16.10.18_1,0.6742556917688267,0.9731906288081488
2024,05,ITA.16.10.19_1,0.6742556917688267,0.9731906288081488
2024,05,ITA.16.10.2_1,0.6339754816112084,0.9611576353543679
2024,05,ITA.16.10.20_1,0.628721541155867,0.9594144047282176
2024,05,ITA.16.10.21_1,0.6147110332749562,0.954565869911553
2024,05,ITA.16.10.22_1,0.63922942206655,0.9628603221651623
2024,05,ITA.16.10.23_1,0.6304728546409808,0.96
2024,05,ITA.16.10.24_1,0.6865148861646235,0.9763933633531108
2024,05,ITA.16.10.25_1,0.660245183887916,0.9692698282728087
2024,05,ITA.16.10.26_1,0.6339754816112084,0.9611576353543679
2024,05,ITA.16.10.27_1,0.660245183887916,0.9692698282728087
2024,05,ITA.16.10.28_1,0.6760070052539405,0.9736611320166786
2024,05,ITA.16.10.29_1,0.6357267950963222,0.9617296917533533
2024,05,ITA.16.10.3_1,0.6795096322241682,0.9745891442038537
2024,05,ITA.16.10.30_1,0.6409807355516638,0.9634189120003821
2024,05,ITA.16.10.31_1,0.6549912434325745,0.9677272342969376
2024,05,ITA.16.10.32_1,0.6690017513134852,0.9717530550505102
2024,05,ITA.16.10.33_1,0.6847635726795097,0.9759487691472335
2024,05,ITA.16.10.34_1,0.660245183887916,0.9692698282728087
2024,05,ITA.16.10.35_1,0.63922942206655,0.9628603221651623
2024,05,ITA.16.10.36_1,0.6339754816112084,0.9611576353543679
2024,05,ITA.16.10.4_1,0.6935201401050789,0.9781288258711119
2024,05,ITA.16.10.5_1,0.628721541155867,0.9594144047282176
2024,05,ITA.16.10.6_1,0.6444833625218914,0.9645226798784983
2024,05,ITA.16.10.7_1,0.6479859894921192,0.9656086163658648
2024,05,ITA.16.10.8_1,0.6567425569176883,0.9682458365518543
2024,05,ITA.16.10.9_1,0.6252189141856392,0.9582296175760798
2024,05,ITA.16.2.1_1,0.7197898423817863,0.9840304873325826
2024,05,ITA.16.2.10_1,0.6917688266199651,0.9777013859047148
2024,05,ITA.16.2.11_1,0.6830122591943959,0.9754998718605759
2024,05,ITA.16.2.12_1,0.6304728546409808,0.96
2024,05,ITA.16.2.13_1,0.6900175131348513,0.9772696659571503
2024,05,ITA.16.2.14_1,0.6865148861646235,0.9763933633531108
2024,05,ITA.16.2.15_1,0.6725043782837129,0.9727157858285225
2024,05,ITA.16.2.16_1,0.6147110332749562,0.954565869911553
2024,05,ITA.16.2.17_1,0.6900175131348513,0.9772696659571503
2024,05,ITA.16.2.18_1,0.7355516637478109,0.9871170143402452
2024,05,ITA.16.2.19_1,0.6935201401050789,0.9781288258711119
2024,05,ITA.16.2.2_1,0.6549912434325745,0.9677272342969376
2024,05,ITA.16.2.20_1,0.6760070052539405,0.9736611320166786
2024,05,ITA.16.2.21_1,0.6795096322241682,0.9745891442038537
2024,05,ITA.16.2.22_1,0.6970227670753065,0.9789708882290628
2024,05,ITA.16.2.23_1,0.6444833625218914,0.9645226798784983
2024,05,ITA.16.2.24_1,0.6462346760070053,0.965067873260736
2024,05,ITA.16.2.25_1,0.6865148861646235,0.9763933633531108
2024,05,ITA.16.2.26_1,0.6812609457092821,0.975046665549911
2024,05,ITA.16.2.27_1,0.660245183887916,0.9692698282728087
2024,05,ITA.16.2.28_1,0.6514886164623468,0.9666767815562759
2024,05,ITA.16.2.29_1,0.6514886164623468,0.9666767815562759
2024,05,ITA.16.2.3_1,0.6742556917688267,0.9731906288081488
2024,05,ITA.16.2.30_1,0.6479859894921192,0.9656086163658648
2024,05,ITA.16.2.31_1,0.6865148861646235,0.9763933633531108
2024,05,ITA.16.2.32_1,0.6514886164623468,0.9666767815562759
2024,05,ITA.16.2.33_1,0.6690017513134852,0.9717530550505102
2024,05,ITA.16.2.34_1,0.6987740805604205,0.9793855216409929
2024,05,ITA.16.2.35_1,0.6760070052539405,0.9736611320166786
2024,05,ITA.16.2.36_1,0.7092819614711035,0.9817840903172144
2024,05,ITA.16.2.37_1,0.6444833625218914,0.9645226798784983
2024,05,ITA.16.2.38_1,0.6830122591943959,0.9754998718605759
2024,05,ITA.16.2.39_1,0.6847635726795097,0.9759487691472335
2024,05,ITA.16.2.4_1,0.6987740805604205,0.9793855216409929
2024,05,ITA.16.2.40_1,0.6357267950963222,0.9617296917533533
2024,05,ITA.16.2.41_1,0.6094570928196147,0.9526720317087093
2024,05,ITA.16.2.42_1,0.6882661996497373,0.976833660353696
2024,05,ITA.16.2.43_1,0.6374781085814362,0.962297251372984
2024,05,ITA.16.2.44_1,0.6777583187390543,0.9741273017424364
2024,05,ITA.16.2.5_1,0.6812609457092821,0.975046665549911
2024,05,ITA.16.2.6_1,0.6987740805604205,0.9793855216409929
2024,05,ITA.16.2.7_1,0.6532399299474606,0.9672042183530839
2024,05,ITA.16.2.8_1,0.7092819614711035,0.9817840903172144
2024,05,ITA.16.2.9_1,0.712784588441331,0.9825497442877892
2024,05,ITA.16.3.1_1,0.6865148861646235,0.9763933633531108
2024,05,ITA.16.3.10_1,0.6830122591943959,0.9754998718605759
2024,05,ITA.16.3.11_1,0.6760070052539405,0.9736611320166786
2024,05,ITA.16.3.13_1,0.7145359019264449,0.9829262434180909
2024,05,ITA.16.3.14_1,0.6795096322241682,0.9745891442038537
2024,05,ITA.16.3.15_1,0.7075306479859896,0.9813949256033475
2024,05,ITA.16.3.17_1,0.7250437828371279,0.9850969495435462
2024,05,ITA.16.3.18_1,0.6112084063047285,0.9533079250693346
2024,05,ITA.16.3.19_1,0.7583187390542908,0.9909813318120578
2024,05,ITA.16.3.2_1,0.6882661996497373,0.976833660353696
2024,05,ITA.16.3.20_1,0.6952714535901927,0.97855199146494
2024,05,ITA.16.3.21_1,0.660245183887916,0.9692698282728087
2024,05,ITA.16.3.22_1,0.6812609457092821,0.975046665549911
2024,05,ITA.16.3.23_1,0.6427320490367776,0.9639730286683336
2024,05,ITA.16.3.24_1,0.6812609457092821,0.975046665549911
2024,05,ITA.16.3.25_1,0.6865148861646235,0.9763933633531108
2024,05,ITA.16.3.26_1,0.6042031523642732,0.9507365565707464
2024,05,ITA.16.3.27_1,0.628721541155867,0.9594144047282176
2024,05,ITA.16.3.28_1,0.6532399299474606,0.9672042183530839
2024,05,ITA.16.3.3_1,0.6917688266199651,0.9777013859047148
2024,05,ITA.16.3.4_1,0.6427320490367776,0.9639730286683336
2024,05,ITA.16.3.5_1,0.660245183887916,0.9692698282728087
2024,05,ITA.16.3.6_1,0.712784588441331,0.9825497442877892
2024,05,ITA.16.3.7_1,0.6357267950963222,0.9617296917533533
2024,05,ITA.16.3.8_1,0.6795096322241682,0.9745891442038537
2024,05,ITA.16.3.9_1,0.7215411558669002,0.9843901665498289
2024,05,ITA.16.4.1_1,0.6777583187390543,0.9741273017424364
2024,05,ITA.16.4.12_1,0.7075306479859896,0.9813949256033475
2024,05,ITA.16.4.13_1,0.7478108581436077,0.9892845899942038
2024,05,ITA.16.4.14_1,0.7338003502626971,0.986790757962396
2024,05,ITA.16.4.18_1,0.7478108581436077,0.9892845899942038
2024,05,ITA.16.4.19_1,0.7285464098073555,0.9857869952479592
2024,05,ITA.16.4.20_1,0.6952714535901927,0.97855199146494
2024,05,ITA.16.4.3_1,0.7267950963222417,0.9854440623394105
2024,05,ITA.16.4.6_1,0.7040280210157619,0.9806038955664005
2024,05,ITA.16.4.7_1,0.7145359019264449,0.9829262434180909
2024,05,ITA.16.4.8_1,0.7267950963222417,0.9854440623394105
2024,05,ITA.16.4.9_1,0.7635726795096323,0.9917741678426597
2024,05,ITA.16.5.1_1,0.6935201401050789,0.9781288258711119
2024,05,ITA.16.5.10_1,0.6374781085814362,0.962297251372984
2024,05,ITA.16.5.11_1,0.6357267950963222,0.9617296917533533
2024,05,ITA.16.5.12_1,0.6935201401050789,0.9781288258711119
2024,05,ITA.16.5.13_1,0.7110332749562173,0.9821690282227392
2024,05,ITA.16.5.14_1,0.6672504378283713,0.9712651543219287
2024,05,ITA.16.5.15_1,0.7302977232924693,0.9861257526299574
2024,05,ITA.16.5.16_1,0.6812609457092821,0.975046665549911
2024,05,ITA.16.5.17_1,0.7005253940455343,0.9797958971132712
2024,05,ITA.16.5.18_1,0.7460595446584939,0.9889873608899156
2024,05,ITA.16.5.19_1,0.7022767075306481,0.9802020199938377
2024,05,ITA.16.5.2_1,0.6444833625218914,0.9645226798784983
2024,05,ITA.16.5.20_1,0.6847635726795097,0.9759487691472335
2024,05,ITA.16.5.21_1,0.7110332749562173,0.9821690282227392
2024,05,ITA.16.5.22_1,0.628721541155867,0.9594144047282176
2024,05,ITA.16.5.23_1,0.7040280210157619,0.9806038955664005
2024,05,ITA.16.5.24_1,0.7373029772329247,0.987439112046915
2024,05,ITA.16.5.25_1,0.6690017513134852,0.9717530550505102
2024,05,ITA.16.5.26_1,0.6847635726795097,0.9759487691472335
2024,05,ITA.16.5.27_1,0.7022767075306481,0.9802020199938377
2024,05,ITA.16.5.28_1,0.7408056042031524,0.9880708476622514
2024,05,ITA.16.5.29_1,0.6427320490367776,0.9639730286683336
2024,05,ITA.16.5.3_1,0.6654991243432575,0.9707728879609279
2024,05,ITA.16.5.30_1,0.7600700525394046,0.9912497162672985
2024,05,ITA.16.5.31_1,0.7005253940455343,0.9797958971132712
2024,05,ITA.16.5.32_1,0.6865148861646235,0.9763933633531108
2024,05,ITA.16.5.33_1,0.7793345008756568,0.993931587182941
2024,05,ITA.16.5.34_1,0.6882661996497373,0.976833660353696
2024,05,ITA.16.5.35_1,0.6024518388791593,0.9500821017154254
2024,05,ITA.16.5.4_1,0.6935201401050789,0.9781288258711119
2024,05,ITA.16.5.5_1,0.7162872154115587,0.9832985304575615
2024,05,ITA.16.5.6_1,0.6444833625218914,0.9645226798784983
2024,05,ITA.16.5.7_1,0.7338003502626971,0.986790757962396
2024,05,ITA.16.5.8_1,0.6725043782837129,0.9727157858285225
2024,05,ITA.16.5.9_1,0.6672504378283713,0.9712651543219287
2024,05,ITA.16.6.1_1,0.7162872154115587,0.9832985304575615
2024,05,ITA.16.6.10_1,0.6654991243432575,0.9707728879609279
2024,05,ITA.16.6.11_1,0.7197898423817863,0.9840304873325826
2024,05,ITA.16.6.13_1,0.7075306479859896,0.9813949256033475
2024,05,ITA.16.6.14_1,0.6795096322241682,0.9745891442038537
2024,05,ITA.16.6.17_1,0.7022767075306481,0.9802020199938377
2024,05,ITA.16.6.3_1,0.7075306479859896,0.9813949256033475
2024,05,ITA.16.6.4_1,0.6900175131348513,0.9772696659571503
2024,05,ITA.16.6.5_1,0.6970227670753065,0.9789708882290628
2024,05,ITA.16.6.7_1,0.7075306479859896,0.9813949256033475
2024,05,ITA.16.6.8_1,0.7530647985989493,0.990151503558925
2024,05,ITA.16.7.1_1,0.6777583187390543,0.9741273017424364
2024,05,ITA.16.7.10_1,0.6970227670753065,0.9789708882290628
2024,05,ITA.16.7.11_1,0.6322241681260946,0.9605810741421048
2024,05,ITA.16.7.12_1,0.7408056042031524,0.9880708476622514
2024,05,ITA.16.7.13_1,0.712784588441331,0.9825497442877892
2024,05,ITA.16.7.14_1,0.7180385288966725,0.983666610188635
2024,05,ITA.16.7.15_1,0.7373029772329247,0.987439112046915
2024,05,ITA.16.7.16_1,0.7092819614711035,0.9817840903172144
2024,05,ITA.16.7.17_1,0.7162872154115587,0.9832985304575615
2024,05,ITA.16.7.18_1,0.7618213660245184,0.9915139938498094
2024,05,ITA.16.7.19_1,0.6970227670753065,0.9789708882290628
2024,05,ITA.16.7.2_1,0.6847635726795097,0.9759487691472335
2024,05,ITA.16.7.20_1,0.7022767075306481,0.9802020199938377
2024,05,ITA.16.7.21_1,0.6952714535901927,0.97855199146494
2024,05,ITA.16.7.22_1,0.7057793345008757,0.9810015290507961
2024,05,ITA.16.7.23_1,0.7092819614711035,0.9817840903172144
2024,05,ITA.16.7.24_1,0.7040280210157619,0.9806038955664005
2024,05,ITA.16.7.25_1,0.7022767075306481,0.9802020199938377
2024,05,ITA.16.7.26_1,0.7443082311733801,0.9886859966642594
2024,05,ITA.16.7.27_1,0.7267950963222417,0.9854440623394105
2024,05,ITA.16.7.28_1,0.7338003502626971,0.986790757962396
2024,05,ITA.16.7.29_1,0.6970227670753065,0.9789708882290628
2024,05,ITA.16.7.3_1,0.7215411558669002,0.9843901665498289
2024,05,ITA.16.7.30_1,0.6865148861646235,0.9763933633531108
2024,05,ITA.16.7.31_1,0.7513134851138354,0.9898666576867816
2024,05,ITA.16.7.32_1,0.6619964973730298,0.9697752316903129
2024,05,ITA.16.7.33_1,0.6462346760070053,0.965067873260736
2024,05,ITA.16.7.34_1,0.7022767075306481,0.9802020199938377
2024,05,ITA.16.7.35_1,0.712784588441331,0.9825497442877892
2024,05,ITA.16.7.36_1,0.6865148861646235,0.9763933633531108
2024,05,ITA.16.7.37_1,0.7548161120840631,0.9904322288778774
2024,05,ITA.16.7.38_1,0.6987740805604205,0.9793855216409929
2024,05,ITA.16.7.39_1,0.6690017513134852,0.9717530550505102
2024,05,ITA.16.7.4_1,0.6532399299474606,0.9672042183530839
2024,05,ITA.16.7.5_1,0.6760070052539405,0.9736611320166786
2024,05,ITA.16.7.6_1,0.7688266199649738,0.9925301002992302
2024,05,ITA.16.7.7_1,0.670753064798599,0.9722365967191319
2024,05,ITA.16.7.8_1,0.6935201401050789,0.9781288258711119
2024,05,ITA.16.7.9_1,0.6935201401050789,0.9781288258711119
2024,05,ITA.16.8.1_1,0.6322241681260946,0.9605810741421048
2024,05,ITA.16.8.10_1,0.6812609457092821,0.975046665549911
2024,05,ITA.16.8.11_1,0.6935201401050789,0.9781288258711119
2024,05,ITA.16.8.12_1,0.7408056042031524,0.9880708476622514
2024,05,ITA.16.8.13_1,0.7022767075306481,0.9802020199938377
2024,05,ITA.16.8.14_1,0.7092819614711035,0.9817840903172144
2024,05,ITA.16.8.15_1,0.670753064798599,0.9722365967191319
2024,05,ITA.16.8.16_1,0.6987740805604205,0.9793855216409929
2024,05,ITA.16.8.17_1,0.6725043782837129,0.9727157858285225
2024,05,ITA.16.8.18_1,0.7145359019264449,0.9829262434180909
2024,05,ITA.16.8.19_1,0.6532399299474606,0.9672042183530839
2024,05,ITA.16.8.2_1,0.6830122591943959,0.9754998718605759
2024,05,ITA.16.8.20_1,0.6567425569176883,0.9682458365518543
2024,05,ITA.16.8.21_1,0.7005253940455343,0.9797958971132712
2024,05,ITA.16.8.22_1,0.7092819614711035,0.9817840903172144
2024,05,ITA.16.8.3_1,0.7197898423817863,0.9840304873325826
2024,05,ITA.16.8.4_1,0.6777583187390543,0.9741273017424364
2024,05,ITA.16.8.5_1,0.6865148861646235,0.9763933633531108
2024,05,ITA.16.8.6_1,0.6882661996497373,0.976833660353696
2024,05,ITA.16.8.7_1,0.6795096322241682,0.9745891442038537
2024,05,ITA.16.8.8_1,0.7302977232924693,0.9861257526299574
2024,05,ITA.16.8.9_1,0.6795096322241682,0.9745891442038537
2024,05,ITA.16.9.1_1,0.6357267950963222,0.9617296917533533
2024,05,ITA.16.9.2_1,0.6917688266199651,0.9777013859047148
2024,05,ITA.16.9.3_1,0.7005253940455343,0.9797958971132712
2024,05,ITA.16.9.4_1,0.63922942206655,0.9628603221651623
2024,05,ITA.16.9.5_1,0.7180385288966725,0.983666610188635
2024,05,ITA.16.9.6_1,0.6952714535901927,0.97855199146494
2024,05,ITA.16.9.7_1,0.6427320490367776,0.9639730286683336
2024,05,ITA.17.1.1_1,0.6199649737302978,0.9564183185196736
2024,05,ITA.17.1.10_1,0.6077057793345009,0.9520315120835025
2024,05,ITA.17.1.100_1,0.5551663747810859,0.9306148505155073
2024,05,ITA.17.1.101_1,0.62697022767075306,0.9588242800430119
2024,05,ITA.17.1.102_1,0.5761821366024519,0.939699952112375
2024,05,ITA.17.1.103_1,0.5464098073555167,0.9266196630764966
2024,05,ITA.17.1.104_1,0.56217162872154125,0.9337215859130601
2024,05,ITA.17.1.105_1,0.6042031523642732,0.9507365565707464
2024,05,ITA.17.1.106_1,0.5954465849387042,0.9474175425861608
2024,05,ITA.17.1.107_1,0.5744308231173381,0.9389696480717574
2024,05,ITA.17.1.108_1,0.5499124343257443,0.9282327294380435
2024,05,ITA.17.1.109_1,0.6024518388791593,0.9500821017154254
2024,05,ITA.17.1.11_1,0.6147110332749562,0.954565869911553
2024,05,ITA.17.1.110_1,0.5534150612959721,0.9298257901349047
2024,05,ITA.17.1.111_1,0.6007005253940456,0.9494229826584145
2024,05,ITA.17.1.112_1,0.5796847635726796,0.9411461098044235
2024,05,ITA.17.1.113_1,0.586690017513135,0.9439809320108113
2024,05,ITA.17.1.114_1,0.586690017513135,0.9439809320108113
2024,05,ITA.17.1.115_1,0.5446584938704029,0.9258055951440345
2024,05,ITA.17.1.116_1,0.6199649737302978,0.9564183185196736
2024,05,ITA.17.1.12_1,0.5989492119089318,0.9487591896788141
2024,05,ITA.17.1.13_1,0.6094570928196147,0.9526720317087093
2024,05,ITA.17.1.14_1,0.6077057793345009,0.9520315120835025
2024,05,ITA.17.1.15_1,0.5639229422066551,0.9344859549506349
2024,05,ITA.17.1.16_1,0.5726795096322242,0.9382345122622595
2024,05,ITA.17.1.17_1,0.5744308231173381,0.9389696480717574
2024,05,ITA.17.1.18_1,0.62697022767075306,0.9588242800430119
2024,05,ITA.17.1.19_1,0.5674255691768827,0.936
2024,05,ITA.17.1.2_1,0.5901926444833626,0.9453697689264238
2024,05,ITA.17.1.20_1,0.6182136602451839,0.9558054195284729
2024,05,ITA.17.1.21_1,0.6147110332749562,0.954565869911553
2024,05,ITA.17.1.22_1,0.5411558669001751,0.9241623234042816
2024,05,ITA.17.1.23_1,0.5954465849387042,0.9474175425861608
2024,05,ITA.17.1.24_1,0.6357267950963222,0.9617296917533533
2024,05,ITA.17.1.25_1,0.5726795096322242,0.9382345122622595
2024,05,ITA.17.1.26_1,0.5534150612959721,0.9298257901349047
2024,05,ITA.17.1.27_1,0.5288966725043783,0.918250510481753
2024,05,ITA.17.1.28_1,0.5744308231173381,0.9389696480717574
2024,05,ITA.17.1.29_1,0.6042031523642732,0.9507365565707464
2024,05,ITA.17.1.3_1,0.6234676007005254,0.9576304088739037
2024,05,ITA.17.1.30_1,0.5656742556917689,0.9352454223357631
2024,05,ITA.17.1.31_1,0.5901926444833626,0.9453697689264238
2024,05,ITA.17.1.32_1,0.5901926444833626,0.9453697689264238
2024,05,ITA.17.1.33_1,0.5481611208406305,0.9274287034591931
2024,05,ITA.17.1.34_1,0.5499124343257443,0.9282327294380435
2024,05,ITA.17.1.35_1,0.6427320490367776,0.9639730286683336
2024,05,ITA.17.1.36_1,0.5166374781085814,0.9120855223058855
2024,05,ITA.17.1.37_1,0.5499124343257443,0.9282327294380435
2024,05,ITA.17.1.38_1,0.5656742556917689,0.9352454223357631
2024,05,ITA.17.1.39_1,0.6094570928196147,0.9526720317087093
2024,05,ITA.17.1.4_1,0.5831873905429072,0.9425730740902798
2024,05,ITA.17.1.40_1,0.63922942206655,0.9628603221651623
2024,05,ITA.17.1.41_1,0.6322241681260946,0.9605810741421048
2024,05,ITA.17.1.42_1,0.5954465849387042,0.9474175425861608
2024,05,ITA.17.1.43_1,0.5761821366024519,0.939699952112375
2024,05,ITA.17.1.44_1,0.597197898423818,0.9480907129594721
2024,05,ITA.17.1.45_1,0.5744308231173381,0.9389696480717574
2024,05,ITA.17.1.46_1,0.6112084063047285,0.9533079250693346
2024,05,ITA.17.1.47_1,0.5288966725043783,0.918250510481753
2024,05,ITA.17.1.48_1,0.5726795096322242,0.9382345122622595
2024,05,ITA.17.1.49_1,0.597197898423818,0.9480907129594721
2024,05,ITA.17.1.5_1,0.5551663747810859,0.9306148505155073
2024,05,ITA.17.1.50_1,0.49211908931698783,0.8989749718429317
2024,05,ITA.17.1.51_1,0.6007005253940456,0.9494229826584145
2024,05,ITA.17.1.52_1,0.5464098073555167,0.9266196630764966
2024,05,ITA.17.1.53_1,0.5901926444833626,0.9453697689264238
2024,05,ITA.17.1.54_1,0.63922942206655,0.9628603221651623
2024,05,ITA.17.1.55_1,0.5586690017513135,0.9321780945720619
2024,05,ITA.17.1.56_1,0.5569176882661997,0.931398947819891
2024,05,ITA.17.1.57_1,0.5796847635726796,0.9411461098044235
2024,05,ITA.17.1.58_1,0.6042031523642732,0.9507365565707464
2024,05,ITA.17.1.59_1,0.6007005253940456,0.9494229826584145
2024,05,ITA.17.1.6_1,0.532399299474606,0.9199652167337633
2024,05,ITA.17.1.60_1,0.6024518388791593,0.9500821017154254
2024,05,ITA.17.1.61_1,0.586690017513135,0.9439809320108113
2024,05,ITA.17.1.62_1,0.5849387040280211,0.9432793859721519
2024,05,ITA.17.1.63_1,0.5744308231173381,0.9389696480717574
2024,05,ITA.17.1.64_1,0.6042031523642732,0.9507365565707464
2024,05,ITA.17.1.65_1,0.5884413309982488,0.9446777228240327
2024,05,ITA.17.1.66_1,0.5499124343257443,0.9282327294380435
2024,05,ITA.17.1.67_1,0.5394045534150613,0.923333092659415
2024,05,ITA.17.1.68_1,0.4956217162872154,0.9009128703709366
2024,05,ITA.17.1.69_1,0.4991243432574431,0.9028288874421332
2024,05,ITA.17.1.7_1,0.5761821366024519,0.939699952112375
2024,05,ITA.17.1.70_1,0.56217162872154125,0.9337215859130601
2024,05,ITA.17.1.71_1,0.56217162872154125,0.9337215859130601
2024,05,ITA.17.1.72_1,0.5656742556917689,0.9352454223357631
2024,05,ITA.17.1.73_1,0.5831873905429072,0.9425730740902798
2024,05,ITA.17.1.74_1,0.5709281961471104,0.9374945333173949
2024,05,ITA.17.1.75_1,0.5849387040280211,0.9432793859721519
2024,05,ITA.17.1.76_1,0.5989492119089318,0.9487591896788141
2024,05,ITA.17.1.77_1,0.6357267950963222,0.9617296917533533
2024,05,ITA.17.1.78_1,0.5831873905429072,0.9425730740902798
2024,05,ITA.17.1.79_1,0.6059544658493871,0.9513863568498342
2024,05,ITA.17.1.8_1,0.6129597197898424,0.9539392014169457
2024,05,ITA.17.1.80_1,0.5586690017513135,0.9321780945720619
2024,05,ITA.17.1.81_1,0.5884413309982488,0.9446777228240327
2024,05,ITA.17.1.82_1,0.5936952714535902,0.9467396685467447
2024,05,ITA.17.1.83_1,0.5796847635726796,0.9411461098044235
2024,05,ITA.17.1.84_1,0.6444833625218914,0.9645226798784983
2024,05,ITA.17.1.85_1,0.5376532399299475,0.9224987804869988
2024,05,ITA.17.1.86_1,0.5796847635726796,0.9411461098044235
2024,05,ITA.17.1.87_1,0.5726795096322242,0.9382345122622595
2024,05,ITA.17.1.88_1,0.5656742556917689,0.9352454223357631
2024,05,ITA.17.1.89_1,0.49211908931698783,0.8989749718429317
2024,05,ITA.17.1.9_1,0.597197898423818,0.9480907129594721
2024,05,ITA.17.1.90_1,0.5586690017513135,0.9321780945720619
2024,05,ITA.17.1.91_1,0.490367775831874,0.8979977728257459
2024,05,ITA.17.1.92_1,0.6164623467600701,0.955187939622355
2024,05,ITA.17.1.93_1,0.6129597197898424,0.9539392014169457
2024,05,ITA.17.1.94_1,0.5201401050788091,0.9138730765264944
2024,05,ITA.17.1.95_1,0.5131348511383538,0.9102768809543611
2024,05,ITA.17.1.96_1,0.5919439579684764,0.946057080730333
2024,05,ITA.17.1.97_1,0.5604203152364273,0.9329523031752481
2024,05,ITA.17.1.98_1,0.6042031523642732,0.9507365565707464
2024,05,ITA.17.1.99_1,0.5901926444833626,0.9453697689264238
2024,05,ITA.17.2.1_1,0.7005253940455343,0.9797958971132712
2024,05,ITA.17.2.10_1,0.63922942206655,0.9628603221651623
2024,05,ITA.17.2.100_1,0.6514886164623468,0.9666767815562759
2024,05,ITA.17.2.101_1,0.6917688266199651,0.9777013859047148
2024,05,ITA.17.2.102_1,0.6357267950963222,0.9617296917533533
2024,05,ITA.17.2.103_1,0.6304728546409808,0.96
2024,05,ITA.17.2.104_1,0.6795096322241682,0.9745891442038537
2024,05,ITA.17.2.105_1,0.628721541155867,0.9594144047282176
2024,05,ITA.17.2.106_1,0.6725043782837129,0.9727157858285225
2024,05,ITA.17.2.107_1,0.6024518388791593,0.9500821017154254
2024,05,ITA.17.2.108_1,0.6077057793345009,0.9520315120835025
2024,05,ITA.17.2.109_1,0.5376532399299475,0.9224987804869988
2024,05,ITA.17.2.11_1,0.7022767075306481,0.9802020199938377
2024,05,ITA.17.2.110_1,0.5639229422066551,0.9344859549506349
2024,05,ITA.17.2.111_1,0.6199649737302978,0.9564183185196736
2024,05,ITA.17.2.112_1,0.7232924693520141,0.9847456524402634
2024,05,ITA.17.2.113_1,0.6742556917688267,0.9731906288081488
2024,05,ITA.17.2.114_1,0.7057793345008757,0.9810015290507961
2024,05,ITA.17.2.115_1,0.6357267950963222,0.9617296917533533
2024,05,ITA.17.2.116_1,0.7267950963222417,0.9854440623394105
2024,05,ITA.17.2.117_1,0.6619964973730298,0.9697752316903129
2024,05,ITA.17.2.118_1,0.6252189141856392,0.9582296175760798
2024,05,ITA.17.2.119_1,0.6374781085814362,0.962297251372984
2024,05,ITA.17.2.12_1,0.7232924693520141,0.9847456524402634
2024,05,ITA.17.2.120_1,0.7040280210157619,0.9806038955664005
2024,05,ITA.17.2.121_1,0.7443082311733801,0.9886859966642594
2024,05,ITA.17.2.122_1,0.586690017513135,0.9439809320108113
2024,05,ITA.17.2.123_1,0.6672504378283713,0.9712651543219287
2024,05,ITA.17.2.124_1,0.7092819614711035,0.9817840903172144
2024,05,ITA.17.2.125_1,0.6970227670753065,0.9789708882290628
2024,05,ITA.17.2.126_1,0.6619964973730298,0.9697752316903129
2024,05,ITA.17.2.127_1,0.7180385288966725,0.983666610188635
2024,05,ITA.17.2.128_1,0.5954465849387042,0.9474175425861608
2024,05,ITA.17.2.129_1,0.649737302977233,0.9661449166662318
2024,05,ITA.17.2.13_1,0.6987740805604205,0.9793855216409929
2024,05,ITA.17.2.130_1,0.6514886164623468,0.9666767815562759
2024,05,ITA.17.2.131_1,0.6427320490367776,0.9639730286683336
2024,05,ITA.17.2.132_1,0.56217162872154125,0.9337215859130601
2024,05,ITA.17.2.133_1,0.6007005253940456,0.9494229826584145
2024,05,ITA.17.2.134_1,0.6357267950963222,0.9617296917533533
2024,05,ITA.17.2.135_1,0.6549912434325745,0.9677272342969376
2024,05,ITA.17.2.136_1,0.7302977232924693,0.9861257526299574
2024,05,ITA.17.2.137_1,0.7320490367775833,0.98646033878712025
2024,05,ITA.17.2.138_1,0.7057793345008757,0.9810015290507961
2024,05,ITA.17.2.139_1,0.5884413309982488,0.9446777228240327
2024,05,ITA.17.2.14_1,0.6532399299474606,0.9672042183530839
2024,05,ITA.17.2.140_1,0.6725043782837129,0.9727157858285225
2024,05,ITA.17.2.141_1,0.63922942206655,0.9628603221651623
2024,05,ITA.17.2.142_1,0.6427320490367776,0.9639730286683336
2024,05,ITA.17.2.143_1,0.6199649737302978,0.9564183185196736
2024,05,ITA.17.2.144_1,0.6444833625218914,0.9645226798784983
2024,05,ITA.17.2.145_1,0.6690017513134852,0.9717530550505102
2024,05,ITA.17.2.146_1,0.5131348511383538,0.9102768809543611
2024,05,ITA.17.2.147_1,0.6199649737302978,0.9564183185196736
2024,05,ITA.17.2.148_1,0.56217162872154125,0.9337215859130601
2024,05,ITA.17.2.149_1,0.7040280210157619,0.9806038955664005
2024,05,ITA.17.2.15_1,0.6865148861646235,0.9763933633531108
2024,05,ITA.17.2.150_1,0.5516637478108581,0.9290317540321213
2024,05,ITA.17.2.151_1,0.6217162872154116,0.9570266453970862
2024,05,ITA.17.2.152_1,0.6532399299474606,0.9672042183530839
2024,05,ITA.17.2.153_1,0.6374781085814362,0.962297251372984
2024,05,ITA.17.2.154_1,0.6304728546409808,0.96
2024,05,ITA.17.2.155_1,0.63922942206655,0.9628603221651623
2024,05,ITA.17.2.156_1,0.6252189141856392,0.9582296175760798
2024,05,ITA.17.2.157_1,0.6514886164623468,0.9666767815562759
2024,05,ITA.17.2.158_1,0.6444833625218914,0.9645226798784983
2024,05,ITA.17.2.159_1,0.6024518388791593,0.9500821017154254
2024,05,ITA.17.2.16_1,0.6094570928196147,0.9526720317087093
2024,05,ITA.17.2.160_1,0.5709281961471104,0.9374945333173949
2024,05,ITA.17.2.161_1,0.7302977232924693,0.9861257526299574
2024,05,ITA.17.2.162_1,0.6584938704028022,0.9687600322061186
2024,05,ITA.17.2.163_1,0.6427320490367776,0.9639730286683336
2024,05,ITA.17.2.164_1,0.6094570928196147,0.9526720317087093
2024,05,ITA.17.2.165_1,0.6672504378283713,0.9712651543219287
2024,05,ITA.17.2.166_1,0.5604203152364273,0.9329523031752481
2024,05,ITA.17.2.167_1,0.5901926444833626,0.9453697689264238
2024,05,ITA.17.2.168_1,0.6760070052539405,0.9736611320166786
2024,05,ITA.17.2.169_1,0.6042031523642732,0.9507365565707464
2024,05,ITA.17.2.17_1,0.7180385288966725,0.983666610188635
2024,05,ITA.17.2.170_1,0.62697022767075306,0.9588242800430119
2024,05,ITA.17.2.171_1,0.6339754816112084,0.9611576353543679
2024,05,ITA.17.2.172_1,0.56217162872154125,0.9337215859130601
2024,05,ITA.17.2.173_1,0.597197898423818,0.9480907129594721
2024,05,ITA.17.2.174_1,0.6129597197898424,0.9539392014169457
2024,05,ITA.17.2.175_1,0.6252189141856392,0.9582296175760798
2024,05,ITA.17.2.176_1,0.5989492119089318,0.9487591896788141
2024,05,ITA.17.2.177_1,0.6637478108581437,0.970276249322841
2024,05,ITA.17.2.178_1,0.6532399299474606,0.9672042183530839
2024,05,ITA.17.2.179_1,0.597197898423818,0.9480907129594721
2024,05,ITA.17.2.18_1,0.6584938704028022,0.9687600322061186
2024,05,ITA.17.2.180_1,0.7215411558669002,0.9843901665498289
2024,05,ITA.17.2.181_1,0.5586690017513135,0.9321780945720619
2024,05,ITA.17.2.182_1,0.6760070052539405,0.9736611320166786
2024,05,ITA.17.2.183_1,0.6444833625218914,0.9645226798784983
2024,05,ITA.17.2.184_1,0.6042031523642732,0.9507365565707464
2024,05,ITA.17.2.185_1,0.6444833625218914,0.9645226798784983
2024,05,ITA.17.2.186_1,0.62697022767075306,0.9588242800430119
2024,05,ITA.17.2.187_1,0.6935201401050789,0.9781288258711119
2024,05,ITA.17.2.188_1,0.649737302977233,0.9661449166662318
2024,05,ITA.17.2.189_1,0.6199649737302978,0.9564183185196736
2024,05,ITA.17.2.19_1,0.6847635726795097,0.9759487691472335
2024,05,ITA.17.2.190_1,0.6882661996497373,0.976833660353696
2024,05,ITA.17.2.191_1,0.5814360770577934,0.9418619856433319
2024,05,ITA.17.2.192_1,0.5919439579684764,0.946057080730333
2024,05,ITA.17.2.193_1,0.5586690017513135,0.9321780945720619
2024,05,ITA.17.2.194_1,0.6882661996497373,0.976833660353696
2024,05,ITA.17.2.195_1,0.6725043782837129,0.9727157858285225
2024,05,ITA.17.2.196_1,0.6742556917688267,0.9731906288081488
2024,05,ITA.17.2.197_1,0.6252189141856392,0.9582296175760798
2024,05,ITA.17.2.198_1,0.6479859894921192,0.9656086163658648
2024,05,ITA.17.2.199_1,0.7005253940455343,0.9797958971132712
2024,05,ITA.17.2.2_1,0.6304728546409808,0.96
2024,05,ITA.17.2.20_1,0.7075306479859896,0.9813949256033475
2024,05,ITA.17.2.200_1,0.6725043782837129,0.9727157858285225
2024,05,ITA.17.2.201_1,0.6847635726795097,0.9759487691472335
2024,05,ITA.17.2.202_1,0.6672504378283713,0.9712651543219287
2024,05,ITA.17.2.203_1,0.5989492119089318,0.9487591896788141
2024,05,ITA.17.2.204_1,0.6234676007005254,0.9576304088739037
2024,05,ITA.17.2.205_1,0.5936952714535902,0.9467396685467447
2024,05,ITA.17.2.206_1,0.5849387040280211,0.9432793859721519
2024,05,ITA.17.2.207_1,0.6567425569176883,0.9682458365518543
2024,05,ITA.17.2.208_1,0.5849387040280211,0.9432793859721519
2024,05,ITA.17.2.209_1,0.6935201401050789,0.9781288258711119
2024,05,ITA.17.2.21_1,0.6690017513134852,0.9717530550505102
2024,05,ITA.17.2.210_1,0.5674255691768827,0.936
2024,05,ITA.17.2.211_1,0.6514886164623468,0.9666767815562759
2024,05,ITA.17.2.212_1,0.649737302977233,0.9661449166662318
2024,05,ITA.17.2.213_1,0.6917688266199651,0.9777013859047148
2024,05,ITA.17.2.214_1,0.5604203152364273,0.9329523031752481
2024,05,ITA.17.2.215_1,0.56217162872154125,0.9337215859130601
2024,05,ITA.17.2.216_1,0.6812609457092821,0.975046665549911
2024,05,ITA.17.2.217_1,0.6917688266199651,0.9777013859047148
2024,05,ITA.17.2.218_1,0.6654991243432575,0.9707728879609279
2024,05,ITA.17.2.219_1,0.6357267950963222,0.9617296917533533
2024,05,ITA.17.2.22_1,0.6042031523642732,0.9507365565707464
2024,05,ITA.17.2.220_1,0.6865148861646235,0.9763933633531108
2024,05,ITA.17.2.221_1,0.6129597197898424,0.9539392014169457
2024,05,ITA.17.2.222_1,0.5884413309982488,0.9446777228240327
2024,05,ITA.17.2.223_1,0.7232924693520141,0.9847456524402634
2024,05,ITA.17.2.23_1,0.6444833625218914,0.9645226798784983
2024,05,ITA.17.2.24_1,0.6077057793345009,0.9520315120835025
2024,05,ITA.17.2.25_1,0.5814360770577934,0.9418619856433319
2024,05,ITA.17.2.26_1,0.6847635726795097,0.9759487691472335
2024,05,ITA.17.2.27_1,0.5989492119089318,0.9487591896788141
2024,05,ITA.17.2.28_1,0.5744308231173381,0.9389696480717574
2024,05,ITA.17.2.29_1,0.6619964973730298,0.9697752316903129
2024,05,ITA.17.2.3_1,0.7145359019264449,0.9829262434180909
2024,05,ITA.17.2.30_1,0.7005253940455343,0.9797958971132712
2024,05,ITA.17.2.31_1,0.5761821366024519,0.939699952112375
2024,05,ITA.17.2.32_1,0.6374781085814362,0.962297251372984
2024,05,ITA.17.2.33_1,0.7110332749562173,0.9821690282227392
2024,05,ITA.17.2.34_1,0.56217162872154125,0.9337215859130601
2024,05,ITA.17.2.35_1,0.6234676007005254,0.9576304088739037
2024,05,ITA.17.2.36_1,0.6725043782837129,0.9727157858285225
2024,05,ITA.17.2.37_1,0.6112084063047285,0.9533079250693346
2024,05,ITA.17.2.38_1,0.6217162872154116,0.9570266453970862
2024,05,ITA.17.2.39_1,0.6024518388791593,0.9500821017154254
2024,05,ITA.17.2.4_1,0.5744308231173381,0.9389696480717574
2024,05,ITA.17.2.40_1,0.586690017513135,0.9439809320108113
2024,05,ITA.17.2.41_1,0.7110332749562173,0.9821690282227392
2024,05,ITA.17.2.42_1,0.6567425569176883,0.9682458365518543
2024,05,ITA.17.2.43_1,0.5674255691768827,0.936
2024,05,ITA.17.2.44_1,0.5464098073555167,0.9266196630764966
2024,05,ITA.17.2.45_1,0.7197898423817863,0.9840304873325826
2024,05,ITA.17.2.46_1,0.6970227670753065,0.9789708882290628
2024,05,ITA.17.2.47_1,0.649737302977233,0.9661449166662318
2024,05,ITA.17.2.48_1,0.5499124343257443,0.9282327294380435
2024,05,ITA.17.2.49_1,0.6444833625218914,0.9645226798784983
2024,05,ITA.17.2.5_1,0.6199649737302978,0.9564183185196736
2024,05,ITA.17.2.50_1,0.6847635726795097,0.9759487691472335
2024,05,ITA.17.2.51_1,0.586690017513135,0.9439809320108113
2024,05,ITA.17.2.52_1,0.6374781085814362,0.962297251372984
2024,05,ITA.17.2.53_1,0.6514886164623468,0.9666767815562759
2024,05,ITA.17.2.54_1,0.6795096322241682,0.9745891442038537
2024,05,ITA.17.2.55_1,0.6900175131348513,0.9772696659571503
2024,05,ITA.17.2.56_1,0.7197898423817863,0.9840304873325826
2024,05,ITA.17.2.57_1,0.6059544658493871,0.9513863568498342
2024,05,ITA.17.2.58_1,0.670753064798599,0.9722365967191319
2024,05,ITA.17.2.59_1,0.62697022767075306,0.9588242800430119
2024,05,ITA.17.2.6_1,0.7057793345008757,0.9810015290507961
2024,05,ITA.17.2.60_1,0.597197898423818,0.9480907129594721
2024,05,ITA.17.2.61_1,0.5989492119089318,0.9487591896788141
2024,05,ITA.17.2.62_1,0.6690017513134852,0.9717530550505102
2024,05,ITA.17.2.63_1,0.7005253940455343,0.9797958971132712
2024,05,ITA.17.2.64_1,0.5954465849387042,0.9474175425861608
2024,05,ITA.17.2.65_1,0.5831873905429072,0.9425730740902798
2024,05,ITA.17.2.66_1,0.6094570928196147,0.9526720317087093
2024,05,ITA.17.2.67_1,0.6234676007005254,0.9576304088739037
2024,05,ITA.17.2.68_1,0.5639229422066551,0.9344859549506349
2024,05,ITA.17.2.69_1,0.6584938704028022,0.9687600322061186
2024,05,ITA.17.2.7_1,0.6760070052539405,0.9736611320166786
2024,05,ITA.17.2.70_1,0.6654991243432575,0.9707728879609279
2024,05,ITA.17.2.71_1,0.6374781085814362,0.962297251372984
2024,05,ITA.17.2.72_1,0.6322241681260946,0.9605810741421048
2024,05,ITA.17.2.73_1,0.6042031523642732,0.9507365565707464
2024,05,ITA.17.2.74_1,0.6182136602451839,0.9558054195284729
2024,05,ITA.17.2.75_1,0.6514886164623468,0.9666767815562759
2024,05,ITA.17.2.76_1,0.7390542907180385,0.9877570551507087
2024,05,ITA.17.2.77_1,0.6339754816112084,0.9611576353543679
2024,05,ITA.17.2.78_1,0.6514886164623468,0.9666767815562759
2024,05,ITA.17.2.79_1,0.6199649737302978,0.9564183185196736
2024,05,ITA.17.2.8_1,0.6112084063047285,0.9533079250693346
2024,05,ITA.17.2.80_1,0.6987740805604205,0.9793855216409929
2024,05,ITA.17.2.81_1,0.7180385288966725,0.983666610188635
2024,05,ITA.17.2.82_1,0.6462346760070053,0.965067873260736
2024,05,ITA.17.2.83_1,0.63922942206655,0.9628603221651623
2024,05,ITA.17.2.84_1,0.712784588441331,0.9825497442877892
2024,05,ITA.17.2.85_1,0.5551663747810859,0.9306148505155073
2024,05,ITA.17.2.86_1,0.6514886164623468,0.9666767815562759
2024,05,ITA.17.2.87_1,0.6952714535901927,0.97855199146494
2024,05,ITA.17.2.88_1,0.6917688266199651,0.9777013859047148
2024,05,ITA.17.2.89_1,0.6514886164623468,0.9666767815562759
2024,05,ITA.17.2.9_1,0.6322241681260946,0.9605810741421048
2024,05,ITA.17.2.90_1,0.5989492119089318,0.9487591896788141
2024,05,ITA.17.2.91_1,0.62697022767075306,0.9588242800430119
2024,05,ITA.17.2.92_1,0.7513134851138354,0.9898666576867816
2024,05,ITA.17.2.93_1,0.6112084063047285,0.9533079250693346
2024,05,ITA.17.2.94_1,0.7022767075306481,0.9802020199938377
2024,05,ITA.17.2.95_1,0.6882661996497373,0.976833660353696
2024,05,ITA.17.2.96_1,0.6672504378283713,0.9712651543219287
2024,05,ITA.17.2.97_1,0.6795096322241682,0.9745891442038537
2024,05,ITA.17.2.98_1,0.649737302977233,0.9661449166662318
2024,05,ITA.17.2.99_1,0.6795096322241682,0.9745891442038537
2024,05,ITA.18.1.1_1,0.5989492119089318,0.9487591896788141
2024,05,ITA.18.1.10_1,0.597197898423818,0.9480907129594721
2024,05,ITA.18.1.11_1,0.6094570928196147,0.9526720317087093
2024,05,ITA.18.1.12_1,0.6234676007005254,0.9576304088739037
2024,05,ITA.18.1.13_1,0.6584938704028022,0.9687600322061186
2024,05,ITA.18.1.14_1,0.6182136602451839,0.9558054195284729
2024,05,ITA.18.1.15_1,0.6304728546409808,0.96
2024,05,ITA.18.1.16_1,0.6549912434325745,0.9677272342969376
2024,05,ITA.18.1.17_1,0.6357267950963222,0.9617296917533533
2024,05,ITA.18.1.18_1,0.6584938704028022,0.9687600322061186
2024,05,ITA.18.1.19_1,0.597197898423818,0.9480907129594721
2024,05,ITA.18.1.2_1,0.6462346760070053,0.965067873260736
2024,05,ITA.18.1.20_1,0.6112084063047285,0.9533079250693346
2024,05,ITA.18.1.21_1,0.63922942206655,0.9628603221651623
2024,05,ITA.18.1.22_1,0.6865148861646235,0.9763933633531108
2024,05,ITA.18.1.23_1,0.6795096322241682,0.9745891442038537
2024,05,ITA.18.1.24_1,0.6217162872154116,0.9570266453970862
2024,05,ITA.18.1.25_1,0.6357267950963222,0.9617296917533533
2024,05,ITA.18.1.26_1,0.6374781085814362,0.962297251372984
2024,05,ITA.18.1.27_1,0.5814360770577934,0.9418619856433319
2024,05,ITA.18.1.28_1,0.6462346760070053,0.965067873260736
2024,05,ITA.18.1.29_1,0.6182136602451839,0.9558054195284729
2024,05,ITA.18.1.3_1,0.6252189141856392,0.9582296175760798
2024,05,ITA.18.1.30_1,0.6129597197898424,0.9539392014169457
2024,05,ITA.18.1.31_1,0.6094570928196147,0.9526720317087093
2024,05,ITA.18.1.32_1,0.6339754816112084,0.9611576353543679
2024,05,ITA.18.1.33_1,0.6164623467600701,0.955187939622355
2024,05,ITA.18.1.34_1,0.5446584938704029,0.9258055951440345
2024,05,ITA.18.1.35_1,0.6760070052539405,0.9736611320166786
2024,05,ITA.18.1.36_1,0.6619964973730298,0.9697752316903129
2024,05,ITA.18.1.37_1,0.63922942206655,0.9628603221651623
2024,05,ITA.18.1.38_1,0.6654991243432575,0.9707728879609279
2024,05,ITA.18.1.39_1,0.6532399299474606,0.9672042183530839
2024,05,ITA.18.1.4_1,0.628721541155867,0.9594144047282176
2024,05,ITA.18.1.40_1,0.6339754816112084,0.9611576353543679
2024,05,ITA.18.1.41_1,0.6479859894921192,0.9656086163658648
2024,05,ITA.18.1.42_1,0.63922942206655,0.9628603221651623
2024,05,ITA.18.1.43_1,0.5954465849387042,0.9474175425861608
2024,05,ITA.18.1.44_1,0.6567425569176883,0.9682458365518543
2024,05,ITA.18.1.45_1,0.6024518388791593,0.9500821017154254
2024,05,ITA.18.1.46_1,0.6217162872154116,0.9570266453970862
2024,05,ITA.18.1.47_1,0.6042031523642732,0.9507365565707464
2024,05,ITA.18.1.48_1,0.6182136602451839,0.9558054195284729
2024,05,ITA.18.1.49_1,0.6374781085814362,0.962297251372984
2024,05,ITA.18.1.5_1,0.6059544658493871,0.9513863568498342
2024,05,ITA.18.1.50_1,0.6304728546409808,0.96
2024,05,ITA.18.1.51_1,0.6147110332749562,0.954565869911553
2024,05,ITA.18.1.52_1,0.6252189141856392,0.9582296175760798
2024,05,ITA.18.1.53_1,0.62697022767075306,0.9588242800430119
2024,05,ITA.18.1.54_1,0.5954465849387042,0.9474175425861608
2024,05,ITA.18.1.55_1,0.6795096322241682,0.9745891442038537
2024,05,ITA.18.1.56_1,0.5989492119089318,0.9487591896788141
2024,05,ITA.18.1.57_1,0.5849387040280211,0.9432793859721519
2024,05,ITA.18.1.58_1,0.6304728546409808,0.96
2024,05,ITA.18.1.59_1,0.6304728546409808,0.96
2024,05,ITA.18.1.6_1,0.6199649737302978,0.9564183185196736
2024,05,ITA.18.1.7_1,0.6094570928196147,0.9526720317087093
2024,05,ITA.18.1.8_1,0.5919439579684764,0.946057080730333
2024,05,ITA.18.1.9_1,0.6637478108581437,0.970276249322841
2024,05,ITA.18.2.1_1,0.6147110332749562,0.954565869911553
2024,05,ITA.18.2.10_1,0.6742556917688267,0.9731906288081488
2024,05,ITA.18.2.11_1,0.6549912434325745,0.9677272342969376
2024,05,ITA.18.2.12_1,0.6444833625218914,0.9645226798784983
2024,05,ITA.18.2.13_1,0.6427320490367776,0.9639730286683336
2024,05,ITA.18.2.14_1,0.6567425569176883,0.9682458365518543
2024,05,ITA.18.2.15_1,0.6444833625218914,0.9645226798784983
2024,05,ITA.18.2.16_1,0.6549912434325745,0.9677272342969376
2024,05,ITA.18.2.17_1,0.63922942206655,0.9628603221651623
2024,05,ITA.18.2.18_1,0.6742556917688267,0.9731906288081488
2024,05,ITA.18.2.19_1,0.628721541155867,0.9594144047282176
2024,05,ITA.18.2.2_1,0.6637478108581437,0.970276249322841
2024,05,ITA.18.2.20_1,0.6164623467600701,0.955187939622355
2024,05,ITA.18.2.21_1,0.670753064798599,0.9722365967191319
2024,05,ITA.18.2.22_1,0.6217162872154116,0.9570266453970862
2024,05,ITA.18.2.23_1,0.6567425569176883,0.9682458365518543
2024,05,ITA.18.2.24_1,0.6479859894921192,0.9656086163658648
2024,05,ITA.18.2.25_1,0.6882661996497373,0.976833660353696
2024,05,ITA.18.2.26_1,0.6042031523642732,0.9507365565707464
2024,05,ITA.18.2.27_1,0.7267950963222417,0.9854440623394105
2024,05,ITA.18.2.28_1,0.6164623467600701,0.955187939622355
2024,05,ITA.18.2.29_1,0.6830122591943959,0.9754998718605759
2024,05,ITA.18.2.3_1,0.6409807355516638,0.9634189120003821
2024,05,ITA.18.2.30_1,0.6847635726795097,0.9759487691472335
2024,05,ITA.18.2.31_1,0.6217162872154116,0.9570266453970862
2024,05,ITA.18.2.32_1,0.6760070052539405,0.9736611320166786
2024,05,ITA.18.2.33_1,0.6690017513134852,0.9717530550505102
2024,05,ITA.18.2.4_1,0.6987740805604205,0.9793855216409929
2024,05,ITA.18.2.5_1,0.7022767075306481,0.9802020199938377
2024,05,ITA.18.2.6_1,0.660245183887916,0.9692698282728087
2024,05,ITA.18.2.7_1,0.660245183887916,0.9692698282728087
2024,05,ITA.18.2.8_1,0.6374781085814362,0.962297251372984
2024,05,ITA.18.2.9_1,0.6619964973730298,0.9697752316903129
2024,05,ITA.19.1.10_1,0.47460595446584947,0.8889521921903337
2024,05,ITA.19.1.18_1,0.5464098073555167,0.9266196630764966
2024,05,ITA.19.1.21_1,0.4991243432574431,0.9028288874421332
2024,05,ITA.19.1.22_1,0.5096322241681261,0.9084470265238365
2024,05,ITA.19.1.23_1,0.6147110332749562,0.954565869911553
2024,05,ITA.19.1.26_1,0.597197898423818,0.9480907129594721
2024,05,ITA.19.1.28_1,0.5884413309982488,0.9446777228240327
2024,05,ITA.19.1.29_1,0.6304728546409808,0.96
2024,05,ITA.19.1.32_1,0.56217162872154125,0.9337215859130601
2024,05,ITA.19.1.33_1,0.586690017513135,0.9439809320108113
2024,05,ITA.19.1.41_1,0.5026269702276708,0.9047231620777706
2024,05,ITA.19.1.42_1,0.6742556917688267,0.9731906288081488
2024,05,ITA.19.1.46_1,0.5639229422066551,0.9344859549506349
2024,05,ITA.19.1.50_1,0.6900175131348513,0.9772696659571503
2024,05,ITA.19.1.51_1,0.5954465849387042,0.9474175425861608
2024,05,ITA.19.1.55_1,0.4535901926444834,0.8761712161444246
2024,05,ITA.19.1.64_1,0.5954465849387042,0.9474175425861608
2024,05,ITA.19.1.68_1,0.5534150612959721,0.9298257901349047
2024,05,ITA.19.1.7_1,0.5586690017513135,0.9321780945720619
2024,05,ITA.19.1.70_1,0.51138353765324,0.909364613342745
2024,05,ITA.19.1.71_1,0.4676007005253941,0.8847847195787232
2024,05,ITA.2.1.1_1,0.5551663747810859,0.9306148505155073
2024,05,ITA.2.1.10_1,0.6584938704028022,0.9687600322061186
2024,05,ITA.2.1.11_1,0.56217162872154125,0.9337215859130601
2024,05,ITA.2.1.12_1,0.5534150612959721,0.9298257901349047
2024,05,ITA.2.1.13_1,0.5831873905429072,0.9425730740902798
2024,05,ITA.2.1.14_1,0.5814360770577934,0.9418619856433319
2024,05,ITA.2.1.15_1,0.6252189141856392,0.9582296175760798
2024,05,ITA.2.1.16_1,0.5796847635726796,0.9411461098044235
2024,05,ITA.2.1.17_1,0.5674255691768827,0.936
2024,05,ITA.2.1.18_1,0.63922942206655,0.9628603221651623
2024,05,ITA.2.1.19_1,0.48861646234676015,0.8970150500409678
2024,05,ITA.2.1.2_1,0.5674255691768827,0.936
2024,05,ITA.2.1.20_1,0.5691768826619966,0.9367496997597597
2024,05,ITA.2.1.21_1,0.5919439579684764,0.946057080730333
2024,05,ITA.2.1.22_1,0.62697022767075306,0.9588242800430119
2024,05,ITA.2.1.23_1,0.6777583187390543,0.9741273017424364
2024,05,ITA.2.1.24_1,0.6042031523642732,0.9507365565707464
2024,05,ITA.2.1.25_1,0.628721541155867,0.9594144047282176
2024,05,ITA.2.1.26_1,0.5709281961471104,0.9374945333173949
2024,05,ITA.2.1.27_1,0.6304728546409808,0.96
2024,05,ITA.2.1.28_1,0.586690017513135,0.9439809320108113
2024,05,ITA.2.1.29_1,0.5236427320490368,0.9156396671180208
2024,05,ITA.2.1.3_1,0.6042031523642732,0.9507365565707464
2024,05,ITA.2.1.30_1,0.6514886164623468,0.9666767815562759
2024,05,ITA.2.1.31_1,0.5481611208406305,0.9274287034591931
2024,05,ITA.2.1.32_1,0.6164623467600701,0.955187939622355
2024,05,ITA.2.1.33_1,0.5148861646234676,0.9111838453352868
2024,05,ITA.2.1.34_1,0.6182136602451839,0.9558054195284729
2024,05,ITA.2.1.35_1,0.5761821366024519,0.939699952112375
2024,05,ITA.2.1.36_1,0.56217162872154125,0.9337215859130601
2024,05,ITA.2.1.37_1,0.5709281961471104,0.9374945333173949
2024,05,ITA.2.1.38_1,0.6059544658493871,0.9513863568498342
2024,05,ITA.2.1.39_1,0.6199649737302978,0.9564183185196736
2024,05,ITA.2.1.4_1,0.6007005253940456,0.9494229826584145
2024,05,ITA.2.1.40_1,0.6007005253940456,0.9494229826584145
2024,05,ITA.2.1.41_1,0.6479859894921192,0.9656086163658648
2024,05,ITA.2.1.5_1,0.6409807355516638,0.9634189120003821
2024,05,ITA.2.1.6_1,0.5744308231173381,0.9389696480717574
2024,05,ITA.2.1.7_1,0.6514886164623468,0.9666767815562759
2024,05,ITA.2.1.8_1,0.5936952714535902,0.9467396685467447
2024,05,ITA.2.1.9_1,0.6532399299474606,0.9672042183530839
2024,05,ITA.2.2.1_1,0.5288966725043783,0.918250510481753
2024,05,ITA.2.2.10_1,0.5726795096322242,0.9382345122622595
2024,05,ITA.2.2.2_1,0.5691768826619966,0.9367496997597597
2024,05,ITA.2.2.3_1,0.6217162872154116,0.9570266453970862
2024,05,ITA.2.2.4_1,0.5376532399299475,0.9224987804869988
2024,05,ITA.2.2.5_1,0.6094570928196147,0.9526720317087093
2024,05,ITA.2.2.6_1,0.5061295971978984,0.9065958305661901
2024,05,ITA.2.2.7_1,0.5901926444833626,0.9453697689264238
2024,05,ITA.2.2.8_1,0.5078809106830122,0.9075241043630743
2024,05,ITA.2.2.9_1,0.5586690017513135,0.9321780945720619
2024,05,ITA.2.3.1_1,0.6024518388791593,0.9500821017154254
2024,05,ITA.2.3.10_1,0.628721541155867,0.9594144047282176
2024,05,ITA.2.3.11_1,0.5586690017513135,0.9321780945720619
2024,05,ITA.2.3.12_1,0.5709281961471104,0.9374945333173949
2024,05,ITA.2.3.13_1,0.6024518388791593,0.9500821017154254
2024,05,ITA.2.3.14_1,0.5709281961471104,0.9374945333173949
2024,05,ITA.2.3.15_1,0.6234676007005254,0.9576304088739037
2024,05,ITA.2.3.16_1,0.586690017513135,0.9439809320108113
2024,05,ITA.2.3.17_1,0.5936952714535902,0.9467396685467447
2024,05,ITA.2.3.18_1,0.6042031523642732,0.9507365565707464
2024,05,ITA.2.3.19_1,0.6619964973730298,0.9697752316903129
2024,05,ITA.2.3.2_1,0.62697022767075306,0.9588242800430119
2024,05,ITA.2.3.20_1,0.6234676007005254,0.9576304088739037
2024,05,ITA.2.3.3_1,0.5884413309982488,0.9446777228240327
2024,05,ITA.2.3.4_1,0.5761821366024519,0.939699952112375
2024,05,ITA.2.3.5_1,0.6322241681260946,0.9605810741421048
2024,05,ITA.2.3.6_1,0.660245183887916,0.9692698282728087
2024,05,ITA.2.3.7_1,0.6339754816112084,0.9611576353543679
2024,05,ITA.2.3.8_1,0.6164623467600701,0.955187939622355
2024,05,ITA.2.3.9_1,0.5376532399299475,0.9224987804869988
2024,05,ITA.2.4.1_1,0.5446584938704029,0.9258055951440345
2024,05,ITA.2.4.10_1,0.47810858143607715,0.8910016835000931
2024,05,ITA.2.4.11_1,0.5096322241681261,0.9084470265238365
2024,05,ITA.2.4.12_1,0.5691768826619966,0.9367496997597597
2024,05,ITA.2.4.13_1,0.47810858143607715,0.8910016835000931
2024,05,ITA.2.4.14_1,0.5078809106830122,0.9075241043630743
2024,05,ITA.2.4.15_1,0.49211908931698783,0.8989749718429317
2024,05,ITA.2.4.16_1,0.521891418563923,0.9147589846511485
2024,05,ITA.2.4.17_1,0.46935201401050797,0.885835199120017
2024,05,ITA.2.4.18_1,0.5831873905429072,0.9425730740902798
2024,05,ITA.2.4.19_1,0.5236427320490368,0.9156396671180208
2024,05,ITA.2.4.2_1,0.5639229422066551,0.9344859549506349
2024,05,ITA.2.4.20_1,0.4483362521891419,0.8728436286070947
2024,05,ITA.2.4.21_1,0.5831873905429072,0.9425730740902798
2024,05,ITA.2.4.22_1,0.5534150612959721,0.9298257901349047
2024,05,ITA.2.4.23_1,0.5901926444833626,0.9453697689264238
2024,05,ITA.2.4.24_1,0.490367775831874,0.8979977728257459
2024,05,ITA.2.4.25_1,0.670753064798599,0.9722365967191319
2024,05,ITA.2.4.27_1,0.5674255691768827,0.936
2024,05,ITA.2.4.28_1,0.4763572679509633,0.8899797750510963
2024,05,ITA.2.4.29_1,0.5131348511383538,0.9102768809543611
2024,05,ITA.2.4.3_1,0.5656742556917689,0.9352454223357631
2024,05,ITA.2.4.30_1,0.6567425569176883,0.9682458365518543
2024,05,ITA.2.4.31_1,0.5499124343257443,0.9282327294380435
2024,05,ITA.2.4.32_1,0.5534150612959721,0.9298257901349047
2024,05,ITA.2.4.33_1,0.48686514886164634,0.8960267853139213
2024,05,ITA.2.4.34_1,0.4658493870402803,0.883728465084157
2024,05,ITA.2.4.35_1,0.5148861646234676,0.9111838453352868
2024,05,ITA.2.4.36_1,0.48861646234676015,0.8970150500409678
2024,05,ITA.2.4.37_1,0.5761821366024519,0.939699952112375
2024,05,ITA.2.4.38_1,0.6532399299474606,0.9672042183530839
2024,05,ITA.2.4.39_1,0.5183887915936953,0.9129819275319747
2024,05,ITA.2.4.4_1,0.5061295971978984,0.9065958305661901
2024,05,ITA.2.4.40_1,0.5341506129597198,0.920814856526544
2024,05,ITA.2.4.41_1,0.4658493870402803,0.883728465084157
2024,05,ITA.2.4.42_1,0.5936952714535902,0.9467396685467447
2024,05,ITA.2.4.43_1,0.6094570928196147,0.9526720317087093
2024,05,ITA.2.4.44_1,0.56217162872154125,0.9337215859130601
2024,05,ITA.2.4.45_1,0.5271453590192645,0.9173854151881858
2024,05,ITA.2.4.46_1,0.48511383537653247,0.8950329602869382
2024,05,ITA.2.4.47_1,0.5481611208406305,0.9274287034591931
2024,05,ITA.2.4.48_1,0.5446584938704029,0.9258055951440345
2024,05,ITA.2.4.49_1,0.4711033274956218,0.8868799242287537
2024,05,ITA.2.4.5_1,0.48861646234676015,0.8970150500409678
2024,05,ITA.2.4.50_1,0.4763572679509633,0.8899797750510963
2024,05,ITA.2.4.51_1,0.6059544658493871,0.9513863568498342
2024,05,ITA.2.4.52_1,0.5446584938704029,0.9258055951440345
2024,05,ITA.2.4.53_1,0.48336252189141865,0.8940335564172074
2024,05,ITA.2.4.54_1,0.4763572679509633,0.8899797750510963
2024,05,ITA.2.4.55_1,0.4763572679509633,0.8899797750510963
2024,05,ITA.2.4.56_1,0.5464098073555167,0.9266196630764966
2024,05,ITA.2.4.57_1,0.6164623467600701,0.955187939622355
2024,05,ITA.2.4.58_1,0.6830122591943959,0.9754998718605759
2024,05,ITA.2.4.59_1,0.5131348511383538,0.9102768809543611
2024,05,ITA.2.4.6_1,0.5569176882661997,0.931398947819891
2024,05,ITA.2.4.60_1,0.5306479859894921,0.9191104395011516
2024,05,ITA.2.4.61_1,0.5446584938704029,0.9258055951440345
2024,05,ITA.2.4.7_1,0.5078809106830122,0.9075241043630743
2024,05,ITA.2.4.8_1,0.5639229422066551,0.9344859549506349
2024,05,ITA.2.4.9_1,0.5726795096322242,0.9382345122622595
2024,05,ITA.2.5.1_1,0.7758318739054292,0.9934807496876826
2024,05,ITA.2.5.10_1,0.5814360770577934,0.9418619856433319
2024,05,ITA.2.5.11_1,0.6077057793345009,0.9520315120835025
2024,05,ITA.2.5.12_1,0.6024518388791593,0.9500821017154254
2024,05,ITA.2.5.13_1,0.6182136602451839,0.9558054195284729
2024,05,ITA.2.5.14_1,0.6129597197898424,0.9539392014169457
2024,05,ITA.2.5.15_1,0.5901926444833626,0.9453697689264238
2024,05,ITA.2.5.16_1,0.7197898423817863,0.9840304873325826
2024,05,ITA.2.5.17_1,0.6024518388791593,0.9500821017154254
2024,05,ITA.2.5.18_1,0.6462346760070053,0.965067873260736
2024,05,ITA.2.5.19_1,0.7460595446584939,0.9889873608899156
2024,05,ITA.2.5.2_1,0.7040280210157619,0.9806038955664005
2024,05,ITA.2.5.20_1,0.6760070052539405,0.9736611320166786
2024,05,ITA.2.5.21_1,0.6007005253940456,0.9494229826584145
2024,05,ITA.2.5.22_1,0.6952714535901927,0.97855199146494
2024,05,ITA.2.5.23_1,0.6409807355516638,0.9634189120003821
2024,05,ITA.2.5.24_1,0.6987740805604205,0.9793855216409929
2024,05,ITA.2.5.26_1,0.6690017513134852,0.9717530550505102
2024,05,ITA.2.5.27_1,0.6690017513134852,0.9717530550505102
2024,05,ITA.2.5.28_1,0.6567425569176883,0.9682458365518543
2024,05,ITA.2.5.29_1,0.7408056042031524,0.9880708476622514
2024,05,ITA.2.5.3_1,0.7443082311733801,0.9886859966642594
2024,05,ITA.2.5.30_1,0.7215411558669002,0.9843901665498289
2024,05,ITA.2.5.31_1,0.7583187390542908,0.9909813318120578
2024,05,ITA.2.5.32_1,0.76707530647986,0.9922822179198819
2024,05,ITA.2.5.33_1,0.6900175131348513,0.9772696659571503
2024,05,ITA.2.5.34_1,0.6444833625218914,0.9645226798784983
2024,05,ITA.2.5.35_1,0.628721541155867,0.9594144047282176
2024,05,ITA.2.5.36_1,0.6322241681260946,0.9605810741421048
2024,05,ITA.2.5.37_1,0.6427320490367776,0.9639730286683336
2024,05,ITA.2.5.38_1,0.5919439579684764,0.946057080730333
2024,05,ITA.2.5.39_1,0.5709281961471104,0.9374945333173949
2024,05,ITA.2.5.4_1,0.7618213660245184,0.9915139938498094
2024,05,ITA.2.5.40_1,0.6567425569176883,0.9682458365518543
2024,05,ITA.2.5.41_1,0.5831873905429072,0.9425730740902798
2024,05,ITA.2.5.42_1,0.6357267950963222,0.9617296917533533
2024,05,ITA.2.5.43_1,0.7583187390542908,0.9909813318120578
2024,05,ITA.2.5.44_1,0.542907180385289,0.9249864863877743
2024,05,ITA.2.5.45_1,0.7600700525394046,0.9912497162672985
2024,05,ITA.2.5.46_1,0.6549912434325745,0.9677272342969376
2024,05,ITA.2.5.47_1,0.6952714535901927,0.97855199146494
2024,05,ITA.2.5.48_1,0.6322241681260946,0.9605810741421048
2024,05,ITA.2.5.49_1,0.6847635726795097,0.9759487691472335
2024,05,ITA.2.5.5_1,0.7338003502626971,0.986790757962396
2024,05,ITA.2.5.50_1,0.7162872154115587,0.9832985304575615
2024,05,ITA.2.5.51_1,0.6760070052539405,0.9736611320166786
2024,05,ITA.2.5.52_1,0.7250437828371279,0.9850969495435462
2024,05,ITA.2.5.53_1,0.7162872154115587,0.9832985304575615
2024,05,ITA.2.5.54_1,0.7635726795096323,0.9917741678426597
2024,05,ITA.2.5.55_1,0.6847635726795097,0.9759487691472335
2024,05,ITA.2.5.56_1,0.6042031523642732,0.9507365565707464
2024,05,ITA.2.5.57_1,0.649737302977233,0.9661449166662318
2024,05,ITA.2.5.58_1,0.649737302977233,0.9661449166662318
2024,05,ITA.2.5.59_1,0.6830122591943959,0.9754998718605759
2024,05,ITA.2.5.6_1,0.6847635726795097,0.9759487691472335
2024,05,ITA.2.5.60_1,0.7408056042031524,0.9880708476622514
2024,05,ITA.2.5.62_1,0.6882661996497373,0.976833660353696
2024,05,ITA.2.5.63_1,0.6690017513134852,0.9717530550505102
2024,05,ITA.2.5.64_1,0.7075306479859896,0.9813949256033475
2024,05,ITA.2.5.65_1,0.7688266199649738,0.9925301002992302
2024,05,ITA.2.5.66_1,0.712784588441331,0.9825497442877892
2024,05,ITA.2.5.67_1,0.6042031523642732,0.9507365565707464
2024,05,ITA.2.5.68_1,0.7600700525394046,0.9912497162672985
2024,05,ITA.2.5.69_1,0.6917688266199651,0.9777013859047148
2024,05,ITA.2.5.7_1,0.6007005253940456,0.9494229826584145
2024,05,ITA.2.5.70_1,0.5936952714535902,0.9467396685467447
2024,05,ITA.2.5.71_1,0.6147110332749562,0.954565869911553
2024,05,ITA.2.5.72_1,0.6112084063047285,0.9533079250693346
2024,05,ITA.2.5.73_1,0.6339754816112084,0.9611576353543679
2024,05,ITA.2.5.74_1,0.7408056042031524,0.9880708476622514
2024,05,ITA.2.5.75_1,0.63922942206655,0.9628603221651623
2024,05,ITA.2.5.76_1,0.6567425569176883,0.9682458365518543
2024,05,ITA.2.5.77_1,0.6952714535901927,0.97855199146494
2024,05,ITA.2.5.78_1,0.7075306479859896,0.9813949256033475
2024,05,ITA.2.5.79_1,0.6252189141856392,0.9582296175760798
2024,05,ITA.2.5.8_1,0.670753064798599,0.9722365967191319
2024,05,ITA.2.5.80_1,0.7040280210157619,0.9806038955664005
2024,05,ITA.2.5.81_1,0.6970227670753065,0.9789708882290628
2024,05,ITA.2.5.82_1,0.542907180385289,0.9249864863877743
2024,05,ITA.2.5.83_1,0.628721541155867,0.9594144047282176
2024,05,ITA.2.5.84_1,0.6917688266199651,0.9777013859047148
2024,05,ITA.2.5.85_1,0.7215411558669002,0.9843901665498289
2024,05,ITA.2.5.86_1,0.586690017513135,0.9439809320108113
2024,05,ITA.2.5.87_1,0.6935201401050789,0.9781288258711119
2024,05,ITA.2.5.88_1,0.7618213660245184,0.9915139938498094
2024,05,ITA.2.5.89_1,0.6812609457092821,0.975046665549911
2024,05,ITA.2.5.9_1,0.6637478108581437,0.970276249322841
2024,05,ITA.2.5.90_1,0.6024518388791593,0.9500821017154254
2024,05,ITA.2.5.91_1,0.6690017513134852,0.9717530550505102
2024,05,ITA.2.5.92_1,0.7548161120840631,0.9904322288778774
2024,05,ITA.2.5.93_1,0.7215411558669002,0.9843901665498289
2024,05,ITA.2.5.94_1,0.6690017513134852,0.9717530550505102
2024,05,ITA.2.5.95_1,0.6094570928196147,0.9526720317087093
2024,05,ITA.2.5.96_1,0.6357267950963222,0.9617296917533533
2024,05,ITA.2.5.97_1,0.6760070052539405,0.9736611320166786
2024,05,ITA.2.6.1_1,0.6952714535901927,0.97855199146494
2024,05,ITA.2.6.10_1,0.6952714535901927,0.97855199146494
2024,05,ITA.2.6.11_1,0.6935201401050789,0.9781288258711119
2024,05,ITA.2.6.12_1,0.7040280210157619,0.9806038955664005
2024,05,ITA.2.6.13_1,0.5499124343257443,0.9282327294380435
2024,05,ITA.2.6.14_1,0.6742556917688267,0.9731906288081488
2024,05,ITA.2.6.15_1,0.5726795096322242,0.9382345122622595
2024,05,ITA.2.6.16_1,0.6147110332749562,0.954565869911553
2024,05,ITA.2.6.17_1,0.6199649737302978,0.9564183185196736
2024,05,ITA.2.6.18_1,0.6462346760070053,0.965067873260736
2024,05,ITA.2.6.19_1,0.5253940455341506,0.916515138991168
2024,05,ITA.2.6.2_1,0.6182136602451839,0.9558054195284729
2024,05,ITA.2.6.20_1,0.6007005253940456,0.9494229826584145
2024,05,ITA.2.6.21_1,0.6147110332749562,0.954565869911553
2024,05,ITA.2.6.22_1,0.660245183887916,0.9692698282728087
2024,05,ITA.2.6.23_1,0.6812609457092821,0.975046665549911
2024,05,ITA.2.6.24_1,0.5954465849387042,0.9474175425861608
2024,05,ITA.2.6.25_1,0.649737302977233,0.9661449166662318
2024,05,ITA.2.6.26_1,0.6374781085814362,0.962297251372984
2024,05,ITA.2.6.27_1,0.5989492119089318,0.9487591896788141
2024,05,ITA.2.6.28_1,0.6654991243432575,0.9707728879609279
2024,05,ITA.2.6.29_1,0.670753064798599,0.9722365967191319
2024,05,ITA.2.6.3_1,0.5936952714535902,0.9467396685467447
2024,05,ITA.2.6.4_1,0.56217162872154125,0.9337215859130601
2024,05,ITA.2.6.5_1,0.7022767075306481,0.9802020199938377
2024,05,ITA.2.6.6_1,0.7110332749562173,0.9821690282227392
2024,05,ITA.2.6.7_1,0.5656742556917689,0.9352454223357631
2024,05,ITA.2.6.8_1,0.5656742556917689,0.9352454223357631
2024,05,ITA.2.6.9_1,0.5831873905429072,0.9425730740902798
2024,05,ITA.20.1.1_1,0.7057793345008757,0.9810015290507961
2024,05,ITA.20.1.10_1,0.6970227670753065,0.9789708882290628
2024,05,ITA.20.1.11_1,0.7232924693520141,0.9847456524402634
2024,05,ITA.20.1.12_1,0.777583187390543,0.9937082066683358
2024,05,ITA.20.1.13_1,0.6690017513134852,0.9717530550505102
2024,05,ITA.20.1.14_1,0.7215411558669002,0.9843901665498289
2024,05,ITA.20.1.15_1,0.6094570928196147,0.9526720317087093
2024,05,ITA.20.1.16_1,0.6164623467600701,0.955187939622355
2024,05,ITA.20.1.17_1,0.5954465849387042,0.9474175425861608
2024,05,ITA.20.1.18_1,0.62697022767075306,0.9588242800430119
2024,05,ITA.20.1.19_1,0.6567425569176883,0.9682458365518543
2024,05,ITA.20.1.2_1,0.7232924693520141,0.9847456524402634
2024,05,ITA.20.1.20_1,0.6567425569176883,0.9682458365518543
2024,05,ITA.20.1.21_1,0.6987740805604205,0.9793855216409929
2024,05,ITA.20.1.22_1,0.7863397548161122,0.9947843987518099
2024,05,ITA.20.1.23_1,0.7845884413309984,0.9945772971468834
2024,05,ITA.20.1.24_1,0.7285464098073555,0.9857869952479592
2024,05,ITA.20.1.25_1,0.7740805604203153,0.9932492134404135
2024,05,ITA.20.1.26_1,0.7162872154115587,0.9832985304575615
2024,05,ITA.20.1.27_1,0.7390542907180385,0.9877570551507087
2024,05,ITA.20.1.28_1,0.7250437828371279,0.9850969495435462
2024,05,ITA.20.1.29_1,0.7320490367775833,0.98646033878712025
2024,05,ITA.20.1.3_1,0.6742556917688267,0.9731906288081488
2024,05,ITA.20.1.30_1,0.5674255691768827,0.936
2024,05,ITA.20.1.31_1,0.7478108581436077,0.9892845899942038
2024,05,ITA.20.1.32_1,0.7005253940455343,0.9797958971132712
2024,05,ITA.20.1.33_1,0.6742556917688267,0.9731906288081488
2024,05,ITA.20.1.34_1,0.7425569176882663,0.9883804935347521
2024,05,ITA.20.1.35_1,0.7145359019264449,0.9829262434180909
2024,05,ITA.20.1.36_1,0.7390542907180385,0.9877570551507087
2024,05,ITA.20.1.37_1,0.7495621716287216,0.9895776877031939
2024,05,ITA.20.1.38_1,0.7092819614711035,0.9817840903172144
2024,05,ITA.20.1.39_1,0.6760070052539405,0.9736611320166786
2024,05,ITA.20.1.4_1,0.8476357267950964,0.9994878688608481
2024,05,ITA.20.1.40_1,0.7215411558669002,0.9843901665498289
2024,05,ITA.20.1.41_1,0.7092819614711035,0.9817840903172144
2024,05,ITA.20.1.42_1,0.7513134851138354,0.9898666576867816
2024,05,ITA.20.1.43_1,0.7390542907180385,0.9877570551507087
2024,05,ITA.20.1.44_1,0.6654991243432575,0.9707728879609279
2024,05,ITA.20.1.45_1,0.7828371278458844,0.9943661297530201
2024,05,ITA.20.1.46_1,0.6374781085814362,0.962297251372984
2024,05,ITA.20.1.47_1,0.6952714535901927,0.97855199146494
2024,05,ITA.20.1.48_1,0.670753064798599,0.9722365967191319
2024,05,ITA.20.1.49_1,0.5989492119089318,0.9487591896788141
2024,05,ITA.20.1.5_1,0.62697022767075306,0.9588242800430119
2024,05,ITA.20.1.50_1,0.7583187390542908,0.9909813318120578
2024,05,ITA.20.1.51_1,0.6760070052539405,0.9736611320166786
2024,05,ITA.20.1.52_1,0.6339754816112084,0.9611576353543679
2024,05,ITA.20.1.53_1,0.7863397548161122,0.9947843987518099
2024,05,ITA.20.1.54_1,0.6952714535901927,0.97855199146494
2024,05,ITA.20.1.55_1,0.7478108581436077,0.9892845899942038
2024,05,ITA.20.1.56_1,0.7653239929947461,0.9920302414745228
2024,05,ITA.20.1.57_1,0.7443082311733801,0.9886859966642594
2024,05,ITA.20.1.58_1,0.7443082311733801,0.9886859966642594
2024,05,ITA.20.1.59_1,0.6672504378283713,0.9712651543219287
2024,05,ITA.20.1.6_1,0.7460595446584939,0.9889873608899156
2024,05,ITA.20.1.60_1,0.6882661996497373,0.976833660353696
2024,05,ITA.20.1.61_1,0.7285464098073555,0.9857869952479592
2024,05,ITA.20.1.62_1,0.6812609457092821,0.975046665549911
2024,05,ITA.20.1.63_1,0.6882661996497373,0.976833660353696
2024,05,ITA.20.1.64_1,0.798598949211909,0.9961204746414963
2024,05,ITA.20.1.65_1,0.7040280210157619,0.9806038955664005
2024,05,ITA.20.1.66_1,0.6690017513134852,0.9717530550505102
2024,05,ITA.20.1.67_1,0.7495621716287216,0.9895776877031939
2024,05,ITA.20.1.68_1,0.7215411558669002,0.9843901665498289
2024,05,ITA.20.1.69_1,0.7408056042031524,0.9880708476622514
2024,05,ITA.20.1.7_1,0.7145359019264449,0.9829262434180909
2024,05,ITA.20.1.8_1,0.670753064798599,0.9722365967191319
2024,05,ITA.20.1.9_1,0.6654991243432575,0.9707728879609279
2024,05,ITA.20.2.1_1,0.7092819614711035,0.9817840903172144
2024,05,ITA.20.2.10_1,0.7478108581436077,0.9892845899942038
2024,05,ITA.20.2.100_1,0.7040280210157619,0.9806038955664005
2024,05,ITA.20.2.101_1,0.7180385288966725,0.983666610188635
2024,05,ITA.20.2.102_1,0.7110332749562173,0.9821690282227392
2024,05,ITA.20.2.103_1,0.6812609457092821,0.975046665549911
2024,05,ITA.20.2.104_1,0.6952714535901927,0.97855199146494
2024,05,ITA.20.2.11_1,0.7338003502626971,0.986790757962396
2024,05,ITA.20.2.12_1,0.7828371278458844,0.9943661297530201
2024,05,ITA.20.2.13_1,0.7285464098073555,0.9857869952479592
2024,05,ITA.20.2.14_1,0.6777583187390543,0.9741273017424364
2024,05,ITA.20.2.15_1,0.7373029772329247,0.987439112046915
2024,05,ITA.20.2.16_1,0.6935201401050789,0.9781288258711119
2024,05,ITA.20.2.17_1,0.7460595446584939,0.9889873608899156
2024,05,ITA.20.2.18_1,0.6952714535901927,0.97855199146494
2024,05,ITA.20.2.19_1,0.6865148861646235,0.9763933633531108
2024,05,ITA.20.2.2_1,0.6952714535901927,0.97855199146494
2024,05,ITA.20.2.20_1,0.6795096322241682,0.9745891442038537
2024,05,ITA.20.2.21_1,0.7320490367775833,0.98646033878712025
2024,05,ITA.20.2.22_1,0.6847635726795097,0.9759487691472335
2024,05,ITA.20.2.23_1,0.7688266199649738,0.9925301002992302
2024,05,ITA.20.2.24_1,0.7302977232924693,0.9861257526299574
2024,05,ITA.20.2.25_1,0.6952714535901927,0.97855199146494
2024,05,ITA.20.2.26_1,0.712784588441331,0.9825497442877892
2024,05,ITA.20.2.27_1,0.7267950963222417,0.9854440623394105
2024,05,ITA.20.2.28_1,0.660245183887916,0.9692698282728087
2024,05,ITA.20.2.29_1,0.7302977232924693,0.9861257526299574
2024,05,ITA.20.2.3_1,0.6970227670753065,0.9789708882290628
2024,05,ITA.20.2.30_1,0.7215411558669002,0.9843901665498289
2024,05,ITA.20.2.31_1,0.7548161120840631,0.9904322288778774
2024,05,ITA.20.2.32_1,0.7005253940455343,0.9797958971132712
2024,05,ITA.20.2.33_1,0.7513134851138354,0.9898666576867816
2024,05,ITA.20.2.34_1,0.7215411558669002,0.9843901665498289
2024,05,ITA.20.2.35_1,0.7145359019264449,0.9829262434180909
2024,05,ITA.20.2.36_1,0.7373029772329247,0.987439112046915
2024,05,ITA.20.2.37_1,0.6935201401050789,0.9781288258711119
2024,05,ITA.20.2.38_1,0.7338003502626971,0.986790757962396
2024,05,ITA.20.2.39_1,0.6935201401050789,0.9781288258711119
2024,05,ITA.20.2.4_1,0.6935201401050789,0.9781288258711119
2024,05,ITA.20.2.40_1,0.7285464098073555,0.9857869952479592
2024,05,ITA.20.2.41_1,0.712784588441331,0.9825497442877892
2024,05,ITA.20.2.42_1,0.7425569176882663,0.9883804935347521
2024,05,ITA.20.2.43_1,0.7443082311733801,0.9886859966642594
2024,05,ITA.20.2.44_1,0.6619964973730298,0.9697752316903129
2024,05,ITA.20.2.45_1,0.6987740805604205,0.9793855216409929
2024,05,ITA.20.2.46_1,0.7232924693520141,0.9847456524402634
2024,05,ITA.20.2.47_1,0.7162872154115587,0.9832985304575615
2024,05,ITA.20.2.48_1,0.7373029772329247,0.987439112046915
2024,05,ITA.20.2.49_1,0.7373029772329247,0.987439112046915
2024,05,ITA.20.2.5_1,0.6935201401050789,0.9781288258711119
2024,05,ITA.20.2.50_1,0.7635726795096323,0.9917741678426597
2024,05,ITA.20.2.51_1,0.7057793345008757,0.9810015290507961
2024,05,ITA.20.2.52_1,0.7373029772329247,0.987439112046915
2024,05,ITA.20.2.53_1,0.6637478108581437,0.970276249322841
2024,05,ITA.20.2.54_1,0.7180385288966725,0.983666610188635
2024,05,ITA.20.2.55_1,0.7408056042031524,0.9880708476622514
2024,05,ITA.20.2.56_1,0.7110332749562173,0.9821690282227392
2024,05,ITA.20.2.57_1,0.7267950963222417,0.9854440623394105
2024,05,ITA.20.2.58_1,0.7653239929947461,0.9920302414745228
2024,05,ITA.20.2.59_1,0.7232924693520141,0.9847456524402634
2024,05,ITA.20.2.6_1,0.7145359019264449,0.9829262434180909
2024,05,ITA.20.2.60_1,0.7215411558669002,0.9843901665498289
2024,05,ITA.20.2.61_1,0.7267950963222417,0.9854440623394105
2024,05,ITA.20.2.62_1,0.6830122591943959,0.9754998718605759
2024,05,ITA.20.2.63_1,0.7267950963222417,0.9854440623394105
2024,05,ITA.20.2.64_1,0.7705779334500876,0.9927738916792685
2024,05,ITA.20.2.65_1,0.7180385288966725,0.983666610188635
2024,05,ITA.20.2.66_1,0.7005253940455343,0.9797958971132712
2024,05,ITA.20.2.67_1,0.712784588441331,0.9825497442877892
2024,05,ITA.20.2.68_1,0.7478108581436077,0.9892845899942038
2024,05,ITA.20.2.69_1,0.7005253940455343,0.9797958971132712
2024,05,ITA.20.2.7_1,0.7828371278458844,0.9943661297530201
2024,05,ITA.20.2.70_1,0.6742556917688267,0.9731906288081488
2024,05,ITA.20.2.71_1,0.7320490367775833,0.98646033878712025
2024,05,ITA.20.2.72_1,0.7180385288966725,0.983666610188635
2024,05,ITA.20.2.73_1,0.6987740805604205,0.9793855216409929
2024,05,ITA.20.2.74_1,0.7057793345008757,0.9810015290507961
2024,05,ITA.20.2.75_1,0.6742556917688267,0.9731906288081488
2024,05,ITA.20.2.76_1,0.6935201401050789,0.9781288258711119
2024,05,ITA.20.2.77_1,0.7548161120840631,0.9904322288778774
2024,05,ITA.20.2.78_1,0.7057793345008757,0.9810015290507961
2024,05,ITA.20.2.79_1,0.6882661996497373,0.976833660353696
2024,05,ITA.20.2.8_1,0.7460595446584939,0.9889873608899156
2024,05,ITA.20.2.80_1,0.7285464098073555,0.9857869952479592
2024,05,ITA.20.2.81_1,0.6952714535901927,0.97855199146494
2024,05,ITA.20.2.82_1,0.6935201401050789,0.9781288258711119
2024,05,ITA.20.2.83_1,0.6795096322241682,0.9745891442038537
2024,05,ITA.20.2.84_1,0.7373029772329247,0.987439112046915
2024,05,ITA.20.2.85_1,0.7040280210157619,0.9806038955664005
2024,05,ITA.20.2.86_1,0.712784588441331,0.9825497442877892
2024,05,ITA.20.2.87_1,0.7092819614711035,0.9817840903172144
2024,05,ITA.20.2.88_1,0.7005253940455343,0.9797958971132712
2024,05,ITA.20.2.89_1,0.7705779334500876,0.9927738916792685
2024,05,ITA.20.2.9_1,0.7320490367775833,0.98646033878712025
2024,05,ITA.20.2.90_1,0.7232924693520141,0.9847456524402634
2024,05,ITA.20.2.91_1,0.6725043782837129,0.9727157858285225
2024,05,ITA.20.2.92_1,0.7162872154115587,0.9832985304575615
2024,05,ITA.20.2.93_1,0.7302977232924693,0.9861257526299574
2024,05,ITA.20.2.94_1,0.6987740805604205,0.9793855216409929
2024,05,ITA.20.2.95_1,0.6970227670753065,0.9789708882290628
2024,05,ITA.20.2.96_1,0.6917688266199651,0.9777013859047148
2024,05,ITA.20.2.97_1,0.7110332749562173,0.9821690282227392
2024,05,ITA.20.2.98_1,0.7075306479859896,0.9813949256033475
2024,05,ITA.20.2.99_1,0.7057793345008757,0.9810015290507961
2024,05,ITA.20.3.1_1,0.7215411558669002,0.9843901665498289
2024,05,ITA.20.3.10_1,0.7075306479859896,0.9813949256033475
2024,05,ITA.20.3.11_1,0.6917688266199651,0.9777013859047148
2024,05,ITA.20.3.12_1,0.7057793345008757,0.9810015290507961
2024,05,ITA.20.3.13_1,0.7565674255691769,0.9907088371464141
2024,05,ITA.20.3.14_1,0.7092819614711035,0.9817840903172144
2024,05,ITA.20.3.15_1,0.7373029772329247,0.987439112046915
2024,05,ITA.20.3.16_1,0.7075306479859896,0.9813949256033475
2024,05,ITA.20.3.17_1,0.6374781085814362,0.962297251372984
2024,05,ITA.20.3.18_1,0.7040280210157619,0.9806038955664005
2024,05,ITA.20.3.19_1,0.7460595446584939,0.9889873608899156
2024,05,ITA.20.3.2_1,0.7267950963222417,0.9854440623394105
2024,05,ITA.20.3.20_1,0.7320490367775833,0.98646033878712025
2024,05,ITA.20.3.21_1,0.7285464098073555,0.9857869952479592
2024,05,ITA.20.3.22_1,0.7495621716287216,0.9895776877031939
2024,05,ITA.20.3.23_1,0.7162872154115587,0.9832985304575615
2024,05,ITA.20.3.24_1,0.7373029772329247,0.987439112046915
2024,05,ITA.20.3.25_1,0.7232924693520141,0.9847456524402634
2024,05,ITA.20.3.26_1,0.6830122591943959,0.9754998718605759
2024,05,ITA.20.3.27_1,0.7355516637478109,0.9871170143402452
2024,05,ITA.20.3.28_1,0.7478108581436077,0.9892845899942038
2024,05,ITA.20.3.29_1,0.7530647985989493,0.990151503558925
2024,05,ITA.20.3.3_1,0.7232924693520141,0.9847456524402634
2024,05,ITA.20.3.30_1,0.7197898423817863,0.9840304873325826
2024,05,ITA.20.3.31_1,0.7285464098073555,0.9857869952479592
2024,05,ITA.20.3.32_1,0.712784588441331,0.9825497442877892
2024,05,ITA.20.3.33_1,0.7110332749562173,0.9821690282227392
2024,05,ITA.20.3.34_1,0.7197898423817863,0.9840304873325826
2024,05,ITA.20.3.35_1,0.7180385288966725,0.983666610188635
2024,05,ITA.20.3.36_1,0.7180385288966725,0.983666610188635
2024,05,ITA.20.3.37_1,0.7320490367775833,0.98646033878712025
2024,05,ITA.20.3.38_1,0.7092819614711035,0.9817840903172144
2024,05,ITA.20.3.39_1,0.7390542907180385,0.9877570551507087
2024,05,ITA.20.3.4_1,0.7530647985989493,0.990151503558925
2024,05,ITA.20.3.40_1,0.7110332749562173,0.9821690282227392
2024,05,ITA.20.3.41_1,0.712784588441331,0.9825497442877892
2024,05,ITA.20.3.42_1,0.7180385288966725,0.983666610188635
2024,05,ITA.20.3.43_1,0.7373029772329247,0.987439112046915
2024,05,ITA.20.3.44_1,0.6742556917688267,0.9731906288081488
2024,05,ITA.20.3.45_1,0.7250437828371279,0.9850969495435462
2024,05,ITA.20.3.46_1,0.7250437828371279,0.9850969495435462
2024,05,ITA.20.3.47_1,0.7845884413309984,0.9945772971468834
2024,05,ITA.20.3.48_1,0.7145359019264449,0.9829262434180909
2024,05,ITA.20.3.49_1,0.7355516637478109,0.9871170143402452
2024,05,ITA.20.3.5_1,0.7373029772329247,0.987439112046915
2024,05,ITA.20.3.50_1,0.7110332749562173,0.9821690282227392
2024,05,ITA.20.3.6_1,0.7057793345008757,0.9810015290507961
2024,05,ITA.20.3.7_1,0.7180385288966725,0.983666610188635
2024,05,ITA.20.3.8_1,0.670753064798599,0.9722365967191319
2024,05,ITA.20.3.9_1,0.6760070052539405,0.9736611320166786
2024,05,ITA.20.4.1_1,0.7425569176882663,0.9883804935347521
2024,05,ITA.20.4.10_1,0.7565674255691769,0.9907088371464141
2024,05,ITA.20.4.11_1,0.7495621716287216,0.9895776877031939
2024,05,ITA.20.4.12_1,0.7145359019264449,0.9829262434180909
2024,05,ITA.20.4.13_1,0.7180385288966725,0.983666610188635
2024,05,ITA.20.4.14_1,0.7338003502626971,0.986790757962396
2024,05,ITA.20.4.15_1,0.7180385288966725,0.983666610188635
2024,05,ITA.20.4.16_1,0.7285464098073555,0.9857869952479592
2024,05,ITA.20.4.17_1,0.7495621716287216,0.9895776877031939
2024,05,ITA.20.4.18_1,0.6795096322241682,0.9745891442038537
2024,05,ITA.20.4.19_1,0.7162872154115587,0.9832985304575615
2024,05,ITA.20.4.2_1,0.7302977232924693,0.9861257526299574
2024,05,ITA.20.4.20_1,0.7092819614711035,0.9817840903172144
2024,05,ITA.20.4.21_1,0.6567425569176883,0.9682458365518543
2024,05,ITA.20.4.22_1,0.7040280210157619,0.9806038955664005
2024,05,ITA.20.4.23_1,0.6987740805604205,0.9793855216409929
2024,05,ITA.20.4.24_1,0.712784588441331,0.9825497442877892
2024,05,ITA.20.4.25_1,0.7040280210157619,0.9806038955664005
2024,05,ITA.20.4.26_1,0.7443082311733801,0.9886859966642594
2024,05,ITA.20.4.27_1,0.7530647985989493,0.990151503558925
2024,05,ITA.20.4.28_1,0.7443082311733801,0.9886859966642594
2024,05,ITA.20.4.29_1,0.7197898423817863,0.9840304873325826
2024,05,ITA.20.4.3_1,0.7373029772329247,0.987439112046915
2024,05,ITA.20.4.30_1,0.660245183887916,0.9692698282728087
2024,05,ITA.20.4.31_1,0.7443082311733801,0.9886859966642594
2024,05,ITA.20.4.32_1,0.7040280210157619,0.9806038955664005
2024,05,ITA.20.4.33_1,0.7338003502626971,0.986790757962396
2024,05,ITA.20.4.34_1,0.7793345008756568,0.993931587182941
2024,05,ITA.20.4.35_1,0.6830122591943959,0.9754998718605759
2024,05,ITA.20.4.36_1,0.7320490367775833,0.98646033878712025
2024,05,ITA.20.4.37_1,0.7197898423817863,0.9840304873325826
2024,05,ITA.20.4.38_1,0.7320490367775833,0.98646033878712025
2024,05,ITA.20.4.39_1,0.7075306479859896,0.9813949256033475
2024,05,ITA.20.4.4_1,0.7145359019264449,0.9829262434180909
2024,05,ITA.20.4.40_1,0.7092819614711035,0.9817840903172144
2024,05,ITA.20.4.41_1,0.7425569176882663,0.9883804935347521
2024,05,ITA.20.4.42_1,0.7022767075306481,0.9802020199938377
2024,05,ITA.20.4.43_1,0.7022767075306481,0.9802020199938377
2024,05,ITA.20.4.44_1,0.7443082311733801,0.9886859966642594
2024,05,ITA.20.4.45_1,0.7285464098073555,0.9857869952479592
2024,05,ITA.20.4.46_1,0.7250437828371279,0.9850969495435462
2024,05,ITA.20.4.47_1,0.7495621716287216,0.9895776877031939
2024,05,ITA.20.4.48_1,0.6795096322241682,0.9745891442038537
2024,05,ITA.20.4.49_1,0.7810858143607706,0.9941508939793798
2024,05,ITA.20.4.5_1,0.7548161120840631,0.9904322288778774
2024,05,ITA.20.4.50_1,0.7530647985989493,0.990151503558925
2024,05,ITA.20.4.51_1,0.7443082311733801,0.9886859966642594
2024,05,ITA.20.4.52_1,0.7443082311733801,0.9886859966642594
2024,05,ITA.20.4.53_1,0.6847635726795097,0.9759487691472335
2024,05,ITA.20.4.54_1,0.7513134851138354,0.9898666576867816
2024,05,ITA.20.4.55_1,0.6830122591943959,0.9754998718605759
2024,05,ITA.20.4.56_1,0.7373029772329247,0.987439112046915
2024,05,ITA.20.4.57_1,0.7460595446584939,0.9889873608899156
2024,05,ITA.20.4.58_1,0.7530647985989493,0.990151503558925
2024,05,ITA.20.4.59_1,0.7285464098073555,0.9857869952479592
2024,05,ITA.20.4.6_1,0.7583187390542908,0.9909813318120578
2024,05,ITA.20.4.60_1,0.7373029772329247,0.987439112046915
2024,05,ITA.20.4.61_1,0.7600700525394046,0.9912497162672985
2024,05,ITA.20.4.62_1,0.7302977232924693,0.9861257526299574
2024,05,ITA.20.4.63_1,0.7530647985989493,0.990151503558925
2024,05,ITA.20.4.64_1,0.7338003502626971,0.986790757962396
2024,05,ITA.20.4.65_1,0.7355516637478109,0.9871170143402452
2024,05,ITA.20.4.66_1,0.7057793345008757,0.9810015290507961
2024,05,ITA.20.4.67_1,0.6584938704028022,0.9687600322061186
2024,05,ITA.20.4.68_1,0.7162872154115587,0.9832985304575615
2024,05,ITA.20.4.69_1,0.777583187390543,0.9937082066683358
2024,05,ITA.20.4.7_1,0.6987740805604205,0.9793855216409929
2024,05,ITA.20.4.70_1,0.7057793345008757,0.9810015290507961
2024,05,ITA.20.4.71_1,0.7075306479859896,0.9813949256033475
2024,05,ITA.20.4.72_1,0.7460595446584939,0.9889873608899156
2024,05,ITA.20.4.73_1,0.6935201401050789,0.9781288258711119
2024,05,ITA.20.4.74_1,0.7180385288966725,0.983666610188635
2024,05,ITA.20.4.75_1,0.712784588441331,0.9825497442877892
2024,05,ITA.20.4.76_1,0.7495621716287216,0.9895776877031939
2024,05,ITA.20.4.77_1,0.7478108581436077,0.9892845899942038
2024,05,ITA.20.4.78_1,0.7390542907180385,0.9877570551507087
2024,05,ITA.20.4.79_1,0.6882661996497373,0.976833660353696
2024,05,ITA.20.4.8_1,0.7180385288966725,0.983666610188635
2024,05,ITA.20.4.80_1,0.6952714535901927,0.97855199146494
2024,05,ITA.20.4.81_1,0.7232924693520141,0.9847456524402634
2024,05,ITA.20.4.82_1,0.7478108581436077,0.9892845899942038
2024,05,ITA.20.4.83_1,0.6987740805604205,0.9793855216409929
2024,05,ITA.20.4.84_1,0.7338003502626971,0.986790757962396
2024,05,ITA.20.4.85_1,0.7460595446584939,0.9889873608899156
2024,05,ITA.20.4.86_1,0.6917688266199651,0.9777013859047148
2024,05,ITA.20.4.87_1,0.7600700525394046,0.9912497162672985
2024,05,ITA.20.4.88_1,0.7040280210157619,0.9806038955664005
2024,05,ITA.20.4.89_1,0.6812609457092821,0.975046665549911
2024,05,ITA.20.4.9_1,0.6900175131348513,0.9772696659571503
2024,05,ITA.20.4.90_1,0.7513134851138354,0.9898666576867816
2024,05,ITA.20.4.91_1,0.7408056042031524,0.9880708476622514
2024,05,ITA.20.4.92_1,0.7215411558669002,0.9843901665498289
2024,05,ITA.20.4.93_1,0.6952714535901927,0.97855199146494
2024,05,ITA.20.4.94_1,0.7232924693520141,0.9847456524402634
2024,05,ITA.20.4.95_1,0.7022767075306481,0.9802020199938377
2024,05,ITA.20.5.1_1,0.7338003502626971,0.986790757962396
2024,05,ITA.20.5.10_1,0.7653239929947461,0.9920302414745228
2024,05,ITA.20.5.11_1,0.7267950963222417,0.9854440623394105
2024,05,ITA.20.5.12_1,0.7513134851138354,0.9898666576867816
2024,05,ITA.20.5.13_1,0.7302977232924693,0.9861257526299574
2024,05,ITA.20.5.14_1,0.7513134851138354,0.9898666576867816
2024,05,ITA.20.5.15_1,0.7373029772329247,0.987439112046915
2024,05,ITA.20.5.16_1,0.6882661996497373,0.976833660353696
2024,05,ITA.20.5.17_1,0.7057793345008757,0.9810015290507961
2024,05,ITA.20.5.18_1,0.7460595446584939,0.9889873608899156
2024,05,ITA.20.5.19_1,0.7162872154115587,0.9832985304575615
2024,05,ITA.20.5.2_1,0.7057793345008757,0.9810015290507961
2024,05,ITA.20.5.20_1,0.7285464098073555,0.9857869952479592
2024,05,ITA.20.5.21_1,0.7110332749562173,0.9821690282227392
2024,05,ITA.20.5.22_1,0.7565674255691769,0.9907088371464141
2024,05,ITA.20.5.23_1,0.7548161120840631,0.9904322288778774
2024,05,ITA.20.5.24_1,0.7232924693520141,0.9847456524402634
2024,05,ITA.20.5.25_1,0.7460595446584939,0.9889873608899156
2024,05,ITA.20.5.26_1,0.7040280210157619,0.9806038955664005
2024,05,ITA.20.5.27_1,0.7040280210157619,0.9806038955664005
2024,05,ITA.20.5.28_1,0.7408056042031524,0.9880708476622514
2024,05,ITA.20.5.29_1,0.712784588441331,0.9825497442877892
2024,05,ITA.20.5.3_1,0.777583187390543,0.9937082066683358
2024,05,ITA.20.5.30_1,0.7022767075306481,0.9802020199938377
2024,05,ITA.20.5.31_1,0.7285464098073555,0.9857869952479592
2024,05,ITA.20.5.32_1,0.7408056042031524,0.9880708476622514
2024,05,ITA.20.5.33_1,0.7810858143607706,0.9941508939793798
2024,05,ITA.20.5.34_1,0.7723292469352014,0.9930135950730987
2024,05,ITA.20.5.35_1,0.7022767075306481,0.9802020199938377
2024,05,ITA.20.5.36_1,0.6795096322241682,0.9745891442038537
2024,05,ITA.20.5.37_1,0.7443082311733801,0.9886859966642594
2024,05,ITA.20.5.38_1,0.7688266199649738,0.9925301002992302
2024,05,ITA.20.5.39_1,0.7355516637478109,0.9871170143402452
2024,05,ITA.20.5.4_1,0.7513134851138354,0.9898666576867816
2024,05,ITA.20.5.40_1,0.7092819614711035,0.9817840903172144
2024,05,ITA.20.5.41_1,0.7548161120840631,0.9904322288778774
2024,05,ITA.20.5.42_1,0.777583187390543,0.9937082066683358
2024,05,ITA.20.5.43_1,0.7373029772329247,0.987439112046915
2024,05,ITA.20.5.44_1,0.7565674255691769,0.9907088371464141
2024,05,ITA.20.5.5_1,0.7320490367775833,0.98646033878712025
2024,05,ITA.20.5.7_1,0.7478108581436077,0.9892845899942038
2024,05,ITA.20.5.8_1,0.7373029772329247,0.987439112046915
2024,05,ITA.20.5.9_1,0.7408056042031524,0.9880708476622514
2024,05,ITA.20.6.1_1,0.7075306479859896,0.9813949256033475
2024,05,ITA.20.6.10_1,0.6795096322241682,0.9745891442038537
2024,05,ITA.20.6.11_1,0.660245183887916,0.9692698282728087
2024,05,ITA.20.6.12_1,0.7180385288966725,0.983666610188635
2024,05,ITA.20.6.13_1,0.6777583187390543,0.9741273017424364
2024,05,ITA.20.6.14_1,0.6882661996497373,0.976833660353696
2024,05,ITA.20.6.15_1,0.6690017513134852,0.9717530550505102
2024,05,ITA.20.6.16_1,0.7373029772329247,0.987439112046915
2024,05,ITA.20.6.17_1,0.6952714535901927,0.97855199146494
2024,05,ITA.20.6.18_1,0.6830122591943959,0.9754998718605759
2024,05,ITA.20.6.19_1,0.7635726795096323,0.9917741678426597
2024,05,ITA.20.6.2_1,0.7408056042031524,0.9880708476622514
2024,05,ITA.20.6.20_1,0.712784588441331,0.9825497442877892
2024,05,ITA.20.6.21_1,0.7197898423817863,0.9840304873325826
2024,05,ITA.20.6.22_1,0.7355516637478109,0.9871170143402452
2024,05,ITA.20.6.23_1,0.7530647985989493,0.990151503558925
2024,05,ITA.20.6.24_1,0.7495621716287216,0.9895776877031939
2024,05,ITA.20.6.25_1,0.7408056042031524,0.9880708476622514
2024,05,ITA.20.6.26_1,0.6322241681260946,0.9605810741421048
2024,05,ITA.20.6.27_1,0.712784588441331,0.9825497442877892
2024,05,ITA.20.6.28_1,0.6900175131348513,0.9772696659571503
2024,05,ITA.20.6.29_1,0.6654991243432575,0.9707728879609279
2024,05,ITA.20.6.3_1,0.7285464098073555,0.9857869952479592
2024,05,ITA.20.6.30_1,0.6917688266199651,0.9777013859047148
2024,05,ITA.20.6.31_1,0.6725043782837129,0.9727157858285225
2024,05,ITA.20.6.32_1,0.7390542907180385,0.9877570551507087
2024,05,ITA.20.6.33_1,0.6427320490367776,0.9639730286683336
2024,05,ITA.20.6.34_1,0.63922942206655,0.9628603221651623
2024,05,ITA.20.6.35_1,0.7197898423817863,0.9840304873325826
2024,05,ITA.20.6.36_1,0.6952714535901927,0.97855199146494
2024,05,ITA.20.6.37_1,0.6742556917688267,0.9731906288081488
2024,05,ITA.20.6.38_1,0.6970227670753065,0.9789708882290628
2024,05,ITA.20.6.39_1,0.7040280210157619,0.9806038955664005
2024,05,ITA.20.6.4_1,0.7145359019264449,0.9829262434180909
2024,05,ITA.20.6.40_1,0.6970227670753065,0.9789708882290628
2024,05,ITA.20.6.41_1,0.7180385288966725,0.983666610188635
2024,05,ITA.20.6.42_1,0.7618213660245184,0.9915139938498094
2024,05,ITA.20.6.43_1,0.7845884413309984,0.9945772971468834
2024,05,ITA.20.6.44_1,0.7373029772329247,0.987439112046915
2024,05,ITA.20.6.45_1,0.660245183887916,0.9692698282728087
2024,05,ITA.20.6.46_1,0.7478108581436077,0.9892845899942038
2024,05,ITA.20.6.47_1,0.6900175131348513,0.9772696659571503
2024,05,ITA.20.6.48_1,0.7057793345008757,0.9810015290507961
2024,05,ITA.20.6.49_1,0.7180385288966725,0.983666610188635
2024,05,ITA.20.6.5_1,0.7180385288966725,0.983666610188635
2024,05,ITA.20.6.50_1,0.7285464098073555,0.9857869952479592
2024,05,ITA.20.6.51_1,0.6865148861646235,0.9763933633531108
2024,05,ITA.20.6.52_1,0.6917688266199651,0.9777013859047148
2024,05,ITA.20.6.53_1,0.7232924693520141,0.9847456524402634
2024,05,ITA.20.6.54_1,0.7267950963222417,0.9854440623394105
2024,05,ITA.20.6.55_1,0.6409807355516638,0.9634189120003821
2024,05,ITA.20.6.56_1,0.7320490367775833,0.98646033878712025
2024,05,ITA.20.6.57_1,0.7215411558669002,0.9843901665498289
2024,05,ITA.20.6.58_1,0.6637478108581437,0.970276249322841
2024,05,ITA.20.6.59_1,0.6882661996497373,0.976833660353696
2024,05,ITA.20.6.6_1,0.7197898423817863,0.9840304873325826
2024,05,ITA.20.6.60_1,0.7583187390542908,0.9909813318120578
2024,05,ITA.20.6.61_1,0.7110332749562173,0.9821690282227392
2024,05,ITA.20.6.62_1,0.6935201401050789,0.9781288258711119
2024,05,ITA.20.6.63_1,0.7548161120840631,0.9904322288778774
2024,05,ITA.20.6.64_1,0.7390542907180385,0.9877570551507087
2024,05,ITA.20.6.65_1,0.7232924693520141,0.9847456524402634
2024,05,ITA.20.6.66_1,0.6952714535901927,0.97855199146494
2024,05,ITA.20.6.67_1,0.7075306479859896,0.9813949256033475
2024,05,ITA.20.6.68_1,0.7215411558669002,0.9843901665498289
2024,05,ITA.20.6.69_1,0.7758318739054292,0.9934807496876826
2024,05,ITA.20.6.7_1,0.7180385288966725,0.983666610188635
2024,05,ITA.20.6.70_1,0.7250437828371279,0.9850969495435462
2024,05,ITA.20.6.71_1,0.7075306479859896,0.9813949256033475
2024,05,ITA.20.6.72_1,0.7565674255691769,0.9907088371464141
2024,05,ITA.20.6.73_1,0.6619964973730298,0.9697752316903129
2024,05,ITA.20.6.74_1,0.7162872154115587,0.9832985304575615
2024,05,ITA.20.6.75_1,0.6970227670753065,0.9789708882290628
2024,05,ITA.20.6.76_1,0.7110332749562173,0.9821690282227392
2024,05,ITA.20.6.77_1,0.7373029772329247,0.987439112046915
2024,05,ITA.20.6.78_1,0.7145359019264449,0.9829262434180909
2024,05,ITA.20.6.79_1,0.62697022767075306,0.9588242800430119
2024,05,ITA.20.6.8_1,0.7250437828371279,0.9850969495435462
2024,05,ITA.20.6.80_1,0.6952714535901927,0.97855199146494
2024,05,ITA.20.6.81_1,0.6795096322241682,0.9745891442038537
2024,05,ITA.20.6.82_1,0.6900175131348513,0.9772696659571503
2024,05,ITA.20.6.83_1,0.712784588441331,0.9825497442877892
2024,05,ITA.20.6.84_1,0.7057793345008757,0.9810015290507961
2024,05,ITA.20.6.85_1,0.76707530647986,0.9922822179198819
2024,05,ITA.20.6.86_1,0.7110332749562173,0.9821690282227392
2024,05,ITA.20.6.87_1,0.7390542907180385,0.9877570551507087
2024,05,ITA.20.6.88_1,0.6882661996497373,0.976833660353696
2024,05,ITA.20.6.89_1,0.7583187390542908,0.9909813318120578
2024,05,ITA.20.6.9_1,0.6917688266199651,0.9777013859047148
2024,05,ITA.20.6.90_1,0.6777583187390543,0.9741273017424364
2024,05,ITA.20.6.91_1,0.7373029772329247,0.987439112046915
2024,05,ITA.20.6.92_1,0.7110332749562173,0.9821690282227392
2024,05,ITA.20.6.93_1,0.6795096322241682,0.9745891442038537
2024,05,ITA.20.6.94_1,0.7425569176882663,0.9883804935347521
2024,05,ITA.20.6.95_1,0.7635726795096323,0.9917741678426597
2024,05,ITA.20.6.96_1,0.7005253940455343,0.9797958971132712
2024,05,ITA.20.6.97_1,0.7635726795096323,0.9917741678426597
2024,05,ITA.20.6.98_1,0.7197898423817863,0.9840304873325826
2024,05,ITA.20.7.1_1,0.6970227670753065,0.9789708882290628
2024,05,ITA.20.7.10_1,0.6795096322241682,0.9745891442038537
2024,05,ITA.20.7.100_1,0.6847635726795097,0.9759487691472335
2024,05,ITA.20.7.101_1,0.7022767075306481,0.9802020199938377
2024,05,ITA.20.7.102_1,0.6514886164623468,0.9666767815562759
2024,05,ITA.20.7.103_1,0.7443082311733801,0.9886859966642594
2024,05,ITA.20.7.104_1,0.7180385288966725,0.983666610188635
2024,05,ITA.20.7.105_1,0.7565674255691769,0.9907088371464141
2024,05,ITA.20.7.106_1,0.7040280210157619,0.9806038955664005
2024,05,ITA.20.7.107_1,0.7320490367775833,0.98646033878712025
2024,05,ITA.20.7.108_1,0.7145359019264449,0.9829262434180909
2024,05,ITA.20.7.109_1,0.6952714535901927,0.97855199146494
2024,05,ITA.20.7.11_1,0.7057793345008757,0.9810015290507961
2024,05,ITA.20.7.110_1,0.7022767075306481,0.9802020199938377
2024,05,ITA.20.7.111_1,0.6795096322241682,0.9745891442038537
2024,05,ITA.20.7.112_1,0.6847635726795097,0.9759487691472335
2024,05,ITA.20.7.113_1,0.7075306479859896,0.9813949256033475
2024,05,ITA.20.7.114_1,0.7408056042031524,0.9880708476622514
2024,05,ITA.20.7.115_1,0.7460595446584939,0.9889873608899156
2024,05,ITA.20.7.116_1,0.7162872154115587,0.9832985304575615
2024,05,ITA.20.7.117_1,0.7950963222416814,0.9957590069891409
2024,05,ITA.20.7.118_1,0.7618213660245184,0.9915139938498094
2024,05,ITA.20.7.119_1,0.6725043782837129,0.9727157858285225
2024,05,ITA.20.7.12_1,0.7197898423817863,0.9840304873325826
2024,05,ITA.20.7.120_1,0.6935201401050789,0.9781288258711119
2024,05,ITA.20.7.121_1,0.7478108581436077,0.9892845899942038
2024,05,ITA.20.7.13_1,0.6987740805604205,0.9793855216409929
2024,05,ITA.20.7.14_1,0.7355516637478109,0.9871170143402452
2024,05,ITA.20.7.15_1,0.7197898423817863,0.9840304873325826
2024,05,ITA.20.7.16_1,0.7653239929947461,0.9920302414745228
2024,05,ITA.20.7.17_1,0.7145359019264449,0.9829262434180909
2024,05,ITA.20.7.18_1,0.7688266199649738,0.9925301002992302
2024,05,ITA.20.7.19_1,0.777583187390543,0.9937082066683358
2024,05,ITA.20.7.2_1,0.7145359019264449,0.9829262434180909
2024,05,ITA.20.7.20_1,0.7425569176882663,0.9883804935347521
2024,05,ITA.20.7.21_1,0.7548161120840631,0.9904322288778774
2024,05,ITA.20.7.22_1,0.7057793345008757,0.9810015290507961
2024,05,ITA.20.7.23_1,0.7338003502626971,0.986790757962396
2024,05,ITA.20.7.24_1,0.8003502626970229,0.9962951369950573
2024,05,ITA.20.7.25_1,0.7162872154115587,0.9832985304575615
2024,05,ITA.20.7.26_1,0.7215411558669002,0.9843901665498289
2024,05,ITA.20.7.27_1,0.7197898423817863,0.9840304873325826
2024,05,ITA.20.7.28_1,0.6952714535901927,0.97855199146494
2024,05,ITA.20.7.29_1,0.7145359019264449,0.9829262434180909
2024,05,ITA.20.7.3_1,0.7075306479859896,0.9813949256033475
2024,05,ITA.20.7.30_1,0.6795096322241682,0.9745891442038537
2024,05,ITA.20.7.31_1,0.7373029772329247,0.987439112046915
2024,05,ITA.20.7.32_1,0.6795096322241682,0.9745891442038537
2024,05,ITA.20.7.33_1,0.7022767075306481,0.9802020199938377
2024,05,ITA.20.7.34_1,0.6882661996497373,0.976833660353696
2024,05,ITA.20.7.35_1,0.7723292469352014,0.9930135950730987
2024,05,ITA.20.7.36_1,0.7635726795096323,0.9917741678426597
2024,05,ITA.20.7.37_1,0.6532399299474606,0.9672042183530839
2024,05,ITA.20.7.38_1,0.7425569176882663,0.9883804935347521
2024,05,ITA.20.7.39_1,0.7338003502626971,0.986790757962396
2024,05,ITA.20.7.4_1,0.7355516637478109,0.9871170143402452
2024,05,ITA.20.7.40_1,0.7460595446584939,0.9889873608899156
2024,05,ITA.20.7.41_1,0.7793345008756568,0.993931587182941
2024,05,ITA.20.7.42_1,0.7495621716287216,0.9895776877031939
2024,05,ITA.20.7.43_1,0.7443082311733801,0.9886859966642594
2024,05,ITA.20.7.44_1,0.7425569176882663,0.9883804935347521
2024,05,ITA.20.7.45_1,0.6935201401050789,0.9781288258711119
2024,05,ITA.20.7.46_1,0.6935201401050789,0.9781288258711119
2024,05,ITA.20.7.47_1,0.670753064798599,0.9722365967191319
2024,05,ITA.20.7.48_1,0.7110332749562173,0.9821690282227392
2024,05,ITA.20.7.49_1,0.6760070052539405,0.9736611320166786
2024,05,ITA.20.7.5_1,0.6357267950963222,0.9617296917533533
2024,05,ITA.20.7.50_1,0.6970227670753065,0.9789708882290628
2024,05,ITA.20.7.51_1,0.7267950963222417,0.9854440623394105
2024,05,ITA.20.7.52_1,0.6935201401050789,0.9781288258711119
2024,05,ITA.20.7.53_1,0.6777583187390543,0.9741273017424364
2024,05,ITA.20.7.54_1,0.76707530647986,0.9922822179198819
2024,05,ITA.20.7.55_1,0.7408056042031524,0.9880708476622514
2024,05,ITA.20.7.56_1,0.6865148861646235,0.9763933633531108
2024,05,ITA.20.7.57_1,0.7460595446584939,0.9889873608899156
2024,05,ITA.20.7.58_1,0.7285464098073555,0.9857869952479592
2024,05,ITA.20.7.59_1,0.7267950963222417,0.9854440623394105
2024,05,ITA.20.7.6_1,0.7110332749562173,0.9821690282227392
2024,05,ITA.20.7.60_1,0.7425569176882663,0.9883804935347521
2024,05,ITA.20.7.61_1,0.7390542907180385,0.9877570551507087
2024,05,ITA.20.7.62_1,0.6987740805604205,0.9793855216409929
2024,05,ITA.20.7.63_1,0.7338003502626971,0.986790757962396
2024,05,ITA.20.7.64_1,0.7250437828371279,0.9850969495435462
2024,05,ITA.20.7.65_1,0.7075306479859896,0.9813949256033475
2024,05,ITA.20.7.66_1,0.7355516637478109,0.9871170143402452
2024,05,ITA.20.7.67_1,0.7162872154115587,0.9832985304575615
2024,05,ITA.20.7.68_1,0.6865148861646235,0.9763933633531108
2024,05,ITA.20.7.69_1,0.7022767075306481,0.9802020199938377
2024,05,ITA.20.7.7_1,0.6777583187390543,0.9741273017424364
2024,05,ITA.20.7.70_1,0.7635726795096323,0.9917741678426597
2024,05,ITA.20.7.71_1,0.7408056042031524,0.9880708476622514
2024,05,ITA.20.7.72_1,0.7302977232924693,0.9861257526299574
2024,05,ITA.20.7.73_1,0.7828371278458844,0.9943661297530201
2024,05,ITA.20.7.74_1,0.6795096322241682,0.9745891442038537
2024,05,ITA.20.7.75_1,0.7425569176882663,0.9883804935347521
2024,05,ITA.20.7.76_1,0.7040280210157619,0.9806038955664005
2024,05,ITA.20.7.77_1,0.7197898423817863,0.9840304873325826
2024,05,ITA.20.7.78_1,0.7408056042031524,0.9880708476622514
2024,05,ITA.20.7.79_1,0.6619964973730298,0.9697752316903129
2024,05,ITA.20.7.8_1,0.6987740805604205,0.9793855216409929
2024,05,ITA.20.7.80_1,0.6339754816112084,0.9611576353543679
2024,05,ITA.20.7.81_1,0.7443082311733801,0.9886859966642594
2024,05,ITA.20.7.82_1,0.7338003502626971,0.986790757962396
2024,05,ITA.20.7.83_1,0.7425569176882663,0.9883804935347521
2024,05,ITA.20.7.84_1,0.6619964973730298,0.9697752316903129
2024,05,ITA.20.7.85_1,0.6742556917688267,0.9731906288081488
2024,05,ITA.20.7.86_1,0.7495621716287216,0.9895776877031939
2024,05,ITA.20.7.87_1,0.7285464098073555,0.9857869952479592
2024,05,ITA.20.7.88_1,0.6900175131348513,0.9772696659571503
2024,05,ITA.20.7.89_1,0.7022767075306481,0.9802020199938377
2024,05,ITA.20.7.9_1,0.6795096322241682,0.9745891442038537
2024,05,ITA.20.7.90_1,0.7723292469352014,0.9930135950730987
2024,05,ITA.20.7.91_1,0.7390542907180385,0.9877570551507087
2024,05,ITA.20.7.92_1,0.7250437828371279,0.9850969495435462
2024,05,ITA.20.7.93_1,0.6549912434325745,0.9677272342969376
2024,05,ITA.20.7.94_1,0.6917688266199651,0.9777013859047148
2024,05,ITA.20.7.95_1,0.7705779334500876,0.9927738916792685
2024,05,ITA.20.7.96_1,0.76707530647986,0.9922822179198819
2024,05,ITA.20.7.97_1,0.7618213660245184,0.9915139938498094
2024,05,ITA.20.7.98_1,0.7355516637478109,0.9871170143402452
2024,05,ITA.20.7.99_1,0.7513134851138354,0.9898666576867816
2024,05,ITA.3.1.1_1,0.5096322241681261,0.9084470265238365
2024,05,ITA.3.1.10_1,0.5166374781085814,0.9120855223058855
2024,05,ITA.3.1.11_1,0.5236427320490368,0.9156396671180208
2024,05,ITA.3.1.12_1,0.5166374781085814,0.9120855223058855
2024,05,ITA.3.1.13_1,0.5148861646234676,0.9111838453352868
2024,05,ITA.3.1.14_1,0.5394045534150613,0.923333092659415
2024,05,ITA.3.1.15_1,0.4938704028021016,0.8999466650863261
2024,05,ITA.3.1.16_1,0.6164623467600701,0.955187939622355
2024,05,ITA.3.1.17_1,0.5481611208406305,0.9274287034591931
2024,05,ITA.3.1.18_1,0.660245183887916,0.9692698282728087
2024,05,ITA.3.1.19_1,0.5709281961471104,0.9374945333173949
2024,05,ITA.3.1.2_1,0.5639229422066551,0.9344859549506349
2024,05,ITA.3.1.20_1,0.5569176882661997,0.931398947819891
2024,05,ITA.3.1.21_1,0.63922942206655,0.9628603221651623
2024,05,ITA.3.1.22_1,0.56217162872154125,0.9337215859130601
2024,05,ITA.3.1.23_1,0.6199649737302978,0.9564183185196736
2024,05,ITA.3.1.24_1,0.47460595446584947,0.8889521921903337
2024,05,ITA.3.1.25_1,0.6077057793345009,0.9520315120835025
2024,05,ITA.3.1.26_1,0.4956217162872154,0.9009128703709366
2024,05,ITA.3.1.27_1,0.6217162872154116,0.9570266453970862
2024,05,ITA.3.1.28_1,0.5534150612959721,0.9298257901349047
2024,05,ITA.3.1.29_1,0.4973730297723292,0.9018736053350269
2024,05,ITA.3.1.3_1,0.6059544658493871,0.9513863568498342
2024,05,ITA.3.1.30_1,0.6164623467600701,0.955187939622355
2024,05,ITA.3.1.31_1,0.6182136602451839,0.9558054195284729
2024,05,ITA.3.1.4_1,0.5026269702276708,0.9047231620777706
2024,05,ITA.3.1.5_1,0.5201401050788091,0.9138730765264944
2024,05,ITA.3.1.6_1,0.6077057793345009,0.9520315120835025
2024,05,ITA.3.1.7_1,0.532399299474606,0.9199652167337633
2024,05,ITA.3.1.8_1,0.5236427320490368,0.9156396671180208
2024,05,ITA.3.1.9_1,0.5096322241681261,0.9084470265238365
2024,05,ITA.3.2.1_1,0.6427320490367776,0.9639730286683336
2024,05,ITA.3.2.10_1,0.5569176882661997,0.931398947819891
2024,05,ITA.3.2.100_1,0.6077057793345009,0.9520315120835025
2024,05,ITA.3.2.11_1,0.5779334500875658,0.9404254356406998
2024,05,ITA.3.2.12_1,0.5796847635726796,0.9411461098044235
2024,05,ITA.3.2.13_1,0.6252189141856392,0.9582296175760798
2024,05,ITA.3.2.14_1,0.5691768826619966,0.9367496997597597
2024,05,ITA.3.2.15_1,0.6339754816112084,0.9611576353543679
2024,05,ITA.3.2.16_1,0.6182136602451839,0.9558054195284729
2024,05,ITA.3.2.17_1,0.5288966725043783,0.918250510481753
2024,05,ITA.3.2.18_1,0.5726795096322242,0.9382345122622595
2024,05,ITA.3.2.19_1,0.628721541155867,0.9594144047282176
2024,05,ITA.3.2.2_1,0.5849387040280211,0.9432793859721519
2024,05,ITA.3.2.20_1,0.6322241681260946,0.9605810741421048
2024,05,ITA.3.2.21_1,0.6549912434325745,0.9677272342969376
2024,05,ITA.3.2.22_1,0.6935201401050789,0.9781288258711119
2024,05,ITA.3.2.23_1,0.5446584938704029,0.9258055951440345
2024,05,ITA.3.2.24_1,0.6584938704028022,0.9687600322061186
2024,05,ITA.3.2.25_1,0.5954465849387042,0.9474175425861608
2024,05,ITA.3.2.26_1,0.5796847635726796,0.9411461098044235
2024,05,ITA.3.2.27_1,0.628721541155867,0.9594144047282176
2024,05,ITA.3.2.28_1,0.5884413309982488,0.9446777228240327
2024,05,ITA.3.2.29_1,0.6847635726795097,0.9759487691472335
2024,05,ITA.3.2.3_1,0.5376532399299475,0.9224987804869988
2024,05,ITA.3.2.30_1,0.649737302977233,0.9661449166662318
2024,05,ITA.3.2.31_1,0.5516637478108581,0.9290317540321213
2024,05,ITA.3.2.32_1,0.5639229422066551,0.9344859549506349
2024,05,ITA.3.2.33_1,0.6199649737302978,0.9564183185196736
2024,05,ITA.3.2.34_1,0.5569176882661997,0.931398947819891
2024,05,ITA.3.2.35_1,0.5253940455341506,0.916515138991168
2024,05,ITA.3.2.36_1,0.6234676007005254,0.9576304088739037
2024,05,ITA.3.2.37_1,0.6042031523642732,0.9507365565707464
2024,05,ITA.3.2.38_1,0.5674255691768827,0.936
2024,05,ITA.3.2.39_1,0.6900175131348513,0.9772696659571503
2024,05,ITA.3.2.4_1,0.5569176882661997,0.931398947819891
2024,05,ITA.3.2.40_1,0.6304728546409808,0.96
2024,05,ITA.3.2.41_1,0.6252189141856392,0.9582296175760798
2024,05,ITA.3.2.42_1,0.7022767075306481,0.9802020199938377
2024,05,ITA.3.2.43_1,0.4623467600700526,0.8815985480931783
2024,05,ITA.3.2.44_1,0.7285464098073555,0.9857869952479592
2024,05,ITA.3.2.45_1,0.6444833625218914,0.9645226798784983
2024,05,ITA.3.2.46_1,0.6252189141856392,0.9582296175760798
2024,05,ITA.3.2.47_1,0.5849387040280211,0.9432793859721519
2024,05,ITA.3.2.48_1,0.5499124343257443,0.9282327294380435
2024,05,ITA.3.2.49_1,0.5639229422066551,0.9344859549506349
2024,05,ITA.3.2.5_1,0.5394045534150613,0.923333092659415
2024,05,ITA.3.2.50_1,0.6462346760070053,0.965067873260736
2024,05,ITA.3.2.51_1,0.4956217162872154,0.9009128703709366
2024,05,ITA.3.2.52_1,0.6112084063047285,0.9533079250693346
2024,05,ITA.3.2.53_1,0.6690017513134852,0.9717530550505102
2024,05,ITA.3.2.54_1,0.6427320490367776,0.9639730286683336
2024,05,ITA.3.2.55_1,0.6182136602451839,0.9558054195284729
2024,05,ITA.3.2.56_1,0.5604203152364273,0.9329523031752481
2024,05,ITA.3.2.57_1,0.5201401050788091,0.9138730765264944
2024,05,ITA.3.2.58_1,0.670753064798599,0.9722365967191319
2024,05,ITA.3.2.59_1,0.6059544658493871,0.9513863568498342
2024,05,ITA.3.2.6_1,0.6129597197898424,0.9539392014169457
2024,05,ITA.3.2.60_1,0.5341506129597198,0.920814856526544
2024,05,ITA.3.2.61_1,0.5796847635726796,0.9411461098044235
2024,05,ITA.3.2.62_1,0.532399299474606,0.9199652167337633
2024,05,ITA.3.2.63_1,0.5831873905429072,0.9425730740902798
2024,05,ITA.3.2.64_1,0.5744308231173381,0.9389696480717574
2024,05,ITA.3.2.65_1,0.5761821366024519,0.939699952112375
2024,05,ITA.3.2.66_1,0.628721541155867,0.9594144047282176
2024,05,ITA.3.2.67_1,0.6112084063047285,0.9533079250693346
2024,05,ITA.3.2.68_1,0.6077057793345009,0.9520315120835025
2024,05,ITA.3.2.69_1,0.6444833625218914,0.9645226798784983
2024,05,ITA.3.2.7_1,0.6409807355516638,0.9634189120003821
2024,05,ITA.3.2.70_1,0.5656742556917689,0.9352454223357631
2024,05,ITA.3.2.71_1,0.6952714535901927,0.97855199146494
2024,05,ITA.3.2.72_1,0.56217162872154125,0.9337215859130601
2024,05,ITA.3.2.73_1,0.5674255691768827,0.936
2024,05,ITA.3.2.74_1,0.5359019264448337,0.9216593730874764
2024,05,ITA.3.2.75_1,0.5744308231173381,0.9389696480717574
2024,05,ITA.3.2.76_1,0.6182136602451839,0.9558054195284729
2024,05,ITA.3.2.77_1,0.586690017513135,0.9439809320108113
2024,05,ITA.3.2.78_1,0.5726795096322242,0.9382345122622595
2024,05,ITA.3.2.79_1,0.5919439579684764,0.946057080730333
2024,05,ITA.3.2.8_1,0.6427320490367776,0.9639730286683336
2024,05,ITA.3.2.80_1,0.586690017513135,0.9439809320108113
2024,05,ITA.3.2.81_1,0.660245183887916,0.9692698282728087
2024,05,ITA.3.2.82_1,0.597197898423818,0.9480907129594721
2024,05,ITA.3.2.83_1,0.586690017513135,0.9439809320108113
2024,05,ITA.3.2.84_1,0.6182136602451839,0.9558054195284729
2024,05,ITA.3.2.85_1,0.63922942206655,0.9628603221651623
2024,05,ITA.3.2.86_1,0.6339754816112084,0.9611576353543679
2024,05,ITA.3.2.87_1,0.5726795096322242,0.9382345122622595
2024,05,ITA.3.2.88_1,0.5604203152364273,0.9329523031752481
2024,05,ITA.3.2.89_1,0.6129597197898424,0.9539392014169457
2024,05,ITA.3.2.9_1,0.5744308231173381,0.9389696480717574
2024,05,ITA.3.2.90_1,0.5744308231173381,0.9389696480717574
2024,05,ITA.3.2.91_1,0.649737302977233,0.9661449166662318
2024,05,ITA.3.2.92_1,0.542907180385289,0.9249864863877743
2024,05,ITA.3.2.93_1,0.6339754816112084,0.9611576353543679
2024,05,ITA.3.2.94_1,0.649737302977233,0.9661449166662318
2024,05,ITA.3.2.95_1,0.5376532399299475,0.9224987804869988
2024,05,ITA.3.2.96_1,0.5919439579684764,0.946057080730333
2024,05,ITA.3.2.97_1,0.521891418563923,0.9147589846511485
2024,05,ITA.3.2.98_1,0.6549912434325745,0.9677272342969376
2024,05,ITA.3.2.99_1,0.6584938704028022,0.9687600322061186
2024,05,ITA.4.1.19_1,0.6917688266199651,0.9777013859047148
2024,05,ITA.4.1.24_1,0.7197898423817863,0.9840304873325826
2024,05,ITA.4.1.33_1,0.7408056042031524,0.9880708476622514
2024,05,ITA.4.1.39_1,0.5604203152364273,0.9329523031752481
2024,05,ITA.4.1.41_1,0.6917688266199651,0.9777013859047148
2024,05,ITA.4.1.42_1,0.670753064798599,0.9722365967191319
2024,05,ITA.4.1.46_1,0.6760070052539405,0.9736611320166786
2024,05,ITA.4.1.47_1,0.6865148861646235,0.9763933633531108
2024,05,ITA.4.1.52_1,0.521891418563923,0.9147589846511485
2024,05,ITA.4.1.56_1,0.6900175131348513,0.9772696659571503
2024,05,ITA.4.1.7_1,0.5639229422066551,0.9344859549506349
2024,05,ITA.4.1.72_1,0.6339754816112084,0.9611576353543679
2024,05,ITA.4.1.76_1,0.5569176882661997,0.931398947819891
2024,05,ITA.4.2.1_1,0.660245183887916,0.9692698282728087
2024,05,ITA.4.2.10_1,0.7040280210157619,0.9806038955664005
2024,05,ITA.4.2.100_1,0.6322241681260946,0.9605810741421048
2024,05,ITA.4.2.101_1,0.6865148861646235,0.9763933633531108
2024,05,ITA.4.2.102_1,0.6690017513134852,0.9717530550505102
2024,05,ITA.4.2.103_1,0.6007005253940456,0.9494229826584145
2024,05,ITA.4.2.104_1,0.6935201401050789,0.9781288258711119
2024,05,ITA.4.2.105_1,0.6234676007005254,0.9576304088739037
2024,05,ITA.4.2.106_1,0.5831873905429072,0.9425730740902798
2024,05,ITA.4.2.107_1,0.7092819614711035,0.9817840903172144
2024,05,ITA.4.2.108_1,0.6182136602451839,0.9558054195284729
2024,05,ITA.4.2.109_1,0.660245183887916,0.9692698282728087
2024,05,ITA.4.2.11_1,0.6357267950963222,0.9617296917533533
2024,05,ITA.4.2.110_1,0.6357267950963222,0.9617296917533533
2024,05,ITA.4.2.111_1,0.6322241681260946,0.9605810741421048
2024,05,ITA.4.2.112_1,0.6952714535901927,0.97855199146494
2024,05,ITA.4.2.113_1,0.6374781085814362,0.962297251372984
2024,05,ITA.4.2.114_1,0.670753064798599,0.9722365967191319
2024,05,ITA.4.2.115_1,0.649737302977233,0.9661449166662318
2024,05,ITA.4.2.116_1,0.6777583187390543,0.9741273017424364
2024,05,ITA.4.2.117_1,0.6147110332749562,0.954565869911553
2024,05,ITA.4.2.118_1,0.6129597197898424,0.9539392014169457
2024,05,ITA.4.2.119_1,0.6549912434325745,0.9677272342969376
2024,05,ITA.4.2.12_1,0.6007005253940456,0.9494229826584145
2024,05,ITA.4.2.120_1,0.7320490367775833,0.98646033878712025
2024,05,ITA.4.2.121_1,0.6795096322241682,0.9745891442038537
2024,05,ITA.4.2.122_1,0.6672504378283713,0.9712651543219287
2024,05,ITA.4.2.123_1,0.6672504378283713,0.9712651543219287
2024,05,ITA.4.2.124_1,0.7057793345008757,0.9810015290507961
2024,05,ITA.4.2.125_1,0.6532399299474606,0.9672042183530839
2024,05,ITA.4.2.126_1,0.6409807355516638,0.9634189120003821
2024,05,ITA.4.2.127_1,0.6094570928196147,0.9526720317087093
2024,05,ITA.4.2.128_1,0.63922942206655,0.9628603221651623
2024,05,ITA.4.2.129_1,0.6584938704028022,0.9687600322061186
2024,05,ITA.4.2.13_1,0.6795096322241682,0.9745891442038537
2024,05,ITA.4.2.130_1,0.6444833625218914,0.9645226798784983
2024,05,ITA.4.2.131_1,0.6357267950963222,0.9617296917533533
2024,05,ITA.4.2.132_1,0.7022767075306481,0.9802020199938377
2024,05,ITA.4.2.133_1,0.7267950963222417,0.9854440623394105
2024,05,ITA.4.2.134_1,0.63922942206655,0.9628603221651623
2024,05,ITA.4.2.135_1,0.6567425569176883,0.9682458365518543
2024,05,ITA.4.2.136_1,0.670753064798599,0.9722365967191319
2024,05,ITA.4.2.137_1,0.6900175131348513,0.9772696659571503
2024,05,ITA.4.2.138_1,0.6970227670753065,0.9789708882290628
2024,05,ITA.4.2.139_1,0.6830122591943959,0.9754998718605759
2024,05,ITA.4.2.14_1,0.6357267950963222,0.9617296917533533
2024,05,ITA.4.2.141_1,0.6024518388791593,0.9500821017154254
2024,05,ITA.4.2.142_1,0.7460595446584939,0.9889873608899156
2024,05,ITA.4.2.143_1,0.542907180385289,0.9249864863877743
2024,05,ITA.4.2.144_1,0.5464098073555167,0.9266196630764966
2024,05,ITA.4.2.145_1,0.7197898423817863,0.9840304873325826
2024,05,ITA.4.2.146_1,0.7145359019264449,0.9829262434180909
2024,05,ITA.4.2.147_1,0.6725043782837129,0.9727157858285225
2024,05,ITA.4.2.148_1,0.62697022767075306,0.9588242800430119
2024,05,ITA.4.2.149_1,0.7267950963222417,0.9854440623394105
2024,05,ITA.4.2.15_1,0.6690017513134852,0.9717530550505102
2024,05,ITA.4.2.150_1,0.6637478108581437,0.970276249322841
2024,05,ITA.4.2.151_1,0.6462346760070053,0.965067873260736
2024,05,ITA.4.2.152_1,0.649737302977233,0.9661449166662318
2024,05,ITA.4.2.153_1,0.6970227670753065,0.9789708882290628
2024,05,ITA.4.2.154_1,0.6182136602451839,0.9558054195284729
2024,05,ITA.4.2.155_1,0.6654991243432575,0.9707728879609279
2024,05,ITA.4.2.16_1,0.6514886164623468,0.9666767815562759
2024,05,ITA.4.2.17_1,0.6147110332749562,0.954565869911553
2024,05,ITA.4.2.18_1,0.6409807355516638,0.9634189120003821
2024,05,ITA.4.2.19_1,0.6584938704028022,0.9687600322061186
2024,05,ITA.4.2.2_1,0.6987740805604205,0.9793855216409929
2024,05,ITA.4.2.20_1,0.6374781085814362,0.962297251372984
2024,05,ITA.4.2.21_1,0.6742556917688267,0.9731906288081488
2024,05,ITA.4.2.22_1,0.62697022767075306,0.9588242800430119
2024,05,ITA.4.2.23_1,0.6409807355516638,0.9634189120003821
2024,05,ITA.4.2.24_1,0.6427320490367776,0.9639730286683336
2024,05,ITA.4.2.25_1,0.670753064798599,0.9722365967191319
2024,05,ITA.4.2.26_1,0.6339754816112084,0.9611576353543679
2024,05,ITA.4.2.27_1,0.62697022767075306,0.9588242800430119
2024,05,ITA.4.2.28_1,0.6234676007005254,0.9576304088739037
2024,05,ITA.4.2.29_1,0.7197898423817863,0.9840304873325826
2024,05,ITA.4.2.3_1,0.6042031523642732,0.9507365565707464
2024,05,ITA.4.2.30_1,0.6339754816112084,0.9611576353543679
2024,05,ITA.4.2.31_1,0.6514886164623468,0.9666767815562759
2024,05,ITA.4.2.32_1,0.6357267950963222,0.9617296917533533
2024,05,ITA.4.2.33_1,0.6654991243432575,0.9707728879609279
2024,05,ITA.4.2.34_1,0.5464098073555167,0.9266196630764966
2024,05,ITA.4.2.35_1,0.6234676007005254,0.9576304088739037
2024,05,ITA.4.2.36_1,0.6725043782837129,0.9727157858285225
2024,05,ITA.4.2.37_1,0.6532399299474606,0.9672042183530839
2024,05,ITA.4.2.38_1,0.6182136602451839,0.9558054195284729
2024,05,ITA.4.2.39_1,0.6339754816112084,0.9611576353543679
2024,05,ITA.4.2.4_1,0.6830122591943959,0.9754998718605759
2024,05,ITA.4.2.40_1,0.6304728546409808,0.96
2024,05,ITA.4.2.41_1,0.6637478108581437,0.970276249322841
2024,05,ITA.4.2.42_1,0.6725043782837129,0.9727157858285225
2024,05,ITA.4.2.43_1,0.6479859894921192,0.9656086163658648
2024,05,ITA.4.2.44_1,0.6760070052539405,0.9736611320166786
2024,05,ITA.4.2.45_1,0.6007005253940456,0.9494229826584145
2024,05,ITA.4.2.46_1,0.6532399299474606,0.9672042183530839
2024,05,ITA.4.2.49_1,0.6374781085814362,0.962297251372984
2024,05,ITA.4.2.5_1,0.6549912434325745,0.9677272342969376
2024,05,ITA.4.2.50_1,0.6444833625218914,0.9645226798784983
2024,05,ITA.4.2.51_1,0.6690017513134852,0.9717530550505102
2024,05,ITA.4.2.52_1,0.63922942206655,0.9628603221651623
2024,05,ITA.4.2.53_1,0.6567425569176883,0.9682458365518543
2024,05,ITA.4.2.54_1,0.6882661996497373,0.976833660353696
2024,05,ITA.4.2.55_1,0.6567425569176883,0.9682458365518543
2024,05,ITA.4.2.56_1,0.6339754816112084,0.9611576353543679
2024,05,ITA.4.2.57_1,0.6322241681260946,0.9605810741421048
2024,05,ITA.4.2.58_1,0.62697022767075306,0.9588242800430119
2024,05,ITA.4.2.59_1,0.6182136602451839,0.9558054195284729
2024,05,ITA.4.2.6_1,0.6042031523642732,0.9507365565707464
2024,05,ITA.4.2.60_1,0.6952714535901927,0.97855199146494
2024,05,ITA.4.2.61_1,0.6024518388791593,0.9500821017154254
2024,05,ITA.4.2.62_1,0.6322241681260946,0.9605810741421048
2024,05,ITA.4.2.63_1,0.712784588441331,0.9825497442877892
2024,05,ITA.4.2.64_1,0.6532399299474606,0.9672042183530839
2024,05,ITA.4.2.65_1,0.5954465849387042,0.9474175425861608
2024,05,ITA.4.2.66_1,0.6077057793345009,0.9520315120835025
2024,05,ITA.4.2.67_1,0.6339754816112084,0.9611576353543679
2024,05,ITA.4.2.68_1,0.6112084063047285,0.9533079250693346
2024,05,ITA.4.2.69_1,0.6917688266199651,0.9777013859047148
2024,05,ITA.4.2.7_1,0.6549912434325745,0.9677272342969376
2024,05,ITA.4.2.70_1,0.6304728546409808,0.96
2024,05,ITA.4.2.71_1,0.670753064798599,0.9722365967191319
2024,05,ITA.4.2.72_1,0.6164623467600701,0.955187939622355
2024,05,ITA.4.2.73_1,0.6409807355516638,0.9634189120003821
2024,05,ITA.4.2.74_1,0.6619964973730298,0.9697752316903129
2024,05,ITA.4.2.75_1,0.6304728546409808,0.96
2024,05,ITA.4.2.76_1,0.6549912434325745,0.9677272342969376
2024,05,ITA.4.2.77_1,0.6094570928196147,0.9526720317087093
2024,05,ITA.4.2.78_1,0.63922942206655,0.9628603221651623
2024,05,ITA.4.2.79_1,0.6252189141856392,0.9582296175760798
2024,05,ITA.4.2.8_1,0.6760070052539405,0.9736611320166786
2024,05,ITA.4.2.80_1,0.670753064798599,0.9722365967191319
2024,05,ITA.4.2.81_1,0.6882661996497373,0.976833660353696
2024,05,ITA.4.2.82_1,0.6742556917688267,0.9731906288081488
2024,05,ITA.4.2.83_1,0.6182136602451839,0.9558054195284729
2024,05,ITA.4.2.84_1,0.6882661996497373,0.976833660353696
2024,05,ITA.4.2.85_1,0.6654991243432575,0.9707728879609279
2024,05,ITA.4.2.86_1,0.6094570928196147,0.9526720317087093
2024,05,ITA.4.2.87_1,0.6532399299474606,0.9672042183530839
2024,05,ITA.4.2.88_1,0.670753064798599,0.9722365967191319
2024,05,ITA.4.2.89_1,0.6024518388791593,0.9500821017154254
2024,05,ITA.4.2.9_1,0.6970227670753065,0.9789708882290628
2024,05,ITA.4.2.90_1,0.5989492119089318,0.9487591896788141
2024,05,ITA.4.2.91_1,0.6690017513134852,0.9717530550505102
2024,05,ITA.4.2.92_1,0.7443082311733801,0.9886859966642594
2024,05,ITA.4.2.93_1,0.6042031523642732,0.9507365565707464
2024,05,ITA.4.2.94_1,0.6112084063047285,0.9533079250693346
2024,05,ITA.4.2.95_1,0.5954465849387042,0.9474175425861608
2024,05,ITA.4.2.96_1,0.6549912434325745,0.9677272342969376
2024,05,ITA.4.2.97_1,0.6795096322241682,0.9745891442038537
2024,05,ITA.4.2.98_1,0.597197898423818,0.9480907129594721
2024,05,ITA.4.2.99_1,0.6865148861646235,0.9763933633531108
2024,05,ITA.4.3.1_1,0.5919439579684764,0.946057080730333
2024,05,ITA.4.3.10_1,0.6690017513134852,0.9717530550505102
2024,05,ITA.4.3.11_1,0.6882661996497373,0.976833660353696
2024,05,ITA.4.3.12_1,0.6182136602451839,0.9558054195284729
2024,05,ITA.4.3.13_1,0.6532399299474606,0.9672042183530839
2024,05,ITA.4.3.14_1,0.6847635726795097,0.9759487691472335
2024,05,ITA.4.3.15_1,0.5411558669001751,0.9241623234042816
2024,05,ITA.4.3.16_1,0.5779334500875658,0.9404254356406998
2024,05,ITA.4.3.17_1,0.5271453590192645,0.9173854151881858
2024,05,ITA.4.3.18_1,0.5901926444833626,0.9453697689264238
2024,05,ITA.4.3.19_1,0.521891418563923,0.9147589846511485
2024,05,ITA.4.3.2_1,0.6252189141856392,0.9582296175760798
2024,05,ITA.4.3.20_1,0.500875656742557,0.9037787339830473
2024,05,ITA.4.3.21_1,0.6812609457092821,0.975046665549911
2024,05,ITA.4.3.22_1,0.6042031523642732,0.9507365565707464
2024,05,ITA.4.3.23_1,0.5919439579684764,0.946057080730333
2024,05,ITA.4.3.24_1,0.5849387040280211,0.9432793859721519
2024,05,ITA.4.3.25_1,0.6619964973730298,0.9697752316903129
2024,05,ITA.4.3.26_1,0.7022767075306481,0.9802020199938377
2024,05,ITA.4.3.27_1,0.6830122591943959,0.9754998718605759
2024,05,ITA.4.3.3_1,0.6742556917688267,0.9731906288081488
2024,05,ITA.4.3.4_1,0.6830122591943959,0.9754998718605759
2024,05,ITA.4.3.5_1,0.6164623467600701,0.955187939622355
2024,05,ITA.4.3.6_1,0.6304728546409808,0.96
2024,05,ITA.4.3.7_1,0.6830122591943959,0.9754998718605759
2024,05,ITA.4.3.8_1,0.7250437828371279,0.9850969495435462
2024,05,ITA.4.3.9_1,0.5691768826619966,0.9367496997597597
2024,05,ITA.4.4.1_1,0.5096322241681261,0.9084470265238365
2024,05,ITA.4.4.10_1,0.6900175131348513,0.9772696659571503
2024,05,ITA.4.4.11_1,0.6024518388791593,0.9500821017154254
2024,05,ITA.4.4.12_1,0.5901926444833626,0.9453697689264238
2024,05,ITA.4.4.13_1,0.5901926444833626,0.9453697689264238
2024,05,ITA.4.4.14_1,0.6847635726795097,0.9759487691472335
2024,05,ITA.4.4.15_1,0.6567425569176883,0.9682458365518543
2024,05,ITA.4.4.16_1,0.5814360770577934,0.9418619856433319
2024,05,ITA.4.4.17_1,0.7758318739054292,0.9934807496876826
2024,05,ITA.4.4.18_1,0.6252189141856392,0.9582296175760798
2024,05,ITA.4.4.19_1,0.7302977232924693,0.9861257526299574
2024,05,ITA.4.4.2_1,0.670753064798599,0.9722365967191319
2024,05,ITA.4.4.20_1,0.6690017513134852,0.9717530550505102
2024,05,ITA.4.4.21_1,0.6654991243432575,0.9707728879609279
2024,05,ITA.4.4.22_1,0.5288966725043783,0.918250510481753
2024,05,ITA.4.4.23_1,0.6199649737302978,0.9564183185196736
2024,05,ITA.4.4.24_1,0.6444833625218914,0.9645226798784983
2024,05,ITA.4.4.25_1,0.6952714535901927,0.97855199146494
2024,05,ITA.4.4.26_1,0.670753064798599,0.9722365967191319
2024,05,ITA.4.4.27_1,0.6987740805604205,0.9793855216409929
2024,05,ITA.4.4.28_1,0.6952714535901927,0.97855199146494
2024,05,ITA.4.4.29_1,0.6252189141856392,0.9582296175760798
2024,05,ITA.4.4.3_1,0.6830122591943959,0.9754998718605759
2024,05,ITA.4.4.30_1,0.5674255691768827,0.936
2024,05,ITA.4.4.31_1,0.6479859894921192,0.9656086163658648
2024,05,ITA.4.4.32_1,0.6917688266199651,0.9777013859047148
2024,05,ITA.4.4.33_1,0.62697022767075306,0.9588242800430119
2024,05,ITA.4.4.34_1,0.6690017513134852,0.9717530550505102
2024,05,ITA.4.4.35_1,0.6532399299474606,0.9672042183530839
2024,05,ITA.4.4.36_1,0.6760070052539405,0.9736611320166786
2024,05,ITA.4.4.37_1,0.6777583187390543,0.9741273017424364
2024,05,ITA.4.4.38_1,0.6514886164623468,0.9666767815562759
2024,05,ITA.4.4.39_1,0.7215411558669002,0.9843901665498289
2024,05,ITA.4.4.4_1,0.6637478108581437,0.970276249322841
2024,05,ITA.4.4.40_1,0.649737302977233,0.9661449166662318
2024,05,ITA.4.4.41_1,0.6252189141856392,0.9582296175760798
2024,05,ITA.4.4.42_1,0.6637478108581437,0.970276249322841
2024,05,ITA.4.4.43_1,0.649737302977233,0.9661449166662318
2024,05,ITA.4.4.44_1,0.6549912434325745,0.9677272342969376
2024,05,ITA.4.4.45_1,0.6760070052539405,0.9736611320166786
2024,05,ITA.4.4.46_1,0.6830122591943959,0.9754998718605759
2024,05,ITA.4.4.47_1,0.6882661996497373,0.976833660353696
2024,05,ITA.4.4.48_1,0.63922942206655,0.9628603221651623
2024,05,ITA.4.4.49_1,0.7092819614711035,0.9817840903172144
2024,05,ITA.4.4.5_1,0.6725043782837129,0.9727157858285225
2024,05,ITA.4.4.50_1,0.5761821366024519,0.939699952112375
2024,05,ITA.4.4.51_1,0.6427320490367776,0.9639730286683336
2024,05,ITA.4.4.52_1,0.5674255691768827,0.936
2024,05,ITA.4.4.53_1,0.5936952714535902,0.9467396685467447
2024,05,ITA.4.4.54_1,0.6725043782837129,0.9727157858285225
2024,05,ITA.4.4.55_1,0.6760070052539405,0.9736611320166786
2024,05,ITA.4.4.56_1,0.6795096322241682,0.9745891442038537
2024,05,ITA.4.4.57_1,0.6970227670753065,0.9789708882290628
2024,05,ITA.4.4.58_1,0.7758318739054292,0.9934807496876826
2024,05,ITA.4.4.59_1,0.6217162872154116,0.9570266453970862
2024,05,ITA.4.4.6_1,0.5288966725043783,0.918250510481753
2024,05,ITA.4.4.60_1,0.7022767075306481,0.9802020199938377
2024,05,ITA.4.4.61_1,0.63922942206655,0.9628603221651623
2024,05,ITA.4.4.62_1,0.5464098073555167,0.9266196630764966
2024,05,ITA.4.4.63_1,0.7828371278458844,0.9943661297530201
2024,05,ITA.4.4.64_1,0.6987740805604205,0.9793855216409929
2024,05,ITA.4.4.65_1,0.4938704028021016,0.8999466650863261
2024,05,ITA.4.4.66_1,0.7057793345008757,0.9810015290507961
2024,05,ITA.4.4.67_1,0.532399299474606,0.9199652167337633
2024,05,ITA.4.4.68_1,0.7215411558669002,0.9843901665498289
2024,05,ITA.4.4.69_1,0.5586690017513135,0.9321780945720619
2024,05,ITA.4.4.7_1,0.7040280210157619,0.9806038955664005
2024,05,ITA.4.4.70_1,0.7740805604203153,0.9932492134404135
2024,05,ITA.4.4.71_1,0.6830122591943959,0.9754998718605759
2024,05,ITA.4.4.72_1,0.6584938704028022,0.9687600322061186
2024,05,ITA.4.4.73_1,0.5341506129597198,0.920814856526544
2024,05,ITA.4.4.74_1,0.6094570928196147,0.9526720317087093
2024,05,ITA.4.4.75_1,0.6147110332749562,0.954565869911553
2024,05,ITA.4.4.76_1,0.6357267950963222,0.9617296917533533
2024,05,ITA.4.4.77_1,0.5744308231173381,0.9389696480717574
2024,05,ITA.4.4.78_1,0.5884413309982488,0.9446777228240327
2024,05,ITA.4.4.79_1,0.5814360770577934,0.9418619856433319
2024,05,ITA.4.4.8_1,0.6234676007005254,0.9576304088739037
2024,05,ITA.4.4.80_1,0.62697022767075306,0.9588242800430119
2024,05,ITA.4.4.81_1,0.6252189141856392,0.9582296175760798
2024,05,ITA.4.4.82_1,0.6252189141856392,0.9582296175760798
2024,05,ITA.4.4.83_1,0.5814360770577934,0.9418619856433319
2024,05,ITA.4.4.84_1,0.586690017513135,0.9439809320108113
2024,05,ITA.4.4.85_1,0.6147110332749562,0.954565869911553
2024,05,ITA.4.4.86_1,0.6654991243432575,0.9707728879609279
2024,05,ITA.4.4.87_1,0.7408056042031524,0.9880708476622514
2024,05,ITA.4.4.88_1,0.6917688266199651,0.9777013859047148
2024,05,ITA.4.4.89_1,0.6304728546409808,0.96
2024,05,ITA.4.4.9_1,0.6795096322241682,0.9745891442038537
2024,05,ITA.4.4.90_1,0.6532399299474606,0.9672042183530839
2024,05,ITA.4.4.91_1,0.7075306479859896,0.9813949256033475
2024,05,ITA.4.4.92_1,0.7408056042031524,0.9880708476622514
2024,05,ITA.4.4.93_1,0.6742556917688267,0.9731906288081488
2024,05,ITA.4.4.94_1,0.6549912434325745,0.9677272342969376
2024,05,ITA.4.4.95_1,0.7005253940455343,0.9797958971132712
2024,05,ITA.4.4.96_1,0.6112084063047285,0.9533079250693346
2024,05,ITA.4.5.10_1,0.6567425569176883,0.9682458365518543
2024,05,ITA.4.5.19_1,0.7373029772329247,0.987439112046915
2024,05,ITA.4.5.24_1,0.7110332749562173,0.9821690282227392
2024,05,ITA.4.5.25_1,0.6952714535901927,0.97855199146494
2024,05,ITA.4.5.32_1,0.7215411558669002,0.9843901665498289
2024,05,ITA.4.5.8_1,0.6619964973730298,0.9697752316903129
2024,05,ITA.5.1.14_1,0.660245183887916,0.9692698282728087
2024,05,ITA.5.1.15_1,0.6322241681260946,0.9605810741421048
2024,05,ITA.5.1.30_1,0.6164623467600701,0.955187939622355
2024,05,ITA.5.1.31_1,0.660245183887916,0.9692698282728087
2024,05,ITA.5.1.37_1,0.5639229422066551,0.9344859549506349
2024,05,ITA.5.1.4_1,0.5341506129597198,0.920814856526544
2024,05,ITA.5.1.41_1,0.5744308231173381,0.9389696480717574
2024,05,ITA.5.1.43_1,0.6584938704028022,0.9687600322061186
2024,05,ITA.5.1.47_1,0.62697022767075306,0.9588242800430119
2024,05,ITA.5.1.51_1,0.5674255691768827,0.936
2024,05,ITA.5.1.60_1,0.542907180385289,0.9249864863877743
2024,05,ITA.5.1.61_1,0.6514886164623468,0.9666767815562759
2024,05,ITA.5.1.62_1,0.6690017513134852,0.9717530550505102
2024,05,ITA.5.1.68_1,0.6654991243432575,0.9707728879609279
2024,05,ITA.5.1.7_1,0.6427320490367776,0.9639730286683336
2024,05,ITA.5.1.77_1,0.7057793345008757,0.9810015290507961
2024,05,ITA.5.1.88_1,0.6024518388791593,0.9500821017154254
2024,05,ITA.5.1.95_1,0.628721541155867,0.9594144047282176
2024,05,ITA.5.1.96_1,0.5779334500875658,0.9404254356406998
2024,05,ITA.5.1.97_1,0.7162872154115587,0.9832985304575615
2024,05,ITA.5.2.16_1,0.6094570928196147,0.9526720317087093
2024,05,ITA.5.2.17_1,0.6199649737302978,0.9564183185196736
2024,05,ITA.5.2.2_1,0.7180385288966725,0.983666610188635
2024,05,ITA.5.2.26_1,0.6935201401050789,0.9781288258711119
2024,05,ITA.5.2.27_1,0.7022767075306481,0.9802020199938377
2024,05,ITA.5.2.28_1,0.6725043782837129,0.9727157858285225
2024,05,ITA.5.2.29_1,0.6917688266199651,0.9777013859047148
2024,05,ITA.5.2.38_1,0.7390542907180385,0.9877570551507087
2024,05,ITA.5.2.55_1,0.6882661996497373,0.976833660353696
2024,05,ITA.5.2.57_1,0.5779334500875658,0.9404254356406998
2024,05,ITA.5.2.68_1,0.7390542907180385,0.9877570551507087
2024,05,ITA.5.2.69_1,0.6690017513134852,0.9717530550505102
2024,05,ITA.5.3.1_1,0.6952714535901927,0.97855199146494
2024,05,ITA.5.3.10_1,0.7302977232924693,0.9861257526299574
2024,05,ITA.5.3.100_1,0.7250437828371279,0.9850969495435462
2024,05,ITA.5.3.101_1,0.670753064798599,0.9722365967191319
2024,05,ITA.5.3.102_1,0.7443082311733801,0.9886859966642594
2024,05,ITA.5.3.103_1,0.8038528896672505,0.996632329397356
2024,05,ITA.5.3.104_1,0.7373029772329247,0.987439112046915
2024,05,ITA.5.3.11_1,0.7250437828371279,0.9850969495435462
2024,05,ITA.5.3.12_1,0.7530647985989493,0.990151503558925
2024,05,ITA.5.3.13_1,0.8073555166374782,0.9969533589892758
2024,05,ITA.5.3.14_1,0.7180385288966725,0.983666610188635
2024,05,ITA.5.3.15_1,0.7232924693520141,0.9847456524402634
2024,05,ITA.5.3.16_1,0.7425569176882663,0.9883804935347521
2024,05,ITA.5.3.17_1,0.7600700525394046,0.9912497162672985
2024,05,ITA.5.3.18_1,0.6760070052539405,0.9736611320166786
2024,05,ITA.5.3.19_1,0.7495621716287216,0.9895776877031939
2024,05,ITA.5.3.2_1,0.7285464098073555,0.9857869952479592
2024,05,ITA.5.3.20_1,0.8108581436077059,0.9972582413798344
2024,05,ITA.5.3.21_1,0.7600700525394046,0.9912497162672985
2024,05,ITA.5.3.22_1,0.7285464098073555,0.9857869952479592
2024,05,ITA.5.3.23_1,0.7338003502626971,0.986790757962396
2024,05,ITA.5.3.24_1,0.6742556917688267,0.9731906288081488
2024,05,ITA.5.3.25_1,0.6917688266199651,0.9777013859047148
2024,05,ITA.5.3.26_1,0.7302977232924693,0.9861257526299574
2024,05,ITA.5.3.27_1,0.8318739054290718,0.998749217771909
2024,05,ITA.5.3.28_1,0.6812609457092821,0.975046665549911
2024,05,ITA.5.3.29_1,0.7828371278458844,0.9943661297530201
2024,05,ITA.5.3.3_1,0.7285464098073555,0.9857869952479592
2024,05,ITA.5.3.30_1,0.7478108581436077,0.9892845899942038
2024,05,ITA.5.3.31_1,0.7390542907180385,0.9877570551507087
2024,05,ITA.5.3.32_1,0.7320490367775833,0.98646033878712025
2024,05,ITA.5.3.33_1,0.7180385288966725,0.983666610188635
2024,05,ITA.5.3.34_1,0.7338003502626971,0.986790757962396
2024,05,ITA.5.3.35_1,0.7373029772329247,0.987439112046915
2024,05,ITA.5.3.36_1,0.7390542907180385,0.9877570551507087
2024,05,ITA.5.3.37_1,0.7110332749562173,0.9821690282227392
2024,05,ITA.5.3.38_1,0.7478108581436077,0.9892845899942038
2024,05,ITA.5.3.39_1,0.7390542907180385,0.9877570551507087
2024,05,ITA.5.3.4_1,0.7057793345008757,0.9810015290507961
2024,05,ITA.5.3.40_1,0.7635726795096323,0.9917741678426597
2024,05,ITA.5.3.41_1,0.6952714535901927,0.97855199146494
2024,05,ITA.5.3.42_1,0.7320490367775833,0.98646033878712025
2024,05,ITA.5.3.43_1,0.7022767075306481,0.9802020199938377
2024,05,ITA.5.3.44_1,0.6725043782837129,0.9727157858285225
2024,05,ITA.5.3.45_1,0.7373029772329247,0.987439112046915
2024,05,ITA.5.3.46_1,0.7110332749562173,0.9821690282227392
2024,05,ITA.5.3.47_1,0.7057793345008757,0.9810015290507961
2024,05,ITA.5.3.48_1,0.7040280210157619,0.9806038955664005
2024,05,ITA.5.3.49_1,0.7548161120840631,0.9904322288778774
2024,05,ITA.5.3.5_1,0.7793345008756568,0.993931587182941
2024,05,ITA.5.3.50_1,0.7495621716287216,0.9895776877031939
2024,05,ITA.5.3.51_1,0.6777583187390543,0.9741273017424364
2024,05,ITA.5.3.52_1,0.6952714535901927,0.97855199146494
2024,05,ITA.5.3.53_1,0.7898423817863398,0.9951864146982715
2024,05,ITA.5.3.54_1,0.6812609457092821,0.975046665549911
2024,05,ITA.5.3.55_1,0.7408056042031524,0.9880708476622514
2024,05,ITA.5.3.56_1,0.7285464098073555,0.9857869952479592
2024,05,ITA.5.3.57_1,0.7513134851138354,0.9898666576867816
2024,05,ITA.5.3.58_1,0.7302977232924693,0.9861257526299574
2024,05,ITA.5.3.59_1,0.6830122591943959,0.9754998718605759
2024,05,ITA.5.3.6_1,0.7145359019264449,0.9829262434180909
2024,05,ITA.5.3.60_1,0.7197898423817863,0.9840304873325826
2024,05,ITA.5.3.61_1,0.6987740805604205,0.9793855216409929
2024,05,ITA.5.3.62_1,0.7215411558669002,0.9843901665498289
2024,05,ITA.5.3.63_1,0.7513134851138354,0.9898666576867816
2024,05,ITA.5.3.64_1,0.7302977232924693,0.9861257526299574
2024,05,ITA.5.3.65_1,0.76707530647986,0.9922822179198819
2024,05,ITA.5.3.66_1,0.6742556917688267,0.9731906288081488
2024,05,ITA.5.3.67_1,0.6812609457092821,0.975046665549911
2024,05,ITA.5.3.68_1,0.7110332749562173,0.9821690282227392
2024,05,ITA.5.3.69_1,0.7040280210157619,0.9806038955664005
2024,05,ITA.5.3.7_1,0.670753064798599,0.9722365967191319
2024,05,ITA.5.3.70_1,0.7408056042031524,0.9880708476622514
2024,05,ITA.5.3.71_1,0.7250437828371279,0.9850969495435462
2024,05,ITA.5.3.72_1,0.712784588441331,0.9825497442877892
2024,05,ITA.5.3.73_1,0.712784588441331,0.9825497442877892
2024,05,ITA.5.3.74_1,0.6917688266199651,0.9777013859047148
2024,05,ITA.5.3.75_1,0.7110332749562173,0.9821690282227392
2024,05,ITA.5.3.76_1,0.7005253940455343,0.9797958971132712
2024,05,ITA.5.3.77_1,0.7232924693520141,0.9847456524402634
2024,05,ITA.5.3.78_1,0.6584938704028022,0.9687600322061186
2024,05,ITA.5.3.79_1,0.7075306479859896,0.9813949256033475
2024,05,ITA.5.3.8_1,0.6882661996497373,0.976833660353696
2024,05,ITA.5.3.80_1,0.7478108581436077,0.9892845899942038
2024,05,ITA.5.3.81_1,0.712784588441331,0.9825497442877892
2024,05,ITA.5.3.82_1,0.7793345008756568,0.993931587182941
2024,05,ITA.5.3.83_1,0.7092819614711035,0.9817840903172144
2024,05,ITA.5.3.84_1,0.6549912434325745,0.9677272342969376
2024,05,ITA.5.3.85_1,0.7530647985989493,0.990151503558925
2024,05,ITA.5.3.86_1,0.7478108581436077,0.9892845899942038
2024,05,ITA.5.3.87_1,0.6427320490367776,0.9639730286683336
2024,05,ITA.5.3.88_1,0.7635726795096323,0.9917741678426597
2024,05,ITA.5.3.89_1,0.6112084063047285,0.9533079250693346
2024,05,ITA.5.3.9_1,0.6725043782837129,0.9727157858285225
2024,05,ITA.5.3.90_1,0.6654991243432575,0.9707728879609279
2024,05,ITA.5.3.91_1,0.7390542907180385,0.9877570551507087
2024,05,ITA.5.3.92_1,0.7740805604203153,0.9932492134404135
2024,05,ITA.5.3.93_1,0.7197898423817863,0.9840304873325826
2024,05,ITA.5.3.94_1,0.6812609457092821,0.975046665549911
2024,05,ITA.5.3.95_1,0.7355516637478109,0.9871170143402452
2024,05,ITA.5.3.96_1,0.7705779334500876,0.9927738916792685
2024,05,ITA.5.3.97_1,0.7285464098073555,0.9857869952479592
2024,05,ITA.5.3.98_1,0.712784588441331,0.9825497442877892
2024,05,ITA.5.3.99_1,0.7267950963222417,0.9854440623394105
2024,05,ITA.5.4.1_1,0.6672504378283713,0.9712651543219287
2024,05,ITA.5.4.10_1,0.6567425569176883,0.9682458365518543
2024,05,ITA.5.4.11_1,0.7092819614711035,0.9817840903172144
2024,05,ITA.5.4.12_1,0.7110332749562173,0.9821690282227392
2024,05,ITA.5.4.13_1,0.6584938704028022,0.9687600322061186
2024,05,ITA.5.4.15_1,0.6409807355516638,0.9634189120003821
2024,05,ITA.5.4.16_1,0.6882661996497373,0.976833660353696
2024,05,ITA.5.4.17_1,0.6725043782837129,0.9727157858285225
2024,05,ITA.5.4.18_1,0.6690017513134852,0.9717530550505102
2024,05,ITA.5.4.2_1,0.7565674255691769,0.9907088371464141
2024,05,ITA.5.4.20_1,0.7495621716287216,0.9895776877031939
2024,05,ITA.5.4.21_1,0.777583187390543,0.9937082066683358
2024,05,ITA.5.4.22_1,0.777583187390543,0.9937082066683358
2024,05,ITA.5.4.23_1,0.8021015761821367,0.9964657545545658
2024,05,ITA.5.4.24_1,0.7565674255691769,0.9907088371464141
2024,05,ITA.5.4.25_1,0.7250437828371279,0.9850969495435462
2024,05,ITA.5.4.26_1,0.7075306479859896,0.9813949256033475
2024,05,ITA.5.4.27_1,0.7408056042031524,0.9880708476622514
2024,05,ITA.5.4.28_1,0.6882661996497373,0.976833660353696
2024,05,ITA.5.4.29_1,0.6847635726795097,0.9759487691472335
2024,05,ITA.5.4.3_1,0.7705779334500876,0.9927738916792685
2024,05,ITA.5.4.30_1,0.7793345008756568,0.993931587182941
2024,05,ITA.5.4.31_1,0.798598949211909,0.9961204746414963
2024,05,ITA.5.4.33_1,0.7302977232924693,0.9861257526299574
2024,05,ITA.5.4.34_1,0.7180385288966725,0.983666610188635
2024,05,ITA.5.4.35_1,0.7845884413309984,0.9945772971468834
2024,05,ITA.5.4.36_1,0.7162872154115587,0.9832985304575615
2024,05,ITA.5.4.37_1,0.7408056042031524,0.9880708476622514
2024,05,ITA.5.4.40_1,0.6952714535901927,0.97855199146494
2024,05,ITA.5.4.41_1,0.6865148861646235,0.9763933633531108
2024,05,ITA.5.4.42_1,0.7618213660245184,0.9915139938498094
2024,05,ITA.5.4.43_1,0.7320490367775833,0.98646033878712025
2024,05,ITA.5.4.44_1,0.6970227670753065,0.9789708882290628
2024,05,ITA.5.4.45_1,0.7425569176882663,0.9883804935347521
2024,05,ITA.5.4.47_1,0.7653239929947461,0.9920302414745228
2024,05,ITA.5.4.5_1,0.7478108581436077,0.9892845899942038
2024,05,ITA.5.4.50_1,0.8178633975481613,0.997819622978021
2024,05,ITA.5.4.51_1,0.7688266199649738,0.9925301002992302
2024,05,ITA.5.4.52_1,0.6917688266199651,0.9777013859047148
2024,05,ITA.5.4.53_1,0.6812609457092821,0.975046665549911
2024,05,ITA.5.4.54_1,0.6865148861646235,0.9763933633531108
2024,05,ITA.5.4.56_1,0.777583187390543,0.9937082066683358
2024,05,ITA.5.4.57_1,0.7040280210157619,0.9806038955664005
2024,05,ITA.5.4.58_1,0.712784588441331,0.9825497442877892
2024,05,ITA.5.4.59_1,0.7793345008756568,0.993931587182941
2024,05,ITA.5.4.60_1,0.7618213660245184,0.9915139938498094
2024,05,ITA.5.4.61_1,0.7653239929947461,0.9920302414745228
2024,05,ITA.5.4.62_1,0.777583187390543,0.9937082066683358
2024,05,ITA.5.4.64_1,0.7705779334500876,0.9927738916792685
2024,05,ITA.5.4.65_1,0.7933450087565675,0.9955721972815432
2024,05,ITA.5.4.66_1,0.6690017513134852,0.9717530550505102
2024,05,ITA.5.4.67_1,0.7740805604203153,0.9932492134404135
2024,05,ITA.5.4.68_1,0.7338003502626971,0.986790757962396
2024,05,ITA.5.4.69_1,0.7092819614711035,0.9817840903172144
2024,05,ITA.5.4.70_1,0.6935201401050789,0.9781288258711119
2024,05,ITA.5.4.71_1,0.7478108581436077,0.9892845899942038
2024,05,ITA.5.4.72_1,0.6812609457092821,0.975046665549911
2024,05,ITA.5.4.74_1,0.6795096322241682,0.9745891442038537
2024,05,ITA.5.4.75_1,0.7845884413309984,0.9945772971468834
2024,05,ITA.5.4.76_1,0.7320490367775833,0.98646033878712025
2024,05,ITA.5.4.77_1,0.7513134851138354,0.9898666576867816
2024,05,ITA.5.4.78_1,0.7005253940455343,0.9797958971132712
2024,05,ITA.5.4.79_1,0.6987740805604205,0.9793855216409929
2024,05,ITA.5.4.8_1,0.6812609457092821,0.975046665549911
2024,05,ITA.5.4.81_1,0.6987740805604205,0.9793855216409929
2024,05,ITA.5.4.83_1,0.7092819614711035,0.9817840903172144
2024,05,ITA.5.4.84_1,0.7022767075306481,0.9802020199938377
2024,05,ITA.5.4.85_1,0.7635726795096323,0.9917741678426597
2024,05,ITA.5.4.86_1,0.7320490367775833,0.98646033878712025
2024,05,ITA.5.4.87_1,0.7355516637478109,0.9871170143402452
2024,05,ITA.5.4.88_1,0.6444833625218914,0.9645226798784983
2024,05,ITA.5.4.89_1,0.7215411558669002,0.9843901665498289
2024,05,ITA.5.4.9_1,0.6970227670753065,0.9789708882290628
2024,05,ITA.5.4.90_1,0.7688266199649738,0.9925301002992302
2024,05,ITA.5.4.91_1,0.6917688266199651,0.9777013859047148
2024,05,ITA.5.4.92_1,0.7092819614711035,0.9817840903172144
2024,05,ITA.5.5.1_1,0.7180385288966725,0.983666610188635
2024,05,ITA.5.5.10_1,0.6462346760070053,0.965067873260736
2024,05,ITA.5.5.100_1,0.7390542907180385,0.9877570551507087
2024,05,ITA.5.5.102_1,0.6690017513134852,0.9717530550505102
2024,05,ITA.5.5.104_1,0.7460595446584939,0.9889873608899156
2024,05,ITA.5.5.105_1,0.7688266199649738,0.9925301002992302
2024,05,ITA.5.5.106_1,0.6112084063047285,0.9533079250693346
2024,05,ITA.5.5.107_1,0.7005253940455343,0.9797958971132712
2024,05,ITA.5.5.108_1,0.7373029772329247,0.987439112046915
2024,05,ITA.5.5.109_1,0.6935201401050789,0.9781288258711119
2024,05,ITA.5.5.110_1,0.6777583187390543,0.9741273017424364
2024,05,ITA.5.5.111_1,0.62697022767075306,0.9588242800430119
2024,05,ITA.5.5.112_1,0.6742556917688267,0.9731906288081488
2024,05,ITA.5.5.113_1,0.76707530647986,0.9922822179198819
2024,05,ITA.5.5.114_1,0.6830122591943959,0.9754998718605759
2024,05,ITA.5.5.115_1,0.6672504378283713,0.9712651543219287
2024,05,ITA.5.5.116_1,0.7232924693520141,0.9847456524402634
2024,05,ITA.5.5.117_1,0.6970227670753065,0.9789708882290628
2024,05,ITA.5.5.118_1,0.6970227670753065,0.9789708882290628
2024,05,ITA.5.5.119_1,0.7285464098073555,0.9857869952479592
2024,05,ITA.5.5.12_1,0.670753064798599,0.9722365967191319
2024,05,ITA.5.5.120_1,0.7495621716287216,0.9895776877031939
2024,05,ITA.5.5.121_1,0.6234676007005254,0.9576304088739037
2024,05,ITA.5.5.122_1,0.7145359019264449,0.9829262434180909
2024,05,ITA.5.5.123_1,0.6830122591943959,0.9754998718605759
2024,05,ITA.5.5.124_1,0.8178633975481613,0.997819622978021
2024,05,ITA.5.5.125_1,0.6777583187390543,0.9741273017424364
2024,05,ITA.5.5.126_1,0.6637478108581437,0.970276249322841
2024,05,ITA.5.5.127_1,0.660245183887916,0.9692698282728087
2024,05,ITA.5.5.128_1,0.7267950963222417,0.9854440623394105
2024,05,ITA.5.5.129_1,0.6917688266199651,0.9777013859047148
2024,05,ITA.5.5.13_1,0.7197898423817863,0.9840304873325826
2024,05,ITA.5.5.130_1,0.649737302977233,0.9661449166662318
2024,05,ITA.5.5.131_1,0.7250437828371279,0.9850969495435462
2024,05,ITA.5.5.132_1,0.7513134851138354,0.9898666576867816
2024,05,ITA.5.5.133_1,0.6742556917688267,0.9731906288081488
2024,05,ITA.5.5.134_1,0.6637478108581437,0.970276249322841
2024,05,ITA.5.5.135_1,0.712784588441331,0.9825497442877892
2024,05,ITA.5.5.136_1,0.6654991243432575,0.9707728879609279
2024,05,ITA.5.5.137_1,0.6725043782837129,0.9727157858285225
2024,05,ITA.5.5.138_1,0.7267950963222417,0.9854440623394105
2024,05,ITA.5.5.139_1,0.6865148861646235,0.9763933633531108
2024,05,ITA.5.5.14_1,0.7022767075306481,0.9802020199938377
2024,05,ITA.5.5.141_1,0.7180385288966725,0.983666610188635
2024,05,ITA.5.5.142_1,0.7215411558669002,0.9843901665498289
2024,05,ITA.5.5.143_1,0.6900175131348513,0.9772696659571503
2024,05,ITA.5.5.144_1,0.6882661996497373,0.976833660353696
2024,05,ITA.5.5.145_1,0.712784588441331,0.9825497442877892
2024,05,ITA.5.5.146_1,0.6935201401050789,0.9781288258711119
2024,05,ITA.5.5.147_1,0.6427320490367776,0.9639730286683336
2024,05,ITA.5.5.148_1,0.7495621716287216,0.9895776877031939
2024,05,ITA.5.5.149_1,0.7215411558669002,0.9843901665498289
2024,05,ITA.5.5.15_1,0.6865148861646235,0.9763933633531108
2024,05,ITA.5.5.150_1,0.7215411558669002,0.9843901665498289
2024,05,ITA.5.5.151_1,0.6672504378283713,0.9712651543219287
2024,05,ITA.5.5.152_1,0.7583187390542908,0.9909813318120578
2024,05,ITA.5.5.153_1,0.7005253940455343,0.9797958971132712
2024,05,ITA.5.5.154_1,0.6374781085814362,0.962297251372984
2024,05,ITA.5.5.155_1,0.7565674255691769,0.9907088371464141
2024,05,ITA.5.5.156_1,0.6304728546409808,0.96
2024,05,ITA.5.5.157_1,0.6567425569176883,0.9682458365518543
2024,05,ITA.5.5.158_1,0.7390542907180385,0.9877570551507087
2024,05,ITA.5.5.16_1,0.6795096322241682,0.9745891442038537
2024,05,ITA.5.5.17_1,0.6987740805604205,0.9793855216409929
2024,05,ITA.5.5.18_1,0.6147110332749562,0.954565869911553
2024,05,ITA.5.5.19_1,0.6619964973730298,0.9697752316903129
2024,05,ITA.5.5.20_1,0.6217162872154116,0.9570266453970862
2024,05,ITA.5.5.21_1,0.6252189141856392,0.9582296175760798
2024,05,ITA.5.5.22_1,0.7548161120840631,0.9904322288778774
2024,05,ITA.5.5.23_1,0.6690017513134852,0.9717530550505102
2024,05,ITA.5.5.24_1,0.6812609457092821,0.975046665549911
2024,05,ITA.5.5.25_1,0.7425569176882663,0.9883804935347521
2024,05,ITA.5.5.26_1,0.7793345008756568,0.993931587182941
2024,05,ITA.5.5.27_1,0.7810858143607706,0.9941508939793798
2024,05,ITA.5.5.28_1,0.6760070052539405,0.9736611320166786
2024,05,ITA.5.5.29_1,0.6444833625218914,0.9645226798784983
2024,05,ITA.5.5.3_1,0.7373029772329247,0.987439112046915
2024,05,ITA.5.5.30_1,0.6760070052539405,0.9736611320166786
2024,05,ITA.5.5.31_1,0.6584938704028022,0.9687600322061186
2024,05,ITA.5.5.32_1,0.7057793345008757,0.9810015290507961
2024,05,ITA.5.5.33_1,0.7075306479859896,0.9813949256033475
2024,05,ITA.5.5.35_1,0.7302977232924693,0.9861257526299574
2024,05,ITA.5.5.36_1,0.6654991243432575,0.9707728879609279
2024,05,ITA.5.5.37_1,0.6970227670753065,0.9789708882290628
2024,05,ITA.5.5.38_1,0.7950963222416814,0.9957590069891409
2024,05,ITA.5.5.39_1,0.7215411558669002,0.9843901665498289
2024,05,ITA.5.5.4_1,0.7373029772329247,0.987439112046915
2024,05,ITA.5.5.40_1,0.7355516637478109,0.9871170143402452
2024,05,ITA.5.5.41_1,0.7267950963222417,0.9854440623394105
2024,05,ITA.5.5.42_1,0.7390542907180385,0.9877570551507087
2024,05,ITA.5.5.43_1,0.7600700525394046,0.9912497162672985
2024,05,ITA.5.5.44_1,0.6462346760070053,0.965067873260736
2024,05,ITA.5.5.46_1,0.6952714535901927,0.97855199146494
2024,05,ITA.5.5.47_1,0.6970227670753065,0.9789708882290628
2024,05,ITA.5.5.48_1,0.7180385288966725,0.983666610188635
2024,05,ITA.5.5.49_1,0.6479859894921192,0.9656086163658648
2024,05,ITA.5.5.5_1,0.6865148861646235,0.9763933633531108
2024,05,ITA.5.5.50_1,0.7320490367775833,0.98646033878712025
2024,05,ITA.5.5.51_1,0.6742556917688267,0.9731906288081488
2024,05,ITA.5.5.52_1,0.6882661996497373,0.976833660353696
2024,05,ITA.5.5.53_1,0.7057793345008757,0.9810015290507961
2024,05,ITA.5.5.55_1,0.7443082311733801,0.9886859966642594
2024,05,ITA.5.5.56_1,0.6917688266199651,0.9777013859047148
2024,05,ITA.5.5.57_1,0.6760070052539405,0.9736611320166786
2024,05,ITA.5.5.58_1,0.7215411558669002,0.9843901665498289
2024,05,ITA.5.5.59_1,0.7250437828371279,0.9850969495435462
2024,05,ITA.5.5.60_1,0.7267950963222417,0.9854440623394105
2024,05,ITA.5.5.61_1,0.7705779334500876,0.9927738916792685
2024,05,ITA.5.5.62_1,0.6882661996497373,0.976833660353696
2024,05,ITA.5.5.63_1,0.7180385288966725,0.983666610188635
2024,05,ITA.5.5.64_1,0.586690017513135,0.9439809320108113
2024,05,ITA.5.5.65_1,0.7915936952714537,0.9953813339620148
2024,05,ITA.5.5.66_1,0.6514886164623468,0.9666767815562759
2024,05,ITA.5.5.67_1,0.7285464098073555,0.9857869952479592
2024,05,ITA.5.5.68_1,0.6882661996497373,0.976833660353696
2024,05,ITA.5.5.69_1,0.7180385288966725,0.983666610188635
2024,05,ITA.5.5.7_1,0.7355516637478109,0.9871170143402452
2024,05,ITA.5.5.70_1,0.7565674255691769,0.9907088371464141
2024,05,ITA.5.5.71_1,0.7022767075306481,0.9802020199938377
2024,05,ITA.5.5.72_1,0.6252189141856392,0.9582296175760798
2024,05,ITA.5.5.74_1,0.7180385288966725,0.983666610188635
2024,05,ITA.5.5.75_1,0.6742556917688267,0.9731906288081488
2024,05,ITA.5.5.76_1,0.7057793345008757,0.9810015290507961
2024,05,ITA.5.5.77_1,0.6322241681260946,0.9605810741421048
2024,05,ITA.5.5.78_1,0.7162872154115587,0.9832985304575615
2024,05,ITA.5.5.79_1,0.7740805604203153,0.9932492134404135
2024,05,ITA.5.5.8_1,0.6637478108581437,0.970276249322841
2024,05,ITA.5.5.80_1,0.7250437828371279,0.9850969495435462
2024,05,ITA.5.5.81_1,0.7250437828371279,0.9850969495435462
2024,05,ITA.5.5.82_1,0.7373029772329247,0.987439112046915
2024,05,ITA.5.5.83_1,0.6760070052539405,0.9736611320166786
2024,05,ITA.5.5.84_1,0.5534150612959721,0.9298257901349047
2024,05,ITA.5.5.85_1,0.7793345008756568,0.993931587182941
2024,05,ITA.5.5.86_1,0.6795096322241682,0.9745891442038537
2024,05,ITA.5.5.87_1,0.6532399299474606,0.9672042183530839
2024,05,ITA.5.5.88_1,0.6619964973730298,0.9697752316903129
2024,05,ITA.5.5.89_1,0.7145359019264449,0.9829262434180909
2024,05,ITA.5.5.9_1,0.7635726795096323,0.9917741678426597
2024,05,ITA.5.5.90_1,0.6357267950963222,0.9617296917533533
2024,05,ITA.5.5.91_1,0.7478108581436077,0.9892845899942038
2024,05,ITA.5.5.93_1,0.7513134851138354,0.9898666576867816
2024,05,ITA.5.5.94_1,0.6217162872154116,0.9570266453970862
2024,05,ITA.5.5.95_1,0.660245183887916,0.9692698282728087
2024,05,ITA.5.5.96_1,0.6479859894921192,0.9656086163658648
2024,05,ITA.5.5.97_1,0.7302977232924693,0.9861257526299574
2024,05,ITA.5.5.98_1,0.6514886164623468,0.9666767815562759
2024,05,ITA.5.5.99_1,0.7478108581436077,0.9892845899942038
2024,05,ITA.6.1.1_1,0.6672504378283713,0.9712651543219287
2024,05,ITA.6.1.10_1,0.6427320490367776,0.9639730286683336
2024,05,ITA.6.1.11_1,0.6830122591943959,0.9754998718605759
2024,05,ITA.6.1.12_1,0.6234676007005254,0.9576304088739037
2024,05,ITA.6.1.13_1,0.6812609457092821,0.975046665549911
2024,05,ITA.6.1.14_1,0.5831873905429072,0.9425730740902798
2024,05,ITA.6.1.15_1,0.6252189141856392,0.9582296175760798
2024,05,ITA.6.1.16_1,0.63922942206655,0.9628603221651623
2024,05,ITA.6.1.17_1,0.6357267950963222,0.9617296917533533
2024,05,ITA.6.1.18_1,0.6532399299474606,0.9672042183530839
2024,05,ITA.6.1.19_1,0.6584938704028022,0.9687600322061186
2024,05,ITA.6.1.2_1,0.670753064798599,0.9722365967191319
2024,05,ITA.6.1.20_1,0.6742556917688267,0.9731906288081488
2024,05,ITA.6.1.21_1,0.660245183887916,0.9692698282728087
2024,05,ITA.6.1.22_1,0.6164623467600701,0.955187939622355
2024,05,ITA.6.1.23_1,0.7022767075306481,0.9802020199938377
2024,05,ITA.6.1.24_1,0.7040280210157619,0.9806038955664005
2024,05,ITA.6.1.25_1,0.6952714535901927,0.97855199146494
2024,05,ITA.6.1.26_1,0.6112084063047285,0.9533079250693346
2024,05,ITA.6.1.27_1,0.6357267950963222,0.9617296917533533
2024,05,ITA.6.1.28_1,0.7215411558669002,0.9843901665498289
2024,05,ITA.6.1.29_1,0.6217162872154116,0.9570266453970862
2024,05,ITA.6.1.3_1,0.6742556917688267,0.9731906288081488
2024,05,ITA.6.1.30_1,0.712784588441331,0.9825497442877892
2024,05,ITA.6.1.31_1,0.6865148861646235,0.9763933633531108
2024,05,ITA.6.1.32_1,0.6672504378283713,0.9712651543219287
2024,05,ITA.6.1.33_1,0.6672504378283713,0.9712651543219287
2024,05,ITA.6.1.34_1,0.6462346760070053,0.965067873260736
2024,05,ITA.6.1.35_1,0.6584938704028022,0.9687600322061186
2024,05,ITA.6.1.36_1,0.6077057793345009,0.9520315120835025
2024,05,ITA.6.1.37_1,0.660245183887916,0.9692698282728087
2024,05,ITA.6.1.38_1,0.6654991243432575,0.9707728879609279
2024,05,ITA.6.1.39_1,0.6479859894921192,0.9656086163658648
2024,05,ITA.6.1.4_1,0.7197898423817863,0.9840304873325826
2024,05,ITA.6.1.40_1,0.6760070052539405,0.9736611320166786
2024,05,ITA.6.1.41_1,0.7302977232924693,0.9861257526299574
2024,05,ITA.6.1.42_1,0.62697022767075306,0.9588242800430119
2024,05,ITA.6.1.43_1,0.6777583187390543,0.9741273017424364
2024,05,ITA.6.1.44_1,0.6339754816112084,0.9611576353543679
2024,05,ITA.6.1.45_1,0.6584938704028022,0.9687600322061186
2024,05,ITA.6.1.46_1,0.6217162872154116,0.9570266453970862
2024,05,ITA.6.1.47_1,0.628721541155867,0.9594144047282176
2024,05,ITA.6.1.48_1,0.6742556917688267,0.9731906288081488
2024,05,ITA.6.1.49_1,0.6462346760070053,0.965067873260736
2024,05,ITA.6.1.5_1,0.6917688266199651,0.9777013859047148
2024,05,ITA.6.1.50_1,0.7425569176882663,0.9883804935347521
2024,05,ITA.6.1.51_1,0.660245183887916,0.9692698282728087
2024,05,ITA.6.1.52_1,0.7092819614711035,0.9817840903172144
2024,05,ITA.6.1.53_1,0.7232924693520141,0.9847456524402634
2024,05,ITA.6.1.54_1,0.6654991243432575,0.9707728879609279
2024,05,ITA.6.1.55_1,0.6760070052539405,0.9736611320166786
2024,05,ITA.6.1.56_1,0.7320490367775833,0.98646033878712025
2024,05,ITA.6.1.57_1,0.6847635726795097,0.9759487691472335
2024,05,ITA.6.1.58_1,0.6427320490367776,0.9639730286683336
2024,05,ITA.6.1.59_1,0.6357267950963222,0.9617296917533533
2024,05,ITA.6.1.6_1,0.7197898423817863,0.9840304873325826
2024,05,ITA.6.1.60_1,0.7530647985989493,0.990151503558925
2024,05,ITA.6.1.7_1,0.6567425569176883,0.9682458365518543
2024,05,ITA.6.1.8_1,0.6567425569176883,0.9682458365518543
2024,05,ITA.6.1.9_1,0.6725043782837129,0.9727157858285225
2024,05,ITA.6.2.1_1,0.7005253940455343,0.9797958971132712
2024,05,ITA.6.2.10_1,0.7828371278458844,0.9943661297530201
2024,05,ITA.6.2.11_1,0.6725043782837129,0.9727157858285225
2024,05,ITA.6.2.12_1,0.7425569176882663,0.9883804935347521
2024,05,ITA.6.2.13_1,0.6830122591943959,0.9754998718605759
2024,05,ITA.6.2.14_1,0.7005253940455343,0.9797958971132712
2024,05,ITA.6.2.15_1,0.7460595446584939,0.9889873608899156
2024,05,ITA.6.2.16_1,0.6234676007005254,0.9576304088739037
2024,05,ITA.6.2.17_1,0.6865148861646235,0.9763933633531108
2024,05,ITA.6.2.18_1,0.7355516637478109,0.9871170143402452
2024,05,ITA.6.2.19_1,0.6427320490367776,0.9639730286683336
2024,05,ITA.6.2.2_1,0.712784588441331,0.9825497442877892
2024,05,ITA.6.2.20_1,0.7285464098073555,0.9857869952479592
2024,05,ITA.6.2.21_1,0.6987740805604205,0.9793855216409929
2024,05,ITA.6.2.22_1,0.7600700525394046,0.9912497162672985
2024,05,ITA.6.2.23_1,0.7145359019264449,0.9829262434180909
2024,05,ITA.6.2.24_1,0.7162872154115587,0.9832985304575615
2024,05,ITA.6.2.25_1,0.7338003502626971,0.986790757962396
2024,05,ITA.6.2.26_1,0.6654991243432575,0.9707728879609279
2024,05,ITA.6.2.3_1,0.7005253940455343,0.9797958971132712
2024,05,ITA.6.2.4_1,0.6865148861646235,0.9763933633531108
2024,05,ITA.6.2.5_1,0.7320490367775833,0.98646033878712025
2024,05,ITA.6.2.6_1,0.6865148861646235,0.9763933633531108
2024,05,ITA.6.2.7_1,0.7110332749562173,0.9821690282227392
2024,05,ITA.6.2.8_1,0.7425569176882663,0.9883804935347521
2024,05,ITA.6.2.9_1,0.6900175131348513,0.9772696659571503
2024,05,ITA.6.3.1_1,0.6479859894921192,0.9656086163658648
2024,05,ITA.6.3.10_1,0.597197898423818,0.9480907129594721
2024,05,ITA.6.3.11_1,0.6094570928196147,0.9526720317087093
2024,05,ITA.6.3.12_1,0.6042031523642732,0.9507365565707464
2024,05,ITA.6.3.13_1,0.5884413309982488,0.9446777228240327
2024,05,ITA.6.3.14_1,0.6357267950963222,0.9617296917533533
2024,05,ITA.6.3.15_1,0.5884413309982488,0.9446777228240327
2024,05,ITA.6.3.16_1,0.62697022767075306,0.9588242800430119
2024,05,ITA.6.3.17_1,0.6479859894921192,0.9656086163658648
2024,05,ITA.6.3.18_1,0.6094570928196147,0.9526720317087093
2024,05,ITA.6.3.19_1,0.6619964973730298,0.9697752316903129
2024,05,ITA.6.3.2_1,0.6427320490367776,0.9639730286683336
2024,05,ITA.6.3.20_1,0.6147110332749562,0.954565869911553
2024,05,ITA.6.3.21_1,0.649737302977233,0.9661449166662318
2024,05,ITA.6.3.22_1,0.6147110332749562,0.954565869911553
2024,05,ITA.6.3.23_1,0.6357267950963222,0.9617296917533533
2024,05,ITA.6.3.24_1,0.6742556917688267,0.9731906288081488
2024,05,ITA.6.3.25_1,0.6129597197898424,0.9539392014169457
2024,05,ITA.6.3.26_1,0.6304728546409808,0.96
2024,05,ITA.6.3.27_1,0.6252189141856392,0.9582296175760798
2024,05,ITA.6.3.28_1,0.6339754816112084,0.9611576353543679
2024,05,ITA.6.3.29_1,0.6339754816112084,0.9611576353543679
2024,05,ITA.6.3.3_1,0.6374781085814362,0.962297251372984
2024,05,ITA.6.3.30_1,0.6725043782837129,0.9727157858285225
2024,05,ITA.6.3.4_1,0.597197898423818,0.9480907129594721
2024,05,ITA.6.3.5_1,0.6007005253940456,0.9494229826584145
2024,05,ITA.6.3.6_1,0.5849387040280211,0.9432793859721519
2024,05,ITA.6.3.7_1,0.6427320490367776,0.9639730286683336
2024,05,ITA.6.3.8_1,0.6654991243432575,0.9707728879609279
2024,05,ITA.6.3.9_1,0.6042031523642732,0.9507365565707464
2024,05,ITA.6.4.1_1,0.6865148861646235,0.9763933633531108
2024,05,ITA.6.4.10_1,0.7600700525394046,0.9912497162672985
2024,05,ITA.6.4.11_1,0.6409807355516638,0.9634189120003821
2024,05,ITA.6.4.12_1,0.6882661996497373,0.976833660353696
2024,05,ITA.6.4.13_1,0.7110332749562173,0.9821690282227392
2024,05,ITA.6.4.14_1,0.63922942206655,0.9628603221651623
2024,05,ITA.6.4.15_1,0.6654991243432575,0.9707728879609279
2024,05,ITA.6.4.16_1,0.6409807355516638,0.9634189120003821
2024,05,ITA.6.4.17_1,0.6304728546409808,0.96
2024,05,ITA.6.4.18_1,0.6812609457092821,0.975046665549911
2024,05,ITA.6.4.19_1,0.6970227670753065,0.9789708882290628
2024,05,ITA.6.4.2_1,0.712784588441331,0.9825497442877892
2024,05,ITA.6.4.20_1,0.7443082311733801,0.9886859966642594
2024,05,ITA.6.4.21_1,0.712784588441331,0.9825497442877892
2024,05,ITA.6.4.22_1,0.7443082311733801,0.9886859966642594
2024,05,ITA.6.4.23_1,0.7022767075306481,0.9802020199938377
2024,05,ITA.6.4.24_1,0.6742556917688267,0.9731906288081488
2024,05,ITA.6.4.25_1,0.6357267950963222,0.9617296917533533
2024,05,ITA.6.4.26_1,0.6725043782837129,0.9727157858285225
2024,05,ITA.6.4.27_1,0.6865148861646235,0.9763933633531108
2024,05,ITA.6.4.28_1,0.7197898423817863,0.9840304873325826
2024,05,ITA.6.4.29_1,0.6514886164623468,0.9666767815562759
2024,05,ITA.6.4.3_1,0.6760070052539405,0.9736611320166786
2024,05,ITA.6.4.30_1,0.6654991243432575,0.9707728879609279
2024,05,ITA.6.4.31_1,0.6024518388791593,0.9500821017154254
2024,05,ITA.6.4.32_1,0.6584938704028022,0.9687600322061186
2024,05,ITA.6.4.33_1,0.7373029772329247,0.987439112046915
2024,05,ITA.6.4.34_1,0.6532399299474606,0.9672042183530839
2024,05,ITA.6.4.35_1,0.6322241681260946,0.9605810741421048
2024,05,ITA.6.4.36_1,0.6882661996497373,0.976833660353696
2024,05,ITA.6.4.37_1,0.6672504378283713,0.9712651543219287
2024,05,ITA.6.4.38_1,0.7338003502626971,0.986790757962396
2024,05,ITA.6.4.39_1,0.6637478108581437,0.970276249322841
2024,05,ITA.6.4.4_1,0.7040280210157619,0.9806038955664005
2024,05,ITA.6.4.40_1,0.6637478108581437,0.970276249322841
2024,05,ITA.6.4.41_1,0.6584938704028022,0.9687600322061186
2024,05,ITA.6.4.42_1,0.6882661996497373,0.976833660353696
2024,05,ITA.6.4.43_1,0.6234676007005254,0.9576304088739037
2024,05,ITA.6.4.44_1,0.7180385288966725,0.983666610188635
2024,05,ITA.6.4.45_1,0.6987740805604205,0.9793855216409929
2024,05,ITA.6.4.46_1,0.7057793345008757,0.9810015290507961
2024,05,ITA.6.4.47_1,0.6654991243432575,0.9707728879609279
2024,05,ITA.6.4.5_1,0.6882661996497373,0.976833660353696
2024,05,ITA.6.4.6_1,0.670753064798599,0.9722365967191319
2024,05,ITA.6.4.7_1,0.6199649737302978,0.9564183185196736
2024,05,ITA.6.4.8_1,0.6690017513134852,0.9717530550505102
2024,05,ITA.6.4.9_1,0.6619964973730298,0.9697752316903129
2024,05,ITA.6.5.1_1,0.7022767075306481,0.9802020199938377
2024,05,ITA.6.5.10_1,0.7005253940455343,0.9797958971132712
2024,05,ITA.6.5.11_1,0.660245183887916,0.9692698282728087
2024,05,ITA.6.5.12_1,0.6427320490367776,0.9639730286683336
2024,05,ITA.6.5.13_1,0.6444833625218914,0.9645226798784983
2024,05,ITA.6.5.14_1,0.6549912434325745,0.9677272342969376
2024,05,ITA.6.5.15_1,0.6882661996497373,0.976833660353696
2024,05,ITA.6.5.16_1,0.6812609457092821,0.975046665549911
2024,05,ITA.6.5.17_1,0.6690017513134852,0.9717530550505102
2024,05,ITA.6.5.18_1,0.7022767075306481,0.9802020199938377
2024,05,ITA.6.5.19_1,0.6760070052539405,0.9736611320166786
2024,05,ITA.6.5.2_1,0.6690017513134852,0.9717530550505102
2024,05,ITA.6.5.20_1,0.7075306479859896,0.9813949256033475
2024,05,ITA.6.5.21_1,0.6917688266199651,0.9777013859047148
2024,05,ITA.6.5.22_1,0.6532399299474606,0.9672042183530839
2024,05,ITA.6.5.23_1,0.7232924693520141,0.9847456524402634
2024,05,ITA.6.5.24_1,0.6742556917688267,0.9731906288081488
2024,05,ITA.6.5.25_1,0.6742556917688267,0.9731906288081488
2024,05,ITA.6.5.26_1,0.6479859894921192,0.9656086163658648
2024,05,ITA.6.5.27_1,0.6812609457092821,0.975046665549911
2024,05,ITA.6.5.28_1,0.6760070052539405,0.9736611320166786
2024,05,ITA.6.5.29_1,0.7005253940455343,0.9797958971132712
2024,05,ITA.6.5.3_1,0.6532399299474606,0.9672042183530839
2024,05,ITA.6.5.30_1,0.7075306479859896,0.9813949256033475
2024,05,ITA.6.5.31_1,0.6725043782837129,0.9727157858285225
2024,05,ITA.6.5.32_1,0.7005253940455343,0.9797958971132712
2024,05,ITA.6.5.33_1,0.7250437828371279,0.9850969495435462
2024,05,ITA.6.5.34_1,0.712784588441331,0.9825497442877892
2024,05,ITA.6.5.35_1,0.712784588441331,0.9825497442877892
2024,05,ITA.6.5.36_1,0.7583187390542908,0.9909813318120578
2024,05,ITA.6.5.37_1,0.6725043782837129,0.9727157858285225
2024,05,ITA.6.5.38_1,0.6234676007005254,0.9576304088739037
2024,05,ITA.6.5.39_1,0.6479859894921192,0.9656086163658648
2024,05,ITA.6.5.4_1,0.6409807355516638,0.9634189120003821
2024,05,ITA.6.5.40_1,0.660245183887916,0.9692698282728087
2024,05,ITA.6.5.41_1,0.7250437828371279,0.9850969495435462
2024,05,ITA.6.5.42_1,0.6690017513134852,0.9717530550505102
2024,05,ITA.6.5.43_1,0.6970227670753065,0.9789708882290628
2024,05,ITA.6.5.44_1,0.7040280210157619,0.9806038955664005
2024,05,ITA.6.5.45_1,0.6952714535901927,0.97855199146494
2024,05,ITA.6.5.46_1,0.6952714535901927,0.97855199146494
2024,05,ITA.6.5.47_1,0.6882661996497373,0.976833660353696
2024,05,ITA.6.5.5_1,0.6777583187390543,0.9741273017424364
2024,05,ITA.6.5.6_1,0.6812609457092821,0.975046665549911
2024,05,ITA.6.5.7_1,0.7267950963222417,0.9854440623394105
2024,05,ITA.6.5.8_1,0.6760070052539405,0.9736611320166786
2024,05,ITA.6.5.9_1,0.7110332749562173,0.9821690282227392
2024,05,ITA.6.6.1_1,0.6847635726795097,0.9759487691472335
2024,05,ITA.6.6.10_1,0.7408056042031524,0.9880708476622514
2024,05,ITA.6.6.11_1,0.6970227670753065,0.9789708882290628
2024,05,ITA.6.6.12_1,0.712784588441331,0.9825497442877892
2024,05,ITA.6.6.13_1,0.7215411558669002,0.9843901665498289
2024,05,ITA.6.6.14_1,0.7548161120840631,0.9904322288778774
2024,05,ITA.6.6.15_1,0.6637478108581437,0.970276249322841
2024,05,ITA.6.6.16_1,0.6637478108581437,0.970276249322841
2024,05,ITA.6.6.17_1,0.7250437828371279,0.9850969495435462
2024,05,ITA.6.6.18_1,0.7495621716287216,0.9895776877031939
2024,05,ITA.6.6.19_1,0.7022767075306481,0.9802020199938377
2024,05,ITA.6.6.2_1,0.7057793345008757,0.9810015290507961
2024,05,ITA.6.6.20_1,0.6917688266199651,0.9777013859047148
2024,05,ITA.6.6.21_1,0.7250437828371279,0.9850969495435462
2024,05,ITA.6.6.22_1,0.712784588441331,0.9825497442877892
2024,05,ITA.6.6.23_1,0.7373029772329247,0.987439112046915
2024,05,ITA.6.6.24_1,0.7443082311733801,0.9886859966642594
2024,05,ITA.6.6.25_1,0.7022767075306481,0.9802020199938377
2024,05,ITA.6.6.26_1,0.6549912434325745,0.9677272342969376
2024,05,ITA.6.6.27_1,0.7740805604203153,0.9932492134404135
2024,05,ITA.6.6.28_1,0.6917688266199651,0.9777013859047148
2024,05,ITA.6.6.29_1,0.7092819614711035,0.9817840903172144
2024,05,ITA.6.6.3_1,0.649737302977233,0.9661449166662318
2024,05,ITA.6.6.30_1,0.6427320490367776,0.9639730286683336
2024,05,ITA.6.6.31_1,0.6567425569176883,0.9682458365518543
2024,05,ITA.6.6.32_1,0.7443082311733801,0.9886859966642594
2024,05,ITA.6.6.33_1,0.6725043782837129,0.9727157858285225
2024,05,ITA.6.6.34_1,0.6549912434325745,0.9677272342969376
2024,05,ITA.6.6.35_1,0.7302977232924693,0.9861257526299574
2024,05,ITA.6.6.36_1,0.6760070052539405,0.9736611320166786
2024,05,ITA.6.6.37_1,0.6952714535901927,0.97855199146494
2024,05,ITA.6.6.38_1,0.7075306479859896,0.9813949256033475
2024,05,ITA.6.6.39_1,0.7583187390542908,0.9909813318120578
2024,05,ITA.6.6.4_1,0.63922942206655,0.9628603221651623
2024,05,ITA.6.6.40_1,0.7338003502626971,0.986790757962396
2024,05,ITA.6.6.41_1,0.7022767075306481,0.9802020199938377
2024,05,ITA.6.6.42_1,0.7197898423817863,0.9840304873325826
2024,05,ITA.6.6.43_1,0.660245183887916,0.9692698282728087
2024,05,ITA.6.6.44_1,0.7110332749562173,0.9821690282227392
2024,05,ITA.6.6.45_1,0.7215411558669002,0.9843901665498289
2024,05,ITA.6.6.46_1,0.7075306479859896,0.9813949256033475
2024,05,ITA.6.6.47_1,0.6795096322241682,0.9745891442038537
2024,05,ITA.6.6.48_1,0.7495621716287216,0.9895776877031939
2024,05,ITA.6.6.5_1,0.63922942206655,0.9628603221651623
2024,05,ITA.6.6.6_1,0.660245183887916,0.9692698282728087
2024,05,ITA.6.6.7_1,0.6952714535901927,0.97855199146494
2024,05,ITA.6.6.8_1,0.7162872154115587,0.9832985304575615
2024,05,ITA.6.6.9_1,0.6812609457092821,0.975046665549911
2024,05,ITA.6.7.1_1,0.712784588441331,0.9825497442877892
2024,05,ITA.6.7.10_1,0.6007005253940456,0.9494229826584145
2024,05,ITA.6.7.11_1,0.6322241681260946,0.9605810741421048
2024,05,ITA.6.7.12_1,0.670753064798599,0.9722365967191319
2024,05,ITA.6.7.13_1,0.6304728546409808,0.96
2024,05,ITA.6.7.14_1,0.5954465849387042,0.9474175425861608
2024,05,ITA.6.7.15_1,0.63922942206655,0.9628603221651623
2024,05,ITA.6.7.16_1,0.63922942206655,0.9628603221651623
2024,05,ITA.6.7.17_1,0.660245183887916,0.9692698282728087
2024,05,ITA.6.7.18_1,0.6479859894921192,0.9656086163658648
2024,05,ITA.6.7.2_1,0.6637478108581437,0.970276249322841
2024,05,ITA.6.7.3_1,0.6427320490367776,0.9639730286683336
2024,05,ITA.6.7.4_1,0.6427320490367776,0.9639730286683336
2024,05,ITA.6.7.5_1,0.6479859894921192,0.9656086163658648
2024,05,ITA.6.7.6_1,0.6654991243432575,0.9707728879609279
2024,05,ITA.6.7.7_1,0.586690017513135,0.9439809320108113
2024,05,ITA.6.7.8_1,0.6690017513134852,0.9717530550505102
2024,05,ITA.6.7.9_1,0.6252189141856392,0.9582296175760798
2024,05,ITA.6.8.1_1,0.6865148861646235,0.9763933633531108
2024,05,ITA.6.8.10_1,0.6917688266199651,0.9777013859047148
2024,05,ITA.6.8.11_1,0.7040280210157619,0.9806038955664005
2024,05,ITA.6.8.12_1,0.6830122591943959,0.9754998718605759
2024,05,ITA.6.8.13_1,0.7215411558669002,0.9843901665498289
2024,05,ITA.6.8.14_1,0.6795096322241682,0.9745891442038537
2024,05,ITA.6.8.15_1,0.6637478108581437,0.970276249322841
2024,05,ITA.6.8.16_1,0.6637478108581437,0.970276249322841
2024,05,ITA.6.8.17_1,0.6479859894921192,0.9656086163658648
2024,05,ITA.6.8.18_1,0.6567425569176883,0.9682458365518543
2024,05,ITA.6.8.19_1,0.6374781085814362,0.962297251372984
2024,05,ITA.6.8.2_1,0.6812609457092821,0.975046665549911
2024,05,ITA.6.8.20_1,0.670753064798599,0.9722365967191319
2024,05,ITA.6.8.21_1,0.670753064798599,0.9722365967191319
2024,05,ITA.6.8.22_1,0.6584938704028022,0.9687600322061186
2024,05,ITA.6.8.23_1,0.7320490367775833,0.98646033878712025
2024,05,ITA.6.8.24_1,0.7232924693520141,0.9847456524402634
2024,05,ITA.6.8.25_1,0.6532399299474606,0.9672042183530839
2024,05,ITA.6.8.26_1,0.7302977232924693,0.9861257526299574
2024,05,ITA.6.8.27_1,0.7320490367775833,0.98646033878712025
2024,05,ITA.6.8.28_1,0.6777583187390543,0.9741273017424364
2024,05,ITA.6.8.29_1,0.7232924693520141,0.9847456524402634
2024,05,ITA.6.8.3_1,0.6917688266199651,0.9777013859047148
2024,05,ITA.6.8.30_1,0.6725043782837129,0.9727157858285225
2024,05,ITA.6.8.31_1,0.6532399299474606,0.9672042183530839
2024,05,ITA.6.8.32_1,0.6795096322241682,0.9745891442038537
2024,05,ITA.6.8.33_1,0.7232924693520141,0.9847456524402634
2024,05,ITA.6.8.34_1,0.670753064798599,0.9722365967191319
2024,05,ITA.6.8.35_1,0.6865148861646235,0.9763933633531108
2024,05,ITA.6.8.36_1,0.6304728546409808,0.96
2024,05,ITA.6.8.37_1,0.6760070052539405,0.9736611320166786
2024,05,ITA.6.8.38_1,0.6952714535901927,0.97855199146494
2024,05,ITA.6.8.39_1,0.6532399299474606,0.9672042183530839
2024,05,ITA.6.8.4_1,0.6690017513134852,0.9717530550505102
2024,05,ITA.6.8.40_1,0.660245183887916,0.9692698282728087
2024,05,ITA.6.8.41_1,0.6567425569176883,0.9682458365518543
2024,05,ITA.6.8.42_1,0.6339754816112084,0.9611576353543679
2024,05,ITA.6.8.43_1,0.6865148861646235,0.9763933633531108
2024,05,ITA.6.8.44_1,0.6725043782837129,0.9727157858285225
2024,05,ITA.6.8.45_1,0.6532399299474606,0.9672042183530839
2024,05,ITA.6.8.5_1,0.7162872154115587,0.9832985304575615
2024,05,ITA.6.8.6_1,0.6900175131348513,0.9772696659571503
2024,05,ITA.6.8.7_1,0.7005253940455343,0.9797958971132712
2024,05,ITA.6.8.8_1,0.6409807355516638,0.9634189120003821
2024,05,ITA.6.8.9_1,0.7408056042031524,0.9880708476622514
2024,05,ITA.6.9.1_1,0.6795096322241682,0.9745891442038537
2024,05,ITA.6.9.10_1,0.7075306479859896,0.9813949256033475
2024,05,ITA.6.9.11_1,0.660245183887916,0.9692698282728087
2024,05,ITA.6.9.12_1,0.6549912434325745,0.9677272342969376
2024,05,ITA.6.9.13_1,0.7302977232924693,0.9861257526299574
2024,05,ITA.6.9.14_1,0.6374781085814362,0.962297251372984
2024,05,ITA.6.9.15_1,0.7005253940455343,0.9797958971132712
2024,05,ITA.6.9.16_1,0.6725043782837129,0.9727157858285225
2024,05,ITA.6.9.17_1,0.7215411558669002,0.9843901665498289
2024,05,ITA.6.9.18_1,0.6129597197898424,0.9539392014169457
2024,05,ITA.6.9.19_1,0.628721541155867,0.9594144047282176
2024,05,ITA.6.9.2_1,0.7390542907180385,0.9877570551507087
2024,05,ITA.6.9.20_1,0.6059544658493871,0.9513863568498342
2024,05,ITA.6.9.3_1,0.6917688266199651,0.9777013859047148
2024,05,ITA.6.9.4_1,0.712784588441331,0.9825497442877892
2024,05,ITA.6.9.5_1,0.7057793345008757,0.9810015290507961
2024,05,ITA.6.9.6_1,0.6619964973730298,0.9697752316903129
2024,05,ITA.6.9.7_1,0.6760070052539405,0.9736611320166786
2024,05,ITA.6.9.8_1,0.6812609457092821,0.975046665549911
2024,05,ITA.6.9.9_1,0.7302977232924693,0.9861257526299574
2024,05,ITA.7.1.1_1,0.7338003502626971,0.986790757962396
2024,05,ITA.7.1.10_1,0.7390542907180385,0.9877570551507087
2024,05,ITA.7.1.11_1,0.7618213660245184,0.9915139938498094
2024,05,ITA.7.1.12_1,0.7460595446584939,0.9889873608899156
2024,05,ITA.7.1.13_1,0.7390542907180385,0.9877570551507087
2024,05,ITA.7.1.14_1,0.6952714535901927,0.97855199146494
2024,05,ITA.7.1.15_1,0.7968476357267952,0.9959417653658269
2024,05,ITA.7.1.16_1,0.7723292469352014,0.9930135950730987
2024,05,ITA.7.1.17_1,0.7425569176882663,0.9883804935347521
2024,05,ITA.7.1.18_1,0.7162872154115587,0.9832985304575615
2024,05,ITA.7.1.19_1,0.7933450087565675,0.9955721972815432
2024,05,ITA.7.1.2_1,0.7600700525394046,0.9912497162672985
2024,05,ITA.7.1.20_1,0.7740805604203153,0.9932492134404135
2024,05,ITA.7.1.21_1,0.7653239929947461,0.9920302414745228
2024,05,ITA.7.1.22_1,0.7390542907180385,0.9877570551507087
2024,05,ITA.7.1.23_1,0.7197898423817863,0.9840304873325826
2024,05,ITA.7.1.24_1,0.7250437828371279,0.9850969495435462
2024,05,ITA.7.1.25_1,0.7180385288966725,0.983666610188635
2024,05,ITA.7.1.3_1,0.7320490367775833,0.98646033878712025
2024,05,ITA.7.1.4_1,0.7968476357267952,0.9959417653658269
2024,05,ITA.7.1.5_1,0.712784588441331,0.9825497442877892
2024,05,ITA.7.1.6_1,0.7197898423817863,0.9840304873325826
2024,05,ITA.7.1.7_1,0.7548161120840631,0.9904322288778774
2024,05,ITA.7.1.8_1,0.7723292469352014,0.9930135950730987
2024,05,ITA.7.1.9_1,0.7075306479859896,0.9813949256033475
2024,05,ITA.7.2.1_1,0.670753064798599,0.9722365967191319
2024,05,ITA.7.2.10_1,0.6619964973730298,0.9697752316903129
2024,05,ITA.7.2.11_1,0.7197898423817863,0.9840304873325826
2024,05,ITA.7.2.12_1,0.7005253940455343,0.9797958971132712
2024,05,ITA.7.2.13_1,0.7057793345008757,0.9810015290507961
2024,05,ITA.7.2.14_1,0.660245183887916,0.9692698282728087
2024,05,ITA.7.2.15_1,0.7302977232924693,0.9861257526299574
2024,05,ITA.7.2.16_1,0.6654991243432575,0.9707728879609279
2024,05,ITA.7.2.17_1,0.6847635726795097,0.9759487691472335
2024,05,ITA.7.2.18_1,0.7373029772329247,0.987439112046915
2024,05,ITA.7.2.19_1,0.6742556917688267,0.9731906288081488
2024,05,ITA.7.2.2_1,0.6865148861646235,0.9763933633531108
2024,05,ITA.7.2.20_1,0.7197898423817863,0.9840304873325826
2024,05,ITA.7.2.21_1,0.6514886164623468,0.9666767815562759
2024,05,ITA.7.2.22_1,0.7232924693520141,0.9847456524402634
2024,05,ITA.7.2.23_1,0.6882661996497373,0.976833660353696
2024,05,ITA.7.2.24_1,0.6847635726795097,0.9759487691472335
2024,05,ITA.7.2.25_1,0.6830122591943959,0.9754998718605759
2024,05,ITA.7.2.26_1,0.7110332749562173,0.9821690282227392
2024,05,ITA.7.2.27_1,0.7022767075306481,0.9802020199938377
2024,05,ITA.7.2.28_1,0.7075306479859896,0.9813949256033475
2024,05,ITA.7.2.29_1,0.7092819614711035,0.9817840903172144
2024,05,ITA.7.2.3_1,0.7373029772329247,0.987439112046915
2024,05,ITA.7.2.30_1,0.7162872154115587,0.9832985304575615
2024,05,ITA.7.2.31_1,0.7267950963222417,0.9854440623394105
2024,05,ITA.7.2.32_1,0.7425569176882663,0.9883804935347521
2024,05,ITA.7.2.33_1,0.7443082311733801,0.9886859966642594
2024,05,ITA.7.2.34_1,0.7373029772329247,0.987439112046915
2024,05,ITA.7.2.35_1,0.7443082311733801,0.9886859966642594
2024,05,ITA.7.2.36_1,0.7250437828371279,0.9850969495435462
2024,05,ITA.7.2.37_1,0.6952714535901927,0.97855199146494
2024,05,ITA.7.2.38_1,0.6882661996497373,0.976833660353696
2024,05,ITA.7.2.39_1,0.7057793345008757,0.9810015290507961
2024,05,ITA.7.2.4_1,0.6567425569176883,0.9682458365518543
2024,05,ITA.7.2.40_1,0.6987740805604205,0.9793855216409929
2024,05,ITA.7.2.41_1,0.7075306479859896,0.9813949256033475
2024,05,ITA.7.2.42_1,0.7162872154115587,0.9832985304575615
2024,05,ITA.7.2.43_1,0.7425569176882663,0.9883804935347521
2024,05,ITA.7.2.44_1,0.7285464098073555,0.9857869952479592
2024,05,ITA.7.2.45_1,0.7302977232924693,0.9861257526299574
2024,05,ITA.7.2.46_1,0.7355516637478109,0.9871170143402452
2024,05,ITA.7.2.47_1,0.777583187390543,0.9937082066683358
2024,05,ITA.7.2.48_1,0.7022767075306481,0.9802020199938377
2024,05,ITA.7.2.49_1,0.7267950963222417,0.9854440623394105
2024,05,ITA.7.2.5_1,0.6900175131348513,0.9772696659571503
2024,05,ITA.7.2.50_1,0.7530647985989493,0.990151503558925
2024,05,ITA.7.2.51_1,0.7338003502626971,0.986790757962396
2024,05,ITA.7.2.6_1,0.6935201401050789,0.9781288258711119
2024,05,ITA.7.2.7_1,0.7828371278458844,0.9943661297530201
2024,05,ITA.7.2.8_1,0.7390542907180385,0.9877570551507087
2024,05,ITA.7.2.9_1,0.7408056042031524,0.9880708476622514
2024,05,ITA.7.3.1_1,0.7653239929947461,0.9920302414745228
2024,05,ITA.7.3.2_1,0.7548161120840631,0.9904322288778774
2024,05,ITA.7.3.3_1,0.7040280210157619,0.9806038955664005
2024,05,ITA.7.3.4_1,0.7302977232924693,0.9861257526299574
2024,05,ITA.7.3.5_1,0.7005253940455343,0.9797958971132712
2024,05,ITA.7.3.6_1,0.7373029772329247,0.987439112046915
2024,05,ITA.7.4.1_1,0.7057793345008757,0.9810015290507961
2024,05,ITA.7.4.10_1,0.6760070052539405,0.9736611320166786
2024,05,ITA.7.4.100_1,0.7232924693520141,0.9847456524402634
2024,05,ITA.7.4.101_1,0.7005253940455343,0.9797958971132712
2024,05,ITA.7.4.102_1,0.7478108581436077,0.9892845899942038
2024,05,ITA.7.4.103_1,0.7285464098073555,0.9857869952479592
2024,05,ITA.7.4.104_1,0.6900175131348513,0.9772696659571503
2024,05,ITA.7.4.105_1,0.7408056042031524,0.9880708476622514
2024,05,ITA.7.4.106_1,0.7355516637478109,0.9871170143402452
2024,05,ITA.7.4.107_1,0.7600700525394046,0.9912497162672985
2024,05,ITA.7.4.108_1,0.6812609457092821,0.975046665549911
2024,05,ITA.7.4.109_1,0.7530647985989493,0.990151503558925
2024,05,ITA.7.4.11_1,0.7180385288966725,0.983666610188635
2024,05,ITA.7.4.110_1,0.6795096322241682,0.9745891442038537
2024,05,ITA.7.4.111_1,0.670753064798599,0.9722365967191319
2024,05,ITA.7.4.112_1,0.7302977232924693,0.9861257526299574
2024,05,ITA.7.4.113_1,0.6690017513134852,0.9717530550505102
2024,05,ITA.7.4.114_1,0.788091068301226,0.99498743710662
2024,05,ITA.7.4.115_1,0.7232924693520141,0.9847456524402634
2024,05,ITA.7.4.116_1,0.7478108581436077,0.9892845899942038
2024,05,ITA.7.4.117_1,0.7110332749562173,0.9821690282227392
2024,05,ITA.7.4.118_1,0.6532399299474606,0.9672042183530839
2024,05,ITA.7.4.119_1,0.7302977232924693,0.9861257526299574
2024,05,ITA.7.4.12_1,0.6847635726795097,0.9759487691472335
2024,05,ITA.7.4.120_1,0.7075306479859896,0.9813949256033475
2024,05,ITA.7.4.121_1,0.7408056042031524,0.9880708476622514
2024,05,ITA.7.4.122_1,0.712784588441331,0.9825497442877892
2024,05,ITA.7.4.123_1,0.7320490367775833,0.98646033878712025
2024,05,ITA.7.4.124_1,0.7267950963222417,0.9854440623394105
2024,05,ITA.7.4.125_1,0.7232924693520141,0.9847456524402634
2024,05,ITA.7.4.126_1,0.6900175131348513,0.9772696659571503
2024,05,ITA.7.4.127_1,0.7162872154115587,0.9832985304575615
2024,05,ITA.7.4.128_1,0.7320490367775833,0.98646033878712025
2024,05,ITA.7.4.129_1,0.7373029772329247,0.987439112046915
2024,05,ITA.7.4.13_1,0.7110332749562173,0.9821690282227392
2024,05,ITA.7.4.130_1,0.63922942206655,0.9628603221651623
2024,05,ITA.7.4.131_1,0.6917688266199651,0.9777013859047148
2024,05,ITA.7.4.132_1,0.7232924693520141,0.9847456524402634
2024,05,ITA.7.4.133_1,0.7285464098073555,0.9857869952479592
2024,05,ITA.7.4.134_1,0.7425569176882663,0.9883804935347521
2024,05,ITA.7.4.135_1,0.6917688266199651,0.9777013859047148
2024,05,ITA.7.4.136_1,0.7040280210157619,0.9806038955664005
2024,05,ITA.7.4.137_1,0.7408056042031524,0.9880708476622514
2024,05,ITA.7.4.14_1,0.7267950963222417,0.9854440623394105
2024,05,ITA.7.4.15_1,0.6532399299474606,0.9672042183530839
2024,05,ITA.7.4.16_1,0.7075306479859896,0.9813949256033475
2024,05,ITA.7.4.17_1,0.7653239929947461,0.9920302414745228
2024,05,ITA.7.4.18_1,0.6987740805604205,0.9793855216409929
2024,05,ITA.7.4.19_1,0.6952714535901927,0.97855199146494
2024,05,ITA.7.4.2_1,0.6952714535901927,0.97855199146494
2024,05,ITA.7.4.20_1,0.6830122591943959,0.9754998718605759
2024,05,ITA.7.4.21_1,0.7845884413309984,0.9945772971468834
2024,05,ITA.7.4.22_1,0.7022767075306481,0.9802020199938377
2024,05,ITA.7.4.23_1,0.7145359019264449,0.9829262434180909
2024,05,ITA.7.4.24_1,0.7145359019264449,0.9829262434180909
2024,05,ITA.7.4.25_1,0.6637478108581437,0.970276249322841
2024,05,ITA.7.4.26_1,0.7197898423817863,0.9840304873325826
2024,05,ITA.7.4.27_1,0.7057793345008757,0.9810015290507961
2024,05,ITA.7.4.28_1,0.7513134851138354,0.9898666576867816
2024,05,ITA.7.4.29_1,0.6690017513134852,0.9717530550505102
2024,05,ITA.7.4.3_1,0.7373029772329247,0.987439112046915
2024,05,ITA.7.4.30_1,0.7635726795096323,0.9917741678426597
2024,05,ITA.7.4.31_1,0.7092819614711035,0.9817840903172144
2024,05,ITA.7.4.32_1,0.6812609457092821,0.975046665549911
2024,05,ITA.7.4.33_1,0.7302977232924693,0.9861257526299574
2024,05,ITA.7.4.34_1,0.7267950963222417,0.9854440623394105
2024,05,ITA.7.4.35_1,0.7355516637478109,0.9871170143402452
2024,05,ITA.7.4.36_1,0.7390542907180385,0.9877570551507087
2024,05,ITA.7.4.37_1,0.7653239929947461,0.9920302414745228
2024,05,ITA.7.4.38_1,0.7548161120840631,0.9904322288778774
2024,05,ITA.7.4.39_1,0.6654991243432575,0.9707728879609279
2024,05,ITA.7.4.4_1,0.6672504378283713,0.9712651543219287
2024,05,ITA.7.4.40_1,0.7092819614711035,0.9817840903172144
2024,05,ITA.7.4.41_1,0.649737302977233,0.9661449166662318
2024,05,ITA.7.4.42_1,0.7092819614711035,0.9817840903172144
2024,05,ITA.7.4.43_1,0.7057793345008757,0.9810015290507961
2024,05,ITA.7.4.44_1,0.6917688266199651,0.9777013859047148
2024,05,ITA.7.4.45_1,0.7267950963222417,0.9854440623394105
2024,05,ITA.7.4.46_1,0.7215411558669002,0.9843901665498289
2024,05,ITA.7.4.47_1,0.7898423817863398,0.9951864146982715
2024,05,ITA.7.4.48_1,0.7513134851138354,0.9898666576867816
2024,05,ITA.7.4.49_1,0.6725043782837129,0.9727157858285225
2024,05,ITA.7.4.5_1,0.7145359019264449,0.9829262434180909
2024,05,ITA.7.4.50_1,0.6917688266199651,0.9777013859047148
2024,05,ITA.7.4.51_1,0.6777583187390543,0.9741273017424364
2024,05,ITA.7.4.52_1,0.7530647985989493,0.990151503558925
2024,05,ITA.7.4.53_1,0.7513134851138354,0.9898666576867816
2024,05,ITA.7.4.54_1,0.7145359019264449,0.9829262434180909
2024,05,ITA.7.4.55_1,0.6847635726795097,0.9759487691472335
2024,05,ITA.7.4.56_1,0.7180385288966725,0.983666610188635
2024,05,ITA.7.4.57_1,0.7495621716287216,0.9895776877031939
2024,05,ITA.7.4.58_1,0.7338003502626971,0.986790757962396
2024,05,ITA.7.4.59_1,0.7075306479859896,0.9813949256033475
2024,05,ITA.7.4.6_1,0.7723292469352014,0.9930135950730987
2024,05,ITA.7.4.60_1,0.7565674255691769,0.9907088371464141
2024,05,ITA.7.4.61_1,0.7408056042031524,0.9880708476622514
2024,05,ITA.7.4.62_1,0.6672504378283713,0.9712651543219287
2024,05,ITA.7.4.63_1,0.6900175131348513,0.9772696659571503
2024,05,ITA.7.4.64_1,0.7338003502626971,0.986790757962396
2024,05,ITA.7.4.65_1,0.7355516637478109,0.9871170143402452
2024,05,ITA.7.4.66_1,0.7285464098073555,0.9857869952479592
2024,05,ITA.7.4.67_1,0.7110332749562173,0.9821690282227392
2024,05,ITA.7.4.68_1,0.7110332749562173,0.9821690282227392
2024,05,ITA.7.4.69_1,0.76707530647986,0.9922822179198819
2024,05,ITA.7.4.7_1,0.7618213660245184,0.9915139938498094
2024,05,ITA.7.4.70_1,0.7583187390542908,0.9909813318120578
2024,05,ITA.7.4.71_1,0.7723292469352014,0.9930135950730987
2024,05,ITA.7.4.72_1,0.6882661996497373,0.976833660353696
2024,05,ITA.7.4.73_1,0.7005253940455343,0.9797958971132712
2024,05,ITA.7.4.74_1,0.670753064798599,0.9722365967191319
2024,05,ITA.7.4.75_1,0.76707530647986,0.9922822179198819
2024,05,ITA.7.4.76_1,0.7075306479859896,0.9813949256033475
2024,05,ITA.7.4.77_1,0.6847635726795097,0.9759487691472335
2024,05,ITA.7.4.78_1,0.7197898423817863,0.9840304873325826
2024,05,ITA.7.4.79_1,0.7373029772329247,0.987439112046915
2024,05,ITA.7.4.8_1,0.6742556917688267,0.9731906288081488
2024,05,ITA.7.4.80_1,0.6882661996497373,0.976833660353696
2024,05,ITA.7.4.81_1,0.7408056042031524,0.9880708476622514
2024,05,ITA.7.4.82_1,0.7092819614711035,0.9817840903172144
2024,05,ITA.7.4.83_1,0.7618213660245184,0.9915139938498094
2024,05,ITA.7.4.84_1,0.7215411558669002,0.9843901665498289
2024,05,ITA.7.4.85_1,0.76707530647986,0.9922822179198819
2024,05,ITA.7.4.86_1,0.7723292469352014,0.9930135950730987
2024,05,ITA.7.4.87_1,0.6952714535901927,0.97855199146494
2024,05,ITA.7.4.88_1,0.7758318739054292,0.9934807496876826
2024,05,ITA.7.4.89_1,0.7373029772329247,0.987439112046915
2024,05,ITA.7.4.9_1,0.6777583187390543,0.9741273017424364
2024,05,ITA.7.4.90_1,0.7197898423817863,0.9840304873325826
2024,05,ITA.7.4.91_1,0.7355516637478109,0.9871170143402452
2024,05,ITA.7.4.92_1,0.7355516637478109,0.9871170143402452
2024,05,ITA.7.4.93_1,0.6882661996497373,0.976833660353696
2024,05,ITA.7.4.94_1,0.7320490367775833,0.98646033878712025
2024,05,ITA.7.4.95_1,0.6987740805604205,0.9793855216409929
2024,05,ITA.7.4.96_1,0.6812609457092821,0.975046665549911
2024,05,ITA.7.4.97_1,0.6514886164623468,0.9666767815562759
2024,05,ITA.7.4.98_1,0.7898423817863398,0.9951864146982715
2024,05,ITA.7.4.99_1,0.7495621716287216,0.9895776877031939
2024,05,ITA.8.1.1_1,0.6952714535901927,0.97855199146494
2024,05,ITA.8.1.10_1,0.6952714535901927,0.97855199146494
2024,05,ITA.8.1.11_1,0.6549912434325745,0.9677272342969376
2024,05,ITA.8.1.12_1,0.7338003502626971,0.986790757962396
2024,05,ITA.8.1.13_1,0.628721541155867,0.9594144047282176
2024,05,ITA.8.1.14_1,0.6637478108581437,0.970276249322841
2024,05,ITA.8.1.15_1,0.7110332749562173,0.9821690282227392
2024,05,ITA.8.1.16_1,0.6339754816112084,0.9611576353543679
2024,05,ITA.8.1.17_1,0.7250437828371279,0.9850969495435462
2024,05,ITA.8.1.18_1,0.6952714535901927,0.97855199146494
2024,05,ITA.8.1.19_1,0.7320490367775833,0.98646033878712025
2024,05,ITA.8.1.2_1,0.6812609457092821,0.975046665549911
2024,05,ITA.8.1.20_1,0.7110332749562173,0.9821690282227392
2024,05,ITA.8.1.21_1,0.7267950963222417,0.9854440623394105
2024,05,ITA.8.1.22_1,0.6812609457092821,0.975046665549911
2024,05,ITA.8.1.23_1,0.7145359019264449,0.9829262434180909
2024,05,ITA.8.1.24_1,0.6900175131348513,0.9772696659571503
2024,05,ITA.8.1.25_1,0.6479859894921192,0.9656086163658648
2024,05,ITA.8.1.26_1,0.6970227670753065,0.9789708882290628
2024,05,ITA.8.1.27_1,0.6567425569176883,0.9682458365518543
2024,05,ITA.8.1.28_1,0.7057793345008757,0.9810015290507961
2024,05,ITA.8.1.29_1,0.6182136602451839,0.9558054195284729
2024,05,ITA.8.1.3_1,0.6970227670753065,0.9789708882290628
2024,05,ITA.8.1.30_1,0.76707530647986,0.9922822179198819
2024,05,ITA.8.1.31_1,0.7513134851138354,0.9898666576867816
2024,05,ITA.8.1.32_1,0.6619964973730298,0.9697752316903129
2024,05,ITA.8.1.33_1,0.6935201401050789,0.9781288258711119
2024,05,ITA.8.1.34_1,0.6462346760070053,0.965067873260736
2024,05,ITA.8.1.35_1,0.7215411558669002,0.9843901665498289
2024,05,ITA.8.1.36_1,0.7267950963222417,0.9854440623394105
2024,05,ITA.8.1.37_1,0.6549912434325745,0.9677272342969376
2024,05,ITA.8.1.38_1,0.7197898423817863,0.9840304873325826
2024,05,ITA.8.1.39_1,0.7565674255691769,0.9907088371464141
2024,05,ITA.8.1.4_1,0.6129597197898424,0.9539392014169457
2024,05,ITA.8.1.40_1,0.6514886164623468,0.9666767815562759
2024,05,ITA.8.1.41_1,0.7057793345008757,0.9810015290507961
2024,05,ITA.8.1.42_1,0.6795096322241682,0.9745891442038537
2024,05,ITA.8.1.43_1,0.6637478108581437,0.970276249322841
2024,05,ITA.8.1.44_1,0.6900175131348513,0.9772696659571503
2024,05,ITA.8.1.45_1,0.6654991243432575,0.9707728879609279
2024,05,ITA.8.1.46_1,0.7005253940455343,0.9797958971132712
2024,05,ITA.8.1.47_1,0.7075306479859896,0.9813949256033475
2024,05,ITA.8.1.48_1,0.7443082311733801,0.9886859966642594
2024,05,ITA.8.1.49_1,0.6182136602451839,0.9558054195284729
2024,05,ITA.8.1.5_1,0.6725043782837129,0.9727157858285225
2024,05,ITA.8.1.50_1,0.6795096322241682,0.9745891442038537
2024,05,ITA.8.1.51_1,0.7443082311733801,0.9886859966642594
2024,05,ITA.8.1.52_1,0.7285464098073555,0.9857869952479592
2024,05,ITA.8.1.53_1,0.6795096322241682,0.9745891442038537
2024,05,ITA.8.1.54_1,0.6970227670753065,0.9789708882290628
2024,05,ITA.8.1.55_1,0.7110332749562173,0.9821690282227392
2024,05,ITA.8.1.56_1,0.7232924693520141,0.9847456524402634
2024,05,ITA.8.1.57_1,0.6339754816112084,0.9611576353543679
2024,05,ITA.8.1.58_1,0.7250437828371279,0.9850969495435462
2024,05,ITA.8.1.59_1,0.7373029772329247,0.987439112046915
2024,05,ITA.8.1.6_1,0.660245183887916,0.9692698282728087
2024,05,ITA.8.1.60_1,0.6865148861646235,0.9763933633531108
2024,05,ITA.8.1.61_1,0.6234676007005254,0.9576304088739037
2024,05,ITA.8.1.62_1,0.6952714535901927,0.97855199146494
2024,05,ITA.8.1.63_1,0.7460595446584939,0.9889873608899156
2024,05,ITA.8.1.64_1,0.7057793345008757,0.9810015290507961
2024,05,ITA.8.1.65_1,0.7232924693520141,0.9847456524402634
2024,05,ITA.8.1.66_1,0.7478108581436077,0.9892845899942038
2024,05,ITA.8.1.67_1,0.7425569176882663,0.9883804935347521
2024,05,ITA.8.1.68_1,0.7145359019264449,0.9829262434180909
2024,05,ITA.8.1.69_1,0.6462346760070053,0.965067873260736
2024,05,ITA.8.1.7_1,0.7215411558669002,0.9843901665498289
2024,05,ITA.8.1.70_1,0.7460595446584939,0.9889873608899156
2024,05,ITA.8.1.71_1,0.63922942206655,0.9628603221651623
2024,05,ITA.8.1.72_1,0.6567425569176883,0.9682458365518543
2024,05,ITA.8.1.73_1,0.6584938704028022,0.9687600322061186
2024,05,ITA.8.1.74_1,0.6479859894921192,0.9656086163658648
2024,05,ITA.8.1.75_1,0.6549912434325745,0.9677272342969376
2024,05,ITA.8.1.76_1,0.7320490367775833,0.98646033878712025
2024,05,ITA.8.1.77_1,0.7057793345008757,0.9810015290507961
2024,05,ITA.8.1.78_1,0.5674255691768827,0.936
2024,05,ITA.8.1.79_1,0.6654991243432575,0.9707728879609279
2024,05,ITA.8.1.8_1,0.6865148861646235,0.9763933633531108
2024,05,ITA.8.1.80_1,0.6567425569176883,0.9682458365518543
2024,05,ITA.8.1.81_1,0.6077057793345009,0.9520315120835025
2024,05,ITA.8.1.82_1,0.6865148861646235,0.9763933633531108
2024,05,ITA.8.1.83_1,0.6830122591943959,0.9754998718605759
2024,05,ITA.8.1.84_1,0.6654991243432575,0.9707728879609279
2024,05,ITA.8.1.85_1,0.6339754816112084,0.9611576353543679
2024,05,ITA.8.1.86_1,0.6882661996497373,0.976833660353696
2024,05,ITA.8.1.87_1,0.62697022767075306,0.9588242800430119
2024,05,ITA.8.1.88_1,0.6322241681260946,0.9605810741421048
2024,05,ITA.8.1.89_1,0.7355516637478109,0.9871170143402452
2024,05,ITA.8.1.9_1,0.6812609457092821,0.975046665549911
2024,05,ITA.8.1.90_1,0.6584938704028022,0.9687600322061186
2024,05,ITA.8.1.91_1,0.7145359019264449,0.9829262434180909
2024,05,ITA.8.2.1_1,0.7548161120840631,0.9904322288778774
2024,05,ITA.8.2.10_1,0.7618213660245184,0.9915139938498094
2024,05,ITA.8.2.11_1,0.7740805604203153,0.9932492134404135
2024,05,ITA.8.2.12_1,0.6987740805604205,0.9793855216409929
2024,05,ITA.8.2.13_1,0.7232924693520141,0.9847456524402634
2024,05,ITA.8.2.14_1,0.8143607705779335,0.9975469913743412
2024,05,ITA.8.2.15_1,0.7338003502626971,0.986790757962396
2024,05,ITA.8.2.16_1,0.7285464098073555,0.9857869952479592
2024,05,ITA.8.2.17_1,0.7338003502626971,0.986790757962396
2024,05,ITA.8.2.19_1,0.7022767075306481,0.9802020199938377
2024,05,ITA.8.2.2_1,0.7460595446584939,0.9889873608899156
2024,05,ITA.8.2.20_1,0.6830122591943959,0.9754998718605759
2024,05,ITA.8.2.21_1,0.712784588441331,0.9825497442877892
2024,05,ITA.8.2.22_1,0.6952714535901927,0.97855199146494
2024,05,ITA.8.2.23_1,0.670753064798599,0.9722365967191319
2024,05,ITA.8.2.24_1,0.7495621716287216,0.9895776877031939
2024,05,ITA.8.2.25_1,0.7285464098073555,0.9857869952479592
2024,05,ITA.8.2.26_1,0.7478108581436077,0.9892845899942038
2024,05,ITA.8.2.27_1,0.6935201401050789,0.9781288258711119
2024,05,ITA.8.2.28_1,0.6900175131348513,0.9772696659571503
2024,05,ITA.8.2.29_1,0.7320490367775833,0.98646033878712025
2024,05,ITA.8.2.3_1,0.7232924693520141,0.9847456524402634
2024,05,ITA.8.2.30_1,0.76707530647986,0.9922822179198819
2024,05,ITA.8.2.31_1,0.7390542907180385,0.9877570551507087
2024,05,ITA.8.2.32_1,0.712784588441331,0.9825497442877892
2024,05,ITA.8.2.4_1,0.7320490367775833,0.98646033878712025
2024,05,ITA.8.2.5_1,0.7355516637478109,0.9871170143402452
2024,05,ITA.8.2.6_1,0.670753064798599,0.9722365967191319
2024,05,ITA.8.2.7_1,0.6900175131348513,0.9772696659571503
2024,05,ITA.8.2.8_1,0.7513134851138354,0.9898666576867816
2024,05,ITA.8.2.9_1,0.7250437828371279,0.9850969495435462
2024,05,ITA.8.3.1_1,0.6059544658493871,0.9513863568498342
2024,05,ITA.8.3.10_1,0.6812609457092821,0.975046665549911
2024,05,ITA.8.3.11_1,0.6217162872154116,0.9570266453970862
2024,05,ITA.8.3.12_1,0.6322241681260946,0.9605810741421048
2024,05,ITA.8.3.13_1,0.6532399299474606,0.9672042183530839
2024,05,ITA.8.3.14_1,0.6199649737302978,0.9564183185196736
2024,05,ITA.8.3.15_1,0.6760070052539405,0.9736611320166786
2024,05,ITA.8.3.16_1,0.597197898423818,0.9480907129594721
2024,05,ITA.8.3.17_1,0.6024518388791593,0.9500821017154254
2024,05,ITA.8.3.18_1,0.6584938704028022,0.9687600322061186
2024,05,ITA.8.3.19_1,0.6007005253940456,0.9494229826584145
2024,05,ITA.8.3.2_1,0.6024518388791593,0.9500821017154254
2024,05,ITA.8.3.20_1,0.6094570928196147,0.9526720317087093
2024,05,ITA.8.3.21_1,0.6742556917688267,0.9731906288081488
2024,05,ITA.8.3.22_1,0.5744308231173381,0.9389696480717574
2024,05,ITA.8.3.23_1,0.6339754816112084,0.9611576353543679
2024,05,ITA.8.3.24_1,0.6637478108581437,0.970276249322841
2024,05,ITA.8.3.25_1,0.6777583187390543,0.9741273017424364
2024,05,ITA.8.3.26_1,0.670753064798599,0.9722365967191319
2024,05,ITA.8.3.27_1,0.6339754816112084,0.9611576353543679
2024,05,ITA.8.3.28_1,0.6199649737302978,0.9564183185196736
2024,05,ITA.8.3.29_1,0.6917688266199651,0.9777013859047148
2024,05,ITA.8.3.3_1,0.628721541155867,0.9594144047282176
2024,05,ITA.8.3.30_1,0.6514886164623468,0.9666767815562759
2024,05,ITA.8.3.31_1,0.6514886164623468,0.9666767815562759
2024,05,ITA.8.3.32_1,0.6042031523642732,0.9507365565707464
2024,05,ITA.8.3.33_1,0.6217162872154116,0.9570266453970862
2024,05,ITA.8.3.34_1,0.6234676007005254,0.9576304088739037
2024,05,ITA.8.3.35_1,0.7758318739054292,0.9934807496876826
2024,05,ITA.8.3.36_1,0.6374781085814362,0.962297251372984
2024,05,ITA.8.3.37_1,0.5796847635726796,0.9411461098044235
2024,05,ITA.8.3.38_1,0.6409807355516638,0.9634189120003821
2024,05,ITA.8.3.39_1,0.6795096322241682,0.9745891442038537
2024,05,ITA.8.3.4_1,0.6322241681260946,0.9605810741421048
2024,05,ITA.8.3.40_1,0.6532399299474606,0.9672042183530839
2024,05,ITA.8.3.41_1,0.6865148861646235,0.9763933633531108
2024,05,ITA.8.3.42_1,0.649737302977233,0.9661449166662318
2024,05,ITA.8.3.43_1,0.6182136602451839,0.9558054195284729
2024,05,ITA.8.3.44_1,0.6409807355516638,0.9634189120003821
2024,05,ITA.8.3.45_1,0.6444833625218914,0.9645226798784983
2024,05,ITA.8.3.46_1,0.6007005253940456,0.9494229826584145
2024,05,ITA.8.3.47_1,0.670753064798599,0.9722365967191319
2024,05,ITA.8.3.48_1,0.6129597197898424,0.9539392014169457
2024,05,ITA.8.3.49_1,0.6532399299474606,0.9672042183530839
2024,05,ITA.8.3.5_1,0.6812609457092821,0.975046665549911
2024,05,ITA.8.3.50_1,0.6199649737302978,0.9564183185196736
2024,05,ITA.8.3.51_1,0.6374781085814362,0.962297251372984
2024,05,ITA.8.3.52_1,0.6637478108581437,0.970276249322841
2024,05,ITA.8.3.53_1,0.6952714535901927,0.97855199146494
2024,05,ITA.8.3.54_1,0.6094570928196147,0.9526720317087093
2024,05,ITA.8.3.55_1,0.6742556917688267,0.9731906288081488
2024,05,ITA.8.3.56_1,0.6847635726795097,0.9759487691472335
2024,05,ITA.8.3.57_1,0.6409807355516638,0.9634189120003821
2024,05,ITA.8.3.58_1,0.6129597197898424,0.9539392014169457
2024,05,ITA.8.3.59_1,0.6077057793345009,0.9520315120835025
2024,05,ITA.8.3.6_1,0.6182136602451839,0.9558054195284729
2024,05,ITA.8.3.60_1,0.6252189141856392,0.9582296175760798
2024,05,ITA.8.3.61_1,0.6777583187390543,0.9741273017424364
2024,05,ITA.8.3.62_1,0.6672504378283713,0.9712651543219287
2024,05,ITA.8.3.63_1,0.6672504378283713,0.9712651543219287
2024,05,ITA.8.3.64_1,0.6024518388791593,0.9500821017154254
2024,05,ITA.8.3.65_1,0.7092819614711035,0.9817840903172144
2024,05,ITA.8.3.66_1,0.7197898423817863,0.9840304873325826
2024,05,ITA.8.3.67_1,0.6514886164623468,0.9666767815562759
2024,05,ITA.8.3.68_1,0.7057793345008757,0.9810015290507961
2024,05,ITA.8.3.69_1,0.7040280210157619,0.9806038955664005
2024,05,ITA.8.3.7_1,0.6637478108581437,0.970276249322841
2024,05,ITA.8.3.70_1,0.6532399299474606,0.9672042183530839
2024,05,ITA.8.3.71_1,0.6637478108581437,0.970276249322841
2024,05,ITA.8.3.72_1,0.6725043782837129,0.9727157858285225
2024,05,ITA.8.3.73_1,0.628721541155867,0.9594144047282176
2024,05,ITA.8.3.8_1,0.5761821366024519,0.939699952112375
2024,05,ITA.8.3.9_1,0.6374781085814362,0.962297251372984
2024,05,ITA.8.4.1_1,0.6725043782837129,0.9727157858285225
2024,05,ITA.8.4.10_1,0.7250437828371279,0.9850969495435462
2024,05,ITA.8.4.100_1,0.6462346760070053,0.965067873260736
2024,05,ITA.8.4.101_1,0.7022767075306481,0.9802020199938377
2024,05,ITA.8.4.102_1,0.6865148861646235,0.9763933633531108
2024,05,ITA.8.4.103_1,0.7075306479859896,0.9813949256033475
2024,05,ITA.8.4.104_1,0.6935201401050789,0.9781288258711119
2024,05,ITA.8.4.105_1,0.7302977232924693,0.9861257526299574
2024,05,ITA.8.4.106_1,0.6304728546409808,0.96
2024,05,ITA.8.4.107_1,0.7197898423817863,0.9840304873325826
2024,05,ITA.8.4.108_1,0.6830122591943959,0.9754998718605759
2024,05,ITA.8.4.109_1,0.6847635726795097,0.9759487691472335
2024,05,ITA.8.4.11_1,0.6935201401050789,0.9781288258711119
2024,05,ITA.8.4.110_1,0.6777583187390543,0.9741273017424364
2024,05,ITA.8.4.111_1,0.6935201401050789,0.9781288258711119
2024,05,ITA.8.4.112_1,0.6900175131348513,0.9772696659571503
2024,05,ITA.8.4.113_1,0.6917688266199651,0.9777013859047148
2024,05,ITA.8.4.114_1,0.7267950963222417,0.9854440623394105
2024,05,ITA.8.4.115_1,0.6007005253940456,0.9494229826584145
2024,05,ITA.8.4.116_1,0.63922942206655,0.9628603221651623
2024,05,ITA.8.4.117_1,0.6637478108581437,0.970276249322841
2024,05,ITA.8.4.118_1,0.712784588441331,0.9825497442877892
2024,05,ITA.8.4.119_1,0.6462346760070053,0.965067873260736
2024,05,ITA.8.4.12_1,0.6654991243432575,0.9707728879609279
2024,05,ITA.8.4.120_1,0.5954465849387042,0.9474175425861608
2024,05,ITA.8.4.121_1,0.7022767075306481,0.9802020199938377
2024,05,ITA.8.4.13_1,0.6812609457092821,0.975046665549911
2024,05,ITA.8.4.14_1,0.7215411558669002,0.9843901665498289
2024,05,ITA.8.4.15_1,0.628721541155867,0.9594144047282176
2024,05,ITA.8.4.16_1,0.6970227670753065,0.9789708882290628
2024,05,ITA.8.4.17_1,0.7425569176882663,0.9883804935347521
2024,05,ITA.8.4.18_1,0.6865148861646235,0.9763933633531108
2024,05,ITA.8.4.19_1,0.6795096322241682,0.9745891442038537
2024,05,ITA.8.4.2_1,0.6637478108581437,0.970276249322841
2024,05,ITA.8.4.20_1,0.6917688266199651,0.9777013859047148
2024,05,ITA.8.4.21_1,0.6619964973730298,0.9697752316903129
2024,05,ITA.8.4.22_1,0.6970227670753065,0.9789708882290628
2024,05,ITA.8.4.23_1,0.6847635726795097,0.9759487691472335
2024,05,ITA.8.4.24_1,0.6795096322241682,0.9745891442038537
2024,05,ITA.8.4.25_1,0.7022767075306481,0.9802020199938377
2024,05,ITA.8.4.26_1,0.7197898423817863,0.9840304873325826
2024,05,ITA.8.4.27_1,0.7302977232924693,0.9861257526299574
2024,05,ITA.8.4.28_1,0.6935201401050789,0.9781288258711119
2024,05,ITA.8.4.29_1,0.6322241681260946,0.9605810741421048
2024,05,ITA.8.4.3_1,0.6917688266199651,0.9777013859047148
2024,05,ITA.8.4.30_1,0.7478108581436077,0.9892845899942038
2024,05,ITA.8.4.31_1,0.6830122591943959,0.9754998718605759
2024,05,ITA.8.4.32_1,0.6987740805604205,0.9793855216409929
2024,05,ITA.8.4.33_1,0.6987740805604205,0.9793855216409929
2024,05,ITA.8.4.34_1,0.7390542907180385,0.9877570551507087
2024,05,ITA.8.4.35_1,0.7022767075306481,0.9802020199938377
2024,05,ITA.8.4.36_1,0.6725043782837129,0.9727157858285225
2024,05,ITA.8.4.37_1,0.6917688266199651,0.9777013859047148
2024,05,ITA.8.4.38_1,0.6987740805604205,0.9793855216409929
2024,05,ITA.8.4.39_1,0.6830122591943959,0.9754998718605759
2024,05,ITA.8.4.4_1,0.7250437828371279,0.9850969495435462
2024,05,ITA.8.4.40_1,0.7740805604203153,0.9932492134404135
2024,05,ITA.8.4.41_1,0.6882661996497373,0.976833660353696
2024,05,ITA.8.4.42_1,0.7162872154115587,0.9832985304575615
2024,05,ITA.8.4.43_1,0.7145359019264449,0.9829262434180909
2024,05,ITA.8.4.44_1,0.6917688266199651,0.9777013859047148
2024,05,ITA.8.4.45_1,0.7180385288966725,0.983666610188635
2024,05,ITA.8.4.46_1,0.6830122591943959,0.9754998718605759
2024,05,ITA.8.4.47_1,0.6795096322241682,0.9745891442038537
2024,05,ITA.8.4.48_1,0.6760070052539405,0.9736611320166786
2024,05,ITA.8.4.49_1,0.6847635726795097,0.9759487691472335
2024,05,ITA.8.4.5_1,0.6760070052539405,0.9736611320166786
2024,05,ITA.8.4.50_1,0.7040280210157619,0.9806038955664005
2024,05,ITA.8.4.51_1,0.6690017513134852,0.9717530550505102
2024,05,ITA.8.4.52_1,0.6322241681260946,0.9605810741421048
2024,05,ITA.8.4.53_1,0.7302977232924693,0.9861257526299574
2024,05,ITA.8.4.54_1,0.7828371278458844,0.9943661297530201
2024,05,ITA.8.4.55_1,0.7355516637478109,0.9871170143402452
2024,05,ITA.8.4.56_1,0.6935201401050789,0.9781288258711119
2024,05,ITA.8.4.57_1,0.5901926444833626,0.9453697689264238
2024,05,ITA.8.4.58_1,0.6970227670753065,0.9789708882290628
2024,05,ITA.8.4.59_1,0.6777583187390543,0.9741273017424364
2024,05,ITA.8.4.6_1,0.63922942206655,0.9628603221651623
2024,05,ITA.8.4.60_1,0.6935201401050789,0.9781288258711119
2024,05,ITA.8.4.61_1,0.6549912434325745,0.9677272342969376
2024,05,ITA.8.4.62_1,0.6970227670753065,0.9789708882290628
2024,05,ITA.8.4.63_1,0.6742556917688267,0.9731906288081488
2024,05,ITA.8.4.64_1,0.6865148861646235,0.9763933633531108
2024,05,ITA.8.4.65_1,0.6549912434325745,0.9677272342969376
2024,05,ITA.8.4.66_1,0.6952714535901927,0.97855199146494
2024,05,ITA.8.4.67_1,0.7005253940455343,0.9797958971132712
2024,05,ITA.8.4.68_1,0.6164623467600701,0.955187939622355
2024,05,ITA.8.4.69_1,0.660245183887916,0.9692698282728087
2024,05,ITA.8.4.7_1,0.8213660245183888,0.9980761493994332
2024,05,ITA.8.4.70_1,0.6742556917688267,0.9731906288081488
2024,05,ITA.8.4.71_1,0.6584938704028022,0.9687600322061186
2024,05,ITA.8.4.72_1,0.6252189141856392,0.9582296175760798
2024,05,ITA.8.4.73_1,0.6760070052539405,0.9736611320166786
2024,05,ITA.8.4.74_1,0.7355516637478109,0.9871170143402452
2024,05,ITA.8.4.75_1,0.7232924693520141,0.9847456524402634
2024,05,ITA.8.4.76_1,0.6847635726795097,0.9759487691472335
2024,05,ITA.8.4.77_1,0.628721541155867,0.9594144047282176
2024,05,ITA.8.4.78_1,0.7600700525394046,0.9912497162672985
2024,05,ITA.8.4.79_1,0.6970227670753065,0.9789708882290628
2024,05,ITA.8.4.8_1,0.6234676007005254,0.9576304088739037
2024,05,ITA.8.4.80_1,0.6427320490367776,0.9639730286683336
2024,05,ITA.8.4.81_1,0.6812609457092821,0.975046665549911
2024,05,ITA.8.4.82_1,0.6479859894921192,0.9656086163658648
2024,05,ITA.8.4.83_1,0.7092819614711035,0.9817840903172144
2024,05,ITA.8.4.84_1,0.7215411558669002,0.9843901665498289
2024,05,ITA.8.4.85_1,0.7022767075306481,0.9802020199938377
2024,05,ITA.8.4.86_1,0.6584938704028022,0.9687600322061186
2024,05,ITA.8.4.87_1,0.6970227670753065,0.9789708882290628
2024,05,ITA.8.4.88_1,0.7005253940455343,0.9797958971132712
2024,05,ITA.8.4.89_1,0.5954465849387042,0.9474175425861608
2024,05,ITA.8.4.9_1,0.8003502626970229,0.9962951369950573
2024,05,ITA.8.4.90_1,0.6865148861646235,0.9763933633531108
2024,05,ITA.8.4.91_1,0.6725043782837129,0.9727157858285225
2024,05,ITA.8.4.92_1,0.7022767075306481,0.9802020199938377
2024,05,ITA.8.4.93_1,0.6987740805604205,0.9793855216409929
2024,05,ITA.8.4.94_1,0.6812609457092821,0.975046665549911
2024,05,ITA.8.4.95_1,0.6427320490367776,0.9639730286683336
2024,05,ITA.8.4.96_1,0.649737302977233,0.9661449166662318
2024,05,ITA.8.4.97_1,0.6742556917688267,0.9731906288081488
2024,05,ITA.8.4.98_1,0.6549912434325745,0.9677272342969376
2024,05,ITA.8.4.99_1,0.649737302977233,0.9661449166662318
2024,05,ITA.8.5.1_1,0.6409807355516638,0.9634189120003821
2024,05,ITA.8.5.10_1,0.6970227670753065,0.9789708882290628
2024,05,ITA.8.5.11_1,0.6917688266199651,0.9777013859047148
2024,05,ITA.8.5.12_1,0.6742556917688267,0.9731906288081488
2024,05,ITA.8.5.13_1,0.670753064798599,0.9722365967191319
2024,05,ITA.8.5.14_1,0.6514886164623468,0.9666767815562759
2024,05,ITA.8.5.15_1,0.6725043782837129,0.9727157858285225
2024,05,ITA.8.5.16_1,0.7162872154115587,0.9832985304575615
2024,05,ITA.8.5.17_1,0.7180385288966725,0.983666610188635
2024,05,ITA.8.5.18_1,0.6444833625218914,0.9645226798784983
2024,05,ITA.8.5.19_1,0.6917688266199651,0.9777013859047148
2024,05,ITA.8.5.2_1,0.6427320490367776,0.9639730286683336
2024,05,ITA.8.5.20_1,0.670753064798599,0.9722365967191319
2024,05,ITA.8.5.21_1,0.7040280210157619,0.9806038955664005
2024,05,ITA.8.5.22_1,0.7005253940455343,0.9797958971132712
2024,05,ITA.8.5.23_1,0.6952714535901927,0.97855199146494
2024,05,ITA.8.5.24_1,0.7145359019264449,0.9829262434180909
2024,05,ITA.8.5.25_1,0.7057793345008757,0.9810015290507961
2024,05,ITA.8.5.26_1,0.660245183887916,0.9692698282728087
2024,05,ITA.8.5.27_1,0.6357267950963222,0.9617296917533533
2024,05,ITA.8.5.28_1,0.6865148861646235,0.9763933633531108
2024,05,ITA.8.5.29_1,0.6479859894921192,0.9656086163658648
2024,05,ITA.8.5.3_1,0.6514886164623468,0.9666767815562759
2024,05,ITA.8.5.30_1,0.6549912434325745,0.9677272342969376
2024,05,ITA.8.5.31_1,0.6584938704028022,0.9687600322061186
2024,05,ITA.8.5.32_1,0.712784588441331,0.9825497442877892
2024,05,ITA.8.5.33_1,0.6514886164623468,0.9666767815562759
2024,05,ITA.8.5.34_1,0.7040280210157619,0.9806038955664005
2024,05,ITA.8.5.35_1,0.7180385288966725,0.983666610188635
2024,05,ITA.8.5.36_1,0.6777583187390543,0.9741273017424364
2024,05,ITA.8.5.37_1,0.6619964973730298,0.9697752316903129
2024,05,ITA.8.5.38_1,0.6795096322241682,0.9745891442038537
2024,05,ITA.8.5.39_1,0.7110332749562173,0.9821690282227392
2024,05,ITA.8.5.4_1,0.7005253940455343,0.9797958971132712
2024,05,ITA.8.5.40_1,0.6917688266199651,0.9777013859047148
2024,05,ITA.8.5.41_1,0.6742556917688267,0.9731906288081488
2024,05,ITA.8.5.42_1,0.6777583187390543,0.9741273017424364
2024,05,ITA.8.5.43_1,0.6952714535901927,0.97855199146494
2024,05,ITA.8.5.44_1,0.6427320490367776,0.9639730286683336
2024,05,ITA.8.5.45_1,0.6987740805604205,0.9793855216409929
2024,05,ITA.8.5.46_1,0.7057793345008757,0.9810015290507961
2024,05,ITA.8.5.47_1,0.6742556917688267,0.9731906288081488
2024,05,ITA.8.5.48_1,0.7320490367775833,0.98646033878712025
2024,05,ITA.8.5.49_1,0.7162872154115587,0.9832985304575615
2024,05,ITA.8.5.5_1,0.6847635726795097,0.9759487691472335
2024,05,ITA.8.5.50_1,0.63922942206655,0.9628603221651623
2024,05,ITA.8.5.51_1,0.628721541155867,0.9594144047282176
2024,05,ITA.8.5.52_1,0.7110332749562173,0.9821690282227392
2024,05,ITA.8.5.53_1,0.7250437828371279,0.9850969495435462
2024,05,ITA.8.5.54_1,0.649737302977233,0.9661449166662318
2024,05,ITA.8.5.55_1,0.6970227670753065,0.9789708882290628
2024,05,ITA.8.5.56_1,0.6970227670753065,0.9789708882290628
2024,05,ITA.8.5.57_1,0.6935201401050789,0.9781288258711119
2024,05,ITA.8.5.58_1,0.6742556917688267,0.9731906288081488
2024,05,ITA.8.5.59_1,0.6760070052539405,0.9736611320166786
2024,05,ITA.8.5.6_1,0.7232924693520141,0.9847456524402634
2024,05,ITA.8.5.60_1,0.6514886164623468,0.9666767815562759
2024,05,ITA.8.5.7_1,0.6742556917688267,0.9731906288081488
2024,05,ITA.8.5.8_1,0.6742556917688267,0.9731906288081488
2024,05,ITA.8.5.9_1,0.6760070052539405,0.9736611320166786
2024,05,ITA.9.1.1_1,0.7408056042031524,0.9880708476622514
2024,05,ITA.9.1.10_1,0.7215411558669002,0.9843901665498289
2024,05,ITA.9.1.11_1,0.6830122591943959,0.9754998718605759
2024,05,ITA.9.1.12_1,0.6882661996497373,0.976833660353696
2024,05,ITA.9.1.13_1,0.7443082311733801,0.9886859966642594
2024,05,ITA.9.1.14_1,0.7338003502626971,0.986790757962396
2024,05,ITA.9.1.15_1,0.7267950963222417,0.9854440623394105
2024,05,ITA.9.1.16_1,0.7828371278458844,0.9943661297530201
2024,05,ITA.9.1.17_1,0.7548161120840631,0.9904322288778774
2024,05,ITA.9.1.18_1,0.7425569176882663,0.9883804935347521
2024,05,ITA.9.1.19_1,0.7425569176882663,0.9883804935347521
2024,05,ITA.9.1.2_1,0.7075306479859896,0.9813949256033475
2024,05,ITA.9.1.20_1,0.7075306479859896,0.9813949256033475
2024,05,ITA.9.1.21_1,0.6935201401050789,0.9781288258711119
2024,05,ITA.9.1.22_1,0.6777583187390543,0.9741273017424364
2024,05,ITA.9.1.23_1,0.649737302977233,0.9661449166662318
2024,05,ITA.9.1.24_1,0.6795096322241682,0.9745891442038537
2024,05,ITA.9.1.25_1,0.7022767075306481,0.9802020199938377
2024,05,ITA.9.1.26_1,0.6742556917688267,0.9731906288081488
2024,05,ITA.9.1.27_1,0.7110332749562173,0.9821690282227392
2024,05,ITA.9.1.28_1,0.7057793345008757,0.9810015290507961
2024,05,ITA.9.1.29_1,0.7005253940455343,0.9797958971132712
2024,05,ITA.9.1.3_1,0.7285464098073555,0.9857869952479592
2024,05,ITA.9.1.30_1,0.6672504378283713,0.9712651543219287
2024,05,ITA.9.1.31_1,0.6812609457092821,0.975046665549911
2024,05,ITA.9.1.32_1,0.7425569176882663,0.9883804935347521
2024,05,ITA.9.1.33_1,0.670753064798599,0.9722365967191319
2024,05,ITA.9.1.34_1,0.6830122591943959,0.9754998718605759
2024,05,ITA.9.1.35_1,0.7075306479859896,0.9813949256033475
2024,05,ITA.9.1.36_1,0.6830122591943959,0.9754998718605759
2024,05,ITA.9.1.37_1,0.7145359019264449,0.9829262434180909
2024,05,ITA.9.1.38_1,0.649737302977233,0.9661449166662318
2024,05,ITA.9.1.39_1,0.7022767075306481,0.9802020199938377
2024,05,ITA.9.1.4_1,0.7302977232924693,0.9861257526299574
2024,05,ITA.9.1.40_1,0.7022767075306481,0.9802020199938377
2024,05,ITA.9.1.41_1,0.6619964973730298,0.9697752316903129
2024,05,ITA.9.1.42_1,0.7040280210157619,0.9806038955664005
2024,05,ITA.9.1.43_1,0.7390542907180385,0.9877570551507087
2024,05,ITA.9.1.45_1,0.6339754816112084,0.9611576353543679
2024,05,ITA.9.1.46_1,0.712784588441331,0.9825497442877892
2024,05,ITA.9.1.47_1,0.6917688266199651,0.9777013859047148
2024,05,ITA.9.1.48_1,0.6654991243432575,0.9707728879609279
2024,05,ITA.9.1.49_1,0.6830122591943959,0.9754998718605759
2024,05,ITA.9.1.5_1,0.6830122591943959,0.9754998718605759
2024,05,ITA.9.1.50_1,0.6532399299474606,0.9672042183530839
2024,05,ITA.9.1.51_1,0.7443082311733801,0.9886859966642594
2024,05,ITA.9.1.52_1,0.6532399299474606,0.9672042183530839
2024,05,ITA.9.1.53_1,0.670753064798599,0.9722365967191319
2024,05,ITA.9.1.54_1,0.6882661996497373,0.976833660353696
2024,05,ITA.9.1.56_1,0.6094570928196147,0.9526720317087093
2024,05,ITA.9.1.57_1,0.712784588441331,0.9825497442877892
2024,05,ITA.9.1.58_1,0.7267950963222417,0.9854440623394105
2024,05,ITA.9.1.59_1,0.7425569176882663,0.9883804935347521
2024,05,ITA.9.1.6_1,0.7057793345008757,0.9810015290507961
2024,05,ITA.9.1.60_1,0.6865148861646235,0.9763933633531108
2024,05,ITA.9.1.61_1,0.6847635726795097,0.9759487691472335
2024,05,ITA.9.1.62_1,0.6742556917688267,0.9731906288081488
2024,05,ITA.9.1.63_1,0.7390542907180385,0.9877570551507087
2024,05,ITA.9.1.64_1,0.670753064798599,0.9722365967191319
2024,05,ITA.9.1.65_1,0.6865148861646235,0.9763933633531108
2024,05,ITA.9.1.66_1,0.7005253940455343,0.9797958971132712
2024,05,ITA.9.1.67_1,0.7040280210157619,0.9806038955664005
2024,05,ITA.9.1.7_1,0.6952714535901927,0.97855199146494
2024,05,ITA.9.1.8_1,0.6584938704028022,0.9687600322061186
2024,05,ITA.9.1.9_1,0.7110332749562173,0.9821690282227392
2024,05,ITA.9.2.1_1,0.7092819614711035,0.9817840903172144
2024,05,ITA.9.2.10_1,0.7390542907180385,0.9877570551507087
2024,05,ITA.9.2.12_1,0.7285464098073555,0.9857869952479592
2024,05,ITA.9.2.13_1,0.7110332749562173,0.9821690282227392
2024,05,ITA.9.2.14_1,0.712784588441331,0.9825497442877892
2024,05,ITA.9.2.15_1,0.7250437828371279,0.9850969495435462
2024,05,ITA.9.2.16_1,0.7373029772329247,0.987439112046915
2024,05,ITA.9.2.17_1,0.7425569176882663,0.9883804935347521
2024,05,ITA.9.2.18_1,0.7723292469352014,0.9930135950730987
2024,05,ITA.9.2.19_1,0.7250437828371279,0.9850969495435462
2024,05,ITA.9.2.2_1,0.7145359019264449,0.9829262434180909
2024,05,ITA.9.2.20_1,0.7845884413309984,0.9945772971468834
2024,05,ITA.9.2.21_1,0.7828371278458844,0.9943661297530201
2024,05,ITA.9.2.22_1,0.7740805604203153,0.9932492134404135
2024,05,ITA.9.2.23_1,0.7215411558669002,0.9843901665498289
2024,05,ITA.9.2.24_1,0.7688266199649738,0.9925301002992302
2024,05,ITA.9.2.25_1,0.76707530647986,0.9922822179198819
2024,05,ITA.9.2.26_1,0.7968476357267952,0.9959417653658269
2024,05,ITA.9.2.27_1,0.7898423817863398,0.9951864146982715
2024,05,ITA.9.2.28_1,0.7600700525394046,0.9912497162672985
2024,05,ITA.9.2.29_1,0.7092819614711035,0.9817840903172144
2024,05,ITA.9.2.3_1,0.7215411558669002,0.9843901665498289
2024,05,ITA.9.2.30_1,0.6987740805604205,0.9793855216409929
2024,05,ITA.9.2.31_1,0.8003502626970229,0.9962951369950573
2024,05,ITA.9.2.32_1,0.7267950963222417,0.9854440623394105
2024,05,ITA.9.2.33_1,0.76707530647986,0.9922822179198819
2024,05,ITA.9.2.34_1,0.670753064798599,0.9722365967191319
2024,05,ITA.9.2.35_1,0.7180385288966725,0.983666610188635
2024,05,ITA.9.2.36_1,0.7600700525394046,0.9912497162672985
2024,05,ITA.9.2.37_1,0.6532399299474606,0.9672042183530839
2024,05,ITA.9.2.38_1,0.7285464098073555,0.9857869952479592
2024,05,ITA.9.2.4_1,0.6742556917688267,0.9731906288081488
2024,05,ITA.9.2.40_1,0.7232924693520141,0.9847456524402634
2024,05,ITA.9.2.41_1,0.7355516637478109,0.9871170143402452
2024,05,ITA.9.2.42_1,0.6987740805604205,0.9793855216409929
2024,05,ITA.9.2.43_1,0.7215411558669002,0.9843901665498289
2024,05,ITA.9.2.44_1,0.7408056042031524,0.9880708476622514
2024,05,ITA.9.2.45_1,0.788091068301226,0.99498743710662
2024,05,ITA.9.2.46_1,0.6935201401050789,0.9781288258711119
2024,05,ITA.9.2.47_1,0.7267950963222417,0.9854440623394105
2024,05,ITA.9.2.48_1,0.6917688266199651,0.9777013859047148
2024,05,ITA.9.2.49_1,0.7285464098073555,0.9857869952479592
2024,05,ITA.9.2.5_1,0.7495621716287216,0.9895776877031939
2024,05,ITA.9.2.50_1,0.777583187390543,0.9937082066683358
2024,05,ITA.9.2.51_1,0.6777583187390543,0.9741273017424364
2024,05,ITA.9.2.52_1,0.7548161120840631,0.9904322288778774
2024,05,ITA.9.2.54_1,0.7478108581436077,0.9892845899942038
2024,05,ITA.9.2.55_1,0.7425569176882663,0.9883804935347521
2024,05,ITA.9.2.56_1,0.7653239929947461,0.9920302414745228
2024,05,ITA.9.2.59_1,0.7635726795096323,0.9917741678426597
2024,05,ITA.9.2.6_1,0.7022767075306481,0.9802020199938377
2024,05,ITA.9.2.60_1,0.7005253940455343,0.9797958971132712
2024,05,ITA.9.2.61_1,0.6987740805604205,0.9793855216409929
2024,05,ITA.9.2.64_1,0.7145359019264449,0.9829262434180909
2024,05,ITA.9.2.65_1,0.7110332749562173,0.9821690282227392
2024,05,ITA.9.2.66_1,0.7478108581436077,0.9892845899942038
2024,05,ITA.9.2.67_1,0.76707530647986,0.9922822179198819
2024,05,ITA.9.2.7_1,0.6970227670753065,0.9789708882290628
2024,05,ITA.9.2.9_1,0.7583187390542908,0.9909813318120578
2024,05,ITA.9.3.1_1,0.7723292469352014,0.9930135950730987
2024,05,ITA.9.3.10_1,0.6952714535901927,0.97855199146494
2024,05,ITA.9.3.11_1,0.7758318739054292,0.9934807496876826
2024,05,ITA.9.3.12_1,0.7215411558669002,0.9843901665498289
2024,05,ITA.9.3.13_1,0.6865148861646235,0.9763933633531108
2024,05,ITA.9.3.14_1,0.7110332749562173,0.9821690282227392
2024,05,ITA.9.3.15_1,0.7530647985989493,0.990151503558925
2024,05,ITA.9.3.16_1,0.7443082311733801,0.9886859966642594
2024,05,ITA.9.3.17_1,0.7478108581436077,0.9892845899942038
2024,05,ITA.9.3.18_1,0.7005253940455343,0.9797958971132712
2024,05,ITA.9.3.19_1,0.7250437828371279,0.9850969495435462
2024,05,ITA.9.3.2_1,0.7548161120840631,0.9904322288778774
2024,05,ITA.9.3.20_1,0.712784588441331,0.9825497442877892
2024,05,ITA.9.3.21_1,0.7092819614711035,0.9817840903172144
2024,05,ITA.9.3.22_1,0.7338003502626971,0.986790757962396
2024,05,ITA.9.3.23_1,0.7232924693520141,0.9847456524402634
2024,05,ITA.9.3.25_1,0.7250437828371279,0.9850969495435462
2024,05,ITA.9.3.26_1,0.7250437828371279,0.9850969495435462
2024,05,ITA.9.3.27_1,0.7828371278458844,0.9943661297530201
2024,05,ITA.9.3.28_1,0.7145359019264449,0.9829262434180909
2024,05,ITA.9.3.29_1,0.6812609457092821,0.975046665549911
2024,05,ITA.9.3.3_1,0.7443082311733801,0.9886859966642594
2024,05,ITA.9.3.30_1,0.7057793345008757,0.9810015290507961
2024,05,ITA.9.3.31_1,0.7810858143607706,0.9941508939793798
2024,05,ITA.9.3.32_1,0.670753064798599,0.9722365967191319
2024,05,ITA.9.3.4_1,0.7232924693520141,0.9847456524402634
2024,05,ITA.9.3.5_1,0.7092819614711035,0.9817840903172144
2024,05,ITA.9.3.6_1,0.7180385288966725,0.983666610188635
2024,05,ITA.9.3.7_1,0.7408056042031524,0.9880708476622514
2024,05,ITA.9.3.8_1,0.7197898423817863,0.9840304873325826
2024,05,ITA.9.3.9_1,0.6882661996497373,0.976833660353696
2024,05,ITA.9.4.1_1,0.7810858143607706,0.9941508939793798
2024,05,ITA.9.4.10_1,0.7915936952714537,0.9953813339620148
2024,05,ITA.9.4.11_1,0.8056042031523644,0.996794863550169
2024,05,ITA.9.4.12_1,0.798598949211909,0.9961204746414963
2024,05,ITA.9.4.14_1,0.7653239929947461,0.9920302414745228
2024,05,ITA.9.4.15_1,0.7443082311733801,0.9886859966642594
2024,05,ITA.9.4.16_1,0.7600700525394046,0.9912497162672985
2024,05,ITA.9.4.17_1,0.7723292469352014,0.9930135950730987
2024,05,ITA.9.4.18_1,0.788091068301226,0.99498743710662
2024,05,ITA.9.4.19_1,0.7950963222416814,0.9957590069891409
2024,05,ITA.9.4.2_1,0.8056042031523644,0.996794863550169
2024,05,ITA.9.4.20_1,0.8266199649737304,0.9984307687566525
2024,05,ITA.9.4.21_1,0.7267950963222417,0.9854440623394105
2024,05,ITA.9.4.22_1,0.7145359019264449,0.9829262434180909
2024,05,ITA.9.4.23_1,0.7460595446584939,0.9889873608899156
2024,05,ITA.9.4.24_1,0.8231173380035026,0.9981983770774224
2024,05,ITA.9.4.25_1,0.8056042031523644,0.996794863550169
2024,05,ITA.9.4.26_1,0.7215411558669002,0.9843901665498289
2024,05,ITA.9.4.27_1,0.7197898423817863,0.9840304873325826
2024,05,ITA.9.4.28_1,0.7478108581436077,0.9892845899942038
2024,05,ITA.9.4.30_1,0.7460595446584939,0.9889873608899156
2024,05,ITA.9.4.31_1,0.7758318739054292,0.9934807496876826
2024,05,ITA.9.4.32_1,0.7425569176882663,0.9883804935347521
2024,05,ITA.9.4.33_1,0.798598949211909,0.9961204746414963
2024,05,ITA.9.4.34_1,0.8021015761821367,0.9964657545545658
2024,05,ITA.9.4.35_1,0.7425569176882663,0.9883804935347521
2024,05,ITA.9.4.36_1,0.7793345008756568,0.993931587182941
2024,05,ITA.9.4.37_1,0.7338003502626971,0.986790757962396
2024,05,ITA.9.4.38_1,0.777583187390543,0.9937082066683358
2024,05,ITA.9.4.39_1,0.7495621716287216,0.9895776877031939
2024,05,ITA.9.4.4_1,0.7355516637478109,0.9871170143402452
2024,05,ITA.9.4.40_1,0.7705779334500876,0.9927738916792685
2024,05,ITA.9.4.41_1,0.7600700525394046,0.9912497162672985
2024,05,ITA.9.4.43_1,0.8161120840630474,0.9976853211308665
2024,05,ITA.9.4.44_1,0.7408056042031524,0.9880708476622514
2024,05,ITA.9.4.45_1,0.8178633975481613,0.997819622978021
2024,05,ITA.9.4.46_1,0.7443082311733801,0.9886859966642594
2024,05,ITA.9.4.47_1,0.7828371278458844,0.9943661297530201
2024,05,ITA.9.4.48_1,0.712784588441331,0.9825497442877892
2024,05,ITA.9.4.49_1,0.7705779334500876,0.9927738916792685
2024,05,ITA.9.4.5_1,0.7933450087565675,0.9955721972815432
2024,05,ITA.9.4.50_1,0.7758318739054292,0.9934807496876826
2024,05,ITA.9.4.51_1,0.7145359019264449,0.9829262434180909
2024,05,ITA.9.4.52_1,0.7215411558669002,0.9843901665498289
2024,05,ITA.9.4.53_1,0.8231173380035026,0.9981983770774224
2024,05,ITA.9.4.54_1,0.7425569176882663,0.9883804935347521
2024,05,ITA.9.4.55_1,0.6987740805604205,0.9793855216409929
2024,05,ITA.9.4.56_1,0.8038528896672505,0.996632329397356
2024,05,ITA.9.4.58_1,0.7548161120840631,0.9904322288778774
2024,05,ITA.9.4.59_1,0.777583187390543,0.9937082066683358
2024,05,ITA.9.4.6_1,0.7968476357267952,0.9959417653658269
2024,05,ITA.9.4.60_1,0.830122591943958,0.9986470848102447
2024,05,ITA.9.4.61_1,0.8178633975481613,0.997819622978021
2024,05,ITA.9.4.62_1,0.7758318739054292,0.9934807496876826
2024,05,ITA.9.4.63_1,0.6917688266199651,0.9777013859047148
2024,05,ITA.9.4.64_1,0.7758318739054292,0.9934807496876826
2024,05,ITA.9.4.65_1,0.7513134851138354,0.9898666576867816
2024,05,ITA.9.4.66_1,0.8388791593695272,0.9991176106945568
2024,05,ITA.9.4.67_1,0.798598949211909,0.9961204746414963
2024,05,ITA.9.4.68_1,0.8126094570928197,0.9974046320325567
2024,05,ITA.9.4.69_1,0.7600700525394046,0.9912497162672985
2024,05,ITA.9.4.7_1,0.8003502626970229,0.9962951369950573
2024,05,ITA.9.4.8_1,0.7758318739054292,0.9934807496876826
2024,05,ITA.9.4.9_1,0.7320490367775833,0.98646033878712025
2024,05,KAZ.13.11_1,0.23467600700525398,0.6813046308370434
2024,05,KAZ.13.5_1,0.2539404553415061,0.7042016756583301
2024,05,KAZ.4.4_1,0.2942206654991244,0.7477325725150671
2024,05,LIE.10_1,0.5744308231173381,0.9389696480717574
2024,05,LIE.7_1,0.6409807355516638,0.9634189120003821
2024,05,LIE.9_1,0.5744308231173381,0.9389696480717574
2024,05,LTU.3.1_1,0.4956217162872154,0.9009128703709366
2024,05,LTU.3.2_1,0.532399299474606,0.9199652167337633
2024,05,LTU.3.4_1,0.4570928196147111,0.8783598351473045
2024,05,LTU.3.5_1,0.5306479859894921,0.9191104395011516
2024,05,LTU.3.6_1,0.5464098073555167,0.9266196630764966
2024,05,LTU.4.2_1,0.5306479859894921,0.9191104395011516
2024,05,LTU.4.3_1,0.47460595446584947,0.8889521921903337
2024,05,LTU.7.1_1,0.5148861646234676,0.9111838453352868
2024,05,LTU.7.2_1,0.5078809106830122,0.9075241043630743
2024,05,LTU.7.3_1,0.5586690017513135,0.9321780945720619
2024,05,LTU.8.1_1,0.48336252189141865,0.8940335564172074
2024,05,LTU.8.2_1,0.4991243432574431,0.9028288874421332
2024,05,LUX.1.1.1.1_1,0.7548161120840631,0.9904322288778774
2024,05,LUX.1.1.3.1_1,0.7565674255691769,0.9907088371464141
2024,05,LUX.1.1.6.1_1,0.7232924693520141,0.9847456524402634
2024,05,LUX.1.1.7.1_1,0.7548161120840631,0.9904322288778774
2024,05,LUX.1.1.8.1_1,0.7355516637478109,0.9871170143402452
2024,05,LUX.1.1.9.1_1,0.712784588441331,0.9825497442877892
2024,05,LUX.1.2.1.1_1,0.6795096322241682,0.9745891442038537
2024,05,LUX.1.2.10.1_1,0.6584938704028022,0.9687600322061186
2024,05,LUX.1.2.11.1_1,0.7145359019264449,0.9829262434180909
2024,05,LUX.1.2.12.1_1,0.6952714535901927,0.97855199146494
2024,05,LUX.1.2.13.1_1,0.7197898423817863,0.9840304873325826
2024,05,LUX.1.2.2.1_1,0.7390542907180385,0.9877570551507087
2024,05,LUX.1.2.3.1_1,0.7180385288966725,0.983666610188635
2024,05,LUX.1.2.5.1_1,0.777583187390543,0.9937082066683358
2024,05,LUX.1.2.6.1_1,0.7005253940455343,0.9797958971132712
2024,05,LUX.1.2.7.1_1,0.7408056042031524,0.9880708476622514
2024,05,LUX.1.3.1.1_1,0.7723292469352014,0.9930135950730987
2024,05,LUX.1.3.10.1_1,0.7180385288966725,0.983666610188635
2024,05,LUX.1.3.2.1_1,0.7250437828371279,0.9850969495435462
2024,05,LUX.1.3.3.1_1,0.7302977232924693,0.9861257526299574
2024,05,LUX.1.3.4.1_1,0.7197898423817863,0.9840304873325826
2024,05,LUX.1.3.5.1_1,0.6865148861646235,0.9763933633531108
2024,05,LUX.1.3.6.1_1,0.7600700525394046,0.9912497162672985
2024,05,LUX.1.3.7.1_1,0.7408056042031524,0.9880708476622514
2024,05,LUX.1.3.8.1_1,0.7232924693520141,0.9847456524402634
2024,05,LUX.1.3.9.1_1,0.7285464098073555,0.9857869952479592
2024,05,LUX.1.4.1.1_1,0.7162872154115587,0.9832985304575615
2024,05,LUX.1.4.2.1_1,0.6672504378283713,0.9712651543219287
2024,05,LUX.1.4.3.1_1,0.7302977232924693,0.9861257526299574
2024,05,LUX.1.5.1.1_1,0.7390542907180385,0.9877570551507087
2024,05,LUX.1.5.10.1_1,0.7057793345008757,0.9810015290507961
2024,05,LUX.1.5.2.1_1,0.7250437828371279,0.9850969495435462
2024,05,LUX.1.5.4.1_1,0.7092819614711035,0.9817840903172144
2024,05,LUX.1.5.6.1_1,0.7302977232924693,0.9861257526299574
2024,05,LUX.1.5.7.1_1,0.7408056042031524,0.9880708476622514
2024,05,LUX.1.5.9.1_1,0.712784588441331,0.9825497442877892
2024,05,LUX.2.1.1.1_1,0.7390542907180385,0.9877570551507087
2024,05,LUX.2.1.2.1_1,0.7338003502626971,0.986790757962396
2024,05,LUX.2.1.3.1_1,0.712784588441331,0.9825497442877892
2024,05,LUX.2.1.4.1_1,0.6584938704028022,0.9687600322061186
2024,05,LUX.2.1.5.1_1,0.7092819614711035,0.9817840903172144
2024,05,LUX.2.1.8.1_1,0.7215411558669002,0.9843901665498289
2024,05,LUX.2.1.9.1_1,0.6970227670753065,0.9789708882290628
2024,05,LUX.2.2.1.1_1,0.7215411558669002,0.9843901665498289
2024,05,LUX.2.2.2.1_1,0.7320490367775833,0.98646033878712025
2024,05,LUX.2.2.3.1_1,0.6830122591943959,0.9754998718605759
2024,05,LUX.2.2.4.1_1,0.7040280210157619,0.9806038955664005
2024,05,LUX.2.2.5.1_1,0.7443082311733801,0.9886859966642594
2024,05,LUX.2.2.6.1_1,0.6532399299474606,0.9672042183530839
2024,05,LUX.2.2.7.1_1,0.7338003502626971,0.986790757962396
2024,05,LUX.2.2.8.1_1,0.7162872154115587,0.9832985304575615
2024,05,LUX.2.3.1.1_1,0.7022767075306481,0.9802020199938377
2024,05,LUX.2.3.3.1_1,0.6952714535901927,0.97855199146494
2024,05,LUX.2.3.4.1_1,0.7285464098073555,0.9857869952479592
2024,05,LUX.2.3.5.1_1,0.7267950963222417,0.9854440623394105
2024,05,LUX.2.3.6.1_1,0.7355516637478109,0.9871170143402452
2024,05,LUX.2.3.7.1_1,0.7215411558669002,0.9843901665498289
2024,05,LUX.2.3.8.1_1,0.7057793345008757,0.9810015290507961
2024,05,LUX.2.3.9.1_1,0.7057793345008757,0.9810015290507961
2024,05,LUX.3.1.11.1_1,0.7285464098073555,0.9857869952479592
2024,05,LUX.3.1.12.1_1,0.7320490367775833,0.98646033878712025
2024,05,LUX.3.1.3.1_1,0.7005253940455343,0.9797958971132712
2024,05,LUX.3.1.4.1_1,0.7092819614711035,0.9817840903172144
2024,05,LUX.3.1.6.1_1,0.6935201401050789,0.9781288258711119
2024,05,LUX.3.1.7.1_1,0.7092819614711035,0.9817840903172144
2024,05,LUX.3.1.8.1_1,0.7040280210157619,0.9806038955664005
2024,05,LUX.3.1.9.1_1,0.7408056042031524,0.9880708476622514
2024,05,LUX.3.2.1.1_1,0.7443082311733801,0.9886859966642594
2024,05,LUX.3.2.10.1_1,0.7232924693520141,0.9847456524402634
2024,05,LUX.3.2.11.1_1,0.7250437828371279,0.9850969495435462
2024,05,LUX.3.2.12.1_1,0.7443082311733801,0.9886859966642594
2024,05,LUX.3.2.13.1_1,0.7530647985989493,0.990151503558925
2024,05,LUX.3.2.14.1_1,0.7162872154115587,0.9832985304575615
2024,05,LUX.3.2.2.1_1,0.6865148861646235,0.9763933633531108
2024,05,LUX.3.2.3.1_1,0.7110332749562173,0.9821690282227392
2024,05,LUX.3.2.4.1_1,0.6795096322241682,0.9745891442038537
2024,05,LUX.3.2.5.1_1,0.6760070052539405,0.9736611320166786
2024,05,LUX.3.2.6.1_1,0.6935201401050789,0.9781288258711119
2024,05,LUX.3.2.7.1_1,0.7635726795096323,0.9917741678426597
2024,05,LUX.3.2.8.1_1,0.6970227670753065,0.9789708882290628
2024,05,LUX.3.2.9.1_1,0.6970227670753065,0.9789708882290628
2024,05,LUX.3.3.1.1_1,0.7355516637478109,0.9871170143402452
2024,05,LUX.3.3.10.1_1,0.7373029772329247,0.987439112046915
2024,05,LUX.3.3.11.1_1,0.6900175131348513,0.9772696659571503
2024,05,LUX.3.3.2.1_1,0.6567425569176883,0.9682458365518543
2024,05,LUX.3.3.3.1_1,0.7005253940455343,0.9797958971132712
2024,05,LUX.3.3.4.1_1,0.7320490367775833,0.98646033878712025
2024,05,LUX.3.3.4.10_1,0.6987740805604205,0.9793855216409929
2024,05,LUX.3.3.4.11_1,0.6830122591943959,0.9754998718605759
2024,05,LUX.3.3.4.12_1,0.7425569176882663,0.9883804935347521
2024,05,LUX.3.3.4.13_1,0.7285464098073555,0.9857869952479592
2024,05,LUX.3.3.4.14_1,0.7425569176882663,0.9883804935347521
2024,05,LUX.3.3.4.15_1,0.7040280210157619,0.9806038955664005
2024,05,LUX.3.3.4.16_1,0.7145359019264449,0.9829262434180909
2024,05,LUX.3.3.4.17_1,0.7478108581436077,0.9892845899942038
2024,05,LUX.3.3.4.18_1,0.6935201401050789,0.9781288258711119
2024,05,LUX.3.3.4.19_1,0.6970227670753065,0.9789708882290628
2024,05,LUX.3.3.4.2_1,0.6812609457092821,0.975046665549911
2024,05,LUX.3.3.4.20_1,0.6900175131348513,0.9772696659571503
2024,05,LUX.3.3.4.21_1,0.7232924693520141,0.9847456524402634
2024,05,LUX.3.3.4.22_1,0.7232924693520141,0.9847456524402634
2024,05,LUX.3.3.4.23_1,0.6847635726795097,0.9759487691472335
2024,05,LUX.3.3.4.24_1,0.7863397548161122,0.9947843987518099
2024,05,LUX.3.3.4.3_1,0.7005253940455343,0.9797958971132712
2024,05,LUX.3.3.4.4_1,0.6795096322241682,0.9745891442038537
2024,05,LUX.3.3.4.5_1,0.6882661996497373,0.976833660353696
2024,05,LUX.3.3.4.6_1,0.670753064798599,0.9722365967191319
2024,05,LUX.3.3.4.7_1,0.7005253940455343,0.9797958971132712
2024,05,LUX.3.3.4.8_1,0.7215411558669002,0.9843901665498289
2024,05,LUX.3.3.4.9_1,0.6654991243432575,0.9707728879609279
2024,05,LUX.3.3.5.1_1,0.6812609457092821,0.975046665549911
2024,05,LUX.3.3.6.1_1,0.7180385288966725,0.983666610188635
2024,05,LUX.3.3.7.1_1,0.6987740805604205,0.9793855216409929
2024,05,LUX.3.3.8.1_1,0.7075306479859896,0.9813949256033475
2024,05,LUX.3.3.9.1_1,0.7162872154115587,0.9832985304575615
2024,05,LUX.3.4.1.1_1,0.6917688266199651,0.9777013859047148
2024,05,LUX.3.4.10.1_1,0.7338003502626971,0.986790757962396
2024,05,LUX.3.4.12.1_1,0.6900175131348513,0.9772696659571503
2024,05,LUX.3.4.3.1_1,0.7267950963222417,0.9854440623394105
2024,05,LUX.3.4.4.1_1,0.7320490367775833,0.98646033878712025
2024,05,LUX.3.4.5.1_1,0.6882661996497373,0.976833660353696
2024,05,LUX.3.4.6.1_1,0.7355516637478109,0.9871170143402452
2024,05,LUX.3.4.7.1_1,0.7180385288966725,0.983666610188635
2024,05,LUX.3.4.8.1_1,0.7197898423817863,0.9840304873325826
2024,05,LUX.3.4.9.1_1,0.7600700525394046,0.9912497162672985
2024,05,LVA.1.2_1,0.5411558669001751,0.9241623234042816
2024,05,LVA.2.1_1,0.42556917688266205,0.8577901841359576
2024,05,LVA.2.4_1,0.43607705779334505,0.8648676199280442
2024,05,LVA.3.1_1,0.4483362521891419,0.8728436286070947
2024,05,LVA.4.1_1,0.40630472854640987,0.8442179813294668
2024,05,LVA.4.5_1,0.4238178633975482,0.8565885826929985
2024,05,LVA.4.6_1,0.4676007005253941,0.8847847195787232
2024,05,MDA.1_1,0.38353765323993,0.8271372316611071
2024,05,MDA.10_1,0.38353765323993,0.8271372316611071
2024,05,MDA.11_1,0.34851138353765326,0.7984960864024319
2024,05,MDA.12_1,0.42556917688266205,0.8577901841359576
2024,05,MDA.13_1,0.37828371278458844,0.8230285535751478
2024,05,MDA.14_1,0.34676007005253945,0.7969843160313759
2024,05,MDA.15_1,0.36952714535901926,0.8160367638777066
2024,05,MDA.16_1,0.36777583187390545,0.814616474176652
2024,05,MDA.17_1,0.40105078809106837,0.8403784861596588
2024,05,MDA.18_1,0.35201401050788095,0.8014961010510282
2024,05,MDA.19_1,0.3747810858143608,0.820253619315392
2024,05,MDA.2_1,0.33625218914185645,0.7877461520058349
2024,05,MDA.20_1,0.35901926444833626,0.807403244977378
2024,05,MDA.21_1,0.40630472854640987,0.8442179813294668
2024,05,MDA.22_1,0.394045534150613,0.8351646544245033
2024,05,MDA.23_1,0.43432574430823123,0.8637036528810099
2024,05,MDA.24_1,0.4185639229422067,0.8529454847761373
2024,05,MDA.25_1,0.34676007005253945,0.7969843160313759
2024,05,MDA.26_1,0.3852889667250438,0.8284926070883192
2024,05,MDA.27_1,0.34500875656742563,0.7954646440917409
2024,05,MDA.28_1,0.35201401050788095,0.8014961010510282
2024,05,MDA.29_1,0.38178633975481613,0.8257747876994065
2024,05,MDA.3_1,0.38704028021015763,0.8298409486160585
2024,05,MDA.30_1,0.34500875656742563,0.7954646440917409
2024,05,MDA.31_1,0.3607705779334501,0.8088609274776474
2024,05,MDA.33_1,0.40105078809106837,0.8403784861596588
2024,05,MDA.34_1,0.45008756567425573,0.8739588090980032
2024,05,MDA.35_1,0.34851138353765326,0.7984960864024319
2024,05,MDA.36_1,0.40105078809106837,0.8403784861596588
2024,05,MDA.37_1,0.40980735551663755,0.84674435339127
2024,05,MDA.4_1,0.3852889667250438,0.8284926070883192
2024,05,MDA.5_1,0.34500875656742563,0.7954646440917409
2024,05,MDA.6_1,0.38704028021015763,0.8298409486160585
2024,05,MDA.7_1,0.3607705779334501,0.8088609274776474
2024,05,MDA.8_1,0.4115586690017513,0.8479976415061541
2024,05,MDA.9_1,0.3992994746059545,0.8390852161729463
2024,05,MKD.13_1,0.597197898423818,0.9480907129594721
2024,05,MKD.15_1,0.63922942206655,0.9628603221651623
2024,05,MKD.16_1,0.6234676007005254,0.9576304088739037
2024,05,MKD.2_1,0.5464098073555167,0.9266196630764966
2024,05,MKD.20_1,0.5359019264448337,0.9216593730874764
2024,05,MKD.23_1,0.6164623467600701,0.955187939622355
2024,05,MKD.24_1,0.660245183887916,0.9692698282728087
2024,05,MKD.25_1,0.6059544658493871,0.9513863568498342
2024,05,MKD.26_1,0.6654991243432575,0.9707728879609279
2024,05,MKD.28_1,0.5761821366024519,0.939699952112375
2024,05,MKD.29_1,0.6462346760070053,0.965067873260736
2024,05,MKD.31_1,0.5954465849387042,0.9474175425861608
2024,05,MKD.32_1,0.532399299474606,0.9199652167337633
2024,05,MKD.41_1,0.5551663747810859,0.9306148505155073
2024,05,MKD.42_1,0.6970227670753065,0.9789708882290628
2024,05,MKD.43_1,0.6217162872154116,0.9570266453970862
2024,05,MKD.47_1,0.6252189141856392,0.9582296175760798
2024,05,MKD.5_1,0.5726795096322242,0.9382345122622595
2024,05,MKD.50_1,0.5954465849387042,0.9474175425861608
2024,05,MKD.51_1,0.5656742556917689,0.9352454223357631
2024,05,MKD.52_1,0.586690017513135,0.9439809320108113
2024,05,MKD.55_1,0.5936952714535902,0.9467396685467447
2024,05,MKD.57_1,0.5849387040280211,0.9432793859721519
2024,05,MKD.61_1,0.62697022767075306,0.9588242800430119
2024,05,MKD.63_1,0.6514886164623468,0.9666767815562759
2024,05,MKD.64_1,0.6094570928196147,0.9526720317087093
2024,05,MKD.65_1,0.5499124343257443,0.9282327294380435
2024,05,MKD.67_1,0.5481611208406305,0.9274287034591931
2024,05,MKD.69_1,0.5691768826619966,0.9367496997597597
2024,05,MKD.70_1,0.5726795096322242,0.9382345122622595
2024,05,MKD.74_1,0.6199649737302978,0.9564183185196736
2024,05,MKD.77_1,0.6042031523642732,0.9507365565707464
2024,05,MKD.83_1,0.5691768826619966,0.9367496997597597
2024,05,MKD.84_1,0.6567425569176883,0.9682458365518543
2024,05,MKD.9_1,0.5919439579684764,0.946057080730333
2024,05,MLT.1_1,0.8371278458844134,0.9990315310339308
2024,05,MLT.3.11_1,0.8336252189141856,0.9988473356824855
2024,05,MLT.3.3_1,0.8581436077057794,0.9997999799959989
2024,05,MLT.3.5_1,0.788091068301226,0.99498743710662
2024,05,MLT.3.6_1,0.8283712784588442,0.998540935565488
2024,05,MLT.3.9_1,0.7548161120840631,0.9904322288778774
2024,05,MLT.4_1,0.7600700525394046,0.9912497162672985
2024,05,MLT.4.10_1,0.6917688266199651,0.9777013859047148
2024,05,MLT.4.12_1,0.8248686514886164,0.9983165830536925
2024,05,MLT.4.2_1,0.7933450087565675,0.9955721972815432
2024,05,MLT.4.3_1,0.7793345008756568,0.993931587182941
2024,05,MLT.4.4_1,0.7740805604203153,0.9932492134404135
2024,05,MLT.4.5_1,0.7565674255691769,0.9907088371464141
2024,05,MLT.4.9_1,0.8108581436077059,0.9972582413798344
2024,05,MLT.5_1,0.8283712784588442,0.998540935565488
2024,05,MLT.5.14_1,0.7915936952714537,0.9953813339620148
2024,05,MLT.5.4_1,0.830122591943958,0.9986470848102447
2024,05,MLT.5.9_1,0.8266199649737304,0.9984307687566525
2024,05,MNE.1_1,0.6777583187390543,0.9741273017424364
2024,05,MNE.11_1,0.5884413309982488,0.9446777228240327
2024,05,MNE.12_1,0.6007005253940456,0.9494229826584145
2024,05,MNE.13_1,0.6112084063047285,0.9533079250693346
2024,05,MNE.14_1,0.6094570928196147,0.9526720317087093
2024,05,MNE.15_1,0.6199649737302978,0.9564183185196736
2024,05,MNE.16_1,0.6409807355516638,0.9634189120003821
2024,05,MNE.17_1,0.6217162872154116,0.9570266453970862
2024,05,MNE.18_1,0.6077057793345009,0.9520315120835025
2024,05,MNE.2_1,0.6654991243432575,0.9707728879609279
2024,05,MNE.20_1,0.62697022767075306,0.9588242800430119
2024,05,MNE.21_1,0.6042031523642732,0.9507365565707464
2024,05,MNE.3_1,0.5901926444833626,0.9453697689264238
2024,05,MNE.4_1,0.6322241681260946,0.9605810741421048
2024,05,MNE.6_1,0.6970227670753065,0.9789708882290628
2024,05,MNE.7_1,0.62697022767075306,0.9588242800430119
2024,05,MNE.8_1,0.6882661996497373,0.976833660353696
2024,05,MNE.9_1,0.660245183887916,0.9692698282728087
2024,05,NLD.1.1_1,0.6182136602451839,0.9558054195284729
2024,05,NLD.1.10_1,0.6549912434325745,0.9677272342969376
2024,05,NLD.1.11_1,0.6935201401050789,0.9781288258711119
2024,05,NLD.1.12_1,0.6462346760070053,0.965067873260736
2024,05,NLD.1.2_1,0.7162872154115587,0.9832985304575615
2024,05,NLD.1.3_1,0.6760070052539405,0.9736611320166786
2024,05,NLD.1.4_1,0.660245183887916,0.9692698282728087
2024,05,NLD.1.5_1,0.6970227670753065,0.9789708882290628
2024,05,NLD.1.6_1,0.6042031523642732,0.9507365565707464
2024,05,NLD.1.7_1,0.6549912434325745,0.9677272342969376
2024,05,NLD.1.8_1,0.6514886164623468,0.9666767815562759
2024,05,NLD.1.9_1,0.6374781085814362,0.962297251372984
2024,05,NLD.10.1_1,0.6129597197898424,0.9539392014169457
2024,05,NLD.10.10_1,0.628721541155867,0.9594144047282176
2024,05,NLD.10.11_1,0.6952714535901927,0.97855199146494
2024,05,NLD.10.12_1,0.6952714535901927,0.97855199146494
2024,05,NLD.10.13_1,0.7355516637478109,0.9871170143402452
2024,05,NLD.10.14_1,0.6479859894921192,0.9656086163658648
2024,05,NLD.10.15_1,0.6690017513134852,0.9717530550505102
2024,05,NLD.10.16_1,0.7110332749562173,0.9821690282227392
2024,05,NLD.10.17_1,0.6917688266199651,0.9777013859047148
2024,05,NLD.10.18_1,0.6479859894921192,0.9656086163658648
2024,05,NLD.10.19_1,0.6690017513134852,0.9717530550505102
2024,05,NLD.10.20_1,0.6917688266199651,0.9777013859047148
2024,05,NLD.10.21_1,0.7162872154115587,0.9832985304575615
2024,05,NLD.10.22_1,0.670753064798599,0.9722365967191319
2024,05,NLD.10.23_1,0.6987740805604205,0.9793855216409929
2024,05,NLD.10.24_1,0.6409807355516638,0.9634189120003821
2024,05,NLD.10.25_1,0.7302977232924693,0.9861257526299574
2024,05,NLD.10.26_1,0.6830122591943959,0.9754998718605759
2024,05,NLD.10.3_1,0.6812609457092821,0.975046665549911
2024,05,NLD.10.4_1,0.7057793345008757,0.9810015290507961
2024,05,NLD.10.5_2,0.7022767075306481,0.9802020199938377
2024,05,NLD.10.6_1,0.7075306479859896,0.9813949256033475
2024,05,NLD.10.7_1,0.6339754816112084,0.9611576353543679
2024,05,NLD.10.8_1,0.6795096322241682,0.9745891442038537
2024,05,NLD.10.9_1,0.6584938704028022,0.9687600322061186
2024,05,NLD.11.12_1,0.7180385288966725,0.983666610188635
2024,05,NLD.11.13_1,0.8126094570928197,0.9974046320325567
2024,05,NLD.11.14_1,0.7040280210157619,0.9806038955664005
2024,05,NLD.11.16_1,0.7740805604203153,0.9932492134404135
2024,05,NLD.11.18_1,0.7478108581436077,0.9892845899942038
2024,05,NLD.11.21_1,0.7425569176882663,0.9883804935347521
2024,05,NLD.11.22_1,0.7478108581436077,0.9892845899942038
2024,05,NLD.11.23_1,0.7740805604203153,0.9932492134404135
2024,05,NLD.11.24_1,0.7425569176882663,0.9883804935347521
2024,05,NLD.11.25_1,0.7040280210157619,0.9806038955664005
2024,05,NLD.11.26_1,0.7688266199649738,0.9925301002992302
2024,05,NLD.11.27_1,0.7022767075306481,0.9802020199938377
2024,05,NLD.11.28_1,0.7810858143607706,0.9941508939793798
2024,05,NLD.11.3_1,0.6987740805604205,0.9793855216409929
2024,05,NLD.11.30_1,0.7758318739054292,0.9934807496876826
2024,05,NLD.11.31_1,0.7688266199649738,0.9925301002992302
2024,05,NLD.11.32_1,0.7863397548161122,0.9947843987518099
2024,05,NLD.11.33_1,0.7443082311733801,0.9886859966642594
2024,05,NLD.11.34_1,0.7688266199649738,0.9925301002992302
2024,05,NLD.11.35_1,0.7600700525394046,0.9912497162672985
2024,05,NLD.11.36_1,0.712784588441331,0.9825497442877892
2024,05,NLD.11.37_1,0.7705779334500876,0.9927738916792685
2024,05,NLD.11.4_1,0.7005253940455343,0.9797958971132712
2024,05,NLD.11.6_1,0.7513134851138354,0.9898666576867816
2024,05,NLD.11.7_1,0.7373029772329247,0.987439112046915
2024,05,NLD.11.8_1,0.7425569176882663,0.9883804935347521
2024,05,NLD.12.1_1,0.7250437828371279,0.9850969495435462
2024,05,NLD.12.10_1,0.7583187390542908,0.9909813318120578
2024,05,NLD.12.11_1,0.7373029772329247,0.987439112046915
2024,05,NLD.12.12_1,0.8021015761821367,0.9964657545545658
2024,05,NLD.12.13_1,0.7355516637478109,0.9871170143402452
2024,05,NLD.12.2_1,0.7478108581436077,0.9892845899942038
2024,05,NLD.12.3_1,0.7740805604203153,0.9932492134404135
2024,05,NLD.12.4_1,0.7408056042031524,0.9880708476622514
2024,05,NLD.12.5_1,0.7373029772329247,0.987439112046915
2024,05,NLD.12.6_1,0.8021015761821367,0.9964657545545658
2024,05,NLD.12.7_1,0.777583187390543,0.9937082066683358
2024,05,NLD.12.8_1,0.7950963222416814,0.9957590069891409
2024,05,NLD.12.9_1,0.7828371278458844,0.9943661297530201
2024,05,NLD.13.1_1,0.7057793345008757,0.9810015290507961
2024,05,NLD.14.1_1,0.7250437828371279,0.9850969495435462
2024,05,NLD.14.100_1,0.7460595446584939,0.9889873608899156
2024,05,NLD.14.101_1,0.777583187390543,0.9937082066683358
2024,05,NLD.14.102_1,0.7828371278458844,0.9943661297530201
2024,05,NLD.14.103_1,0.76707530647986,0.9922822179198819
2024,05,NLD.14.104_1,0.7110332749562173,0.9821690282227392
2024,05,NLD.14.17_1,0.7443082311733801,0.9886859966642594
2024,05,NLD.14.18_1,0.7232924693520141,0.9847456524402634
2024,05,NLD.14.2_1,0.7600700525394046,0.9912497162672985
2024,05,NLD.14.21_1,0.8056042031523644,0.996794863550169
2024,05,NLD.14.23_1,0.7390542907180385,0.9877570551507087
2024,05,NLD.14.26_1,0.7600700525394046,0.9912497162672985
2024,05,NLD.14.27_1,0.7600700525394046,0.9912497162672985
2024,05,NLD.14.29_1,0.7793345008756568,0.993931587182941
2024,05,NLD.14.30_2,0.7688266199649738,0.9925301002992302
2024,05,NLD.14.31_1,0.7145359019264449,0.9829262434180909
2024,05,NLD.14.32_1,0.7110332749562173,0.9821690282227392
2024,05,NLD.14.34_2,0.7495621716287216,0.9895776877031939
2024,05,NLD.14.36_1,0.7320490367775833,0.98646033878712025
2024,05,NLD.14.38_1,0.8073555166374782,0.9969533589892758
2024,05,NLD.14.39_1,0.7373029772329247,0.987439112046915
2024,05,NLD.14.4_1,0.7162872154115587,0.9832985304575615
2024,05,NLD.14.40_1,0.7565674255691769,0.9907088371464141
2024,05,NLD.14.43_1,0.7705779334500876,0.9927738916792685
2024,05,NLD.14.45_1,0.7635726795096323,0.9917741678426597
2024,05,NLD.14.5_1,0.7705779334500876,0.9927738916792685
2024,05,NLD.14.53_2,0.7583187390542908,0.9909813318120578
2024,05,NLD.14.54_2,0.8003502626970229,0.9962951369950573
2024,05,NLD.14.56_1,0.76707530647986,0.9922822179198819
2024,05,NLD.14.60_1,0.7022767075306481,0.9802020199938377
2024,05,NLD.14.61_1,0.7968476357267952,0.9959417653658269
2024,05,NLD.14.63_1,0.8091068301225921,0.9971078176406
2024,05,NLD.14.66_1,0.7635726795096323,0.9917741678426597
2024,05,NLD.14.67_2,0.7723292469352014,0.9930135950730987
2024,05,NLD.14.7_2,0.7793345008756568,0.993931587182941
2024,05,NLD.14.70_1,0.7863397548161122,0.9947843987518099
2024,05,NLD.14.73_1,0.7495621716287216,0.9895776877031939
2024,05,NLD.14.78_1,0.7565674255691769,0.9907088371464141
2024,05,NLD.14.8_1,0.7915936952714537,0.9953813339620148
2024,05,NLD.14.81_1,0.788091068301226,0.99498743710662
2024,05,NLD.14.82_1,0.7285464098073555,0.9857869952479592
2024,05,NLD.14.84_1,0.7355516637478109,0.9871170143402452
2024,05,NLD.14.86_1,0.7968476357267952,0.9959417653658269
2024,05,NLD.14.89_1,0.7723292469352014,0.9930135950730987
2024,05,NLD.14.90_1,0.7408056042031524,0.9880708476622514
2024,05,NLD.14.91_1,0.7583187390542908,0.9909813318120578
2024,05,NLD.14.93_1,0.7302977232924693,0.9861257526299574
2024,05,NLD.14.94_1,0.7723292469352014,0.9930135950730987
2024,05,NLD.14.95_1,0.7583187390542908,0.9909813318120578
2024,05,NLD.14.96_1,0.7565674255691769,0.9907088371464141
2024,05,NLD.14.97_1,0.7530647985989493,0.990151503558925
2024,05,NLD.14.98_1,0.7810858143607706,0.9941508939793798
2024,05,NLD.14.99_1,0.7898423817863398,0.9951864146982715
2024,05,NLD.2.1_1,0.7355516637478109,0.9871170143402452
2024,05,NLD.2.2_1,0.7478108581436077,0.9892845899942038
2024,05,NLD.2.3_1,0.7460595446584939,0.9889873608899156
2024,05,NLD.2.4_1,0.6882661996497373,0.976833660353696
2024,05,NLD.2.6_1,0.7320490367775833,0.98646033878712025
2024,05,NLD.3.1_1,0.6882661996497373,0.976833660353696
2024,05,NLD.3.10_1,0.7215411558669002,0.9843901665498289
2024,05,NLD.3.11_2,0.7110332749562173,0.9821690282227392
2024,05,NLD.3.14_2,0.7460595446584939,0.9889873608899156
2024,05,NLD.3.20_1,0.6549912434325745,0.9677272342969376
2024,05,NLD.3.21_1,0.6970227670753065,0.9789708882290628
2024,05,NLD.3.24_1,0.7513134851138354,0.9898666576867816
2024,05,NLD.3.27_1,0.7215411558669002,0.9843901665498289
2024,05,NLD.3.29_1,0.7092819614711035,0.9817840903172144
2024,05,NLD.3.32_1,0.6847635726795097,0.9759487691472335
2024,05,NLD.3.33_1,0.7092819614711035,0.9817840903172144
2024,05,NLD.3.34_1,0.7810858143607706,0.9941508939793798
2024,05,NLD.3.35_1,0.6725043782837129,0.9727157858285225
2024,05,NLD.3.5_1,0.712784588441331,0.9825497442877892
2024,05,NLD.4.10_1,0.777583187390543,0.9937082066683358
2024,05,NLD.4.11_1,0.7425569176882663,0.9883804935347521
2024,05,NLD.4.14_1,0.6812609457092821,0.975046665549911
2024,05,NLD.4.15_2,0.6514886164623468,0.9666767815562759
2024,05,NLD.4.16_1,0.7250437828371279,0.9850969495435462
2024,05,NLD.4.17_1,0.6830122591943959,0.9754998718605759
2024,05,NLD.4.18_1,0.712784588441331,0.9825497442877892
2024,05,NLD.4.20_1,0.7075306479859896,0.9813949256033475
2024,05,NLD.4.21_1,0.6830122591943959,0.9754998718605759
2024,05,NLD.4.22_1,0.6882661996497373,0.976833660353696
2024,05,NLD.4.28_1,0.6882661996497373,0.976833660353696
2024,05,NLD.4.29_1,0.6900175131348513,0.9772696659571503
2024,05,NLD.4.3_1,0.7653239929947461,0.9920302414745228
2024,05,NLD.4.30_1,0.7022767075306481,0.9802020199938377
2024,05,NLD.4.32_1,0.7092819614711035,0.9817840903172144
2024,05,NLD.4.34_1,0.7443082311733801,0.9886859966642594
2024,05,NLD.4.37_1,0.6812609457092821,0.975046665549911
2024,05,NLD.4.38_2,0.6935201401050789,0.9781288258711119
2024,05,NLD.4.39_1,0.7022767075306481,0.9802020199938377
2024,05,NLD.4.4_1,0.6847635726795097,0.9759487691472335
2024,05,NLD.4.43_1,0.7162872154115587,0.9832985304575615
2024,05,NLD.4.44_1,0.6900175131348513,0.9772696659571503
2024,05,NLD.4.45_1,0.7110332749562173,0.9821690282227392
2024,05,NLD.4.46_1,0.7162872154115587,0.9832985304575615
2024,05,NLD.4.47_1,0.7215411558669002,0.9843901665498289
2024,05,NLD.4.48_1,0.7215411558669002,0.9843901665498289
2024,05,NLD.4.49_1,0.712784588441331,0.9825497442877892
2024,05,NLD.4.5_1,0.7460595446584939,0.9889873608899156
2024,05,NLD.4.50_1,0.7022767075306481,0.9802020199938377
2024,05,NLD.4.52_1,0.7688266199649738,0.9925301002992302
2024,05,NLD.4.54_1,0.6847635726795097,0.9759487691472335
2024,05,NLD.4.56_1,0.6935201401050789,0.9781288258711119
2024,05,NLD.4.58_1,0.6795096322241682,0.9745891442038537
2024,05,NLD.4.60_1,0.6900175131348513,0.9772696659571503
2024,05,NLD.4.63_1,0.712784588441331,0.9825497442877892
2024,05,NLD.4.64_1,0.7197898423817863,0.9840304873325826
2024,05,NLD.4.65_1,0.6812609457092821,0.975046665549911
2024,05,NLD.4.66_1,0.6339754816112084,0.9611576353543679
2024,05,NLD.4.68_1,0.7250437828371279,0.9850969495435462
2024,05,NLD.4.7_1,0.7460595446584939,0.9889873608899156
2024,05,NLD.4.70_2,0.7040280210157619,0.9806038955664005
2024,05,NLD.4.71_2,0.7075306479859896,0.9813949256033475
2024,05,NLD.4.72_1,0.6427320490367776,0.9639730286683336
2024,05,NLD.4.73_1,0.7180385288966725,0.983666610188635
2024,05,NLD.4.74_1,0.6672504378283713,0.9712651543219287
2024,05,NLD.4.75_1,0.7145359019264449,0.9829262434180909
2024,05,NLD.4.76_1,0.6357267950963222,0.9617296917533533
2024,05,NLD.4.77_1,0.6917688266199651,0.9777013859047148
2024,05,NLD.4.78_1,0.6777583187390543,0.9741273017424364
2024,05,NLD.4.79_1,0.7285464098073555,0.9857869952479592
2024,05,NLD.4.9_1,0.6760070052539405,0.9736611320166786
2024,05,NLD.5.15_1,0.6584938704028022,0.9687600322061186
2024,05,NLD.5.19_1,0.6760070052539405,0.9736611320166786
2024,05,NLD.5.21_1,0.6357267950963222,0.9617296917533533
2024,05,NLD.5.26_1,0.6865148861646235,0.9763933633531108
2024,05,NLD.5.27_1,0.7110332749562173,0.9821690282227392
2024,05,NLD.5.28_1,0.6129597197898424,0.9539392014169457
2024,05,NLD.5.29_1,0.6795096322241682,0.9745891442038537
2024,05,NLD.5.30_1,0.6847635726795097,0.9759487691472335
2024,05,NLD.5.31_1,0.6409807355516638,0.9634189120003821
2024,05,NLD.5.7_2,0.6865148861646235,0.9763933633531108
2024,05,NLD.6.1_1,0.7232924693520141,0.9847456524402634
2024,05,NLD.7.10_1,0.7425569176882663,0.9883804935347521
2024,05,NLD.7.13_1,0.712784588441331,0.9825497442877892
2024,05,NLD.7.16_2,0.7443082311733801,0.9886859966642594
2024,05,NLD.7.18_1,0.6830122591943959,0.9754998718605759
2024,05,NLD.7.20_1,0.7232924693520141,0.9847456524402634
2024,05,NLD.7.23_1,0.7250437828371279,0.9850969495435462
2024,05,NLD.7.26_1,0.7513134851138354,0.9898666576867816
2024,05,NLD.7.28_1,0.7232924693520141,0.9847456524402634
2024,05,NLD.7.29_1,0.6672504378283713,0.9712651543219287
2024,05,NLD.7.3_1,0.7390542907180385,0.9877570551507087
2024,05,NLD.7.32_2,0.6847635726795097,0.9759487691472335
2024,05,NLD.7.33_2,0.7320490367775833,0.98646033878712025
2024,05,NLD.7.37_1,0.7110332749562173,0.9821690282227392
2024,05,NLD.7.38_1,0.7408056042031524,0.9880708476622514
2024,05,NLD.7.39_1,0.6812609457092821,0.975046665549911
2024,05,NLD.7.4_1,0.7057793345008757,0.9810015290507961
2024,05,NLD.7.42_1,0.7197898423817863,0.9840304873325826
2024,05,NLD.7.43_1,0.7075306479859896,0.9813949256033475
2024,05,NLD.7.44_2,0.7180385288966725,0.983666610188635
2024,05,NLD.7.45_1,0.7057793345008757,0.9810015290507961
2024,05,NLD.7.46_1,0.7548161120840631,0.9904322288778774
2024,05,NLD.7.47_1,0.7267950963222417,0.9854440623394105
2024,05,NLD.7.48_1,0.7443082311733801,0.9886859966642594
2024,05,NLD.7.49_1,0.7513134851138354,0.9898666576867816
2024,05,NLD.7.5_1,0.6760070052539405,0.9736611320166786
2024,05,NLD.7.50_1,0.7653239929947461,0.9920302414745228
2024,05,NLD.7.51_1,0.8056042031523644,0.996794863550169
2024,05,NLD.7.52_1,0.6952714535901927,0.97855199146494
2024,05,NLD.7.6_1,0.7338003502626971,0.986790757962396
2024,05,NLD.7.7_1,0.7267950963222417,0.9854440623394105
2024,05,NLD.7.9_1,0.7162872154115587,0.9832985304575615
2024,05,NLD.8.1_1,0.7022767075306481,0.9802020199938377
2024,05,NLD.8.10_1,0.7425569176882663,0.9883804935347521
2024,05,NLD.8.11_1,0.6900175131348513,0.9772696659571503
2024,05,NLD.8.12_1,0.7320490367775833,0.98646033878712025
2024,05,NLD.8.13_1,0.7548161120840631,0.9904322288778774
2024,05,NLD.8.14_1,0.6760070052539405,0.9736611320166786
2024,05,NLD.8.15_1,0.7600700525394046,0.9912497162672985
2024,05,NLD.8.16_1,0.7075306479859896,0.9813949256033475
2024,05,NLD.8.17_1,0.7443082311733801,0.9886859966642594
2024,05,NLD.8.18_1,0.7338003502626971,0.986790757962396
2024,05,NLD.8.19_1,0.7495621716287216,0.9895776877031939
2024,05,NLD.8.20_1,0.6935201401050789,0.9781288258711119
2024,05,NLD.8.21_1,0.6830122591943959,0.9754998718605759
2024,05,NLD.8.22_1,0.7723292469352014,0.9930135950730987
2024,05,NLD.8.23_1,0.7513134851138354,0.9898666576867816
2024,05,NLD.8.25_1,0.7180385288966725,0.983666610188635
2024,05,NLD.8.26_1,0.7513134851138354,0.9898666576867816
2024,05,NLD.8.27_1,0.7548161120840631,0.9904322288778774
2024,05,NLD.8.28_1,0.7898423817863398,0.9951864146982715
2024,05,NLD.8.3_1,0.7390542907180385,0.9877570551507087
2024,05,NLD.8.30_1,0.76707530647986,0.9922822179198819
2024,05,NLD.8.31_1,0.7513134851138354,0.9898666576867816
2024,05,NLD.8.32_1,0.7390542907180385,0.9877570551507087
2024,05,NLD.8.33_1,0.7390542907180385,0.9877570551507087
2024,05,NLD.8.34_1,0.7373029772329247,0.987439112046915
2024,05,NLD.8.35_1,0.7075306479859896,0.9813949256033475
2024,05,NLD.8.36_1,0.6917688266199651,0.9777013859047148
2024,05,NLD.8.38_1,0.7285464098073555,0.9857869952479592
2024,05,NLD.8.4_1,0.7390542907180385,0.9877570551507087
2024,05,NLD.8.41_1,0.7040280210157619,0.9806038955664005
2024,05,NLD.8.42_1,0.7390542907180385,0.9877570551507087
2024,05,NLD.8.43_1,0.6970227670753065,0.9789708882290628
2024,05,NLD.8.44_1,0.7478108581436077,0.9892845899942038
2024,05,NLD.8.45_1,0.7530647985989493,0.990151503558925
2024,05,NLD.8.46_1,0.7758318739054292,0.9934807496876826
2024,05,NLD.8.47_2,0.7250437828371279,0.9850969495435462
2024,05,NLD.8.48_1,0.7530647985989493,0.990151503558925
2024,05,NLD.8.49_1,0.7758318739054292,0.9934807496876826
2024,05,NLD.8.5_1,0.6865148861646235,0.9763933633531108
2024,05,NLD.8.50_1,0.7460595446584939,0.9889873608899156
2024,05,NLD.8.52_1,0.6882661996497373,0.976833660353696
2024,05,NLD.8.54_1,0.7040280210157619,0.9806038955664005
2024,05,NLD.8.55_1,0.7197898423817863,0.9840304873325826
2024,05,NLD.8.56_1,0.7197898423817863,0.9840304873325826
2024,05,NLD.8.57_1,0.7495621716287216,0.9895776877031939
2024,05,NLD.8.58_1,0.7250437828371279,0.9850969495435462
2024,05,NLD.8.59_1,0.7180385288966725,0.983666610188635
2024,05,NLD.8.6_1,0.7285464098073555,0.9857869952479592
2024,05,NLD.8.60_1,0.6672504378283713,0.9712651543219287
2024,05,NLD.8.62_1,0.670753064798599,0.9722365967191319
2024,05,NLD.8.63_2,0.7285464098073555,0.9857869952479592
2024,05,NLD.8.64_1,0.6952714535901927,0.97855199146494
2024,05,NLD.8.65_1,0.7688266199649738,0.9925301002992302
2024,05,NLD.8.67_1,0.7478108581436077,0.9892845899942038
2024,05,NLD.8.69_1,0.6935201401050789,0.9781288258711119
2024,05,NLD.8.7_1,0.788091068301226,0.99498743710662
2024,05,NLD.8.70_1,0.7530647985989493,0.990151503558925
2024,05,NLD.8.71_1,0.7180385288966725,0.983666610188635
2024,05,NLD.8.72_1,0.6952714535901927,0.97855199146494
2024,05,NLD.8.8_1,0.7320490367775833,0.98646033878712025
2024,05,NLD.8.9_1,0.6777583187390543,0.9741273017424364
2024,05,NLD.9.1_1,0.7688266199649738,0.9925301002992302
2024,05,NLD.9.10_1,0.7845884413309984,0.9945772971468834
2024,05,NLD.9.11_1,0.6882661996497373,0.976833660353696
2024,05,NLD.9.12_2,0.7618213660245184,0.9915139938498094
2024,05,NLD.9.14_1,0.7653239929947461,0.9920302414745228
2024,05,NLD.9.15_1,0.8108581436077059,0.9972582413798344
2024,05,NLD.9.16_1,0.777583187390543,0.9937082066683358
2024,05,NLD.9.21_1,0.7565674255691769,0.9907088371464141
2024,05,NLD.9.23_2,0.8038528896672505,0.996632329397356
2024,05,NLD.9.25_1,0.7355516637478109,0.9871170143402452
2024,05,NLD.9.26_1,0.7688266199649738,0.9925301002992302
2024,05,NLD.9.27_1,0.6987740805604205,0.9793855216409929
2024,05,NLD.9.28_1,0.8073555166374782,0.9969533589892758
2024,05,NLD.9.29_1,0.7075306479859896,0.9813949256033475
2024,05,NLD.9.3_1,0.712784588441331,0.9825497442877892
2024,05,NLD.9.30_1,0.6865148861646235,0.9763933633531108
2024,05,NLD.9.31_1,0.7162872154115587,0.9832985304575615
2024,05,NLD.9.32_1,0.7898423817863398,0.9951864146982715
2024,05,NLD.9.33_1,0.7968476357267952,0.9959417653658269
2024,05,NLD.9.34_1,0.7548161120840631,0.9904322288778774
2024,05,NLD.9.4_1,0.7232924693520141,0.9847456524402634
2024,05,NLD.9.41_1,0.7320490367775833,0.98646033878712025
2024,05,NLD.9.42_1,0.7758318739054292,0.9934807496876826
2024,05,NLD.9.43_1,0.7460595446584939,0.9889873608899156
2024,05,NLD.9.44_1,0.7758318739054292,0.9934807496876826
2024,05,NLD.9.47_1,0.7845884413309984,0.9945772971468834
2024,05,NLD.9.48_1,0.7583187390542908,0.9909813318120578
2024,05,NLD.9.49_1,0.7548161120840631,0.9904322288778774
2024,05,NLD.9.50_1,0.7408056042031524,0.9880708476622514
2024,05,NLD.9.51_1,0.7373029772329247,0.987439112046915
2024,05,NLD.9.53_1,0.7740805604203153,0.9932492134404135
2024,05,NLD.9.54_1,0.7530647985989493,0.990151503558925
2024,05,NLD.9.59_1,0.7793345008756568,0.993931587182941
2024,05,NLD.9.61_1,0.7740805604203153,0.9932492134404135
2024,05,NLD.9.62_1,0.6935201401050789,0.9781288258711119
2024,05,NLD.9.63_1,0.7355516637478109,0.9871170143402452
2024,05,NLD.9.66_1,0.7250437828371279,0.9850969495435462
2024,05,NLD.9.67_1,0.7758318739054292,0.9934807496876826
2024,05,NLD.9.68_1,0.7845884413309984,0.9945772971468834
2024,05,NLD.9.69_1,0.7460595446584939,0.9889873608899156
2024,05,NLD.9.7_1,0.7408056042031524,0.9880708476622514
2024,05,NLD.9.70_1,0.7267950963222417,0.9854440623394105
2024,05,NLD.9.71_1,0.7355516637478109,0.9871170143402452
2024,05,NLD.9.72_1,0.7915936952714537,0.9953813339620148
2024,05,NLD.9.73_1,0.7635726795096323,0.9917741678426597
2024,05,NLD.9.9_1,0.7653239929947461,0.9920302414745228
2024,05,NOR.1.3_1,0.4518388791593696,0.8750679973579196
2024,05,NOR.10.17_1,0.5026269702276708,0.9047231620777706
2024,05,NOR.10.18_1,0.500875656742557,0.9037787339830473
2024,05,NOR.11.19_1,0.5096322241681261,0.9084470265238365
2024,05,NOR.11.7_1,0.43782837127845886,0.8660254037844386
2024,05,NOR.14.13_1,0.4185639229422067,0.8529454847761373
2024,05,NOR.14.21_1,0.6077057793345009,0.9520315120835025
2024,05,NOR.14.24_1,0.4763572679509633,0.8899797750510963
2024,05,NOR.14.6_1,0.51138353765324,0.909364613342745
2024,05,NOR.15.13_1,0.44483362521891423,0.8705951987002916
2024,05,NOR.15.5_1,0.4816112084063048,0.8930285549745876
2024,05,NOR.17.17_1,0.5131348511383538,0.9102768809543611
2024,05,NOR.17.22_1,0.5078809106830122,0.9075241043630743
2024,05,NOR.17.9_1,0.5516637478108581,0.9290317540321213
2024,05,NOR.2.1_1,0.40455341506129605,0.8429448380528823
2024,05,NOR.2.10_1,0.42206654991243436,0.8553806170354809
2024,05,NOR.2.16_1,0.4203152364273205,0.8541662601625049
2024,05,NOR.2.6_1,0.4168126094570928,0.8517182632772413
2024,05,NOR.5.13_1,0.4658493870402803,0.883728465084157
2024,05,NOR.5.16_1,0.4028021015761822,0.8416650165000324
2024,05,NOR.5.17_1,0.4711033274956218,0.8868799242287537
2024,05,NOR.5.7_1,0.490367775831874,0.8979977728257459
2024,05,NOR.5.8_1,0.48336252189141865,0.8940335564172074
2024,05,NOR.6.10_1,0.39579684763572687,0.8364783320564855
2024,05,NOR.6.20_1,0.4290718038528897,0.8601744009211155
2024,05,NOR.6.22_1,0.43782837127845886,0.8660254037844386
2024,05,NOR.6.3_1,0.3992994746059545,0.8390852161729463
2024,05,NOR.6.4_1,0.40630472854640987,0.8442179813294668
2024,05,NOR.6.8_1,0.43257443082311736,0.8625334776111592
2024,05,NOR.8.1_1,0.5586690017513135,0.9321780945720619
2024,05,NOR.8.10_1,0.4956217162872154,0.9009128703709366
2024,05,NOR.8.11_1,0.586690017513135,0.9439809320108113
2024,05,NOR.8.12_1,0.5271453590192645,0.9173854151881858
2024,05,NOR.8.13_1,0.5586690017513135,0.9321780945720619
2024,05,NOR.8.16_1,0.5288966725043783,0.918250510481753
2024,05,NOR.8.17_1,0.48511383537653247,0.8950329602869382
2024,05,NOR.8.18_1,0.5096322241681261,0.9084470265238365
2024,05,NOR.8.19_1,0.5569176882661997,0.931398947819891
2024,05,NOR.8.20_1,0.48511383537653247,0.8950329602869382
2024,05,NOR.8.21_1,0.48861646234676015,0.8970150500409678
2024,05,NOR.8.22_1,0.500875656742557,0.9037787339830473
2024,05,NOR.8.23_1,0.5814360770577934,0.9418619856433319
2024,05,NOR.8.25_1,0.5446584938704029,0.9258055951440345
2024,05,NOR.8.26_1,0.6409807355516638,0.9634189120003821
2024,05,NOR.8.27_1,0.5096322241681261,0.9084470265238365
2024,05,NOR.8.28_1,0.4956217162872154,0.9009128703709366
2024,05,NOR.8.3_1,0.5306479859894921,0.9191104395011516
2024,05,NOR.8.30_1,0.48336252189141865,0.8940335564172074
2024,05,NOR.8.31_1,0.47460595446584947,0.8889521921903337
2024,05,NOR.8.32_1,0.51138353765324,0.909364613342745
2024,05,NOR.8.33_1,0.5288966725043783,0.918250510481753
2024,05,NOR.8.34_1,0.5394045534150613,0.923333092659415
2024,05,NOR.8.35_1,0.5709281961471104,0.9374945333173949
2024,05,NOR.8.36_1,0.5464098073555167,0.9266196630764966
2024,05,NOR.8.37_1,0.5236427320490368,0.9156396671180208
2024,05,NOR.8.38_1,0.4991243432574431,0.9028288874421332
2024,05,NOR.8.4_1,0.5726795096322242,0.9382345122622595
2024,05,NOR.8.5_1,0.5919439579684764,0.946057080730333
2024,05,NOR.8.6_1,0.5499124343257443,0.9282327294380435
2024,05,NOR.8.7_1,0.5901926444833626,0.9453697689264238
2024,05,NOR.8.9_1,0.5271453590192645,0.9173854151881858
2024,05,POL.1.11.7_1,0.4711033274956218,0.8868799242287537
2024,05,POL.1.11.8_1,0.4658493870402803,0.883728465084157
2024,05,POL.1.13.4_1,0.44658493870402804,0.8717224328879003
2024,05,POL.1.15.1_1,0.43432574430823123,0.8637036528810099
2024,05,POL.1.15.2_1,0.43082311733800355,0.8613570688164114
2024,05,POL.1.15.3_1,0.4203152364273205,0.8541662601625049
2024,05,POL.1.16.1_1,0.4956217162872154,0.9009128703709366
2024,05,POL.1.16.2_1,0.394045534150613,0.8351646544245033
2024,05,POL.1.16.3_1,0.4676007005253941,0.8847847195787232
2024,05,POL.1.16.4_1,0.4588441330998249,0.8794452797076121
2024,05,POL.1.17.1_1,0.4133099824868652,0.84924437001372
2024,05,POL.1.17.2_1,0.4203152364273205,0.8541662601625049
2024,05,POL.1.17.3_1,0.43432574430823123,0.8637036528810099
2024,05,POL.1.17.4_1,0.43957968476357273,0.867177029216065
2024,05,POL.1.17.5_1,0.4483362521891419,0.8728436286070947
2024,05,POL.1.17.6_1,0.40455341506129605,0.8429448380528823
2024,05,POL.1.17.7_1,0.4605954465849388,0.8805248434882459
2024,05,POL.1.17.8_1,0.43082311733800355,0.8613570688164114
2024,05,POL.1.19.1_1,0.4728546409807356,0.8879189152169246
2024,05,POL.1.19.2_1,0.5148861646234676,0.9111838453352868
2024,05,POL.1.19.3_1,0.4991243432574431,0.9028288874421332
2024,05,POL.1.19.4_1,0.4956217162872154,0.9009128703709366
2024,05,POL.1.19.5_1,0.5394045534150613,0.923333092659415
2024,05,POL.1.2.4_1,0.5411558669001751,0.9241623234042816
2024,05,POL.1.2.5_1,0.48336252189141865,0.8940335564172074
2024,05,POL.1.20.1_1,0.500875656742557,0.9037787339830473
2024,05,POL.1.20.2_1,0.48511383537653247,0.8950329602869382
2024,05,POL.1.20.3_1,0.48336252189141865,0.8940335564172074
2024,05,POL.1.20.4_1,0.48511383537653247,0.8950329602869382
2024,05,POL.1.20.5_1,0.48336252189141865,0.8940335564172074
2024,05,POL.1.21.3_1,0.5814360770577934,0.9418619856433319
2024,05,POL.1.21.4_1,0.5884413309982488,0.9446777228240327
2024,05,POL.1.21.8_1,0.5043782837127846,0.905662188677434
2024,05,POL.1.22.1_1,0.4711033274956218,0.8868799242287537
2024,05,POL.1.22.2_1,0.4728546409807356,0.8879189152169246
2024,05,POL.1.22.3_1,0.4658493870402803,0.883728465084157
2024,05,POL.1.22.4_1,0.47810858143607715,0.8910016835000931
2024,05,POL.1.22.5_1,0.4185639229422067,0.8529454847761373
2024,05,POL.1.22.6_1,0.3922942206654992,0.8338441101309045
2024,05,POL.1.24.1_1,0.44658493870402804,0.8717224328879003
2024,05,POL.1.24.2_1,0.4028021015761822,0.8416650165000324
2024,05,POL.1.24.3_1,0.48686514886164634,0.8960267853139213
2024,05,POL.1.25.1_1,0.45008756567425573,0.8739588090980032
2024,05,POL.1.26.1_1,0.4816112084063048,0.8930285549745876
2024,05,POL.1.26.2_1,0.4676007005253941,0.8847847195787232
2024,05,POL.1.26.3_1,0.4956217162872154,0.9009128703709366
2024,05,POL.1.26.4_1,0.4816112084063048,0.8930285549745876
2024,05,POL.1.26.5_1,0.5551663747810859,0.9306148505155073
2024,05,POL.1.26.6_1,0.542907180385289,0.9249864863877743
2024,05,POL.1.26.7_1,0.45534150612959723,0.8772684879784524
2024,05,POL.1.26.8_1,0.532399299474606,0.9199652167337633
2024,05,POL.1.26.9_1,0.48861646234676015,0.8970150500409678
2024,05,POL.1.27.2_1,0.4956217162872154,0.9009128703709366
2024,05,POL.1.27.6_1,0.5148861646234676,0.9111838453352868
2024,05,POL.1.27.7_1,0.5586690017513135,0.9321780945720619
2024,05,POL.1.28.1_1,0.5499124343257443,0.9282327294380435
2024,05,POL.1.28.2_1,0.43082311733800355,0.8613570688164114
2024,05,POL.1.28.6_1,0.5131348511383538,0.9102768809543611
2024,05,POL.1.28.7_1,0.490367775831874,0.8979977728257459
2024,05,POL.1.4.4_1,0.4605954465849388,0.8805248434882459
2024,05,POL.1.5.4_1,0.5341506129597198,0.920814856526544
2024,05,POL.1.5.6_1,0.490367775831874,0.8979977728257459
2024,05,POL.1.9.1_1,0.5814360770577934,0.9418619856433319
2024,05,POL.1.9.13_1,0.5726795096322242,0.9382345122622595
2024,05,POL.1.9.6_1,0.5639229422066551,0.9344859549506349
2024,05,POL.1.9.8_1,0.56217162872154125,0.9337215859130601
2024,05,POL.10.6.1_1,0.4185639229422067,0.8529454847761373
2024,05,POL.10.6.9_1,0.4238178633975482,0.8565885826929985
2024,05,POL.11.1.7_1,0.5411558669001751,0.9241623234042816
2024,05,POL.11.10.1_1,0.5131348511383538,0.9102768809543611
2024,05,POL.11.10.4_1,0.5481611208406305,0.9274287034591931
2024,05,POL.11.10.5_1,0.5691768826619966,0.9367496997597597
2024,05,POL.11.11.1_1,0.51138353765324,0.909364613342745
2024,05,POL.11.11.5_1,0.47985989492119097,0.8920179370393849
2024,05,POL.11.12.1_1,0.4640980735551664,0.8826664149042944
2024,05,POL.11.12.2_1,0.4640980735551664,0.8826664149042944
2024,05,POL.11.12.3_1,0.5411558669001751,0.9241623234042816
2024,05,POL.11.12.4_1,0.5183887915936953,0.9129819275319747
2024,05,POL.11.12.5_1,0.5288966725043783,0.918250510481753
2024,05,POL.11.13.3_1,0.5376532399299475,0.9224987804869988
2024,05,POL.11.13.4_1,0.6339754816112084,0.9611576353543679
2024,05,POL.11.13.5_1,0.6077057793345009,0.9520315120835025
2024,05,POL.11.13.6_1,0.6147110332749562,0.954565869911553
2024,05,POL.11.13.7_1,0.62697022767075306,0.9588242800430119
2024,05,POL.11.17.7_1,0.532399299474606,0.9199652167337633
2024,05,POL.11.19.6_1,0.5253940455341506,0.916515138991168
2024,05,POL.11.20.1_1,0.5534150612959721,0.9298257901349047
2024,05,POL.11.20.10_1,0.5586690017513135,0.9321780945720619
2024,05,POL.11.20.2_1,0.5341506129597198,0.920814856526544
2024,05,POL.11.20.3_1,0.56217162872154125,0.9337215859130601
2024,05,POL.11.20.4_1,0.5359019264448337,0.9216593730874764
2024,05,POL.11.20.5_1,0.5411558669001751,0.9241623234042816
2024,05,POL.11.20.6_1,0.5516637478108581,0.9290317540321213
2024,05,POL.11.20.7_1,0.5534150612959721,0.9298257901349047
2024,05,POL.11.20.8_1,0.5394045534150613,0.923333092659415
2024,05,POL.11.20.9_1,0.5481611208406305,0.9274287034591931
2024,05,POL.11.4.1_1,0.4973730297723292,0.9018736053350269
2024,05,POL.11.5.1_1,0.5306479859894921,0.9191104395011516
2024,05,POL.11.5.2_1,0.5569176882661997,0.931398947819891
2024,05,POL.11.5.3_1,0.5253940455341506,0.916515138991168
2024,05,POL.11.5.4_1,0.5026269702276708,0.9047231620777706
2024,05,POL.11.5.5_1,0.5394045534150613,0.923333092659415
2024,05,POL.11.5.6_1,0.5148861646234676,0.9111838453352868
2024,05,POL.11.5.7_1,0.5148861646234676,0.9111838453352868
2024,05,POL.11.5.8_1,0.5236427320490368,0.9156396671180208
2024,05,POL.11.6.1_1,0.521891418563923,0.9147589846511485
2024,05,POL.11.7.1_1,0.5446584938704029,0.9258055951440345
2024,05,POL.11.7.2_1,0.5288966725043783,0.918250510481753
2024,05,POL.11.7.3_1,0.5166374781085814,0.9120855223058855
2024,05,POL.11.7.4_1,0.5516637478108581,0.9290317540321213
2024,05,POL.11.7.5_1,0.5464098073555167,0.9266196630764966
2024,05,POL.11.7.6_1,0.5464098073555167,0.9266196630764966
2024,05,POL.11.7.7_1,0.5464098073555167,0.9266196630764966
2024,05,POL.11.7.8_1,0.5691768826619966,0.9367496997597597
2024,05,POL.11.8.4_1,0.5534150612959721,0.9298257901349047
2024,05,POL.11.8.6_1,0.5061295971978984,0.9065958305661901
2024,05,POL.11.8.7_1,0.5359019264448337,0.9216593730874764
2024,05,POL.12.8.1_1,0.42556917688266205,0.8577901841359576
2024,05,POL.14.1.2_1,0.4956217162872154,0.9009128703709366
2024,05,POL.14.1.5_1,0.49211908931698783,0.8989749718429317
2024,05,POL.14.1.6_1,0.4816112084063048,0.8930285549745876
2024,05,POL.14.10.6_1,0.48686514886164634,0.8960267853139213
2024,05,POL.14.2.2_1,0.4728546409807356,0.8879189152169246
2024,05,POL.14.2.4_1,0.4518388791593696,0.8750679973579196
2024,05,POL.14.21.1_1,0.47810858143607715,0.8910016835000931
2024,05,POL.14.5.1_1,0.4711033274956218,0.8868799242287537
2024,05,POL.14.5.3_1,0.5183887915936953,0.9129819275319747
2024,05,POL.14.5.9_1,0.43607705779334505,0.8648676199280442
2024,05,POL.14.8.1_1,0.5043782837127846,0.905662188677434
2024,05,POL.14.8.2_1,0.49211908931698783,0.8989749718429317
2024,05,POL.14.8.3_1,0.47985989492119097,0.8920179370393849
2024,05,POL.15.20.8_1,0.43082311733800355,0.8613570688164114
2024,05,POL.15.21.4_1,0.43082311733800355,0.8613570688164114
2024,05,POL.15.24.1_1,0.5253940455341506,0.916515138991168
2024,05,POL.15.26.2_1,0.4570928196147111,0.8783598351473045
2024,05,POL.15.26.4_1,0.4640980735551664,0.8826664149042944
2024,05,POL.15.26.5_1,0.44483362521891423,0.8705951987002916
2024,05,POL.15.9.5_1,0.43782837127845886,0.8660254037844386
2024,05,POL.16.12.2_1,0.5043782837127846,0.905662188677434
2024,05,POL.16.6.2_1,0.5306479859894921,0.9191104395011516
2024,05,POL.16.6.5_1,0.56217162872154125,0.9337215859130601
2024,05,POL.4.2.11_1,0.37302977232924694,0.8188552985723424
2024,05,POL.4.2.13_1,0.36777583187390545,0.814616474176652
2024,05,POL.4.2.15_1,0.34851138353765326,0.7984960864024319
2024,05,POL.4.2.16_1,0.3975481611208407,0.8377851753283774
2024,05,POL.4.2.3_1,0.394045534150613,0.8351646544245033
2024,05,POL.4.2.4_1,0.38178633975481613,0.8257747876994065
2024,05,POL.4.2.5_1,0.38178633975481613,0.8257747876994065
2024,05,POL.4.22.1_1,0.3887915936952715,0.8311822904754408
2024,05,POL.4.22.6_1,0.415061295971979,0.8504845677612263
2024,05,POL.5.12.1_1,0.42556917688266205,0.8577901841359576
2024,05,POL.5.12.3_1,0.4588441330998249,0.8794452797076121
2024,05,POL.5.12.6_1,0.49211908931698783,0.8989749718429317
2024,05,POL.5.12.7_1,0.4973730297723292,0.9018736053350269
2024,05,POL.5.2.4_1,0.5131348511383538,0.9102768809543611
2024,05,POL.5.3.5_1,0.43257443082311736,0.8625334776111592
2024,05,POL.5.6.2_1,0.47985989492119097,0.8920179370393849
2024,05,POL.5.6.5_1,0.44133099824868655,0.8683225207260261
2024,05,POL.6.12.11_1,0.47810858143607715,0.8910016835000931
2024,05,POL.6.12.13_1,0.5096322241681261,0.9084470265238365
2024,05,POL.6.12.7_1,0.5253940455341506,0.916515138991168
2024,05,POL.6.13.14_1,0.5551663747810859,0.9306148505155073
2024,05,POL.6.13.2_1,0.48861646234676015,0.8970150500409678
2024,05,POL.6.13.5_1,0.5691768826619966,0.9367496997597597
2024,05,POL.6.20.2_1,0.5253940455341506,0.916515138991168
2024,05,POL.6.5.10_1,0.521891418563923,0.9147589846511485
2024,05,POL.8.1.2_1,0.4658493870402803,0.883728465084157
2024,05,POL.8.1.4_1,0.44483362521891423,0.8705951987002916
2024,05,POL.8.1.6_1,0.48511383537653247,0.8950329602869382
2024,05,POL.8.6.2_1,0.43432574430823123,0.8637036528810099
2024,05,POL.8.6.5_1,0.4203152364273205,0.8541662601625049
2024,05,POL.8.7.1_1,0.532399299474606,0.9199652167337633
2024,05,POL.8.7.2_1,0.5586690017513135,0.9321780945720619
2024,05,POL.8.7.6_1,0.5674255691768827,0.936
2024,05,POL.8.7.7_1,0.5884413309982488,0.9446777228240327
2024,05,POL.9.1.2_1,0.5446584938704029,0.9258055951440345
2024,05,POL.9.10.2_1,0.4973730297723292,0.9018736053350269
2024,05,POL.9.21.3_1,0.5183887915936953,0.9129819275319747
2024,05,POL.9.5.6_1,0.49211908931698783,0.8989749718429317
2024,05,POL.9.8.2_1,0.4535901926444834,0.8761712161444246
2024,05,POL.9.8.4_1,0.5026269702276708,0.9047231620777706
2024,05,PRT.1.1.1_1,0.6252189141856392,0.9582296175760798
2024,05,PRT.1.1.10_1,0.7040280210157619,0.9806038955664005
2024,05,PRT.1.1.11_1,0.6847635726795097,0.9759487691472335
2024,05,PRT.1.1.12_1,0.6514886164623468,0.9666767815562759
2024,05,PRT.1.1.13_1,0.6672504378283713,0.9712651543219287
2024,05,PRT.1.1.14_1,0.6567425569176883,0.9682458365518543
2024,05,PRT.1.1.15_1,0.6970227670753065,0.9789708882290628
2024,05,PRT.1.1.16_1,0.6725043782837129,0.9727157858285225
2024,05,PRT.1.1.17_1,0.6619964973730298,0.9697752316903129
2024,05,PRT.1.1.18_1,0.6952714535901927,0.97855199146494
2024,05,PRT.1.1.19_1,0.6567425569176883,0.9682458365518543
2024,05,PRT.1.1.2_1,0.7075306479859896,0.9813949256033475
2024,05,PRT.1.1.20_1,0.62697022767075306,0.9588242800430119
2024,05,PRT.1.1.3_1,0.6427320490367776,0.9639730286683336
2024,05,PRT.1.1.4_1,0.6830122591943959,0.9754998718605759
2024,05,PRT.1.1.5_1,0.6339754816112084,0.9611576353543679
2024,05,PRT.1.1.6_1,0.6760070052539405,0.9736611320166786
2024,05,PRT.1.1.7_1,0.6742556917688267,0.9731906288081488
2024,05,PRT.1.1.8_1,0.6654991243432575,0.9707728879609279
2024,05,PRT.1.1.9_1,0.6812609457092821,0.975046665549911
2024,05,PRT.1.10.1_1,0.6514886164623468,0.9666767815562759
2024,05,PRT.1.10.2_1,0.6147110332749562,0.954565869911553
2024,05,PRT.1.10.3_1,0.6479859894921192,0.9656086163658648
2024,05,PRT.1.10.4_1,0.6322241681260946,0.9605810741421048
2024,05,PRT.1.10.5_1,0.6917688266199651,0.9777013859047148
2024,05,PRT.1.10.6_1,0.6654991243432575,0.9707728879609279
2024,05,PRT.1.10.7_1,0.6339754816112084,0.9611576353543679
2024,05,PRT.1.10.8_1,0.6584938704028022,0.9687600322061186
2024,05,PRT.1.11.1_1,0.6970227670753065,0.9789708882290628
2024,05,PRT.1.11.2_1,0.6654991243432575,0.9707728879609279
2024,05,PRT.1.11.3_1,0.6725043782837129,0.9727157858285225
2024,05,PRT.1.11.4_1,0.6795096322241682,0.9745891442038537
2024,05,PRT.1.12.1_1,0.6847635726795097,0.9759487691472335
2024,05,PRT.1.12.10_1,0.660245183887916,0.9692698282728087
2024,05,PRT.1.12.11_1,0.6882661996497373,0.976833660353696
2024,05,PRT.1.12.12_1,0.6777583187390543,0.9741273017424364
2024,05,PRT.1.12.13_1,0.6865148861646235,0.9763933633531108
2024,05,PRT.1.12.14_1,0.7145359019264449,0.9829262434180909
2024,05,PRT.1.12.15_1,0.6812609457092821,0.975046665549911
2024,05,PRT.1.12.16_1,0.6865148861646235,0.9763933633531108
2024,05,PRT.1.12.17_1,0.6742556917688267,0.9731906288081488
2024,05,PRT.1.12.18_1,0.649737302977233,0.9661449166662318
2024,05,PRT.1.12.19_1,0.6619964973730298,0.9697752316903129
2024,05,PRT.1.12.2_1,0.7110332749562173,0.9821690282227392
2024,05,PRT.1.12.3_1,0.7180385288966725,0.983666610188635
2024,05,PRT.1.12.4_1,0.7215411558669002,0.9843901665498289
2024,05,PRT.1.12.5_1,0.6900175131348513,0.9772696659571503
2024,05,PRT.1.12.6_1,0.6812609457092821,0.975046665549911
2024,05,PRT.1.12.7_1,0.7022767075306481,0.9802020199938377
2024,05,PRT.1.12.8_1,0.6672504378283713,0.9712651543219287
2024,05,PRT.1.12.9_1,0.6952714535901927,0.97855199146494
2024,05,PRT.1.13.1_1,0.6637478108581437,0.970276249322841
2024,05,PRT.1.13.2_1,0.7250437828371279,0.9850969495435462
2024,05,PRT.1.13.3_1,0.6077057793345009,0.9520315120835025
2024,05,PRT.1.13.4_1,0.6462346760070053,0.965067873260736
2024,05,PRT.1.13.5_1,0.6952714535901927,0.97855199146494
2024,05,PRT.1.13.6_1,0.6252189141856392,0.9582296175760798
2024,05,PRT.1.14.1_1,0.6812609457092821,0.975046665549911
2024,05,PRT.1.14.2_1,0.6830122591943959,0.9754998718605759
2024,05,PRT.1.14.3_1,0.6865148861646235,0.9763933633531108
2024,05,PRT.1.14.4_1,0.6672504378283713,0.9712651543219287
2024,05,PRT.1.14.5_1,0.6882661996497373,0.976833660353696
2024,05,PRT.1.14.6_1,0.6987740805604205,0.9793855216409929
2024,05,PRT.1.14.7_1,0.6882661996497373,0.976833660353696
2024,05,PRT.1.14.8_1,0.6812609457092821,0.975046665549911
2024,05,PRT.1.15.1_1,0.7092819614711035,0.9817840903172144
2024,05,PRT.1.15.10_1,0.6690017513134852,0.9717530550505102
2024,05,PRT.1.15.11_1,0.6917688266199651,0.9777013859047148
2024,05,PRT.1.15.12_1,0.7057793345008757,0.9810015290507961
2024,05,PRT.1.15.13_1,0.6619964973730298,0.9697752316903129
2024,05,PRT.1.15.14_1,0.7057793345008757,0.9810015290507961
2024,05,PRT.1.15.15_1,0.6742556917688267,0.9731906288081488
2024,05,PRT.1.15.16_1,0.6987740805604205,0.9793855216409929
2024,05,PRT.1.15.17_1,0.7110332749562173,0.9821690282227392
2024,05,PRT.1.15.18_1,0.7267950963222417,0.9854440623394105
2024,05,PRT.1.15.19_1,0.6952714535901927,0.97855199146494
2024,05,PRT.1.15.2_1,0.6795096322241682,0.9745891442038537
2024,05,PRT.1.15.20_1,0.6760070052539405,0.9736611320166786
2024,05,PRT.1.15.21_1,0.6795096322241682,0.9745891442038537
2024,05,PRT.1.15.22_1,0.6654991243432575,0.9707728879609279
2024,05,PRT.1.15.23_1,0.6865148861646235,0.9763933633531108
2024,05,PRT.1.15.24_1,0.7092819614711035,0.9817840903172144
2024,05,PRT.1.15.25_1,0.649737302977233,0.9661449166662318
2024,05,PRT.1.15.26_1,0.6654991243432575,0.9707728879609279
2024,05,PRT.1.15.27_1,0.7197898423817863,0.9840304873325826
2024,05,PRT.1.15.28_1,0.6777583187390543,0.9741273017424364
2024,05,PRT.1.15.29_1,0.649737302977233,0.9661449166662318
2024,05,PRT.1.15.3_1,0.6847635726795097,0.9759487691472335
2024,05,PRT.1.15.30_1,0.7005253940455343,0.9797958971132712
2024,05,PRT.1.15.31_1,0.6427320490367776,0.9639730286683336
2024,05,PRT.1.15.4_1,0.712784588441331,0.9825497442877892
2024,05,PRT.1.15.5_1,0.6567425569176883,0.9682458365518543
2024,05,PRT.1.15.6_1,0.6654991243432575,0.9707728879609279
2024,05,PRT.1.15.7_1,0.63922942206655,0.9628603221651623
2024,05,PRT.1.15.8_1,0.6935201401050789,0.9781288258711119
2024,05,PRT.1.15.9_1,0.7215411558669002,0.9843901665498289
2024,05,PRT.1.16.1_1,0.6637478108581437,0.970276249322841
2024,05,PRT.1.17.1_1,0.6077057793345009,0.9520315120835025
2024,05,PRT.1.17.2_1,0.6847635726795097,0.9759487691472335
2024,05,PRT.1.17.3_1,0.63922942206655,0.9628603221651623
2024,05,PRT.1.17.4_1,0.670753064798599,0.9722365967191319
2024,05,PRT.1.17.5_1,0.7022767075306481,0.9802020199938377
2024,05,PRT.1.17.6_1,0.6672504378283713,0.9712651543219287
2024,05,PRT.1.17.7_1,0.6322241681260946,0.9605810741421048
2024,05,PRT.1.17.8_1,0.6777583187390543,0.9741273017424364
2024,05,PRT.1.17.9_1,0.6760070052539405,0.9736611320166786
2024,05,PRT.1.18.1_1,0.7197898423817863,0.9840304873325826
2024,05,PRT.1.18.10_1,0.6865148861646235,0.9763933633531108
2024,05,PRT.1.18.11_1,0.6549912434325745,0.9677272342969376
2024,05,PRT.1.18.2_1,0.628721541155867,0.9594144047282176
2024,05,PRT.1.18.3_1,0.6619964973730298,0.9697752316903129
2024,05,PRT.1.18.4_1,0.6322241681260946,0.9605810741421048
2024,05,PRT.1.18.5_1,0.6900175131348513,0.9772696659571503
2024,05,PRT.1.18.6_1,0.6812609457092821,0.975046665549911
2024,05,PRT.1.18.7_1,0.6795096322241682,0.9745891442038537
2024,05,PRT.1.18.8_1,0.6042031523642732,0.9507365565707464
2024,05,PRT.1.18.9_1,0.6427320490367776,0.9639730286683336
2024,05,PRT.1.19.1_1,0.6882661996497373,0.976833660353696
2024,05,PRT.1.19.2_1,0.6444833625218914,0.9645226798784983
2024,05,PRT.1.19.3_1,0.6444833625218914,0.9645226798784983
2024,05,PRT.1.19.4_1,0.6865148861646235,0.9763933633531108
2024,05,PRT.1.19.5_1,0.6479859894921192,0.9656086163658648
2024,05,PRT.1.19.6_1,0.6777583187390543,0.9741273017424364
2024,05,PRT.1.19.7_1,0.6427320490367776,0.9639730286683336
2024,05,PRT.1.19.8_1,0.6690017513134852,0.9717530550505102
2024,05,PRT.1.19.9_1,0.7197898423817863,0.9840304873325826
2024,05,PRT.1.2.1_1,0.6900175131348513,0.9772696659571503
2024,05,PRT.1.2.2_1,0.6339754816112084,0.9611576353543679
2024,05,PRT.1.2.3_1,0.6830122591943959,0.9754998718605759
2024,05,PRT.1.2.4_1,0.6514886164623468,0.9666767815562759
2024,05,PRT.1.2.5_1,0.7092819614711035,0.9817840903172144
2024,05,PRT.1.2.6_1,0.6567425569176883,0.9682458365518543
2024,05,PRT.1.2.7_1,0.7302977232924693,0.9861257526299574
2024,05,PRT.1.2.8_1,0.6304728546409808,0.96
2024,05,PRT.1.3.1_1,0.6164623467600701,0.955187939622355
2024,05,PRT.1.3.10_1,0.6357267950963222,0.9617296917533533
2024,05,PRT.1.3.11_1,0.6567425569176883,0.9682458365518543
2024,05,PRT.1.3.12_1,0.6357267950963222,0.9617296917533533
2024,05,PRT.1.3.13_1,0.6637478108581437,0.970276249322841
2024,05,PRT.1.3.14_1,0.6584938704028022,0.9687600322061186
2024,05,PRT.1.3.15_1,0.6584938704028022,0.9687600322061186
2024,05,PRT.1.3.2_1,0.649737302977233,0.9661449166662318
2024,05,PRT.1.3.3_1,0.6409807355516638,0.9634189120003821
2024,05,PRT.1.3.4_1,0.6865148861646235,0.9763933633531108
2024,05,PRT.1.3.5_1,0.6479859894921192,0.9656086163658648
2024,05,PRT.1.3.6_1,0.6427320490367776,0.9639730286683336
2024,05,PRT.1.3.7_1,0.5901926444833626,0.9453697689264238
2024,05,PRT.1.3.8_1,0.6357267950963222,0.9617296917533533
2024,05,PRT.1.3.9_1,0.6935201401050789,0.9781288258711119
2024,05,PRT.1.4.1_1,0.6304728546409808,0.96
2024,05,PRT.1.4.10_1,0.6672504378283713,0.9712651543219287
2024,05,PRT.1.4.11_1,0.6742556917688267,0.9731906288081488
2024,05,PRT.1.4.12_1,0.6444833625218914,0.9645226798784983
2024,05,PRT.1.4.13_1,0.6514886164623468,0.9666767815562759
2024,05,PRT.1.4.14_1,0.6374781085814362,0.962297251372984
2024,05,PRT.1.4.15_1,0.6584938704028022,0.9687600322061186
2024,05,PRT.1.4.16_1,0.6672504378283713,0.9712651543219287
2024,05,PRT.1.4.17_1,0.6795096322241682,0.9745891442038537
2024,05,PRT.1.4.18_1,0.6690017513134852,0.9717530550505102
2024,05,PRT.1.4.19_1,0.6567425569176883,0.9682458365518543
2024,05,PRT.1.4.2_1,0.628721541155867,0.9594144047282176
2024,05,PRT.1.4.20_1,0.6532399299474606,0.9672042183530839
2024,05,PRT.1.4.3_1,0.6357267950963222,0.9617296917533533
2024,05,PRT.1.4.4_1,0.6444833625218914,0.9645226798784983
2024,05,PRT.1.4.5_1,0.5989492119089318,0.9487591896788141
2024,05,PRT.1.4.6_1,0.6900175131348513,0.9772696659571503
2024,05,PRT.1.4.7_1,0.649737302977233,0.9661449166662318
2024,05,PRT.1.4.8_1,0.6147110332749562,0.954565869911553
2024,05,PRT.1.4.9_1,0.6882661996497373,0.976833660353696
2024,05,PRT.1.5.1_1,0.7022767075306481,0.9802020199938377
2024,05,PRT.1.5.10_1,0.6164623467600701,0.955187939622355
2024,05,PRT.1.5.11_1,0.628721541155867,0.9594144047282176
2024,05,PRT.1.5.12_1,0.6147110332749562,0.954565869911553
2024,05,PRT.1.5.14_1,0.6549912434325745,0.9677272342969376
2024,05,PRT.1.5.2_1,0.7022767075306481,0.9802020199938377
2024,05,PRT.1.5.3_1,0.6549912434325745,0.9677272342969376
2024,05,PRT.1.5.4_1,0.597197898423818,0.9480907129594721
2024,05,PRT.1.5.5_1,0.6952714535901927,0.97855199146494
2024,05,PRT.1.5.6_1,0.660245183887916,0.9692698282728087
2024,05,PRT.1.5.7_1,0.6777583187390543,0.9741273017424364
2024,05,PRT.1.5.8_1,0.6760070052539405,0.9736611320166786
2024,05,PRT.1.5.9_1,0.7075306479859896,0.9813949256033475
2024,05,PRT.1.6.1_1,0.7162872154115587,0.9832985304575615
2024,05,PRT.1.6.2_1,0.6777583187390543,0.9741273017424364
2024,05,PRT.1.6.3_1,0.6584938704028022,0.9687600322061186
2024,05,PRT.1.6.4_1,0.7215411558669002,0.9843901665498289
2024,05,PRT.1.6.5_1,0.6900175131348513,0.9772696659571503
2024,05,PRT.1.6.6_1,0.7232924693520141,0.9847456524402634
2024,05,PRT.1.6.7_1,0.6970227670753065,0.9789708882290628
2024,05,PRT.1.6.8_1,0.6725043782837129,0.9727157858285225
2024,05,PRT.1.6.9_1,0.6462346760070053,0.965067873260736
2024,05,PRT.1.7.1_1,0.7057793345008757,0.9810015290507961
2024,05,PRT.1.7.2_1,0.6952714535901927,0.97855199146494
2024,05,PRT.1.7.3_1,0.7443082311733801,0.9886859966642594
2024,05,PRT.1.7.4_1,0.7180385288966725,0.983666610188635
2024,05,PRT.1.7.5_1,0.7092819614711035,0.9817840903172144
2024,05,PRT.1.8.1_1,0.6812609457092821,0.975046665549911
2024,05,PRT.1.8.2_1,0.6795096322241682,0.9745891442038537
2024,05,PRT.1.8.3_1,0.6742556917688267,0.9731906288081488
2024,05,PRT.1.8.4_1,0.6830122591943959,0.9754998718605759
2024,05,PRT.1.8.5_1,0.7373029772329247,0.987439112046915
2024,05,PRT.1.8.6_1,0.6987740805604205,0.9793855216409929
2024,05,PRT.1.8.7_1,0.6462346760070053,0.965067873260736
2024,05,PRT.1.9.1_1,0.6865148861646235,0.9763933633531108
2024,05,PRT.1.9.2_1,0.7092819614711035,0.9817840903172144
2024,05,PRT.1.9.3_1,0.7075306479859896,0.9813949256033475
2024,05,PRT.1.9.4_1,0.6830122591943959,0.9754998718605759
2024,05,PRT.10.1.1_1,0.5604203152364273,0.9329523031752481
2024,05,PRT.10.1.10_1,0.5849387040280211,0.9432793859721519
2024,05,PRT.10.1.11_1,0.5411558669001751,0.9241623234042816
2024,05,PRT.10.1.12_1,0.5288966725043783,0.918250510481753
2024,05,PRT.10.1.13_1,0.5131348511383538,0.9102768809543611
2024,05,PRT.10.1.2_1,0.51138353765324,0.909364613342745
2024,05,PRT.10.1.3_1,0.542907180385289,0.9249864863877743
2024,05,PRT.10.1.4_1,0.5726795096322242,0.9382345122622595
2024,05,PRT.10.1.5_1,0.5779334500875658,0.9404254356406998
2024,05,PRT.10.1.6_1,0.5726795096322242,0.9382345122622595
2024,05,PRT.10.1.7_1,0.6322241681260946,0.9605810741421048
2024,05,PRT.10.1.8_1,0.5831873905429072,0.9425730740902798
2024,05,PRT.10.1.9_1,0.5761821366024519,0.939699952112375
2024,05,PRT.10.10.1_1,0.47985989492119097,0.8920179370393849
2024,05,PRT.10.10.10_1,0.48336252189141865,0.8940335564172074
2024,05,PRT.10.10.11_1,0.47810858143607715,0.8910016835000931
2024,05,PRT.10.10.12_1,0.4816112084063048,0.8930285549745876
2024,05,PRT.10.10.13_1,0.5166374781085814,0.9120855223058855
2024,05,PRT.10.10.14_1,0.4973730297723292,0.9018736053350269
2024,05,PRT.10.10.15_1,0.49211908931698783,0.8989749718429317
2024,05,PRT.10.10.16_1,0.48511383537653247,0.8950329602869382
2024,05,PRT.10.10.17_1,0.48861646234676015,0.8970150500409678
2024,05,PRT.10.10.18_1,0.48336252189141865,0.8940335564172074
2024,05,PRT.10.10.19_1,0.4711033274956218,0.8868799242287537
2024,05,PRT.10.10.2_1,0.5026269702276708,0.9047231620777706
2024,05,PRT.10.10.20_1,0.47985989492119097,0.8920179370393849
2024,05,PRT.10.10.21_1,0.5026269702276708,0.9047231620777706
2024,05,PRT.10.10.22_1,0.5394045534150613,0.923333092659415
2024,05,PRT.10.10.23_1,0.4658493870402803,0.883728465084157
2024,05,PRT.10.10.24_1,0.47810858143607715,0.8910016835000931
2024,05,PRT.10.10.25_1,0.5586690017513135,0.9321780945720619
2024,05,PRT.10.10.26_1,0.4711033274956218,0.8868799242287537
2024,05,PRT.10.10.27_1,0.48511383537653247,0.8950329602869382
2024,05,PRT.10.10.3_1,0.5043782837127846,0.905662188677434
2024,05,PRT.10.10.4_1,0.5148861646234676,0.9111838453352868
2024,05,PRT.10.10.5_1,0.532399299474606,0.9199652167337633
2024,05,PRT.10.10.6_1,0.5516637478108581,0.9290317540321213
2024,05,PRT.10.10.7_1,0.5096322241681261,0.9084470265238365
2024,05,PRT.10.10.8_1,0.5411558669001751,0.9241623234042816
2024,05,PRT.10.10.9_1,0.46935201401050797,0.885835199120017
2024,05,PRT.10.11.1_1,0.49211908931698783,0.8989749718429317
2024,05,PRT.10.11.10_1,0.4763572679509633,0.8899797750510963
2024,05,PRT.10.11.11_1,0.44133099824868655,0.8683225207260261
2024,05,PRT.10.11.12_1,0.4816112084063048,0.8930285549745876
2024,05,PRT.10.11.13_1,0.48336252189141865,0.8940335564172074
2024,05,PRT.10.11.14_1,0.43607705779334505,0.8648676199280442
2024,05,PRT.10.11.15_1,0.45008756567425573,0.8739588090980032
2024,05,PRT.10.11.16_1,0.43957968476357273,0.867177029216065
2024,05,PRT.10.11.17_1,0.49211908931698783,0.8989749718429317
2024,05,PRT.10.11.18_1,0.4535901926444834,0.8761712161444246
2024,05,PRT.10.11.19_1,0.48686514886164634,0.8960267853139213
2024,05,PRT.10.11.2_1,0.4711033274956218,0.8868799242287537
2024,05,PRT.10.11.20_1,0.43957968476357273,0.867177029216065
2024,05,PRT.10.11.21_1,0.5446584938704029,0.9258055951440345
2024,05,PRT.10.11.22_1,0.4676007005253941,0.8847847195787232
2024,05,PRT.10.11.23_1,0.4430823117338004,0.8694619025581282
2024,05,PRT.10.11.24_1,0.4711033274956218,0.8868799242287537
2024,05,PRT.10.11.25_1,0.45008756567425573,0.8739588090980032
2024,05,PRT.10.11.26_1,0.48511383537653247,0.8950329602869382
2024,05,PRT.10.11.27_1,0.48861646234676015,0.8970150500409678
2024,05,PRT.10.11.28_1,0.44483362521891423,0.8705951987002916
2024,05,PRT.10.11.29_1,0.5271453590192645,0.9173854151881858
2024,05,PRT.10.11.3_1,0.44658493870402804,0.8717224328879003
2024,05,PRT.10.11.30_1,0.44658493870402804,0.8717224328879003
2024,05,PRT.10.11.31_1,0.44483362521891423,0.8705951987002916
2024,05,PRT.10.11.32_1,0.43432574430823123,0.8637036528810099
2024,05,PRT.10.11.33_1,0.5026269702276708,0.9047231620777706
2024,05,PRT.10.11.34_1,0.42206654991243436,0.8553806170354809
2024,05,PRT.10.11.35_1,0.48336252189141865,0.8940335564172074
2024,05,PRT.10.11.36_1,0.43082311733800355,0.8613570688164114
2024,05,PRT.10.11.37_1,0.5043782837127846,0.905662188677434
2024,05,PRT.10.11.38_1,0.4956217162872154,0.9009128703709366
2024,05,PRT.10.11.39_1,0.4676007005253941,0.8847847195787232
2024,05,PRT.10.11.4_1,0.4640980735551664,0.8826664149042944
2024,05,PRT.10.11.40_1,0.4640980735551664,0.8826664149042944
2024,05,PRT.10.11.5_1,0.4290718038528897,0.8601744009211155
2024,05,PRT.10.11.6_1,0.4623467600700526,0.8815985480931783
2024,05,PRT.10.11.7_1,0.4570928196147111,0.8783598351473045
2024,05,PRT.10.11.8_1,0.47810858143607715,0.8910016835000931
2024,05,PRT.10.11.9_1,0.43782837127845886,0.8660254037844386
2024,05,PRT.10.12.1_1,0.5359019264448337,0.9216593730874764
2024,05,PRT.10.12.10_1,0.5954465849387042,0.9474175425861608
2024,05,PRT.10.12.11_1,0.5183887915936953,0.9129819275319747
2024,05,PRT.10.12.12_1,0.6147110332749562,0.954565869911553
2024,05,PRT.10.12.13_1,0.586690017513135,0.9439809320108113
2024,05,PRT.10.12.14_1,0.5569176882661997,0.931398947819891
2024,05,PRT.10.12.15_1,0.5989492119089318,0.9487591896788141
2024,05,PRT.10.12.16_1,0.5604203152364273,0.9329523031752481
2024,05,PRT.10.12.17_1,0.5814360770577934,0.9418619856433319
2024,05,PRT.10.12.18_1,0.5499124343257443,0.9282327294380435
2024,05,PRT.10.12.19_1,0.5481611208406305,0.9274287034591931
2024,05,PRT.10.12.2_1,0.5604203152364273,0.9329523031752481
2024,05,PRT.10.12.20_1,0.5499124343257443,0.9282327294380435
2024,05,PRT.10.12.21_1,0.5481611208406305,0.9274287034591931
2024,05,PRT.10.12.22_1,0.5446584938704029,0.9258055951440345
2024,05,PRT.10.12.23_1,0.6094570928196147,0.9526720317087093
2024,05,PRT.10.12.24_1,0.5726795096322242,0.9382345122622595
2024,05,PRT.10.12.25_1,0.5831873905429072,0.9425730740902798
2024,05,PRT.10.12.26_1,0.5901926444833626,0.9453697689264238
2024,05,PRT.10.12.27_1,0.5954465849387042,0.9474175425861608
2024,05,PRT.10.12.28_1,0.542907180385289,0.9249864863877743
2024,05,PRT.10.12.29_1,0.5201401050788091,0.9138730765264944
2024,05,PRT.10.12.3_1,0.5849387040280211,0.9432793859721519
2024,05,PRT.10.12.4_1,0.6199649737302978,0.9564183185196736
2024,05,PRT.10.12.5_1,0.6024518388791593,0.9500821017154254
2024,05,PRT.10.12.6_1,0.5884413309982488,0.9446777228240327
2024,05,PRT.10.12.7_1,0.5761821366024519,0.939699952112375
2024,05,PRT.10.12.8_1,0.5148861646234676,0.9111838453352868
2024,05,PRT.10.12.9_1,0.628721541155867,0.9594144047282176
2024,05,PRT.10.13.1_1,0.5306479859894921,0.9191104395011516
2024,05,PRT.10.13.10_1,0.5341506129597198,0.920814856526544
2024,05,PRT.10.13.11_1,0.5183887915936953,0.9129819275319747
2024,05,PRT.10.13.12_1,0.48511383537653247,0.8950329602869382
2024,05,PRT.10.13.13_1,0.5499124343257443,0.9282327294380435
2024,05,PRT.10.13.14_1,0.5779334500875658,0.9404254356406998
2024,05,PRT.10.13.15_1,0.5166374781085814,0.9120855223058855
2024,05,PRT.10.13.16_1,0.5464098073555167,0.9266196630764966
2024,05,PRT.10.13.17_1,0.5201401050788091,0.9138730765264944
2024,05,PRT.10.13.18_1,0.5359019264448337,0.9216593730874764
2024,05,PRT.10.13.19_1,0.5499124343257443,0.9282327294380435
2024,05,PRT.10.13.2_1,0.5744308231173381,0.9389696480717574
2024,05,PRT.10.13.20_1,0.5078809106830122,0.9075241043630743
2024,05,PRT.10.13.21_1,0.490367775831874,0.8979977728257459
2024,05,PRT.10.13.22_1,0.5604203152364273,0.9329523031752481
2024,05,PRT.10.13.23_1,0.532399299474606,0.9199652167337633
2024,05,PRT.10.13.24_1,0.5236427320490368,0.9156396671180208
2024,05,PRT.10.13.25_1,0.5674255691768827,0.936
2024,05,PRT.10.13.26_1,0.5446584938704029,0.9258055951440345
2024,05,PRT.10.13.27_1,0.5026269702276708,0.9047231620777706
2024,05,PRT.10.13.28_1,0.5201401050788091,0.9138730765264944
2024,05,PRT.10.13.29_1,0.542907180385289,0.9249864863877743
2024,05,PRT.10.13.3_1,0.5744308231173381,0.9389696480717574
2024,05,PRT.10.13.4_1,0.4956217162872154,0.9009128703709366
2024,05,PRT.10.13.5_1,0.532399299474606,0.9199652167337633
2024,05,PRT.10.13.6_1,0.5236427320490368,0.9156396671180208
2024,05,PRT.10.13.7_1,0.5148861646234676,0.9111838453352868
2024,05,PRT.10.13.8_1,0.5201401050788091,0.9138730765264944
2024,05,PRT.10.13.9_1,0.5779334500875658,0.9404254356406998
2024,05,PRT.10.14.1_1,0.500875656742557,0.9037787339830473
2024,05,PRT.10.14.10_1,0.5411558669001751,0.9241623234042816
2024,05,PRT.10.14.11_1,0.5201401050788091,0.9138730765264944
2024,05,PRT.10.14.12_1,0.5166374781085814,0.9120855223058855
2024,05,PRT.10.14.13_1,0.5288966725043783,0.918250510481753
2024,05,PRT.10.14.14_1,0.4991243432574431,0.9028288874421332
2024,05,PRT.10.14.15_1,0.5341506129597198,0.920814856526544
2024,05,PRT.10.14.16_1,0.5236427320490368,0.9156396671180208
2024,05,PRT.10.14.17_1,0.490367775831874,0.8979977728257459
2024,05,PRT.10.14.2_1,0.48861646234676015,0.8970150500409678
2024,05,PRT.10.14.3_1,0.5359019264448337,0.9216593730874764
2024,05,PRT.10.14.4_1,0.500875656742557,0.9037787339830473
2024,05,PRT.10.14.5_1,0.49211908931698783,0.8989749718429317
2024,05,PRT.10.14.6_1,0.5148861646234676,0.9111838453352868
2024,05,PRT.10.14.7_1,0.5043782837127846,0.905662188677434
2024,05,PRT.10.14.8_1,0.5148861646234676,0.9111838453352868
2024,05,PRT.10.14.9_1,0.4991243432574431,0.9028288874421332
2024,05,PRT.10.2.1_1,0.48686514886164634,0.8960267853139213
2024,05,PRT.10.2.10_1,0.4956217162872154,0.9009128703709366
2024,05,PRT.10.2.11_1,0.48861646234676015,0.8970150500409678
2024,05,PRT.10.2.12_1,0.4623467600700526,0.8815985480931783
2024,05,PRT.10.2.13_1,0.4711033274956218,0.8868799242287537
2024,05,PRT.10.2.14_1,0.4938704028021016,0.8999466650863261
2024,05,PRT.10.2.15_1,0.48861646234676015,0.8970150500409678
2024,05,PRT.10.2.16_1,0.48861646234676015,0.8970150500409678
2024,05,PRT.10.2.17_1,0.500875656742557,0.9037787339830473
2024,05,PRT.10.2.18_1,0.4816112084063048,0.8930285549745876
2024,05,PRT.10.2.19_1,0.4956217162872154,0.9009128703709366
2024,05,PRT.10.2.2_1,0.4535901926444834,0.8761712161444246
2024,05,PRT.10.2.20_1,0.4763572679509633,0.8899797750510963
2024,05,PRT.10.2.21_1,0.46935201401050797,0.885835199120017
2024,05,PRT.10.2.22_1,0.48686514886164634,0.8960267853139213
2024,05,PRT.10.2.23_1,0.48686514886164634,0.8960267853139213
2024,05,PRT.10.2.24_1,0.44133099824868655,0.8683225207260261
2024,05,PRT.10.2.25_1,0.5078809106830122,0.9075241043630743
2024,05,PRT.10.2.26_1,0.4605954465849388,0.8805248434882459
2024,05,PRT.10.2.27_1,0.47460595446584947,0.8889521921903337
2024,05,PRT.10.2.28_1,0.4973730297723292,0.9018736053350269
2024,05,PRT.10.2.29_1,0.48511383537653247,0.8950329602869382
2024,05,PRT.10.2.3_1,0.46935201401050797,0.885835199120017
2024,05,PRT.10.2.4_1,0.51138353765324,0.909364613342745
2024,05,PRT.10.2.5_1,0.5078809106830122,0.9075241043630743
2024,05,PRT.10.2.6_1,0.4956217162872154,0.9009128703709366
2024,05,PRT.10.2.7_1,0.4535901926444834,0.8761712161444246
2024,05,PRT.10.2.8_1,0.4570928196147111,0.8783598351473045
2024,05,PRT.10.2.9_1,0.5061295971978984,0.9065958305661901
2024,05,PRT.10.3.1_1,0.49211908931698783,0.8989749718429317
2024,05,PRT.10.3.10_1,0.5446584938704029,0.9258055951440345
2024,05,PRT.10.3.11_1,0.5831873905429072,0.9425730740902798
2024,05,PRT.10.3.12_1,0.5061295971978984,0.9065958305661901
2024,05,PRT.10.3.13_1,0.5674255691768827,0.936
2024,05,PRT.10.3.14_1,0.56217162872154125,0.9337215859130601
2024,05,PRT.10.3.15_1,0.5464098073555167,0.9266196630764966
2024,05,PRT.10.3.16_1,0.4973730297723292,0.9018736053350269
2024,05,PRT.10.3.17_1,0.5359019264448337,0.9216593730874764
2024,05,PRT.10.3.18_1,0.5516637478108581,0.9290317540321213
2024,05,PRT.10.3.19_1,0.5534150612959721,0.9298257901349047
2024,05,PRT.10.3.2_1,0.5586690017513135,0.9321780945720619
2024,05,PRT.10.3.20_1,0.5131348511383538,0.9102768809543611
2024,05,PRT.10.3.21_1,0.5271453590192645,0.9173854151881858
2024,05,PRT.10.3.22_1,0.5761821366024519,0.939699952112375
2024,05,PRT.10.3.3_1,0.5376532399299475,0.9224987804869988
2024,05,PRT.10.3.4_1,0.6059544658493871,0.9513863568498342
2024,05,PRT.10.3.5_1,0.532399299474606,0.9199652167337633
2024,05,PRT.10.3.6_1,0.5394045534150613,0.923333092659415
2024,05,PRT.10.3.7_1,0.5481611208406305,0.9274287034591931
2024,05,PRT.10.3.8_1,0.4973730297723292,0.9018736053350269
2024,05,PRT.10.3.9_1,0.5849387040280211,0.9432793859721519
2024,05,PRT.10.4.1_1,0.48686514886164634,0.8960267853139213
2024,05,PRT.10.4.10_1,0.47985989492119097,0.8920179370393849
2024,05,PRT.10.4.11_1,0.4991243432574431,0.9028288874421332
2024,05,PRT.10.4.12_1,0.5306479859894921,0.9191104395011516
2024,05,PRT.10.4.13_1,0.5166374781085814,0.9120855223058855
2024,05,PRT.10.4.14_1,0.4816112084063048,0.8930285549745876
2024,05,PRT.10.4.15_1,0.5253940455341506,0.916515138991168
2024,05,PRT.10.4.16_1,0.5026269702276708,0.9047231620777706
2024,05,PRT.10.4.17_1,0.5096322241681261,0.9084470265238365
2024,05,PRT.10.4.2_1,0.47810858143607715,0.8910016835000931
2024,05,PRT.10.4.3_1,0.5043782837127846,0.905662188677434
2024,05,PRT.10.4.4_1,0.5288966725043783,0.918250510481753
2024,05,PRT.10.4.5_1,0.5061295971978984,0.9065958305661901
2024,05,PRT.10.4.6_1,0.5148861646234676,0.9111838453352868
2024,05,PRT.10.4.7_1,0.48511383537653247,0.8950329602869382
2024,05,PRT.10.4.8_1,0.48686514886164634,0.8960267853139213
2024,05,PRT.10.4.9_1,0.48861646234676015,0.8970150500409678
2024,05,PRT.10.5.1_1,0.63922942206655,0.9628603221651623
2024,05,PRT.10.5.10_1,0.5761821366024519,0.939699952112375
2024,05,PRT.10.5.11_1,0.5236427320490368,0.9156396671180208
2024,05,PRT.10.5.12_1,0.6059544658493871,0.9513863568498342
2024,05,PRT.10.5.13_1,0.5236427320490368,0.9156396671180208
2024,05,PRT.10.5.14_1,0.5954465849387042,0.9474175425861608
2024,05,PRT.10.5.15_1,0.5954465849387042,0.9474175425861608
2024,05,PRT.10.5.16_1,0.5726795096322242,0.9382345122622595
2024,05,PRT.10.5.2_1,0.5884413309982488,0.9446777228240327
2024,05,PRT.10.5.3_1,0.5446584938704029,0.9258055951440345
2024,05,PRT.10.5.4_1,0.5919439579684764,0.946057080730333
2024,05,PRT.10.5.5_1,0.5481611208406305,0.9274287034591931
2024,05,PRT.10.5.6_1,0.5464098073555167,0.9266196630764966
2024,05,PRT.10.5.7_1,0.5726795096322242,0.9382345122622595
2024,05,PRT.10.5.8_1,0.5604203152364273,0.9329523031752481
2024,05,PRT.10.5.9_1,0.5796847635726796,0.9411461098044235
2024,05,PRT.10.6.1_1,0.5744308231173381,0.9389696480717574
2024,05,PRT.10.6.10_1,0.5306479859894921,0.9191104395011516
2024,05,PRT.10.6.11_1,0.5761821366024519,0.939699952112375
2024,05,PRT.10.6.12_1,0.5586690017513135,0.9321780945720619
2024,05,PRT.10.6.13_1,0.5744308231173381,0.9389696480717574
2024,05,PRT.10.6.14_1,0.5586690017513135,0.9321780945720619
2024,05,PRT.10.6.15_1,0.5201401050788091,0.9138730765264944
2024,05,PRT.10.6.16_1,0.6112084063047285,0.9533079250693346
2024,05,PRT.10.6.17_1,0.6007005253940456,0.9494229826584145
2024,05,PRT.10.6.18_1,0.5569176882661997,0.931398947819891
2024,05,PRT.10.6.19_1,0.6129597197898424,0.9539392014169457
2024,05,PRT.10.6.2_1,0.5989492119089318,0.9487591896788141
2024,05,PRT.10.6.20_1,0.6007005253940456,0.9494229826584145
2024,05,PRT.10.6.21_1,0.6339754816112084,0.9611576353543679
2024,05,PRT.10.6.22_1,0.5674255691768827,0.936
2024,05,PRT.10.6.3_1,0.6164623467600701,0.955187939622355
2024,05,PRT.10.6.4_1,0.5078809106830122,0.9075241043630743
2024,05,PRT.10.6.5_1,0.5464098073555167,0.9266196630764966
2024,05,PRT.10.6.6_1,0.5341506129597198,0.920814856526544
2024,05,PRT.10.6.7_1,0.5901926444833626,0.9453697689264238
2024,05,PRT.10.6.8_1,0.5936952714535902,0.9467396685467447
2024,05,PRT.10.6.9_1,0.5779334500875658,0.9404254356406998
2024,05,PRT.10.7.1_1,0.5306479859894921,0.9191104395011516
2024,05,PRT.10.7.10_1,0.4623467600700526,0.8815985480931783
2024,05,PRT.10.7.11_1,0.5183887915936953,0.9129819275319747
2024,05,PRT.10.7.12_1,0.46935201401050797,0.885835199120017
2024,05,PRT.10.7.13_1,0.5306479859894921,0.9191104395011516
2024,05,PRT.10.7.14_1,0.5166374781085814,0.9120855223058855
2024,05,PRT.10.7.15_1,0.5288966725043783,0.918250510481753
2024,05,PRT.10.7.16_1,0.5061295971978984,0.9065958305661901
2024,05,PRT.10.7.17_1,0.5604203152364273,0.9329523031752481
2024,05,PRT.10.7.18_1,0.5271453590192645,0.9173854151881858
2024,05,PRT.10.7.19_1,0.4676007005253941,0.8847847195787232
2024,05,PRT.10.7.2_1,0.490367775831874,0.8979977728257459
2024,05,PRT.10.7.20_1,0.5148861646234676,0.9111838453352868
2024,05,PRT.10.7.21_1,0.47460595446584947,0.8889521921903337
2024,05,PRT.10.7.22_1,0.5043782837127846,0.905662188677434
2024,05,PRT.10.7.23_1,0.51138353765324,0.909364613342745
2024,05,PRT.10.7.24_1,0.44658493870402804,0.8717224328879003
2024,05,PRT.10.7.25_1,0.4588441330998249,0.8794452797076121
2024,05,PRT.10.7.26_1,0.5148861646234676,0.9111838453352868
2024,05,PRT.10.7.27_1,0.48336252189141865,0.8940335564172074
2024,05,PRT.10.7.28_1,0.4133099824868652,0.84924437001372
2024,05,PRT.10.7.29_1,0.521891418563923,0.9147589846511485
2024,05,PRT.10.7.3_1,0.532399299474606,0.9199652167337633
2024,05,PRT.10.7.30_1,0.5166374781085814,0.9120855223058855
2024,05,PRT.10.7.31_1,0.47985989492119097,0.8920179370393849
2024,05,PRT.10.7.32_1,0.4623467600700526,0.8815985480931783
2024,05,PRT.10.7.33_1,0.47810858143607715,0.8910016835000931
2024,05,PRT.10.7.34_1,0.500875656742557,0.9037787339830473
2024,05,PRT.10.7.35_1,0.5166374781085814,0.9120855223058855
2024,05,PRT.10.7.36_1,0.47985989492119097,0.8920179370393849
2024,05,PRT.10.7.37_1,0.5061295971978984,0.9065958305661901
2024,05,PRT.10.7.38_1,0.4938704028021016,0.8999466650863261
2024,05,PRT.10.7.39_1,0.48511383537653247,0.8950329602869382
2024,05,PRT.10.7.4_1,0.48511383537653247,0.8950329602869382
2024,05,PRT.10.7.40_1,0.5656742556917689,0.9352454223357631
2024,05,PRT.10.7.41_1,0.4763572679509633,0.8899797750510963
2024,05,PRT.10.7.42_1,0.4973730297723292,0.9018736053350269
2024,05,PRT.10.7.43_1,0.5096322241681261,0.9084470265238365
2024,05,PRT.10.7.44_1,0.5183887915936953,0.9129819275319747
2024,05,PRT.10.7.45_1,0.5183887915936953,0.9129819275319747
2024,05,PRT.10.7.46_1,0.46935201401050797,0.885835199120017
2024,05,PRT.10.7.47_1,0.5078809106830122,0.9075241043630743
2024,05,PRT.10.7.48_1,0.4956217162872154,0.9009128703709366
2024,05,PRT.10.7.49_1,0.5148861646234676,0.9111838453352868
2024,05,PRT.10.7.5_1,0.5166374781085814,0.9120855223058855
2024,05,PRT.10.7.50_1,0.500875656742557,0.9037787339830473
2024,05,PRT.10.7.51_1,0.45008756567425573,0.8739588090980032
2024,05,PRT.10.7.52_1,0.4430823117338004,0.8694619025581282
2024,05,PRT.10.7.53_1,0.48861646234676015,0.8970150500409678
2024,05,PRT.10.7.54_1,0.5253940455341506,0.916515138991168
2024,05,PRT.10.7.55_1,0.4938704028021016,0.8999466650863261
2024,05,PRT.10.7.6_1,0.4623467600700526,0.8815985480931783
2024,05,PRT.10.7.7_1,0.47985989492119097,0.8920179370393849
2024,05,PRT.10.7.8_1,0.532399299474606,0.9199652167337633
2024,05,PRT.10.7.9_1,0.49211908931698783,0.8989749718429317
2024,05,PRT.10.8.1_1,0.500875656742557,0.9037787339830473
2024,05,PRT.10.8.2_1,0.5271453590192645,0.9173854151881858
2024,05,PRT.10.8.3_1,0.49211908931698783,0.8989749718429317
2024,05,PRT.10.8.4_1,0.5061295971978984,0.9065958305661901
2024,05,PRT.10.9.1_1,0.4938704028021016,0.8999466650863261
2024,05,PRT.10.9.10_1,0.4956217162872154,0.9009128703709366
2024,05,PRT.10.9.11_1,0.48511383537653247,0.8950329602869382
2024,05,PRT.10.9.12_1,0.5236427320490368,0.9156396671180208
2024,05,PRT.10.9.13_1,0.4588441330998249,0.8794452797076121
2024,05,PRT.10.9.14_1,0.5166374781085814,0.9120855223058855
2024,05,PRT.10.9.15_1,0.4728546409807356,0.8879189152169246
2024,05,PRT.10.9.16_1,0.521891418563923,0.9147589846511485
2024,05,PRT.10.9.2_1,0.49211908931698783,0.8989749718429317
2024,05,PRT.10.9.3_1,0.5061295971978984,0.9065958305661901
2024,05,PRT.10.9.4_1,0.5499124343257443,0.9282327294380435
2024,05,PRT.10.9.5_1,0.500875656742557,0.9037787339830473
2024,05,PRT.10.9.6_1,0.48686514886164634,0.8960267853139213
2024,05,PRT.10.9.7_1,0.5096322241681261,0.9084470265238365
2024,05,PRT.10.9.8_1,0.5201401050788091,0.9138730765264944
2024,05,PRT.10.9.9_1,0.4973730297723292,0.9018736053350269
2024,05,PRT.11.1.1_1,0.6672504378283713,0.9712651543219287
2024,05,PRT.11.1.10_1,0.6357267950963222,0.9617296917533533
2024,05,PRT.11.1.11_1,0.6935201401050789,0.9781288258711119
2024,05,PRT.11.1.12_1,0.6252189141856392,0.9582296175760798
2024,05,PRT.11.1.13_1,0.6077057793345009,0.9520315120835025
2024,05,PRT.11.1.14_1,0.6444833625218914,0.9645226798784983
2024,05,PRT.11.1.15_1,0.6725043782837129,0.9727157858285225
2024,05,PRT.11.1.16_1,0.6112084063047285,0.9533079250693346
2024,05,PRT.11.1.17_1,0.7285464098073555,0.9857869952479592
2024,05,PRT.11.1.18_1,0.6584938704028022,0.9687600322061186
2024,05,PRT.11.1.2_1,0.6252189141856392,0.9582296175760798
2024,05,PRT.11.1.3_1,0.6339754816112084,0.9611576353543679
2024,05,PRT.11.1.4_1,0.6182136602451839,0.9558054195284729
2024,05,PRT.11.1.5_1,0.7005253940455343,0.9797958971132712
2024,05,PRT.11.1.6_1,0.670753064798599,0.9722365967191319
2024,05,PRT.11.1.7_1,0.6182136602451839,0.9558054195284729
2024,05,PRT.11.1.8_1,0.6690017513134852,0.9717530550505102
2024,05,PRT.11.1.9_1,0.6672504378283713,0.9712651543219287
2024,05,PRT.11.10.1_1,0.6777583187390543,0.9741273017424364
2024,05,PRT.11.10.2_1,0.7232924693520141,0.9847456524402634
2024,05,PRT.11.10.3_1,0.7162872154115587,0.9832985304575615
2024,05,PRT.11.11.1_1,0.7162872154115587,0.9832985304575615
2024,05,PRT.11.11.2_1,0.670753064798599,0.9722365967191319
2024,05,PRT.11.11.3_1,0.6654991243432575,0.9707728879609279
2024,05,PRT.11.12.1_1,0.6199649737302978,0.9564183185196736
2024,05,PRT.11.12.2_1,0.6637478108581437,0.970276249322841
2024,05,PRT.11.12.3_1,0.6007005253940456,0.9494229826584145
2024,05,PRT.11.12.4_1,0.6654991243432575,0.9707728879609279
2024,05,PRT.11.12.5_1,0.6462346760070053,0.965067873260736
2024,05,PRT.11.12.6_1,0.586690017513135,0.9439809320108113
2024,05,PRT.11.12.7_1,0.6812609457092821,0.975046665549911
2024,05,PRT.11.12.8_1,0.6182136602451839,0.9558054195284729
2024,05,PRT.11.12.9_1,0.6444833625218914,0.9645226798784983
2024,05,PRT.11.13.1_1,0.6234676007005254,0.9576304088739037
2024,05,PRT.11.13.2_1,0.6182136602451839,0.9558054195284729
2024,05,PRT.11.13.3_1,0.5761821366024519,0.939699952112375
2024,05,PRT.11.14.1_1,0.62697022767075306,0.9588242800430119
2024,05,PRT.11.14.6_1,0.6532399299474606,0.9672042183530839
2024,05,PRT.11.15.1_1,0.6357267950963222,0.9617296917533533
2024,05,PRT.11.15.10_1,0.6077057793345009,0.9520315120835025
2024,05,PRT.11.15.11_1,0.6444833625218914,0.9645226798784983
2024,05,PRT.11.15.12_1,0.6427320490367776,0.9639730286683336
2024,05,PRT.11.15.13_1,0.5901926444833626,0.9453697689264238
2024,05,PRT.11.15.14_1,0.6690017513134852,0.9717530550505102
2024,05,PRT.11.15.15_1,0.62697022767075306,0.9588242800430119
2024,05,PRT.11.15.16_1,0.62697022767075306,0.9588242800430119
2024,05,PRT.11.15.17_1,0.6812609457092821,0.975046665549911
2024,05,PRT.11.15.2_1,0.6409807355516638,0.9634189120003821
2024,05,PRT.11.15.3_1,0.6917688266199651,0.9777013859047148
2024,05,PRT.11.15.4_1,0.6654991243432575,0.9707728879609279
2024,05,PRT.11.15.5_1,0.7110332749562173,0.9821690282227392
2024,05,PRT.11.15.6_1,0.6865148861646235,0.9763933633531108
2024,05,PRT.11.15.7_1,0.6812609457092821,0.975046665549911
2024,05,PRT.11.15.8_1,0.6672504378283713,0.9712651543219287
2024,05,PRT.11.15.9_1,0.6112084063047285,0.9533079250693346
2024,05,PRT.11.16.1_1,0.6760070052539405,0.9736611320166786
2024,05,PRT.11.16.10_1,0.5936952714535902,0.9467396685467447
2024,05,PRT.11.16.11_1,0.6322241681260946,0.9605810741421048
2024,05,PRT.11.16.12_1,0.586690017513135,0.9439809320108113
2024,05,PRT.11.16.13_1,0.6444833625218914,0.9645226798784983
2024,05,PRT.11.16.2_1,0.5779334500875658,0.9404254356406998
2024,05,PRT.11.16.3_1,0.5849387040280211,0.9432793859721519
2024,05,PRT.11.16.4_1,0.5884413309982488,0.9446777228240327
2024,05,PRT.11.16.5_1,0.6427320490367776,0.9639730286683336
2024,05,PRT.11.16.6_1,0.6252189141856392,0.9582296175760798
2024,05,PRT.11.16.7_1,0.5989492119089318,0.9487591896788141
2024,05,PRT.11.16.8_1,0.5341506129597198,0.920814856526544
2024,05,PRT.11.16.9_1,0.660245183887916,0.9692698282728087
2024,05,PRT.11.2.1_1,0.6304728546409808,0.96
2024,05,PRT.11.2.2_1,0.6217162872154116,0.9570266453970862
2024,05,PRT.11.2.3_1,0.6462346760070053,0.965067873260736
2024,05,PRT.11.2.4_1,0.6549912434325745,0.9677272342969376
2024,05,PRT.11.2.5_1,0.628721541155867,0.9594144047282176
2024,05,PRT.11.2.6_1,0.6444833625218914,0.9645226798784983
2024,05,PRT.11.2.7_1,0.5534150612959721,0.9298257901349047
2024,05,PRT.11.3.1_1,0.6462346760070053,0.965067873260736
2024,05,PRT.11.3.2_1,0.6147110332749562,0.954565869911553
2024,05,PRT.11.3.3_1,0.6252189141856392,0.9582296175760798
2024,05,PRT.11.3.4_1,0.6234676007005254,0.9576304088739037
2024,05,PRT.11.3.5_1,0.6077057793345009,0.9520315120835025
2024,05,PRT.11.3.6_1,0.63922942206655,0.9628603221651623
2024,05,PRT.11.3.7_1,0.6584938704028022,0.9687600322061186
2024,05,PRT.11.3.8_1,0.6234676007005254,0.9576304088739037
2024,05,PRT.11.4.1_1,0.5796847635726796,0.9411461098044235
2024,05,PRT.11.4.2_1,0.62697022767075306,0.9588242800430119
2024,05,PRT.11.4.3_1,0.6532399299474606,0.9672042183530839
2024,05,PRT.11.4.4_1,0.6007005253940456,0.9494229826584145
2024,05,PRT.11.5.1_1,0.5796847635726796,0.9411461098044235
2024,05,PRT.11.5.2_1,0.5954465849387042,0.9474175425861608
2024,05,PRT.11.5.3_1,0.6479859894921192,0.9656086163658648
2024,05,PRT.11.5.4_1,0.6584938704028022,0.9687600322061186
2024,05,PRT.11.5.5_1,0.6042031523642732,0.9507365565707464
2024,05,PRT.11.6.1_1,0.6007005253940456,0.9494229826584145
2024,05,PRT.11.6.10_1,0.670753064798599,0.9722365967191319
2024,05,PRT.11.6.11_1,0.7057793345008757,0.9810015290507961
2024,05,PRT.11.6.12_1,0.6129597197898424,0.9539392014169457
2024,05,PRT.11.6.13_1,0.5919439579684764,0.946057080730333
2024,05,PRT.11.6.14_1,0.6900175131348513,0.9772696659571503
2024,05,PRT.11.6.15_1,0.6619964973730298,0.9697752316903129
2024,05,PRT.11.6.16_1,0.6077057793345009,0.9520315120835025
2024,05,PRT.11.6.2_1,0.6112084063047285,0.9533079250693346
2024,05,PRT.11.6.3_1,0.6830122591943959,0.9754998718605759
2024,05,PRT.11.6.4_1,0.6252189141856392,0.9582296175760798
2024,05,PRT.11.6.5_1,0.6339754816112084,0.9611576353543679
2024,05,PRT.11.6.6_1,0.628721541155867,0.9594144047282176
2024,05,PRT.11.6.7_1,0.6322241681260946,0.9605810741421048
2024,05,PRT.11.6.8_1,0.5989492119089318,0.9487591896788141
2024,05,PRT.11.6.9_1,0.63922942206655,0.9628603221651623
2024,05,PRT.11.7.1_1,0.6042031523642732,0.9507365565707464
2024,05,PRT.11.7.2_1,0.6094570928196147,0.9526720317087093
2024,05,PRT.11.8.1_1,0.5919439579684764,0.946057080730333
2024,05,PRT.11.8.2_1,0.586690017513135,0.9439809320108113
2024,05,PRT.11.8.3_1,0.5936952714535902,0.9467396685467447
2024,05,PRT.11.8.4_1,0.6129597197898424,0.9539392014169457
2024,05,PRT.11.8.5_1,0.5901926444833626,0.9453697689264238
2024,05,PRT.11.9.1_1,0.62697022767075306,0.9588242800430119
2024,05,PRT.11.9.10_1,0.6952714535901927,0.97855199146494
2024,05,PRT.11.9.11_1,0.6567425569176883,0.9682458365518543
2024,05,PRT.11.9.12_1,0.5884413309982488,0.9446777228240327
2024,05,PRT.11.9.13_1,0.649737302977233,0.9661449166662318
2024,05,PRT.11.9.14_1,0.6444833625218914,0.9645226798784983
2024,05,PRT.11.9.15_1,0.597197898423818,0.9480907129594721
2024,05,PRT.11.9.16_1,0.6129597197898424,0.9539392014169457
2024,05,PRT.11.9.17_1,0.6567425569176883,0.9682458365518543
2024,05,PRT.11.9.18_1,0.6760070052539405,0.9736611320166786
2024,05,PRT.11.9.19_1,0.6042031523642732,0.9507365565707464
2024,05,PRT.11.9.2_1,0.6252189141856392,0.9582296175760798
2024,05,PRT.11.9.20_1,0.5989492119089318,0.9487591896788141
2024,05,PRT.11.9.21_1,0.6339754816112084,0.9611576353543679
2024,05,PRT.11.9.22_1,0.6322241681260946,0.9605810741421048
2024,05,PRT.11.9.23_1,0.660245183887916,0.9692698282728087
2024,05,PRT.11.9.24_1,0.6479859894921192,0.9656086163658648
2024,05,PRT.11.9.25_1,0.670753064798599,0.9722365967191319
2024,05,PRT.11.9.26_1,0.6514886164623468,0.9666767815562759
2024,05,PRT.11.9.27_1,0.597197898423818,0.9480907129594721
2024,05,PRT.11.9.28_1,0.6252189141856392,0.9582296175760798
2024,05,PRT.11.9.29_1,0.628721541155867,0.9594144047282176
2024,05,PRT.11.9.3_1,0.6252189141856392,0.9582296175760798
2024,05,PRT.11.9.4_1,0.63922942206655,0.9628603221651623
2024,05,PRT.11.9.5_1,0.6234676007005254,0.9576304088739037
2024,05,PRT.11.9.6_1,0.6059544658493871,0.9513863568498342
2024,05,PRT.11.9.7_1,0.6812609457092821,0.975046665549911
2024,05,PRT.11.9.8_1,0.6374781085814362,0.962297251372984
2024,05,PRT.11.9.9_1,0.586690017513135,0.9439809320108113
2024,05,PRT.12.1.1_1,0.5656742556917689,0.9352454223357631
2024,05,PRT.12.1.10_1,0.5901926444833626,0.9453697689264238
2024,05,PRT.12.1.11_1,0.6094570928196147,0.9526720317087093
2024,05,PRT.12.1.12_1,0.5656742556917689,0.9352454223357631
2024,05,PRT.12.1.13_1,0.5464098073555167,0.9266196630764966
2024,05,PRT.12.1.14_1,0.5989492119089318,0.9487591896788141
2024,05,PRT.12.1.15_1,0.6182136602451839,0.9558054195284729
2024,05,PRT.12.1.16_1,0.5726795096322242,0.9382345122622595
2024,05,PRT.12.1.2_1,0.6094570928196147,0.9526720317087093
2024,05,PRT.12.1.3_1,0.5726795096322242,0.9382345122622595
2024,05,PRT.12.1.4_1,0.521891418563923,0.9147589846511485
2024,05,PRT.12.1.5_1,0.5569176882661997,0.931398947819891
2024,05,PRT.12.1.6_1,0.5674255691768827,0.936
2024,05,PRT.12.1.7_1,0.5691768826619966,0.9367496997597597
2024,05,PRT.12.1.8_1,0.4956217162872154,0.9009128703709366
2024,05,PRT.12.1.9_1,0.51138353765324,0.909364613342745
2024,05,PRT.12.10.1_1,0.628721541155867,0.9594144047282176
2024,05,PRT.12.10.10_1,0.6637478108581437,0.970276249322841
2024,05,PRT.12.10.11_1,0.5709281961471104,0.9374945333173949
2024,05,PRT.12.10.12_1,0.5744308231173381,0.9389696480717574
2024,05,PRT.12.10.13_1,0.6865148861646235,0.9763933633531108
2024,05,PRT.12.10.14_1,0.6304728546409808,0.96
2024,05,PRT.12.10.15_1,0.6357267950963222,0.9617296917533533
2024,05,PRT.12.10.16_1,0.5901926444833626,0.9453697689264238
2024,05,PRT.12.10.17_1,0.6164623467600701,0.955187939622355
2024,05,PRT.12.10.2_1,0.6690017513134852,0.9717530550505102
2024,05,PRT.12.10.3_1,0.6427320490367776,0.9639730286683336
2024,05,PRT.12.10.4_1,0.6567425569176883,0.9682458365518543
2024,05,PRT.12.10.5_1,0.586690017513135,0.9439809320108113
2024,05,PRT.12.10.6_1,0.6654991243432575,0.9707728879609279
2024,05,PRT.12.10.7_1,0.649737302977233,0.9661449166662318
2024,05,PRT.12.10.8_1,0.6514886164623468,0.9666767815562759
2024,05,PRT.12.10.9_1,0.660245183887916,0.9692698282728087
2024,05,PRT.12.11.1_1,0.6024518388791593,0.9500821017154254
2024,05,PRT.12.11.2_1,0.6444833625218914,0.9645226798784983
2024,05,PRT.12.11.3_1,0.6217162872154116,0.9570266453970862
2024,05,PRT.12.11.4_1,0.6129597197898424,0.9539392014169457
2024,05,PRT.12.11.5_1,0.5989492119089318,0.9487591896788141
2024,05,PRT.12.11.6_1,0.6199649737302978,0.9564183185196736
2024,05,PRT.12.11.7_1,0.6059544658493871,0.9513863568498342
2024,05,PRT.12.12.1_1,0.6252189141856392,0.9582296175760798
2024,05,PRT.12.12.10_1,0.6970227670753065,0.9789708882290628
2024,05,PRT.12.12.2_1,0.5779334500875658,0.9404254356406998
2024,05,PRT.12.12.3_1,0.6935201401050789,0.9781288258711119
2024,05,PRT.12.12.4_1,0.6619964973730298,0.9697752316903129
2024,05,PRT.12.12.5_1,0.6532399299474606,0.9672042183530839
2024,05,PRT.12.12.6_1,0.5954465849387042,0.9474175425861608
2024,05,PRT.12.12.7_1,0.63922942206655,0.9628603221651623
2024,05,PRT.12.12.8_1,0.6444833625218914,0.9645226798784983
2024,05,PRT.12.12.9_1,0.6374781085814362,0.962297251372984
2024,05,PRT.12.13.1_1,0.6374781085814362,0.962297251372984
2024,05,PRT.12.13.10_1,0.6182136602451839,0.9558054195284729
2024,05,PRT.12.13.11_1,0.6077057793345009,0.9520315120835025
2024,05,PRT.12.13.12_1,0.6690017513134852,0.9717530550505102
2024,05,PRT.12.13.13_1,0.6304728546409808,0.96
2024,05,PRT.12.13.14_1,0.660245183887916,0.9692698282728087
2024,05,PRT.12.13.15_1,0.63922942206655,0.9628603221651623
2024,05,PRT.12.13.16_1,0.6147110332749562,0.954565869911553
2024,05,PRT.12.13.17_1,0.6532399299474606,0.9672042183530839
2024,05,PRT.12.13.18_1,0.6760070052539405,0.9736611320166786
2024,05,PRT.12.13.19_1,0.6339754816112084,0.9611576353543679
2024,05,PRT.12.13.2_1,0.6409807355516638,0.9634189120003821
2024,05,PRT.12.13.20_1,0.6549912434325745,0.9677272342969376
2024,05,PRT.12.13.3_1,0.6322241681260946,0.9605810741421048
2024,05,PRT.12.13.4_1,0.6252189141856392,0.9582296175760798
2024,05,PRT.12.13.5_1,0.6795096322241682,0.9745891442038537
2024,05,PRT.12.13.6_1,0.597197898423818,0.9480907129594721
2024,05,PRT.12.13.7_1,0.6147110332749562,0.954565869911553
2024,05,PRT.12.13.8_1,0.6024518388791593,0.9500821017154254
2024,05,PRT.12.13.9_1,0.6935201401050789,0.9781288258711119
2024,05,PRT.12.14.1_1,0.586690017513135,0.9439809320108113
2024,05,PRT.12.14.2_1,0.5936952714535902,0.9467396685467447
2024,05,PRT.12.14.3_1,0.5884413309982488,0.9446777228240327
2024,05,PRT.12.15.1_1,0.6094570928196147,0.9526720317087093
2024,05,PRT.12.15.10_1,0.649737302977233,0.9661449166662318
2024,05,PRT.12.15.11_1,0.5989492119089318,0.9487591896788141
2024,05,PRT.12.15.12_1,0.6182136602451839,0.9558054195284729
2024,05,PRT.12.15.13_1,0.5481611208406305,0.9274287034591931
2024,05,PRT.12.15.14_1,0.6182136602451839,0.9558054195284729
2024,05,PRT.12.15.15_1,0.5849387040280211,0.9432793859721519
2024,05,PRT.12.15.16_1,0.63922942206655,0.9628603221651623
2024,05,PRT.12.15.17_1,0.6112084063047285,0.9533079250693346
2024,05,PRT.12.15.18_1,0.6094570928196147,0.9526720317087093
2024,05,PRT.12.15.19_1,0.6304728546409808,0.96
2024,05,PRT.12.15.2_1,0.6112084063047285,0.9533079250693346
2024,05,PRT.12.15.20_1,0.6339754816112084,0.9611576353543679
2024,05,PRT.12.15.3_1,0.5796847635726796,0.9411461098044235
2024,05,PRT.12.15.4_1,0.6007005253940456,0.9494229826584145
2024,05,PRT.12.15.5_1,0.5709281961471104,0.9374945333173949
2024,05,PRT.12.15.6_1,0.6567425569176883,0.9682458365518543
2024,05,PRT.12.15.7_1,0.6584938704028022,0.9687600322061186
2024,05,PRT.12.15.8_1,0.5919439579684764,0.946057080730333
2024,05,PRT.12.15.9_1,0.5761821366024519,0.939699952112375
2024,05,PRT.12.16.1_1,0.5709281961471104,0.9374945333173949
2024,05,PRT.12.16.10_1,0.5901926444833626,0.9453697689264238
2024,05,PRT.12.16.11_1,0.6077057793345009,0.9520315120835025
2024,05,PRT.12.16.12_1,0.5481611208406305,0.9274287034591931
2024,05,PRT.12.16.2_1,0.5288966725043783,0.918250510481753
2024,05,PRT.12.16.3_1,0.5901926444833626,0.9453697689264238
2024,05,PRT.12.16.4_1,0.5761821366024519,0.939699952112375
2024,05,PRT.12.16.5_1,0.56217162872154125,0.9337215859130601
2024,05,PRT.12.16.6_1,0.6059544658493871,0.9513863568498342
2024,05,PRT.12.16.7_1,0.6164623467600701,0.955187939622355
2024,05,PRT.12.16.8_1,0.6147110332749562,0.954565869911553
2024,05,PRT.12.16.9_1,0.5779334500875658,0.9404254356406998
2024,05,PRT.12.2.1_1,0.597197898423818,0.9480907129594721
2024,05,PRT.12.2.10_1,0.6182136602451839,0.9558054195284729
2024,05,PRT.12.2.11_1,0.6812609457092821,0.975046665549911
2024,05,PRT.12.2.2_1,0.6830122591943959,0.9754998718605759
2024,05,PRT.12.2.3_1,0.5936952714535902,0.9467396685467447
2024,05,PRT.12.2.4_1,0.6112084063047285,0.9533079250693346
2024,05,PRT.12.2.5_1,0.6619964973730298,0.9697752316903129
2024,05,PRT.12.2.6_1,0.6619964973730298,0.9697752316903129
2024,05,PRT.12.2.7_1,0.6164623467600701,0.955187939622355
2024,05,PRT.12.2.8_1,0.6252189141856392,0.9582296175760798
2024,05,PRT.12.2.9_1,0.62697022767075306,0.9588242800430119
2024,05,PRT.12.3.1_1,0.597197898423818,0.9480907129594721
2024,05,PRT.12.3.2_1,0.5376532399299475,0.9224987804869988
2024,05,PRT.12.3.3_1,0.56217162872154125,0.9337215859130601
2024,05,PRT.12.3.4_1,0.5674255691768827,0.936
2024,05,PRT.12.4.1_1,0.5394045534150613,0.923333092659415
2024,05,PRT.12.4.2_1,0.5306479859894921,0.9191104395011516
2024,05,PRT.12.4.3_1,0.5516637478108581,0.9290317540321213
2024,05,PRT.12.4.4_1,0.5499124343257443,0.9282327294380435
2024,05,PRT.12.4.5_1,0.5639229422066551,0.9344859549506349
2024,05,PRT.12.4.6_1,0.6042031523642732,0.9507365565707464
2024,05,PRT.12.4.7_1,0.5446584938704029,0.9258055951440345
2024,05,PRT.12.4.8_1,0.532399299474606,0.9199652167337633
2024,05,PRT.12.4.9_1,0.5709281961471104,0.9374945333173949
2024,05,PRT.12.5.1_1,0.5674255691768827,0.936
2024,05,PRT.12.5.10_1,0.5814360770577934,0.9418619856433319
2024,05,PRT.12.5.2_1,0.6217162872154116,0.9570266453970862
2024,05,PRT.12.5.3_1,0.586690017513135,0.9439809320108113
2024,05,PRT.12.5.4_1,0.5709281961471104,0.9374945333173949
2024,05,PRT.12.5.5_1,0.6199649737302978,0.9564183185196736
2024,05,PRT.12.5.6_1,0.6322241681260946,0.9605810741421048
2024,05,PRT.12.5.7_1,0.6059544658493871,0.9513863568498342
2024,05,PRT.12.5.8_1,0.6164623467600701,0.955187939622355
2024,05,PRT.12.5.9_1,0.5919439579684764,0.946057080730333
2024,05,PRT.12.6.1_1,0.670753064798599,0.9722365967191319
2024,05,PRT.12.6.2_1,0.6847635726795097,0.9759487691472335
2024,05,PRT.12.6.5_1,0.6462346760070053,0.965067873260736
2024,05,PRT.12.6.6_1,0.6199649737302978,0.9564183185196736
2024,05,PRT.12.7.1_1,0.6234676007005254,0.9576304088739037
2024,05,PRT.12.7.10_1,0.5569176882661997,0.931398947819891
2024,05,PRT.12.7.11_1,0.6234676007005254,0.9576304088739037
2024,05,PRT.12.7.12_1,0.6357267950963222,0.9617296917533533
2024,05,PRT.12.7.13_1,0.6409807355516638,0.9634189120003821
2024,05,PRT.12.7.14_1,0.6514886164623468,0.9666767815562759
2024,05,PRT.12.7.15_1,0.6549912434325745,0.9677272342969376
2024,05,PRT.12.7.16_1,0.63922942206655,0.9628603221651623
2024,05,PRT.12.7.17_1,0.597197898423818,0.9480907129594721
2024,05,PRT.12.7.18_1,0.6164623467600701,0.955187939622355
2024,05,PRT.12.7.19_1,0.6567425569176883,0.9682458365518543
2024,05,PRT.12.7.2_1,0.6199649737302978,0.9564183185196736
2024,05,PRT.12.7.20_1,0.6549912434325745,0.9677272342969376
2024,05,PRT.12.7.21_1,0.6322241681260946,0.9605810741421048
2024,05,PRT.12.7.22_1,0.6882661996497373,0.976833660353696
2024,05,PRT.12.7.23_1,0.6479859894921192,0.9656086163658648
2024,05,PRT.12.7.24_1,0.6357267950963222,0.9617296917533533
2024,05,PRT.12.7.25_1,0.6252189141856392,0.9582296175760798
2024,05,PRT.12.7.26_1,0.62697022767075306,0.9588242800430119
2024,05,PRT.12.7.27_1,0.6042031523642732,0.9507365565707464
2024,05,PRT.12.7.28_1,0.6672504378283713,0.9712651543219287
2024,05,PRT.12.7.29_1,0.6147110332749562,0.954565869911553
2024,05,PRT.12.7.3_1,0.6847635726795097,0.9759487691472335
2024,05,PRT.12.7.30_1,0.62697022767075306,0.9588242800430119
2024,05,PRT.12.7.31_1,0.62697022767075306,0.9588242800430119
2024,05,PRT.12.7.32_1,0.6024518388791593,0.9500821017154254
2024,05,PRT.12.7.33_1,0.5989492119089318,0.9487591896788141
2024,05,PRT.12.7.34_1,0.6549912434325745,0.9677272342969376
2024,05,PRT.12.7.35_1,0.649737302977233,0.9661449166662318
2024,05,PRT.12.7.36_1,0.6077057793345009,0.9520315120835025
2024,05,PRT.12.7.37_1,0.6112084063047285,0.9533079250693346
2024,05,PRT.12.7.38_1,0.6164623467600701,0.955187939622355
2024,05,PRT.12.7.39_1,0.6147110332749562,0.954565869911553
2024,05,PRT.12.7.4_1,0.6409807355516638,0.9634189120003821
2024,05,PRT.12.7.40_1,0.6532399299474606,0.9672042183530839
2024,05,PRT.12.7.41_1,0.6252189141856392,0.9582296175760798
2024,05,PRT.12.7.42_1,0.5989492119089318,0.9487591896788141
2024,05,PRT.12.7.43_1,0.6339754816112084,0.9611576353543679
2024,05,PRT.12.7.44_1,0.649737302977233,0.9661449166662318
2024,05,PRT.12.7.45_1,0.5674255691768827,0.936
2024,05,PRT.12.7.46_1,0.6042031523642732,0.9507365565707464
2024,05,PRT.12.7.47_1,0.6357267950963222,0.9617296917533533
2024,05,PRT.12.7.48_1,0.6007005253940456,0.9494229826584145
2024,05,PRT.12.7.49_1,0.628721541155867,0.9594144047282176
2024,05,PRT.12.7.5_1,0.56217162872154125,0.9337215859130601
2024,05,PRT.12.7.50_1,0.5989492119089318,0.9487591896788141
2024,05,PRT.12.7.51_1,0.6444833625218914,0.9645226798784983
2024,05,PRT.12.7.52_1,0.6129597197898424,0.9539392014169457
2024,05,PRT.12.7.53_1,0.6182136602451839,0.9558054195284729
2024,05,PRT.12.7.6_1,0.6777583187390543,0.9741273017424364
2024,05,PRT.12.7.7_1,0.6322241681260946,0.9605810741421048
2024,05,PRT.12.7.8_1,0.6077057793345009,0.9520315120835025
2024,05,PRT.12.7.9_1,0.6304728546409808,0.96
2024,05,PRT.12.8.1_1,0.6304728546409808,0.96
2024,05,PRT.12.8.10_1,0.6182136602451839,0.9558054195284729
2024,05,PRT.12.8.11_1,0.6112084063047285,0.9533079250693346
2024,05,PRT.12.8.12_1,0.5709281961471104,0.9374945333173949
2024,05,PRT.12.8.13_1,0.597197898423818,0.9480907129594721
2024,05,PRT.12.8.14_1,0.5481611208406305,0.9274287034591931
2024,05,PRT.12.8.15_1,0.597197898423818,0.9480907129594721
2024,05,PRT.12.8.16_1,0.6042031523642732,0.9507365565707464
2024,05,PRT.12.8.17_1,0.5691768826619966,0.9367496997597597
2024,05,PRT.12.8.2_1,0.5726795096322242,0.9382345122622595
2024,05,PRT.12.8.3_1,0.51138353765324,0.909364613342745
2024,05,PRT.12.8.4_1,0.6042031523642732,0.9507365565707464
2024,05,PRT.12.8.5_1,0.6059544658493871,0.9513863568498342
2024,05,PRT.12.8.6_1,0.6164623467600701,0.955187939622355
2024,05,PRT.12.8.7_1,0.5726795096322242,0.9382345122622595
2024,05,PRT.12.8.8_1,0.6042031523642732,0.9507365565707464
2024,05,PRT.12.8.9_1,0.6182136602451839,0.9558054195284729
2024,05,PRT.12.9.1_1,0.6549912434325745,0.9677272342969376
2024,05,PRT.12.9.10_1,0.6199649737302978,0.9564183185196736
2024,05,PRT.12.9.11_1,0.6147110332749562,0.954565869911553
2024,05,PRT.12.9.2_1,0.628721541155867,0.9594144047282176
2024,05,PRT.12.9.3_1,0.6777583187390543,0.9741273017424364
2024,05,PRT.12.9.4_1,0.6725043782837129,0.9727157858285225
2024,05,PRT.12.9.5_1,0.6322241681260946,0.9605810741421048
2024,05,PRT.12.9.6_1,0.6427320490367776,0.9639730286683336
2024,05,PRT.12.9.7_1,0.6042031523642732,0.9507365565707464
2024,05,PRT.12.9.8_1,0.6444833625218914,0.9645226798784983
2024,05,PRT.12.9.9_1,0.6374781085814362,0.962297251372984
2024,05,PRT.13.1.1_1,0.6199649737302978,0.9564183185196736
2024,05,PRT.13.1.2_1,0.6584938704028022,0.9687600322061186
2024,05,PRT.13.1.3_1,0.6357267950963222,0.9617296917533533
2024,05,PRT.13.1.4_1,0.62697022767075306,0.9588242800430119
2024,05,PRT.13.1.5_1,0.6637478108581437,0.970276249322841
2024,05,PRT.13.1.6_1,0.6514886164623468,0.9666767815562759
2024,05,PRT.13.1.7_1,0.6252189141856392,0.9582296175760798
2024,05,PRT.13.1.8_1,0.6619964973730298,0.9697752316903129
2024,05,PRT.13.10.1_1,0.6619964973730298,0.9697752316903129
2024,05,PRT.13.10.2_1,0.6322241681260946,0.9605810741421048
2024,05,PRT.13.10.3_1,0.6357267950963222,0.9617296917533533
2024,05,PRT.13.10.4_1,0.6409807355516638,0.9634189120003821
2024,05,PRT.13.10.5_1,0.6164623467600701,0.955187939622355
2024,05,PRT.13.10.6_1,0.63922942206655,0.9628603221651623
2024,05,PRT.13.11.1_1,0.628721541155867,0.9594144047282176
2024,05,PRT.13.11.2_1,0.597197898423818,0.9480907129594721
2024,05,PRT.13.11.3_1,0.6777583187390543,0.9741273017424364
2024,05,PRT.13.2.1_1,0.6322241681260946,0.9605810741421048
2024,05,PRT.13.2.2_1,0.6059544658493871,0.9513863568498342
2024,05,PRT.13.2.3_1,0.6637478108581437,0.970276249322841
2024,05,PRT.13.2.4_1,0.6164623467600701,0.955187939622355
2024,05,PRT.13.2.5_1,0.6427320490367776,0.9639730286683336
2024,05,PRT.13.3.1_1,0.6409807355516638,0.9634189120003821
2024,05,PRT.13.3.10_1,0.6795096322241682,0.9745891442038537
2024,05,PRT.13.3.2_1,0.6882661996497373,0.976833660353696
2024,05,PRT.13.3.3_1,0.6514886164623468,0.9666767815562759
2024,05,PRT.13.3.4_1,0.6882661996497373,0.976833660353696
2024,05,PRT.13.3.5_1,0.6427320490367776,0.9639730286683336
2024,05,PRT.13.3.6_1,0.6567425569176883,0.9682458365518543
2024,05,PRT.13.3.7_1,0.6164623467600701,0.955187939622355
2024,05,PRT.13.3.8_1,0.6514886164623468,0.9666767815562759
2024,05,PRT.13.3.9_1,0.6304728546409808,0.96
2024,05,PRT.13.4.1_1,0.7180385288966725,0.983666610188635
2024,05,PRT.13.4.2_1,0.6900175131348513,0.9772696659571503
2024,05,PRT.13.4.3_1,0.6427320490367776,0.9639730286683336
2024,05,PRT.13.4.4_1,0.6847635726795097,0.9759487691472335
2024,05,PRT.13.4.5_1,0.649737302977233,0.9661449166662318
2024,05,PRT.13.5.1_1,0.6690017513134852,0.9717530550505102
2024,05,PRT.13.5.3_1,0.63922942206655,0.9628603221651623
2024,05,PRT.13.6.1_1,0.6339754816112084,0.9611576353543679
2024,05,PRT.13.6.2_1,0.6637478108581437,0.970276249322841
2024,05,PRT.13.6.3_1,0.6304728546409808,0.96
2024,05,PRT.13.6.4_1,0.6374781085814362,0.962297251372984
2024,05,PRT.13.7.2_1,0.6760070052539405,0.9736611320166786
2024,05,PRT.13.8.1_1,0.6357267950963222,0.9617296917533533
2024,05,PRT.13.8.2_1,0.6252189141856392,0.9582296175760798
2024,05,PRT.13.8.3_1,0.6619964973730298,0.9697752316903129
2024,05,PRT.13.8.4_1,0.6374781085814362,0.962297251372984
2024,05,PRT.13.9.1_1,0.6795096322241682,0.9745891442038537
2024,05,PRT.13.9.2_1,0.6549912434325745,0.9677272342969376
2024,05,PRT.13.9.3_1,0.6760070052539405,0.9736611320166786
2024,05,PRT.13.9.4_1,0.6409807355516638,0.9634189120003821
2024,05,PRT.13.9.5_1,0.7005253940455343,0.9797958971132712
2024,05,PRT.14.1.1_1,0.47810858143607715,0.8910016835000931
2024,05,PRT.14.1.2_1,0.49211908931698783,0.8989749718429317
2024,05,PRT.14.1.3_1,0.46935201401050797,0.885835199120017
2024,05,PRT.14.1.4_1,0.5236427320490368,0.9156396671180208
2024,05,PRT.14.10.1_1,0.4185639229422067,0.8529454847761373
2024,05,PRT.14.10.2_1,0.4430823117338004,0.8694619025581282
2024,05,PRT.14.10.3_1,0.37127845884413313,0.817449692641694
2024,05,PRT.14.10.4_1,0.40630472854640987,0.8442179813294668
2024,05,PRT.14.11.1_1,0.4640980735551664,0.8826664149042944
2024,05,PRT.14.11.2_1,0.4588441330998249,0.8794452797076121
2024,05,PRT.14.11.3_1,0.43257443082311736,0.8625334776111592
2024,05,PRT.14.11.4_1,0.48861646234676015,0.8970150500409678
2024,05,PRT.14.12.1_1,0.4728546409807356,0.8879189152169246
2024,05,PRT.14.12.10_1,0.490367775831874,0.8979977728257459
2024,05,PRT.14.12.2_1,0.490367775831874,0.8979977728257459
2024,05,PRT.14.12.3_1,0.47460595446584947,0.8889521921903337
2024,05,PRT.14.12.4_1,0.47460595446584947,0.8889521921903337
2024,05,PRT.14.12.5_1,0.36602451838879163,0.8131887849693945
2024,05,PRT.14.12.6_1,0.43607705779334505,0.8648676199280442
2024,05,PRT.14.12.7_1,0.4570928196147111,0.8783598351473045
2024,05,PRT.14.12.8_1,0.4605954465849388,0.8805248434882459
2024,05,PRT.14.12.9_1,0.4133099824868652,0.84924437001372
2024,05,PRT.14.13.1_1,0.46935201401050797,0.885835199120017
2024,05,PRT.14.13.2_1,0.4028021015761822,0.8416650165000324
2024,05,PRT.14.13.3_1,0.4728546409807356,0.8879189152169246
2024,05,PRT.14.13.4_1,0.4168126094570928,0.8517182632772413
2024,05,PRT.14.13.5_1,0.4115586690017513,0.8479976415061541
2024,05,PRT.14.13.6_1,0.48861646234676015,0.8970150500409678
2024,05,PRT.14.13.7_1,0.4483362521891419,0.8728436286070947
2024,05,PRT.14.14.1_1,0.43432574430823123,0.8637036528810099
2024,05,PRT.14.14.10_1,0.43607705779334505,0.8648676199280442
2024,05,PRT.14.14.2_1,0.40980735551663755,0.84674435339127
2024,05,PRT.14.14.3_1,0.4238178633975482,0.8565885826929985
2024,05,PRT.14.14.4_1,0.4483362521891419,0.8728436286070947
2024,05,PRT.14.14.5_1,0.3992994746059545,0.8390852161729463
2024,05,PRT.14.14.6_1,0.39579684763572687,0.8364783320564855
2024,05,PRT.14.14.7_1,0.39579684763572687,0.8364783320564855
2024,05,PRT.14.14.8_1,0.4203152364273205,0.8541662601625049
2024,05,PRT.14.14.9_1,0.3905429071803853,0.8325166664998365
2024,05,PRT.14.15.1_1,0.4640980735551664,0.8826664149042944
2024,05,PRT.14.15.2_1,0.4728546409807356,0.8879189152169246
2024,05,PRT.14.15.3_1,0.48686514886164634,0.8960267853139213
2024,05,PRT.14.15.4_1,0.43782837127845886,0.8660254037844386
2024,05,PRT.14.2.1_1,0.39579684763572687,0.8364783320564855
2024,05,PRT.14.2.2_1,0.415061295971979,0.8504845677612263
2024,05,PRT.14.2.3_1,0.40455341506129605,0.8429448380528823
2024,05,PRT.14.3.1_1,0.47985989492119097,0.8920179370393849
2024,05,PRT.14.3.2_1,0.4483362521891419,0.8728436286070947
2024,05,PRT.14.3.3_1,0.4816112084063048,0.8930285549745876
2024,05,PRT.14.3.4_1,0.4763572679509633,0.8899797750510963
2024,05,PRT.14.3.5_1,0.49211908931698783,0.8989749718429317
2024,05,PRT.14.3.6_1,0.45008756567425573,0.8739588090980032
2024,05,PRT.14.3.7_1,0.4518388791593696,0.8750679973579196
2024,05,PRT.14.3.8_1,0.44483362521891423,0.8705951987002916
2024,05,PRT.14.4.1_1,0.36602451838879163,0.8131887849693945
2024,05,PRT.14.4.2_1,0.40980735551663755,0.84674435339127
2024,05,PRT.14.4.3_1,0.37127845884413313,0.817449692641694
2024,05,PRT.14.5.1_1,0.5026269702276708,0.9047231620777706
2024,05,PRT.14.5.2_1,0.44483362521891423,0.8705951987002916
2024,05,PRT.14.5.3_1,0.47460595446584947,0.8889521921903337
2024,05,PRT.14.5.4_1,0.45008756567425573,0.8739588090980032
2024,05,PRT.14.6.1_1,0.490367775831874,0.8979977728257459
2024,05,PRT.14.6.2_1,0.4570928196147111,0.8783598351473045
2024,05,PRT.14.6.3_1,0.44483362521891423,0.8705951987002916
2024,05,PRT.14.6.4_1,0.4676007005253941,0.8847847195787232
2024,05,PRT.14.6.5_1,0.5061295971978984,0.9065958305661901
2024,05,PRT.14.6.6_1,0.48336252189141865,0.8940335564172074
2024,05,PRT.14.7.1_1,0.4133099824868652,0.84924437001372
2024,05,PRT.14.7.10_1,0.4168126094570928,0.8517182632772413
2024,05,PRT.14.7.11_1,0.45008756567425573,0.8739588090980032
2024,05,PRT.14.7.2_1,0.43432574430823123,0.8637036528810099
2024,05,PRT.14.7.3_1,0.35551663747810863,0.8044650396381436
2024,05,PRT.14.7.4_1,0.38178633975481613,0.8257747876994065
2024,05,PRT.14.7.5_1,0.40455341506129605,0.8429448380528823
2024,05,PRT.14.7.6_1,0.4168126094570928,0.8517182632772413
2024,05,PRT.14.7.7_1,0.3887915936952715,0.8311822904754408
2024,05,PRT.14.7.8_1,0.3992994746059545,0.8390852161729463
2024,05,PRT.14.7.9_1,0.4203152364273205,0.8541662601625049
2024,05,PRT.14.8.1_1,0.4676007005253941,0.8847847195787232
2024,05,PRT.14.8.2_1,0.500875656742557,0.9037787339830473
2024,05,PRT.14.8.3_1,0.46935201401050797,0.885835199120017
2024,05,PRT.14.9.1_1,0.4991243432574431,0.9028288874421332
2024,05,PRT.14.9.2_1,0.4711033274956218,0.8868799242287537
2024,05,PRT.14.9.3_1,0.4658493870402803,0.883728465084157
2024,05,PRT.14.9.4_1,0.43782837127845886,0.8660254037844386
2024,05,PRT.14.9.5_1,0.48686514886164634,0.8960267853139213
2024,05,PRT.15.1.1_1,0.6357267950963222,0.9617296917533533
2024,05,PRT.15.1.10_1,0.649737302977233,0.9661449166662318
2024,05,PRT.15.1.11_1,0.7022767075306481,0.9802020199938377
2024,05,PRT.15.1.12_1,0.6584938704028022,0.9687600322061186
2024,05,PRT.15.1.13_1,0.7197898423817863,0.9840304873325826
2024,05,PRT.15.1.14_1,0.6865148861646235,0.9763933633531108
2024,05,PRT.15.1.15_1,0.649737302977233,0.9661449166662318
2024,05,PRT.15.1.16_1,0.6672504378283713,0.9712651543219287
2024,05,PRT.15.1.17_1,0.6462346760070053,0.965067873260736
2024,05,PRT.15.1.18_1,0.6217162872154116,0.9570266453970862
2024,05,PRT.15.1.19_1,0.6549912434325745,0.9677272342969376
2024,05,PRT.15.1.2_1,0.6672504378283713,0.9712651543219287
2024,05,PRT.15.1.20_1,0.6374781085814362,0.962297251372984
2024,05,PRT.15.1.21_1,0.660245183887916,0.9692698282728087
2024,05,PRT.15.1.22_1,0.6742556917688267,0.9731906288081488
2024,05,PRT.15.1.23_1,0.6567425569176883,0.9682458365518543
2024,05,PRT.15.1.24_1,0.6409807355516638,0.9634189120003821
2024,05,PRT.15.1.25_1,0.6549912434325745,0.9677272342969376
2024,05,PRT.15.1.26_1,0.6882661996497373,0.976833660353696
2024,05,PRT.15.1.27_1,0.649737302977233,0.9661449166662318
2024,05,PRT.15.1.28_1,0.6357267950963222,0.9617296917533533
2024,05,PRT.15.1.29_1,0.6427320490367776,0.9639730286683336
2024,05,PRT.15.1.3_1,0.6725043782837129,0.9727157858285225
2024,05,PRT.15.1.30_1,0.6567425569176883,0.9682458365518543
2024,05,PRT.15.1.31_1,0.6619964973730298,0.9697752316903129
2024,05,PRT.15.1.32_1,0.6742556917688267,0.9731906288081488
2024,05,PRT.15.1.33_1,0.6672504378283713,0.9712651543219287
2024,05,PRT.15.1.34_1,0.5919439579684764,0.946057080730333
2024,05,PRT.15.1.35_1,0.6672504378283713,0.9712651543219287
2024,05,PRT.15.1.36_1,0.6444833625218914,0.9645226798784983
2024,05,PRT.15.1.37_1,0.6094570928196147,0.9526720317087093
2024,05,PRT.15.1.38_1,0.6322241681260946,0.9605810741421048
2024,05,PRT.15.1.39_1,0.6129597197898424,0.9539392014169457
2024,05,PRT.15.1.4_1,0.6619964973730298,0.9697752316903129
2024,05,PRT.15.1.40_1,0.6077057793345009,0.9520315120835025
2024,05,PRT.15.1.5_1,0.6549912434325745,0.9677272342969376
2024,05,PRT.15.1.6_1,0.6532399299474606,0.9672042183530839
2024,05,PRT.15.1.7_1,0.6199649737302978,0.9564183185196736
2024,05,PRT.15.1.8_1,0.6199649737302978,0.9564183185196736
2024,05,PRT.15.1.9_1,0.6427320490367776,0.9639730286683336
2024,05,PRT.15.10.1_1,0.7460595446584939,0.9889873608899156
2024,05,PRT.15.10.10_1,0.6830122591943959,0.9754998718605759
2024,05,PRT.15.10.11_1,0.6882661996497373,0.976833660353696
2024,05,PRT.15.10.12_1,0.6847635726795097,0.9759487691472335
2024,05,PRT.15.10.13_1,0.670753064798599,0.9722365967191319
2024,05,PRT.15.10.14_1,0.6637478108581437,0.970276249322841
2024,05,PRT.15.10.15_1,0.6532399299474606,0.9672042183530839
2024,05,PRT.15.10.16_1,0.6830122591943959,0.9754998718605759
2024,05,PRT.15.10.17_1,0.6690017513134852,0.9717530550505102
2024,05,PRT.15.10.18_1,0.7197898423817863,0.9840304873325826
2024,05,PRT.15.10.19_1,0.6514886164623468,0.9666767815562759
2024,05,PRT.15.10.2_1,0.6865148861646235,0.9763933633531108
2024,05,PRT.15.10.20_1,0.7215411558669002,0.9843901665498289
2024,05,PRT.15.10.21_1,0.6812609457092821,0.975046665549911
2024,05,PRT.15.10.22_1,0.6935201401050789,0.9781288258711119
2024,05,PRT.15.10.23_1,0.6479859894921192,0.9656086163658648
2024,05,PRT.15.10.24_1,0.7040280210157619,0.9806038955664005
2024,05,PRT.15.10.3_1,0.660245183887916,0.9692698282728087
2024,05,PRT.15.10.4_1,0.660245183887916,0.9692698282728087
2024,05,PRT.15.10.5_1,0.6374781085814362,0.962297251372984
2024,05,PRT.15.10.6_1,0.6987740805604205,0.9793855216409929
2024,05,PRT.15.10.7_1,0.6549912434325745,0.9677272342969376
2024,05,PRT.15.10.8_1,0.628721541155867,0.9594144047282176
2024,05,PRT.15.10.9_1,0.6690017513134852,0.9717530550505102
2024,05,PRT.15.11.1_1,0.6164623467600701,0.955187939622355
2024,05,PRT.15.11.10_1,0.6427320490367776,0.9639730286683336
2024,05,PRT.15.11.11_1,0.7302977232924693,0.9861257526299574
2024,05,PRT.15.11.12_1,0.7145359019264449,0.9829262434180909
2024,05,PRT.15.11.13_1,0.6795096322241682,0.9745891442038537
2024,05,PRT.15.11.14_1,0.6462346760070053,0.965067873260736
2024,05,PRT.15.11.15_1,0.6760070052539405,0.9736611320166786
2024,05,PRT.15.11.16_1,0.712784588441331,0.9825497442877892
2024,05,PRT.15.11.17_1,0.6234676007005254,0.9576304088739037
2024,05,PRT.15.11.18_1,0.6304728546409808,0.96
2024,05,PRT.15.11.19_1,0.6217162872154116,0.9570266453970862
2024,05,PRT.15.11.2_1,0.6917688266199651,0.9777013859047148
2024,05,PRT.15.11.20_1,0.62697022767075306,0.9588242800430119
2024,05,PRT.15.11.21_1,0.6532399299474606,0.9672042183530839
2024,05,PRT.15.11.22_1,0.6444833625218914,0.9645226798784983
2024,05,PRT.15.11.23_1,0.6690017513134852,0.9717530550505102
2024,05,PRT.15.11.24_1,0.6427320490367776,0.9639730286683336
2024,05,PRT.15.11.25_1,0.7092819614711035,0.9817840903172144
2024,05,PRT.15.11.26_1,0.6690017513134852,0.9717530550505102
2024,05,PRT.15.11.27_1,0.7232924693520141,0.9847456524402634
2024,05,PRT.15.11.28_1,0.6865148861646235,0.9763933633531108
2024,05,PRT.15.11.29_1,0.7215411558669002,0.9843901665498289
2024,05,PRT.15.11.3_1,0.7145359019264449,0.9829262434180909
2024,05,PRT.15.11.30_1,0.6339754816112084,0.9611576353543679
2024,05,PRT.15.11.31_1,0.6812609457092821,0.975046665549911
2024,05,PRT.15.11.32_1,0.7390542907180385,0.9877570551507087
2024,05,PRT.15.11.33_1,0.6987740805604205,0.9793855216409929
2024,05,PRT.15.11.34_1,0.6900175131348513,0.9772696659571503
2024,05,PRT.15.11.35_1,0.7092819614711035,0.9817840903172144
2024,05,PRT.15.11.36_1,0.6830122591943959,0.9754998718605759
2024,05,PRT.15.11.37_1,0.6409807355516638,0.9634189120003821
2024,05,PRT.15.11.38_1,0.6357267950963222,0.9617296917533533
2024,05,PRT.15.11.4_1,0.6479859894921192,0.9656086163658648
2024,05,PRT.15.11.5_1,0.6847635726795097,0.9759487691472335
2024,05,PRT.15.11.6_1,0.6830122591943959,0.9754998718605759
2024,05,PRT.15.11.7_1,0.63922942206655,0.9628603221651623
2024,05,PRT.15.11.8_1,0.6725043782837129,0.9727157858285225
2024,05,PRT.15.11.9_1,0.6847635726795097,0.9759487691472335
2024,05,PRT.15.12.1_1,0.6637478108581437,0.970276249322841
2024,05,PRT.15.12.10_1,0.7232924693520141,0.9847456524402634
2024,05,PRT.15.12.11_1,0.7092819614711035,0.9817840903172144
2024,05,PRT.15.12.12_1,0.6462346760070053,0.965067873260736
2024,05,PRT.15.12.13_1,0.7197898423817863,0.9840304873325826
2024,05,PRT.15.12.14_1,0.7005253940455343,0.9797958971132712
2024,05,PRT.15.12.15_1,0.7478108581436077,0.9892845899942038
2024,05,PRT.15.12.2_1,0.7443082311733801,0.9886859966642594
2024,05,PRT.15.12.3_1,0.7583187390542908,0.9909813318120578
2024,05,PRT.15.12.4_1,0.712784588441331,0.9825497442877892
2024,05,PRT.15.12.5_1,0.7057793345008757,0.9810015290507961
2024,05,PRT.15.12.6_1,0.712784588441331,0.9825497442877892
2024,05,PRT.15.12.7_1,0.7110332749562173,0.9821690282227392
2024,05,PRT.15.12.8_1,0.712784588441331,0.9825497442877892
2024,05,PRT.15.12.9_1,0.6970227670753065,0.9789708882290628
2024,05,PRT.15.13.10_1,0.712784588441331,0.9825497442877892
2024,05,PRT.15.13.11_1,0.7180385288966725,0.983666610188635
2024,05,PRT.15.13.12_1,0.6742556917688267,0.9731906288081488
2024,05,PRT.15.13.3_1,0.7057793345008757,0.9810015290507961
2024,05,PRT.15.13.4_1,0.6900175131348513,0.9772696659571503
2024,05,PRT.15.13.5_1,0.7145359019264449,0.9829262434180909
2024,05,PRT.15.13.6_1,0.7338003502626971,0.986790757962396
2024,05,PRT.15.13.7_1,0.6970227670753065,0.9789708882290628
2024,05,PRT.15.13.8_1,0.6935201401050789,0.9781288258711119
2024,05,PRT.15.13.9_1,0.6830122591943959,0.9754998718605759
2024,05,PRT.15.14.1_1,0.6847635726795097,0.9759487691472335
2024,05,PRT.15.14.10_1,0.7215411558669002,0.9843901665498289
2024,05,PRT.15.14.11_1,0.6917688266199651,0.9777013859047148
2024,05,PRT.15.14.12_1,0.6725043782837129,0.9727157858285225
2024,05,PRT.15.14.13_1,0.7040280210157619,0.9806038955664005
2024,05,PRT.15.14.14_1,0.6234676007005254,0.9576304088739037
2024,05,PRT.15.14.15_1,0.6567425569176883,0.9682458365518543
2024,05,PRT.15.14.16_1,0.6812609457092821,0.975046665549911
2024,05,PRT.15.14.17_1,0.6567425569176883,0.9682458365518543
2024,05,PRT.15.14.18_1,0.6847635726795097,0.9759487691472335
2024,05,PRT.15.14.19_1,0.7040280210157619,0.9806038955664005
2024,05,PRT.15.14.2_1,0.6900175131348513,0.9772696659571503
2024,05,PRT.15.14.20_1,0.7180385288966725,0.983666610188635
2024,05,PRT.15.14.21_1,0.7110332749562173,0.9821690282227392
2024,05,PRT.15.14.22_1,0.6970227670753065,0.9789708882290628
2024,05,PRT.15.14.23_1,0.7443082311733801,0.9886859966642594
2024,05,PRT.15.14.24_1,0.62697022767075306,0.9588242800430119
2024,05,PRT.15.14.3_1,0.6725043782837129,0.9727157858285225
2024,05,PRT.15.14.4_1,0.6795096322241682,0.9745891442038537
2024,05,PRT.15.14.5_1,0.6987740805604205,0.9793855216409929
2024,05,PRT.15.14.6_1,0.6322241681260946,0.9605810741421048
2024,05,PRT.15.14.7_1,0.6830122591943959,0.9754998718605759
2024,05,PRT.15.14.8_1,0.6672504378283713,0.9712651543219287
2024,05,PRT.15.14.9_1,0.6725043782837129,0.9727157858285225
2024,05,PRT.15.15.1_1,0.6725043782837129,0.9727157858285225
2024,05,PRT.15.15.2_1,0.7110332749562173,0.9821690282227392
2024,05,PRT.15.15.3_1,0.7040280210157619,0.9806038955664005
2024,05,PRT.15.15.4_1,0.6970227670753065,0.9789708882290628
2024,05,PRT.15.15.5_1,0.7110332749562173,0.9821690282227392
2024,05,PRT.15.15.6_1,0.712784588441331,0.9825497442877892
2024,05,PRT.15.15.7_1,0.6690017513134852,0.9717530550505102
2024,05,PRT.15.15.8_1,0.6725043782837129,0.9727157858285225
2024,05,PRT.15.16.1_1,0.7005253940455343,0.9797958971132712
2024,05,PRT.15.16.2_1,0.7092819614711035,0.9817840903172144
2024,05,PRT.15.16.3_1,0.6917688266199651,0.9777013859047148
2024,05,PRT.15.16.4_1,0.7005253940455343,0.9797958971132712
2024,05,PRT.15.16.5_1,0.6830122591943959,0.9754998718605759
2024,05,PRT.15.17.1_1,0.6584938704028022,0.9687600322061186
2024,05,PRT.15.17.10_1,0.6795096322241682,0.9745891442038537
2024,05,PRT.15.17.11_1,0.6654991243432575,0.9707728879609279
2024,05,PRT.15.17.12_1,0.6987740805604205,0.9793855216409929
2024,05,PRT.15.17.13_1,0.6970227670753065,0.9789708882290628
2024,05,PRT.15.17.14_1,0.6795096322241682,0.9745891442038537
2024,05,PRT.15.17.15_1,0.6987740805604205,0.9793855216409929
2024,05,PRT.15.17.16_1,0.7408056042031524,0.9880708476622514
2024,05,PRT.15.17.17_1,0.6479859894921192,0.9656086163658648
2024,05,PRT.15.17.18_1,0.6760070052539405,0.9736611320166786
2024,05,PRT.15.17.19_1,0.7162872154115587,0.9832985304575615
2024,05,PRT.15.17.2_1,0.6409807355516638,0.9634189120003821
2024,05,PRT.15.17.20_1,0.660245183887916,0.9692698282728087
2024,05,PRT.15.17.21_1,0.6865148861646235,0.9763933633531108
2024,05,PRT.15.17.22_1,0.649737302977233,0.9661449166662318
2024,05,PRT.15.17.23_1,0.7495621716287216,0.9895776877031939
2024,05,PRT.15.17.24_1,0.6619964973730298,0.9697752316903129
2024,05,PRT.15.17.25_1,0.6900175131348513,0.9772696659571503
2024,05,PRT.15.17.26_1,0.7180385288966725,0.983666610188635
2024,05,PRT.15.17.27_1,0.6654991243432575,0.9707728879609279
2024,05,PRT.15.17.28_1,0.6760070052539405,0.9736611320166786
2024,05,PRT.15.17.29_1,0.7197898423817863,0.9840304873325826
2024,05,PRT.15.17.3_1,0.6795096322241682,0.9745891442038537
2024,05,PRT.15.17.30_1,0.7197898423817863,0.9840304873325826
2024,05,PRT.15.17.4_1,0.7005253940455343,0.9797958971132712
2024,05,PRT.15.17.5_1,0.6970227670753065,0.9789708882290628
2024,05,PRT.15.17.6_1,0.6532399299474606,0.9672042183530839
2024,05,PRT.15.17.7_1,0.6830122591943959,0.9754998718605759
2024,05,PRT.15.17.8_1,0.6549912434325745,0.9677272342969376
2024,05,PRT.15.17.9_1,0.7250437828371279,0.9850969495435462
2024,05,PRT.15.18.1_1,0.7022767075306481,0.9802020199938377
2024,05,PRT.15.18.10_1,0.7092819614711035,0.9817840903172144
2024,05,PRT.15.18.11_1,0.7040280210157619,0.9806038955664005
2024,05,PRT.15.18.12_1,0.6322241681260946,0.9605810741421048
2024,05,PRT.15.18.13_1,0.7145359019264449,0.9829262434180909
2024,05,PRT.15.18.14_1,0.7267950963222417,0.9854440623394105
2024,05,PRT.15.18.15_1,0.6865148861646235,0.9763933633531108
2024,05,PRT.15.18.16_1,0.7408056042031524,0.9880708476622514
2024,05,PRT.15.18.17_1,0.7285464098073555,0.9857869952479592
2024,05,PRT.15.18.18_1,0.6742556917688267,0.9731906288081488
2024,05,PRT.15.18.19_1,0.6812609457092821,0.975046665549911
2024,05,PRT.15.18.2_1,0.7022767075306481,0.9802020199938377
2024,05,PRT.15.18.20_1,0.7057793345008757,0.9810015290507961
2024,05,PRT.15.18.21_1,0.712784588441331,0.9825497442877892
2024,05,PRT.15.18.22_1,0.712784588441331,0.9825497442877892
2024,05,PRT.15.18.23_1,0.6935201401050789,0.9781288258711119
2024,05,PRT.15.18.24_1,0.6882661996497373,0.976833660353696
2024,05,PRT.15.18.3_1,0.7302977232924693,0.9861257526299574
2024,05,PRT.15.18.4_1,0.6462346760070053,0.965067873260736
2024,05,PRT.15.18.5_1,0.6777583187390543,0.9741273017424364
2024,05,PRT.15.18.6_1,0.6444833625218914,0.9645226798784983
2024,05,PRT.15.18.7_1,0.7355516637478109,0.9871170143402452
2024,05,PRT.15.18.8_1,0.7267950963222417,0.9854440623394105
2024,05,PRT.15.18.9_1,0.6742556917688267,0.9731906288081488
2024,05,PRT.15.2.1_1,0.6795096322241682,0.9745891442038537
2024,05,PRT.15.2.10_1,0.6234676007005254,0.9576304088739037
2024,05,PRT.15.2.11_1,0.6147110332749562,0.954565869911553
2024,05,PRT.15.2.12_1,0.660245183887916,0.9692698282728087
2024,05,PRT.15.2.13_1,0.6549912434325745,0.9677272342969376
2024,05,PRT.15.2.14_1,0.6532399299474606,0.9672042183530839
2024,05,PRT.15.2.15_1,0.6479859894921192,0.9656086163658648
2024,05,PRT.15.2.16_1,0.6147110332749562,0.954565869911553
2024,05,PRT.15.2.17_1,0.6147110332749562,0.954565869911553
2024,05,PRT.15.2.18_1,0.6777583187390543,0.9741273017424364
2024,05,PRT.15.2.19_1,0.6462346760070053,0.965067873260736
2024,05,PRT.15.2.2_1,0.6672504378283713,0.9712651543219287
2024,05,PRT.15.2.20_1,0.6409807355516638,0.9634189120003821
2024,05,PRT.15.2.3_1,0.6672504378283713,0.9712651543219287
2024,05,PRT.15.2.4_1,0.6795096322241682,0.9745891442038537
2024,05,PRT.15.2.5_1,0.6830122591943959,0.9754998718605759
2024,05,PRT.15.2.6_1,0.6252189141856392,0.9582296175760798
2024,05,PRT.15.2.7_1,0.6444833625218914,0.9645226798784983
2024,05,PRT.15.2.8_1,0.6514886164623468,0.9666767815562759
2024,05,PRT.15.2.9_1,0.6637478108581437,0.970276249322841
2024,05,PRT.15.3.1_1,0.6672504378283713,0.9712651543219287
2024,05,PRT.15.3.10_1,0.712784588441331,0.9825497442877892
2024,05,PRT.15.3.11_1,0.5989492119089318,0.9487591896788141
2024,05,PRT.15.3.12_1,0.7022767075306481,0.9802020199938377
2024,05,PRT.15.3.13_1,0.63922942206655,0.9628603221651623
2024,05,PRT.15.3.14_1,0.6917688266199651,0.9777013859047148
2024,05,PRT.15.3.15_1,0.6742556917688267,0.9731906288081488
2024,05,PRT.15.3.16_1,0.6830122591943959,0.9754998718605759
2024,05,PRT.15.3.17_1,0.6304728546409808,0.96
2024,05,PRT.15.3.18_1,0.63922942206655,0.9628603221651623
2024,05,PRT.15.3.19_1,0.6725043782837129,0.9727157858285225
2024,05,PRT.15.3.2_1,0.628721541155867,0.9594144047282176
2024,05,PRT.15.3.20_1,0.6339754816112084,0.9611576353543679
2024,05,PRT.15.3.21_1,0.6427320490367776,0.9639730286683336
2024,05,PRT.15.3.22_1,0.7005253940455343,0.9797958971132712
2024,05,PRT.15.3.23_1,0.6882661996497373,0.976833660353696
2024,05,PRT.15.3.24_1,0.6567425569176883,0.9682458365518543
2024,05,PRT.15.3.25_1,0.6374781085814362,0.962297251372984
2024,05,PRT.15.3.26_1,0.6409807355516638,0.9634189120003821
2024,05,PRT.15.3.27_1,0.6567425569176883,0.9682458365518543
2024,05,PRT.15.3.28_1,0.6690017513134852,0.9717530550505102
2024,05,PRT.15.3.29_1,0.6777583187390543,0.9741273017424364
2024,05,PRT.15.3.3_1,0.660245183887916,0.9692698282728087
2024,05,PRT.15.3.30_1,0.6795096322241682,0.9745891442038537
2024,05,PRT.15.3.31_1,0.6374781085814362,0.962297251372984
2024,05,PRT.15.3.32_1,0.6725043782837129,0.9727157858285225
2024,05,PRT.15.3.4_1,0.6777583187390543,0.9741273017424364
2024,05,PRT.15.3.5_1,0.6129597197898424,0.9539392014169457
2024,05,PRT.15.3.6_1,0.6462346760070053,0.965067873260736
2024,05,PRT.15.3.7_1,0.6584938704028022,0.9687600322061186
2024,05,PRT.15.3.8_1,0.660245183887916,0.9692698282728087
2024,05,PRT.15.3.9_1,0.6129597197898424,0.9539392014169457
2024,05,PRT.15.4.1_1,0.6742556917688267,0.9731906288081488
2024,05,PRT.15.4.10_1,0.6830122591943959,0.9754998718605759
2024,05,PRT.15.4.11_1,0.6567425569176883,0.9682458365518543
2024,05,PRT.15.4.12_1,0.6532399299474606,0.9672042183530839
2024,05,PRT.15.4.2_1,0.6532399299474606,0.9672042183530839
2024,05,PRT.15.4.3_1,0.6479859894921192,0.9656086163658648
2024,05,PRT.15.4.4_1,0.6777583187390543,0.9741273017424364
2024,05,PRT.15.4.5_1,0.7040280210157619,0.9806038955664005
2024,05,PRT.15.4.6_1,0.6935201401050789,0.9781288258711119
2024,05,PRT.15.4.7_1,0.6427320490367776,0.9639730286683336
2024,05,PRT.15.4.8_1,0.7197898423817863,0.9840304873325826
2024,05,PRT.15.4.9_1,0.7022767075306481,0.9802020199938377
2024,05,PRT.15.5.1_1,0.6444833625218914,0.9645226798784983
2024,05,PRT.15.5.10_1,0.6952714535901927,0.97855199146494
2024,05,PRT.15.5.11_1,0.6584938704028022,0.9687600322061186
2024,05,PRT.15.5.12_1,0.6444833625218914,0.9645226798784983
2024,05,PRT.15.5.13_1,0.6654991243432575,0.9707728879609279
2024,05,PRT.15.5.14_1,0.6164623467600701,0.955187939622355
2024,05,PRT.15.5.15_1,0.62697022767075306,0.9588242800430119
2024,05,PRT.15.5.16_1,0.6637478108581437,0.970276249322841
2024,05,PRT.15.5.17_1,0.6777583187390543,0.9741273017424364
2024,05,PRT.15.5.18_1,0.6147110332749562,0.954565869911553
2024,05,PRT.15.5.19_1,0.670753064798599,0.9722365967191319
2024,05,PRT.15.5.2_1,0.6532399299474606,0.9672042183530839
2024,05,PRT.15.5.20_1,0.6077057793345009,0.9520315120835025
2024,05,PRT.15.5.21_1,0.6322241681260946,0.9605810741421048
2024,05,PRT.15.5.22_1,0.660245183887916,0.9692698282728087
2024,05,PRT.15.5.23_1,0.6654991243432575,0.9707728879609279
2024,05,PRT.15.5.24_1,0.6427320490367776,0.9639730286683336
2024,05,PRT.15.5.25_1,0.6164623467600701,0.955187939622355
2024,05,PRT.15.5.3_1,0.6252189141856392,0.9582296175760798
2024,05,PRT.15.5.4_1,0.6935201401050789,0.9781288258711119
2024,05,PRT.15.5.5_1,0.6549912434325745,0.9677272342969376
2024,05,PRT.15.5.6_1,0.6584938704028022,0.9687600322061186
2024,05,PRT.15.5.7_1,0.6742556917688267,0.9731906288081488
2024,05,PRT.15.5.8_1,0.6777583187390543,0.9741273017424364
2024,05,PRT.15.5.9_1,0.6514886164623468,0.9666767815562759
2024,05,PRT.15.6.1_1,0.660245183887916,0.9692698282728087
2024,05,PRT.15.6.10_1,0.6812609457092821,0.975046665549911
2024,05,PRT.15.6.11_1,0.6549912434325745,0.9677272342969376
2024,05,PRT.15.6.12_1,0.7005253940455343,0.9797958971132712
2024,05,PRT.15.6.13_1,0.6865148861646235,0.9763933633531108
2024,05,PRT.15.6.14_1,0.6952714535901927,0.97855199146494
2024,05,PRT.15.6.15_1,0.6217162872154116,0.9570266453970862
2024,05,PRT.15.6.16_1,0.6795096322241682,0.9745891442038537
2024,05,PRT.15.6.17_1,0.6742556917688267,0.9731906288081488
2024,05,PRT.15.6.2_1,0.6865148861646235,0.9763933633531108
2024,05,PRT.15.6.3_1,0.6742556917688267,0.9731906288081488
2024,05,PRT.15.6.4_1,0.7197898423817863,0.9840304873325826
2024,05,PRT.15.6.5_1,0.6339754816112084,0.9611576353543679
2024,05,PRT.15.6.6_1,0.7005253940455343,0.9797958971132712
2024,05,PRT.15.6.7_1,0.7022767075306481,0.9802020199938377
2024,05,PRT.15.6.8_1,0.7355516637478109,0.9871170143402452
2024,05,PRT.15.6.9_1,0.6952714535901927,0.97855199146494
2024,05,PRT.15.7.1_1,0.6795096322241682,0.9745891442038537
2024,05,PRT.15.7.10_1,0.628721541155867,0.9594144047282176
2024,05,PRT.15.7.11_1,0.670753064798599,0.9722365967191319
2024,05,PRT.15.7.12_1,0.6795096322241682,0.9745891442038537
2024,05,PRT.15.7.13_1,0.6865148861646235,0.9763933633531108
2024,05,PRT.15.7.14_1,0.6409807355516638,0.9634189120003821
2024,05,PRT.15.7.15_1,0.6567425569176883,0.9682458365518543
2024,05,PRT.15.7.16_1,0.6619964973730298,0.9697752316903129
2024,05,PRT.15.7.17_1,0.7075306479859896,0.9813949256033475
2024,05,PRT.15.7.18_1,0.7583187390542908,0.9909813318120578
2024,05,PRT.15.7.19_1,0.670753064798599,0.9722365967191319
2024,05,PRT.15.7.2_1,0.6584938704028022,0.9687600322061186
2024,05,PRT.15.7.20_1,0.6567425569176883,0.9682458365518543
2024,05,PRT.15.7.21_1,0.6199649737302978,0.9564183185196736
2024,05,PRT.15.7.22_1,0.6654991243432575,0.9707728879609279
2024,05,PRT.15.7.23_1,0.6637478108581437,0.970276249322841
2024,05,PRT.15.7.24_1,0.6374781085814362,0.962297251372984
2024,05,PRT.15.7.25_1,0.7075306479859896,0.9813949256033475
2024,05,PRT.15.7.26_1,0.6584938704028022,0.9687600322061186
2024,05,PRT.15.7.27_1,0.7075306479859896,0.9813949256033475
2024,05,PRT.15.7.28_1,0.6830122591943959,0.9754998718605759
2024,05,PRT.15.7.29_1,0.6865148861646235,0.9763933633531108
2024,05,PRT.15.7.3_1,0.6742556917688267,0.9731906288081488
2024,05,PRT.15.7.30_1,0.6690017513134852,0.9717530550505102
2024,05,PRT.15.7.31_1,0.6637478108581437,0.970276249322841
2024,05,PRT.15.7.4_1,0.7022767075306481,0.9802020199938377
2024,05,PRT.15.7.5_1,0.6812609457092821,0.975046665549911
2024,05,PRT.15.7.6_1,0.6830122591943959,0.9754998718605759
2024,05,PRT.15.7.7_1,0.6777583187390543,0.9741273017424364
2024,05,PRT.15.7.8_1,0.6304728546409808,0.96
2024,05,PRT.15.7.9_1,0.6637478108581437,0.970276249322841
2024,05,PRT.15.8.1_1,0.7443082311733801,0.9886859966642594
2024,05,PRT.15.8.10_1,0.7057793345008757,0.9810015290507961
2024,05,PRT.15.8.2_1,0.6742556917688267,0.9731906288081488
2024,05,PRT.15.8.3_1,0.7145359019264449,0.9829262434180909
2024,05,PRT.15.8.4_1,0.7548161120840631,0.9904322288778774
2024,05,PRT.15.8.5_1,0.6935201401050789,0.9781288258711119
2024,05,PRT.15.8.6_1,0.7040280210157619,0.9806038955664005
2024,05,PRT.15.8.7_1,0.7425569176882663,0.9883804935347521
2024,05,PRT.15.8.8_1,0.7425569176882663,0.9883804935347521
2024,05,PRT.15.8.9_1,0.6742556917688267,0.9731906288081488
2024,05,PRT.15.9.1_1,0.6742556917688267,0.9731906288081488
2024,05,PRT.15.9.10_1,0.6725043782837129,0.9727157858285225
2024,05,PRT.15.9.11_1,0.6952714535901927,0.97855199146494
2024,05,PRT.15.9.12_1,0.7215411558669002,0.9843901665498289
2024,05,PRT.15.9.13_1,0.6760070052539405,0.9736611320166786
2024,05,PRT.15.9.14_1,0.6812609457092821,0.975046665549911
2024,05,PRT.15.9.15_1,0.6479859894921192,0.9656086163658648
2024,05,PRT.15.9.16_1,0.660245183887916,0.9692698282728087
2024,05,PRT.15.9.2_1,0.6304728546409808,0.96
2024,05,PRT.15.9.3_1,0.6409807355516638,0.9634189120003821
2024,05,PRT.15.9.4_1,0.7145359019264449,0.9829262434180909
2024,05,PRT.15.9.5_1,0.6882661996497373,0.976833660353696
2024,05,PRT.15.9.6_1,0.6760070052539405,0.9736611320166786
2024,05,PRT.15.9.7_1,0.6830122591943959,0.9754998718605759
2024,05,PRT.15.9.8_1,0.6584938704028022,0.9687600322061186
2024,05,PRT.15.9.9_1,0.6444833625218914,0.9645226798784983
2024,05,PRT.16.1.1_1,0.4570928196147111,0.8783598351473045
2024,05,PRT.16.1.10_1,0.5026269702276708,0.9047231620777706
2024,05,PRT.16.1.11_1,0.4816112084063048,0.8930285549745876
2024,05,PRT.16.1.12_1,0.4938704028021016,0.8999466650863261
2024,05,PRT.16.1.13_1,0.5061295971978984,0.9065958305661901
2024,05,PRT.16.1.14_1,0.47460595446584947,0.8889521921903337
2024,05,PRT.16.1.15_1,0.43782837127845886,0.8660254037844386
2024,05,PRT.16.1.16_1,0.5131348511383538,0.9102768809543611
2024,05,PRT.16.1.17_1,0.5131348511383538,0.9102768809543611
2024,05,PRT.16.1.18_1,0.48336252189141865,0.8940335564172074
2024,05,PRT.16.1.19_1,0.5026269702276708,0.9047231620777706
2024,05,PRT.16.1.2_1,0.4728546409807356,0.8879189152169246
2024,05,PRT.16.1.3_1,0.5288966725043783,0.918250510481753
2024,05,PRT.16.1.4_1,0.48336252189141865,0.8940335564172074
2024,05,PRT.16.1.5_1,0.4711033274956218,0.8868799242287537
2024,05,PRT.16.1.6_1,0.4973730297723292,0.9018736053350269
2024,05,PRT.16.1.7_1,0.5604203152364273,0.9329523031752481
2024,05,PRT.16.1.8_1,0.47810858143607715,0.8910016835000931
2024,05,PRT.16.1.9_1,0.5516637478108581,0.9290317540321213
2024,05,PRT.16.10.1_1,0.5586690017513135,0.9321780945720619
2024,05,PRT.16.10.2_1,0.5656742556917689,0.9352454223357631
2024,05,PRT.16.11.1_1,0.5814360770577934,0.9418619856433319
2024,05,PRT.16.11.2_1,0.5919439579684764,0.946057080730333
2024,05,PRT.16.11.3_1,0.6077057793345009,0.9520315120835025
2024,05,PRT.16.11.4_1,0.6234676007005254,0.9576304088739037
2024,05,PRT.16.11.5_1,0.5726795096322242,0.9382345122622595
2024,05,PRT.16.11.6_1,0.56217162872154125,0.9337215859130601
2024,05,PRT.16.11.7_1,0.5604203152364273,0.9329523031752481
2024,05,PRT.16.11.8_1,0.5796847635726796,0.9411461098044235
2024,05,PRT.16.11.9_1,0.5481611208406305,0.9274287034591931
2024,05,PRT.16.12.1_1,0.4623467600700526,0.8815985480931783
2024,05,PRT.16.12.2_1,0.5394045534150613,0.923333092659415
2024,05,PRT.16.13.1_1,0.4711033274956218,0.8868799242287537
2024,05,PRT.16.13.2_1,0.48861646234676015,0.8970150500409678
2024,05,PRT.16.13.3_1,0.5341506129597198,0.920814856526544
2024,05,PRT.16.13.4_1,0.47985989492119097,0.8920179370393849
2024,05,PRT.16.13.5_1,0.5341506129597198,0.920814856526544
2024,05,PRT.16.13.6_1,0.4763572679509633,0.8899797750510963
2024,05,PRT.16.13.7_1,0.5131348511383538,0.9102768809543611
2024,05,PRT.16.13.8_1,0.5148861646234676,0.9111838453352868
2024,05,PRT.16.14.1_1,0.6182136602451839,0.9558054195284729
2024,05,PRT.16.14.10_1,0.5761821366024519,0.939699952112375
2024,05,PRT.16.14.11_1,0.5901926444833626,0.9453697689264238
2024,05,PRT.16.14.12_1,0.6322241681260946,0.9605810741421048
2024,05,PRT.16.14.13_1,0.6199649737302978,0.9564183185196736
2024,05,PRT.16.14.14_1,0.5989492119089318,0.9487591896788141
2024,05,PRT.16.14.15_1,0.6182136602451839,0.9558054195284729
2024,05,PRT.16.14.16_1,0.6112084063047285,0.9533079250693346
2024,05,PRT.16.14.17_1,0.5989492119089318,0.9487591896788141
2024,05,PRT.16.14.18_1,0.6374781085814362,0.962297251372984
2024,05,PRT.16.14.2_1,0.5656742556917689,0.9352454223357631
2024,05,PRT.16.14.3_1,0.6357267950963222,0.9617296917533533
2024,05,PRT.16.14.4_1,0.6199649737302978,0.9564183185196736
2024,05,PRT.16.14.5_1,0.6094570928196147,0.9526720317087093
2024,05,PRT.16.14.6_1,0.6479859894921192,0.9656086163658648
2024,05,PRT.16.14.7_1,0.6077057793345009,0.9520315120835025
2024,05,PRT.16.14.8_1,0.6234676007005254,0.9576304088739037
2024,05,PRT.16.14.9_1,0.6357267950963222,0.9617296917533533
2024,05,PRT.16.15.1_1,0.6409807355516638,0.9634189120003821
2024,05,PRT.16.15.10_1,0.5744308231173381,0.9389696480717574
2024,05,PRT.16.15.11_1,0.5516637478108581,0.9290317540321213
2024,05,PRT.16.15.12_1,0.586690017513135,0.9439809320108113
2024,05,PRT.16.15.13_1,0.6147110332749562,0.954565869911553
2024,05,PRT.16.15.14_1,0.5849387040280211,0.9432793859721519
2024,05,PRT.16.15.2_1,0.5551663747810859,0.9306148505155073
2024,05,PRT.16.15.3_1,0.5674255691768827,0.936
2024,05,PRT.16.15.4_1,0.6164623467600701,0.955187939622355
2024,05,PRT.16.15.5_1,0.5761821366024519,0.939699952112375
2024,05,PRT.16.15.6_1,0.5761821366024519,0.939699952112375
2024,05,PRT.16.15.7_1,0.6182136602451839,0.9558054195284729
2024,05,PRT.16.15.8_1,0.6042031523642732,0.9507365565707464
2024,05,PRT.16.15.9_1,0.542907180385289,0.9249864863877743
2024,05,PRT.16.16.1_1,0.4763572679509633,0.8899797750510963
2024,05,PRT.16.16.2_1,0.5026269702276708,0.9047231620777706
2024,05,PRT.16.16.3_1,0.5306479859894921,0.9191104395011516
2024,05,PRT.16.16.4_1,0.5166374781085814,0.9120855223058855
2024,05,PRT.16.16.5_1,0.490367775831874,0.8979977728257459
2024,05,PRT.16.16.6_1,0.4991243432574431,0.9028288874421332
2024,05,PRT.16.17.1_1,0.6129597197898424,0.9539392014169457
2024,05,PRT.16.17.10_1,0.5534150612959721,0.9298257901349047
2024,05,PRT.16.17.11_1,0.5604203152364273,0.9329523031752481
2024,05,PRT.16.17.12_1,0.597197898423818,0.9480907129594721
2024,05,PRT.16.17.13_1,0.5726795096322242,0.9382345122622595
2024,05,PRT.16.17.14_1,0.5359019264448337,0.9216593730874764
2024,05,PRT.16.17.15_1,0.542907180385289,0.9249864863877743
2024,05,PRT.16.17.16_1,0.5043782837127846,0.905662188677434
2024,05,PRT.16.17.17_1,0.5394045534150613,0.923333092659415
2024,05,PRT.16.17.18_1,0.490367775831874,0.8979977728257459
2024,05,PRT.16.17.19_1,0.5411558669001751,0.9241623234042816
2024,05,PRT.16.17.2_1,0.5989492119089318,0.9487591896788141
2024,05,PRT.16.17.20_1,0.5814360770577934,0.9418619856433319
2024,05,PRT.16.17.21_1,0.5464098073555167,0.9266196630764966
2024,05,PRT.16.17.22_1,0.5709281961471104,0.9374945333173949
2024,05,PRT.16.17.23_1,0.5989492119089318,0.9487591896788141
2024,05,PRT.16.17.24_1,0.5901926444833626,0.9453697689264238
2024,05,PRT.16.17.25_1,0.5411558669001751,0.9241623234042816
2024,05,PRT.16.17.26_1,0.5376532399299475,0.9224987804869988
2024,05,PRT.16.17.27_1,0.5761821366024519,0.939699952112375
2024,05,PRT.16.17.28_1,0.5586690017513135,0.9321780945720619
2024,05,PRT.16.17.3_1,0.5691768826619966,0.9367496997597597
2024,05,PRT.16.17.4_1,0.6077057793345009,0.9520315120835025
2024,05,PRT.16.17.5_1,0.5726795096322242,0.9382345122622595
2024,05,PRT.16.17.6_1,0.5253940455341506,0.916515138991168
2024,05,PRT.16.17.7_1,0.5656742556917689,0.9352454223357631
2024,05,PRT.16.17.8_1,0.5376532399299475,0.9224987804869988
2024,05,PRT.16.17.9_1,0.5183887915936953,0.9129819275319747
2024,05,PRT.16.18.1_1,0.5043782837127846,0.905662188677434
2024,05,PRT.16.18.2_1,0.5096322241681261,0.9084470265238365
2024,05,PRT.16.18.3_1,0.48336252189141865,0.8940335564172074
2024,05,PRT.16.18.4_1,0.4570928196147111,0.8783598351473045
2024,05,PRT.16.19.1_1,0.5796847635726796,0.9411461098044235
2024,05,PRT.16.19.10_1,0.5709281961471104,0.9374945333173949
2024,05,PRT.16.19.11_1,0.5341506129597198,0.920814856526544
2024,05,PRT.16.19.12_1,0.5534150612959721,0.9298257901349047
2024,05,PRT.16.19.13_1,0.597197898423818,0.9480907129594721
2024,05,PRT.16.19.14_1,0.5481611208406305,0.9274287034591931
2024,05,PRT.16.19.15_1,0.542907180385289,0.9249864863877743
2024,05,PRT.16.19.16_1,0.5709281961471104,0.9374945333173949
2024,05,PRT.16.19.2_1,0.542907180385289,0.9249864863877743
2024,05,PRT.16.19.3_1,0.5026269702276708,0.9047231620777706
2024,05,PRT.16.19.4_1,0.5884413309982488,0.9446777228240327
2024,05,PRT.16.19.5_1,0.5411558669001751,0.9241623234042816
2024,05,PRT.16.19.6_1,0.56217162872154125,0.9337215859130601
2024,05,PRT.16.19.7_1,0.542907180385289,0.9249864863877743
2024,05,PRT.16.19.8_1,0.5726795096322242,0.9382345122622595
2024,05,PRT.16.19.9_1,0.5288966725043783,0.918250510481753
2024,05,PRT.16.2.1_1,0.5253940455341506,0.916515138991168
2024,05,PRT.16.2.10_1,0.5586690017513135,0.9321780945720619
2024,05,PRT.16.2.2_1,0.5569176882661997,0.931398947819891
2024,05,PRT.16.2.3_1,0.6147110332749562,0.954565869911553
2024,05,PRT.16.2.4_1,0.5534150612959721,0.9298257901349047
2024,05,PRT.16.2.5_1,0.597197898423818,0.9480907129594721
2024,05,PRT.16.2.6_1,0.5288966725043783,0.918250510481753
2024,05,PRT.16.2.7_1,0.5779334500875658,0.9404254356406998
2024,05,PRT.16.2.8_1,0.5779334500875658,0.9404254356406998
2024,05,PRT.16.2.9_1,0.5726795096322242,0.9382345122622595
2024,05,PRT.16.20.1_1,0.5604203152364273,0.9329523031752481
2024,05,PRT.16.20.10_1,0.5446584938704029,0.9258055951440345
2024,05,PRT.16.20.11_1,0.5236427320490368,0.9156396671180208
2024,05,PRT.16.20.12_1,0.5884413309982488,0.9446777228240327
2024,05,PRT.16.20.13_1,0.5359019264448337,0.9216593730874764
2024,05,PRT.16.20.14_1,0.56217162872154125,0.9337215859130601
2024,05,PRT.16.20.15_1,0.5446584938704029,0.9258055951440345
2024,05,PRT.16.20.16_1,0.5341506129597198,0.920814856526544
2024,05,PRT.16.20.17_1,0.5183887915936953,0.9129819275319747
2024,05,PRT.16.20.2_1,0.5656742556917689,0.9352454223357631
2024,05,PRT.16.20.3_1,0.5481611208406305,0.9274287034591931
2024,05,PRT.16.20.4_1,0.5499124343257443,0.9282327294380435
2024,05,PRT.16.20.5_1,0.5306479859894921,0.9191104395011516
2024,05,PRT.16.20.6_1,0.5236427320490368,0.9156396671180208
2024,05,PRT.16.20.7_1,0.5236427320490368,0.9156396671180208
2024,05,PRT.16.20.8_1,0.5341506129597198,0.920814856526544
2024,05,PRT.16.20.9_1,0.5288966725043783,0.918250510481753
2024,05,PRT.16.21.1_1,0.5201401050788091,0.9138730765264944
2024,05,PRT.16.21.2_1,0.5394045534150613,0.923333092659415
2024,05,PRT.16.21.3_1,0.5306479859894921,0.9191104395011516
2024,05,PRT.16.21.4_1,0.5043782837127846,0.905662188677434
2024,05,PRT.16.21.5_1,0.5674255691768827,0.936
2024,05,PRT.16.3.1_1,0.5078809106830122,0.9075241043630743
2024,05,PRT.16.3.2_1,0.46935201401050797,0.885835199120017
2024,05,PRT.16.3.3_1,0.4640980735551664,0.8826664149042944
2024,05,PRT.16.3.4_1,0.5306479859894921,0.9191104395011516
2024,05,PRT.16.4.1_1,0.5183887915936953,0.9129819275319747
2024,05,PRT.16.5.1_1,0.46935201401050797,0.885835199120017
2024,05,PRT.16.5.2_1,0.5131348511383538,0.9102768809543611
2024,05,PRT.16.5.3_1,0.48336252189141865,0.8940335564172074
2024,05,PRT.16.5.4_1,0.4658493870402803,0.883728465084157
2024,05,PRT.16.6.1_1,0.51138353765324,0.909364613342745
2024,05,PRT.16.6.2_1,0.5796847635726796,0.9411461098044235
2024,05,PRT.16.6.3_1,0.586690017513135,0.9439809320108113
2024,05,PRT.16.6.4_1,0.5516637478108581,0.9290317540321213
2024,05,PRT.16.6.5_1,0.5183887915936953,0.9129819275319747
2024,05,PRT.16.6.6_1,0.5376532399299475,0.9224987804869988
2024,05,PRT.16.6.7_1,0.5709281961471104,0.9374945333173949
2024,05,PRT.16.6.8_1,0.5481611208406305,0.9274287034591931
2024,05,PRT.16.7.1_1,0.5359019264448337,0.9216593730874764
2024,05,PRT.16.7.2_1,0.5183887915936953,0.9129819275319747
2024,05,PRT.16.7.3_1,0.48511383537653247,0.8950329602869382
2024,05,PRT.16.7.4_1,0.5026269702276708,0.9047231620777706
2024,05,PRT.16.7.5_1,0.5376532399299475,0.9224987804869988
2024,05,PRT.16.7.6_1,0.49211908931698783,0.8989749718429317
2024,05,PRT.16.7.7_1,0.48336252189141865,0.8940335564172074
2024,05,PRT.16.8.1_1,0.5201401050788091,0.9138730765264944
2024,05,PRT.16.8.2_1,0.5464098073555167,0.9266196630764966
2024,05,PRT.16.8.3_1,0.5271453590192645,0.9173854151881858
2024,05,PRT.16.9.1_1,0.43782837127845886,0.8660254037844386
2024,05,PRT.16.9.2_1,0.48861646234676015,0.8970150500409678
2024,05,PRT.16.9.3_1,0.4763572679509633,0.8899797750510963
2024,05,PRT.16.9.4_1,0.521891418563923,0.9147589846511485
2024,05,PRT.16.9.5_1,0.5166374781085814,0.9120855223058855
2024,05,PRT.16.9.6_1,0.5078809106830122,0.9075241043630743
2024,05,PRT.16.9.7_1,0.46935201401050797,0.885835199120017
2024,05,PRT.16.9.8_1,0.4973730297723292,0.9018736053350269
2024,05,PRT.17.1.1_1,0.521891418563923,0.9147589846511485
2024,05,PRT.17.1.2_1,0.48511383537653247,0.8950329602869382
2024,05,PRT.17.1.3_1,0.5831873905429072,0.9425730740902798
2024,05,PRT.17.1.4_1,0.4938704028021016,0.8999466650863261
2024,05,PRT.17.1.5_1,0.5026269702276708,0.9047231620777706
2024,05,PRT.17.1.6_1,0.48686514886164634,0.8960267853139213
2024,05,PRT.17.10.1_1,0.6007005253940456,0.9494229826584145
2024,05,PRT.17.10.2_1,0.649737302977233,0.9661449166662318
2024,05,PRT.17.10.3_1,0.6514886164623468,0.9666767815562759
2024,05,PRT.17.10.4_1,0.6322241681260946,0.9605810741421048
2024,05,PRT.17.10.5_1,0.6007005253940456,0.9494229826584145
2024,05,PRT.17.10.6_1,0.6725043782837129,0.9727157858285225
2024,05,PRT.17.11.1_1,0.5656742556917689,0.9352454223357631
2024,05,PRT.17.11.2_1,0.6234676007005254,0.9576304088739037
2024,05,PRT.17.11.3_1,0.6322241681260946,0.9605810741421048
2024,05,PRT.17.12.1_1,0.5446584938704029,0.9258055951440345
2024,05,PRT.17.12.3_1,0.586690017513135,0.9439809320108113
2024,05,PRT.17.12.4_1,0.586690017513135,0.9439809320108113
2024,05,PRT.17.12.5_1,0.5376532399299475,0.9224987804869988
2024,05,PRT.17.12.6_1,0.5516637478108581,0.9290317540321213
2024,05,PRT.17.12.7_1,0.5061295971978984,0.9065958305661901
2024,05,PRT.17.12.8_1,0.5061295971978984,0.9065958305661901
2024,05,PRT.17.13.1_1,0.5604203152364273,0.9329523031752481
2024,05,PRT.17.13.2_1,0.5744308231173381,0.9389696480717574
2024,05,PRT.17.2.1_1,0.5341506129597198,0.920814856526544
2024,05,PRT.17.2.2_1,0.5446584938704029,0.9258055951440345
2024,05,PRT.17.2.3_1,0.5131348511383538,0.9102768809543611
2024,05,PRT.17.3.1_1,0.6374781085814362,0.962297251372984
2024,05,PRT.17.3.10_1,0.5779334500875658,0.9404254356406998
2024,05,PRT.17.3.11_1,0.6059544658493871,0.9513863568498342
2024,05,PRT.17.3.2_1,0.649737302977233,0.9661449166662318
2024,05,PRT.17.3.3_1,0.6129597197898424,0.9539392014169457
2024,05,PRT.17.3.4_1,0.5849387040280211,0.9432793859721519
2024,05,PRT.17.3.5_1,0.5814360770577934,0.9418619856433319
2024,05,PRT.17.3.6_1,0.6304728546409808,0.96
2024,05,PRT.17.3.7_1,0.6147110332749562,0.954565869911553
2024,05,PRT.17.3.8_1,0.62697022767075306,0.9588242800430119
2024,05,PRT.17.3.9_1,0.5744308231173381,0.9389696480717574
2024,05,PRT.17.4.1_1,0.649737302977233,0.9661449166662318
2024,05,PRT.17.4.2_1,0.628721541155867,0.9594144047282176
2024,05,PRT.17.4.3_1,0.5359019264448337,0.9216593730874764
2024,05,PRT.17.4.4_1,0.5674255691768827,0.936
2024,05,PRT.17.4.5_1,0.5604203152364273,0.9329523031752481
2024,05,PRT.17.4.6_1,0.5936952714535902,0.9467396685467447
2024,05,PRT.17.4.7_1,0.5411558669001751,0.9241623234042816
2024,05,PRT.17.4.8_1,0.5936952714535902,0.9467396685467447
2024,05,PRT.17.5.1_1,0.500875656742557,0.9037787339830473
2024,05,PRT.17.5.2_1,0.6042031523642732,0.9507365565707464
2024,05,PRT.17.5.3_1,0.5026269702276708,0.9047231620777706
2024,05,PRT.17.5.4_1,0.5288966725043783,0.918250510481753
2024,05,PRT.17.5.5_1,0.5166374781085814,0.9120855223058855
2024,05,PRT.17.6.1_1,0.5376532399299475,0.9224987804869988
2024,05,PRT.17.6.2_1,0.62697022767075306,0.9588242800430119
2024,05,PRT.17.6.3_1,0.5761821366024519,0.939699952112375
2024,05,PRT.17.6.4_1,0.5744308231173381,0.9389696480717574
2024,05,PRT.17.6.5_1,0.5604203152364273,0.9329523031752481
2024,05,PRT.17.6.6_1,0.5481611208406305,0.9274287034591931
2024,05,PRT.17.7.1_1,0.5236427320490368,0.9156396671180208
2024,05,PRT.17.7.2_1,0.542907180385289,0.9249864863877743
2024,05,PRT.17.7.3_1,0.4956217162872154,0.9009128703709366
2024,05,PRT.17.7.4_1,0.43432574430823123,0.8637036528810099
2024,05,PRT.17.7.5_1,0.5674255691768827,0.936
2024,05,PRT.17.7.6_1,0.4518388791593696,0.8750679973579196
2024,05,PRT.17.7.7_1,0.4518388791593696,0.8750679973579196
2024,05,PRT.17.7.8_1,0.5551663747810859,0.9306148505155073
2024,05,PRT.17.8.1_1,0.48861646234676015,0.8970150500409678
2024,05,PRT.17.8.2_1,0.4956217162872154,0.9009128703709366
2024,05,PRT.17.8.3_1,0.5026269702276708,0.9047231620777706
2024,05,PRT.17.8.4_1,0.4956217162872154,0.9009128703709366
2024,05,PRT.17.8.5_1,0.5394045534150613,0.923333092659415
2024,05,PRT.17.9.1_1,0.45534150612959723,0.8772684879784524
2024,05,PRT.17.9.10_1,0.5411558669001751,0.9241623234042816
2024,05,PRT.17.9.11_1,0.48336252189141865,0.8940335564172074
2024,05,PRT.17.9.2_1,0.4430823117338004,0.8694619025581282
2024,05,PRT.17.9.3_1,0.5253940455341506,0.916515138991168
2024,05,PRT.17.9.4_1,0.4676007005253941,0.8847847195787232
2024,05,PRT.17.9.5_1,0.5569176882661997,0.931398947819891
2024,05,PRT.17.9.6_1,0.5499124343257443,0.9282327294380435
2024,05,PRT.17.9.7_1,0.5534150612959721,0.9298257901349047
2024,05,PRT.17.9.8_1,0.4816112084063048,0.8930285549745876
2024,05,PRT.17.9.9_1,0.4711033274956218,0.8868799242287537
2024,05,PRT.18.1.1_1,0.7040280210157619,0.9806038955664005
2024,05,PRT.18.1.10_1,0.6654991243432575,0.9707728879609279
2024,05,PRT.18.1.11_1,0.7022767075306481,0.9802020199938377
2024,05,PRT.18.1.12_1,0.712784588441331,0.9825497442877892
2024,05,PRT.18.1.13_1,0.6830122591943959,0.9754998718605759
2024,05,PRT.18.1.14_1,0.7408056042031524,0.9880708476622514
2024,05,PRT.18.1.15_1,0.6654991243432575,0.9707728879609279
2024,05,PRT.18.1.16_1,0.6865148861646235,0.9763933633531108
2024,05,PRT.18.1.17_1,0.63922942206655,0.9628603221651623
2024,05,PRT.18.1.18_1,0.6584938704028022,0.9687600322061186
2024,05,PRT.18.1.19_1,0.7250437828371279,0.9850969495435462
2024,05,PRT.18.1.2_1,0.6987740805604205,0.9793855216409929
2024,05,PRT.18.1.20_1,0.7373029772329247,0.987439112046915
2024,05,PRT.18.1.21_1,0.7548161120840631,0.9904322288778774
2024,05,PRT.18.1.22_1,0.6725043782837129,0.9727157858285225
2024,05,PRT.18.1.23_1,0.6987740805604205,0.9793855216409929
2024,05,PRT.18.1.24_1,0.7110332749562173,0.9821690282227392
2024,05,PRT.18.1.25_1,0.7145359019264449,0.9829262434180909
2024,05,PRT.18.1.26_1,0.6619964973730298,0.9697752316903129
2024,05,PRT.18.1.27_1,0.7338003502626971,0.986790757962396
2024,05,PRT.18.1.28_1,0.7110332749562173,0.9821690282227392
2024,05,PRT.18.1.29_1,0.6987740805604205,0.9793855216409929
2024,05,PRT.18.1.3_1,0.7145359019264449,0.9829262434180909
2024,05,PRT.18.1.30_1,0.7443082311733801,0.9886859966642594
2024,05,PRT.18.1.31_1,0.6339754816112084,0.9611576353543679
2024,05,PRT.18.1.32_1,0.7267950963222417,0.9854440623394105
2024,05,PRT.18.1.33_1,0.6830122591943959,0.9754998718605759
2024,05,PRT.18.1.34_1,0.7495621716287216,0.9895776877031939
2024,05,PRT.18.1.35_1,0.6900175131348513,0.9772696659571503
2024,05,PRT.18.1.36_1,0.7425569176882663,0.9883804935347521
2024,05,PRT.18.1.37_1,0.712784588441331,0.9825497442877892
2024,05,PRT.18.1.38_1,0.7495621716287216,0.9895776877031939
2024,05,PRT.18.1.39_1,0.6795096322241682,0.9745891442038537
2024,05,PRT.18.1.4_1,0.7180385288966725,0.983666610188635
2024,05,PRT.18.1.40_1,0.7022767075306481,0.9802020199938377
2024,05,PRT.18.1.41_1,0.7040280210157619,0.9806038955664005
2024,05,PRT.18.1.42_1,0.7390542907180385,0.9877570551507087
2024,05,PRT.18.1.43_1,0.7355516637478109,0.9871170143402452
2024,05,PRT.18.1.44_1,0.6725043782837129,0.9727157858285225
2024,05,PRT.18.1.45_1,0.6917688266199651,0.9777013859047148
2024,05,PRT.18.1.46_1,0.6865148861646235,0.9763933633531108
2024,05,PRT.18.1.47_1,0.6865148861646235,0.9763933633531108
2024,05,PRT.18.1.48_1,0.7583187390542908,0.9909813318120578
2024,05,PRT.18.1.49_1,0.7005253940455343,0.9797958971132712
2024,05,PRT.18.1.5_1,0.6830122591943959,0.9754998718605759
2024,05,PRT.18.1.50_1,0.6970227670753065,0.9789708882290628
2024,05,PRT.18.1.51_1,0.6830122591943959,0.9754998718605759
2024,05,PRT.18.1.6_1,0.7232924693520141,0.9847456524402634
2024,05,PRT.18.1.7_1,0.6970227670753065,0.9789708882290628
2024,05,PRT.18.1.8_1,0.670753064798599,0.9722365967191319
2024,05,PRT.18.1.9_1,0.7232924693520141,0.9847456524402634
2024,05,PRT.18.10.1_1,0.7513134851138354,0.9898666576867816
2024,05,PRT.18.10.10_1,0.7302977232924693,0.9861257526299574
2024,05,PRT.18.10.11_1,0.6917688266199651,0.9777013859047148
2024,05,PRT.18.10.12_1,0.7197898423817863,0.9840304873325826
2024,05,PRT.18.10.13_1,0.7075306479859896,0.9813949256033475
2024,05,PRT.18.10.14_1,0.7618213660245184,0.9915139938498094
2024,05,PRT.18.10.15_1,0.6760070052539405,0.9736611320166786
2024,05,PRT.18.10.2_1,0.7022767075306481,0.9802020199938377
2024,05,PRT.18.10.3_1,0.7443082311733801,0.9886859966642594
2024,05,PRT.18.10.4_1,0.7075306479859896,0.9813949256033475
2024,05,PRT.18.10.5_1,0.7565674255691769,0.9907088371464141
2024,05,PRT.18.10.6_1,0.7075306479859896,0.9813949256033475
2024,05,PRT.18.10.7_1,0.8056042031523644,0.996794863550169
2024,05,PRT.18.10.8_1,0.7267950963222417,0.9854440623394105
2024,05,PRT.18.10.9_1,0.7478108581436077,0.9892845899942038
2024,05,PRT.18.2.1_1,0.7215411558669002,0.9843901665498289
2024,05,PRT.18.2.10_1,0.7232924693520141,0.9847456524402634
2024,05,PRT.18.2.11_1,0.7197898423817863,0.9840304873325826
2024,05,PRT.18.2.12_1,0.6882661996497373,0.976833660353696
2024,05,PRT.18.2.13_1,0.7267950963222417,0.9854440623394105
2024,05,PRT.18.2.14_1,0.6970227670753065,0.9789708882290628
2024,05,PRT.18.2.15_1,0.6865148861646235,0.9763933633531108
2024,05,PRT.18.2.16_1,0.7600700525394046,0.9912497162672985
2024,05,PRT.18.2.17_1,0.7513134851138354,0.9898666576867816
2024,05,PRT.18.2.18_1,0.7460595446584939,0.9889873608899156
2024,05,PRT.18.2.19_1,0.7530647985989493,0.990151503558925
2024,05,PRT.18.2.2_1,0.7075306479859896,0.9813949256033475
2024,05,PRT.18.2.20_1,0.7040280210157619,0.9806038955664005
2024,05,PRT.18.2.3_1,0.7320490367775833,0.98646033878712025
2024,05,PRT.18.2.4_1,0.7005253940455343,0.9797958971132712
2024,05,PRT.18.2.5_1,0.7145359019264449,0.9829262434180909
2024,05,PRT.18.2.6_1,0.7653239929947461,0.9920302414745228
2024,05,PRT.18.2.7_1,0.7408056042031524,0.9880708476622514
2024,05,PRT.18.2.8_1,0.7425569176882663,0.9883804935347521
2024,05,PRT.18.2.9_1,0.7215411558669002,0.9843901665498289
2024,05,PRT.18.3.1_1,0.6532399299474606,0.9672042183530839
2024,05,PRT.18.3.10_1,0.6339754816112084,0.9611576353543679
2024,05,PRT.18.3.11_1,0.7092819614711035,0.9817840903172144
2024,05,PRT.18.3.12_1,0.6374781085814362,0.962297251372984
2024,05,PRT.18.3.13_1,0.6830122591943959,0.9754998718605759
2024,05,PRT.18.3.14_1,0.6549912434325745,0.9677272342969376
2024,05,PRT.18.3.15_1,0.6987740805604205,0.9793855216409929
2024,05,PRT.18.3.16_1,0.628721541155867,0.9594144047282176
2024,05,PRT.18.3.17_1,0.6322241681260946,0.9605810741421048
2024,05,PRT.18.3.18_1,0.6812609457092821,0.975046665549911
2024,05,PRT.18.3.2_1,0.6234676007005254,0.9576304088739037
2024,05,PRT.18.3.3_1,0.6584938704028022,0.9687600322061186
2024,05,PRT.18.3.4_1,0.6987740805604205,0.9793855216409929
2024,05,PRT.18.3.5_1,0.649737302977233,0.9661449166662318
2024,05,PRT.18.3.6_1,0.6427320490367776,0.9639730286683336
2024,05,PRT.18.3.7_1,0.6322241681260946,0.9605810741421048
2024,05,PRT.18.3.8_1,0.6427320490367776,0.9639730286683336
2024,05,PRT.18.3.9_1,0.6672504378283713,0.9712651543219287
2024,05,PRT.18.4.1_1,0.7425569176882663,0.9883804935347521
2024,05,PRT.18.4.10_1,0.7267950963222417,0.9854440623394105
2024,05,PRT.18.4.11_1,0.7460595446584939,0.9889873608899156
2024,05,PRT.18.4.12_1,0.7302977232924693,0.9861257526299574
2024,05,PRT.18.4.13_1,0.6725043782837129,0.9727157858285225
2024,05,PRT.18.4.14_1,0.6725043782837129,0.9727157858285225
2024,05,PRT.18.4.15_1,0.7302977232924693,0.9861257526299574
2024,05,PRT.18.4.16_1,0.6847635726795097,0.9759487691472335
2024,05,PRT.18.4.17_1,0.7267950963222417,0.9854440623394105
2024,05,PRT.18.4.18_1,0.7057793345008757,0.9810015290507961
2024,05,PRT.18.4.19_1,0.6987740805604205,0.9793855216409929
2024,05,PRT.18.4.2_1,0.7022767075306481,0.9802020199938377
2024,05,PRT.18.4.20_1,0.7513134851138354,0.9898666576867816
2024,05,PRT.18.4.21_1,0.7180385288966725,0.983666610188635
2024,05,PRT.18.4.22_1,0.7250437828371279,0.9850969495435462
2024,05,PRT.18.4.23_1,0.7005253940455343,0.9797958971132712
2024,05,PRT.18.4.24_1,0.7302977232924693,0.9861257526299574
2024,05,PRT.18.4.25_1,0.6795096322241682,0.9745891442038537
2024,05,PRT.18.4.26_1,0.7285464098073555,0.9857869952479592
2024,05,PRT.18.4.27_1,0.7057793345008757,0.9810015290507961
2024,05,PRT.18.4.28_1,0.6900175131348513,0.9772696659571503
2024,05,PRT.18.4.29_1,0.7215411558669002,0.9843901665498289
2024,05,PRT.18.4.3_1,0.7092819614711035,0.9817840903172144
2024,05,PRT.18.4.30_1,0.7232924693520141,0.9847456524402634
2024,05,PRT.18.4.31_1,0.7740805604203153,0.9932492134404135
2024,05,PRT.18.4.32_1,0.6917688266199651,0.9777013859047148
2024,05,PRT.18.4.33_1,0.7635726795096323,0.9917741678426597
2024,05,PRT.18.4.4_1,0.7145359019264449,0.9829262434180909
2024,05,PRT.18.4.5_1,0.7390542907180385,0.9877570551507087
2024,05,PRT.18.4.6_1,0.7022767075306481,0.9802020199938377
2024,05,PRT.18.4.7_1,0.7408056042031524,0.9880708476622514
2024,05,PRT.18.4.8_1,0.6725043782837129,0.9727157858285225
2024,05,PRT.18.4.9_1,0.7145359019264449,0.9829262434180909
2024,05,PRT.18.5.1_1,0.7408056042031524,0.9880708476622514
2024,05,PRT.18.5.10_1,0.7267950963222417,0.9854440623394105
2024,05,PRT.18.5.11_1,0.6935201401050789,0.9781288258711119
2024,05,PRT.18.5.12_1,0.7530647985989493,0.990151503558925
2024,05,PRT.18.5.13_1,0.6637478108581437,0.970276249322841
2024,05,PRT.18.5.14_1,0.7478108581436077,0.9892845899942038
2024,05,PRT.18.5.15_1,0.6900175131348513,0.9772696659571503
2024,05,PRT.18.5.16_1,0.7530647985989493,0.990151503558925
2024,05,PRT.18.5.17_1,0.7005253940455343,0.9797958971132712
2024,05,PRT.18.5.18_1,0.712784588441331,0.9825497442877892
2024,05,PRT.18.5.19_1,0.7373029772329247,0.987439112046915
2024,05,PRT.18.5.2_1,0.6479859894921192,0.9656086163658648
2024,05,PRT.18.5.20_1,0.7338003502626971,0.986790757962396
2024,05,PRT.18.5.21_1,0.7075306479859896,0.9813949256033475
2024,05,PRT.18.5.3_1,0.660245183887916,0.9692698282728087
2024,05,PRT.18.5.4_1,0.7530647985989493,0.990151503558925
2024,05,PRT.18.5.5_1,0.6795096322241682,0.9745891442038537
2024,05,PRT.18.5.6_1,0.7478108581436077,0.9892845899942038
2024,05,PRT.18.5.7_1,0.6952714535901927,0.97855199146494
2024,05,PRT.18.5.8_1,0.712784588441331,0.9825497442877892
2024,05,PRT.18.5.9_1,0.7180385288966725,0.983666610188635
2024,05,PRT.18.6.1_1,0.7215411558669002,0.9843901665498289
2024,05,PRT.18.6.10_1,0.6812609457092821,0.975046665549911
2024,05,PRT.18.6.11_1,0.7250437828371279,0.9850969495435462
2024,05,PRT.18.6.12_1,0.7057793345008757,0.9810015290507961
2024,05,PRT.18.6.13_1,0.7040280210157619,0.9806038955664005
2024,05,PRT.18.6.14_1,0.6812609457092821,0.975046665549911
2024,05,PRT.18.6.15_1,0.7250437828371279,0.9850969495435462
2024,05,PRT.18.6.16_1,0.6742556917688267,0.9731906288081488
2024,05,PRT.18.6.17_1,0.6847635726795097,0.9759487691472335
2024,05,PRT.18.6.18_1,0.7057793345008757,0.9810015290507961
2024,05,PRT.18.6.19_1,0.6970227670753065,0.9789708882290628
2024,05,PRT.18.6.2_1,0.7338003502626971,0.986790757962396
2024,05,PRT.18.6.20_1,0.7338003502626971,0.986790757962396
2024,05,PRT.18.6.21_1,0.6900175131348513,0.9772696659571503
2024,05,PRT.18.6.22_1,0.6777583187390543,0.9741273017424364
2024,05,PRT.18.6.23_1,0.63922942206655,0.9628603221651623
2024,05,PRT.18.6.24_1,0.7040280210157619,0.9806038955664005
2024,05,PRT.18.6.25_1,0.7145359019264449,0.9829262434180909
2024,05,PRT.18.6.3_1,0.7197898423817863,0.9840304873325826
2024,05,PRT.18.6.4_1,0.6374781085814362,0.962297251372984
2024,05,PRT.18.6.5_1,0.6987740805604205,0.9793855216409929
2024,05,PRT.18.6.6_1,0.7548161120840631,0.9904322288778774
2024,05,PRT.18.6.7_1,0.7338003502626971,0.986790757962396
2024,05,PRT.18.6.8_1,0.6917688266199651,0.9777013859047148
2024,05,PRT.18.6.9_1,0.6654991243432575,0.9707728879609279
2024,05,PRT.18.7.1_1,0.6865148861646235,0.9763933633531108
2024,05,PRT.18.7.10_1,0.6654991243432575,0.9707728879609279
2024,05,PRT.18.7.11_1,0.670753064798599,0.9722365967191319
2024,05,PRT.18.7.12_1,0.7285464098073555,0.9857869952479592
2024,05,PRT.18.7.13_1,0.63922942206655,0.9628603221651623
2024,05,PRT.18.7.14_1,0.7600700525394046,0.9912497162672985
2024,05,PRT.18.7.15_1,0.6725043782837129,0.9727157858285225
2024,05,PRT.18.7.16_1,0.6549912434325745,0.9677272342969376
2024,05,PRT.18.7.17_1,0.6619964973730298,0.9697752316903129
2024,05,PRT.18.7.18_1,0.7215411558669002,0.9843901665498289
2024,05,PRT.18.7.19_1,0.7250437828371279,0.9850969495435462
2024,05,PRT.18.7.2_1,0.7057793345008757,0.9810015290507961
2024,05,PRT.18.7.20_1,0.6725043782837129,0.9727157858285225
2024,05,PRT.18.7.21_1,0.6690017513134852,0.9717530550505102
2024,05,PRT.18.7.22_1,0.7162872154115587,0.9832985304575615
2024,05,PRT.18.7.23_1,0.7478108581436077,0.9892845899942038
2024,05,PRT.18.7.24_1,0.7057793345008757,0.9810015290507961
2024,05,PRT.18.7.25_1,0.7408056042031524,0.9880708476622514
2024,05,PRT.18.7.26_1,0.7443082311733801,0.9886859966642594
2024,05,PRT.18.7.27_1,0.6812609457092821,0.975046665549911
2024,05,PRT.18.7.28_1,0.7390542907180385,0.9877570551507087
2024,05,PRT.18.7.29_1,0.7495621716287216,0.9895776877031939
2024,05,PRT.18.7.3_1,0.7162872154115587,0.9832985304575615
2024,05,PRT.18.7.30_1,0.7320490367775833,0.98646033878712025
2024,05,PRT.18.7.31_1,0.7162872154115587,0.9832985304575615
2024,05,PRT.18.7.32_1,0.7162872154115587,0.9832985304575615
2024,05,PRT.18.7.33_1,0.7092819614711035,0.9817840903172144
2024,05,PRT.18.7.34_1,0.6584938704028022,0.9687600322061186
2024,05,PRT.18.7.35_1,0.7338003502626971,0.986790757962396
2024,05,PRT.18.7.36_1,0.7355516637478109,0.9871170143402452
2024,05,PRT.18.7.37_1,0.7408056042031524,0.9880708476622514
2024,05,PRT.18.7.38_1,0.7215411558669002,0.9843901665498289
2024,05,PRT.18.7.39_1,0.7320490367775833,0.98646033878712025
2024,05,PRT.18.7.4_1,0.712784588441331,0.9825497442877892
2024,05,PRT.18.7.40_1,0.7197898423817863,0.9840304873325826
2024,05,PRT.18.7.41_1,0.6812609457092821,0.975046665549911
2024,05,PRT.18.7.42_1,0.6812609457092821,0.975046665549911
2024,05,PRT.18.7.43_1,0.6567425569176883,0.9682458365518543
2024,05,PRT.18.7.44_1,0.7618213660245184,0.9915139938498094
2024,05,PRT.18.7.45_1,0.6865148861646235,0.9763933633531108
2024,05,PRT.18.7.46_1,0.6725043782837129,0.9727157858285225
2024,05,PRT.18.7.47_1,0.7267950963222417,0.9854440623394105
2024,05,PRT.18.7.48_1,0.7285464098073555,0.9857869952479592
2024,05,PRT.18.7.49_1,0.6777583187390543,0.9741273017424364
2024,05,PRT.18.7.5_1,0.7460595446584939,0.9889873608899156
2024,05,PRT.18.7.50_1,0.7530647985989493,0.990151503558925
2024,05,PRT.18.7.51_1,0.7232924693520141,0.9847456524402634
2024,05,PRT.18.7.6_1,0.6795096322241682,0.9745891442038537
2024,05,PRT.18.7.7_1,0.6970227670753065,0.9789708882290628
2024,05,PRT.18.7.8_1,0.6882661996497373,0.976833660353696
2024,05,PRT.18.7.9_1,0.6900175131348513,0.9772696659571503
2024,05,PRT.18.8.1_1,0.7548161120840631,0.9904322288778774
2024,05,PRT.18.8.10_1,0.7145359019264449,0.9829262434180909
2024,05,PRT.18.8.11_1,0.76707530647986,0.9922822179198819
2024,05,PRT.18.8.12_1,0.6952714535901927,0.97855199146494
2024,05,PRT.18.8.13_1,0.7232924693520141,0.9847456524402634
2024,05,PRT.18.8.14_1,0.7425569176882663,0.9883804935347521
2024,05,PRT.18.8.15_1,0.7338003502626971,0.986790757962396
2024,05,PRT.18.8.16_1,0.7635726795096323,0.9917741678426597
2024,05,PRT.18.8.2_1,0.7040280210157619,0.9806038955664005
2024,05,PRT.18.8.3_1,0.7320490367775833,0.98646033878712025
2024,05,PRT.18.8.4_1,0.7530647985989493,0.990151503558925
2024,05,PRT.18.8.5_1,0.7548161120840631,0.9904322288778774
2024,05,PRT.18.8.6_1,0.7548161120840631,0.9904322288778774
2024,05,PRT.18.8.7_1,0.7460595446584939,0.9889873608899156
2024,05,PRT.18.8.8_1,0.7373029772329247,0.987439112046915
2024,05,PRT.18.8.9_1,0.7565674255691769,0.9907088371464141
2024,05,PRT.18.9.1_1,0.7197898423817863,0.9840304873325826
2024,05,PRT.18.9.11_1,0.6865148861646235,0.9763933633531108
2024,05,PRT.18.9.12_1,0.6690017513134852,0.9717530550505102
2024,05,PRT.18.9.13_1,0.6952714535901927,0.97855199146494
2024,05,PRT.18.9.14_1,0.712784588441331,0.9825497442877892
2024,05,PRT.18.9.15_1,0.7302977232924693,0.9861257526299574
2024,05,PRT.18.9.16_1,0.7145359019264449,0.9829262434180909
2024,05,PRT.18.9.17_1,0.712784588441331,0.9825497442877892
2024,05,PRT.18.9.18_1,0.7057793345008757,0.9810015290507961
2024,05,PRT.18.9.19_1,0.7320490367775833,0.98646033878712025
2024,05,PRT.18.9.2_1,0.6987740805604205,0.9793855216409929
2024,05,PRT.18.9.20_1,0.7338003502626971,0.986790757962396
2024,05,PRT.18.9.21_1,0.6917688266199651,0.9777013859047148
2024,05,PRT.18.9.22_1,0.7057793345008757,0.9810015290507961
2024,05,PRT.18.9.24_1,0.7022767075306481,0.9802020199938377
2024,05,PRT.18.9.25_1,0.7618213660245184,0.9915139938498094
2024,05,PRT.18.9.26_1,0.6987740805604205,0.9793855216409929
2024,05,PRT.18.9.27_1,0.7460595446584939,0.9889873608899156
2024,05,PRT.18.9.28_1,0.7338003502626971,0.986790757962396
2024,05,PRT.18.9.29_1,0.6900175131348513,0.9772696659571503
2024,05,PRT.18.9.3_1,0.6987740805604205,0.9793855216409929
2024,05,PRT.18.9.30_1,0.6917688266199651,0.9777013859047148
2024,05,PRT.18.9.31_1,0.7302977232924693,0.9861257526299574
2024,05,PRT.18.9.32_1,0.7110332749562173,0.9821690282227392
2024,05,PRT.18.9.33_1,0.7005253940455343,0.9797958971132712
2024,05,PRT.18.9.35_1,0.6760070052539405,0.9736611320166786
2024,05,PRT.18.9.36_1,0.7250437828371279,0.9850969495435462
2024,05,PRT.18.9.37_1,0.6760070052539405,0.9736611320166786
2024,05,PRT.18.9.38_1,0.7635726795096323,0.9917741678426597
2024,05,PRT.18.9.39_1,0.6970227670753065,0.9789708882290628
2024,05,PRT.18.9.4_1,0.7408056042031524,0.9880708476622514
2024,05,PRT.18.9.40_1,0.7180385288966725,0.983666610188635
2024,05,PRT.18.9.5_1,0.7618213660245184,0.9915139938498094
2024,05,PRT.18.9.6_1,0.7022767075306481,0.9802020199938377
2024,05,PRT.18.9.7_1,0.6987740805604205,0.9793855216409929
2024,05,PRT.18.9.8_1,0.7495621716287216,0.9895776877031939
2024,05,PRT.18.9.9_1,0.7180385288966725,0.983666610188635
2024,05,PRT.19.1.1_1,0.5814360770577934,0.9418619856433319
2024,05,PRT.19.1.10_1,0.6182136602451839,0.9558054195284729
2024,05,PRT.19.1.11_1,0.5674255691768827,0.936
2024,05,PRT.19.1.12_1,0.5411558669001751,0.9241623234042816
2024,05,PRT.19.1.13_1,0.5656742556917689,0.9352454223357631
2024,05,PRT.19.1.14_1,0.5499124343257443,0.9282327294380435
2024,05,PRT.19.1.15_1,0.5744308231173381,0.9389696480717574
2024,05,PRT.19.1.16_1,0.5306479859894921,0.9191104395011516
2024,05,PRT.19.1.17_1,0.5096322241681261,0.9084470265238365
2024,05,PRT.19.1.18_1,0.5691768826619966,0.9367496997597597
2024,05,PRT.19.1.19_1,0.5288966725043783,0.918250510481753
2024,05,PRT.19.1.2_1,0.5674255691768827,0.936
2024,05,PRT.19.1.3_1,0.5411558669001751,0.9241623234042816
2024,05,PRT.19.1.4_1,0.5796847635726796,0.9411461098044235
2024,05,PRT.19.1.5_1,0.5586690017513135,0.9321780945720619
2024,05,PRT.19.1.6_1,0.5446584938704029,0.9258055951440345
2024,05,PRT.19.1.7_1,0.5761821366024519,0.939699952112375
2024,05,PRT.19.1.8_1,0.5359019264448337,0.9216593730874764
2024,05,PRT.19.1.9_1,0.521891418563923,0.9147589846511485
2024,05,PRT.19.10.1_1,0.5936952714535902,0.9467396685467447
2024,05,PRT.19.10.10_1,0.5761821366024519,0.939699952112375
2024,05,PRT.19.10.11_1,0.5761821366024519,0.939699952112375
2024,05,PRT.19.10.12_1,0.5551663747810859,0.9306148505155073
2024,05,PRT.19.10.13_1,0.5464098073555167,0.9266196630764966
2024,05,PRT.19.10.14_1,0.542907180385289,0.9249864863877743
2024,05,PRT.19.10.15_1,0.5744308231173381,0.9389696480717574
2024,05,PRT.19.10.2_1,0.5919439579684764,0.946057080730333
2024,05,PRT.19.10.3_1,0.6234676007005254,0.9576304088739037
2024,05,PRT.19.10.4_1,0.5884413309982488,0.9446777228240327
2024,05,PRT.19.10.5_1,0.5919439579684764,0.946057080730333
2024,05,PRT.19.10.6_1,0.5884413309982488,0.9446777228240327
2024,05,PRT.19.10.7_1,0.5569176882661997,0.931398947819891
2024,05,PRT.19.10.8_1,0.5919439579684764,0.946057080730333
2024,05,PRT.19.10.9_1,0.5936952714535902,0.9467396685467447
2024,05,PRT.19.11.1_1,0.6304728546409808,0.96
2024,05,PRT.19.11.10_1,0.586690017513135,0.9439809320108113
2024,05,PRT.19.11.2_1,0.6252189141856392,0.9582296175760798
2024,05,PRT.19.11.3_1,0.6094570928196147,0.9526720317087093
2024,05,PRT.19.11.4_1,0.6322241681260946,0.9605810741421048
2024,05,PRT.19.11.5_1,0.6444833625218914,0.9645226798784983
2024,05,PRT.19.11.6_1,0.6112084063047285,0.9533079250693346
2024,05,PRT.19.11.7_1,0.5901926444833626,0.9453697689264238
2024,05,PRT.19.11.8_1,0.6112084063047285,0.9533079250693346
2024,05,PRT.19.11.9_1,0.5849387040280211,0.9432793859721519
2024,05,PRT.19.12.17_1,0.5604203152364273,0.9329523031752481
2024,05,PRT.19.12.20_1,0.5411558669001751,0.9241623234042816
2024,05,PRT.19.12.23_1,0.5604203152364273,0.9329523031752481
2024,05,PRT.19.12.25_1,0.5884413309982488,0.9446777228240327
2024,05,PRT.19.12.27_1,0.5534150612959721,0.9298257901349047
2024,05,PRT.19.12.30_1,0.5761821366024519,0.939699952112375
2024,05,PRT.19.12.4_1,0.5394045534150613,0.923333092659415
2024,05,PRT.19.12.5_1,0.5253940455341506,0.916515138991168
2024,05,PRT.19.12.8_1,0.5499124343257443,0.9282327294380435
2024,05,PRT.19.13.13_1,0.6532399299474606,0.9672042183530839
2024,05,PRT.19.13.14_1,0.5919439579684764,0.946057080730333
2024,05,PRT.19.13.18_1,0.5726795096322242,0.9382345122622595
2024,05,PRT.19.13.2_1,0.5586690017513135,0.9321780945720619
2024,05,PRT.19.14.1_1,0.6339754816112084,0.9611576353543679
2024,05,PRT.19.14.10_1,0.6357267950963222,0.9617296917533533
2024,05,PRT.19.14.11_1,0.5796847635726796,0.9411461098044235
2024,05,PRT.19.14.12_1,0.6024518388791593,0.9500821017154254
2024,05,PRT.19.14.13_1,0.5884413309982488,0.9446777228240327
2024,05,PRT.19.14.14_1,0.6147110332749562,0.954565869911553
2024,05,PRT.19.14.15_1,0.6322241681260946,0.9605810741421048
2024,05,PRT.19.14.16_1,0.6409807355516638,0.9634189120003821
2024,05,PRT.19.14.17_1,0.6234676007005254,0.9576304088739037
2024,05,PRT.19.14.18_1,0.6182136602451839,0.9558054195284729
2024,05,PRT.19.14.19_1,0.6532399299474606,0.9672042183530839
2024,05,PRT.19.14.2_1,0.6147110332749562,0.954565869911553
2024,05,PRT.19.14.20_1,0.6427320490367776,0.9639730286683336
2024,05,PRT.19.14.21_1,0.6725043782837129,0.9727157858285225
2024,05,PRT.19.14.22_1,0.5779334500875658,0.9404254356406998
2024,05,PRT.19.14.23_1,0.6777583187390543,0.9741273017424364
2024,05,PRT.19.14.24_1,0.6199649737302978,0.9564183185196736
2024,05,PRT.19.14.25_1,0.670753064798599,0.9722365967191319
2024,05,PRT.19.14.26_1,0.6549912434325745,0.9677272342969376
2024,05,PRT.19.14.27_1,0.628721541155867,0.9594144047282176
2024,05,PRT.19.14.28_1,0.6234676007005254,0.9576304088739037
2024,05,PRT.19.14.29_1,0.5954465849387042,0.9474175425861608
2024,05,PRT.19.14.3_1,0.6217162872154116,0.9570266453970862
2024,05,PRT.19.14.30_1,0.5656742556917689,0.9352454223357631
2024,05,PRT.19.14.4_1,0.5849387040280211,0.9432793859721519
2024,05,PRT.19.14.5_1,0.5936952714535902,0.9467396685467447
2024,05,PRT.19.14.6_1,0.6725043782837129,0.9727157858285225
2024,05,PRT.19.14.7_1,0.6462346760070053,0.965067873260736
2024,05,PRT.19.14.8_1,0.6164623467600701,0.955187939622355
2024,05,PRT.19.14.9_1,0.6059544658493871,0.9513863568498342
2024,05,PRT.19.3.11_1,0.5884413309982488,0.9446777228240327
2024,05,PRT.19.3.13_1,0.5464098073555167,0.9266196630764966
2024,05,PRT.19.3.16_1,0.5936952714535902,0.9467396685467447
2024,05,PRT.19.3.21_1,0.6304728546409808,0.96
2024,05,PRT.19.3.27_1,0.5586690017513135,0.9321780945720619
2024,05,PRT.19.3.36_1,0.5446584938704029,0.9258055951440345
2024,05,PRT.19.3.39_1,0.6409807355516638,0.9634189120003821
2024,05,PRT.19.3.41_1,0.5481611208406305,0.9274287034591931
2024,05,PRT.19.3.45_1,0.5674255691768827,0.936
2024,05,PRT.19.3.47_1,0.5586690017513135,0.9321780945720619
2024,05,PRT.19.4.1_1,0.6199649737302978,0.9564183185196736
2024,05,PRT.19.4.2_1,0.6094570928196147,0.9526720317087093
2024,05,PRT.19.4.3_1,0.6584938704028022,0.9687600322061186
2024,05,PRT.19.4.4_1,0.649737302977233,0.9661449166662318
2024,05,PRT.19.4.5_1,0.628721541155867,0.9594144047282176
2024,05,PRT.19.4.6_1,0.62697022767075306,0.9588242800430119
2024,05,PRT.19.4.7_1,0.660245183887916,0.9692698282728087
2024,05,PRT.19.5.1_1,0.6164623467600701,0.955187939622355
2024,05,PRT.19.5.2_1,0.62697022767075306,0.9588242800430119
2024,05,PRT.19.5.3_1,0.62697022767075306,0.9588242800430119
2024,05,PRT.19.5.4_1,0.6059544658493871,0.9513863568498342
2024,05,PRT.19.5.5_1,0.6970227670753065,0.9789708882290628
2024,05,PRT.19.5.6_1,0.6672504378283713,0.9712651543219287
2024,05,PRT.19.5.7_1,0.6217162872154116,0.9570266453970862
2024,05,PRT.19.5.8_1,0.6112084063047285,0.9533079250693346
2024,05,PRT.19.6.1_1,0.6549912434325745,0.9677272342969376
2024,05,PRT.19.6.14_1,0.6112084063047285,0.9533079250693346
2024,05,PRT.19.6.17_1,0.62697022767075306,0.9588242800430119
2024,05,PRT.19.6.19_1,0.6147110332749562,0.954565869911553
2024,05,PRT.19.6.20_1,0.5674255691768827,0.936
2024,05,PRT.19.6.23_1,0.6690017513134852,0.9717530550505102
2024,05,PRT.19.6.26_1,0.6532399299474606,0.9672042183530839
2024,05,PRT.19.6.27_1,0.597197898423818,0.9480907129594721
2024,05,PRT.19.6.29_1,0.6217162872154116,0.9570266453970862
2024,05,PRT.19.6.31_1,0.6654991243432575,0.9707728879609279
2024,05,PRT.19.6.35_1,0.6112084063047285,0.9533079250693346
2024,05,PRT.19.6.6_1,0.597197898423818,0.9480907129594721
2024,05,PRT.19.7.1_1,0.4728546409807356,0.8879189152169246
2024,05,PRT.19.7.2_1,0.5709281961471104,0.9374945333173949
2024,05,PRT.19.7.3_1,0.5341506129597198,0.920814856526544
2024,05,PRT.19.7.4_1,0.5376532399299475,0.9224987804869988
2024,05,PRT.19.7.5_1,0.5639229422066551,0.9344859549506349
2024,05,PRT.19.7.6_1,0.5604203152364273,0.9329523031752481
2024,05,PRT.19.7.7_1,0.5464098073555167,0.9266196630764966
2024,05,PRT.19.7.8_1,0.5376532399299475,0.9224987804869988
2024,05,PRT.19.7.9_1,0.5534150612959721,0.9298257901349047
2024,05,PRT.19.8.1_1,0.6690017513134852,0.9717530550505102
2024,05,PRT.19.8.10_1,0.6339754816112084,0.9611576353543679
2024,05,PRT.19.8.11_1,0.6042031523642732,0.9507365565707464
2024,05,PRT.19.8.12_1,0.6672504378283713,0.9712651543219287
2024,05,PRT.19.8.2_1,0.5919439579684764,0.946057080730333
2024,05,PRT.19.8.3_1,0.6462346760070053,0.965067873260736
2024,05,PRT.19.8.4_1,0.6182136602451839,0.9558054195284729
2024,05,PRT.19.8.5_1,0.6059544658493871,0.9513863568498342
2024,05,PRT.19.8.6_1,0.6304728546409808,0.96
2024,05,PRT.19.8.7_1,0.6147110332749562,0.954565869911553
2024,05,PRT.19.8.8_1,0.586690017513135,0.9439809320108113
2024,05,PRT.19.8.9_1,0.5726795096322242,0.9382345122622595
2024,05,PRT.19.9.1_1,0.5779334500875658,0.9404254356406998
2024,05,PRT.19.9.3_1,0.6234676007005254,0.9576304088739037
2024,05,PRT.19.9.4_1,0.6112084063047285,0.9533079250693346
2024,05,PRT.19.9.5_1,0.6322241681260946,0.9605810741421048
2024,05,PRT.2.1.10_1,0.7250437828371279,0.9850969495435462
2024,05,PRT.2.1.12_1,0.7338003502626971,0.986790757962396
2024,05,PRT.2.1.14_1,0.7705779334500876,0.9927738916792685
2024,05,PRT.2.1.15_1,0.7863397548161122,0.9947843987518099
2024,05,PRT.2.1.18_1,0.7110332749562173,0.9821690282227392
2024,05,PRT.2.1.19_1,0.7302977232924693,0.9861257526299574
2024,05,PRT.2.1.2_1,0.7565674255691769,0.9907088371464141
2024,05,PRT.2.1.3_1,0.7267950963222417,0.9854440623394105
2024,05,PRT.2.1.4_1,0.8196147110332751,0.997949898542006
2024,05,PRT.2.1.5_1,0.7583187390542908,0.9909813318120578
2024,05,PRT.2.1.8_1,0.7600700525394046,0.9912497162672985
2024,05,PRT.2.1.9_1,0.7197898423817863,0.9840304873325826
2024,05,PRT.2.10.1_1,0.7723292469352014,0.9930135950730987
2024,05,PRT.2.10.10_1,0.7548161120840631,0.9904322288778774
2024,05,PRT.2.10.11_1,0.7408056042031524,0.9880708476622514
2024,05,PRT.2.10.12_1,0.7600700525394046,0.9912497162672985
2024,05,PRT.2.10.13_1,0.8143607705779335,0.9975469913743412
2024,05,PRT.2.10.14_1,0.7950963222416814,0.9957590069891409
2024,05,PRT.2.10.15_1,0.7793345008756568,0.993931587182941
2024,05,PRT.2.10.16_1,0.830122591943958,0.9986470848102447
2024,05,PRT.2.10.17_1,0.76707530647986,0.9922822179198819
2024,05,PRT.2.10.18_1,0.7530647985989493,0.990151503558925
2024,05,PRT.2.10.19_1,0.8021015761821367,0.9964657545545658
2024,05,PRT.2.10.2_1,0.788091068301226,0.99498743710662
2024,05,PRT.2.10.20_1,0.7162872154115587,0.9832985304575615
2024,05,PRT.2.10.22_1,0.7950963222416814,0.9957590069891409
2024,05,PRT.2.10.23_1,0.7443082311733801,0.9886859966642594
2024,05,PRT.2.10.24_1,0.7285464098073555,0.9857869952479592
2024,05,PRT.2.10.4_1,0.7723292469352014,0.9930135950730987
2024,05,PRT.2.10.5_1,0.7863397548161122,0.9947843987518099
2024,05,PRT.2.10.6_1,0.7565674255691769,0.9907088371464141
2024,05,PRT.2.10.7_1,0.7898423817863398,0.9951864146982715
2024,05,PRT.2.10.8_1,0.7740805604203153,0.9932492134404135
2024,05,PRT.2.10.9_1,0.7898423817863398,0.9951864146982715
2024,05,PRT.2.11.1_1,0.7390542907180385,0.9877570551507087
2024,05,PRT.2.11.2_1,0.7810858143607706,0.9941508939793798
2024,05,PRT.2.11.3_1,0.7618213660245184,0.9915139938498094
2024,05,PRT.2.11.4_1,0.7022767075306481,0.9802020199938377
2024,05,PRT.2.11.5_1,0.7635726795096323,0.9917741678426597
2024,05,PRT.2.11.6_1,0.7460595446584939,0.9889873608899156
2024,05,PRT.2.12.1_1,0.7863397548161122,0.9947843987518099
2024,05,PRT.2.12.10_1,0.7600700525394046,0.9912497162672985
2024,05,PRT.2.12.11_1,0.7845884413309984,0.9945772971468834
2024,05,PRT.2.12.2_1,0.7565674255691769,0.9907088371464141
2024,05,PRT.2.12.3_1,0.8178633975481613,0.997819622978021
2024,05,PRT.2.12.4_1,0.76707530647986,0.9922822179198819
2024,05,PRT.2.12.5_1,0.777583187390543,0.9937082066683358
2024,05,PRT.2.12.6_1,0.7898423817863398,0.9951864146982715
2024,05,PRT.2.12.7_1,0.7478108581436077,0.9892845899942038
2024,05,PRT.2.12.8_1,0.7495621716287216,0.9895776877031939
2024,05,PRT.2.12.9_1,0.7302977232924693,0.9861257526299574
2024,05,PRT.2.13.1_1,0.777583187390543,0.9937082066683358
2024,05,PRT.2.13.10_1,0.8038528896672505,0.996632329397356
2024,05,PRT.2.13.11_1,0.7828371278458844,0.9943661297530201
2024,05,PRT.2.13.12_1,0.7810858143607706,0.9941508939793798
2024,05,PRT.2.13.13_1,0.8108581436077059,0.9972582413798344
2024,05,PRT.2.13.14_1,0.7688266199649738,0.9925301002992302
2024,05,PRT.2.13.2_1,0.76707530647986,0.9922822179198819
2024,05,PRT.2.13.3_1,0.798598949211909,0.9961204746414963
2024,05,PRT.2.13.4_1,0.7390542907180385,0.9877570551507087
2024,05,PRT.2.13.5_1,0.7513134851138354,0.9898666576867816
2024,05,PRT.2.13.6_1,0.8213660245183888,0.9980761493994332
2024,05,PRT.2.13.7_1,0.7845884413309984,0.9945772971468834
2024,05,PRT.2.13.8_1,0.7600700525394046,0.9912497162672985
2024,05,PRT.2.13.9_1,0.8056042031523644,0.996794863550169
2024,05,PRT.2.15.2_1,0.7705779334500876,0.9927738916792685
2024,05,PRT.2.15.3_1,0.7845884413309984,0.9945772971468834
2024,05,PRT.2.15.4_1,0.8003502626970229,0.9962951369950573
2024,05,PRT.2.16.1_1,0.7460595446584939,0.9889873608899156
2024,05,PRT.2.16.2_1,0.7495621716287216,0.9895776877031939
2024,05,PRT.2.16.3_1,0.7565674255691769,0.9907088371464141
2024,05,PRT.2.16.4_1,0.7513134851138354,0.9898666576867816
2024,05,PRT.2.16.5_1,0.7565674255691769,0.9907088371464141
2024,05,PRT.2.19.1_1,0.7933450087565675,0.9955721972815432
2024,05,PRT.2.19.2_1,0.7373029772329247,0.987439112046915
2024,05,PRT.2.19.3_1,0.7740805604203153,0.9932492134404135
2024,05,PRT.2.19.4_1,0.8003502626970229,0.9962951369950573
2024,05,PRT.2.19.5_1,0.76707530647986,0.9922822179198819
2024,05,PRT.2.4.1_1,0.8038528896672505,0.996632329397356
2024,05,PRT.2.4.10_1,0.7460595446584939,0.9889873608899156
2024,05,PRT.2.4.11_1,0.777583187390543,0.9937082066683358
2024,05,PRT.2.4.12_1,0.7460595446584939,0.9889873608899156
2024,05,PRT.2.4.13_1,0.7162872154115587,0.9832985304575615
2024,05,PRT.2.4.2_1,0.7302977232924693,0.9861257526299574
2024,05,PRT.2.4.3_1,0.7478108581436077,0.9892845899942038
2024,05,PRT.2.4.4_1,0.7548161120840631,0.9904322288778774
2024,05,PRT.2.4.5_1,0.7425569176882663,0.9883804935347521
2024,05,PRT.2.4.9_1,0.7565674255691769,0.9907088371464141
2024,05,PRT.2.5.1_1,0.7513134851138354,0.9898666576867816
2024,05,PRT.2.5.2_1,0.7688266199649738,0.9925301002992302
2024,05,PRT.2.5.3_1,0.8213660245183888,0.9980761493994332
2024,05,PRT.2.5.4_1,0.777583187390543,0.9937082066683358
2024,05,PRT.2.6.1_1,0.7565674255691769,0.9907088371464141
2024,05,PRT.2.7.2_1,0.7740805604203153,0.9932492134404135
2024,05,PRT.2.7.4_1,0.7828371278458844,0.9943661297530201
2024,05,PRT.2.7.6_1,0.7040280210157619,0.9806038955664005
2024,05,PRT.2.8.1_1,0.7075306479859896,0.9813949256033475
2024,05,PRT.2.8.2_1,0.7548161120840631,0.9904322288778774
2024,05,PRT.2.8.3_1,0.7723292469352014,0.9930135950730987
2024,05,PRT.2.8.4_1,0.76707530647986,0.9922822179198819
2024,05,PRT.2.8.5_1,0.7495621716287216,0.9895776877031939
2024,05,PRT.2.8.6_1,0.8003502626970229,0.9962951369950573
2024,05,PRT.2.9.1_1,0.7845884413309984,0.9945772971468834
2024,05,PRT.2.9.2_1,0.7390542907180385,0.9877570551507087
2024,05,PRT.2.9.3_1,0.7460595446584939,0.9889873608899156
2024,05,PRT.2.9.4_1,0.7443082311733801,0.9886859966642594
2024,05,PRT.2.9.5_1,0.7425569176882663,0.9883804935347521
2024,05,PRT.2.9.6_1,0.7215411558669002,0.9843901665498289
2024,05,PRT.2.9.7_1,0.7232924693520141,0.9847456524402634
2024,05,PRT.2.9.8_1,0.7478108581436077,0.9892845899942038
2024,05,PRT.2.9.9_1,0.7845884413309984,0.9945772971468834
2024,05,PRT.20.1.1_1,0.542907180385289,0.9249864863877743
2024,05,PRT.20.1.10_1,0.6217162872154116,0.9570266453970862
2024,05,PRT.20.1.11_1,0.5674255691768827,0.936
2024,05,PRT.20.1.12_1,0.542907180385289,0.9249864863877743
2024,05,PRT.20.1.13_1,0.5761821366024519,0.939699952112375
2024,05,PRT.20.1.14_1,0.5796847635726796,0.9411461098044235
2024,05,PRT.20.1.15_1,0.5726795096322242,0.9382345122622595
2024,05,PRT.20.1.16_1,0.6532399299474606,0.9672042183530839
2024,05,PRT.20.1.17_1,0.6059544658493871,0.9513863568498342
2024,05,PRT.20.1.18_1,0.5674255691768827,0.936
2024,05,PRT.20.1.19_1,0.5464098073555167,0.9266196630764966
2024,05,PRT.20.1.2_1,0.6129597197898424,0.9539392014169457
2024,05,PRT.20.1.3_1,0.6094570928196147,0.9526720317087093
2024,05,PRT.20.1.4_1,0.5639229422066551,0.9344859549506349
2024,05,PRT.20.1.5_1,0.6129597197898424,0.9539392014169457
2024,05,PRT.20.1.6_1,0.6567425569176883,0.9682458365518543
2024,05,PRT.20.1.7_1,0.6129597197898424,0.9539392014169457
2024,05,PRT.20.1.8_1,0.5271453590192645,0.9173854151881858
2024,05,PRT.20.1.9_1,0.5936952714535902,0.9467396685467447
2024,05,PRT.20.10.1_1,0.6182136602451839,0.9558054195284729
2024,05,PRT.20.10.10_1,0.6339754816112084,0.9611576353543679
2024,05,PRT.20.10.11_1,0.6164623467600701,0.955187939622355
2024,05,PRT.20.10.12_1,0.6007005253940456,0.9494229826584145
2024,05,PRT.20.10.2_1,0.62697022767075306,0.9588242800430119
2024,05,PRT.20.10.3_1,0.6777583187390543,0.9741273017424364
2024,05,PRT.20.10.4_1,0.597197898423818,0.9480907129594721
2024,05,PRT.20.10.5_1,0.6532399299474606,0.9672042183530839
2024,05,PRT.20.10.6_1,0.6725043782837129,0.9727157858285225
2024,05,PRT.20.10.7_1,0.6672504378283713,0.9712651543219287
2024,05,PRT.20.10.8_1,0.6252189141856392,0.9582296175760798
2024,05,PRT.20.10.9_1,0.6479859894921192,0.9656086163658648
2024,05,PRT.20.11.1_1,0.5831873905429072,0.9425730740902798
2024,05,PRT.20.11.10_1,0.5726795096322242,0.9382345122622595
2024,05,PRT.20.11.11_1,0.5569176882661997,0.931398947819891
2024,05,PRT.20.11.12_1,0.5989492119089318,0.9487591896788141
2024,05,PRT.20.11.13_1,0.5446584938704029,0.9258055951440345
2024,05,PRT.20.11.2_1,0.5726795096322242,0.9382345122622595
2024,05,PRT.20.11.3_1,0.5989492119089318,0.9487591896788141
2024,05,PRT.20.11.4_1,0.5884413309982488,0.9446777228240327
2024,05,PRT.20.11.5_1,0.5288966725043783,0.918250510481753
2024,05,PRT.20.11.6_1,0.6042031523642732,0.9507365565707464
2024,05,PRT.20.11.7_1,0.5989492119089318,0.9487591896788141
2024,05,PRT.20.11.8_1,0.5534150612959721,0.9298257901349047
2024,05,PRT.20.11.9_1,0.6094570928196147,0.9526720317087093
2024,05,PRT.20.12.1_1,0.5043782837127846,0.905662188677434
2024,05,PRT.20.12.2_1,0.5026269702276708,0.9047231620777706
2024,05,PRT.20.12.3_1,0.47810858143607715,0.8910016835000931
2024,05,PRT.20.12.4_1,0.5236427320490368,0.9156396671180208
2024,05,PRT.20.12.5_1,0.5096322241681261,0.9084470265238365
2024,05,PRT.20.12.6_1,0.5078809106830122,0.9075241043630743
2024,05,PRT.20.12.7_1,0.5516637478108581,0.9290317540321213
2024,05,PRT.20.12.8_1,0.500875656742557,0.9037787339830473
2024,05,PRT.20.12.9_1,0.5183887915936953,0.9129819275319747
2024,05,PRT.20.13.1_1,0.6549912434325745,0.9677272342969376
2024,05,PRT.20.13.10_1,0.597197898423818,0.9480907129594721
2024,05,PRT.20.13.11_1,0.6409807355516638,0.9634189120003821
2024,05,PRT.20.13.12_1,0.63922942206655,0.9628603221651623
2024,05,PRT.20.13.13_1,0.5989492119089318,0.9487591896788141
2024,05,PRT.20.13.14_1,0.6549912434325745,0.9677272342969376
2024,05,PRT.20.13.15_1,0.6637478108581437,0.970276249322841
2024,05,PRT.20.13.2_1,0.6339754816112084,0.9611576353543679
2024,05,PRT.20.13.3_1,0.6409807355516638,0.9634189120003821
2024,05,PRT.20.13.4_1,0.6357267950963222,0.9617296917533533
2024,05,PRT.20.13.5_1,0.5884413309982488,0.9446777228240327
2024,05,PRT.20.13.6_1,0.6409807355516638,0.9634189120003821
2024,05,PRT.20.13.7_1,0.6987740805604205,0.9793855216409929
2024,05,PRT.20.13.8_1,0.649737302977233,0.9661449166662318
2024,05,PRT.20.13.9_1,0.63922942206655,0.9628603221651623
2024,05,PRT.20.14.1_1,0.6357267950963222,0.9617296917533533
2024,05,PRT.20.14.2_1,0.6374781085814362,0.962297251372984
2024,05,PRT.20.14.3_1,0.6777583187390543,0.9741273017424364
2024,05,PRT.20.14.4_1,0.6584938704028022,0.9687600322061186
2024,05,PRT.20.14.5_1,0.6147110332749562,0.954565869911553
2024,05,PRT.20.14.6_1,0.6549912434325745,0.9677272342969376
2024,05,PRT.20.14.7_1,0.6514886164623468,0.9666767815562759
2024,05,PRT.20.14.8_1,0.6532399299474606,0.9672042183530839
2024,05,PRT.20.14.9_1,0.6234676007005254,0.9576304088739037
2024,05,PRT.20.15.1_1,0.5341506129597198,0.920814856526544
2024,05,PRT.20.15.10_1,0.5499124343257443,0.9282327294380435
2024,05,PRT.20.15.11_1,0.4973730297723292,0.9018736053350269
2024,05,PRT.20.15.12_1,0.5359019264448337,0.9216593730874764
2024,05,PRT.20.15.13_1,0.5359019264448337,0.9216593730874764
2024,05,PRT.20.15.14_1,0.5096322241681261,0.9084470265238365
2024,05,PRT.20.15.2_1,0.5464098073555167,0.9266196630764966
2024,05,PRT.20.15.3_1,0.5061295971978984,0.9065958305661901
2024,05,PRT.20.15.4_1,0.5604203152364273,0.9329523031752481
2024,05,PRT.20.15.5_1,0.5481611208406305,0.9274287034591931
2024,05,PRT.20.15.6_1,0.48336252189141865,0.8940335564172074
2024,05,PRT.20.15.7_1,0.5411558669001751,0.9241623234042816
2024,05,PRT.20.15.8_1,0.5481611208406305,0.9274287034591931
2024,05,PRT.20.15.9_1,0.5394045534150613,0.923333092659415
2024,05,PRT.20.16.1_1,0.6129597197898424,0.9539392014169457
2024,05,PRT.20.16.10_1,0.6199649737302978,0.9564183185196736
2024,05,PRT.20.16.11_1,0.660245183887916,0.9692698282728087
2024,05,PRT.20.16.12_1,0.6322241681260946,0.9605810741421048
2024,05,PRT.20.16.13_1,0.5989492119089318,0.9487591896788141
2024,05,PRT.20.16.14_1,0.628721541155867,0.9594144047282176
2024,05,PRT.20.16.15_1,0.628721541155867,0.9594144047282176
2024,05,PRT.20.16.16_1,0.6479859894921192,0.9656086163658648
2024,05,PRT.20.16.17_1,0.7022767075306481,0.9802020199938377
2024,05,PRT.20.16.18_1,0.649737302977233,0.9661449166662318
2024,05,PRT.20.16.19_1,0.6217162872154116,0.9570266453970862
2024,05,PRT.20.16.2_1,0.62697022767075306,0.9588242800430119
2024,05,PRT.20.16.3_1,0.6672504378283713,0.9712651543219287
2024,05,PRT.20.16.4_1,0.6987740805604205,0.9793855216409929
2024,05,PRT.20.16.5_1,0.6654991243432575,0.9707728879609279
2024,05,PRT.20.16.6_1,0.6637478108581437,0.970276249322841
2024,05,PRT.20.16.7_1,0.670753064798599,0.9722365967191319
2024,05,PRT.20.16.8_1,0.6777583187390543,0.9741273017424364
2024,05,PRT.20.16.9_1,0.6637478108581437,0.970276249322841
2024,05,PRT.20.17.1_1,0.5639229422066551,0.9344859549506349
2024,05,PRT.20.17.10_1,0.6374781085814362,0.962297251372984
2024,05,PRT.20.17.11_1,0.6252189141856392,0.9582296175760798
2024,05,PRT.20.17.12_1,0.5674255691768827,0.936
2024,05,PRT.20.17.2_1,0.6304728546409808,0.96
2024,05,PRT.20.17.3_1,0.5726795096322242,0.9382345122622595
2024,05,PRT.20.17.4_1,0.5884413309982488,0.9446777228240327
2024,05,PRT.20.17.5_1,0.6059544658493871,0.9513863568498342
2024,05,PRT.20.17.6_1,0.5586690017513135,0.9321780945720619
2024,05,PRT.20.17.7_1,0.6357267950963222,0.9617296917533533
2024,05,PRT.20.17.8_1,0.586690017513135,0.9439809320108113
2024,05,PRT.20.17.9_1,0.5919439579684764,0.946057080730333
2024,05,PRT.20.18.1_1,0.5569176882661997,0.931398947819891
2024,05,PRT.20.18.10_1,0.4956217162872154,0.9009128703709366
2024,05,PRT.20.18.11_1,0.6024518388791593,0.9500821017154254
2024,05,PRT.20.18.12_1,0.5166374781085814,0.9120855223058855
2024,05,PRT.20.18.13_1,0.5604203152364273,0.9329523031752481
2024,05,PRT.20.18.14_1,0.5306479859894921,0.9191104395011516
2024,05,PRT.20.18.15_1,0.5639229422066551,0.9344859549506349
2024,05,PRT.20.18.16_1,0.521891418563923,0.9147589846511485
2024,05,PRT.20.18.17_1,0.5569176882661997,0.931398947819891
2024,05,PRT.20.18.2_1,0.5288966725043783,0.918250510481753
2024,05,PRT.20.18.3_1,0.5464098073555167,0.9266196630764966
2024,05,PRT.20.18.4_1,0.5569176882661997,0.931398947819891
2024,05,PRT.20.18.5_1,0.5516637478108581,0.9290317540321213
2024,05,PRT.20.18.6_1,0.5586690017513135,0.9321780945720619
2024,05,PRT.20.18.7_1,0.5096322241681261,0.9084470265238365
2024,05,PRT.20.18.8_1,0.5586690017513135,0.9321780945720619
2024,05,PRT.20.18.9_1,0.5061295971978984,0.9065958305661901
2024,05,PRT.20.19.1_1,0.6427320490367776,0.9639730286683336
2024,05,PRT.20.19.10_1,0.6024518388791593,0.9500821017154254
2024,05,PRT.20.19.11_1,0.6322241681260946,0.9605810741421048
2024,05,PRT.20.19.12_1,0.5849387040280211,0.9432793859721519
2024,05,PRT.20.19.13_1,0.5183887915936953,0.9129819275319747
2024,05,PRT.20.19.14_1,0.542907180385289,0.9249864863877743
2024,05,PRT.20.19.15_1,0.5464098073555167,0.9266196630764966
2024,05,PRT.20.19.16_1,0.5499124343257443,0.9282327294380435
2024,05,PRT.20.19.17_1,0.6147110332749562,0.954565869911553
2024,05,PRT.20.19.2_1,0.5849387040280211,0.9432793859721519
2024,05,PRT.20.19.3_1,0.597197898423818,0.9480907129594721
2024,05,PRT.20.19.4_1,0.5464098073555167,0.9266196630764966
2024,05,PRT.20.19.5_1,0.5166374781085814,0.9120855223058855
2024,05,PRT.20.19.6_1,0.5481611208406305,0.9274287034591931
2024,05,PRT.20.19.7_1,0.5271453590192645,0.9173854151881858
2024,05,PRT.20.19.8_1,0.6094570928196147,0.9526720317087093
2024,05,PRT.20.19.9_1,0.5464098073555167,0.9266196630764966
2024,05,PRT.20.2.1_1,0.6147110332749562,0.954565869911553
2024,05,PRT.20.2.2_1,0.6322241681260946,0.9605810741421048
2024,05,PRT.20.2.3_1,0.6900175131348513,0.9772696659571503
2024,05,PRT.20.2.4_1,0.6690017513134852,0.9717530550505102
2024,05,PRT.20.2.5_1,0.6514886164623468,0.9666767815562759
2024,05,PRT.20.2.6_1,0.649737302977233,0.9661449166662318
2024,05,PRT.20.2.7_1,0.63922942206655,0.9628603221651623
2024,05,PRT.20.20.1_1,0.5884413309982488,0.9446777228240327
2024,05,PRT.20.20.10_1,0.542907180385289,0.9249864863877743
2024,05,PRT.20.20.2_1,0.6304728546409808,0.96
2024,05,PRT.20.20.3_1,0.5901926444833626,0.9453697689264238
2024,05,PRT.20.20.4_1,0.5359019264448337,0.9216593730874764
2024,05,PRT.20.20.5_1,0.6042031523642732,0.9507365565707464
2024,05,PRT.20.20.6_1,0.5376532399299475,0.9224987804869988
2024,05,PRT.20.20.7_1,0.5936952714535902,0.9467396685467447
2024,05,PRT.20.20.8_1,0.62697022767075306,0.9588242800430119
2024,05,PRT.20.20.9_1,0.5411558669001751,0.9241623234042816
2024,05,PRT.20.21.1_1,0.6147110332749562,0.954565869911553
2024,05,PRT.20.21.10_1,0.6549912434325745,0.9677272342969376
2024,05,PRT.20.21.11_1,0.6112084063047285,0.9533079250693346
2024,05,PRT.20.21.12_1,0.6865148861646235,0.9763933633531108
2024,05,PRT.20.21.13_1,0.5674255691768827,0.936
2024,05,PRT.20.21.14_1,0.6199649737302978,0.9564183185196736
2024,05,PRT.20.21.15_1,0.5639229422066551,0.9344859549506349
2024,05,PRT.20.21.16_1,0.6409807355516638,0.9634189120003821
2024,05,PRT.20.21.17_1,0.628721541155867,0.9594144047282176
2024,05,PRT.20.21.18_1,0.6427320490367776,0.9639730286683336
2024,05,PRT.20.21.19_1,0.5936952714535902,0.9467396685467447
2024,05,PRT.20.21.2_1,0.6742556917688267,0.9731906288081488
2024,05,PRT.20.21.20_1,0.6147110332749562,0.954565869911553
2024,05,PRT.20.21.21_1,0.6147110332749562,0.954565869911553
2024,05,PRT.20.21.22_1,0.5831873905429072,0.9425730740902798
2024,05,PRT.20.21.23_1,0.6322241681260946,0.9605810741421048
2024,05,PRT.20.21.24_1,0.6637478108581437,0.970276249322841
2024,05,PRT.20.21.25_1,0.6147110332749562,0.954565869911553
2024,05,PRT.20.21.26_1,0.6217162872154116,0.9570266453970862
2024,05,PRT.20.21.3_1,0.6252189141856392,0.9582296175760798
2024,05,PRT.20.21.4_1,0.6584938704028022,0.9687600322061186
2024,05,PRT.20.21.5_1,0.6147110332749562,0.954565869911553
2024,05,PRT.20.21.6_1,0.6199649737302978,0.9564183185196736
2024,05,PRT.20.21.7_1,0.6059544658493871,0.9513863568498342
2024,05,PRT.20.21.8_1,0.6795096322241682,0.9745891442038537
2024,05,PRT.20.21.9_1,0.6147110332749562,0.954565869911553
2024,05,PRT.20.22.1_1,0.6112084063047285,0.9533079250693346
2024,05,PRT.20.22.2_1,0.5796847635726796,0.9411461098044235
2024,05,PRT.20.22.3_1,0.6252189141856392,0.9582296175760798
2024,05,PRT.20.22.4_1,0.6339754816112084,0.9611576353543679
2024,05,PRT.20.22.5_1,0.6252189141856392,0.9582296175760798
2024,05,PRT.20.22.6_1,0.5726795096322242,0.9382345122622595
2024,05,PRT.20.22.7_1,0.5236427320490368,0.9156396671180208
2024,05,PRT.20.23.1_1,0.6182136602451839,0.9558054195284729
2024,05,PRT.20.23.10_1,0.660245183887916,0.9692698282728087
2024,05,PRT.20.23.11_1,0.6217162872154116,0.9570266453970862
2024,05,PRT.20.23.12_1,0.6112084063047285,0.9533079250693346
2024,05,PRT.20.23.13_1,0.6164623467600701,0.955187939622355
2024,05,PRT.20.23.14_1,0.6217162872154116,0.9570266453970862
2024,05,PRT.20.23.15_1,0.6129597197898424,0.9539392014169457
2024,05,PRT.20.23.16_1,0.62697022767075306,0.9588242800430119
2024,05,PRT.20.23.17_1,0.6514886164623468,0.9666767815562759
2024,05,PRT.20.23.18_1,0.6374781085814362,0.962297251372984
2024,05,PRT.20.23.19_1,0.6164623467600701,0.955187939622355
2024,05,PRT.20.23.2_1,0.5656742556917689,0.9352454223357631
2024,05,PRT.20.23.20_1,0.6112084063047285,0.9533079250693346
2024,05,PRT.20.23.21_1,0.6217162872154116,0.9570266453970862
2024,05,PRT.20.23.22_1,0.6059544658493871,0.9513863568498342
2024,05,PRT.20.23.23_1,0.6007005253940456,0.9494229826584145
2024,05,PRT.20.23.24_1,0.6234676007005254,0.9576304088739037
2024,05,PRT.20.23.25_1,0.62697022767075306,0.9588242800430119
2024,05,PRT.20.23.26_1,0.6112084063047285,0.9533079250693346
2024,05,PRT.20.23.27_1,0.6077057793345009,0.9520315120835025
2024,05,PRT.20.23.28_1,0.6584938704028022,0.9687600322061186
2024,05,PRT.20.23.29_1,0.6427320490367776,0.9639730286683336
2024,05,PRT.20.23.3_1,0.6252189141856392,0.9582296175760798
2024,05,PRT.20.23.30_1,0.6199649737302978,0.9564183185196736
2024,05,PRT.20.23.31_1,0.6129597197898424,0.9539392014169457
2024,05,PRT.20.23.32_1,0.6532399299474606,0.9672042183530839
2024,05,PRT.20.23.33_1,0.6409807355516638,0.9634189120003821
2024,05,PRT.20.23.34_1,0.6444833625218914,0.9645226798784983
2024,05,PRT.20.23.4_1,0.6042031523642732,0.9507365565707464
2024,05,PRT.20.23.5_1,0.6357267950963222,0.9617296917533533
2024,05,PRT.20.23.6_1,0.6567425569176883,0.9682458365518543
2024,05,PRT.20.23.7_1,0.6077057793345009,0.9520315120835025
2024,05,PRT.20.23.8_1,0.5691768826619966,0.9367496997597597
2024,05,PRT.20.23.9_1,0.5499124343257443,0.9282327294380435
2024,05,PRT.20.24.1_1,0.6690017513134852,0.9717530550505102
2024,05,PRT.20.24.10_1,0.670753064798599,0.9722365967191319
2024,05,PRT.20.24.11_1,0.660245183887916,0.9692698282728087
2024,05,PRT.20.24.12_1,0.6182136602451839,0.9558054195284729
2024,05,PRT.20.24.2_1,0.6339754816112084,0.9611576353543679
2024,05,PRT.20.24.3_1,0.6462346760070053,0.965067873260736
2024,05,PRT.20.24.4_1,0.6199649737302978,0.9564183185196736
2024,05,PRT.20.24.5_1,0.5814360770577934,0.9418619856433319
2024,05,PRT.20.24.6_1,0.62697022767075306,0.9588242800430119
2024,05,PRT.20.24.7_1,0.6847635726795097,0.9759487691472335
2024,05,PRT.20.24.8_1,0.6654991243432575,0.9707728879609279
2024,05,PRT.20.24.9_1,0.6217162872154116,0.9570266453970862
2024,05,PRT.20.3.1_1,0.5936952714535902,0.9467396685467447
2024,05,PRT.20.3.10_1,0.6444833625218914,0.9645226798784983
2024,05,PRT.20.3.11_1,0.6357267950963222,0.9617296917533533
2024,05,PRT.20.3.12_1,0.6129597197898424,0.9539392014169457
2024,05,PRT.20.3.13_1,0.6147110332749562,0.954565869911553
2024,05,PRT.20.3.14_1,0.6024518388791593,0.9500821017154254
2024,05,PRT.20.3.15_1,0.6129597197898424,0.9539392014169457
2024,05,PRT.20.3.16_1,0.6584938704028022,0.9687600322061186
2024,05,PRT.20.3.17_1,0.597197898423818,0.9480907129594721
2024,05,PRT.20.3.18_1,0.5831873905429072,0.9425730740902798
2024,05,PRT.20.3.19_1,0.6252189141856392,0.9582296175760798
2024,05,PRT.20.3.2_1,0.6549912434325745,0.9677272342969376
2024,05,PRT.20.3.20_1,0.5954465849387042,0.9474175425861608
2024,05,PRT.20.3.21_1,0.62697022767075306,0.9588242800430119
2024,05,PRT.20.3.22_1,0.5674255691768827,0.936
2024,05,PRT.20.3.3_1,0.6462346760070053,0.965067873260736
2024,05,PRT.20.3.4_1,0.6427320490367776,0.9639730286683336
2024,05,PRT.20.3.5_1,0.5499124343257443,0.9282327294380435
2024,05,PRT.20.3.6_1,0.5779334500875658,0.9404254356406998
2024,05,PRT.20.3.7_1,0.6532399299474606,0.9672042183530839
2024,05,PRT.20.3.8_1,0.6427320490367776,0.9639730286683336
2024,05,PRT.20.3.9_1,0.6182136602451839,0.9558054195284729
2024,05,PRT.20.4.1_1,0.62697022767075306,0.9588242800430119
2024,05,PRT.20.4.10_1,0.6795096322241682,0.9745891442038537
2024,05,PRT.20.4.11_1,0.649737302977233,0.9661449166662318
2024,05,PRT.20.4.12_1,0.6742556917688267,0.9731906288081488
2024,05,PRT.20.4.13_1,0.6077057793345009,0.9520315120835025
2024,05,PRT.20.4.14_1,0.6847635726795097,0.9759487691472335
2024,05,PRT.20.4.15_1,0.6777583187390543,0.9741273017424364
2024,05,PRT.20.4.16_1,0.6112084063047285,0.9533079250693346
2024,05,PRT.20.4.17_1,0.7145359019264449,0.9829262434180909
2024,05,PRT.20.4.2_1,0.6549912434325745,0.9677272342969376
2024,05,PRT.20.4.3_1,0.649737302977233,0.9661449166662318
2024,05,PRT.20.4.4_1,0.6882661996497373,0.976833660353696
2024,05,PRT.20.4.5_1,0.5901926444833626,0.9453697689264238
2024,05,PRT.20.4.6_1,0.6847635726795097,0.9759487691472335
2024,05,PRT.20.4.7_1,0.6514886164623468,0.9666767815562759
2024,05,PRT.20.4.8_1,0.6777583187390543,0.9741273017424364
2024,05,PRT.20.4.9_1,0.6059544658493871,0.9513863568498342
2024,05,PRT.20.5.1_1,0.6252189141856392,0.9582296175760798
2024,05,PRT.20.5.10_1,0.6059544658493871,0.9513863568498342
2024,05,PRT.20.5.11_1,0.5674255691768827,0.936
2024,05,PRT.20.5.12_1,0.6024518388791593,0.9500821017154254
2024,05,PRT.20.5.13_1,0.628721541155867,0.9594144047282176
2024,05,PRT.20.5.14_1,0.660245183887916,0.9692698282728087
2024,05,PRT.20.5.15_1,0.6059544658493871,0.9513863568498342
2024,05,PRT.20.5.16_1,0.5919439579684764,0.946057080730333
2024,05,PRT.20.5.17_1,0.6374781085814362,0.962297251372984
2024,05,PRT.20.5.18_1,0.5744308231173381,0.9389696480717574
2024,05,PRT.20.5.19_1,0.6304728546409808,0.96
2024,05,PRT.20.5.2_1,0.628721541155867,0.9594144047282176
2024,05,PRT.20.5.20_1,0.5569176882661997,0.931398947819891
2024,05,PRT.20.5.21_1,0.6637478108581437,0.970276249322841
2024,05,PRT.20.5.22_1,0.6007005253940456,0.9494229826584145
2024,05,PRT.20.5.23_1,0.6094570928196147,0.9526720317087093
2024,05,PRT.20.5.24_1,0.6042031523642732,0.9507365565707464
2024,05,PRT.20.5.3_1,0.6164623467600701,0.955187939622355
2024,05,PRT.20.5.4_1,0.5954465849387042,0.9474175425861608
2024,05,PRT.20.5.5_1,0.5691768826619966,0.9367496997597597
2024,05,PRT.20.5.6_1,0.5954465849387042,0.9474175425861608
2024,05,PRT.20.5.7_1,0.56217162872154125,0.9337215859130601
2024,05,PRT.20.5.8_1,0.6217162872154116,0.9570266453970862
2024,05,PRT.20.5.9_1,0.6077057793345009,0.9520315120835025
2024,05,PRT.20.6.1_1,0.6357267950963222,0.9617296917533533
2024,05,PRT.20.6.10_1,0.5954465849387042,0.9474175425861608
2024,05,PRT.20.6.11_1,0.6112084063047285,0.9533079250693346
2024,05,PRT.20.6.12_1,0.6444833625218914,0.9645226798784983
2024,05,PRT.20.6.13_1,0.63922942206655,0.9628603221651623
2024,05,PRT.20.6.14_1,0.5691768826619966,0.9367496997597597
2024,05,PRT.20.6.15_1,0.6007005253940456,0.9494229826584145
2024,05,PRT.20.6.16_1,0.6164623467600701,0.955187939622355
2024,05,PRT.20.6.17_1,0.5796847635726796,0.9411461098044235
2024,05,PRT.20.6.18_1,0.5569176882661997,0.931398947819891
2024,05,PRT.20.6.2_1,0.628721541155867,0.9594144047282176
2024,05,PRT.20.6.3_1,0.6042031523642732,0.9507365565707464
2024,05,PRT.20.6.4_1,0.6007005253940456,0.9494229826584145
2024,05,PRT.20.6.5_1,0.6042031523642732,0.9507365565707464
2024,05,PRT.20.6.6_1,0.628721541155867,0.9594144047282176
2024,05,PRT.20.6.7_1,0.6339754816112084,0.9611576353543679
2024,05,PRT.20.6.8_1,0.6112084063047285,0.9533079250693346
2024,05,PRT.20.6.9_1,0.6619964973730298,0.9697752316903129
2024,05,PRT.20.7.1_1,0.5534150612959721,0.9298257901349047
2024,05,PRT.20.7.10_1,0.5569176882661997,0.931398947819891
2024,05,PRT.20.7.11_1,0.5236427320490368,0.9156396671180208
2024,05,PRT.20.7.12_1,0.56217162872154125,0.9337215859130601
2024,05,PRT.20.7.13_1,0.6252189141856392,0.9582296175760798
2024,05,PRT.20.7.14_1,0.5446584938704029,0.9258055951440345
2024,05,PRT.20.7.15_1,0.5814360770577934,0.9418619856433319
2024,05,PRT.20.7.16_1,0.6007005253940456,0.9494229826584145
2024,05,PRT.20.7.17_1,0.5954465849387042,0.9474175425861608
2024,05,PRT.20.7.18_1,0.5901926444833626,0.9453697689264238
2024,05,PRT.20.7.19_1,0.5534150612959721,0.9298257901349047
2024,05,PRT.20.7.2_1,0.5359019264448337,0.9216593730874764
2024,05,PRT.20.7.20_1,0.542907180385289,0.9249864863877743
2024,05,PRT.20.7.3_1,0.5446584938704029,0.9258055951440345
2024,05,PRT.20.7.4_1,0.56217162872154125,0.9337215859130601
2024,05,PRT.20.7.5_1,0.5288966725043783,0.918250510481753
2024,05,PRT.20.7.6_1,0.5499124343257443,0.9282327294380435
2024,05,PRT.20.7.7_1,0.5446584938704029,0.9258055951440345
2024,05,PRT.20.7.8_1,0.56217162872154125,0.9337215859130601
2024,05,PRT.20.7.9_1,0.5464098073555167,0.9266196630764966
2024,05,PRT.20.8.1_1,0.6322241681260946,0.9605810741421048
2024,05,PRT.20.8.10_1,0.6444833625218914,0.9645226798784983
2024,05,PRT.20.8.2_1,0.6462346760070053,0.965067873260736
2024,05,PRT.20.8.3_1,0.649737302977233,0.9661449166662318
2024,05,PRT.20.8.4_1,0.6322241681260946,0.9605810741421048
2024,05,PRT.20.8.5_1,0.6444833625218914,0.9645226798784983
2024,05,PRT.20.8.6_1,0.62697022767075306,0.9588242800430119
2024,05,PRT.20.8.7_1,0.6164623467600701,0.955187939622355
2024,05,PRT.20.8.8_1,0.6619964973730298,0.9697752316903129
2024,05,PRT.20.8.9_1,0.63922942206655,0.9628603221651623
2024,05,PRT.20.9.1_1,0.649737302977233,0.9661449166662318
2024,05,PRT.20.9.2_1,0.6532399299474606,0.9672042183530839
2024,05,PRT.20.9.3_1,0.6252189141856392,0.9582296175760798
2024,05,PRT.20.9.4_1,0.628721541155867,0.9594144047282176
2024,05,PRT.20.9.5_1,0.6357267950963222,0.9617296917533533
2024,05,PRT.20.9.6_1,0.6462346760070053,0.965067873260736
2024,05,PRT.20.9.7_1,0.6147110332749562,0.954565869911553
2024,05,PRT.20.9.8_1,0.6147110332749562,0.954565869911553
2024,05,PRT.20.9.9_1,0.6357267950963222,0.9617296917533533
2024,05,PRT.3.1.1_1,0.4203152364273205,0.8541662601625049
2024,05,PRT.3.1.2_1,0.4185639229422067,0.8529454847761373
2024,05,PRT.3.1.3_1,0.4290718038528897,0.8601744009211155
2024,05,PRT.3.1.4_1,0.4028021015761822,0.8416650165000324
2024,05,PRT.3.1.5_1,0.4483362521891419,0.8728436286070947
2024,05,PRT.3.10.1_1,0.36427320490367776,0.8117536572138127
2024,05,PRT.3.10.2_1,0.4080560420315237,0.8454844764985339
2024,05,PRT.3.10.3_1,0.3887915936952715,0.8311822904754408
2024,05,PRT.3.10.4_1,0.38353765323993,0.8271372316611071
2024,05,PRT.3.10.5_1,0.36427320490367776,0.8117536572138127
2024,05,PRT.3.10.6_1,0.3800350262697023,0.8244052401580184
2024,05,PRT.3.10.7_1,0.3992994746059545,0.8390852161729463
2024,05,PRT.3.10.8_1,0.415061295971979,0.8504845677612263
2024,05,PRT.3.11.1_1,0.48336252189141865,0.8940335564172074
2024,05,PRT.3.11.10_1,0.48686514886164634,0.8960267853139213
2024,05,PRT.3.11.11_1,0.43957968476357273,0.867177029216065
2024,05,PRT.3.11.12_1,0.5166374781085814,0.9120855223058855
2024,05,PRT.3.11.13_1,0.45534150612959723,0.8772684879784524
2024,05,PRT.3.11.14_1,0.4938704028021016,0.8999466650863261
2024,05,PRT.3.11.15_1,0.48861646234676015,0.8970150500409678
2024,05,PRT.3.11.16_1,0.5744308231173381,0.9389696480717574
2024,05,PRT.3.11.17_1,0.5831873905429072,0.9425730740902798
2024,05,PRT.3.11.2_1,0.5096322241681261,0.9084470265238365
2024,05,PRT.3.11.3_1,0.4640980735551664,0.8826664149042944
2024,05,PRT.3.11.4_1,0.5814360770577934,0.9418619856433319
2024,05,PRT.3.11.5_1,0.4640980735551664,0.8826664149042944
2024,05,PRT.3.11.6_1,0.5096322241681261,0.9084470265238365
2024,05,PRT.3.11.7_1,0.5236427320490368,0.9156396671180208
2024,05,PRT.3.11.8_1,0.43082311733800355,0.8613570688164114
2024,05,PRT.3.11.9_1,0.47985989492119097,0.8920179370393849
2024,05,PRT.3.12.1_1,0.4185639229422067,0.8529454847761373
2024,05,PRT.3.12.2_1,0.4518388791593696,0.8750679973579196
2024,05,PRT.3.12.3_1,0.37828371278458844,0.8230285535751478
2024,05,PRT.3.12.4_1,0.4588441330998249,0.8794452797076121
2024,05,PRT.3.12.5_1,0.4483362521891419,0.8728436286070947
2024,05,PRT.3.12.6_1,0.3992994746059545,0.8390852161729463
2024,05,PRT.3.13.1_1,0.3887915936952715,0.8311822904754408
2024,05,PRT.3.13.2_1,0.42556917688266205,0.8577901841359576
2024,05,PRT.3.13.3_1,0.33274956217162877,0.7846018098373213
2024,05,PRT.3.13.4_1,0.3747810858143608,0.820253619315392
2024,05,PRT.3.13.5_1,0.4028021015761822,0.8416650165000324
2024,05,PRT.3.13.6_1,0.38353765323993,0.8271372316611071
2024,05,PRT.3.13.7_1,0.36252189141856395,0.8103110513870584
2024,05,PRT.3.14.1_1,0.394045534150613,0.8351646544245033
2024,05,PRT.3.14.2_1,0.40630472854640987,0.8442179813294668
2024,05,PRT.3.14.3_1,0.38704028021015763,0.8298409486160585
2024,05,PRT.3.14.4_1,0.4203152364273205,0.8541662601625049
2024,05,PRT.3.2.1_1,0.40105078809106837,0.8403784861596588
2024,05,PRT.3.2.2_1,0.36952714535901926,0.8160367638777066
2024,05,PRT.3.2.3_1,0.42556917688266205,0.8577901841359576
2024,05,PRT.3.2.4_1,0.37127845884413313,0.817449692641694
2024,05,PRT.3.2.5_1,0.4080560420315237,0.8454844764985339
2024,05,PRT.3.2.6_1,0.3887915936952715,0.8311822904754408
2024,05,PRT.3.2.7_1,0.3922942206654992,0.8338441101309045
2024,05,PRT.3.2.8_1,0.37302977232924694,0.8188552985723424
2024,05,PRT.3.3.1_1,0.4623467600700526,0.8815985480931783
2024,05,PRT.3.3.2_1,0.4676007005253941,0.8847847195787232
2024,05,PRT.3.4.1_1,0.3800350262697023,0.8244052401580184
2024,05,PRT.3.5.1_1,0.4133099824868652,0.84924437001372
2024,05,PRT.3.5.10_1,0.4203152364273205,0.8541662601625049
2024,05,PRT.3.5.11_1,0.3537653239929948,0.8029844332239573
2024,05,PRT.3.5.12_1,0.4133099824868652,0.84924437001372
2024,05,PRT.3.5.13_1,0.42732049036777586,0.8589854480723175
2024,05,PRT.3.5.14_1,0.4185639229422067,0.8529454847761373
2024,05,PRT.3.5.15_1,0.4290718038528897,0.8601744009211155
2024,05,PRT.3.5.16_1,0.3852889667250438,0.8284926070883192
2024,05,PRT.3.5.17_1,0.4518388791593696,0.8750679973579196
2024,05,PRT.3.5.18_1,0.3747810858143608,0.820253619315392
2024,05,PRT.3.5.2_1,0.40630472854640987,0.8442179813294668
2024,05,PRT.3.5.3_1,0.3852889667250438,0.8284926070883192
2024,05,PRT.3.5.4_1,0.40105078809106837,0.8403784861596588
2024,05,PRT.3.5.5_1,0.4133099824868652,0.84924437001372
2024,05,PRT.3.5.6_1,0.415061295971979,0.8504845677612263
2024,05,PRT.3.5.7_1,0.42556917688266205,0.8577901841359576
2024,05,PRT.3.5.8_1,0.35726795096322245,0.8059379628730737
2024,05,PRT.3.5.9_1,0.4623467600700526,0.8815985480931783
2024,05,PRT.3.6.1_1,0.4535901926444834,0.8761712161444246
2024,05,PRT.3.6.2_1,0.43257443082311736,0.8625334776111592
2024,05,PRT.3.6.3_1,0.38353765323993,0.8271372316611071
2024,05,PRT.3.6.4_1,0.40455341506129605,0.8429448380528823
2024,05,PRT.3.6.5_1,0.43607705779334505,0.8648676199280442
2024,05,PRT.3.7.1_1,0.43782837127845886,0.8660254037844386
2024,05,PRT.3.7.2_1,0.4290718038528897,0.8601744009211155
2024,05,PRT.3.7.3_1,0.45008756567425573,0.8739588090980032
2024,05,PRT.3.7.4_1,0.4080560420315237,0.8454844764985339
2024,05,PRT.3.8.1_1,0.4028021015761822,0.8416650165000324
2024,05,PRT.3.8.2_1,0.47810858143607715,0.8910016835000931
2024,05,PRT.3.8.3_1,0.43607705779334505,0.8648676199280442
2024,05,PRT.3.8.4_1,0.5078809106830122,0.9075241043630743
2024,05,PRT.3.8.5_1,0.4623467600700526,0.8815985480931783
2024,05,PRT.3.8.6_1,0.4658493870402803,0.883728465084157
2024,05,PRT.3.9.1_1,0.3905429071803853,0.8325166664998365
2024,05,PRT.3.9.2_1,0.36427320490367776,0.8117536572138127
2024,05,PRT.3.9.3_1,0.3922942206654992,0.8338441101309045
2024,05,PRT.3.9.4_1,0.3905429071803853,0.8325166664998365
2024,05,PRT.3.9.5_1,0.3852889667250438,0.8284926070883192
2024,05,PRT.3.9.6_1,0.38178633975481613,0.8257747876994065
2024,05,PRT.3.9.7_1,0.3992994746059545,0.8390852161729463
2024,05,PRT.3.9.8_1,0.36252189141856395,0.8103110513870584
2024,05,PRT.3.9.9_1,0.4115586690017513,0.8479976415061541
2024,05,PRT.4.1.1_1,0.6970227670753065,0.9789708882290628
2024,05,PRT.4.1.10_1,0.6252189141856392,0.9582296175760798
2024,05,PRT.4.1.11_1,0.7092819614711035,0.9817840903172144
2024,05,PRT.4.1.12_1,0.6812609457092821,0.975046665549911
2024,05,PRT.4.1.13_1,0.7197898423817863,0.9840304873325826
2024,05,PRT.4.1.14_1,0.6935201401050789,0.9781288258711119
2024,05,PRT.4.1.15_1,0.7040280210157619,0.9806038955664005
2024,05,PRT.4.1.16_1,0.6952714535901927,0.97855199146494
2024,05,PRT.4.1.17_1,0.670753064798599,0.9722365967191319
2024,05,PRT.4.1.18_1,0.7092819614711035,0.9817840903172144
2024,05,PRT.4.1.19_1,0.6795096322241682,0.9745891442038537
2024,05,PRT.4.1.2_1,0.6952714535901927,0.97855199146494
2024,05,PRT.4.1.20_1,0.6725043782837129,0.9727157858285225
2024,05,PRT.4.1.21_1,0.6549912434325745,0.9677272342969376
2024,05,PRT.4.1.22_1,0.6672504378283713,0.9712651543219287
2024,05,PRT.4.1.23_1,0.6865148861646235,0.9763933633531108
2024,05,PRT.4.1.24_1,0.7267950963222417,0.9854440623394105
2024,05,PRT.4.1.3_1,0.7092819614711035,0.9817840903172144
2024,05,PRT.4.1.4_1,0.7302977232924693,0.9861257526299574
2024,05,PRT.4.1.5_1,0.6690017513134852,0.9717530550505102
2024,05,PRT.4.1.6_1,0.7320490367775833,0.98646033878712025
2024,05,PRT.4.1.7_1,0.7022767075306481,0.9802020199938377
2024,05,PRT.4.1.8_1,0.6182136602451839,0.9558054195284729
2024,05,PRT.4.1.9_1,0.7040280210157619,0.9806038955664005
2024,05,PRT.4.10.1_1,0.6970227670753065,0.9789708882290628
2024,05,PRT.4.10.10_1,0.6882661996497373,0.976833660353696
2024,05,PRT.4.10.11_1,0.7075306479859896,0.9813949256033475
2024,05,PRT.4.10.12_1,0.6830122591943959,0.9754998718605759
2024,05,PRT.4.10.13_1,0.670753064798599,0.9722365967191319
2024,05,PRT.4.10.14_1,0.6532399299474606,0.9672042183530839
2024,05,PRT.4.10.15_1,0.6479859894921192,0.9656086163658648
2024,05,PRT.4.10.16_1,0.670753064798599,0.9722365967191319
2024,05,PRT.4.10.17_1,0.6304728546409808,0.96
2024,05,PRT.4.10.2_1,0.597197898423818,0.9480907129594721
2024,05,PRT.4.10.3_1,0.6357267950963222,0.9617296917533533
2024,05,PRT.4.10.4_1,0.6357267950963222,0.9617296917533533
2024,05,PRT.4.10.5_1,0.6742556917688267,0.9731906288081488
2024,05,PRT.4.10.6_1,0.7232924693520141,0.9847456524402634
2024,05,PRT.4.10.7_1,0.6654991243432575,0.9707728879609279
2024,05,PRT.4.10.8_1,0.6077057793345009,0.9520315120835025
2024,05,PRT.4.10.9_1,0.6970227670753065,0.9789708882290628
2024,05,PRT.4.11.1_1,0.6619964973730298,0.9697752316903129
2024,05,PRT.4.11.10_1,0.6514886164623468,0.9666767815562759
2024,05,PRT.4.11.11_1,0.6357267950963222,0.9617296917533533
2024,05,PRT.4.11.12_1,0.6549912434325745,0.9677272342969376
2024,05,PRT.4.11.13_1,0.6619964973730298,0.9697752316903129
2024,05,PRT.4.11.14_1,0.6812609457092821,0.975046665549911
2024,05,PRT.4.11.15_1,0.6549912434325745,0.9677272342969376
2024,05,PRT.4.11.16_1,0.6164623467600701,0.955187939622355
2024,05,PRT.4.11.17_1,0.6024518388791593,0.9500821017154254
2024,05,PRT.4.11.18_1,0.6725043782837129,0.9727157858285225
2024,05,PRT.4.11.19_1,0.6777583187390543,0.9741273017424364
2024,05,PRT.4.11.2_1,0.6567425569176883,0.9682458365518543
2024,05,PRT.4.11.20_1,0.6672504378283713,0.9712651543219287
2024,05,PRT.4.11.21_1,0.6690017513134852,0.9717530550505102
2024,05,PRT.4.11.3_1,0.6217162872154116,0.9570266453970862
2024,05,PRT.4.11.4_1,0.6952714535901927,0.97855199146494
2024,05,PRT.4.11.5_1,0.6514886164623468,0.9666767815562759
2024,05,PRT.4.11.6_1,0.6532399299474606,0.9672042183530839
2024,05,PRT.4.11.7_1,0.6935201401050789,0.9781288258711119
2024,05,PRT.4.11.8_1,0.6777583187390543,0.9741273017424364
2024,05,PRT.4.11.9_1,0.5936952714535902,0.9467396685467447
2024,05,PRT.4.12.1_1,0.6865148861646235,0.9763933633531108
2024,05,PRT.4.12.10_1,0.6847635726795097,0.9759487691472335
2024,05,PRT.4.12.11_1,0.6549912434325745,0.9677272342969376
2024,05,PRT.4.12.12_1,0.6742556917688267,0.9731906288081488
2024,05,PRT.4.12.13_1,0.6339754816112084,0.9611576353543679
2024,05,PRT.4.12.14_1,0.7005253940455343,0.9797958971132712
2024,05,PRT.4.12.15_1,0.6882661996497373,0.976833660353696
2024,05,PRT.4.12.16_1,0.7022767075306481,0.9802020199938377
2024,05,PRT.4.12.17_1,0.6619964973730298,0.9697752316903129
2024,05,PRT.4.12.18_1,0.6690017513134852,0.9717530550505102
2024,05,PRT.4.12.19_1,0.6917688266199651,0.9777013859047148
2024,05,PRT.4.12.2_1,0.6584938704028022,0.9687600322061186
2024,05,PRT.4.12.20_1,0.6549912434325745,0.9677272342969376
2024,05,PRT.4.12.21_1,0.6690017513134852,0.9717530550505102
2024,05,PRT.4.12.22_1,0.6742556917688267,0.9731906288081488
2024,05,PRT.4.12.23_1,0.7075306479859896,0.9813949256033475
2024,05,PRT.4.12.24_1,0.6830122591943959,0.9754998718605759
2024,05,PRT.4.12.25_1,0.7022767075306481,0.9802020199938377
2024,05,PRT.4.12.26_1,0.6865148861646235,0.9763933633531108
2024,05,PRT.4.12.27_1,0.6514886164623468,0.9666767815562759
2024,05,PRT.4.12.28_1,0.6830122591943959,0.9754998718605759
2024,05,PRT.4.12.29_1,0.6462346760070053,0.965067873260736
2024,05,PRT.4.12.3_1,0.6987740805604205,0.9793855216409929
2024,05,PRT.4.12.30_1,0.6672504378283713,0.9712651543219287
2024,05,PRT.4.12.31_1,0.6935201401050789,0.9781288258711119
2024,05,PRT.4.12.32_1,0.6952714535901927,0.97855199146494
2024,05,PRT.4.12.33_1,0.7443082311733801,0.9886859966642594
2024,05,PRT.4.12.34_1,0.7005253940455343,0.9797958971132712
2024,05,PRT.4.12.35_1,0.6567425569176883,0.9682458365518543
2024,05,PRT.4.12.36_1,0.6427320490367776,0.9639730286683336
2024,05,PRT.4.12.37_1,0.7320490367775833,0.98646033878712025
2024,05,PRT.4.12.38_1,0.6865148861646235,0.9763933633531108
2024,05,PRT.4.12.39_1,0.7320490367775833,0.98646033878712025
2024,05,PRT.4.12.4_1,0.6742556917688267,0.9731906288081488
2024,05,PRT.4.12.40_1,0.660245183887916,0.9692698282728087
2024,05,PRT.4.12.41_1,0.6619964973730298,0.9697752316903129
2024,05,PRT.4.12.42_1,0.6865148861646235,0.9763933633531108
2024,05,PRT.4.12.43_1,0.7320490367775833,0.98646033878712025
2024,05,PRT.4.12.44_1,0.6304728546409808,0.96
2024,05,PRT.4.12.45_1,0.7215411558669002,0.9843901665498289
2024,05,PRT.4.12.46_1,0.6619964973730298,0.9697752316903129
2024,05,PRT.4.12.47_1,0.6672504378283713,0.9712651543219287
2024,05,PRT.4.12.48_1,0.7232924693520141,0.9847456524402634
2024,05,PRT.4.12.49_1,0.6567425569176883,0.9682458365518543
2024,05,PRT.4.12.5_1,0.7022767075306481,0.9802020199938377
2024,05,PRT.4.12.6_1,0.6619964973730298,0.9697752316903129
2024,05,PRT.4.12.7_1,0.6549912434325745,0.9677272342969376
2024,05,PRT.4.12.8_1,0.7197898423817863,0.9840304873325826
2024,05,PRT.4.12.9_1,0.7320490367775833,0.98646033878712025
2024,05,PRT.4.13.1_1,0.7460595446584939,0.9889873608899156
2024,05,PRT.4.13.10_1,0.7197898423817863,0.9840304873325826
2024,05,PRT.4.13.11_1,0.7180385288966725,0.983666610188635
2024,05,PRT.4.13.12_1,0.6795096322241682,0.9745891442038537
2024,05,PRT.4.13.13_1,0.7110332749562173,0.9821690282227392
2024,05,PRT.4.13.14_1,0.6690017513134852,0.9717530550505102
2024,05,PRT.4.13.15_1,0.712784588441331,0.9825497442877892
2024,05,PRT.4.13.16_1,0.7197898423817863,0.9840304873325826
2024,05,PRT.4.13.17_1,0.6760070052539405,0.9736611320166786
2024,05,PRT.4.13.18_1,0.670753064798599,0.9722365967191319
2024,05,PRT.4.13.19_1,0.6952714535901927,0.97855199146494
2024,05,PRT.4.13.2_1,0.7092819614711035,0.9817840903172144
2024,05,PRT.4.13.20_1,0.7092819614711035,0.9817840903172144
2024,05,PRT.4.13.21_1,0.6619964973730298,0.9697752316903129
2024,05,PRT.4.13.22_1,0.7092819614711035,0.9817840903172144
2024,05,PRT.4.13.23_1,0.6462346760070053,0.965067873260736
2024,05,PRT.4.13.24_1,0.6830122591943959,0.9754998718605759
2024,05,PRT.4.13.25_1,0.7618213660245184,0.9915139938498094
2024,05,PRT.4.13.26_1,0.7197898423817863,0.9840304873325826
2024,05,PRT.4.13.27_1,0.7232924693520141,0.9847456524402634
2024,05,PRT.4.13.28_1,0.6672504378283713,0.9712651543219287
2024,05,PRT.4.13.29_1,0.6970227670753065,0.9789708882290628
2024,05,PRT.4.13.3_1,0.7040280210157619,0.9806038955664005
2024,05,PRT.4.13.30_1,0.6952714535901927,0.97855199146494
2024,05,PRT.4.13.31_1,0.7145359019264449,0.9829262434180909
2024,05,PRT.4.13.32_1,0.6637478108581437,0.970276249322841
2024,05,PRT.4.13.33_1,0.7267950963222417,0.9854440623394105
2024,05,PRT.4.13.34_1,0.6795096322241682,0.9745891442038537
2024,05,PRT.4.13.35_1,0.7390542907180385,0.9877570551507087
2024,05,PRT.4.13.36_1,0.7110332749562173,0.9821690282227392
2024,05,PRT.4.13.37_1,0.7740805604203153,0.9932492134404135
2024,05,PRT.4.13.38_1,0.6812609457092821,0.975046665549911
2024,05,PRT.4.13.39_1,0.6847635726795097,0.9759487691472335
2024,05,PRT.4.13.4_1,0.6935201401050789,0.9781288258711119
2024,05,PRT.4.13.40_1,0.7408056042031524,0.9880708476622514
2024,05,PRT.4.13.41_1,0.6742556917688267,0.9731906288081488
2024,05,PRT.4.13.42_1,0.660245183887916,0.9692698282728087
2024,05,PRT.4.13.43_1,0.7057793345008757,0.9810015290507961
2024,05,PRT.4.13.44_1,0.6935201401050789,0.9781288258711119
2024,05,PRT.4.13.45_1,0.7040280210157619,0.9806038955664005
2024,05,PRT.4.13.46_1,0.7092819614711035,0.9817840903172144
2024,05,PRT.4.13.47_1,0.7162872154115587,0.9832985304575615
2024,05,PRT.4.13.48_1,0.7057793345008757,0.9810015290507961
2024,05,PRT.4.13.49_1,0.6830122591943959,0.9754998718605759
2024,05,PRT.4.13.5_1,0.7075306479859896,0.9813949256033475
2024,05,PRT.4.13.50_1,0.6725043782837129,0.9727157858285225
2024,05,PRT.4.13.51_1,0.7443082311733801,0.9886859966642594
2024,05,PRT.4.13.52_1,0.7057793345008757,0.9810015290507961
2024,05,PRT.4.13.53_1,0.7180385288966725,0.983666610188635
2024,05,PRT.4.13.54_1,0.6987740805604205,0.9793855216409929
2024,05,PRT.4.13.55_1,0.6987740805604205,0.9793855216409929
2024,05,PRT.4.13.56_1,0.7653239929947461,0.9920302414745228
2024,05,PRT.4.13.57_1,0.6672504378283713,0.9712651543219287
2024,05,PRT.4.13.58_1,0.6882661996497373,0.976833660353696
2024,05,PRT.4.13.6_1,0.6549912434325745,0.9677272342969376
2024,05,PRT.4.13.7_1,0.6812609457092821,0.975046665549911
2024,05,PRT.4.13.8_1,0.7092819614711035,0.9817840903172144
2024,05,PRT.4.13.9_1,0.7005253940455343,0.9797958971132712
2024,05,PRT.4.14.1_1,0.6427320490367776,0.9639730286683336
2024,05,PRT.4.14.2_1,0.6427320490367776,0.9639730286683336
2024,05,PRT.4.14.3_1,0.6637478108581437,0.970276249322841
2024,05,PRT.4.14.4_1,0.7145359019264449,0.9829262434180909
2024,05,PRT.4.14.5_1,0.6654991243432575,0.9707728879609279
2024,05,PRT.4.14.6_1,0.6357267950963222,0.9617296917533533
2024,05,PRT.4.14.7_1,0.7022767075306481,0.9802020199938377
2024,05,PRT.4.2.1_1,0.6742556917688267,0.9731906288081488
2024,05,PRT.4.2.10_1,0.7460595446584939,0.9889873608899156
2024,05,PRT.4.2.11_1,0.6619964973730298,0.9697752316903129
2024,05,PRT.4.2.12_1,0.6952714535901927,0.97855199146494
2024,05,PRT.4.2.13_1,0.7022767075306481,0.9802020199938377
2024,05,PRT.4.2.14_1,0.6777583187390543,0.9741273017424364
2024,05,PRT.4.2.15_1,0.6514886164623468,0.9666767815562759
2024,05,PRT.4.2.16_1,0.7040280210157619,0.9806038955664005
2024,05,PRT.4.2.17_1,0.7057793345008757,0.9810015290507961
2024,05,PRT.4.2.18_1,0.7022767075306481,0.9802020199938377
2024,05,PRT.4.2.19_1,0.6654991243432575,0.9707728879609279
2024,05,PRT.4.2.2_1,0.6760070052539405,0.9736611320166786
2024,05,PRT.4.2.20_1,0.6970227670753065,0.9789708882290628
2024,05,PRT.4.2.21_1,0.7180385288966725,0.983666610188635
2024,05,PRT.4.2.22_1,0.6339754816112084,0.9611576353543679
2024,05,PRT.4.2.23_1,0.7250437828371279,0.9850969495435462
2024,05,PRT.4.2.24_1,0.6987740805604205,0.9793855216409929
2024,05,PRT.4.2.25_1,0.712784588441331,0.9825497442877892
2024,05,PRT.4.2.26_1,0.7005253940455343,0.9797958971132712
2024,05,PRT.4.2.27_1,0.6584938704028022,0.9687600322061186
2024,05,PRT.4.2.28_1,0.7197898423817863,0.9840304873325826
2024,05,PRT.4.2.29_1,0.7110332749562173,0.9821690282227392
2024,05,PRT.4.2.3_1,0.7285464098073555,0.9857869952479592
2024,05,PRT.4.2.30_1,0.6917688266199651,0.9777013859047148
2024,05,PRT.4.2.31_1,0.6742556917688267,0.9731906288081488
2024,05,PRT.4.2.32_1,0.6987740805604205,0.9793855216409929
2024,05,PRT.4.2.33_1,0.7810858143607706,0.9941508939793798
2024,05,PRT.4.2.34_1,0.7040280210157619,0.9806038955664005
2024,05,PRT.4.2.35_1,0.6742556917688267,0.9731906288081488
2024,05,PRT.4.2.36_1,0.7618213660245184,0.9915139938498094
2024,05,PRT.4.2.37_1,0.7075306479859896,0.9813949256033475
2024,05,PRT.4.2.38_1,0.6882661996497373,0.976833660353696
2024,05,PRT.4.2.39_1,0.7548161120840631,0.9904322288778774
2024,05,PRT.4.2.4_1,0.7075306479859896,0.9813949256033475
2024,05,PRT.4.2.40_1,0.6725043782837129,0.9727157858285225
2024,05,PRT.4.2.41_1,0.7162872154115587,0.9832985304575615
2024,05,PRT.4.2.42_1,0.6619964973730298,0.9697752316903129
2024,05,PRT.4.2.43_1,0.6812609457092821,0.975046665549911
2024,05,PRT.4.2.44_1,0.6462346760070053,0.965067873260736
2024,05,PRT.4.2.45_1,0.6374781085814362,0.962297251372984
2024,05,PRT.4.2.46_1,0.7302977232924693,0.9861257526299574
2024,05,PRT.4.2.47_1,0.6970227670753065,0.9789708882290628
2024,05,PRT.4.2.48_1,0.7618213660245184,0.9915139938498094
2024,05,PRT.4.2.49_1,0.6830122591943959,0.9754998718605759
2024,05,PRT.4.2.5_1,0.6725043782837129,0.9727157858285225
2024,05,PRT.4.2.50_1,0.6795096322241682,0.9745891442038537
2024,05,PRT.4.2.51_1,0.7092819614711035,0.9817840903172144
2024,05,PRT.4.2.52_1,0.6970227670753065,0.9789708882290628
2024,05,PRT.4.2.53_1,0.7390542907180385,0.9877570551507087
2024,05,PRT.4.2.54_1,0.670753064798599,0.9722365967191319
2024,05,PRT.4.2.55_1,0.6795096322241682,0.9745891442038537
2024,05,PRT.4.2.56_1,0.6637478108581437,0.970276249322841
2024,05,PRT.4.2.57_1,0.7022767075306481,0.9802020199938377
2024,05,PRT.4.2.58_1,0.7022767075306481,0.9802020199938377
2024,05,PRT.4.2.59_1,0.7215411558669002,0.9843901665498289
2024,05,PRT.4.2.6_1,0.7443082311733801,0.9886859966642594
2024,05,PRT.4.2.60_1,0.6847635726795097,0.9759487691472335
2024,05,PRT.4.2.61_1,0.7110332749562173,0.9821690282227392
2024,05,PRT.4.2.62_1,0.6987740805604205,0.9793855216409929
2024,05,PRT.4.2.63_1,0.712784588441331,0.9825497442877892
2024,05,PRT.4.2.64_1,0.7460595446584939,0.9889873608899156
2024,05,PRT.4.2.65_1,0.6777583187390543,0.9741273017424364
2024,05,PRT.4.2.66_1,0.7215411558669002,0.9843901665498289
2024,05,PRT.4.2.67_1,0.7110332749562173,0.9821690282227392
2024,05,PRT.4.2.68_1,0.7302977232924693,0.9861257526299574
2024,05,PRT.4.2.69_1,0.6795096322241682,0.9745891442038537
2024,05,PRT.4.2.7_1,0.7338003502626971,0.986790757962396
2024,05,PRT.4.2.70_1,0.6795096322241682,0.9745891442038537
2024,05,PRT.4.2.71_1,0.7267950963222417,0.9854440623394105
2024,05,PRT.4.2.72_1,0.6935201401050789,0.9781288258711119
2024,05,PRT.4.2.73_1,0.628721541155867,0.9594144047282176
2024,05,PRT.4.2.74_1,0.6970227670753065,0.9789708882290628
2024,05,PRT.4.2.75_1,0.6847635726795097,0.9759487691472335
2024,05,PRT.4.2.76_1,0.6935201401050789,0.9781288258711119
2024,05,PRT.4.2.77_1,0.7285464098073555,0.9857869952479592
2024,05,PRT.4.2.78_1,0.6812609457092821,0.975046665549911
2024,05,PRT.4.2.79_1,0.7092819614711035,0.9817840903172144
2024,05,PRT.4.2.8_1,0.7040280210157619,0.9806038955664005
2024,05,PRT.4.2.80_1,0.6760070052539405,0.9736611320166786
2024,05,PRT.4.2.81_1,0.6795096322241682,0.9745891442038537
2024,05,PRT.4.2.82_1,0.7145359019264449,0.9829262434180909
2024,05,PRT.4.2.83_1,0.6952714535901927,0.97855199146494
2024,05,PRT.4.2.84_1,0.76707530647986,0.9922822179198819
2024,05,PRT.4.2.85_1,0.6952714535901927,0.97855199146494
2024,05,PRT.4.2.86_1,0.7022767075306481,0.9802020199938377
2024,05,PRT.4.2.87_1,0.7215411558669002,0.9843901665498289
2024,05,PRT.4.2.88_1,0.7005253940455343,0.9797958971132712
2024,05,PRT.4.2.89_1,0.6900175131348513,0.9772696659571503
2024,05,PRT.4.2.9_1,0.670753064798599,0.9722365967191319
2024,05,PRT.4.3.1_1,0.7232924693520141,0.9847456524402634
2024,05,PRT.4.3.10_1,0.6760070052539405,0.9736611320166786
2024,05,PRT.4.3.11_1,0.670753064798599,0.9722365967191319
2024,05,PRT.4.3.12_1,0.7267950963222417,0.9854440623394105
2024,05,PRT.4.3.13_1,0.7075306479859896,0.9813949256033475
2024,05,PRT.4.3.14_1,0.7232924693520141,0.9847456524402634
2024,05,PRT.4.3.15_1,0.6672504378283713,0.9712651543219287
2024,05,PRT.4.3.16_1,0.7075306479859896,0.9813949256033475
2024,05,PRT.4.3.17_1,0.6847635726795097,0.9759487691472335
2024,05,PRT.4.3.18_1,0.6549912434325745,0.9677272342969376
2024,05,PRT.4.3.19_1,0.6690017513134852,0.9717530550505102
2024,05,PRT.4.3.2_1,0.6917688266199651,0.9777013859047148
2024,05,PRT.4.3.20_1,0.6795096322241682,0.9745891442038537
2024,05,PRT.4.3.21_1,0.7302977232924693,0.9861257526299574
2024,05,PRT.4.3.22_1,0.6847635726795097,0.9759487691472335
2024,05,PRT.4.3.23_1,0.7145359019264449,0.9829262434180909
2024,05,PRT.4.3.24_1,0.7355516637478109,0.9871170143402452
2024,05,PRT.4.3.25_1,0.6690017513134852,0.9717530550505102
2024,05,PRT.4.3.26_1,0.7373029772329247,0.987439112046915
2024,05,PRT.4.3.27_1,0.7565674255691769,0.9907088371464141
2024,05,PRT.4.3.28_1,0.6830122591943959,0.9754998718605759
2024,05,PRT.4.3.29_1,0.6917688266199651,0.9777013859047148
2024,05,PRT.4.3.3_1,0.6549912434325745,0.9677272342969376
2024,05,PRT.4.3.30_1,0.7075306479859896,0.9813949256033475
2024,05,PRT.4.3.31_1,0.6865148861646235,0.9763933633531108
2024,05,PRT.4.3.32_1,0.6760070052539405,0.9736611320166786
2024,05,PRT.4.3.33_1,0.7338003502626971,0.986790757962396
2024,05,PRT.4.3.34_1,0.6952714535901927,0.97855199146494
2024,05,PRT.4.3.35_1,0.7425569176882663,0.9883804935347521
2024,05,PRT.4.3.36_1,0.7320490367775833,0.98646033878712025
2024,05,PRT.4.3.37_1,0.6742556917688267,0.9731906288081488
2024,05,PRT.4.3.38_1,0.6567425569176883,0.9682458365518543
2024,05,PRT.4.3.39_1,0.7022767075306481,0.9802020199938377
2024,05,PRT.4.3.4_1,0.6234676007005254,0.9576304088739037
2024,05,PRT.4.3.40_1,0.6795096322241682,0.9745891442038537
2024,05,PRT.4.3.41_1,0.7320490367775833,0.98646033878712025
2024,05,PRT.4.3.42_1,0.6742556917688267,0.9731906288081488
2024,05,PRT.4.3.43_1,0.670753064798599,0.9722365967191319
2024,05,PRT.4.3.44_1,0.6760070052539405,0.9736611320166786
2024,05,PRT.4.3.45_1,0.712784588441331,0.9825497442877892
2024,05,PRT.4.3.46_1,0.6742556917688267,0.9731906288081488
2024,05,PRT.4.3.47_1,0.6672504378283713,0.9712651543219287
2024,05,PRT.4.3.48_1,0.6900175131348513,0.9772696659571503
2024,05,PRT.4.3.49_1,0.6690017513134852,0.9717530550505102
2024,05,PRT.4.3.5_1,0.63922942206655,0.9628603221651623
2024,05,PRT.4.3.50_1,0.6795096322241682,0.9745891442038537
2024,05,PRT.4.3.51_1,0.7022767075306481,0.9802020199938377
2024,05,PRT.4.3.52_1,0.6725043782837129,0.9727157858285225
2024,05,PRT.4.3.53_1,0.7250437828371279,0.9850969495435462
2024,05,PRT.4.3.54_1,0.6690017513134852,0.9717530550505102
2024,05,PRT.4.3.55_1,0.7285464098073555,0.9857869952479592
2024,05,PRT.4.3.56_1,0.7232924693520141,0.9847456524402634
2024,05,PRT.4.3.57_1,0.6690017513134852,0.9717530550505102
2024,05,PRT.4.3.58_1,0.6322241681260946,0.9605810741421048
2024,05,PRT.4.3.59_1,0.7057793345008757,0.9810015290507961
2024,05,PRT.4.3.6_1,0.6795096322241682,0.9745891442038537
2024,05,PRT.4.3.60_1,0.6917688266199651,0.9777013859047148
2024,05,PRT.4.3.61_1,0.6900175131348513,0.9772696659571503
2024,05,PRT.4.3.7_1,0.6830122591943959,0.9754998718605759
2024,05,PRT.4.3.8_1,0.6777583187390543,0.9741273017424364
2024,05,PRT.4.3.9_1,0.6830122591943959,0.9754998718605759
2024,05,PRT.4.4.1_1,0.6042031523642732,0.9507365565707464
2024,05,PRT.4.4.10_1,0.6514886164623468,0.9666767815562759
2024,05,PRT.4.4.11_1,0.597197898423818,0.9480907129594721
2024,05,PRT.4.4.12_1,0.63922942206655,0.9628603221651623
2024,05,PRT.4.4.13_1,0.6549912434325745,0.9677272342969376
2024,05,PRT.4.4.14_1,0.5954465849387042,0.9474175425861608
2024,05,PRT.4.4.15_1,0.6479859894921192,0.9656086163658648
2024,05,PRT.4.4.16_1,0.6234676007005254,0.9576304088739037
2024,05,PRT.4.4.17_1,0.6339754816112084,0.9611576353543679
2024,05,PRT.4.4.2_1,0.670753064798599,0.9722365967191319
2024,05,PRT.4.4.3_1,0.6357267950963222,0.9617296917533533
2024,05,PRT.4.4.4_1,0.6654991243432575,0.9707728879609279
2024,05,PRT.4.4.5_1,0.6217162872154116,0.9570266453970862
2024,05,PRT.4.4.6_1,0.6479859894921192,0.9656086163658648
2024,05,PRT.4.4.7_1,0.6112084063047285,0.9533079250693346
2024,05,PRT.4.4.8_1,0.63922942206655,0.9628603221651623
2024,05,PRT.4.4.9_1,0.6479859894921192,0.9656086163658648
2024,05,PRT.4.5.1_1,0.63922942206655,0.9628603221651623
2024,05,PRT.4.5.10_1,0.6427320490367776,0.9639730286683336
2024,05,PRT.4.5.11_1,0.6952714535901927,0.97855199146494
2024,05,PRT.4.5.12_1,0.6357267950963222,0.9617296917533533
2024,05,PRT.4.5.13_1,0.6129597197898424,0.9539392014169457
2024,05,PRT.4.5.14_1,0.6427320490367776,0.9639730286683336
2024,05,PRT.4.5.15_1,0.6129597197898424,0.9539392014169457
2024,05,PRT.4.5.16_1,0.5884413309982488,0.9446777228240327
2024,05,PRT.4.5.17_1,0.6357267950963222,0.9617296917533533
2024,05,PRT.4.5.18_1,0.649737302977233,0.9661449166662318
2024,05,PRT.4.5.19_1,0.6339754816112084,0.9611576353543679
2024,05,PRT.4.5.2_1,0.6725043782837129,0.9727157858285225
2024,05,PRT.4.5.20_1,0.6357267950963222,0.9617296917533533
2024,05,PRT.4.5.21_1,0.6637478108581437,0.970276249322841
2024,05,PRT.4.5.22_1,0.6812609457092821,0.975046665549911
2024,05,PRT.4.5.3_1,0.660245183887916,0.9692698282728087
2024,05,PRT.4.5.4_1,0.6725043782837129,0.9727157858285225
2024,05,PRT.4.5.5_1,0.649737302977233,0.9661449166662318
2024,05,PRT.4.5.6_1,0.586690017513135,0.9439809320108113
2024,05,PRT.4.5.7_1,0.6427320490367776,0.9639730286683336
2024,05,PRT.4.5.8_1,0.62697022767075306,0.9588242800430119
2024,05,PRT.4.5.9_1,0.6760070052539405,0.9736611320166786
2024,05,PRT.4.6.1_1,0.670753064798599,0.9722365967191319
2024,05,PRT.4.6.10_1,0.6742556917688267,0.9731906288081488
2024,05,PRT.4.6.13_1,0.7057793345008757,0.9810015290507961
2024,05,PRT.4.6.14_1,0.7110332749562173,0.9821690282227392
2024,05,PRT.4.6.15_1,0.7320490367775833,0.98646033878712025
2024,05,PRT.4.6.2_1,0.7145359019264449,0.9829262434180909
2024,05,PRT.4.6.4_1,0.6917688266199651,0.9777013859047148
2024,05,PRT.4.6.7_1,0.7250437828371279,0.9850969495435462
2024,05,PRT.4.6.8_1,0.6882661996497373,0.976833660353696
2024,05,PRT.4.6.9_1,0.6987740805604205,0.9793855216409929
2024,05,PRT.4.7.1_1,0.6584938704028022,0.9687600322061186
2024,05,PRT.4.7.10_1,0.6094570928196147,0.9526720317087093
2024,05,PRT.4.7.11_1,0.6637478108581437,0.970276249322841
2024,05,PRT.4.7.12_1,0.6847635726795097,0.9759487691472335
2024,05,PRT.4.7.13_1,0.6322241681260946,0.9605810741421048
2024,05,PRT.4.7.14_1,0.6409807355516638,0.9634189120003821
2024,05,PRT.4.7.15_1,0.6865148861646235,0.9763933633531108
2024,05,PRT.4.7.16_1,0.6532399299474606,0.9672042183530839
2024,05,PRT.4.7.17_1,0.6690017513134852,0.9717530550505102
2024,05,PRT.4.7.18_1,0.6357267950963222,0.9617296917533533
2024,05,PRT.4.7.19_1,0.6462346760070053,0.965067873260736
2024,05,PRT.4.7.2_1,0.6725043782837129,0.9727157858285225
2024,05,PRT.4.7.20_1,0.6882661996497373,0.976833660353696
2024,05,PRT.4.7.21_1,0.6059544658493871,0.9513863568498342
2024,05,PRT.4.7.22_1,0.6917688266199651,0.9777013859047148
2024,05,PRT.4.7.23_1,0.649737302977233,0.9661449166662318
2024,05,PRT.4.7.24_1,0.5744308231173381,0.9389696480717574
2024,05,PRT.4.7.25_1,0.6339754816112084,0.9611576353543679
2024,05,PRT.4.7.26_1,0.6444833625218914,0.9645226798784983
2024,05,PRT.4.7.27_1,0.6812609457092821,0.975046665549911
2024,05,PRT.4.7.28_1,0.6672504378283713,0.9712651543219287
2024,05,PRT.4.7.29_1,0.6339754816112084,0.9611576353543679
2024,05,PRT.4.7.3_1,0.6479859894921192,0.9656086163658648
2024,05,PRT.4.7.30_1,0.6322241681260946,0.9605810741421048
2024,05,PRT.4.7.31_1,0.6339754816112084,0.9611576353543679
2024,05,PRT.4.7.32_1,0.6725043782837129,0.9727157858285225
2024,05,PRT.4.7.33_1,0.6532399299474606,0.9672042183530839
2024,05,PRT.4.7.34_1,0.6690017513134852,0.9717530550505102
2024,05,PRT.4.7.35_1,0.6690017513134852,0.9717530550505102
2024,05,PRT.4.7.36_1,0.6725043782837129,0.9727157858285225
2024,05,PRT.4.7.4_1,0.6637478108581437,0.970276249322841
2024,05,PRT.4.7.5_1,0.62697022767075306,0.9588242800430119
2024,05,PRT.4.7.6_1,0.6479859894921192,0.9656086163658648
2024,05,PRT.4.7.7_1,0.6059544658493871,0.9513863568498342
2024,05,PRT.4.7.8_1,0.6760070052539405,0.9736611320166786
2024,05,PRT.4.7.9_1,0.6304728546409808,0.96
2024,05,PRT.4.8.1_1,0.6357267950963222,0.9617296917533533
2024,05,PRT.4.8.10_1,0.6567425569176883,0.9682458365518543
2024,05,PRT.4.8.11_1,0.6549912434325745,0.9677272342969376
2024,05,PRT.4.8.12_1,0.6637478108581437,0.970276249322841
2024,05,PRT.4.8.13_1,0.7180385288966725,0.983666610188635
2024,05,PRT.4.8.14_1,0.6882661996497373,0.976833660353696
2024,05,PRT.4.8.15_1,0.6322241681260946,0.9605810741421048
2024,05,PRT.4.8.16_1,0.6777583187390543,0.9741273017424364
2024,05,PRT.4.8.17_1,0.6532399299474606,0.9672042183530839
2024,05,PRT.4.8.18_1,0.628721541155867,0.9594144047282176
2024,05,PRT.4.8.19_1,0.6374781085814362,0.962297251372984
2024,05,PRT.4.8.2_1,0.6619964973730298,0.9697752316903129
2024,05,PRT.4.8.20_1,0.6374781085814362,0.962297251372984
2024,05,PRT.4.8.21_1,0.660245183887916,0.9692698282728087
2024,05,PRT.4.8.22_1,0.5989492119089318,0.9487591896788141
2024,05,PRT.4.8.23_1,0.6952714535901927,0.97855199146494
2024,05,PRT.4.8.24_1,0.6409807355516638,0.9634189120003821
2024,05,PRT.4.8.25_1,0.6882661996497373,0.976833660353696
2024,05,PRT.4.8.26_1,0.628721541155867,0.9594144047282176
2024,05,PRT.4.8.27_1,0.7005253940455343,0.9797958971132712
2024,05,PRT.4.8.28_1,0.6917688266199651,0.9777013859047148
2024,05,PRT.4.8.29_1,0.6865148861646235,0.9763933633531108
2024,05,PRT.4.8.3_1,0.649737302977233,0.9661449166662318
2024,05,PRT.4.8.30_1,0.6742556917688267,0.9731906288081488
2024,05,PRT.4.8.31_1,0.6725043782837129,0.9727157858285225
2024,05,PRT.4.8.32_1,0.6147110332749562,0.954565869911553
2024,05,PRT.4.8.33_1,0.6795096322241682,0.9745891442038537
2024,05,PRT.4.8.34_1,0.6567425569176883,0.9682458365518543
2024,05,PRT.4.8.35_1,0.6760070052539405,0.9736611320166786
2024,05,PRT.4.8.36_1,0.6374781085814362,0.962297251372984
2024,05,PRT.4.8.37_1,0.6795096322241682,0.9745891442038537
2024,05,PRT.4.8.38_1,0.6672504378283713,0.9712651543219287
2024,05,PRT.4.8.39_1,0.6637478108581437,0.970276249322841
2024,05,PRT.4.8.4_1,0.628721541155867,0.9594144047282176
2024,05,PRT.4.8.40_1,0.660245183887916,0.9692698282728087
2024,05,PRT.4.8.41_1,0.6532399299474606,0.9672042183530839
2024,05,PRT.4.8.42_1,0.6882661996497373,0.976833660353696
2024,05,PRT.4.8.43_1,0.63922942206655,0.9628603221651623
2024,05,PRT.4.8.44_1,0.6917688266199651,0.9777013859047148
2024,05,PRT.4.8.45_1,0.670753064798599,0.9722365967191319
2024,05,PRT.4.8.46_1,0.6637478108581437,0.970276249322841
2024,05,PRT.4.8.47_1,0.6409807355516638,0.9634189120003821
2024,05,PRT.4.8.48_1,0.6584938704028022,0.9687600322061186
2024,05,PRT.4.8.49_1,0.660245183887916,0.9692698282728087
2024,05,PRT.4.8.5_1,0.6339754816112084,0.9611576353543679
2024,05,PRT.4.8.50_1,0.6952714535901927,0.97855199146494
2024,05,PRT.4.8.51_1,0.6619964973730298,0.9697752316903129
2024,05,PRT.4.8.52_1,0.6322241681260946,0.9605810741421048
2024,05,PRT.4.8.53_1,0.6252189141856392,0.9582296175760798
2024,05,PRT.4.8.54_1,0.6182136602451839,0.9558054195284729
2024,05,PRT.4.8.55_1,0.6777583187390543,0.9741273017424364
2024,05,PRT.4.8.56_1,0.6812609457092821,0.975046665549911
2024,05,PRT.4.8.57_1,0.6882661996497373,0.976833660353696
2024,05,PRT.4.8.58_1,0.6462346760070053,0.965067873260736
2024,05,PRT.4.8.59_1,0.6427320490367776,0.9639730286683336
2024,05,PRT.4.8.6_1,0.6777583187390543,0.9741273017424364
2024,05,PRT.4.8.60_1,0.6690017513134852,0.9717530550505102
2024,05,PRT.4.8.61_1,0.6672504378283713,0.9712651543219287
2024,05,PRT.4.8.62_1,0.7092819614711035,0.9817840903172144
2024,05,PRT.4.8.63_1,0.649737302977233,0.9661449166662318
2024,05,PRT.4.8.64_1,0.7145359019264449,0.9829262434180909
2024,05,PRT.4.8.65_1,0.63922942206655,0.9628603221651623
2024,05,PRT.4.8.66_1,0.6725043782837129,0.9727157858285225
2024,05,PRT.4.8.67_1,0.6549912434325745,0.9677272342969376
2024,05,PRT.4.8.68_1,0.6444833625218914,0.9645226798784983
2024,05,PRT.4.8.69_1,0.6865148861646235,0.9763933633531108
2024,05,PRT.4.8.7_1,0.6900175131348513,0.9772696659571503
2024,05,PRT.4.8.70_1,0.6725043782837129,0.9727157858285225
2024,05,PRT.4.8.8_1,0.7285464098073555,0.9857869952479592
2024,05,PRT.4.8.9_1,0.6847635726795097,0.9759487691472335
2024,05,PRT.4.9.1_1,0.6760070052539405,0.9736611320166786
2024,05,PRT.4.9.10_1,0.6690017513134852,0.9717530550505102
2024,05,PRT.4.9.11_1,0.6637478108581437,0.970276249322841
2024,05,PRT.4.9.12_1,0.6462346760070053,0.965067873260736
2024,05,PRT.4.9.13_1,0.6672504378283713,0.9712651543219287
2024,05,PRT.4.9.14_1,0.6567425569176883,0.9682458365518543
2024,05,PRT.4.9.15_1,0.670753064798599,0.9722365967191319
2024,05,PRT.4.9.16_1,0.6252189141856392,0.9582296175760798
2024,05,PRT.4.9.17_1,0.6882661996497373,0.976833660353696
2024,05,PRT.4.9.18_1,0.6900175131348513,0.9772696659571503
2024,05,PRT.4.9.19_1,0.6742556917688267,0.9731906288081488
2024,05,PRT.4.9.2_1,0.7180385288966725,0.983666610188635
2024,05,PRT.4.9.20_1,0.670753064798599,0.9722365967191319
2024,05,PRT.4.9.21_1,0.7040280210157619,0.9806038955664005
2024,05,PRT.4.9.22_1,0.7040280210157619,0.9806038955664005
2024,05,PRT.4.9.23_1,0.6654991243432575,0.9707728879609279
2024,05,PRT.4.9.24_1,0.6514886164623468,0.9666767815562759
2024,05,PRT.4.9.25_1,0.6514886164623468,0.9666767815562759
2024,05,PRT.4.9.26_1,0.6567425569176883,0.9682458365518543
2024,05,PRT.4.9.27_1,0.6690017513134852,0.9717530550505102
2024,05,PRT.4.9.28_1,0.7390542907180385,0.9877570551507087
2024,05,PRT.4.9.29_1,0.7092819614711035,0.9817840903172144
2024,05,PRT.4.9.3_1,0.6462346760070053,0.965067873260736
2024,05,PRT.4.9.4_1,0.649737302977233,0.9661449166662318
2024,05,PRT.4.9.5_1,0.6374781085814362,0.962297251372984
2024,05,PRT.4.9.6_1,0.6760070052539405,0.9736611320166786
2024,05,PRT.4.9.7_1,0.6339754816112084,0.9611576353543679
2024,05,PRT.4.9.8_1,0.7425569176882663,0.9883804935347521
2024,05,PRT.4.9.9_1,0.6672504378283713,0.9712651543219287
2024,05,PRT.5.1.1_1,0.4991243432574431,0.9028288874421332
2024,05,PRT.5.1.10_1,0.5061295971978984,0.9065958305661901
2024,05,PRT.5.1.11_1,0.5061295971978984,0.9065958305661901
2024,05,PRT.5.1.12_1,0.47810858143607715,0.8910016835000931
2024,05,PRT.5.1.13_1,0.5288966725043783,0.918250510481753
2024,05,PRT.5.1.14_1,0.5359019264448337,0.9216593730874764
2024,05,PRT.5.1.15_1,0.5306479859894921,0.9191104395011516
2024,05,PRT.5.1.16_1,0.5359019264448337,0.9216593730874764
2024,05,PRT.5.1.17_1,0.5446584938704029,0.9258055951440345
2024,05,PRT.5.1.18_1,0.5131348511383538,0.9102768809543611
2024,05,PRT.5.1.19_1,0.5148861646234676,0.9111838453352868
2024,05,PRT.5.1.2_1,0.542907180385289,0.9249864863877743
2024,05,PRT.5.1.20_1,0.5183887915936953,0.9129819275319747
2024,05,PRT.5.1.3_1,0.5744308231173381,0.9389696480717574
2024,05,PRT.5.1.4_1,0.5516637478108581,0.9290317540321213
2024,05,PRT.5.1.5_1,0.5078809106830122,0.9075241043630743
2024,05,PRT.5.1.6_1,0.5499124343257443,0.9282327294380435
2024,05,PRT.5.1.7_1,0.5078809106830122,0.9075241043630743
2024,05,PRT.5.1.8_1,0.4973730297723292,0.9018736053350269
2024,05,PRT.5.1.9_1,0.5148861646234676,0.9111838453352868
2024,05,PRT.5.10.1_1,0.5183887915936953,0.9129819275319747
2024,05,PRT.5.10.10_1,0.5043782837127846,0.905662188677434
2024,05,PRT.5.10.11_1,0.532399299474606,0.9199652167337633
2024,05,PRT.5.10.12_1,0.5656742556917689,0.9352454223357631
2024,05,PRT.5.10.13_1,0.5096322241681261,0.9084470265238365
2024,05,PRT.5.10.14_1,0.5148861646234676,0.9111838453352868
2024,05,PRT.5.10.15_1,0.5411558669001751,0.9241623234042816
2024,05,PRT.5.10.16_1,0.5691768826619966,0.9367496997597597
2024,05,PRT.5.10.17_1,0.5551663747810859,0.9306148505155073
2024,05,PRT.5.10.18_1,0.5709281961471104,0.9374945333173949
2024,05,PRT.5.10.19_1,0.521891418563923,0.9147589846511485
2024,05,PRT.5.10.2_1,0.5236427320490368,0.9156396671180208
2024,05,PRT.5.10.3_1,0.5131348511383538,0.9102768809543611
2024,05,PRT.5.10.4_1,0.5464098073555167,0.9266196630764966
2024,05,PRT.5.10.5_1,0.5534150612959721,0.9298257901349047
2024,05,PRT.5.10.6_1,0.5236427320490368,0.9156396671180208
2024,05,PRT.5.10.7_1,0.5043782837127846,0.905662188677434
2024,05,PRT.5.10.8_1,0.5026269702276708,0.9047231620777706
2024,05,PRT.5.10.9_1,0.5271453590192645,0.9173854151881858
2024,05,PRT.5.11.1_1,0.5236427320490368,0.9156396671180208
2024,05,PRT.5.11.10_1,0.5359019264448337,0.9216593730874764
2024,05,PRT.5.11.11_1,0.5148861646234676,0.9111838453352868
2024,05,PRT.5.11.12_1,0.5096322241681261,0.9084470265238365
2024,05,PRT.5.11.13_1,0.5271453590192645,0.9173854151881858
2024,05,PRT.5.11.14_1,0.5078809106830122,0.9075241043630743
2024,05,PRT.5.11.2_1,0.532399299474606,0.9199652167337633
2024,05,PRT.5.11.3_1,0.5201401050788091,0.9138730765264944
2024,05,PRT.5.11.4_1,0.5446584938704029,0.9258055951440345
2024,05,PRT.5.11.5_1,0.4991243432574431,0.9028288874421332
2024,05,PRT.5.11.6_1,0.5166374781085814,0.9120855223058855
2024,05,PRT.5.11.7_1,0.5306479859894921,0.9191104395011516
2024,05,PRT.5.11.8_1,0.5796847635726796,0.9411461098044235
2024,05,PRT.5.11.9_1,0.5394045534150613,0.923333092659415
2024,05,PRT.5.12.1_1,0.5359019264448337,0.9216593730874764
2024,05,PRT.5.12.10_1,0.5761821366024519,0.939699952112375
2024,05,PRT.5.12.11_1,0.5359019264448337,0.9216593730874764
2024,05,PRT.5.12.12_1,0.5359019264448337,0.9216593730874764
2024,05,PRT.5.12.13_1,0.521891418563923,0.9147589846511485
2024,05,PRT.5.12.14_1,0.500875656742557,0.9037787339830473
2024,05,PRT.5.12.15_1,0.5359019264448337,0.9216593730874764
2024,05,PRT.5.12.16_1,0.5481611208406305,0.9274287034591931
2024,05,PRT.5.12.17_1,0.5919439579684764,0.946057080730333
2024,05,PRT.5.12.18_1,0.5586690017513135,0.9321780945720619
2024,05,PRT.5.12.19_1,0.5744308231173381,0.9389696480717574
2024,05,PRT.5.12.2_1,0.5551663747810859,0.9306148505155073
2024,05,PRT.5.12.20_1,0.5148861646234676,0.9111838453352868
2024,05,PRT.5.12.21_1,0.6024518388791593,0.9500821017154254
2024,05,PRT.5.12.22_1,0.5078809106830122,0.9075241043630743
2024,05,PRT.5.12.23_1,0.51138353765324,0.909364613342745
2024,05,PRT.5.12.24_1,0.532399299474606,0.9199652167337633
2024,05,PRT.5.12.25_1,0.5586690017513135,0.9321780945720619
2024,05,PRT.5.12.26_1,0.5656742556917689,0.9352454223357631
2024,05,PRT.5.12.27_1,0.5043782837127846,0.905662188677434
2024,05,PRT.5.12.28_1,0.5411558669001751,0.9241623234042816
2024,05,PRT.5.12.29_1,0.5236427320490368,0.9156396671180208
2024,05,PRT.5.12.3_1,0.56217162872154125,0.9337215859130601
2024,05,PRT.5.12.30_1,0.5709281961471104,0.9374945333173949
2024,05,PRT.5.12.31_1,0.5464098073555167,0.9266196630764966
2024,05,PRT.5.12.32_1,0.5078809106830122,0.9075241043630743
2024,05,PRT.5.12.33_1,0.5236427320490368,0.9156396671180208
2024,05,PRT.5.12.34_1,0.5516637478108581,0.9290317540321213
2024,05,PRT.5.12.35_1,0.56217162872154125,0.9337215859130601
2024,05,PRT.5.12.4_1,0.48861646234676015,0.8970150500409678
2024,05,PRT.5.12.5_1,0.5516637478108581,0.9290317540321213
2024,05,PRT.5.12.6_1,0.521891418563923,0.9147589846511485
2024,05,PRT.5.12.7_1,0.5464098073555167,0.9266196630764966
2024,05,PRT.5.12.8_1,0.4938704028021016,0.8999466650863261
2024,05,PRT.5.12.9_1,0.5551663747810859,0.9306148505155073
2024,05,PRT.5.2.1_1,0.5236427320490368,0.9156396671180208
2024,05,PRT.5.2.10_1,0.5183887915936953,0.9129819275319747
2024,05,PRT.5.2.11_1,0.4956217162872154,0.9009128703709366
2024,05,PRT.5.2.12_1,0.5446584938704029,0.9258055951440345
2024,05,PRT.5.2.13_1,0.5271453590192645,0.9173854151881858
2024,05,PRT.5.2.14_1,0.48336252189141865,0.8940335564172074
2024,05,PRT.5.2.15_1,0.5586690017513135,0.9321780945720619
2024,05,PRT.5.2.16_1,0.5026269702276708,0.9047231620777706
2024,05,PRT.5.2.17_1,0.5516637478108581,0.9290317540321213
2024,05,PRT.5.2.18_1,0.5551663747810859,0.9306148505155073
2024,05,PRT.5.2.19_1,0.5604203152364273,0.9329523031752481
2024,05,PRT.5.2.2_1,0.5271453590192645,0.9173854151881858
2024,05,PRT.5.2.20_1,0.48861646234676015,0.8970150500409678
2024,05,PRT.5.2.21_1,0.5586690017513135,0.9321780945720619
2024,05,PRT.5.2.22_1,0.5166374781085814,0.9120855223058855
2024,05,PRT.5.2.23_1,0.5341506129597198,0.920814856526544
2024,05,PRT.5.2.24_1,0.5884413309982488,0.9446777228240327
2024,05,PRT.5.2.25_1,0.5691768826619966,0.9367496997597597
2024,05,PRT.5.2.26_1,0.5411558669001751,0.9241623234042816
2024,05,PRT.5.2.27_1,0.5464098073555167,0.9266196630764966
2024,05,PRT.5.2.28_1,0.5341506129597198,0.920814856526544
2024,05,PRT.5.2.29_1,0.5411558669001751,0.9241623234042816
2024,05,PRT.5.2.3_1,0.5131348511383538,0.9102768809543611
2024,05,PRT.5.2.30_1,0.5306479859894921,0.9191104395011516
2024,05,PRT.5.2.31_1,0.5236427320490368,0.9156396671180208
2024,05,PRT.5.2.32_1,0.5569176882661997,0.931398947819891
2024,05,PRT.5.2.33_1,0.5306479859894921,0.9191104395011516
2024,05,PRT.5.2.34_1,0.5691768826619966,0.9367496997597597
2024,05,PRT.5.2.35_1,0.5796847635726796,0.9411461098044235
2024,05,PRT.5.2.36_1,0.5919439579684764,0.946057080730333
2024,05,PRT.5.2.37_1,0.542907180385289,0.9249864863877743
2024,05,PRT.5.2.38_1,0.5341506129597198,0.920814856526544
2024,05,PRT.5.2.39_1,0.5446584938704029,0.9258055951440345
2024,05,PRT.5.2.4_1,0.6147110332749562,0.954565869911553
2024,05,PRT.5.2.40_1,0.5183887915936953,0.9129819275319747
2024,05,PRT.5.2.41_1,0.5359019264448337,0.9216593730874764
2024,05,PRT.5.2.42_1,0.5814360770577934,0.9418619856433319
2024,05,PRT.5.2.43_1,0.5691768826619966,0.9367496997597597
2024,05,PRT.5.2.44_1,0.5341506129597198,0.920814856526544
2024,05,PRT.5.2.45_1,0.5271453590192645,0.9173854151881858
2024,05,PRT.5.2.46_1,0.5288966725043783,0.918250510481753
2024,05,PRT.5.2.47_1,0.5183887915936953,0.9129819275319747
2024,05,PRT.5.2.48_1,0.5464098073555167,0.9266196630764966
2024,05,PRT.5.2.49_1,0.48686514886164634,0.8960267853139213
2024,05,PRT.5.2.5_1,0.5446584938704029,0.9258055951440345
2024,05,PRT.5.2.6_1,0.5726795096322242,0.9382345122622595
2024,05,PRT.5.2.7_1,0.5026269702276708,0.9047231620777706
2024,05,PRT.5.2.8_1,0.5709281961471104,0.9374945333173949
2024,05,PRT.5.2.9_1,0.5586690017513135,0.9321780945720619
2024,05,PRT.5.3.1_1,0.532399299474606,0.9199652167337633
2024,05,PRT.5.3.10_1,0.5131348511383538,0.9102768809543611
2024,05,PRT.5.3.11_1,0.5253940455341506,0.916515138991168
2024,05,PRT.5.3.12_1,0.56217162872154125,0.9337215859130601
2024,05,PRT.5.3.13_1,0.521891418563923,0.9147589846511485
2024,05,PRT.5.3.14_1,0.5499124343257443,0.9282327294380435
2024,05,PRT.5.3.15_1,0.5534150612959721,0.9298257901349047
2024,05,PRT.5.3.16_1,0.5026269702276708,0.9047231620777706
2024,05,PRT.5.3.17_1,0.48336252189141865,0.8940335564172074
2024,05,PRT.5.3.18_1,0.5288966725043783,0.918250510481753
2024,05,PRT.5.3.19_1,0.5551663747810859,0.9306148505155073
2024,05,PRT.5.3.2_1,0.5026269702276708,0.9047231620777706
2024,05,PRT.5.3.3_1,0.4938704028021016,0.8999466650863261
2024,05,PRT.5.3.4_1,0.542907180385289,0.9249864863877743
2024,05,PRT.5.3.5_1,0.5253940455341506,0.916515138991168
2024,05,PRT.5.3.6_1,0.5043782837127846,0.905662188677434
2024,05,PRT.5.3.7_1,0.5201401050788091,0.9138730765264944
2024,05,PRT.5.3.8_1,0.5446584938704029,0.9258055951440345
2024,05,PRT.5.3.9_1,0.5201401050788091,0.9138730765264944
2024,05,PRT.5.4.1_1,0.4570928196147111,0.8783598351473045
2024,05,PRT.5.4.2_1,0.45534150612959723,0.8772684879784524
2024,05,PRT.5.4.3_1,0.4973730297723292,0.9018736053350269
2024,05,PRT.5.4.4_1,0.44483362521891423,0.8705951987002916
2024,05,PRT.5.4.5_1,0.4991243432574431,0.9028288874421332
2024,05,PRT.5.4.6_1,0.5499124343257443,0.9282327294380435
2024,05,PRT.5.5.1_1,0.500875656742557,0.9037787339830473
2024,05,PRT.5.5.10_1,0.5061295971978984,0.9065958305661901
2024,05,PRT.5.5.11_1,0.542907180385289,0.9249864863877743
2024,05,PRT.5.5.12_1,0.45534150612959723,0.8772684879784524
2024,05,PRT.5.5.13_1,0.4973730297723292,0.9018736053350269
2024,05,PRT.5.5.14_1,0.5306479859894921,0.9191104395011516
2024,05,PRT.5.5.15_1,0.5043782837127846,0.905662188677434
2024,05,PRT.5.5.16_1,0.5814360770577934,0.9418619856433319
2024,05,PRT.5.5.17_1,0.5148861646234676,0.9111838453352868
2024,05,PRT.5.5.18_1,0.48336252189141865,0.8940335564172074
2024,05,PRT.5.5.19_1,0.521891418563923,0.9147589846511485
2024,05,PRT.5.5.2_1,0.5061295971978984,0.9065958305661901
2024,05,PRT.5.5.20_1,0.5516637478108581,0.9290317540321213
2024,05,PRT.5.5.21_1,0.48861646234676015,0.8970150500409678
2024,05,PRT.5.5.22_1,0.5604203152364273,0.9329523031752481
2024,05,PRT.5.5.23_1,0.5236427320490368,0.9156396671180208
2024,05,PRT.5.5.24_1,0.5061295971978984,0.9065958305661901
2024,05,PRT.5.5.25_1,0.4956217162872154,0.9009128703709366
2024,05,PRT.5.5.26_1,0.5201401050788091,0.9138730765264944
2024,05,PRT.5.5.27_1,0.521891418563923,0.9147589846511485
2024,05,PRT.5.5.28_1,0.5639229422066551,0.9344859549506349
2024,05,PRT.5.5.29_1,0.4956217162872154,0.9009128703709366
2024,05,PRT.5.5.3_1,0.5534150612959721,0.9298257901349047
2024,05,PRT.5.5.30_1,0.5166374781085814,0.9120855223058855
2024,05,PRT.5.5.31_1,0.5341506129597198,0.920814856526544
2024,05,PRT.5.5.32_1,0.5306479859894921,0.9191104395011516
2024,05,PRT.5.5.33_1,0.5236427320490368,0.9156396671180208
2024,05,PRT.5.5.34_1,0.5236427320490368,0.9156396671180208
2024,05,PRT.5.5.35_1,0.5131348511383538,0.9102768809543611
2024,05,PRT.5.5.36_1,0.56217162872154125,0.9337215859130601
2024,05,PRT.5.5.37_1,0.5026269702276708,0.9047231620777706
2024,05,PRT.5.5.38_1,0.4816112084063048,0.8930285549745876
2024,05,PRT.5.5.4_1,0.5376532399299475,0.9224987804869988
2024,05,PRT.5.5.5_1,0.5043782837127846,0.905662188677434
2024,05,PRT.5.5.6_1,0.5043782837127846,0.905662188677434
2024,05,PRT.5.5.7_1,0.5131348511383538,0.9102768809543611
2024,05,PRT.5.5.8_1,0.5288966725043783,0.918250510481753
2024,05,PRT.5.5.9_1,0.5183887915936953,0.9129819275319747
2024,05,PRT.5.6.1_1,0.4588441330998249,0.8794452797076121
2024,05,PRT.5.6.10_1,0.48511383537653247,0.8950329602869382
2024,05,PRT.5.6.11_1,0.44658493870402804,0.8717224328879003
2024,05,PRT.5.6.12_1,0.5061295971978984,0.9065958305661901
2024,05,PRT.5.6.13_1,0.4640980735551664,0.8826664149042944
2024,05,PRT.5.6.14_1,0.48861646234676015,0.8970150500409678
2024,05,PRT.5.6.15_1,0.5201401050788091,0.9138730765264944
2024,05,PRT.5.6.16_1,0.5078809106830122,0.9075241043630743
2024,05,PRT.5.6.17_1,0.4938704028021016,0.8999466650863261
2024,05,PRT.5.6.2_1,0.5394045534150613,0.923333092659415
2024,05,PRT.5.6.3_1,0.47810858143607715,0.8910016835000931
2024,05,PRT.5.6.4_1,0.4535901926444834,0.8761712161444246
2024,05,PRT.5.6.5_1,0.5288966725043783,0.918250510481753
2024,05,PRT.5.6.6_1,0.43432574430823123,0.8637036528810099
2024,05,PRT.5.6.7_1,0.4711033274956218,0.8868799242287537
2024,05,PRT.5.6.8_1,0.4711033274956218,0.8868799242287537
2024,05,PRT.5.6.9_1,0.4763572679509633,0.8899797750510963
2024,05,PRT.5.7.1_1,0.5464098073555167,0.9266196630764966
2024,05,PRT.5.7.10_1,0.5411558669001751,0.9241623234042816
2024,05,PRT.5.7.11_1,0.5359019264448337,0.9216593730874764
2024,05,PRT.5.7.12_1,0.5253940455341506,0.916515138991168
2024,05,PRT.5.7.13_1,0.5464098073555167,0.9266196630764966
2024,05,PRT.5.7.14_1,0.5043782837127846,0.905662188677434
2024,05,PRT.5.7.15_1,0.5569176882661997,0.931398947819891
2024,05,PRT.5.7.16_1,0.5341506129597198,0.920814856526544
2024,05,PRT.5.7.17_1,0.5096322241681261,0.9084470265238365
2024,05,PRT.5.7.18_1,0.521891418563923,0.9147589846511485
2024,05,PRT.5.7.19_1,0.48336252189141865,0.8940335564172074
2024,05,PRT.5.7.2_1,0.5306479859894921,0.9191104395011516
2024,05,PRT.5.7.20_1,0.490367775831874,0.8979977728257459
2024,05,PRT.5.7.21_1,0.5586690017513135,0.9321780945720619
2024,05,PRT.5.7.22_1,0.5359019264448337,0.9216593730874764
2024,05,PRT.5.7.23_1,0.5691768826619966,0.9367496997597597
2024,05,PRT.5.7.24_1,0.5271453590192645,0.9173854151881858
2024,05,PRT.5.7.25_1,0.5604203152364273,0.9329523031752481
2024,05,PRT.5.7.26_1,0.5551663747810859,0.9306148505155073
2024,05,PRT.5.7.27_1,0.5359019264448337,0.9216593730874764
2024,05,PRT.5.7.28_1,0.4956217162872154,0.9009128703709366
2024,05,PRT.5.7.29_1,0.5779334500875658,0.9404254356406998
2024,05,PRT.5.7.3_1,0.5534150612959721,0.9298257901349047
2024,05,PRT.5.7.30_1,0.521891418563923,0.9147589846511485
2024,05,PRT.5.7.31_1,0.5131348511383538,0.9102768809543611
2024,05,PRT.5.7.32_1,0.532399299474606,0.9199652167337633
2024,05,PRT.5.7.33_1,0.5148861646234676,0.9111838453352868
2024,05,PRT.5.7.34_1,0.5481611208406305,0.9274287034591931
2024,05,PRT.5.7.35_1,0.5183887915936953,0.9129819275319747
2024,05,PRT.5.7.36_1,0.5499124343257443,0.9282327294380435
2024,05,PRT.5.7.37_1,0.500875656742557,0.9037787339830473
2024,05,PRT.5.7.4_1,0.5551663747810859,0.9306148505155073
2024,05,PRT.5.7.5_1,0.5253940455341506,0.916515138991168
2024,05,PRT.5.7.6_1,0.5253940455341506,0.916515138991168
2024,05,PRT.5.7.7_1,0.5341506129597198,0.920814856526544
2024,05,PRT.5.7.8_1,0.56217162872154125,0.9337215859130601
2024,05,PRT.5.7.9_1,0.5306479859894921,0.9191104395011516
2024,05,PRT.5.8.1_1,0.5394045534150613,0.923333092659415
2024,05,PRT.5.8.10_1,0.5516637478108581,0.9290317540321213
2024,05,PRT.5.8.11_1,0.5499124343257443,0.9282327294380435
2024,05,PRT.5.8.12_1,0.5201401050788091,0.9138730765264944
2024,05,PRT.5.8.13_1,0.5131348511383538,0.9102768809543611
2024,05,PRT.5.8.14_1,0.5288966725043783,0.918250510481753
2024,05,PRT.5.8.15_1,0.48861646234676015,0.8970150500409678
2024,05,PRT.5.8.16_1,0.521891418563923,0.9147589846511485
2024,05,PRT.5.8.17_1,0.5166374781085814,0.9120855223058855
2024,05,PRT.5.8.18_1,0.48686514886164634,0.8960267853139213
2024,05,PRT.5.8.19_1,0.4816112084063048,0.8930285549745876
2024,05,PRT.5.8.2_1,0.45534150612959723,0.8772684879784524
2024,05,PRT.5.8.20_1,0.5236427320490368,0.9156396671180208
2024,05,PRT.5.8.21_1,0.490367775831874,0.8979977728257459
2024,05,PRT.5.8.22_1,0.532399299474606,0.9199652167337633
2024,05,PRT.5.8.23_1,0.5499124343257443,0.9282327294380435
2024,05,PRT.5.8.24_1,0.48686514886164634,0.8960267853139213
2024,05,PRT.5.8.25_1,0.5096322241681261,0.9084470265238365
2024,05,PRT.5.8.26_1,0.5148861646234676,0.9111838453352868
2024,05,PRT.5.8.27_1,0.5341506129597198,0.920814856526544
2024,05,PRT.5.8.28_1,0.48336252189141865,0.8940335564172074
2024,05,PRT.5.8.3_1,0.4938704028021016,0.8999466650863261
2024,05,PRT.5.8.4_1,0.5288966725043783,0.918250510481753
2024,05,PRT.5.8.5_1,0.4991243432574431,0.9028288874421332
2024,05,PRT.5.8.6_1,0.5499124343257443,0.9282327294380435
2024,05,PRT.5.8.7_1,0.51138353765324,0.909364613342745
2024,05,PRT.5.8.8_1,0.5464098073555167,0.9266196630764966
2024,05,PRT.5.8.9_1,0.5341506129597198,0.920814856526544
2024,05,PRT.5.9.1_1,0.5359019264448337,0.9216593730874764
2024,05,PRT.5.9.10_1,0.4956217162872154,0.9009128703709366
2024,05,PRT.5.9.11_1,0.48511383537653247,0.8950329602869382
2024,05,PRT.5.9.12_1,0.5201401050788091,0.9138730765264944
2024,05,PRT.5.9.13_1,0.5271453590192645,0.9173854151881858
2024,05,PRT.5.9.14_1,0.521891418563923,0.9147589846511485
2024,05,PRT.5.9.15_1,0.5026269702276708,0.9047231620777706
2024,05,PRT.5.9.16_1,0.5884413309982488,0.9446777228240327
2024,05,PRT.5.9.17_1,0.48861646234676015,0.8970150500409678
2024,05,PRT.5.9.2_1,0.5253940455341506,0.916515138991168
2024,05,PRT.5.9.3_1,0.5131348511383538,0.9102768809543611
2024,05,PRT.5.9.4_1,0.5131348511383538,0.9102768809543611
2024,05,PRT.5.9.5_1,0.5569176882661997,0.931398947819891
2024,05,PRT.5.9.6_1,0.47460595446584947,0.8889521921903337
2024,05,PRT.5.9.7_1,0.4816112084063048,0.8930285549745876
2024,05,PRT.5.9.8_1,0.4816112084063048,0.8930285549745876
2024,05,PRT.5.9.9_1,0.5166374781085814,0.9120855223058855
2024,05,PRT.6.1.1_1,0.5341506129597198,0.920814856526544
2024,05,PRT.6.1.2_1,0.521891418563923,0.9147589846511485
2024,05,PRT.6.1.3_1,0.5761821366024519,0.939699952112375
2024,05,PRT.6.1.4_1,0.47985989492119097,0.8920179370393849
2024,05,PRT.6.1.5_1,0.5148861646234676,0.9111838453352868
2024,05,PRT.6.10.1_1,0.532399299474606,0.9199652167337633
2024,05,PRT.6.10.2_1,0.5271453590192645,0.9173854151881858
2024,05,PRT.6.10.3_1,0.5359019264448337,0.9216593730874764
2024,05,PRT.6.11.1_1,0.4483362521891419,0.8728436286070947
2024,05,PRT.6.11.2_1,0.45534150612959723,0.8772684879784524
2024,05,PRT.6.11.3_1,0.42732049036777586,0.8589854480723175
2024,05,PRT.6.11.4_1,0.4763572679509633,0.8899797750510963
2024,05,PRT.6.2.1_1,0.5096322241681261,0.9084470265238365
2024,05,PRT.6.2.10_1,0.4535901926444834,0.8761712161444246
2024,05,PRT.6.2.11_1,0.4535901926444834,0.8761712161444246
2024,05,PRT.6.2.12_1,0.4991243432574431,0.9028288874421332
2024,05,PRT.6.2.13_1,0.4570928196147111,0.8783598351473045
2024,05,PRT.6.2.14_1,0.3992994746059545,0.8390852161729463
2024,05,PRT.6.2.15_1,0.394045534150613,0.8351646544245033
2024,05,PRT.6.2.16_1,0.415061295971979,0.8504845677612263
2024,05,PRT.6.2.17_1,0.48686514886164634,0.8960267853139213
2024,05,PRT.6.2.18_1,0.5183887915936953,0.9129819275319747
2024,05,PRT.6.2.19_1,0.490367775831874,0.8979977728257459
2024,05,PRT.6.2.2_1,0.4763572679509633,0.8899797750510963
2024,05,PRT.6.2.20_1,0.4605954465849388,0.8805248434882459
2024,05,PRT.6.2.21_1,0.4605954465849388,0.8805248434882459
2024,05,PRT.6.2.22_1,0.5096322241681261,0.9084470265238365
2024,05,PRT.6.2.23_1,0.46935201401050797,0.885835199120017
2024,05,PRT.6.2.24_1,0.5061295971978984,0.9065958305661901
2024,05,PRT.6.2.25_1,0.49211908931698783,0.8989749718429317
2024,05,PRT.6.2.3_1,0.43257443082311736,0.8625334776111592
2024,05,PRT.6.2.4_1,0.45534150612959723,0.8772684879784524
2024,05,PRT.6.2.5_1,0.4483362521891419,0.8728436286070947
2024,05,PRT.6.2.6_1,0.48861646234676015,0.8970150500409678
2024,05,PRT.6.2.7_1,0.4728546409807356,0.8879189152169246
2024,05,PRT.6.2.8_1,0.43782837127845886,0.8660254037844386
2024,05,PRT.6.2.9_1,0.44483362521891423,0.8705951987002916
2024,05,PRT.6.3.1_1,0.5884413309982488,0.9446777228240327
2024,05,PRT.6.3.10_1,0.5131348511383538,0.9102768809543611
2024,05,PRT.6.3.11_1,0.500875656742557,0.9037787339830473
2024,05,PRT.6.3.12_1,0.4676007005253941,0.8847847195787232
2024,05,PRT.6.3.13_1,0.5411558669001751,0.9241623234042816
2024,05,PRT.6.3.14_1,0.5271453590192645,0.9173854151881858
2024,05,PRT.6.3.15_1,0.5411558669001751,0.9241623234042816
2024,05,PRT.6.3.16_1,0.4711033274956218,0.8868799242287537
2024,05,PRT.6.3.17_1,0.5464098073555167,0.9266196630764966
2024,05,PRT.6.3.18_1,0.532399299474606,0.9199652167337633
2024,05,PRT.6.3.19_1,0.5183887915936953,0.9129819275319747
2024,05,PRT.6.3.2_1,0.5271453590192645,0.9173854151881858
2024,05,PRT.6.3.20_1,0.5043782837127846,0.905662188677434
2024,05,PRT.6.3.21_1,0.490367775831874,0.8979977728257459
2024,05,PRT.6.3.22_1,0.597197898423818,0.9480907129594721
2024,05,PRT.6.3.23_1,0.5341506129597198,0.920814856526544
2024,05,PRT.6.3.24_1,0.6112084063047285,0.9533079250693346
2024,05,PRT.6.3.25_1,0.5464098073555167,0.9266196630764966
2024,05,PRT.6.3.26_1,0.5026269702276708,0.9047231620777706
2024,05,PRT.6.3.27_1,0.5148861646234676,0.9111838453352868
2024,05,PRT.6.3.28_1,0.4973730297723292,0.9018736053350269
2024,05,PRT.6.3.29_1,0.5236427320490368,0.9156396671180208
2024,05,PRT.6.3.3_1,0.532399299474606,0.9199652167337633
2024,05,PRT.6.3.30_1,0.5901926444833626,0.9453697689264238
2024,05,PRT.6.3.31_1,0.5411558669001751,0.9241623234042816
2024,05,PRT.6.3.4_1,0.5026269702276708,0.9047231620777706
2024,05,PRT.6.3.5_1,0.5288966725043783,0.918250510481753
2024,05,PRT.6.3.6_1,0.5359019264448337,0.9216593730874764
2024,05,PRT.6.3.7_1,0.5534150612959721,0.9298257901349047
2024,05,PRT.6.3.8_1,0.5656742556917689,0.9352454223357631
2024,05,PRT.6.3.9_1,0.5061295971978984,0.9065958305661901
2024,05,PRT.6.4.1_1,0.5061295971978984,0.9065958305661901
2024,05,PRT.6.4.10_1,0.5341506129597198,0.920814856526544
2024,05,PRT.6.4.11_1,0.5359019264448337,0.9216593730874764
2024,05,PRT.6.4.12_1,0.5288966725043783,0.918250510481753
2024,05,PRT.6.4.13_1,0.44133099824868655,0.8683225207260261
2024,05,PRT.6.4.14_1,0.4658493870402803,0.883728465084157
2024,05,PRT.6.4.15_1,0.4168126094570928,0.8517182632772413
2024,05,PRT.6.4.16_1,0.4763572679509633,0.8899797750510963
2024,05,PRT.6.4.17_1,0.5078809106830122,0.9075241043630743
2024,05,PRT.6.4.18_1,0.43957968476357273,0.867177029216065
2024,05,PRT.6.4.19_1,0.586690017513135,0.9439809320108113
2024,05,PRT.6.4.2_1,0.521891418563923,0.9147589846511485
2024,05,PRT.6.4.20_1,0.532399299474606,0.9199652167337633
2024,05,PRT.6.4.21_1,0.47810858143607715,0.8910016835000931
2024,05,PRT.6.4.22_1,0.415061295971979,0.8504845677612263
2024,05,PRT.6.4.23_1,0.48686514886164634,0.8960267853139213
2024,05,PRT.6.4.24_1,0.500875656742557,0.9037787339830473
2024,05,PRT.6.4.25_1,0.4728546409807356,0.8879189152169246
2024,05,PRT.6.4.26_1,0.5166374781085814,0.9120855223058855
2024,05,PRT.6.4.27_1,0.48686514886164634,0.8960267853139213
2024,05,PRT.6.4.28_1,0.5236427320490368,0.9156396671180208
2024,05,PRT.6.4.29_1,0.532399299474606,0.9199652167337633
2024,05,PRT.6.4.3_1,0.4623467600700526,0.8815985480931783
2024,05,PRT.6.4.30_1,0.48336252189141865,0.8940335564172074
2024,05,PRT.6.4.31_1,0.47810858143607715,0.8910016835000931
2024,05,PRT.6.4.4_1,0.5253940455341506,0.916515138991168
2024,05,PRT.6.4.5_1,0.46935201401050797,0.885835199120017
2024,05,PRT.6.4.6_1,0.44658493870402804,0.8717224328879003
2024,05,PRT.6.4.7_1,0.4430823117338004,0.8694619025581282
2024,05,PRT.6.4.8_1,0.5586690017513135,0.9321780945720619
2024,05,PRT.6.4.9_1,0.5201401050788091,0.9138730765264944
2024,05,PRT.6.5.1_1,0.3800350262697023,0.8244052401580184
2024,05,PRT.6.5.10_1,0.42206654991243436,0.8553806170354809
2024,05,PRT.6.5.11_1,0.4185639229422067,0.8529454847761373
2024,05,PRT.6.5.12_1,0.40105078809106837,0.8403784861596588
2024,05,PRT.6.5.13_1,0.3975481611208407,0.8377851753283774
2024,05,PRT.6.5.14_1,0.4238178633975482,0.8565885826929985
2024,05,PRT.6.5.15_1,0.40105078809106837,0.8403784861596588
2024,05,PRT.6.5.16_1,0.38178633975481613,0.8257747876994065
2024,05,PRT.6.5.17_1,0.3800350262697023,0.8244052401580184
2024,05,PRT.6.5.2_1,0.42206654991243436,0.8553806170354809
2024,05,PRT.6.5.3_1,0.4430823117338004,0.8694619025581282
2024,05,PRT.6.5.4_1,0.394045534150613,0.8351646544245033
2024,05,PRT.6.5.5_1,0.4535901926444834,0.8761712161444246
2024,05,PRT.6.5.6_1,0.44658493870402804,0.8717224328879003
2024,05,PRT.6.5.7_1,0.44133099824868655,0.8683225207260261
2024,05,PRT.6.5.8_1,0.40630472854640987,0.8442179813294668
2024,05,PRT.6.5.9_1,0.38704028021015763,0.8298409486160585
2024,05,PRT.6.6.1_1,0.6007005253940456,0.9494229826584145
2024,05,PRT.6.6.10_1,0.5078809106830122,0.9075241043630743
2024,05,PRT.6.6.11_1,0.6007005253940456,0.9494229826584145
2024,05,PRT.6.6.12_1,0.5359019264448337,0.9216593730874764
2024,05,PRT.6.6.2_1,0.5551663747810859,0.9306148505155073
2024,05,PRT.6.6.3_1,0.5411558669001751,0.9241623234042816
2024,05,PRT.6.6.4_1,0.5253940455341506,0.916515138991168
2024,05,PRT.6.6.5_1,0.48686514886164634,0.8960267853139213
2024,05,PRT.6.6.6_1,0.5901926444833626,0.9453697689264238
2024,05,PRT.6.6.7_1,0.6024518388791593,0.9500821017154254
2024,05,PRT.6.6.8_1,0.5569176882661997,0.931398947819891
2024,05,PRT.6.6.9_1,0.5236427320490368,0.9156396671180208
2024,05,PRT.6.7.1_1,0.43432574430823123,0.8637036528810099
2024,05,PRT.6.7.10_1,0.4168126094570928,0.8517182632772413
2024,05,PRT.6.7.11_1,0.38353765323993,0.8271372316611071
2024,05,PRT.6.7.12_1,0.490367775831874,0.8979977728257459
2024,05,PRT.6.7.2_1,0.42732049036777586,0.8589854480723175
2024,05,PRT.6.7.3_1,0.40630472854640987,0.8442179813294668
2024,05,PRT.6.7.4_1,0.43432574430823123,0.8637036528810099
2024,05,PRT.6.7.5_1,0.4168126094570928,0.8517182632772413
2024,05,PRT.6.7.6_1,0.4535901926444834,0.8761712161444246
2024,05,PRT.6.7.7_1,0.48686514886164634,0.8960267853139213
2024,05,PRT.6.7.8_1,0.4605954465849388,0.8805248434882459
2024,05,PRT.6.7.9_1,0.48686514886164634,0.8960267853139213
2024,05,PRT.6.8.1_1,0.46935201401050797,0.885835199120017
2024,05,PRT.6.8.2_1,0.4570928196147111,0.8783598351473045
2024,05,PRT.6.8.3_1,0.45534150612959723,0.8772684879784524
2024,05,PRT.6.8.4_1,0.5341506129597198,0.920814856526544
2024,05,PRT.6.8.5_1,0.4623467600700526,0.8815985480931783
2024,05,PRT.6.8.6_1,0.47985989492119097,0.8920179370393849
2024,05,PRT.6.9.1_1,0.5446584938704029,0.9258055951440345
2024,05,PRT.6.9.10_1,0.5796847635726796,0.9411461098044235
2024,05,PRT.6.9.11_1,0.62697022767075306,0.9588242800430119
2024,05,PRT.6.9.12_1,0.5464098073555167,0.9266196630764966
2024,05,PRT.6.9.13_1,0.6077057793345009,0.9520315120835025
2024,05,PRT.6.9.14_1,0.5691768826619966,0.9367496997597597
2024,05,PRT.6.9.2_1,0.5919439579684764,0.946057080730333
2024,05,PRT.6.9.3_1,0.6164623467600701,0.955187939622355
2024,05,PRT.6.9.4_1,0.5551663747810859,0.9306148505155073
2024,05,PRT.6.9.5_1,0.5534150612959721,0.9298257901349047
2024,05,PRT.6.9.6_1,0.500875656742557,0.9037787339830473
2024,05,PRT.6.9.7_1,0.5516637478108581,0.9290317540321213
2024,05,PRT.6.9.8_1,0.5411558669001751,0.9241623234042816
2024,05,PRT.6.9.9_1,0.6147110332749562,0.954565869911553
2024,05,PRT.7.1.1_1,0.6427320490367776,0.9639730286683336
2024,05,PRT.7.1.10_1,0.5761821366024519,0.939699952112375
2024,05,PRT.7.1.11_1,0.5989492119089318,0.9487591896788141
2024,05,PRT.7.1.12_1,0.5394045534150613,0.923333092659415
2024,05,PRT.7.1.13_1,0.6532399299474606,0.9672042183530839
2024,05,PRT.7.1.14_1,0.6147110332749562,0.954565869911553
2024,05,PRT.7.1.15_1,0.6129597197898424,0.9539392014169457
2024,05,PRT.7.1.16_1,0.5989492119089318,0.9487591896788141
2024,05,PRT.7.1.17_1,0.5989492119089318,0.9487591896788141
2024,05,PRT.7.1.18_1,0.6357267950963222,0.9617296917533533
2024,05,PRT.7.1.2_1,0.6304728546409808,0.96
2024,05,PRT.7.1.3_1,0.6322241681260946,0.9605810741421048
2024,05,PRT.7.1.4_1,0.62697022767075306,0.9588242800430119
2024,05,PRT.7.1.5_1,0.597197898423818,0.9480907129594721
2024,05,PRT.7.1.6_1,0.597197898423818,0.9480907129594721
2024,05,PRT.7.1.7_1,0.628721541155867,0.9594144047282176
2024,05,PRT.7.1.8_1,0.6357267950963222,0.9617296917533533
2024,05,PRT.7.1.9_1,0.5709281961471104,0.9374945333173949
2024,05,PRT.7.10.1_1,0.6742556917688267,0.9731906288081488
2024,05,PRT.7.10.10_1,0.6532399299474606,0.9672042183530839
2024,05,PRT.7.10.11_1,0.6252189141856392,0.9582296175760798
2024,05,PRT.7.10.12_1,0.6795096322241682,0.9745891442038537
2024,05,PRT.7.10.13_1,0.6725043782837129,0.9727157858285225
2024,05,PRT.7.10.14_1,0.6462346760070053,0.965067873260736
2024,05,PRT.7.10.2_1,0.6637478108581437,0.970276249322841
2024,05,PRT.7.10.3_1,0.6584938704028022,0.9687600322061186
2024,05,PRT.7.10.4_1,0.6322241681260946,0.9605810741421048
2024,05,PRT.7.10.5_1,0.628721541155867,0.9594144047282176
2024,05,PRT.7.10.6_1,0.6339754816112084,0.9611576353543679
2024,05,PRT.7.10.7_1,0.6567425569176883,0.9682458365518543
2024,05,PRT.7.10.8_1,0.63922942206655,0.9628603221651623
2024,05,PRT.7.10.9_1,0.6164623467600701,0.955187939622355
2024,05,PRT.7.11.1_1,0.5796847635726796,0.9411461098044235
2024,05,PRT.7.11.10_1,0.5779334500875658,0.9404254356406998
2024,05,PRT.7.11.11_1,0.6199649737302978,0.9564183185196736
2024,05,PRT.7.11.12_1,0.6059544658493871,0.9513863568498342
2024,05,PRT.7.11.13_1,0.5726795096322242,0.9382345122622595
2024,05,PRT.7.11.14_1,0.6024518388791593,0.9500821017154254
2024,05,PRT.7.11.15_1,0.5148861646234676,0.9111838453352868
2024,05,PRT.7.11.16_1,0.5849387040280211,0.9432793859721519
2024,05,PRT.7.11.17_1,0.5954465849387042,0.9474175425861608
2024,05,PRT.7.11.18_1,0.5936952714535902,0.9467396685467447
2024,05,PRT.7.11.19_1,0.6514886164623468,0.9666767815562759
2024,05,PRT.7.11.2_1,0.5779334500875658,0.9404254356406998
2024,05,PRT.7.11.20_1,0.6077057793345009,0.9520315120835025
2024,05,PRT.7.11.21_1,0.5674255691768827,0.936
2024,05,PRT.7.11.3_1,0.5814360770577934,0.9418619856433319
2024,05,PRT.7.11.4_1,0.6077057793345009,0.9520315120835025
2024,05,PRT.7.11.5_1,0.5936952714535902,0.9467396685467447
2024,05,PRT.7.11.6_1,0.660245183887916,0.9692698282728087
2024,05,PRT.7.11.7_1,0.5761821366024519,0.939699952112375
2024,05,PRT.7.11.8_1,0.5464098073555167,0.9266196630764966
2024,05,PRT.7.11.9_1,0.6567425569176883,0.9682458365518543
2024,05,PRT.7.12.1_1,0.5656742556917689,0.9352454223357631
2024,05,PRT.7.12.10_1,0.5726795096322242,0.9382345122622595
2024,05,PRT.7.12.2_1,0.5569176882661997,0.931398947819891
2024,05,PRT.7.12.3_1,0.5534150612959721,0.9298257901349047
2024,05,PRT.7.12.4_1,0.5201401050788091,0.9138730765264944
2024,05,PRT.7.12.5_1,0.5849387040280211,0.9432793859721519
2024,05,PRT.7.12.6_1,0.62697022767075306,0.9588242800430119
2024,05,PRT.7.12.7_1,0.5674255691768827,0.936
2024,05,PRT.7.12.8_1,0.6077057793345009,0.9520315120835025
2024,05,PRT.7.12.9_1,0.5656742556917689,0.9352454223357631
2024,05,PRT.7.13.1_1,0.6304728546409808,0.96
2024,05,PRT.7.13.10_1,0.649737302977233,0.9661449166662318
2024,05,PRT.7.13.11_1,0.6479859894921192,0.9656086163658648
2024,05,PRT.7.13.2_1,0.6637478108581437,0.970276249322841
2024,05,PRT.7.13.3_1,0.6182136602451839,0.9558054195284729
2024,05,PRT.7.13.4_1,0.5831873905429072,0.9425730740902798
2024,05,PRT.7.13.5_1,0.6462346760070053,0.965067873260736
2024,05,PRT.7.13.6_1,0.6549912434325745,0.9677272342969376
2024,05,PRT.7.13.7_1,0.6164623467600701,0.955187939622355
2024,05,PRT.7.13.8_1,0.6532399299474606,0.9672042183530839
2024,05,PRT.7.13.9_1,0.6357267950963222,0.9617296917533533
2024,05,PRT.7.14.1_1,0.6532399299474606,0.9672042183530839
2024,05,PRT.7.14.2_1,0.6129597197898424,0.9539392014169457
2024,05,PRT.7.14.3_1,0.6619964973730298,0.9697752316903129
2024,05,PRT.7.14.4_1,0.6322241681260946,0.9605810741421048
2024,05,PRT.7.14.5_1,0.6094570928196147,0.9526720317087093
2024,05,PRT.7.14.6_1,0.6304728546409808,0.96
2024,05,PRT.7.15.1_1,0.6409807355516638,0.9634189120003821
2024,05,PRT.7.15.10_1,0.660245183887916,0.9692698282728087
2024,05,PRT.7.15.11_1,0.6462346760070053,0.965067873260736
2024,05,PRT.7.15.12_1,0.6094570928196147,0.9526720317087093
2024,05,PRT.7.15.2_1,0.6584938704028022,0.9687600322061186
2024,05,PRT.7.15.3_1,0.6234676007005254,0.9576304088739037
2024,05,PRT.7.15.4_1,0.6830122591943959,0.9754998718605759
2024,05,PRT.7.15.5_1,0.670753064798599,0.9722365967191319
2024,05,PRT.7.15.6_1,0.6199649737302978,0.9564183185196736
2024,05,PRT.7.15.7_1,0.6112084063047285,0.9533079250693346
2024,05,PRT.7.15.8_1,0.660245183887916,0.9692698282728087
2024,05,PRT.7.15.9_1,0.6182136602451839,0.9558054195284729
2024,05,PRT.7.16.1_1,0.6304728546409808,0.96
2024,05,PRT.7.16.10_1,0.6042031523642732,0.9507365565707464
2024,05,PRT.7.16.11_1,0.62697022767075306,0.9588242800430119
2024,05,PRT.7.16.12_1,0.6444833625218914,0.9645226798784983
2024,05,PRT.7.16.13_1,0.6357267950963222,0.9617296917533533
2024,05,PRT.7.16.14_1,0.6374781085814362,0.962297251372984
2024,05,PRT.7.16.15_1,0.6234676007005254,0.9576304088739037
2024,05,PRT.7.16.2_1,0.6357267950963222,0.9617296917533533
2024,05,PRT.7.16.3_1,0.660245183887916,0.9692698282728087
2024,05,PRT.7.16.4_1,0.6129597197898424,0.9539392014169457
2024,05,PRT.7.16.5_1,0.6112084063047285,0.9533079250693346
2024,05,PRT.7.16.6_1,0.6532399299474606,0.9672042183530839
2024,05,PRT.7.16.7_1,0.6024518388791593,0.9500821017154254
2024,05,PRT.7.16.8_1,0.6217162872154116,0.9570266453970862
2024,05,PRT.7.16.9_1,0.628721541155867,0.9594144047282176
2024,05,PRT.7.17.1_1,0.6917688266199651,0.9777013859047148
2024,05,PRT.7.17.2_1,0.6549912434325745,0.9677272342969376
2024,05,PRT.7.17.3_1,0.649737302977233,0.9661449166662318
2024,05,PRT.7.17.4_1,0.5849387040280211,0.9432793859721519
2024,05,PRT.7.2.1_1,0.628721541155867,0.9594144047282176
2024,05,PRT.7.2.10_1,0.6077057793345009,0.9520315120835025
2024,05,PRT.7.2.11_1,0.6217162872154116,0.9570266453970862
2024,05,PRT.7.2.12_1,0.6549912434325745,0.9677272342969376
2024,05,PRT.7.2.13_1,0.6409807355516638,0.9634189120003821
2024,05,PRT.7.2.14_1,0.6444833625218914,0.9645226798784983
2024,05,PRT.7.2.15_1,0.62697022767075306,0.9588242800430119
2024,05,PRT.7.2.16_1,0.6164623467600701,0.955187939622355
2024,05,PRT.7.2.17_1,0.6357267950963222,0.9617296917533533
2024,05,PRT.7.2.18_1,0.6077057793345009,0.9520315120835025
2024,05,PRT.7.2.19_1,0.7197898423817863,0.9840304873325826
2024,05,PRT.7.2.2_1,0.6374781085814362,0.962297251372984
2024,05,PRT.7.2.3_1,0.6059544658493871,0.9513863568498342
2024,05,PRT.7.2.4_1,0.6742556917688267,0.9731906288081488
2024,05,PRT.7.2.5_1,0.660245183887916,0.9692698282728087
2024,05,PRT.7.2.6_1,0.6147110332749562,0.954565869911553
2024,05,PRT.7.2.7_1,0.6970227670753065,0.9789708882290628
2024,05,PRT.7.2.8_1,0.5989492119089318,0.9487591896788141
2024,05,PRT.7.2.9_1,0.6339754816112084,0.9611576353543679
2024,05,PRT.7.3.1_1,0.6725043782837129,0.9727157858285225
2024,05,PRT.7.3.10_1,0.660245183887916,0.9692698282728087
2024,05,PRT.7.3.11_1,0.6725043782837129,0.9727157858285225
2024,05,PRT.7.3.12_1,0.6742556917688267,0.9731906288081488
2024,05,PRT.7.3.13_1,0.6234676007005254,0.9576304088739037
2024,05,PRT.7.3.14_1,0.6339754816112084,0.9611576353543679
2024,05,PRT.7.3.15_1,0.6584938704028022,0.9687600322061186
2024,05,PRT.7.3.16_1,0.6584938704028022,0.9687600322061186
2024,05,PRT.7.3.17_1,0.6077057793345009,0.9520315120835025
2024,05,PRT.7.3.18_1,0.6129597197898424,0.9539392014169457
2024,05,PRT.7.3.19_1,0.6672504378283713,0.9712651543219287
2024,05,PRT.7.3.2_1,0.6409807355516638,0.9634189120003821
2024,05,PRT.7.3.20_1,0.628721541155867,0.9594144047282176
2024,05,PRT.7.3.21_1,0.6304728546409808,0.96
2024,05,PRT.7.3.22_1,0.6479859894921192,0.9656086163658648
2024,05,PRT.7.3.23_1,0.6567425569176883,0.9682458365518543
2024,05,PRT.7.3.24_1,0.6619964973730298,0.9697752316903129
2024,05,PRT.7.3.25_1,0.6112084063047285,0.9533079250693346
2024,05,PRT.7.3.26_1,0.6339754816112084,0.9611576353543679
2024,05,PRT.7.3.27_1,0.6409807355516638,0.9634189120003821
2024,05,PRT.7.3.28_1,0.6619964973730298,0.9697752316903129
2024,05,PRT.7.3.29_1,0.62697022767075306,0.9588242800430119
2024,05,PRT.7.3.3_1,0.7075306479859896,0.9813949256033475
2024,05,PRT.7.3.30_1,0.6339754816112084,0.9611576353543679
2024,05,PRT.7.3.31_1,0.6462346760070053,0.965067873260736
2024,05,PRT.7.3.4_1,0.6112084063047285,0.9533079250693346
2024,05,PRT.7.3.5_1,0.62697022767075306,0.9588242800430119
2024,05,PRT.7.3.6_1,0.63922942206655,0.9628603221651623
2024,05,PRT.7.3.7_1,0.6094570928196147,0.9526720317087093
2024,05,PRT.7.3.8_1,0.6444833625218914,0.9645226798784983
2024,05,PRT.7.3.9_1,0.6444833625218914,0.9645226798784983
2024,05,PRT.7.4.1_1,0.6795096322241682,0.9745891442038537
2024,05,PRT.7.4.10_1,0.6444833625218914,0.9645226798784983
2024,05,PRT.7.4.2_1,0.6777583187390543,0.9741273017424364
2024,05,PRT.7.4.3_1,0.63922942206655,0.9628603221651623
2024,05,PRT.7.4.4_1,0.62697022767075306,0.9588242800430119
2024,05,PRT.7.4.5_1,0.6479859894921192,0.9656086163658648
2024,05,PRT.7.4.6_1,0.62697022767075306,0.9588242800430119
2024,05,PRT.7.4.7_1,0.6795096322241682,0.9745891442038537
2024,05,PRT.7.4.8_1,0.649737302977233,0.9661449166662318
2024,05,PRT.7.4.9_1,0.6725043782837129,0.9727157858285225
2024,05,PRT.7.5.1_1,0.6952714535901927,0.97855199146494
2024,05,PRT.7.5.10_1,0.6619964973730298,0.9697752316903129
2024,05,PRT.7.5.11_1,0.6637478108581437,0.970276249322841
2024,05,PRT.7.5.12_1,0.6322241681260946,0.9605810741421048
2024,05,PRT.7.5.13_1,0.6690017513134852,0.9717530550505102
2024,05,PRT.7.5.14_1,0.6549912434325745,0.9677272342969376
2024,05,PRT.7.5.15_1,0.6777583187390543,0.9741273017424364
2024,05,PRT.7.5.16_1,0.6865148861646235,0.9763933633531108
2024,05,PRT.7.5.17_1,0.6795096322241682,0.9745891442038537
2024,05,PRT.7.5.18_1,0.6917688266199651,0.9777013859047148
2024,05,PRT.7.5.2_1,0.6777583187390543,0.9741273017424364
2024,05,PRT.7.5.3_1,0.6882661996497373,0.976833660353696
2024,05,PRT.7.5.4_1,0.6427320490367776,0.9639730286683336
2024,05,PRT.7.5.5_1,0.6742556917688267,0.9731906288081488
2024,05,PRT.7.5.7_1,0.6882661996497373,0.976833660353696
2024,05,PRT.7.5.8_1,0.6865148861646235,0.9763933633531108
2024,05,PRT.7.5.9_1,0.6952714535901927,0.97855199146494
2024,05,PRT.7.6.1_1,0.6182136602451839,0.9558054195284729
2024,05,PRT.7.6.2_1,0.6042031523642732,0.9507365565707464
2024,05,PRT.7.6.3_1,0.6042031523642732,0.9507365565707464
2024,05,PRT.7.6.4_1,0.6112084063047285,0.9533079250693346
2024,05,PRT.7.6.5_1,0.6252189141856392,0.9582296175760798
2024,05,PRT.7.7.1_1,0.6637478108581437,0.970276249322841
2024,05,PRT.7.7.2_1,0.6164623467600701,0.955187939622355
2024,05,PRT.7.7.3_1,0.6865148861646235,0.9763933633531108
2024,05,PRT.7.7.4_1,0.6462346760070053,0.965067873260736
2024,05,PRT.7.7.5_1,0.6812609457092821,0.975046665549911
2024,05,PRT.7.7.6_1,0.5954465849387042,0.9474175425861608
2024,05,PRT.7.8.1_1,0.7022767075306481,0.9802020199938377
2024,05,PRT.7.8.2_1,0.6094570928196147,0.9526720317087093
2024,05,PRT.7.8.3_1,0.6935201401050789,0.9781288258711119
2024,05,PRT.7.8.4_1,0.6795096322241682,0.9745891442038537
2024,05,PRT.7.9.1_1,0.6549912434325745,0.9677272342969376
2024,05,PRT.7.9.2_1,0.6725043782837129,0.9727157858285225
2024,05,PRT.7.9.3_1,0.6637478108581437,0.970276249322841
2024,05,PRT.7.9.4_1,0.6567425569176883,0.9682458365518543
2024,05,PRT.7.9.5_1,0.6217162872154116,0.9570266453970862
2024,05,PRT.8.1.1_1,0.4080560420315237,0.8454844764985339
2024,05,PRT.8.1.2_1,0.3922942206654992,0.8338441101309045
2024,05,PRT.8.1.3_1,0.42206654991243436,0.8553806170354809
2024,05,PRT.8.1.4_1,0.38353765323993,0.8271372316611071
2024,05,PRT.8.1.5_1,0.4185639229422067,0.8529454847761373
2024,05,PRT.8.1.6_1,0.45534150612959723,0.8772684879784524
2024,05,PRT.8.10.1_1,0.42556917688266205,0.8577901841359576
2024,05,PRT.8.10.2_1,0.4115586690017513,0.8479976415061541
2024,05,PRT.8.11.1_1,0.44133099824868655,0.8683225207260261
2024,05,PRT.8.11.2_1,0.40105078809106837,0.8403784861596588
2024,05,PRT.8.11.3_1,0.45008756567425573,0.8739588090980032
2024,05,PRT.8.11.4_1,0.37127845884413313,0.817449692641694
2024,05,PRT.8.11.5_1,0.4133099824868652,0.84924437001372
2024,05,PRT.8.12.1_1,0.4711033274956218,0.8868799242287537
2024,05,PRT.8.12.2_1,0.43257443082311736,0.8625334776111592
2024,05,PRT.8.13.1_1,0.4588441330998249,0.8794452797076121
2024,05,PRT.8.13.2_1,0.4518388791593696,0.8750679973579196
2024,05,PRT.8.13.3_1,0.5061295971978984,0.9065958305661901
2024,05,PRT.8.14.1_1,0.43432574430823123,0.8637036528810099
2024,05,PRT.8.14.2_1,0.3992994746059545,0.8390852161729463
2024,05,PRT.8.14.3_1,0.40105078809106837,0.8403784861596588
2024,05,PRT.8.14.4_1,0.40105078809106837,0.8403784861596588
2024,05,PRT.8.14.5_1,0.4115586690017513,0.8479976415061541
2024,05,PRT.8.2.1_1,0.4133099824868652,0.84924437001372
2024,05,PRT.8.2.2_1,0.45534150612959723,0.8772684879784524
2024,05,PRT.8.2.3_1,0.45534150612959723,0.8772684879784524
2024,05,PRT.8.2.4_1,0.4711033274956218,0.8868799242287537
2024,05,PRT.8.2.5_1,0.47460595446584947,0.8889521921903337
2024,05,PRT.8.2.6_1,0.4728546409807356,0.8879189152169246
2024,05,PRT.8.2.7_1,0.48686514886164634,0.8960267853139213
2024,05,PRT.8.3.1_1,0.42206654991243436,0.8553806170354809
2024,05,PRT.8.3.2_1,0.3887915936952715,0.8311822904754408
2024,05,PRT.8.3.3_1,0.415061295971979,0.8504845677612263
2024,05,PRT.8.3.4_1,0.42556917688266205,0.8577901841359576
2024,05,PRT.8.4.1_1,0.4168126094570928,0.8517182632772413
2024,05,PRT.8.4.10_1,0.42732049036777586,0.8589854480723175
2024,05,PRT.8.4.11_1,0.3852889667250438,0.8284926070883192
2024,05,PRT.8.4.12_1,0.42556917688266205,0.8577901841359576
2024,05,PRT.8.4.13_1,0.3887915936952715,0.8311822904754408
2024,05,PRT.8.4.2_1,0.43957968476357273,0.867177029216065
2024,05,PRT.8.4.3_1,0.394045534150613,0.8351646544245033
2024,05,PRT.8.4.4_1,0.44483362521891423,0.8705951987002916
2024,05,PRT.8.4.5_1,0.43257443082311736,0.8625334776111592
2024,05,PRT.8.4.6_1,0.46935201401050797,0.885835199120017
2024,05,PRT.8.4.7_1,0.43607705779334505,0.8648676199280442
2024,05,PRT.8.4.8_1,0.4115586690017513,0.8479976415061541
2024,05,PRT.8.4.9_1,0.4185639229422067,0.8529454847761373
2024,05,PRT.8.5.1_1,0.47460595446584947,0.8889521921903337
2024,05,PRT.8.5.10_1,0.45534150612959723,0.8772684879784524
2024,05,PRT.8.5.11_1,0.43607705779334505,0.8648676199280442
2024,05,PRT.8.5.12_1,0.43607705779334505,0.8648676199280442
2024,05,PRT.8.5.13_1,0.47810858143607715,0.8910016835000931
2024,05,PRT.8.5.14_1,0.48861646234676015,0.8970150500409678
2024,05,PRT.8.5.15_1,0.4028021015761822,0.8416650165000324
2024,05,PRT.8.5.16_1,0.45534150612959723,0.8772684879784524
2024,05,PRT.8.5.17_1,0.48336252189141865,0.8940335564172074
2024,05,PRT.8.5.18_1,0.4185639229422067,0.8529454847761373
2024,05,PRT.8.5.19_1,0.4763572679509633,0.8899797750510963
2024,05,PRT.8.5.2_1,0.43607705779334505,0.8648676199280442
2024,05,PRT.8.5.3_1,0.4640980735551664,0.8826664149042944
2024,05,PRT.8.5.4_1,0.42732049036777586,0.8589854480723175
2024,05,PRT.8.5.5_1,0.4115586690017513,0.8479976415061541
2024,05,PRT.8.5.6_1,0.4238178633975482,0.8565885826929985
2024,05,PRT.8.5.7_1,0.4658493870402803,0.883728465084157
2024,05,PRT.8.5.8_1,0.4518388791593696,0.8750679973579196
2024,05,PRT.8.5.9_1,0.4605954465849388,0.8805248434882459
2024,05,PRT.8.6.1_1,0.46935201401050797,0.885835199120017
2024,05,PRT.8.6.10_1,0.4640980735551664,0.8826664149042944
2024,05,PRT.8.6.2_1,0.44133099824868655,0.8683225207260261
2024,05,PRT.8.6.3_1,0.43432574430823123,0.8637036528810099
2024,05,PRT.8.6.4_1,0.43607705779334505,0.8648676199280442
2024,05,PRT.8.6.5_1,0.44658493870402804,0.8717224328879003
2024,05,PRT.8.6.6_1,0.394045534150613,0.8351646544245033
2024,05,PRT.8.6.7_1,0.45008756567425573,0.8739588090980032
2024,05,PRT.8.6.8_1,0.4973730297723292,0.9018736053350269
2024,05,PRT.8.6.9_1,0.4605954465849388,0.8805248434882459
2024,05,PRT.8.7.1_1,0.45534150612959723,0.8772684879784524
2024,05,PRT.8.7.2_1,0.4658493870402803,0.883728465084157
2024,05,PRT.8.7.3_1,0.47460595446584947,0.8889521921903337
2024,05,PRT.8.7.4_1,0.47810858143607715,0.8910016835000931
2024,05,PRT.8.8.1_1,0.3800350262697023,0.8244052401580184
2024,05,PRT.8.8.2_1,0.4185639229422067,0.8529454847761373
2024,05,PRT.8.8.3_1,0.42556917688266205,0.8577901841359576
2024,05,PRT.8.9.1_1,0.3887915936952715,0.8311822904754408
2024,05,PRT.8.9.2_1,0.4290718038528897,0.8601744009211155
2024,05,PRT.8.9.3_1,0.43257443082311736,0.8625334776111592
2024,05,PRT.8.9.4_1,0.40105078809106837,0.8403784861596588
2024,05,PRT.8.9.5_1,0.4168126094570928,0.8517182632772413
2024,05,PRT.8.9.6_1,0.40105078809106837,0.8403784861596588
2024,05,PRT.8.9.7_1,0.47985989492119097,0.8920179370393849
2024,05,PRT.8.9.8_1,0.4080560420315237,0.8454844764985339
2024,05,PRT.9.1.2_1,0.3905429071803853,0.8325166664998365
2024,05,PRT.9.1.4_1,0.4938704028021016,0.8999466650863261
2024,05,PRT.9.1.5_1,0.4185639229422067,0.8529454847761373
2024,05,PRT.9.10.1_1,0.44483362521891423,0.8705951987002916
2024,05,PRT.9.10.2_1,0.5201401050788091,0.9138730765264944
2024,05,PRT.9.10.3_1,0.5148861646234676,0.9111838453352868
2024,05,PRT.9.10.4_1,0.4483362521891419,0.8728436286070947
2024,05,PRT.9.11.1_1,0.5376532399299475,0.9224987804869988
2024,05,PRT.9.11.2_1,0.4973730297723292,0.9018736053350269
2024,05,PRT.9.11.3_1,0.48861646234676015,0.8970150500409678
2024,05,PRT.9.12.1_1,0.38353765323993,0.8271372316611071
2024,05,PRT.9.13.1_1,0.4185639229422067,0.8529454847761373
2024,05,PRT.9.13.2_1,0.4676007005253941,0.8847847195787232
2024,05,PRT.9.13.4_1,0.415061295971979,0.8504845677612263
2024,05,PRT.9.13.5_1,0.3887915936952715,0.8311822904754408
2024,05,PRT.9.13.6_1,0.4133099824868652,0.84924437001372
2024,05,PRT.9.13.7_1,0.490367775831874,0.8979977728257459
2024,05,PRT.9.13.8_1,0.4763572679509633,0.8899797750510963
2024,05,PRT.9.14.1_1,0.36777583187390545,0.814616474176652
2024,05,PRT.9.14.2_1,0.37127845884413313,0.817449692641694
2024,05,PRT.9.14.3_1,0.36602451838879163,0.8131887849693945
2024,05,PRT.9.14.4_1,0.4711033274956218,0.8868799242287537
2024,05,PRT.9.14.5_1,0.39579684763572687,0.8364783320564855
2024,05,PRT.9.14.6_1,0.4728546409807356,0.8879189152169246
2024,05,PRT.9.14.7_1,0.47810858143607715,0.8910016835000931
2024,05,PRT.9.14.8_1,0.415061295971979,0.8504845677612263
2024,05,PRT.9.14.9_1,0.4956217162872154,0.9009128703709366
2024,05,PRT.9.15.1_1,0.5989492119089318,0.9487591896788141
2024,05,PRT.9.15.2_1,0.5744308231173381,0.9389696480717574
2024,05,PRT.9.15.3_1,0.6777583187390543,0.9741273017424364
2024,05,PRT.9.15.4_1,0.628721541155867,0.9594144047282176
2024,05,PRT.9.15.5_1,0.5901926444833626,0.9453697689264238
2024,05,PRT.9.16.1_1,0.3905429071803853,0.8325166664998365
2024,05,PRT.9.16.2_1,0.4080560420315237,0.8454844764985339
2024,05,PRT.9.16.3_1,0.42556917688266205,0.8577901841359576
2024,05,PRT.9.2.1_1,0.3800350262697023,0.8244052401580184
2024,05,PRT.9.2.2_1,0.4028021015761822,0.8416650165000324
2024,05,PRT.9.2.3_1,0.38178633975481613,0.8257747876994065
2024,05,PRT.9.2.4_1,0.394045534150613,0.8351646544245033
2024,05,PRT.9.2.5_1,0.35901926444833626,0.807403244977378
2024,05,PRT.9.3.1_1,0.5779334500875658,0.9404254356406998
2024,05,PRT.9.3.2_1,0.5954465849387042,0.9474175425861608
2024,05,PRT.9.3.3_1,0.5516637478108581,0.9290317540321213
2024,05,PRT.9.3.4_1,0.6042031523642732,0.9507365565707464
2024,05,PRT.9.4.1_1,0.4133099824868652,0.84924437001372
2024,05,PRT.9.4.2_1,0.3852889667250438,0.8284926070883192
2024,05,PRT.9.4.3_1,0.36427320490367776,0.8117536572138127
2024,05,PRT.9.4.4_1,0.394045534150613,0.8351646544245033
2024,05,PRT.9.5.1_1,0.48511383537653247,0.8950329602869382
2024,05,PRT.9.5.2_1,0.4605954465849388,0.8805248434882459
2024,05,PRT.9.5.3_1,0.490367775831874,0.8979977728257459
2024,05,PRT.9.5.4_1,0.5709281961471104,0.9374945333173949
2024,05,PRT.9.5.5_1,0.5604203152364273,0.9329523031752481
2024,05,PRT.9.5.6_1,0.5166374781085814,0.9120855223058855
2024,05,PRT.9.6.2_1,0.5148861646234676,0.9111838453352868
2024,05,PRT.9.6.4_1,0.5061295971978984,0.9065958305661901
2024,05,PRT.9.6.6_1,0.4535901926444834,0.8761712161444246
2024,05,PRT.9.7.1_1,0.6007005253940456,0.9494229826584145
2024,05,PRT.9.7.2_1,0.5551663747810859,0.9306148505155073
2024,05,PRT.9.7.4_1,0.5043782837127846,0.905662188677434
2024,05,PRT.9.7.5_1,0.5481611208406305,0.9274287034591931
2024,05,PRT.9.7.6_1,0.5499124343257443,0.9282327294380435
2024,05,PRT.9.8.1_1,0.5183887915936953,0.9129819275319747
2024,05,PRT.9.8.10_1,0.38178633975481613,0.8257747876994065
2024,05,PRT.9.8.11_1,0.4203152364273205,0.8541662601625049
2024,05,PRT.9.8.2_1,0.39579684763572687,0.8364783320564855
2024,05,PRT.9.8.3_1,0.38178633975481613,0.8257747876994065
2024,05,PRT.9.8.4_1,0.37653239929947463,0.8216446920658589
2024,05,PRT.9.8.5_1,0.4623467600700526,0.8815985480931783
2024,05,PRT.9.8.6_1,0.46935201401050797,0.885835199120017
2024,05,PRT.9.8.7_1,0.4168126094570928,0.8517182632772413
2024,05,PRT.9.8.8_1,0.49211908931698783,0.8989749718429317
2024,05,PRT.9.8.9_1,0.4115586690017513,0.8479976415061541
2024,05,PRT.9.9.1_1,0.45008756567425573,0.8739588090980032
2024,05,PRT.9.9.2_1,0.5849387040280211,0.9432793859721519
2024,05,PRT.9.9.3_1,0.5026269702276708,0.9047231620777706
2024,05,ROU.1.10_1,0.5849387040280211,0.9432793859721519
2024,05,ROU.1.15_1,0.5814360770577934,0.9418619856433319
2024,05,ROU.1.32_1,0.5411558669001751,0.9241623234042816
2024,05,ROU.1.38_1,0.48686514886164634,0.8960267853139213
2024,05,ROU.1.4_1,0.5726795096322242,0.9382345122622595
2024,05,ROU.1.44_1,0.4728546409807356,0.8879189152169246
2024,05,ROU.1.45_1,0.48686514886164634,0.8960267853139213
2024,05,ROU.1.46_1,0.5481611208406305,0.9274287034591931
2024,05,ROU.1.51_1,0.48686514886164634,0.8960267853139213
2024,05,ROU.1.54_1,0.5534150612959721,0.9298257901349047
2024,05,ROU.1.6_1,0.56217162872154125,0.9337215859130601
2024,05,ROU.1.71_1,0.49211908931698783,0.8989749718429317
2024,05,ROU.10.1_1,0.48511383537653247,0.8950329602869382
2024,05,ROU.11.1_1,0.44658493870402804,0.8717224328879003
2024,05,ROU.11.14_1,0.42206654991243436,0.8553806170354809
2024,05,ROU.11.16_1,0.48686514886164634,0.8960267853139213
2024,05,ROU.11.18_1,0.521891418563923,0.9147589846511485
2024,05,ROU.11.21_1,0.48511383537653247,0.8950329602869382
2024,05,ROU.11.23_1,0.43957968476357273,0.867177029216065
2024,05,ROU.11.49_1,0.40455341506129605,0.8429448380528823
2024,05,ROU.11.68_1,0.4763572679509633,0.8899797750510963
2024,05,ROU.11.80_1,0.3975481611208407,0.8377851753283774
2024,05,ROU.12.12_1,0.5061295971978984,0.9065958305661901
2024,05,ROU.12.18_1,0.5359019264448337,0.9216593730874764
2024,05,ROU.12.19_1,0.4973730297723292,0.9018736053350269
2024,05,ROU.12.2_1,0.5043782837127846,0.905662188677434
2024,05,ROU.12.25_1,0.5253940455341506,0.916515138991168
2024,05,ROU.12.3_1,0.5253940455341506,0.916515138991168
2024,05,ROU.12.32_1,0.47985989492119097,0.8920179370393849
2024,05,ROU.12.39_1,0.5499124343257443,0.9282327294380435
2024,05,ROU.12.4_1,0.5236427320490368,0.9156396671180208
2024,05,ROU.12.5_1,0.5744308231173381,0.9389696480717574
2024,05,ROU.12.7_1,0.5043782837127846,0.905662188677434
2024,05,ROU.12.8_1,0.5411558669001751,0.9241623234042816
2024,05,ROU.14.1_1,0.5936952714535902,0.9467396685467447
2024,05,ROU.14.10_1,0.4640980735551664,0.8826664149042944
2024,05,ROU.14.11_1,0.5236427320490368,0.9156396671180208
2024,05,ROU.14.12_1,0.47810858143607715,0.8910016835000931
2024,05,ROU.14.13_1,0.5043782837127846,0.905662188677434
2024,05,ROU.14.14_1,0.5026269702276708,0.9047231620777706
2024,05,ROU.14.15_1,0.5359019264448337,0.9216593730874764
2024,05,ROU.14.16_1,0.45008756567425573,0.8739588090980032
2024,05,ROU.14.17_1,0.48511383537653247,0.8950329602869382
2024,05,ROU.14.18_1,0.5726795096322242,0.9382345122622595
2024,05,ROU.14.19_1,0.5516637478108581,0.9290317540321213
2024,05,ROU.14.2_1,0.4658493870402803,0.883728465084157
2024,05,ROU.14.20_1,0.5674255691768827,0.936
2024,05,ROU.14.21_1,0.5078809106830122,0.9075241043630743
2024,05,ROU.14.22_1,0.4938704028021016,0.8999466650863261
2024,05,ROU.14.23_1,0.5464098073555167,0.9266196630764966
2024,05,ROU.14.24_1,0.5253940455341506,0.916515138991168
2024,05,ROU.14.25_1,0.5779334500875658,0.9404254356406998
2024,05,ROU.14.26_1,0.5481611208406305,0.9274287034591931
2024,05,ROU.14.27_1,0.5569176882661997,0.931398947819891
2024,05,ROU.14.28_1,0.4816112084063048,0.8930285549745876
2024,05,ROU.14.29_1,0.5761821366024519,0.939699952112375
2024,05,ROU.14.3_1,0.5376532399299475,0.9224987804869988
2024,05,ROU.14.30_1,0.5359019264448337,0.9216593730874764
2024,05,ROU.14.31_1,0.5376532399299475,0.9224987804869988
2024,05,ROU.14.32_1,0.5341506129597198,0.920814856526544
2024,05,ROU.14.33_1,0.521891418563923,0.9147589846511485
2024,05,ROU.14.34_1,0.4588441330998249,0.8794452797076121
2024,05,ROU.14.35_1,0.4956217162872154,0.9009128703709366
2024,05,ROU.14.36_1,0.4728546409807356,0.8879189152169246
2024,05,ROU.14.37_1,0.5288966725043783,0.918250510481753
2024,05,ROU.14.38_1,0.4588441330998249,0.8794452797076121
2024,05,ROU.14.39_1,0.5183887915936953,0.9129819275319747
2024,05,ROU.14.4_1,0.4991243432574431,0.9028288874421332
2024,05,ROU.14.40_1,0.490367775831874,0.8979977728257459
2024,05,ROU.14.41_1,0.597197898423818,0.9480907129594721
2024,05,ROU.14.42_1,0.5253940455341506,0.916515138991168
2024,05,ROU.14.43_1,0.5166374781085814,0.9120855223058855
2024,05,ROU.14.44_1,0.5569176882661997,0.931398947819891
2024,05,ROU.14.45_1,0.5376532399299475,0.9224987804869988
2024,05,ROU.14.46_1,0.5166374781085814,0.9120855223058855
2024,05,ROU.14.47_1,0.5026269702276708,0.9047231620777706
2024,05,ROU.14.48_1,0.48511383537653247,0.8950329602869382
2024,05,ROU.14.49_1,0.5779334500875658,0.9404254356406998
2024,05,ROU.14.5_1,0.5306479859894921,0.9191104395011516
2024,05,ROU.14.50_1,0.4956217162872154,0.9009128703709366
2024,05,ROU.14.51_1,0.5446584938704029,0.9258055951440345
2024,05,ROU.14.52_1,0.5026269702276708,0.9047231620777706
2024,05,ROU.14.53_1,0.4973730297723292,0.9018736053350269
2024,05,ROU.14.54_1,0.48861646234676015,0.8970150500409678
2024,05,ROU.14.55_1,0.4623467600700526,0.8815985480931783
2024,05,ROU.14.56_1,0.5306479859894921,0.9191104395011516
2024,05,ROU.14.57_1,0.5026269702276708,0.9047231620777706
2024,05,ROU.14.58_1,0.5183887915936953,0.9129819275319747
2024,05,ROU.14.59_1,0.5078809106830122,0.9075241043630743
2024,05,ROU.14.6_1,0.5166374781085814,0.9120855223058855
2024,05,ROU.14.60_1,0.5201401050788091,0.9138730765264944
2024,05,ROU.14.61_1,0.5604203152364273,0.9329523031752481
2024,05,ROU.14.62_1,0.49211908931698783,0.8989749718429317
2024,05,ROU.14.63_1,0.5569176882661997,0.931398947819891
2024,05,ROU.14.64_1,0.6182136602451839,0.9558054195284729
2024,05,ROU.14.65_1,0.542907180385289,0.9249864863877743
2024,05,ROU.14.66_1,0.47810858143607715,0.8910016835000931
2024,05,ROU.14.67_1,0.4991243432574431,0.9028288874421332
2024,05,ROU.14.68_1,0.5411558669001751,0.9241623234042816
2024,05,ROU.14.69_1,0.5516637478108581,0.9290317540321213
2024,05,ROU.14.7_1,0.5464098073555167,0.9266196630764966
2024,05,ROU.14.70_1,0.5394045534150613,0.923333092659415
2024,05,ROU.14.71_1,0.4711033274956218,0.8868799242287537
2024,05,ROU.14.72_1,0.500875656742557,0.9037787339830473
2024,05,ROU.14.73_1,0.4430823117338004,0.8694619025581282
2024,05,ROU.14.74_1,0.47985989492119097,0.8920179370393849
2024,05,ROU.14.75_1,0.5306479859894921,0.9191104395011516
2024,05,ROU.14.76_1,0.5078809106830122,0.9075241043630743
2024,05,ROU.14.77_1,0.5516637478108581,0.9290317540321213
2024,05,ROU.14.78_1,0.5078809106830122,0.9075241043630743
2024,05,ROU.14.79_1,0.4588441330998249,0.8794452797076121
2024,05,ROU.14.8_1,0.532399299474606,0.9199652167337633
2024,05,ROU.14.80_1,0.48511383537653247,0.8950329602869382
2024,05,ROU.14.9_1,0.521891418563923,0.9147589846511485
2024,05,ROU.15_1,0.5166374781085814,0.9120855223058855
2024,05,ROU.15.1_1,0.5884413309982488,0.9446777228240327
2024,05,ROU.15.10_1,0.4185639229422067,0.8529454847761373
2024,05,ROU.15.11_1,0.5534150612959721,0.9298257901349047
2024,05,ROU.15.12_1,0.5376532399299475,0.9224987804869988
2024,05,ROU.15.13_1,0.5534150612959721,0.9298257901349047
2024,05,ROU.15.14_1,0.5096322241681261,0.9084470265238365
2024,05,ROU.15.15_1,0.5078809106830122,0.9075241043630743
2024,05,ROU.15.16_1,0.6007005253940456,0.9494229826584145
2024,05,ROU.15.17_1,0.6234676007005254,0.9576304088739037
2024,05,ROU.15.18_1,0.5586690017513135,0.9321780945720619
2024,05,ROU.15.19_1,0.6059544658493871,0.9513863568498342
2024,05,ROU.15.2_1,0.542907180385289,0.9249864863877743
2024,05,ROU.15.20_1,0.48336252189141865,0.8940335564172074
2024,05,ROU.15.21_1,0.5604203152364273,0.9329523031752481
2024,05,ROU.15.22_1,0.5639229422066551,0.9344859549506349
2024,05,ROU.15.23_1,0.5656742556917689,0.9352454223357631
2024,05,ROU.15.24_1,0.5288966725043783,0.918250510481753
2024,05,ROU.15.25_1,0.44658493870402804,0.8717224328879003
2024,05,ROU.15.26_1,0.4430823117338004,0.8694619025581282
2024,05,ROU.15.27_1,0.47985989492119097,0.8920179370393849
2024,05,ROU.15.28_1,0.5271453590192645,0.9173854151881858
2024,05,ROU.15.29_1,0.56217162872154125,0.9337215859130601
2024,05,ROU.15.3_1,0.6322241681260946,0.9605810741421048
2024,05,ROU.15.30_1,0.5236427320490368,0.9156396671180208
2024,05,ROU.15.31_1,0.6129597197898424,0.9539392014169457
2024,05,ROU.15.32_1,0.500875656742557,0.9037787339830473
2024,05,ROU.15.33_1,0.5516637478108581,0.9290317540321213
2024,05,ROU.15.34_1,0.6217162872154116,0.9570266453970862
2024,05,ROU.15.35_1,0.5639229422066551,0.9344859549506349
2024,05,ROU.15.36_1,0.5849387040280211,0.9432793859721519
2024,05,ROU.15.37_1,0.4991243432574431,0.9028288874421332
2024,05,ROU.15.38_1,0.5201401050788091,0.9138730765264944
2024,05,ROU.15.39_1,0.4658493870402803,0.883728465084157
2024,05,ROU.15.4_1,0.6059544658493871,0.9513863568498342
2024,05,ROU.15.40_1,0.532399299474606,0.9199652167337633
2024,05,ROU.15.41_1,0.5814360770577934,0.9418619856433319
2024,05,ROU.15.42_1,0.6462346760070053,0.965067873260736
2024,05,ROU.15.43_1,0.5026269702276708,0.9047231620777706
2024,05,ROU.15.44_1,0.6059544658493871,0.9513863568498342
2024,05,ROU.15.45_1,0.5691768826619966,0.9367496997597597
2024,05,ROU.15.46_1,0.6129597197898424,0.9539392014169457
2024,05,ROU.15.47_1,0.5691768826619966,0.9367496997597597
2024,05,ROU.15.48_1,0.6007005253940456,0.9494229826584145
2024,05,ROU.15.49_1,0.5499124343257443,0.9282327294380435
2024,05,ROU.15.5_1,0.5569176882661997,0.931398947819891
2024,05,ROU.15.50_1,0.5744308231173381,0.9389696480717574
2024,05,ROU.15.51_1,0.51138353765324,0.909364613342745
2024,05,ROU.15.52_1,0.542907180385289,0.9249864863877743
2024,05,ROU.15.53_1,0.5674255691768827,0.936
2024,05,ROU.15.54_1,0.5026269702276708,0.9047231620777706
2024,05,ROU.15.55_1,0.5884413309982488,0.9446777228240327
2024,05,ROU.15.56_1,0.5131348511383538,0.9102768809543611
2024,05,ROU.15.58_1,0.6059544658493871,0.9513863568498342
2024,05,ROU.15.59_1,0.5236427320490368,0.9156396671180208
2024,05,ROU.15.6_1,0.6252189141856392,0.9582296175760798
2024,05,ROU.15.7_1,0.5359019264448337,0.9216593730874764
2024,05,ROU.15.8_1,0.5288966725043783,0.918250510481753
2024,05,ROU.15.9_1,0.5936952714535902,0.9467396685467447
2024,05,ROU.17.18_1,0.48686514886164634,0.8960267853139213
2024,05,ROU.17.20_1,0.47460595446584947,0.8889521921903337
2024,05,ROU.17.22_1,0.4658493870402803,0.883728465084157
2024,05,ROU.17.23_1,0.4728546409807356,0.8879189152169246
2024,05,ROU.17.39_1,0.5341506129597198,0.920814856526544
2024,05,ROU.17.47_1,0.5709281961471104,0.9374945333173949
2024,05,ROU.17.5_1,0.5446584938704029,0.9258055951440345
2024,05,ROU.17.50_1,0.49211908931698783,0.8989749718429317
2024,05,ROU.17.56_1,0.4973730297723292,0.9018736053350269
2024,05,ROU.17.57_1,0.4973730297723292,0.9018736053350269
2024,05,ROU.17.64_1,0.5236427320490368,0.9156396671180208
2024,05,ROU.17.68_1,0.5271453590192645,0.9173854151881858
2024,05,ROU.17.75_1,0.5901926444833626,0.9453697689264238
2024,05,ROU.17.80_1,0.5709281961471104,0.9374945333173949
2024,05,ROU.17.9_1,0.521891418563923,0.9147589846511485
2024,05,ROU.19.11_1,0.40630472854640987,0.8442179813294668
2024,05,ROU.19.22_1,0.4185639229422067,0.8529454847761373
2024,05,ROU.19.23_1,0.415061295971979,0.8504845677612263
2024,05,ROU.19.25_1,0.4518388791593696,0.8750679973579196
2024,05,ROU.19.32_1,0.4133099824868652,0.84924437001372
2024,05,ROU.19.38_1,0.4711033274956218,0.8868799242287537
2024,05,ROU.19.49_1,0.40105078809106837,0.8403784861596588
2024,05,ROU.19.59_1,0.3992994746059545,0.8390852161729463
2024,05,ROU.2.20_1,0.5446584938704029,0.9258055951440345
2024,05,ROU.2.27_1,0.5288966725043783,0.918250510481753
2024,05,ROU.2.34_1,0.5148861646234676,0.9111838453352868
2024,05,ROU.2.37_1,0.5043782837127846,0.905662188677434
2024,05,ROU.2.40_1,0.49211908931698783,0.8989749718429317
2024,05,ROU.2.44_1,0.47460595446584947,0.8889521921903337
2024,05,ROU.2.45_1,0.5078809106830122,0.9075241043630743
2024,05,ROU.2.47_1,0.5148861646234676,0.9111838453352868
2024,05,ROU.2.74_1,0.4728546409807356,0.8879189152169246
2024,05,ROU.20.1_1,0.5288966725043783,0.918250510481753
2024,05,ROU.20.10_1,0.5726795096322242,0.9382345122622595
2024,05,ROU.20.11_1,0.4973730297723292,0.9018736053350269
2024,05,ROU.20.12_1,0.48511383537653247,0.8950329602869382
2024,05,ROU.20.13_1,0.5569176882661997,0.931398947819891
2024,05,ROU.20.14_1,0.4956217162872154,0.9009128703709366
2024,05,ROU.20.15_1,0.5341506129597198,0.920814856526544
2024,05,ROU.20.16_1,0.48861646234676015,0.8970150500409678
2024,05,ROU.20.17_1,0.5936952714535902,0.9467396685467447
2024,05,ROU.20.18_1,0.5341506129597198,0.920814856526544
2024,05,ROU.20.19_1,0.5709281961471104,0.9374945333173949
2024,05,ROU.20.2_1,0.49211908931698783,0.8989749718429317
2024,05,ROU.20.20_1,0.5253940455341506,0.916515138991168
2024,05,ROU.20.21_1,0.4956217162872154,0.9009128703709366
2024,05,ROU.20.22_1,0.5394045534150613,0.923333092659415
2024,05,ROU.20.23_1,0.4991243432574431,0.9028288874421332
2024,05,ROU.20.24_1,0.5586690017513135,0.9321780945720619
2024,05,ROU.20.25_1,0.5446584938704029,0.9258055951440345
2024,05,ROU.20.26_1,0.48861646234676015,0.8970150500409678
2024,05,ROU.20.27_1,0.5043782837127846,0.905662188677434
2024,05,ROU.20.28_1,0.48686514886164634,0.8960267853139213
2024,05,ROU.20.29_1,0.5183887915936953,0.9129819275319747
2024,05,ROU.20.3_1,0.4956217162872154,0.9009128703709366
2024,05,ROU.20.30_1,0.4816112084063048,0.8930285549745876
2024,05,ROU.20.31_1,0.5148861646234676,0.9111838453352868
2024,05,ROU.20.32_1,0.5061295971978984,0.9065958305661901
2024,05,ROU.20.33_1,0.47460595446584947,0.8889521921903337
2024,05,ROU.20.34_1,0.5411558669001751,0.9241623234042816
2024,05,ROU.20.35_1,0.51138353765324,0.909364613342745
2024,05,ROU.20.36_1,0.5779334500875658,0.9404254356406998
2024,05,ROU.20.37_1,0.5586690017513135,0.9321780945720619
2024,05,ROU.20.38_1,0.4658493870402803,0.883728465084157
2024,05,ROU.20.39_1,0.5464098073555167,0.9266196630764966
2024,05,ROU.20.4_1,0.4956217162872154,0.9009128703709366
2024,05,ROU.20.40_1,0.5376532399299475,0.9224987804869988
2024,05,ROU.20.41_1,0.5236427320490368,0.9156396671180208
2024,05,ROU.20.42_1,0.5359019264448337,0.9216593730874764
2024,05,ROU.20.43_1,0.521891418563923,0.9147589846511485
2024,05,ROU.20.44_1,0.5691768826619966,0.9367496997597597
2024,05,ROU.20.45_1,0.521891418563923,0.9147589846511485
2024,05,ROU.20.46_1,0.5376532399299475,0.9224987804869988
2024,05,ROU.20.47_1,0.5078809106830122,0.9075241043630743
2024,05,ROU.20.48_1,0.5096322241681261,0.9084470265238365
2024,05,ROU.20.49_1,0.5726795096322242,0.9382345122622595
2024,05,ROU.20.5_1,0.5288966725043783,0.918250510481753
2024,05,ROU.20.6_1,0.5166374781085814,0.9120855223058855
2024,05,ROU.20.7_1,0.48686514886164634,0.8960267853139213
2024,05,ROU.20.8_1,0.5166374781085814,0.9120855223058855
2024,05,ROU.20.9_1,0.48511383537653247,0.8950329602869382
2024,05,ROU.24.27_1,0.4080560420315237,0.8454844764985339
2024,05,ROU.24.28_1,0.3992994746059545,0.8390852161729463
2024,05,ROU.24.31_1,0.394045534150613,0.8351646544245033
2024,05,ROU.24.59_1,0.43782837127845886,0.8660254037844386
2024,05,ROU.24.60_1,0.36252189141856395,0.8103110513870584
2024,05,ROU.24.7_1,0.35901926444833626,0.807403244977378
2024,05,ROU.24.8_1,0.4115586690017513,0.8479976415061541
2024,05,ROU.24.82_1,0.40630472854640987,0.8442179813294668
2024,05,ROU.24.83_1,0.36952714535901926,0.8160367638777066
2024,05,ROU.24.86_1,0.35201401050788095,0.8014961010510282
2024,05,ROU.25.10_1,0.56217162872154125,0.9337215859130601
2024,05,ROU.25.11_1,0.4816112084063048,0.8930285549745876
2024,05,ROU.25.22_1,0.48861646234676015,0.8970150500409678
2024,05,ROU.25.24_1,0.521891418563923,0.9147589846511485
2024,05,ROU.25.28_1,0.4483362521891419,0.8728436286070947
2024,05,ROU.25.45_1,0.4991243432574431,0.9028288874421332
2024,05,ROU.25.47_1,0.5359019264448337,0.9216593730874764
2024,05,ROU.26.1_1,0.5166374781085814,0.9120855223058855
2024,05,ROU.26.10_1,0.49211908931698783,0.8989749718429317
2024,05,ROU.26.11_1,0.47460595446584947,0.8889521921903337
2024,05,ROU.26.12_1,0.5236427320490368,0.9156396671180208
2024,05,ROU.26.13_1,0.48336252189141865,0.8940335564172074
2024,05,ROU.26.14_1,0.5148861646234676,0.9111838453352868
2024,05,ROU.26.15_1,0.5253940455341506,0.916515138991168
2024,05,ROU.26.16_1,0.5183887915936953,0.9129819275319747
2024,05,ROU.26.17_1,0.4658493870402803,0.883728465084157
2024,05,ROU.26.18_1,0.51138353765324,0.909364613342745
2024,05,ROU.26.19_1,0.5148861646234676,0.9111838453352868
2024,05,ROU.26.2_1,0.5166374781085814,0.9120855223058855
2024,05,ROU.26.20_1,0.4588441330998249,0.8794452797076121
2024,05,ROU.26.21_1,0.48686514886164634,0.8960267853139213
2024,05,ROU.26.22_1,0.5131348511383538,0.9102768809543611
2024,05,ROU.26.23_1,0.4973730297723292,0.9018736053350269
2024,05,ROU.26.24_1,0.4623467600700526,0.8815985480931783
2024,05,ROU.26.25_1,0.5236427320490368,0.9156396671180208
2024,05,ROU.26.26_1,0.4938704028021016,0.8999466650863261
2024,05,ROU.26.27_1,0.5148861646234676,0.9111838453352868
2024,05,ROU.26.28_1,0.5026269702276708,0.9047231620777706
2024,05,ROU.26.29_1,0.47985989492119097,0.8920179370393849
2024,05,ROU.26.3_1,0.4535901926444834,0.8761712161444246
2024,05,ROU.26.30_1,0.47460595446584947,0.8889521921903337
2024,05,ROU.26.31_1,0.4483362521891419,0.8728436286070947
2024,05,ROU.26.32_1,0.5131348511383538,0.9102768809543611
2024,05,ROU.26.33_1,0.43082311733800355,0.8613570688164114
2024,05,ROU.26.34_1,0.51138353765324,0.909364613342745
2024,05,ROU.26.35_1,0.48686514886164634,0.8960267853139213
2024,05,ROU.26.36_1,0.4816112084063048,0.8930285549745876
2024,05,ROU.26.37_1,0.4973730297723292,0.9018736053350269
2024,05,ROU.26.38_1,0.4956217162872154,0.9009128703709366
2024,05,ROU.26.39_1,0.5201401050788091,0.9138730765264944
2024,05,ROU.26.4_1,0.5131348511383538,0.9102768809543611
2024,05,ROU.26.5_1,0.5043782837127846,0.905662188677434
2024,05,ROU.26.6_1,0.48336252189141865,0.8940335564172074
2024,05,ROU.26.7_1,0.4570928196147111,0.8783598351473045
2024,05,ROU.26.8_1,0.49211908931698783,0.8989749718429317
2024,05,ROU.26.9_1,0.4658493870402803,0.883728465084157
2024,05,ROU.27.24_1,0.5148861646234676,0.9111838453352868
2024,05,ROU.29.19_1,0.48511383537653247,0.8950329602869382
2024,05,ROU.29.75_1,0.44133099824868655,0.8683225207260261
2024,05,ROU.29.89_1,0.4518388791593696,0.8750679973579196
2024,05,ROU.3.55_1,0.48336252189141865,0.8940335564172074
2024,05,ROU.3.67_1,0.4991243432574431,0.9028288874421332
2024,05,ROU.31.34_1,0.6112084063047285,0.9533079250693346
2024,05,ROU.31.35_1,0.5884413309982488,0.9446777228240327
2024,05,ROU.31.42_1,0.5534150612959721,0.9298257901349047
2024,05,ROU.31.46_1,0.56217162872154125,0.9337215859130601
2024,05,ROU.31.66_1,0.5884413309982488,0.9446777228240327
2024,05,ROU.31.75_1,0.5656742556917689,0.9352454223357631
2024,05,ROU.31.83_1,0.5464098073555167,0.9266196630764966
2024,05,ROU.31.86_1,0.5253940455341506,0.916515138991168
2024,05,ROU.31.92_1,0.4728546409807356,0.8879189152169246
2024,05,ROU.32.1_1,0.5516637478108581,0.9290317540321213
2024,05,ROU.32.10_1,0.4658493870402803,0.883728465084157
2024,05,ROU.32.100_1,0.5709281961471104,0.9374945333173949
2024,05,ROU.32.11_1,0.43432574430823123,0.8637036528810099
2024,05,ROU.32.12_1,0.5691768826619966,0.9367496997597597
2024,05,ROU.32.13_1,0.4973730297723292,0.9018736053350269
2024,05,ROU.32.14_1,0.4676007005253941,0.8847847195787232
2024,05,ROU.32.15_1,0.5411558669001751,0.9241623234042816
2024,05,ROU.32.16_1,0.47460595446584947,0.8889521921903337
2024,05,ROU.32.17_1,0.4763572679509633,0.8899797750510963
2024,05,ROU.32.18_1,0.4658493870402803,0.883728465084157
2024,05,ROU.32.19_1,0.46935201401050797,0.885835199120017
2024,05,ROU.32.2_1,0.45534150612959723,0.8772684879784524
2024,05,ROU.32.20_1,0.5656742556917689,0.9352454223357631
2024,05,ROU.32.21_1,0.5148861646234676,0.9111838453352868
2024,05,ROU.32.22_1,0.47985989492119097,0.8920179370393849
2024,05,ROU.32.23_1,0.47985989492119097,0.8920179370393849
2024,05,ROU.32.24_1,0.43257443082311736,0.8625334776111592
2024,05,ROU.32.25_1,0.5341506129597198,0.920814856526544
2024,05,ROU.32.26_1,0.48336252189141865,0.8940335564172074
2024,05,ROU.32.27_1,0.4535901926444834,0.8761712161444246
2024,05,ROU.32.28_1,0.5131348511383538,0.9102768809543611
2024,05,ROU.32.29_1,0.45008756567425573,0.8739588090980032
2024,05,ROU.32.3_1,0.5481611208406305,0.9274287034591931
2024,05,ROU.32.30_1,0.43607705779334505,0.8648676199280442
2024,05,ROU.32.31_1,0.4973730297723292,0.9018736053350269
2024,05,ROU.32.32_1,0.4185639229422067,0.8529454847761373
2024,05,ROU.32.33_1,0.5674255691768827,0.936
2024,05,ROU.32.34_1,0.5534150612959721,0.9298257901349047
2024,05,ROU.32.35_1,0.5078809106830122,0.9075241043630743
2024,05,ROU.32.36_1,0.4290718038528897,0.8601744009211155
2024,05,ROU.32.37_1,0.5464098073555167,0.9266196630764966
2024,05,ROU.32.38_1,0.4588441330998249,0.8794452797076121
2024,05,ROU.32.39_1,0.5183887915936953,0.9129819275319747
2024,05,ROU.32.4_1,0.4518388791593696,0.8750679973579196
2024,05,ROU.32.40_1,0.44658493870402804,0.8717224328879003
2024,05,ROU.32.41_1,0.49211908931698783,0.8989749718429317
2024,05,ROU.32.42_1,0.4658493870402803,0.883728465084157
2024,05,ROU.32.43_1,0.5043782837127846,0.905662188677434
2024,05,ROU.32.44_1,0.45008756567425573,0.8739588090980032
2024,05,ROU.32.45_1,0.4535901926444834,0.8761712161444246
2024,05,ROU.32.46_1,0.5061295971978984,0.9065958305661901
2024,05,ROU.32.47_1,0.5078809106830122,0.9075241043630743
2024,05,ROU.32.48_1,0.4588441330998249,0.8794452797076121
2024,05,ROU.32.49_1,0.42732049036777586,0.8589854480723175
2024,05,ROU.32.5_1,0.4658493870402803,0.883728465084157
2024,05,ROU.32.50_1,0.5166374781085814,0.9120855223058855
2024,05,ROU.32.51_1,0.4185639229422067,0.8529454847761373
2024,05,ROU.32.52_1,0.5201401050788091,0.9138730765264944
2024,05,ROU.32.53_1,0.45008756567425573,0.8739588090980032
2024,05,ROU.32.54_1,0.4133099824868652,0.84924437001372
2024,05,ROU.32.55_1,0.4991243432574431,0.9028288874421332
2024,05,ROU.32.56_1,0.48511383537653247,0.8950329602869382
2024,05,ROU.32.57_1,0.5166374781085814,0.9120855223058855
2024,05,ROU.32.58_1,0.5359019264448337,0.9216593730874764
2024,05,ROU.32.59_1,0.4535901926444834,0.8761712161444246
2024,05,ROU.32.6_1,0.4658493870402803,0.883728465084157
2024,05,ROU.32.60_1,0.43957968476357273,0.867177029216065
2024,05,ROU.32.61_1,0.48861646234676015,0.8970150500409678
2024,05,ROU.32.62_1,0.490367775831874,0.8979977728257459
2024,05,ROU.32.63_1,0.4676007005253941,0.8847847195787232
2024,05,ROU.32.64_1,0.48336252189141865,0.8940335564172074
2024,05,ROU.32.65_1,0.43607705779334505,0.8648676199280442
2024,05,ROU.32.66_1,0.4483362521891419,0.8728436286070947
2024,05,ROU.32.67_1,0.5043782837127846,0.905662188677434
2024,05,ROU.32.68_1,0.44658493870402804,0.8717224328879003
2024,05,ROU.32.69_1,0.5183887915936953,0.9129819275319747
2024,05,ROU.32.7_1,0.5061295971978984,0.9065958305661901
2024,05,ROU.32.70_1,0.4605954465849388,0.8805248434882459
2024,05,ROU.32.71_1,0.4973730297723292,0.9018736053350269
2024,05,ROU.32.72_1,0.5481611208406305,0.9274287034591931
2024,05,ROU.32.73_1,0.4676007005253941,0.8847847195787232
2024,05,ROU.32.74_1,0.47810858143607715,0.8910016835000931
2024,05,ROU.32.75_1,0.36952714535901926,0.8160367638777066
2024,05,ROU.32.76_1,0.43782837127845886,0.8660254037844386
2024,05,ROU.32.77_1,0.43782837127845886,0.8660254037844386
2024,05,ROU.32.78_1,0.4676007005253941,0.8847847195787232
2024,05,ROU.32.79_1,0.5253940455341506,0.916515138991168
2024,05,ROU.32.8_1,0.44483362521891423,0.8705951987002916
2024,05,ROU.32.80_1,0.46935201401050797,0.885835199120017
2024,05,ROU.32.81_1,0.4658493870402803,0.883728465084157
2024,05,ROU.32.82_1,0.5306479859894921,0.9191104395011516
2024,05,ROU.32.83_1,0.4973730297723292,0.9018736053350269
2024,05,ROU.32.84_1,0.5096322241681261,0.9084470265238365
2024,05,ROU.32.85_1,0.4605954465849388,0.8805248434882459
2024,05,ROU.32.86_1,0.5674255691768827,0.936
2024,05,ROU.32.87_1,0.4623467600700526,0.8815985480931783
2024,05,ROU.32.88_1,0.4623467600700526,0.8815985480931783
2024,05,ROU.32.89_1,0.5901926444833626,0.9453697689264238
2024,05,ROU.32.9_1,0.44483362521891423,0.8705951987002916
2024,05,ROU.32.90_1,0.43957968476357273,0.867177029216065
2024,05,ROU.32.91_1,0.51138353765324,0.909364613342745
2024,05,ROU.32.92_1,0.5043782837127846,0.905662188677434
2024,05,ROU.32.93_1,0.521891418563923,0.9147589846511485
2024,05,ROU.32.94_1,0.45008756567425573,0.8739588090980032
2024,05,ROU.32.95_1,0.45534150612959723,0.8772684879784524
2024,05,ROU.32.96_1,0.4535901926444834,0.8761712161444246
2024,05,ROU.32.97_1,0.5026269702276708,0.9047231620777706
2024,05,ROU.32.98_1,0.4483362521891419,0.8728436286070947
2024,05,ROU.32.99_1,0.4991243432574431,0.9028288874421332
2024,05,ROU.33.2_1,0.5341506129597198,0.920814856526544
2024,05,ROU.33.20_1,0.597197898423818,0.9480907129594721
2024,05,ROU.33.22_1,0.5271453590192645,0.9173854151881858
2024,05,ROU.33.23_1,0.5796847635726796,0.9411461098044235
2024,05,ROU.33.24_1,0.4973730297723292,0.9018736053350269
2024,05,ROU.33.25_1,0.5288966725043783,0.918250510481753
2024,05,ROU.33.43_1,0.48686514886164634,0.8960267853139213
2024,05,ROU.33.45_1,0.5061295971978984,0.9065958305661901
2024,05,ROU.33.46_1,0.5761821366024519,0.939699952112375
2024,05,ROU.33.57_1,0.5183887915936953,0.9129819275319747
2024,05,ROU.33.58_1,0.5814360770577934,0.9418619856433319
2024,05,ROU.34.23_1,0.4588441330998249,0.8794452797076121
2024,05,ROU.34.24_1,0.43607705779334505,0.8648676199280442
2024,05,ROU.34.29_1,0.4816112084063048,0.8930285549745876
2024,05,ROU.34.40_1,0.4640980735551664,0.8826664149042944
2024,05,ROU.34.43_1,0.4203152364273205,0.8541662601625049
2024,05,ROU.34.56_1,0.48511383537653247,0.8950329602869382
2024,05,ROU.34.59_1,0.4973730297723292,0.9018736053350269
2024,05,ROU.34.8_1,0.43782837127845886,0.8660254037844386
2024,05,ROU.37.1_1,0.586690017513135,0.9439809320108113
2024,05,ROU.37.10_1,0.5709281961471104,0.9374945333173949
2024,05,ROU.37.11_1,0.5341506129597198,0.920814856526544
2024,05,ROU.37.12_1,0.5796847635726796,0.9411461098044235
2024,05,ROU.37.13_1,0.5516637478108581,0.9290317540321213
2024,05,ROU.37.14_1,0.5464098073555167,0.9266196630764966
2024,05,ROU.37.15_1,0.5306479859894921,0.9191104395011516
2024,05,ROU.37.16_1,0.51138353765324,0.909364613342745
2024,05,ROU.37.17_1,0.6182136602451839,0.9558054195284729
2024,05,ROU.37.18_1,0.6007005253940456,0.9494229826584145
2024,05,ROU.37.19_1,0.51138353765324,0.909364613342745
2024,05,ROU.37.2_1,0.5201401050788091,0.9138730765264944
2024,05,ROU.37.20_1,0.5761821366024519,0.939699952112375
2024,05,ROU.37.21_1,0.6182136602451839,0.9558054195284729
2024,05,ROU.37.22_1,0.5236427320490368,0.9156396671180208
2024,05,ROU.37.23_1,0.5656742556917689,0.9352454223357631
2024,05,ROU.37.24_1,0.5376532399299475,0.9224987804869988
2024,05,ROU.37.25_1,0.5656742556917689,0.9352454223357631
2024,05,ROU.37.26_1,0.5166374781085814,0.9120855223058855
2024,05,ROU.37.27_1,0.5919439579684764,0.946057080730333
2024,05,ROU.37.28_1,0.5534150612959721,0.9298257901349047
2024,05,ROU.37.29_1,0.5726795096322242,0.9382345122622595
2024,05,ROU.37.3_1,0.46935201401050797,0.885835199120017
2024,05,ROU.37.30_1,0.47810858143607715,0.8910016835000931
2024,05,ROU.37.31_1,0.4711033274956218,0.8868799242287537
2024,05,ROU.37.32_1,0.6094570928196147,0.9526720317087093
2024,05,ROU.37.33_1,0.5551663747810859,0.9306148505155073
2024,05,ROU.37.34_1,0.5604203152364273,0.9329523031752481
2024,05,ROU.37.35_1,0.6252189141856392,0.9582296175760798
2024,05,ROU.37.36_1,0.6357267950963222,0.9617296917533533
2024,05,ROU.37.37_1,0.56217162872154125,0.9337215859130601
2024,05,ROU.37.38_1,0.5586690017513135,0.9321780945720619
2024,05,ROU.37.39_1,0.532399299474606,0.9199652167337633
2024,05,ROU.37.4_1,0.4991243432574431,0.9028288874421332
2024,05,ROU.37.40_1,0.5831873905429072,0.9425730740902798
2024,05,ROU.37.41_1,0.5516637478108581,0.9290317540321213
2024,05,ROU.37.42_1,0.51138353765324,0.909364613342745
2024,05,ROU.37.43_1,0.5936952714535902,0.9467396685467447
2024,05,ROU.37.44_1,0.5884413309982488,0.9446777228240327
2024,05,ROU.37.45_1,0.5499124343257443,0.9282327294380435
2024,05,ROU.37.46_1,0.4938704028021016,0.8999466650863261
2024,05,ROU.37.47_1,0.5674255691768827,0.936
2024,05,ROU.37.48_1,0.5796847635726796,0.9411461098044235
2024,05,ROU.37.49_1,0.5516637478108581,0.9290317540321213
2024,05,ROU.37.5_1,0.56217162872154125,0.9337215859130601
2024,05,ROU.37.50_1,0.6059544658493871,0.9513863568498342
2024,05,ROU.37.51_1,0.5796847635726796,0.9411461098044235
2024,05,ROU.37.52_1,0.5359019264448337,0.9216593730874764
2024,05,ROU.37.53_1,0.4763572679509633,0.8899797750510963
2024,05,ROU.37.54_1,0.5709281961471104,0.9374945333173949
2024,05,ROU.37.55_1,0.5814360770577934,0.9418619856433319
2024,05,ROU.37.56_1,0.5446584938704029,0.9258055951440345
2024,05,ROU.37.57_1,0.5726795096322242,0.9382345122622595
2024,05,ROU.37.58_1,0.5341506129597198,0.920814856526544
2024,05,ROU.37.59_1,0.4956217162872154,0.9009128703709366
2024,05,ROU.37.6_1,0.5359019264448337,0.9216593730874764
2024,05,ROU.37.60_1,0.5884413309982488,0.9446777228240327
2024,05,ROU.37.61_1,0.4728546409807356,0.8879189152169246
2024,05,ROU.37.62_1,0.51138353765324,0.909364613342745
2024,05,ROU.37.63_1,0.5043782837127846,0.905662188677434
2024,05,ROU.37.64_1,0.5761821366024519,0.939699952112375
2024,05,ROU.37.65_1,0.5849387040280211,0.9432793859721519
2024,05,ROU.37.66_1,0.5481611208406305,0.9274287034591931
2024,05,ROU.37.67_1,0.4956217162872154,0.9009128703709366
2024,05,ROU.37.68_1,0.46935201401050797,0.885835199120017
2024,05,ROU.37.69_1,0.5796847635726796,0.9411461098044235
2024,05,ROU.37.7_1,0.6094570928196147,0.9526720317087093
2024,05,ROU.37.70_1,0.5779334500875658,0.9404254356406998
2024,05,ROU.37.71_1,0.5446584938704029,0.9258055951440345
2024,05,ROU.37.72_1,0.5516637478108581,0.9290317540321213
2024,05,ROU.37.73_1,0.5814360770577934,0.9418619856433319
2024,05,ROU.37.74_1,0.5096322241681261,0.9084470265238365
2024,05,ROU.37.75_1,0.500875656742557,0.9037787339830473
2024,05,ROU.37.76_1,0.4763572679509633,0.8899797750510963
2024,05,ROU.37.77_1,0.5359019264448337,0.9216593730874764
2024,05,ROU.37.78_1,0.5744308231173381,0.9389696480717574
2024,05,ROU.37.79_1,0.5026269702276708,0.9047231620777706
2024,05,ROU.37.8_1,0.6042031523642732,0.9507365565707464
2024,05,ROU.37.80_1,0.5936952714535902,0.9467396685467447
2024,05,ROU.37.81_1,0.6182136602451839,0.9558054195284729
2024,05,ROU.37.82_1,0.542907180385289,0.9249864863877743
2024,05,ROU.37.83_1,0.628721541155867,0.9594144047282176
2024,05,ROU.37.84_1,0.500875656742557,0.9037787339830473
2024,05,ROU.37.85_1,0.5394045534150613,0.923333092659415
2024,05,ROU.37.86_1,0.5849387040280211,0.9432793859721519
2024,05,ROU.37.87_1,0.5306479859894921,0.9191104395011516
2024,05,ROU.37.88_1,0.5639229422066551,0.9344859549506349
2024,05,ROU.37.9_1,0.5359019264448337,0.9216593730874764
2024,05,ROU.38.15_1,0.500875656742557,0.9037787339830473
2024,05,ROU.38.26_1,0.5376532399299475,0.9224987804869988
2024,05,ROU.38.5_1,0.4816112084063048,0.8930285549745876
2024,05,ROU.39.1_1,0.5061295971978984,0.9065958305661901
2024,05,ROU.39.10_1,0.4991243432574431,0.9028288874421332
2024,05,ROU.39.11_1,0.5096322241681261,0.9084470265238365
2024,05,ROU.39.12_1,0.5166374781085814,0.9120855223058855
2024,05,ROU.39.13_1,0.40105078809106837,0.8403784861596588
2024,05,ROU.39.14_1,0.44658493870402804,0.8717224328879003
2024,05,ROU.39.15_1,0.47460595446584947,0.8889521921903337
2024,05,ROU.39.16_1,0.4763572679509633,0.8899797750510963
2024,05,ROU.39.17_1,0.4605954465849388,0.8805248434882459
2024,05,ROU.39.18_1,0.4763572679509633,0.8899797750510963
2024,05,ROU.39.19_1,0.5096322241681261,0.9084470265238365
2024,05,ROU.39.2_1,0.4991243432574431,0.9028288874421332
2024,05,ROU.39.20_1,0.4658493870402803,0.883728465084157
2024,05,ROU.39.21_1,0.4938704028021016,0.8999466650863261
2024,05,ROU.39.22_1,0.4483362521891419,0.8728436286070947
2024,05,ROU.39.23_1,0.4676007005253941,0.8847847195787232
2024,05,ROU.39.24_1,0.49211908931698783,0.8989749718429317
2024,05,ROU.39.25_1,0.4623467600700526,0.8815985480931783
2024,05,ROU.39.26_1,0.46935201401050797,0.885835199120017
2024,05,ROU.39.27_1,0.5411558669001751,0.9241623234042816
2024,05,ROU.39.28_1,0.5236427320490368,0.9156396671180208
2024,05,ROU.39.29_1,0.5043782837127846,0.905662188677434
2024,05,ROU.39.3_1,0.5096322241681261,0.9084470265238365
2024,05,ROU.39.30_1,0.5183887915936953,0.9129819275319747
2024,05,ROU.39.31_1,0.5253940455341506,0.916515138991168
2024,05,ROU.39.32_1,0.4763572679509633,0.8899797750510963
2024,05,ROU.39.33_1,0.4816112084063048,0.8930285549745876
2024,05,ROU.39.34_1,0.5026269702276708,0.9047231620777706
2024,05,ROU.39.35_1,0.4938704028021016,0.8999466650863261
2024,05,ROU.39.36_1,0.4956217162872154,0.9009128703709366
2024,05,ROU.39.37_1,0.5131348511383538,0.9102768809543611
2024,05,ROU.39.38_1,0.5253940455341506,0.916515138991168
2024,05,ROU.39.39_1,0.5516637478108581,0.9290317540321213
2024,05,ROU.39.4_1,0.521891418563923,0.9147589846511485
2024,05,ROU.39.40_1,0.47810858143607715,0.8910016835000931
2024,05,ROU.39.41_1,0.45534150612959723,0.8772684879784524
2024,05,ROU.39.42_1,0.51138353765324,0.909364613342745
2024,05,ROU.39.43_1,0.5201401050788091,0.9138730765264944
2024,05,ROU.39.44_1,0.48861646234676015,0.8970150500409678
2024,05,ROU.39.45_1,0.5131348511383538,0.9102768809543611
2024,05,ROU.39.46_1,0.5131348511383538,0.9102768809543611
2024,05,ROU.39.47_1,0.5078809106830122,0.9075241043630743
2024,05,ROU.39.48_1,0.48336252189141865,0.8940335564172074
2024,05,ROU.39.5_1,0.4763572679509633,0.8899797750510963
2024,05,ROU.39.6_1,0.500875656742557,0.9037787339830473
2024,05,ROU.39.7_1,0.5271453590192645,0.9173854151881858
2024,05,ROU.39.8_1,0.4991243432574431,0.9028288874421332
2024,05,ROU.39.9_1,0.5306479859894921,0.9191104395011516
2024,05,ROU.41.26_1,0.38178633975481613,0.8257747876994065
2024,05,ROU.41.31_1,0.38178633975481613,0.8257747876994065
2024,05,ROU.41.41_1,0.40105078809106837,0.8403784861596588
2024,05,ROU.41.45_1,0.40455341506129605,0.8429448380528823
2024,05,ROU.41.58_1,0.36427320490367776,0.8117536572138127
2024,05,ROU.41.68_1,0.4185639229422067,0.8529454847761373
2024,05,ROU.5.10_1,0.5183887915936953,0.9129819275319747
2024,05,ROU.5.12_1,0.5796847635726796,0.9411461098044235
2024,05,ROU.5.16_1,0.532399299474606,0.9199652167337633
2024,05,ROU.5.18_1,0.5376532399299475,0.9224987804869988
2024,05,ROU.5.23_1,0.5376532399299475,0.9224987804869988
2024,05,ROU.5.36_1,0.5481611208406305,0.9274287034591931
2024,05,ROU.5.41_1,0.5516637478108581,0.9290317540321213
2024,05,ROU.5.6_1,0.4816112084063048,0.8930285549745876
2024,05,ROU.5.70_1,0.5744308231173381,0.9389696480717574
2024,05,ROU.5.75_1,0.5499124343257443,0.9282327294380435
2024,05,ROU.5.91_1,0.4658493870402803,0.883728465084157
2024,05,ROU.6.10_1,0.5061295971978984,0.9065958305661901
2024,05,ROU.6.31_1,0.500875656742557,0.9037787339830473
2024,05,ROU.6.36_1,0.4991243432574431,0.9028288874421332
2024,05,ROU.6.4_1,0.4588441330998249,0.8794452797076121
2024,05,ROU.6.6_1,0.4973730297723292,0.9018736053350269
2024,05,ROU.6.8_1,0.46935201401050797,0.885835199120017
2024,05,ROU.7.14_1,0.34500875656742563,0.7954646440917409
2024,05,ROU.7.38_1,0.37302977232924694,0.8188552985723424
2024,05,ROU.7.42_1,0.394045534150613,0.8351646544245033
2024,05,ROU.7.44_1,0.3397548161120841,0.7908577621797739
2024,05,ROU.7.48_1,0.4028021015761822,0.8416650165000324
2024,05,ROU.7.50_1,0.35551663747810863,0.8044650396381436
2024,05,ROU.7.52_1,0.36252189141856395,0.8103110513870584
2024,05,ROU.7.57_1,0.35201401050788095,0.8014961010510282
2024,05,ROU.8.37_1,0.490367775831874,0.8979977728257459
2024,05,ROU.8.47_1,0.48511383537653247,0.8950329602869382
2024,05,ROU.9.10_1,0.46935201401050797,0.885835199120017
2024,05,ROU.9.18_1,0.43082311733800355,0.8613570688164114
2024,05,ROU.9.2_1,0.47460595446584947,0.8889521921903337
2024,05,ROU.9.39_1,0.4238178633975482,0.8565885826929985
2024,05,ROU.9.5_1,0.44483362521891423,0.8705951987002916
2024,05,SRB.11.2_1,0.6584938704028022,0.9687600322061186
2024,05,SRB.11.3_1,0.6479859894921192,0.9656086163658648
2024,05,SRB.11.7_1,0.649737302977233,0.9661449166662318
2024,05,SRB.13.1_1,0.5674255691768827,0.936
2024,05,SRB.13.2_1,0.5639229422066551,0.9344859549506349
2024,05,SRB.13.3_1,0.5481611208406305,0.9274287034591931
2024,05,SRB.14.3_1,0.5499124343257443,0.9282327294380435
2024,05,SRB.14.6_1,0.5849387040280211,0.9432793859721519
2024,05,SRB.15.2_1,0.6619964973730298,0.9697752316903129
2024,05,SRB.16.1_1,0.6567425569176883,0.9682458365518543
2024,05,SRB.16.2_1,0.6935201401050789,0.9781288258711119
2024,05,SRB.16.3_1,0.63922942206655,0.9628603221651623
2024,05,SRB.16.4_1,0.6637478108581437,0.970276249322841
2024,05,SRB.17.2_1,0.5166374781085814,0.9120855223058855
2024,05,SRB.17.3_1,0.5446584938704029,0.9258055951440345
2024,05,SRB.18.1_1,0.4956217162872154,0.9009128703709366
2024,05,SRB.18.3_1,0.51138353765324,0.909364613342745
2024,05,SRB.18.5_1,0.48861646234676015,0.8970150500409678
2024,05,SRB.19.1_1,0.49211908931698783,0.8989749718429317
2024,05,SRB.19.5_1,0.5253940455341506,0.916515138991168
2024,05,SRB.20.1_1,0.542907180385289,0.9249864863877743
2024,05,SRB.20.2_1,0.5919439579684764,0.946057080730333
2024,05,SRB.20.3_1,0.5551663747810859,0.9306148505155073
2024,05,SRB.20.4_1,0.521891418563923,0.9147589846511485
2024,05,SRB.20.5_1,0.5884413309982488,0.9446777228240327
2024,05,SRB.20.6_1,0.5919439579684764,0.946057080730333
2024,05,SRB.20.7_1,0.56217162872154125,0.9337215859130601
2024,05,SRB.21.1_1,0.5516637478108581,0.9290317540321213
2024,05,SRB.21.2_1,0.5936952714535902,0.9467396685467447
2024,05,SRB.21.3_1,0.6217162872154116,0.9570266453970862
2024,05,SRB.21.4_1,0.6007005253940456,0.9494229826584145
2024,05,SRB.21.5_1,0.5499124343257443,0.9282327294380435
2024,05,SRB.21.6_1,0.5394045534150613,0.923333092659415
2024,05,SRB.21.7_1,0.6234676007005254,0.9576304088739037
2024,05,SRB.22.2_1,0.6409807355516638,0.9634189120003821
2024,05,SRB.24.1_1,0.5726795096322242,0.9382345122622595
2024,05,SRB.24.3_1,0.5901926444833626,0.9453697689264238
2024,05,SRB.24.4_1,0.5481611208406305,0.9274287034591931
2024,05,SRB.25.10_1,0.6007005253940456,0.9494229826584145
2024,05,SRB.25.2_1,0.5901926444833626,0.9453697689264238
2024,05,SRB.25.3_1,0.63922942206655,0.9628603221651623
2024,05,SRB.25.4_1,0.6077057793345009,0.9520315120835025
2024,05,SRB.25.7_1,0.6147110332749562,0.954565869911553
2024,05,SRB.25.8_1,0.6584938704028022,0.9687600322061186
2024,05,SRB.25.9_1,0.6252189141856392,0.9582296175760798
2024,05,SRB.3.1_1,0.5989492119089318,0.9487591896788141
2024,05,SRB.3.10_1,0.5341506129597198,0.920814856526544
2024,05,SRB.3.11_1,0.542907180385289,0.9249864863877743
2024,05,SRB.3.12_1,0.5516637478108581,0.9290317540321213
2024,05,SRB.3.13_1,0.5394045534150613,0.923333092659415
2024,05,SRB.3.14_1,0.56217162872154125,0.9337215859130601
2024,05,SRB.3.15_1,0.5639229422066551,0.9344859549506349
2024,05,SRB.3.16_1,0.5499124343257443,0.9282327294380435
2024,05,SRB.3.17_1,0.51138353765324,0.909364613342745
2024,05,SRB.3.2_1,0.5569176882661997,0.931398947819891
2024,05,SRB.3.3_1,0.5779334500875658,0.9404254356406998
2024,05,SRB.3.4_1,0.5831873905429072,0.9425730740902798
2024,05,SRB.3.5_1,0.5901926444833626,0.9453697689264238
2024,05,SRB.3.6_1,0.5271453590192645,0.9173854151881858
2024,05,SRB.3.7_1,0.597197898423818,0.9480907129594721
2024,05,SRB.3.8_1,0.5464098073555167,0.9266196630764966
2024,05,SRB.3.9_1,0.5586690017513135,0.9321780945720619
2024,05,SRB.4.4_1,0.586690017513135,0.9439809320108113
2024,05,SRB.4.5_1,0.6532399299474606,0.9672042183530839
2024,05,SRB.5.1_1,0.5779334500875658,0.9404254356406998
2024,05,SRB.5.10_1,0.542907180385289,0.9249864863877743
2024,05,SRB.5.11_1,0.5148861646234676,0.9111838453352868
2024,05,SRB.5.12_1,0.5253940455341506,0.916515138991168
2024,05,SRB.5.2_1,0.6532399299474606,0.9672042183530839
2024,05,SRB.5.3_1,0.5656742556917689,0.9352454223357631
2024,05,SRB.5.4_1,0.4938704028021016,0.8999466650863261
2024,05,SRB.5.5_1,0.5411558669001751,0.9241623234042816
2024,05,SRB.5.6_1,0.5569176882661997,0.931398947819891
2024,05,SRB.5.7_1,0.4588441330998249,0.8794452797076121
2024,05,SRB.5.8_1,0.5569176882661997,0.931398947819891
2024,05,SRB.5.9_1,0.5201401050788091,0.9138730765264944
2024,05,SRB.6.4_1,0.6164623467600701,0.955187939622355
2024,05,SRB.6.5_1,0.5989492119089318,0.9487591896788141
2024,05,SRB.6.6_1,0.5639229422066551,0.9344859549506349
2024,05,SRB.7.1_1,0.6024518388791593,0.9500821017154254
2024,05,SRB.7.2_1,0.5814360770577934,0.9418619856433319
2024,05,SRB.7.3_1,0.5411558669001751,0.9241623234042816
2024,05,SRB.7.4_1,0.5586690017513135,0.9321780945720619
2024,05,SRB.7.5_1,0.597197898423818,0.9480907129594721
2024,05,SRB.7.6_1,0.5709281961471104,0.9374945333173949
2024,05,SRB.8.1_1,0.586690017513135,0.9439809320108113
2024,05,SRB.8.2_1,0.6077057793345009,0.9520315120835025
2024,05,SRB.8.3_1,0.6374781085814362,0.962297251372984
2024,05,SRB.8.4_1,0.586690017513135,0.9439809320108113
2024,05,SRB.8.5_1,0.6217162872154116,0.9570266453970862
2024,05,SRB.8.6_1,0.6514886164623468,0.9666767815562759
2024,05,SRB.8.7_1,0.6304728546409808,0.96
2024,05,SRB.8.8_1,0.542907180385289,0.9249864863877743
2024,05,SRB.9.2_1,0.5726795096322242,0.9382345122622595
2024,05,SVK.1.1_1,0.6252189141856392,0.9582296175760798
2024,05,SVK.1.10_1,0.5884413309982488,0.9446777228240327
2024,05,SVK.1.11_1,0.5604203152364273,0.9329523031752481
2024,05,SVK.1.12_1,0.6112084063047285,0.9533079250693346
2024,05,SVK.1.13_1,0.6462346760070053,0.965067873260736
2024,05,SVK.1.2_1,0.6532399299474606,0.9672042183530839
2024,05,SVK.1.3_1,0.49211908931698783,0.8989749718429317
2024,05,SVK.1.4_1,0.6059544658493871,0.9513863568498342
2024,05,SVK.1.5_1,0.5639229422066551,0.9344859549506349
2024,05,SVK.1.6_1,0.597197898423818,0.9480907129594721
2024,05,SVK.1.7_1,0.597197898423818,0.9480907129594721
2024,05,SVK.1.8_1,0.5586690017513135,0.9321780945720619
2024,05,SVK.1.9_1,0.5341506129597198,0.920814856526544
2024,05,SVK.2.1_1,0.597197898423818,0.9480907129594721
2024,05,SVK.2.2_1,0.6409807355516638,0.9634189120003821
2024,05,SVK.2.3_1,0.6112084063047285,0.9533079250693346
2024,05,SVK.2.4_1,0.5901926444833626,0.9453697689264238
2024,05,SVK.2.5_1,0.586690017513135,0.9439809320108113
2024,05,SVK.2.6_1,0.5656742556917689,0.9352454223357631
2024,05,SVK.2.7_1,0.5639229422066551,0.9344859549506349
2024,05,SVK.2.8_1,0.5849387040280211,0.9432793859721519
2024,05,SVK.3.1_1,0.47985989492119097,0.8920179370393849
2024,05,SVK.3.10_1,0.5253940455341506,0.916515138991168
2024,05,SVK.3.11_1,0.5026269702276708,0.9047231620777706
2024,05,SVK.3.2_1,0.500875656742557,0.9037787339830473
2024,05,SVK.3.3_1,0.5394045534150613,0.923333092659415
2024,05,SVK.3.4_1,0.5359019264448337,0.9216593730874764
2024,05,SVK.3.5_1,0.5516637478108581,0.9290317540321213
2024,05,SVK.3.6_1,0.5744308231173381,0.9389696480717574
2024,05,SVK.3.7_1,0.4938704028021016,0.8999466650863261
2024,05,SVK.3.8_1,0.5148861646234676,0.9111838453352868
2024,05,SVK.3.9_1,0.5359019264448337,0.9216593730874764
2024,05,SVK.4.1_1,0.490367775831874,0.8979977728257459
2024,05,SVK.4.2_1,0.5884413309982488,0.9446777228240327
2024,05,SVK.4.3_1,0.56217162872154125,0.9337215859130601
2024,05,SVK.4.4_1,0.521891418563923,0.9147589846511485
2024,05,SVK.4.7_1,0.5884413309982488,0.9446777228240327
2024,05,SVK.5.1_1,0.5166374781085814,0.9120855223058855
2024,05,SVK.5.10_1,0.45534150612959723,0.8772684879784524
2024,05,SVK.5.11_1,0.51138353765324,0.909364613342745
2024,05,SVK.5.12_1,0.5394045534150613,0.923333092659415
2024,05,SVK.5.13_1,0.521891418563923,0.9147589846511485
2024,05,SVK.5.2_1,0.56217162872154125,0.9337215859130601
2024,05,SVK.5.3_1,0.5359019264448337,0.9216593730874764
2024,05,SVK.5.4_1,0.5201401050788091,0.9138730765264944
2024,05,SVK.5.5_1,0.500875656742557,0.9037787339830473
2024,05,SVK.5.6_1,0.4991243432574431,0.9028288874421332
2024,05,SVK.5.7_1,0.532399299474606,0.9199652167337633
2024,05,SVK.5.8_1,0.521891418563923,0.9147589846511485
2024,05,SVK.5.9_1,0.5586690017513135,0.9321780945720619
2024,05,SVK.6.3_1,0.6007005253940456,0.9494229826584145
2024,05,SVK.6.4_1,0.5288966725043783,0.918250510481753
2024,05,SVK.6.7_1,0.5709281961471104,0.9374945333173949
2024,05,SVK.6.8_1,0.5271453590192645,0.9173854151881858
2024,05,SVK.6.9_1,0.56217162872154125,0.9337215859130601
2024,05,SVK.7.1_1,0.5814360770577934,0.9418619856433319
2024,05,SVK.7.2_1,0.5464098073555167,0.9266196630764966
2024,05,SVK.7.3_1,0.5604203152364273,0.9329523031752481
2024,05,SVK.7.5_1,0.5639229422066551,0.9344859549506349
2024,05,SVK.7.6_1,0.5376532399299475,0.9224987804869988
2024,05,SVK.7.7_1,0.5499124343257443,0.9282327294380435
2024,05,SVK.8.1_1,0.586690017513135,0.9439809320108113
2024,05,SVK.8.5_1,0.5341506129597198,0.920814856526544
2024,05,SVK.8.8_1,0.5341506129597198,0.920814856526544
2024,05,SVK.8.9_1,0.5709281961471104,0.9374945333173949
2024,05,SVN.1.13_1,0.7162872154115587,0.9832985304575615
2024,05,SVN.1.14_1,0.6654991243432575,0.9707728879609279
2024,05,SVN.1.15_1,0.7373029772329247,0.987439112046915
2024,05,SVN.1.16_1,0.7162872154115587,0.9832985304575615
2024,05,SVN.1.2_1,0.6812609457092821,0.975046665549911
2024,05,SVN.1.3_1,0.7005253940455343,0.9797958971132712
2024,05,SVN.1.4_1,0.7267950963222417,0.9854440623394105
2024,05,SVN.1.5_1,0.6935201401050789,0.9781288258711119
2024,05,SVN.1.8_1,0.6865148861646235,0.9763933633531108
2024,05,SVN.10.10_1,0.6304728546409808,0.96
2024,05,SVN.10.17_1,0.7022767075306481,0.9802020199938377
2024,05,SVN.10.18_1,0.6812609457092821,0.975046665549911
2024,05,SVN.10.20_1,0.6725043782837129,0.9727157858285225
2024,05,SVN.10.23_1,0.6129597197898424,0.9539392014169457
2024,05,SVN.10.30_1,0.7250437828371279,0.9850969495435462
2024,05,SVN.10.32_1,0.6549912434325745,0.9677272342969376
2024,05,SVN.10.6_1,0.6252189141856392,0.9582296175760798
2024,05,SVN.12.3_1,0.6637478108581437,0.970276249322841
2024,05,SVN.2.1_1,0.7460595446584939,0.9889873608899156
2024,05,SVN.2.10_1,0.7583187390542908,0.9909813318120578
2024,05,SVN.2.11_1,0.7373029772329247,0.987439112046915
2024,05,SVN.2.12_1,0.7338003502626971,0.986790757962396
2024,05,SVN.2.2_1,0.660245183887916,0.9692698282728087
2024,05,SVN.2.3_1,0.7180385288966725,0.983666610188635
2024,05,SVN.2.4_1,0.7460595446584939,0.9889873608899156
2024,05,SVN.2.5_1,0.7232924693520141,0.9847456524402634
2024,05,SVN.2.6_1,0.7530647985989493,0.990151503558925
2024,05,SVN.2.7_1,0.7180385288966725,0.983666610188635
2024,05,SVN.2.8_1,0.7758318739054292,0.9934807496876826
2024,05,SVN.2.9_1,0.7267950963222417,0.9854440623394105
2024,05,SVN.3.1_1,0.6987740805604205,0.9793855216409929
2024,05,SVN.3.10_1,0.7355516637478109,0.9871170143402452
2024,05,SVN.3.14_1,0.6900175131348513,0.9772696659571503
2024,05,SVN.3.15_1,0.7215411558669002,0.9843901665498289
2024,05,SVN.3.16_1,0.7478108581436077,0.9892845899942038
2024,05,SVN.3.4_1,0.712784588441331,0.9825497442877892
2024,05,SVN.3.5_1,0.7355516637478109,0.9871170143402452
2024,05,SVN.3.9_1,0.7688266199649738,0.9925301002992302
2024,05,SVN.4.5_1,0.6760070052539405,0.9736611320166786
2024,05,SVN.4.6_1,0.6514886164623468,0.9666767815562759
2024,05,SVN.4.8_1,0.6830122591943959,0.9754998718605759
2024,05,SVN.5.2_1,0.7478108581436077,0.9892845899942038
2024,05,SVN.5.3_1,0.6935201401050789,0.9781288258711119
2024,05,SVN.5.4_1,0.7145359019264449,0.9829262434180909
2024,05,SVN.5.5_1,0.7162872154115587,0.9832985304575615
2024,05,SVN.5.6_1,0.7460595446584939,0.9889873608899156
2024,05,SVN.6.1_1,0.7338003502626971,0.986790757962396
2024,05,SVN.6.2_1,0.7005253940455343,0.9797958971132712
2024,05,SVN.6.3_1,0.7092819614711035,0.9817840903172144
2024,05,SVN.6.4_1,0.7408056042031524,0.9880708476622514
2024,05,SVN.6.5_1,0.670753064798599,0.9722365967191319
2024,05,SVN.6.6_1,0.7478108581436077,0.9892845899942038
2024,05,SVN.6.7_1,0.777583187390543,0.9937082066683358
2024,05,SVN.7.1_1,0.8003502626970229,0.9962951369950573
2024,05,SVN.7.10_1,0.7215411558669002,0.9843901665498289
2024,05,SVN.7.11_1,0.712784588441331,0.9825497442877892
2024,05,SVN.7.12_1,0.7267950963222417,0.9854440623394105
2024,05,SVN.7.13_1,0.6637478108581437,0.970276249322841
2024,05,SVN.7.14_1,0.7478108581436077,0.9892845899942038
2024,05,SVN.7.15_1,0.7302977232924693,0.9861257526299574
2024,05,SVN.7.16_1,0.6900175131348513,0.9772696659571503
2024,05,SVN.7.17_1,0.7915936952714537,0.9953813339620148
2024,05,SVN.7.18_1,0.7478108581436077,0.9892845899942038
2024,05,SVN.7.19_1,0.7408056042031524,0.9880708476622514
2024,05,SVN.7.2_1,0.7478108581436077,0.9892845899942038
2024,05,SVN.7.20_1,0.7022767075306481,0.9802020199938377
2024,05,SVN.7.21_1,0.6917688266199651,0.9777013859047148
2024,05,SVN.7.22_1,0.660245183887916,0.9692698282728087
2024,05,SVN.7.23_1,0.7285464098073555,0.9857869952479592
2024,05,SVN.7.24_1,0.7355516637478109,0.9871170143402452
2024,05,SVN.7.3_1,0.7425569176882663,0.9883804935347521
2024,05,SVN.7.4_1,0.76707530647986,0.9922822179198819
2024,05,SVN.7.5_1,0.7320490367775833,0.98646033878712025
2024,05,SVN.7.6_1,0.7443082311733801,0.9886859966642594
2024,05,SVN.7.7_1,0.7232924693520141,0.9847456524402634
2024,05,SVN.7.8_1,0.7635726795096323,0.9917741678426597
2024,05,SVN.7.9_1,0.7373029772329247,0.987439112046915
2024,05,SVN.8.1_1,0.6322241681260946,0.9605810741421048
2024,05,SVN.8.10_1,0.6322241681260946,0.9605810741421048
2024,05,SVN.8.11_1,0.7040280210157619,0.9806038955664005
2024,05,SVN.8.12_1,0.6462346760070053,0.965067873260736
2024,05,SVN.8.13_1,0.6672504378283713,0.9712651543219287
2024,05,SVN.8.14_1,0.6812609457092821,0.975046665549911
2024,05,SVN.8.15_1,0.6462346760070053,0.965067873260736
2024,05,SVN.8.16_1,0.6427320490367776,0.9639730286683336
2024,05,SVN.8.17_1,0.6725043782837129,0.9727157858285225
2024,05,SVN.8.18_1,0.6742556917688267,0.9731906288081488
2024,05,SVN.8.19_1,0.6584938704028022,0.9687600322061186
2024,05,SVN.8.2_1,0.62697022767075306,0.9588242800430119
2024,05,SVN.8.20_1,0.6462346760070053,0.965067873260736
2024,05,SVN.8.21_1,0.6847635726795097,0.9759487691472335
2024,05,SVN.8.22_1,0.5901926444833626,0.9453697689264238
2024,05,SVN.8.23_1,0.6742556917688267,0.9731906288081488
2024,05,SVN.8.24_1,0.6777583187390543,0.9741273017424364
2024,05,SVN.8.25_1,0.6865148861646235,0.9763933633531108
2024,05,SVN.8.26_1,0.660245183887916,0.9692698282728087
2024,05,SVN.8.27_1,0.6847635726795097,0.9759487691472335
2024,05,SVN.8.28_1,0.649737302977233,0.9661449166662318
2024,05,SVN.8.29_1,0.6252189141856392,0.9582296175760798
2024,05,SVN.8.3_1,0.6479859894921192,0.9656086163658648
2024,05,SVN.8.30_1,0.6760070052539405,0.9736611320166786
2024,05,SVN.8.31_1,0.6549912434325745,0.9677272342969376
2024,05,SVN.8.32_1,0.660245183887916,0.9692698282728087
2024,05,SVN.8.33_1,0.6865148861646235,0.9763933633531108
2024,05,SVN.8.34_1,0.6725043782837129,0.9727157858285225
2024,05,SVN.8.4_1,0.6357267950963222,0.9617296917533533
2024,05,SVN.8.5_1,0.6812609457092821,0.975046665549911
2024,05,SVN.8.6_1,0.6830122591943959,0.9754998718605759
2024,05,SVN.8.7_1,0.660245183887916,0.9692698282728087
2024,05,SVN.8.8_1,0.6374781085814362,0.962297251372984
2024,05,SVN.8.9_1,0.6690017513134852,0.9717530550505102
2024,05,SVN.9.12_1,0.6234676007005254,0.9576304088739037
2024,05,SVN.9.13_1,0.660245183887916,0.9692698282728087
2024,05,SVN.9.21_1,0.63922942206655,0.9628603221651623
2024,05,SVN.9.22_1,0.6077057793345009,0.9520315120835025
2024,05,SVN.9.5_1,0.6304728546409808,0.96
2024,05,SVN.9.8_1,0.6514886164623468,0.9666767815562759
2024,05,SVN.9.9_1,0.6777583187390543,0.9741273017424364
2024,05,SWE.1.1_1,0.5586690017513135,0.9321780945720619
2024,05,SWE.1.2_1,0.586690017513135,0.9439809320108113
2024,05,SWE.1.3_1,0.5534150612959721,0.9298257901349047
2024,05,SWE.1.4_1,0.5359019264448337,0.9216593730874764
2024,05,SWE.1.5_1,0.6217162872154116,0.9570266453970862
2024,05,SWE.10.1_1,0.38704028021015763,0.8298409486160585
2024,05,SWE.10.10_1,0.34676007005253945,0.7969843160313759
2024,05,SWE.10.11_1,0.33625218914185645,0.7877461520058349
2024,05,SWE.10.12_1,0.40630472854640987,0.8442179813294668
2024,05,SWE.10.13_1,0.415061295971979,0.8504845677612263
2024,05,SWE.10.14_1,0.43257443082311736,0.8625334776111592
2024,05,SWE.10.2_1,0.5061295971978984,0.9065958305661901
2024,05,SWE.10.3_1,0.4711033274956218,0.8868799242287537
2024,05,SWE.10.6_1,0.4028021015761822,0.8416650165000324
2024,05,SWE.10.7_1,0.4938704028021016,0.8999466650863261
2024,05,SWE.10.8_1,0.3887915936952715,0.8311822904754408
2024,05,SWE.10.9_1,0.48686514886164634,0.8960267853139213
2024,05,SWE.11.1_1,0.4991243432574431,0.9028288874421332
2024,05,SWE.11.10_1,0.4115586690017513,0.8479976415061541
2024,05,SWE.11.11_1,0.4185639229422067,0.8529454847761373
2024,05,SWE.11.12_1,0.45008756567425573,0.8739588090980032
2024,05,SWE.11.2_1,0.47810858143607715,0.8910016835000931
2024,05,SWE.11.3_1,0.42206654991243436,0.8553806170354809
2024,05,SWE.11.4_1,0.4535901926444834,0.8761712161444246
2024,05,SWE.11.5_1,0.4430823117338004,0.8694619025581282
2024,05,SWE.11.6_1,0.4483362521891419,0.8728436286070947
2024,05,SWE.11.7_1,0.4816112084063048,0.8930285549745876
2024,05,SWE.11.8_1,0.43082311733800355,0.8613570688164114
2024,05,SWE.11.9_1,0.43782837127845886,0.8660254037844386
2024,05,SWE.12.1_1,0.56217162872154125,0.9337215859130601
2024,05,SWE.12.10_1,0.5359019264448337,0.9216593730874764
2024,05,SWE.12.11_1,0.5551663747810859,0.9306148505155073
2024,05,SWE.12.12_1,0.6164623467600701,0.955187939622355
2024,05,SWE.12.13_1,0.5148861646234676,0.9111838453352868
2024,05,SWE.12.2_1,0.49211908931698783,0.8989749718429317
2024,05,SWE.12.3_1,0.48336252189141865,0.8940335564172074
2024,05,SWE.12.4_1,0.46935201401050797,0.885835199120017
2024,05,SWE.12.5_1,0.5201401050788091,0.9138730765264944
2024,05,SWE.12.6_1,0.47985989492119097,0.8920179370393849
2024,05,SWE.12.7_1,0.4956217162872154,0.9009128703709366
2024,05,SWE.12.8_1,0.5516637478108581,0.9290317540321213
2024,05,SWE.12.9_1,0.5394045534150613,0.923333092659415
2024,05,SWE.13.1_1,0.5499124343257443,0.9282327294380435
2024,05,SWE.13.10_1,0.5516637478108581,0.9290317540321213
2024,05,SWE.13.11_1,0.56217162872154125,0.9337215859130601
2024,05,SWE.13.12_1,0.62697022767075306,0.9588242800430119
2024,05,SWE.13.13_1,0.5884413309982488,0.9446777228240327
2024,05,SWE.13.14_1,0.5394045534150613,0.923333092659415
2024,05,SWE.13.15_1,0.62697022767075306,0.9588242800430119
2024,05,SWE.13.16_1,0.597197898423818,0.9480907129594721
2024,05,SWE.13.17_1,0.6164623467600701,0.955187939622355
2024,05,SWE.13.18_1,0.6532399299474606,0.9672042183530839
2024,05,SWE.13.19_1,0.6199649737302978,0.9564183185196736
2024,05,SWE.13.2_1,0.542907180385289,0.9249864863877743
2024,05,SWE.13.20_1,0.542907180385289,0.9249864863877743
2024,05,SWE.13.21_1,0.5236427320490368,0.9156396671180208
2024,05,SWE.13.22_1,0.5499124343257443,0.9282327294380435
2024,05,SWE.13.23_1,0.5394045534150613,0.923333092659415
2024,05,SWE.13.24_1,0.6847635726795097,0.9759487691472335
2024,05,SWE.13.25_1,0.6549912434325745,0.9677272342969376
2024,05,SWE.13.26_1,0.5814360770577934,0.9418619856433319
2024,05,SWE.13.27_1,0.5954465849387042,0.9474175425861608
2024,05,SWE.13.28_1,0.586690017513135,0.9439809320108113
2024,05,SWE.13.29_1,0.6077057793345009,0.9520315120835025
2024,05,SWE.13.3_1,0.5271453590192645,0.9173854151881858
2024,05,SWE.13.30_1,0.6462346760070053,0.965067873260736
2024,05,SWE.13.31_1,0.6304728546409808,0.96
2024,05,SWE.13.32_1,0.6532399299474606,0.9672042183530839
2024,05,SWE.13.33_1,0.6357267950963222,0.9617296917533533
2024,05,SWE.13.4_1,0.5481611208406305,0.9274287034591931
2024,05,SWE.13.5_1,0.5884413309982488,0.9446777228240327
2024,05,SWE.13.6_1,0.5744308231173381,0.9389696480717574
2024,05,SWE.13.7_1,0.5901926444833626,0.9453697689264238
2024,05,SWE.13.8_1,0.5376532399299475,0.9224987804869988
2024,05,SWE.13.9_1,0.5131348511383538,0.9102768809543611
2024,05,SWE.14.1_1,0.4518388791593696,0.8750679973579196
2024,05,SWE.14.2_1,0.42206654991243436,0.8553806170354809
2024,05,SWE.14.3_1,0.47810858143607715,0.8910016835000931
2024,05,SWE.14.4_1,0.4658493870402803,0.883728465084157
2024,05,SWE.14.5_1,0.4605954465849388,0.8805248434882459
2024,05,SWE.14.6_1,0.47985989492119097,0.8920179370393849
2024,05,SWE.14.7_1,0.38704028021015763,0.8298409486160585
2024,05,SWE.14.8_1,0.4483362521891419,0.8728436286070947
2024,05,SWE.14.9_1,0.42206654991243436,0.8553806170354809
2024,05,SWE.15.1_1,0.47810858143607715,0.8910016835000931
2024,05,SWE.15.10_1,0.4588441330998249,0.8794452797076121
2024,05,SWE.15.11_1,0.5236427320490368,0.9156396671180208
2024,05,SWE.15.12_1,0.4711033274956218,0.8868799242287537
2024,05,SWE.15.13_1,0.48861646234676015,0.8970150500409678
2024,05,SWE.15.14_1,0.43432574430823123,0.8637036528810099
2024,05,SWE.15.15_1,0.4623467600700526,0.8815985480931783
2024,05,SWE.15.16_1,0.43957968476357273,0.867177029216065
2024,05,SWE.15.17_1,0.4640980735551664,0.8826664149042944
2024,05,SWE.15.18_1,0.5148861646234676,0.9111838453352868
2024,05,SWE.15.19_1,0.4623467600700526,0.8815985480931783
2024,05,SWE.15.2_1,0.4938704028021016,0.8999466650863261
2024,05,SWE.15.20_1,0.4430823117338004,0.8694619025581282
2024,05,SWE.15.21_1,0.5148861646234676,0.9111838453352868
2024,05,SWE.15.22_1,0.3992994746059545,0.8390852161729463
2024,05,SWE.15.23_1,0.415061295971979,0.8504845677612263
2024,05,SWE.15.24_1,0.4518388791593696,0.8750679973579196
2024,05,SWE.15.25_1,0.5341506129597198,0.920814856526544
2024,05,SWE.15.26_1,0.5236427320490368,0.9156396671180208
2024,05,SWE.15.3_1,0.4238178633975482,0.8565885826929985
2024,05,SWE.15.4_1,0.5394045534150613,0.923333092659415
2024,05,SWE.15.5_1,0.490367775831874,0.8979977728257459
2024,05,SWE.15.6_1,0.42206654991243436,0.8553806170354809
2024,05,SWE.15.7_1,0.5253940455341506,0.916515138991168
2024,05,SWE.15.8_1,0.48511383537653247,0.8950329602869382
2024,05,SWE.15.9_1,0.45008756567425573,0.8739588090980032
2024,05,SWE.16.1_1,0.38353765323993,0.8271372316611071
2024,05,SWE.16.2_1,0.3992994746059545,0.8390852161729463
2024,05,SWE.16.3_1,0.3905429071803853,0.8325166664998365
2024,05,SWE.16.4_1,0.38704028021015763,0.8298409486160585
2024,05,SWE.16.5_1,0.3905429071803853,0.8325166664998365
2024,05,SWE.16.6_1,0.3905429071803853,0.8325166664998365
2024,05,SWE.16.7_1,0.35726795096322245,0.8059379628730737
2024,05,SWE.17.1_1,0.44133099824868655,0.8683225207260261
2024,05,SWE.17.10_1,0.4430823117338004,0.8694619025581282
2024,05,SWE.17.11_1,0.47985989492119097,0.8920179370393849
2024,05,SWE.17.12_1,0.38353765323993,0.8271372316611071
2024,05,SWE.17.13_1,0.5096322241681261,0.9084470265238365
2024,05,SWE.17.14_1,0.40105078809106837,0.8403784861596588
2024,05,SWE.17.15_1,0.4728546409807356,0.8879189152169246
2024,05,SWE.17.16_1,0.36952714535901926,0.8160367638777066
2024,05,SWE.17.2_1,0.4728546409807356,0.8879189152169246
2024,05,SWE.17.3_1,0.44658493870402804,0.8717224328879003
2024,05,SWE.17.4_1,0.3747810858143608,0.820253619315392
2024,05,SWE.17.5_1,0.44483362521891423,0.8705951987002916
2024,05,SWE.17.6_1,0.49211908931698783,0.8989749718429317
2024,05,SWE.17.7_1,0.4238178633975482,0.8565885826929985
2024,05,SWE.17.8_1,0.48861646234676015,0.8970150500409678
2024,05,SWE.17.9_1,0.42556917688266205,0.8577901841359576
2024,05,SWE.18.1_1,0.36952714535901926,0.8160367638777066
2024,05,SWE.18.10_1,0.4640980735551664,0.8826664149042944
2024,05,SWE.18.11_1,0.45534150612959723,0.8772684879784524
2024,05,SWE.18.14_1,0.4133099824868652,0.84924437001372
2024,05,SWE.18.15_1,0.40105078809106837,0.8403784861596588
2024,05,SWE.18.2_1,0.35901926444833626,0.807403244977378
2024,05,SWE.18.4_1,0.38353765323993,0.8271372316611071
2024,05,SWE.18.5_1,0.38704028021015763,0.8298409486160585
2024,05,SWE.18.6_1,0.37828371278458844,0.8230285535751478
2024,05,SWE.18.7_1,0.36252189141856395,0.8103110513870584
2024,05,SWE.19.1_1,0.35726795096322245,0.8059379628730737
2024,05,SWE.19.3_1,0.4028021015761822,0.8416650165000324
2024,05,SWE.19.4_1,0.36777583187390545,0.814616474176652
2024,05,SWE.19.5_1,0.3922942206654992,0.8338441101309045
2024,05,SWE.19.6_1,0.4168126094570928,0.8517182632772413
2024,05,SWE.19.7_1,0.4133099824868652,0.84924437001372
2024,05,SWE.2.10_1,0.4115586690017513,0.8479976415061541
2024,05,SWE.2.11_1,0.42732049036777586,0.8589854480723175
2024,05,SWE.2.12_1,0.38178633975481613,0.8257747876994065
2024,05,SWE.2.13_1,0.4238178633975482,0.8565885826929985
2024,05,SWE.2.14_1,0.36777583187390545,0.814616474176652
2024,05,SWE.2.2_1,0.3992994746059545,0.8390852161729463
2024,05,SWE.2.3_1,0.44658493870402804,0.8717224328879003
2024,05,SWE.2.4_1,0.3975481611208407,0.8377851753283774
2024,05,SWE.2.5_1,0.34676007005253945,0.7969843160313759
2024,05,SWE.2.7_1,0.4028021015761822,0.8416650165000324
2024,05,SWE.2.8_1,0.4430823117338004,0.8694619025581282
2024,05,SWE.2.9_1,0.4185639229422067,0.8529454847761373
2024,05,SWE.20.1_1,0.4483362521891419,0.8728436286070947
2024,05,SWE.20.10_1,0.40105078809106837,0.8403784861596588
2024,05,SWE.20.11_1,0.40630472854640987,0.8442179813294668
2024,05,SWE.20.2_1,0.3922942206654992,0.8338441101309045
2024,05,SWE.20.3_1,0.43432574430823123,0.8637036528810099
2024,05,SWE.20.4_1,0.42556917688266205,0.8577901841359576
2024,05,SWE.20.5_1,0.3992994746059545,0.8390852161729463
2024,05,SWE.20.6_1,0.4483362521891419,0.8728436286070947
2024,05,SWE.20.7_1,0.40105078809106837,0.8403784861596588
2024,05,SWE.20.8_1,0.40455341506129605,0.8429448380528823
2024,05,SWE.20.9_1,0.4115586690017513,0.8479976415061541
2024,05,SWE.21.1_1,0.521891418563923,0.9147589846511485
2024,05,SWE.21.10_1,0.5271453590192645,0.9173854151881858
2024,05,SWE.21.11_1,0.5166374781085814,0.9120855223058855
2024,05,SWE.21.12_1,0.5183887915936953,0.9129819275319747
2024,05,SWE.21.13_1,0.5376532399299475,0.9224987804869988
2024,05,SWE.21.14_1,0.4956217162872154,0.9009128703709366
2024,05,SWE.21.15_1,0.5061295971978984,0.9065958305661901
2024,05,SWE.21.16_1,0.4570928196147111,0.8783598351473045
2024,05,SWE.21.17_1,0.51138353765324,0.909364613342745
2024,05,SWE.21.18_1,0.5166374781085814,0.9120855223058855
2024,05,SWE.21.19_1,0.521891418563923,0.9147589846511485
2024,05,SWE.21.2_1,0.47810858143607715,0.8910016835000931
2024,05,SWE.21.20_1,0.5394045534150613,0.923333092659415
2024,05,SWE.21.21_1,0.5061295971978984,0.9065958305661901
2024,05,SWE.21.22_1,0.5936952714535902,0.9467396685467447
2024,05,SWE.21.23_1,0.5096322241681261,0.9084470265238365
2024,05,SWE.21.24_1,0.5674255691768827,0.936
2024,05,SWE.21.25_1,0.5744308231173381,0.9389696480717574
2024,05,SWE.21.26_1,0.4711033274956218,0.8868799242287537
2024,05,SWE.21.27_1,0.5516637478108581,0.9290317540321213
2024,05,SWE.21.28_1,0.4816112084063048,0.8930285549745876
2024,05,SWE.21.29_1,0.5236427320490368,0.9156396671180208
2024,05,SWE.21.3_1,0.5814360770577934,0.9418619856433319
2024,05,SWE.21.30_1,0.47460595446584947,0.8889521921903337
2024,05,SWE.21.32_1,0.521891418563923,0.9147589846511485
2024,05,SWE.21.33_1,0.44133099824868655,0.8683225207260261
2024,05,SWE.21.34_1,0.42556917688266205,0.8577901841359576
2024,05,SWE.21.35_1,0.4816112084063048,0.8930285549745876
2024,05,SWE.21.36_1,0.532399299474606,0.9199652167337633
2024,05,SWE.21.37_1,0.5026269702276708,0.9047231620777706
2024,05,SWE.21.38_1,0.45008756567425573,0.8739588090980032
2024,05,SWE.21.39_1,0.48686514886164634,0.8960267853139213
2024,05,SWE.21.4_1,0.4570928196147111,0.8783598351473045
2024,05,SWE.21.40_1,0.4816112084063048,0.8930285549745876
2024,05,SWE.21.41_1,0.4938704028021016,0.8999466650863261
2024,05,SWE.21.42_1,0.51138353765324,0.909364613342745
2024,05,SWE.21.43_1,0.5446584938704029,0.9258055951440345
2024,05,SWE.21.44_1,0.48336252189141865,0.8940335564172074
2024,05,SWE.21.45_1,0.4658493870402803,0.883728465084157
2024,05,SWE.21.46_1,0.5078809106830122,0.9075241043630743
2024,05,SWE.21.47_1,0.5306479859894921,0.9191104395011516
2024,05,SWE.21.48_1,0.5183887915936953,0.9129819275319747
2024,05,SWE.21.49_1,0.5026269702276708,0.9047231620777706
2024,05,SWE.21.5_1,0.5148861646234676,0.9111838453352868
2024,05,SWE.21.50_1,0.4711033274956218,0.8868799242287537
2024,05,SWE.21.51_1,0.5148861646234676,0.9111838453352868
2024,05,SWE.21.6_1,0.4763572679509633,0.8899797750510963
2024,05,SWE.21.7_1,0.44658493870402804,0.8717224328879003
2024,05,SWE.21.8_1,0.48861646234676015,0.8970150500409678
2024,05,SWE.21.9_1,0.45534150612959723,0.8772684879784524
2024,05,SWE.3.1_1,0.38704028021015763,0.8298409486160585
2024,05,SWE.3.10_1,0.4028021015761822,0.8416650165000324
2024,05,SWE.3.2_1,0.4080560420315237,0.8454844764985339
2024,05,SWE.3.3_1,0.42732049036777586,0.8589854480723175
2024,05,SWE.3.4_1,0.43782837127845886,0.8660254037844386
2024,05,SWE.3.5_1,0.38178633975481613,0.8257747876994065
2024,05,SWE.3.6_1,0.4535901926444834,0.8761712161444246
2024,05,SWE.3.7_1,0.36952714535901926,0.8160367638777066
2024,05,SWE.3.8_1,0.40630472854640987,0.8442179813294668
2024,05,SWE.3.9_1,0.415061295971979,0.8504845677612263
2024,05,SWE.4.1_1,0.542907180385289,0.9249864863877743
2024,05,SWE.5.1_1,0.51138353765324,0.909364613342745
2024,05,SWE.5.2_1,0.48861646234676015,0.8970150500409678
2024,05,SWE.5.3_1,0.4973730297723292,0.9018736053350269
2024,05,SWE.5.4_1,0.48511383537653247,0.8950329602869382
2024,05,SWE.5.5_1,0.5271453590192645,0.9173854151881858
2024,05,SWE.5.6_1,0.46935201401050797,0.885835199120017
2024,05,SWE.6.1_1,0.4711033274956218,0.8868799242287537
2024,05,SWE.6.2_1,0.39579684763572687,0.8364783320564855
2024,05,SWE.6.3_1,0.38353765323993,0.8271372316611071
2024,05,SWE.6.4_1,0.42732049036777586,0.8589854480723175
2024,05,SWE.6.5_1,0.46935201401050797,0.885835199120017
2024,05,SWE.6.6_1,0.394045534150613,0.8351646544245033
2024,05,SWE.6.7_1,0.3922942206654992,0.8338441101309045
2024,05,SWE.6.8_1,0.4290718038528897,0.8601744009211155
2024,05,SWE.7.1_1,0.48336252189141865,0.8940335564172074
2024,05,SWE.7.10_1,0.4588441330998249,0.8794452797076121
2024,05,SWE.7.11_1,0.47985989492119097,0.8920179370393849
2024,05,SWE.7.2_1,0.4763572679509633,0.8899797750510963
2024,05,SWE.7.3_1,0.5061295971978984,0.9065958305661901
2024,05,SWE.7.4_1,0.4430823117338004,0.8694619025581282
2024,05,SWE.7.5_1,0.48861646234676015,0.8970150500409678
2024,05,SWE.7.6_1,0.4938704028021016,0.8999466650863261
2024,05,SWE.7.7_1,0.5376532399299475,0.9224987804869988
2024,05,SWE.7.8_1,0.4623467600700526,0.8815985480931783
2024,05,SWE.7.9_1,0.490367775831874,0.8979977728257459
2024,05,SWE.8.1_1,0.7250437828371279,0.9850969495435462
2024,05,SWE.8.10_1,0.5534150612959721,0.9298257901349047
2024,05,SWE.8.11_1,0.5288966725043783,0.918250510481753
2024,05,SWE.8.12_1,0.51138353765324,0.909364613342745
2024,05,SWE.8.2_1,0.5341506129597198,0.920814856526544
2024,05,SWE.8.3_1,0.5061295971978984,0.9065958305661901
2024,05,SWE.8.4_1,0.5026269702276708,0.9047231620777706
2024,05,SWE.8.5_1,0.5288966725043783,0.918250510481753
2024,05,SWE.8.6_1,0.5499124343257443,0.9282327294380435
2024,05,SWE.8.7_1,0.6549912434325745,0.9677272342969376
2024,05,SWE.8.8_1,0.521891418563923,0.9147589846511485
2024,05,SWE.8.9_1,0.542907180385289,0.9249864863877743
2024,05,SWE.9.1_1,0.5096322241681261,0.9084470265238365
2024,05,SWE.9.2_1,0.5131348511383538,0.9102768809543611
2024,05,SWE.9.3_1,0.5271453590192645,0.9173854151881858
2024,05,SWE.9.4_1,0.46935201401050797,0.885835199120017
2024,05,SWE.9.5_1,0.500875656742557,0.9037787339830473
2024,05,SWE.9.6_1,0.500875656742557,0.9037787339830473
2024,05,SWE.9.7_1,0.47810858143607715,0.8910016835000931
2024,05,SWE.9.8_1,0.500875656742557,0.9037787339830473
2024,05,TUR.1.1_1,0.5919439579684764,0.946057080730333
2024,05,TUR.1.10_1,0.7162872154115587,0.9832985304575615
2024,05,TUR.1.11_1,0.5446584938704029,0.9258055951440345
2024,05,TUR.1.12_1,0.8143607705779335,0.9975469913743412
2024,05,TUR.1.13_1,0.7758318739054292,0.9934807496876826
2024,05,TUR.1.2_1,0.7443082311733801,0.9886859966642594
2024,05,TUR.1.3_1,0.6042031523642732,0.9507365565707464
2024,05,TUR.1.4_1,0.712784588441331,0.9825497442877892
2024,05,TUR.1.5_1,0.670753064798599,0.9722365967191319
2024,05,TUR.1.6_1,0.8231173380035026,0.9981983770774224
2024,05,TUR.1.7_1,0.7162872154115587,0.9832985304575615
2024,05,TUR.1.8_1,0.5376532399299475,0.9224987804869988
2024,05,TUR.1.9_1,0.5481611208406305,0.9274287034591931
2024,05,TUR.10.1_1,0.5026269702276708,0.9047231620777706
2024,05,TUR.10.2_1,0.7320490367775833,0.98646033878712025
2024,05,TUR.10.3_1,0.6847635726795097,0.9759487691472335
2024,05,TUR.10.4_1,0.8108581436077059,0.9972582413798344
2024,05,TUR.10.5_1,0.6760070052539405,0.9736611320166786
2024,05,TUR.10.6_1,0.660245183887916,0.9692698282728087
2024,05,TUR.10.7_1,0.5814360770577934,0.9418619856433319
2024,05,TUR.10.8_1,0.5586690017513135,0.9321780945720619
2024,05,TUR.14.4_1,0.4570928196147111,0.8783598351473045
2024,05,TUR.14.6_1,0.4938704028021016,0.8999466650863261
2024,05,TUR.15.3_1,0.4816112084063048,0.8930285549745876
2024,05,TUR.16.2_1,0.5569176882661997,0.931398947819891
2024,05,TUR.16.5_1,0.6304728546409808,0.96
2024,05,TUR.17.3_1,0.48686514886164634,0.8960267853139213
2024,05,TUR.17.8_1,0.4570928196147111,0.8783598351473045
2024,05,TUR.18.1_1,0.48861646234676015,0.8970150500409678
2024,05,TUR.18.2_1,0.48686514886164634,0.8960267853139213
2024,05,TUR.18.3_1,0.5166374781085814,0.9120855223058855
2024,05,TUR.18.4_1,0.48861646234676015,0.8970150500409678
2024,05,TUR.18.5_1,0.4711033274956218,0.8868799242287537
2024,05,TUR.18.6_1,0.5026269702276708,0.9047231620777706
2024,05,TUR.18.7_1,0.48511383537653247,0.8950329602869382
2024,05,TUR.19.3_1,0.5849387040280211,0.9432793859721519
2024,05,TUR.2.1_1,0.40455341506129605,0.8429448380528823
2024,05,TUR.2.2_1,0.40455341506129605,0.8429448380528823
2024,05,TUR.2.3_1,0.43257443082311736,0.8625334776111592
2024,05,TUR.2.4_1,0.4640980735551664,0.8826664149042944
2024,05,TUR.2.5_1,0.42206654991243436,0.8553806170354809
2024,05,TUR.2.6_1,0.42732049036777586,0.8589854480723175
2024,05,TUR.2.7_1,0.43082311733800355,0.8613570688164114
2024,05,TUR.2.8_1,0.43607705779334505,0.8648676199280442
2024,05,TUR.2.9_1,0.38178633975481613,0.8257747876994065
2024,05,TUR.20.2_1,0.3537653239929948,0.8029844332239573
2024,05,TUR.20.3_1,0.42732049036777586,0.8589854480723175
2024,05,TUR.20.4_1,0.2907180385288967,0.744161272843461
2024,05,TUR.20.8_1,0.34150612959719795,0.7924014134263013
2024,05,TUR.21.14_1,0.6654991243432575,0.9707728879609279
2024,05,TUR.21.6_1,0.62697022767075306,0.9588242800430119
2024,05,TUR.26.13_1,0.4483362521891419,0.8728436286070947
2024,05,TUR.26.4_1,0.3800350262697023,0.8244052401580184
2024,05,TUR.27.1_1,0.7390542907180385,0.9877570551507087
2024,05,TUR.28.3_1,0.5394045534150613,0.923333092659415
2024,05,TUR.28.6_1,0.5043782837127846,0.905662188677434
2024,05,TUR.28.7_1,0.5464098073555167,0.9266196630764966
2024,05,TUR.28.9_1,0.5236427320490368,0.9156396671180208
2024,05,TUR.30.8_1,0.45008756567425573,0.8739588090980032
2024,05,TUR.31.1_1,0.415061295971979,0.8504845677612263
2024,05,TUR.31.10_1,0.4570928196147111,0.8783598351473045
2024,05,TUR.31.11_1,0.5236427320490368,0.9156396671180208
2024,05,TUR.31.12_1,0.4711033274956218,0.8868799242287537
2024,05,TUR.31.13_1,0.4973730297723292,0.9018736053350269
2024,05,TUR.31.14_1,0.43082311733800355,0.8613570688164114
2024,05,TUR.31.15_1,0.49211908931698783,0.8989749718429317
2024,05,TUR.31.16_1,0.5183887915936953,0.9129819275319747
2024,05,TUR.31.17_1,0.4203152364273205,0.8541662601625049
2024,05,TUR.31.18_1,0.43432574430823123,0.8637036528810099
2024,05,TUR.31.19_1,0.4570928196147111,0.8783598351473045
2024,05,TUR.31.2_1,0.4728546409807356,0.8879189152169246
2024,05,TUR.31.3_1,0.51138353765324,0.909364613342745
2024,05,TUR.31.4_1,0.42206654991243436,0.8553806170354809
2024,05,TUR.31.5_1,0.4290718038528897,0.8601744009211155
2024,05,TUR.31.6_1,0.5061295971978984,0.9065958305661901
2024,05,TUR.31.7_1,0.4763572679509633,0.8899797750510963
2024,05,TUR.31.8_1,0.4605954465849388,0.8805248434882459
2024,05,TUR.31.9_1,0.4676007005253941,0.8847847195787232
2024,05,TUR.33.1_1,0.43607705779334505,0.8648676199280442
2024,05,TUR.33.2_1,0.6357267950963222,0.9617296917533533
2024,05,TUR.33.4_1,0.35551663747810863,0.8044650396381436
2024,05,TUR.34.1_1,0.4991243432574431,0.9028288874421332
2024,05,TUR.34.10_1,0.6812609457092821,0.975046665549911
2024,05,TUR.34.11_1,0.8371278458844134,0.9990315310339308
2024,05,TUR.34.12_1,0.7583187390542908,0.9909813318120578
2024,05,TUR.34.13_1,0.8038528896672505,0.996632329397356
2024,05,TUR.34.14_1,0.4956217162872154,0.9009128703709366
2024,05,TUR.34.15_1,0.7793345008756568,0.993931587182941
2024,05,TUR.34.16_1,0.7373029772329247,0.987439112046915
2024,05,TUR.34.2_1,0.7425569176882663,0.9883804935347521
2024,05,TUR.34.3_1,0.4623467600700526,0.8815985480931783
2024,05,TUR.34.4_1,0.7530647985989493,0.990151503558925
2024,05,TUR.34.5_1,0.7197898423817863,0.9840304873325826
2024,05,TUR.34.6_1,0.7092819614711035,0.9817840903172144
2024,05,TUR.34.7_1,0.7810858143607706,0.9941508939793798
2024,05,TUR.34.8_1,0.7565674255691769,0.9907088371464141
2024,05,TUR.34.9_1,0.8038528896672505,0.996632329397356
2024,05,TUR.35.3_1,0.6304728546409808,0.96
2024,05,TUR.35.4_1,0.5499124343257443,0.9282327294380435
2024,05,TUR.35.5_1,0.4640980735551664,0.8826664149042944
2024,05,TUR.35.6_1,0.5411558669001751,0.9241623234042816
2024,05,TUR.37.1_1,0.6987740805604205,0.9793855216409929
2024,05,TUR.37.10_1,0.597197898423818,0.9480907129594721
2024,05,TUR.37.11_1,0.76707530647986,0.9922822179198819
2024,05,TUR.37.12_1,0.6935201401050789,0.9781288258711119
2024,05,TUR.37.2_1,0.7040280210157619,0.9806038955664005
2024,05,TUR.37.3_1,0.6882661996497373,0.976833660353696
2024,05,TUR.37.4_1,0.7443082311733801,0.9886859966642594
2024,05,TUR.37.5_1,0.628721541155867,0.9594144047282176
2024,05,TUR.37.6_1,0.7232924693520141,0.9847456524402634
2024,05,TUR.37.7_1,0.6427320490367776,0.9639730286683336
2024,05,TUR.37.8_1,0.5674255691768827,0.936
2024,05,TUR.37.9_1,0.7548161120840631,0.9904322288778774
2024,05,TUR.38.1_1,0.48861646234676015,0.8970150500409678
2024,05,TUR.38.2_1,0.5341506129597198,0.920814856526544
2024,05,TUR.38.3_1,0.542907180385289,0.9249864863877743
2024,05,TUR.38.4_1,0.4973730297723292,0.9018736053350269
2024,05,TUR.39.10_1,0.5043782837127846,0.905662188677434
2024,05,TUR.4.2_1,0.48686514886164634,0.8960267853139213
2024,05,TUR.4.3_1,0.4728546409807356,0.8879189152169246
2024,05,TUR.4.5_1,0.4711033274956218,0.8868799242287537
2024,05,TUR.4.8_1,0.4658493870402803,0.883728465084157
2024,05,TUR.40.11_1,0.6252189141856392,0.9582296175760798
2024,05,TUR.40.12_1,0.670753064798599,0.9722365967191319
2024,05,TUR.40.13_1,0.7057793345008757,0.9810015290507961
2024,05,TUR.40.14_1,0.6742556917688267,0.9731906288081488
2024,05,TUR.40.15_1,0.6777583187390543,0.9741273017424364
2024,05,TUR.40.16_1,0.6112084063047285,0.9533079250693346
2024,05,TUR.40.17_1,0.6164623467600701,0.955187939622355
2024,05,TUR.40.18_1,0.6672504378283713,0.9712651543219287
2024,05,TUR.40.19_1,0.6427320490367776,0.9639730286683336
2024,05,TUR.40.2_1,0.6322241681260946,0.9605810741421048
2024,05,TUR.40.21_1,0.62697022767075306,0.9588242800430119
2024,05,TUR.40.23_1,0.7022767075306481,0.9802020199938377
2024,05,TUR.40.25_1,0.7092819614711035,0.9817840903172144
2024,05,TUR.40.26_1,0.7005253940455343,0.9797958971132712
2024,05,TUR.40.27_1,0.7110332749562173,0.9821690282227392
2024,05,TUR.40.28_1,0.6584938704028022,0.9687600322061186
2024,05,TUR.40.29_1,0.6042031523642732,0.9507365565707464
2024,05,TUR.40.3_1,0.63922942206655,0.9628603221651623
2024,05,TUR.40.31_1,0.6917688266199651,0.9777013859047148
2024,05,TUR.40.33_1,0.6304728546409808,0.96
2024,05,TUR.40.34_1,0.6690017513134852,0.9717530550505102
2024,05,TUR.40.35_1,0.6690017513134852,0.9717530550505102
2024,05,TUR.40.36_1,0.6514886164623468,0.9666767815562759
2024,05,TUR.40.37_1,0.6725043782837129,0.9727157858285225
2024,05,TUR.40.39_1,0.6409807355516638,0.9634189120003821
2024,05,TUR.40.4_1,0.7075306479859896,0.9813949256033475
2024,05,TUR.40.5_1,0.6742556917688267,0.9731906288081488
2024,05,TUR.40.6_1,0.6725043782837129,0.9727157858285225
2024,05,TUR.40.7_1,0.6830122591943959,0.9754998718605759
2024,05,TUR.40.8_1,0.6182136602451839,0.9558054195284729
2024,05,TUR.42.2_1,0.6637478108581437,0.970276249322841
2024,05,TUR.42.6_1,0.5359019264448337,0.9216593730874764
2024,05,TUR.42.8_1,0.44658493870402804,0.8717224328879003
2024,05,TUR.42.9_1,0.48861646234676015,0.8970150500409678
2024,05,TUR.44.6_1,0.4991243432574431,0.9028288874421332
2024,05,TUR.45.1_1,0.5569176882661997,0.931398947819891
2024,05,TUR.45.2_1,0.5569176882661997,0.931398947819891
2024,05,TUR.45.3_1,0.5236427320490368,0.9156396671180208
2024,05,TUR.45.4_1,0.4623467600700526,0.8815985480931783
2024,05,TUR.45.5_1,0.51138353765324,0.909364613342745
2024,05,TUR.45.6_1,0.5253940455341506,0.916515138991168
2024,05,TUR.45.7_1,0.5236427320490368,0.9156396671180208
2024,05,TUR.47.3_1,0.48336252189141865,0.8940335564172074
2024,05,TUR.50.2_1,0.7565674255691769,0.9907088371464141
2024,05,TUR.50.3_1,0.6357267950963222,0.9617296917533533
2024,05,TUR.50.5_1,0.6112084063047285,0.9533079250693346
2024,05,TUR.52.1_1,0.7005253940455343,0.9797958971132712
2024,05,TUR.52.2_1,0.6094570928196147,0.9526720317087093
2024,05,TUR.52.3_1,0.6760070052539405,0.9736611320166786
2024,05,TUR.52.4_1,0.7460595446584939,0.9889873608899156
2024,05,TUR.52.5_1,0.6532399299474606,0.9672042183530839
2024,05,TUR.52.6_1,0.7162872154115587,0.9832985304575615
2024,05,TUR.52.7_1,0.6549912434325745,0.9677272342969376
2024,05,TUR.53.11_1,0.4658493870402803,0.883728465084157
2024,05,TUR.53.16_1,0.4570928196147111,0.8783598351473045
2024,05,TUR.53.27_1,0.47460595446584947,0.8889521921903337
2024,05,TUR.55.12_1,0.4185639229422067,0.8529454847761373
2024,05,TUR.55.14_1,0.37828371278458844,0.8230285535751478
2024,05,TUR.55.6_1,0.415061295971979,0.8504845677612263
2024,05,TUR.58.1_1,0.5936952714535902,0.9467396685467447
2024,05,TUR.58.10_1,0.6882661996497373,0.976833660353696
2024,05,TUR.58.7_1,0.5639229422066551,0.9344859549506349
2024,05,TUR.59.4_1,0.3887915936952715,0.8311822904754408
2024,05,TUR.60.1_1,0.490367775831874,0.8979977728257459
2024,05,TUR.60.2_1,0.5201401050788091,0.9138730765264944
2024,05,TUR.60.3_1,0.5253940455341506,0.916515138991168
2024,05,TUR.60.4_1,0.4991243432574431,0.9028288874421332
2024,05,TUR.60.5_1,0.5341506129597198,0.920814856526544
2024,05,TUR.60.6_1,0.4938704028021016,0.8999466650863261
2024,05,TUR.62.3_1,0.5131348511383538,0.9102768809543611
2024,05,TUR.62.6_1,0.45008756567425573,0.8739588090980032
2024,05,TUR.63.10_1,0.7478108581436077,0.9892845899942038
2024,05,TUR.63.14_1,0.777583187390543,0.9937082066683358
2024,05,TUR.63.15_1,0.63922942206655,0.9628603221651623
2024,05,TUR.63.7_1,0.8073555166374782,0.9969533589892758
2024,05,TUR.64.4_1,0.7022767075306481,0.9802020199938377
2024,05,TUR.64.5_1,0.7022767075306481,0.9802020199938377
2024,05,TUR.64.6_1,0.7373029772329247,0.987439112046915
2024,05,TUR.64.7_1,0.7530647985989493,0.990151503558925
2024,05,TUR.65.1_1,0.7565674255691769,0.9907088371464141
2024,05,TUR.65.10_1,0.788091068301226,0.99498743710662
2024,05,TUR.65.11_1,0.7530647985989493,0.990151503558925
2024,05,TUR.65.12_1,0.7740805604203153,0.9932492134404135
2024,05,TUR.65.2_1,0.6532399299474606,0.9672042183530839
2024,05,TUR.65.3_1,0.7197898423817863,0.9840304873325826
2024,05,TUR.65.4_1,0.7863397548161122,0.9947843987518099
2024,05,TUR.65.5_1,0.7110332749562173,0.9821690282227392
2024,05,TUR.65.6_1,0.7793345008756568,0.993931587182941
2024,05,TUR.65.7_1,0.7863397548161122,0.9947843987518099
2024,05,TUR.65.8_1,0.6427320490367776,0.9639730286683336
2024,05,TUR.65.9_1,0.8108581436077059,0.9972582413798344
2024,05,TUR.66.1_1,0.7320490367775833,0.98646033878712025
2024,05,TUR.66.10_1,0.6549912434325745,0.9677272342969376
2024,05,TUR.66.11_1,0.7705779334500876,0.9927738916792685
2024,05,TUR.66.12_1,0.7740805604203153,0.9932492134404135
2024,05,TUR.66.13_1,0.6339754816112084,0.9611576353543679
2024,05,TUR.66.2_1,0.7320490367775833,0.98646033878712025
2024,05,TUR.66.3_1,0.649737302977233,0.9661449166662318
2024,05,TUR.66.4_1,0.7267950963222417,0.9854440623394105
2024,05,TUR.66.5_1,0.6970227670753065,0.9789708882290628
2024,05,TUR.66.6_1,0.7460595446584939,0.9889873608899156
2024,05,TUR.66.7_1,0.7460595446584939,0.9889873608899156
2024,05,TUR.66.8_1,0.7740805604203153,0.9932492134404135
2024,05,TUR.66.9_1,0.7740805604203153,0.9932492134404135
2024,05,TUR.68.1_1,0.25919439579684767,0.710199971838918
2024,05,TUR.68.10_1,0.35026269702276713,0.7999999999999999
2024,05,TUR.68.11_1,0.33274956217162877,0.7846018098373213
2024,05,TUR.68.2_1,0.34676007005253945,0.7969843160313759
2024,05,TUR.68.3_1,0.3852889667250438,0.8284926070883192
2024,05,TUR.68.4_1,0.30823117338003503,0.7616403350663619
2024,05,TUR.68.5_1,0.37828371278458844,0.8230285535751478
2024,05,TUR.68.6_1,0.28021015761821366,0.7332121111929344
2024,05,TUR.68.7_1,0.43957968476357273,0.867177029216065
2024,05,TUR.68.8_1,0.31348511383537653,0.766704636740903
2024,05,TUR.68.9_1,0.38704028021015763,0.8298409486160585
2024,05,TUR.69.2_1,0.43607705779334505,0.8648676199280442
2024,05,TUR.69.6_1,0.490367775831874,0.8979977728257459
2024,05,TUR.69.7_1,0.4203152364273205,0.8541662601625049
2024,05,TUR.72.11_1,0.6042031523642732,0.9507365565707464
2024,05,TUR.72.14_1,0.5534150612959721,0.9298257901349047
2024,05,TUR.73.1_1,0.6690017513134852,0.9717530550505102
2024,05,TUR.73.2_1,0.6357267950963222,0.9617296917533533
2024,05,TUR.73.5_1,0.6147110332749562,0.954565869911553
2024,05,TUR.73.8_1,0.6847635726795097,0.9759487691472335
2024,05,TUR.75.1_1,0.777583187390543,0.9937082066683358
2024,05,TUR.75.10_1,0.7022767075306481,0.9802020199938377
2024,05,TUR.75.11_1,0.6742556917688267,0.9731906288081488
2024,05,TUR.75.12_1,0.830122591943958,0.9986470848102447
2024,05,TUR.75.13_1,0.840630472854641,0.9991996797437437
2024,05,TUR.75.14_1,0.7197898423817863,0.9840304873325826
2024,05,TUR.75.15_1,0.7950963222416814,0.9957590069891409
2024,05,TUR.75.16_1,0.7145359019264449,0.9829262434180909
2024,05,TUR.75.17_1,0.7197898423817863,0.9840304873325826
2024,05,TUR.75.18_1,0.8178633975481613,0.997819622978021
2024,05,TUR.75.2_1,0.7215411558669002,0.9843901665498289
2024,05,TUR.75.3_1,0.8809106830122593,0.9999819998379972
2024,05,TUR.75.4_1,0.7443082311733801,0.9886859966642594
2024,05,TUR.75.5_1,0.7653239929947461,0.9920302414745228
2024,05,TUR.75.6_1,0.6077057793345009,0.9520315120835025
2024,05,TUR.75.7_1,0.7495621716287216,0.9895776877031939
2024,05,TUR.75.8_1,0.7092819614711035,0.9817840903172144
2024,05,TUR.75.9_1,0.7232924693520141,0.9847456524402634
2024,05,TUR.78.6_1,0.4973730297723292,0.9018736053350269
2024,05,TUR.78.7_1,0.4956217162872154,0.9009128703709366
2024,05,TUR.78.9_1,0.4570928196147111,0.8783598351473045
2024,05,TUR.79.1_1,0.6830122591943959,0.9754998718605759
2024,05,TUR.8.1_1,0.5078809106830122,0.9075241043630743
2024,05,TUR.8.10_1,0.597197898423818,0.9480907129594721
2024,05,TUR.8.11_1,0.37302977232924694,0.8188552985723424
2024,05,TUR.8.12_1,0.48336252189141865,0.8940335564172074
2024,05,TUR.8.13_1,0.5253940455341506,0.916515138991168
2024,05,TUR.8.14_1,0.4728546409807356,0.8879189152169246
2024,05,TUR.8.15_1,0.47810858143607715,0.8910016835000931
2024,05,TUR.8.2_1,0.5779334500875658,0.9404254356406998
2024,05,TUR.8.3_1,0.33800350262697026,0.7893060243023614
2024,05,TUR.8.4_1,0.44133099824868655,0.8683225207260261
2024,05,TUR.8.5_1,0.62697022767075306,0.9588242800430119
2024,05,TUR.8.6_1,0.5411558669001751,0.9241623234042816
2024,05,TUR.8.7_1,0.5446584938704029,0.9258055951440345
2024,05,TUR.8.8_1,0.5411558669001751,0.9241623234042816
2024,05,TUR.8.9_1,0.4080560420315237,0.8454844764985339
2024,05,TUR.9.3_1,0.5376532399299475,0.9224987804869988
2024,05,TUR.9.4_1,0.5271453590192645,0.9173854151881858
2024,05,TUR.9.5_1,0.49211908931698783,0.8989749718429317
2024,05,TUR.9.6_1,0.5796847635726796,0.9411461098044235
2024,05,UKR.1.12_1,0.33625218914185645,0.7877461520058349
2024,05,UKR.1.13_1,0.37127845884413313,0.817449692641694
2024,05,UKR.1.15_1,0.39579684763572687,0.8364783320564855
2024,05,UKR.1.21_1,0.3887915936952715,0.8311822904754408
2024,05,UKR.1.9_1,0.39579684763572687,0.8364783320564855
2024,05,UKR.11.10_1,0.37828371278458844,0.8230285535751478
2024,05,UKR.11.2_1,0.3975481611208407,0.8377851753283774
2024,05,UKR.11.3_1,0.44133099824868655,0.8683225207260261
2024,05,UKR.11.4_1,0.394045534150613,0.8351646544245033
2024,05,UKR.11.5_1,0.43607705779334505,0.8648676199280442
2024,05,UKR.11.6_1,0.37302977232924694,0.8188552985723424
2024,05,UKR.11.7_1,0.4290718038528897,0.8601744009211155
2024,05,UKR.11.8_1,0.394045534150613,0.8351646544245033
2024,05,UKR.11.9_1,0.40630472854640987,0.8442179813294668
2024,05,UKR.12.1_1,0.3905429071803853,0.8325166664998365
2024,05,UKR.12.10_1,0.38353765323993,0.8271372316611071
2024,05,UKR.12.11_1,0.3800350262697023,0.8244052401580184
2024,05,UKR.12.12_1,0.40980735551663755,0.84674435339127
2024,05,UKR.12.13_1,0.42556917688266205,0.8577901841359576
2024,05,UKR.12.14_1,0.37127845884413313,0.817449692641694
2024,05,UKR.12.15_1,0.42732049036777586,0.8589854480723175
2024,05,UKR.12.16_1,0.43257443082311736,0.8625334776111592
2024,05,UKR.12.17_1,0.43082311733800355,0.8613570688164114
2024,05,UKR.12.18_1,0.40105078809106837,0.8403784861596588
2024,05,UKR.12.19_1,0.35726795096322245,0.8059379628730737
2024,05,UKR.12.2_1,0.3397548161120841,0.7908577621797739
2024,05,UKR.12.20_1,0.3852889667250438,0.8284926070883192
2024,05,UKR.12.21_1,0.43607705779334505,0.8648676199280442
2024,05,UKR.12.22_1,0.37653239929947463,0.8216446920658589
2024,05,UKR.12.23_1,0.36777583187390545,0.814616474176652
2024,05,UKR.12.24_1,0.3537653239929948,0.8029844332239573
2024,05,UKR.12.25_1,0.34500875656742563,0.7954646440917409
2024,05,UKR.12.26_1,0.35901926444833626,0.807403244977378
2024,05,UKR.12.27_1,0.40630472854640987,0.8442179813294668
2024,05,UKR.12.28_1,0.394045534150613,0.8351646544245033
2024,05,UKR.12.29_1,0.38704028021015763,0.8298409486160585
2024,05,UKR.12.3_1,0.3607705779334501,0.8088609274776474
2024,05,UKR.12.30_1,0.38178633975481613,0.8257747876994065
2024,05,UKR.12.4_1,0.39579684763572687,0.8364783320564855
2024,05,UKR.12.5_1,0.4185639229422067,0.8529454847761373
2024,05,UKR.12.6_1,0.394045534150613,0.8351646544245033
2024,05,UKR.12.7_1,0.39579684763572687,0.8364783320564855
2024,05,UKR.12.8_1,0.43432574430823123,0.8637036528810099
2024,05,UKR.12.9_1,0.4535901926444834,0.8761712161444246
2024,05,UKR.17.11_1,0.4816112084063048,0.8930285549745876
2024,05,UKR.17.12_1,0.490367775831874,0.8979977728257459
2024,05,UKR.17.22_1,0.48511383537653247,0.8950329602869382
2024,05,UKR.17.27_1,0.394045534150613,0.8351646544245033
2024,05,UKR.17.8_1,0.4430823117338004,0.8694619025581282
2024,05,UKR.19.14_1,0.40980735551663755,0.84674435339127
2024,05,UKR.19.17_1,0.43432574430823123,0.8637036528810099
2024,05,UKR.19.5_1,0.43607705779334505,0.8648676199280442
2024,05,UKR.2.10_1,0.4676007005253941,0.8847847195787232
2024,05,UKR.2.15_1,0.3887915936952715,0.8311822904754408
2024,05,UKR.2.18_1,0.4133099824868652,0.84924437001372
2024,05,UKR.2.2_1,0.38704028021015763,0.8298409486160585
2024,05,UKR.2.5_1,0.40630472854640987,0.8442179813294668
2024,05,UKR.20.1_1,0.4956217162872154,0.9009128703709366
2024,05,UKR.20.2_1,0.5761821366024519,0.939699952112375
2024,05,UKR.20.3_1,0.5726795096322242,0.9382345122622595
2024,05,UKR.20.4_1,0.4816112084063048,0.8930285549745876
2024,05,UKR.21.1_1,0.3800350262697023,0.8244052401580184
2024,05,UKR.21.14_1,0.40980735551663755,0.84674435339127
2024,05,UKR.21.21_1,0.35726795096322245,0.8059379628730737
2024,05,UKR.21.3_1,0.38704028021015763,0.8298409486160585
2024,05,UKR.21.7_1,0.36427320490367776,0.8117536572138127
2024,05,UKR.23.1_1,0.4956217162872154,0.9009128703709366
2024,05,UKR.23.11_1,0.5306479859894921,0.9191104395011516
2024,05,UKR.23.12_1,0.5639229422066551,0.9344859549506349
2024,05,UKR.23.13_1,0.5656742556917689,0.9352454223357631
2024,05,UKR.23.15_1,0.5201401050788091,0.9138730765264944
2024,05,UKR.23.7_1,0.5604203152364273,0.9329523031752481
2024,05,UKR.24.13_1,0.35901926444833626,0.807403244977378
2024,05,UKR.24.14_1,0.37127845884413313,0.817449692641694
2024,05,UKR.24.17_1,0.3905429071803853,0.8325166664998365
2024,05,UKR.24.19_1,0.4080560420315237,0.8454844764985339
2024,05,UKR.24.4_1,0.3852889667250438,0.8284926070883192
2024,05,UKR.25.14_1,0.4028021015761822,0.8416650165000324
2024,05,UKR.25.16_1,0.4570928196147111,0.8783598351473045
2024,05,UKR.25.7_1,0.43957968476357273,0.867177029216065
2024,05,UKR.27.15_1,0.4570928196147111,0.8783598351473045
2024,05,UKR.27.16_1,0.4290718038528897,0.8601744009211155
2024,05,UKR.27.21_1,0.43082311733800355,0.8613570688164114
2024,05,UKR.27.22_1,0.42732049036777586,0.8589854480723175
2024,05,UKR.27.24_1,0.394045534150613,0.8351646544245033
2024,05,UKR.27.5_1,0.4185639229422067,0.8529454847761373
2024,05,UKR.3.3_1,0.3747810858143608,0.820253619315392
2024,05,UKR.3.6_1,0.36427320490367776,0.8117536572138127
2024,05,UKR.3.8_1,0.33274956217162877,0.7846018098373213
2024,05,UKR.4.1_1,0.5201401050788091,0.9138730765264944
2024,05,UKR.4.10_1,0.5464098073555167,0.9266196630764966
2024,05,UKR.4.11_1,0.5288966725043783,0.918250510481753
2024,05,UKR.4.12_1,0.4711033274956218,0.8868799242287537
2024,05,UKR.4.13_1,0.43257443082311736,0.8625334776111592
2024,05,UKR.4.14_1,0.5236427320490368,0.9156396671180208
2024,05,UKR.4.15_1,0.5078809106830122,0.9075241043630743
2024,05,UKR.4.16_1,0.4763572679509633,0.8899797750510963
2024,05,UKR.4.17_1,0.47985989492119097,0.8920179370393849
2024,05,UKR.4.18_1,0.48861646234676015,0.8970150500409678
2024,05,UKR.4.19_1,0.48686514886164634,0.8960267853139213
2024,05,UKR.4.2_1,0.5183887915936953,0.9129819275319747
2024,05,UKR.4.20_1,0.500875656742557,0.9037787339830473
2024,05,UKR.4.21_1,0.47460595446584947,0.8889521921903337
2024,05,UKR.4.22_1,0.490367775831874,0.8979977728257459
2024,05,UKR.4.23_1,0.5359019264448337,0.9216593730874764
2024,05,UKR.4.3_1,0.4658493870402803,0.883728465084157
2024,05,UKR.4.4_1,0.46935201401050797,0.885835199120017
2024,05,UKR.4.5_1,0.45534150612959723,0.8772684879784524
2024,05,UKR.4.6_1,0.46935201401050797,0.885835199120017
2024,05,UKR.4.7_1,0.49211908931698783,0.8989749718429317
2024,05,UKR.4.8_1,0.490367775831874,0.8979977728257459
2024,05,UKR.4.9_1,0.5183887915936953,0.9129819275319747
2024,05,UKR.9.12_1,0.4518388791593696,0.8750679973579196
2024,05,UKR.9.3_1,0.4203152364273205,0.8541662601625049
2024,05,UKR.9.4_1,0.4185639229422067,0.8529454847761373
2024,05,UKR.9.9_1,0.4185639229422067,0.8529454847761373
2024,05,UZB.13.1_1,0.6077057793345009,0.9520315120835025
2024,05,UZB.14.10_1,0.5849387040280211,0.9432793859721519
2024,05,XAD.1_1,0.5656742556917689,0.9352454223357631
2024,05,XAD.2_1,0.5569176882661997,0.931398947819891
2024,05,XKO.1.1_1,0.6619964973730298,0.9697752316903129
2024,05,XKO.1.2_1,0.6339754816112084,0.9611576353543679
2024,05,XKO.1.3_1,0.6129597197898424,0.9539392014169457
2024,05,XKO.2.1_1,0.7110332749562173,0.9821690282227392
2024,05,XKO.2.2_1,0.7022767075306481,0.9802020199938377
2024,05,XKO.2.3_1,0.6567425569176883,0.9682458365518543
2024,05,XKO.3.1_1,0.660245183887916,0.9692698282728087
2024,05,XKO.3.2_1,0.6234676007005254,0.9576304088739037
2024,05,XKO.3.3_1,0.5919439579684764,0.946057080730333
2024,05,XKO.3.4_1,0.6059544658493871,0.9513863568498342
2024,05,XKO.3.5_1,0.6199649737302978,0.9564183185196736
2024,05,XKO.3.6_1,0.6654991243432575,0.9707728879609279
2024,05,XKO.4.1_1,0.6077057793345009,0.9520315120835025
2024,05,XKO.4.2_1,0.6199649737302978,0.9564183185196736
2024,05,XKO.4.3_1,0.63922942206655,0.9628603221651623
2024,05,XKO.5.1_1,0.56217162872154125,0.9337215859130601
2024,05,XKO.5.2_1,0.6234676007005254,0.9576304088739037
2024,05,XKO.5.3_1,0.5394045534150613,0.923333092659415
2024,05,XKO.5.4_1,0.6357267950963222,0.9617296917533533
2024,05,XKO.5.5_1,0.6129597197898424,0.9539392014169457
2024,05,XKO.5.6_1,0.6847635726795097,0.9759487691472335
2024,05,XKO.5.7_1,0.6514886164623468,0.9666767815562759
2024,05,XKO.6.1_1,0.5901926444833626,0.9453697689264238
2024,05,XKO.6.2_1,0.5936952714535902,0.9467396685467447
2024,05,XKO.6.3_1,0.628721541155867,0.9594144047282176
2024,05,XKO.6.4_1,0.6217162872154116,0.9570266453970862
2024,05,XKO.7.1_1,0.6322241681260946,0.9605810741421048
2024,05,XKO.7.2_1,0.5814360770577934,0.9418619856433319
2024,05,XKO.7.3_1,0.5656742556917689,0.9352454223357631
2024,05,XKO.7.4_1,0.6812609457092821,0.975046665549911
2024,05,ZNC.1_1,0.5516637478108581,0.9290317540321213
2024,05,ZNC.2_1,0.5236427320490368,0.9156396671180208
2024,05,ZNC.3_1,0.5446584938704029,0.9258055951440345
2024,05,ZNC.4_1,0.6935201401050789,0.9781288258711119
2024,05,ZNC.5_1,0.4728546409807356,0.8879189152169246
2024,05,ALB.4.1.1_1,0,0
2024,05,ALB.4.1.11_1,0,0
2024,05,ALB.4.1.13_1,0,0
2024,05,ALB.4.1.14_1,0,0
2024,05,ALB.4.1.15_1,0,0
2024,05,ALB.4.1.16_1,0,0
2024,05,ALB.4.1.17_1,0,0
2024,05,ALB.4.1.18_1,0,0
2024,05,ALB.4.1.19_1,0,0
2024,05,ALB.4.1.2_1,0,0
2024,05,ALB.4.1.20_1,0,0
2024,05,ALB.4.1.21_1,0,0
2024,05,ALB.4.1.22_1,0,0
2024,05,ALB.4.1.23_1,0,0
2024,05,ALB.4.1.3_1,0,0
2024,05,ALB.4.1.4_1,0,0
2024,05,ALB.4.1.7_1,0,0
2024,05,ALB.4.1.8_1,0,0
2024,05,ALB.4.1.9_1,0,0
2024,05,ALB.4.2.1_1,0,0
2024,05,ALB.4.2.2_1,0,0
2024,05,ALB.4.2.6_1,0,0
2024,05,ALB.4.2.7_1,0,0
2024,05,ALB.4.2.9_1,0,0
2024,05,ALB.4.3.1_1,0,0
2024,05,ALB.4.3.2_1,0,0
2024,05,ALB.4.3.5_1,0,0
2024,05,ALB.4.3.6_1,0,0
2024,05,ALB.4.3.7_1,0,0
2024,05,ALB.4.3.8_1,0,0
2024,05,ALB.4.4.4_1,0,0
2024,05,ALB.4.4.6_1,0,0
2024,05,ALB.6.1.1_1,0,0
2024,05,ALB.6.1.11_1,0,0
2024,05,ALB.6.1.12_1,0,0
2024,05,ALB.6.1.13_1,0,0
2024,05,ALB.6.1.5_1,0,0
2024,05,ALB.6.1.6_1,0,0
2024,05,ALB.6.1.7_1,0,0
2024,05,ALB.6.1.8_1,0,0
2024,05,ALB.6.1.9_1,0,0
2024,05,ALB.6.2.3_1,0,0
2024,05,ALB.6.2.5_1,0,0
2024,05,ALB.6.2.6_1,0,0
2024,05,ALB.6.2.8_1,0,0
2024,05,ALB.6.2.9_1,0,0
2024,05,ALB.6.3.10_1,0,0
2024,05,ALB.6.3.2_1,0,0
2024,05,ALB.6.3.7_1,0,0
2024,05,ALB.6.3.8_1,0,0
2024,05,ALB.6.3.9_1,0,0
2024,05,AUT.2.10.3.5_2,0,0
2024,05,AUT.2.10.3.7_2,0,0
2024,05,AUT.2.10.3.8_2,0,0
2024,05,AUT.2.9.1.6_2,0,0
2024,05,AUT.2.9.1.9_2,0,0
2024,05,AUT.2.9.4.1_2,0,0
2024,05,AUT.2.9.4.10_2,0,0
2024,05,AUT.2.9.4.11_2,0,0
2024,05,AUT.2.9.5.4_2,0,0
2024,05,AUT.2.9.9.1_2,0,0
2024,05,AUT.2.9.9.2_2,0,0
2024,05,AUT.6.11.2.11_2,0,0
2024,05,AUT.6.11.2.12_2,0,0
2024,05,AUT.6.11.2.2_2,0,0
2024,05,AUT.6.11.2.3_2,0,0
2024,05,AUT.6.11.2.5_2,0,0
2024,05,AUT.6.11.2.6_2,0,0
2024,05,AUT.6.11.21.1_2,0,0
2024,05,AZE.10.2_1,0,0
2024,05,AZE.10.4_1,0,0
2024,05,AZE.10.5_1,0,0
2024,05,AZE.10.6_1,0,0
2024,05,AZE.10.8_1,0,0
2024,05,AZE.10.9_1,0,0
2024,05,AZE.5.2_1,0,0
2024,05,BGR.10.1_1,0,0
2024,05,BGR.10.10_1,0,0
2024,05,BGR.10.11_1,0,0
2024,05,BGR.10.2_1,0,0
2024,05,BGR.10.3_1,0,0
2024,05,BGR.10.4_1,0,0
2024,05,BGR.10.5_1,0,0
2024,05,BGR.10.6_1,0,0
2024,05,BGR.10.7_1,0,0
2024,05,BGR.10.8_1,0,0
2024,05,BGR.10.9_1,0,0
2024,05,BGR.12.1_1,0,0
2024,05,BGR.12.2_1,0,0
2024,05,BGR.12.4_1,0,0
2024,05,BGR.12.6_1,0,0
2024,05,BGR.13.10_1,0,0
2024,05,BGR.13.11_1,0,0
2024,05,BGR.13.2_1,0,0
2024,05,BGR.13.3_1,0,0
2024,05,BGR.13.4_1,0,0
2024,05,BGR.13.6_1,0,0
2024,05,BGR.13.7_1,0,0
2024,05,BGR.13.8_1,0,0
2024,05,BGR.15.1_1,0,0
2024,05,BGR.15.2_1,0,0
2024,05,BGR.15.3_1,0,0
2024,05,BGR.15.4_1,0,0
2024,05,BGR.15.5_1,0,0
2024,05,BGR.15.6_1,0,0
2024,05,BGR.15.7_1,0,0
2024,05,BGR.16.2_1,0,0
2024,05,BGR.16.3_1,0,0
2024,05,BGR.16.4_1,0,0
2024,05,BGR.16.8_1,0,0
2024,05,BGR.17.1_1,0,0
2024,05,BGR.17.10_1,0,0
2024,05,BGR.17.6_1,0,0
2024,05,BGR.18.3_1,0,0
2024,05,BGR.18.6_1,0,0
2024,05,BGR.19.2_1,0,0
2024,05,BGR.19.3_1,0,0
2024,05,BGR.19.4_1,0,0
2024,05,BGR.20.10_1,0,0
2024,05,BGR.20.6_1,0,0
2024,05,BGR.20.7_1,0,0
2024,05,BGR.20.8_1,0,0
2024,05,BGR.20.9_1,0,0
2024,05,BGR.21.1_1,0,0
2024,05,BGR.21.10_1,0,0
2024,05,BGR.21.11_1,0,0
2024,05,BGR.21.16_1,0,0
2024,05,BGR.21.18_1,0,0
2024,05,BGR.21.2_1,0,0
2024,05,BGR.21.20_1,0,0
2024,05,BGR.21.5_1,0,0
2024,05,BGR.21.6_1,0,0
2024,05,BGR.21.7_1,0,0
2024,05,BGR.21.9_1,0,0
2024,05,BGR.22.10_1,0,0
2024,05,BGR.22.11_1,0,0
2024,05,BGR.22.4_1,0,0
2024,05,BGR.22.5_1,0,0
2024,05,BGR.22.6_1,0,0
2024,05,BGR.22.7_1,0,0
2024,05,BGR.23.1_1,0,0
2024,05,BGR.23.2_1,0,0
2024,05,BGR.23.3_1,0,0
2024,05,BGR.23.4_1,0,0
2024,05,BGR.23.5_1,0,0
2024,05,BGR.25.1_1,0,0
2024,05,BGR.25.10_1,0,0
2024,05,BGR.25.2_1,0,0
2024,05,BGR.25.3_1,0,0
2024,05,BGR.25.4_1,0,0
2024,05,BGR.25.5_1,0,0
2024,05,BGR.25.6_1,0,0
2024,05,BGR.25.7_1,0,0
2024,05,BGR.25.9_1,0,0
2024,05,BGR.26.1_1,0,0
2024,05,BGR.26.10_1,0,0
2024,05,BGR.26.11_1,0,0
2024,05,BGR.26.2_1,0,0
2024,05,BGR.26.3_1,0,0
2024,05,BGR.26.4_1,0,0
2024,05,BGR.26.5_1,0,0
2024,05,BGR.26.6_1,0,0
2024,05,BGR.26.7_1,0,0
2024,05,BGR.26.8_1,0,0
2024,05,BGR.26.9_1,0,0
2024,05,BGR.27.1_1,0,0
2024,05,BGR.27.10_1,0,0
2024,05,BGR.27.2_1,0,0
2024,05,BGR.27.3_1,0,0
2024,05,BGR.27.4_1,0,0
2024,05,BGR.27.5_1,0,0
2024,05,BGR.27.6_1,0,0
2024,05,BGR.27.7_1,0,0
2024,05,BGR.27.8_1,0,0
2024,05,BGR.27.9_1,0,0
2024,05,BGR.28.4_1,0,0
2024,05,BGR.28.5_1,0,0
2024,05,BGR.4.1_1,0,0
2024,05,BGR.4.2_1,0,0
2024,05,BGR.4.3_1,0,0
2024,05,BGR.4.4_1,0,0
2024,05,BGR.7.1_1,0,0
2024,05,BGR.7.3_1,0,0
2024,05,BGR.7.5_1,0,0
2024,05,BGR.7.7_1,0,0
2024,05,BGR.7.8_1,0,0
2024,05,BGR.8.1_1,0,0
2024,05,BGR.8.2_1,0,0
2024,05,BGR.8.3_1,0,0
2024,05,BGR.8.5_1,0,0
2024,05,BGR.8.8_1,0,0
2024,05,BGR.8.9_1,0,0
2024,05,BGR.9.2_1,0,0
2024,05,BGR.9.3_1,0,0
2024,05,BGR.9.4_1,0,0
2024,05,BGR.9.7_1,0,0
2024,05,BGR.9.8_1,0,0
2024,05,BLR.2.10_1,0,0
2024,05,BLR.2.19_1,0,0
2024,05,BLR.2.5_1,0,0
2024,05,BLR.2.6_1,0,0
2024,05,BLR.6.2_1,0,0
2024,05,FRO.1.1_1,0,0
2024,05,FRO.1.2_1,0,0
2024,05,FRO.1.3_1,0,0
2024,05,FRO.1.5_1,0,0
2024,05,FRO.1.6_1,0,0
2024,05,FRO.1.7_1,0,0
2024,05,FRO.2.3_1,0,0
2024,05,FRO.2.4_1,0,0
2024,05,FRO.2.5_1,0,0
2024,05,FRO.2.6_1,0,0
2024,05,FRO.3.1_1,0,0
2024,05,FRO.3.3_1,0,0
2024,05,FRO.4.1_1,0,0
2024,05,FRO.4.2_1,0,0
2024,05,FRO.4.3_1,0,0
2024,05,FRO.6.1_1,0,0
2024,05,FRO.6.2_1,0,0
2024,05,GEO.10.4_1,0,0
2024,05,GEO.5.1_1,0,0
2024,05,GEO.5.3_1,0,0
2024,05,GEO.5.4_1,0,0
2024,05,GEO.5.8_1,0,0
2024,05,GEO.7.5_1,0,0
2024,05,GRC.4.1.1_1,0,0
2024,05,GRC.4.1.11_1,0,0
2024,05,GRC.4.1.12_1,0,0
2024,05,GRC.4.1.13_1,0,0
2024,05,GRC.4.1.14_1,0,0
2024,05,GRC.4.1.15_1,0,0
2024,05,GRC.4.1.16_1,0,0
2024,05,GRC.4.1.17_1,0,0
2024,05,GRC.4.1.18_1,0,0
2024,05,GRC.4.1.19_1,0,0
2024,05,GRC.4.1.2_1,0,0
2024,05,GRC.4.1.20_1,0,0
2024,05,GRC.4.1.21_1,0,0
2024,05,GRC.4.1.22_1,0,0
2024,05,GRC.4.1.23_1,0,0
2024,05,GRC.4.1.24_1,0,0
2024,05,GRC.4.1.3_1,0,0
2024,05,GRC.4.1.4_1,0,0
2024,05,GRC.4.1.5_1,0,0
2024,05,GRC.4.1.6_1,0,0
2024,05,GRC.4.1.8_1,0,0
2024,05,GRC.4.1.9_1,0,0
2024,05,GRC.5.1.12_1,0,0
2024,05,GRC.6.2.10_1,0,0
2024,05,GRC.6.2.12_1,0,0
2024,05,GRC.6.2.16_1,0,0
2024,05,GRC.6.2.6_1,0,0
2024,05,GRL.1_1,0,0
2024,05,GRL.3_1,0,0
2024,05,GRL.4_1,0,0
2024,05,GRL.5_1,0,0
2024,05,HRV.1.1_1,0,0
2024,05,HRV.1.10_1,0,0
2024,05,HRV.1.11_1,0,0
2024,05,HRV.1.12_1,0,0
2024,05,HRV.1.13_1,0,0
2024,05,HRV.1.14_1,0,0
2024,05,HRV.1.15_1,0,0
2024,05,HRV.1.16_1,0,0
2024,05,HRV.1.18_1,0,0
2024,05,HRV.1.19_1,0,0
2024,05,HRV.1.2_1,0,0
2024,05,HRV.1.20_1,0,0
2024,05,HRV.1.21_1,0,0
2024,05,HRV.1.22_1,0,0
2024,05,HRV.1.23_1,0,0
2024,05,HRV.1.3_1,0,0
2024,05,HRV.1.4_1,0,0
2024,05,HRV.1.9_1,0,0
2024,05,HRV.14.1_1,0,0
2024,05,HRV.14.11_1,0,0
2024,05,HRV.14.12_1,0,0
2024,05,HRV.14.15_1,0,0
2024,05,HRV.14.17_1,0,0
2024,05,HRV.14.19_1,0,0
2024,05,HRV.14.2_1,0,0
2024,05,HRV.14.4_1,0,0
2024,05,HRV.14.6_1,0,0
2024,05,HRV.15.1_1,0,0
2024,05,HRV.15.10_1,0,0
2024,05,HRV.15.11_1,0,0
2024,05,HRV.15.12_1,0,0
2024,05,HRV.15.14_1,0,0
2024,05,HRV.15.15_1,0,0
2024,05,HRV.15.16_1,0,0
2024,05,HRV.15.17_1,0,0
2024,05,HRV.15.19_1,0,0
2024,05,HRV.15.4_1,0,0
2024,05,HRV.15.6_1,0,0
2024,05,HRV.15.9_1,0,0
2024,05,HRV.21.1_1,0,0
2024,05,HRV.21.10_1,0,0
2024,05,HRV.21.11_1,0,0
2024,05,HRV.21.12_1,0,0
2024,05,HRV.21.13_1,0,0
2024,05,HRV.21.14_1,0,0
2024,05,HRV.21.15_1,0,0
2024,05,HRV.21.16_1,0,0
2024,05,HRV.21.17_1,0,0
2024,05,HRV.21.18_1,0,0
2024,05,HRV.21.19_1,0,0
2024,05,HRV.21.2_1,0,0
2024,05,HRV.21.20_1,0,0
2024,05,HRV.21.21_1,0,0
2024,05,HRV.21.22_1,0,0
2024,05,HRV.21.23_1,0,0
2024,05,HRV.21.24_1,0,0
2024,05,HRV.21.25_1,0,0
2024,05,HRV.21.26_1,0,0
2024,05,HRV.21.27_1,0,0
2024,05,HRV.21.28_1,0,0
2024,05,HRV.21.3_1,0,0
2024,05,HRV.21.4_1,0,0
2024,05,HRV.21.5_1,0,0
2024,05,HRV.21.6_1,0,0
2024,05,HRV.21.7_1,0,0
2024,05,HRV.21.8_1,0,0
2024,05,HRV.21.9_1,0,0
2024,05,HRV.4.1_1,0,0
2024,05,HRV.4.2_1,0,0
2024,05,HRV.4.3_1,0,0
2024,05,HRV.4.4_1,0,0
2024,05,HRV.4.5_1,0,0
2024,05,HRV.4.6_1,0,0
2024,05,HRV.6.1_1,0,0
2024,05,HRV.6.10_1,0,0
2024,05,HRV.6.11_1,0,0
2024,05,HRV.6.13_1,0,0
2024,05,HRV.6.16_1,0,0
2024,05,HRV.6.18_1,0,0
2024,05,HRV.6.19_1,0,0
2024,05,HRV.6.2_1,0,0
2024,05,HRV.6.20_1,0,0
2024,05,HRV.6.21_1,0,0
2024,05,HRV.6.3_1,0,0
2024,05,HRV.6.4_1,0,0
2024,05,HRV.6.5_1,0,0
2024,05,HRV.6.6_1,0,0
2024,05,HRV.6.7_1,0,0
2024,05,HRV.6.8_1,0,0
2024,05,HRV.6.9_1,0,0
2024,05,HRV.7.1_1,0,0
2024,05,HRV.7.10_1,0,0
2024,05,HRV.7.11_1,0,0
2024,05,HRV.7.12_1,0,0
2024,05,HRV.7.13_1,0,0
2024,05,HRV.7.16_1,0,0
2024,05,HRV.7.17_1,0,0
2024,05,HRV.7.19_1,0,0
2024,05,HRV.7.2_1,0,0
2024,05,HRV.7.22_1,0,0
2024,05,HRV.7.23_1,0,0
2024,05,HRV.7.25_1,0,0
2024,05,HRV.7.3_1,0,0
2024,05,HRV.7.7_1,0,0
2024,05,HRV.7.8_1,0,0
2024,05,HRV.8.1_1,0,0
2024,05,HRV.8.10_1,0,0
2024,05,HRV.8.11_1,0,0
2024,05,HRV.8.12_1,0,0
2024,05,HRV.8.13_1,0,0
2024,05,HRV.8.14_1,0,0
2024,05,HRV.8.15_1,0,0
2024,05,HRV.8.17_1,0,0
2024,05,HRV.8.18_1,0,0
2024,05,HRV.8.19_1,0,0
2024,05,HRV.8.20_1,0,0
2024,05,HRV.8.21_1,0,0
2024,05,HRV.8.22_1,0,0
2024,05,HRV.8.23_1,0,0
2024,05,HRV.8.24_1,0,0
2024,05,HRV.8.25_1,0,0
2024,05,HRV.8.26_1,0,0
2024,05,HRV.8.27_1,0,0
2024,05,HRV.8.28_1,0,0
2024,05,HRV.8.29_1,0,0
2024,05,HRV.8.3_1,0,0
2024,05,HRV.8.30_1,0,0
2024,05,HRV.8.31_1,0,0
2024,05,HRV.8.32_1,0,0
2024,05,HRV.8.4_1,0,0
2024,05,HRV.8.6_1,0,0
2024,05,HRV.8.8_1,0,0
2024,05,HRV.8.9_1,0,0
2024,05,ISL.1.1_1,0,0
2024,05,ISL.1.10_1,0,0
2024,05,ISL.1.11_1,0,0
2024,05,ISL.1.12_1,0,0
2024,05,ISL.1.13_1,0,0
2024,05,ISL.1.14_1,0,0
2024,05,ISL.1.15_1,0,0
2024,05,ISL.1.16_1,0,0
2024,05,ISL.1.2_1,0,0
2024,05,ISL.1.3_1,0,0
2024,05,ISL.1.4_1,0,0
2024,05,ISL.1.5_1,0,0
2024,05,ISL.1.6_1,0,0
2024,05,ISL.1.7_1,0,0
2024,05,ISL.1.8_1,0,0
2024,05,ISL.1.9_1,0,0
2024,05,ISL.2.1_1,0,0
2024,05,ISL.2.10_1,0,0
2024,05,ISL.2.11_1,0,0
2024,05,ISL.2.12_1,0,0
2024,05,ISL.2.13_1,0,0
2024,05,ISL.2.14_1,0,0
2024,05,ISL.2.15_1,0,0
2024,05,ISL.2.16_1,0,0
2024,05,ISL.2.17_1,0,0
2024,05,ISL.2.18_1,0,0
2024,05,ISL.2.19_1,0,0
2024,05,ISL.2.2_1,0,0
2024,05,ISL.2.20_1,0,0
2024,05,ISL.2.21_1,0,0
2024,05,ISL.2.22_1,0,0
2024,05,ISL.2.23_1,0,0
2024,05,ISL.2.24_1,0,0
2024,05,ISL.2.25_1,0,0
2024,05,ISL.2.3_1,0,0
2024,05,ISL.2.4_1,0,0
2024,05,ISL.2.5_1,0,0
2024,05,ISL.2.6_1,0,0
2024,05,ISL.2.7_1,0,0
2024,05,ISL.2.9_1,0,0
2024,05,ISL.3.1_1,0,0
2024,05,ISL.3.2_1,0,0
2024,05,ISL.3.3_1,0,0
2024,05,ISL.3.4_1,0,0
2024,05,ISL.3.5_1,0,0
2024,05,ISL.3.6_1,0,0
2024,05,ISL.3.7_1,0,0
2024,05,ISL.4.1_1,0,0
2024,05,ISL.4.10_1,0,0
2024,05,ISL.4.11_1,0,0
2024,05,ISL.4.12_1,0,0
2024,05,ISL.4.13_1,0,0
2024,05,ISL.4.2_1,0,0
2024,05,ISL.4.3_1,0,0
2024,05,ISL.4.4_1,0,0
2024,05,ISL.4.5_1,0,0
2024,05,ISL.4.6_1,0,0
2024,05,ISL.4.7_1,0,0
2024,05,ISL.4.8_1,0,0
2024,05,ISL.4.9_1,0,0
2024,05,ISL.5.1_1,0,0
2024,05,ISL.5.10_1,0,0
2024,05,ISL.5.11_1,0,0
2024,05,ISL.5.12_1,0,0
2024,05,ISL.5.13_1,0,0
2024,05,ISL.5.14_1,0,0
2024,05,ISL.5.15_1,0,0
2024,05,ISL.5.16_1,0,0
2024,05,ISL.5.17_1,0,0
2024,05,ISL.5.18_1,0,0
2024,05,ISL.5.19_1,0,0
2024,05,ISL.5.2_1,0,0
2024,05,ISL.5.20_1,0,0
2024,05,ISL.5.21_1,0,0
2024,05,ISL.5.22_1,0,0
2024,05,ISL.5.23_1,0,0
2024,05,ISL.5.25_1,0,0
2024,05,ISL.5.26_1,0,0
2024,05,ISL.5.27_1,0,0
2024,05,ISL.5.3_1,0,0
2024,05,ISL.5.4_1,0,0
2024,05,ISL.5.5_1,0,0
2024,05,ISL.5.6_1,0,0
2024,05,ISL.5.7_1,0,0
2024,05,ISL.5.8_1,0,0
2024,05,ISL.5.9_1,0,0
2024,05,ISL.6.1_1,0,0
2024,05,ISL.6.2_1,0,0
2024,05,ISL.6.3_1,0,0
2024,05,ISL.6.4_1,0,0
2024,05,ISL.7.1_1,0,0
2024,05,ISL.7.10_1,0,0
2024,05,ISL.7.11_1,0,0
2024,05,ISL.7.2_1,0,0
2024,05,ISL.7.3_1,0,0
2024,05,ISL.7.4_1,0,0
2024,05,ISL.7.5_1,0,0
2024,05,ISL.7.6_1,0,0
2024,05,ISL.7.7_1,0,0
2024,05,ISL.7.8_1,0,0
2024,05,ISL.7.9_1,0,0
2024,05,ISL.8.1_1,0,0
2024,05,ISL.8.11_1,0,0
2024,05,ISL.8.12_1,0,0
2024,05,ISL.8.13_1,0,0
2024,05,ISL.8.14_1,0,0
2024,05,ISL.8.15_1,0,0
2024,05,ISL.8.16_1,0,0
2024,05,ISL.8.2_1,0,0
2024,05,ISL.8.3_1,0,0
2024,05,ISL.8.4_1,0,0
2024,05,ISL.8.5_1,0,0
2024,05,ISL.8.6_1,0,0
2024,05,ISL.8.7_1,0,0
2024,05,ISL.8.8_1,0,0
2024,05,ISL.8.9_1,0,0
2024,05,ITA.15.3.38_1,0,0
2024,05,ITA.15.4.1_1,0,0
2024,05,ITA.15.4.10_1,0,0
2024,05,ITA.15.4.11_1,0,0
2024,05,ITA.15.4.13_1,0,0
2024,05,ITA.15.4.16_1,0,0
2024,05,ITA.15.4.19_1,0,0
2024,05,ITA.15.4.3_1,0,0
2024,05,ITA.15.4.6_1,0,0
2024,05,LTU.5.1_1,0,0
2024,05,LTU.5.4_1,0,0
2024,05,LTU.5.5_1,0,0
2024,05,LTU.6.1_1,0,0
2024,05,LTU.6.2_1,0,0
2024,05,LTU.6.4_1,0,0
2024,05,LTU.9.5_1,0,0
2024,05,LVA.1.1_1,0,0
2024,05,LVA.1.3_1,0,0
2024,05,LVA.1.4_1,0,0
2024,05,LVA.1.5_1,0,0
2024,05,LVA.2.2_1,0,0
2024,05,LVA.2.3_1,0,0
2024,05,LVA.2.5_1,0,0
2024,05,LVA.2.6_1,0,0
2024,05,LVA.3.2_1,0,0
2024,05,LVA.3.3_1,0,0
2024,05,LVA.3.4_1,0,0
2024,05,LVA.4.2_1,0,0
2024,05,LVA.4.3_1,0,0
2024,05,LVA.4.4_1,0,0
2024,05,LVA.5.1_1,0,0
2024,05,LVA.5.2_1,0,0
2024,05,LVA.5.3_1,0,0
2024,05,LVA.5.4_1,0,0
2024,05,LVA.5.5_1,0,0
2024,05,MDA.32_1,0,0
2024,05,MKD.11_1,0,0
2024,05,MKD.14_1,0,0
2024,05,MKD.17_1,0,0
2024,05,MKD.18_1,0,0
2024,05,MKD.19_1,0,0
2024,05,MKD.21_1,0,0
2024,05,MKD.27_1,0,0
2024,05,MKD.3_1,0,0
2024,05,MKD.30_1,0,0
2024,05,MKD.33_1,0,0
2024,05,MKD.35_1,0,0
2024,05,MKD.36_1,0,0
2024,05,MKD.37_1,0,0
2024,05,MKD.38_1,0,0
2024,05,MKD.39_1,0,0
2024,05,MKD.4_1,0,0
2024,05,MKD.40_1,0,0
2024,05,MKD.44_1,0,0
2024,05,MKD.45_1,0,0
2024,05,MKD.46_1,0,0
2024,05,MKD.48_1,0,0
2024,05,MKD.49_1,0,0
2024,05,MKD.54_1,0,0
2024,05,MKD.56_1,0,0
2024,05,MKD.58_1,0,0
2024,05,MKD.59_1,0,0
2024,05,MKD.6_1,0,0
2024,05,MKD.60_1,0,0
2024,05,MKD.62_1,0,0
2024,05,MKD.66_1,0,0
2024,05,MKD.68_1,0,0
2024,05,MKD.7_1,0,0
2024,05,MKD.72_1,0,0
2024,05,MKD.73_1,0,0
2024,05,MKD.75_1,0,0
2024,05,MKD.76_1,0,0
2024,05,MKD.79_1,0,0
2024,05,MKD.8_1,0,0
2024,05,MKD.81_1,0,0
2024,05,MKD.85_1,0,0
2024,05,MNE.10_1,0,0
2024,05,MNE.19_1,0,0
2024,05,MNE.5_1,0,0
2024,05,POL.4.21.13_1,0,0
2024,05,POL.4.21.5_1,0,0
2024,05,POL.4.22.7_1,0,0
2024,05,POL.4.5.10_1,0,0
2024,05,POL.4.5.3_1,0,0
2024,05,POL.4.5.4_1,0,0
2024,05,POL.4.6.1_1,0,0
2024,05,POL.4.6.2_1,0,0
2024,05,POL.4.6.4_1,0,0
2024,05,POL.4.6.5_1,0,0
2024,05,POL.9.1.1_1,0,0
2024,05,POL.9.1.3_1,0,0
2024,05,POL.9.12.4_1,0,0
2024,05,POL.9.12.8_1,0,0
2024,05,POL.9.16.3_1,0,0
2024,05,POL.9.16.6_1,0,0
2024,05,POL.9.16.8_1,0,0
2024,05,POL.9.16.9_1,0,0
2024,05,POL.9.4.8_1,0,0
2024,05,ROU.12.14_1,0,0
2024,05,ROU.12.21_1,0,0
2024,05,ROU.12.30_1,0,0
2024,05,ROU.12.35_1,0,0
2024,05,ROU.12.43_1,0,0
2024,05,ROU.12.9_1,0,0
2024,05,ROU.18.11_1,0,0
2024,05,ROU.18.19_1,0,0
2024,05,ROU.18.30_1,0,0
2024,05,ROU.18.34_1,0,0
2024,05,ROU.18.36_1,0,0
2024,05,ROU.18.50_1,0,0
2024,05,ROU.18.70_1,0,0
2024,05,ROU.18.73_1,0,0
2024,05,ROU.27.11_1,0,0
2024,05,ROU.27.12_1,0,0
2024,05,ROU.27.15_1,0,0
2024,05,ROU.27.19_1,0,0
2024,05,ROU.27.40_1,0,0
2024,05,ROU.27.43_1,0,0
2024,05,ROU.27.44_1,0,0
2024,05,ROU.27.54_1,0,0
2024,05,ROU.27.69_1,0,0
2024,05,ROU.28.24_1,0,0
2024,05,ROU.28.48_1,0,0
2024,05,ROU.28.52_1,0,0
2024,05,ROU.31.17_1,0,0
2024,05,ROU.31.38_1,0,0
2024,05,ROU.31.39_1,0,0
2024,05,ROU.31.54_1,0,0
2024,05,ROU.34.13_1,0,0
2024,05,ROU.34.18_1,0,0
2024,05,ROU.34.26_1,0,0
2024,05,ROU.34.49_1,0,0
2024,05,ROU.34.9_1,0,0
2024,05,ROU.36.13_1,0,0
2024,05,ROU.36.19_1,0,0
2024,05,ROU.36.33_1,0,0
2024,05,ROU.36.46_1,0,0
2024,05,ROU.36.5_1,0,0
2024,05,ROU.36.77_1,0,0
2024,05,ROU.36.80_1,0,0
2024,05,ROU.36.87_1,0,0
2024,05,ROU.36.95_1,0,0
2024,05,ROU.7.19_1,0,0
2024,05,ROU.7.20_1,0,0
2024,05,ROU.7.31_1,0,0
2024,05,ROU.7.33_1,0,0
2024,05,ROU.7.45_1,0,0
2024,05,ROU.7.59_1,0,0
2024,05,SRB.1.4_1,0,0
2024,05,SRB.11.1_1,0,0
2024,05,SRB.11.4_1,0,0
2024,05,SRB.11.5_1,0,0
2024,05,SRB.12.1_1,0,0
2024,05,SRB.12.3_1,0,0
2024,05,SRB.23.2_1,0,0
2024,05,SRB.23.4_1,0,0
2024,05,SRB.4.2_1,0,0
2024,05,SVN.1.1_1,0,0
2024,05,SVN.1.10_1,0,0
2024,05,SVN.1.11_1,0,0
2024,05,SVN.1.12_1,0,0
2024,05,SVN.1.17_1,0,0
2024,05,SVN.1.6_1,0,0
2024,05,SVN.1.7_1,0,0
2024,05,SVN.1.9_1,0,0
2024,05,SVN.10.1_1,0,0
2024,05,SVN.10.11_1,0,0
2024,05,SVN.10.12_1,0,0
2024,05,SVN.10.13_1,0,0
2024,05,SVN.10.14_1,0,0
2024,05,SVN.10.15_1,0,0
2024,05,SVN.10.16_1,0,0
2024,05,SVN.10.19_1,0,0
2024,05,SVN.10.2_1,0,0
2024,05,SVN.10.21_1,0,0
2024,05,SVN.10.22_1,0,0
2024,05,SVN.10.24_1,0,0
2024,05,SVN.10.25_1,0,0
2024,05,SVN.10.26_1,0,0
2024,05,SVN.10.27_1,0,0
2024,05,SVN.10.28_1,0,0
2024,05,SVN.10.29_1,0,0
2024,05,SVN.10.3_1,0,0
2024,05,SVN.10.31_1,0,0
2024,05,SVN.10.4_1,0,0
2024,05,SVN.10.5_1,0,0
2024,05,SVN.10.7_1,0,0
2024,05,SVN.10.8_1,0,0
2024,05,SVN.10.9_1,0,0
2024,05,SVN.11.1_1,0,0
2024,05,SVN.11.2_1,0,0
2024,05,SVN.11.3_1,0,0
2024,05,SVN.12.1_1,0,0
2024,05,SVN.12.2_1,0,0
2024,05,SVN.3.11_1,0,0
2024,05,SVN.3.12_1,0,0
2024,05,SVN.3.13_1,0,0
2024,05,SVN.3.2_1,0,0
2024,05,SVN.3.3_1,0,0
2024,05,SVN.3.6_1,0,0
2024,05,SVN.3.7_1,0,0
2024,05,SVN.3.8_1,0,0
2024,05,SVN.4.1_1,0,0
2024,05,SVN.4.10_1,0,0
2024,05,SVN.4.11_1,0,0
2024,05,SVN.4.12_1,0,0
2024,05,SVN.4.2_1,0,0
2024,05,SVN.4.3_1,0,0
2024,05,SVN.4.4_1,0,0
2024,05,SVN.4.7_1,0,0
2024,05,SVN.4.9_1,0,0
2024,05,SVN.5.1_1,0,0
2024,05,SVN.9.1_1,0,0
2024,05,SVN.9.10_1,0,0
2024,05,SVN.9.11_1,0,0
2024,05,SVN.9.14_1,0,0
2024,05,SVN.9.15_1,0,0
2024,05,SVN.9.16_1,0,0
2024,05,SVN.9.17_1,0,0
2024,05,SVN.9.18_1,0,0
2024,05,SVN.9.19_1,0,0
2024,05,SVN.9.2_1,0,0
2024,05,SVN.9.20_1,0,0
2024,05,SVN.9.23_1,0,0
2024,05,SVN.9.24_1,0,0
2024,05,SVN.9.25_1,0,0
2024,05,SVN.9.26_1,0,0
2024,05,SVN.9.3_1,0,0
2024,05,SVN.9.4_1,0,0
2024,05,SVN.9.6_1,0,0
2024,05,SVN.9.7_1,0,0
2024,05,TUR.28.5_1,0,0
2024,05,TUR.33.3_1,0,0
2024,05,TUR.33.6_1,0,0
2024,05,TUR.48.1_1,0,0
2024,05,TUR.48.2_1,0,0
2024,05,TUR.57.3_1,0,0
2024,05,TUR.57.5_1,0,0
2024,05,TUR.57.7_1,0,0
2024,05,TUR.71.2_1,0,0
2024,05,TUR.71.4_1,0,0
2024,05,TUR.9.1_1,0,0
2024,05,TUR.9.2_1,0,0
2024,05,UKR.1.1_1,0,0
2024,05,UKR.1.10_1,0,0
2024,05,UKR.1.11_1,0,0
2024,05,UKR.1.14_1,0,0
2024,05,UKR.1.16_1,0,0
2024,05,UKR.1.17_1,0,0
2024,05,UKR.1.18_1,0,0
2024,05,UKR.1.19_1,0,0
2024,05,UKR.1.2_1,0,0
2024,05,UKR.1.20_1,0,0
2024,05,UKR.1.22_1,0,0
2024,05,UKR.1.23_1,0,0
2024,05,UKR.1.3_1,0,0
2024,05,UKR.1.4_1,0,0
2024,05,UKR.1.5_1,0,0
2024,05,UKR.1.6_1,0,0
2024,05,UKR.1.7_1,0,0
2024,05,UKR.1.8_1,0,0
2024,05,UKR.10.1_1,0,0
2024,05,UKR.10.10_1,0,0
2024,05,UKR.10.11_1,0,0
2024,05,UKR.10.12_1,0,0
2024,05,UKR.10.13_1,0,0
2024,05,UKR.10.14_1,0,0
2024,05,UKR.10.15_1,0,0
2024,05,UKR.10.16_1,0,0
2024,05,UKR.10.17_1,0,0
2024,05,UKR.10.18_1,0,0
2024,05,UKR.10.19_1,0,0
2024,05,UKR.10.2_1,0,0
2024,05,UKR.10.20_1,0,0
2024,05,UKR.10.21_1,0,0
2024,05,UKR.10.22_1,0,0
2024,05,UKR.10.23_1,0,0
2024,05,UKR.10.3_1,0,0
2024,05,UKR.10.4_1,0,0
2024,05,UKR.10.5_1,0,0
2024,05,UKR.10.6_1,0,0
2024,05,UKR.10.7_1,0,0
2024,05,UKR.10.8_1,0,0
2024,05,UKR.10.9_1,0,0
2024,05,UKR.13.1_1,0,0
2024,05,UKR.13.10_1,0,0
2024,05,UKR.13.11_1,0,0
2024,05,UKR.13.12_1,0,0
2024,05,UKR.13.13_1,0,0
2024,05,UKR.13.14_1,0,0
2024,05,UKR.13.15_1,0,0
2024,05,UKR.13.16_1,0,0
2024,05,UKR.13.17_1,0,0
2024,05,UKR.13.18_1,0,0
2024,05,UKR.13.19_1,0,0
2024,05,UKR.13.2_1,0,0
2024,05,UKR.13.20_1,0,0
2024,05,UKR.13.21_1,0,0
2024,05,UKR.13.3_1,0,0
2024,05,UKR.13.4_1,0,0
2024,05,UKR.13.5_1,0,0
2024,05,UKR.13.6_1,0,0
2024,05,UKR.13.7_1,0,0
2024,05,UKR.13.8_1,0,0
2024,05,UKR.13.9_1,0,0
2024,05,UKR.14.1_1,0,0
2024,05,UKR.14.10_1,0,0
2024,05,UKR.14.11_1,0,0
2024,05,UKR.14.12_1,0,0
2024,05,UKR.14.13_1,0,0
2024,05,UKR.14.14_1,0,0
2024,05,UKR.14.15_1,0,0
2024,05,UKR.14.16_1,0,0
2024,05,UKR.14.17_1,0,0
2024,05,UKR.14.18_1,0,0
2024,05,UKR.14.19_1,0,0
2024,05,UKR.14.2_1,0,0
2024,05,UKR.14.20_1,0,0
2024,05,UKR.14.21_1,0,0
2024,05,UKR.14.22_1,0,0
2024,05,UKR.14.23_1,0,0
2024,05,UKR.14.24_1,0,0
2024,05,UKR.14.25_1,0,0
2024,05,UKR.14.3_1,0,0
2024,05,UKR.14.4_1,0,0
2024,05,UKR.14.5_1,0,0
2024,05,UKR.14.6_1,0,0
2024,05,UKR.14.7_1,0,0
2024,05,UKR.14.8_1,0,0
2024,05,UKR.14.9_1,0,0
2024,05,UKR.15.1_1,0,0
2024,05,UKR.15.10_1,0,0
2024,05,UKR.15.11_1,0,0
2024,05,UKR.15.12_1,0,0
2024,05,UKR.15.13_1,0,0
2024,05,UKR.15.14_1,0,0
2024,05,UKR.15.15_1,0,0
2024,05,UKR.15.16_1,0,0
2024,05,UKR.15.17_1,0,0
2024,05,UKR.15.18_1,0,0
2024,05,UKR.15.19_1,0,0
2024,05,UKR.15.2_1,0,0
2024,05,UKR.15.20_1,0,0
2024,05,UKR.15.21_1,0,0
2024,05,UKR.15.22_1,0,0
2024,05,UKR.15.23_1,0,0
2024,05,UKR.15.24_1,0,0
2024,05,UKR.15.25_1,0,0
2024,05,UKR.15.26_1,0,0
2024,05,UKR.15.27_1,0,0
2024,05,UKR.15.28_1,0,0
2024,05,UKR.15.29_1,0,0
2024,05,UKR.15.3_1,0,0
2024,05,UKR.15.30_1,0,0
2024,05,UKR.15.31_1,0,0
2024,05,UKR.15.32_1,0,0
2024,05,UKR.15.4_1,0,0
2024,05,UKR.15.5_1,0,0
2024,05,UKR.15.6_1,0,0
2024,05,UKR.15.7_1,0,0
2024,05,UKR.15.8_1,0,0
2024,05,UKR.15.9_1,0,0
2024,05,UKR.16.1_1,0,0
2024,05,UKR.16.10_1,0,0
2024,05,UKR.16.11_1,0,0
2024,05,UKR.16.12_1,0,0
2024,05,UKR.16.13_1,0,0
2024,05,UKR.16.14_1,0,0
2024,05,UKR.16.15_1,0,0
2024,05,UKR.16.16_1,0,0
2024,05,UKR.16.17_1,0,0
2024,05,UKR.16.18_1,0,0
2024,05,UKR.16.19_1,0,0
2024,05,UKR.16.2_1,0,0
2024,05,UKR.16.20_1,0,0
2024,05,UKR.16.21_1,0,0
2024,05,UKR.16.22_1,0,0
2024,05,UKR.16.3_1,0,0
2024,05,UKR.16.4_1,0,0
2024,05,UKR.16.5_1,0,0
2024,05,UKR.16.6_1,0,0
2024,05,UKR.16.7_1,0,0
2024,05,UKR.16.8_1,0,0
2024,05,UKR.16.9_1,0,0
2024,05,UKR.17.1_1,0,0
2024,05,UKR.17.10_1,0,0
2024,05,UKR.17.13_1,0,0
2024,05,UKR.17.14_1,0,0
2024,05,UKR.17.15_1,0,0
2024,05,UKR.17.16_1,0,0
2024,05,UKR.17.17_1,0,0
2024,05,UKR.17.18_1,0,0
2024,05,UKR.17.19_1,0,0
2024,05,UKR.17.2_1,0,0
2024,05,UKR.17.20_1,0,0
2024,05,UKR.17.21_1,0,0
2024,05,UKR.17.23_1,0,0
2024,05,UKR.17.24_1,0,0
2024,05,UKR.17.25_1,0,0
2024,05,UKR.17.26_1,0,0
2024,05,UKR.17.28_1,0,0
2024,05,UKR.17.29_1,0,0
2024,05,UKR.17.3_1,0,0
2024,05,UKR.17.4_1,0,0
2024,05,UKR.17.5_1,0,0
2024,05,UKR.17.6_1,0,0
2024,05,UKR.17.7_1,0,0
2024,05,UKR.17.9_1,0,0
2024,05,UKR.18.1_1,0,0
2024,05,UKR.18.10_1,0,0
2024,05,UKR.18.11_1,0,0
2024,05,UKR.18.12_1,0,0
2024,05,UKR.18.13_1,0,0
2024,05,UKR.18.14_1,0,0
2024,05,UKR.18.15_1,0,0
2024,05,UKR.18.16_1,0,0
2024,05,UKR.18.17_1,0,0
2024,05,UKR.18.18_1,0,0
2024,05,UKR.18.19_1,0,0
2024,05,UKR.18.2_1,0,0
2024,05,UKR.18.20_1,0,0
2024,05,UKR.18.21_1,0,0
2024,05,UKR.18.22_1,0,0
2024,05,UKR.18.23_1,0,0
2024,05,UKR.18.24_1,0,0
2024,05,UKR.18.25_1,0,0
2024,05,UKR.18.26_1,0,0
2024,05,UKR.18.27_1,0,0
2024,05,UKR.18.28_1,0,0
2024,05,UKR.18.29_1,0,0
2024,05,UKR.18.3_1,0,0
2024,05,UKR.18.4_1,0,0
2024,05,UKR.18.5_1,0,0
2024,05,UKR.18.6_1,0,0
2024,05,UKR.18.7_1,0,0
2024,05,UKR.18.8_1,0,0
2024,05,UKR.18.9_1,0,0
2024,05,UKR.19.1_1,0,0
2024,05,UKR.19.10_1,0,0
2024,05,UKR.19.11_1,0,0
2024,05,UKR.19.12_1,0,0
2024,05,UKR.19.13_1,0,0
2024,05,UKR.19.15_1,0,0
2024,05,UKR.19.16_1,0,0
2024,05,UKR.19.18_1,0,0
2024,05,UKR.19.2_1,0,0
2024,05,UKR.19.3_1,0,0
2024,05,UKR.19.4_1,0,0
2024,05,UKR.19.6_1,0,0
2024,05,UKR.19.7_1,0,0
2024,05,UKR.19.8_1,0,0
2024,05,UKR.19.9_1,0,0
2024,05,UKR.2.1_1,0,0
2024,05,UKR.2.11_1,0,0
2024,05,UKR.2.12_1,0,0
2024,05,UKR.2.13_1,0,0
2024,05,UKR.2.14_1,0,0
2024,05,UKR.2.16_1,0,0
2024,05,UKR.2.17_1,0,0
2024,05,UKR.2.19_1,0,0
2024,05,UKR.2.20_1,0,0
2024,05,UKR.2.21_1,0,0
2024,05,UKR.2.22_1,0,0
2024,05,UKR.2.23_1,0,0
2024,05,UKR.2.24_1,0,0
2024,05,UKR.2.25_1,0,0
2024,05,UKR.2.3_1,0,0
2024,05,UKR.2.4_1,0,0
2024,05,UKR.2.6_1,0,0
2024,05,UKR.2.7_1,0,0
2024,05,UKR.2.8_1,0,0
2024,05,UKR.2.9_1,0,0
2024,05,UKR.21.10_1,0,0
2024,05,UKR.21.11_1,0,0
2024,05,UKR.21.12_1,0,0
2024,05,UKR.21.13_1,0,0
2024,05,UKR.21.15_1,0,0
2024,05,UKR.21.16_1,0,0
2024,05,UKR.21.17_1,0,0
2024,05,UKR.21.18_1,0,0
2024,05,UKR.21.19_1,0,0
2024,05,UKR.21.2_1,0,0
2024,05,UKR.21.20_1,0,0
2024,05,UKR.21.22_1,0,0
2024,05,UKR.21.23_1,0,0
2024,05,UKR.21.4_1,0,0
2024,05,UKR.21.5_1,0,0
2024,05,UKR.21.6_1,0,0
2024,05,UKR.21.8_1,0,0
2024,05,UKR.21.9_1,0,0
2024,05,UKR.22.1_1,0,0
2024,05,UKR.22.10_1,0,0
2024,05,UKR.22.11_1,0,0
2024,05,UKR.22.12_1,0,0
2024,05,UKR.22.13_1,0,0
2024,05,UKR.22.14_1,0,0
2024,05,UKR.22.15_1,0,0
2024,05,UKR.22.16_1,0,0
2024,05,UKR.22.17_1,0,0
2024,05,UKR.22.18_1,0,0
2024,05,UKR.22.2_1,0,0
2024,05,UKR.22.3_1,0,0
2024,05,UKR.22.4_1,0,0
2024,05,UKR.22.5_1,0,0
2024,05,UKR.22.6_1,0,0
2024,05,UKR.22.7_1,0,0
2024,05,UKR.22.8_1,0,0
2024,05,UKR.22.9_1,0,0
2024,05,UKR.23.10_1,0,0
2024,05,UKR.23.14_1,0,0
2024,05,UKR.23.2_1,0,0
2024,05,UKR.23.3_1,0,0
2024,05,UKR.23.4_1,0,0
2024,05,UKR.23.5_1,0,0
2024,05,UKR.23.6_1,0,0
2024,05,UKR.23.8_1,0,0
2024,05,UKR.23.9_1,0,0
2024,05,UKR.24.1_1,0,0
2024,05,UKR.24.10_1,0,0
2024,05,UKR.24.11_1,0,0
2024,05,UKR.24.12_1,0,0
2024,05,UKR.24.15_1,0,0
2024,05,UKR.24.16_1,0,0
2024,05,UKR.24.18_1,0,0
2024,05,UKR.24.2_1,0,0
2024,05,UKR.24.20_1,0,0
2024,05,UKR.24.21_1,0,0
2024,05,UKR.24.22_1,0,0
2024,05,UKR.24.23_1,0,0
2024,05,UKR.24.24_1,0,0
2024,05,UKR.24.25_1,0,0
2024,05,UKR.24.26_1,0,0
2024,05,UKR.24.27_1,0,0
2024,05,UKR.24.28_1,0,0
2024,05,UKR.24.29_1,0,0
2024,05,UKR.24.3_1,0,0
2024,05,UKR.24.5_1,0,0
2024,05,UKR.24.6_1,0,0
2024,05,UKR.24.7_1,0,0
2024,05,UKR.24.8_1,0,0
2024,05,UKR.24.9_1,0,0
2024,05,UKR.25.1_1,0,0
2024,05,UKR.25.10_1,0,0
2024,05,UKR.25.11_1,0,0
2024,05,UKR.25.12_1,0,0
2024,05,UKR.25.13_1,0,0
2024,05,UKR.25.15_1,0,0
2024,05,UKR.25.17_1,0,0
2024,05,UKR.25.18_1,0,0
2024,05,UKR.25.19_1,0,0
2024,05,UKR.25.2_1,0,0
2024,05,UKR.25.3_1,0,0
2024,05,UKR.25.4_1,0,0
2024,05,UKR.25.5_1,0,0
2024,05,UKR.25.6_1,0,0
2024,05,UKR.25.8_1,0,0
2024,05,UKR.25.9_1,0,0
2024,05,UKR.26.1_1,0,0
2024,05,UKR.26.10_1,0,0
2024,05,UKR.26.11_1,0,0
2024,05,UKR.26.12_1,0,0
2024,05,UKR.26.13_1,0,0
2024,05,UKR.26.14_1,0,0
2024,05,UKR.26.15_1,0,0
2024,05,UKR.26.16_1,0,0
2024,05,UKR.26.17_1,0,0
2024,05,UKR.26.18_1,0,0
2024,05,UKR.26.19_1,0,0
2024,05,UKR.26.2_1,0,0
2024,05,UKR.26.20_1,0,0
2024,05,UKR.26.21_1,0,0
2024,05,UKR.26.22_1,0,0
2024,05,UKR.26.23_1,0,0
2024,05,UKR.26.24_1,0,0
2024,05,UKR.26.25_1,0,0
2024,05,UKR.26.3_1,0,0
2024,05,UKR.26.4_1,0,0
2024,05,UKR.26.5_1,0,0
2024,05,UKR.26.6_1,0,0
2024,05,UKR.26.7_1,0,0
2024,05,UKR.26.8_1,0,0
2024,05,UKR.26.9_1,0,0
2024,05,UKR.27.1_1,0,0
2024,05,UKR.27.10_1,0,0
2024,05,UKR.27.11_1,0,0
2024,05,UKR.27.12_1,0,0
2024,05,UKR.27.13_1,0,0
2024,05,UKR.27.14_1,0,0
2024,05,UKR.27.17_1,0,0
2024,05,UKR.27.18_1,0,0
2024,05,UKR.27.19_1,0,0
2024,05,UKR.27.2_1,0,0
2024,05,UKR.27.20_1,0,0
2024,05,UKR.27.23_1,0,0
2024,05,UKR.27.25_1,0,0
2024,05,UKR.27.26_1,0,0
2024,05,UKR.27.27_1,0,0
2024,05,UKR.27.3_1,0,0
2024,05,UKR.27.4_1,0,0
2024,05,UKR.27.6_1,0,0
2024,05,UKR.27.7_1,0,0
2024,05,UKR.27.8_1,0,0
2024,05,UKR.27.9_1,0,0
2024,05,UKR.3.1_1,0,0
2024,05,UKR.3.10_1,0,0
2024,05,UKR.3.11_1,0,0
2024,05,UKR.3.2_1,0,0
2024,05,UKR.3.4_1,0,0
2024,05,UKR.3.5_1,0,0
2024,05,UKR.3.7_1,0,0
2024,05,UKR.3.9_1,0,0
2024,05,UKR.5.1_1,0,0
2024,05,UKR.5.10_1,0,0
2024,05,UKR.5.11_1,0,0
2024,05,UKR.5.12_1,0,0
2024,05,UKR.5.13_1,0,0
2024,05,UKR.5.14_1,0,0
2024,05,UKR.5.15_1,0,0
2024,05,UKR.5.16_1,0,0
2024,05,UKR.5.17_1,0,0
2024,05,UKR.5.18_1,0,0
2024,05,UKR.5.19_1,0,0
2024,05,UKR.5.2_1,0,0
2024,05,UKR.5.20_1,0,0
2024,05,UKR.5.21_1,0,0
2024,05,UKR.5.22_1,0,0
2024,05,UKR.5.23_1,0,0
2024,05,UKR.5.24_1,0,0
2024,05,UKR.5.25_1,0,0
2024,05,UKR.5.26_1,0,0
2024,05,UKR.5.27_1,0,0
2024,05,UKR.5.28_1,0,0
2024,05,UKR.5.29_1,0,0
2024,05,UKR.5.3_1,0,0
2024,05,UKR.5.30_1,0,0
2024,05,UKR.5.31_1,0,0
2024,05,UKR.5.32_1,0,0
2024,05,UKR.5.4_1,0,0
2024,05,UKR.5.5_1,0,0
2024,05,UKR.5.6_1,0,0
2024,05,UKR.5.7_1,0,0
2024,05,UKR.5.8_1,0,0
2024,05,UKR.5.9_1,0,0
2024,05,UKR.6.1_1,0,0
2024,05,UKR.6.10_1,0,0
2024,05,UKR.6.11_1,0,0
2024,05,UKR.6.12_1,0,0
2024,05,UKR.6.13_1,0,0
2024,05,UKR.6.14_1,0,0
2024,05,UKR.6.15_1,0,0
2024,05,UKR.6.16_1,0,0
2024,05,UKR.6.17_1,0,0
2024,05,UKR.6.18_1,0,0
2024,05,UKR.6.19_1,0,0
2024,05,UKR.6.2_1,0,0
2024,05,UKR.6.20_1,0,0
2024,05,UKR.6.21_1,0,0
2024,05,UKR.6.22_1,0,0
2024,05,UKR.6.23_1,0,0
2024,05,UKR.6.24_1,0,0
2024,05,UKR.6.25_1,0,0
2024,05,UKR.6.26_1,0,0
2024,05,UKR.6.27_1,0,0
2024,05,UKR.6.28_1,0,0
2024,05,UKR.6.29_1,0,0
2024,05,UKR.6.3_1,0,0
2024,05,UKR.6.30_1,0,0
2024,05,UKR.6.31_1,0,0
2024,05,UKR.6.32_1,0,0
2024,05,UKR.6.33_1,0,0
2024,05,UKR.6.34_1,0,0
2024,05,UKR.6.35_1,0,0
2024,05,UKR.6.36_1,0,0
2024,05,UKR.6.37_1,0,0
2024,05,UKR.6.38_1,0,0
2024,05,UKR.6.39_1,0,0
2024,05,UKR.6.4_1,0,0
2024,05,UKR.6.40_1,0,0
2024,05,UKR.6.41_1,0,0
2024,05,UKR.6.42_1,0,0
2024,05,UKR.6.43_1,0,0
2024,05,UKR.6.44_1,0,0
2024,05,UKR.6.45_1,0,0
2024,05,UKR.6.46_1,0,0
2024,05,UKR.6.47_1,0,0
2024,05,UKR.6.48_1,0,0
2024,05,UKR.6.5_1,0,0
2024,05,UKR.6.6_1,0,0
2024,05,UKR.6.7_1,0,0
2024,05,UKR.6.8_1,0,0
2024,05,UKR.6.9_1,0,0
2024,05,UKR.7.1_1,0,0
2024,05,UKR.7.10_1,0,0
2024,05,UKR.7.11_1,0,0
2024,05,UKR.7.12_1,0,0
2024,05,UKR.7.13_1,0,0
2024,05,UKR.7.14_1,0,0
2024,05,UKR.7.15_1,0,0
2024,05,UKR.7.16_1,0,0
2024,05,UKR.7.2_1,0,0
2024,05,UKR.7.3_1,0,0
2024,05,UKR.7.4_1,0,0
2024,05,UKR.7.5_1,0,0
2024,05,UKR.7.6_1,0,0
2024,05,UKR.7.7_1,0,0
2024,05,UKR.7.8_1,0,0
2024,05,UKR.7.9_1,0,0
2024,05,UKR.8.1_1,0,0
2024,05,UKR.8.10_1,0,0
2024,05,UKR.8.11_1,0,0
2024,05,UKR.8.12_1,0,0
2024,05,UKR.8.13_1,0,0
2024,05,UKR.8.14_1,0,0
2024,05,UKR.8.15_1,0,0
2024,05,UKR.8.16_1,0,0
2024,05,UKR.8.17_1,0,0
2024,05,UKR.8.18_1,0,0
2024,05,UKR.8.19_1,0,0
2024,05,UKR.8.2_1,0,0
2024,05,UKR.8.20_1,0,0
2024,05,UKR.8.22_1,0,0
2024,05,UKR.8.23_1,0,0
2024,05,UKR.8.24_1,0,0
2024,05,UKR.8.25_1,0,0
2024,05,UKR.8.26_1,0,0
2024,05,UKR.8.27_1,0,0
2024,05,UKR.8.28_1,0,0
2024,05,UKR.8.29_1,0,0
2024,05,UKR.8.3_1,0,0
2024,05,UKR.8.30_1,0,0
2024,05,UKR.8.31_1,0,0
2024,05,UKR.8.32_1,0,0
2024,05,UKR.8.4_1,0,0
2024,05,UKR.8.5_1,0,0
2024,05,UKR.8.6_1,0,0
2024,05,UKR.8.7_1,0,0
2024,05,UKR.8.8_1,0,0
2024,05,UKR.8.9_1,0,0
2024,05,UKR.9.1_1,0,0
2024,05,UKR.9.10_1,0,0
2024,05,UKR.9.11_1,0,0
2024,05,UKR.9.13_1,0,0
2024,05,UKR.9.14_1,0,0
2024,05,UKR.9.15_1,0,0
2024,05,UKR.9.16_1,0,0
2024,05,UKR.9.17_1,0,0
2024,05,UKR.9.18_1,0,0
2024,05,UKR.9.19_1,0,0
2024,05,UKR.9.2_1,0,0
2024,05,UKR.9.20_1,0,0
2024,05,UKR.9.5_1,0,0
2024,05,UKR.9.6_1,0,0
2024,05,UKR.9.7_1,0,0
2024,05,UKR.9.8_1,0,0
