year,month,gid_2,est,se
2019,04,ALB.1.1_1,0.1966824644549763,0.744161272843461
2019,04,ALB.1.2_1,0.19549763033175357,0.7423610981186985
2019,04,ALB.1.3_1,0.13625592417061613,0.6380438856379709
2019,04,ALB.10.1_1,0.12085308056872038,0.6052966215005664
2019,04,ALB.10.2_1,0.12677725118483413,0.6182264957117253
2019,04,ALB.10.3_1,0.1184834123222749,0.6
2019,04,ALB.11.1_1,0.1966824644549763,0.744161272843461
2019,04,ALB.11.2_1,0.17180094786729858,0.7042016756583301
2019,04,ALB.2.1_1,0.037914691943127965,0.35200000000000004
2019,04,ALB.2.2_1,0.04976303317535546,0.4011782646156195
2019,04,ALB.2.3_1,0.099526066350710915,0.5547756303227459
2019,04,ALB.3.1_1,0.22274881516587677,0.781424340547439
2019,04,ALB.3.2_1,0.1943127962085308,0.7405511461067358
2019,04,ALB.5.1_1,0.1409952606635071,0.647577022445979
2019,04,ALB.5.2_1,0.17417061611374407,0.7082118327167374
2019,04,ALB.5.3_1,0.15521327014218012,0.6748007113214982
2019,04,ALB.7.1_1,0.07938388625592417,0.5000439980641703
2019,04,ALB.7.2_1,0.07701421800947868,0.493051721424842
2019,04,ALB.7.3_1,0.07819905213270142,0.49656419524569023
2019,04,ALB.7.4_1,0.11966824644549764,0.6026574483070793
2019,04,ALB.8.1_1,0.1018957345971564,0.5607280981010314
2019,04,ALB.8.2_1,0.07819905213270142,0.49656419524569023
2019,04,ALB.8.3_1,0.07109004739336493,0.4749736834815167
2019,04,ALB.9.2_1,0.19194312796208532,0.73690162165651385
2019,04,AUT.1.1_2,0.06635071090047394,0.4598434516223972
2019,04,AUT.1.2_2,0.040284360189573466,0.3624582734605461
2019,04,AUT.1.3_2,0.09478672985781991,0.5425863986500215
2019,04,AUT.1.4_2,0.12440758293838862,0.6131068422387733
2019,04,AUT.1.5_2,0.0924170616113744,0.5363431737236897
2019,04,AUT.1.6_2,0.07938388625592417,0.5000439980641703
2019,04,AUT.1.7_2,0.08056872037914693,0.5034918072819061
2019,04,AUT.1.8_2,0.07464454976303318,0.4859259202800361
2019,04,AUT.1.9_2,0.07819905213270142,0.49656419524569023
2019,04,AUT.2.5_2,0.07227488151658767,0.4786606313454241
2019,04,AUT.2.7_2,0.0971563981042654,0.5487294415283365
2019,04,AUT.2.8_2,0.11729857819905214,0.5973240326656881
2019,04,AUT.3.1_2,0.08886255924170616,0.5267826876426369
2019,04,AUT.3.10_2,0.07701421800947868,0.493051721424842
2019,04,AUT.3.11_2,0.09834123222748815,0.5517644424933523
2019,04,AUT.3.12_2,0.0924170616113744,0.5363431737236897
2019,04,AUT.3.13_2,0.06279620853080568,0.4480669592817573
2019,04,AUT.3.14_2,0.054502369668246446,0.4189701660023062
2019,04,AUT.3.15_2,0.08530805687203791,0.5169758214849124
2019,04,AUT.3.16_2,0.09123222748815166,0.5331828954495821
2019,04,AUT.3.17_2,0.07464454976303318,0.4859259202800361
2019,04,AUT.3.18_2,0.07819905213270142,0.49656419524569023
2019,04,AUT.3.19_2,0.06872037914691943,0.4674868982121317
2019,04,AUT.3.2_2,0.08412322274881516,0.5136496860701855
2019,04,AUT.3.20_2,0.1184834123222749,0.6
2019,04,AUT.3.21_2,0.07819905213270142,0.49656419524569023
2019,04,AUT.3.22_2,0.08767772511848342,0.5235417843878366
2019,04,AUT.3.23_2,0.11137440758293839,0.5836574337742988
2019,04,AUT.3.24_2,0.08530805687203791,0.5169758214849124
2019,04,AUT.3.3_2,0.061611374407582936,0.4440540507640933
2019,04,AUT.3.4_2,0.07109004739336493,0.4749736834815167
2019,04,AUT.3.5_2,0.09834123222748815,0.5517644424933523
2019,04,AUT.3.6_2,0.06398104265402843,0.4520353968440967
2019,04,AUT.3.7_2,0.08530805687203791,0.5169758214849124
2019,04,AUT.3.8_2,0.07109004739336493,0.4749736834815167
2019,04,AUT.3.9_2,0.0924170616113744,0.5363431737236897
2019,04,AUT.4.1_2,0.07938388625592417,0.5000439980641703
2019,04,AUT.4.10_2,0.08767772511848342,0.5235417843878366
2019,04,AUT.4.11_2,0.12085308056872038,0.6052966215005664
2019,04,AUT.4.12_2,0.18364928909952608,0.7238093671679029
2019,04,AUT.4.13_2,0.08175355450236968,0.5069082757264868
2019,04,AUT.4.14_2,0.11255924170616115,0.58642987645583
2019,04,AUT.4.15_2,0.09478672985781991,0.5425863986500215
2019,04,AUT.4.16_2,0.11492890995260664,0.5919155345148495
2019,04,AUT.4.17_2,0.1137440758293839,0.589182484464703
2019,04,AUT.4.18_2,0.10071090047393366,0.5577633906953736
2019,04,AUT.4.2_2,0.08649289099526065,0.5202730052578166
2019,04,AUT.4.3_2,0.21090047393364927,0.7650254897714193
2019,04,AUT.4.4_2,0.06990521327014218,0.47124940318264597
2019,04,AUT.4.5_2,0.16587677725118485,0.6939740629158989
2019,04,AUT.4.6_2,0.07227488151658767,0.4786606313454241
2019,04,AUT.4.7_2,0.0971563981042654,0.5487294415283365
2019,04,AUT.4.8_2,0.09478672985781991,0.5425863986500215
2019,04,AUT.4.9_2,0.1481042654028436,0.6614378277661477
2019,04,AUT.5.2_2,0.04383886255924171,0.37752350920174493
2019,04,AUT.5.5_2,0.0533175355450237,0.4146082488325576
2019,04,AUT.6.1_2,0.06635071090047394,0.4598434516223972
2019,04,AUT.6.10_2,0.07109004739336493,0.4749736834815167
2019,04,AUT.6.11_2,0.10545023696682464,0.5694874888880351
2019,04,AUT.6.12_2,0.07701421800947868,0.493051721424842
2019,04,AUT.6.13_2,0.08175355450236968,0.5069082757264868
2019,04,AUT.6.2_2,0.061611374407582936,0.4440540507640933
2019,04,AUT.6.3_2,0.08412322274881516,0.5136496860701855
2019,04,AUT.6.4_2,0.1137440758293839,0.589182484464703
2019,04,AUT.6.5_2,0.08530805687203791,0.5169758214849124
2019,04,AUT.6.6_2,0.14454976303317535,0.6545716156388085
2019,04,AUT.6.7_2,0.05568720379146919,0.42327768663136495
2019,04,AUT.6.8_2,0.0533175355450237,0.4146082488325576
2019,04,AUT.6.9_2,0.0509478672985782,0.40571418511065155
2019,04,AUT.7.1_2,0.013033175355450236,0.20860488968382307
2019,04,AUT.7.2_2,0.029620853080568724,0.3122498999199199
2019,04,AUT.7.3_2,0.05568720379146919,0.42327768663136495
2019,04,AUT.7.4_2,0.06635071090047394,0.4598434516223972
2019,04,AUT.7.5_2,0.07701421800947868,0.493051721424842
2019,04,AUT.7.6_2,0.013033175355450236,0.20860488968382307
2019,04,AUT.7.7_2,0.017772511848341232,0.24310491562286435
2019,04,AUT.7.8_2,0.029620853080568724,0.3122498999199199
2019,04,AUT.7.9_2,0.03317535545023697,0.32994545003682046
2019,04,AUT.8.1_2,0.029620853080568724,0.3122498999199199
2019,04,AUT.8.2_2,0.03909952606635071,0.3572730048576298
2019,04,AUT.8.3_2,0.054502369668246446,0.4189701660023062
2019,04,AUT.9.1_2,0.07109004739336493,0.4749736834815167
2019,04,AZE.2.1_1,0.1599526066350711,0.683447144993671
2019,04,AZE.2.11_1,0.21800947867298578,0.7749683864519894
2019,04,AZE.2.13_1,0.10900473933649289,0.578051900784004
2019,04,AZE.2.14_1,0.14454976303317535,0.6545716156388085
2019,04,AZE.2.16_1,0.10426540284360189,0.5665897987080248
2019,04,AZE.2.18_1,0.09834123222748815,0.5517644424933523
2019,04,AZE.2.19_1,0.11611374407582939,0.5946292962846684
2019,04,AZE.4.4_1,0.12796208530805686,0.620760823506123
2019,04,AZE.4.8_1,0.11018957345971564,0.5808648724100985
2019,04,AZE.7.3_1,0.14928909952606637,0.663698726833192
2019,04,AZE.7.5_1,0.06872037914691943,0.4674868982121317
2019,04,AZE.9.6_1,0.10900473933649289,0.578051900784004
2019,04,BEL.1.1_1,0.0924170616113744,0.5363431737236897
2019,04,BEL.2_1,0.11018957345971564,0.5808648724100985
2019,04,BEL.2.1_1,0.10426540284360189,0.5665897987080248
2019,04,BEL.2.2_1,0.09834123222748815,0.5517644424933523
2019,04,BEL.2.3_1,0.08530805687203791,0.5169758214849124
2019,04,BEL.2.4_1,0.08649289099526065,0.5202730052578166
2019,04,BEL.2.5_1,0.09123222748815166,0.5331828954495821
2019,04,BEL.3.3_1,0.06990521327014218,0.47124940318264597
2019,04,BEL.3.4_1,0.11137440758293839,0.5836574337742988
2019,04,BEL.3.5_1,0.09478672985781991,0.5425863986500215
2019,04,BGR.1.1_1,0.09123222748815166,0.5331828954495821
2019,04,BGR.1.10_1,0.0924170616113744,0.5363431737236897
2019,04,BGR.1.2_1,0.07938388625592417,0.5000439980641703
2019,04,BGR.1.5_1,0.1184834123222749,0.6
2019,04,BGR.1.9_1,0.06635071090047394,0.4598434516223972
2019,04,BGR.11.10_1,0.08767772511848342,0.5235417843878366
2019,04,BGR.11.7_1,0.09123222748815166,0.5331828954495821
2019,04,BGR.11.8_1,0.10426540284360189,0.5665897987080248
2019,04,BGR.12.5_1,0.099526066350710915,0.5547756303227459
2019,04,BGR.14.10_1,0.08530805687203791,0.5169758214849124
2019,04,BGR.14.11_1,0.09478672985781991,0.5425863986500215
2019,04,BGR.14.14_1,0.08175355450236968,0.5069082757264868
2019,04,BGR.14.4_1,0.09360189573459717,0.5394775250184201
2019,04,BGR.14.8_1,0.06398104265402843,0.4520353968440967
2019,04,BGR.2.1_1,0.14336492890995262,0.6522545515364381
2019,04,BGR.2.2_1,0.12440758293838862,0.6131068422387733
2019,04,BGR.2.3_1,0.11966824644549764,0.6026574483070793
2019,04,BGR.24.2_1,0.14218009478672985,0.6499230723708768
2019,04,BGR.24.3_1,0.14928909952606637,0.663698726833192
2019,04,BGR.24.6_1,0.12559241706161137,0.6156752390668314
2019,04,BGR.24.9_1,0.10545023696682464,0.5694874888880351
2019,04,BGR.3.3_1,0.09123222748815166,0.5331828954495821
2019,04,BGR.5.1_1,0.11492890995260664,0.5919155345148495
2019,04,BGR.6.2_1,0.07345971563981042,0.4823111029200966
2019,04,BGR.6.5_1,0.08412322274881516,0.5136496860701855
2019,04,BGR.6.6_1,0.11492890995260664,0.5919155345148495
2019,04,BIH.2.10_1,0.12440758293838862,0.6131068422387733
2019,04,BIH.2.2_1,0.11137440758293839,0.5836574337742988
2019,04,BIH.2.3_1,0.17890995260663506,0.7160977586894125
2019,04,BIH.2.4_1,0.14928909952606637,0.663698726833192
2019,04,BIH.2.6_1,0.11255924170616115,0.58642987645583
2019,04,BIH.2.7_1,0.08412322274881516,0.5136496860701855
2019,04,BIH.2.9_1,0.13981042654028436,0.645216242820963
2019,04,BIH.3.1_1,0.11966824644549764,0.6026574483070793
2019,04,BIH.3.3_1,0.10781990521327015,0.5752182194611015
2019,04,BIH.3.5_1,0.1848341232227488,0.7257106861553024
2019,04,BIH.3.7_1,0.09123222748815166,0.5331828954495821
2019,04,BLR.1.16_1,0.03317535545023697,0.32994545003682046
2019,04,BLR.1.2_1,0.034360189573459717,0.33561287222036046
2019,04,BLR.1.6_1,0.03909952606635071,0.3572730048576298
2019,04,CHE.1.1_1,0.09004739336492891,0.5299962264016603
2019,04,CHE.1.10_1,0.06872037914691943,0.4674868982121317
2019,04,CHE.1.11_1,0.10900473933649289,0.578051900784004
2019,04,CHE.1.2_1,0.099526066350710915,0.5547756303227459
2019,04,CHE.1.3_1,0.1137440758293839,0.589182484464703
2019,04,CHE.1.4_1,0.1137440758293839,0.589182484464703
2019,04,CHE.1.5_1,0.06872037914691943,0.4674868982121317
2019,04,CHE.1.6_1,0.1137440758293839,0.589182484464703
2019,04,CHE.1.7_1,0.09597156398104266,0.5456702300840682
2019,04,CHE.1.8_1,0.08412322274881516,0.5136496860701855
2019,04,CHE.1.9_1,0.10071090047393366,0.5577633906953736
2019,04,CHE.10.1_1,0.03317535545023697,0.32994545003682046
2019,04,CHE.10.10_1,0.021327014218009477,0.265902237673924
2019,04,CHE.10.11_1,0.021327014218009477,0.265902237673924
2019,04,CHE.10.3_1,0.02488151658767773,0.2867681990737466
2019,04,CHE.10.4_1,0.017772511848341232,0.24310491562286435
2019,04,CHE.10.5_1,0.014218009478672987,0.21777052142105918
2019,04,CHE.10.6_1,0.015402843601895734,0.22654800815721157
2019,04,CHE.10.7_1,0.008293838862559242,0.16674531477675766
2019,04,CHE.10.8_1,0.018957345971563982,0.25095019426172993
2019,04,CHE.10.9_1,0.017772511848341232,0.24310491562286435
2019,04,CHE.11.1_1,0.11255924170616115,0.58642987645583
2019,04,CHE.11.2_1,0.268957345971564,0.8377851753283774
2019,04,CHE.11.3_1,0.06516587677725119,0.45596052460711994
2019,04,CHE.12.1_1,0.026066350710900472,0.29336666477294243
2019,04,CHE.12.2_1,0.09123222748815166,0.5331828954495821
2019,04,CHE.12.3_1,0.06753554502369669,0.4636852380656516
2019,04,CHE.12.4_1,0.054502369668246446,0.4189701660023062
2019,04,CHE.12.5_1,0.11492890995260664,0.5919155345148495
2019,04,CHE.13.1_1,0.10781990521327015,0.5752182194611015
2019,04,CHE.13.2_1,0.07701421800947868,0.493051721424842
2019,04,CHE.13.3_1,0.11137440758293839,0.5836574337742988
2019,04,CHE.13.4_1,0.07819905213270142,0.49656419524569023
2019,04,CHE.13.5_1,0.10426540284360189,0.5665897987080248
2019,04,CHE.13.6_1,0.08649289099526065,0.5202730052578166
2019,04,CHE.14.1_1,0.021327014218009477,0.265902237673924
2019,04,CHE.15.1_1,0.034360189573459717,0.33561287222036046
2019,04,CHE.16.1_1,0.08293838862559243,0.510294032886923
2019,04,CHE.16.2_1,0.10781990521327015,0.5752182194611015
2019,04,CHE.16.3_1,0.1018957345971564,0.5607280981010314
2019,04,CHE.16.4_1,0.018957345971563982,0.25095019426172993
2019,04,CHE.16.5_1,0.042654028436018954,0.37258019271024057
2019,04,CHE.16.6_1,0.0509478672985782,0.40571418511065155
2019,04,CHE.16.7_1,0.0485781990521327,0.39658038277252194
2019,04,CHE.16.8_1,0.0971563981042654,0.5487294415283365
2019,04,CHE.17.1_1,0.1137440758293839,0.589182484464703
2019,04,CHE.17.2_1,0.12203791469194313,0.6079177575955484
2019,04,CHE.17.3_1,0.1457345971563981,0.656874417221435
2019,04,CHE.17.4_1,0.12203791469194313,0.6079177575955484
2019,04,CHE.17.5_1,0.13625592417061613,0.6380438856379709
2019,04,CHE.18.1_1,0.058056872037914695,0.4317360304630597
2019,04,CHE.18.2_1,0.018957345971563982,0.25095019426172993
2019,04,CHE.18.3_1,0.06990521327014218,0.47124940318264597
2019,04,CHE.18.4_1,0.06042654028436019,0.4399954545219757
2019,04,CHE.18.5_1,0.07345971563981042,0.4823111029200966
2019,04,CHE.18.6_1,0.015402843601895734,0.22654800815721157
2019,04,CHE.19.1_1,0.10426540284360189,0.5665897987080248
2019,04,CHE.19.10_1,0.09123222748815166,0.5331828954495821
2019,04,CHE.19.2_1,0.08530805687203791,0.5169758214849124
2019,04,CHE.19.3_1,0.06753554502369669,0.4636852380656516
2019,04,CHE.19.4_1,0.07582938388625593,0.48950587330490736
2019,04,CHE.19.5_1,0.06872037914691943,0.4674868982121317
2019,04,CHE.19.6_1,0.09597156398104266,0.5456702300840682
2019,04,CHE.19.7_1,0.08649289099526065,0.5202730052578166
2019,04,CHE.19.8_1,0.0924170616113744,0.5363431737236897
2019,04,CHE.19.9_1,0.09123222748815166,0.5331828954495821
2019,04,CHE.2.1_1,0.06042654028436019,0.4399954545219757
2019,04,CHE.20.1_1,0.17772511848341233,0.714142842854285
2019,04,CHE.20.2_1,0.11018957345971564,0.5808648724100985
2019,04,CHE.20.5_1,0.1137440758293839,0.589182484464703
2019,04,CHE.20.6_1,0.11492890995260664,0.5919155345148495
2019,04,CHE.20.7_1,0.08530805687203791,0.5169758214849124
2019,04,CHE.20.8_1,0.11018957345971564,0.5808648724100985
2019,04,CHE.20.9_1,0.10426540284360189,0.5665897987080248
2019,04,CHE.21.1_1,0.030805687203791468,0.3182703253525217
2019,04,CHE.21.2_1,0.010663507109004738,0.18888091486436634
2019,04,CHE.21.3_1,0.011848341232227489,0.19899748742132398
2019,04,CHE.21.4_1,0.021327014218009477,0.265902237673924
2019,04,CHE.21.5_1,0.07819905213270142,0.49656419524569023
2019,04,CHE.21.6_1,0.11611374407582939,0.5946292962846684
2019,04,CHE.21.7_1,0.02488151658767773,0.2867681990737466
2019,04,CHE.21.8_1,0.008293838862559242,0.16674531477675766
2019,04,CHE.22.1_1,0.016587677725118485,0.23498085028359225
2019,04,CHE.23.1_1,0.0485781990521327,0.39658038277252194
2019,04,CHE.23.10_1,0.021327014218009477,0.265902237673924
2019,04,CHE.23.11_1,0.008293838862559242,0.16674531477675766
2019,04,CHE.23.12_1,0.035545023696682464,0.3411744421846396
2019,04,CHE.23.13_1,0.016587677725118485,0.23498085028359225
2019,04,CHE.23.14_1,0.021327014218009477,0.265902237673924
2019,04,CHE.23.2_1,0.035545023696682464,0.3411744421846396
2019,04,CHE.23.3_1,0.0059241706161137445,0.14106735979665883
2019,04,CHE.23.4_1,0.020142180094786733,0.25854206620973696
2019,04,CHE.23.5_1,0.014218009478672987,0.21777052142105918
2019,04,CHE.23.6_1,0.010663507109004738,0.18888091486436634
2019,04,CHE.23.7_1,0.017772511848341232,0.24310491562286435
2019,04,CHE.23.8_1,0.026066350710900472,0.29336666477294243
2019,04,CHE.23.9_1,0.027251184834123223,0.29980660433019146
2019,04,CHE.24.1_1,0.022511848341232227,0.2730494460715861
2019,04,CHE.24.10_1,0.022511848341232227,0.2730494460715861
2019,04,CHE.24.2_1,0.09478672985781991,0.5425863986500215
2019,04,CHE.24.3_1,0.08530805687203791,0.5169758214849124
2019,04,CHE.24.4_1,0.08293838862559243,0.510294032886923
2019,04,CHE.24.5_1,0.12914691943127962,0.6232784289545082
2019,04,CHE.24.6_1,0.08767772511848342,0.5235417843878366
2019,04,CHE.24.7_1,0.1066350710900474,0.5723635208501674
2019,04,CHE.24.8_1,0.06635071090047394,0.4598434516223972
2019,04,CHE.24.9_1,0.1457345971563981,0.656874417221435
2019,04,CHE.25.1_1,0.06990521327014218,0.47124940318264597
2019,04,CHE.26.1_1,0.08175355450236968,0.5069082757264868
2019,04,CHE.26.10_1,0.12085308056872038,0.6052966215005664
2019,04,CHE.26.11_1,0.10781990521327015,0.5752182194611015
2019,04,CHE.26.12_1,0.09597156398104266,0.5456702300840682
2019,04,CHE.26.13_1,0.099526066350710915,0.5547756303227459
2019,04,CHE.26.2_1,0.11255924170616115,0.58642987645583
2019,04,CHE.26.3_1,0.10545023696682464,0.5694874888880351
2019,04,CHE.26.4_1,0.10781990521327015,0.5752182194611015
2019,04,CHE.26.5_1,0.09123222748815166,0.5331828954495821
2019,04,CHE.26.6_1,0.08649289099526065,0.5202730052578166
2019,04,CHE.26.7_1,0.10781990521327015,0.5752182194611015
2019,04,CHE.26.8_1,0.1018957345971564,0.5607280981010314
2019,04,CHE.26.9_1,0.07582938388625593,0.48950587330490736
2019,04,CHE.3.1_1,0.017772511848341232,0.24310491562286435
2019,04,CHE.4.1_1,0.10071090047393366,0.5577633906953736
2019,04,CHE.4.2_1,0.08293838862559243,0.510294032886923
2019,04,CHE.4.3_1,0.08767772511848342,0.5235417843878366
2019,04,CHE.4.4_1,0.08293838862559243,0.510294032886923
2019,04,CHE.4.5_1,0.06872037914691943,0.4674868982121317
2019,04,CHE.5.2_1,0.10308056872037914,0.5636701162914352
2019,04,CHE.6.1_1,0.07109004739336493,0.4749736834815167
2019,04,CHE.6.10_1,0.0059241706161137445,0.14106735979665883
2019,04,CHE.6.11_1,0.021327014218009477,0.265902237673924
2019,04,CHE.6.12_1,0.03672985781990521,0.34663525498714065
2019,04,CHE.6.13_1,0.06872037914691943,0.4674868982121317
2019,04,CHE.6.14_1,0.06398104265402843,0.4520353968440967
2019,04,CHE.6.15_1,0.08886255924170616,0.5267826876426369
2019,04,CHE.6.16_1,0.06990521327014218,0.47124940318264597
2019,04,CHE.6.17_1,0.02488151658767773,0.2867681990737466
2019,04,CHE.6.18_1,0.0071090047393364934,0.1544538766104626
2019,04,CHE.6.19_1,0.013033175355450236,0.20860488968382307
2019,04,CHE.6.2_1,0.1018957345971564,0.5607280981010314
2019,04,CHE.6.21_1,0.04146919431279621,0.3675595189897821
2019,04,CHE.6.22_1,0.045023696682464455,0.38239246854507997
2019,04,CHE.6.23_1,0.06516587677725119,0.45596052460711994
2019,04,CHE.6.24_1,0.040284360189573466,0.3624582734605461
2019,04,CHE.6.25_1,0.16587677725118485,0.6939740629158989
2019,04,CHE.6.26_1,0.07227488151658767,0.4786606313454241
2019,04,CHE.6.3_1,0.058056872037914695,0.4317360304630597
2019,04,CHE.6.4_1,0.08767772511848342,0.5235417843878366
2019,04,CHE.6.5_1,0.11966824644549764,0.6026574483070793
2019,04,CHE.6.6_1,0.04383886255924171,0.37752350920174493
2019,04,CHE.6.7_1,0.07819905213270142,0.49656419524569023
2019,04,CHE.6.8_1,0.08412322274881516,0.5136496860701855
2019,04,CHE.6.9_1,0.07819905213270142,0.49656419524569023
2019,04,CHE.7.1_1,0.14691943127962084,0.6591631057636645
2019,04,CHE.7.2_1,0.099526066350710915,0.5547756303227459
2019,04,CHE.7.3_1,0.06990521327014218,0.47124940318264597
2019,04,CHE.7.4_1,0.08530805687203791,0.5169758214849124
2019,04,CHE.7.5_1,0.06990521327014218,0.47124940318264597
2019,04,CHE.7.6_1,0.08649289099526065,0.5202730052578166
2019,04,CHE.7.7_1,0.07819905213270142,0.49656419524569023
2019,04,CHE.8.1_1,0.09123222748815166,0.5331828954495821
2019,04,CHE.9.1_1,0.022511848341232227,0.2730494460715861
2019,04,CYP.2_1,0.3921800947867299,0.9411461098044235
2019,04,CZE.1.1_1,0.09834123222748815,0.5517644424933523
2019,04,CZE.1.6_1,0.09478672985781991,0.5425863986500215
2019,04,CZE.10.3_1,0.09123222748815166,0.5331828954495821
2019,04,CZE.12.10_1,0.07582938388625593,0.48950587330490736
2019,04,CZE.12.4_1,0.08175355450236968,0.5069082757264868
2019,04,CZE.2.3_1,0.07109004739336493,0.4749736834815167
2019,04,CZE.2.4_1,0.08530805687203791,0.5169758214849124
2019,04,CZE.9.4_1,0.09123222748815166,0.5331828954495821
2019,04,DEU.1.10_1,0.12203791469194313,0.6079177575955484
2019,04,DEU.1.12_1,0.12203791469194313,0.6079177575955484
2019,04,DEU.1.13_1,0.1184834123222749,0.6
2019,04,DEU.1.15_1,0.12440758293838862,0.6131068422387733
2019,04,DEU.1.2_1,0.11018957345971564,0.5808648724100985
2019,04,DEU.1.20_1,0.13507109004739337,0.6356225294937239
2019,04,DEU.1.21_1,0.11492890995260664,0.5919155345148495
2019,04,DEU.1.22_1,0.12322274881516587,0.6105210889068452
2019,04,DEU.1.23_1,0.099526066350710915,0.5547756303227459
2019,04,DEU.1.26_1,0.1018957345971564,0.5607280981010314
2019,04,DEU.1.27_1,0.11018957345971564,0.5808648724100985
2019,04,DEU.1.28_1,0.10781990521327015,0.5752182194611015
2019,04,DEU.1.3_1,0.09004739336492891,0.5299962264016603
2019,04,DEU.1.30_1,0.13270142180094788,0.6307329070216647
2019,04,DEU.1.31_1,0.12203791469194313,0.6079177575955484
2019,04,DEU.1.35_1,0.11137440758293839,0.5836574337742988
2019,04,DEU.1.36_1,0.10308056872037914,0.5636701162914352
2019,04,DEU.1.38_1,0.09834123222748815,0.5517644424933523
2019,04,DEU.1.42_1,0.09360189573459717,0.5394775250184201
2019,04,DEU.1.43_1,0.10900473933649289,0.578051900784004
2019,04,DEU.1.44_1,0.099526066350710915,0.5547756303227459
2019,04,DEU.1.7_1,0.1066350710900474,0.5723635208501674
2019,04,DEU.1.8_1,0.0924170616113744,0.5363431737236897
2019,04,DEU.1.9_1,0.09478672985781991,0.5425863986500215
2019,04,DEU.10.1_1,0.11018957345971564,0.5808648724100985
2019,04,DEU.10.10_1,0.09004739336492891,0.5299962264016603
2019,04,DEU.10.15_1,0.1018957345971564,0.5607280981010314
2019,04,DEU.10.18_1,0.11492890995260664,0.5919155345148495
2019,04,DEU.10.19_1,0.09834123222748815,0.5517644424933523
2019,04,DEU.10.22_1,0.11137440758293839,0.5836574337742988
2019,04,DEU.10.23_1,0.10900473933649289,0.578051900784004
2019,04,DEU.10.25_1,0.09597156398104266,0.5456702300840682
2019,04,DEU.10.27_1,0.10426540284360189,0.5665897987080248
2019,04,DEU.10.29_1,0.10071090047393366,0.5577633906953736
2019,04,DEU.10.30_1,0.07819905213270142,0.49656419524569023
2019,04,DEU.10.32_1,0.08649289099526065,0.5202730052578166
2019,04,DEU.10.33_1,0.10545023696682464,0.5694874888880351
2019,04,DEU.10.37_1,0.07464454976303318,0.4859259202800361
2019,04,DEU.10.38_1,0.09360189573459717,0.5394775250184201
2019,04,DEU.10.4_1,0.1066350710900474,0.5723635208501674
2019,04,DEU.10.41_1,0.08175355450236968,0.5069082757264868
2019,04,DEU.10.47_1,0.11137440758293839,0.5836574337742988
2019,04,DEU.10.48_1,0.10071090047393366,0.5577633906953736
2019,04,DEU.10.50_1,0.10781990521327015,0.5752182194611015
2019,04,DEU.10.51_1,0.11966824644549764,0.6026574483070793
2019,04,DEU.10.52_1,0.10545023696682464,0.5694874888880351
2019,04,DEU.10.6_1,0.09123222748815166,0.5331828954495821
2019,04,DEU.10.8_1,0.07819905213270142,0.49656419524569023
2019,04,DEU.10.9_1,0.08767772511848342,0.5235417843878366
2019,04,DEU.11.1_1,0.052132701421800945,0.4101901997854166
2019,04,DEU.11.10_1,0.1137440758293839,0.589182484464703
2019,04,DEU.11.11_1,0.09123222748815166,0.5331828954495821
2019,04,DEU.11.12_1,0.12559241706161137,0.6156752390668314
2019,04,DEU.11.13_1,0.12914691943127962,0.6232784289545082
2019,04,DEU.11.14_1,0.10900473933649289,0.578051900784004
2019,04,DEU.11.15_1,0.08767772511848342,0.5235417843878366
2019,04,DEU.11.16_1,0.10781990521327015,0.5752182194611015
2019,04,DEU.11.17_1,0.07701421800947868,0.493051721424842
2019,04,DEU.11.19_1,0.10426540284360189,0.5665897987080248
2019,04,DEU.11.2_1,0.099526066350710915,0.5547756303227459
2019,04,DEU.11.21_1,0.08649289099526065,0.5202730052578166
2019,04,DEU.11.22_1,0.13862559241706163,0.6428405712149786
2019,04,DEU.11.23_1,0.11137440758293839,0.5836574337742988
2019,04,DEU.11.24_1,0.07109004739336493,0.4749736834815167
2019,04,DEU.11.25_1,0.10426540284360189,0.5665897987080248
2019,04,DEU.11.26_1,0.12203791469194313,0.6079177575955484
2019,04,DEU.11.27_1,0.10781990521327015,0.5752182194611015
2019,04,DEU.11.29_1,0.07582938388625593,0.48950587330490736
2019,04,DEU.11.3_1,0.07938388625592417,0.5000439980641703
2019,04,DEU.11.30_1,0.06990521327014218,0.47124940318264597
2019,04,DEU.11.31_1,0.09360189573459717,0.5394775250184201
2019,04,DEU.11.32_1,0.0924170616113744,0.5363431737236897
2019,04,DEU.11.33_1,0.07819905213270142,0.49656419524569023
2019,04,DEU.11.34_1,0.11137440758293839,0.5836574337742988
2019,04,DEU.11.4_1,0.11018957345971564,0.5808648724100985
2019,04,DEU.11.5_1,0.10781990521327015,0.5752182194611015
2019,04,DEU.11.6_1,0.1066350710900474,0.5723635208501674
2019,04,DEU.11.7_1,0.10545023696682464,0.5694874888880351
2019,04,DEU.11.8_1,0.08649289099526065,0.5202730052578166
2019,04,DEU.11.9_1,0.07701421800947868,0.493051721424842
2019,04,DEU.13.1_1,0.08412322274881516,0.5136496860701855
2019,04,DEU.13.10_1,0.07938388625592417,0.5000439980641703
2019,04,DEU.13.11_1,0.08530805687203791,0.5169758214849124
2019,04,DEU.13.12_1,0.08293838862559243,0.510294032886923
2019,04,DEU.13.13_1,0.08175355450236968,0.5069082757264868
2019,04,DEU.13.14_1,0.09360189573459717,0.5394775250184201
2019,04,DEU.13.2_1,0.0971563981042654,0.5487294415283365
2019,04,DEU.13.3_1,0.09123222748815166,0.5331828954495821
2019,04,DEU.13.4_1,0.07819905213270142,0.49656419524569023
2019,04,DEU.13.5_1,0.08530805687203791,0.5169758214849124
2019,04,DEU.13.6_1,0.09123222748815166,0.5331828954495821
2019,04,DEU.13.7_1,0.07464454976303318,0.4859259202800361
2019,04,DEU.13.8_1,0.08886255924170616,0.5267826876426369
2019,04,DEU.13.9_1,0.07345971563981042,0.4823111029200966
2019,04,DEU.14.1_1,0.08886255924170616,0.5267826876426369
2019,04,DEU.14.10_1,0.06872037914691943,0.4674868982121317
2019,04,DEU.14.11_1,0.058056872037914695,0.4317360304630597
2019,04,DEU.14.3_1,0.07938388625592417,0.5000439980641703
2019,04,DEU.14.5_1,0.07819905213270142,0.49656419524569023
2019,04,DEU.14.6_1,0.08412322274881516,0.5136496860701855
2019,04,DEU.14.7_1,0.07582938388625593,0.48950587330490736
2019,04,DEU.14.8_1,0.0924170616113744,0.5363431737236897
2019,04,DEU.15.1_1,0.07464454976303318,0.4859259202800361
2019,04,DEU.15.10_1,0.0924170616113744,0.5363431737236897
2019,04,DEU.15.11_1,0.10781990521327015,0.5752182194611015
2019,04,DEU.15.12_1,0.0971563981042654,0.5487294415283365
2019,04,DEU.15.13_1,0.0971563981042654,0.5487294415283365
2019,04,DEU.15.14_1,0.0924170616113744,0.5363431737236897
2019,04,DEU.15.15_1,0.10545023696682464,0.5694874888880351
2019,04,DEU.15.3_1,0.099526066350710915,0.5547756303227459
2019,04,DEU.15.6_1,0.099526066350710915,0.5547756303227459
2019,04,DEU.15.7_1,0.07345971563981042,0.4823111029200966
2019,04,DEU.15.8_1,0.09360189573459717,0.5394775250184201
2019,04,DEU.15.9_1,0.10308056872037914,0.5636701162914352
2019,04,DEU.16.11_1,0.06398104265402843,0.4520353968440967
2019,04,DEU.16.13_1,0.08293838862559243,0.510294032886923
2019,04,DEU.16.21_1,0.08175355450236968,0.5069082757264868
2019,04,DEU.2.12_1,0.09123222748815166,0.5331828954495821
2019,04,DEU.2.17_1,0.047393364928909956,0.39191835884530846
2019,04,DEU.2.2_1,0.08412322274881516,0.5136496860701855
2019,04,DEU.2.21_1,0.19075829383886256,0.7350619021551859
2019,04,DEU.2.26_1,0.07938388625592417,0.5000439980641703
2019,04,DEU.2.27_1,0.09004739336492891,0.5299962264016603
2019,04,DEU.2.28_1,0.09834123222748815,0.5517644424933523
2019,04,DEU.2.33_1,0.09123222748815166,0.5331828954495821
2019,04,DEU.2.35_1,0.20142180094786732,0.7512655988397179
2019,04,DEU.2.37_1,0.02488151658767773,0.2867681990737466
2019,04,DEU.2.42_1,0.09597156398104266,0.5456702300840682
2019,04,DEU.2.49_1,0.07819905213270142,0.49656419524569023
2019,04,DEU.2.54_1,0.08767772511848342,0.5235417843878366
2019,04,DEU.2.57_1,0.11966824644549764,0.6026574483070793
2019,04,DEU.2.59_1,0.09004739336492891,0.5299962264016603
2019,04,DEU.2.60_1,0.06990521327014218,0.47124940318264597
2019,04,DEU.2.62_1,0.09004739336492891,0.5299962264016603
2019,04,DEU.2.68_1,0.03672985781990521,0.34663525498714065
2019,04,DEU.2.72_1,0.11611374407582939,0.5946292962846684
2019,04,DEU.2.77_1,0.08886255924170616,0.5267826876426369
2019,04,DEU.2.78_1,0.0509478672985782,0.40571418511065155
2019,04,DEU.2.85_1,0.07464454976303318,0.4859259202800361
2019,04,DEU.2.89_1,0.061611374407582936,0.4440540507640933
2019,04,DEU.2.93_1,0.07582938388625593,0.48950587330490736
2019,04,DEU.3.1_1,0.06516587677725119,0.45596052460711994
2019,04,DEU.4.1_1,0.06042654028436019,0.4399954545219757
2019,04,DEU.4.10_1,0.06872037914691943,0.4674868982121317
2019,04,DEU.4.11_1,0.08530805687203791,0.5169758214849124
2019,04,DEU.4.12_1,0.08056872037914693,0.5034918072819061
2019,04,DEU.4.13_1,0.09004739336492891,0.5299962264016603
2019,04,DEU.4.15_1,0.0924170616113744,0.5363431737236897
2019,04,DEU.4.16_1,0.07345971563981042,0.4823111029200966
2019,04,DEU.4.17_1,0.08649289099526065,0.5202730052578166
2019,04,DEU.4.18_1,0.07582938388625593,0.48950587330490736
2019,04,DEU.4.2_1,0.08649289099526065,0.5202730052578166
2019,04,DEU.4.3_1,0.07938388625592417,0.5000439980641703
2019,04,DEU.4.4_1,0.07345971563981042,0.4823111029200966
2019,04,DEU.4.5_1,0.08056872037914693,0.5034918072819061
2019,04,DEU.4.7_1,0.1066350710900474,0.5723635208501674
2019,04,DEU.4.8_1,0.06990521327014218,0.47124940318264597
2019,04,DEU.4.9_1,0.09597156398104266,0.5456702300840682
2019,04,DEU.7.1_1,0.10071090047393366,0.5577633906953736
2019,04,DEU.7.10_1,0.09597156398104266,0.5456702300840682
2019,04,DEU.7.11_1,0.10071090047393366,0.5577633906953736
2019,04,DEU.7.12_1,0.099526066350710915,0.5547756303227459
2019,04,DEU.7.13_1,0.09478672985781991,0.5425863986500215
2019,04,DEU.7.14_1,0.08056872037914693,0.5034918072819061
2019,04,DEU.7.15_1,0.0924170616113744,0.5363431737236897
2019,04,DEU.7.16_1,0.07582938388625593,0.48950587330490736
2019,04,DEU.7.17_1,0.08767772511848342,0.5235417843878366
2019,04,DEU.7.18_1,0.08293838862559243,0.510294032886923
2019,04,DEU.7.19_1,0.09478672985781991,0.5425863986500215
2019,04,DEU.7.2_1,0.10545023696682464,0.5694874888880351
2019,04,DEU.7.20_1,0.0971563981042654,0.5487294415283365
2019,04,DEU.7.21_1,0.09478672985781991,0.5425863986500215
2019,04,DEU.7.22_1,0.08649289099526065,0.5202730052578166
2019,04,DEU.7.23_1,0.0971563981042654,0.5487294415283365
2019,04,DEU.7.24_1,0.1018957345971564,0.5607280981010314
2019,04,DEU.7.25_1,0.07938388625592417,0.5000439980641703
2019,04,DEU.7.3_1,0.09478672985781991,0.5425863986500215
2019,04,DEU.7.4_1,0.07819905213270142,0.49656419524569023
2019,04,DEU.7.5_1,0.08175355450236968,0.5069082757264868
2019,04,DEU.7.6_1,0.09597156398104266,0.5456702300840682
2019,04,DEU.7.7_1,0.10900473933649289,0.578051900784004
2019,04,DEU.7.8_1,0.08886255924170616,0.5267826876426369
2019,04,DEU.7.9_1,0.09004739336492891,0.5299962264016603
2019,04,DEU.8.1_1,0.07345971563981042,0.4823111029200966
2019,04,DEU.8.2_1,0.09123222748815166,0.5331828954495821
2019,04,DEU.8.3_1,0.08293838862559243,0.510294032886923
2019,04,DEU.8.5_1,0.07464454976303318,0.4859259202800361
2019,04,DEU.8.6_1,0.06516587677725119,0.45596052460711994
2019,04,DEU.8.7_1,0.08649289099526065,0.5202730052578166
2019,04,DEU.8.8_1,0.09123222748815166,0.5331828954495821
2019,04,DEU.9.1_1,0.10426540284360189,0.5665897987080248
2019,04,DEU.9.10_1,0.06042654028436019,0.4399954545219757
2019,04,DEU.9.11_1,0.08649289099526065,0.5202730052578166
2019,04,DEU.9.15_1,0.1018957345971564,0.5607280981010314
2019,04,DEU.9.17_1,0.0924170616113744,0.5363431737236897
2019,04,DEU.9.2_1,0.10071090047393366,0.5577633906953736
2019,04,DEU.9.22_1,0.08175355450236968,0.5069082757264868
2019,04,DEU.9.27_1,0.0971563981042654,0.5487294415283365
2019,04,DEU.9.28_1,0.10426540284360189,0.5665897987080248
2019,04,DEU.9.30_1,0.08412322274881516,0.5136496860701855
2019,04,DEU.9.40_1,0.10308056872037914,0.5636701162914352
2019,04,DEU.9.42_1,0.10071090047393366,0.5577633906953736
2019,04,DEU.9.44_1,0.0924170616113744,0.5363431737236897
2019,04,DEU.9.5_1,0.10308056872037914,0.5636701162914352
2019,04,DEU.9.6_1,0.09597156398104266,0.5456702300840682
2019,04,ESP.1.1_1,0.14336492890995262,0.6522545515364381
2019,04,ESP.1.2_1,0.09123222748815166,0.5331828954495821
2019,04,ESP.1.3_1,0.1018957345971564,0.5607280981010314
2019,04,ESP.1.4_1,0.1018957345971564,0.5607280981010314
2019,04,ESP.1.5_1,0.1018957345971564,0.5607280981010314
2019,04,ESP.1.6_1,0.11018957345971564,0.5808648724100985
2019,04,ESP.1.7_1,0.12203791469194313,0.6079177575955484
2019,04,ESP.1.8_1,0.08767772511848342,0.5235417843878366
2019,04,ESP.10.1_1,0.13151658767772512,0.6282642756038258
2019,04,ESP.10.2_1,0.09360189573459717,0.5394775250184201
2019,04,ESP.10.3_1,0.09597156398104266,0.5456702300840682
2019,04,ESP.11.1_1,0.10071090047393366,0.5577633906953736
2019,04,ESP.11.2_1,0.09360189573459717,0.5394775250184201
2019,04,ESP.12.1_1,0.3945497630331754,0.9425730740902798
2019,04,ESP.12.2_1,0.20734597156398105,0.7599342076785331
2019,04,ESP.12.3_1,0.12796208530805686,0.620760823506123
2019,04,ESP.12.4_1,0.3898104265402844,0.939699952112375
2019,04,ESP.13.1_1,0.08886255924170616,0.5267826876426369
2019,04,ESP.15.1_1,0.07464454976303318,0.4859259202800361
2019,04,ESP.16.1_1,0.099526066350710915,0.5547756303227459
2019,04,ESP.16.2_1,0.061611374407582936,0.4440540507640933
2019,04,ESP.16.3_1,0.058056872037914695,0.4317360304630597
2019,04,ESP.17.1_1,0.08175355450236968,0.5069082757264868
2019,04,ESP.18.1_1,0.1338862559241706,0.6331855968039702
2019,04,ESP.2.1_1,0.047393364928909956,0.39191835884530846
2019,04,ESP.2.2_1,0.07701421800947868,0.493051721424842
2019,04,ESP.2.3_1,0.08530805687203791,0.5169758214849124
2019,04,ESP.3.1_1,0.07582938388625593,0.48950587330490736
2019,04,ESP.4.1_1,0.11018957345971564,0.5808648724100985
2019,04,ESP.4.2_1,0.09360189573459717,0.5394775250184201
2019,04,ESP.4.4_1,0.09478672985781991,0.5425863986500215
2019,04,ESP.4.5_1,0.099526066350710915,0.5547756303227459
2019,04,ESP.5.1_1,0.07582938388625593,0.48950587330490736
2019,04,ESP.5.2_1,0.09123222748815166,0.5331828954495821
2019,04,ESP.5.3_1,0.07109004739336493,0.4749736834815167
2019,04,ESP.5.5_1,0.099526066350710915,0.5547756303227459
2019,04,ESP.6.1_1,0.06042654028436019,0.4399954545219757
2019,04,ESP.6.2_1,0.07582938388625593,0.48950587330490736
2019,04,ESP.6.3_1,0.0462085308056872,0.38718987590070064
2019,04,ESP.6.4_1,0.08412322274881516,0.5136496860701855
2019,04,ESP.8.1_1,0.10071090047393366,0.5577633906953736
2019,04,ESP.9.1_1,0.07109004739336493,0.4749736834815167
2019,04,FIN.4.5_1,0.017772511848341232,0.24310491562286435
2019,04,FIN.5.3_1,0.02488151658767773,0.2867681990737466
2019,04,FRA.1.1_1,0.07345971563981042,0.4823111029200966
2019,04,FRA.1.10_1,0.061611374407582936,0.4440540507640933
2019,04,FRA.1.11_1,0.05568720379146919,0.42327768663136495
2019,04,FRA.1.12_1,0.022511848341232227,0.2730494460715861
2019,04,FRA.1.2_1,0.037914691943127965,0.35200000000000004
2019,04,FRA.1.3_1,0.07701421800947868,0.493051721424842
2019,04,FRA.1.4_1,0.18246445497630331,0.7218974996493616
2019,04,FRA.1.5_1,0.08175355450236968,0.5069082757264868
2019,04,FRA.1.6_1,0.0509478672985782,0.40571418511065155
2019,04,FRA.1.7_1,0.042654028436018954,0.37258019271024057
2019,04,FRA.1.8_1,0.05924170616113745,0.43588989435406733
2019,04,FRA.1.9_1,0.0533175355450237,0.4146082488325576
2019,04,FRA.10.1_1,0.10545023696682464,0.5694874888880351
2019,04,FRA.10.11_1,0.07701421800947868,0.493051721424842
2019,04,FRA.10.12_1,0.08649289099526065,0.5202730052578166
2019,04,FRA.10.3_1,0.11729857819905214,0.5973240326656881
2019,04,FRA.10.4_1,0.17654028436018956,0.7121769443052759
2019,04,FRA.10.5_1,0.099526066350710915,0.5547756303227459
2019,04,FRA.10.6_1,0.0924170616113744,0.5363431737236897
2019,04,FRA.10.7_1,0.09004739336492891,0.5299962264016603
2019,04,FRA.10.8_1,0.12914691943127962,0.6232784289545082
2019,04,FRA.10.9_1,0.08649289099526065,0.5202730052578166
2019,04,FRA.11.1_1,0.06279620853080568,0.4480669592817573
2019,04,FRA.11.10_1,0.0924170616113744,0.5363431737236897
2019,04,FRA.11.11_1,0.07582938388625593,0.48950587330490736
2019,04,FRA.11.12_1,0.08412322274881516,0.5136496860701855
2019,04,FRA.11.13_1,0.07345971563981042,0.4823111029200966
2019,04,FRA.11.2_1,0.0533175355450237,0.4146082488325576
2019,04,FRA.11.3_1,0.08056872037914693,0.5034918072819061
2019,04,FRA.11.4_1,0.052132701421800945,0.4101901997854166
2019,04,FRA.11.6_1,0.09834123222748815,0.5517644424933523
2019,04,FRA.11.7_1,0.06279620853080568,0.4480669592817573
2019,04,FRA.11.8_1,0.08175355450236968,0.5069082757264868
2019,04,FRA.12.1_1,0.1137440758293839,0.589182484464703
2019,04,FRA.12.2_1,0.0924170616113744,0.5363431737236897
2019,04,FRA.12.3_1,0.08293838862559243,0.510294032886923
2019,04,FRA.12.4_1,0.08530805687203791,0.5169758214849124
2019,04,FRA.12.5_1,0.09597156398104266,0.5456702300840682
2019,04,FRA.13.1_1,0.0485781990521327,0.39658038277252194
2019,04,FRA.13.2_1,0.04976303317535546,0.4011782646156195
2019,04,FRA.13.3_1,0.08886255924170616,0.5267826876426369
2019,04,FRA.13.4_1,0.014218009478672987,0.21777052142105918
2019,04,FRA.13.5_1,0.07227488151658767,0.4786606313454241
2019,04,FRA.13.6_1,0.07227488151658767,0.4786606313454241
2019,04,FRA.2.1_1,0.07938388625592417,0.5000439980641703
2019,04,FRA.2.2_1,0.08175355450236968,0.5069082757264868
2019,04,FRA.2.3_1,0.08175355450236968,0.5069082757264868
2019,04,FRA.2.4_1,0.07345971563981042,0.4823111029200966
2019,04,FRA.2.6_1,0.04976303317535546,0.4011782646156195
2019,04,FRA.2.7_1,0.09004739336492891,0.5299962264016603
2019,04,FRA.2.8_1,0.08530805687203791,0.5169758214849124
2019,04,FRA.3.1_1,0.12914691943127962,0.6232784289545082
2019,04,FRA.3.2_1,0.13744075829383887,0.6404498419080139
2019,04,FRA.3.3_1,0.11729857819905214,0.5973240326656881
2019,04,FRA.3.4_1,0.11611374407582939,0.5946292962846684
2019,04,FRA.4.3_1,0.07938388625592417,0.5000439980641703
2019,04,FRA.4.4_1,0.06753554502369669,0.4636852380656516
2019,04,FRA.4.5_1,0.09360189573459717,0.5394775250184201
2019,04,FRA.4.6_1,0.09123222748815166,0.5331828954495821
2019,04,FRA.5.1_1,0.042654028436018954,0.37258019271024057
2019,04,FRA.5.2_1,0.0924170616113744,0.5363431737236897
2019,04,FRA.6.1_1,0.17890995260663506,0.7160977586894125
2019,04,FRA.6.10_1,0.07345971563981042,0.4823111029200966
2019,04,FRA.6.2_1,0.09004739336492891,0.5299962264016603
2019,04,FRA.6.3_1,0.07819905213270142,0.49656419524569023
2019,04,FRA.6.4_1,0.10308056872037914,0.5636701162914352
2019,04,FRA.6.5_1,0.09597156398104266,0.5456702300840682
2019,04,FRA.6.6_1,0.09834123222748815,0.5517644424933523
2019,04,FRA.6.7_1,0.07938388625592417,0.5000439980641703
2019,04,FRA.6.9_1,0.0924170616113744,0.5363431737236897
2019,04,FRA.7.1_1,0.10071090047393366,0.5577633906953736
2019,04,FRA.7.2_1,0.09123222748815166,0.5331828954495821
2019,04,FRA.7.3_1,0.09004739336492891,0.5299962264016603
2019,04,FRA.7.4_1,0.10781990521327015,0.5752182194611015
2019,04,FRA.7.5_1,0.09360189573459717,0.5394775250184201
2019,04,FRA.8.2_1,0.1018957345971564,0.5607280981010314
2019,04,FRA.8.4_1,0.10426540284360189,0.5665897987080248
2019,04,FRA.8.5_1,0.08175355450236968,0.5069082757264868
2019,04,FRA.8.8_1,0.0533175355450237,0.4146082488325576
2019,04,FRA.9.1_1,0.1066350710900474,0.5723635208501674
2019,04,FRA.9.3_1,0.06516587677725119,0.45596052460711994
2019,04,FRA.9.5_1,0.0924170616113744,0.5363431737236897
2019,04,GBR.1.10_1,0.0924170616113744,0.5363431737236897
2019,04,GBR.1.101_1,0.09123222748815166,0.5331828954495821
2019,04,GBR.1.102_1,0.13151658767772512,0.6282642756038258
2019,04,GBR.1.103_1,0.14454976303317535,0.6545716156388085
2019,04,GBR.1.105_1,0.2132701421800948,0.7683749084919418
2019,04,GBR.1.106_1,0.1137440758293839,0.589182484464703
2019,04,GBR.1.107_1,0.08293838862559243,0.510294032886923
2019,04,GBR.1.108_1,0.11729857819905214,0.5973240326656881
2019,04,GBR.1.109_1,0.11611374407582939,0.5946292962846684
2019,04,GBR.1.11_1,0.10781990521327015,0.5752182194611015
2019,04,GBR.1.110_1,0.13033175355450238,0.6257795138864806
2019,04,GBR.1.111_1,0.07582938388625593,0.48950587330490736
2019,04,GBR.1.112_1,0.1018957345971564,0.5607280981010314
2019,04,GBR.1.113_1,0.1184834123222749,0.6
2019,04,GBR.1.114_1,0.09004739336492891,0.5299962264016603
2019,04,GBR.1.115_1,0.1137440758293839,0.589182484464703
2019,04,GBR.1.116_1,0.11137440758293839,0.5836574337742988
2019,04,GBR.1.117_1,0.09123222748815166,0.5331828954495821
2019,04,GBR.1.118_1,0.3376777251184834,0.9028288874421332
2019,04,GBR.1.12_1,0.11018957345971564,0.5808648724100985
2019,04,GBR.1.13_1,0.09004739336492891,0.5299962264016603
2019,04,GBR.1.15_1,0.08412322274881516,0.5136496860701855
2019,04,GBR.1.16_1,0.12203791469194313,0.6079177575955484
2019,04,GBR.1.17_1,0.08886255924170616,0.5267826876426369
2019,04,GBR.1.18_1,0.08056872037914693,0.5034918072819061
2019,04,GBR.1.19_1,0.09478672985781991,0.5425863986500215
2019,04,GBR.1.2_1,0.1528436018957346,0.6703998806682472
2019,04,GBR.1.20_1,0.11137440758293839,0.5836574337742988
2019,04,GBR.1.21_1,0.13981042654028436,0.645216242820963
2019,04,GBR.1.22_1,0.08767772511848342,0.5235417843878366
2019,04,GBR.1.23_1,0.15876777251184834,0.6813046308370434
2019,04,GBR.1.24_1,0.11492890995260664,0.5919155345148495
2019,04,GBR.1.25_1,0.07701421800947868,0.493051721424842
2019,04,GBR.1.26_1,0.15402843601895735,0.6726068688320095
2019,04,GBR.1.28_1,0.14691943127962084,0.6591631057636645
2019,04,GBR.1.29_1,0.11492890995260664,0.5919155345148495
2019,04,GBR.1.3_1,0.08886255924170616,0.5267826876426369
2019,04,GBR.1.30_1,0.13151658767772512,0.6282642756038258
2019,04,GBR.1.31_1,0.2938388625592417,0.8637036528810099
2019,04,GBR.1.32_1,0.13270142180094788,0.6307329070216647
2019,04,GBR.1.33_1,0.14336492890995262,0.6522545515364381
2019,04,GBR.1.34_1,0.12440758293838862,0.6131068422387733
2019,04,GBR.1.35_1,0.1066350710900474,0.5723635208501674
2019,04,GBR.1.36_1,0.12085308056872038,0.6052966215005664
2019,04,GBR.1.37_1,0.08649289099526065,0.5202730052578166
2019,04,GBR.1.38_1,0.1184834123222749,0.6
2019,04,GBR.1.39_1,0.1018957345971564,0.5607280981010314
2019,04,GBR.1.4_1,0.10426540284360189,0.5665897987080248
2019,04,GBR.1.40_1,0.1481042654028436,0.6614378277661477
2019,04,GBR.1.41_1,0.1504739336492891,0.6659459437521937
2019,04,GBR.1.42_1,0.12203791469194313,0.6079177575955484
2019,04,GBR.1.44_1,0.0924170616113744,0.5363431737236897
2019,04,GBR.1.45_1,0.12796208530805686,0.620760823506123
2019,04,GBR.1.46_1,0.09004739336492891,0.5299962264016603
2019,04,GBR.1.47_1,0.08293838862559243,0.510294032886923
2019,04,GBR.1.48_1,0.0924170616113744,0.5363431737236897
2019,04,GBR.1.49_1,0.13151658767772512,0.6282642756038258
2019,04,GBR.1.5_1,0.08412322274881516,0.5136496860701855
2019,04,GBR.1.50_1,0.18009478672985782,0.7180417815141401
2019,04,GBR.1.51_1,0.17890995260663506,0.7160977586894125
2019,04,GBR.1.52_1,0.13744075829383887,0.6404498419080139
2019,04,GBR.1.53_1,0.07227488151658767,0.4786606313454241
2019,04,GBR.1.55_1,0.11492890995260664,0.5919155345148495
2019,04,GBR.1.56_1,0.09478672985781991,0.5425863986500215
2019,04,GBR.1.57_1,0.09597156398104266,0.5456702300840682
2019,04,GBR.1.58_1,0.1184834123222749,0.6
2019,04,GBR.1.59_1,0.11137440758293839,0.5836574337742988
2019,04,GBR.1.60_1,0.13862559241706163,0.6428405712149786
2019,04,GBR.1.61_1,0.16113744075829387,0.6855771291401136
2019,04,GBR.1.62_1,0.11492890995260664,0.5919155345148495
2019,04,GBR.1.63_1,0.16350710900473936,0.6897999710060881
2019,04,GBR.1.64_1,0.09360189573459717,0.5394775250184201
2019,04,GBR.1.65_1,0.11611374407582939,0.5946292962846684
2019,04,GBR.1.66_1,0.1066350710900474,0.5723635208501674
2019,04,GBR.1.67_1,0.14454976303317535,0.6545716156388085
2019,04,GBR.1.69_1,0.08886255924170616,0.5267826876426369
2019,04,GBR.1.70_1,0.1409952606635071,0.647577022445979
2019,04,GBR.1.71_1,0.12796208530805686,0.620760823506123
2019,04,GBR.1.72_1,0.11255924170616115,0.58642987645583
2019,04,GBR.1.73_1,0.12914691943127962,0.6232784289545082
2019,04,GBR.1.74_1,0.1137440758293839,0.589182484464703
2019,04,GBR.1.75_1,0.11255924170616115,0.58642987645583
2019,04,GBR.1.78_1,0.08293838862559243,0.510294032886923
2019,04,GBR.1.79_1,0.09123222748815166,0.5331828954495821
2019,04,GBR.1.8_1,0.1137440758293839,0.589182484464703
2019,04,GBR.1.81_1,0.12559241706161137,0.6156752390668314
2019,04,GBR.1.82_1,0.09123222748815166,0.5331828954495821
2019,04,GBR.1.84_1,0.09004739336492891,0.5299962264016603
2019,04,GBR.1.85_1,0.09478672985781991,0.5425863986500215
2019,04,GBR.1.86_1,0.12322274881516587,0.6105210889068452
2019,04,GBR.1.87_1,0.20971563981042654,0.7633374090138647
2019,04,GBR.1.88_1,0.11255924170616115,0.58642987645583
2019,04,GBR.1.89_1,0.1066350710900474,0.5723635208501674
2019,04,GBR.1.9_1,0.10900473933649289,0.578051900784004
2019,04,GBR.1.90_1,0.10545023696682464,0.5694874888880351
2019,04,GBR.1.91_1,0.1066350710900474,0.5723635208501674
2019,04,GBR.1.92_1,0.0971563981042654,0.5487294415283365
2019,04,GBR.1.94_1,0.12203791469194313,0.6079177575955484
2019,04,GBR.1.95_1,0.11966824644549764,0.6026574483070793
2019,04,GBR.1.96_1,0.1599526066350711,0.683447144993671
2019,04,GBR.1.97_1,0.10781990521327015,0.5752182194611015
2019,04,GBR.1.98_1,0.08767772511848342,0.5235417843878366
2019,04,GBR.1.99_1,0.1137440758293839,0.589182484464703
2019,04,GBR.3.17_1,0.08056872037914693,0.5034918072819061
2019,04,GBR.3.24_1,0.1528436018957346,0.6703998806682472
2019,04,GBR.3.3_1,0.16706161137440756,0.696043102113655
2019,04,GBR.3.30_1,0.12440758293838862,0.6131068422387733
2019,04,GBR.3.7_1,0.13033175355450238,0.6257795138864806
2019,04,GBR.4.1_1,0.10900473933649289,0.578051900784004
2019,04,GBR.4.10_1,0.10426540284360189,0.5665897987080248
2019,04,GBR.4.11_1,0.05568720379146919,0.42327768663136495
2019,04,GBR.4.12_1,0.11137440758293839,0.5836574337742988
2019,04,GBR.4.13_1,0.1504739336492891,0.6659459437521937
2019,04,GBR.4.14_1,0.1409952606635071,0.647577022445979
2019,04,GBR.4.15_1,0.1184834123222749,0.6
2019,04,GBR.4.16_1,0.14691943127962084,0.6591631057636645
2019,04,GBR.4.17_1,0.05568720379146919,0.42327768663136495
2019,04,GBR.4.18_1,0.11137440758293839,0.5836574337742988
2019,04,GBR.4.19_1,0.1481042654028436,0.6614378277661477
2019,04,GBR.4.2_1,0.11137440758293839,0.5836574337742988
2019,04,GBR.4.20_1,0.11137440758293839,0.5836574337742988
2019,04,GBR.4.21_1,0.12203791469194313,0.6079177575955484
2019,04,GBR.4.22_1,0.15165876777251186,0.6681796165702752
2019,04,GBR.4.3_1,0.11137440758293839,0.5836574337742988
2019,04,GBR.4.4_1,0.13270142180094788,0.6307329070216647
2019,04,GBR.4.5_1,0.12914691943127962,0.6232784289545082
2019,04,GBR.4.6_1,0.10426540284360189,0.5665897987080248
2019,04,GBR.4.7_1,0.0924170616113744,0.5363431737236897
2019,04,GBR.4.8_1,0.05568720379146919,0.42327768663136495
2019,04,GBR.4.9_1,0.07938388625592417,0.5000439980641703
2019,04,GEO.4.10_1,0.054502369668246446,0.4189701660023062
2019,04,GEO.4.12_1,0.017772511848341232,0.24310491562286435
2019,04,GEO.4.2_1,0.040284360189573466,0.3624582734605461
2019,04,GEO.4.5_1,0.06753554502369669,0.4636852380656516
2019,04,GEO.4.8_1,0.023696682464454978,0.28
2019,04,GEO.4.9_1,0.023696682464454978,0.28
2019,04,GEO.9.2_1,0.05924170616113745,0.43588989435406733
2019,04,GRC.1.1_1,0.12796208530805686,0.620760823506123
2019,04,GRC.1.2_1,0.18246445497630331,0.7218974996493616
2019,04,GRC.3.1_1,0.1338862559241706,0.6331855968039702
2019,04,GRC.6.1_1,0.12677725118483413,0.6182264957117253
2019,04,GRC.8.1_1,0.13625592417061613,0.6380438856379709
2019,04,HRV.10.1_1,0.14218009478672985,0.6499230723708768
2019,04,HRV.10.11_1,0.1338862559241706,0.6331855968039702
2019,04,HRV.10.16_1,0.12796208530805686,0.620760823506123
2019,04,HRV.10.17_1,0.13744075829383887,0.6404498419080139
2019,04,HRV.10.18_1,0.13507109004739337,0.6356225294937239
2019,04,HRV.10.19_1,0.13862559241706163,0.6428405712149786
2019,04,HRV.10.20_1,0.11966824644549764,0.6026574483070793
2019,04,HRV.10.22_1,0.13744075829383887,0.6404498419080139
2019,04,HRV.10.23_1,0.13625592417061613,0.6380438856379709
2019,04,HRV.10.25_1,0.13625592417061613,0.6380438856379709
2019,04,HRV.10.6_1,0.13507109004739337,0.6356225294937239
2019,04,HRV.10.9_1,0.12440758293838862,0.6131068422387733
2019,04,HRV.11.1_1,0.09360189573459717,0.5394775250184201
2019,04,HRV.11.13_1,0.11611374407582939,0.5946292962846684
2019,04,HRV.11.14_1,0.12322274881516587,0.6105210889068452
2019,04,HRV.11.16_1,0.09597156398104266,0.5456702300840682
2019,04,HRV.11.18_1,0.13625592417061613,0.6380438856379709
2019,04,HRV.11.19_1,0.10781990521327015,0.5752182194611015
2019,04,HRV.11.2_1,0.0971563981042654,0.5487294415283365
2019,04,HRV.11.20_1,0.1018957345971564,0.5607280981010314
2019,04,HRV.11.21_1,0.1137440758293839,0.589182484464703
2019,04,HRV.11.23_1,0.11018957345971564,0.5808648724100985
2019,04,HRV.11.24_1,0.12085308056872038,0.6052966215005664
2019,04,HRV.11.25_1,0.13744075829383887,0.6404498419080139
2019,04,HRV.11.26_1,0.09478672985781991,0.5425863986500215
2019,04,HRV.11.27_1,0.09123222748815166,0.5331828954495821
2019,04,HRV.11.29_1,0.12677725118483413,0.6182264957117253
2019,04,HRV.11.3_1,0.13033175355450238,0.6257795138864806
2019,04,HRV.11.30_1,0.11492890995260664,0.5919155345148495
2019,04,HRV.11.33_1,0.12914691943127962,0.6232784289545082
2019,04,HRV.11.34_1,0.11018957345971564,0.5808648724100985
2019,04,HRV.11.38_1,0.13625592417061613,0.6380438856379709
2019,04,HRV.11.4_1,0.07345971563981042,0.4823111029200966
2019,04,HRV.11.40_1,0.0924170616113744,0.5363431737236897
2019,04,HRV.11.41_1,0.12559241706161137,0.6156752390668314
2019,04,HRV.11.42_1,0.11611374407582939,0.5946292962846684
2019,04,HRV.11.43_1,0.12914691943127962,0.6232784289545082
2019,04,HRV.11.44_1,0.1018957345971564,0.5607280981010314
2019,04,HRV.11.45_1,0.11729857819905214,0.5973240326656881
2019,04,HRV.11.5_1,0.13625592417061613,0.6380438856379709
2019,04,HRV.11.6_1,0.10308056872037914,0.5636701162914352
2019,04,HRV.11.7_1,0.12440758293838862,0.6131068422387733
2019,04,HRV.11.8_1,0.12914691943127962,0.6232784289545082
2019,04,HRV.11.9_1,0.11255924170616115,0.58642987645583
2019,04,HRV.12.10_1,0.11492890995260664,0.5919155345148495
2019,04,HRV.12.3_1,0.12322274881516587,0.6105210889068452
2019,04,HRV.12.4_1,0.14454976303317535,0.6545716156388085
2019,04,HRV.13.1_1,0.23222748815165878,0.7939370252104382
2019,04,HRV.13.10_1,0.18601895734597157,0.7276015393056835
2019,04,HRV.13.12_1,0.5106635071090048,0.9904322288778774
2019,04,HRV.13.13_1,0.2156398104265403,0.771689056550629
2019,04,HRV.13.15_1,0.13744075829383887,0.6404498419080139
2019,04,HRV.13.16_1,0.13744075829383887,0.6404498419080139
2019,04,HRV.13.18_1,0.254739336492891,0.8216446920658589
2019,04,HRV.13.25_1,0.3495260663507109,0.9120855223058855
2019,04,HRV.13.27_1,0.3886255924170616,0.9389696480717574
2019,04,HRV.13.30_1,0.13862559241706163,0.6428405712149786
2019,04,HRV.13.33_1,0.27725118483412325,0.84674435339127
2019,04,HRV.13.35_1,0.35071090047393366,0.9129819275319747
2019,04,HRV.13.39_1,0.13862559241706163,0.6428405712149786
2019,04,HRV.13.40_1,0.30450236966824645,0.8739588090980032
2019,04,HRV.13.41_1,0.12559241706161137,0.6156752390668314
2019,04,HRV.13.5_1,0.5308056872037915,0.9945772971468834
2019,04,HRV.13.7_1,0.13862559241706163,0.6428405712149786
2019,04,HRV.13.9_1,0.12559241706161137,0.6156752390668314
2019,04,HRV.14.10_1,0.14928909952606637,0.663698726833192
2019,04,HRV.16.1_1,0.1623222748815166,0.6876946997032913
2019,04,HRV.16.14_1,0.1528436018957346,0.6703998806682472
2019,04,HRV.16.15_1,0.1409952606635071,0.647577022445979
2019,04,HRV.16.17_1,0.16113744075829387,0.6855771291401136
2019,04,HRV.16.18_1,0.1729857819905213,0.7062124326291629
2019,04,HRV.16.2_1,0.18127962085308058,0.7199749995659572
2019,04,HRV.16.20_1,0.1457345971563981,0.656874417221435
2019,04,HRV.16.26_1,0.18957345971563982,0.7332121111929344
2019,04,HRV.16.28_1,0.18601895734597157,0.7276015393056835
2019,04,HRV.16.30_1,0.18127962085308058,0.7199749995659572
2019,04,HRV.16.39_1,0.1966824644549763,0.744161272843461
2019,04,HRV.16.4_1,0.16943127962085308,0.7001456991226898
2019,04,HRV.16.41_1,0.18720379146919433,0.729482008002939
2019,04,HRV.16.43_1,0.18246445497630331,0.7218974996493616
2019,04,HRV.16.54_1,0.18127962085308058,0.7199749995659572
2019,04,HRV.16.55_1,0.16943127962085308,0.7001456991226898
2019,04,HRV.16.56_1,0.1646919431279621,0.6918930553199678
2019,04,HRV.16.6_1,0.15876777251184834,0.6813046308370434
2019,04,HRV.16.7_1,0.18127962085308058,0.7199749995659572
2019,04,HRV.16.8_1,0.18601895734597157,0.7276015393056835
2019,04,HRV.17.10_1,0.11611374407582939,0.5946292962846684
2019,04,HRV.17.11_1,0.11137440758293839,0.5836574337742988
2019,04,HRV.17.16_1,0.12085308056872038,0.6052966215005664
2019,04,HRV.17.17_1,0.10426540284360189,0.5665897987080248
2019,04,HRV.17.2_1,0.15402843601895735,0.6726068688320095
2019,04,HRV.17.21_1,0.13744075829383887,0.6404498419080139
2019,04,HRV.17.23_1,0.13151658767772512,0.6282642756038258
2019,04,HRV.17.24_1,0.12559241706161137,0.6156752390668314
2019,04,HRV.17.26_1,0.13744075829383887,0.6404498419080139
2019,04,HRV.17.27_1,0.10426540284360189,0.5665897987080248
2019,04,HRV.17.28_1,0.09834123222748815,0.5517644424933523
2019,04,HRV.17.6_1,0.12203791469194313,0.6079177575955484
2019,04,HRV.17.8_1,0.1457345971563981,0.656874417221435
2019,04,HRV.18.10_1,0.10071090047393366,0.5577633906953736
2019,04,HRV.18.11_1,0.10900473933649289,0.578051900784004
2019,04,HRV.18.2_1,0.10545023696682464,0.5694874888880351
2019,04,HRV.18.6_1,0.09834123222748815,0.5517644424933523
2019,04,HRV.18.7_1,0.10426540284360189,0.5665897987080248
2019,04,HRV.19.1_1,0.13033175355450238,0.6257795138864806
2019,04,HRV.19.11_1,0.08886255924170616,0.5267826876426369
2019,04,HRV.19.12_1,0.10426540284360189,0.5665897987080248
2019,04,HRV.19.13_1,0.08886255924170616,0.5267826876426369
2019,04,HRV.19.15_1,0.08886255924170616,0.5267826876426369
2019,04,HRV.19.16_1,0.07582938388625593,0.48950587330490736
2019,04,HRV.19.17_1,0.06398104265402843,0.4520353968440967
2019,04,HRV.19.18_1,0.07345971563981042,0.4823111029200966
2019,04,HRV.19.19_1,0.09597156398104266,0.5456702300840682
2019,04,HRV.19.20_1,0.09004739336492891,0.5299962264016603
2019,04,HRV.19.22_1,0.08293838862559243,0.510294032886923
2019,04,HRV.19.24_1,0.07345971563981042,0.4823111029200966
2019,04,HRV.19.26_1,0.10426540284360189,0.5665897987080248
2019,04,HRV.19.27_1,0.10308056872037914,0.5636701162914352
2019,04,HRV.19.3_1,0.058056872037914695,0.4317360304630597
2019,04,HRV.19.30_1,0.11255924170616115,0.58642987645583
2019,04,HRV.19.6_1,0.11966824644549764,0.6026574483070793
2019,04,HRV.19.8_1,0.10900473933649289,0.578051900784004
2019,04,HRV.19.9_1,0.1338862559241706,0.6331855968039702
2019,04,HRV.2.10_1,0.10426540284360189,0.5665897987080248
2019,04,HRV.2.12_1,0.12203791469194313,0.6079177575955484
2019,04,HRV.2.15_1,0.10900473933649289,0.578051900784004
2019,04,HRV.2.18_1,0.1504739336492891,0.6659459437521937
2019,04,HRV.2.21_1,0.13744075829383887,0.6404498419080139
2019,04,HRV.2.24_1,0.12559241706161137,0.6156752390668314
2019,04,HRV.2.26_1,0.12677725118483413,0.6182264957117253
2019,04,HRV.2.3_1,0.10900473933649289,0.578051900784004
2019,04,HRV.2.6_1,0.1066350710900474,0.5723635208501674
2019,04,HRV.2.7_1,0.12440758293838862,0.6131068422387733
2019,04,HRV.20.11_1,0.18957345971563982,0.7332121111929344
2019,04,HRV.20.12_1,0.1623222748815166,0.6876946997032913
2019,04,HRV.20.16_1,0.13151658767772512,0.6282642756038258
2019,04,HRV.20.17_1,0.12677725118483413,0.6182264957117253
2019,04,HRV.20.18_1,0.12914691943127962,0.6232784289545082
2019,04,HRV.20.2_1,0.1481042654028436,0.6614378277661477
2019,04,HRV.20.24_1,0.13507109004739337,0.6356225294937239
2019,04,HRV.20.27_1,0.1409952606635071,0.647577022445979
2019,04,HRV.20.28_1,0.13862559241706163,0.6428405712149786
2019,04,HRV.20.3_1,0.13625592417061613,0.6380438856379709
2019,04,HRV.20.30_1,0.264218009478673,0.8325166664998365
2019,04,HRV.20.31_1,0.1338862559241706,0.6331855968039702
2019,04,HRV.20.32_1,0.13151658767772512,0.6282642756038258
2019,04,HRV.20.4_1,0.14218009478672985,0.6499230723708768
2019,04,HRV.20.6_1,0.12914691943127962,0.6232784289545082
2019,04,HRV.3.12_1,0.1599526066350711,0.683447144993671
2019,04,HRV.4.7_1,0.10781990521327015,0.5752182194611015
2019,04,HRV.5.10_1,0.15521327014218012,0.6748007113214982
2019,04,HRV.5.11_1,0.36255924170616116,0.9216593730874764
2019,04,HRV.5.12_1,0.1457345971563981,0.656874417221435
2019,04,HRV.5.2_1,0.20260663507109006,0.7530179280734292
2019,04,HRV.5.20_1,0.4632701421800948,0.9759487691472335
2019,04,HRV.5.23_1,0.5390995260663507,0.9959417653658269
2019,04,HRV.5.24_1,0.5367298578199052,0.9955721972815432
2019,04,HRV.5.30_1,0.5402843601895735,0.9961204746414963
2019,04,HRV.5.31_1,0.14454976303317535,0.6545716156388085
2019,04,HRV.5.32_1,0.5011848341232228,0.9880708476622514
2019,04,HRV.5.33_1,0.1646919431279621,0.6918930553199678
2019,04,HRV.5.34_1,0.273696682464455,0.8429448380528823
2019,04,HRV.5.36_1,0.14928909952606637,0.663698726833192
2019,04,HRV.5.37_1,0.16587677725118485,0.6939740629158989
2019,04,HRV.5.38_1,0.17061611374407581,0.7021794642397341
2019,04,HRV.5.40_1,0.4372037914691943,0.965067873260736
2019,04,HRV.5.5_1,0.5390995260663507,0.9959417653658269
2019,04,HRV.5.6_1,0.533175355450237,0.99498743710662
2019,04,HRV.5.8_1,0.5390995260663507,0.9959417653658269
2019,04,HRV.5.9_1,0.3471563981042654,0.9102768809543611
2019,04,HRV.9.12_1,0.20616113744075829,0.7582189657348332
2019,04,HRV.9.8_1,0.3353080568720379,0.9009128703709366
2019,04,HUN.1.3_1,0.08412322274881516,0.5136496860701855
2019,04,HUN.1.5_1,0.08056872037914693,0.5034918072819061
2019,04,HUN.1.6_1,0.09834123222748815,0.5517644424933523
2019,04,HUN.10.2_1,0.05568720379146919,0.42327768663136495
2019,04,HUN.10.4_1,0.031990521327014215,0.32416662382176237
2019,04,HUN.11.3_1,0.07464454976303318,0.4859259202800361
2019,04,HUN.11.5_1,0.06042654028436019,0.4399954545219757
2019,04,HUN.12.5_1,0.04976303317535546,0.4011782646156195
2019,04,HUN.13.3_1,0.04383886255924171,0.37752350920174493
2019,04,HUN.14.11_1,0.06279620853080568,0.4480669592817573
2019,04,HUN.14.4_1,0.06635071090047394,0.4598434516223972
2019,04,HUN.14.5_1,0.07227488151658767,0.4786606313454241
2019,04,HUN.14.6_1,0.05687203791469195,0.42753245490839636
2019,04,HUN.14.7_1,0.08886255924170616,0.5267826876426369
2019,04,HUN.15.4_1,0.15639810426540285,0.6769815359372809
2019,04,HUN.15.7_1,0.11137440758293839,0.5836574337742988
2019,04,HUN.16.1_1,0.07938388625592417,0.5000439980641703
2019,04,HUN.17.3_1,0.0971563981042654,0.5487294415283365
2019,04,HUN.17.4_1,0.07938388625592417,0.5000439980641703
2019,04,HUN.19.2_1,0.1943127962085308,0.7405511461067358
2019,04,HUN.19.3_1,0.12085308056872038,0.6052966215005664
2019,04,HUN.19.8_1,0.08412322274881516,0.5136496860701855
2019,04,HUN.2.2_1,0.09123222748815166,0.5331828954495821
2019,04,HUN.2.3_1,0.08293838862559243,0.510294032886923
2019,04,HUN.2.8_1,0.10781990521327015,0.5752182194611015
2019,04,HUN.20.1_1,0.12559241706161137,0.6156752390668314
2019,04,HUN.20.5_1,0.1137440758293839,0.589182484464703
2019,04,HUN.3.1_1,0.10426540284360189,0.5665897987080248
2019,04,HUN.4.15_1,0.08530805687203791,0.5169758214849124
2019,04,HUN.4.4_1,0.06516587677725119,0.45596052460711994
2019,04,HUN.4.8_1,0.06398104265402843,0.4520353968440967
2019,04,HUN.5.1_1,0.061611374407582936,0.4440540507640933
2019,04,HUN.6.6_1,0.09478672985781991,0.5425863986500215
2019,04,HUN.6.7_1,0.07464454976303318,0.4859259202800361
2019,04,HUN.7.10_1,0.07227488151658767,0.4786606313454241
2019,04,HUN.7.7_1,0.09597156398104266,0.5456702300840682
2019,04,HUN.8.2_1,0.061611374407582936,0.4440540507640934
2019,04,HUN.9.3_1,0.10900473933649289,0.578051900784004
2019,04,HUN.9.6_1,0.06516587677725119,0.45596052460711994
2019,04,HUN.9.7_1,0.1137440758293839,0.589182484464703
2019,04,ITA.1.1_1,0.11137440758293839,0.5836574337742988
2019,04,ITA.1.2_1,0.10900473933649289,0.578051900784004
2019,04,ITA.1.3_1,0.1338862559241706,0.6331855968039702
2019,04,ITA.1.4_1,0.08530805687203791,0.5169758214849124
2019,04,ITA.10.1_1,0.058056872037914695,0.4317360304630597
2019,04,ITA.10.10_1,0.12203791469194313,0.6079177575955484
2019,04,ITA.10.11_1,0.0071090047393364934,0.1544538766104626
2019,04,ITA.10.12_1,0.11137440758293839,0.5836574337742988
2019,04,ITA.10.2_1,0.07109004739336493,0.4749736834815167
2019,04,ITA.10.3_1,0.08293838862559243,0.510294032886923
2019,04,ITA.10.4_1,0.11255924170616115,0.58642987645583
2019,04,ITA.10.5_1,0.09123222748815166,0.5331828954495821
2019,04,ITA.10.6_1,0.12085308056872038,0.6052966215005664
2019,04,ITA.10.7_1,0.14336492890995262,0.6522545515364381
2019,04,ITA.10.8_1,0.1066350710900474,0.5723635208501674
2019,04,ITA.10.9_1,0.09834123222748815,0.5517644424933523
2019,04,ITA.11.1_1,0.11729857819905214,0.5973240326656881
2019,04,ITA.11.2_1,0.1338862559241706,0.6331855968039702
2019,04,ITA.11.3_1,0.14336492890995262,0.6522545515364381
2019,04,ITA.11.4_1,0.10071090047393366,0.5577633906953736
2019,04,ITA.11.5_1,0.1184834123222749,0.6
2019,04,ITA.12.1_1,0.0924170616113744,0.5363431737236897
2019,04,ITA.12.2_1,0.13625592417061613,0.6380438856379709
2019,04,ITA.13.1_1,0.09360189573459717,0.5394775250184201
2019,04,ITA.13.2_1,0.11611374407582939,0.5946292962846684
2019,04,ITA.13.4_1,0.06872037914691943,0.4674868982121317
2019,04,ITA.13.5_1,0.06398104265402843,0.4520353968440967
2019,04,ITA.13.6_1,0.045023696682464455,0.38239246854507997
2019,04,ITA.13.7_1,0.021327014218009477,0.265902237673924
2019,04,ITA.13.8_1,0.028436018957345974,0.3060980235153438
2019,04,ITA.14.1_1,0.054502369668246446,0.4189701660023062
2019,04,ITA.14.2_1,0.029620853080568724,0.3122498999199199
2019,04,ITA.14.3_1,0.07345971563981042,0.4823111029200966
2019,04,ITA.14.4_1,0.042654028436018954,0.37258019271024057
2019,04,ITA.14.5_1,0.054502369668246446,0.4189701660023062
2019,04,ITA.14.6_1,0.03672985781990521,0.34663525498714065
2019,04,ITA.14.7_1,0.035545023696682464,0.3411744421846396
2019,04,ITA.14.8_1,0.07819905213270142,0.49656419524569023
2019,04,ITA.15.1_1,0.1528436018957346,0.6703998806682472
2019,04,ITA.15.2_1,0.16706161137440756,0.696043102113655
2019,04,ITA.15.3_1,0.11018957345971564,0.5808648724100985
2019,04,ITA.15.5_1,0.08886255924170616,0.5267826876426369
2019,04,ITA.15.6_1,0.14928909952606637,0.663698726833192
2019,04,ITA.15.7_1,0.1943127962085308,0.7405511461067358
2019,04,ITA.15.8_1,0.1457345971563981,0.656874417221435
2019,04,ITA.15.9_1,0.15402843601895735,0.6726068688320095
2019,04,ITA.16.1_1,0.13981042654028436,0.645216242820963
2019,04,ITA.16.10_1,0.1018957345971564,0.5607280981010314
2019,04,ITA.16.2_1,0.10308056872037914,0.5636701162914352
2019,04,ITA.16.3_1,0.0485781990521327,0.39658038277252194
2019,04,ITA.16.4_1,0.040284360189573466,0.3624582734605461
2019,04,ITA.16.5_1,0.1338862559241706,0.6331855968039702
2019,04,ITA.16.6_1,0.1575829383886256,0.6791494680848981
2019,04,ITA.16.7_1,0.08293838862559243,0.510294032886923
2019,04,ITA.16.8_1,0.13507109004739337,0.6356225294937239
2019,04,ITA.16.9_1,0.13981042654028436,0.645216242820963
2019,04,ITA.17.1_1,0.026066350710900472,0.29336666477294243
2019,04,ITA.17.2_1,0.030805687203791468,0.3182703253525217
2019,04,ITA.18.1_1,0.13270142180094788,0.6307329070216647
2019,04,ITA.18.2_1,0.07227488151658767,0.4786606313454241
2019,04,ITA.2.1_1,0.13744075829383887,0.6404498419080139
2019,04,ITA.2.2_1,0.17061611374407581,0.7021794642397341
2019,04,ITA.2.3_1,0.16350710900473936,0.6897999710060881
2019,04,ITA.2.4_1,0.1184834123222749,0.6
2019,04,ITA.2.5_1,0.20142180094786732,0.7512655988397179
2019,04,ITA.2.6_1,0.14336492890995262,0.6522545515364381
2019,04,ITA.20.1_1,0.04383886255924171,0.37752350920174493
2019,04,ITA.20.2_1,0.12796208530805686,0.620760823506123
2019,04,ITA.20.3_1,0.12085308056872038,0.6052966215005664
2019,04,ITA.20.4_1,0.13507109004739337,0.6356225294937239
2019,04,ITA.20.5_1,0.13033175355450238,0.6257795138864806
2019,04,ITA.20.6_1,0.11611374407582939,0.5946292962846684
2019,04,ITA.20.7_1,0.13151658767772512,0.6282642756038258
2019,04,ITA.3.1_1,0.1481042654028436,0.6614378277661477
2019,04,ITA.3.2_1,0.12322274881516587,0.6105210889068452
2019,04,ITA.4.2_1,0.10545023696682464,0.5694874888880351
2019,04,ITA.4.3_1,0.11492890995260664,0.5919155345148495
2019,04,ITA.4.4_1,0.10308056872037914,0.5636701162914352
2019,04,ITA.5.3_1,0.09123222748815166,0.5331828954495821
2019,04,ITA.5.4_1,0.1504739336492891,0.6659459437521937
2019,04,ITA.5.5_1,0.07819905213270142,0.49656419524569023
2019,04,ITA.6.1_1,0.11137440758293839,0.5836574337742988
2019,04,ITA.6.2_1,0.08412322274881516,0.5136496860701855
2019,04,ITA.6.3_1,0.12796208530805686,0.620760823506123
2019,04,ITA.6.4_1,0.10308056872037914,0.5636701162914352
2019,04,ITA.6.5_1,0.10545023696682464,0.5694874888880351
2019,04,ITA.6.6_1,0.10426540284360189,0.5665897987080248
2019,04,ITA.6.7_1,0.11611374407582939,0.5946292962846684
2019,04,ITA.6.8_1,0.11492890995260664,0.5919155345148495
2019,04,ITA.6.9_1,0.1575829383886256,0.6791494680848981
2019,04,ITA.7.1_1,0.15402843601895735,0.6726068688320095
2019,04,ITA.7.2_1,0.10308056872037914,0.5636701162914352
2019,04,ITA.7.3_1,0.23104265402843605,0.7924014134263013
2019,04,ITA.7.4_1,0.12440758293838862,0.6131068422387733
2019,04,ITA.8.1_1,0.099526066350710915,0.5547756303227459
2019,04,ITA.8.2_1,0.07582938388625593,0.48950587330490736
2019,04,ITA.8.3_1,0.08649289099526065,0.5202730052578166
2019,04,ITA.8.4_1,0.08056872037914693,0.5034918072819061
2019,04,ITA.8.5_1,0.04976303317535546,0.4011782646156195
2019,04,ITA.9.1_1,0.2559241706161137,0.8230285535751478
2019,04,ITA.9.2_1,0.09597156398104266,0.5456702300840682
2019,04,ITA.9.3_1,0.25355450236966826,0.820253619315392
2019,04,ITA.9.4_1,0.10900473933649289,0.578051900784004
2019,04,LIE.10_1,0.03909952606635071,0.3572730048576298
2019,04,LIE.7_1,0.042654028436018954,0.37258019271024057
2019,04,LIE.9_1,0.023696682464454978,0.28
2019,04,LUX.1.1_1,0.09834123222748815,0.5517644424933523
2019,04,LUX.1.2_1,0.11137440758293839,0.5836574337742988
2019,04,LUX.1.3_1,0.09004739336492891,0.5299962264016603
2019,04,LUX.1.4_1,0.11255924170616115,0.58642987645583
2019,04,LUX.1.5_1,0.10071090047393366,0.5577633906953736
2019,04,LUX.2.1_1,0.099526066350710915,0.5547756303227459
2019,04,LUX.2.2_1,0.10071090047393366,0.5577633906953736
2019,04,LUX.2.3_1,0.08412322274881516,0.5136496860701855
2019,04,LUX.3.1_1,0.08886255924170616,0.5267826876426369
2019,04,LUX.3.2_1,0.0924170616113744,0.5363431737236897
2019,04,LUX.3.3_1,0.07345971563981042,0.4823111029200966
2019,04,LUX.3.4_1,0.09004739336492891,0.5299962264016603
2019,04,MDA.10_1,0.12322274881516587,0.6105210889068452
2019,04,MDA.2_1,0.12440758293838862,0.6131068422387733
2019,04,MKD.23_1,0.058056872037914695,0.4317360304630597
2019,04,MKD.52_1,0.18009478672985782,0.7180417815141401
2019,04,MKD.67_1,0.10781990521327015,0.5752182194611015
2019,04,MKD.9_1,0.05924170616113745,0.43588989435406733
2019,04,MLT.3.9_1,0.1599526066350711,0.683447144993671
2019,04,MLT.4.3_1,0.1575829383886256,0.6791494680848981
2019,04,NLD.1.1_1,0.08293838862559243,0.510294032886923
2019,04,NLD.1.10_1,0.07819905213270142,0.49656419524569023
2019,04,NLD.1.11_1,0.08649289099526065,0.5202730052578166
2019,04,NLD.1.12_1,0.08293838862559243,0.510294032886923
2019,04,NLD.1.2_1,0.08293838862559243,0.510294032886923
2019,04,NLD.1.3_1,0.11255924170616115,0.58642987645583
2019,04,NLD.1.4_1,0.08412322274881516,0.5136496860701855
2019,04,NLD.1.5_1,0.08530805687203791,0.5169758214849124
2019,04,NLD.1.6_1,0.08175355450236968,0.5069082757264868
2019,04,NLD.1.7_1,0.06990521327014218,0.47124940318264597
2019,04,NLD.1.8_1,0.099526066350710915,0.5547756303227459
2019,04,NLD.1.9_1,0.07938388625592417,0.5000439980641703
2019,04,NLD.10.1_1,0.07227488151658767,0.4786606313454241
2019,04,NLD.10.10_1,0.06753554502369669,0.4636852380656516
2019,04,NLD.10.11_1,0.09123222748815166,0.5331828954495821
2019,04,NLD.10.12_1,0.08412322274881516,0.5136496860701855
2019,04,NLD.10.13_1,0.07701421800947868,0.493051721424842
2019,04,NLD.10.14_1,0.09360189573459717,0.5394775250184201
2019,04,NLD.10.15_1,0.10781990521327015,0.5752182194611015
2019,04,NLD.10.16_1,0.06398104265402843,0.4520353968440967
2019,04,NLD.10.17_1,0.08649289099526065,0.5202730052578166
2019,04,NLD.10.18_1,0.07464454976303318,0.4859259202800361
2019,04,NLD.10.19_1,0.07938388625592417,0.5000439980641703
2019,04,NLD.10.20_1,0.08649289099526065,0.5202730052578166
2019,04,NLD.10.21_1,0.11611374407582939,0.5946292962846684
2019,04,NLD.10.22_1,0.08056872037914693,0.5034918072819061
2019,04,NLD.10.23_1,0.08293838862559243,0.510294032886923
2019,04,NLD.10.24_1,0.08293838862559243,0.510294032886923
2019,04,NLD.10.25_1,0.07464454976303318,0.4859259202800361
2019,04,NLD.10.26_1,0.06872037914691943,0.4674868982121317
2019,04,NLD.10.3_1,0.07701421800947868,0.493051721424842
2019,04,NLD.10.4_1,0.06990521327014218,0.47124940318264597
2019,04,NLD.10.5_2,0.07819905213270142,0.49656419524569023
2019,04,NLD.10.6_1,0.09360189573459717,0.5394775250184201
2019,04,NLD.10.7_1,0.09478672985781991,0.5425863986500215
2019,04,NLD.10.8_1,0.1066350710900474,0.5723635208501674
2019,04,NLD.10.9_1,0.09123222748815166,0.5331828954495821
2019,04,NLD.11.12_1,0.10308056872037914,0.5636701162914352
2019,04,NLD.11.13_1,0.08886255924170616,0.5267826876426369
2019,04,NLD.11.14_1,0.09123222748815166,0.5331828954495821
2019,04,NLD.11.16_1,0.08530805687203791,0.5169758214849124
2019,04,NLD.11.18_1,0.07582938388625593,0.48950587330490736
2019,04,NLD.11.21_1,0.09004739336492891,0.5299962264016603
2019,04,NLD.11.22_1,0.08056872037914693,0.5034918072819061
2019,04,NLD.11.23_1,0.11137440758293839,0.5836574337742988
2019,04,NLD.11.25_1,0.061611374407582936,0.4440540507640933
2019,04,NLD.11.26_1,0.08412322274881516,0.5136496860701855
2019,04,NLD.11.27_1,0.08530805687203791,0.5169758214849124
2019,04,NLD.11.28_1,0.08767772511848342,0.5235417843878366
2019,04,NLD.11.3_1,0.099526066350710915,0.5547756303227459
2019,04,NLD.11.30_1,0.08886255924170616,0.5267826876426369
2019,04,NLD.11.31_1,0.08530805687203791,0.5169758214849124
2019,04,NLD.11.32_1,0.08175355450236968,0.5069082757264868
2019,04,NLD.11.33_1,0.1066350710900474,0.5723635208501674
2019,04,NLD.11.34_1,0.1018957345971564,0.5607280981010314
2019,04,NLD.11.35_1,0.08056872037914693,0.5034918072819061
2019,04,NLD.11.36_1,0.09360189573459717,0.5394775250184201
2019,04,NLD.11.37_1,0.0924170616113744,0.5363431737236897
2019,04,NLD.11.4_1,0.09597156398104266,0.5456702300840682
2019,04,NLD.11.6_1,0.09360189573459717,0.5394775250184201
2019,04,NLD.11.8_1,0.08530805687203791,0.5169758214849124
2019,04,NLD.12.1_1,0.08767772511848342,0.5235417843878366
2019,04,NLD.12.10_1,0.10308056872037914,0.5636701162914352
2019,04,NLD.12.11_1,0.08767772511848342,0.5235417843878366
2019,04,NLD.12.12_1,0.1137440758293839,0.589182484464703
2019,04,NLD.12.13_1,0.09597156398104266,0.5456702300840682
2019,04,NLD.12.2_1,0.10900473933649289,0.578051900784004
2019,04,NLD.12.3_1,0.10900473933649289,0.578051900784004
2019,04,NLD.12.5_1,0.11729857819905214,0.5973240326656881
2019,04,NLD.12.7_1,0.12440758293838862,0.6131068422387733
2019,04,NLD.12.8_1,0.09360189573459717,0.5394775250184201
2019,04,NLD.12.9_1,0.0971563981042654,0.5487294415283365
2019,04,NLD.14.100_1,0.08767772511848342,0.5235417843878366
2019,04,NLD.14.101_1,0.1018957345971564,0.5607280981010314
2019,04,NLD.14.102_1,0.08886255924170616,0.5267826876426369
2019,04,NLD.14.103_1,0.099526066350710915,0.5547756303227459
2019,04,NLD.14.104_1,0.09004739336492891,0.5299962264016603
2019,04,NLD.14.17_1,0.08886255924170616,0.5267826876426369
2019,04,NLD.14.18_1,0.08649289099526065,0.5202730052578166
2019,04,NLD.14.2_1,0.10071090047393366,0.5577633906953736
2019,04,NLD.14.21_1,0.10071090047393366,0.5577633906953736
2019,04,NLD.14.23_1,0.099526066350710915,0.5547756303227459
2019,04,NLD.14.26_1,0.08649289099526065,0.5202730052578166
2019,04,NLD.14.27_1,0.0971563981042654,0.5487294415283365
2019,04,NLD.14.29_1,0.08293838862559243,0.510294032886923
2019,04,NLD.14.30_2,0.11492890995260664,0.5919155345148495
2019,04,NLD.14.31_1,0.08886255924170616,0.5267826876426369
2019,04,NLD.14.32_1,0.099526066350710915,0.5547756303227459
2019,04,NLD.14.34_2,0.099526066350710915,0.5547756303227459
2019,04,NLD.14.36_1,0.08175355450236968,0.5069082757264868
2019,04,NLD.14.38_1,0.08293838862559243,0.510294032886923
2019,04,NLD.14.39_1,0.099526066350710915,0.5547756303227459
2019,04,NLD.14.4_1,0.0924170616113744,0.5363431737236897
2019,04,NLD.14.40_1,0.09834123222748815,0.5517644424933523
2019,04,NLD.14.43_1,0.11018957345971564,0.5808648724100985
2019,04,NLD.14.45_1,0.09123222748815166,0.5331828954495821
2019,04,NLD.14.5_1,0.08886255924170616,0.5267826876426369
2019,04,NLD.14.53_2,0.099526066350710915,0.5547756303227459
2019,04,NLD.14.54_2,0.10426540284360189,0.5665897987080248
2019,04,NLD.14.56_1,0.07464454976303318,0.4859259202800361
2019,04,NLD.14.60_1,0.08293838862559243,0.510294032886923
2019,04,NLD.14.61_1,0.099526066350710915,0.5547756303227459
2019,04,NLD.14.63_1,0.08767772511848342,0.5235417843878366
2019,04,NLD.14.66_1,0.11255924170616115,0.58642987645583
2019,04,NLD.14.67_2,0.09360189573459717,0.5394775250184201
2019,04,NLD.14.7_2,0.0971563981042654,0.5487294415283365
2019,04,NLD.14.70_1,0.1184834123222749,0.6
2019,04,NLD.14.73_1,0.09004739336492891,0.5299962264016603
2019,04,NLD.14.78_1,0.09478672985781991,0.5425863986500215
2019,04,NLD.14.8_1,0.08649289099526065,0.5202730052578166
2019,04,NLD.14.81_1,0.09478672985781991,0.5425863986500215
2019,04,NLD.14.82_1,0.08056872037914693,0.5034918072819061
2019,04,NLD.14.84_1,0.08175355450236968,0.5069082757264868
2019,04,NLD.14.86_1,0.1018957345971564,0.5607280981010314
2019,04,NLD.14.89_1,0.06279620853080568,0.4480669592817573
2019,04,NLD.14.90_1,0.07938388625592417,0.5000439980641703
2019,04,NLD.14.91_1,0.07938388625592417,0.5000439980641703
2019,04,NLD.14.93_1,0.06398104265402843,0.4520353968440967
2019,04,NLD.14.94_1,0.08412322274881516,0.5136496860701855
2019,04,NLD.14.95_1,0.06635071090047394,0.4598434516223972
2019,04,NLD.14.96_1,0.07345971563981042,0.4823111029200966
2019,04,NLD.14.97_1,0.07464454976303318,0.4859259202800361
2019,04,NLD.14.98_1,0.08293838862559243,0.510294032886923
2019,04,NLD.14.99_1,0.09004739336492891,0.5299962264016603
2019,04,NLD.2.1_1,0.07582938388625593,0.48950587330490736
2019,04,NLD.2.2_1,0.08175355450236968,0.5069082757264868
2019,04,NLD.2.3_1,0.07345971563981042,0.4823111029200966
2019,04,NLD.2.4_1,0.08530805687203791,0.5169758214849124
2019,04,NLD.2.5_1,0.08649289099526065,0.5202730052578166
2019,04,NLD.2.6_1,0.08412322274881516,0.5136496860701855
2019,04,NLD.3.1_1,0.17061611374407581,0.7021794642397341
2019,04,NLD.3.10_1,0.11611374407582939,0.5946292962846684
2019,04,NLD.3.11_2,0.23222748815165878,0.7939370252104382
2019,04,NLD.3.14_2,0.13033175355450238,0.6257795138864806
2019,04,NLD.3.20_1,0.07582938388625593,0.48950587330490736
2019,04,NLD.3.21_1,0.1504739336492891,0.6659459437521937
2019,04,NLD.3.24_1,0.15165876777251186,0.6681796165702752
2019,04,NLD.3.27_1,0.1018957345971564,0.5607280981010314
2019,04,NLD.3.29_1,0.19194312796208532,0.73690162165651385
2019,04,NLD.3.32_1,0.11611374407582939,0.5946292962846684
2019,04,NLD.3.33_1,0.0924170616113744,0.5363431737236897
2019,04,NLD.3.34_1,0.13507109004739337,0.6356225294937239
2019,04,NLD.3.35_1,0.09834123222748815,0.5517644424933523
2019,04,NLD.3.5_1,0.061611374407582936,0.4440540507640934
2019,04,NLD.4.10_1,0.07109004739336493,0.4749736834815167
2019,04,NLD.4.11_1,0.06516587677725119,0.45596052460711994
2019,04,NLD.4.14_1,0.07582938388625593,0.48950587330490736
2019,04,NLD.4.15_2,0.09834123222748815,0.5517644424933523
2019,04,NLD.4.16_1,0.09834123222748815,0.5517644424933523
2019,04,NLD.4.17_1,0.06042654028436019,0.4399954545219757
2019,04,NLD.4.18_1,0.08412322274881516,0.5136496860701855
2019,04,NLD.4.20_1,0.06516587677725119,0.45596052460711994
2019,04,NLD.4.21_1,0.07582938388625593,0.48950587330490736
2019,04,NLD.4.22_1,0.06990521327014218,0.47124940318264597
2019,04,NLD.4.28_1,0.10900473933649289,0.578051900784004
2019,04,NLD.4.3_1,0.061611374407582936,0.4440540507640933
2019,04,NLD.4.30_1,0.06398104265402843,0.4520353968440967
2019,04,NLD.4.32_1,0.1066350710900474,0.5723635208501674
2019,04,NLD.4.34_1,0.07345971563981042,0.4823111029200966
2019,04,NLD.4.37_1,0.08293838862559243,0.510294032886923
2019,04,NLD.4.38_2,0.08767772511848342,0.5235417843878366
2019,04,NLD.4.39_1,0.08767772511848342,0.5235417843878366
2019,04,NLD.4.4_1,0.08412322274881516,0.5136496860701855
2019,04,NLD.4.43_1,0.08175355450236968,0.5069082757264868
2019,04,NLD.4.44_1,0.10545023696682464,0.5694874888880351
2019,04,NLD.4.45_1,0.07582938388625593,0.48950587330490736
2019,04,NLD.4.46_1,0.07701421800947868,0.493051721424842
2019,04,NLD.4.47_1,0.09004739336492891,0.5299962264016603
2019,04,NLD.4.48_1,0.08412322274881516,0.5136496860701855
2019,04,NLD.4.49_1,0.09123222748815166,0.5331828954495821
2019,04,NLD.4.5_1,0.09597156398104266,0.5456702300840682
2019,04,NLD.4.50_1,0.06753554502369669,0.4636852380656516
2019,04,NLD.4.52_1,0.09123222748815166,0.5331828954495821
2019,04,NLD.4.56_1,0.08412322274881516,0.5136496860701855
2019,04,NLD.4.58_1,0.07464454976303318,0.4859259202800361
2019,04,NLD.4.60_1,0.07819905213270142,0.49656419524569023
2019,04,NLD.4.63_1,0.08649289099526065,0.5202730052578166
2019,04,NLD.4.64_1,0.09004739336492891,0.5299962264016603
2019,04,NLD.4.65_1,0.08649289099526065,0.5202730052578166
2019,04,NLD.4.66_1,0.11255924170616115,0.58642987645583
2019,04,NLD.4.68_1,0.07464454976303318,0.4859259202800361
2019,04,NLD.4.7_1,0.08767772511848342,0.5235417843878366
2019,04,NLD.4.71_2,0.06872037914691943,0.4674868982121317
2019,04,NLD.4.72_1,0.09597156398104266,0.5456702300840682
2019,04,NLD.4.73_1,0.10781990521327015,0.5752182194611015
2019,04,NLD.4.74_1,0.07938388625592417,0.5000439980641703
2019,04,NLD.4.75_1,0.07819905213270142,0.49656419524569023
2019,04,NLD.4.76_1,0.08056872037914693,0.5034918072819061
2019,04,NLD.4.77_1,0.09123222748815166,0.5331828954495821
2019,04,NLD.4.78_1,0.08530805687203791,0.5169758214849124
2019,04,NLD.4.79_1,0.08175355450236968,0.5069082757264868
2019,04,NLD.4.9_1,0.058056872037914695,0.4317360304630597
2019,04,NLD.5.19_1,0.09597156398104266,0.5456702300840682
2019,04,NLD.5.21_1,0.12796208530805686,0.620760823506123
2019,04,NLD.5.26_1,0.07819905213270142,0.49656419524569023
2019,04,NLD.5.27_1,0.08767772511848342,0.5235417843878366
2019,04,NLD.5.28_1,0.08530805687203791,0.5169758214849124
2019,04,NLD.5.29_1,0.09360189573459717,0.5394775250184201
2019,04,NLD.5.30_1,0.10900473933649289,0.578051900784004
2019,04,NLD.5.31_1,0.11137440758293839,0.5836574337742988
2019,04,NLD.5.7_2,0.05568720379146919,0.42327768663136495
2019,04,NLD.6.1_1,0.12085308056872038,0.6052966215005664
2019,04,NLD.7.10_1,0.09123222748815166,0.5331828954495821
2019,04,NLD.7.13_1,0.11492890995260664,0.5919155345148495
2019,04,NLD.7.16_2,0.08886255924170616,0.5267826876426369
2019,04,NLD.7.18_1,0.1066350710900474,0.5723635208501674
2019,04,NLD.7.20_1,0.10426540284360189,0.5665897987080248
2019,04,NLD.7.23_1,0.10426540284360189,0.5665897987080248
2019,04,NLD.7.29_1,0.12677725118483413,0.6182264957117253
2019,04,NLD.7.3_1,0.10545023696682464,0.5694874888880351
2019,04,NLD.7.32_2,0.10900473933649289,0.578051900784004
2019,04,NLD.7.33_2,0.10308056872037914,0.5636701162914352
2019,04,NLD.7.37_1,0.10071090047393366,0.5577633906953736
2019,04,NLD.7.38_1,0.11492890995260664,0.5919155345148495
2019,04,NLD.7.39_1,0.13507109004739337,0.6356225294937239
2019,04,NLD.7.4_1,0.099526066350710915,0.5547756303227459
2019,04,NLD.7.43_1,0.11137440758293839,0.5836574337742988
2019,04,NLD.7.44_2,0.11255924170616115,0.58642987645583
2019,04,NLD.7.45_1,0.07938388625592417,0.5000439980641703
2019,04,NLD.7.46_1,0.08767772511848342,0.5235417843878366
2019,04,NLD.7.47_1,0.10426540284360189,0.5665897987080248
2019,04,NLD.7.49_1,0.09004739336492891,0.5299962264016603
2019,04,NLD.7.5_1,0.10308056872037914,0.5636701162914352
2019,04,NLD.7.50_1,0.11137440758293839,0.5836574337742988
2019,04,NLD.7.51_1,0.09004739336492891,0.5299962264016603
2019,04,NLD.7.52_1,0.0971563981042654,0.5487294415283365
2019,04,NLD.7.6_1,0.12440758293838862,0.6131068422387733
2019,04,NLD.7.7_1,0.12085308056872038,0.6052966215005664
2019,04,NLD.7.9_1,0.10308056872037914,0.5636701162914352
2019,04,NLD.8.1_1,0.07345971563981042,0.4823111029200966
2019,04,NLD.8.10_1,0.10781990521327015,0.5752182194611015
2019,04,NLD.8.11_1,0.06635071090047394,0.4598434516223972
2019,04,NLD.8.12_1,0.11018957345971564,0.5808648724100985
2019,04,NLD.8.13_1,0.07227488151658767,0.4786606313454241
2019,04,NLD.8.14_1,0.09123222748815166,0.5331828954495821
2019,04,NLD.8.15_1,0.10781990521327015,0.5752182194611015
2019,04,NLD.8.16_1,0.09597156398104266,0.5456702300840682
2019,04,NLD.8.17_1,0.11611374407582939,0.5946292962846684
2019,04,NLD.8.18_1,0.08293838862559243,0.510294032886923
2019,04,NLD.8.19_1,0.08056872037914693,0.5034918072819061
2019,04,NLD.8.20_1,0.10545023696682464,0.5694874888880351
2019,04,NLD.8.21_1,0.10071090047393366,0.5577633906953736
2019,04,NLD.8.22_1,0.07701421800947868,0.493051721424842
2019,04,NLD.8.23_1,0.08412322274881516,0.5136496860701855
2019,04,NLD.8.25_1,0.09004739336492891,0.5299962264016603
2019,04,NLD.8.26_1,0.08175355450236968,0.5069082757264868
2019,04,NLD.8.27_1,0.09360189573459717,0.5394775250184201
2019,04,NLD.8.28_1,0.10900473933649289,0.578051900784004
2019,04,NLD.8.3_1,0.1066350710900474,0.5723635208501674
2019,04,NLD.8.30_1,0.07938388625592417,0.5000439980641703
2019,04,NLD.8.31_1,0.11137440758293839,0.5836574337742988
2019,04,NLD.8.32_1,0.11137440758293839,0.5836574337742988
2019,04,NLD.8.33_1,0.08175355450236968,0.5069082757264868
2019,04,NLD.8.34_1,0.07701421800947868,0.493051721424842
2019,04,NLD.8.35_1,0.10308056872037914,0.5636701162914352
2019,04,NLD.8.36_1,0.08175355450236968,0.5069082757264868
2019,04,NLD.8.38_1,0.07109004739336493,0.4749736834815167
2019,04,NLD.8.4_1,0.11492890995260664,0.5919155345148495
2019,04,NLD.8.41_1,0.08293838862559243,0.510294032886923
2019,04,NLD.8.42_1,0.07701421800947868,0.493051721424842
2019,04,NLD.8.43_1,0.1066350710900474,0.5723635208501674
2019,04,NLD.8.44_1,0.0971563981042654,0.5487294415283365
2019,04,NLD.8.45_1,0.08056872037914693,0.5034918072819061
2019,04,NLD.8.46_1,0.0924170616113744,0.5363431737236897
2019,04,NLD.8.47_2,0.0924170616113744,0.5363431737236897
2019,04,NLD.8.48_1,0.1137440758293839,0.589182484464703
2019,04,NLD.8.49_1,0.10545023696682464,0.5694874888880351
2019,04,NLD.8.5_1,0.09004739336492891,0.5299962264016603
2019,04,NLD.8.50_1,0.0924170616113744,0.5363431737236897
2019,04,NLD.8.52_1,0.07938388625592417,0.5000439980641703
2019,04,NLD.8.54_1,0.09597156398104266,0.5456702300840682
2019,04,NLD.8.55_1,0.11966824644549764,0.6026574483070793
2019,04,NLD.8.56_1,0.09478672985781991,0.5425863986500215
2019,04,NLD.8.57_1,0.08767772511848342,0.5235417843878366
2019,04,NLD.8.58_1,0.1018957345971564,0.5607280981010314
2019,04,NLD.8.59_1,0.08056872037914693,0.5034918072819061
2019,04,NLD.8.6_1,0.09360189573459717,0.5394775250184201
2019,04,NLD.8.60_1,0.0971563981042654,0.5487294415283365
2019,04,NLD.8.62_1,0.11729857819905214,0.5973240326656881
2019,04,NLD.8.63_2,0.08767772511848342,0.5235417843878366
2019,04,NLD.8.64_1,0.1137440758293839,0.589182484464703
2019,04,NLD.8.65_1,0.09004739336492891,0.5299962264016603
2019,04,NLD.8.67_1,0.08530805687203791,0.5169758214849124
2019,04,NLD.8.69_1,0.08530805687203791,0.5169758214849124
2019,04,NLD.8.7_1,0.08293838862559243,0.510294032886923
2019,04,NLD.8.70_1,0.08530805687203791,0.5169758214849124
2019,04,NLD.8.71_1,0.11255924170616115,0.58642987645583
2019,04,NLD.8.72_1,0.08412322274881516,0.5136496860701855
2019,04,NLD.8.8_1,0.08649289099526065,0.5202730052578166
2019,04,NLD.8.9_1,0.08530805687203791,0.5169758214849124
2019,04,NLD.9.1_1,0.06635071090047394,0.4598434516223972
2019,04,NLD.9.10_1,0.08412322274881516,0.5136496860701855
2019,04,NLD.9.11_1,0.07938388625592417,0.5000439980641703
2019,04,NLD.9.12_2,0.08649289099526065,0.5202730052578166
2019,04,NLD.9.14_1,0.08412322274881516,0.5136496860701855
2019,04,NLD.9.15_1,0.10071090047393366,0.5577633906953736
2019,04,NLD.9.16_1,0.10781990521327015,0.5752182194611015
2019,04,NLD.9.21_1,0.08767772511848342,0.5235417843878366
2019,04,NLD.9.23_2,0.07819905213270142,0.49656419524569023
2019,04,NLD.9.25_1,0.07464454976303318,0.4859259202800361
2019,04,NLD.9.26_1,0.10426540284360189,0.5665897987080248
2019,04,NLD.9.27_1,0.08530805687203791,0.5169758214849124
2019,04,NLD.9.28_1,0.08767772511848342,0.5235417843878366
2019,04,NLD.9.29_1,0.08056872037914693,0.5034918072819061
2019,04,NLD.9.3_1,0.07938388625592417,0.5000439980641703
2019,04,NLD.9.31_1,0.08412322274881516,0.5136496860701855
2019,04,NLD.9.32_1,0.10071090047393366,0.5577633906953736
2019,04,NLD.9.33_1,0.08886255924170616,0.5267826876426369
2019,04,NLD.9.34_1,0.08412322274881516,0.5136496860701855
2019,04,NLD.9.4_1,0.09004739336492891,0.5299962264016603
2019,04,NLD.9.41_1,0.08056872037914693,0.5034918072819061
2019,04,NLD.9.42_1,0.07582938388625593,0.48950587330490736
2019,04,NLD.9.43_1,0.099526066350710915,0.5547756303227459
2019,04,NLD.9.44_1,0.0971563981042654,0.5487294415283365
2019,04,NLD.9.47_1,0.1066350710900474,0.5723635208501674
2019,04,NLD.9.49_1,0.09597156398104266,0.5456702300840682
2019,04,NLD.9.50_1,0.08530805687203791,0.5169758214849124
2019,04,NLD.9.51_1,0.09123222748815166,0.5331828954495821
2019,04,NLD.9.53_1,0.1184834123222749,0.6
2019,04,NLD.9.54_1,0.08056872037914693,0.5034918072819061
2019,04,NLD.9.59_1,0.08412322274881516,0.5136496860701855
2019,04,NLD.9.61_1,0.08175355450236968,0.5069082757264868
2019,04,NLD.9.62_1,0.09123222748815166,0.5331828954495821
2019,04,NLD.9.63_1,0.09004739336492891,0.5299962264016603
2019,04,NLD.9.66_1,0.08649289099526065,0.5202730052578166
2019,04,NLD.9.67_1,0.1018957345971564,0.5607280981010314
2019,04,NLD.9.68_1,0.09123222748815166,0.5331828954495821
2019,04,NLD.9.69_1,0.099526066350710915,0.5547756303227459
2019,04,NLD.9.7_1,0.08056872037914693,0.5034918072819061
2019,04,NLD.9.70_1,0.08886255924170616,0.5267826876426369
2019,04,NLD.9.71_1,0.08293838862559243,0.510294032886923
2019,04,NLD.9.72_1,0.08886255924170616,0.5267826876426369
2019,04,NLD.9.73_1,0.07938388625592417,0.5000439980641703
2019,04,NLD.9.9_1,0.08056872037914693,0.5034918072819061
2019,04,POL.1.16_1,0.05924170616113745,0.43588989435406733
2019,04,POL.1.17_1,0.06042654028436019,0.4399954545219757
2019,04,POL.1.19_1,0.052132701421800945,0.4101901997854166
2019,04,POL.1.20_1,0.06279620853080568,0.4480669592817573
2019,04,POL.1.22_1,0.06872037914691943,0.4674868982121317
2019,04,POL.1.24_1,0.0485781990521327,0.39658038277252194
2019,04,POL.1.26_1,0.07701421800947868,0.493051721424842
2019,04,POL.11.20_1,0.05568720379146919,0.42327768663136495
2019,04,POL.11.5_1,0.0509478672985782,0.40571418511065155
2019,04,POL.11.7_1,0.052132701421800945,0.4101901997854166
2019,04,POL.15.24_1,0.08056872037914693,0.5034918072819061
2019,04,PRT.1.1_1,0.13862559241706163,0.6428405712149786
2019,04,PRT.1.10_1,0.2677725118483412,0.8364783320564855
2019,04,PRT.1.11_1,0.15402843601895735,0.6726068688320095
2019,04,PRT.1.12_1,0.1457345971563981,0.656874417221435
2019,04,PRT.1.13_1,0.13270142180094788,0.6307329070216647
2019,04,PRT.1.15_1,0.14218009478672985,0.6499230723708768
2019,04,PRT.1.16_1,0.1528436018957346,0.6703998806682472
2019,04,PRT.1.17_1,0.07464454976303318,0.4859259202800361
2019,04,PRT.1.18_1,0.1504739336492891,0.6659459437521937
2019,04,PRT.1.19_1,0.14218009478672985,0.6499230723708768
2019,04,PRT.1.2_1,0.1943127962085308,0.7405511461067358
2019,04,PRT.1.3_1,0.17654028436018956,0.7121769443052759
2019,04,PRT.1.4_1,0.1481042654028436,0.6614378277661477
2019,04,PRT.1.5_1,0.15165876777251186,0.6681796165702752
2019,04,PRT.1.6_1,0.1338862559241706,0.6331855968039702
2019,04,PRT.1.7_1,0.14218009478672985,0.6499230723708768
2019,04,PRT.1.8_1,0.15165876777251186,0.6681796165702752
2019,04,PRT.1.9_1,0.1481042654028436,0.6614378277661477
2019,04,PRT.10.1_1,0.0924170616113744,0.5363431737236897
2019,04,PRT.10.10_1,0.14928909952606637,0.663698726833192
2019,04,PRT.10.11_1,0.09834123222748815,0.5517644424933523
2019,04,PRT.10.12_1,0.1409952606635071,0.647577022445979
2019,04,PRT.10.13_1,0.11729857819905214,0.5973240326656881
2019,04,PRT.10.14_1,0.10426540284360189,0.5665897987080248
2019,04,PRT.10.2_1,0.13744075829383887,0.6404498419080139
2019,04,PRT.10.3_1,0.11729857819905214,0.5973240326656881
2019,04,PRT.10.4_1,0.13270142180094788,0.6307329070216647
2019,04,PRT.10.5_1,0.13270142180094788,0.6307329070216647
2019,04,PRT.10.6_1,0.11729857819905214,0.5973240326656881
2019,04,PRT.10.7_1,0.09123222748815166,0.5331828954495821
2019,04,PRT.10.8_1,0.11255924170616115,0.58642987645583
2019,04,PRT.10.9_1,0.11611374407582939,0.5946292962846684
2019,04,PRT.11.1_1,0.13151658767772512,0.6282642756038258
2019,04,PRT.11.10_1,0.12559241706161137,0.6156752390668314
2019,04,PRT.11.11_1,0.14336492890995262,0.6522545515364381
2019,04,PRT.11.12_1,0.16824644549763032,0.698100279329553
2019,04,PRT.11.13_1,0.20616113744075829,0.7582189657348332
2019,04,PRT.11.15_1,0.3661137440758294,0.9241623234042816
2019,04,PRT.11.16_1,0.15165876777251186,0.6681796165702752
2019,04,PRT.11.2_1,0.283175355450237,0.8529454847761373
2019,04,PRT.11.3_1,0.4206161137440758,0.9570266453970862
2019,04,PRT.11.4_1,0.16943127962085308,0.7001456991226898
2019,04,PRT.11.5_1,0.18127962085308058,0.7199749995659572
2019,04,PRT.11.6_1,0.17890995260663506,0.7160977586894125
2019,04,PRT.11.9_1,0.2369668246445498,0.7999999999999999
2019,04,PRT.12.1_1,0.17061611374407581,0.7021794642397341
2019,04,PRT.12.10_1,0.17535545023696683,0.710199971838918
2019,04,PRT.12.11_1,0.2132701421800948,0.7683749084919418
2019,04,PRT.12.12_1,0.1966824644549763,0.744161272843461
2019,04,PRT.12.13_1,0.2037914691943128,0.7547608892887866
2019,04,PRT.12.14_1,0.15402843601895735,0.6726068688320095
2019,04,PRT.12.15_1,0.15521327014218012,0.6748007113214982
2019,04,PRT.12.16_1,0.18364928909952608,0.7238093671679029
2019,04,PRT.12.2_1,0.19905213270142183,0.7477325725150671
2019,04,PRT.12.4_1,0.1528436018957346,0.6703998806682472
2019,04,PRT.12.5_1,0.17417061611374407,0.7082118327167374
2019,04,PRT.12.7_1,0.3009478672985782,0.8705951987002916
2019,04,PRT.12.8_1,0.17890995260663506,0.7160977586894125
2019,04,PRT.12.9_1,0.16824644549763032,0.698100279329553
2019,04,PRT.14.1_1,0.14218009478672985,0.6499230723708768
2019,04,PRT.14.10_1,0.1646919431279621,0.6918930553199678
2019,04,PRT.14.11_1,0.14336492890995262,0.6522545515364381
2019,04,PRT.14.12_1,0.14691943127962084,0.6591631057636645
2019,04,PRT.14.13_1,0.16113744075829387,0.6855771291401136
2019,04,PRT.14.14_1,0.14454976303317535,0.6545716156388085
2019,04,PRT.14.2_1,0.13151658767772512,0.6282642756038258
2019,04,PRT.14.3_1,0.18127962085308058,0.7199749995659572
2019,04,PRT.14.5_1,0.1646919431279621,0.6918930553199678
2019,04,PRT.14.6_1,0.13507109004739337,0.6356225294937239
2019,04,PRT.14.7_1,0.10900473933649289,0.578051900784004
2019,04,PRT.14.8_1,0.14336492890995262,0.6522545515364381
2019,04,PRT.14.9_1,0.14928909952606637,0.663698726833192
2019,04,PRT.15.1_1,0.1623222748815166,0.6876946997032913
2019,04,PRT.15.10_1,0.16587677725118485,0.6939740629158989
2019,04,PRT.15.11_1,0.16350710900473936,0.6897999710060881
2019,04,PRT.15.12_1,0.1575829383886256,0.6791494680848981
2019,04,PRT.15.13_1,0.2677725118483412,0.8364783320564855
2019,04,PRT.15.14_1,0.1646919431279621,0.6918930553199678
2019,04,PRT.15.15_1,0.1848341232227488,0.7257106861553024
2019,04,PRT.15.16_1,0.18009478672985782,0.7180417815141401
2019,04,PRT.15.17_1,0.2890995260663507,0.8589854480723175
2019,04,PRT.15.18_1,0.1646919431279621,0.6918930553199678
2019,04,PRT.15.2_1,0.15402843601895735,0.6726068688320095
2019,04,PRT.15.3_1,0.11611374407582939,0.5946292962846684
2019,04,PRT.15.4_1,0.15402843601895735,0.6726068688320095
2019,04,PRT.15.5_1,0.14691943127962084,0.6591631057636645
2019,04,PRT.15.6_1,0.18957345971563982,0.7332121111929344
2019,04,PRT.15.7_1,0.2132701421800948,0.7683749084919418
2019,04,PRT.15.8_1,0.15402843601895735,0.6726068688320095
2019,04,PRT.15.9_1,0.15165876777251186,0.6681796165702752
2019,04,PRT.16.1_1,0.12796208530805686,0.620760823506123
2019,04,PRT.16.10_1,0.1575829383886256,0.6791494680848981
2019,04,PRT.16.11_1,0.15402843601895735,0.6726068688320095
2019,04,PRT.16.12_1,0.13744075829383887,0.6404498419080139
2019,04,PRT.16.13_1,0.13151658767772512,0.6282642756038258
2019,04,PRT.16.14_1,0.29976303317535546,0.8694619025581282
2019,04,PRT.16.15_1,0.1528436018957346,0.6703998806682472
2019,04,PRT.16.16_1,0.12085308056872038,0.6052966215005664
2019,04,PRT.16.17_1,0.1504739336492891,0.6659459437521937
2019,04,PRT.16.18_1,0.10308056872037914,0.5636701162914352
2019,04,PRT.16.19_1,0.16824644549763032,0.698100279329553
2019,04,PRT.16.2_1,0.16113744075829387,0.6855771291401136
2019,04,PRT.16.20_1,0.15165876777251186,0.6681796165702752
2019,04,PRT.16.21_1,0.14454976303317535,0.6545716156388085
2019,04,PRT.16.3_1,0.11729857819905214,0.5973240326656881
2019,04,PRT.16.4_1,0.14218009478672985,0.6499230723708768
2019,04,PRT.16.5_1,0.1457345971563981,0.656874417221435
2019,04,PRT.16.6_1,0.12322274881516587,0.6105210889068452
2019,04,PRT.16.7_1,0.11611374407582939,0.5946292962846684
2019,04,PRT.16.8_1,0.12677725118483413,0.6182264957117253
2019,04,PRT.16.9_1,0.12203791469194313,0.6079177575955484
2019,04,PRT.17.10_1,0.1409952606635071,0.647577022445979
2019,04,PRT.17.11_1,0.15165876777251186,0.6681796165702752
2019,04,PRT.17.12_1,0.13033175355450238,0.6257795138864806
2019,04,PRT.17.2_1,0.1943127962085308,0.7405511461067358
2019,04,PRT.17.3_1,0.18009478672985782,0.7180417815141401
2019,04,PRT.17.4_1,0.1943127962085308,0.7405511461067358
2019,04,PRT.17.5_1,0.14218009478672985,0.6499230723708768
2019,04,PRT.17.6_1,0.22393364928909953,0.78301724118949
2019,04,PRT.17.7_1,0.11492890995260664,0.5919155345148495
2019,04,PRT.17.8_1,0.11018957345971564,0.5808648724100985
2019,04,PRT.17.9_1,0.1338862559241706,0.6331855968039702
2019,04,PRT.18.1_1,0.14336492890995262,0.6522545515364381
2019,04,PRT.18.10_1,0.22037914691943128,0.7782133383590902
2019,04,PRT.18.2_1,0.12440758293838862,0.6131068422387733
2019,04,PRT.18.3_1,0.10781990521327015,0.5752182194611015
2019,04,PRT.18.4_1,0.1646919431279621,0.6918930553199678
2019,04,PRT.18.5_1,0.21445497630331753,0.7700363627777587
2019,04,PRT.18.6_1,0.15402843601895735,0.6726068688320095
2019,04,PRT.18.7_1,0.16113744075829387,0.6855771291401136
2019,04,PRT.18.8_1,0.18957345971563982,0.7332121111929344
2019,04,PRT.18.9_1,0.12085308056872038,0.6052966215005664
2019,04,PRT.19.1_1,0.12322274881516587,0.6105210889068452
2019,04,PRT.19.10_1,0.15639810426540285,0.6769815359372809
2019,04,PRT.19.11_1,0.15402843601895735,0.6726068688320095
2019,04,PRT.19.14_1,0.1409952606635071,0.647577022445979
2019,04,PRT.19.4_1,0.14218009478672985,0.6499230723708768
2019,04,PRT.19.5_1,0.14691943127962084,0.6591631057636645
2019,04,PRT.19.7_1,0.13507109004739337,0.6356225294937239
2019,04,PRT.19.8_1,0.13270142180094788,0.6307329070216647
2019,04,PRT.20.1_1,0.12796208530805686,0.620760823506123
2019,04,PRT.20.10_1,0.1848341232227488,0.7257106861553024
2019,04,PRT.20.11_1,0.15639810426540285,0.6769815359372809
2019,04,PRT.20.12_1,0.09478672985781991,0.5425863986500215
2019,04,PRT.20.13_1,0.13862559241706163,0.6428405712149786
2019,04,PRT.20.14_1,0.22630331753554503,0.786178096871186
2019,04,PRT.20.15_1,0.1137440758293839,0.589182484464703
2019,04,PRT.20.16_1,0.14928909952606637,0.663698726833192
2019,04,PRT.20.17_1,0.11966824644549764,0.6026574483070793
2019,04,PRT.20.18_1,0.10900473933649289,0.578051900784004
2019,04,PRT.20.19_1,0.12203791469194313,0.6079177575955484
2019,04,PRT.20.2_1,0.16824644549763032,0.698100279329553
2019,04,PRT.20.20_1,0.13981042654028436,0.645216242820963
2019,04,PRT.20.21_1,0.23104265402843605,0.7924014134263013
2019,04,PRT.20.22_1,0.1137440758293839,0.589182484464703
2019,04,PRT.20.23_1,0.13507109004739337,0.6356225294937239
2019,04,PRT.20.24_1,0.19194312796208532,0.73690162165651385
2019,04,PRT.20.3_1,0.13270142180094788,0.6307329070216647
2019,04,PRT.20.4_1,0.15165876777251186,0.6681796165702752
2019,04,PRT.20.5_1,0.13744075829383887,0.6404498419080139
2019,04,PRT.20.6_1,0.1575829383886256,0.6791494680848981
2019,04,PRT.20.7_1,0.1184834123222749,0.6
2019,04,PRT.20.8_1,0.3056872037914692,0.8750679973579196
2019,04,PRT.20.9_1,0.1481042654028436,0.6614378277661477
2019,04,PRT.3.1_1,0.13744075829383887,0.6404498419080139
2019,04,PRT.3.10_1,0.15402843601895735,0.6726068688320095
2019,04,PRT.3.11_1,0.12914691943127962,0.6232784289545082
2019,04,PRT.3.12_1,0.12085308056872038,0.6052966215005664
2019,04,PRT.3.13_1,0.13033175355450238,0.6257795138864806
2019,04,PRT.3.14_1,0.1409952606635071,0.647577022445979
2019,04,PRT.3.2_1,0.11018957345971564,0.5808648724100985
2019,04,PRT.3.5_1,0.11492890995260664,0.5919155345148495
2019,04,PRT.3.6_1,0.13507109004739337,0.6356225294937239
2019,04,PRT.3.7_1,0.12796208530805686,0.620760823506123
2019,04,PRT.3.8_1,0.13507109004739337,0.6356225294937239
2019,04,PRT.3.9_1,0.11966824644549764,0.6026574483070793
2019,04,PRT.4.1_1,0.24407582938388625,0.8088609274776474
2019,04,PRT.4.10_1,0.1504739336492891,0.6659459437521937
2019,04,PRT.4.11_1,0.13625592417061613,0.6380438856379709
2019,04,PRT.4.12_1,0.1599526066350711,0.683447144993671
2019,04,PRT.4.13_1,0.2132701421800948,0.7683749084919418
2019,04,PRT.4.14_1,0.14336492890995262,0.6522545515364381
2019,04,PRT.4.2_1,0.18838862559241706,0.7313521723492725
2019,04,PRT.4.3_1,0.20616113744075829,0.7582189657348332
2019,04,PRT.4.4_1,0.16587677725118485,0.6939740629158989
2019,04,PRT.4.5_1,0.22630331753554503,0.786178096871186
2019,04,PRT.4.6_1,0.1729857819905213,0.7062124326291629
2019,04,PRT.4.7_1,0.16824644549763032,0.698100279329553
2019,04,PRT.4.8_1,0.14691943127962084,0.6591631057636645
2019,04,PRT.4.9_1,0.17890995260663506,0.7160977586894125
2019,04,PRT.5.1_1,0.14454976303317535,0.6545716156388085
2019,04,PRT.5.10_1,0.12677725118483413,0.6182264957117253
2019,04,PRT.5.11_1,0.13270142180094788,0.6307329070216647
2019,04,PRT.5.12_1,0.09478672985781991,0.5425863986500215
2019,04,PRT.5.2_1,0.1137440758293839,0.589182484464703
2019,04,PRT.5.3_1,0.10781990521327015,0.5752182194611015
2019,04,PRT.5.4_1,0.1137440758293839,0.589182484464703
2019,04,PRT.5.5_1,0.10545023696682464,0.5694874888880351
2019,04,PRT.5.6_1,0.10900473933649289,0.578051900784004
2019,04,PRT.5.7_1,0.12203791469194313,0.6079177575955484
2019,04,PRT.5.8_1,0.15402843601895735,0.6726068688320095
2019,04,PRT.5.9_1,0.12914691943127962,0.6232784289545082
2019,04,PRT.6.1_1,0.12796208530805686,0.620760823506123
2019,04,PRT.6.10_1,0.12440758293838862,0.6131068422387733
2019,04,PRT.6.11_1,0.1338862559241706,0.6331855968039702
2019,04,PRT.6.2_1,0.11137440758293839,0.5836574337742988
2019,04,PRT.6.3_1,0.1409952606635071,0.647577022445979
2019,04,PRT.6.4_1,0.13507109004739337,0.6356225294937239
2019,04,PRT.6.5_1,0.12796208530805686,0.620760823506123
2019,04,PRT.6.6_1,0.12085308056872038,0.6052966215005664
2019,04,PRT.6.7_1,0.11492890995260664,0.5919155345148495
2019,04,PRT.6.8_1,0.09123222748815166,0.5331828954495821
2019,04,PRT.6.9_1,0.17535545023696683,0.710199971838918
2019,04,PRT.7.1_1,0.2938388625592417,0.8637036528810099
2019,04,PRT.7.10_1,0.10545023696682464,0.5694874888880351
2019,04,PRT.7.11_1,0.24407582938388625,0.8088609274776474
2019,04,PRT.7.12_1,0.13981042654028436,0.645216242820963
2019,04,PRT.7.13_1,0.17061611374407581,0.7021794642397341
2019,04,PRT.7.14_1,0.4265402843601896,0.96
2019,04,PRT.7.15_1,0.25,0.8160367638777066
2019,04,PRT.7.16_1,0.29265402843601895,0.8625334776111592
2019,04,PRT.7.17_1,0.18957345971563982,0.7332121111929344
2019,04,PRT.7.2_1,0.17180094786729858,0.7042016756583301
2019,04,PRT.7.3_1,0.2523696682464455,0.8188552985723424
2019,04,PRT.7.4_1,0.3921800947867299,0.9411461098044235
2019,04,PRT.7.5_1,0.1504739336492891,0.6659459437521937
2019,04,PRT.7.6_1,0.10071090047393366,0.5577633906953736
2019,04,PRT.7.7_1,0.020142180094786733,0.25854206620973696
2019,04,PRT.7.8_1,0.14691943127962084,0.6591631057636645
2019,04,PRT.7.9_1,0.2677725118483412,0.8364783320564855
2019,04,PRT.8.1_1,0.13033175355450238,0.6257795138864806
2019,04,PRT.8.10_1,0.1137440758293839,0.589182484464703
2019,04,PRT.8.11_1,0.12796208530805686,0.620760823506123
2019,04,PRT.8.13_1,0.12914691943127962,0.6232784289545082
2019,04,PRT.8.14_1,0.13033175355450238,0.6257795138864806
2019,04,PRT.8.2_1,0.1481042654028436,0.6614378277661477
2019,04,PRT.8.3_1,0.09597156398104266,0.5456702300840682
2019,04,PRT.8.4_1,0.11492890995260664,0.5919155345148495
2019,04,PRT.8.5_1,0.13981042654028436,0.645216242820963
2019,04,PRT.8.6_1,0.11255924170616115,0.58642987645583
2019,04,PRT.8.7_1,0.15402843601895735,0.6726068688320095
2019,04,PRT.8.8_1,0.12796208530805686,0.620760823506123
2019,04,PRT.8.9_1,0.12085308056872038,0.6052966215005664
2019,04,PRT.9.10_1,0.09478672985781991,0.5425863986500215
2019,04,PRT.9.11_1,0.0971563981042654,0.5487294415283365
2019,04,PRT.9.12_1,0.07109004739336493,0.4749736834815167
2019,04,PRT.9.13_1,0.08530805687203791,0.5169758214849124
2019,04,PRT.9.14_1,0.08767772511848342,0.5235417843878366
2019,04,PRT.9.15_1,0.13033175355450238,0.6257795138864806
2019,04,PRT.9.16_1,0.1338862559241706,0.6331855968039702
2019,04,PRT.9.2_1,0.22985781990521328,0.7908577621797739
2019,04,PRT.9.4_1,0.1338862559241706,0.6331855968039702
2019,04,PRT.9.5_1,0.11255924170616115,0.58642987645583
2019,04,PRT.9.6_1,0.09123222748815166,0.5331828954495821
2019,04,PRT.9.7_1,0.13270142180094788,0.6307329070216647
2019,04,PRT.9.8_1,0.10308056872037914,0.5636701162914352
2019,04,PRT.9.9_1,0.1018957345971564,0.5607280981010314
2019,04,ROU.10.1_1,0.07582938388625593,0.48950587330490736
2019,04,ROU.11.14_1,0.0462085308056872,0.38718987590070064
2019,04,ROU.11.80_1,0.07345971563981042,0.4823111029200966
2019,04,ROU.14.10_1,0.06872037914691943,0.4674868982121317
2019,04,ROU.14.11_1,0.06872037914691943,0.4674868982121317
2019,04,ROU.14.13_1,0.07227488151658767,0.4786606313454241
2019,04,ROU.14.14_1,0.06398104265402843,0.4520353968440967
2019,04,ROU.14.15_1,0.12322274881516587,0.6105210889068452
2019,04,ROU.14.17_1,0.06635071090047394,0.4598434516223972
2019,04,ROU.14.18_1,0.09834123222748815,0.5517644424933523
2019,04,ROU.14.19_1,0.07227488151658767,0.4786606313454241
2019,04,ROU.14.2_1,0.07109004739336493,0.4749736834815167
2019,04,ROU.14.20_1,0.08056872037914693,0.5034918072819061
2019,04,ROU.14.23_1,0.06042654028436019,0.4399954545219757
2019,04,ROU.14.26_1,0.06872037914691943,0.4674868982121317
2019,04,ROU.14.27_1,0.06516587677725119,0.45596052460711994
2019,04,ROU.14.28_1,0.06042654028436019,0.4399954545219757
2019,04,ROU.14.29_1,0.07227488151658767,0.4786606313454241
2019,04,ROU.14.3_1,0.07345971563981042,0.4823111029200966
2019,04,ROU.14.30_1,0.06872037914691943,0.4674868982121317
2019,04,ROU.14.31_1,0.058056872037914695,0.4317360304630597
2019,04,ROU.14.32_1,0.07464454976303318,0.4859259202800361
2019,04,ROU.14.33_1,0.06279620853080568,0.4480669592817573
2019,04,ROU.14.34_1,0.07345971563981042,0.4823111029200966
2019,04,ROU.14.35_1,0.09004739336492891,0.5299962264016603
2019,04,ROU.14.37_1,0.07938388625592417,0.5000439980641703
2019,04,ROU.14.38_1,0.06279620853080568,0.4480669592817573
2019,04,ROU.14.39_1,0.07464454976303318,0.4859259202800361
2019,04,ROU.14.4_1,0.06398104265402843,0.4520353968440967
2019,04,ROU.14.40_1,0.1018957345971564,0.5607280981010314
2019,04,ROU.14.42_1,0.06398104265402843,0.4520353968440967
2019,04,ROU.14.43_1,0.06635071090047394,0.4598434516223972
2019,04,ROU.14.44_1,0.0971563981042654,0.5487294415283365
2019,04,ROU.14.45_1,0.07345971563981042,0.4823111029200966
2019,04,ROU.14.46_1,0.06753554502369669,0.4636852380656516
2019,04,ROU.14.49_1,0.13033175355450238,0.6257795138864806
2019,04,ROU.14.50_1,0.11255924170616115,0.58642987645583
2019,04,ROU.14.51_1,0.11492890995260664,0.5919155345148495
2019,04,ROU.14.53_1,0.06635071090047394,0.4598434516223972
2019,04,ROU.14.54_1,0.06635071090047394,0.4598434516223972
2019,04,ROU.14.55_1,0.06279620853080568,0.4480669592817573
2019,04,ROU.14.57_1,0.07227488151658767,0.4786606313454241
2019,04,ROU.14.59_1,0.06516587677725119,0.45596052460711994
2019,04,ROU.14.6_1,0.09597156398104266,0.5456702300840682
2019,04,ROU.14.60_1,0.06042654028436019,0.4399954545219757
2019,04,ROU.14.63_1,0.1018957345971564,0.5607280981010314
2019,04,ROU.14.65_1,0.1066350710900474,0.5723635208501674
2019,04,ROU.14.66_1,0.06872037914691943,0.4674868982121317
2019,04,ROU.14.68_1,0.08293838862559243,0.510294032886923
2019,04,ROU.14.69_1,0.0924170616113744,0.5363431737236897
2019,04,ROU.14.70_1,0.06279620853080568,0.4480669592817573
2019,04,ROU.14.71_1,0.058056872037914695,0.4317360304630597
2019,04,ROU.14.74_1,0.04976303317535546,0.4011782646156195
2019,04,ROU.14.75_1,0.061611374407582936,0.4440540507640934
2019,04,ROU.14.80_1,0.06635071090047394,0.4598434516223972
2019,04,ROU.14.9_1,0.05687203791469195,0.42753245490839636
2019,04,ROU.15.1_1,0.10308056872037914,0.5636701162914352
2019,04,ROU.15.10_1,0.08886255924170616,0.5267826876426369
2019,04,ROU.15.11_1,0.09478672985781991,0.5425863986500215
2019,04,ROU.15.12_1,0.08293838862559243,0.510294032886923
2019,04,ROU.15.13_1,0.08175355450236968,0.5069082757264868
2019,04,ROU.15.14_1,0.09478672985781991,0.5425863986500215
2019,04,ROU.15.16_1,0.0971563981042654,0.5487294415283365
2019,04,ROU.15.2_1,0.09123222748815166,0.5331828954495821
2019,04,ROU.15.20_1,0.07819905213270142,0.49656419524569023
2019,04,ROU.15.21_1,0.07819905213270142,0.49656419524569023
2019,04,ROU.15.22_1,0.09597156398104266,0.5456702300840682
2019,04,ROU.15.26_1,0.09004739336492891,0.5299962264016603
2019,04,ROU.15.28_1,0.099526066350710915,0.5547756303227459
2019,04,ROU.15.29_1,0.09004739336492891,0.5299962264016603
2019,04,ROU.15.33_1,0.08175355450236968,0.5069082757264868
2019,04,ROU.15.35_1,0.08175355450236968,0.5069082757264868
2019,04,ROU.15.36_1,0.1137440758293839,0.589182484464703
2019,04,ROU.15.38_1,0.099526066350710915,0.5547756303227459
2019,04,ROU.15.39_1,0.099526066350710915,0.5547756303227459
2019,04,ROU.15.40_1,0.10308056872037914,0.5636701162914352
2019,04,ROU.15.43_1,0.09123222748815166,0.5331828954495821
2019,04,ROU.15.46_1,0.09478672985781991,0.5425863986500215
2019,04,ROU.15.47_1,0.08056872037914693,0.5034918072819061
2019,04,ROU.15.48_1,0.099526066350710915,0.5547756303227459
2019,04,ROU.15.49_1,0.08530805687203791,0.5169758214849124
2019,04,ROU.15.53_1,0.08649289099526065,0.5202730052578166
2019,04,ROU.15.54_1,0.07227488151658767,0.4786606313454241
2019,04,ROU.15.55_1,0.07938388625592417,0.5000439980641703
2019,04,ROU.15.56_1,0.08412322274881516,0.5136496860701855
2019,04,ROU.15.58_1,0.09478672985781991,0.5425863986500215
2019,04,ROU.15.59_1,0.07938388625592417,0.5000439980641703
2019,04,ROU.15.6_1,0.13270142180094788,0.6307329070216647
2019,04,ROU.15.8_1,0.09123222748815166,0.5331828954495821
2019,04,ROU.20.1_1,0.07345971563981042,0.4823111029200966
2019,04,ROU.20.10_1,0.07819905213270142,0.49656419524569023
2019,04,ROU.20.11_1,0.08767772511848342,0.5235417843878366
2019,04,ROU.20.12_1,0.08175355450236968,0.5069082757264868
2019,04,ROU.20.13_1,0.08175355450236968,0.5069082757264868
2019,04,ROU.20.15_1,0.08175355450236968,0.5069082757264868
2019,04,ROU.20.18_1,0.08412322274881516,0.5136496860701855
2019,04,ROU.20.2_1,0.09834123222748815,0.5517644424933523
2019,04,ROU.20.21_1,0.10781990521327015,0.5752182194611015
2019,04,ROU.20.23_1,0.08767772511848342,0.5235417843878366
2019,04,ROU.20.24_1,0.08412322274881516,0.5136496860701855
2019,04,ROU.20.26_1,0.08886255924170616,0.5267826876426369
2019,04,ROU.20.27_1,0.07345971563981042,0.4823111029200966
2019,04,ROU.20.3_1,0.08767772511848342,0.5235417843878366
2019,04,ROU.20.31_1,0.11018957345971564,0.5808648724100985
2019,04,ROU.20.33_1,0.08649289099526065,0.5202730052578166
2019,04,ROU.20.36_1,0.04383886255924171,0.37752350920174493
2019,04,ROU.20.39_1,0.09834123222748815,0.5517644424933523
2019,04,ROU.20.4_1,0.10308056872037914,0.5636701162914352
2019,04,ROU.20.40_1,0.08886255924170616,0.5267826876426369
2019,04,ROU.20.42_1,0.08649289099526065,0.5202730052578166
2019,04,ROU.20.43_1,0.08175355450236968,0.5069082757264868
2019,04,ROU.20.46_1,0.08886255924170616,0.5267826876426369
2019,04,ROU.20.5_1,0.09123222748815166,0.5331828954495821
2019,04,ROU.20.6_1,0.0924170616113744,0.5363431737236897
2019,04,ROU.20.7_1,0.07938388625592417,0.5000439980641703
2019,04,ROU.20.8_1,0.09834123222748815,0.5517644424933523
2019,04,ROU.20.9_1,0.08649289099526065,0.5202730052578166
2019,04,ROU.26.14_1,0.0971563981042654,0.5487294415283365
2019,04,ROU.26.17_1,0.09360189573459717,0.5394775250184201
2019,04,ROU.26.2_1,0.09123222748815166,0.5331828954495821
2019,04,ROU.26.22_1,0.06516587677725119,0.45596052460711994
2019,04,ROU.26.27_1,0.10308056872037914,0.5636701162914352
2019,04,ROU.26.3_1,0.10071090047393366,0.5577633906953736
2019,04,ROU.26.31_1,0.099526066350710915,0.5547756303227459
2019,04,ROU.26.36_1,0.08412322274881516,0.5136496860701855
2019,04,ROU.32.1_1,0.1848341232227488,0.7257106861553024
2019,04,ROU.32.100_1,0.13625592417061613,0.6380438856379709
2019,04,ROU.32.11_1,0.07582938388625593,0.48950587330490736
2019,04,ROU.32.12_1,0.07464454976303318,0.4859259202800361
2019,04,ROU.32.13_1,0.08886255924170616,0.5267826876426369
2019,04,ROU.32.14_1,0.10308056872037914,0.5636701162914352
2019,04,ROU.32.15_1,0.1066350710900474,0.5723635208501674
2019,04,ROU.32.16_1,0.08530805687203791,0.5169758214849124
2019,04,ROU.32.18_1,0.08293838862559243,0.510294032886923
2019,04,ROU.32.19_1,0.08293838862559243,0.510294032886923
2019,04,ROU.32.2_1,0.0971563981042654,0.5487294415283365
2019,04,ROU.32.20_1,0.19194312796208532,0.73690162165651385
2019,04,ROU.32.21_1,0.15521327014218012,0.6748007113214982
2019,04,ROU.32.22_1,0.08767772511848342,0.5235417843878366
2019,04,ROU.32.24_1,0.08530805687203791,0.5169758214849124
2019,04,ROU.32.25_1,0.1184834123222749,0.6
2019,04,ROU.32.26_1,0.11018957345971564,0.5808648724100985
2019,04,ROU.32.27_1,0.09834123222748815,0.5517644424933523
2019,04,ROU.32.29_1,0.15165876777251186,0.6681796165702752
2019,04,ROU.32.3_1,0.10426540284360189,0.5665897987080248
2019,04,ROU.32.31_1,0.07938388625592417,0.5000439980641703
2019,04,ROU.32.32_1,0.1018957345971564,0.5607280981010314
2019,04,ROU.32.33_1,0.13981042654028436,0.645216242820963
2019,04,ROU.32.34_1,0.20971563981042654,0.7633374090138647
2019,04,ROU.32.35_1,0.09597156398104266,0.5456702300840682
2019,04,ROU.32.37_1,0.11137440758293839,0.5836574337742988
2019,04,ROU.32.38_1,0.10900473933649289,0.578051900784004
2019,04,ROU.32.39_1,0.09123222748815166,0.5331828954495821
2019,04,ROU.32.4_1,0.09123222748815166,0.5331828954495821
2019,04,ROU.32.40_1,0.07938388625592417,0.5000439980641703
2019,04,ROU.32.43_1,0.07464454976303318,0.4859259202800361
2019,04,ROU.32.44_1,0.10308056872037914,0.5636701162914352
2019,04,ROU.32.46_1,0.09360189573459717,0.5394775250184201
2019,04,ROU.32.47_1,0.12322274881516587,0.6105210889068452
2019,04,ROU.32.48_1,0.10900473933649289,0.578051900784004
2019,04,ROU.32.49_1,0.07227488151658767,0.4786606313454241
2019,04,ROU.32.5_1,0.09004739336492891,0.5299962264016603
2019,04,ROU.32.50_1,0.13625592417061613,0.6380438856379709
2019,04,ROU.32.51_1,0.10781990521327015,0.5752182194611015
2019,04,ROU.32.52_1,0.14691943127962084,0.6591631057636645
2019,04,ROU.32.53_1,0.07938388625592417,0.5000439980641703
2019,04,ROU.32.55_1,0.1018957345971564,0.5607280981010314
2019,04,ROU.32.56_1,0.1184834123222749,0.6
2019,04,ROU.32.57_1,0.07701421800947868,0.493051721424842
2019,04,ROU.32.6_1,0.09478672985781991,0.5425863986500215
2019,04,ROU.32.60_1,0.08886255924170616,0.5267826876426369
2019,04,ROU.32.61_1,0.11729857819905214,0.5973240326656881
2019,04,ROU.32.62_1,0.07701421800947868,0.493051721424842
2019,04,ROU.32.63_1,0.08293838862559243,0.510294032886923
2019,04,ROU.32.64_1,0.1018957345971564,0.5607280981010314
2019,04,ROU.32.65_1,0.09834123222748815,0.5517644424933523
2019,04,ROU.32.66_1,0.11018957345971564,0.5808648724100985
2019,04,ROU.32.67_1,0.09004739336492891,0.5299962264016603
2019,04,ROU.32.68_1,0.10308056872037914,0.5636701162914352
2019,04,ROU.32.69_1,0.1338862559241706,0.6331855968039702
2019,04,ROU.32.70_1,0.11255924170616115,0.58642987645583
2019,04,ROU.32.71_1,0.12914691943127962,0.6232784289545082
2019,04,ROU.32.72_1,0.18720379146919433,0.729482008002939
2019,04,ROU.32.73_1,0.09478672985781991,0.5425863986500215
2019,04,ROU.32.74_1,0.10308056872037914,0.5636701162914352
2019,04,ROU.32.77_1,0.08175355450236968,0.5069082757264868
2019,04,ROU.32.78_1,0.07819905213270142,0.49656419524569023
2019,04,ROU.32.79_1,0.12203791469194313,0.6079177575955484
2019,04,ROU.32.82_1,0.1338862559241706,0.6331855968039702
2019,04,ROU.32.83_1,0.10426540284360189,0.5665897987080248
2019,04,ROU.32.84_1,0.16113744075829387,0.6855771291401136
2019,04,ROU.32.86_1,0.11255924170616115,0.58642987645583
2019,04,ROU.32.87_1,0.10071090047393366,0.5577633906953736
2019,04,ROU.32.88_1,0.09478672985781991,0.5425863986500215
2019,04,ROU.32.9_1,0.08649289099526065,0.5202730052578166
2019,04,ROU.32.90_1,0.09360189573459717,0.5394775250184201
2019,04,ROU.32.91_1,0.11611374407582939,0.5946292962846684
2019,04,ROU.32.92_1,0.09123222748815166,0.5331828954495821
2019,04,ROU.32.94_1,0.10308056872037914,0.5636701162914352
2019,04,ROU.32.95_1,0.08767772511848342,0.5235417843878366
2019,04,ROU.32.96_1,0.08649289099526065,0.5202730052578166
2019,04,ROU.32.97_1,0.09004739336492891,0.5299962264016603
2019,04,ROU.32.98_1,0.10900473933649289,0.578051900784004
2019,04,ROU.32.99_1,0.13507109004739337,0.6356225294937239
2019,04,ROU.37.1_1,0.08886255924170616,0.5267826876426369
2019,04,ROU.37.10_1,0.07109004739336493,0.4749736834815167
2019,04,ROU.37.11_1,0.08412322274881516,0.5136496860701855
2019,04,ROU.37.12_1,0.09597156398104266,0.5456702300840682
2019,04,ROU.37.13_1,0.08530805687203791,0.5169758214849124
2019,04,ROU.37.15_1,0.07227488151658767,0.4786606313454241
2019,04,ROU.37.16_1,0.09004739336492891,0.5299962264016603
2019,04,ROU.37.17_1,0.07701421800947868,0.493051721424842
2019,04,ROU.37.18_1,0.061611374407582936,0.4440540507640933
2019,04,ROU.37.19_1,0.09597156398104266,0.5456702300840682
2019,04,ROU.37.2_1,0.07464454976303318,0.4859259202800361
2019,04,ROU.37.21_1,0.06398104265402843,0.4520353968440967
2019,04,ROU.37.22_1,0.06872037914691943,0.4674868982121317
2019,04,ROU.37.23_1,0.08175355450236968,0.5069082757264868
2019,04,ROU.37.25_1,0.09123222748815166,0.5331828954495821
2019,04,ROU.37.27_1,0.08767772511848342,0.5235417843878366
2019,04,ROU.37.28_1,0.06042654028436019,0.4399954545219757
2019,04,ROU.37.29_1,0.05568720379146919,0.42327768663136495
2019,04,ROU.37.30_1,0.07701421800947868,0.493051721424842
2019,04,ROU.37.33_1,0.034360189573459717,0.33561287222036046
2019,04,ROU.37.34_1,0.027251184834123223,0.29980660433019146
2019,04,ROU.37.35_1,0.09004739336492891,0.5299962264016603
2019,04,ROU.37.37_1,0.06516587677725119,0.45596052460711994
2019,04,ROU.37.38_1,0.0971563981042654,0.5487294415283365
2019,04,ROU.37.40_1,0.07938388625592417,0.5000439980641703
2019,04,ROU.37.42_1,0.07345971563981042,0.4823111029200966
2019,04,ROU.37.43_1,0.08412322274881516,0.5136496860701855
2019,04,ROU.37.45_1,0.09478672985781991,0.5425863986500215
2019,04,ROU.37.46_1,0.099526066350710915,0.5547756303227459
2019,04,ROU.37.47_1,0.10308056872037914,0.5636701162914352
2019,04,ROU.37.48_1,0.09597156398104266,0.5456702300840682
2019,04,ROU.37.49_1,0.0462085308056872,0.38718987590070064
2019,04,ROU.37.5_1,0.08056872037914693,0.5034918072819061
2019,04,ROU.37.52_1,0.09004739336492891,0.5299962264016603
2019,04,ROU.37.54_1,0.07227488151658767,0.4786606313454241
2019,04,ROU.37.55_1,0.08056872037914693,0.5034918072819061
2019,04,ROU.37.56_1,0.10900473933649289,0.578051900784004
2019,04,ROU.37.57_1,0.06872037914691943,0.4674868982121317
2019,04,ROU.37.58_1,0.08649289099526065,0.5202730052578166
2019,04,ROU.37.59_1,0.08530805687203791,0.5169758214849124
2019,04,ROU.37.6_1,0.10071090047393366,0.5577633906953736
2019,04,ROU.37.60_1,0.0924170616113744,0.5363431737236897
2019,04,ROU.37.62_1,0.0924170616113744,0.5363431737236897
2019,04,ROU.37.63_1,0.09360189573459717,0.5394775250184201
2019,04,ROU.37.64_1,0.0462085308056872,0.38718987590070064
2019,04,ROU.37.65_1,0.08767772511848342,0.5235417843878366
2019,04,ROU.37.66_1,0.08649289099526065,0.5202730052578166
2019,04,ROU.37.67_1,0.08056872037914693,0.5034918072819061
2019,04,ROU.37.7_1,0.07464454976303318,0.4859259202800361
2019,04,ROU.37.70_1,0.017772511848341232,0.24310491562286435
2019,04,ROU.37.72_1,0.07819905213270142,0.49656419524569023
2019,04,ROU.37.74_1,0.08886255924170616,0.5267826876426369
2019,04,ROU.37.77_1,0.03672985781990521,0.34663525498714065
2019,04,ROU.37.78_1,0.09123222748815166,0.5331828954495821
2019,04,ROU.37.79_1,0.10308056872037914,0.5636701162914352
2019,04,ROU.37.8_1,0.0509478672985782,0.40571418511065155
2019,04,ROU.37.80_1,0.09834123222748815,0.5517644424933523
2019,04,ROU.37.81_1,0.07938388625592417,0.5000439980641703
2019,04,ROU.37.82_1,0.08649289099526065,0.5202730052578166
2019,04,ROU.37.83_1,0.08056872037914693,0.5034918072819061
2019,04,ROU.37.85_1,0.030805687203791468,0.3182703253525217
2019,04,ROU.37.86_1,0.07345971563981042,0.4823111029200966
2019,04,ROU.37.87_1,0.10545023696682464,0.5694874888880351
2019,04,ROU.39.1_1,0.07819905213270142,0.49656419524569023
2019,04,ROU.39.11_1,0.09834123222748815,0.5517644424933523
2019,04,ROU.39.12_1,0.07109004739336493,0.4749736834815167
2019,04,ROU.39.13_1,0.0971563981042654,0.5487294415283365
2019,04,ROU.39.14_1,0.07582938388625593,0.48950587330490736
2019,04,ROU.39.15_1,0.0971563981042654,0.5487294415283365
2019,04,ROU.39.16_1,0.09360189573459717,0.5394775250184201
2019,04,ROU.39.18_1,0.07464454976303318,0.4859259202800361
2019,04,ROU.39.19_1,0.08056872037914693,0.5034918072819061
2019,04,ROU.39.21_1,0.08767772511848342,0.5235417843878366
2019,04,ROU.39.22_1,0.09123222748815166,0.5331828954495821
2019,04,ROU.39.25_1,0.08293838862559243,0.510294032886923
2019,04,ROU.39.27_1,0.07938388625592417,0.5000439980641703
2019,04,ROU.39.28_1,0.07938388625592417,0.5000439980641703
2019,04,ROU.39.29_1,0.0971563981042654,0.5487294415283365
2019,04,ROU.39.30_1,0.0971563981042654,0.5487294415283365
2019,04,ROU.39.31_1,0.08175355450236968,0.5069082757264868
2019,04,ROU.39.32_1,0.07345971563981042,0.4823111029200966
2019,04,ROU.39.33_1,0.07345971563981042,0.4823111029200966
2019,04,ROU.39.34_1,0.09478672985781991,0.5425863986500215
2019,04,ROU.39.35_1,0.09478672985781991,0.5425863986500215
2019,04,ROU.39.38_1,0.0971563981042654,0.5487294415283365
2019,04,ROU.39.40_1,0.09360189573459717,0.5394775250184201
2019,04,ROU.39.42_1,0.08649289099526065,0.5202730052578166
2019,04,ROU.39.43_1,0.09834123222748815,0.5517644424933523
2019,04,ROU.39.45_1,0.09123222748815166,0.5331828954495821
2019,04,ROU.39.46_1,0.08649289099526065,0.5202730052578166
2019,04,ROU.39.48_1,0.07701421800947868,0.493051721424842
2019,04,ROU.39.9_1,0.07227488151658767,0.4786606313454241
2019,04,RUS.14.1_1,0.023696682464454978,0.28
2019,04,RUS.34.1_1,0.09004739336492891,0.5299962264016603
2019,04,RUS.34.16_1,0.10071090047393366,0.5577633906953736
2019,04,RUS.34.17_1,0.07227488151658767,0.4786606313454241
2019,04,RUS.34.19_1,0.07819905213270142,0.49656419524569023
2019,04,RUS.34.2_1,0.09597156398104266,0.5456702300840682
2019,04,RUS.34.20_1,0.09123222748815166,0.5331828954495821
2019,04,RUS.34.22_1,0.1184834123222749,0.6
2019,04,RUS.34.24_1,0.08886255924170616,0.5267826876426369
2019,04,RUS.34.25_1,0.08056872037914693,0.5034918072819061
2019,04,RUS.34.30_1,0.08056872037914693,0.5034918072819061
2019,04,RUS.34.36_1,0.06042654028436019,0.4399954545219757
2019,04,RUS.34.40_1,0.09123222748815166,0.5331828954495821
2019,04,RUS.34.44_1,0.10308056872037914,0.5636701162914352
2019,04,RUS.34.46_1,0.07938388625592417,0.5000439980641703
2019,04,RUS.34.47_1,0.09478672985781991,0.5425863986500215
2019,04,RUS.34.48_1,0.09004739336492891,0.5299962264016603
2019,04,RUS.34.49_1,0.021327014218009477,0.265902237673924
2019,04,RUS.34.5_1,0.08649289099526065,0.5202730052578166
2019,04,RUS.34.53_1,0.08175355450236968,0.5069082757264868
2019,04,RUS.34.7_1,0.0971563981042654,0.5487294415283365
2019,04,RUS.34.9_1,0.09360189573459717,0.5394775250184201
2019,04,RUS.37.10_1,0.040284360189573466,0.3624582734605461
2019,04,RUS.37.13_1,0.08175355450236968,0.5069082757264868
2019,04,RUS.37.14_1,0.07227488151658767,0.4786606313454241
2019,04,RUS.37.15_1,0.08175355450236968,0.5069082757264868
2019,04,RUS.37.16_1,0.1481042654028436,0.6614378277661477
2019,04,RUS.37.17_1,0.08175355450236968,0.5069082757264868
2019,04,RUS.37.19_1,0.07345971563981042,0.4823111029200966
2019,04,RUS.37.2_1,0.11729857819905214,0.5973240326656881
2019,04,RUS.37.21_1,0.05924170616113745,0.43588989435406733
2019,04,RUS.37.26_1,0.004739336492890996,0.126237870704476
2019,04,RUS.37.27_1,0.13151658767772512,0.6282642756038258
2019,04,RUS.37.30_1,0.0485781990521327,0.39658038277252194
2019,04,RUS.38.1_1,0.04146919431279621,0.3675595189897821
2019,04,RUS.38.11_1,0.035545023696682464,0.3411744421846396
2019,04,RUS.38.17_1,0.0462085308056872,0.38718987590070064
2019,04,RUS.38.30_1,0.042654028436018954,0.37258019271024057
2019,04,RUS.38.31_1,0.031990521327014215,0.32416662382176237
2019,04,RUS.38.33_1,0.02488151658767773,0.2867681990737466
2019,04,RUS.43.10_1,0.06635071090047394,0.4598434516223972
2019,04,RUS.43.2_1,0.0533175355450237,0.4146082488325576
2019,04,RUS.43.3_1,0.05568720379146919,0.42327768663136495
2019,04,RUS.43.4_1,0.052132701421800945,0.4101901997854166
2019,04,RUS.43.5_1,0.04146919431279621,0.3675595189897821
2019,04,RUS.43.9_1,0.07345971563981042,0.4823111029200966
2019,04,RUS.44.1_1,0.054502369668246446,0.4189701660023062
2019,04,RUS.44.10_1,0.07582938388625593,0.48950587330490736
2019,04,RUS.44.11_1,0.061611374407582936,0.4440540507640933
2019,04,RUS.44.12_1,0.05687203791469195,0.42753245490839636
2019,04,RUS.44.13_1,0.08293838862559243,0.510294032886923
2019,04,RUS.44.14_1,0.08056872037914693,0.5034918072819061
2019,04,RUS.44.15_1,0.07701421800947868,0.493051721424842
2019,04,RUS.44.19_1,0.08056872037914693,0.5034918072819061
2019,04,RUS.44.2_1,0.08056872037914693,0.5034918072819061
2019,04,RUS.44.20_1,0.08175355450236968,0.5069082757264868
2019,04,RUS.44.22_1,0.08767772511848342,0.5235417843878366
2019,04,RUS.44.23_1,0.07819905213270142,0.49656419524569023
2019,04,RUS.44.24_1,0.058056872037914695,0.4317360304630597
2019,04,RUS.44.25_1,0.06990521327014218,0.47124940318264597
2019,04,RUS.44.27_1,0.08056872037914693,0.5034918072819061
2019,04,RUS.44.29_1,0.054502369668246446,0.4189701660023062
2019,04,RUS.44.3_1,0.099526066350710915,0.5547756303227459
2019,04,RUS.44.32_1,0.06279620853080568,0.4480669592817573
2019,04,RUS.44.33_1,0.052132701421800945,0.4101901997854166
2019,04,RUS.44.34_1,0.06398104265402843,0.4520353968440967
2019,04,RUS.44.35_1,0.07819905213270142,0.49656419524569023
2019,04,RUS.44.37_1,0.05568720379146919,0.42327768663136495
2019,04,RUS.44.40_1,0.05687203791469195,0.42753245490839636
2019,04,RUS.44.42_1,0.07109004739336493,0.4749736834815167
2019,04,RUS.44.44_1,0.10781990521327015,0.5752182194611015
2019,04,RUS.44.45_1,0.0971563981042654,0.5487294415283365
2019,04,RUS.44.47_1,0.07819905213270142,0.49656419524569023
2019,04,RUS.44.48_1,0.06398104265402843,0.4520353968440967
2019,04,RUS.44.51_1,0.06872037914691943,0.4674868982121317
2019,04,RUS.44.52_1,0.06279620853080568,0.4480669592817573
2019,04,RUS.44.53_1,0.08056872037914693,0.5034918072819061
2019,04,RUS.44.54_1,0.07582938388625593,0.48950587330490736
2019,04,RUS.44.55_1,0.05924170616113745,0.43588989435406733
2019,04,RUS.44.56_1,0.09478672985781991,0.5425863986500215
2019,04,RUS.44.57_1,0.08175355450236968,0.5069082757264868
2019,04,RUS.44.59_1,0.06279620853080568,0.4480669592817573
2019,04,RUS.44.6_1,0.08886255924170616,0.5267826876426369
2019,04,RUS.44.61_1,0.06042654028436019,0.4399954545219757
2019,04,RUS.44.64_1,0.10781990521327015,0.5752182194611015
2019,04,RUS.44.68_1,0.07701421800947868,0.493051721424842
2019,04,RUS.44.69_1,0.06753554502369669,0.4636852380656516
2019,04,RUS.44.7_1,0.061611374407582936,0.4440540507640933
2019,04,RUS.44.70_1,0.07582938388625593,0.48950587330490736
2019,04,RUS.44.71_1,0.08767772511848342,0.5235417843878366
2019,04,RUS.44.73_1,0.08767772511848342,0.5235417843878366
2019,04,RUS.44.74_1,0.08293838862559243,0.510294032886923
2019,04,RUS.44.75_1,0.09123222748815166,0.5331828954495821
2019,04,RUS.44.76_1,0.07464454976303318,0.4859259202800361
2019,04,RUS.44.77_1,0.05568720379146919,0.42327768663136495
2019,04,RUS.44.79_1,0.05924170616113745,0.43588989435406733
2019,04,RUS.44.8_1,0.06990521327014218,0.47124940318264597
2019,04,RUS.44.80_1,0.06872037914691943,0.4674868982121317
2019,04,RUS.44.81_1,0.08530805687203791,0.5169758214849124
2019,04,RUS.5.12_1,0.10426540284360189,0.5665897987080248
2019,04,RUS.5.3_1,0.0971563981042654,0.5487294415283365
2019,04,RUS.77.10_1,0.08767772511848342,0.5235417843878366
2019,04,RUS.77.11_1,0.09360189573459717,0.5394775250184201
2019,04,RUS.77.12_1,0.12085308056872038,0.6052966215005664
2019,04,RUS.77.17_1,0.08056872037914693,0.5034918072819061
2019,04,RUS.77.19_1,0.07582938388625593,0.48950587330490736
2019,04,RUS.77.2_1,0.09360189573459717,0.5394775250184201
2019,04,RUS.77.20_1,0.08175355450236968,0.5069082757264868
2019,04,RUS.77.21_1,0.08767772511848342,0.5235417843878366
2019,04,RUS.77.22_1,0.14928909952606637,0.663698726833192
2019,04,RUS.77.23_1,0.08530805687203791,0.5169758214849124
2019,04,RUS.77.26_1,0.10545023696682464,0.5694874888880351
2019,04,RUS.77.28_1,0.10900473933649289,0.578051900784004
2019,04,RUS.77.29_1,0.09360189573459717,0.5394775250184201
2019,04,RUS.77.30_1,0.06279620853080568,0.4480669592817573
2019,04,RUS.77.36_1,0.07345971563981042,0.4823111029200966
2019,04,RUS.77.37_1,0.1943127962085308,0.7405511461067358
2019,04,RUS.77.4_1,0.06635071090047394,0.4598434516223972
2019,04,RUS.77.5_1,0.08649289099526065,0.5202730052578166
2019,04,RUS.77.8_1,0.0971563981042654,0.5487294415283365
2019,04,RUS.77.9_1,0.034360189573459717,0.33561287222036046
2019,04,SRB.21.3_1,0.06635071090047394,0.4598434516223972
2019,04,SRB.3.1_1,0.13862559241706163,0.6428405712149786
2019,04,SRB.3.10_1,0.09123222748815166,0.5331828954495821
2019,04,SRB.3.12_1,0.06635071090047394,0.4598434516223972
2019,04,SRB.3.14_1,0.1137440758293839,0.589182484464703
2019,04,SRB.3.15_1,0.10071090047393366,0.5577633906953736
2019,04,SRB.3.17_1,0.10545023696682464,0.5694874888880351
2019,04,SRB.3.2_1,0.10781990521327015,0.5752182194611015
2019,04,SRB.3.3_1,0.10071090047393366,0.5577633906953736
2019,04,SRB.3.6_1,0.07582938388625593,0.48950587330490736
2019,04,SRB.3.8_1,0.06635071090047394,0.4598434516223972
2019,04,SRB.3.9_1,0.12085308056872038,0.6052966215005664
2019,04,SRB.5.3_1,0.06753554502369669,0.4636852380656516
2019,04,SRB.5.6_1,0.07227488151658767,0.4786606313454241
2019,04,SRB.5.8_1,0.07938388625592417,0.5000439980641703
2019,04,SRB.5.9_1,0.0533175355450237,0.4146082488325576
2019,04,SRB.7.1_1,0.13033175355450238,0.6257795138864806
2019,04,SRB.8.7_1,0.10781990521327015,0.5752182194611015
2019,04,SVK.1.13_1,0.04383886255924171,0.37752350920174493
2019,04,SVK.1.4_1,0.028436018957345974,0.3060980235153438
2019,04,SVK.1.7_1,0.06990521327014218,0.47124940318264597
2019,04,SVK.2.1_1,0.029620853080568724,0.3122498999199199
2019,04,SVK.2.2_1,0.04383886255924171,0.37752350920174493
2019,04,SVK.2.3_1,0.034360189573459717,0.33561287222036046
2019,04,SVK.2.4_1,0.0462085308056872,0.38718987590070064
2019,04,SVK.3.3_1,0.05924170616113745,0.43588989435406733
2019,04,SVK.3.4_1,0.040284360189573466,0.3624582734605461
2019,04,SVK.3.5_1,0.0533175355450237,0.4146082488325576
2019,04,SVK.3.6_1,0.061611374407582936,0.4440540507640934
2019,04,SVK.5.11_1,0.04146919431279621,0.3675595189897821
2019,04,SVK.5.8_1,0.10545023696682464,0.5694874888880351
2019,04,SVN.2.1_1,0.1575829383886256,0.6791494680848981
2019,04,SVN.2.10_1,0.14336492890995262,0.6522545515364381
2019,04,SVN.2.5_1,0.18127962085308058,0.7199749995659572
2019,04,SVN.2.6_1,0.1528436018957346,0.6703998806682472
2019,04,SVN.2.9_1,0.25829383886255924,0.8257747876994065
2019,04,SVN.6.5_1,0.1338862559241706,0.6331855968039702
2019,04,SVN.7.12_1,0.1409952606635071,0.647577022445979
2019,04,SVN.7.14_1,0.11018957345971564,0.5808648724100985
2019,04,SVN.7.18_1,0.14691943127962084,0.6591631057636645
2019,04,SVN.7.19_1,0.11492890995260664,0.5919155345148495
2019,04,SVN.7.20_1,0.1646919431279621,0.6918930553199678
2019,04,SVN.7.21_1,0.14691943127962084,0.6591631057636645
2019,04,SVN.7.24_1,0.16587677725118485,0.6939740629158989
2019,04,SVN.7.5_1,0.13033175355450238,0.6257795138864806
2019,04,SVN.7.6_1,0.12203791469194313,0.6079177575955484
2019,04,SVN.7.7_1,0.1575829383886256,0.6791494680848981
2019,04,SVN.7.8_1,0.23104265402843605,0.7924014134263013
2019,04,SVN.7.9_1,0.1528436018957346,0.6703998806682472
2019,04,SWE.12.5_1,0.03909952606635071,0.3572730048576298
2019,04,SWE.12.6_1,0.03317535545023697,0.32994545003682046
2019,04,SWE.13.11_1,0.011848341232227489,0.19899748742132398
2019,04,SWE.13.12_1,0.06279620853080568,0.4480669592817573
2019,04,SWE.13.14_1,0.009478672985781991,0.1781684596105607
2019,04,SWE.13.15_1,0.02488151658767773,0.2867681990737466
2019,04,SWE.13.18_1,0.061611374407582936,0.4440540507640933
2019,04,SWE.13.2_1,0.014218009478672987,0.21777052142105918
2019,04,SWE.13.22_1,0.018957345971563982,0.25095019426172993
2019,04,SWE.13.23_1,0.027251184834123223,0.29980660433019146
2019,04,SWE.13.25_1,0.0485781990521327,0.39658038277252194
2019,04,SWE.13.27_1,0.09004739336492891,0.5299962264016603
2019,04,SWE.13.28_1,0.018957345971563982,0.25095019426172993
2019,04,SWE.13.29_1,0.07701421800947868,0.493051721424842
2019,04,SWE.13.30_1,0.028436018957345974,0.3060980235153438
2019,04,SWE.13.4_1,0.018957345971563982,0.25095019426172993
2019,04,SWE.13.6_1,0.06872037914691943,0.4674868982121317
2019,04,SWE.13.7_1,0.04146919431279621,0.3675595189897821
2019,04,SWE.13.8_1,0.011848341232227489,0.19899748742132398
2019,04,SWE.15.1_1,0.06635071090047394,0.4598434516223972
2019,04,SWE.15.13_1,0.07227488151658767,0.4786606313454241
2019,04,SWE.15.16_1,0.058056872037914695,0.4317360304630597
2019,04,SWE.15.17_1,0.042654028436018954,0.37258019271024057
2019,04,SWE.15.18_1,0.0462085308056872,0.38718987590070064
2019,04,SWE.15.19_1,0.030805687203791468,0.3182703253525217
2019,04,SWE.15.2_1,0.027251184834123223,0.29980660433019146
2019,04,SWE.15.20_1,0.05924170616113745,0.43588989435406733
2019,04,SWE.15.21_1,0.0462085308056872,0.38718987590070064
2019,04,SWE.15.23_1,0.0485781990521327,0.39658038277252194
2019,04,SWE.15.24_1,0.16113744075829387,0.6855771291401136
2019,04,SWE.15.26_1,0.021327014218009477,0.265902237673924
2019,04,SWE.15.5_1,0.05687203791469195,0.42753245490839636
2019,04,SWE.15.6_1,0.04383886255924171,0.37752350920174493
2019,04,SWE.15.7_1,0.026066350710900472,0.29336666477294243
2019,04,SWE.15.8_1,0.06516587677725119,0.45596052460711994
2019,04,SWE.16.6_1,0.0485781990521327,0.39658038277252194
2019,04,SWE.17.10_1,0.03672985781990521,0.34663525498714065
2019,04,SWE.17.12_1,0.16706161137440756,0.696043102113655
2019,04,SWE.17.15_1,0.06279620853080568,0.4480669592817573
2019,04,SWE.17.16_1,0.04976303317535546,0.4011782646156195
2019,04,SWE.17.2_1,0.034360189573459717,0.33561287222036046
2019,04,SWE.17.5_1,0.04383886255924171,0.37752350920174493
2019,04,SWE.17.6_1,0.04976303317535546,0.4011782646156195
2019,04,SWE.17.7_1,0.17890995260663506,0.7160977586894125
2019,04,SWE.17.8_1,0.669431279620853,0.9915139938498094
2019,04,SWE.17.9_1,0.06872037914691943,0.4674868982121317
2019,04,SWE.20.10_1,0.07582938388625593,0.48950587330490736
2019,04,SWE.20.3_1,0.0509478672985782,0.40571418511065155
2019,04,SWE.21.1_1,0.052132701421800945,0.4101901997854166
2019,04,SWE.21.10_1,0.06279620853080568,0.4480669592817573
2019,04,SWE.21.12_1,0.054502369668246446,0.4189701660023062
2019,04,SWE.21.13_1,0.021327014218009477,0.265902237673924
2019,04,SWE.21.16_1,0.05568720379146919,0.42327768663136495
2019,04,SWE.21.17_1,0.07464454976303318,0.4859259202800361
2019,04,SWE.21.2_1,0.037914691943127965,0.35200000000000004
2019,04,SWE.21.21_1,0.05687203791469195,0.42753245490839636
2019,04,SWE.21.23_1,0.05924170616113745,0.43588989435406733
2019,04,SWE.21.27_1,0.09834123222748815,0.5517644424933523
2019,04,SWE.21.30_1,0.1184834123222749,0.6
2019,04,SWE.21.33_1,0.0509478672985782,0.40571418511065155
2019,04,SWE.21.34_1,0.040284360189573466,0.3624582734605461
2019,04,SWE.21.35_1,0.047393364928909956,0.39191835884530846
2019,04,SWE.21.37_1,0.047393364928909956,0.39191835884530846
2019,04,SWE.21.41_1,0.042654028436018954,0.37258019271024057
2019,04,SWE.21.44_1,0.05568720379146919,0.42327768663136495
2019,04,SWE.21.46_1,0.06279620853080568,0.4480669592817573
2019,04,SWE.21.47_1,0.03672985781990521,0.34663525498714065
2019,04,SWE.21.49_1,0.037914691943127965,0.35200000000000004
2019,04,SWE.21.5_1,0.040284360189573466,0.3624582734605461
2019,04,SWE.21.50_1,0.030805687203791468,0.3182703253525217
2019,04,SWE.21.51_1,0.06279620853080568,0.4480669592817573
2019,04,SWE.21.6_1,0.030805687203791468,0.3182703253525217
2019,04,SWE.21.8_1,0.0462085308056872,0.38718987590070064
2019,04,SWE.7.4_1,0.023696682464454978,0.28
2019,04,SWE.7.6_1,0.052132701421800945,0.4101901997854166
2019,04,SWE.7.9_1,0.0462085308056872,0.38718987590070064
2019,04,TUR.1.13_1,0.15521327014218012,0.6748007113214982
2019,04,TUR.1.4_1,0.15876777251184834,0.6813046308370434
2019,04,TUR.11.11_1,0.11492890995260664,0.5919155345148495
2019,04,TUR.2.6_1,0.1409952606635071,0.647577022445979
2019,04,TUR.31.10_1,0.06635071090047394,0.4598434516223972
2019,04,TUR.31.11_1,0.06635071090047394,0.4598434516223972
2019,04,TUR.31.12_1,0.061611374407582936,0.4440540507640934
2019,04,TUR.31.14_1,0.054502369668246446,0.4189701660023062
2019,04,TUR.31.17_1,0.10308056872037914,0.5636701162914352
2019,04,TUR.31.18_1,0.0509478672985782,0.40571418511065155
2019,04,TUR.31.3_1,0.07345971563981042,0.4823111029200966
2019,04,TUR.31.5_1,0.06516587677725119,0.45596052460711994
2019,04,TUR.31.7_1,0.07582938388625593,0.48950587330490736
2019,04,TUR.31.9_1,0.08293838862559243,0.510294032886923
2019,04,TUR.34.12_1,0.026066350710900472,0.29336666477294243
2019,04,TUR.34.13_1,0.07227488151658767,0.4786606313454241
2019,04,TUR.34.16_1,0.014218009478672987,0.21777052142105918
2019,04,TUR.34.4_1,0.07345971563981042,0.4823111029200966
2019,04,TUR.34.5_1,0.010663507109004738,0.18888091486436634
2019,04,TUR.34.6_1,0.0509478672985782,0.40571418511065155
2019,04,TUR.37.9_1,0.14218009478672985,0.6499230723708768
2019,04,TUR.40.13_1,0.11255924170616115,0.58642987645583
2019,04,TUR.40.15_1,0.08530805687203791,0.5169758214849124
2019,04,TUR.40.16_1,0.1338862559241706,0.6331855968039702
2019,04,TUR.40.18_1,0.1623222748815166,0.6876946997032913
2019,04,TUR.40.2_1,0.13625592417061613,0.6380438856379709
2019,04,TUR.40.21_1,0.11255924170616115,0.58642987645583
2019,04,TUR.40.23_1,0.13507109004739337,0.6356225294937239
2019,04,TUR.40.26_1,0.13033175355450238,0.6257795138864806
2019,04,TUR.40.29_1,0.15639810426540285,0.6769815359372809
2019,04,TUR.40.33_1,0.1504739336492891,0.6659459437521937
2019,04,TUR.40.39_1,0.1066350710900474,0.5723635208501674
2019,04,TUR.40.8_1,0.12322274881516587,0.6105210889068452
2019,04,TUR.52.2_1,0.1504739336492891,0.6659459437521937
2019,04,TUR.52.7_1,0.12085308056872038,0.6052966215005664
2019,04,TUR.65.1_1,0.06398104265402843,0.4520353968440967
2019,04,TUR.65.10_1,0.08175355450236968,0.5069082757264868
2019,04,TUR.65.6_1,0.09834123222748815,0.5517644424933523
2019,04,TUR.65.7_1,0.045023696682464455,0.38239246854507997
2019,04,TUR.68.10_1,0.2037914691943128,0.7547608892887866
2019,04,TUR.68.8_1,0.2890995260663507,0.8589854480723175
2019,04,TUR.75.10_1,0.04146919431279621,0.3675595189897821
2019,04,TUR.75.17_1,0.08649289099526065,0.5202730052578166
2019,04,TUR.75.7_1,0.08530805687203791,0.5169758214849124
2019,04,TUR.75.8_1,0.034360189573459717,0.33561287222036046
2019,04,UKR.11.10_1,0.061611374407582936,0.4440540507640933
2019,04,UKR.11.2_1,0.06872037914691943,0.4674868982121317
2019,04,UKR.11.3_1,0.07464454976303318,0.4859259202800361
2019,04,UKR.11.4_1,0.08649289099526065,0.5202730052578166
2019,04,UKR.11.5_1,0.05924170616113745,0.43588989435406733
2019,04,UKR.11.6_1,0.08886255924170616,0.5267826876426369
2019,04,UKR.11.7_1,0.06990521327014218,0.47124940318264597
2019,04,UKR.11.8_1,0.07345971563981042,0.4823111029200966
2019,04,UKR.11.9_1,0.08293838862559243,0.510294032886923
2019,04,UKR.12.12_1,0.031990521327014215,0.32416662382176237
2019,04,UKR.12.14_1,0.07938388625592417,0.5000439980641703
2019,04,UKR.12.15_1,0.03317535545023697,0.32994545003682046
2019,04,UKR.12.18_1,0.10071090047393366,0.5577633906953736
2019,04,UKR.12.19_1,0.1646919431279621,0.6918930553199678
2019,04,UKR.12.2_1,0.1184834123222749,0.6
2019,04,UKR.12.22_1,0.11611374407582939,0.5946292962846684
2019,04,UKR.12.27_1,0.09360189573459717,0.5394775250184201
2019,04,UKR.12.3_1,0.12677725118483413,0.6182264957117253
2019,04,UKR.12.6_1,0.10900473933649289,0.578051900784004
2019,04,UKR.12.7_1,0.07938388625592417,0.5000439980641703
2019,04,UKR.12.9_1,0.0971563981042654,0.5487294415283365
2019,04,UKR.20.3_1,0.09004739336492891,0.5299962264016603
2019,04,UKR.4.12_1,0.08886255924170616,0.5267826876426369
2019,04,UKR.4.16_1,0.1066350710900474,0.5723635208501674
2019,04,UKR.4.20_1,0.07345971563981042,0.4823111029200966
2019,04,UKR.4.22_1,0.14454976303317535,0.6545716156388085
2019,04,UKR.4.3_1,0.06279620853080568,0.4480669592817573
2019,04,UKR.4.5_1,0.08412322274881516,0.5136496860701855
2019,04,XKO.3.1_1,0.1137440758293839,0.589182484464703
2019,04,XKO.4.1_1,0.11255924170616115,0.58642987645583
2019,04,XKO.5.2_1,0.11018957345971564,0.5808648724100985
2019,04,XKO.5.7_1,0.06042654028436019,0.4399954545219757
2019,04,XKO.6.3_1,0.09360189573459717,0.5394775250184201
2019,04,ZNC.5_1,0.33293838862559244,0.8989749718429317
