gid_4,year,month,est,se
ALA.1.2_2,2023,11,0,0
ALA.2.4_2,2023,11,0,0
ALA.2.5_2,2023,11,0,0
ALA.2.6_2,2023,11,0,0
ALA.3.1_2,2023,11,0,0
ALB.1.1.1_1,2023,11,0,0
ALB.1.1.10_1,2023,11,0,0
ALB.1.1.11_1,2023,11,0,0
ALB.1.1.12_1,2023,11,0,0
ALB.1.1.2_1,2023,11,0,0
ALB.1.1.3_1,2023,11,0,0
ALB.1.1.4_1,2023,11,0,0
ALB.1.1.5_1,2023,11,0,0
ALB.1.1.6_1,2023,11,0,0
ALB.1.1.7_1,2023,11,0,0
ALB.1.1.8_1,2023,11,0,0
ALB.1.1.9_1,2023,11,0,0
ALB.1.2.1_1,2023,11,0,0
ALB.1.2.2_1,2023,11,0,0
ALB.1.2.3_1,2023,11,0,0
ALB.1.3.1_1,2023,11,0,0
ALB.1.3.10_1,2023,11,0,0
ALB.1.3.2_1,2023,11,0,0
ALB.1.3.3_1,2023,11,0,0
ALB.1.3.4_1,2023,11,0,0
ALB.1.3.5_1,2023,11,0,0
ALB.1.3.6_1,2023,11,0,0
ALB.1.3.7_1,2023,11,0,0
ALB.1.3.8_1,2023,11,0,0
ALB.1.3.9_1,2023,11,0,0
ALB.10.1.1_1,2023,11,0,0
ALB.10.1.2_1,2023,11,0,0
ALB.10.1.3_1,2023,11,0,0
ALB.10.1.4_1,2023,11,0,0
ALB.10.1.5_1,2023,11,0,0
ALB.10.1.6_1,2023,11,0,0
ALB.10.1.7_1,2023,11,0,0
ALB.10.2.1_1,2023,11,0,0
ALB.10.2.10_1,2023,11,0,0
ALB.10.2.2_1,2023,11,0,0
ALB.10.2.3_1,2023,11,0,0
ALB.10.2.4_1,2023,11,0,0
ALB.10.2.5_1,2023,11,0,0
ALB.10.2.6_1,2023,11,0,0
ALB.10.2.7_1,2023,11,0,0
ALB.10.2.8_1,2023,11,0,0
ALB.10.2.9_1,2023,11,0,0
ALB.10.3.1_1,2023,11,0,0
ALB.10.3.10_1,2023,11,0,0
ALB.10.3.11_1,2023,11,0,0
ALB.10.3.12_1,2023,11,0,0
ALB.10.3.13_1,2023,11,0,0
ALB.10.3.14_1,2023,11,0,0
ALB.10.3.15_1,2023,11,0,0
ALB.10.3.16_1,2023,11,0,0
ALB.10.3.17_1,2023,11,0,0
ALB.10.3.2_1,2023,11,0,0
ALB.10.3.3_1,2023,11,0,0
ALB.10.3.4_1,2023,11,0,0
ALB.10.3.5_1,2023,11,0,0
ALB.10.3.6_1,2023,11,0,0
ALB.10.3.7_1,2023,11,0,0
ALB.10.3.8_1,2023,11,0,0
ALB.10.3.9_1,2023,11,0,0
ALB.11.1.1_1,2023,11,0,0
ALB.11.1.10_1,2023,11,0,0
ALB.11.1.2_1,2023,11,0,0
ALB.11.1.3_1,2023,11,0,0
ALB.11.1.4_1,2023,11,0,0
ALB.11.1.5_1,2023,11,0,0
ALB.11.1.6_1,2023,11,0,0
ALB.11.1.7_1,2023,11,0,0
ALB.11.1.8_1,2023,11,0,0
ALB.11.1.9_1,2023,11,0,0
ALB.11.2.1_1,2023,11,0,0
ALB.11.2.10_1,2023,11,0,0
ALB.11.2.11_1,2023,11,0,0
ALB.11.2.12_1,2023,11,0,0
ALB.11.2.13_1,2023,11,0,0
ALB.11.2.14_1,2023,11,0,0
ALB.11.2.15_1,2023,11,0,0
ALB.11.2.16_1,2023,11,0,0
ALB.11.2.17_1,2023,11,0,0
ALB.11.2.18_1,2023,11,0,0
ALB.11.2.19_1,2023,11,0,0
ALB.11.2.2_1,2023,11,0,0
ALB.11.2.3_1,2023,11,0,0
ALB.11.2.4_1,2023,11,0,0
ALB.11.2.5_1,2023,11,0,0
ALB.11.2.6_1,2023,11,0,0
ALB.11.2.7_1,2023,11,0,0
ALB.11.2.8_1,2023,11,0,0
ALB.11.2.9_1,2023,11,0,0
ALB.12.1.1_1,2023,11,0,0
ALB.12.1.2_1,2023,11,0,0
ALB.12.1.3_1,2023,11,0,0
ALB.12.1.4_1,2023,11,0,0
ALB.12.2.1_1,2023,11,0,0
ALB.12.2.10_1,2023,11,0,0
ALB.12.2.2_1,2023,11,0,0
ALB.12.2.3_1,2023,11,0,0
ALB.12.2.4_1,2023,11,0,0
ALB.12.2.5_1,2023,11,0,0
ALB.12.2.6_1,2023,11,0,0
ALB.12.2.7_1,2023,11,0,0
ALB.12.2.8_1,2023,11,0,0
ALB.12.2.9_1,2023,11,0,0
ALB.12.3.1_1,2023,11,0,0
ALB.12.3.10_1,2023,11,0,0
ALB.12.3.11_1,2023,11,0,0
ALB.12.3.12_1,2023,11,0,0
ALB.12.3.13_1,2023,11,0,0
ALB.12.3.2_1,2023,11,0,0
ALB.12.3.3_1,2023,11,0,0
ALB.12.3.4_1,2023,11,0,0
ALB.12.3.5_1,2023,11,0,0
ALB.12.3.6_1,2023,11,0,0
ALB.12.3.7_1,2023,11,0,0
ALB.12.3.8_1,2023,11,0,0
ALB.12.3.9_1,2023,11,0,0
ALB.2.1.1_1,2023,11,0,0
ALB.2.1.2_1,2023,11,0,0
ALB.2.1.3_1,2023,11,0,0
ALB.2.1.4_1,2023,11,0,0
ALB.2.1.5_1,2023,11,0,0
ALB.2.1.6_1,2023,11,0,0
ALB.2.1.7_1,2023,11,0,0
ALB.2.1.8_1,2023,11,0,0
ALB.2.2.1_1,2023,11,0,0
ALB.2.2.10_1,2023,11,0,0
ALB.2.2.11_1,2023,11,0,0
ALB.2.2.12_1,2023,11,0,0
ALB.2.2.13_1,2023,11,0,0
ALB.2.2.14_1,2023,11,0,0
ALB.2.2.15_1,2023,11,0,0
ALB.2.2.2_1,2023,11,0,0
ALB.2.2.3_1,2023,11,0,0
ALB.2.2.4_1,2023,11,0,0
ALB.2.2.5_1,2023,11,0,0
ALB.2.2.6_1,2023,11,0,0
ALB.2.2.7_1,2023,11,0,0
ALB.2.2.8_1,2023,11,0,0
ALB.2.2.9_1,2023,11,0,0
ALB.2.3.1_1,2023,11,0,0
ALB.2.3.10_1,2023,11,0,0
ALB.2.3.11_1,2023,11,0,0
ALB.2.3.12_1,2023,11,0,0
ALB.2.3.13_1,2023,11,0,0
ALB.2.3.2_1,2023,11,0,0
ALB.2.3.3_1,2023,11,0,0
ALB.2.3.4_1,2023,11,0,0
ALB.2.3.5_1,2023,11,0,0
ALB.2.3.6_1,2023,11,0,0
ALB.2.3.7_1,2023,11,0,0
ALB.2.3.8_1,2023,11,0,0
ALB.2.3.9_1,2023,11,0,0
ALB.3.1.1_1,2023,11,0,0
ALB.3.1.10_1,2023,11,0,0
ALB.3.1.2_1,2023,11,0,0
ALB.3.1.3_1,2023,11,0,0
ALB.3.1.4_1,2023,11,0,0
ALB.3.1.5_1,2023,11,0,0
ALB.3.1.6_1,2023,11,0,0
ALB.3.1.7_1,2023,11,0,0
ALB.3.1.8_1,2023,11,0,0
ALB.3.1.9_1,2023,11,0,0
ALB.3.2.1_1,2023,11,0,0
ALB.3.2.2_1,2023,11,0,0
ALB.3.2.3_1,2023,11,0,0
ALB.3.2.4_1,2023,11,0,0
ALB.3.2.5_1,2023,11,0,0
ALB.3.2.6_1,2023,11,0,0
ALB.4.1.1_1,2023,11,0,0
ALB.4.1.10_1,2023,11,0,0
ALB.4.1.11_1,2023,11,0,0
ALB.4.1.12_1,2023,11,0,0
ALB.4.1.13_1,2023,11,0,0
ALB.4.1.14_1,2023,11,0,0
ALB.4.1.15_1,2023,11,0,0
ALB.4.1.16_1,2023,11,0,0
ALB.4.1.17_1,2023,11,0,0
ALB.4.1.18_1,2023,11,0,0
ALB.4.1.19_1,2023,11,0,0
ALB.4.1.2_1,2023,11,0,0
ALB.4.1.20_1,2023,11,0,0
ALB.4.1.21_1,2023,11,0,0
ALB.4.1.22_1,2023,11,0,0
ALB.4.1.23_1,2023,11,0,0
ALB.4.1.3_1,2023,11,0,0
ALB.4.1.4_1,2023,11,0,0
ALB.4.1.5_1,2023,11,0,0
ALB.4.1.6_1,2023,11,0,0
ALB.4.1.7_1,2023,11,0,0
ALB.4.1.8_1,2023,11,0,0
ALB.4.1.9_1,2023,11,0,0
ALB.4.2.1_1,2023,11,0,0
ALB.4.2.10_1,2023,11,0,0
ALB.4.2.2_1,2023,11,0,0
ALB.4.2.3_1,2023,11,0,0
ALB.4.2.4_1,2023,11,0,0
ALB.4.2.5_1,2023,11,0,0
ALB.4.2.6_1,2023,11,0,0
ALB.4.2.7_1,2023,11,0,0
ALB.4.2.8_1,2023,11,0,0
ALB.4.2.9_1,2023,11,0,0
ALB.4.3.1_1,2023,11,0,0
ALB.4.3.10_1,2023,11,0,0
ALB.4.3.2_1,2023,11,0,0
ALB.4.3.3_1,2023,11,0,0
ALB.4.3.4_1,2023,11,0,0
ALB.4.3.5_1,2023,11,0,0
ALB.4.3.6_1,2023,11,0,0
ALB.4.3.7_1,2023,11,0,0
ALB.4.3.8_1,2023,11,0,0
ALB.4.3.9_1,2023,11,0,0
ALB.4.4.1_1,2023,11,0,0
ALB.4.4.2_1,2023,11,0,0
ALB.4.4.3_1,2023,11,0,0
ALB.4.4.4_1,2023,11,0,0
ALB.4.4.5_1,2023,11,0,0
ALB.4.4.6_1,2023,11,0,0
ALB.5.1.1_1,2023,11,0,0
ALB.5.1.10_1,2023,11,0,0
ALB.5.1.11_1,2023,11,0,0
ALB.5.1.12_1,2023,11,0,0
ALB.5.1.13_1,2023,11,0,0
ALB.5.1.14_1,2023,11,0,0
ALB.5.1.15_1,2023,11,0,0
ALB.5.1.16_1,2023,11,0,0
ALB.5.1.17_1,2023,11,0,0
ALB.5.1.2_1,2023,11,0,0
ALB.5.1.3_1,2023,11,0,0
ALB.5.1.4_1,2023,11,0,0
ALB.5.1.5_1,2023,11,0,0
ALB.5.1.6_1,2023,11,0,0
ALB.5.1.7_1,2023,11,0,0
ALB.5.1.8_1,2023,11,0,0
ALB.5.1.9_1,2023,11,0,0
ALB.5.2.1_1,2023,11,0,0
ALB.5.2.10_1,2023,11,0,0
ALB.5.2.11_1,2023,11,0,0
ALB.5.2.12_1,2023,11,0,0
ALB.5.2.13_1,2023,11,0,0
ALB.5.2.14_1,2023,11,0,0
ALB.5.2.15_1,2023,11,0,0
ALB.5.2.16_1,2023,11,0,0
ALB.5.2.2_1,2023,11,0,0
ALB.5.2.3_1,2023,11,0,0
ALB.5.2.4_1,2023,11,0,0
ALB.5.2.5_1,2023,11,0,0
ALB.5.2.6_1,2023,11,0,0
ALB.5.2.7_1,2023,11,0,0
ALB.5.2.8_1,2023,11,0,0
ALB.5.2.9_1,2023,11,0,0
ALB.5.3.1_1,2023,11,0,0
ALB.5.3.2_1,2023,11,0,0
ALB.5.3.3_1,2023,11,0,0
ALB.5.3.4_1,2023,11,0,0
ALB.5.3.5_1,2023,11,0,0
ALB.5.3.6_1,2023,11,0,0
ALB.5.3.7_1,2023,11,0,0
ALB.5.3.8_1,2023,11,0,0
ALB.5.3.9_1,2023,11,0,0
ALB.6.1.1_1,2023,11,0,0
ALB.6.1.10_1,2023,11,0,0
ALB.6.1.11_1,2023,11,0,0
ALB.6.1.12_1,2023,11,0,0
ALB.6.1.13_1,2023,11,0,0
ALB.6.1.2_1,2023,11,0,0
ALB.6.1.3_1,2023,11,0,0
ALB.6.1.4_1,2023,11,0,0
ALB.6.1.5_1,2023,11,0,0
ALB.6.1.6_1,2023,11,0,0
ALB.6.1.7_1,2023,11,0,0
ALB.6.1.8_1,2023,11,0,0
ALB.6.1.9_1,2023,11,0,0
ALB.6.2.1_1,2023,11,0,0
ALB.6.2.2_1,2023,11,0,0
ALB.6.2.3_1,2023,11,0,0
ALB.6.2.4_1,2023,11,0,0
ALB.6.2.5_1,2023,11,0,0
ALB.6.2.6_1,2023,11,0,0
ALB.6.2.7_1,2023,11,0,0
ALB.6.2.8_1,2023,11,0,0
ALB.6.2.9_1,2023,11,0,0
ALB.6.3.1_1,2023,11,0,0
ALB.6.3.10_1,2023,11,0,0
ALB.6.3.2_1,2023,11,0,0
ALB.6.3.3_1,2023,11,0,0
ALB.6.3.4_1,2023,11,0,0
ALB.6.3.5_1,2023,11,0,0
ALB.6.3.6_1,2023,11,0,0
ALB.6.3.7_1,2023,11,0,0
ALB.6.3.8_1,2023,11,0,0
ALB.6.3.9_1,2023,11,0,0
ALB.7.1.1_1,2023,11,0,0
ALB.7.1.2_1,2023,11,0,0
ALB.7.1.3_1,2023,11,0,0
ALB.7.1.4_1,2023,11,0,0
ALB.7.1.5_1,2023,11,0,0
ALB.7.2.1_1,2023,11,0,0
ALB.7.2.2_1,2023,11,0,0
ALB.7.2.3_1,2023,11,0,0
ALB.7.2.4_1,2023,11,0,0
ALB.7.2.5_1,2023,11,0,0
ALB.7.2.6_1,2023,11,0,0
ALB.7.2.7_1,2023,11,0,0
ALB.7.2.8_1,2023,11,0,0
ALB.7.3.1_1,2023,11,0,0
ALB.7.3.10_1,2023,11,0,0
ALB.7.3.11_1,2023,11,0,0
ALB.7.3.12_1,2023,11,0,0
ALB.7.3.13_1,2023,11,0,0
ALB.7.3.14_1,2023,11,0,0
ALB.7.3.15_1,2023,11,0,0
ALB.7.3.16_1,2023,11,0,0
ALB.7.3.17_1,2023,11,0,0
ALB.7.3.2_1,2023,11,0,0
ALB.7.3.3_1,2023,11,0,0
ALB.7.3.4_1,2023,11,0,0
ALB.7.3.5_1,2023,11,0,0
ALB.7.3.6_1,2023,11,0,0
ALB.7.3.7_1,2023,11,0,0
ALB.7.3.8_1,2023,11,0,0
ALB.7.3.9_1,2023,11,0,0
ALB.7.4.1_1,2023,11,0,0
ALB.7.4.2_1,2023,11,0,0
ALB.7.4.3_1,2023,11,0,0
ALB.7.4.4_1,2023,11,0,0
ALB.7.4.5_1,2023,11,0,0
ALB.7.4.6_1,2023,11,0,0
ALB.7.4.7_1,2023,11,0,0
ALB.7.4.8_1,2023,11,0,0
ALB.7.4.9_1,2023,11,0,0
ALB.8.1.1_1,2023,11,0,0
ALB.8.1.2_1,2023,11,0,0
ALB.8.1.3_1,2023,11,0,0
ALB.8.1.4_1,2023,11,0,0
ALB.8.2.1_1,2023,11,0,0
ALB.8.2.10_1,2023,11,0,0
ALB.8.2.11_1,2023,11,0,0
ALB.8.2.12_1,2023,11,0,0
ALB.8.2.13_1,2023,11,0,0
ALB.8.2.14_1,2023,11,0,0
ALB.8.2.15_1,2023,11,0,0
ALB.8.2.2_1,2023,11,0,0
ALB.8.2.3_1,2023,11,0,0
ALB.8.2.4_1,2023,11,0,0
ALB.8.2.5_1,2023,11,0,0
ALB.8.2.6_1,2023,11,0,0
ALB.8.2.7_1,2023,11,0,0
ALB.8.2.8_1,2023,11,0,0
ALB.8.2.9_1,2023,11,0,0
ALB.8.3.1_1,2023,11,0,0
ALB.8.3.2_1,2023,11,0,0
ALB.8.3.3_1,2023,11,0,0
ALB.8.3.4_1,2023,11,0,0
ALB.8.3.5_1,2023,11,0,0
ALB.8.3.6_1,2023,11,0,0
ALB.8.3.7_1,2023,11,0,0
ALB.8.3.8_1,2023,11,0,0
ALB.9.1.1_1,2023,11,0,0
ALB.9.1.2_1,2023,11,0,0
ALB.9.1.3_1,2023,11,0,0
ALB.9.1.4_1,2023,11,0,0
ALB.9.2.1_1,2023,11,0,0
ALB.9.2.10_1,2023,11,0,0
ALB.9.2.2_1,2023,11,0,0
ALB.9.2.3_1,2023,11,0,0
ALB.9.2.4_1,2023,11,0,0
ALB.9.2.5_1,2023,11,0,0
ALB.9.2.6_1,2023,11,0,0
ALB.9.2.7_1,2023,11,0,0
ALB.9.2.8_1,2023,11,0,0
ALB.9.2.9_1,2023,11,0,0
ALB.9.3.1_1,2023,11,0,0
ALB.9.3.2_1,2023,11,0,0
ALB.9.3.3_1,2023,11,0,0
ALB.9.3.4_1,2023,11,0,0
ALB.9.3.5_1,2023,11,0,0
ALB.9.3.6_1,2023,11,0,0
ALB.9.3.7_1,2023,11,0,0
ALB.9.4.1_1,2023,11,0,0
AND.2_1,2023,11,0,0
AND.3_1,2023,11,0,0
AND.4_1,2023,11,0,0
AND.5_1,2023,11,0,0
AND.6_1,2023,11,0,0
AND.7_1,2023,11,0,0
ARM.1_1,2023,11,0,0
ARM.11_1,2023,11,0,0
ARM.2_1,2023,11,0,0
ARM.3_1,2023,11,0,0
ARM.4_1,2023,11,0,0
ARM.5_1,2023,11,0,0
ARM.6_1,2023,11,0,0
ARM.9_1,2023,11,0,0
AUT.1.1.1.1_2,2023,11,0,0
AUT.1.1.10.1_2,2023,11,0,0
AUT.1.1.11.1_2,2023,11,0,0
AUT.1.1.12.1_2,2023,11,0,0
AUT.1.1.13.1_2,2023,11,0,0
AUT.1.1.14.1_2,2023,11,0,0
AUT.1.1.15.1_2,2023,11,0,0
AUT.1.1.16.1_2,2023,11,0,0
AUT.1.1.17.1_2,2023,11,0,0
AUT.1.1.18.1_2,2023,11,0,0
AUT.1.1.19.1_2,2023,11,0,0
AUT.1.1.2.1_2,2023,11,0,0
AUT.1.1.20.1_2,2023,11,0,0
AUT.1.1.21.1_2,2023,11,0,0
AUT.1.1.22.1_2,2023,11,0,0
AUT.1.1.23.1_2,2023,11,0,0
AUT.1.1.3.1_2,2023,11,0,0
AUT.1.1.4.1_2,2023,11,0,0
AUT.1.1.5.1_2,2023,11,0,0
AUT.1.1.6.1_2,2023,11,0,0
AUT.1.1.7.1_2,2023,11,0,0
AUT.1.1.8.1_2,2023,11,0,0
AUT.1.1.9.1_2,2023,11,0,0
AUT.1.2.1.1_2,2023,11,0,0
AUT.1.2.1.2_2,2023,11,0,0
AUT.1.2.1.3_2,2023,11,0,0
AUT.1.2.1.4_2,2023,11,0,0
AUT.1.2.1.5_2,2023,11,0,0
AUT.1.3.1.1_2,2023,11,0,0
AUT.1.3.1.2_2,2023,11,0,0
AUT.1.3.10.1_2,2023,11,0,0
AUT.1.3.10.2_2,2023,11,0,0
AUT.1.3.10.3_2,2023,11,0,0
AUT.1.3.10.4_2,2023,11,0,0
AUT.1.3.10.5_2,2023,11,0,0
AUT.1.3.11.1_2,2023,11,0,0
AUT.1.3.12.1_2,2023,11,0,0
AUT.1.3.13.1_2,2023,11,0,0
AUT.1.3.14.1_2,2023,11,0,0
AUT.1.3.14.2_2,2023,11,0,0
AUT.1.3.14.3_2,2023,11,0,0
AUT.1.3.14.4_2,2023,11,0,0
AUT.1.3.15.1_2,2023,11,0,0
AUT.1.3.16.1_2,2023,11,0,0
AUT.1.3.17.1_2,2023,11,0,0
AUT.1.3.18.1_2,2023,11,0,0
AUT.1.3.19.1_2,2023,11,0,0
AUT.1.3.2.1_2,2023,11,0,0
AUT.1.3.20.1_2,2023,11,0,0
AUT.1.3.21.1_2,2023,11,0,0
AUT.1.3.22.1_2,2023,11,0,0
AUT.1.3.22.2_2,2023,11,0,0
AUT.1.3.22.3_2,2023,11,0,0
AUT.1.3.23.1_2,2023,11,0,0
AUT.1.3.23.2_2,2023,11,0,0
AUT.1.3.23.3_2,2023,11,0,0
AUT.1.3.23.4_2,2023,11,0,0
AUT.1.3.24.1_2,2023,11,0,0
AUT.1.3.25.1_2,2023,11,0,0
AUT.1.3.26.1_2,2023,11,0,0
AUT.1.3.26.2_2,2023,11,0,0
AUT.1.3.26.3_2,2023,11,0,0
AUT.1.3.26.4_2,2023,11,0,0
AUT.1.3.26.5_2,2023,11,0,0
AUT.1.3.26.6_2,2023,11,0,0
AUT.1.3.27.1_2,2023,11,0,0
AUT.1.3.28.1_2,2023,11,0,0
AUT.1.3.3.1_2,2023,11,0,0
AUT.1.3.3.2_2,2023,11,0,0
AUT.1.3.4.1_2,2023,11,0,0
AUT.1.3.4.2_2,2023,11,0,0
AUT.1.3.4.3_2,2023,11,0,0
AUT.1.3.4.4_2,2023,11,0,0
AUT.1.3.4.5_2,2023,11,0,0
AUT.1.3.5.1_2,2023,11,0,0
AUT.1.3.5.2_2,2023,11,0,0
AUT.1.3.5.3_2,2023,11,0,0
AUT.1.3.6.1_2,2023,11,0,0
AUT.1.3.7.1_2,2023,11,0,0
AUT.1.3.7.2_2,2023,11,0,0
AUT.1.3.7.3_2,2023,11,0,0
AUT.1.3.7.4_2,2023,11,0,0
AUT.1.3.7.5_2,2023,11,0,0
AUT.1.3.7.6_2,2023,11,0,0
AUT.1.3.8.1_2,2023,11,0,0
AUT.1.3.9.1_2,2023,11,0,0
AUT.1.4.1.1_2,2023,11,0,0
AUT.1.4.1.2_2,2023,11,0,0
AUT.1.4.10.1_2,2023,11,0,0
AUT.1.4.10.2_2,2023,11,0,0
AUT.1.4.11.1_2,2023,11,0,0
AUT.1.4.11.2_2,2023,11,0,0
AUT.1.4.11.3_2,2023,11,0,0
AUT.1.4.11.4_2,2023,11,0,0
AUT.1.4.11.5_2,2023,11,0,0
AUT.1.4.11.6_2,2023,11,0,0
AUT.1.4.12.1_2,2023,11,0,0
AUT.1.4.12.2_2,2023,11,0,0
AUT.1.4.12.3_2,2023,11,0,0
AUT.1.4.2.1_2,2023,11,0,0
AUT.1.4.2.2_2,2023,11,0,0
AUT.1.4.3.1_2,2023,11,0,0
AUT.1.4.3.2_2,2023,11,0,0
AUT.1.4.4.1_2,2023,11,0,0
AUT.1.4.4.2_2,2023,11,0,0
AUT.1.4.4.3_2,2023,11,0,0
AUT.1.4.4.4_2,2023,11,0,0
AUT.1.4.5.1_2,2023,11,0,0
AUT.1.4.6.1_2,2023,11,0,0
AUT.1.4.6.2_2,2023,11,0,0
AUT.1.4.6.3_2,2023,11,0,0
AUT.1.4.7.1_2,2023,11,0,0
AUT.1.4.7.2_2,2023,11,0,0
AUT.1.4.7.3_2,2023,11,0,0
AUT.1.4.8.1_2,2023,11,0,0
AUT.1.4.9.1_2,2023,11,0,0
AUT.1.4.9.2_2,2023,11,0,0
AUT.1.4.9.3_2,2023,11,0,0
AUT.1.4.9.4_2,2023,11,0,0
AUT.1.5.1.1_2,2023,11,0,0
AUT.1.5.10.1_2,2023,11,0,0
AUT.1.5.10.2_2,2023,11,0,0
AUT.1.5.11.1_2,2023,11,0,0
AUT.1.5.12.1_2,2023,11,0,0
AUT.1.5.13.1_2,2023,11,0,0
AUT.1.5.13.2_2,2023,11,0,0
AUT.1.5.14.1_2,2023,11,0,0
AUT.1.5.15.1_2,2023,11,0,0
AUT.1.5.16.1_2,2023,11,0,0
AUT.1.5.17.1_2,2023,11,0,0
AUT.1.5.18.1_2,2023,11,0,0
AUT.1.5.19.1_2,2023,11,0,0
AUT.1.5.19.2_2,2023,11,0,0
AUT.1.5.2.1_2,2023,11,0,0
AUT.1.5.3.1_2,2023,11,0,0
AUT.1.5.4.1_2,2023,11,0,0
AUT.1.5.5.1_2,2023,11,0,0
AUT.1.5.5.2_2,2023,11,0,0
AUT.1.5.6.1_2,2023,11,0,0
AUT.1.5.7.1_2,2023,11,0,0
AUT.1.5.8.1_2,2023,11,0,0
AUT.1.5.8.2_2,2023,11,0,0
AUT.1.5.9.1_2,2023,11,0,0
AUT.1.6.1.1_2,2023,11,0,0
AUT.1.6.10.1_2,2023,11,0,0
AUT.1.6.11.1_2,2023,11,0,0
AUT.1.6.12.1_2,2023,11,0,0
AUT.1.6.13.1_2,2023,11,0,0
AUT.1.6.14.1_2,2023,11,0,0
AUT.1.6.15.1_2,2023,11,0,0
AUT.1.6.16.1_2,2023,11,0,0
AUT.1.6.17.1_2,2023,11,0,0
AUT.1.6.18.1_2,2023,11,0,0
AUT.1.6.19.1_2,2023,11,0,0
AUT.1.6.2.1_2,2023,11,0,0
AUT.1.6.20.1_2,2023,11,0,0
AUT.1.6.21.1_2,2023,11,0,0
AUT.1.6.22.1_2,2023,11,0,0
AUT.1.6.23.1_2,2023,11,0,0
AUT.1.6.24.1_2,2023,11,0,0
AUT.1.6.25.1_2,2023,11,0,0
AUT.1.6.26.1_2,2023,11,0,0
AUT.1.6.27.1_2,2023,11,0,0
AUT.1.6.3.1_2,2023,11,0,0
AUT.1.6.3.2_2,2023,11,0,0
AUT.1.6.4.1_2,2023,11,0,0
AUT.1.6.5.1_2,2023,11,0,0
AUT.1.6.6.1_2,2023,11,0,0
AUT.1.6.7.1_2,2023,11,0,0
AUT.1.6.8.1_2,2023,11,0,0
AUT.1.6.9.1_2,2023,11,0,0
AUT.1.7.1.1_2,2023,11,0,0
AUT.1.7.1.2_2,2023,11,0,0
AUT.1.7.10.1_2,2023,11,0,0
AUT.1.7.10.2_2,2023,11,0,0
AUT.1.7.10.3_2,2023,11,0,0
AUT.1.7.10.4_2,2023,11,0,0
AUT.1.7.10.5_2,2023,11,0,0
AUT.1.7.10.6_2,2023,11,0,0
AUT.1.7.11.1_2,2023,11,0,0
AUT.1.7.11.2_2,2023,11,0,0
AUT.1.7.12.1_2,2023,11,0,0
AUT.1.7.12.2_2,2023,11,0,0
AUT.1.7.12.3_2,2023,11,0,0
AUT.1.7.12.4_2,2023,11,0,0
AUT.1.7.13.1_2,2023,11,0,0
AUT.1.7.13.2_2,2023,11,0,0
AUT.1.7.13.3_2,2023,11,0,0
AUT.1.7.14.1_2,2023,11,0,0
AUT.1.7.14.2_2,2023,11,0,0
AUT.1.7.15.1_2,2023,11,0,0
AUT.1.7.16.1_2,2023,11,0,0
AUT.1.7.16.2_2,2023,11,0,0
AUT.1.7.16.3_2,2023,11,0,0
AUT.1.7.17.1_2,2023,11,0,0
AUT.1.7.18.1_2,2023,11,0,0
AUT.1.7.18.2_2,2023,11,0,0
AUT.1.7.19.1_2,2023,11,0,0
AUT.1.7.19.2_2,2023,11,0,0
AUT.1.7.19.3_2,2023,11,0,0
AUT.1.7.19.4_2,2023,11,0,0
AUT.1.7.19.5_2,2023,11,0,0
AUT.1.7.19.6_2,2023,11,0,0
AUT.1.7.19.7_2,2023,11,0,0
AUT.1.7.2.1_2,2023,11,0,0
AUT.1.7.2.2_2,2023,11,0,0
AUT.1.7.2.3_2,2023,11,0,0
AUT.1.7.20.1_2,2023,11,0,0
AUT.1.7.21.1_2,2023,11,0,0
AUT.1.7.22.1_2,2023,11,0,0
AUT.1.7.23.1_2,2023,11,0,0
AUT.1.7.23.2_2,2023,11,0,0
AUT.1.7.24.1_2,2023,11,0,0
AUT.1.7.25.1_2,2023,11,0,0
AUT.1.7.26.1_2,2023,11,0,0
AUT.1.7.26.2_2,2023,11,0,0
AUT.1.7.27.1_2,2023,11,0,0
AUT.1.7.28.1_2,2023,11,0,0
AUT.1.7.28.2_2,2023,11,0,0
AUT.1.7.28.3_2,2023,11,0,0
AUT.1.7.3.1_2,2023,11,0,0
AUT.1.7.3.2_2,2023,11,0,0
AUT.1.7.3.3_2,2023,11,0,0
AUT.1.7.3.4_2,2023,11,0,0
AUT.1.7.4.1_2,2023,11,0,0
AUT.1.7.4.2_2,2023,11,0,0
AUT.1.7.4.3_2,2023,11,0,0
AUT.1.7.5.1_2,2023,11,0,0
AUT.1.7.5.2_2,2023,11,0,0
AUT.1.7.6.1_2,2023,11,0,0
AUT.1.7.7.1_2,2023,11,0,0
AUT.1.7.7.2_2,2023,11,0,0
AUT.1.7.7.3_2,2023,11,0,0
AUT.1.7.8.1_2,2023,11,0,0
AUT.1.7.9.1_2,2023,11,0,0
AUT.1.8.1.1_2,2023,11,0,0
AUT.1.8.1.2_2,2023,11,0,0
AUT.1.8.1.3_2,2023,11,0,0
AUT.1.8.10_2,2023,11,0,0
AUT.1.8.10.1_2,2023,11,0,0
AUT.1.8.10.2_2,2023,11,0,0
AUT.1.8.10.3_2,2023,11,0,0
AUT.1.8.11.1_2,2023,11,0,0
AUT.1.8.12.1_2,2023,11,0,0
AUT.1.8.12.2_2,2023,11,0,0
AUT.1.8.13.1_2,2023,11,0,0
AUT.1.8.13.2_2,2023,11,0,0
AUT.1.8.13.3_2,2023,11,0,0
AUT.1.8.13.4_2,2023,11,0,0
AUT.1.8.13.5_2,2023,11,0,0
AUT.1.8.14.1_2,2023,11,0,0
AUT.1.8.14.2_2,2023,11,0,0
AUT.1.8.15.1_2,2023,11,0,0
AUT.1.8.15.2_2,2023,11,0,0
AUT.1.8.16.1_2,2023,11,0,0
AUT.1.8.16.2_2,2023,11,0,0
AUT.1.8.16.3_2,2023,11,0,0
AUT.1.8.16.4_2,2023,11,0,0
AUT.1.8.16.5_2,2023,11,0,0
AUT.1.8.16.6_2,2023,11,0,0
AUT.1.8.17.1_2,2023,11,0,0
AUT.1.8.18.1_2,2023,11,0,0
AUT.1.8.19.1_2,2023,11,0,0
AUT.1.8.19.2_2,2023,11,0,0
AUT.1.8.19.3_2,2023,11,0,0
AUT.1.8.19.4_2,2023,11,0,0
AUT.1.8.19.5_2,2023,11,0,0
AUT.1.8.2.1_2,2023,11,0,0
AUT.1.8.20.1_2,2023,11,0,0
AUT.1.8.20.2_2,2023,11,0,0
AUT.1.8.21.1_2,2023,11,0,0
AUT.1.8.21.2_2,2023,11,0,0
AUT.1.8.22.1_2,2023,11,0,0
AUT.1.8.23.1_2,2023,11,0,0
AUT.1.8.24.1_2,2023,11,0,0
AUT.1.8.24.2_2,2023,11,0,0
AUT.1.8.24.3_2,2023,11,0,0
AUT.1.8.25.1_2,2023,11,0,0
AUT.1.8.25.2_2,2023,11,0,0
AUT.1.8.25.3_2,2023,11,0,0
AUT.1.8.25.4_2,2023,11,0,0
AUT.1.8.25.5_2,2023,11,0,0
AUT.1.8.26.1_2,2023,11,0,0
AUT.1.8.26.2_2,2023,11,0,0
AUT.1.8.27.1_2,2023,11,0,0
AUT.1.8.28.1_2,2023,11,0,0
AUT.1.8.28.2_2,2023,11,0,0
AUT.1.8.28.3_2,2023,11,0,0
AUT.1.8.28.4_2,2023,11,0,0
AUT.1.8.28.5_2,2023,11,0,0
AUT.1.8.29.1_2,2023,11,0,0
AUT.1.8.29.2_2,2023,11,0,0
AUT.1.8.3.1_2,2023,11,0,0
AUT.1.8.3.2_2,2023,11,0,0
AUT.1.8.3.3_2,2023,11,0,0
AUT.1.8.3.4_2,2023,11,0,0
AUT.1.8.3.5_2,2023,11,0,0
AUT.1.8.30.1_2,2023,11,0,0
AUT.1.8.30.2_2,2023,11,0,0
AUT.1.8.30.3_2,2023,11,0,0
AUT.1.8.30.4_2,2023,11,0,0
AUT.1.8.30.5_2,2023,11,0,0
AUT.1.8.30.6_2,2023,11,0,0
AUT.1.8.30.7_2,2023,11,0,0
AUT.1.8.30.8_2,2023,11,0,0
AUT.1.8.30.9_2,2023,11,0,0
AUT.1.8.31.1_2,2023,11,0,0
AUT.1.8.31.2_2,2023,11,0,0
AUT.1.8.31.3_2,2023,11,0,0
AUT.1.8.31.4_2,2023,11,0,0
AUT.1.8.32.1_2,2023,11,0,0
AUT.1.8.4.1_2,2023,11,0,0
AUT.1.8.4.2_2,2023,11,0,0
AUT.1.8.4.3_2,2023,11,0,0
AUT.1.8.4.4_2,2023,11,0,0
AUT.1.8.4.5_2,2023,11,0,0
AUT.1.8.5.1_2,2023,11,0,0
AUT.1.8.5.2_2,2023,11,0,0
AUT.1.8.6.1_2,2023,11,0,0
AUT.1.8.6.2_2,2023,11,0,0
AUT.1.8.6.3_2,2023,11,0,0
AUT.1.8.6.4_2,2023,11,0,0
AUT.1.8.6.5_2,2023,11,0,0
AUT.1.8.7.1_2,2023,11,0,0
AUT.1.8.7.2_2,2023,11,0,0
AUT.1.8.7.3_2,2023,11,0,0
AUT.1.8.8.1_2,2023,11,0,0
AUT.1.8.9.1_2,2023,11,0,0
AUT.1.9.1.1_2,2023,11,0,0
AUT.2.1.1.1_2,2023,11,0,0
AUT.2.1.1.2_2,2023,11,0,0
AUT.2.1.1.3_2,2023,11,0,0
AUT.2.1.1.4_2,2023,11,0,0
AUT.2.1.10.1_2,2023,11,0,0
AUT.2.1.10.2_2,2023,11,0,0
AUT.2.1.10.3_2,2023,11,0,0
AUT.2.1.10.4_2,2023,11,0,0
AUT.2.1.2.1_2,2023,11,0,0
AUT.2.1.2.10_2,2023,11,0,0
AUT.2.1.2.11_2,2023,11,0,0
AUT.2.1.2.12_2,2023,11,0,0
AUT.2.1.2.2_2,2023,11,0,0
AUT.2.1.2.3_2,2023,11,0,0
AUT.2.1.2.4_2,2023,11,0,0
AUT.2.1.2.5_2,2023,11,0,0
AUT.2.1.2.6_2,2023,11,0,0
AUT.2.1.2.7_2,2023,11,0,0
AUT.2.1.2.8_2,2023,11,0,0
AUT.2.1.2.9_2,2023,11,0,0
AUT.2.1.3.1_2,2023,11,0,0
AUT.2.1.3.2_2,2023,11,0,0
AUT.2.1.3.3_2,2023,11,0,0
AUT.2.1.4.1_2,2023,11,0,0
AUT.2.1.4.2_2,2023,11,0,0
AUT.2.1.4.3_2,2023,11,0,0
AUT.2.1.4.4_2,2023,11,0,0
AUT.2.1.5.1_2,2023,11,0,0
AUT.2.1.5.2_2,2023,11,0,0
AUT.2.1.5.3_2,2023,11,0,0
AUT.2.1.5.4_2,2023,11,0,0
AUT.2.1.5.5_2,2023,11,0,0
AUT.2.1.5.6_2,2023,11,0,0
AUT.2.1.5.7_2,2023,11,0,0
AUT.2.1.6.1_2,2023,11,0,0
AUT.2.1.7.1_2,2023,11,0,0
AUT.2.1.7.2_2,2023,11,0,0
AUT.2.1.7.3_2,2023,11,0,0
AUT.2.1.7.4_2,2023,11,0,0
AUT.2.1.7.5_2,2023,11,0,0
AUT.2.1.8.1_2,2023,11,0,0
AUT.2.1.8.2_2,2023,11,0,0
AUT.2.1.8.3_2,2023,11,0,0
AUT.2.1.8.4_2,2023,11,0,0
AUT.2.1.8.5_2,2023,11,0,0
AUT.2.1.9.1_2,2023,11,0,0
AUT.2.1.9.2_2,2023,11,0,0
AUT.2.1.9.3_2,2023,11,0,0
AUT.2.1.9.4_2,2023,11,0,0
AUT.2.10.1.1_2,2023,11,0,0
AUT.2.10.1.2_2,2023,11,0,0
AUT.2.10.1.3_2,2023,11,0,0
AUT.2.10.1.4_2,2023,11,0,0
AUT.2.10.1.5_2,2023,11,0,0
AUT.2.10.1.6_2,2023,11,0,0
AUT.2.10.1.7_2,2023,11,0,0
AUT.2.10.1.8_2,2023,11,0,0
AUT.2.10.2.1_2,2023,11,0,0
AUT.2.10.2.10_2,2023,11,0,0
AUT.2.10.2.2_2,2023,11,0,0
AUT.2.10.2.3_2,2023,11,0,0
AUT.2.10.2.4_2,2023,11,0,0
AUT.2.10.2.5_2,2023,11,0,0
AUT.2.10.2.6_2,2023,11,0,0
AUT.2.10.2.7_2,2023,11,0,0
AUT.2.10.2.8_2,2023,11,0,0
AUT.2.10.2.9_2,2023,11,0,0
AUT.2.10.3.1_2,2023,11,0,0
AUT.2.10.3.10_2,2023,11,0,0
AUT.2.10.3.2_2,2023,11,0,0
AUT.2.10.3.3_2,2023,11,0,0
AUT.2.10.3.4_2,2023,11,0,0
AUT.2.10.3.5_2,2023,11,0,0
AUT.2.10.3.6_2,2023,11,0,0
AUT.2.10.3.7_2,2023,11,0,0
AUT.2.10.3.8_2,2023,11,0,0
AUT.2.10.3.9_2,2023,11,0,0
AUT.2.10.4.1_2,2023,11,0,0
AUT.2.10.4.2_2,2023,11,0,0
AUT.2.10.4.3_2,2023,11,0,0
AUT.2.10.4.4_2,2023,11,0,0
AUT.2.10.4.5_2,2023,11,0,0
AUT.2.10.4.6_2,2023,11,0,0
AUT.2.10.5.1_2,2023,11,0,0
AUT.2.10.5.2_2,2023,11,0,0
AUT.2.10.5.3_2,2023,11,0,0
AUT.2.10.5.4_2,2023,11,0,0
AUT.2.10.6.1_2,2023,11,0,0
AUT.2.10.6.10_2,2023,11,0,0
AUT.2.10.6.11_2,2023,11,0,0
AUT.2.10.6.12_2,2023,11,0,0
AUT.2.10.6.13_2,2023,11,0,0
AUT.2.10.6.14_2,2023,11,0,0
AUT.2.10.6.15_2,2023,11,0,0
AUT.2.10.6.16_2,2023,11,0,0
AUT.2.10.6.17_2,2023,11,0,0
AUT.2.10.6.18_2,2023,11,0,0
AUT.2.10.6.19_2,2023,11,0,0
AUT.2.10.6.2_2,2023,11,0,0
AUT.2.10.6.20_2,2023,11,0,0
AUT.2.10.6.21_2,2023,11,0,0
AUT.2.10.6.3_2,2023,11,0,0
AUT.2.10.6.4_2,2023,11,0,0
AUT.2.10.6.5_2,2023,11,0,0
AUT.2.10.6.6_2,2023,11,0,0
AUT.2.10.6.7_2,2023,11,0,0
AUT.2.10.6.8_2,2023,11,0,0
AUT.2.10.6.9_2,2023,11,0,0
AUT.2.10.7.1_2,2023,11,0,0
AUT.2.10.7.2_2,2023,11,0,0
AUT.2.10.7.3_2,2023,11,0,0
AUT.2.10.7.4_2,2023,11,0,0
AUT.2.10.7.5_2,2023,11,0,0
AUT.2.10.7.6_2,2023,11,0,0
AUT.2.10.7.7_2,2023,11,0,0
AUT.2.10.8.1_2,2023,11,0,0
AUT.2.10.8.2_2,2023,11,0,0
AUT.2.10.8.3_2,2023,11,0,0
AUT.2.10.8.4_2,2023,11,0,0
AUT.2.10.8.5_2,2023,11,0,0
AUT.2.10.8.6_2,2023,11,0,0
AUT.2.10.8.7_2,2023,11,0,0
AUT.2.10.8.8_2,2023,11,0,0
AUT.2.10.9.1_2,2023,11,0,0
AUT.2.10.9.10_2,2023,11,0,0
AUT.2.10.9.11_2,2023,11,0,0
AUT.2.10.9.12_2,2023,11,0,0
AUT.2.10.9.13_2,2023,11,0,0
AUT.2.10.9.14_2,2023,11,0,0
AUT.2.10.9.15_2,2023,11,0,0
AUT.2.10.9.16_2,2023,11,0,0
AUT.2.10.9.17_2,2023,11,0,0
AUT.2.10.9.18_2,2023,11,0,0
AUT.2.10.9.19_2,2023,11,0,0
AUT.2.10.9.2_2,2023,11,0,0
AUT.2.10.9.20_2,2023,11,0,0
AUT.2.10.9.21_2,2023,11,0,0
AUT.2.10.9.22_2,2023,11,0,0
AUT.2.10.9.23_2,2023,11,0,0
AUT.2.10.9.24_2,2023,11,0,0
AUT.2.10.9.25_2,2023,11,0,0
AUT.2.10.9.26_2,2023,11,0,0
AUT.2.10.9.27_2,2023,11,0,0
AUT.2.10.9.28_2,2023,11,0,0
AUT.2.10.9.29_2,2023,11,0,0
AUT.2.10.9.3_2,2023,11,0,0
AUT.2.10.9.30_2,2023,11,0,0
AUT.2.10.9.31_2,2023,11,0,0
AUT.2.10.9.32_2,2023,11,0,0
AUT.2.10.9.33_2,2023,11,0,0
AUT.2.10.9.34_2,2023,11,0,0
AUT.2.10.9.35_2,2023,11,0,0
AUT.2.10.9.36_2,2023,11,0,0
AUT.2.10.9.37_2,2023,11,0,0
AUT.2.10.9.38_2,2023,11,0,0
AUT.2.10.9.39_2,2023,11,0,0
AUT.2.10.9.4_2,2023,11,0,0
AUT.2.10.9.40_2,2023,11,0,0
AUT.2.10.9.5_2,2023,11,0,0
AUT.2.10.9.6_2,2023,11,0,0
AUT.2.10.9.7_2,2023,11,0,0
AUT.2.10.9.8_2,2023,11,0,0
AUT.2.10.9.9_2,2023,11,0,0
AUT.2.2.1.1_2,2023,11,0,0
AUT.2.2.2.1_2,2023,11,0,0
AUT.2.2.2.2_2,2023,11,0,0
AUT.2.2.3.1_2,2023,11,0,0
AUT.2.2.3.10_2,2023,11,0,0
AUT.2.2.3.11_2,2023,11,0,0
AUT.2.2.3.12_2,2023,11,0,0
AUT.2.2.3.2_2,2023,11,0,0
AUT.2.2.3.3_2,2023,11,0,0
AUT.2.2.3.4_2,2023,11,0,0
AUT.2.2.3.5_2,2023,11,0,0
AUT.2.2.3.6_2,2023,11,0,0
AUT.2.2.3.7_2,2023,11,0,0
AUT.2.2.3.8_2,2023,11,0,0
AUT.2.2.3.9_2,2023,11,0,0
AUT.2.2.4.1_2,2023,11,0,0
AUT.2.2.4.2_2,2023,11,0,0
AUT.2.2.4.3_2,2023,11,0,0
AUT.2.2.4.4_2,2023,11,0,0
AUT.2.2.5.1_2,2023,11,0,0
AUT.2.2.5.2_2,2023,11,0,0
AUT.2.2.5.3_2,2023,11,0,0
AUT.2.2.5.4_2,2023,11,0,0
AUT.2.2.6.1_2,2023,11,0,0
AUT.2.2.6.2_2,2023,11,0,0
AUT.2.2.6.3_2,2023,11,0,0
AUT.2.2.6.4_2,2023,11,0,0
AUT.2.2.7.1_2,2023,11,0,0
AUT.2.2.7.2_2,2023,11,0,0
AUT.2.2.7.3_2,2023,11,0,0
AUT.2.2.7.4_2,2023,11,0,0
AUT.2.2.7.5_2,2023,11,0,0
AUT.2.2.7.6_2,2023,11,0,0
AUT.2.3.1.1_2,2023,11,0,0
AUT.2.3.1.10_2,2023,11,0,0
AUT.2.3.1.2_2,2023,11,0,0
AUT.2.3.1.3_2,2023,11,0,0
AUT.2.3.1.4_2,2023,11,0,0
AUT.2.3.1.5_2,2023,11,0,0
AUT.2.3.1.6_2,2023,11,0,0
AUT.2.3.1.7_2,2023,11,0,0
AUT.2.3.1.8_2,2023,11,0,0
AUT.2.3.1.9_2,2023,11,0,0
AUT.2.3.10.1_2,2023,11,0,0
AUT.2.3.10.2_2,2023,11,0,0
AUT.2.3.10.3_2,2023,11,0,0
AUT.2.3.11.1_2,2023,11,0,0
AUT.2.3.11.2_2,2023,11,0,0
AUT.2.3.11.3_2,2023,11,0,0
AUT.2.3.11.4_2,2023,11,0,0
AUT.2.3.11.5_2,2023,11,0,0
AUT.2.3.11.6_2,2023,11,0,0
AUT.2.3.12.1_2,2023,11,0,0
AUT.2.3.12.2_2,2023,11,0,0
AUT.2.3.13.1_2,2023,11,0,0
AUT.2.3.13.2_2,2023,11,0,0
AUT.2.3.13.3_2,2023,11,0,0
AUT.2.3.13.4_2,2023,11,0,0
AUT.2.3.13.5_2,2023,11,0,0
AUT.2.3.13.6_2,2023,11,0,0
AUT.2.3.13.7_2,2023,11,0,0
AUT.2.3.13.8_2,2023,11,0,0
AUT.2.3.14.1_2,2023,11,0,0
AUT.2.3.14.2_2,2023,11,0,0
AUT.2.3.14.3_2,2023,11,0,0
AUT.2.3.14.4_2,2023,11,0,0
AUT.2.3.15.1_2,2023,11,0,0
AUT.2.3.15.2_2,2023,11,0,0
AUT.2.3.16.1_2,2023,11,0,0
AUT.2.3.16.2_2,2023,11,0,0
AUT.2.3.16.3_2,2023,11,0,0
AUT.2.3.17.1_2,2023,11,0,0
AUT.2.3.17.2_2,2023,11,0,0
AUT.2.3.17.3_2,2023,11,0,0
AUT.2.3.18.1_2,2023,11,0,0
AUT.2.3.18.2_2,2023,11,0,0
AUT.2.3.18.3_2,2023,11,0,0
AUT.2.3.18.4_2,2023,11,0,0
AUT.2.3.19.1_2,2023,11,0,0
AUT.2.3.19.2_2,2023,11,0,0
AUT.2.3.19.3_2,2023,11,0,0
AUT.2.3.2.1_2,2023,11,0,0
AUT.2.3.2.2_2,2023,11,0,0
AUT.2.3.2.3_2,2023,11,0,0
AUT.2.3.2.4_2,2023,11,0,0
AUT.2.3.2.5_2,2023,11,0,0
AUT.2.3.2.6_2,2023,11,0,0
AUT.2.3.3.1_2,2023,11,0,0
AUT.2.3.3.10_2,2023,11,0,0
AUT.2.3.3.2_2,2023,11,0,0
AUT.2.3.3.3_2,2023,11,0,0
AUT.2.3.3.4_2,2023,11,0,0
AUT.2.3.3.5_2,2023,11,0,0
AUT.2.3.3.6_2,2023,11,0,0
AUT.2.3.3.7_2,2023,11,0,0
AUT.2.3.3.8_2,2023,11,0,0
AUT.2.3.3.9_2,2023,11,0,0
AUT.2.3.4.1_2,2023,11,0,0
AUT.2.3.4.2_2,2023,11,0,0
AUT.2.3.4.3_2,2023,11,0,0
AUT.2.3.4.4_2,2023,11,0,0
AUT.2.3.4.5_2,2023,11,0,0
AUT.2.3.4.6_2,2023,11,0,0
AUT.2.3.4.7_2,2023,11,0,0
AUT.2.3.4.8_2,2023,11,0,0
AUT.2.3.5.1_2,2023,11,0,0
AUT.2.3.5.2_2,2023,11,0,0
AUT.2.3.5.3_2,2023,11,0,0
AUT.2.3.6.1_2,2023,11,0,0
AUT.2.3.6.2_2,2023,11,0,0
AUT.2.3.6.3_2,2023,11,0,0
AUT.2.3.6.4_2,2023,11,0,0
AUT.2.3.7.1_2,2023,11,0,0
AUT.2.3.7.2_2,2023,11,0,0
AUT.2.3.7.3_2,2023,11,0,0
AUT.2.3.7.4_2,2023,11,0,0
AUT.2.3.8.1_2,2023,11,0,0
AUT.2.3.8.2_2,2023,11,0,0
AUT.2.3.8.3_2,2023,11,0,0
AUT.2.3.8.4_2,2023,11,0,0
AUT.2.3.8.5_2,2023,11,0,0
AUT.2.3.9.1_2,2023,11,0,0
AUT.2.3.9.10_2,2023,11,0,0
AUT.2.3.9.11_2,2023,11,0,0
AUT.2.3.9.12_2,2023,11,0,0
AUT.2.3.9.13_2,2023,11,0,0
AUT.2.3.9.2_2,2023,11,0,0
AUT.2.3.9.3_2,2023,11,0,0
AUT.2.3.9.4_2,2023,11,0,0
AUT.2.3.9.5_2,2023,11,0,0
AUT.2.3.9.6_2,2023,11,0,0
AUT.2.3.9.7_2,2023,11,0,0
AUT.2.3.9.8_2,2023,11,0,0
AUT.2.3.9.9_2,2023,11,0,0
AUT.2.4.1.1_2,2023,11,0,0
AUT.2.4.1.10_2,2023,11,0,0
AUT.2.4.1.11_2,2023,11,0,0
AUT.2.4.1.12_2,2023,11,0,0
AUT.2.4.1.13_2,2023,11,0,0
AUT.2.4.1.14_2,2023,11,0,0
AUT.2.4.1.15_2,2023,11,0,0
AUT.2.4.1.16_2,2023,11,0,0
AUT.2.4.1.17_2,2023,11,0,0
AUT.2.4.1.18_2,2023,11,0,0
AUT.2.4.1.19_2,2023,11,0,0
AUT.2.4.1.2_2,2023,11,0,0
AUT.2.4.1.20_2,2023,11,0,0
AUT.2.4.1.21_2,2023,11,0,0
AUT.2.4.1.22_2,2023,11,0,0
AUT.2.4.1.23_2,2023,11,0,0
AUT.2.4.1.24_2,2023,11,0,0
AUT.2.4.1.25_2,2023,11,0,0
AUT.2.4.1.3_2,2023,11,0,0
AUT.2.4.1.4_2,2023,11,0,0
AUT.2.4.1.5_2,2023,11,0,0
AUT.2.4.1.6_2,2023,11,0,0
AUT.2.4.1.7_2,2023,11,0,0
AUT.2.4.1.8_2,2023,11,0,0
AUT.2.4.1.9_2,2023,11,0,0
AUT.2.5.1.1_2,2023,11,0,0
AUT.2.5.1.2_2,2023,11,0,0
AUT.2.5.1.3_2,2023,11,0,0
AUT.2.5.10.1_2,2023,11,0,0
AUT.2.5.10.2_2,2023,11,0,0
AUT.2.5.10.3_2,2023,11,0,0
AUT.2.5.10.4_2,2023,11,0,0
AUT.2.5.10.5_2,2023,11,0,0
AUT.2.5.10.6_2,2023,11,0,0
AUT.2.5.10.7_2,2023,11,0,0
AUT.2.5.10.8_2,2023,11,0,0
AUT.2.5.11.1_2,2023,11,0,0
AUT.2.5.11.2_2,2023,11,0,0
AUT.2.5.11.3_2,2023,11,0,0
AUT.2.5.11.4_2,2023,11,0,0
AUT.2.5.11.5_2,2023,11,0,0
AUT.2.5.11.6_2,2023,11,0,0
AUT.2.5.12.1_2,2023,11,0,0
AUT.2.5.12.10_2,2023,11,0,0
AUT.2.5.12.11_2,2023,11,0,0
AUT.2.5.12.12_2,2023,11,0,0
AUT.2.5.12.2_2,2023,11,0,0
AUT.2.5.12.3_2,2023,11,0,0
AUT.2.5.12.4_2,2023,11,0,0
AUT.2.5.12.5_2,2023,11,0,0
AUT.2.5.12.6_2,2023,11,0,0
AUT.2.5.12.7_2,2023,11,0,0
AUT.2.5.12.8_2,2023,11,0,0
AUT.2.5.12.9_2,2023,11,0,0
AUT.2.5.13.1_2,2023,11,0,0
AUT.2.5.13.10_2,2023,11,0,0
AUT.2.5.13.11_2,2023,11,0,0
AUT.2.5.13.2_2,2023,11,0,0
AUT.2.5.13.3_2,2023,11,0,0
AUT.2.5.13.4_2,2023,11,0,0
AUT.2.5.13.5_2,2023,11,0,0
AUT.2.5.13.6_2,2023,11,0,0
AUT.2.5.13.7_2,2023,11,0,0
AUT.2.5.13.8_2,2023,11,0,0
AUT.2.5.13.9_2,2023,11,0,0
AUT.2.5.14.1_2,2023,11,0,0
AUT.2.5.14.2_2,2023,11,0,0
AUT.2.5.14.3_2,2023,11,0,0
AUT.2.5.14.4_2,2023,11,0,0
AUT.2.5.15.1_2,2023,11,0,0
AUT.2.5.15.2_2,2023,11,0,0
AUT.2.5.16.1_2,2023,11,0,0
AUT.2.5.16.2_2,2023,11,0,0
AUT.2.5.16.3_2,2023,11,0,0
AUT.2.5.16.4_2,2023,11,0,0
AUT.2.5.16.5_2,2023,11,0,0
AUT.2.5.17.1_2,2023,11,0,0
AUT.2.5.17.2_2,2023,11,0,0
AUT.2.5.17.3_2,2023,11,0,0
AUT.2.5.17.4_2,2023,11,0,0
AUT.2.5.17.5_2,2023,11,0,0
AUT.2.5.17.6_2,2023,11,0,0
AUT.2.5.18.1_2,2023,11,0,0
AUT.2.5.18.2_2,2023,11,0,0
AUT.2.5.18.3_2,2023,11,0,0
AUT.2.5.18.4_2,2023,11,0,0
AUT.2.5.18.5_2,2023,11,0,0
AUT.2.5.18.6_2,2023,11,0,0
AUT.2.5.18.7_2,2023,11,0,0
AUT.2.5.19.1_2,2023,11,0,0
AUT.2.5.19.2_2,2023,11,0,0
AUT.2.5.19.3_2,2023,11,0,0
AUT.2.5.2.1_2,2023,11,0,0
AUT.2.5.2.2_2,2023,11,0,0
AUT.2.5.2.3_2,2023,11,0,0
AUT.2.5.2.4_2,2023,11,0,0
AUT.2.5.2.5_2,2023,11,0,0
AUT.2.5.20.1_2,2023,11,0,0
AUT.2.5.20.2_2,2023,11,0,0
AUT.2.5.20.3_2,2023,11,0,0
AUT.2.5.20.4_2,2023,11,0,0
AUT.2.5.20.5_2,2023,11,0,0
AUT.2.5.20.6_2,2023,11,0,0
AUT.2.5.20.7_2,2023,11,0,0
AUT.2.5.3.1_2,2023,11,0,0
AUT.2.5.4.1_2,2023,11,0,0
AUT.2.5.4.10_2,2023,11,0,0
AUT.2.5.4.2_2,2023,11,0,0
AUT.2.5.4.3_2,2023,11,0,0
AUT.2.5.4.4_2,2023,11,0,0
AUT.2.5.4.5_2,2023,11,0,0
AUT.2.5.4.6_2,2023,11,0,0
AUT.2.5.4.7_2,2023,11,0,0
AUT.2.5.4.8_2,2023,11,0,0
AUT.2.5.4.9_2,2023,11,0,0
AUT.2.5.5.1_2,2023,11,0,0
AUT.2.5.5.2_2,2023,11,0,0
AUT.2.5.5.3_2,2023,11,0,0
AUT.2.5.5.4_2,2023,11,0,0
AUT.2.5.5.5_2,2023,11,0,0
AUT.2.5.5.6_2,2023,11,0,0
AUT.2.5.5.7_2,2023,11,0,0
AUT.2.5.5.8_2,2023,11,0,0
AUT.2.5.6.1_2,2023,11,0,0
AUT.2.5.6.2_2,2023,11,0,0
AUT.2.5.6.3_2,2023,11,0,0
AUT.2.5.7.1_2,2023,11,0,0
AUT.2.5.8.1_2,2023,11,0,0
AUT.2.5.8.2_2,2023,11,0,0
AUT.2.5.8.3_2,2023,11,0,0
AUT.2.5.9.1_2,2023,11,0,0
AUT.2.5.9.2_2,2023,11,0,0
AUT.2.5.9.3_2,2023,11,0,0
AUT.2.5.9.4_2,2023,11,0,0
AUT.2.5.9.5_2,2023,11,0,0
AUT.2.5.9.6_2,2023,11,0,0
AUT.2.5.9.7_2,2023,11,0,0
AUT.2.6.1.1_2,2023,11,0,0
AUT.2.6.1.2_2,2023,11,0,0
AUT.2.6.1.3_2,2023,11,0,0
AUT.2.6.10.1_2,2023,11,0,0
AUT.2.6.10.2_2,2023,11,0,0
AUT.2.6.10.3_2,2023,11,0,0
AUT.2.6.11.1_2,2023,11,0,0
AUT.2.6.11.2_2,2023,11,0,0
AUT.2.6.12.1_2,2023,11,0,0
AUT.2.6.12.2_2,2023,11,0,0
AUT.2.6.12.3_2,2023,11,0,0
AUT.2.6.12.4_2,2023,11,0,0
AUT.2.6.12.5_2,2023,11,0,0
AUT.2.6.12.6_2,2023,11,0,0
AUT.2.6.12.7_2,2023,11,0,0
AUT.2.6.13.1_2,2023,11,0,0
AUT.2.6.13.2_2,2023,11,0,0
AUT.2.6.14.1_2,2023,11,0,0
AUT.2.6.14.2_2,2023,11,0,0
AUT.2.6.14.3_2,2023,11,0,0
AUT.2.6.14.4_2,2023,11,0,0
AUT.2.6.15.1_2,2023,11,0,0
AUT.2.6.15.2_2,2023,11,0,0
AUT.2.6.16.1_2,2023,11,0,0
AUT.2.6.16.2_2,2023,11,0,0
AUT.2.6.16.3_2,2023,11,0,0
AUT.2.6.17_2,2023,11,0,0
AUT.2.6.17.1_2,2023,11,0,0
AUT.2.6.17.2_2,2023,11,0,0
AUT.2.6.17.3_2,2023,11,0,0
AUT.2.6.17.4_2,2023,11,0,0
AUT.2.6.18.1_2,2023,11,0,0
AUT.2.6.18.2_2,2023,11,0,0
AUT.2.6.19.1_2,2023,11,0,0
AUT.2.6.2.1_2,2023,11,0,0
AUT.2.6.2.2_2,2023,11,0,0
AUT.2.6.20.1_2,2023,11,0,0
AUT.2.6.20.2_2,2023,11,0,0
AUT.2.6.20.3_2,2023,11,0,0
AUT.2.6.21.1_2,2023,11,0,0
AUT.2.6.21.2_2,2023,11,0,0
AUT.2.6.21.3_2,2023,11,0,0
AUT.2.6.21.4_2,2023,11,0,0
AUT.2.6.22.1_2,2023,11,0,0
AUT.2.6.22.2_2,2023,11,0,0
AUT.2.6.22.3_2,2023,11,0,0
AUT.2.6.22.4_2,2023,11,0,0
AUT.2.6.22.5_2,2023,11,0,0
AUT.2.6.22.6_2,2023,11,0,0
AUT.2.6.23.1_2,2023,11,0,0
AUT.2.6.23.2_2,2023,11,0,0
AUT.2.6.23.3_2,2023,11,0,0
AUT.2.6.24.1_2,2023,11,0,0
AUT.2.6.24.2_2,2023,11,0,0
AUT.2.6.24.3_2,2023,11,0,0
AUT.2.6.24.4_2,2023,11,0,0
AUT.2.6.25.1_2,2023,11,0,0
AUT.2.6.25.2_2,2023,11,0,0
AUT.2.6.25.3_2,2023,11,0,0
AUT.2.6.26.1_2,2023,11,0,0
AUT.2.6.26.2_2,2023,11,0,0
AUT.2.6.27.1_2,2023,11,0,0
AUT.2.6.27.2_2,2023,11,0,0
AUT.2.6.27.3_2,2023,11,0,0
AUT.2.6.27.4_2,2023,11,0,0
AUT.2.6.27.5_2,2023,11,0,0
AUT.2.6.28.1_2,2023,11,0,0
AUT.2.6.28.2_2,2023,11,0,0
AUT.2.6.28.3_2,2023,11,0,0
AUT.2.6.29.1_2,2023,11,0,0
AUT.2.6.29.2_2,2023,11,0,0
AUT.2.6.29.3_2,2023,11,0,0
AUT.2.6.29.4_2,2023,11,0,0
AUT.2.6.3.1_2,2023,11,0,0
AUT.2.6.3.2_2,2023,11,0,0
AUT.2.6.3.3_2,2023,11,0,0
AUT.2.6.30.1_2,2023,11,0,0
AUT.2.6.30.2_2,2023,11,0,0
AUT.2.6.30.3_2,2023,11,0,0
AUT.2.6.30.4_2,2023,11,0,0
AUT.2.6.30.5_2,2023,11,0,0
AUT.2.6.30.6_2,2023,11,0,0
AUT.2.6.30.7_2,2023,11,0,0
AUT.2.6.31.1_2,2023,11,0,0
AUT.2.6.31.2_2,2023,11,0,0
AUT.2.6.31.3_2,2023,11,0,0
AUT.2.6.32.1_2,2023,11,0,0
AUT.2.6.33.1_2,2023,11,0,0
AUT.2.6.33.2_2,2023,11,0,0
AUT.2.6.4.1_2,2023,11,0,0
AUT.2.6.4.2_2,2023,11,0,0
AUT.2.6.4.3_2,2023,11,0,0
AUT.2.6.4.4_2,2023,11,0,0
AUT.2.6.4.5_2,2023,11,0,0
AUT.2.6.5.1_2,2023,11,0,0
AUT.2.6.5.2_2,2023,11,0,0
AUT.2.6.6.1_2,2023,11,0,0
AUT.2.6.6.2_2,2023,11,0,0
AUT.2.6.6.3_2,2023,11,0,0
AUT.2.6.7.1_2,2023,11,0,0
AUT.2.6.7.2_2,2023,11,0,0
AUT.2.6.7.3_2,2023,11,0,0
AUT.2.6.8.1_2,2023,11,0,0
AUT.2.6.8.2_2,2023,11,0,0
AUT.2.6.8.3_2,2023,11,0,0
AUT.2.6.8.4_2,2023,11,0,0
AUT.2.6.8.5_2,2023,11,0,0
AUT.2.6.9.1_2,2023,11,0,0
AUT.2.6.9.2_2,2023,11,0,0
AUT.2.6.9.3_2,2023,11,0,0
AUT.2.7.1.1_2,2023,11,0,0
AUT.2.7.1.2_2,2023,11,0,0
AUT.2.7.10.1_2,2023,11,0,0
AUT.2.7.10.2_2,2023,11,0,0
AUT.2.7.11.1_2,2023,11,0,0
AUT.2.7.11.2_2,2023,11,0,0
AUT.2.7.11.3_2,2023,11,0,0
AUT.2.7.12.1_2,2023,11,0,0
AUT.2.7.12.2_2,2023,11,0,0
AUT.2.7.12.3_2,2023,11,0,0
AUT.2.7.12.4_2,2023,11,0,0
AUT.2.7.12.5_2,2023,11,0,0
AUT.2.7.12.6_2,2023,11,0,0
AUT.2.7.13.1_2,2023,11,0,0
AUT.2.7.13.2_2,2023,11,0,0
AUT.2.7.13.3_2,2023,11,0,0
AUT.2.7.14.1_2,2023,11,0,0
AUT.2.7.14.2_2,2023,11,0,0
AUT.2.7.14.3_2,2023,11,0,0
AUT.2.7.14.4_2,2023,11,0,0
AUT.2.7.14.5_2,2023,11,0,0
AUT.2.7.14.6_2,2023,11,0,0
AUT.2.7.15.1_2,2023,11,0,0
AUT.2.7.15.2_2,2023,11,0,0
AUT.2.7.15.3_2,2023,11,0,0
AUT.2.7.15.4_2,2023,11,0,0
AUT.2.7.16.1_2,2023,11,0,0
AUT.2.7.16.2_2,2023,11,0,0
AUT.2.7.16.3_2,2023,11,0,0
AUT.2.7.16.4_2,2023,11,0,0
AUT.2.7.16.5_2,2023,11,0,0
AUT.2.7.16.6_2,2023,11,0,0
AUT.2.7.16.7_2,2023,11,0,0
AUT.2.7.17.1_2,2023,11,0,0
AUT.2.7.17.2_2,2023,11,0,0
AUT.2.7.17.3_2,2023,11,0,0
AUT.2.7.17.4_2,2023,11,0,0
AUT.2.7.17.5_2,2023,11,0,0
AUT.2.7.17.6_2,2023,11,0,0
AUT.2.7.17.7_2,2023,11,0,0
AUT.2.7.17.8_2,2023,11,0,0
AUT.2.7.18.1_2,2023,11,0,0
AUT.2.7.18.2_2,2023,11,0,0
AUT.2.7.18.3_2,2023,11,0,0
AUT.2.7.18.4_2,2023,11,0,0
AUT.2.7.19.1_2,2023,11,0,0
AUT.2.7.19.2_2,2023,11,0,0
AUT.2.7.19.3_2,2023,11,0,0
AUT.2.7.19.4_2,2023,11,0,0
AUT.2.7.19.5_2,2023,11,0,0
AUT.2.7.2.1_2,2023,11,0,0
AUT.2.7.2.2_2,2023,11,0,0
AUT.2.7.2.3_2,2023,11,0,0
AUT.2.7.2.4_2,2023,11,0,0
AUT.2.7.2.5_2,2023,11,0,0
AUT.2.7.2.6_2,2023,11,0,0
AUT.2.7.3.1_2,2023,11,0,0
AUT.2.7.3.2_2,2023,11,0,0
AUT.2.7.3.3_2,2023,11,0,0
AUT.2.7.3.4_2,2023,11,0,0
AUT.2.7.4.1_2,2023,11,0,0
AUT.2.7.4.2_2,2023,11,0,0
AUT.2.7.5.1_2,2023,11,0,0
AUT.2.7.6.1_2,2023,11,0,0
AUT.2.7.7.1_2,2023,11,0,0
AUT.2.7.7.2_2,2023,11,0,0
AUT.2.7.8.1_2,2023,11,0,0
AUT.2.7.8.2_2,2023,11,0,0
AUT.2.7.8.3_2,2023,11,0,0
AUT.2.7.8.4_2,2023,11,0,0
AUT.2.7.8.5_2,2023,11,0,0
AUT.2.7.8.6_2,2023,11,0,0
AUT.2.7.8.7_2,2023,11,0,0
AUT.2.7.8.8_2,2023,11,0,0
AUT.2.7.8.9_2,2023,11,0,0
AUT.2.7.9.1_2,2023,11,0,0
AUT.2.7.9.2_2,2023,11,0,0
AUT.2.7.9.3_2,2023,11,0,0
AUT.2.8.1.1_2,2023,11,0,0
AUT.2.8.1.10_2,2023,11,0,0
AUT.2.8.1.11_2,2023,11,0,0
AUT.2.8.1.12_2,2023,11,0,0
AUT.2.8.1.13_2,2023,11,0,0
AUT.2.8.1.14_2,2023,11,0,0
AUT.2.8.1.15_2,2023,11,0,0
AUT.2.8.1.16_2,2023,11,0,0
AUT.2.8.1.17_2,2023,11,0,0
AUT.2.8.1.2_2,2023,11,0,0
AUT.2.8.1.3_2,2023,11,0,0
AUT.2.8.1.4_2,2023,11,0,0
AUT.2.8.1.5_2,2023,11,0,0
AUT.2.8.1.6_2,2023,11,0,0
AUT.2.8.1.7_2,2023,11,0,0
AUT.2.8.1.8_2,2023,11,0,0
AUT.2.8.1.9_2,2023,11,0,0
AUT.2.9.1.1_2,2023,11,0,0
AUT.2.9.1.10_2,2023,11,0,0
AUT.2.9.1.11_2,2023,11,0,0
AUT.2.9.1.12_2,2023,11,0,0
AUT.2.9.1.2_2,2023,11,0,0
AUT.2.9.1.3_2,2023,11,0,0
AUT.2.9.1.4_2,2023,11,0,0
AUT.2.9.1.5_2,2023,11,0,0
AUT.2.9.1.6_2,2023,11,0,0
AUT.2.9.1.7_2,2023,11,0,0
AUT.2.9.1.8_2,2023,11,0,0
AUT.2.9.1.9_2,2023,11,0,0
AUT.2.9.10.1_2,2023,11,0,0
AUT.2.9.10.2_2,2023,11,0,0
AUT.2.9.10.3_2,2023,11,0,0
AUT.2.9.10.4_2,2023,11,0,0
AUT.2.9.11.1_2,2023,11,0,0
AUT.2.9.11.2_2,2023,11,0,0
AUT.2.9.11.3_2,2023,11,0,0
AUT.2.9.11.4_2,2023,11,0,0
AUT.2.9.11.5_2,2023,11,0,0
AUT.2.9.11.6_2,2023,11,0,0
AUT.2.9.11.7_2,2023,11,0,0
AUT.2.9.12.1_2,2023,11,0,0
AUT.2.9.12.2_2,2023,11,0,0
AUT.2.9.12.3_2,2023,11,0,0
AUT.2.9.12.4_2,2023,11,0,0
AUT.2.9.12.5_2,2023,11,0,0
AUT.2.9.12.6_2,2023,11,0,0
AUT.2.9.13.1_2,2023,11,0,0
AUT.2.9.13.10_2,2023,11,0,0
AUT.2.9.13.11_2,2023,11,0,0
AUT.2.9.13.12_2,2023,11,0,0
AUT.2.9.13.13_2,2023,11,0,0
AUT.2.9.13.14_2,2023,11,0,0
AUT.2.9.13.15_2,2023,11,0,0
AUT.2.9.13.16_2,2023,11,0,0
AUT.2.9.13.17_2,2023,11,0,0
AUT.2.9.13.18_2,2023,11,0,0
AUT.2.9.13.19_2,2023,11,0,0
AUT.2.9.13.2_2,2023,11,0,0
AUT.2.9.13.20_2,2023,11,0,0
AUT.2.9.13.21_2,2023,11,0,0
AUT.2.9.13.22_2,2023,11,0,0
AUT.2.9.13.23_2,2023,11,0,0
AUT.2.9.13.24_2,2023,11,0,0
AUT.2.9.13.25_2,2023,11,0,0
AUT.2.9.13.26_2,2023,11,0,0
AUT.2.9.13.3_2,2023,11,0,0
AUT.2.9.13.4_2,2023,11,0,0
AUT.2.9.13.5_2,2023,11,0,0
AUT.2.9.13.6_2,2023,11,0,0
AUT.2.9.13.7_2,2023,11,0,0
AUT.2.9.13.8_2,2023,11,0,0
AUT.2.9.13.9_2,2023,11,0,0
AUT.2.9.2.1_2,2023,11,0,0
AUT.2.9.2.2_2,2023,11,0,0
AUT.2.9.2.3_2,2023,11,0,0
AUT.2.9.2.4_2,2023,11,0,0
AUT.2.9.3.1_2,2023,11,0,0
AUT.2.9.3.2_2,2023,11,0,0
AUT.2.9.3.3_2,2023,11,0,0
AUT.2.9.3.4_2,2023,11,0,0
AUT.2.9.3.5_2,2023,11,0,0
AUT.2.9.3.6_2,2023,11,0,0
AUT.2.9.3.7_2,2023,11,0,0
AUT.2.9.3.8_2,2023,11,0,0
AUT.2.9.4.1_2,2023,11,0,0
AUT.2.9.4.10_2,2023,11,0,0
AUT.2.9.4.11_2,2023,11,0,0
AUT.2.9.4.2_2,2023,11,0,0
AUT.2.9.4.3_2,2023,11,0,0
AUT.2.9.4.4_2,2023,11,0,0
AUT.2.9.4.5_2,2023,11,0,0
AUT.2.9.4.6_2,2023,11,0,0
AUT.2.9.4.7_2,2023,11,0,0
AUT.2.9.4.8_2,2023,11,0,0
AUT.2.9.4.9_2,2023,11,0,0
AUT.2.9.5.1_2,2023,11,0,0
AUT.2.9.5.2_2,2023,11,0,0
AUT.2.9.5.3_2,2023,11,0,0
AUT.2.9.5.4_2,2023,11,0,0
AUT.2.9.6.1_2,2023,11,0,0
AUT.2.9.6.2_2,2023,11,0,0
AUT.2.9.6.3_2,2023,11,0,0
AUT.2.9.6.4_2,2023,11,0,0
AUT.2.9.6.5_2,2023,11,0,0
AUT.2.9.6.6_2,2023,11,0,0
AUT.2.9.7.1_2,2023,11,0,0
AUT.2.9.7.2_2,2023,11,0,0
AUT.2.9.7.3_2,2023,11,0,0
AUT.2.9.7.4_2,2023,11,0,0
AUT.2.9.8.1_2,2023,11,0,0
AUT.2.9.8.2_2,2023,11,0,0
AUT.2.9.8.3_2,2023,11,0,0
AUT.2.9.8.4_2,2023,11,0,0
AUT.2.9.8.5_2,2023,11,0,0
AUT.2.9.8.6_2,2023,11,0,0
AUT.2.9.8.7_2,2023,11,0,0
AUT.2.9.8.8_2,2023,11,0,0
AUT.2.9.8.9_2,2023,11,0,0
AUT.2.9.9.1_2,2023,11,0,0
AUT.2.9.9.2_2,2023,11,0,0
AUT.2.9.9.3_2,2023,11,0,0
AUT.2.9.9.4_2,2023,11,0,0
AUT.2.9.9.5_2,2023,11,0,0
AUT.2.9.9.6_2,2023,11,0,0
AUT.2.9.9.7_2,2023,11,0,0
AUT.3.1.1.1_2,2023,11,0,0
AUT.3.1.1.2_2,2023,11,0,0
AUT.3.1.10.1_2,2023,11,0,0
AUT.3.1.10.2_2,2023,11,0,0
AUT.3.1.10.3_2,2023,11,0,0
AUT.3.1.11.1_2,2023,11,0,0
AUT.3.1.11.2_2,2023,11,0,0
AUT.3.1.12.1_2,2023,11,0,0
AUT.3.1.12.10_2,2023,11,0,0
AUT.3.1.12.11_2,2023,11,0,0
AUT.3.1.12.12_2,2023,11,0,0
AUT.3.1.12.2_2,2023,11,0,0
AUT.3.1.12.3_2,2023,11,0,0
AUT.3.1.12.4_2,2023,11,0,0
AUT.3.1.12.5_2,2023,11,0,0
AUT.3.1.12.6_2,2023,11,0,0
AUT.3.1.12.7_2,2023,11,0,0
AUT.3.1.12.8_2,2023,11,0,0
AUT.3.1.12.9_2,2023,11,0,0
AUT.3.1.13.1_2,2023,11,0,0
AUT.3.1.13.2_2,2023,11,0,0
AUT.3.1.13.3_2,2023,11,0,0
AUT.3.1.13.4_2,2023,11,0,0
AUT.3.1.13.5_2,2023,11,0,0
AUT.3.1.13.6_2,2023,11,0,0
AUT.3.1.14.1_2,2023,11,0,0
AUT.3.1.14.2_2,2023,11,0,0
AUT.3.1.14.3_2,2023,11,0,0
AUT.3.1.14.4_2,2023,11,0,0
AUT.3.1.14.5_2,2023,11,0,0
AUT.3.1.15.1_2,2023,11,0,0
AUT.3.1.15.2_2,2023,11,0,0
AUT.3.1.16.1_2,2023,11,0,0
AUT.3.1.16.2_2,2023,11,0,0
AUT.3.1.16.3_2,2023,11,0,0
AUT.3.1.16.4_2,2023,11,0,0
AUT.3.1.16.5_2,2023,11,0,0
AUT.3.1.16.6_2,2023,11,0,0
AUT.3.1.16.7_2,2023,11,0,0
AUT.3.1.17.1_2,2023,11,0,0
AUT.3.1.17.2_2,2023,11,0,0
AUT.3.1.17.3_2,2023,11,0,0
AUT.3.1.17.4_2,2023,11,0,0
AUT.3.1.17.5_2,2023,11,0,0
AUT.3.1.17.6_2,2023,11,0,0
AUT.3.1.17.7_2,2023,11,0,0
AUT.3.1.17.8_2,2023,11,0,0
AUT.3.1.18.1_2,2023,11,0,0
AUT.3.1.18.2_2,2023,11,0,0
AUT.3.1.19.1_2,2023,11,0,0
AUT.3.1.19.2_2,2023,11,0,0
AUT.3.1.19.3_2,2023,11,0,0
AUT.3.1.19.4_2,2023,11,0,0
AUT.3.1.2.1_2,2023,11,0,0
AUT.3.1.2.2_2,2023,11,0,0
AUT.3.1.2.3_2,2023,11,0,0
AUT.3.1.2.4_2,2023,11,0,0
AUT.3.1.2.5_2,2023,11,0,0
AUT.3.1.2.6_2,2023,11,0,0
AUT.3.1.2.7_2,2023,11,0,0
AUT.3.1.20.1_2,2023,11,0,0
AUT.3.1.20.2_2,2023,11,0,0
AUT.3.1.20.3_2,2023,11,0,0
AUT.3.1.20.4_2,2023,11,0,0
AUT.3.1.21.1_2,2023,11,0,0
AUT.3.1.21.2_2,2023,11,0,0
AUT.3.1.21.3_2,2023,11,0,0
AUT.3.1.21.4_2,2023,11,0,0
AUT.3.1.22.1_2,2023,11,0,0
AUT.3.1.22.2_2,2023,11,0,0
AUT.3.1.23.1_2,2023,11,0,0
AUT.3.1.23.2_2,2023,11,0,0
AUT.3.1.23.3_2,2023,11,0,0
AUT.3.1.23.4_2,2023,11,0,0
AUT.3.1.23.5_2,2023,11,0,0
AUT.3.1.23.6_2,2023,11,0,0
AUT.3.1.24.1_2,2023,11,0,0
AUT.3.1.24.2_2,2023,11,0,0
AUT.3.1.24.3_2,2023,11,0,0
AUT.3.1.24.4_2,2023,11,0,0
AUT.3.1.24.5_2,2023,11,0,0
AUT.3.1.24.6_2,2023,11,0,0
AUT.3.1.25.1_2,2023,11,0,0
AUT.3.1.25.2_2,2023,11,0,0
AUT.3.1.25.3_2,2023,11,0,0
AUT.3.1.25.4_2,2023,11,0,0
AUT.3.1.25.5_2,2023,11,0,0
AUT.3.1.25.6_2,2023,11,0,0
AUT.3.1.26.1_2,2023,11,0,0
AUT.3.1.26.2_2,2023,11,0,0
AUT.3.1.27.1_2,2023,11,0,0
AUT.3.1.27.2_2,2023,11,0,0
AUT.3.1.28.1_2,2023,11,0,0
AUT.3.1.28.2_2,2023,11,0,0
AUT.3.1.28.3_2,2023,11,0,0
AUT.3.1.29.1_2,2023,11,0,0
AUT.3.1.29.2_2,2023,11,0,0
AUT.3.1.29.3_2,2023,11,0,0
AUT.3.1.29.4_2,2023,11,0,0
AUT.3.1.3.1_2,2023,11,0,0
AUT.3.1.3.2_2,2023,11,0,0
AUT.3.1.3.3_2,2023,11,0,0
AUT.3.1.3.4_2,2023,11,0,0
AUT.3.1.30.1_2,2023,11,0,0
AUT.3.1.30.2_2,2023,11,0,0
AUT.3.1.30.3_2,2023,11,0,0
AUT.3.1.30.4_2,2023,11,0,0
AUT.3.1.30.5_2,2023,11,0,0
AUT.3.1.30.6_2,2023,11,0,0
AUT.3.1.31.1_2,2023,11,0,0
AUT.3.1.31.2_2,2023,11,0,0
AUT.3.1.32.1_2,2023,11,0,0
AUT.3.1.32.2_2,2023,11,0,0
AUT.3.1.32.3_2,2023,11,0,0
AUT.3.1.33.1_2,2023,11,0,0
AUT.3.1.33.2_2,2023,11,0,0
AUT.3.1.33.3_2,2023,11,0,0
AUT.3.1.33.4_2,2023,11,0,0
AUT.3.1.33.5_2,2023,11,0,0
AUT.3.1.33.6_2,2023,11,0,0
AUT.3.1.33.7_2,2023,11,0,0
AUT.3.1.33.8_2,2023,11,0,0
AUT.3.1.34.1_2,2023,11,0,0
AUT.3.1.4.1_2,2023,11,0,0
AUT.3.1.4.2_2,2023,11,0,0
AUT.3.1.4.3_2,2023,11,0,0
AUT.3.1.4.4_2,2023,11,0,0
AUT.3.1.4.5_2,2023,11,0,0
AUT.3.1.4.6_2,2023,11,0,0
AUT.3.1.5.1_2,2023,11,0,0
AUT.3.1.5.2_2,2023,11,0,0
AUT.3.1.5.3_2,2023,11,0,0
AUT.3.1.5.4_2,2023,11,0,0
AUT.3.1.6.1_2,2023,11,0,0
AUT.3.1.7.1_2,2023,11,0,0
AUT.3.1.8.1_2,2023,11,0,0
AUT.3.1.8.2_2,2023,11,0,0
AUT.3.1.9.1_2,2023,11,0,0
AUT.3.10.1.1_2,2023,11,0,0
AUT.3.10.1.2_2,2023,11,0,0
AUT.3.10.1.3_2,2023,11,0,0
AUT.3.10.1.4_2,2023,11,0,0
AUT.3.10.10.1_2,2023,11,0,0
AUT.3.10.10.2_2,2023,11,0,0
AUT.3.10.11.1_2,2023,11,0,0
AUT.3.10.11.2_2,2023,11,0,0
AUT.3.10.11.3_2,2023,11,0,0
AUT.3.10.11.4_2,2023,11,0,0
AUT.3.10.11.5_2,2023,11,0,0
AUT.3.10.12.1_2,2023,11,0,0
AUT.3.10.12.2_2,2023,11,0,0
AUT.3.10.12.3_2,2023,11,0,0
AUT.3.10.12.4_2,2023,11,0,0
AUT.3.10.12.5_2,2023,11,0,0
AUT.3.10.12.6_2,2023,11,0,0
AUT.3.10.12.7_2,2023,11,0,0
AUT.3.10.13.1_2,2023,11,0,0
AUT.3.10.13.2_2,2023,11,0,0
AUT.3.10.13.3_2,2023,11,0,0
AUT.3.10.13.4_2,2023,11,0,0
AUT.3.10.13.5_2,2023,11,0,0
AUT.3.10.13.6_2,2023,11,0,0
AUT.3.10.13.7_2,2023,11,0,0
AUT.3.10.13.8_2,2023,11,0,0
AUT.3.10.14.1_2,2023,11,0,0
AUT.3.10.15.1_2,2023,11,0,0
AUT.3.10.15.10_2,2023,11,0,0
AUT.3.10.15.11_2,2023,11,0,0
AUT.3.10.15.12_2,2023,11,0,0
AUT.3.10.15.13_2,2023,11,0,0
AUT.3.10.15.14_2,2023,11,0,0
AUT.3.10.15.15_2,2023,11,0,0
AUT.3.10.15.16_2,2023,11,0,0
AUT.3.10.15.17_2,2023,11,0,0
AUT.3.10.15.18_2,2023,11,0,0
AUT.3.10.15.2_2,2023,11,0,0
AUT.3.10.15.3_2,2023,11,0,0
AUT.3.10.15.4_2,2023,11,0,0
AUT.3.10.15.5_2,2023,11,0,0
AUT.3.10.15.6_2,2023,11,0,0
AUT.3.10.15.7_2,2023,11,0,0
AUT.3.10.15.8_2,2023,11,0,0
AUT.3.10.15.9_2,2023,11,0,0
AUT.3.10.16.1_2,2023,11,0,0
AUT.3.10.16.10_2,2023,11,0,0
AUT.3.10.16.11_2,2023,11,0,0
AUT.3.10.16.12_2,2023,11,0,0
AUT.3.10.16.13_2,2023,11,0,0
AUT.3.10.16.14_2,2023,11,0,0
AUT.3.10.16.15_2,2023,11,0,0
AUT.3.10.16.16_2,2023,11,0,0
AUT.3.10.16.17_2,2023,11,0,0
AUT.3.10.16.18_2,2023,11,0,0
AUT.3.10.16.19_2,2023,11,0,0
AUT.3.10.16.2_2,2023,11,0,0
AUT.3.10.16.20_2,2023,11,0,0
AUT.3.10.16.3_2,2023,11,0,0
AUT.3.10.16.4_2,2023,11,0,0
AUT.3.10.16.5_2,2023,11,0,0
AUT.3.10.16.6_2,2023,11,0,0
AUT.3.10.16.7_2,2023,11,0,0
AUT.3.10.16.8_2,2023,11,0,0
AUT.3.10.16.9_2,2023,11,0,0
AUT.3.10.17.1_2,2023,11,0,0
AUT.3.10.17.2_2,2023,11,0,0
AUT.3.10.17.3_2,2023,11,0,0
AUT.3.10.18.1_2,2023,11,0,0
AUT.3.10.18.2_2,2023,11,0,0
AUT.3.10.18.3_2,2023,11,0,0
AUT.3.10.18.4_2,2023,11,0,0
AUT.3.10.18.5_2,2023,11,0,0
AUT.3.10.18.6_2,2023,11,0,0
AUT.3.10.18.7_2,2023,11,0,0
AUT.3.10.18.8_2,2023,11,0,0
AUT.3.10.18.9_2,2023,11,0,0
AUT.3.10.19.1_2,2023,11,0,0
AUT.3.10.19.2_2,2023,11,0,0
AUT.3.10.19.3_2,2023,11,0,0
AUT.3.10.19.4_2,2023,11,0,0
AUT.3.10.19.5_2,2023,11,0,0
AUT.3.10.19.6_2,2023,11,0,0
AUT.3.10.19.7_2,2023,11,0,0
AUT.3.10.2.1_2,2023,11,0,0
AUT.3.10.2.10_2,2023,11,0,0
AUT.3.10.2.2_2,2023,11,0,0
AUT.3.10.2.3_2,2023,11,0,0
AUT.3.10.2.4_2,2023,11,0,0
AUT.3.10.2.5_2,2023,11,0,0
AUT.3.10.2.6_2,2023,11,0,0
AUT.3.10.2.7_2,2023,11,0,0
AUT.3.10.2.8_2,2023,11,0,0
AUT.3.10.2.9_2,2023,11,0,0
AUT.3.10.20.1_2,2023,11,0,0
AUT.3.10.20.2_2,2023,11,0,0
AUT.3.10.20.3_2,2023,11,0,0
AUT.3.10.20.4_2,2023,11,0,0
AUT.3.10.20.5_2,2023,11,0,0
AUT.3.10.20.6_2,2023,11,0,0
AUT.3.10.20.7_2,2023,11,0,0
AUT.3.10.20.8_2,2023,11,0,0
AUT.3.10.21.1_2,2023,11,0,0
AUT.3.10.21.2_2,2023,11,0,0
AUT.3.10.21.3_2,2023,11,0,0
AUT.3.10.22.1_2,2023,11,0,0
AUT.3.10.22.2_2,2023,11,0,0
AUT.3.10.22.3_2,2023,11,0,0
AUT.3.10.22.4_2,2023,11,0,0
AUT.3.10.23.1_2,2023,11,0,0
AUT.3.10.23.2_2,2023,11,0,0
AUT.3.10.23.3_2,2023,11,0,0
AUT.3.10.23.4_2,2023,11,0,0
AUT.3.10.23.5_2,2023,11,0,0
AUT.3.10.24.1_2,2023,11,0,0
AUT.3.10.24.2_2,2023,11,0,0
AUT.3.10.24.3_2,2023,11,0,0
AUT.3.10.24.4_2,2023,11,0,0
AUT.3.10.24.5_2,2023,11,0,0
AUT.3.10.25.1_2,2023,11,0,0
AUT.3.10.26.1_2,2023,11,0,0
AUT.3.10.26.10_2,2023,11,0,0
AUT.3.10.26.11_2,2023,11,0,0
AUT.3.10.26.12_2,2023,11,0,0
AUT.3.10.26.13_2,2023,11,0,0
AUT.3.10.26.2_2,2023,11,0,0
AUT.3.10.26.3_2,2023,11,0,0
AUT.3.10.26.4_2,2023,11,0,0
AUT.3.10.26.5_2,2023,11,0,0
AUT.3.10.26.6_2,2023,11,0,0
AUT.3.10.26.7_2,2023,11,0,0
AUT.3.10.26.8_2,2023,11,0,0
AUT.3.10.26.9_2,2023,11,0,0
AUT.3.10.27.1_2,2023,11,0,0
AUT.3.10.27.2_2,2023,11,0,0
AUT.3.10.27.3_2,2023,11,0,0
AUT.3.10.27.4_2,2023,11,0,0
AUT.3.10.27.5_2,2023,11,0,0
AUT.3.10.27.6_2,2023,11,0,0
AUT.3.10.28.1_2,2023,11,0,0
AUT.3.10.28.2_2,2023,11,0,0
AUT.3.10.28.3_2,2023,11,0,0
AUT.3.10.28.4_2,2023,11,0,0
AUT.3.10.29.1_2,2023,11,0,0
AUT.3.10.29.10_2,2023,11,0,0
AUT.3.10.29.11_2,2023,11,0,0
AUT.3.10.29.12_2,2023,11,0,0
AUT.3.10.29.2_2,2023,11,0,0
AUT.3.10.29.3_2,2023,11,0,0
AUT.3.10.29.4_2,2023,11,0,0
AUT.3.10.29.5_2,2023,11,0,0
AUT.3.10.29.6_2,2023,11,0,0
AUT.3.10.29.7_2,2023,11,0,0
AUT.3.10.29.8_2,2023,11,0,0
AUT.3.10.29.9_2,2023,11,0,0
AUT.3.10.3.1_2,2023,11,0,0
AUT.3.10.3.2_2,2023,11,0,0
AUT.3.10.3.3_2,2023,11,0,0
AUT.3.10.3.4_2,2023,11,0,0
AUT.3.10.3.5_2,2023,11,0,0
AUT.3.10.3.6_2,2023,11,0,0
AUT.3.10.3.7_2,2023,11,0,0
AUT.3.10.3.8_2,2023,11,0,0
AUT.3.10.30.1_2,2023,11,0,0
AUT.3.10.30.2_2,2023,11,0,0
AUT.3.10.30.3_2,2023,11,0,0
AUT.3.10.30.4_2,2023,11,0,0
AUT.3.10.4.1_2,2023,11,0,0
AUT.3.10.4.2_2,2023,11,0,0
AUT.3.10.5.1_2,2023,11,0,0
AUT.3.10.5.2_2,2023,11,0,0
AUT.3.10.5.3_2,2023,11,0,0
AUT.3.10.6.1_2,2023,11,0,0
AUT.3.10.6.2_2,2023,11,0,0
AUT.3.10.6.3_2,2023,11,0,0
AUT.3.10.6.4_2,2023,11,0,0
AUT.3.10.6.5_2,2023,11,0,0
AUT.3.10.6.6_2,2023,11,0,0
AUT.3.10.7.1_2,2023,11,0,0
AUT.3.10.7.2_2,2023,11,0,0
AUT.3.10.7.3_2,2023,11,0,0
AUT.3.10.7.4_2,2023,11,0,0
AUT.3.10.7.5_2,2023,11,0,0
AUT.3.10.7.6_2,2023,11,0,0
AUT.3.10.7.7_2,2023,11,0,0
AUT.3.10.8.1_2,2023,11,0,0
AUT.3.10.8.10_2,2023,11,0,0
AUT.3.10.8.11_2,2023,11,0,0
AUT.3.10.8.12_2,2023,11,0,0
AUT.3.10.8.13_2,2023,11,0,0
AUT.3.10.8.14_2,2023,11,0,0
AUT.3.10.8.15_2,2023,11,0,0
AUT.3.10.8.16_2,2023,11,0,0
AUT.3.10.8.17_2,2023,11,0,0
AUT.3.10.8.18_2,2023,11,0,0
AUT.3.10.8.2_2,2023,11,0,0
AUT.3.10.8.3_2,2023,11,0,0
AUT.3.10.8.4_2,2023,11,0,0
AUT.3.10.8.5_2,2023,11,0,0
AUT.3.10.8.6_2,2023,11,0,0
AUT.3.10.8.7_2,2023,11,0,0
AUT.3.10.8.8_2,2023,11,0,0
AUT.3.10.8.9_2,2023,11,0,0
AUT.3.10.9.1_2,2023,11,0,0
AUT.3.10.9.2_2,2023,11,0,0
AUT.3.10.9.3_2,2023,11,0,0
AUT.3.10.9.4_2,2023,11,0,0
AUT.3.10.9.5_2,2023,11,0,0
AUT.3.10.9.6_2,2023,11,0,0
AUT.3.10.9.7_2,2023,11,0,0
AUT.3.10.9.8_2,2023,11,0,0
AUT.3.11.1.1_2,2023,11,0,0
AUT.3.11.1.2_2,2023,11,0,0
AUT.3.11.1.3_2,2023,11,0,0
AUT.3.11.1.4_2,2023,11,0,0
AUT.3.11.10.1_2,2023,11,0,0
AUT.3.11.10.2_2,2023,11,0,0
AUT.3.11.10.3_2,2023,11,0,0
AUT.3.11.10.4_2,2023,11,0,0
AUT.3.11.10.5_2,2023,11,0,0
AUT.3.11.11.1_2,2023,11,0,0
AUT.3.11.11.2_2,2023,11,0,0
AUT.3.11.11.3_2,2023,11,0,0
AUT.3.11.11.4_2,2023,11,0,0
AUT.3.11.11.5_2,2023,11,0,0
AUT.3.11.11.6_2,2023,11,0,0
AUT.3.11.11.7_2,2023,11,0,0
AUT.3.11.12.1_2,2023,11,0,0
AUT.3.11.12.10_2,2023,11,0,0
AUT.3.11.12.11_2,2023,11,0,0
AUT.3.11.12.12_2,2023,11,0,0
AUT.3.11.12.13_2,2023,11,0,0
AUT.3.11.12.14_2,2023,11,0,0
AUT.3.11.12.2_2,2023,11,0,0
AUT.3.11.12.3_2,2023,11,0,0
AUT.3.11.12.4_2,2023,11,0,0
AUT.3.11.12.5_2,2023,11,0,0
AUT.3.11.12.6_2,2023,11,0,0
AUT.3.11.12.7_2,2023,11,0,0
AUT.3.11.12.8_2,2023,11,0,0
AUT.3.11.12.9_2,2023,11,0,0
AUT.3.11.13.1_2,2023,11,0,0
AUT.3.11.14.1_2,2023,11,0,0
AUT.3.11.14.10_2,2023,11,0,0
AUT.3.11.14.11_2,2023,11,0,0
AUT.3.11.14.2_2,2023,11,0,0
AUT.3.11.14.3_2,2023,11,0,0
AUT.3.11.14.4_2,2023,11,0,0
AUT.3.11.14.5_2,2023,11,0,0
AUT.3.11.14.6_2,2023,11,0,0
AUT.3.11.14.7_2,2023,11,0,0
AUT.3.11.14.8_2,2023,11,0,0
AUT.3.11.14.9_2,2023,11,0,0
AUT.3.11.2.1_2,2023,11,0,0
AUT.3.11.2.2_2,2023,11,0,0
AUT.3.11.3.1_2,2023,11,0,0
AUT.3.11.3.2_2,2023,11,0,0
AUT.3.11.3.3_2,2023,11,0,0
AUT.3.11.3.4_2,2023,11,0,0
AUT.3.11.3.5_2,2023,11,0,0
AUT.3.11.3.6_2,2023,11,0,0
AUT.3.11.3.7_2,2023,11,0,0
AUT.3.11.3.8_2,2023,11,0,0
AUT.3.11.3.9_2,2023,11,0,0
AUT.3.11.4.1_2,2023,11,0,0
AUT.3.11.4.2_2,2023,11,0,0
AUT.3.11.5.1_2,2023,11,0,0
AUT.3.11.5.2_2,2023,11,0,0
AUT.3.11.5.3_2,2023,11,0,0
AUT.3.11.5.4_2,2023,11,0,0
AUT.3.11.5.5_2,2023,11,0,0
AUT.3.11.5.6_2,2023,11,0,0
AUT.3.11.6.1_2,2023,11,0,0
AUT.3.11.6.2_2,2023,11,0,0
AUT.3.11.6.3_2,2023,11,0,0
AUT.3.11.7.1_2,2023,11,0,0
AUT.3.11.7.2_2,2023,11,0,0
AUT.3.11.7.3_2,2023,11,0,0
AUT.3.11.7.4_2,2023,11,0,0
AUT.3.11.7.5_2,2023,11,0,0
AUT.3.11.7.6_2,2023,11,0,0
AUT.3.11.7.7_2,2023,11,0,0
AUT.3.11.7.8_2,2023,11,0,0
AUT.3.11.7.9_2,2023,11,0,0
AUT.3.11.8.1_2,2023,11,0,0
AUT.3.11.8.2_2,2023,11,0,0
AUT.3.11.9.1_2,2023,11,0,0
AUT.3.11.9.2_2,2023,11,0,0
AUT.3.11.9.3_2,2023,11,0,0
AUT.3.11.9.4_2,2023,11,0,0
AUT.3.11.9.5_2,2023,11,0,0
AUT.3.11.9.6_2,2023,11,0,0
AUT.3.11.9.7_2,2023,11,0,0
AUT.3.11.9.8_2,2023,11,0,0
AUT.3.11.9.9_2,2023,11,0,0
AUT.3.12.1.1_2,2023,11,0,0
AUT.3.12.1.10_2,2023,11,0,0
AUT.3.12.1.11_2,2023,11,0,0
AUT.3.12.1.12_2,2023,11,0,0
AUT.3.12.1.13_2,2023,11,0,0
AUT.3.12.1.14_2,2023,11,0,0
AUT.3.12.1.2_2,2023,11,0,0
AUT.3.12.1.3_2,2023,11,0,0
AUT.3.12.1.4_2,2023,11,0,0
AUT.3.12.1.5_2,2023,11,0,0
AUT.3.12.1.6_2,2023,11,0,0
AUT.3.12.1.7_2,2023,11,0,0
AUT.3.12.1.8_2,2023,11,0,0
AUT.3.12.1.9_2,2023,11,0,0
AUT.3.12.10.1_2,2023,11,0,0
AUT.3.12.10.2_2,2023,11,0,0
AUT.3.12.10.3_2,2023,11,0,0
AUT.3.12.11.1_2,2023,11,0,0
AUT.3.12.11.10_2,2023,11,0,0
AUT.3.12.11.11_2,2023,11,0,0
AUT.3.12.11.12_2,2023,11,0,0
AUT.3.12.11.13_2,2023,11,0,0
AUT.3.12.11.14_2,2023,11,0,0
AUT.3.12.11.15_2,2023,11,0,0
AUT.3.12.11.16_2,2023,11,0,0
AUT.3.12.11.17_2,2023,11,0,0
AUT.3.12.11.18_2,2023,11,0,0
AUT.3.12.11.19_2,2023,11,0,0
AUT.3.12.11.2_2,2023,11,0,0
AUT.3.12.11.3_2,2023,11,0,0
AUT.3.12.11.4_2,2023,11,0,0
AUT.3.12.11.5_2,2023,11,0,0
AUT.3.12.11.6_2,2023,11,0,0
AUT.3.12.11.7_2,2023,11,0,0
AUT.3.12.11.8_2,2023,11,0,0
AUT.3.12.11.9_2,2023,11,0,0
AUT.3.12.12.1_2,2023,11,0,0
AUT.3.12.12.2_2,2023,11,0,0
AUT.3.12.12.3_2,2023,11,0,0
AUT.3.12.12.4_2,2023,11,0,0
AUT.3.12.12.5_2,2023,11,0,0
AUT.3.12.12.6_2,2023,11,0,0
AUT.3.12.12.7_2,2023,11,0,0
AUT.3.12.13.1_2,2023,11,0,0
AUT.3.12.13.2_2,2023,11,0,0
AUT.3.12.13.3_2,2023,11,0,0
AUT.3.12.14.1_2,2023,11,0,0
AUT.3.12.15.1_2,2023,11,0,0
AUT.3.12.15.2_2,2023,11,0,0
AUT.3.12.16.1_2,2023,11,0,0
AUT.3.12.16.2_2,2023,11,0,0
AUT.3.12.16.3_2,2023,11,0,0
AUT.3.12.16.4_2,2023,11,0,0
AUT.3.12.16.5_2,2023,11,0,0
AUT.3.12.16.6_2,2023,11,0,0
AUT.3.12.17.1_2,2023,11,0,0
AUT.3.12.17.2_2,2023,11,0,0
AUT.3.12.17.3_2,2023,11,0,0
AUT.3.12.17.4_2,2023,11,0,0
AUT.3.12.17.5_2,2023,11,0,0
AUT.3.12.18.1_2,2023,11,0,0
AUT.3.12.18.2_2,2023,11,0,0
AUT.3.12.18.3_2,2023,11,0,0
AUT.3.12.18.4_2,2023,11,0,0
AUT.3.12.18.5_2,2023,11,0,0
AUT.3.12.18.6_2,2023,11,0,0
AUT.3.12.19.1_2,2023,11,0,0
AUT.3.12.19.2_2,2023,11,0,0
AUT.3.12.19.3_2,2023,11,0,0
AUT.3.12.19.4_2,2023,11,0,0
AUT.3.12.2.1_2,2023,11,0,0
AUT.3.12.2.2_2,2023,11,0,0
AUT.3.12.2.3_2,2023,11,0,0
AUT.3.12.2.4_2,2023,11,0,0
AUT.3.12.2.5_2,2023,11,0,0
AUT.3.12.2.6_2,2023,11,0,0
AUT.3.12.20_2,2023,11,0,0
AUT.3.12.20.1_2,2023,11,0,0
AUT.3.12.20.2_2,2023,11,0,0
AUT.3.12.20.3_2,2023,11,0,0
AUT.3.12.20.4_2,2023,11,0,0
AUT.3.12.20.5_2,2023,11,0,0
AUT.3.12.20.6_2,2023,11,0,0
AUT.3.12.20.7_2,2023,11,0,0
AUT.3.12.21.1_2,2023,11,0,0
AUT.3.12.21.10_2,2023,11,0,0
AUT.3.12.21.2_2,2023,11,0,0
AUT.3.12.21.3_2,2023,11,0,0
AUT.3.12.21.4_2,2023,11,0,0
AUT.3.12.21.5_2,2023,11,0,0
AUT.3.12.21.6_2,2023,11,0,0
AUT.3.12.21.7_2,2023,11,0,0
AUT.3.12.21.8_2,2023,11,0,0
AUT.3.12.21.9_2,2023,11,0,0
AUT.3.12.22.1_2,2023,11,0,0
AUT.3.12.22.10_2,2023,11,0,0
AUT.3.12.22.2_2,2023,11,0,0
AUT.3.12.22.3_2,2023,11,0,0
AUT.3.12.22.4_2,2023,11,0,0
AUT.3.12.22.5_2,2023,11,0,0
AUT.3.12.22.6_2,2023,11,0,0
AUT.3.12.22.7_2,2023,11,0,0
AUT.3.12.22.8_2,2023,11,0,0
AUT.3.12.22.9_2,2023,11,0,0
AUT.3.12.23.1_2,2023,11,0,0
AUT.3.12.23.2_2,2023,11,0,0
AUT.3.12.24.1_2,2023,11,0,0
AUT.3.12.24.2_2,2023,11,0,0
AUT.3.12.24.3_2,2023,11,0,0
AUT.3.12.25.1_2,2023,11,0,0
AUT.3.12.25.2_2,2023,11,0,0
AUT.3.12.25.3_2,2023,11,0,0
AUT.3.12.26.1_2,2023,11,0,0
AUT.3.12.27.1_2,2023,11,0,0
AUT.3.12.27.2_2,2023,11,0,0
AUT.3.12.27.3_2,2023,11,0,0
AUT.3.12.27.4_2,2023,11,0,0
AUT.3.12.27.5_2,2023,11,0,0
AUT.3.12.27.6_2,2023,11,0,0
AUT.3.12.28.1_2,2023,11,0,0
AUT.3.12.28.10_2,2023,11,0,0
AUT.3.12.28.11_2,2023,11,0,0
AUT.3.12.28.12_2,2023,11,0,0
AUT.3.12.28.13_2,2023,11,0,0
AUT.3.12.28.14_2,2023,11,0,0
AUT.3.12.28.15_2,2023,11,0,0
AUT.3.12.28.16_2,2023,11,0,0
AUT.3.12.28.17_2,2023,11,0,0
AUT.3.12.28.18_2,2023,11,0,0
AUT.3.12.28.19_2,2023,11,0,0
AUT.3.12.28.2_2,2023,11,0,0
AUT.3.12.28.20_2,2023,11,0,0
AUT.3.12.28.21_2,2023,11,0,0
AUT.3.12.28.22_2,2023,11,0,0
AUT.3.12.28.23_2,2023,11,0,0
AUT.3.12.28.24_2,2023,11,0,0
AUT.3.12.28.25_2,2023,11,0,0
AUT.3.12.28.26_2,2023,11,0,0
AUT.3.12.28.27_2,2023,11,0,0
AUT.3.12.28.3_2,2023,11,0,0
AUT.3.12.28.4_2,2023,11,0,0
AUT.3.12.28.5_2,2023,11,0,0
AUT.3.12.28.6_2,2023,11,0,0
AUT.3.12.28.7_2,2023,11,0,0
AUT.3.12.28.8_2,2023,11,0,0
AUT.3.12.28.9_2,2023,11,0,0
AUT.3.12.29.1_2,2023,11,0,0
AUT.3.12.29.10_2,2023,11,0,0
AUT.3.12.29.11_2,2023,11,0,0
AUT.3.12.29.12_2,2023,11,0,0
AUT.3.12.29.13_2,2023,11,0,0
AUT.3.12.29.14_2,2023,11,0,0
AUT.3.12.29.15_2,2023,11,0,0
AUT.3.12.29.16_2,2023,11,0,0
AUT.3.12.29.17_2,2023,11,0,0
AUT.3.12.29.18_2,2023,11,0,0
AUT.3.12.29.19_2,2023,11,0,0
AUT.3.12.29.2_2,2023,11,0,0
AUT.3.12.29.20_2,2023,11,0,0
AUT.3.12.29.21_2,2023,11,0,0
AUT.3.12.29.22_2,2023,11,0,0
AUT.3.12.29.23_2,2023,11,0,0
AUT.3.12.29.3_2,2023,11,0,0
AUT.3.12.29.4_2,2023,11,0,0
AUT.3.12.29.5_2,2023,11,0,0
AUT.3.12.29.6_2,2023,11,0,0
AUT.3.12.29.7_2,2023,11,0,0
AUT.3.12.29.8_2,2023,11,0,0
AUT.3.12.29.9_2,2023,11,0,0
AUT.3.12.3.1_2,2023,11,0,0
AUT.3.12.30.1_2,2023,11,0,0
AUT.3.12.30.2_2,2023,11,0,0
AUT.3.12.30.3_2,2023,11,0,0
AUT.3.12.30.4_2,2023,11,0,0
AUT.3.12.30.5_2,2023,11,0,0
AUT.3.12.30.6_2,2023,11,0,0
AUT.3.12.31.1_2,2023,11,0,0
AUT.3.12.31.2_2,2023,11,0,0
AUT.3.12.31.3_2,2023,11,0,0
AUT.3.12.31.4_2,2023,11,0,0
AUT.3.12.32.1_2,2023,11,0,0
AUT.3.12.32.2_2,2023,11,0,0
AUT.3.12.33.1_2,2023,11,0,0
AUT.3.12.33.2_2,2023,11,0,0
AUT.3.12.33.3_2,2023,11,0,0
AUT.3.12.34.1_2,2023,11,0,0
AUT.3.12.34.2_2,2023,11,0,0
AUT.3.12.34.3_2,2023,11,0,0
AUT.3.12.34.4_2,2023,11,0,0
AUT.3.12.34.5_2,2023,11,0,0
AUT.3.12.35.1_2,2023,11,0,0
AUT.3.12.35.2_2,2023,11,0,0
AUT.3.12.35.3_2,2023,11,0,0
AUT.3.12.35.4_2,2023,11,0,0
AUT.3.12.35.5_2,2023,11,0,0
AUT.3.12.35.6_2,2023,11,0,0
AUT.3.12.36.1_2,2023,11,0,0
AUT.3.12.36.2_2,2023,11,0,0
AUT.3.12.36.3_2,2023,11,0,0
AUT.3.12.36.4_2,2023,11,0,0
AUT.3.12.36.5_2,2023,11,0,0
AUT.3.12.36.6_2,2023,11,0,0
AUT.3.12.36.7_2,2023,11,0,0
AUT.3.12.37.1_2,2023,11,0,0
AUT.3.12.37.10_2,2023,11,0,0
AUT.3.12.37.11_2,2023,11,0,0
AUT.3.12.37.12_2,2023,11,0,0
AUT.3.12.37.13_2,2023,11,0,0
AUT.3.12.37.2_2,2023,11,0,0
AUT.3.12.37.3_2,2023,11,0,0
AUT.3.12.37.4_2,2023,11,0,0
AUT.3.12.37.5_2,2023,11,0,0
AUT.3.12.37.6_2,2023,11,0,0
AUT.3.12.37.7_2,2023,11,0,0
AUT.3.12.37.8_2,2023,11,0,0
AUT.3.12.37.9_2,2023,11,0,0
AUT.3.12.38_2,2023,11,0,0
AUT.3.12.38.1_2,2023,11,0,0
AUT.3.12.38.2_2,2023,11,0,0
AUT.3.12.38.3_2,2023,11,0,0
AUT.3.12.38.4_2,2023,11,0,0
AUT.3.12.38.5_2,2023,11,0,0
AUT.3.12.39.1_2,2023,11,0,0
AUT.3.12.39.2_2,2023,11,0,0
AUT.3.12.39.3_2,2023,11,0,0
AUT.3.12.39.4_2,2023,11,0,0
AUT.3.12.4.1_2,2023,11,0,0
AUT.3.12.4.2_2,2023,11,0,0
AUT.3.12.4.3_2,2023,11,0,0
AUT.3.12.40.1_2,2023,11,0,0
AUT.3.12.40.2_2,2023,11,0,0
AUT.3.12.40.3_2,2023,11,0,0
AUT.3.12.40.4_2,2023,11,0,0
AUT.3.12.40.5_2,2023,11,0,0
AUT.3.12.5.1_2,2023,11,0,0
AUT.3.12.6.1_2,2023,11,0,0
AUT.3.12.6.10_2,2023,11,0,0
AUT.3.12.6.11_2,2023,11,0,0
AUT.3.12.6.12_2,2023,11,0,0
AUT.3.12.6.13_2,2023,11,0,0
AUT.3.12.6.14_2,2023,11,0,0
AUT.3.12.6.15_2,2023,11,0,0
AUT.3.12.6.16_2,2023,11,0,0
AUT.3.12.6.17_2,2023,11,0,0
AUT.3.12.6.18_2,2023,11,0,0
AUT.3.12.6.19_2,2023,11,0,0
AUT.3.12.6.2_2,2023,11,0,0
AUT.3.12.6.20_2,2023,11,0,0
AUT.3.12.6.21_2,2023,11,0,0
AUT.3.12.6.22_2,2023,11,0,0
AUT.3.12.6.23_2,2023,11,0,0
AUT.3.12.6.3_2,2023,11,0,0
AUT.3.12.6.4_2,2023,11,0,0
AUT.3.12.6.5_2,2023,11,0,0
AUT.3.12.6.6_2,2023,11,0,0
AUT.3.12.6.7_2,2023,11,0,0
AUT.3.12.6.8_2,2023,11,0,0
AUT.3.12.6.9_2,2023,11,0,0
AUT.3.12.7.1_2,2023,11,0,0
AUT.3.12.7.10_2,2023,11,0,0
AUT.3.12.7.11_2,2023,11,0,0
AUT.3.12.7.12_2,2023,11,0,0
AUT.3.12.7.2_2,2023,11,0,0
AUT.3.12.7.3_2,2023,11,0,0
AUT.3.12.7.4_2,2023,11,0,0
AUT.3.12.7.5_2,2023,11,0,0
AUT.3.12.7.6_2,2023,11,0,0
AUT.3.12.7.7_2,2023,11,0,0
AUT.3.12.7.8_2,2023,11,0,0
AUT.3.12.7.9_2,2023,11,0,0
AUT.3.12.8.1_2,2023,11,0,0
AUT.3.12.8.2_2,2023,11,0,0
AUT.3.12.8.3_2,2023,11,0,0
AUT.3.12.8.4_2,2023,11,0,0
AUT.3.12.9.1_2,2023,11,0,0
AUT.3.13.1.1_2,2023,11,0,0
AUT.3.13.10.1_2,2023,11,0,0
AUT.3.13.10.2_2,2023,11,0,0
AUT.3.13.10.3_2,2023,11,0,0
AUT.3.13.10.4_2,2023,11,0,0
AUT.3.13.10.5_2,2023,11,0,0
AUT.3.13.10.6_2,2023,11,0,0
AUT.3.13.10.7_2,2023,11,0,0
AUT.3.13.11.1_2,2023,11,0,0
AUT.3.13.11.2_2,2023,11,0,0
AUT.3.13.11.3_2,2023,11,0,0
AUT.3.13.11.4_2,2023,11,0,0
AUT.3.13.12.1_2,2023,11,0,0
AUT.3.13.13.1_2,2023,11,0,0
AUT.3.13.13.2_2,2023,11,0,0
AUT.3.13.13.3_2,2023,11,0,0
AUT.3.13.14.1_2,2023,11,0,0
AUT.3.13.14.2_2,2023,11,0,0
AUT.3.13.14.3_2,2023,11,0,0
AUT.3.13.14.4_2,2023,11,0,0
AUT.3.13.15.1_2,2023,11,0,0
AUT.3.13.16.1_2,2023,11,0,0
AUT.3.13.17.1_2,2023,11,0,0
AUT.3.13.17.2_2,2023,11,0,0
AUT.3.13.17.3_2,2023,11,0,0
AUT.3.13.18.1_2,2023,11,0,0
AUT.3.13.18.2_2,2023,11,0,0
AUT.3.13.18.3_2,2023,11,0,0
AUT.3.13.19.1_2,2023,11,0,0
AUT.3.13.19.2_2,2023,11,0,0
AUT.3.13.19.3_2,2023,11,0,0
AUT.3.13.2.1_2,2023,11,0,0
AUT.3.13.2.2_2,2023,11,0,0
AUT.3.13.2.3_2,2023,11,0,0
AUT.3.13.2.4_2,2023,11,0,0
AUT.3.13.2.5_2,2023,11,0,0
AUT.3.13.20.1_2,2023,11,0,0
AUT.3.13.20.10_2,2023,11,0,0
AUT.3.13.20.11_2,2023,11,0,0
AUT.3.13.20.2_2,2023,11,0,0
AUT.3.13.20.3_2,2023,11,0,0
AUT.3.13.20.4_2,2023,11,0,0
AUT.3.13.20.5_2,2023,11,0,0
AUT.3.13.20.6_2,2023,11,0,0
AUT.3.13.20.7_2,2023,11,0,0
AUT.3.13.20.8_2,2023,11,0,0
AUT.3.13.20.9_2,2023,11,0,0
AUT.3.13.21.1_2,2023,11,0,0
AUT.3.13.21.2_2,2023,11,0,0
AUT.3.13.21.3_2,2023,11,0,0
AUT.3.13.21.4_2,2023,11,0,0
AUT.3.13.21.5_2,2023,11,0,0
AUT.3.13.21.6_2,2023,11,0,0
AUT.3.13.21.7_2,2023,11,0,0
AUT.3.13.22.1_2,2023,11,0,0
AUT.3.13.22.10_2,2023,11,0,0
AUT.3.13.22.2_2,2023,11,0,0
AUT.3.13.22.3_2,2023,11,0,0
AUT.3.13.22.4_2,2023,11,0,0
AUT.3.13.22.5_2,2023,11,0,0
AUT.3.13.22.6_2,2023,11,0,0
AUT.3.13.22.7_2,2023,11,0,0
AUT.3.13.22.8_2,2023,11,0,0
AUT.3.13.22.9_2,2023,11,0,0
AUT.3.13.23.1_2,2023,11,0,0
AUT.3.13.23.2_2,2023,11,0,0
AUT.3.13.23.3_2,2023,11,0,0
AUT.3.13.23.4_2,2023,11,0,0
AUT.3.13.24.1_2,2023,11,0,0
AUT.3.13.24.2_2,2023,11,0,0
AUT.3.13.24.3_2,2023,11,0,0
AUT.3.13.24.4_2,2023,11,0,0
AUT.3.13.25.1_2,2023,11,0,0
AUT.3.13.25.2_2,2023,11,0,0
AUT.3.13.26.1_2,2023,11,0,0
AUT.3.13.26.2_2,2023,11,0,0
AUT.3.13.27.1_2,2023,11,0,0
AUT.3.13.27.10_2,2023,11,0,0
AUT.3.13.27.11_2,2023,11,0,0
AUT.3.13.27.12_2,2023,11,0,0
AUT.3.13.27.2_2,2023,11,0,0
AUT.3.13.27.3_2,2023,11,0,0
AUT.3.13.27.4_2,2023,11,0,0
AUT.3.13.27.5_2,2023,11,0,0
AUT.3.13.27.6_2,2023,11,0,0
AUT.3.13.27.7_2,2023,11,0,0
AUT.3.13.27.8_2,2023,11,0,0
AUT.3.13.27.9_2,2023,11,0,0
AUT.3.13.28.1_2,2023,11,0,0
AUT.3.13.29.1_2,2023,11,0,0
AUT.3.13.29.2_2,2023,11,0,0
AUT.3.13.29.3_2,2023,11,0,0
AUT.3.13.29.4_2,2023,11,0,0
AUT.3.13.29.5_2,2023,11,0,0
AUT.3.13.29.6_2,2023,11,0,0
AUT.3.13.3.1_2,2023,11,0,0
AUT.3.13.3.2_2,2023,11,0,0
AUT.3.13.3.3_2,2023,11,0,0
AUT.3.13.30.1_2,2023,11,0,0
AUT.3.13.30.2_2,2023,11,0,0
AUT.3.13.30.3_2,2023,11,0,0
AUT.3.13.30.4_2,2023,11,0,0
AUT.3.13.30.5_2,2023,11,0,0
AUT.3.13.30.6_2,2023,11,0,0
AUT.3.13.31.1_2,2023,11,0,0
AUT.3.13.32.1_2,2023,11,0,0
AUT.3.13.32.2_2,2023,11,0,0
AUT.3.13.32.3_2,2023,11,0,0
AUT.3.13.33.1_2,2023,11,0,0
AUT.3.13.34.1_2,2023,11,0,0
AUT.3.13.34.2_2,2023,11,0,0
AUT.3.13.34.3_2,2023,11,0,0
AUT.3.13.34.4_2,2023,11,0,0
AUT.3.13.34.5_2,2023,11,0,0
AUT.3.13.35.1_2,2023,11,0,0
AUT.3.13.35.2_2,2023,11,0,0
AUT.3.13.35.3_2,2023,11,0,0
AUT.3.13.35.4_2,2023,11,0,0
AUT.3.13.36.1_2,2023,11,0,0
AUT.3.13.36.2_2,2023,11,0,0
AUT.3.13.36.3_2,2023,11,0,0
AUT.3.13.36.4_2,2023,11,0,0
AUT.3.13.36.5_2,2023,11,0,0
AUT.3.13.4.1_2,2023,11,0,0
AUT.3.13.4.2_2,2023,11,0,0
AUT.3.13.5.1_2,2023,11,0,0
AUT.3.13.5.2_2,2023,11,0,0
AUT.3.13.5.3_2,2023,11,0,0
AUT.3.13.5.4_2,2023,11,0,0
AUT.3.13.6.1_2,2023,11,0,0
AUT.3.13.7.1_2,2023,11,0,0
AUT.3.13.7.2_2,2023,11,0,0
AUT.3.13.7.3_2,2023,11,0,0
AUT.3.13.7.4_2,2023,11,0,0
AUT.3.13.7.5_2,2023,11,0,0
AUT.3.13.8.1_2,2023,11,0,0
AUT.3.13.8.2_2,2023,11,0,0
AUT.3.13.8.3_2,2023,11,0,0
AUT.3.13.9.1_2,2023,11,0,0
AUT.3.13.9.2_2,2023,11,0,0
AUT.3.13.9.3_2,2023,11,0,0
AUT.3.13.9.4_2,2023,11,0,0
AUT.3.13.9.5_2,2023,11,0,0
AUT.3.13.9.6_2,2023,11,0,0
AUT.3.14.1.1_2,2023,11,0,0
AUT.3.14.10.1_2,2023,11,0,0
AUT.3.14.10.2_2,2023,11,0,0
AUT.3.14.10.3_2,2023,11,0,0
AUT.3.14.11.1_2,2023,11,0,0
AUT.3.14.12.1_2,2023,11,0,0
AUT.3.14.13.1_2,2023,11,0,0
AUT.3.14.14.1_2,2023,11,0,0
AUT.3.14.15.1_2,2023,11,0,0
AUT.3.14.16.1_2,2023,11,0,0
AUT.3.14.17.1_2,2023,11,0,0
AUT.3.14.18.1_2,2023,11,0,0
AUT.3.14.19.1_2,2023,11,0,0
AUT.3.14.2.1_2,2023,11,0,0
AUT.3.14.20.1_2,2023,11,0,0
AUT.3.14.20.2_2,2023,11,0,0
AUT.3.14.20.3_2,2023,11,0,0
AUT.3.14.20.4_2,2023,11,0,0
AUT.3.14.20.5_2,2023,11,0,0
AUT.3.14.3.1_2,2023,11,0,0
AUT.3.14.3.2_2,2023,11,0,0
AUT.3.14.4.1_2,2023,11,0,0
AUT.3.14.5.1_2,2023,11,0,0
AUT.3.14.5.2_2,2023,11,0,0
AUT.3.14.6.1_2,2023,11,0,0
AUT.3.14.7.1_2,2023,11,0,0
AUT.3.14.8.1_2,2023,11,0,0
AUT.3.14.9.1_2,2023,11,0,0
AUT.3.15.1.1_2,2023,11,0,0
AUT.3.15.1.2_2,2023,11,0,0
AUT.3.15.1.3_2,2023,11,0,0
AUT.3.15.1.4_2,2023,11,0,0
AUT.3.15.10.1_2,2023,11,0,0
AUT.3.15.10.2_2,2023,11,0,0
AUT.3.15.11.1_2,2023,11,0,0
AUT.3.15.11.10_2,2023,11,0,0
AUT.3.15.11.2_2,2023,11,0,0
AUT.3.15.11.3_2,2023,11,0,0
AUT.3.15.11.4_2,2023,11,0,0
AUT.3.15.11.5_2,2023,11,0,0
AUT.3.15.11.6_2,2023,11,0,0
AUT.3.15.11.7_2,2023,11,0,0
AUT.3.15.11.8_2,2023,11,0,0
AUT.3.15.11.9_2,2023,11,0,0
AUT.3.15.12.1_2,2023,11,0,0
AUT.3.15.12.2_2,2023,11,0,0
AUT.3.15.12.3_2,2023,11,0,0
AUT.3.15.12.4_2,2023,11,0,0
AUT.3.15.13.1_2,2023,11,0,0
AUT.3.15.13.2_2,2023,11,0,0
AUT.3.15.14.1_2,2023,11,0,0
AUT.3.15.14.2_2,2023,11,0,0
AUT.3.15.15.1_2,2023,11,0,0
AUT.3.15.15.2_2,2023,11,0,0
AUT.3.15.15.3_2,2023,11,0,0
AUT.3.15.16.1_2,2023,11,0,0
AUT.3.15.16.2_2,2023,11,0,0
AUT.3.15.16.3_2,2023,11,0,0
AUT.3.15.16.4_2,2023,11,0,0
AUT.3.15.16.5_2,2023,11,0,0
AUT.3.15.16.6_2,2023,11,0,0
AUT.3.15.17.1_2,2023,11,0,0
AUT.3.15.18.1_2,2023,11,0,0
AUT.3.15.18.2_2,2023,11,0,0
AUT.3.15.18.3_2,2023,11,0,0
AUT.3.15.19.1_2,2023,11,0,0
AUT.3.15.19.2_2,2023,11,0,0
AUT.3.15.19.3_2,2023,11,0,0
AUT.3.15.2.1_2,2023,11,0,0
AUT.3.15.20.1_2,2023,11,0,0
AUT.3.15.21.1_2,2023,11,0,0
AUT.3.15.21.2_2,2023,11,0,0
AUT.3.15.21.3_2,2023,11,0,0
AUT.3.15.21.4_2,2023,11,0,0
AUT.3.15.21.5_2,2023,11,0,0
AUT.3.15.22.1_2,2023,11,0,0
AUT.3.15.22.2_2,2023,11,0,0
AUT.3.15.22.3_2,2023,11,0,0
AUT.3.15.22.4_2,2023,11,0,0
AUT.3.15.23.1_2,2023,11,0,0
AUT.3.15.24.1_2,2023,11,0,0
AUT.3.15.24.2_2,2023,11,0,0
AUT.3.15.24.3_2,2023,11,0,0
AUT.3.15.25.1_2,2023,11,0,0
AUT.3.15.25.2_2,2023,11,0,0
AUT.3.15.25.3_2,2023,11,0,0
AUT.3.15.26.1_2,2023,11,0,0
AUT.3.15.26.2_2,2023,11,0,0
AUT.3.15.26.3_2,2023,11,0,0
AUT.3.15.26.4_2,2023,11,0,0
AUT.3.15.26.5_2,2023,11,0,0
AUT.3.15.26.6_2,2023,11,0,0
AUT.3.15.27.1_2,2023,11,0,0
AUT.3.15.28.1_2,2023,11,0,0
AUT.3.15.28.2_2,2023,11,0,0
AUT.3.15.28.3_2,2023,11,0,0
AUT.3.15.28.4_2,2023,11,0,0
AUT.3.15.29.1_2,2023,11,0,0
AUT.3.15.29.2_2,2023,11,0,0
AUT.3.15.29.3_2,2023,11,0,0
AUT.3.15.29.4_2,2023,11,0,0
AUT.3.15.3.1_2,2023,11,0,0
AUT.3.15.3.2_2,2023,11,0,0
AUT.3.15.3.3_2,2023,11,0,0
AUT.3.15.3.4_2,2023,11,0,0
AUT.3.15.30.1_2,2023,11,0,0
AUT.3.15.31.1_2,2023,11,0,0
AUT.3.15.32.1_2,2023,11,0,0
AUT.3.15.32.2_2,2023,11,0,0
AUT.3.15.33.1_2,2023,11,0,0
AUT.3.15.34.1_2,2023,11,0,0
AUT.3.15.34.2_2,2023,11,0,0
AUT.3.15.35.1_2,2023,11,0,0
AUT.3.15.36.1_2,2023,11,0,0
AUT.3.15.36.10_2,2023,11,0,0
AUT.3.15.36.2_2,2023,11,0,0
AUT.3.15.36.3_2,2023,11,0,0
AUT.3.15.36.4_2,2023,11,0,0
AUT.3.15.36.5_2,2023,11,0,0
AUT.3.15.36.6_2,2023,11,0,0
AUT.3.15.36.7_2,2023,11,0,0
AUT.3.15.36.8_2,2023,11,0,0
AUT.3.15.36.9_2,2023,11,0,0
AUT.3.15.37.1_2,2023,11,0,0
AUT.3.15.37.2_2,2023,11,0,0
AUT.3.15.38.1_2,2023,11,0,0
AUT.3.15.39.1_2,2023,11,0,0
AUT.3.15.39.2_2,2023,11,0,0
AUT.3.15.39.3_2,2023,11,0,0
AUT.3.15.39.4_2,2023,11,0,0
AUT.3.15.39.5_2,2023,11,0,0
AUT.3.15.39.6_2,2023,11,0,0
AUT.3.15.4.1_2,2023,11,0,0
AUT.3.15.40.1_2,2023,11,0,0
AUT.3.15.40.2_2,2023,11,0,0
AUT.3.15.40.3_2,2023,11,0,0
AUT.3.15.40.4_2,2023,11,0,0
AUT.3.15.40.5_2,2023,11,0,0
AUT.3.15.40.6_2,2023,11,0,0
AUT.3.15.41.1_2,2023,11,0,0
AUT.3.15.41.2_2,2023,11,0,0
AUT.3.15.41.3_2,2023,11,0,0
AUT.3.15.42.1_2,2023,11,0,0
AUT.3.15.43.1_2,2023,11,0,0
AUT.3.15.43.2_2,2023,11,0,0
AUT.3.15.43.3_2,2023,11,0,0
AUT.3.15.44.1_2,2023,11,0,0
AUT.3.15.5.1_2,2023,11,0,0
AUT.3.15.6.1_2,2023,11,0,0
AUT.3.15.6.2_2,2023,11,0,0
AUT.3.15.7.1_2,2023,11,0,0
AUT.3.15.8.1_2,2023,11,0,0
AUT.3.15.9.1_2,2023,11,0,0
AUT.3.15.9.2_2,2023,11,0,0
AUT.3.15.9.3_2,2023,11,0,0
AUT.3.15.9.4_2,2023,11,0,0
AUT.3.15.9.5_2,2023,11,0,0
AUT.3.15.9.6_2,2023,11,0,0
AUT.3.16.1.1_2,2023,11,0,0
AUT.3.16.10.1_2,2023,11,0,0
AUT.3.16.10.2_2,2023,11,0,0
AUT.3.16.10.3_2,2023,11,0,0
AUT.3.16.10.4_2,2023,11,0,0
AUT.3.16.11.1_2,2023,11,0,0
AUT.3.16.11.10_2,2023,11,0,0
AUT.3.16.11.11_2,2023,11,0,0
AUT.3.16.11.12_2,2023,11,0,0
AUT.3.16.11.13_2,2023,11,0,0
AUT.3.16.11.14_2,2023,11,0,0
AUT.3.16.11.2_2,2023,11,0,0
AUT.3.16.11.3_2,2023,11,0,0
AUT.3.16.11.4_2,2023,11,0,0
AUT.3.16.11.5_2,2023,11,0,0
AUT.3.16.11.6_2,2023,11,0,0
AUT.3.16.11.7_2,2023,11,0,0
AUT.3.16.11.8_2,2023,11,0,0
AUT.3.16.11.9_2,2023,11,0,0
AUT.3.16.12.1_2,2023,11,0,0
AUT.3.16.12.2_2,2023,11,0,0
AUT.3.16.12.3_2,2023,11,0,0
AUT.3.16.12.4_2,2023,11,0,0
AUT.3.16.12.5_2,2023,11,0,0
AUT.3.16.12.6_2,2023,11,0,0
AUT.3.16.12.7_2,2023,11,0,0
AUT.3.16.12.8_2,2023,11,0,0
AUT.3.16.13.1_2,2023,11,0,0
AUT.3.16.13.2_2,2023,11,0,0
AUT.3.16.13.3_2,2023,11,0,0
AUT.3.16.13.4_2,2023,11,0,0
AUT.3.16.13.5_2,2023,11,0,0
AUT.3.16.14.1_2,2023,11,0,0
AUT.3.16.14.2_2,2023,11,0,0
AUT.3.16.14.3_2,2023,11,0,0
AUT.3.16.14.4_2,2023,11,0,0
AUT.3.16.14.5_2,2023,11,0,0
AUT.3.16.14.6_2,2023,11,0,0
AUT.3.16.14.7_2,2023,11,0,0
AUT.3.16.14.8_2,2023,11,0,0
AUT.3.16.14.9_2,2023,11,0,0
AUT.3.16.15.1_2,2023,11,0,0
AUT.3.16.15.2_2,2023,11,0,0
AUT.3.16.15.3_2,2023,11,0,0
AUT.3.16.15.4_2,2023,11,0,0
AUT.3.16.15.5_2,2023,11,0,0
AUT.3.16.15.6_2,2023,11,0,0
AUT.3.16.15.7_2,2023,11,0,0
AUT.3.16.15.8_2,2023,11,0,0
AUT.3.16.16.1_2,2023,11,0,0
AUT.3.16.16.10_2,2023,11,0,0
AUT.3.16.16.11_2,2023,11,0,0
AUT.3.16.16.12_2,2023,11,0,0
AUT.3.16.16.13_2,2023,11,0,0
AUT.3.16.16.14_2,2023,11,0,0
AUT.3.16.16.15_2,2023,11,0,0
AUT.3.16.16.16_2,2023,11,0,0
AUT.3.16.16.17_2,2023,11,0,0
AUT.3.16.16.2_2,2023,11,0,0
AUT.3.16.16.3_2,2023,11,0,0
AUT.3.16.16.4_2,2023,11,0,0
AUT.3.16.16.5_2,2023,11,0,0
AUT.3.16.16.6_2,2023,11,0,0
AUT.3.16.16.7_2,2023,11,0,0
AUT.3.16.16.8_2,2023,11,0,0
AUT.3.16.16.9_2,2023,11,0,0
AUT.3.16.17.1_2,2023,11,0,0
AUT.3.16.18.1_2,2023,11,0,0
AUT.3.16.18.2_2,2023,11,0,0
AUT.3.16.18.3_2,2023,11,0,0
AUT.3.16.18.4_2,2023,11,0,0
AUT.3.16.18.5_2,2023,11,0,0
AUT.3.16.18.6_2,2023,11,0,0
AUT.3.16.18.7_2,2023,11,0,0
AUT.3.16.18.8_2,2023,11,0,0
AUT.3.16.19.1_2,2023,11,0,0
AUT.3.16.2.1_2,2023,11,0,0
AUT.3.16.2.10_2,2023,11,0,0
AUT.3.16.2.11_2,2023,11,0,0
AUT.3.16.2.12_2,2023,11,0,0
AUT.3.16.2.13_2,2023,11,0,0
AUT.3.16.2.14_2,2023,11,0,0
AUT.3.16.2.15_2,2023,11,0,0
AUT.3.16.2.16_2,2023,11,0,0
AUT.3.16.2.17_2,2023,11,0,0
AUT.3.16.2.2_2,2023,11,0,0
AUT.3.16.2.3_2,2023,11,0,0
AUT.3.16.2.4_2,2023,11,0,0
AUT.3.16.2.5_2,2023,11,0,0
AUT.3.16.2.6_2,2023,11,0,0
AUT.3.16.2.7_2,2023,11,0,0
AUT.3.16.2.8_2,2023,11,0,0
AUT.3.16.2.9_2,2023,11,0,0
AUT.3.16.20.1_2,2023,11,0,0
AUT.3.16.20.2_2,2023,11,0,0
AUT.3.16.20.3_2,2023,11,0,0
AUT.3.16.20.4_2,2023,11,0,0
AUT.3.16.21.1_2,2023,11,0,0
AUT.3.16.21.10_2,2023,11,0,0
AUT.3.16.21.2_2,2023,11,0,0
AUT.3.16.21.3_2,2023,11,0,0
AUT.3.16.21.4_2,2023,11,0,0
AUT.3.16.21.5_2,2023,11,0,0
AUT.3.16.21.6_2,2023,11,0,0
AUT.3.16.21.7_2,2023,11,0,0
AUT.3.16.21.8_2,2023,11,0,0
AUT.3.16.21.9_2,2023,11,0,0
AUT.3.16.22.1_2,2023,11,0,0
AUT.3.16.23.1_2,2023,11,0,0
AUT.3.16.23.2_2,2023,11,0,0
AUT.3.16.23.3_2,2023,11,0,0
AUT.3.16.24.1_2,2023,11,0,0
AUT.3.16.24.10_2,2023,11,0,0
AUT.3.16.24.11_2,2023,11,0,0
AUT.3.16.24.2_2,2023,11,0,0
AUT.3.16.24.3_2,2023,11,0,0
AUT.3.16.24.4_2,2023,11,0,0
AUT.3.16.24.5_2,2023,11,0,0
AUT.3.16.24.6_2,2023,11,0,0
AUT.3.16.24.7_2,2023,11,0,0
AUT.3.16.24.8_2,2023,11,0,0
AUT.3.16.24.9_2,2023,11,0,0
AUT.3.16.25.1_2,2023,11,0,0
AUT.3.16.25.10_2,2023,11,0,0
AUT.3.16.25.11_2,2023,11,0,0
AUT.3.16.25.12_2,2023,11,0,0
AUT.3.16.25.13_2,2023,11,0,0
AUT.3.16.25.14_2,2023,11,0,0
AUT.3.16.25.15_2,2023,11,0,0
AUT.3.16.25.2_2,2023,11,0,0
AUT.3.16.25.3_2,2023,11,0,0
AUT.3.16.25.4_2,2023,11,0,0
AUT.3.16.25.5_2,2023,11,0,0
AUT.3.16.25.6_2,2023,11,0,0
AUT.3.16.25.7_2,2023,11,0,0
AUT.3.16.25.8_2,2023,11,0,0
AUT.3.16.25.9_2,2023,11,0,0
AUT.3.16.26.1_2,2023,11,0,0
AUT.3.16.27_2,2023,11,0,0
AUT.3.16.27.1_2,2023,11,0,0
AUT.3.16.27.2_2,2023,11,0,0
AUT.3.16.27.3_2,2023,11,0,0
AUT.3.16.27.4_2,2023,11,0,0
AUT.3.16.27.5_2,2023,11,0,0
AUT.3.16.27.6_2,2023,11,0,0
AUT.3.16.28.1_2,2023,11,0,0
AUT.3.16.28.10_2,2023,11,0,0
AUT.3.16.28.11_2,2023,11,0,0
AUT.3.16.28.12_2,2023,11,0,0
AUT.3.16.28.13_2,2023,11,0,0
AUT.3.16.28.14_2,2023,11,0,0
AUT.3.16.28.15_2,2023,11,0,0
AUT.3.16.28.16_2,2023,11,0,0
AUT.3.16.28.17_2,2023,11,0,0
AUT.3.16.28.2_2,2023,11,0,0
AUT.3.16.28.3_2,2023,11,0,0
AUT.3.16.28.4_2,2023,11,0,0
AUT.3.16.28.5_2,2023,11,0,0
AUT.3.16.28.6_2,2023,11,0,0
AUT.3.16.28.7_2,2023,11,0,0
AUT.3.16.28.8_2,2023,11,0,0
AUT.3.16.28.9_2,2023,11,0,0
AUT.3.16.29.1_2,2023,11,0,0
AUT.3.16.29.10_2,2023,11,0,0
AUT.3.16.29.11_2,2023,11,0,0
AUT.3.16.29.12_2,2023,11,0,0
AUT.3.16.29.13_2,2023,11,0,0
AUT.3.16.29.14_2,2023,11,0,0
AUT.3.16.29.15_2,2023,11,0,0
AUT.3.16.29.16_2,2023,11,0,0
AUT.3.16.29.17_2,2023,11,0,0
AUT.3.16.29.18_2,2023,11,0,0
AUT.3.16.29.19_2,2023,11,0,0
AUT.3.16.29.2_2,2023,11,0,0
AUT.3.16.29.3_2,2023,11,0,0
AUT.3.16.29.4_2,2023,11,0,0
AUT.3.16.29.5_2,2023,11,0,0
AUT.3.16.29.6_2,2023,11,0,0
AUT.3.16.29.7_2,2023,11,0,0
AUT.3.16.29.8_2,2023,11,0,0
AUT.3.16.29.9_2,2023,11,0,0
AUT.3.16.3.1_2,2023,11,0,0
AUT.3.16.3.10_2,2023,11,0,0
AUT.3.16.3.11_2,2023,11,0,0
AUT.3.16.3.12_2,2023,11,0,0
AUT.3.16.3.13_2,2023,11,0,0
AUT.3.16.3.14_2,2023,11,0,0
AUT.3.16.3.15_2,2023,11,0,0
AUT.3.16.3.16_2,2023,11,0,0
AUT.3.16.3.17_2,2023,11,0,0
AUT.3.16.3.18_2,2023,11,0,0
AUT.3.16.3.19_2,2023,11,0,0
AUT.3.16.3.2_2,2023,11,0,0
AUT.3.16.3.20_2,2023,11,0,0
AUT.3.16.3.21_2,2023,11,0,0
AUT.3.16.3.3_2,2023,11,0,0
AUT.3.16.3.4_2,2023,11,0,0
AUT.3.16.3.5_2,2023,11,0,0
AUT.3.16.3.6_2,2023,11,0,0
AUT.3.16.3.7_2,2023,11,0,0
AUT.3.16.3.8_2,2023,11,0,0
AUT.3.16.3.9_2,2023,11,0,0
AUT.3.16.30.1_2,2023,11,0,0
AUT.3.16.30.10_2,2023,11,0,0
AUT.3.16.30.2_2,2023,11,0,0
AUT.3.16.30.3_2,2023,11,0,0
AUT.3.16.30.4_2,2023,11,0,0
AUT.3.16.30.5_2,2023,11,0,0
AUT.3.16.30.6_2,2023,11,0,0
AUT.3.16.30.7_2,2023,11,0,0
AUT.3.16.30.8_2,2023,11,0,0
AUT.3.16.30.9_2,2023,11,0,0
AUT.3.16.31.1_2,2023,11,0,0
AUT.3.16.31.2_2,2023,11,0,0
AUT.3.16.31.3_2,2023,11,0,0
AUT.3.16.31.4_2,2023,11,0,0
AUT.3.16.32.1_2,2023,11,0,0
AUT.3.16.32.2_2,2023,11,0,0
AUT.3.16.33.1_2,2023,11,0,0
AUT.3.16.34.1_2,2023,11,0,0
AUT.3.16.34.10_2,2023,11,0,0
AUT.3.16.34.11_2,2023,11,0,0
AUT.3.16.34.12_2,2023,11,0,0
AUT.3.16.34.13_2,2023,11,0,0
AUT.3.16.34.14_2,2023,11,0,0
AUT.3.16.34.15_2,2023,11,0,0
AUT.3.16.34.16_2,2023,11,0,0
AUT.3.16.34.17_2,2023,11,0,0
AUT.3.16.34.18_2,2023,11,0,0
AUT.3.16.34.19_2,2023,11,0,0
AUT.3.16.34.2_2,2023,11,0,0
AUT.3.16.34.20_2,2023,11,0,0
AUT.3.16.34.21_2,2023,11,0,0
AUT.3.16.34.22_2,2023,11,0,0
AUT.3.16.34.23_2,2023,11,0,0
AUT.3.16.34.24_2,2023,11,0,0
AUT.3.16.34.25_2,2023,11,0,0
AUT.3.16.34.26_2,2023,11,0,0
AUT.3.16.34.27_2,2023,11,0,0
AUT.3.16.34.28_2,2023,11,0,0
AUT.3.16.34.3_2,2023,11,0,0
AUT.3.16.34.4_2,2023,11,0,0
AUT.3.16.34.5_2,2023,11,0,0
AUT.3.16.34.6_2,2023,11,0,0
AUT.3.16.34.7_2,2023,11,0,0
AUT.3.16.34.8_2,2023,11,0,0
AUT.3.16.34.9_2,2023,11,0,0
AUT.3.16.35.1_2,2023,11,0,0
AUT.3.16.36.1_2,2023,11,0,0
AUT.3.16.36.10_2,2023,11,0,0
AUT.3.16.36.11_2,2023,11,0,0
AUT.3.16.36.12_2,2023,11,0,0
AUT.3.16.36.13_2,2023,11,0,0
AUT.3.16.36.2_2,2023,11,0,0
AUT.3.16.36.3_2,2023,11,0,0
AUT.3.16.36.4_2,2023,11,0,0
AUT.3.16.36.5_2,2023,11,0,0
AUT.3.16.36.6_2,2023,11,0,0
AUT.3.16.36.7_2,2023,11,0,0
AUT.3.16.36.8_2,2023,11,0,0
AUT.3.16.36.9_2,2023,11,0,0
AUT.3.16.37.1_2,2023,11,0,0
AUT.3.16.37.10_2,2023,11,0,0
AUT.3.16.37.2_2,2023,11,0,0
AUT.3.16.37.3_2,2023,11,0,0
AUT.3.16.37.4_2,2023,11,0,0
AUT.3.16.37.5_2,2023,11,0,0
AUT.3.16.37.6_2,2023,11,0,0
AUT.3.16.37.7_2,2023,11,0,0
AUT.3.16.37.8_2,2023,11,0,0
AUT.3.16.37.9_2,2023,11,0,0
AUT.3.16.38.1_2,2023,11,0,0
AUT.3.16.38.2_2,2023,11,0,0
AUT.3.16.38.3_2,2023,11,0,0
AUT.3.16.38.4_2,2023,11,0,0
AUT.3.16.38.5_2,2023,11,0,0
AUT.3.16.39.1_2,2023,11,0,0
AUT.3.16.4.1_2,2023,11,0,0
AUT.3.16.4.2_2,2023,11,0,0
AUT.3.16.4.3_2,2023,11,0,0
AUT.3.16.4.4_2,2023,11,0,0
AUT.3.16.4.5_2,2023,11,0,0
AUT.3.16.4.6_2,2023,11,0,0
AUT.3.16.4.7_2,2023,11,0,0
AUT.3.16.4.8_2,2023,11,0,0
AUT.3.16.4.9_2,2023,11,0,0
AUT.3.16.40.1_2,2023,11,0,0
AUT.3.16.40.2_2,2023,11,0,0
AUT.3.16.40.3_2,2023,11,0,0
AUT.3.16.40.4_2,2023,11,0,0
AUT.3.16.40.5_2,2023,11,0,0
AUT.3.16.40.6_2,2023,11,0,0
AUT.3.16.40.7_2,2023,11,0,0
AUT.3.16.40.8_2,2023,11,0,0
AUT.3.16.40.9_2,2023,11,0,0
AUT.3.16.41.1_2,2023,11,0,0
AUT.3.16.42.1_2,2023,11,0,0
AUT.3.16.42.10_2,2023,11,0,0
AUT.3.16.42.11_2,2023,11,0,0
AUT.3.16.42.12_2,2023,11,0,0
AUT.3.16.42.2_2,2023,11,0,0
AUT.3.16.42.3_2,2023,11,0,0
AUT.3.16.42.4_2,2023,11,0,0
AUT.3.16.42.5_2,2023,11,0,0
AUT.3.16.42.6_2,2023,11,0,0
AUT.3.16.42.7_2,2023,11,0,0
AUT.3.16.42.8_2,2023,11,0,0
AUT.3.16.42.9_2,2023,11,0,0
AUT.3.16.43.1_2,2023,11,0,0
AUT.3.16.43.10_2,2023,11,0,0
AUT.3.16.43.2_2,2023,11,0,0
AUT.3.16.43.3_2,2023,11,0,0
AUT.3.16.43.4_2,2023,11,0,0
AUT.3.16.43.5_2,2023,11,0,0
AUT.3.16.43.6_2,2023,11,0,0
AUT.3.16.43.7_2,2023,11,0,0
AUT.3.16.43.8_2,2023,11,0,0
AUT.3.16.43.9_2,2023,11,0,0
AUT.3.16.44.1_2,2023,11,0,0
AUT.3.16.44.2_2,2023,11,0,0
AUT.3.16.44.3_2,2023,11,0,0
AUT.3.16.44.4_2,2023,11,0,0
AUT.3.16.44.5_2,2023,11,0,0
AUT.3.16.44.6_2,2023,11,0,0
AUT.3.16.44.7_2,2023,11,0,0
AUT.3.16.44.8_2,2023,11,0,0
AUT.3.16.45.1_2,2023,11,0,0
AUT.3.16.5.1_2,2023,11,0,0
AUT.3.16.6.1_2,2023,11,0,0
AUT.3.16.7.1_2,2023,11,0,0
AUT.3.16.8.1_2,2023,11,0,0
AUT.3.16.8.10_2,2023,11,0,0
AUT.3.16.8.11_2,2023,11,0,0
AUT.3.16.8.12_2,2023,11,0,0
AUT.3.16.8.2_2,2023,11,0,0
AUT.3.16.8.3_2,2023,11,0,0
AUT.3.16.8.4_2,2023,11,0,0
AUT.3.16.8.5_2,2023,11,0,0
AUT.3.16.8.6_2,2023,11,0,0
AUT.3.16.8.7_2,2023,11,0,0
AUT.3.16.8.8_2,2023,11,0,0
AUT.3.16.8.9_2,2023,11,0,0
AUT.3.16.9_2,2023,11,0,0
AUT.3.16.9.1_2,2023,11,0,0
AUT.3.16.9.10_2,2023,11,0,0
AUT.3.16.9.11_2,2023,11,0,0
AUT.3.16.9.12_2,2023,11,0,0
AUT.3.16.9.13_2,2023,11,0,0
AUT.3.16.9.14_2,2023,11,0,0
AUT.3.16.9.15_2,2023,11,0,0
AUT.3.16.9.16_2,2023,11,0,0
AUT.3.16.9.17_2,2023,11,0,0
AUT.3.16.9.18_2,2023,11,0,0
AUT.3.16.9.2_2,2023,11,0,0
AUT.3.16.9.3_2,2023,11,0,0
AUT.3.16.9.4_2,2023,11,0,0
AUT.3.16.9.5_2,2023,11,0,0
AUT.3.16.9.6_2,2023,11,0,0
AUT.3.16.9.7_2,2023,11,0,0
AUT.3.16.9.8_2,2023,11,0,0
AUT.3.16.9.9_2,2023,11,0,0
AUT.3.17.1.1_2,2023,11,0,0
AUT.3.17.1.10_2,2023,11,0,0
AUT.3.17.1.11_2,2023,11,0,0
AUT.3.17.1.12_2,2023,11,0,0
AUT.3.17.1.13_2,2023,11,0,0
AUT.3.17.1.14_2,2023,11,0,0
AUT.3.17.1.15_2,2023,11,0,0
AUT.3.17.1.16_2,2023,11,0,0
AUT.3.17.1.17_2,2023,11,0,0
AUT.3.17.1.18_2,2023,11,0,0
AUT.3.17.1.19_2,2023,11,0,0
AUT.3.17.1.2_2,2023,11,0,0
AUT.3.17.1.20_2,2023,11,0,0
AUT.3.17.1.21_2,2023,11,0,0
AUT.3.17.1.22_2,2023,11,0,0
AUT.3.17.1.23_2,2023,11,0,0
AUT.3.17.1.24_2,2023,11,0,0
AUT.3.17.1.25_2,2023,11,0,0
AUT.3.17.1.26_2,2023,11,0,0
AUT.3.17.1.27_2,2023,11,0,0
AUT.3.17.1.28_2,2023,11,0,0
AUT.3.17.1.29_2,2023,11,0,0
AUT.3.17.1.3_2,2023,11,0,0
AUT.3.17.1.30_2,2023,11,0,0
AUT.3.17.1.31_2,2023,11,0,0
AUT.3.17.1.32_2,2023,11,0,0
AUT.3.17.1.33_2,2023,11,0,0
AUT.3.17.1.34_2,2023,11,0,0
AUT.3.17.1.35_2,2023,11,0,0
AUT.3.17.1.36_2,2023,11,0,0
AUT.3.17.1.37_2,2023,11,0,0
AUT.3.17.1.38_2,2023,11,0,0
AUT.3.17.1.39_2,2023,11,0,0
AUT.3.17.1.4_2,2023,11,0,0
AUT.3.17.1.40_2,2023,11,0,0
AUT.3.17.1.41_2,2023,11,0,0
AUT.3.17.1.42_2,2023,11,0,0
AUT.3.17.1.5_2,2023,11,0,0
AUT.3.17.1.6_2,2023,11,0,0
AUT.3.17.1.7_2,2023,11,0,0
AUT.3.17.1.8_2,2023,11,0,0
AUT.3.17.1.9_2,2023,11,0,0
AUT.3.18.1.1_2,2023,11,0,0
AUT.3.18.1.2_2,2023,11,0,0
AUT.3.18.1.3_2,2023,11,0,0
AUT.3.18.1.4_2,2023,11,0,0
AUT.3.18.1.5_2,2023,11,0,0
AUT.3.18.1.6_2,2023,11,0,0
AUT.3.18.1.7_2,2023,11,0,0
AUT.3.18.1.8_2,2023,11,0,0
AUT.3.18.1.9_2,2023,11,0,0
AUT.3.18.10.1_2,2023,11,0,0
AUT.3.18.10.2_2,2023,11,0,0
AUT.3.18.10.3_2,2023,11,0,0
AUT.3.18.10.4_2,2023,11,0,0
AUT.3.18.11.1_2,2023,11,0,0
AUT.3.18.11.2_2,2023,11,0,0
AUT.3.18.11.3_2,2023,11,0,0
AUT.3.18.11.4_2,2023,11,0,0
AUT.3.18.11.5_2,2023,11,0,0
AUT.3.18.12.1_2,2023,11,0,0
AUT.3.18.12.2_2,2023,11,0,0
AUT.3.18.13.1_2,2023,11,0,0
AUT.3.18.13.2_2,2023,11,0,0
AUT.3.18.13.3_2,2023,11,0,0
AUT.3.18.13.4_2,2023,11,0,0
AUT.3.18.13.5_2,2023,11,0,0
AUT.3.18.14.1_2,2023,11,0,0
AUT.3.18.14.2_2,2023,11,0,0
AUT.3.18.14.3_2,2023,11,0,0
AUT.3.18.14.4_2,2023,11,0,0
AUT.3.18.14.5_2,2023,11,0,0
AUT.3.18.14.6_2,2023,11,0,0
AUT.3.18.15.1_2,2023,11,0,0
AUT.3.18.15.2_2,2023,11,0,0
AUT.3.18.15.3_2,2023,11,0,0
AUT.3.18.16.1_2,2023,11,0,0
AUT.3.18.17.1_2,2023,11,0,0
AUT.3.18.17.2_2,2023,11,0,0
AUT.3.18.17.3_2,2023,11,0,0
AUT.3.18.17.4_2,2023,11,0,0
AUT.3.18.17.5_2,2023,11,0,0
AUT.3.18.17.6_2,2023,11,0,0
AUT.3.18.18.1_2,2023,11,0,0
AUT.3.18.18.2_2,2023,11,0,0
AUT.3.18.18.3_2,2023,11,0,0
AUT.3.18.18.4_2,2023,11,0,0
AUT.3.18.2.1_2,2023,11,0,0
AUT.3.18.2.2_2,2023,11,0,0
AUT.3.18.2.3_2,2023,11,0,0
AUT.3.18.2.4_2,2023,11,0,0
AUT.3.18.2.5_2,2023,11,0,0
AUT.3.18.2.6_2,2023,11,0,0
AUT.3.18.3.1_2,2023,11,0,0
AUT.3.18.3.2_2,2023,11,0,0
AUT.3.18.4.1_2,2023,11,0,0
AUT.3.18.4.2_2,2023,11,0,0
AUT.3.18.4.3_2,2023,11,0,0
AUT.3.18.5.1_2,2023,11,0,0
AUT.3.18.5.2_2,2023,11,0,0
AUT.3.18.5.3_2,2023,11,0,0
AUT.3.18.5.4_2,2023,11,0,0
AUT.3.18.5.5_2,2023,11,0,0
AUT.3.18.5.6_2,2023,11,0,0
AUT.3.18.5.7_2,2023,11,0,0
AUT.3.18.6.1_2,2023,11,0,0
AUT.3.18.6.2_2,2023,11,0,0
AUT.3.18.6.3_2,2023,11,0,0
AUT.3.18.6.4_2,2023,11,0,0
AUT.3.18.6.5_2,2023,11,0,0
AUT.3.18.6.6_2,2023,11,0,0
AUT.3.18.7.1_2,2023,11,0,0
AUT.3.18.8.1_2,2023,11,0,0
AUT.3.18.8.2_2,2023,11,0,0
AUT.3.18.8.3_2,2023,11,0,0
AUT.3.18.8.4_2,2023,11,0,0
AUT.3.18.8.5_2,2023,11,0,0
AUT.3.18.8.6_2,2023,11,0,0
AUT.3.18.8.7_2,2023,11,0,0
AUT.3.18.8.8_2,2023,11,0,0
AUT.3.18.8.9_2,2023,11,0,0
AUT.3.18.9.1_2,2023,11,0,0
AUT.3.18.9.2_2,2023,11,0,0
AUT.3.18.9.3_2,2023,11,0,0
AUT.3.18.9.4_2,2023,11,0,0
AUT.3.18.9.5_2,2023,11,0,0
AUT.3.18.9.6_2,2023,11,0,0
AUT.3.19.1.1_2,2023,11,0,0
AUT.3.19.10.1_2,2023,11,0,0
AUT.3.19.10.2_2,2023,11,0,0
AUT.3.19.10.3_2,2023,11,0,0
AUT.3.19.10.4_2,2023,11,0,0
AUT.3.19.10.5_2,2023,11,0,0
AUT.3.19.10.6_2,2023,11,0,0
AUT.3.19.11.1_2,2023,11,0,0
AUT.3.19.12.1_2,2023,11,0,0
AUT.3.19.12.2_2,2023,11,0,0
AUT.3.19.12.3_2,2023,11,0,0
AUT.3.19.12.4_2,2023,11,0,0
AUT.3.19.12.5_2,2023,11,0,0
AUT.3.19.13.1_2,2023,11,0,0
AUT.3.19.13.2_2,2023,11,0,0
AUT.3.19.13.3_2,2023,11,0,0
AUT.3.19.13.4_2,2023,11,0,0
AUT.3.19.13.5_2,2023,11,0,0
AUT.3.19.13.6_2,2023,11,0,0
AUT.3.19.13.7_2,2023,11,0,0
AUT.3.19.13.8_2,2023,11,0,0
AUT.3.19.14.1_2,2023,11,0,0
AUT.3.19.14.2_2,2023,11,0,0
AUT.3.19.15.1_2,2023,11,0,0
AUT.3.19.15.2_2,2023,11,0,0
AUT.3.19.15.3_2,2023,11,0,0
AUT.3.19.15.4_2,2023,11,0,0
AUT.3.19.15.5_2,2023,11,0,0
AUT.3.19.15.6_2,2023,11,0,0
AUT.3.19.15.7_2,2023,11,0,0
AUT.3.19.16.1_2,2023,11,0,0
AUT.3.19.16.10_2,2023,11,0,0
AUT.3.19.16.11_2,2023,11,0,0
AUT.3.19.16.12_2,2023,11,0,0
AUT.3.19.16.13_2,2023,11,0,0
AUT.3.19.16.14_2,2023,11,0,0
AUT.3.19.16.15_2,2023,11,0,0
AUT.3.19.16.16_2,2023,11,0,0
AUT.3.19.16.17_2,2023,11,0,0
AUT.3.19.16.18_2,2023,11,0,0
AUT.3.19.16.19_2,2023,11,0,0
AUT.3.19.16.2_2,2023,11,0,0
AUT.3.19.16.20_2,2023,11,0,0
AUT.3.19.16.21_2,2023,11,0,0
AUT.3.19.16.22_2,2023,11,0,0
AUT.3.19.16.23_2,2023,11,0,0
AUT.3.19.16.24_2,2023,11,0,0
AUT.3.19.16.3_2,2023,11,0,0
AUT.3.19.16.4_2,2023,11,0,0
AUT.3.19.16.5_2,2023,11,0,0
AUT.3.19.16.6_2,2023,11,0,0
AUT.3.19.16.7_2,2023,11,0,0
AUT.3.19.16.8_2,2023,11,0,0
AUT.3.19.16.9_2,2023,11,0,0
AUT.3.19.17.1_2,2023,11,0,0
AUT.3.19.17.2_2,2023,11,0,0
AUT.3.19.17.3_2,2023,11,0,0
AUT.3.19.17.4_2,2023,11,0,0
AUT.3.19.17.5_2,2023,11,0,0
AUT.3.19.17.6_2,2023,11,0,0
AUT.3.19.17.7_2,2023,11,0,0
AUT.3.19.18.1_2,2023,11,0,0
AUT.3.19.18.2_2,2023,11,0,0
AUT.3.19.18.3_2,2023,11,0,0
AUT.3.19.18.4_2,2023,11,0,0
AUT.3.19.18.5_2,2023,11,0,0
AUT.3.19.19.1_2,2023,11,0,0
AUT.3.19.19.2_2,2023,11,0,0
AUT.3.19.19.3_2,2023,11,0,0
AUT.3.19.19.4_2,2023,11,0,0
AUT.3.19.19.5_2,2023,11,0,0
AUT.3.19.19.6_2,2023,11,0,0
AUT.3.19.19.7_2,2023,11,0,0
AUT.3.19.19.8_2,2023,11,0,0
AUT.3.19.19.9_2,2023,11,0,0
AUT.3.19.2.1_2,2023,11,0,0
AUT.3.19.2.2_2,2023,11,0,0
AUT.3.19.2.3_2,2023,11,0,0
AUT.3.19.2.4_2,2023,11,0,0
AUT.3.19.2.5_2,2023,11,0,0
AUT.3.19.2.6_2,2023,11,0,0
AUT.3.19.2.7_2,2023,11,0,0
AUT.3.19.20.1_2,2023,11,0,0
AUT.3.19.20.10_2,2023,11,0,0
AUT.3.19.20.11_2,2023,11,0,0
AUT.3.19.20.12_2,2023,11,0,0
AUT.3.19.20.13_2,2023,11,0,0
AUT.3.19.20.14_2,2023,11,0,0
AUT.3.19.20.2_2,2023,11,0,0
AUT.3.19.20.3_2,2023,11,0,0
AUT.3.19.20.4_2,2023,11,0,0
AUT.3.19.20.5_2,2023,11,0,0
AUT.3.19.20.6_2,2023,11,0,0
AUT.3.19.20.7_2,2023,11,0,0
AUT.3.19.20.8_2,2023,11,0,0
AUT.3.19.20.9_2,2023,11,0,0
AUT.3.19.21.1_2,2023,11,0,0
AUT.3.19.21.2_2,2023,11,0,0
AUT.3.19.22.1_2,2023,11,0,0
AUT.3.19.22.2_2,2023,11,0,0
AUT.3.19.22.3_2,2023,11,0,0
AUT.3.19.22.4_2,2023,11,0,0
AUT.3.19.22.5_2,2023,11,0,0
AUT.3.19.22.6_2,2023,11,0,0
AUT.3.19.22.7_2,2023,11,0,0
AUT.3.19.22.8_2,2023,11,0,0
AUT.3.19.22.9_2,2023,11,0,0
AUT.3.19.3.1_2,2023,11,0,0
AUT.3.19.3.2_2,2023,11,0,0
AUT.3.19.3.3_2,2023,11,0,0
AUT.3.19.3.4_2,2023,11,0,0
AUT.3.19.4.1_2,2023,11,0,0
AUT.3.19.4.2_2,2023,11,0,0
AUT.3.19.4.3_2,2023,11,0,0
AUT.3.19.4.4_2,2023,11,0,0
AUT.3.19.4.5_2,2023,11,0,0
AUT.3.19.4.6_2,2023,11,0,0
AUT.3.19.5.1_2,2023,11,0,0
AUT.3.19.5.2_2,2023,11,0,0
AUT.3.19.5.3_2,2023,11,0,0
AUT.3.19.6.1_2,2023,11,0,0
AUT.3.19.6.2_2,2023,11,0,0
AUT.3.19.6.3_2,2023,11,0,0
AUT.3.19.6.4_2,2023,11,0,0
AUT.3.19.6.5_2,2023,11,0,0
AUT.3.19.6.6_2,2023,11,0,0
AUT.3.19.6.7_2,2023,11,0,0
AUT.3.19.7.1_2,2023,11,0,0
AUT.3.19.7.2_2,2023,11,0,0
AUT.3.19.7.3_2,2023,11,0,0
AUT.3.19.7.4_2,2023,11,0,0
AUT.3.19.8.1_2,2023,11,0,0
AUT.3.19.8.10_2,2023,11,0,0
AUT.3.19.8.11_2,2023,11,0,0
AUT.3.19.8.12_2,2023,11,0,0
AUT.3.19.8.2_2,2023,11,0,0
AUT.3.19.8.3_2,2023,11,0,0
AUT.3.19.8.4_2,2023,11,0,0
AUT.3.19.8.5_2,2023,11,0,0
AUT.3.19.8.6_2,2023,11,0,0
AUT.3.19.8.7_2,2023,11,0,0
AUT.3.19.8.8_2,2023,11,0,0
AUT.3.19.8.9_2,2023,11,0,0
AUT.3.19.9.1_2,2023,11,0,0
AUT.3.19.9.2_2,2023,11,0,0
AUT.3.19.9.3_2,2023,11,0,0
AUT.3.19.9.4_2,2023,11,0,0
AUT.3.19.9.5_2,2023,11,0,0
AUT.3.19.9.6_2,2023,11,0,0
AUT.3.19.9.7_2,2023,11,0,0
AUT.3.2.1.1_2,2023,11,0,0
AUT.3.2.1.10_2,2023,11,0,0
AUT.3.2.1.11_2,2023,11,0,0
AUT.3.2.1.12_2,2023,11,0,0
AUT.3.2.1.2_2,2023,11,0,0
AUT.3.2.1.3_2,2023,11,0,0
AUT.3.2.1.4_2,2023,11,0,0
AUT.3.2.1.5_2,2023,11,0,0
AUT.3.2.1.6_2,2023,11,0,0
AUT.3.2.1.7_2,2023,11,0,0
AUT.3.2.1.8_2,2023,11,0,0
AUT.3.2.1.9_2,2023,11,0,0
AUT.3.2.10.1_2,2023,11,0,0
AUT.3.2.11.1_2,2023,11,0,0
AUT.3.2.11.2_2,2023,11,0,0
AUT.3.2.12.1_2,2023,11,0,0
AUT.3.2.12.2_2,2023,11,0,0
AUT.3.2.12.3_2,2023,11,0,0
AUT.3.2.12.4_2,2023,11,0,0
AUT.3.2.12.5_2,2023,11,0,0
AUT.3.2.12.6_2,2023,11,0,0
AUT.3.2.12.7_2,2023,11,0,0
AUT.3.2.13.1_2,2023,11,0,0
AUT.3.2.14.1_2,2023,11,0,0
AUT.3.2.14.2_2,2023,11,0,0
AUT.3.2.15.1_2,2023,11,0,0
AUT.3.2.16.1_2,2023,11,0,0
AUT.3.2.17.1_2,2023,11,0,0
AUT.3.2.18.1_2,2023,11,0,0
AUT.3.2.19.1_2,2023,11,0,0
AUT.3.2.2.1_2,2023,11,0,0
AUT.3.2.2.2_2,2023,11,0,0
AUT.3.2.2.3_2,2023,11,0,0
AUT.3.2.2.4_2,2023,11,0,0
AUT.3.2.2.5_2,2023,11,0,0
AUT.3.2.20.1_2,2023,11,0,0
AUT.3.2.20.2_2,2023,11,0,0
AUT.3.2.20.3_2,2023,11,0,0
AUT.3.2.20.4_2,2023,11,0,0
AUT.3.2.21.1_2,2023,11,0,0
AUT.3.2.21.2_2,2023,11,0,0
AUT.3.2.22.1_2,2023,11,0,0
AUT.3.2.23.1_2,2023,11,0,0
AUT.3.2.23.2_2,2023,11,0,0
AUT.3.2.24.1_2,2023,11,0,0
AUT.3.2.24.2_2,2023,11,0,0
AUT.3.2.25.1_2,2023,11,0,0
AUT.3.2.26.1_2,2023,11,0,0
AUT.3.2.27.1_2,2023,11,0,0
AUT.3.2.28.1_2,2023,11,0,0
AUT.3.2.28.2_2,2023,11,0,0
AUT.3.2.28.3_2,2023,11,0,0
AUT.3.2.28.4_2,2023,11,0,0
AUT.3.2.28.5_2,2023,11,0,0
AUT.3.2.29.1_2,2023,11,0,0
AUT.3.2.3.1_2,2023,11,0,0
AUT.3.2.3.2_2,2023,11,0,0
AUT.3.2.3.3_2,2023,11,0,0
AUT.3.2.30.1_2,2023,11,0,0
AUT.3.2.30.2_2,2023,11,0,0
AUT.3.2.30.3_2,2023,11,0,0
AUT.3.2.30.4_2,2023,11,0,0
AUT.3.2.4.1_2,2023,11,0,0
AUT.3.2.4.2_2,2023,11,0,0
AUT.3.2.4.3_2,2023,11,0,0
AUT.3.2.4.4_2,2023,11,0,0
AUT.3.2.4.5_2,2023,11,0,0
AUT.3.2.4.6_2,2023,11,0,0
AUT.3.2.4.7_2,2023,11,0,0
AUT.3.2.5.1_2,2023,11,0,0
AUT.3.2.5.2_2,2023,11,0,0
AUT.3.2.5.3_2,2023,11,0,0
AUT.3.2.5.4_2,2023,11,0,0
AUT.3.2.6.1_2,2023,11,0,0
AUT.3.2.7.1_2,2023,11,0,0
AUT.3.2.7.2_2,2023,11,0,0
AUT.3.2.7.3_2,2023,11,0,0
AUT.3.2.7.4_2,2023,11,0,0
AUT.3.2.8.1_2,2023,11,0,0
AUT.3.2.8.2_2,2023,11,0,0
AUT.3.2.9.1_2,2023,11,0,0
AUT.3.20.1.1_2,2023,11,0,0
AUT.3.20.10.1_2,2023,11,0,0
AUT.3.20.10.2_2,2023,11,0,0
AUT.3.20.10.3_2,2023,11,0,0
AUT.3.20.10.4_2,2023,11,0,0
AUT.3.20.10.5_2,2023,11,0,0
AUT.3.20.10.6_2,2023,11,0,0
AUT.3.20.10.7_2,2023,11,0,0
AUT.3.20.10.8_2,2023,11,0,0
AUT.3.20.10.9_2,2023,11,0,0
AUT.3.20.11.1_2,2023,11,0,0
AUT.3.20.11.10_2,2023,11,0,0
AUT.3.20.11.11_2,2023,11,0,0
AUT.3.20.11.12_2,2023,11,0,0
AUT.3.20.11.13_2,2023,11,0,0
AUT.3.20.11.14_2,2023,11,0,0
AUT.3.20.11.15_2,2023,11,0,0
AUT.3.20.11.2_2,2023,11,0,0
AUT.3.20.11.3_2,2023,11,0,0
AUT.3.20.11.4_2,2023,11,0,0
AUT.3.20.11.5_2,2023,11,0,0
AUT.3.20.11.6_2,2023,11,0,0
AUT.3.20.11.7_2,2023,11,0,0
AUT.3.20.11.8_2,2023,11,0,0
AUT.3.20.11.9_2,2023,11,0,0
AUT.3.20.12.1_2,2023,11,0,0
AUT.3.20.12.10_2,2023,11,0,0
AUT.3.20.12.11_2,2023,11,0,0
AUT.3.20.12.12_2,2023,11,0,0
AUT.3.20.12.13_2,2023,11,0,0
AUT.3.20.12.2_2,2023,11,0,0
AUT.3.20.12.3_2,2023,11,0,0
AUT.3.20.12.4_2,2023,11,0,0
AUT.3.20.12.5_2,2023,11,0,0
AUT.3.20.12.6_2,2023,11,0,0
AUT.3.20.12.7_2,2023,11,0,0
AUT.3.20.12.8_2,2023,11,0,0
AUT.3.20.12.9_2,2023,11,0,0
AUT.3.20.13.1_2,2023,11,0,0
AUT.3.20.13.10_2,2023,11,0,0
AUT.3.20.13.11_2,2023,11,0,0
AUT.3.20.13.2_2,2023,11,0,0
AUT.3.20.13.3_2,2023,11,0,0
AUT.3.20.13.4_2,2023,11,0,0
AUT.3.20.13.5_2,2023,11,0,0
AUT.3.20.13.6_2,2023,11,0,0
AUT.3.20.13.7_2,2023,11,0,0
AUT.3.20.13.8_2,2023,11,0,0
AUT.3.20.13.9_2,2023,11,0,0
AUT.3.20.14.1_2,2023,11,0,0
AUT.3.20.14.2_2,2023,11,0,0
AUT.3.20.14.3_2,2023,11,0,0
AUT.3.20.14.4_2,2023,11,0,0
AUT.3.20.14.5_2,2023,11,0,0
AUT.3.20.14.6_2,2023,11,0,0
AUT.3.20.14.7_2,2023,11,0,0
AUT.3.20.15.1_2,2023,11,0,0
AUT.3.20.15.10_2,2023,11,0,0
AUT.3.20.15.11_2,2023,11,0,0
AUT.3.20.15.12_2,2023,11,0,0
AUT.3.20.15.2_2,2023,11,0,0
AUT.3.20.15.3_2,2023,11,0,0
AUT.3.20.15.4_2,2023,11,0,0
AUT.3.20.15.5_2,2023,11,0,0
AUT.3.20.15.6_2,2023,11,0,0
AUT.3.20.15.7_2,2023,11,0,0
AUT.3.20.15.8_2,2023,11,0,0
AUT.3.20.15.9_2,2023,11,0,0
AUT.3.20.2.1_2,2023,11,0,0
AUT.3.20.2.10_2,2023,11,0,0
AUT.3.20.2.11_2,2023,11,0,0
AUT.3.20.2.12_2,2023,11,0,0
AUT.3.20.2.2_2,2023,11,0,0
AUT.3.20.2.3_2,2023,11,0,0
AUT.3.20.2.4_2,2023,11,0,0
AUT.3.20.2.5_2,2023,11,0,0
AUT.3.20.2.6_2,2023,11,0,0
AUT.3.20.2.7_2,2023,11,0,0
AUT.3.20.2.8_2,2023,11,0,0
AUT.3.20.2.9_2,2023,11,0,0
AUT.3.20.3.1_2,2023,11,0,0
AUT.3.20.3.2_2,2023,11,0,0
AUT.3.20.3.3_2,2023,11,0,0
AUT.3.20.3.4_2,2023,11,0,0
AUT.3.20.3.5_2,2023,11,0,0
AUT.3.20.3.6_2,2023,11,0,0
AUT.3.20.3.7_2,2023,11,0,0
AUT.3.20.3.8_2,2023,11,0,0
AUT.3.20.3.9_2,2023,11,0,0
AUT.3.20.4.1_2,2023,11,0,0
AUT.3.20.4.2_2,2023,11,0,0
AUT.3.20.4.3_2,2023,11,0,0
AUT.3.20.4.4_2,2023,11,0,0
AUT.3.20.4.5_2,2023,11,0,0
AUT.3.20.4.6_2,2023,11,0,0
AUT.3.20.4.7_2,2023,11,0,0
AUT.3.20.4.8_2,2023,11,0,0
AUT.3.20.5.1_2,2023,11,0,0
AUT.3.20.5.10_2,2023,11,0,0
AUT.3.20.5.11_2,2023,11,0,0
AUT.3.20.5.2_2,2023,11,0,0
AUT.3.20.5.3_2,2023,11,0,0
AUT.3.20.5.4_2,2023,11,0,0
AUT.3.20.5.5_2,2023,11,0,0
AUT.3.20.5.6_2,2023,11,0,0
AUT.3.20.5.7_2,2023,11,0,0
AUT.3.20.5.8_2,2023,11,0,0
AUT.3.20.5.9_2,2023,11,0,0
AUT.3.20.6.1_2,2023,11,0,0
AUT.3.20.6.10_2,2023,11,0,0
AUT.3.20.6.2_2,2023,11,0,0
AUT.3.20.6.3_2,2023,11,0,0
AUT.3.20.6.4_2,2023,11,0,0
AUT.3.20.6.5_2,2023,11,0,0
AUT.3.20.6.6_2,2023,11,0,0
AUT.3.20.6.7_2,2023,11,0,0
AUT.3.20.6.8_2,2023,11,0,0
AUT.3.20.6.9_2,2023,11,0,0
AUT.3.20.7.1_2,2023,11,0,0
AUT.3.20.7.10_2,2023,11,0,0
AUT.3.20.7.11_2,2023,11,0,0
AUT.3.20.7.12_2,2023,11,0,0
AUT.3.20.7.13_2,2023,11,0,0
AUT.3.20.7.14_2,2023,11,0,0
AUT.3.20.7.2_2,2023,11,0,0
AUT.3.20.7.3_2,2023,11,0,0
AUT.3.20.7.4_2,2023,11,0,0
AUT.3.20.7.5_2,2023,11,0,0
AUT.3.20.7.6_2,2023,11,0,0
AUT.3.20.7.7_2,2023,11,0,0
AUT.3.20.7.8_2,2023,11,0,0
AUT.3.20.7.9_2,2023,11,0,0
AUT.3.20.8.1_2,2023,11,0,0
AUT.3.20.8.2_2,2023,11,0,0
AUT.3.20.8.3_2,2023,11,0,0
AUT.3.20.8.4_2,2023,11,0,0
AUT.3.20.8.5_2,2023,11,0,0
AUT.3.20.8.6_2,2023,11,0,0
AUT.3.20.8.7_2,2023,11,0,0
AUT.3.20.8.8_2,2023,11,0,0
AUT.3.20.9_2,2023,11,0,0
AUT.3.20.9.1_2,2023,11,0,0
AUT.3.20.9.10_2,2023,11,0,0
AUT.3.20.9.11_2,2023,11,0,0
AUT.3.20.9.12_2,2023,11,0,0
AUT.3.20.9.13_2,2023,11,0,0
AUT.3.20.9.14_2,2023,11,0,0
AUT.3.20.9.15_2,2023,11,0,0
AUT.3.20.9.16_2,2023,11,0,0
AUT.3.20.9.17_2,2023,11,0,0
AUT.3.20.9.18_2,2023,11,0,0
AUT.3.20.9.19_2,2023,11,0,0
AUT.3.20.9.2_2,2023,11,0,0
AUT.3.20.9.20_2,2023,11,0,0
AUT.3.20.9.21_2,2023,11,0,0
AUT.3.20.9.22_2,2023,11,0,0
AUT.3.20.9.23_2,2023,11,0,0
AUT.3.20.9.24_2,2023,11,0,0
AUT.3.20.9.25_2,2023,11,0,0
AUT.3.20.9.26_2,2023,11,0,0
AUT.3.20.9.27_2,2023,11,0,0
AUT.3.20.9.28_2,2023,11,0,0
AUT.3.20.9.29_2,2023,11,0,0
AUT.3.20.9.3_2,2023,11,0,0
AUT.3.20.9.30_2,2023,11,0,0
AUT.3.20.9.31_2,2023,11,0,0
AUT.3.20.9.32_2,2023,11,0,0
AUT.3.20.9.33_2,2023,11,0,0
AUT.3.20.9.4_2,2023,11,0,0
AUT.3.20.9.5_2,2023,11,0,0
AUT.3.20.9.6_2,2023,11,0,0
AUT.3.20.9.7_2,2023,11,0,0
AUT.3.20.9.8_2,2023,11,0,0
AUT.3.20.9.9_2,2023,11,0,0
AUT.3.21.1.1_2,2023,11,0,0
AUT.3.21.1.10_2,2023,11,0,0
AUT.3.21.1.2_2,2023,11,0,0
AUT.3.21.1.3_2,2023,11,0,0
AUT.3.21.1.4_2,2023,11,0,0
AUT.3.21.1.5_2,2023,11,0,0
AUT.3.21.1.6_2,2023,11,0,0
AUT.3.21.1.7_2,2023,11,0,0
AUT.3.21.1.8_2,2023,11,0,0
AUT.3.21.1.9_2,2023,11,0,0
AUT.3.22.1.1_2,2023,11,0,0
AUT.3.22.1.2_2,2023,11,0,0
AUT.3.22.1.3_2,2023,11,0,0
AUT.3.22.10.1_2,2023,11,0,0
AUT.3.22.11.1_2,2023,11,0,0
AUT.3.22.11.2_2,2023,11,0,0
AUT.3.22.11.3_2,2023,11,0,0
AUT.3.22.11.4_2,2023,11,0,0
AUT.3.22.12.1_2,2023,11,0,0
AUT.3.22.13.1_2,2023,11,0,0
AUT.3.22.14.1_2,2023,11,0,0
AUT.3.22.14.2_2,2023,11,0,0
AUT.3.22.14.3_2,2023,11,0,0
AUT.3.22.14.4_2,2023,11,0,0
AUT.3.22.14.5_2,2023,11,0,0
AUT.3.22.15.1_2,2023,11,0,0
AUT.3.22.16.1_2,2023,11,0,0
AUT.3.22.16.2_2,2023,11,0,0
AUT.3.22.16.3_2,2023,11,0,0
AUT.3.22.16.4_2,2023,11,0,0
AUT.3.22.16.5_2,2023,11,0,0
AUT.3.22.17.1_2,2023,11,0,0
AUT.3.22.18.1_2,2023,11,0,0
AUT.3.22.19.1_2,2023,11,0,0
AUT.3.22.19.2_2,2023,11,0,0
AUT.3.22.2.1_2,2023,11,0,0
AUT.3.22.2.2_2,2023,11,0,0
AUT.3.22.20.1_2,2023,11,0,0
AUT.3.22.20.2_2,2023,11,0,0
AUT.3.22.21.1_2,2023,11,0,0
AUT.3.22.22.1_2,2023,11,0,0
AUT.3.22.23.1_2,2023,11,0,0
AUT.3.22.23.2_2,2023,11,0,0
AUT.3.22.24.1_2,2023,11,0,0
AUT.3.22.25.1_2,2023,11,0,0
AUT.3.22.26.1_2,2023,11,0,0
AUT.3.22.27.1_2,2023,11,0,0
AUT.3.22.28.1_2,2023,11,0,0
AUT.3.22.28.2_2,2023,11,0,0
AUT.3.22.29.1_2,2023,11,0,0
AUT.3.22.29.2_2,2023,11,0,0
AUT.3.22.29.3_2,2023,11,0,0
AUT.3.22.29.4_2,2023,11,0,0
AUT.3.22.29.5_2,2023,11,0,0
AUT.3.22.29.6_2,2023,11,0,0
AUT.3.22.3.1_2,2023,11,0,0
AUT.3.22.30.1_2,2023,11,0,0
AUT.3.22.30.2_2,2023,11,0,0
AUT.3.22.30.3_2,2023,11,0,0
AUT.3.22.31.1_2,2023,11,0,0
AUT.3.22.32.1_2,2023,11,0,0
AUT.3.22.33.1_2,2023,11,0,0
AUT.3.22.33.2_2,2023,11,0,0
AUT.3.22.33.3_2,2023,11,0,0
AUT.3.22.34.1_2,2023,11,0,0
AUT.3.22.34.2_2,2023,11,0,0
AUT.3.22.35.1_2,2023,11,0,0
AUT.3.22.4.1_2,2023,11,0,0
AUT.3.22.5.1_2,2023,11,0,0
AUT.3.22.5.2_2,2023,11,0,0
AUT.3.22.6.1_2,2023,11,0,0
AUT.3.22.6.2_2,2023,11,0,0
AUT.3.22.7.1_2,2023,11,0,0
AUT.3.22.8.1_2,2023,11,0,0
AUT.3.22.9.1_2,2023,11,0,0
AUT.3.22.9.2_2,2023,11,0,0
AUT.3.23.1.1_2,2023,11,0,0
AUT.3.24.1.1_2,2023,11,0,0
AUT.3.24.1.10_2,2023,11,0,0
AUT.3.24.1.11_2,2023,11,0,0
AUT.3.24.1.12_2,2023,11,0,0
AUT.3.24.1.13_2,2023,11,0,0
AUT.3.24.1.14_2,2023,11,0,0
AUT.3.24.1.15_2,2023,11,0,0
AUT.3.24.1.2_2,2023,11,0,0
AUT.3.24.1.3_2,2023,11,0,0
AUT.3.24.1.4_2,2023,11,0,0
AUT.3.24.1.5_2,2023,11,0,0
AUT.3.24.1.6_2,2023,11,0,0
AUT.3.24.1.7_2,2023,11,0,0
AUT.3.24.1.8_2,2023,11,0,0
AUT.3.24.1.9_2,2023,11,0,0
AUT.3.24.10.1_2,2023,11,0,0
AUT.3.24.10.2_2,2023,11,0,0
AUT.3.24.10.3_2,2023,11,0,0
AUT.3.24.10.4_2,2023,11,0,0
AUT.3.24.10.5_2,2023,11,0,0
AUT.3.24.10.6_2,2023,11,0,0
AUT.3.24.10.7_2,2023,11,0,0
AUT.3.24.10.8_2,2023,11,0,0
AUT.3.24.11.1_2,2023,11,0,0
AUT.3.24.12.1_2,2023,11,0,0
AUT.3.24.12.10_2,2023,11,0,0
AUT.3.24.12.2_2,2023,11,0,0
AUT.3.24.12.3_2,2023,11,0,0
AUT.3.24.12.4_2,2023,11,0,0
AUT.3.24.12.5_2,2023,11,0,0
AUT.3.24.12.6_2,2023,11,0,0
AUT.3.24.12.7_2,2023,11,0,0
AUT.3.24.12.8_2,2023,11,0,0
AUT.3.24.12.9_2,2023,11,0,0
AUT.3.24.13.1_2,2023,11,0,0
AUT.3.24.13.10_2,2023,11,0,0
AUT.3.24.13.11_2,2023,11,0,0
AUT.3.24.13.12_2,2023,11,0,0
AUT.3.24.13.13_2,2023,11,0,0
AUT.3.24.13.14_2,2023,11,0,0
AUT.3.24.13.15_2,2023,11,0,0
AUT.3.24.13.16_2,2023,11,0,0
AUT.3.24.13.17_2,2023,11,0,0
AUT.3.24.13.18_2,2023,11,0,0
AUT.3.24.13.19_2,2023,11,0,0
AUT.3.24.13.2_2,2023,11,0,0
AUT.3.24.13.20_2,2023,11,0,0
AUT.3.24.13.21_2,2023,11,0,0
AUT.3.24.13.22_2,2023,11,0,0
AUT.3.24.13.23_2,2023,11,0,0
AUT.3.24.13.24_2,2023,11,0,0
AUT.3.24.13.25_2,2023,11,0,0
AUT.3.24.13.26_2,2023,11,0,0
AUT.3.24.13.27_2,2023,11,0,0
AUT.3.24.13.28_2,2023,11,0,0
AUT.3.24.13.29_2,2023,11,0,0
AUT.3.24.13.3_2,2023,11,0,0
AUT.3.24.13.30_2,2023,11,0,0
AUT.3.24.13.31_2,2023,11,0,0
AUT.3.24.13.4_2,2023,11,0,0
AUT.3.24.13.5_2,2023,11,0,0
AUT.3.24.13.6_2,2023,11,0,0
AUT.3.24.13.7_2,2023,11,0,0
AUT.3.24.13.8_2,2023,11,0,0
AUT.3.24.13.9_2,2023,11,0,0
AUT.3.24.14.1_2,2023,11,0,0
AUT.3.24.14.10_2,2023,11,0,0
AUT.3.24.14.11_2,2023,11,0,0
AUT.3.24.14.12_2,2023,11,0,0
AUT.3.24.14.13_2,2023,11,0,0
AUT.3.24.14.14_2,2023,11,0,0
AUT.3.24.14.15_2,2023,11,0,0
AUT.3.24.14.16_2,2023,11,0,0
AUT.3.24.14.17_2,2023,11,0,0
AUT.3.24.14.18_2,2023,11,0,0
AUT.3.24.14.2_2,2023,11,0,0
AUT.3.24.14.3_2,2023,11,0,0
AUT.3.24.14.4_2,2023,11,0,0
AUT.3.24.14.5_2,2023,11,0,0
AUT.3.24.14.6_2,2023,11,0,0
AUT.3.24.14.7_2,2023,11,0,0
AUT.3.24.14.8_2,2023,11,0,0
AUT.3.24.14.9_2,2023,11,0,0
AUT.3.24.15.1_2,2023,11,0,0
AUT.3.24.15.10_2,2023,11,0,0
AUT.3.24.15.11_2,2023,11,0,0
AUT.3.24.15.12_2,2023,11,0,0
AUT.3.24.15.2_2,2023,11,0,0
AUT.3.24.15.3_2,2023,11,0,0
AUT.3.24.15.4_2,2023,11,0,0
AUT.3.24.15.5_2,2023,11,0,0
AUT.3.24.15.6_2,2023,11,0,0
AUT.3.24.15.7_2,2023,11,0,0
AUT.3.24.15.8_2,2023,11,0,0
AUT.3.24.15.9_2,2023,11,0,0
AUT.3.24.16.1_2,2023,11,0,0
AUT.3.24.16.2_2,2023,11,0,0
AUT.3.24.16.3_2,2023,11,0,0
AUT.3.24.16.4_2,2023,11,0,0
AUT.3.24.16.5_2,2023,11,0,0
AUT.3.24.17.1_2,2023,11,0,0
AUT.3.24.17.10_2,2023,11,0,0
AUT.3.24.17.11_2,2023,11,0,0
AUT.3.24.17.12_2,2023,11,0,0
AUT.3.24.17.13_2,2023,11,0,0
AUT.3.24.17.14_2,2023,11,0,0
AUT.3.24.17.15_2,2023,11,0,0
AUT.3.24.17.16_2,2023,11,0,0
AUT.3.24.17.17_2,2023,11,0,0
AUT.3.24.17.18_2,2023,11,0,0
AUT.3.24.17.19_2,2023,11,0,0
AUT.3.24.17.2_2,2023,11,0,0
AUT.3.24.17.20_2,2023,11,0,0
AUT.3.24.17.21_2,2023,11,0,0
AUT.3.24.17.22_2,2023,11,0,0
AUT.3.24.17.23_2,2023,11,0,0
AUT.3.24.17.24_2,2023,11,0,0
AUT.3.24.17.25_2,2023,11,0,0
AUT.3.24.17.26_2,2023,11,0,0
AUT.3.24.17.27_2,2023,11,0,0
AUT.3.24.17.28_2,2023,11,0,0
AUT.3.24.17.29_2,2023,11,0,0
AUT.3.24.17.3_2,2023,11,0,0
AUT.3.24.17.4_2,2023,11,0,0
AUT.3.24.17.5_2,2023,11,0,0
AUT.3.24.17.6_2,2023,11,0,0
AUT.3.24.17.7_2,2023,11,0,0
AUT.3.24.17.8_2,2023,11,0,0
AUT.3.24.17.9_2,2023,11,0,0
AUT.3.24.18.1_2,2023,11,0,0
AUT.3.24.18.10_2,2023,11,0,0
AUT.3.24.18.11_2,2023,11,0,0
AUT.3.24.18.12_2,2023,11,0,0
AUT.3.24.18.13_2,2023,11,0,0
AUT.3.24.18.14_2,2023,11,0,0
AUT.3.24.18.15_2,2023,11,0,0
AUT.3.24.18.16_2,2023,11,0,0
AUT.3.24.18.17_2,2023,11,0,0
AUT.3.24.18.18_2,2023,11,0,0
AUT.3.24.18.19_2,2023,11,0,0
AUT.3.24.18.2_2,2023,11,0,0
AUT.3.24.18.3_2,2023,11,0,0
AUT.3.24.18.4_2,2023,11,0,0
AUT.3.24.18.5_2,2023,11,0,0
AUT.3.24.18.6_2,2023,11,0,0
AUT.3.24.18.7_2,2023,11,0,0
AUT.3.24.18.8_2,2023,11,0,0
AUT.3.24.18.9_2,2023,11,0,0
AUT.3.24.19.1_2,2023,11,0,0
AUT.3.24.19.10_2,2023,11,0,0
AUT.3.24.19.11_2,2023,11,0,0
AUT.3.24.19.2_2,2023,11,0,0
AUT.3.24.19.3_2,2023,11,0,0
AUT.3.24.19.4_2,2023,11,0,0
AUT.3.24.19.5_2,2023,11,0,0
AUT.3.24.19.6_2,2023,11,0,0
AUT.3.24.19.7_2,2023,11,0,0
AUT.3.24.19.8_2,2023,11,0,0
AUT.3.24.19.9_2,2023,11,0,0
AUT.3.24.2.1_2,2023,11,0,0
AUT.3.24.2.2_2,2023,11,0,0
AUT.3.24.2.3_2,2023,11,0,0
AUT.3.24.2.4_2,2023,11,0,0
AUT.3.24.2.5_2,2023,11,0,0
AUT.3.24.2.6_2,2023,11,0,0
AUT.3.24.20.1_2,2023,11,0,0
AUT.3.24.20.2_2,2023,11,0,0
AUT.3.24.20.3_2,2023,11,0,0
AUT.3.24.20.4_2,2023,11,0,0
AUT.3.24.20.5_2,2023,11,0,0
AUT.3.24.21.1_2,2023,11,0,0
AUT.3.24.21.2_2,2023,11,0,0
AUT.3.24.21.3_2,2023,11,0,0
AUT.3.24.21.4_2,2023,11,0,0
AUT.3.24.21.5_2,2023,11,0,0
AUT.3.24.21.6_2,2023,11,0,0
AUT.3.24.21.7_2,2023,11,0,0
AUT.3.24.21.8_2,2023,11,0,0
AUT.3.24.22_2,2023,11,0,0
AUT.3.24.22.1_2,2023,11,0,0
AUT.3.24.22.10_2,2023,11,0,0
AUT.3.24.22.11_2,2023,11,0,0
AUT.3.24.22.12_2,2023,11,0,0
AUT.3.24.22.13_2,2023,11,0,0
AUT.3.24.22.14_2,2023,11,0,0
AUT.3.24.22.15_2,2023,11,0,0
AUT.3.24.22.16_2,2023,11,0,0
AUT.3.24.22.17_2,2023,11,0,0
AUT.3.24.22.2_2,2023,11,0,0
AUT.3.24.22.3_2,2023,11,0,0
AUT.3.24.22.4_2,2023,11,0,0
AUT.3.24.22.5_2,2023,11,0,0
AUT.3.24.22.6_2,2023,11,0,0
AUT.3.24.22.7_2,2023,11,0,0
AUT.3.24.22.8_2,2023,11,0,0
AUT.3.24.22.9_2,2023,11,0,0
AUT.3.24.23.1_2,2023,11,0,0
AUT.3.24.23.10_2,2023,11,0,0
AUT.3.24.23.11_2,2023,11,0,0
AUT.3.24.23.2_2,2023,11,0,0
AUT.3.24.23.3_2,2023,11,0,0
AUT.3.24.23.4_2,2023,11,0,0
AUT.3.24.23.5_2,2023,11,0,0
AUT.3.24.23.6_2,2023,11,0,0
AUT.3.24.23.7_2,2023,11,0,0
AUT.3.24.23.8_2,2023,11,0,0
AUT.3.24.23.9_2,2023,11,0,0
AUT.3.24.24.1_2,2023,11,0,0
AUT.3.24.24.10_2,2023,11,0,0
AUT.3.24.24.11_2,2023,11,0,0
AUT.3.24.24.12_2,2023,11,0,0
AUT.3.24.24.13_2,2023,11,0,0
AUT.3.24.24.14_2,2023,11,0,0
AUT.3.24.24.15_2,2023,11,0,0
AUT.3.24.24.16_2,2023,11,0,0
AUT.3.24.24.17_2,2023,11,0,0
AUT.3.24.24.18_2,2023,11,0,0
AUT.3.24.24.19_2,2023,11,0,0
AUT.3.24.24.2_2,2023,11,0,0
AUT.3.24.24.20_2,2023,11,0,0
AUT.3.24.24.21_2,2023,11,0,0
AUT.3.24.24.22_2,2023,11,0,0
AUT.3.24.24.23_2,2023,11,0,0
AUT.3.24.24.24_2,2023,11,0,0
AUT.3.24.24.25_2,2023,11,0,0
AUT.3.24.24.26_2,2023,11,0,0
AUT.3.24.24.27_2,2023,11,0,0
AUT.3.24.24.28_2,2023,11,0,0
AUT.3.24.24.29_2,2023,11,0,0
AUT.3.24.24.3_2,2023,11,0,0
AUT.3.24.24.30_2,2023,11,0,0
AUT.3.24.24.31_2,2023,11,0,0
AUT.3.24.24.32_2,2023,11,0,0
AUT.3.24.24.33_2,2023,11,0,0
AUT.3.24.24.34_2,2023,11,0,0
AUT.3.24.24.35_2,2023,11,0,0
AUT.3.24.24.36_2,2023,11,0,0
AUT.3.24.24.37_2,2023,11,0,0
AUT.3.24.24.38_2,2023,11,0,0
AUT.3.24.24.39_2,2023,11,0,0
AUT.3.24.24.4_2,2023,11,0,0
AUT.3.24.24.40_2,2023,11,0,0
AUT.3.24.24.41_2,2023,11,0,0
AUT.3.24.24.42_2,2023,11,0,0
AUT.3.24.24.43_2,2023,11,0,0
AUT.3.24.24.44_2,2023,11,0,0
AUT.3.24.24.45_2,2023,11,0,0
AUT.3.24.24.46_2,2023,11,0,0
AUT.3.24.24.47_2,2023,11,0,0
AUT.3.24.24.48_2,2023,11,0,0
AUT.3.24.24.49_2,2023,11,0,0
AUT.3.24.24.5_2,2023,11,0,0
AUT.3.24.24.50_2,2023,11,0,0
AUT.3.24.24.51_2,2023,11,0,0
AUT.3.24.24.52_2,2023,11,0,0
AUT.3.24.24.53_2,2023,11,0,0
AUT.3.24.24.54_2,2023,11,0,0
AUT.3.24.24.55_2,2023,11,0,0
AUT.3.24.24.56_2,2023,11,0,0
AUT.3.24.24.57_2,2023,11,0,0
AUT.3.24.24.58_2,2023,11,0,0
AUT.3.24.24.59_2,2023,11,0,0
AUT.3.24.24.6_2,2023,11,0,0
AUT.3.24.24.60_2,2023,11,0,0
AUT.3.24.24.61_2,2023,11,0,0
AUT.3.24.24.7_2,2023,11,0,0
AUT.3.24.24.8_2,2023,11,0,0
AUT.3.24.24.9_2,2023,11,0,0
AUT.3.24.3.1_2,2023,11,0,0
AUT.3.24.3.10_2,2023,11,0,0
AUT.3.24.3.11_2,2023,11,0,0
AUT.3.24.3.12_2,2023,11,0,0
AUT.3.24.3.2_2,2023,11,0,0
AUT.3.24.3.3_2,2023,11,0,0
AUT.3.24.3.4_2,2023,11,0,0
AUT.3.24.3.5_2,2023,11,0,0
AUT.3.24.3.6_2,2023,11,0,0
AUT.3.24.3.7_2,2023,11,0,0
AUT.3.24.3.8_2,2023,11,0,0
AUT.3.24.3.9_2,2023,11,0,0
AUT.3.24.4.1_2,2023,11,0,0
AUT.3.24.4.10_2,2023,11,0,0
AUT.3.24.4.11_2,2023,11,0,0
AUT.3.24.4.12_2,2023,11,0,0
AUT.3.24.4.13_2,2023,11,0,0
AUT.3.24.4.2_2,2023,11,0,0
AUT.3.24.4.3_2,2023,11,0,0
AUT.3.24.4.4_2,2023,11,0,0
AUT.3.24.4.5_2,2023,11,0,0
AUT.3.24.4.6_2,2023,11,0,0
AUT.3.24.4.7_2,2023,11,0,0
AUT.3.24.4.8_2,2023,11,0,0
AUT.3.24.4.9_2,2023,11,0,0
AUT.3.24.5.1_2,2023,11,0,0
AUT.3.24.6.1_2,2023,11,0,0
AUT.3.24.6.2_2,2023,11,0,0
AUT.3.24.6.3_2,2023,11,0,0
AUT.3.24.6.4_2,2023,11,0,0
AUT.3.24.6.5_2,2023,11,0,0
AUT.3.24.6.6_2,2023,11,0,0
AUT.3.24.6.7_2,2023,11,0,0
AUT.3.24.7.1_2,2023,11,0,0
AUT.3.24.7.2_2,2023,11,0,0
AUT.3.24.7.3_2,2023,11,0,0
AUT.3.24.7.4_2,2023,11,0,0
AUT.3.24.7.5_2,2023,11,0,0
AUT.3.24.7.6_2,2023,11,0,0
AUT.3.24.7.7_2,2023,11,0,0
AUT.3.24.7.8_2,2023,11,0,0
AUT.3.24.7.9_2,2023,11,0,0
AUT.3.24.8.1_2,2023,11,0,0
AUT.3.24.8.2_2,2023,11,0,0
AUT.3.24.8.3_2,2023,11,0,0
AUT.3.24.8.4_2,2023,11,0,0
AUT.3.24.8.5_2,2023,11,0,0
AUT.3.24.8.6_2,2023,11,0,0
AUT.3.24.8.7_2,2023,11,0,0
AUT.3.24.8.8_2,2023,11,0,0
AUT.3.24.9.1_2,2023,11,0,0
AUT.3.24.9.10_2,2023,11,0,0
AUT.3.24.9.11_2,2023,11,0,0
AUT.3.24.9.12_2,2023,11,0,0
AUT.3.24.9.13_2,2023,11,0,0
AUT.3.24.9.14_2,2023,11,0,0
AUT.3.24.9.15_2,2023,11,0,0
AUT.3.24.9.16_2,2023,11,0,0
AUT.3.24.9.17_2,2023,11,0,0
AUT.3.24.9.18_2,2023,11,0,0
AUT.3.24.9.19_2,2023,11,0,0
AUT.3.24.9.2_2,2023,11,0,0
AUT.3.24.9.20_2,2023,11,0,0
AUT.3.24.9.21_2,2023,11,0,0
AUT.3.24.9.22_2,2023,11,0,0
AUT.3.24.9.23_2,2023,11,0,0
AUT.3.24.9.24_2,2023,11,0,0
AUT.3.24.9.25_2,2023,11,0,0
AUT.3.24.9.26_2,2023,11,0,0
AUT.3.24.9.27_2,2023,11,0,0
AUT.3.24.9.28_2,2023,11,0,0
AUT.3.24.9.29_2,2023,11,0,0
AUT.3.24.9.3_2,2023,11,0,0
AUT.3.24.9.30_2,2023,11,0,0
AUT.3.24.9.31_2,2023,11,0,0
AUT.3.24.9.32_2,2023,11,0,0
AUT.3.24.9.33_2,2023,11,0,0
AUT.3.24.9.34_2,2023,11,0,0
AUT.3.24.9.35_2,2023,11,0,0
AUT.3.24.9.36_2,2023,11,0,0
AUT.3.24.9.4_2,2023,11,0,0
AUT.3.24.9.5_2,2023,11,0,0
AUT.3.24.9.6_2,2023,11,0,0
AUT.3.24.9.7_2,2023,11,0,0
AUT.3.24.9.8_2,2023,11,0,0
AUT.3.24.9.9_2,2023,11,0,0
AUT.3.3.1.1_2,2023,11,0,0
AUT.3.3.10.1_2,2023,11,0,0
AUT.3.3.11.1_2,2023,11,0,0
AUT.3.3.12.1_2,2023,11,0,0
AUT.3.3.12.2_2,2023,11,0,0
AUT.3.3.13.1_2,2023,11,0,0
AUT.3.3.13.2_2,2023,11,0,0
AUT.3.3.13.3_2,2023,11,0,0
AUT.3.3.13.4_2,2023,11,0,0
AUT.3.3.14.1_2,2023,11,0,0
AUT.3.3.15.1_2,2023,11,0,0
AUT.3.3.16.1_2,2023,11,0,0
AUT.3.3.17.1_2,2023,11,0,0
AUT.3.3.18.1_2,2023,11,0,0
AUT.3.3.18.2_2,2023,11,0,0
AUT.3.3.19.1_2,2023,11,0,0
AUT.3.3.19.2_2,2023,11,0,0
AUT.3.3.2.1_2,2023,11,0,0
AUT.3.3.20.1_2,2023,11,0,0
AUT.3.3.21.1_2,2023,11,0,0
AUT.3.3.22.1_2,2023,11,0,0
AUT.3.3.23.1_2,2023,11,0,0
AUT.3.3.24.1_2,2023,11,0,0
AUT.3.3.24.2_2,2023,11,0,0
AUT.3.3.24.3_2,2023,11,0,0
AUT.3.3.24.4_2,2023,11,0,0
AUT.3.3.25.1_2,2023,11,0,0
AUT.3.3.26.1_2,2023,11,0,0
AUT.3.3.26.2_2,2023,11,0,0
AUT.3.3.26.3_2,2023,11,0,0
AUT.3.3.26.4_2,2023,11,0,0
AUT.3.3.27.1_2,2023,11,0,0
AUT.3.3.27.2_2,2023,11,0,0
AUT.3.3.27.3_2,2023,11,0,0
AUT.3.3.28.1_2,2023,11,0,0
AUT.3.3.29.1_2,2023,11,0,0
AUT.3.3.29.2_2,2023,11,0,0
AUT.3.3.29.3_2,2023,11,0,0
AUT.3.3.29.4_2,2023,11,0,0
AUT.3.3.3.1_2,2023,11,0,0
AUT.3.3.30.1_2,2023,11,0,0
AUT.3.3.31.1_2,2023,11,0,0
AUT.3.3.31.2_2,2023,11,0,0
AUT.3.3.31.3_2,2023,11,0,0
AUT.3.3.31.4_2,2023,11,0,0
AUT.3.3.32.1_2,2023,11,0,0
AUT.3.3.33.1_2,2023,11,0,0
AUT.3.3.4.1_2,2023,11,0,0
AUT.3.3.4.2_2,2023,11,0,0
AUT.3.3.4.3_2,2023,11,0,0
AUT.3.3.5.1_2,2023,11,0,0
AUT.3.3.5.2_2,2023,11,0,0
AUT.3.3.6.1_2,2023,11,0,0
AUT.3.3.6.2_2,2023,11,0,0
AUT.3.3.6.3_2,2023,11,0,0
AUT.3.3.7.1_2,2023,11,0,0
AUT.3.3.7.2_2,2023,11,0,0
AUT.3.3.8.1_2,2023,11,0,0
AUT.3.3.8.2_2,2023,11,0,0
AUT.3.3.9.1_2,2023,11,0,0
AUT.3.3.9.2_2,2023,11,0,0
AUT.3.4.1.1_2,2023,11,0,0
AUT.3.4.10.1_2,2023,11,0,0
AUT.3.4.10.2_2,2023,11,0,0
AUT.3.4.10.3_2,2023,11,0,0
AUT.3.4.10.4_2,2023,11,0,0
AUT.3.4.10.5_2,2023,11,0,0
AUT.3.4.11.1_2,2023,11,0,0
AUT.3.4.11.2_2,2023,11,0,0
AUT.3.4.11.3_2,2023,11,0,0
AUT.3.4.11.4_2,2023,11,0,0
AUT.3.4.11.5_2,2023,11,0,0
AUT.3.4.12.1_2,2023,11,0,0
AUT.3.4.13.1_2,2023,11,0,0
AUT.3.4.14.1_2,2023,11,0,0
AUT.3.4.14.2_2,2023,11,0,0
AUT.3.4.14.3_2,2023,11,0,0
AUT.3.4.14.4_2,2023,11,0,0
AUT.3.4.14.5_2,2023,11,0,0
AUT.3.4.14.6_2,2023,11,0,0
AUT.3.4.14.7_2,2023,11,0,0
AUT.3.4.14.8_2,2023,11,0,0
AUT.3.4.14.9_2,2023,11,0,0
AUT.3.4.15.1_2,2023,11,0,0
AUT.3.4.16.1_2,2023,11,0,0
AUT.3.4.17.1_2,2023,11,0,0
AUT.3.4.17.2_2,2023,11,0,0
AUT.3.4.17.3_2,2023,11,0,0
AUT.3.4.18.1_2,2023,11,0,0
AUT.3.4.18.2_2,2023,11,0,0
AUT.3.4.18.3_2,2023,11,0,0
AUT.3.4.19.1_2,2023,11,0,0
AUT.3.4.2.1_2,2023,11,0,0
AUT.3.4.20.1_2,2023,11,0,0
AUT.3.4.21.1_2,2023,11,0,0
AUT.3.4.21.2_2,2023,11,0,0
AUT.3.4.22.1_2,2023,11,0,0
AUT.3.4.22.2_2,2023,11,0,0
AUT.3.4.23.1_2,2023,11,0,0
AUT.3.4.23.2_2,2023,11,0,0
AUT.3.4.24.1_2,2023,11,0,0
AUT.3.4.25.1_2,2023,11,0,0
AUT.3.4.25.2_2,2023,11,0,0
AUT.3.4.26.1_2,2023,11,0,0
AUT.3.4.27.1_2,2023,11,0,0
AUT.3.4.27.2_2,2023,11,0,0
AUT.3.4.27.3_2,2023,11,0,0
AUT.3.4.28.1_2,2023,11,0,0
AUT.3.4.28.2_2,2023,11,0,0
AUT.3.4.29.1_2,2023,11,0,0
AUT.3.4.3.1_2,2023,11,0,0
AUT.3.4.3.2_2,2023,11,0,0
AUT.3.4.3.3_2,2023,11,0,0
AUT.3.4.3.4_2,2023,11,0,0
AUT.3.4.3.5_2,2023,11,0,0
AUT.3.4.30.1_2,2023,11,0,0
AUT.3.4.31.1_2,2023,11,0,0
AUT.3.4.31.2_2,2023,11,0,0
AUT.3.4.32.1_2,2023,11,0,0
AUT.3.4.33.1_2,2023,11,0,0
AUT.3.4.34.1_2,2023,11,0,0
AUT.3.4.34.2_2,2023,11,0,0
AUT.3.4.35.1_2,2023,11,0,0
AUT.3.4.35.2_2,2023,11,0,0
AUT.3.4.36.1_2,2023,11,0,0
AUT.3.4.37.1_2,2023,11,0,0
AUT.3.4.37.2_2,2023,11,0,0
AUT.3.4.38.1_2,2023,11,0,0
AUT.3.4.39.1_2,2023,11,0,0
AUT.3.4.39.2_2,2023,11,0,0
AUT.3.4.39.3_2,2023,11,0,0
AUT.3.4.39.4_2,2023,11,0,0
AUT.3.4.4.1_2,2023,11,0,0
AUT.3.4.40.1_2,2023,11,0,0
AUT.3.4.40.2_2,2023,11,0,0
AUT.3.4.41.1_2,2023,11,0,0
AUT.3.4.41.2_2,2023,11,0,0
AUT.3.4.42.1_2,2023,11,0,0
AUT.3.4.42.2_2,2023,11,0,0
AUT.3.4.42.3_2,2023,11,0,0
AUT.3.4.43.1_2,2023,11,0,0
AUT.3.4.43.2_2,2023,11,0,0
AUT.3.4.43.3_2,2023,11,0,0
AUT.3.4.43.4_2,2023,11,0,0
AUT.3.4.43.5_2,2023,11,0,0
AUT.3.4.44_2,2023,11,0,0
AUT.3.4.44.1_2,2023,11,0,0
AUT.3.4.44.2_2,2023,11,0,0
AUT.3.4.44.3_2,2023,11,0,0
AUT.3.4.44.4_2,2023,11,0,0
AUT.3.4.44.5_2,2023,11,0,0
AUT.3.4.44.6_2,2023,11,0,0
AUT.3.4.44.7_2,2023,11,0,0
AUT.3.4.44.8_2,2023,11,0,0
AUT.3.4.44.9_2,2023,11,0,0
AUT.3.4.5.1_2,2023,11,0,0
AUT.3.4.5.2_2,2023,11,0,0
AUT.3.4.6.1_2,2023,11,0,0
AUT.3.4.6.2_2,2023,11,0,0
AUT.3.4.6.3_2,2023,11,0,0
AUT.3.4.7.1_2,2023,11,0,0
AUT.3.4.7.2_2,2023,11,0,0
AUT.3.4.8.1_2,2023,11,0,0
AUT.3.4.8.2_2,2023,11,0,0
AUT.3.4.9.1_2,2023,11,0,0
AUT.3.5.1.1_2,2023,11,0,0
AUT.3.5.1.2_2,2023,11,0,0
AUT.3.5.1.3_2,2023,11,0,0
AUT.3.5.10.1_2,2023,11,0,0
AUT.3.5.10.10_2,2023,11,0,0
AUT.3.5.10.11_2,2023,11,0,0
AUT.3.5.10.12_2,2023,11,0,0
AUT.3.5.10.2_2,2023,11,0,0
AUT.3.5.10.3_2,2023,11,0,0
AUT.3.5.10.4_2,2023,11,0,0
AUT.3.5.10.5_2,2023,11,0,0
AUT.3.5.10.6_2,2023,11,0,0
AUT.3.5.10.7_2,2023,11,0,0
AUT.3.5.10.8_2,2023,11,0,0
AUT.3.5.10.9_2,2023,11,0,0
AUT.3.5.11.1_2,2023,11,0,0
AUT.3.5.11.2_2,2023,11,0,0
AUT.3.5.12.1_2,2023,11,0,0
AUT.3.5.12.2_2,2023,11,0,0
AUT.3.5.13.1_2,2023,11,0,0
AUT.3.5.13.2_2,2023,11,0,0
AUT.3.5.13.3_2,2023,11,0,0
AUT.3.5.13.4_2,2023,11,0,0
AUT.3.5.13.5_2,2023,11,0,0
AUT.3.5.13.6_2,2023,11,0,0
AUT.3.5.14.1_2,2023,11,0,0
AUT.3.5.14.10_2,2023,11,0,0
AUT.3.5.14.2_2,2023,11,0,0
AUT.3.5.14.3_2,2023,11,0,0
AUT.3.5.14.4_2,2023,11,0,0
AUT.3.5.14.5_2,2023,11,0,0
AUT.3.5.14.6_2,2023,11,0,0
AUT.3.5.14.7_2,2023,11,0,0
AUT.3.5.14.8_2,2023,11,0,0
AUT.3.5.14.9_2,2023,11,0,0
AUT.3.5.15.1_2,2023,11,0,0
AUT.3.5.15.2_2,2023,11,0,0
AUT.3.5.15.3_2,2023,11,0,0
AUT.3.5.15.4_2,2023,11,0,0
AUT.3.5.16.1_2,2023,11,0,0
AUT.3.5.16.2_2,2023,11,0,0
AUT.3.5.16.3_2,2023,11,0,0
AUT.3.5.16.4_2,2023,11,0,0
AUT.3.5.16.5_2,2023,11,0,0
AUT.3.5.17.1_2,2023,11,0,0
AUT.3.5.17.2_2,2023,11,0,0
AUT.3.5.17.3_2,2023,11,0,0
AUT.3.5.18.1_2,2023,11,0,0
AUT.3.5.18.10_2,2023,11,0,0
AUT.3.5.18.2_2,2023,11,0,0
AUT.3.5.18.3_2,2023,11,0,0
AUT.3.5.18.4_2,2023,11,0,0
AUT.3.5.18.5_2,2023,11,0,0
AUT.3.5.18.6_2,2023,11,0,0
AUT.3.5.18.7_2,2023,11,0,0
AUT.3.5.18.8_2,2023,11,0,0
AUT.3.5.18.9_2,2023,11,0,0
AUT.3.5.19.1_2,2023,11,0,0
AUT.3.5.19.2_2,2023,11,0,0
AUT.3.5.19.3_2,2023,11,0,0
AUT.3.5.19.4_2,2023,11,0,0
AUT.3.5.19.5_2,2023,11,0,0
AUT.3.5.19.6_2,2023,11,0,0
AUT.3.5.19.7_2,2023,11,0,0
AUT.3.5.2.1_2,2023,11,0,0
AUT.3.5.2.10_2,2023,11,0,0
AUT.3.5.2.2_2,2023,11,0,0
AUT.3.5.2.3_2,2023,11,0,0
AUT.3.5.2.4_2,2023,11,0,0
AUT.3.5.2.5_2,2023,11,0,0
AUT.3.5.2.6_2,2023,11,0,0
AUT.3.5.2.7_2,2023,11,0,0
AUT.3.5.2.8_2,2023,11,0,0
AUT.3.5.2.9_2,2023,11,0,0
AUT.3.5.20.1_2,2023,11,0,0
AUT.3.5.20.2_2,2023,11,0,0
AUT.3.5.20.3_2,2023,11,0,0
AUT.3.5.20.4_2,2023,11,0,0
AUT.3.5.20.5_2,2023,11,0,0
AUT.3.5.20.6_2,2023,11,0,0
AUT.3.5.20.7_2,2023,11,0,0
AUT.3.5.21.1_2,2023,11,0,0
AUT.3.5.21.10_2,2023,11,0,0
AUT.3.5.21.2_2,2023,11,0,0
AUT.3.5.21.3_2,2023,11,0,0
AUT.3.5.21.4_2,2023,11,0,0
AUT.3.5.21.5_2,2023,11,0,0
AUT.3.5.21.6_2,2023,11,0,0
AUT.3.5.21.7_2,2023,11,0,0
AUT.3.5.21.8_2,2023,11,0,0
AUT.3.5.21.9_2,2023,11,0,0
AUT.3.5.3.1_2,2023,11,0,0
AUT.3.5.3.2_2,2023,11,0,0
AUT.3.5.3.3_2,2023,11,0,0
AUT.3.5.3.4_2,2023,11,0,0
AUT.3.5.4.1_2,2023,11,0,0
AUT.3.5.4.2_2,2023,11,0,0
AUT.3.5.4.3_2,2023,11,0,0
AUT.3.5.5.1_2,2023,11,0,0
AUT.3.5.5.2_2,2023,11,0,0
AUT.3.5.5.3_2,2023,11,0,0
AUT.3.5.5.4_2,2023,11,0,0
AUT.3.5.6.1_2,2023,11,0,0
AUT.3.5.6.2_2,2023,11,0,0
AUT.3.5.6.3_2,2023,11,0,0
AUT.3.5.6.4_2,2023,11,0,0
AUT.3.5.6.5_2,2023,11,0,0
AUT.3.5.7.1_2,2023,11,0,0
AUT.3.5.7.2_2,2023,11,0,0
AUT.3.5.7.3_2,2023,11,0,0
AUT.3.5.7.4_2,2023,11,0,0
AUT.3.5.7.5_2,2023,11,0,0
AUT.3.5.7.6_2,2023,11,0,0
AUT.3.5.7.7_2,2023,11,0,0
AUT.3.5.7.8_2,2023,11,0,0
AUT.3.5.8.1_2,2023,11,0,0
AUT.3.5.8.10_2,2023,11,0,0
AUT.3.5.8.11_2,2023,11,0,0
AUT.3.5.8.12_2,2023,11,0,0
AUT.3.5.8.2_2,2023,11,0,0
AUT.3.5.8.3_2,2023,11,0,0
AUT.3.5.8.4_2,2023,11,0,0
AUT.3.5.8.5_2,2023,11,0,0
AUT.3.5.8.6_2,2023,11,0,0
AUT.3.5.8.7_2,2023,11,0,0
AUT.3.5.8.8_2,2023,11,0,0
AUT.3.5.8.9_2,2023,11,0,0
AUT.3.5.9.1_2,2023,11,0,0
AUT.3.5.9.2_2,2023,11,0,0
AUT.3.5.9.3_2,2023,11,0,0
AUT.3.5.9.4_2,2023,11,0,0
AUT.3.6.1.1_2,2023,11,0,0
AUT.3.6.10.1_2,2023,11,0,0
AUT.3.6.10.10_2,2023,11,0,0
AUT.3.6.10.11_2,2023,11,0,0
AUT.3.6.10.12_2,2023,11,0,0
AUT.3.6.10.13_2,2023,11,0,0
AUT.3.6.10.14_2,2023,11,0,0
AUT.3.6.10.15_2,2023,11,0,0
AUT.3.6.10.16_2,2023,11,0,0
AUT.3.6.10.17_2,2023,11,0,0
AUT.3.6.10.18_2,2023,11,0,0
AUT.3.6.10.19_2,2023,11,0,0
AUT.3.6.10.2_2,2023,11,0,0
AUT.3.6.10.20_2,2023,11,0,0
AUT.3.6.10.21_2,2023,11,0,0
AUT.3.6.10.22_2,2023,11,0,0
AUT.3.6.10.23_2,2023,11,0,0
AUT.3.6.10.3_2,2023,11,0,0
AUT.3.6.10.4_2,2023,11,0,0
AUT.3.6.10.5_2,2023,11,0,0
AUT.3.6.10.6_2,2023,11,0,0
AUT.3.6.10.7_2,2023,11,0,0
AUT.3.6.10.8_2,2023,11,0,0
AUT.3.6.10.9_2,2023,11,0,0
AUT.3.6.11.1_2,2023,11,0,0
AUT.3.6.12.1_2,2023,11,0,0
AUT.3.6.12.10_2,2023,11,0,0
AUT.3.6.12.2_2,2023,11,0,0
AUT.3.6.12.3_2,2023,11,0,0
AUT.3.6.12.4_2,2023,11,0,0
AUT.3.6.12.5_2,2023,11,0,0
AUT.3.6.12.6_2,2023,11,0,0
AUT.3.6.12.7_2,2023,11,0,0
AUT.3.6.12.8_2,2023,11,0,0
AUT.3.6.12.9_2,2023,11,0,0
AUT.3.6.13.1_2,2023,11,0,0
AUT.3.6.13.2_2,2023,11,0,0
AUT.3.6.13.3_2,2023,11,0,0
AUT.3.6.13.4_2,2023,11,0,0
AUT.3.6.13.5_2,2023,11,0,0
AUT.3.6.13.6_2,2023,11,0,0
AUT.3.6.14.1_2,2023,11,0,0
AUT.3.6.14.2_2,2023,11,0,0
AUT.3.6.14.3_2,2023,11,0,0
AUT.3.6.14.4_2,2023,11,0,0
AUT.3.6.15.1_2,2023,11,0,0
AUT.3.6.15.2_2,2023,11,0,0
AUT.3.6.15.3_2,2023,11,0,0
AUT.3.6.15.4_2,2023,11,0,0
AUT.3.6.15.5_2,2023,11,0,0
AUT.3.6.15.6_2,2023,11,0,0
AUT.3.6.16.1_2,2023,11,0,0
AUT.3.6.16.2_2,2023,11,0,0
AUT.3.6.16.3_2,2023,11,0,0
AUT.3.6.16.4_2,2023,11,0,0
AUT.3.6.16.5_2,2023,11,0,0
AUT.3.6.16.6_2,2023,11,0,0
AUT.3.6.16.7_2,2023,11,0,0
AUT.3.6.17.1_2,2023,11,0,0
AUT.3.6.17.2_2,2023,11,0,0
AUT.3.6.17.3_2,2023,11,0,0
AUT.3.6.17.4_2,2023,11,0,0
AUT.3.6.17.5_2,2023,11,0,0
AUT.3.6.17.6_2,2023,11,0,0
AUT.3.6.17.7_2,2023,11,0,0
AUT.3.6.18.1_2,2023,11,0,0
AUT.3.6.18.2_2,2023,11,0,0
AUT.3.6.18.3_2,2023,11,0,0
AUT.3.6.19.1_2,2023,11,0,0
AUT.3.6.19.2_2,2023,11,0,0
AUT.3.6.19.3_2,2023,11,0,0
AUT.3.6.2.1_2,2023,11,0,0
AUT.3.6.2.10_2,2023,11,0,0
AUT.3.6.2.11_2,2023,11,0,0
AUT.3.6.2.12_2,2023,11,0,0
AUT.3.6.2.13_2,2023,11,0,0
AUT.3.6.2.2_2,2023,11,0,0
AUT.3.6.2.3_2,2023,11,0,0
AUT.3.6.2.4_2,2023,11,0,0
AUT.3.6.2.5_2,2023,11,0,0
AUT.3.6.2.6_2,2023,11,0,0
AUT.3.6.2.7_2,2023,11,0,0
AUT.3.6.2.8_2,2023,11,0,0
AUT.3.6.2.9_2,2023,11,0,0
AUT.3.6.20.1_2,2023,11,0,0
AUT.3.6.20.2_2,2023,11,0,0
AUT.3.6.21.1_2,2023,11,0,0
AUT.3.6.21.2_2,2023,11,0,0
AUT.3.6.21.3_2,2023,11,0,0
AUT.3.6.21.4_2,2023,11,0,0
AUT.3.6.21.5_2,2023,11,0,0
AUT.3.6.21.6_2,2023,11,0,0
AUT.3.6.21.7_2,2023,11,0,0
AUT.3.6.21.8_2,2023,11,0,0
AUT.3.6.21.9_2,2023,11,0,0
AUT.3.6.22.1_2,2023,11,0,0
AUT.3.6.22.10_2,2023,11,0,0
AUT.3.6.22.11_2,2023,11,0,0
AUT.3.6.22.2_2,2023,11,0,0
AUT.3.6.22.3_2,2023,11,0,0
AUT.3.6.22.4_2,2023,11,0,0
AUT.3.6.22.5_2,2023,11,0,0
AUT.3.6.22.6_2,2023,11,0,0
AUT.3.6.22.7_2,2023,11,0,0
AUT.3.6.22.8_2,2023,11,0,0
AUT.3.6.22.9_2,2023,11,0,0
AUT.3.6.23.1_2,2023,11,0,0
AUT.3.6.23.2_2,2023,11,0,0
AUT.3.6.23.3_2,2023,11,0,0
AUT.3.6.23.4_2,2023,11,0,0
AUT.3.6.23.5_2,2023,11,0,0
AUT.3.6.23.6_2,2023,11,0,0
AUT.3.6.24.1_2,2023,11,0,0
AUT.3.6.24.2_2,2023,11,0,0
AUT.3.6.24.3_2,2023,11,0,0
AUT.3.6.24.4_2,2023,11,0,0
AUT.3.6.24.5_2,2023,11,0,0
AUT.3.6.24.6_2,2023,11,0,0
AUT.3.6.24.7_2,2023,11,0,0
AUT.3.6.24.8_2,2023,11,0,0
AUT.3.6.24.9_2,2023,11,0,0
AUT.3.6.3.1_2,2023,11,0,0
AUT.3.6.3.2_2,2023,11,0,0
AUT.3.6.3.3_2,2023,11,0,0
AUT.3.6.3.4_2,2023,11,0,0
AUT.3.6.3.5_2,2023,11,0,0
AUT.3.6.4.1_2,2023,11,0,0
AUT.3.6.4.2_2,2023,11,0,0
AUT.3.6.5.1_2,2023,11,0,0
AUT.3.6.5.2_2,2023,11,0,0
AUT.3.6.5.3_2,2023,11,0,0
AUT.3.6.6.1_2,2023,11,0,0
AUT.3.6.6.10_2,2023,11,0,0
AUT.3.6.6.2_2,2023,11,0,0
AUT.3.6.6.3_2,2023,11,0,0
AUT.3.6.6.4_2,2023,11,0,0
AUT.3.6.6.5_2,2023,11,0,0
AUT.3.6.6.6_2,2023,11,0,0
AUT.3.6.6.7_2,2023,11,0,0
AUT.3.6.6.8_2,2023,11,0,0
AUT.3.6.6.9_2,2023,11,0,0
AUT.3.6.7.1_2,2023,11,0,0
AUT.3.6.7.2_2,2023,11,0,0
AUT.3.6.7.3_2,2023,11,0,0
AUT.3.6.8.1_2,2023,11,0,0
AUT.3.6.8.2_2,2023,11,0,0
AUT.3.6.8.3_2,2023,11,0,0
AUT.3.6.8.4_2,2023,11,0,0
AUT.3.6.8.5_2,2023,11,0,0
AUT.3.6.9.1_2,2023,11,0,0
AUT.3.6.9.2_2,2023,11,0,0
AUT.3.6.9.3_2,2023,11,0,0
AUT.3.6.9.4_2,2023,11,0,0
AUT.3.6.9.5_2,2023,11,0,0
AUT.3.6.9.6_2,2023,11,0,0
AUT.3.6.9.7_2,2023,11,0,0
AUT.3.6.9.8_2,2023,11,0,0
AUT.3.7.1.1_2,2023,11,0,0
AUT.3.7.1.2_2,2023,11,0,0
AUT.3.7.1.3_2,2023,11,0,0
AUT.3.7.1.4_2,2023,11,0,0
AUT.3.7.1.5_2,2023,11,0,0
AUT.3.7.10.1_2,2023,11,0,0
AUT.3.7.10.2_2,2023,11,0,0
AUT.3.7.10.3_2,2023,11,0,0
AUT.3.7.10.4_2,2023,11,0,0
AUT.3.7.10.5_2,2023,11,0,0
AUT.3.7.10.6_2,2023,11,0,0
AUT.3.7.10.7_2,2023,11,0,0
AUT.3.7.10.8_2,2023,11,0,0
AUT.3.7.11.1_2,2023,11,0,0
AUT.3.7.11.2_2,2023,11,0,0
AUT.3.7.12.1_2,2023,11,0,0
AUT.3.7.12.2_2,2023,11,0,0
AUT.3.7.12.3_2,2023,11,0,0
AUT.3.7.12.4_2,2023,11,0,0
AUT.3.7.13.1_2,2023,11,0,0
AUT.3.7.13.2_2,2023,11,0,0
AUT.3.7.13.3_2,2023,11,0,0
AUT.3.7.13.4_2,2023,11,0,0
AUT.3.7.13.5_2,2023,11,0,0
AUT.3.7.13.6_2,2023,11,0,0
AUT.3.7.13.7_2,2023,11,0,0
AUT.3.7.13.8_2,2023,11,0,0
AUT.3.7.14.1_2,2023,11,0,0
AUT.3.7.14.2_2,2023,11,0,0
AUT.3.7.14.3_2,2023,11,0,0
AUT.3.7.14.4_2,2023,11,0,0
AUT.3.7.14.5_2,2023,11,0,0
AUT.3.7.14.6_2,2023,11,0,0
AUT.3.7.14.7_2,2023,11,0,0
AUT.3.7.14.8_2,2023,11,0,0
AUT.3.7.15.1_2,2023,11,0,0
AUT.3.7.15.2_2,2023,11,0,0
AUT.3.7.15.3_2,2023,11,0,0
AUT.3.7.15.4_2,2023,11,0,0
AUT.3.7.16.1_2,2023,11,0,0
AUT.3.7.16.2_2,2023,11,0,0
AUT.3.7.16.3_2,2023,11,0,0
AUT.3.7.16.4_2,2023,11,0,0
AUT.3.7.16.5_2,2023,11,0,0
AUT.3.7.17.1_2,2023,11,0,0
AUT.3.7.17.2_2,2023,11,0,0
AUT.3.7.17.3_2,2023,11,0,0
AUT.3.7.17.4_2,2023,11,0,0
AUT.3.7.17.5_2,2023,11,0,0
AUT.3.7.17.6_2,2023,11,0,0
AUT.3.7.18.1_2,2023,11,0,0
AUT.3.7.18.2_2,2023,11,0,0
AUT.3.7.18.3_2,2023,11,0,0
AUT.3.7.18.4_2,2023,11,0,0
AUT.3.7.19.1_2,2023,11,0,0
AUT.3.7.19.2_2,2023,11,0,0
AUT.3.7.19.3_2,2023,11,0,0
AUT.3.7.19.4_2,2023,11,0,0
AUT.3.7.19.5_2,2023,11,0,0
AUT.3.7.19.6_2,2023,11,0,0
AUT.3.7.19.7_2,2023,11,0,0
AUT.3.7.19.8_2,2023,11,0,0
AUT.3.7.2.1_2,2023,11,0,0
AUT.3.7.2.10_2,2023,11,0,0
AUT.3.7.2.2_2,2023,11,0,0
AUT.3.7.2.3_2,2023,11,0,0
AUT.3.7.2.4_2,2023,11,0,0
AUT.3.7.2.5_2,2023,11,0,0
AUT.3.7.2.6_2,2023,11,0,0
AUT.3.7.2.7_2,2023,11,0,0
AUT.3.7.2.8_2,2023,11,0,0
AUT.3.7.2.9_2,2023,11,0,0
AUT.3.7.20.1_2,2023,11,0,0
AUT.3.7.20.10_2,2023,11,0,0
AUT.3.7.20.11_2,2023,11,0,0
AUT.3.7.20.12_2,2023,11,0,0
AUT.3.7.20.2_2,2023,11,0,0
AUT.3.7.20.3_2,2023,11,0,0
AUT.3.7.20.4_2,2023,11,0,0
AUT.3.7.20.5_2,2023,11,0,0
AUT.3.7.20.6_2,2023,11,0,0
AUT.3.7.20.7_2,2023,11,0,0
AUT.3.7.20.8_2,2023,11,0,0
AUT.3.7.20.9_2,2023,11,0,0
AUT.3.7.3.1_2,2023,11,0,0
AUT.3.7.3.10_2,2023,11,0,0
AUT.3.7.3.11_2,2023,11,0,0
AUT.3.7.3.2_2,2023,11,0,0
AUT.3.7.3.3_2,2023,11,0,0
AUT.3.7.3.4_2,2023,11,0,0
AUT.3.7.3.5_2,2023,11,0,0
AUT.3.7.3.6_2,2023,11,0,0
AUT.3.7.3.7_2,2023,11,0,0
AUT.3.7.3.8_2,2023,11,0,0
AUT.3.7.3.9_2,2023,11,0,0
AUT.3.7.4.1_2,2023,11,0,0
AUT.3.7.4.10_2,2023,11,0,0
AUT.3.7.4.11_2,2023,11,0,0
AUT.3.7.4.12_2,2023,11,0,0
AUT.3.7.4.2_2,2023,11,0,0
AUT.3.7.4.3_2,2023,11,0,0
AUT.3.7.4.4_2,2023,11,0,0
AUT.3.7.4.5_2,2023,11,0,0
AUT.3.7.4.6_2,2023,11,0,0
AUT.3.7.4.7_2,2023,11,0,0
AUT.3.7.4.8_2,2023,11,0,0
AUT.3.7.4.9_2,2023,11,0,0
AUT.3.7.5.1_2,2023,11,0,0
AUT.3.7.5.2_2,2023,11,0,0
AUT.3.7.5.3_2,2023,11,0,0
AUT.3.7.5.4_2,2023,11,0,0
AUT.3.7.5.5_2,2023,11,0,0
AUT.3.7.6.1_2,2023,11,0,0
AUT.3.7.6.10_2,2023,11,0,0
AUT.3.7.6.11_2,2023,11,0,0
AUT.3.7.6.12_2,2023,11,0,0
AUT.3.7.6.13_2,2023,11,0,0
AUT.3.7.6.14_2,2023,11,0,0
AUT.3.7.6.2_2,2023,11,0,0
AUT.3.7.6.3_2,2023,11,0,0
AUT.3.7.6.4_2,2023,11,0,0
AUT.3.7.6.5_2,2023,11,0,0
AUT.3.7.6.6_2,2023,11,0,0
AUT.3.7.6.7_2,2023,11,0,0
AUT.3.7.6.8_2,2023,11,0,0
AUT.3.7.6.9_2,2023,11,0,0
AUT.3.7.7.1_2,2023,11,0,0
AUT.3.7.7.10_2,2023,11,0,0
AUT.3.7.7.11_2,2023,11,0,0
AUT.3.7.7.12_2,2023,11,0,0
AUT.3.7.7.13_2,2023,11,0,0
AUT.3.7.7.2_2,2023,11,0,0
AUT.3.7.7.3_2,2023,11,0,0
AUT.3.7.7.4_2,2023,11,0,0
AUT.3.7.7.5_2,2023,11,0,0
AUT.3.7.7.6_2,2023,11,0,0
AUT.3.7.7.7_2,2023,11,0,0
AUT.3.7.7.8_2,2023,11,0,0
AUT.3.7.7.9_2,2023,11,0,0
AUT.3.7.8.1_2,2023,11,0,0
AUT.3.7.8.2_2,2023,11,0,0
AUT.3.7.8.3_2,2023,11,0,0
AUT.3.7.8.4_2,2023,11,0,0
AUT.3.7.8.5_2,2023,11,0,0
AUT.3.7.9.1_2,2023,11,0,0
AUT.3.7.9.10_2,2023,11,0,0
AUT.3.7.9.11_2,2023,11,0,0
AUT.3.7.9.12_2,2023,11,0,0
AUT.3.7.9.2_2,2023,11,0,0
AUT.3.7.9.3_2,2023,11,0,0
AUT.3.7.9.4_2,2023,11,0,0
AUT.3.7.9.5_2,2023,11,0,0
AUT.3.7.9.6_2,2023,11,0,0
AUT.3.7.9.7_2,2023,11,0,0
AUT.3.7.9.8_2,2023,11,0,0
AUT.3.7.9.9_2,2023,11,0,0
AUT.3.8.1.1_2,2023,11,0,0
AUT.3.8.1.2_2,2023,11,0,0
AUT.3.8.10.1_2,2023,11,0,0
AUT.3.8.11.1_2,2023,11,0,0
AUT.3.8.12.1_2,2023,11,0,0
AUT.3.8.12.2_2,2023,11,0,0
AUT.3.8.12.3_2,2023,11,0,0
AUT.3.8.12.4_2,2023,11,0,0
AUT.3.8.12.5_2,2023,11,0,0
AUT.3.8.13.1_2,2023,11,0,0
AUT.3.8.13.2_2,2023,11,0,0
AUT.3.8.13.3_2,2023,11,0,0
AUT.3.8.13.4_2,2023,11,0,0
AUT.3.8.14.1_2,2023,11,0,0
AUT.3.8.14.2_2,2023,11,0,0
AUT.3.8.14.3_2,2023,11,0,0
AUT.3.8.14.4_2,2023,11,0,0
AUT.3.8.14.5_2,2023,11,0,0
AUT.3.8.15.1_2,2023,11,0,0
AUT.3.8.15.2_2,2023,11,0,0
AUT.3.8.15.3_2,2023,11,0,0
AUT.3.8.16.1_2,2023,11,0,0
AUT.3.8.16.2_2,2023,11,0,0
AUT.3.8.16.3_2,2023,11,0,0
AUT.3.8.17.1_2,2023,11,0,0
AUT.3.8.17.2_2,2023,11,0,0
AUT.3.8.17.3_2,2023,11,0,0
AUT.3.8.17.4_2,2023,11,0,0
AUT.3.8.18.1_2,2023,11,0,0
AUT.3.8.19.1_2,2023,11,0,0
AUT.3.8.19.2_2,2023,11,0,0
AUT.3.8.19.3_2,2023,11,0,0
AUT.3.8.19.4_2,2023,11,0,0
AUT.3.8.19.5_2,2023,11,0,0
AUT.3.8.19.6_2,2023,11,0,0
AUT.3.8.19.7_2,2023,11,0,0
AUT.3.8.19.8_2,2023,11,0,0
AUT.3.8.19.9_2,2023,11,0,0
AUT.3.8.2.1_2,2023,11,0,0
AUT.3.8.2.2_2,2023,11,0,0
AUT.3.8.20.1_2,2023,11,0,0
AUT.3.8.3.1_2,2023,11,0,0
AUT.3.8.3.10_2,2023,11,0,0
AUT.3.8.3.11_2,2023,11,0,0
AUT.3.8.3.12_2,2023,11,0,0
AUT.3.8.3.13_2,2023,11,0,0
AUT.3.8.3.14_2,2023,11,0,0
AUT.3.8.3.2_2,2023,11,0,0
AUT.3.8.3.3_2,2023,11,0,0
AUT.3.8.3.4_2,2023,11,0,0
AUT.3.8.3.5_2,2023,11,0,0
AUT.3.8.3.6_2,2023,11,0,0
AUT.3.8.3.7_2,2023,11,0,0
AUT.3.8.3.8_2,2023,11,0,0
AUT.3.8.3.9_2,2023,11,0,0
AUT.3.8.4.1_2,2023,11,0,0
AUT.3.8.4.2_2,2023,11,0,0
AUT.3.8.4.3_2,2023,11,0,0
AUT.3.8.5.1_2,2023,11,0,0
AUT.3.8.5.10_2,2023,11,0,0
AUT.3.8.5.2_2,2023,11,0,0
AUT.3.8.5.3_2,2023,11,0,0
AUT.3.8.5.4_2,2023,11,0,0
AUT.3.8.5.5_2,2023,11,0,0
AUT.3.8.5.6_2,2023,11,0,0
AUT.3.8.5.7_2,2023,11,0,0
AUT.3.8.5.8_2,2023,11,0,0
AUT.3.8.5.9_2,2023,11,0,0
AUT.3.8.6.1_2,2023,11,0,0
AUT.3.8.6.2_2,2023,11,0,0
AUT.3.8.6.3_2,2023,11,0,0
AUT.3.8.6.4_2,2023,11,0,0
AUT.3.8.6.5_2,2023,11,0,0
AUT.3.8.6.6_2,2023,11,0,0
AUT.3.8.7.1_2,2023,11,0,0
AUT.3.8.7.2_2,2023,11,0,0
AUT.3.8.8.1_2,2023,11,0,0
AUT.3.8.8.2_2,2023,11,0,0
AUT.3.8.8.3_2,2023,11,0,0
AUT.3.8.8.4_2,2023,11,0,0
AUT.3.8.8.5_2,2023,11,0,0
AUT.3.8.8.6_2,2023,11,0,0
AUT.3.8.8.7_2,2023,11,0,0
AUT.3.8.9.1_2,2023,11,0,0
AUT.3.8.9.10_2,2023,11,0,0
AUT.3.8.9.2_2,2023,11,0,0
AUT.3.8.9.3_2,2023,11,0,0
AUT.3.8.9.4_2,2023,11,0,0
AUT.3.8.9.5_2,2023,11,0,0
AUT.3.8.9.6_2,2023,11,0,0
AUT.3.8.9.7_2,2023,11,0,0
AUT.3.8.9.8_2,2023,11,0,0
AUT.3.8.9.9_2,2023,11,0,0
AUT.3.9.1.1_2,2023,11,0,0
AUT.3.9.1.10_2,2023,11,0,0
AUT.3.9.1.11_2,2023,11,0,0
AUT.3.9.1.2_2,2023,11,0,0
AUT.3.9.1.3_2,2023,11,0,0
AUT.3.9.1.4_2,2023,11,0,0
AUT.3.9.1.5_2,2023,11,0,0
AUT.3.9.1.6_2,2023,11,0,0
AUT.3.9.1.7_2,2023,11,0,0
AUT.3.9.1.8_2,2023,11,0,0
AUT.3.9.1.9_2,2023,11,0,0
AUT.4.1.1.1_2,2023,11,0,0
AUT.4.1.1.2_2,2023,11,0,0
AUT.4.1.1.3_2,2023,11,0,0
AUT.4.1.10.1_2,2023,11,0,0
AUT.4.1.10.2_2,2023,11,0,0
AUT.4.1.10.3_2,2023,11,0,0
AUT.4.1.11.1_2,2023,11,0,0
AUT.4.1.12.1_2,2023,11,0,0
AUT.4.1.12.2_2,2023,11,0,0
AUT.4.1.13.1_2,2023,11,0,0
AUT.4.1.13.2_2,2023,11,0,0
AUT.4.1.13.3_2,2023,11,0,0
AUT.4.1.13.4_2,2023,11,0,0
AUT.4.1.14.1_2,2023,11,0,0
AUT.4.1.14.2_2,2023,11,0,0
AUT.4.1.14.3_2,2023,11,0,0
AUT.4.1.14.4_2,2023,11,0,0
AUT.4.1.15.1_2,2023,11,0,0
AUT.4.1.15.2_2,2023,11,0,0
AUT.4.1.16.1_2,2023,11,0,0
AUT.4.1.17.1_2,2023,11,0,0
AUT.4.1.17.2_2,2023,11,0,0
AUT.4.1.18.1_2,2023,11,0,0
AUT.4.1.18.2_2,2023,11,0,0
AUT.4.1.18.3_2,2023,11,0,0
AUT.4.1.18.4_2,2023,11,0,0
AUT.4.1.18.5_2,2023,11,0,0
AUT.4.1.18.6_2,2023,11,0,0
AUT.4.1.19.1_2,2023,11,0,0
AUT.4.1.19.2_2,2023,11,0,0
AUT.4.1.19.3_2,2023,11,0,0
AUT.4.1.19.4_2,2023,11,0,0
AUT.4.1.2.1_2,2023,11,0,0
AUT.4.1.2.2_2,2023,11,0,0
AUT.4.1.2.3_2,2023,11,0,0
AUT.4.1.20.1_2,2023,11,0,0
AUT.4.1.20.2_2,2023,11,0,0
AUT.4.1.20.3_2,2023,11,0,0
AUT.4.1.21.1_2,2023,11,0,0
AUT.4.1.22.1_2,2023,11,0,0
AUT.4.1.22.2_2,2023,11,0,0
AUT.4.1.23.1_2,2023,11,0,0
AUT.4.1.23.2_2,2023,11,0,0
AUT.4.1.23.3_2,2023,11,0,0
AUT.4.1.24.1_2,2023,11,0,0
AUT.4.1.24.2_2,2023,11,0,0
AUT.4.1.25.1_2,2023,11,0,0
AUT.4.1.25.2_2,2023,11,0,0
AUT.4.1.26.1_2,2023,11,0,0
AUT.4.1.26.2_2,2023,11,0,0
AUT.4.1.27.1_2,2023,11,0,0
AUT.4.1.27.2_2,2023,11,0,0
AUT.4.1.27.3_2,2023,11,0,0
AUT.4.1.28.1_2,2023,11,0,0
AUT.4.1.28.2_2,2023,11,0,0
AUT.4.1.28.3_2,2023,11,0,0
AUT.4.1.29.1_2,2023,11,0,0
AUT.4.1.29.2_2,2023,11,0,0
AUT.4.1.3.1_2,2023,11,0,0
AUT.4.1.3.2_2,2023,11,0,0
AUT.4.1.30.1_2,2023,11,0,0
AUT.4.1.30.2_2,2023,11,0,0
AUT.4.1.31.1_2,2023,11,0,0
AUT.4.1.32.1_2,2023,11,0,0
AUT.4.1.32.2_2,2023,11,0,0
AUT.4.1.32.3_2,2023,11,0,0
AUT.4.1.32.4_2,2023,11,0,0
AUT.4.1.33.1_2,2023,11,0,0
AUT.4.1.34.1_2,2023,11,0,0
AUT.4.1.34.2_2,2023,11,0,0
AUT.4.1.35.1_2,2023,11,0,0
AUT.4.1.36.1_2,2023,11,0,0
AUT.4.1.37.1_2,2023,11,0,0
AUT.4.1.37.2_2,2023,11,0,0
AUT.4.1.37.3_2,2023,11,0,0
AUT.4.1.38.1_2,2023,11,0,0
AUT.4.1.38.2_2,2023,11,0,0
AUT.4.1.38.3_2,2023,11,0,0
AUT.4.1.39.1_2,2023,11,0,0
AUT.4.1.4.1_2,2023,11,0,0
AUT.4.1.4.2_2,2023,11,0,0
AUT.4.1.4.3_2,2023,11,0,0
AUT.4.1.40.1_2,2023,11,0,0
AUT.4.1.41.1_2,2023,11,0,0
AUT.4.1.41.2_2,2023,11,0,0
AUT.4.1.41.3_2,2023,11,0,0
AUT.4.1.41.4_2,2023,11,0,0
AUT.4.1.42.1_2,2023,11,0,0
AUT.4.1.43.1_2,2023,11,0,0
AUT.4.1.43.2_2,2023,11,0,0
AUT.4.1.43.3_2,2023,11,0,0
AUT.4.1.44.1_2,2023,11,0,0
AUT.4.1.44.2_2,2023,11,0,0
AUT.4.1.45.1_2,2023,11,0,0
AUT.4.1.46.1_2,2023,11,0,0
AUT.4.1.46.2_2,2023,11,0,0
AUT.4.1.5.1_2,2023,11,0,0
AUT.4.1.5.2_2,2023,11,0,0
AUT.4.1.5.3_2,2023,11,0,0
AUT.4.1.5.4_2,2023,11,0,0
AUT.4.1.5.5_2,2023,11,0,0
AUT.4.1.6.1_2,2023,11,0,0
AUT.4.1.6.2_2,2023,11,0,0
AUT.4.1.6.3_2,2023,11,0,0
AUT.4.1.6.4_2,2023,11,0,0
AUT.4.1.6.5_2,2023,11,0,0
AUT.4.1.7.1_2,2023,11,0,0
AUT.4.1.7.2_2,2023,11,0,0
AUT.4.1.7.3_2,2023,11,0,0
AUT.4.1.7.4_2,2023,11,0,0
AUT.4.1.7.5_2,2023,11,0,0
AUT.4.1.8.1_2,2023,11,0,0
AUT.4.1.8.2_2,2023,11,0,0
AUT.4.1.9.1_2,2023,11,0,0
AUT.4.1.9.2_2,2023,11,0,0
AUT.4.1.9.3_2,2023,11,0,0
AUT.4.10.1.1_2,2023,11,0,0
AUT.4.10.1.2_2,2023,11,0,0
AUT.4.10.1.3_2,2023,11,0,0
AUT.4.10.10.1_2,2023,11,0,0
AUT.4.10.10.2_2,2023,11,0,0
AUT.4.10.11.1_2,2023,11,0,0
AUT.4.10.12.1_2,2023,11,0,0
AUT.4.10.12.2_2,2023,11,0,0
AUT.4.10.12.3_2,2023,11,0,0
AUT.4.10.12.4_2,2023,11,0,0
AUT.4.10.12.5_2,2023,11,0,0
AUT.4.10.13.1_2,2023,11,0,0
AUT.4.10.13.2_2,2023,11,0,0
AUT.4.10.13.3_2,2023,11,0,0
AUT.4.10.14.1_2,2023,11,0,0
AUT.4.10.14.2_2,2023,11,0,0
AUT.4.10.14.3_2,2023,11,0,0
AUT.4.10.14.4_2,2023,11,0,0
AUT.4.10.14.5_2,2023,11,0,0
AUT.4.10.15.1_2,2023,11,0,0
AUT.4.10.15.2_2,2023,11,0,0
AUT.4.10.15.3_2,2023,11,0,0
AUT.4.10.15.4_2,2023,11,0,0
AUT.4.10.16.1_2,2023,11,0,0
AUT.4.10.16.2_2,2023,11,0,0
AUT.4.10.17.1_2,2023,11,0,0
AUT.4.10.18.1_2,2023,11,0,0
AUT.4.10.18.2_2,2023,11,0,0
AUT.4.10.19.1_2,2023,11,0,0
AUT.4.10.2.1_2,2023,11,0,0
AUT.4.10.20.1_2,2023,11,0,0
AUT.4.10.20.2_2,2023,11,0,0
AUT.4.10.21.1_2,2023,11,0,0
AUT.4.10.21.2_2,2023,11,0,0
AUT.4.10.21.3_2,2023,11,0,0
AUT.4.10.22.1_2,2023,11,0,0
AUT.4.10.22.2_2,2023,11,0,0
AUT.4.10.22.3_2,2023,11,0,0
AUT.4.10.23.1_2,2023,11,0,0
AUT.4.10.23.2_2,2023,11,0,0
AUT.4.10.24.1_2,2023,11,0,0
AUT.4.10.24.2_2,2023,11,0,0
AUT.4.10.24.3_2,2023,11,0,0
AUT.4.10.25.1_2,2023,11,0,0
AUT.4.10.26.1_2,2023,11,0,0
AUT.4.10.26.2_2,2023,11,0,0
AUT.4.10.27.1_2,2023,11,0,0
AUT.4.10.27.2_2,2023,11,0,0
AUT.4.10.27.3_2,2023,11,0,0
AUT.4.10.28.1_2,2023,11,0,0
AUT.4.10.28.2_2,2023,11,0,0
AUT.4.10.29.1_2,2023,11,0,0
AUT.4.10.29.2_2,2023,11,0,0
AUT.4.10.3.1_2,2023,11,0,0
AUT.4.10.3.2_2,2023,11,0,0
AUT.4.10.3.3_2,2023,11,0,0
AUT.4.10.3.4_2,2023,11,0,0
AUT.4.10.3.5_2,2023,11,0,0
AUT.4.10.30.1_2,2023,11,0,0
AUT.4.10.30.2_2,2023,11,0,0
AUT.4.10.31.1_2,2023,11,0,0
AUT.4.10.31.2_2,2023,11,0,0
AUT.4.10.31.3_2,2023,11,0,0
AUT.4.10.31.4_2,2023,11,0,0
AUT.4.10.31.5_2,2023,11,0,0
AUT.4.10.31.6_2,2023,11,0,0
AUT.4.10.31.7_2,2023,11,0,0
AUT.4.10.31.8_2,2023,11,0,0
AUT.4.10.31.9_2,2023,11,0,0
AUT.4.10.32.1_2,2023,11,0,0
AUT.4.10.32.2_2,2023,11,0,0
AUT.4.10.32.3_2,2023,11,0,0
AUT.4.10.33.1_2,2023,11,0,0
AUT.4.10.33.2_2,2023,11,0,0
AUT.4.10.33.3_2,2023,11,0,0
AUT.4.10.33.4_2,2023,11,0,0
AUT.4.10.33.5_2,2023,11,0,0
AUT.4.10.33.6_2,2023,11,0,0
AUT.4.10.34.1_2,2023,11,0,0
AUT.4.10.34.2_2,2023,11,0,0
AUT.4.10.34.3_2,2023,11,0,0
AUT.4.10.34.4_2,2023,11,0,0
AUT.4.10.34.5_2,2023,11,0,0
AUT.4.10.35.1_2,2023,11,0,0
AUT.4.10.35.2_2,2023,11,0,0
AUT.4.10.36.1_2,2023,11,0,0
AUT.4.10.4.1_2,2023,11,0,0
AUT.4.10.4.2_2,2023,11,0,0
AUT.4.10.4.3_2,2023,11,0,0
AUT.4.10.4.4_2,2023,11,0,0
AUT.4.10.4.5_2,2023,11,0,0
AUT.4.10.4.6_2,2023,11,0,0
AUT.4.10.4.7_2,2023,11,0,0
AUT.4.10.5.1_2,2023,11,0,0
AUT.4.10.5.2_2,2023,11,0,0
AUT.4.10.6.1_2,2023,11,0,0
AUT.4.10.7.1_2,2023,11,0,0
AUT.4.10.7.2_2,2023,11,0,0
AUT.4.10.8.1_2,2023,11,0,0
AUT.4.10.8.2_2,2023,11,0,0
AUT.4.10.9.1_2,2023,11,0,0
AUT.4.10.9.2_2,2023,11,0,0
AUT.4.10.9.3_2,2023,11,0,0
AUT.4.10.9.4_2,2023,11,0,0
AUT.4.10.9.5_2,2023,11,0,0
AUT.4.10.9.6_2,2023,11,0,0
AUT.4.10.9.7_2,2023,11,0,0
AUT.4.11.1.1_2,2023,11,0,0
AUT.4.11.10.1_2,2023,11,0,0
AUT.4.11.10.2_2,2023,11,0,0
AUT.4.11.11.1_2,2023,11,0,0
AUT.4.11.12.1_2,2023,11,0,0
AUT.4.11.12.2_2,2023,11,0,0
AUT.4.11.13.1_2,2023,11,0,0
AUT.4.11.13.2_2,2023,11,0,0
AUT.4.11.14.1_2,2023,11,0,0
AUT.4.11.15.1_2,2023,11,0,0
AUT.4.11.16.1_2,2023,11,0,0
AUT.4.11.16.2_2,2023,11,0,0
AUT.4.11.17.1_2,2023,11,0,0
AUT.4.11.18.1_2,2023,11,0,0
AUT.4.11.19.1_2,2023,11,0,0
AUT.4.11.2.1_2,2023,11,0,0
AUT.4.11.20.1_2,2023,11,0,0
AUT.4.11.20.2_2,2023,11,0,0
AUT.4.11.21.1_2,2023,11,0,0
AUT.4.11.21.2_2,2023,11,0,0
AUT.4.11.22.1_2,2023,11,0,0
AUT.4.11.22.2_2,2023,11,0,0
AUT.4.11.23.1_2,2023,11,0,0
AUT.4.11.23.2_2,2023,11,0,0
AUT.4.11.23.3_2,2023,11,0,0
AUT.4.11.24.1_2,2023,11,0,0
AUT.4.11.25.1_2,2023,11,0,0
AUT.4.11.25.2_2,2023,11,0,0
AUT.4.11.25.3_2,2023,11,0,0
AUT.4.11.26.1_2,2023,11,0,0
AUT.4.11.26.2_2,2023,11,0,0
AUT.4.11.26.3_2,2023,11,0,0
AUT.4.11.27.1_2,2023,11,0,0
AUT.4.11.27.2_2,2023,11,0,0
AUT.4.11.27.3_2,2023,11,0,0
AUT.4.11.28.1_2,2023,11,0,0
AUT.4.11.28.2_2,2023,11,0,0
AUT.4.11.29.1_2,2023,11,0,0
AUT.4.11.29.2_2,2023,11,0,0
AUT.4.11.29.3_2,2023,11,0,0
AUT.4.11.29.4_2,2023,11,0,0
AUT.4.11.29.5_2,2023,11,0,0
AUT.4.11.3.1_2,2023,11,0,0
AUT.4.11.3.2_2,2023,11,0,0
AUT.4.11.3.3_2,2023,11,0,0
AUT.4.11.30.1_2,2023,11,0,0
AUT.4.11.30.2_2,2023,11,0,0
AUT.4.11.31.1_2,2023,11,0,0
AUT.4.11.31.2_2,2023,11,0,0
AUT.4.11.31.3_2,2023,11,0,0
AUT.4.11.32.1_2,2023,11,0,0
AUT.4.11.33.1_2,2023,11,0,0
AUT.4.11.33.2_2,2023,11,0,0
AUT.4.11.33.3_2,2023,11,0,0
AUT.4.11.34.1_2,2023,11,0,0
AUT.4.11.34.2_2,2023,11,0,0
AUT.4.11.35.1_2,2023,11,0,0
AUT.4.11.36.1_2,2023,11,0,0
AUT.4.11.36.2_2,2023,11,0,0
AUT.4.11.37.1_2,2023,11,0,0
AUT.4.11.37.2_2,2023,11,0,0
AUT.4.11.37.3_2,2023,11,0,0
AUT.4.11.37.4_2,2023,11,0,0
AUT.4.11.37.5_2,2023,11,0,0
AUT.4.11.38.1_2,2023,11,0,0
AUT.4.11.39.1_2,2023,11,0,0
AUT.4.11.4.1_2,2023,11,0,0
AUT.4.11.4.2_2,2023,11,0,0
AUT.4.11.4.3_2,2023,11,0,0
AUT.4.11.40.1_2,2023,11,0,0
AUT.4.11.40.2_2,2023,11,0,0
AUT.4.11.40.3_2,2023,11,0,0
AUT.4.11.40.4_2,2023,11,0,0
AUT.4.11.40.5_2,2023,11,0,0
AUT.4.11.5.1_2,2023,11,0,0
AUT.4.11.5.2_2,2023,11,0,0
AUT.4.11.6.1_2,2023,11,0,0
AUT.4.11.7.1_2,2023,11,0,0
AUT.4.11.8.1_2,2023,11,0,0
AUT.4.11.9.1_2,2023,11,0,0
AUT.4.11.9.2_2,2023,11,0,0
AUT.4.12.1.1_2,2023,11,0,0
AUT.4.12.1.2_2,2023,11,0,0
AUT.4.12.10.1_2,2023,11,0,0
AUT.4.12.10.2_2,2023,11,0,0
AUT.4.12.11.1_2,2023,11,0,0
AUT.4.12.11.2_2,2023,11,0,0
AUT.4.12.11.3_2,2023,11,0,0
AUT.4.12.11.4_2,2023,11,0,0
AUT.4.12.12.1_2,2023,11,0,0
AUT.4.12.13.1_2,2023,11,0,0
AUT.4.12.13.2_2,2023,11,0,0
AUT.4.12.13.3_2,2023,11,0,0
AUT.4.12.13.4_2,2023,11,0,0
AUT.4.12.13.5_2,2023,11,0,0
AUT.4.12.13.6_2,2023,11,0,0
AUT.4.12.14.1_2,2023,11,0,0
AUT.4.12.14.2_2,2023,11,0,0
AUT.4.12.14.3_2,2023,11,0,0
AUT.4.12.14.4_2,2023,11,0,0
AUT.4.12.14.5_2,2023,11,0,0
AUT.4.12.15.1_2,2023,11,0,0
AUT.4.12.15.2_2,2023,11,0,0
AUT.4.12.15.3_2,2023,11,0,0
AUT.4.12.15.4_2,2023,11,0,0
AUT.4.12.16.1_2,2023,11,0,0
AUT.4.12.16.2_2,2023,11,0,0
AUT.4.12.17.1_2,2023,11,0,0
AUT.4.12.17.2_2,2023,11,0,0
AUT.4.12.17.3_2,2023,11,0,0
AUT.4.12.18.1_2,2023,11,0,0
AUT.4.12.18.2_2,2023,11,0,0
AUT.4.12.18.3_2,2023,11,0,0
AUT.4.12.18.4_2,2023,11,0,0
AUT.4.12.19.1_2,2023,11,0,0
AUT.4.12.19.2_2,2023,11,0,0
AUT.4.12.19.3_2,2023,11,0,0
AUT.4.12.19.4_2,2023,11,0,0
AUT.4.12.2.1_2,2023,11,0,0
AUT.4.12.2.2_2,2023,11,0,0
AUT.4.12.2.3_2,2023,11,0,0
AUT.4.12.2.4_2,2023,11,0,0
AUT.4.12.2.5_2,2023,11,0,0
AUT.4.12.2.6_2,2023,11,0,0
AUT.4.12.2.7_2,2023,11,0,0
AUT.4.12.20.1_2,2023,11,0,0
AUT.4.12.20.2_2,2023,11,0,0
AUT.4.12.20.3_2,2023,11,0,0
AUT.4.12.20.4_2,2023,11,0,0
AUT.4.12.20.5_2,2023,11,0,0
AUT.4.12.20.6_2,2023,11,0,0
AUT.4.12.21.1_2,2023,11,0,0
AUT.4.12.21.2_2,2023,11,0,0
AUT.4.12.22.1_2,2023,11,0,0
AUT.4.12.22.2_2,2023,11,0,0
AUT.4.12.22.3_2,2023,11,0,0
AUT.4.12.22.4_2,2023,11,0,0
AUT.4.12.22.5_2,2023,11,0,0
AUT.4.12.22.6_2,2023,11,0,0
AUT.4.12.23.1_2,2023,11,0,0
AUT.4.12.23.2_2,2023,11,0,0
AUT.4.12.24.1_2,2023,11,0,0
AUT.4.12.24.2_2,2023,11,0,0
AUT.4.12.25.1_2,2023,11,0,0
AUT.4.12.26.1_2,2023,11,0,0
AUT.4.12.26.2_2,2023,11,0,0
AUT.4.12.26.3_2,2023,11,0,0
AUT.4.12.26.4_2,2023,11,0,0
AUT.4.12.26.5_2,2023,11,0,0
AUT.4.12.26.6_2,2023,11,0,0
AUT.4.12.27.1_2,2023,11,0,0
AUT.4.12.28.1_2,2023,11,0,0
AUT.4.12.28.2_2,2023,11,0,0
AUT.4.12.28.3_2,2023,11,0,0
AUT.4.12.29.1_2,2023,11,0,0
AUT.4.12.29.2_2,2023,11,0,0
AUT.4.12.29.3_2,2023,11,0,0
AUT.4.12.29.4_2,2023,11,0,0
AUT.4.12.29.5_2,2023,11,0,0
AUT.4.12.3.1_2,2023,11,0,0
AUT.4.12.3.2_2,2023,11,0,0
AUT.4.12.30.1_2,2023,11,0,0
AUT.4.12.30.2_2,2023,11,0,0
AUT.4.12.30.3_2,2023,11,0,0
AUT.4.12.30.4_2,2023,11,0,0
AUT.4.12.30.5_2,2023,11,0,0
AUT.4.12.30.6_2,2023,11,0,0
AUT.4.12.30.7_2,2023,11,0,0
AUT.4.12.4.1_2,2023,11,0,0
AUT.4.12.4.2_2,2023,11,0,0
AUT.4.12.4.3_2,2023,11,0,0
AUT.4.12.4.4_2,2023,11,0,0
AUT.4.12.4.5_2,2023,11,0,0
AUT.4.12.4.6_2,2023,11,0,0
AUT.4.12.5.1_2,2023,11,0,0
AUT.4.12.5.2_2,2023,11,0,0
AUT.4.12.6.1_2,2023,11,0,0
AUT.4.12.6.2_2,2023,11,0,0
AUT.4.12.6.3_2,2023,11,0,0
AUT.4.12.7.1_2,2023,11,0,0
AUT.4.12.7.2_2,2023,11,0,0
AUT.4.12.8.1_2,2023,11,0,0
AUT.4.12.8.2_2,2023,11,0,0
AUT.4.12.8.3_2,2023,11,0,0
AUT.4.12.8.4_2,2023,11,0,0
AUT.4.12.9.1_2,2023,11,0,0
AUT.4.12.9.2_2,2023,11,0,0
AUT.4.12.9.3_2,2023,11,0,0
AUT.4.12.9.4_2,2023,11,0,0
AUT.4.13.1.1_2,2023,11,0,0
AUT.4.13.1.2_2,2023,11,0,0
AUT.4.13.1.3_2,2023,11,0,0
AUT.4.13.10.1_2,2023,11,0,0
AUT.4.13.10.2_2,2023,11,0,0
AUT.4.13.10.3_2,2023,11,0,0
AUT.4.13.10.4_2,2023,11,0,0
AUT.4.13.11.1_2,2023,11,0,0
AUT.4.13.11.2_2,2023,11,0,0
AUT.4.13.11.3_2,2023,11,0,0
AUT.4.13.11.4_2,2023,11,0,0
AUT.4.13.12.1_2,2023,11,0,0
AUT.4.13.12.2_2,2023,11,0,0
AUT.4.13.13.1_2,2023,11,0,0
AUT.4.13.13.2_2,2023,11,0,0
AUT.4.13.14.1_2,2023,11,0,0
AUT.4.13.14.2_2,2023,11,0,0
AUT.4.13.14.3_2,2023,11,0,0
AUT.4.13.15.1_2,2023,11,0,0
AUT.4.13.15.2_2,2023,11,0,0
AUT.4.13.15.3_2,2023,11,0,0
AUT.4.13.16.1_2,2023,11,0,0
AUT.4.13.16.2_2,2023,11,0,0
AUT.4.13.16.3_2,2023,11,0,0
AUT.4.13.16.4_2,2023,11,0,0
AUT.4.13.16.5_2,2023,11,0,0
AUT.4.13.16.6_2,2023,11,0,0
AUT.4.13.16.7_2,2023,11,0,0
AUT.4.13.17.1_2,2023,11,0,0
AUT.4.13.17.2_2,2023,11,0,0
AUT.4.13.17.3_2,2023,11,0,0
AUT.4.13.18.1_2,2023,11,0,0
AUT.4.13.18.2_2,2023,11,0,0
AUT.4.13.18.3_2,2023,11,0,0
AUT.4.13.18.4_2,2023,11,0,0
AUT.4.13.18.5_2,2023,11,0,0
AUT.4.13.19.1_2,2023,11,0,0
AUT.4.13.19.2_2,2023,11,0,0
AUT.4.13.19.3_2,2023,11,0,0
AUT.4.13.19.4_2,2023,11,0,0
AUT.4.13.19.5_2,2023,11,0,0
AUT.4.13.19.6_2,2023,11,0,0
AUT.4.13.2.1_2,2023,11,0,0
AUT.4.13.2.2_2,2023,11,0,0
AUT.4.13.20.1_2,2023,11,0,0
AUT.4.13.20.2_2,2023,11,0,0
AUT.4.13.20.3_2,2023,11,0,0
AUT.4.13.20.4_2,2023,11,0,0
AUT.4.13.20.5_2,2023,11,0,0
AUT.4.13.20.6_2,2023,11,0,0
AUT.4.13.3.1_2,2023,11,0,0
AUT.4.13.3.2_2,2023,11,0,0
AUT.4.13.3.3_2,2023,11,0,0
AUT.4.13.4.1_2,2023,11,0,0
AUT.4.13.4.2_2,2023,11,0,0
AUT.4.13.4.3_2,2023,11,0,0
AUT.4.13.5.1_2,2023,11,0,0
AUT.4.13.5.2_2,2023,11,0,0
AUT.4.13.5.3_2,2023,11,0,0
AUT.4.13.5.4_2,2023,11,0,0
AUT.4.13.6.1_2,2023,11,0,0
AUT.4.13.6.2_2,2023,11,0,0
AUT.4.13.6.3_2,2023,11,0,0
AUT.4.13.6.4_2,2023,11,0,0
AUT.4.13.6.5_2,2023,11,0,0
AUT.4.13.6.6_2,2023,11,0,0
AUT.4.13.7.1_2,2023,11,0,0
AUT.4.13.7.2_2,2023,11,0,0
AUT.4.13.7.3_2,2023,11,0,0
AUT.4.13.7.4_2,2023,11,0,0
AUT.4.13.8.1_2,2023,11,0,0
AUT.4.13.9.1_2,2023,11,0,0
AUT.4.13.9.2_2,2023,11,0,0
AUT.4.14.1.1_2,2023,11,0,0
AUT.4.14.1.2_2,2023,11,0,0
AUT.4.14.1.3_2,2023,11,0,0
AUT.4.14.1.4_2,2023,11,0,0
AUT.4.14.1.5_2,2023,11,0,0
AUT.4.14.1.6_2,2023,11,0,0
AUT.4.14.1.7_2,2023,11,0,0
AUT.4.14.1.8_2,2023,11,0,0
AUT.4.15.1.1_2,2023,11,0,0
AUT.4.15.1.2_2,2023,11,0,0
AUT.4.15.1.3_2,2023,11,0,0
AUT.4.15.10.1_2,2023,11,0,0
AUT.4.15.11.1_2,2023,11,0,0
AUT.4.15.11.2_2,2023,11,0,0
AUT.4.15.12.1_2,2023,11,0,0
AUT.4.15.12.2_2,2023,11,0,0
AUT.4.15.12.3_2,2023,11,0,0
AUT.4.15.13.1_2,2023,11,0,0
AUT.4.15.13.2_2,2023,11,0,0
AUT.4.15.14.1_2,2023,11,0,0
AUT.4.15.15.1_2,2023,11,0,0
AUT.4.15.15.2_2,2023,11,0,0
AUT.4.15.15.3_2,2023,11,0,0
AUT.4.15.16.1_2,2023,11,0,0
AUT.4.15.17_2,2023,11,0,0
AUT.4.15.17.1_2,2023,11,0,0
AUT.4.15.17.2_2,2023,11,0,0
AUT.4.15.18.1_2,2023,11,0,0
AUT.4.15.19.1_2,2023,11,0,0
AUT.4.15.2.1_2,2023,11,0,0
AUT.4.15.2.2_2,2023,11,0,0
AUT.4.15.2.3_2,2023,11,0,0
AUT.4.15.20.1_2,2023,11,0,0
AUT.4.15.20.2_2,2023,11,0,0
AUT.4.15.21.1_2,2023,11,0,0
AUT.4.15.22.1_2,2023,11,0,0
AUT.4.15.22.2_2,2023,11,0,0
AUT.4.15.22.3_2,2023,11,0,0
AUT.4.15.23.1_2,2023,11,0,0
AUT.4.15.23.2_2,2023,11,0,0
AUT.4.15.23.3_2,2023,11,0,0
AUT.4.15.24.1_2,2023,11,0,0
AUT.4.15.25.1_2,2023,11,0,0
AUT.4.15.25.2_2,2023,11,0,0
AUT.4.15.25.3_2,2023,11,0,0
AUT.4.15.26.1_2,2023,11,0,0
AUT.4.15.26.2_2,2023,11,0,0
AUT.4.15.27.1_2,2023,11,0,0
AUT.4.15.27.2_2,2023,11,0,0
AUT.4.15.3.1_2,2023,11,0,0
AUT.4.15.3.2_2,2023,11,0,0
AUT.4.15.3.3_2,2023,11,0,0
AUT.4.15.3.4_2,2023,11,0,0
AUT.4.15.3.5_2,2023,11,0,0
AUT.4.15.4.1_2,2023,11,0,0
AUT.4.15.4.2_2,2023,11,0,0
AUT.4.15.5.1_2,2023,11,0,0
AUT.4.15.5.2_2,2023,11,0,0
AUT.4.15.5.3_2,2023,11,0,0
AUT.4.15.5.4_2,2023,11,0,0
AUT.4.15.6.1_2,2023,11,0,0
AUT.4.15.6.2_2,2023,11,0,0
AUT.4.15.6.3_2,2023,11,0,0
AUT.4.15.6.4_2,2023,11,0,0
AUT.4.15.6.5_2,2023,11,0,0
AUT.4.15.6.6_2,2023,11,0,0
AUT.4.15.6.7_2,2023,11,0,0
AUT.4.15.7.1_2,2023,11,0,0
AUT.4.15.8.1_2,2023,11,0,0
AUT.4.15.9.1_2,2023,11,0,0
AUT.4.15.9.2_2,2023,11,0,0
AUT.4.16.1.1_2,2023,11,0,0
AUT.4.16.10.1_2,2023,11,0,0
AUT.4.16.10.2_2,2023,11,0,0
AUT.4.16.10.3_2,2023,11,0,0
AUT.4.16.11.1_2,2023,11,0,0
AUT.4.16.11.2_2,2023,11,0,0
AUT.4.16.11.3_2,2023,11,0,0
AUT.4.16.12.1_2,2023,11,0,0
AUT.4.16.13.1_2,2023,11,0,0
AUT.4.16.14.1_2,2023,11,0,0
AUT.4.16.15.1_2,2023,11,0,0
AUT.4.16.16.1_2,2023,11,0,0
AUT.4.16.16.2_2,2023,11,0,0
AUT.4.16.16.3_2,2023,11,0,0
AUT.4.16.17.1_2,2023,11,0,0
AUT.4.16.18.1_2,2023,11,0,0
AUT.4.16.18.2_2,2023,11,0,0
AUT.4.16.19.1_2,2023,11,0,0
AUT.4.16.19.2_2,2023,11,0,0
AUT.4.16.2.1_2,2023,11,0,0
AUT.4.16.2.2_2,2023,11,0,0
AUT.4.16.20.1_2,2023,11,0,0
AUT.4.16.21.1_2,2023,11,0,0
AUT.4.16.21.2_2,2023,11,0,0
AUT.4.16.22.1_2,2023,11,0,0
AUT.4.16.22.2_2,2023,11,0,0
AUT.4.16.22.3_2,2023,11,0,0
AUT.4.16.23.1_2,2023,11,0,0
AUT.4.16.23.2_2,2023,11,0,0
AUT.4.16.24.1_2,2023,11,0,0
AUT.4.16.25.1_2,2023,11,0,0
AUT.4.16.26.1_2,2023,11,0,0
AUT.4.16.26.2_2,2023,11,0,0
AUT.4.16.26.3_2,2023,11,0,0
AUT.4.16.26.4_2,2023,11,0,0
AUT.4.16.26.5_2,2023,11,0,0
AUT.4.16.27.1_2,2023,11,0,0
AUT.4.16.28.1_2,2023,11,0,0
AUT.4.16.29.1_2,2023,11,0,0
AUT.4.16.3.1_2,2023,11,0,0
AUT.4.16.30.1_2,2023,11,0,0
AUT.4.16.31.1_2,2023,11,0,0
AUT.4.16.31.2_2,2023,11,0,0
AUT.4.16.31.3_2,2023,11,0,0
AUT.4.16.31.4_2,2023,11,0,0
AUT.4.16.32.1_2,2023,11,0,0
AUT.4.16.33.1_2,2023,11,0,0
AUT.4.16.34.1_2,2023,11,0,0
AUT.4.16.35.1_2,2023,11,0,0
AUT.4.16.36.1_2,2023,11,0,0
AUT.4.16.36.2_2,2023,11,0,0
AUT.4.16.36.3_2,2023,11,0,0
AUT.4.16.37.1_2,2023,11,0,0
AUT.4.16.38.1_2,2023,11,0,0
AUT.4.16.39.1_2,2023,11,0,0
AUT.4.16.39.2_2,2023,11,0,0
AUT.4.16.4.1_2,2023,11,0,0
AUT.4.16.40.1_2,2023,11,0,0
AUT.4.16.41.1_2,2023,11,0,0
AUT.4.16.41.2_2,2023,11,0,0
AUT.4.16.42.1_2,2023,11,0,0
AUT.4.16.42.2_2,2023,11,0,0
AUT.4.16.43.1_2,2023,11,0,0
AUT.4.16.43.2_2,2023,11,0,0
AUT.4.16.43.3_2,2023,11,0,0
AUT.4.16.44.1_2,2023,11,0,0
AUT.4.16.44.2_2,2023,11,0,0
AUT.4.16.45.1_2,2023,11,0,0
AUT.4.16.45.2_2,2023,11,0,0
AUT.4.16.46.1_2,2023,11,0,0
AUT.4.16.46.2_2,2023,11,0,0
AUT.4.16.47.1_2,2023,11,0,0
AUT.4.16.47.2_2,2023,11,0,0
AUT.4.16.47.3_2,2023,11,0,0
AUT.4.16.48.1_2,2023,11,0,0
AUT.4.16.48.2_2,2023,11,0,0
AUT.4.16.49.1_2,2023,11,0,0
AUT.4.16.5.1_2,2023,11,0,0
AUT.4.16.5.2_2,2023,11,0,0
AUT.4.16.50.1_2,2023,11,0,0
AUT.4.16.51.1_2,2023,11,0,0
AUT.4.16.52.1_2,2023,11,0,0
AUT.4.16.6.1_2,2023,11,0,0
AUT.4.16.6.2_2,2023,11,0,0
AUT.4.16.7.1_2,2023,11,0,0
AUT.4.16.7.2_2,2023,11,0,0
AUT.4.16.8.1_2,2023,11,0,0
AUT.4.16.8.2_2,2023,11,0,0
AUT.4.16.9.1_2,2023,11,0,0
AUT.4.16.9.2_2,2023,11,0,0
AUT.4.16.9.3_2,2023,11,0,0
AUT.4.16.9.4_2,2023,11,0,0
AUT.4.16.9.5_2,2023,11,0,0
AUT.4.17.1.1_2,2023,11,0,0
AUT.4.17.10.1_2,2023,11,0,0
AUT.4.17.10.2_2,2023,11,0,0
AUT.4.17.10.3_2,2023,11,0,0
AUT.4.17.11.1_2,2023,11,0,0
AUT.4.17.12.1_2,2023,11,0,0
AUT.4.17.13.1_2,2023,11,0,0
AUT.4.17.14.1_2,2023,11,0,0
AUT.4.17.14.2_2,2023,11,0,0
AUT.4.17.14.3_2,2023,11,0,0
AUT.4.17.14.4_2,2023,11,0,0
AUT.4.17.15.1_2,2023,11,0,0
AUT.4.17.15.2_2,2023,11,0,0
AUT.4.17.15.3_2,2023,11,0,0
AUT.4.17.15.4_2,2023,11,0,0
AUT.4.17.16.1_2,2023,11,0,0
AUT.4.17.16.2_2,2023,11,0,0
AUT.4.17.16.3_2,2023,11,0,0
AUT.4.17.16.4_2,2023,11,0,0
AUT.4.17.16.5_2,2023,11,0,0
AUT.4.17.16.6_2,2023,11,0,0
AUT.4.17.17.1_2,2023,11,0,0
AUT.4.17.17.2_2,2023,11,0,0
AUT.4.17.18.1_2,2023,11,0,0
AUT.4.17.18.2_2,2023,11,0,0
AUT.4.17.18.3_2,2023,11,0,0
AUT.4.17.18.4_2,2023,11,0,0
AUT.4.17.18.5_2,2023,11,0,0
AUT.4.17.19.1_2,2023,11,0,0
AUT.4.17.19.2_2,2023,11,0,0
AUT.4.17.2.1_2,2023,11,0,0
AUT.4.17.20.1_2,2023,11,0,0
AUT.4.17.21.1_2,2023,11,0,0
AUT.4.17.21.2_2,2023,11,0,0
AUT.4.17.22.1_2,2023,11,0,0
AUT.4.17.22.2_2,2023,11,0,0
AUT.4.17.22.3_2,2023,11,0,0
AUT.4.17.23.1_2,2023,11,0,0
AUT.4.17.23.2_2,2023,11,0,0
AUT.4.17.23.3_2,2023,11,0,0
AUT.4.17.24.1_2,2023,11,0,0
AUT.4.17.24.2_2,2023,11,0,0
AUT.4.17.24.3_2,2023,11,0,0
AUT.4.17.24.4_2,2023,11,0,0
AUT.4.17.3.1_2,2023,11,0,0
AUT.4.17.3.2_2,2023,11,0,0
AUT.4.17.3.3_2,2023,11,0,0
AUT.4.17.3.4_2,2023,11,0,0
AUT.4.17.3.5_2,2023,11,0,0
AUT.4.17.3.6_2,2023,11,0,0
AUT.4.17.4.1_2,2023,11,0,0
AUT.4.17.4.2_2,2023,11,0,0
AUT.4.17.4.3_2,2023,11,0,0
AUT.4.17.4.4_2,2023,11,0,0
AUT.4.17.4.5_2,2023,11,0,0
AUT.4.17.5.1_2,2023,11,0,0
AUT.4.17.5.2_2,2023,11,0,0
AUT.4.17.5.3_2,2023,11,0,0
AUT.4.17.6.1_2,2023,11,0,0
AUT.4.17.6.2_2,2023,11,0,0
AUT.4.17.6.3_2,2023,11,0,0
AUT.4.17.7.1_2,2023,11,0,0
AUT.4.17.7.2_2,2023,11,0,0
AUT.4.17.8.1_2,2023,11,0,0
AUT.4.17.8.2_2,2023,11,0,0
AUT.4.17.8.3_2,2023,11,0,0
AUT.4.17.8.4_2,2023,11,0,0
AUT.4.17.9.1_2,2023,11,0,0
AUT.4.18.1.1_2,2023,11,0,0
AUT.4.18.1.2_2,2023,11,0,0
AUT.4.18.1.3_2,2023,11,0,0
AUT.4.18.1.4_2,2023,11,0,0
AUT.4.18.1.5_2,2023,11,0,0
AUT.4.18.1.6_2,2023,11,0,0
AUT.4.2.1.1_2,2023,11,0,0
AUT.4.2.1.2_2,2023,11,0,0
AUT.4.2.1.3_2,2023,11,0,0
AUT.4.2.1.4_2,2023,11,0,0
AUT.4.2.1.5_2,2023,11,0,0
AUT.4.2.1.6_2,2023,11,0,0
AUT.4.2.10.1_2,2023,11,0,0
AUT.4.2.10.2_2,2023,11,0,0
AUT.4.2.10.3_2,2023,11,0,0
AUT.4.2.10.4_2,2023,11,0,0
AUT.4.2.11.1_2,2023,11,0,0
AUT.4.2.11.2_2,2023,11,0,0
AUT.4.2.12.1_2,2023,11,0,0
AUT.4.2.12.2_2,2023,11,0,0
AUT.4.2.2.1_2,2023,11,0,0
AUT.4.2.3.1_2,2023,11,0,0
AUT.4.2.4.1_2,2023,11,0,0
AUT.4.2.4.2_2,2023,11,0,0
AUT.4.2.5.1_2,2023,11,0,0
AUT.4.2.5.2_2,2023,11,0,0
AUT.4.2.6.1_2,2023,11,0,0
AUT.4.2.6.2_2,2023,11,0,0
AUT.4.2.6.3_2,2023,11,0,0
AUT.4.2.7.1_2,2023,11,0,0
AUT.4.2.7.2_2,2023,11,0,0
AUT.4.2.7.3_2,2023,11,0,0
AUT.4.2.8.1_2,2023,11,0,0
AUT.4.2.8.2_2,2023,11,0,0
AUT.4.2.9.1_2,2023,11,0,0
AUT.4.2.9.2_2,2023,11,0,0
AUT.4.3.1.1_2,2023,11,0,0
AUT.4.3.1.2_2,2023,11,0,0
AUT.4.3.1.3_2,2023,11,0,0
AUT.4.3.1.4_2,2023,11,0,0
AUT.4.3.10.1_2,2023,11,0,0
AUT.4.3.10.2_2,2023,11,0,0
AUT.4.3.10.3_2,2023,11,0,0
AUT.4.3.11.1_2,2023,11,0,0
AUT.4.3.11.2_2,2023,11,0,0
AUT.4.3.12.1_2,2023,11,0,0
AUT.4.3.12.2_2,2023,11,0,0
AUT.4.3.12.3_2,2023,11,0,0
AUT.4.3.13.1_2,2023,11,0,0
AUT.4.3.13.2_2,2023,11,0,0
AUT.4.3.13.3_2,2023,11,0,0
AUT.4.3.13.4_2,2023,11,0,0
AUT.4.3.14.1_2,2023,11,0,0
AUT.4.3.14.2_2,2023,11,0,0
AUT.4.3.15.1_2,2023,11,0,0
AUT.4.3.15.2_2,2023,11,0,0
AUT.4.3.15.3_2,2023,11,0,0
AUT.4.3.16.1_2,2023,11,0,0
AUT.4.3.16.2_2,2023,11,0,0
AUT.4.3.16.3_2,2023,11,0,0
AUT.4.3.17.1_2,2023,11,0,0
AUT.4.3.17.2_2,2023,11,0,0
AUT.4.3.17.3_2,2023,11,0,0
AUT.4.3.17.4_2,2023,11,0,0
AUT.4.3.18.1_2,2023,11,0,0
AUT.4.3.18.2_2,2023,11,0,0
AUT.4.3.18.3_2,2023,11,0,0
AUT.4.3.19.1_2,2023,11,0,0
AUT.4.3.19.2_2,2023,11,0,0
AUT.4.3.19.3_2,2023,11,0,0
AUT.4.3.19.4_2,2023,11,0,0
AUT.4.3.2.1_2,2023,11,0,0
AUT.4.3.20.1_2,2023,11,0,0
AUT.4.3.20.2_2,2023,11,0,0
AUT.4.3.20.3_2,2023,11,0,0
AUT.4.3.21.1_2,2023,11,0,0
AUT.4.3.21.2_2,2023,11,0,0
AUT.4.3.21.3_2,2023,11,0,0
AUT.4.3.22.1_2,2023,11,0,0
AUT.4.3.22.2_2,2023,11,0,0
AUT.4.3.23.1_2,2023,11,0,0
AUT.4.3.24.1_2,2023,11,0,0
AUT.4.3.24.2_2,2023,11,0,0
AUT.4.3.25.1_2,2023,11,0,0
AUT.4.3.25.2_2,2023,11,0,0
AUT.4.3.26.1_2,2023,11,0,0
AUT.4.3.26.2_2,2023,11,0,0
AUT.4.3.27.1_2,2023,11,0,0
AUT.4.3.27.2_2,2023,11,0,0
AUT.4.3.27.3_2,2023,11,0,0
AUT.4.3.3.1_2,2023,11,0,0
AUT.4.3.3.2_2,2023,11,0,0
AUT.4.3.3.3_2,2023,11,0,0
AUT.4.3.4.1_2,2023,11,0,0
AUT.4.3.4.2_2,2023,11,0,0
AUT.4.3.4.3_2,2023,11,0,0
AUT.4.3.5.1_2,2023,11,0,0
AUT.4.3.5.2_2,2023,11,0,0
AUT.4.3.6.1_2,2023,11,0,0
AUT.4.3.6.2_2,2023,11,0,0
AUT.4.3.7.1_2,2023,11,0,0
AUT.4.3.7.2_2,2023,11,0,0
AUT.4.3.8.1_2,2023,11,0,0
AUT.4.3.8.2_2,2023,11,0,0
AUT.4.3.8.3_2,2023,11,0,0
AUT.4.3.9.1_2,2023,11,0,0
AUT.4.3.9.2_2,2023,11,0,0
AUT.4.3.9.3_2,2023,11,0,0
AUT.4.3.9.4_2,2023,11,0,0
AUT.4.3.9.5_2,2023,11,0,0
AUT.4.4.1.1_2,2023,11,0,0
AUT.4.4.1.10_2,2023,11,0,0
AUT.4.4.1.2_2,2023,11,0,0
AUT.4.4.1.3_2,2023,11,0,0
AUT.4.4.1.4_2,2023,11,0,0
AUT.4.4.1.5_2,2023,11,0,0
AUT.4.4.1.6_2,2023,11,0,0
AUT.4.4.1.7_2,2023,11,0,0
AUT.4.4.1.8_2,2023,11,0,0
AUT.4.4.1.9_2,2023,11,0,0
AUT.4.4.10.1_2,2023,11,0,0
AUT.4.4.10.2_2,2023,11,0,0
AUT.4.4.10.3_2,2023,11,0,0
AUT.4.4.10.4_2,2023,11,0,0
AUT.4.4.10.5_2,2023,11,0,0
AUT.4.4.10.6_2,2023,11,0,0
AUT.4.4.11.1_2,2023,11,0,0
AUT.4.4.11.2_2,2023,11,0,0
AUT.4.4.11.3_2,2023,11,0,0
AUT.4.4.11.4_2,2023,11,0,0
AUT.4.4.11.5_2,2023,11,0,0
AUT.4.4.11.6_2,2023,11,0,0
AUT.4.4.11.7_2,2023,11,0,0
AUT.4.4.11.8_2,2023,11,0,0
AUT.4.4.12.1_2,2023,11,0,0
AUT.4.4.13.1_2,2023,11,0,0
AUT.4.4.13.2_2,2023,11,0,0
AUT.4.4.13.3_2,2023,11,0,0
AUT.4.4.13.4_2,2023,11,0,0
AUT.4.4.13.5_2,2023,11,0,0
AUT.4.4.13.6_2,2023,11,0,0
AUT.4.4.14.1_2,2023,11,0,0
AUT.4.4.14.2_2,2023,11,0,0
AUT.4.4.15.1_2,2023,11,0,0
AUT.4.4.15.2_2,2023,11,0,0
AUT.4.4.15.3_2,2023,11,0,0
AUT.4.4.15.4_2,2023,11,0,0
AUT.4.4.16.1_2,2023,11,0,0
AUT.4.4.16.2_2,2023,11,0,0
AUT.4.4.16.3_2,2023,11,0,0
AUT.4.4.17.1_2,2023,11,0,0
AUT.4.4.17.2_2,2023,11,0,0
AUT.4.4.18.1_2,2023,11,0,0
AUT.4.4.18.2_2,2023,11,0,0
AUT.4.4.18.3_2,2023,11,0,0
AUT.4.4.19.1_2,2023,11,0,0
AUT.4.4.19.2_2,2023,11,0,0
AUT.4.4.19.3_2,2023,11,0,0
AUT.4.4.2.1_2,2023,11,0,0
AUT.4.4.2.2_2,2023,11,0,0
AUT.4.4.2.3_2,2023,11,0,0
AUT.4.4.2.4_2,2023,11,0,0
AUT.4.4.2.5_2,2023,11,0,0
AUT.4.4.20.1_2,2023,11,0,0
AUT.4.4.20.10_2,2023,11,0,0
AUT.4.4.20.11_2,2023,11,0,0
AUT.4.4.20.2_2,2023,11,0,0
AUT.4.4.20.3_2,2023,11,0,0
AUT.4.4.20.4_2,2023,11,0,0
AUT.4.4.20.5_2,2023,11,0,0
AUT.4.4.20.6_2,2023,11,0,0
AUT.4.4.20.7_2,2023,11,0,0
AUT.4.4.20.8_2,2023,11,0,0
AUT.4.4.20.9_2,2023,11,0,0
AUT.4.4.3.1_2,2023,11,0,0
AUT.4.4.3.10_2,2023,11,0,0
AUT.4.4.3.2_2,2023,11,0,0
AUT.4.4.3.3_2,2023,11,0,0
AUT.4.4.3.4_2,2023,11,0,0
AUT.4.4.3.5_2,2023,11,0,0
AUT.4.4.3.6_2,2023,11,0,0
AUT.4.4.3.7_2,2023,11,0,0
AUT.4.4.3.8_2,2023,11,0,0
AUT.4.4.3.9_2,2023,11,0,0
AUT.4.4.4.1_2,2023,11,0,0
AUT.4.4.4.2_2,2023,11,0,0
AUT.4.4.4.3_2,2023,11,0,0
AUT.4.4.5.1_2,2023,11,0,0
AUT.4.4.5.2_2,2023,11,0,0
AUT.4.4.5.3_2,2023,11,0,0
AUT.4.4.5.4_2,2023,11,0,0
AUT.4.4.5.5_2,2023,11,0,0
AUT.4.4.6.1_2,2023,11,0,0
AUT.4.4.7.1_2,2023,11,0,0
AUT.4.4.8.1_2,2023,11,0,0
AUT.4.4.8.2_2,2023,11,0,0
AUT.4.4.8.3_2,2023,11,0,0
AUT.4.4.9.1_2,2023,11,0,0
AUT.4.5.1.1_2,2023,11,0,0
AUT.4.5.10.1_2,2023,11,0,0
AUT.4.5.11.1_2,2023,11,0,0
AUT.4.5.11.2_2,2023,11,0,0
AUT.4.5.11.3_2,2023,11,0,0
AUT.4.5.11.4_2,2023,11,0,0
AUT.4.5.12.1_2,2023,11,0,0
AUT.4.5.12.2_2,2023,11,0,0
AUT.4.5.12.3_2,2023,11,0,0
AUT.4.5.13.1_2,2023,11,0,0
AUT.4.5.13.2_2,2023,11,0,0
AUT.4.5.13.3_2,2023,11,0,0
AUT.4.5.14.1_2,2023,11,0,0
AUT.4.5.14.2_2,2023,11,0,0
AUT.4.5.14.3_2,2023,11,0,0
AUT.4.5.15.1_2,2023,11,0,0
AUT.4.5.15.2_2,2023,11,0,0
AUT.4.5.15.3_2,2023,11,0,0
AUT.4.5.16.1_2,2023,11,0,0
AUT.4.5.17.1_2,2023,11,0,0
AUT.4.5.17.2_2,2023,11,0,0
AUT.4.5.18.1_2,2023,11,0,0
AUT.4.5.19.1_2,2023,11,0,0
AUT.4.5.2.1_2,2023,11,0,0
AUT.4.5.20.1_2,2023,11,0,0
AUT.4.5.20.2_2,2023,11,0,0
AUT.4.5.21_2,2023,11,0,0
AUT.4.5.21.1_2,2023,11,0,0
AUT.4.5.21.2_2,2023,11,0,0
AUT.4.5.22.1_2,2023,11,0,0
AUT.4.5.22.2_2,2023,11,0,0
AUT.4.5.22.3_2,2023,11,0,0
AUT.4.5.23.1_2,2023,11,0,0
AUT.4.5.23.2_2,2023,11,0,0
AUT.4.5.23.3_2,2023,11,0,0
AUT.4.5.24.1_2,2023,11,0,0
AUT.4.5.24.2_2,2023,11,0,0
AUT.4.5.25.1_2,2023,11,0,0
AUT.4.5.25.2_2,2023,11,0,0
AUT.4.5.26.1_2,2023,11,0,0
AUT.4.5.27.1_2,2023,11,0,0
AUT.4.5.28.1_2,2023,11,0,0
AUT.4.5.28.2_2,2023,11,0,0
AUT.4.5.28.3_2,2023,11,0,0
AUT.4.5.28.4_2,2023,11,0,0
AUT.4.5.28.5_2,2023,11,0,0
AUT.4.5.29.1_2,2023,11,0,0
AUT.4.5.29.2_2,2023,11,0,0
AUT.4.5.29.3_2,2023,11,0,0
AUT.4.5.29.4_2,2023,11,0,0
AUT.4.5.29.5_2,2023,11,0,0
AUT.4.5.29.6_2,2023,11,0,0
AUT.4.5.3.1_2,2023,11,0,0
AUT.4.5.3.2_2,2023,11,0,0
AUT.4.5.30.1_2,2023,11,0,0
AUT.4.5.31.1_2,2023,11,0,0
AUT.4.5.31.2_2,2023,11,0,0
AUT.4.5.31.3_2,2023,11,0,0
AUT.4.5.32.1_2,2023,11,0,0
AUT.4.5.32.2_2,2023,11,0,0
AUT.4.5.32.3_2,2023,11,0,0
AUT.4.5.33.1_2,2023,11,0,0
AUT.4.5.33.2_2,2023,11,0,0
AUT.4.5.33.3_2,2023,11,0,0
AUT.4.5.34.1_2,2023,11,0,0
AUT.4.5.34.2_2,2023,11,0,0
AUT.4.5.4.1_2,2023,11,0,0
AUT.4.5.5.1_2,2023,11,0,0
AUT.4.5.5.2_2,2023,11,0,0
AUT.4.5.6_2,2023,11,0,0
AUT.4.5.6.1_2,2023,11,0,0
AUT.4.5.6.2_2,2023,11,0,0
AUT.4.5.6.3_2,2023,11,0,0
AUT.4.5.6.4_2,2023,11,0,0
AUT.4.5.6.5_2,2023,11,0,0
AUT.4.5.6.6_2,2023,11,0,0
AUT.4.5.6.7_2,2023,11,0,0
AUT.4.5.7.1_2,2023,11,0,0
AUT.4.5.7.2_2,2023,11,0,0
AUT.4.5.8.1_2,2023,11,0,0
AUT.4.5.8.2_2,2023,11,0,0
AUT.4.5.8.3_2,2023,11,0,0
AUT.4.5.9.1_2,2023,11,0,0
AUT.4.5.9.2_2,2023,11,0,0
AUT.4.6.1.1_2,2023,11,0,0
AUT.4.6.10.1_2,2023,11,0,0
AUT.4.6.10.2_2,2023,11,0,0
AUT.4.6.10.3_2,2023,11,0,0
AUT.4.6.10.4_2,2023,11,0,0
AUT.4.6.11.1_2,2023,11,0,0
AUT.4.6.12.1_2,2023,11,0,0
AUT.4.6.12.2_2,2023,11,0,0
AUT.4.6.12.3_2,2023,11,0,0
AUT.4.6.12.4_2,2023,11,0,0
AUT.4.6.12.5_2,2023,11,0,0
AUT.4.6.12.6_2,2023,11,0,0
AUT.4.6.12.7_2,2023,11,0,0
AUT.4.6.12.8_2,2023,11,0,0
AUT.4.6.13.1_2,2023,11,0,0
AUT.4.6.13.2_2,2023,11,0,0
AUT.4.6.13.3_2,2023,11,0,0
AUT.4.6.13.4_2,2023,11,0,0
AUT.4.6.14.1_2,2023,11,0,0
AUT.4.6.15.1_2,2023,11,0,0
AUT.4.6.15.2_2,2023,11,0,0
AUT.4.6.15.3_2,2023,11,0,0
AUT.4.6.16.1_2,2023,11,0,0
AUT.4.6.17.1_2,2023,11,0,0
AUT.4.6.17.2_2,2023,11,0,0
AUT.4.6.18.1_2,2023,11,0,0
AUT.4.6.18.2_2,2023,11,0,0
AUT.4.6.18.3_2,2023,11,0,0
AUT.4.6.18.4_2,2023,11,0,0
AUT.4.6.19.1_2,2023,11,0,0
AUT.4.6.19.2_2,2023,11,0,0
AUT.4.6.19.3_2,2023,11,0,0
AUT.4.6.2.1_2,2023,11,0,0
AUT.4.6.2.2_2,2023,11,0,0
AUT.4.6.2.3_2,2023,11,0,0
AUT.4.6.2.4_2,2023,11,0,0
AUT.4.6.2.5_2,2023,11,0,0
AUT.4.6.20.1_2,2023,11,0,0
AUT.4.6.20.2_2,2023,11,0,0
AUT.4.6.20.3_2,2023,11,0,0
AUT.4.6.21.1_2,2023,11,0,0
AUT.4.6.22.1_2,2023,11,0,0
AUT.4.6.22.2_2,2023,11,0,0
AUT.4.6.22.3_2,2023,11,0,0
AUT.4.6.22.4_2,2023,11,0,0
AUT.4.6.22.5_2,2023,11,0,0
AUT.4.6.23.1_2,2023,11,0,0
AUT.4.6.3.1_2,2023,11,0,0
AUT.4.6.4.1_2,2023,11,0,0
AUT.4.6.4.2_2,2023,11,0,0
AUT.4.6.5.1_2,2023,11,0,0
AUT.4.6.6.1_2,2023,11,0,0
AUT.4.6.6.2_2,2023,11,0,0
AUT.4.6.7.1_2,2023,11,0,0
AUT.4.6.7.10_2,2023,11,0,0
AUT.4.6.7.2_2,2023,11,0,0
AUT.4.6.7.3_2,2023,11,0,0
AUT.4.6.7.4_2,2023,11,0,0
AUT.4.6.7.5_2,2023,11,0,0
AUT.4.6.7.6_2,2023,11,0,0
AUT.4.6.7.7_2,2023,11,0,0
AUT.4.6.7.8_2,2023,11,0,0
AUT.4.6.7.9_2,2023,11,0,0
AUT.4.6.8_2,2023,11,0,0
AUT.4.6.8.1_2,2023,11,0,0
AUT.4.6.8.2_2,2023,11,0,0
AUT.4.6.8.3_2,2023,11,0,0
AUT.4.6.9.1_2,2023,11,0,0
AUT.4.6.9.2_2,2023,11,0,0
AUT.4.6.9.3_2,2023,11,0,0
AUT.4.6.9.4_2,2023,11,0,0
AUT.4.7.1.1_2,2023,11,0,0
AUT.4.7.1.2_2,2023,11,0,0
AUT.4.7.10.1_2,2023,11,0,0
AUT.4.7.10.2_2,2023,11,0,0
AUT.4.7.11.1_2,2023,11,0,0
AUT.4.7.11.2_2,2023,11,0,0
AUT.4.7.11.3_2,2023,11,0,0
AUT.4.7.12.1_2,2023,11,0,0
AUT.4.7.12.2_2,2023,11,0,0
AUT.4.7.12.3_2,2023,11,0,0
AUT.4.7.13.1_2,2023,11,0,0
AUT.4.7.13.2_2,2023,11,0,0
AUT.4.7.13.3_2,2023,11,0,0
AUT.4.7.13.4_2,2023,11,0,0
AUT.4.7.13.5_2,2023,11,0,0
AUT.4.7.13.6_2,2023,11,0,0
AUT.4.7.14.1_2,2023,11,0,0
AUT.4.7.14.2_2,2023,11,0,0
AUT.4.7.14.3_2,2023,11,0,0
AUT.4.7.14.4_2,2023,11,0,0
AUT.4.7.15.1_2,2023,11,0,0
AUT.4.7.16.1_2,2023,11,0,0
AUT.4.7.17.1_2,2023,11,0,0
AUT.4.7.17.2_2,2023,11,0,0
AUT.4.7.18.1_2,2023,11,0,0
AUT.4.7.18.2_2,2023,11,0,0
AUT.4.7.18.3_2,2023,11,0,0
AUT.4.7.18.4_2,2023,11,0,0
AUT.4.7.19.1_2,2023,11,0,0
AUT.4.7.19.10_2,2023,11,0,0
AUT.4.7.19.11_2,2023,11,0,0
AUT.4.7.19.12_2,2023,11,0,0
AUT.4.7.19.2_2,2023,11,0,0
AUT.4.7.19.3_2,2023,11,0,0
AUT.4.7.19.4_2,2023,11,0,0
AUT.4.7.19.5_2,2023,11,0,0
AUT.4.7.19.6_2,2023,11,0,0
AUT.4.7.19.7_2,2023,11,0,0
AUT.4.7.19.8_2,2023,11,0,0
AUT.4.7.19.9_2,2023,11,0,0
AUT.4.7.2.1_2,2023,11,0,0
AUT.4.7.2.2_2,2023,11,0,0
AUT.4.7.2.3_2,2023,11,0,0
AUT.4.7.2.4_2,2023,11,0,0
AUT.4.7.2.5_2,2023,11,0,0
AUT.4.7.20.1_2,2023,11,0,0
AUT.4.7.20.2_2,2023,11,0,0
AUT.4.7.20.3_2,2023,11,0,0
AUT.4.7.20.4_2,2023,11,0,0
AUT.4.7.20.5_2,2023,11,0,0
AUT.4.7.20.6_2,2023,11,0,0
AUT.4.7.20.7_2,2023,11,0,0
AUT.4.7.20.8_2,2023,11,0,0
AUT.4.7.21.1_2,2023,11,0,0
AUT.4.7.22.1_2,2023,11,0,0
AUT.4.7.22.2_2,2023,11,0,0
AUT.4.7.22.3_2,2023,11,0,0
AUT.4.7.3.1_2,2023,11,0,0
AUT.4.7.3.2_2,2023,11,0,0
AUT.4.7.4.1_2,2023,11,0,0
AUT.4.7.5_2,2023,11,0,0
AUT.4.7.5.1_2,2023,11,0,0
AUT.4.7.5.2_2,2023,11,0,0
AUT.4.7.5.3_2,2023,11,0,0
AUT.4.7.5.4_2,2023,11,0,0
AUT.4.7.5.5_2,2023,11,0,0
AUT.4.7.5.6_2,2023,11,0,0
AUT.4.7.6.1_2,2023,11,0,0
AUT.4.7.6.2_2,2023,11,0,0
AUT.4.7.6.3_2,2023,11,0,0
AUT.4.7.6.4_2,2023,11,0,0
AUT.4.7.7.1_2,2023,11,0,0
AUT.4.7.7.2_2,2023,11,0,0
AUT.4.7.8.1_2,2023,11,0,0
AUT.4.7.9.1_2,2023,11,0,0
AUT.4.7.9.2_2,2023,11,0,0
AUT.4.7.9.3_2,2023,11,0,0
AUT.4.7.9.4_2,2023,11,0,0
AUT.4.8.1.1_2,2023,11,0,0
AUT.4.8.1.10_2,2023,11,0,0
AUT.4.8.1.11_2,2023,11,0,0
AUT.4.8.1.12_2,2023,11,0,0
AUT.4.8.1.13_2,2023,11,0,0
AUT.4.8.1.14_2,2023,11,0,0
AUT.4.8.1.2_2,2023,11,0,0
AUT.4.8.1.3_2,2023,11,0,0
AUT.4.8.1.4_2,2023,11,0,0
AUT.4.8.1.5_2,2023,11,0,0
AUT.4.8.1.6_2,2023,11,0,0
AUT.4.8.1.7_2,2023,11,0,0
AUT.4.8.1.8_2,2023,11,0,0
AUT.4.8.1.9_2,2023,11,0,0
AUT.4.9.1.1_2,2023,11,0,0
AUT.4.9.1.2_2,2023,11,0,0
AUT.4.9.10.1_2,2023,11,0,0
AUT.4.9.10.2_2,2023,11,0,0
AUT.4.9.11.1_2,2023,11,0,0
AUT.4.9.11.2_2,2023,11,0,0
AUT.4.9.12.1_2,2023,11,0,0
AUT.4.9.12.2_2,2023,11,0,0
AUT.4.9.12.3_2,2023,11,0,0
AUT.4.9.13.1_2,2023,11,0,0
AUT.4.9.13.2_2,2023,11,0,0
AUT.4.9.14.1_2,2023,11,0,0
AUT.4.9.14.2_2,2023,11,0,0
AUT.4.9.14.3_2,2023,11,0,0
AUT.4.9.14.4_2,2023,11,0,0
AUT.4.9.15.1_2,2023,11,0,0
AUT.4.9.15.2_2,2023,11,0,0
AUT.4.9.15.3_2,2023,11,0,0
AUT.4.9.16.1_2,2023,11,0,0
AUT.4.9.16.2_2,2023,11,0,0
AUT.4.9.16.3_2,2023,11,0,0
AUT.4.9.17.1_2,2023,11,0,0
AUT.4.9.18.1_2,2023,11,0,0
AUT.4.9.18.2_2,2023,11,0,0
AUT.4.9.18.3_2,2023,11,0,0
AUT.4.9.18.4_2,2023,11,0,0
AUT.4.9.19.1_2,2023,11,0,0
AUT.4.9.19.2_2,2023,11,0,0
AUT.4.9.19.3_2,2023,11,0,0
AUT.4.9.2.1_2,2023,11,0,0
AUT.4.9.2.2_2,2023,11,0,0
AUT.4.9.20.1_2,2023,11,0,0
AUT.4.9.21.1_2,2023,11,0,0
AUT.4.9.21.2_2,2023,11,0,0
AUT.4.9.22.1_2,2023,11,0,0
AUT.4.9.23.1_2,2023,11,0,0
AUT.4.9.23.2_2,2023,11,0,0
AUT.4.9.24.1_2,2023,11,0,0
AUT.4.9.24.2_2,2023,11,0,0
AUT.4.9.25.1_2,2023,11,0,0
AUT.4.9.26.1_2,2023,11,0,0
AUT.4.9.26.2_2,2023,11,0,0
AUT.4.9.3.1_2,2023,11,0,0
AUT.4.9.3.2_2,2023,11,0,0
AUT.4.9.3.3_2,2023,11,0,0
AUT.4.9.3.4_2,2023,11,0,0
AUT.4.9.4.1_2,2023,11,0,0
AUT.4.9.4.2_2,2023,11,0,0
AUT.4.9.5.1_2,2023,11,0,0
AUT.4.9.5.2_2,2023,11,0,0
AUT.4.9.6.1_2,2023,11,0,0
AUT.4.9.6.2_2,2023,11,0,0
AUT.4.9.6.3_2,2023,11,0,0
AUT.4.9.7.1_2,2023,11,0,0
AUT.4.9.8.1_2,2023,11,0,0
AUT.4.9.9.1_2,2023,11,0,0
AUT.5.1.1_2,2023,11,0,0
AUT.5.1.1.1_2,2023,11,0,0
AUT.5.1.1.2_2,2023,11,0,0
AUT.5.1.1.3_2,2023,11,0,0
AUT.5.1.1.4_2,2023,11,0,0
AUT.5.1.1.5_2,2023,11,0,0
AUT.5.1.1.6_2,2023,11,0,0
AUT.5.1.1.7_2,2023,11,0,0
AUT.5.1.1.8_2,2023,11,0,0
AUT.5.1.1.9_2,2023,11,0,0
AUT.5.1.10.1_2,2023,11,0,0
AUT.5.1.10.2_2,2023,11,0,0
AUT.5.1.10.3_2,2023,11,0,0
AUT.5.1.11.1_2,2023,11,0,0
AUT.5.1.12.1_2,2023,11,0,0
AUT.5.1.12.2_2,2023,11,0,0
AUT.5.1.12.3_2,2023,11,0,0
AUT.5.1.13.1_2,2023,11,0,0
AUT.5.1.13.2_2,2023,11,0,0
AUT.5.1.13.3_2,2023,11,0,0
AUT.5.1.2.1_2,2023,11,0,0
AUT.5.1.2.2_2,2023,11,0,0
AUT.5.1.2.3_2,2023,11,0,0
AUT.5.1.3.1_2,2023,11,0,0
AUT.5.1.3.2_2,2023,11,0,0
AUT.5.1.3.3_2,2023,11,0,0
AUT.5.1.4.1_2,2023,11,0,0
AUT.5.1.4.2_2,2023,11,0,0
AUT.5.1.5.1_2,2023,11,0,0
AUT.5.1.5.2_2,2023,11,0,0
AUT.5.1.5.3_2,2023,11,0,0
AUT.5.1.6.1_2,2023,11,0,0
AUT.5.1.6.2_2,2023,11,0,0
AUT.5.1.6.3_2,2023,11,0,0
AUT.5.1.6.4_2,2023,11,0,0
AUT.5.1.6.5_2,2023,11,0,0
AUT.5.1.6.6_2,2023,11,0,0
AUT.5.1.6.7_2,2023,11,0,0
AUT.5.1.6.8_2,2023,11,0,0
AUT.5.1.6.9_2,2023,11,0,0
AUT.5.1.7.1_2,2023,11,0,0
AUT.5.1.8.1_2,2023,11,0,0
AUT.5.1.8.2_2,2023,11,0,0
AUT.5.1.8.3_2,2023,11,0,0
AUT.5.1.8.4_2,2023,11,0,0
AUT.5.1.8.5_2,2023,11,0,0
AUT.5.1.9.1_2,2023,11,0,0
AUT.5.2.1.1_2,2023,11,0,0
AUT.5.2.10.1_2,2023,11,0,0
AUT.5.2.10.2_2,2023,11,0,0
AUT.5.2.10.3_2,2023,11,0,0
AUT.5.2.10.4_2,2023,11,0,0
AUT.5.2.11.1_2,2023,11,0,0
AUT.5.2.11.2_2,2023,11,0,0
AUT.5.2.11.3_2,2023,11,0,0
AUT.5.2.11.4_2,2023,11,0,0
AUT.5.2.11.5_2,2023,11,0,0
AUT.5.2.12.1_2,2023,11,0,0
AUT.5.2.13.1_2,2023,11,0,0
AUT.5.2.14.1_2,2023,11,0,0
AUT.5.2.14.2_2,2023,11,0,0
AUT.5.2.15.1_2,2023,11,0,0
AUT.5.2.16.1_2,2023,11,0,0
AUT.5.2.17.1_2,2023,11,0,0
AUT.5.2.17.2_2,2023,11,0,0
AUT.5.2.18.1_2,2023,11,0,0
AUT.5.2.18.2_2,2023,11,0,0
AUT.5.2.19.1_2,2023,11,0,0
AUT.5.2.19.2_2,2023,11,0,0
AUT.5.2.2.1_2,2023,11,0,0
AUT.5.2.2.2_2,2023,11,0,0
AUT.5.2.20.1_2,2023,11,0,0
AUT.5.2.20.2_2,2023,11,0,0
AUT.5.2.21.1_2,2023,11,0,0
AUT.5.2.21.2_2,2023,11,0,0
AUT.5.2.22.1_2,2023,11,0,0
AUT.5.2.22.2_2,2023,11,0,0
AUT.5.2.22.3_2,2023,11,0,0
AUT.5.2.22.4_2,2023,11,0,0
AUT.5.2.23.1_2,2023,11,0,0
AUT.5.2.23.2_2,2023,11,0,0
AUT.5.2.23.3_2,2023,11,0,0
AUT.5.2.24.1_2,2023,11,0,0
AUT.5.2.24.2_2,2023,11,0,0
AUT.5.2.24.3_2,2023,11,0,0
AUT.5.2.24.4_2,2023,11,0,0
AUT.5.2.25.1_2,2023,11,0,0
AUT.5.2.25.2_2,2023,11,0,0
AUT.5.2.25.3_2,2023,11,0,0
AUT.5.2.26.1_2,2023,11,0,0
AUT.5.2.27.1_2,2023,11,0,0
AUT.5.2.27.2_2,2023,11,0,0
AUT.5.2.28.1_2,2023,11,0,0
AUT.5.2.29.1_2,2023,11,0,0
AUT.5.2.29.2_2,2023,11,0,0
AUT.5.2.29.3_2,2023,11,0,0
AUT.5.2.3.1_2,2023,11,0,0
AUT.5.2.3.2_2,2023,11,0,0
AUT.5.2.30.1_2,2023,11,0,0
AUT.5.2.30.2_2,2023,11,0,0
AUT.5.2.30.3_2,2023,11,0,0
AUT.5.2.30.4_2,2023,11,0,0
AUT.5.2.30.5_2,2023,11,0,0
AUT.5.2.30.6_2,2023,11,0,0
AUT.5.2.31.1_2,2023,11,0,0
AUT.5.2.31.2_2,2023,11,0,0
AUT.5.2.31.3_2,2023,11,0,0
AUT.5.2.31.4_2,2023,11,0,0
AUT.5.2.31.5_2,2023,11,0,0
AUT.5.2.31.6_2,2023,11,0,0
AUT.5.2.32.1_2,2023,11,0,0
AUT.5.2.32.2_2,2023,11,0,0
AUT.5.2.32.3_2,2023,11,0,0
AUT.5.2.32.4_2,2023,11,0,0
AUT.5.2.33.1_2,2023,11,0,0
AUT.5.2.33.2_2,2023,11,0,0
AUT.5.2.33.3_2,2023,11,0,0
AUT.5.2.34.1_2,2023,11,0,0
AUT.5.2.34.2_2,2023,11,0,0
AUT.5.2.35.1_2,2023,11,0,0
AUT.5.2.35.2_2,2023,11,0,0
AUT.5.2.35.3_2,2023,11,0,0
AUT.5.2.35.4_2,2023,11,0,0
AUT.5.2.35.5_2,2023,11,0,0
AUT.5.2.35.6_2,2023,11,0,0
AUT.5.2.36.1_2,2023,11,0,0
AUT.5.2.36.2_2,2023,11,0,0
AUT.5.2.36.3_2,2023,11,0,0
AUT.5.2.36.4_2,2023,11,0,0
AUT.5.2.37.1_2,2023,11,0,0
AUT.5.2.37.2_2,2023,11,0,0
AUT.5.2.37.3_2,2023,11,0,0
AUT.5.2.37.4_2,2023,11,0,0
AUT.5.2.4.1_2,2023,11,0,0
AUT.5.2.4.2_2,2023,11,0,0
AUT.5.2.5.1_2,2023,11,0,0
AUT.5.2.6.1_2,2023,11,0,0
AUT.5.2.7.1_2,2023,11,0,0
AUT.5.2.7.2_2,2023,11,0,0
AUT.5.2.7.3_2,2023,11,0,0
AUT.5.2.7.4_2,2023,11,0,0
AUT.5.2.8.1_2,2023,11,0,0
AUT.5.2.9.1_2,2023,11,0,0
AUT.5.2.9.2_2,2023,11,0,0
AUT.5.2.9.3_2,2023,11,0,0
AUT.5.2.9.4_2,2023,11,0,0
AUT.5.2.9.5_2,2023,11,0,0
AUT.5.3.1.1_2,2023,11,0,0
AUT.5.3.1.10_2,2023,11,0,0
AUT.5.3.1.11_2,2023,11,0,0
AUT.5.3.1.12_2,2023,11,0,0
AUT.5.3.1.13_2,2023,11,0,0
AUT.5.3.1.14_2,2023,11,0,0
AUT.5.3.1.2_2,2023,11,0,0
AUT.5.3.1.3_2,2023,11,0,0
AUT.5.3.1.4_2,2023,11,0,0
AUT.5.3.1.5_2,2023,11,0,0
AUT.5.3.1.6_2,2023,11,0,0
AUT.5.3.1.7_2,2023,11,0,0
AUT.5.3.1.8_2,2023,11,0,0
AUT.5.3.1.9_2,2023,11,0,0
AUT.5.4.1.1_2,2023,11,0,0
AUT.5.4.1.2_2,2023,11,0,0
AUT.5.4.1.3_2,2023,11,0,0
AUT.5.4.10.1_2,2023,11,0,0
AUT.5.4.10.2_2,2023,11,0,0
AUT.5.4.10.3_2,2023,11,0,0
AUT.5.4.11.1_2,2023,11,0,0
AUT.5.4.11.2_2,2023,11,0,0
AUT.5.4.11.3_2,2023,11,0,0
AUT.5.4.11.4_2,2023,11,0,0
AUT.5.4.11.5_2,2023,11,0,0
AUT.5.4.11.6_2,2023,11,0,0
AUT.5.4.12.1_2,2023,11,0,0
AUT.5.4.12.2_2,2023,11,0,0
AUT.5.4.12.3_2,2023,11,0,0
AUT.5.4.12.4_2,2023,11,0,0
AUT.5.4.13.1_2,2023,11,0,0
AUT.5.4.13.2_2,2023,11,0,0
AUT.5.4.13.3_2,2023,11,0,0
AUT.5.4.14.1_2,2023,11,0,0
AUT.5.4.14.2_2,2023,11,0,0
AUT.5.4.15.1_2,2023,11,0,0
AUT.5.4.15.2_2,2023,11,0,0
AUT.5.4.16.1_2,2023,11,0,0
AUT.5.4.16.2_2,2023,11,0,0
AUT.5.4.17.1_2,2023,11,0,0
AUT.5.4.17.2_2,2023,11,0,0
AUT.5.4.17.3_2,2023,11,0,0
AUT.5.4.17.4_2,2023,11,0,0
AUT.5.4.17.5_2,2023,11,0,0
AUT.5.4.18.1_2,2023,11,0,0
AUT.5.4.18.10_2,2023,11,0,0
AUT.5.4.18.2_2,2023,11,0,0
AUT.5.4.18.3_2,2023,11,0,0
AUT.5.4.18.4_2,2023,11,0,0
AUT.5.4.18.5_2,2023,11,0,0
AUT.5.4.18.6_2,2023,11,0,0
AUT.5.4.18.7_2,2023,11,0,0
AUT.5.4.18.8_2,2023,11,0,0
AUT.5.4.18.9_2,2023,11,0,0
AUT.5.4.19.1_2,2023,11,0,0
AUT.5.4.19.2_2,2023,11,0,0
AUT.5.4.2.1_2,2023,11,0,0
AUT.5.4.2.2_2,2023,11,0,0
AUT.5.4.2.3_2,2023,11,0,0
AUT.5.4.20.1_2,2023,11,0,0
AUT.5.4.20.2_2,2023,11,0,0
AUT.5.4.20.3_2,2023,11,0,0
AUT.5.4.20.4_2,2023,11,0,0
AUT.5.4.20.5_2,2023,11,0,0
AUT.5.4.20.6_2,2023,11,0,0
AUT.5.4.21.1_2,2023,11,0,0
AUT.5.4.22.1_2,2023,11,0,0
AUT.5.4.23.1_2,2023,11,0,0
AUT.5.4.23.2_2,2023,11,0,0
AUT.5.4.23.3_2,2023,11,0,0
AUT.5.4.23.4_2,2023,11,0,0
AUT.5.4.23.5_2,2023,11,0,0
AUT.5.4.24.1_2,2023,11,0,0
AUT.5.4.24.2_2,2023,11,0,0
AUT.5.4.24.3_2,2023,11,0,0
AUT.5.4.24.4_2,2023,11,0,0
AUT.5.4.24.5_2,2023,11,0,0
AUT.5.4.25.1_2,2023,11,0,0
AUT.5.4.3.1_2,2023,11,0,0
AUT.5.4.3.2_2,2023,11,0,0
AUT.5.4.3.3_2,2023,11,0,0
AUT.5.4.3.4_2,2023,11,0,0
AUT.5.4.3.5_2,2023,11,0,0
AUT.5.4.4.1_2,2023,11,0,0
AUT.5.4.4.2_2,2023,11,0,0
AUT.5.4.4.3_2,2023,11,0,0
AUT.5.4.4.4_2,2023,11,0,0
AUT.5.4.5.1_2,2023,11,0,0
AUT.5.4.5.2_2,2023,11,0,0
AUT.5.4.6.1_2,2023,11,0,0
AUT.5.4.6.2_2,2023,11,0,0
AUT.5.4.6.3_2,2023,11,0,0
AUT.5.4.7.1_2,2023,11,0,0
AUT.5.4.7.2_2,2023,11,0,0
AUT.5.4.8.1_2,2023,11,0,0
AUT.5.4.8.2_2,2023,11,0,0
AUT.5.4.8.3_2,2023,11,0,0
AUT.5.4.8.4_2,2023,11,0,0
AUT.5.4.9.1_2,2023,11,0,0
AUT.5.5.1.1_2,2023,11,0,0
AUT.5.5.10.1_2,2023,11,0,0
AUT.5.5.10.2_2,2023,11,0,0
AUT.5.5.10.3_2,2023,11,0,0
AUT.5.5.10.4_2,2023,11,0,0
AUT.5.5.10.5_2,2023,11,0,0
AUT.5.5.10.6_2,2023,11,0,0
AUT.5.5.10.7_2,2023,11,0,0
AUT.5.5.10.8_2,2023,11,0,0
AUT.5.5.11.1_2,2023,11,0,0
AUT.5.5.11.2_2,2023,11,0,0
AUT.5.5.12.1_2,2023,11,0,0
AUT.5.5.13.1_2,2023,11,0,0
AUT.5.5.13.2_2,2023,11,0,0
AUT.5.5.14.1_2,2023,11,0,0
AUT.5.5.15.1_2,2023,11,0,0
AUT.5.5.15.2_2,2023,11,0,0
AUT.5.5.15.3_2,2023,11,0,0
AUT.5.5.15.4_2,2023,11,0,0
AUT.5.5.2.1_2,2023,11,0,0
AUT.5.5.2.2_2,2023,11,0,0
AUT.5.5.3.1_2,2023,11,0,0
AUT.5.5.3.2_2,2023,11,0,0
AUT.5.5.3.3_2,2023,11,0,0
AUT.5.5.4.1_2,2023,11,0,0
AUT.5.5.4.2_2,2023,11,0,0
AUT.5.5.4.3_2,2023,11,0,0
AUT.5.5.4.4_2,2023,11,0,0
AUT.5.5.5.1_2,2023,11,0,0
AUT.5.5.5.2_2,2023,11,0,0
AUT.5.5.5.3_2,2023,11,0,0
AUT.5.5.6.1_2,2023,11,0,0
AUT.5.5.6.2_2,2023,11,0,0
AUT.5.5.6.3_2,2023,11,0,0
AUT.5.5.7.1_2,2023,11,0,0
AUT.5.5.8.1_2,2023,11,0,0
AUT.5.5.9.1_2,2023,11,0,0
AUT.5.5.9.2_2,2023,11,0,0
AUT.5.5.9.3_2,2023,11,0,0
AUT.5.5.9.4_2,2023,11,0,0
AUT.5.5.9.5_2,2023,11,0,0
AUT.5.6.1.1_2,2023,11,0,0
AUT.5.6.1.2_2,2023,11,0,0
AUT.5.6.1.3_2,2023,11,0,0
AUT.5.6.1.4_2,2023,11,0,0
AUT.5.6.10.1_2,2023,11,0,0
AUT.5.6.10.2_2,2023,11,0,0
AUT.5.6.10.3_2,2023,11,0,0
AUT.5.6.10.4_2,2023,11,0,0
AUT.5.6.11.1_2,2023,11,0,0
AUT.5.6.11.2_2,2023,11,0,0
AUT.5.6.11.3_2,2023,11,0,0
AUT.5.6.12.1_2,2023,11,0,0
AUT.5.6.12.2_2,2023,11,0,0
AUT.5.6.12.3_2,2023,11,0,0
AUT.5.6.12.4_2,2023,11,0,0
AUT.5.6.13.1_2,2023,11,0,0
AUT.5.6.13.2_2,2023,11,0,0
AUT.5.6.13.3_2,2023,11,0,0
AUT.5.6.13.4_2,2023,11,0,0
AUT.5.6.13.5_2,2023,11,0,0
AUT.5.6.13.6_2,2023,11,0,0
AUT.5.6.13.7_2,2023,11,0,0
AUT.5.6.14.1_2,2023,11,0,0
AUT.5.6.14.2_2,2023,11,0,0
AUT.5.6.14.3_2,2023,11,0,0
AUT.5.6.15.1_2,2023,11,0,0
AUT.5.6.15.2_2,2023,11,0,0
AUT.5.6.15.3_2,2023,11,0,0
AUT.5.6.16.1_2,2023,11,0,0
AUT.5.6.16.2_2,2023,11,0,0
AUT.5.6.16.3_2,2023,11,0,0
AUT.5.6.16.4_2,2023,11,0,0
AUT.5.6.17.1_2,2023,11,0,0
AUT.5.6.17.2_2,2023,11,0,0
AUT.5.6.17.3_2,2023,11,0,0
AUT.5.6.17.4_2,2023,11,0,0
AUT.5.6.17.5_2,2023,11,0,0
AUT.5.6.17.6_2,2023,11,0,0
AUT.5.6.18.1_2,2023,11,0,0
AUT.5.6.18.2_2,2023,11,0,0
AUT.5.6.19.1_2,2023,11,0,0
AUT.5.6.19.2_2,2023,11,0,0
AUT.5.6.19.3_2,2023,11,0,0
AUT.5.6.19.4_2,2023,11,0,0
AUT.5.6.19.5_2,2023,11,0,0
AUT.5.6.19.6_2,2023,11,0,0
AUT.5.6.19.7_2,2023,11,0,0
AUT.5.6.19.8_2,2023,11,0,0
AUT.5.6.19.9_2,2023,11,0,0
AUT.5.6.2.1_2,2023,11,0,0
AUT.5.6.2.2_2,2023,11,0,0
AUT.5.6.2.3_2,2023,11,0,0
AUT.5.6.2.4_2,2023,11,0,0
AUT.5.6.20.1_2,2023,11,0,0
AUT.5.6.20.2_2,2023,11,0,0
AUT.5.6.20.3_2,2023,11,0,0
AUT.5.6.21.1_2,2023,11,0,0
AUT.5.6.21.2_2,2023,11,0,0
AUT.5.6.22.1_2,2023,11,0,0
AUT.5.6.22.2_2,2023,11,0,0
AUT.5.6.22.3_2,2023,11,0,0
AUT.5.6.22.4_2,2023,11,0,0
AUT.5.6.23.1_2,2023,11,0,0
AUT.5.6.23.2_2,2023,11,0,0
AUT.5.6.23.3_2,2023,11,0,0
AUT.5.6.24.1_2,2023,11,0,0
AUT.5.6.24.2_2,2023,11,0,0
AUT.5.6.24.3_2,2023,11,0,0
AUT.5.6.24.4_2,2023,11,0,0
AUT.5.6.25.1_2,2023,11,0,0
AUT.5.6.26.1_2,2023,11,0,0
AUT.5.6.26.2_2,2023,11,0,0
AUT.5.6.27.1_2,2023,11,0,0
AUT.5.6.27.2_2,2023,11,0,0
AUT.5.6.28.1_2,2023,11,0,0
AUT.5.6.28.2_2,2023,11,0,0
AUT.5.6.28.3_2,2023,11,0,0
AUT.5.6.28.4_2,2023,11,0,0
AUT.5.6.28.5_2,2023,11,0,0
AUT.5.6.3.1_2,2023,11,0,0
AUT.5.6.3.2_2,2023,11,0,0
AUT.5.6.3.3_2,2023,11,0,0
AUT.5.6.4.1_2,2023,11,0,0
AUT.5.6.5.1_2,2023,11,0,0
AUT.5.6.5.2_2,2023,11,0,0
AUT.5.6.6.1_2,2023,11,0,0
AUT.5.6.7.1_2,2023,11,0,0
AUT.5.6.8.1_2,2023,11,0,0
AUT.5.6.8.2_2,2023,11,0,0
AUT.5.6.9.1_2,2023,11,0,0
AUT.5.6.9.2_2,2023,11,0,0
AUT.5.6.9.3_2,2023,11,0,0
AUT.5.6.9.4_2,2023,11,0,0
AUT.5.6.9.5_2,2023,11,0,0
AUT.5.6.9.6_2,2023,11,0,0
AUT.6.1.1.1_2,2023,11,0,0
AUT.6.1.1.2_2,2023,11,0,0
AUT.6.1.1.3_2,2023,11,0,0
AUT.6.1.1.4_2,2023,11,0,0
AUT.6.1.1.5_2,2023,11,0,0
AUT.6.1.1.6_2,2023,11,0,0
AUT.6.1.10.1_2,2023,11,0,0
AUT.6.1.10.2_2,2023,11,0,0
AUT.6.1.10.3_2,2023,11,0,0
AUT.6.1.10.4_2,2023,11,0,0
AUT.6.1.10.5_2,2023,11,0,0
AUT.6.1.10.6_2,2023,11,0,0
AUT.6.1.11.1_2,2023,11,0,0
AUT.6.1.11.2_2,2023,11,0,0
AUT.6.1.11.3_2,2023,11,0,0
AUT.6.1.11.4_2,2023,11,0,0
AUT.6.1.11.5_2,2023,11,0,0
AUT.6.1.11.6_2,2023,11,0,0
AUT.6.1.11.7_2,2023,11,0,0
AUT.6.1.12.1_2,2023,11,0,0
AUT.6.1.12.2_2,2023,11,0,0
AUT.6.1.12.3_2,2023,11,0,0
AUT.6.1.12.4_2,2023,11,0,0
AUT.6.1.12.5_2,2023,11,0,0
AUT.6.1.12.6_2,2023,11,0,0
AUT.6.1.12.7_2,2023,11,0,0
AUT.6.1.12.8_2,2023,11,0,0
AUT.6.1.13.1_2,2023,11,0,0
AUT.6.1.13.2_2,2023,11,0,0
AUT.6.1.13.3_2,2023,11,0,0
AUT.6.1.13.4_2,2023,11,0,0
AUT.6.1.14.1_2,2023,11,0,0
AUT.6.1.14.2_2,2023,11,0,0
AUT.6.1.14.3_2,2023,11,0,0
AUT.6.1.14.4_2,2023,11,0,0
AUT.6.1.15.1_2,2023,11,0,0
AUT.6.1.15.2_2,2023,11,0,0
AUT.6.1.15.3_2,2023,11,0,0
AUT.6.1.15.4_2,2023,11,0,0
AUT.6.1.15.5_2,2023,11,0,0
AUT.6.1.15.6_2,2023,11,0,0
AUT.6.1.16.1_2,2023,11,0,0
AUT.6.1.16.2_2,2023,11,0,0
AUT.6.1.16.3_2,2023,11,0,0
AUT.6.1.16.4_2,2023,11,0,0
AUT.6.1.17.1_2,2023,11,0,0
AUT.6.1.17.2_2,2023,11,0,0
AUT.6.1.17.3_2,2023,11,0,0
AUT.6.1.17.4_2,2023,11,0,0
AUT.6.1.17.5_2,2023,11,0,0
AUT.6.1.17.6_2,2023,11,0,0
AUT.6.1.17.7_2,2023,11,0,0
AUT.6.1.17.8_2,2023,11,0,0
AUT.6.1.18.1_2,2023,11,0,0
AUT.6.1.18.2_2,2023,11,0,0
AUT.6.1.18.3_2,2023,11,0,0
AUT.6.1.18.4_2,2023,11,0,0
AUT.6.1.18.5_2,2023,11,0,0
AUT.6.1.18.6_2,2023,11,0,0
AUT.6.1.18.7_2,2023,11,0,0
AUT.6.1.18.8_2,2023,11,0,0
AUT.6.1.18.9_2,2023,11,0,0
AUT.6.1.19.1_2,2023,11,0,0
AUT.6.1.19.2_2,2023,11,0,0
AUT.6.1.19.3_2,2023,11,0,0
AUT.6.1.19.4_2,2023,11,0,0
AUT.6.1.19.5_2,2023,11,0,0
AUT.6.1.2.1_2,2023,11,0,0
AUT.6.1.2.2_2,2023,11,0,0
AUT.6.1.2.3_2,2023,11,0,0
AUT.6.1.2.4_2,2023,11,0,0
AUT.6.1.3.1_2,2023,11,0,0
AUT.6.1.3.10_2,2023,11,0,0
AUT.6.1.3.11_2,2023,11,0,0
AUT.6.1.3.12_2,2023,11,0,0
AUT.6.1.3.2_2,2023,11,0,0
AUT.6.1.3.3_2,2023,11,0,0
AUT.6.1.3.4_2,2023,11,0,0
AUT.6.1.3.5_2,2023,11,0,0
AUT.6.1.3.6_2,2023,11,0,0
AUT.6.1.3.7_2,2023,11,0,0
AUT.6.1.3.8_2,2023,11,0,0
AUT.6.1.3.9_2,2023,11,0,0
AUT.6.1.4.1_2,2023,11,0,0
AUT.6.1.4.10_2,2023,11,0,0
AUT.6.1.4.11_2,2023,11,0,0
AUT.6.1.4.12_2,2023,11,0,0
AUT.6.1.4.13_2,2023,11,0,0
AUT.6.1.4.14_2,2023,11,0,0
AUT.6.1.4.15_2,2023,11,0,0
AUT.6.1.4.2_2,2023,11,0,0
AUT.6.1.4.3_2,2023,11,0,0
AUT.6.1.4.4_2,2023,11,0,0
AUT.6.1.4.5_2,2023,11,0,0
AUT.6.1.4.6_2,2023,11,0,0
AUT.6.1.4.7_2,2023,11,0,0
AUT.6.1.4.8_2,2023,11,0,0
AUT.6.1.4.9_2,2023,11,0,0
AUT.6.1.5.1_2,2023,11,0,0
AUT.6.1.5.10_2,2023,11,0,0
AUT.6.1.5.2_2,2023,11,0,0
AUT.6.1.5.3_2,2023,11,0,0
AUT.6.1.5.4_2,2023,11,0,0
AUT.6.1.5.5_2,2023,11,0,0
AUT.6.1.5.6_2,2023,11,0,0
AUT.6.1.5.7_2,2023,11,0,0
AUT.6.1.5.8_2,2023,11,0,0
AUT.6.1.5.9_2,2023,11,0,0
AUT.6.1.6.1_2,2023,11,0,0
AUT.6.1.6.2_2,2023,11,0,0
AUT.6.1.6.3_2,2023,11,0,0
AUT.6.1.6.4_2,2023,11,0,0
AUT.6.1.6.5_2,2023,11,0,0
AUT.6.1.6.6_2,2023,11,0,0
AUT.6.1.6.7_2,2023,11,0,0
AUT.6.1.6.8_2,2023,11,0,0
AUT.6.1.7.1_2,2023,11,0,0
AUT.6.1.7.2_2,2023,11,0,0
AUT.6.1.7.3_2,2023,11,0,0
AUT.6.1.7.4_2,2023,11,0,0
AUT.6.1.7.5_2,2023,11,0,0
AUT.6.1.7.6_2,2023,11,0,0
AUT.6.1.7.7_2,2023,11,0,0
AUT.6.1.7.8_2,2023,11,0,0
AUT.6.1.8.1_2,2023,11,0,0
AUT.6.1.8.2_2,2023,11,0,0
AUT.6.1.8.3_2,2023,11,0,0
AUT.6.1.8.4_2,2023,11,0,0
AUT.6.1.8.5_2,2023,11,0,0
AUT.6.1.9.1_2,2023,11,0,0
AUT.6.1.9.2_2,2023,11,0,0
AUT.6.1.9.3_2,2023,11,0,0
AUT.6.1.9.4_2,2023,11,0,0
AUT.6.1.9.5_2,2023,11,0,0
AUT.6.1.9.6_2,2023,11,0,0
AUT.6.10.1.1_2,2023,11,0,0
AUT.6.10.1.2_2,2023,11,0,0
AUT.6.10.1.3_2,2023,11,0,0
AUT.6.10.1.4_2,2023,11,0,0
AUT.6.10.1.5_2,2023,11,0,0
AUT.6.10.1.6_2,2023,11,0,0
AUT.6.10.1.7_2,2023,11,0,0
AUT.6.10.10.1_2,2023,11,0,0
AUT.6.10.10.2_2,2023,11,0,0
AUT.6.10.10.3_2,2023,11,0,0
AUT.6.10.10.4_2,2023,11,0,0
AUT.6.10.10.5_2,2023,11,0,0
AUT.6.10.10.6_2,2023,11,0,0
AUT.6.10.11.1_2,2023,11,0,0
AUT.6.10.12.1_2,2023,11,0,0
AUT.6.10.12.2_2,2023,11,0,0
AUT.6.10.12.3_2,2023,11,0,0
AUT.6.10.12.4_2,2023,11,0,0
AUT.6.10.13.1_2,2023,11,0,0
AUT.6.10.13.2_2,2023,11,0,0
AUT.6.10.13.3_2,2023,11,0,0
AUT.6.10.13.4_2,2023,11,0,0
AUT.6.10.13.5_2,2023,11,0,0
AUT.6.10.13.6_2,2023,11,0,0
AUT.6.10.14.1_2,2023,11,0,0
AUT.6.10.14.2_2,2023,11,0,0
AUT.6.10.14.3_2,2023,11,0,0
AUT.6.10.14.4_2,2023,11,0,0
AUT.6.10.14.5_2,2023,11,0,0
AUT.6.10.14.6_2,2023,11,0,0
AUT.6.10.14.7_2,2023,11,0,0
AUT.6.10.14.8_2,2023,11,0,0
AUT.6.10.15.1_2,2023,11,0,0
AUT.6.10.15.2_2,2023,11,0,0
AUT.6.10.15.3_2,2023,11,0,0
AUT.6.10.15.4_2,2023,11,0,0
AUT.6.10.16.1_2,2023,11,0,0
AUT.6.10.16.2_2,2023,11,0,0
AUT.6.10.16.3_2,2023,11,0,0
AUT.6.10.17.1_2,2023,11,0,0
AUT.6.10.17.10_2,2023,11,0,0
AUT.6.10.17.11_2,2023,11,0,0
AUT.6.10.17.2_2,2023,11,0,0
AUT.6.10.17.3_2,2023,11,0,0
AUT.6.10.17.4_2,2023,11,0,0
AUT.6.10.17.5_2,2023,11,0,0
AUT.6.10.17.6_2,2023,11,0,0
AUT.6.10.17.7_2,2023,11,0,0
AUT.6.10.17.8_2,2023,11,0,0
AUT.6.10.17.9_2,2023,11,0,0
AUT.6.10.18.1_2,2023,11,0,0
AUT.6.10.18.2_2,2023,11,0,0
AUT.6.10.19.1_2,2023,11,0,0
AUT.6.10.19.10_2,2023,11,0,0
AUT.6.10.19.2_2,2023,11,0,0
AUT.6.10.19.3_2,2023,11,0,0
AUT.6.10.19.4_2,2023,11,0,0
AUT.6.10.19.5_2,2023,11,0,0
AUT.6.10.19.6_2,2023,11,0,0
AUT.6.10.19.7_2,2023,11,0,0
AUT.6.10.19.8_2,2023,11,0,0
AUT.6.10.19.9_2,2023,11,0,0
AUT.6.10.2.1_2,2023,11,0,0
AUT.6.10.2.2_2,2023,11,0,0
AUT.6.10.2.3_2,2023,11,0,0
AUT.6.10.2.4_2,2023,11,0,0
AUT.6.10.20.1_2,2023,11,0,0
AUT.6.10.20.2_2,2023,11,0,0
AUT.6.10.3.1_2,2023,11,0,0
AUT.6.10.4.1_2,2023,11,0,0
AUT.6.10.4.2_2,2023,11,0,0
AUT.6.10.4.3_2,2023,11,0,0
AUT.6.10.4.4_2,2023,11,0,0
AUT.6.10.4.5_2,2023,11,0,0
AUT.6.10.4.6_2,2023,11,0,0
AUT.6.10.5.1_2,2023,11,0,0
AUT.6.10.5.2_2,2023,11,0,0
AUT.6.10.6.1_2,2023,11,0,0
AUT.6.10.6.2_2,2023,11,0,0
AUT.6.10.6.3_2,2023,11,0,0
AUT.6.10.7.1_2,2023,11,0,0
AUT.6.10.7.2_2,2023,11,0,0
AUT.6.10.7.3_2,2023,11,0,0
AUT.6.10.8.1_2,2023,11,0,0
AUT.6.10.8.2_2,2023,11,0,0
AUT.6.10.8.3_2,2023,11,0,0
AUT.6.10.8.4_2,2023,11,0,0
AUT.6.10.8.5_2,2023,11,0,0
AUT.6.10.8.6_2,2023,11,0,0
AUT.6.10.9.1_2,2023,11,0,0
AUT.6.10.9.2_2,2023,11,0,0
AUT.6.10.9.3_2,2023,11,0,0
AUT.6.10.9.4_2,2023,11,0,0
AUT.6.10.9.5_2,2023,11,0,0
AUT.6.10.9.6_2,2023,11,0,0
AUT.6.11.1.1_2,2023,11,0,0
AUT.6.11.1.2_2,2023,11,0,0
AUT.6.11.1.3_2,2023,11,0,0
AUT.6.11.1.4_2,2023,11,0,0
AUT.6.11.1.5_2,2023,11,0,0
AUT.6.11.1.6_2,2023,11,0,0
AUT.6.11.1.7_2,2023,11,0,0
AUT.6.11.1.8_2,2023,11,0,0
AUT.6.11.1.9_2,2023,11,0,0
AUT.6.11.10.1_2,2023,11,0,0
AUT.6.11.10.2_2,2023,11,0,0
AUT.6.11.10.3_2,2023,11,0,0
AUT.6.11.10.4_2,2023,11,0,0
AUT.6.11.10.5_2,2023,11,0,0
AUT.6.11.10.6_2,2023,11,0,0
AUT.6.11.10.7_2,2023,11,0,0
AUT.6.11.10.8_2,2023,11,0,0
AUT.6.11.11.1_2,2023,11,0,0
AUT.6.11.11.2_2,2023,11,0,0
AUT.6.11.11.3_2,2023,11,0,0
AUT.6.11.11.4_2,2023,11,0,0
AUT.6.11.11.5_2,2023,11,0,0
AUT.6.11.11.6_2,2023,11,0,0
AUT.6.11.11.7_2,2023,11,0,0
AUT.6.11.12.1_2,2023,11,0,0
AUT.6.11.12.2_2,2023,11,0,0
AUT.6.11.12.3_2,2023,11,0,0
AUT.6.11.13.1_2,2023,11,0,0
AUT.6.11.13.2_2,2023,11,0,0
AUT.6.11.13.3_2,2023,11,0,0
AUT.6.11.13.4_2,2023,11,0,0
AUT.6.11.13.5_2,2023,11,0,0
AUT.6.11.13.6_2,2023,11,0,0
AUT.6.11.13.7_2,2023,11,0,0
AUT.6.11.13.8_2,2023,11,0,0
AUT.6.11.14.1_2,2023,11,0,0
AUT.6.11.14.2_2,2023,11,0,0
AUT.6.11.14.3_2,2023,11,0,0
AUT.6.11.14.4_2,2023,11,0,0
AUT.6.11.14.5_2,2023,11,0,0
AUT.6.11.15.1_2,2023,11,0,0
AUT.6.11.15.2_2,2023,11,0,0
AUT.6.11.15.3_2,2023,11,0,0
AUT.6.11.15.4_2,2023,11,0,0
AUT.6.11.15.5_2,2023,11,0,0
AUT.6.11.16.1_2,2023,11,0,0
AUT.6.11.16.2_2,2023,11,0,0
AUT.6.11.16.3_2,2023,11,0,0
AUT.6.11.16.4_2,2023,11,0,0
AUT.6.11.16.5_2,2023,11,0,0
AUT.6.11.16.6_2,2023,11,0,0
AUT.6.11.16.7_2,2023,11,0,0
AUT.6.11.17.1_2,2023,11,0,0
AUT.6.11.17.2_2,2023,11,0,0
AUT.6.11.17.3_2,2023,11,0,0
AUT.6.11.17.4_2,2023,11,0,0
AUT.6.11.17.5_2,2023,11,0,0
AUT.6.11.18.1_2,2023,11,0,0
AUT.6.11.18.2_2,2023,11,0,0
AUT.6.11.18.3_2,2023,11,0,0
AUT.6.11.18.4_2,2023,11,0,0
AUT.6.11.18.5_2,2023,11,0,0
AUT.6.11.18.6_2,2023,11,0,0
AUT.6.11.19.1_2,2023,11,0,0
AUT.6.11.19.2_2,2023,11,0,0
AUT.6.11.19.3_2,2023,11,0,0
AUT.6.11.19.4_2,2023,11,0,0
AUT.6.11.2.1_2,2023,11,0,0
AUT.6.11.2.10_2,2023,11,0,0
AUT.6.11.2.11_2,2023,11,0,0
AUT.6.11.2.12_2,2023,11,0,0
AUT.6.11.2.2_2,2023,11,0,0
AUT.6.11.2.3_2,2023,11,0,0
AUT.6.11.2.4_2,2023,11,0,0
AUT.6.11.2.5_2,2023,11,0,0
AUT.6.11.2.6_2,2023,11,0,0
AUT.6.11.2.7_2,2023,11,0,0
AUT.6.11.2.8_2,2023,11,0,0
AUT.6.11.2.9_2,2023,11,0,0
AUT.6.11.20.1_2,2023,11,0,0
AUT.6.11.20.10_2,2023,11,0,0
AUT.6.11.20.11_2,2023,11,0,0
AUT.6.11.20.2_2,2023,11,0,0
AUT.6.11.20.3_2,2023,11,0,0
AUT.6.11.20.4_2,2023,11,0,0
AUT.6.11.20.5_2,2023,11,0,0
AUT.6.11.20.6_2,2023,11,0,0
AUT.6.11.20.7_2,2023,11,0,0
AUT.6.11.20.8_2,2023,11,0,0
AUT.6.11.20.9_2,2023,11,0,0
AUT.6.11.21.1_2,2023,11,0,0
AUT.6.11.21.2_2,2023,11,0,0
AUT.6.11.21.3_2,2023,11,0,0
AUT.6.11.21.4_2,2023,11,0,0
AUT.6.11.21.5_2,2023,11,0,0
AUT.6.11.21.6_2,2023,11,0,0
AUT.6.11.21.7_2,2023,11,0,0
AUT.6.11.21.8_2,2023,11,0,0
AUT.6.11.21.9_2,2023,11,0,0
AUT.6.11.22.1_2,2023,11,0,0
AUT.6.11.22.2_2,2023,11,0,0
AUT.6.11.22.3_2,2023,11,0,0
AUT.6.11.22.4_2,2023,11,0,0
AUT.6.11.22.5_2,2023,11,0,0
AUT.6.11.22.6_2,2023,11,0,0
AUT.6.11.22.7_2,2023,11,0,0
AUT.6.11.22.8_2,2023,11,0,0
AUT.6.11.23.1_2,2023,11,0,0
AUT.6.11.23.2_2,2023,11,0,0
AUT.6.11.23.3_2,2023,11,0,0
AUT.6.11.23.4_2,2023,11,0,0
AUT.6.11.23.5_2,2023,11,0,0
AUT.6.11.23.6_2,2023,11,0,0
AUT.6.11.24.1_2,2023,11,0,0
AUT.6.11.24.10_2,2023,11,0,0
AUT.6.11.24.11_2,2023,11,0,0
AUT.6.11.24.12_2,2023,11,0,0
AUT.6.11.24.13_2,2023,11,0,0
AUT.6.11.24.14_2,2023,11,0,0
AUT.6.11.24.15_2,2023,11,0,0
AUT.6.11.24.16_2,2023,11,0,0
AUT.6.11.24.17_2,2023,11,0,0
AUT.6.11.24.18_2,2023,11,0,0
AUT.6.11.24.19_2,2023,11,0,0
AUT.6.11.24.2_2,2023,11,0,0
AUT.6.11.24.20_2,2023,11,0,0
AUT.6.11.24.3_2,2023,11,0,0
AUT.6.11.24.4_2,2023,11,0,0
AUT.6.11.24.5_2,2023,11,0,0
AUT.6.11.24.6_2,2023,11,0,0
AUT.6.11.24.7_2,2023,11,0,0
AUT.6.11.24.8_2,2023,11,0,0
AUT.6.11.24.9_2,2023,11,0,0
AUT.6.11.25.1_2,2023,11,0,0
AUT.6.11.25.2_2,2023,11,0,0
AUT.6.11.25.3_2,2023,11,0,0
AUT.6.11.25.4_2,2023,11,0,0
AUT.6.11.25.5_2,2023,11,0,0
AUT.6.11.25.6_2,2023,11,0,0
AUT.6.11.26.1_2,2023,11,0,0
AUT.6.11.26.2_2,2023,11,0,0
AUT.6.11.26.3_2,2023,11,0,0
AUT.6.11.3.1_2,2023,11,0,0
AUT.6.11.3.10_2,2023,11,0,0
AUT.6.11.3.2_2,2023,11,0,0
AUT.6.11.3.3_2,2023,11,0,0
AUT.6.11.3.4_2,2023,11,0,0
AUT.6.11.3.5_2,2023,11,0,0
AUT.6.11.3.6_2,2023,11,0,0
AUT.6.11.3.7_2,2023,11,0,0
AUT.6.11.3.8_2,2023,11,0,0
AUT.6.11.3.9_2,2023,11,0,0
AUT.6.11.4.1_2,2023,11,0,0
AUT.6.11.4.2_2,2023,11,0,0
AUT.6.11.4.3_2,2023,11,0,0
AUT.6.11.5.1_2,2023,11,0,0
AUT.6.11.5.2_2,2023,11,0,0
AUT.6.11.6.1_2,2023,11,0,0
AUT.6.11.6.10_2,2023,11,0,0
AUT.6.11.6.11_2,2023,11,0,0
AUT.6.11.6.12_2,2023,11,0,0
AUT.6.11.6.13_2,2023,11,0,0
AUT.6.11.6.14_2,2023,11,0,0
AUT.6.11.6.15_2,2023,11,0,0
AUT.6.11.6.2_2,2023,11,0,0
AUT.6.11.6.3_2,2023,11,0,0
AUT.6.11.6.4_2,2023,11,0,0
AUT.6.11.6.5_2,2023,11,0,0
AUT.6.11.6.6_2,2023,11,0,0
AUT.6.11.6.7_2,2023,11,0,0
AUT.6.11.6.8_2,2023,11,0,0
AUT.6.11.6.9_2,2023,11,0,0
AUT.6.11.7.1_2,2023,11,0,0
AUT.6.11.7.2_2,2023,11,0,0
AUT.6.11.7.3_2,2023,11,0,0
AUT.6.11.7.4_2,2023,11,0,0
AUT.6.11.7.5_2,2023,11,0,0
AUT.6.11.7.6_2,2023,11,0,0
AUT.6.11.7.7_2,2023,11,0,0
AUT.6.11.7.8_2,2023,11,0,0
AUT.6.11.7.9_2,2023,11,0,0
AUT.6.11.8.1_2,2023,11,0,0
AUT.6.11.8.10_2,2023,11,0,0
AUT.6.11.8.11_2,2023,11,0,0
AUT.6.11.8.12_2,2023,11,0,0
AUT.6.11.8.13_2,2023,11,0,0
AUT.6.11.8.14_2,2023,11,0,0
AUT.6.11.8.2_2,2023,11,0,0
AUT.6.11.8.3_2,2023,11,0,0
AUT.6.11.8.4_2,2023,11,0,0
AUT.6.11.8.5_2,2023,11,0,0
AUT.6.11.8.6_2,2023,11,0,0
AUT.6.11.8.7_2,2023,11,0,0
AUT.6.11.8.8_2,2023,11,0,0
AUT.6.11.8.9_2,2023,11,0,0
AUT.6.11.9.1_2,2023,11,0,0
AUT.6.11.9.10_2,2023,11,0,0
AUT.6.11.9.2_2,2023,11,0,0
AUT.6.11.9.3_2,2023,11,0,0
AUT.6.11.9.4_2,2023,11,0,0
AUT.6.11.9.5_2,2023,11,0,0
AUT.6.11.9.6_2,2023,11,0,0
AUT.6.11.9.7_2,2023,11,0,0
AUT.6.11.9.8_2,2023,11,0,0
AUT.6.11.9.9_2,2023,11,0,0
AUT.6.12.1.1_2,2023,11,0,0
AUT.6.12.1.2_2,2023,11,0,0
AUT.6.12.1.3_2,2023,11,0,0
AUT.6.12.10.1_2,2023,11,0,0
AUT.6.12.10.2_2,2023,11,0,0
AUT.6.12.10.3_2,2023,11,0,0
AUT.6.12.10.4_2,2023,11,0,0
AUT.6.12.10.5_2,2023,11,0,0
AUT.6.12.11.1_2,2023,11,0,0
AUT.6.12.12.1_2,2023,11,0,0
AUT.6.12.12.2_2,2023,11,0,0
AUT.6.12.12.3_2,2023,11,0,0
AUT.6.12.13.1_2,2023,11,0,0
AUT.6.12.13.2_2,2023,11,0,0
AUT.6.12.13.3_2,2023,11,0,0
AUT.6.12.13.4_2,2023,11,0,0
AUT.6.12.13.5_2,2023,11,0,0
AUT.6.12.14.1_2,2023,11,0,0
AUT.6.12.14.2_2,2023,11,0,0
AUT.6.12.14.3_2,2023,11,0,0
AUT.6.12.14.4_2,2023,11,0,0
AUT.6.12.14.5_2,2023,11,0,0
AUT.6.12.14.6_2,2023,11,0,0
AUT.6.12.14.7_2,2023,11,0,0
AUT.6.12.14.8_2,2023,11,0,0
AUT.6.12.14.9_2,2023,11,0,0
AUT.6.12.15.1_2,2023,11,0,0
AUT.6.12.15.2_2,2023,11,0,0
AUT.6.12.15.3_2,2023,11,0,0
AUT.6.12.15.4_2,2023,11,0,0
AUT.6.12.15.5_2,2023,11,0,0
AUT.6.12.15.6_2,2023,11,0,0
AUT.6.12.15.7_2,2023,11,0,0
AUT.6.12.15.8_2,2023,11,0,0
AUT.6.12.2.1_2,2023,11,0,0
AUT.6.12.2.2_2,2023,11,0,0
AUT.6.12.2.3_2,2023,11,0,0
AUT.6.12.3.1_2,2023,11,0,0
AUT.6.12.3.2_2,2023,11,0,0
AUT.6.12.3.3_2,2023,11,0,0
AUT.6.12.3.4_2,2023,11,0,0
AUT.6.12.3.5_2,2023,11,0,0
AUT.6.12.4.1_2,2023,11,0,0
AUT.6.12.4.2_2,2023,11,0,0
AUT.6.12.4.3_2,2023,11,0,0
AUT.6.12.5.1_2,2023,11,0,0
AUT.6.12.5.2_2,2023,11,0,0
AUT.6.12.5.3_2,2023,11,0,0
AUT.6.12.5.4_2,2023,11,0,0
AUT.6.12.6.1_2,2023,11,0,0
AUT.6.12.6.2_2,2023,11,0,0
AUT.6.12.6.3_2,2023,11,0,0
AUT.6.12.6.4_2,2023,11,0,0
AUT.6.12.6.5_2,2023,11,0,0
AUT.6.12.6.6_2,2023,11,0,0
AUT.6.12.6.7_2,2023,11,0,0
AUT.6.12.7.1_2,2023,11,0,0
AUT.6.12.7.2_2,2023,11,0,0
AUT.6.12.7.3_2,2023,11,0,0
AUT.6.12.8.1_2,2023,11,0,0
AUT.6.12.8.2_2,2023,11,0,0
AUT.6.12.8.3_2,2023,11,0,0
AUT.6.12.8.4_2,2023,11,0,0
AUT.6.12.8.5_2,2023,11,0,0
AUT.6.12.9.1_2,2023,11,0,0
AUT.6.12.9.2_2,2023,11,0,0
AUT.6.12.9.3_2,2023,11,0,0
AUT.6.12.9.4_2,2023,11,0,0
AUT.6.12.9.5_2,2023,11,0,0
AUT.6.12.9.6_2,2023,11,0,0
AUT.6.13.1.1_2,2023,11,0,0
AUT.6.13.1.2_2,2023,11,0,0
AUT.6.13.1.3_2,2023,11,0,0
AUT.6.13.1.4_2,2023,11,0,0
AUT.6.13.1.5_2,2023,11,0,0
AUT.6.13.10.1_2,2023,11,0,0
AUT.6.13.10.2_2,2023,11,0,0
AUT.6.13.10.3_2,2023,11,0,0
AUT.6.13.10.4_2,2023,11,0,0
AUT.6.13.10.5_2,2023,11,0,0
AUT.6.13.11.1_2,2023,11,0,0
AUT.6.13.11.2_2,2023,11,0,0
AUT.6.13.11.3_2,2023,11,0,0
AUT.6.13.11.4_2,2023,11,0,0
AUT.6.13.12.1_2,2023,11,0,0
AUT.6.13.12.2_2,2023,11,0,0
AUT.6.13.12.3_2,2023,11,0,0
AUT.6.13.12.4_2,2023,11,0,0
AUT.6.13.12.5_2,2023,11,0,0
AUT.6.13.12.6_2,2023,11,0,0
AUT.6.13.13.1_2,2023,11,0,0
AUT.6.13.13.2_2,2023,11,0,0
AUT.6.13.13.3_2,2023,11,0,0
AUT.6.13.13.4_2,2023,11,0,0
AUT.6.13.14.1_2,2023,11,0,0
AUT.6.13.14.2_2,2023,11,0,0
AUT.6.13.14.3_2,2023,11,0,0
AUT.6.13.14.4_2,2023,11,0,0
AUT.6.13.15.1_2,2023,11,0,0
AUT.6.13.16.1_2,2023,11,0,0
AUT.6.13.16.2_2,2023,11,0,0
AUT.6.13.16.3_2,2023,11,0,0
AUT.6.13.16.4_2,2023,11,0,0
AUT.6.13.16.5_2,2023,11,0,0
AUT.6.13.16.6_2,2023,11,0,0
AUT.6.13.16.7_2,2023,11,0,0
AUT.6.13.17.1_2,2023,11,0,0
AUT.6.13.17.2_2,2023,11,0,0
AUT.6.13.17.3_2,2023,11,0,0
AUT.6.13.17.4_2,2023,11,0,0
AUT.6.13.17.5_2,2023,11,0,0
AUT.6.13.17.6_2,2023,11,0,0
AUT.6.13.18.1_2,2023,11,0,0
AUT.6.13.18.2_2,2023,11,0,0
AUT.6.13.18.3_2,2023,11,0,0
AUT.6.13.18.4_2,2023,11,0,0
AUT.6.13.18.5_2,2023,11,0,0
AUT.6.13.19.1_2,2023,11,0,0
AUT.6.13.19.2_2,2023,11,0,0
AUT.6.13.19.3_2,2023,11,0,0
AUT.6.13.19.4_2,2023,11,0,0
AUT.6.13.19.5_2,2023,11,0,0
AUT.6.13.19.6_2,2023,11,0,0
AUT.6.13.19.7_2,2023,11,0,0
AUT.6.13.2.1_2,2023,11,0,0
AUT.6.13.2.2_2,2023,11,0,0
AUT.6.13.2.3_2,2023,11,0,0
AUT.6.13.2.4_2,2023,11,0,0
AUT.6.13.2.5_2,2023,11,0,0
AUT.6.13.2.6_2,2023,11,0,0
AUT.6.13.20.1_2,2023,11,0,0
AUT.6.13.20.2_2,2023,11,0,0
AUT.6.13.20.3_2,2023,11,0,0
AUT.6.13.20.4_2,2023,11,0,0
AUT.6.13.20.5_2,2023,11,0,0
AUT.6.13.20.6_2,2023,11,0,0
AUT.6.13.20.7_2,2023,11,0,0
AUT.6.13.21.1_2,2023,11,0,0
AUT.6.13.21.2_2,2023,11,0,0
AUT.6.13.21.3_2,2023,11,0,0
AUT.6.13.21.4_2,2023,11,0,0
AUT.6.13.21.5_2,2023,11,0,0
AUT.6.13.21.6_2,2023,11,0,0
AUT.6.13.22.1_2,2023,11,0,0
AUT.6.13.22.2_2,2023,11,0,0
AUT.6.13.23.1_2,2023,11,0,0
AUT.6.13.23.2_2,2023,11,0,0
AUT.6.13.24_2,2023,11,0,0
AUT.6.13.24.1_2,2023,11,0,0
AUT.6.13.24.2_2,2023,11,0,0
AUT.6.13.25.1_2,2023,11,0,0
AUT.6.13.25.2_2,2023,11,0,0
AUT.6.13.26.1_2,2023,11,0,0
AUT.6.13.26.2_2,2023,11,0,0
AUT.6.13.26.3_2,2023,11,0,0
AUT.6.13.26.4_2,2023,11,0,0
AUT.6.13.26.5_2,2023,11,0,0
AUT.6.13.26.6_2,2023,11,0,0
AUT.6.13.26.7_2,2023,11,0,0
AUT.6.13.26.8_2,2023,11,0,0
AUT.6.13.27.1_2,2023,11,0,0
AUT.6.13.27.10_2,2023,11,0,0
AUT.6.13.27.11_2,2023,11,0,0
AUT.6.13.27.12_2,2023,11,0,0
AUT.6.13.27.2_2,2023,11,0,0
AUT.6.13.27.3_2,2023,11,0,0
AUT.6.13.27.4_2,2023,11,0,0
AUT.6.13.27.5_2,2023,11,0,0
AUT.6.13.27.6_2,2023,11,0,0
AUT.6.13.27.7_2,2023,11,0,0
AUT.6.13.27.8_2,2023,11,0,0
AUT.6.13.27.9_2,2023,11,0,0
AUT.6.13.28.1_2,2023,11,0,0
AUT.6.13.28.2_2,2023,11,0,0
AUT.6.13.28.3_2,2023,11,0,0
AUT.6.13.28.4_2,2023,11,0,0
AUT.6.13.29.1_2,2023,11,0,0
AUT.6.13.29.10_2,2023,11,0,0
AUT.6.13.29.2_2,2023,11,0,0
AUT.6.13.29.3_2,2023,11,0,0
AUT.6.13.29.4_2,2023,11,0,0
AUT.6.13.29.5_2,2023,11,0,0
AUT.6.13.29.6_2,2023,11,0,0
AUT.6.13.29.7_2,2023,11,0,0
AUT.6.13.29.8_2,2023,11,0,0
AUT.6.13.29.9_2,2023,11,0,0
AUT.6.13.3.1_2,2023,11,0,0
AUT.6.13.3.2_2,2023,11,0,0
AUT.6.13.3.3_2,2023,11,0,0
AUT.6.13.3.4_2,2023,11,0,0
AUT.6.13.3.5_2,2023,11,0,0
AUT.6.13.3.6_2,2023,11,0,0
AUT.6.13.3.7_2,2023,11,0,0
AUT.6.13.3.8_2,2023,11,0,0
AUT.6.13.3.9_2,2023,11,0,0
AUT.6.13.30.1_2,2023,11,0,0
AUT.6.13.30.2_2,2023,11,0,0
AUT.6.13.30.3_2,2023,11,0,0
AUT.6.13.30.4_2,2023,11,0,0
AUT.6.13.30.5_2,2023,11,0,0
AUT.6.13.30.6_2,2023,11,0,0
AUT.6.13.30.7_2,2023,11,0,0
AUT.6.13.31.1_2,2023,11,0,0
AUT.6.13.31.2_2,2023,11,0,0
AUT.6.13.31.3_2,2023,11,0,0
AUT.6.13.31.4_2,2023,11,0,0
AUT.6.13.31.5_2,2023,11,0,0
AUT.6.13.31.6_2,2023,11,0,0
AUT.6.13.31.7_2,2023,11,0,0
AUT.6.13.4.1_2,2023,11,0,0
AUT.6.13.4.2_2,2023,11,0,0
AUT.6.13.4.3_2,2023,11,0,0
AUT.6.13.5.1_2,2023,11,0,0
AUT.6.13.5.2_2,2023,11,0,0
AUT.6.13.5.3_2,2023,11,0,0
AUT.6.13.5.4_2,2023,11,0,0
AUT.6.13.5.5_2,2023,11,0,0
AUT.6.13.6.1_2,2023,11,0,0
AUT.6.13.6.2_2,2023,11,0,0
AUT.6.13.7.1_2,2023,11,0,0
AUT.6.13.7.2_2,2023,11,0,0
AUT.6.13.7.3_2,2023,11,0,0
AUT.6.13.7.4_2,2023,11,0,0
AUT.6.13.8.1_2,2023,11,0,0
AUT.6.13.8.2_2,2023,11,0,0
AUT.6.13.8.3_2,2023,11,0,0
AUT.6.13.8.4_2,2023,11,0,0
AUT.6.13.9_2,2023,11,0,0
AUT.6.13.9.1_2,2023,11,0,0
AUT.6.13.9.2_2,2023,11,0,0
AUT.6.13.9.3_2,2023,11,0,0
AUT.6.13.9.4_2,2023,11,0,0
AUT.6.13.9.5_2,2023,11,0,0
AUT.6.13.9.6_2,2023,11,0,0
AUT.6.13.9.7_2,2023,11,0,0
AUT.6.13.9.8_2,2023,11,0,0
AUT.6.13.9.9_2,2023,11,0,0
AUT.6.2.1.1_2,2023,11,0,0
AUT.6.2.1.10_2,2023,11,0,0
AUT.6.2.1.11_2,2023,11,0,0
AUT.6.2.1.12_2,2023,11,0,0
AUT.6.2.1.13_2,2023,11,0,0
AUT.6.2.1.14_2,2023,11,0,0
AUT.6.2.1.15_2,2023,11,0,0
AUT.6.2.1.16_2,2023,11,0,0
AUT.6.2.1.17_2,2023,11,0,0
AUT.6.2.1.18_2,2023,11,0,0
AUT.6.2.1.19_2,2023,11,0,0
AUT.6.2.1.2_2,2023,11,0,0
AUT.6.2.1.20_2,2023,11,0,0
AUT.6.2.1.21_2,2023,11,0,0
AUT.6.2.1.22_2,2023,11,0,0
AUT.6.2.1.23_2,2023,11,0,0
AUT.6.2.1.24_2,2023,11,0,0
AUT.6.2.1.25_2,2023,11,0,0
AUT.6.2.1.26_2,2023,11,0,0
AUT.6.2.1.27_2,2023,11,0,0
AUT.6.2.1.28_2,2023,11,0,0
AUT.6.2.1.29_2,2023,11,0,0
AUT.6.2.1.3_2,2023,11,0,0
AUT.6.2.1.30_2,2023,11,0,0
AUT.6.2.1.31_2,2023,11,0,0
AUT.6.2.1.32_2,2023,11,0,0
AUT.6.2.1.4_2,2023,11,0,0
AUT.6.2.1.5_2,2023,11,0,0
AUT.6.2.1.6_2,2023,11,0,0
AUT.6.2.1.7_2,2023,11,0,0
AUT.6.2.1.8_2,2023,11,0,0
AUT.6.2.1.9_2,2023,11,0,0
AUT.6.2.10.1_2,2023,11,0,0
AUT.6.2.10.2_2,2023,11,0,0
AUT.6.2.10.3_2,2023,11,0,0
AUT.6.2.10.4_2,2023,11,0,0
AUT.6.2.10.5_2,2023,11,0,0
AUT.6.2.10.6_2,2023,11,0,0
AUT.6.2.11.1_2,2023,11,0,0
AUT.6.2.11.2_2,2023,11,0,0
AUT.6.2.11.3_2,2023,11,0,0
AUT.6.2.11.4_2,2023,11,0,0
AUT.6.2.11.5_2,2023,11,0,0
AUT.6.2.11.6_2,2023,11,0,0
AUT.6.2.11.7_2,2023,11,0,0
AUT.6.2.11.8_2,2023,11,0,0
AUT.6.2.11.9_2,2023,11,0,0
AUT.6.2.12.1_2,2023,11,0,0
AUT.6.2.12.10_2,2023,11,0,0
AUT.6.2.12.11_2,2023,11,0,0
AUT.6.2.12.12_2,2023,11,0,0
AUT.6.2.12.13_2,2023,11,0,0
AUT.6.2.12.14_2,2023,11,0,0
AUT.6.2.12.15_2,2023,11,0,0
AUT.6.2.12.16_2,2023,11,0,0
AUT.6.2.12.17_2,2023,11,0,0
AUT.6.2.12.18_2,2023,11,0,0
AUT.6.2.12.19_2,2023,11,0,0
AUT.6.2.12.2_2,2023,11,0,0
AUT.6.2.12.20_2,2023,11,0,0
AUT.6.2.12.21_2,2023,11,0,0
AUT.6.2.12.3_2,2023,11,0,0
AUT.6.2.12.4_2,2023,11,0,0
AUT.6.2.12.5_2,2023,11,0,0
AUT.6.2.12.6_2,2023,11,0,0
AUT.6.2.12.7_2,2023,11,0,0
AUT.6.2.12.8_2,2023,11,0,0
AUT.6.2.12.9_2,2023,11,0,0
AUT.6.2.13.1_2,2023,11,0,0
AUT.6.2.13.10_2,2023,11,0,0
AUT.6.2.13.11_2,2023,11,0,0
AUT.6.2.13.12_2,2023,11,0,0
AUT.6.2.13.2_2,2023,11,0,0
AUT.6.2.13.3_2,2023,11,0,0
AUT.6.2.13.4_2,2023,11,0,0
AUT.6.2.13.5_2,2023,11,0,0
AUT.6.2.13.6_2,2023,11,0,0
AUT.6.2.13.7_2,2023,11,0,0
AUT.6.2.13.8_2,2023,11,0,0
AUT.6.2.13.9_2,2023,11,0,0
AUT.6.2.14.1_2,2023,11,0,0
AUT.6.2.14.2_2,2023,11,0,0
AUT.6.2.14.3_2,2023,11,0,0
AUT.6.2.14.4_2,2023,11,0,0
AUT.6.2.14.5_2,2023,11,0,0
AUT.6.2.14.6_2,2023,11,0,0
AUT.6.2.15.1_2,2023,11,0,0
AUT.6.2.15.10_2,2023,11,0,0
AUT.6.2.15.11_2,2023,11,0,0
AUT.6.2.15.12_2,2023,11,0,0
AUT.6.2.15.13_2,2023,11,0,0
AUT.6.2.15.14_2,2023,11,0,0
AUT.6.2.15.15_2,2023,11,0,0
AUT.6.2.15.16_2,2023,11,0,0
AUT.6.2.15.2_2,2023,11,0,0
AUT.6.2.15.3_2,2023,11,0,0
AUT.6.2.15.4_2,2023,11,0,0
AUT.6.2.15.5_2,2023,11,0,0
AUT.6.2.15.6_2,2023,11,0,0
AUT.6.2.15.7_2,2023,11,0,0
AUT.6.2.15.8_2,2023,11,0,0
AUT.6.2.15.9_2,2023,11,0,0
AUT.6.2.2.1_2,2023,11,0,0
AUT.6.2.2.10_2,2023,11,0,0
AUT.6.2.2.11_2,2023,11,0,0
AUT.6.2.2.12_2,2023,11,0,0
AUT.6.2.2.13_2,2023,11,0,0
AUT.6.2.2.14_2,2023,11,0,0
AUT.6.2.2.15_2,2023,11,0,0
AUT.6.2.2.16_2,2023,11,0,0
AUT.6.2.2.17_2,2023,11,0,0
AUT.6.2.2.18_2,2023,11,0,0
AUT.6.2.2.19_2,2023,11,0,0
AUT.6.2.2.2_2,2023,11,0,0
AUT.6.2.2.20_2,2023,11,0,0
AUT.6.2.2.21_2,2023,11,0,0
AUT.6.2.2.22_2,2023,11,0,0
AUT.6.2.2.23_2,2023,11,0,0
AUT.6.2.2.24_2,2023,11,0,0
AUT.6.2.2.25_2,2023,11,0,0
AUT.6.2.2.26_2,2023,11,0,0
AUT.6.2.2.3_2,2023,11,0,0
AUT.6.2.2.4_2,2023,11,0,0
AUT.6.2.2.5_2,2023,11,0,0
AUT.6.2.2.6_2,2023,11,0,0
AUT.6.2.2.7_2,2023,11,0,0
AUT.6.2.2.8_2,2023,11,0,0
AUT.6.2.2.9_2,2023,11,0,0
AUT.6.2.3.1_2,2023,11,0,0
AUT.6.2.3.2_2,2023,11,0,0
AUT.6.2.3.3_2,2023,11,0,0
AUT.6.2.3.4_2,2023,11,0,0
AUT.6.2.3.5_2,2023,11,0,0
AUT.6.2.4.1_2,2023,11,0,0
AUT.6.2.4.10_2,2023,11,0,0
AUT.6.2.4.11_2,2023,11,0,0
AUT.6.2.4.12_2,2023,11,0,0
AUT.6.2.4.13_2,2023,11,0,0
AUT.6.2.4.14_2,2023,11,0,0
AUT.6.2.4.15_2,2023,11,0,0
AUT.6.2.4.16_2,2023,11,0,0
AUT.6.2.4.2_2,2023,11,0,0
AUT.6.2.4.3_2,2023,11,0,0
AUT.6.2.4.4_2,2023,11,0,0
AUT.6.2.4.5_2,2023,11,0,0
AUT.6.2.4.6_2,2023,11,0,0
AUT.6.2.4.7_2,2023,11,0,0
AUT.6.2.4.8_2,2023,11,0,0
AUT.6.2.4.9_2,2023,11,0,0
AUT.6.2.5.1_2,2023,11,0,0
AUT.6.2.5.2_2,2023,11,0,0
AUT.6.2.5.3_2,2023,11,0,0
AUT.6.2.5.4_2,2023,11,0,0
AUT.6.2.6.1_2,2023,11,0,0
AUT.6.2.6.2_2,2023,11,0,0
AUT.6.2.6.3_2,2023,11,0,0
AUT.6.2.7.1_2,2023,11,0,0
AUT.6.2.7.2_2,2023,11,0,0
AUT.6.2.7.3_2,2023,11,0,0
AUT.6.2.8.1_2,2023,11,0,0
AUT.6.2.8.2_2,2023,11,0,0
AUT.6.2.8.3_2,2023,11,0,0
AUT.6.2.9.1_2,2023,11,0,0
AUT.6.2.9.10_2,2023,11,0,0
AUT.6.2.9.11_2,2023,11,0,0
AUT.6.2.9.12_2,2023,11,0,0
AUT.6.2.9.13_2,2023,11,0,0
AUT.6.2.9.14_2,2023,11,0,0
AUT.6.2.9.15_2,2023,11,0,0
AUT.6.2.9.2_2,2023,11,0,0
AUT.6.2.9.3_2,2023,11,0,0
AUT.6.2.9.4_2,2023,11,0,0
AUT.6.2.9.5_2,2023,11,0,0
AUT.6.2.9.6_2,2023,11,0,0
AUT.6.2.9.7_2,2023,11,0,0
AUT.6.2.9.8_2,2023,11,0,0
AUT.6.2.9.9_2,2023,11,0,0
AUT.6.3.1.1_2,2023,11,0,0
AUT.6.3.1.2_2,2023,11,0,0
AUT.6.3.1.3_2,2023,11,0,0
AUT.6.3.1.4_2,2023,11,0,0
AUT.6.3.1.5_2,2023,11,0,0
AUT.6.3.1.6_2,2023,11,0,0
AUT.6.3.1.7_2,2023,11,0,0
AUT.6.3.10.1_2,2023,11,0,0
AUT.6.3.10.2_2,2023,11,0,0
AUT.6.3.11.1_2,2023,11,0,0
AUT.6.3.12.1_2,2023,11,0,0
AUT.6.3.13.1_2,2023,11,0,0
AUT.6.3.13.10_2,2023,11,0,0
AUT.6.3.13.2_2,2023,11,0,0
AUT.6.3.13.3_2,2023,11,0,0
AUT.6.3.13.4_2,2023,11,0,0
AUT.6.3.13.5_2,2023,11,0,0
AUT.6.3.13.6_2,2023,11,0,0
AUT.6.3.13.7_2,2023,11,0,0
AUT.6.3.13.8_2,2023,11,0,0
AUT.6.3.13.9_2,2023,11,0,0
AUT.6.3.14.1_2,2023,11,0,0
AUT.6.3.14.2_2,2023,11,0,0
AUT.6.3.14.3_2,2023,11,0,0
AUT.6.3.15.1_2,2023,11,0,0
AUT.6.3.15.2_2,2023,11,0,0
AUT.6.3.15.3_2,2023,11,0,0
AUT.6.3.16.1_2,2023,11,0,0
AUT.6.3.16.2_2,2023,11,0,0
AUT.6.3.16.3_2,2023,11,0,0
AUT.6.3.16.4_2,2023,11,0,0
AUT.6.3.17.1_2,2023,11,0,0
AUT.6.3.18.1_2,2023,11,0,0
AUT.6.3.19.1_2,2023,11,0,0
AUT.6.3.19.2_2,2023,11,0,0
AUT.6.3.19.3_2,2023,11,0,0
AUT.6.3.19.4_2,2023,11,0,0
AUT.6.3.2.1_2,2023,11,0,0
AUT.6.3.2.2_2,2023,11,0,0
AUT.6.3.2.3_2,2023,11,0,0
AUT.6.3.2.4_2,2023,11,0,0
AUT.6.3.2.5_2,2023,11,0,0
AUT.6.3.2.6_2,2023,11,0,0
AUT.6.3.2.7_2,2023,11,0,0
AUT.6.3.2.8_2,2023,11,0,0
AUT.6.3.20.1_2,2023,11,0,0
AUT.6.3.20.2_2,2023,11,0,0
AUT.6.3.21.1_2,2023,11,0,0
AUT.6.3.21.2_2,2023,11,0,0
AUT.6.3.21.3_2,2023,11,0,0
AUT.6.3.21.4_2,2023,11,0,0
AUT.6.3.21.5_2,2023,11,0,0
AUT.6.3.21.6_2,2023,11,0,0
AUT.6.3.22.1_2,2023,11,0,0
AUT.6.3.22.2_2,2023,11,0,0
AUT.6.3.23.1_2,2023,11,0,0
AUT.6.3.23.2_2,2023,11,0,0
AUT.6.3.23.3_2,2023,11,0,0
AUT.6.3.24.1_2,2023,11,0,0
AUT.6.3.24.2_2,2023,11,0,0
AUT.6.3.24.3_2,2023,11,0,0
AUT.6.3.25.1_2,2023,11,0,0
AUT.6.3.25.2_2,2023,11,0,0
AUT.6.3.26.1_2,2023,11,0,0
AUT.6.3.26.2_2,2023,11,0,0
AUT.6.3.26.3_2,2023,11,0,0
AUT.6.3.27.1_2,2023,11,0,0
AUT.6.3.27.2_2,2023,11,0,0
AUT.6.3.28.1_2,2023,11,0,0
AUT.6.3.29.1_2,2023,11,0,0
AUT.6.3.29.2_2,2023,11,0,0
AUT.6.3.3.1_2,2023,11,0,0
AUT.6.3.3.2_2,2023,11,0,0
AUT.6.3.3.3_2,2023,11,0,0
AUT.6.3.3.4_2,2023,11,0,0
AUT.6.3.3.5_2,2023,11,0,0
AUT.6.3.3.6_2,2023,11,0,0
AUT.6.3.3.7_2,2023,11,0,0
AUT.6.3.3.8_2,2023,11,0,0
AUT.6.3.3.9_2,2023,11,0,0
AUT.6.3.30.1_2,2023,11,0,0
AUT.6.3.30.2_2,2023,11,0,0
AUT.6.3.30.3_2,2023,11,0,0
AUT.6.3.30.4_2,2023,11,0,0
AUT.6.3.30.5_2,2023,11,0,0
AUT.6.3.31.1_2,2023,11,0,0
AUT.6.3.32.1_2,2023,11,0,0
AUT.6.3.32.2_2,2023,11,0,0
AUT.6.3.32.3_2,2023,11,0,0
AUT.6.3.32.4_2,2023,11,0,0
AUT.6.3.33.1_2,2023,11,0,0
AUT.6.3.33.2_2,2023,11,0,0
AUT.6.3.33.3_2,2023,11,0,0
AUT.6.3.34.1_2,2023,11,0,0
AUT.6.3.34.2_2,2023,11,0,0
AUT.6.3.34.3_2,2023,11,0,0
AUT.6.3.35.1_2,2023,11,0,0
AUT.6.3.36_2,2023,11,0,0
AUT.6.3.36.1_2,2023,11,0,0
AUT.6.3.36.2_2,2023,11,0,0
AUT.6.3.4.1_2,2023,11,0,0
AUT.6.3.4.2_2,2023,11,0,0
AUT.6.3.5.1_2,2023,11,0,0
AUT.6.3.5.2_2,2023,11,0,0
AUT.6.3.5.3_2,2023,11,0,0
AUT.6.3.6.1_2,2023,11,0,0
AUT.6.3.6.10_2,2023,11,0,0
AUT.6.3.6.11_2,2023,11,0,0
AUT.6.3.6.12_2,2023,11,0,0
AUT.6.3.6.13_2,2023,11,0,0
AUT.6.3.6.14_2,2023,11,0,0
AUT.6.3.6.15_2,2023,11,0,0
AUT.6.3.6.2_2,2023,11,0,0
AUT.6.3.6.3_2,2023,11,0,0
AUT.6.3.6.4_2,2023,11,0,0
AUT.6.3.6.5_2,2023,11,0,0
AUT.6.3.6.6_2,2023,11,0,0
AUT.6.3.6.7_2,2023,11,0,0
AUT.6.3.6.8_2,2023,11,0,0
AUT.6.3.6.9_2,2023,11,0,0
AUT.6.3.7.1_2,2023,11,0,0
AUT.6.3.7.2_2,2023,11,0,0
AUT.6.3.8.1_2,2023,11,0,0
AUT.6.3.8.2_2,2023,11,0,0
AUT.6.3.8.3_2,2023,11,0,0
AUT.6.3.8.4_2,2023,11,0,0
AUT.6.3.8.5_2,2023,11,0,0
AUT.6.3.9.1_2,2023,11,0,0
AUT.6.3.9.2_2,2023,11,0,0
AUT.6.3.9.3_2,2023,11,0,0
AUT.6.3.9.4_2,2023,11,0,0
AUT.6.3.9.5_2,2023,11,0,0
AUT.6.3.9.6_2,2023,11,0,0
AUT.6.4.1.1_2,2023,11,0,0
AUT.6.4.1.10_2,2023,11,0,0
AUT.6.4.1.11_2,2023,11,0,0
AUT.6.4.1.12_2,2023,11,0,0
AUT.6.4.1.13_2,2023,11,0,0
AUT.6.4.1.14_2,2023,11,0,0
AUT.6.4.1.15_2,2023,11,0,0
AUT.6.4.1.16_2,2023,11,0,0
AUT.6.4.1.17_2,2023,11,0,0
AUT.6.4.1.18_2,2023,11,0,0
AUT.6.4.1.19_2,2023,11,0,0
AUT.6.4.1.2_2,2023,11,0,0
AUT.6.4.1.20_2,2023,11,0,0
AUT.6.4.1.21_2,2023,11,0,0
AUT.6.4.1.22_2,2023,11,0,0
AUT.6.4.1.23_2,2023,11,0,0
AUT.6.4.1.24_2,2023,11,0,0
AUT.6.4.1.25_2,2023,11,0,0
AUT.6.4.1.26_2,2023,11,0,0
AUT.6.4.1.27_2,2023,11,0,0
AUT.6.4.1.28_2,2023,11,0,0
AUT.6.4.1.3_2,2023,11,0,0
AUT.6.4.1.4_2,2023,11,0,0
AUT.6.4.1.5_2,2023,11,0,0
AUT.6.4.1.6_2,2023,11,0,0
AUT.6.4.1.7_2,2023,11,0,0
AUT.6.4.1.8_2,2023,11,0,0
AUT.6.4.1.9_2,2023,11,0,0
AUT.6.5.1.1_2,2023,11,0,0
AUT.6.5.1.2_2,2023,11,0,0
AUT.6.5.1.3_2,2023,11,0,0
AUT.6.5.1.4_2,2023,11,0,0
AUT.6.5.1.5_2,2023,11,0,0
AUT.6.5.10.1_2,2023,11,0,0
AUT.6.5.10.2_2,2023,11,0,0
AUT.6.5.10.3_2,2023,11,0,0
AUT.6.5.10.4_2,2023,11,0,0
AUT.6.5.10.5_2,2023,11,0,0
AUT.6.5.10.6_2,2023,11,0,0
AUT.6.5.11.1_2,2023,11,0,0
AUT.6.5.11.2_2,2023,11,0,0
AUT.6.5.11.3_2,2023,11,0,0
AUT.6.5.12.1_2,2023,11,0,0
AUT.6.5.12.2_2,2023,11,0,0
AUT.6.5.12.3_2,2023,11,0,0
AUT.6.5.13.1_2,2023,11,0,0
AUT.6.5.13.2_2,2023,11,0,0
AUT.6.5.13.3_2,2023,11,0,0
AUT.6.5.13.4_2,2023,11,0,0
AUT.6.5.13.5_2,2023,11,0,0
AUT.6.5.13.6_2,2023,11,0,0
AUT.6.5.13.7_2,2023,11,0,0
AUT.6.5.13.8_2,2023,11,0,0
AUT.6.5.14.1_2,2023,11,0,0
AUT.6.5.14.2_2,2023,11,0,0
AUT.6.5.14.3_2,2023,11,0,0
AUT.6.5.14.4_2,2023,11,0,0
AUT.6.5.14.5_2,2023,11,0,0
AUT.6.5.14.6_2,2023,11,0,0
AUT.6.5.14.7_2,2023,11,0,0
AUT.6.5.15.1_2,2023,11,0,0
AUT.6.5.15.2_2,2023,11,0,0
AUT.6.5.15.3_2,2023,11,0,0
AUT.6.5.15.4_2,2023,11,0,0
AUT.6.5.15.5_2,2023,11,0,0
AUT.6.5.15.6_2,2023,11,0,0
AUT.6.5.16.1_2,2023,11,0,0
AUT.6.5.16.2_2,2023,11,0,0
AUT.6.5.16.3_2,2023,11,0,0
AUT.6.5.16.4_2,2023,11,0,0
AUT.6.5.16.5_2,2023,11,0,0
AUT.6.5.17.1_2,2023,11,0,0
AUT.6.5.17.10_2,2023,11,0,0
AUT.6.5.17.11_2,2023,11,0,0
AUT.6.5.17.12_2,2023,11,0,0
AUT.6.5.17.13_2,2023,11,0,0
AUT.6.5.17.14_2,2023,11,0,0
AUT.6.5.17.2_2,2023,11,0,0
AUT.6.5.17.3_2,2023,11,0,0
AUT.6.5.17.4_2,2023,11,0,0
AUT.6.5.17.5_2,2023,11,0,0
AUT.6.5.17.6_2,2023,11,0,0
AUT.6.5.17.7_2,2023,11,0,0
AUT.6.5.17.8_2,2023,11,0,0
AUT.6.5.17.9_2,2023,11,0,0
AUT.6.5.18.1_2,2023,11,0,0
AUT.6.5.18.2_2,2023,11,0,0
AUT.6.5.18.3_2,2023,11,0,0
AUT.6.5.18.4_2,2023,11,0,0
AUT.6.5.19.1_2,2023,11,0,0
AUT.6.5.19.2_2,2023,11,0,0
AUT.6.5.19.3_2,2023,11,0,0
AUT.6.5.2.1_2,2023,11,0,0
AUT.6.5.2.2_2,2023,11,0,0
AUT.6.5.2.3_2,2023,11,0,0
AUT.6.5.2.4_2,2023,11,0,0
AUT.6.5.2.5_2,2023,11,0,0
AUT.6.5.2.6_2,2023,11,0,0
AUT.6.5.2.7_2,2023,11,0,0
AUT.6.5.2.8_2,2023,11,0,0
AUT.6.5.20.1_2,2023,11,0,0
AUT.6.5.20.2_2,2023,11,0,0
AUT.6.5.20.3_2,2023,11,0,0
AUT.6.5.20.4_2,2023,11,0,0
AUT.6.5.21.1_2,2023,11,0,0
AUT.6.5.21.2_2,2023,11,0,0
AUT.6.5.22.1_2,2023,11,0,0
AUT.6.5.22.2_2,2023,11,0,0
AUT.6.5.22.3_2,2023,11,0,0
AUT.6.5.22.4_2,2023,11,0,0
AUT.6.5.23.1_2,2023,11,0,0
AUT.6.5.23.2_2,2023,11,0,0
AUT.6.5.23.3_2,2023,11,0,0
AUT.6.5.23.4_2,2023,11,0,0
AUT.6.5.23.5_2,2023,11,0,0
AUT.6.5.23.6_2,2023,11,0,0
AUT.6.5.23.7_2,2023,11,0,0
AUT.6.5.23.8_2,2023,11,0,0
AUT.6.5.24.1_2,2023,11,0,0
AUT.6.5.24.2_2,2023,11,0,0
AUT.6.5.24.3_2,2023,11,0,0
AUT.6.5.24.4_2,2023,11,0,0
AUT.6.5.24.5_2,2023,11,0,0
AUT.6.5.24.6_2,2023,11,0,0
AUT.6.5.24.7_2,2023,11,0,0
AUT.6.5.24.8_2,2023,11,0,0
AUT.6.5.24.9_2,2023,11,0,0
AUT.6.5.25.1_2,2023,11,0,0
AUT.6.5.25.2_2,2023,11,0,0
AUT.6.5.25.3_2,2023,11,0,0
AUT.6.5.26.1_2,2023,11,0,0
AUT.6.5.26.2_2,2023,11,0,0
AUT.6.5.26.3_2,2023,11,0,0
AUT.6.5.27.1_2,2023,11,0,0
AUT.6.5.27.2_2,2023,11,0,0
AUT.6.5.27.3_2,2023,11,0,0
AUT.6.5.27.4_2,2023,11,0,0
AUT.6.5.27.5_2,2023,11,0,0
AUT.6.5.27.6_2,2023,11,0,0
AUT.6.5.28.1_2,2023,11,0,0
AUT.6.5.28.2_2,2023,11,0,0
AUT.6.5.28.3_2,2023,11,0,0
AUT.6.5.28.4_2,2023,11,0,0
AUT.6.5.29.1_2,2023,11,0,0
AUT.6.5.29.2_2,2023,11,0,0
AUT.6.5.29.3_2,2023,11,0,0
AUT.6.5.3.1_2,2023,11,0,0
AUT.6.5.3.2_2,2023,11,0,0
AUT.6.5.3.3_2,2023,11,0,0
AUT.6.5.3.4_2,2023,11,0,0
AUT.6.5.3.5_2,2023,11,0,0
AUT.6.5.3.6_2,2023,11,0,0
AUT.6.5.3.7_2,2023,11,0,0
AUT.6.5.3.8_2,2023,11,0,0
AUT.6.5.30.1_2,2023,11,0,0
AUT.6.5.30.2_2,2023,11,0,0
AUT.6.5.30.3_2,2023,11,0,0
AUT.6.5.31.1_2,2023,11,0,0
AUT.6.5.31.2_2,2023,11,0,0
AUT.6.5.31.3_2,2023,11,0,0
AUT.6.5.31.4_2,2023,11,0,0
AUT.6.5.31.5_2,2023,11,0,0
AUT.6.5.32.1_2,2023,11,0,0
AUT.6.5.32.2_2,2023,11,0,0
AUT.6.5.32.3_2,2023,11,0,0
AUT.6.5.32.4_2,2023,11,0,0
AUT.6.5.32.5_2,2023,11,0,0
AUT.6.5.33.1_2,2023,11,0,0
AUT.6.5.33.2_2,2023,11,0,0
AUT.6.5.33.3_2,2023,11,0,0
AUT.6.5.33.4_2,2023,11,0,0
AUT.6.5.33.5_2,2023,11,0,0
AUT.6.5.34.1_2,2023,11,0,0
AUT.6.5.34.2_2,2023,11,0,0
AUT.6.5.34.3_2,2023,11,0,0
AUT.6.5.34.4_2,2023,11,0,0
AUT.6.5.34.5_2,2023,11,0,0
AUT.6.5.34.6_2,2023,11,0,0
AUT.6.5.35.1_2,2023,11,0,0
AUT.6.5.35.2_2,2023,11,0,0
AUT.6.5.35.3_2,2023,11,0,0
AUT.6.5.35.4_2,2023,11,0,0
AUT.6.5.35.5_2,2023,11,0,0
AUT.6.5.36.1_2,2023,11,0,0
AUT.6.5.36.2_2,2023,11,0,0
AUT.6.5.36.3_2,2023,11,0,0
AUT.6.5.36.4_2,2023,11,0,0
AUT.6.5.4.1_2,2023,11,0,0
AUT.6.5.5.1_2,2023,11,0,0
AUT.6.5.5.2_2,2023,11,0,0
AUT.6.5.5.3_2,2023,11,0,0
AUT.6.5.5.4_2,2023,11,0,0
AUT.6.5.6.1_2,2023,11,0,0
AUT.6.5.6.2_2,2023,11,0,0
AUT.6.5.6.3_2,2023,11,0,0
AUT.6.5.7.1_2,2023,11,0,0
AUT.6.5.7.2_2,2023,11,0,0
AUT.6.5.7.3_2,2023,11,0,0
AUT.6.5.7.4_2,2023,11,0,0
AUT.6.5.7.5_2,2023,11,0,0
AUT.6.5.7.6_2,2023,11,0,0
AUT.6.5.8.1_2,2023,11,0,0
AUT.6.5.8.2_2,2023,11,0,0
AUT.6.5.8.3_2,2023,11,0,0
AUT.6.5.9.1_2,2023,11,0,0
AUT.6.5.9.2_2,2023,11,0,0
AUT.6.5.9.3_2,2023,11,0,0
AUT.6.5.9.4_2,2023,11,0,0
AUT.6.5.9.5_2,2023,11,0,0
AUT.6.5.9.6_2,2023,11,0,0
AUT.6.5.9.7_2,2023,11,0,0
AUT.6.5.9.8_2,2023,11,0,0
AUT.6.6.1.1_2,2023,11,0,0
AUT.6.6.1.2_2,2023,11,0,0
AUT.6.6.10.1_2,2023,11,0,0
AUT.6.6.10.2_2,2023,11,0,0
AUT.6.6.10.3_2,2023,11,0,0
AUT.6.6.10.4_2,2023,11,0,0
AUT.6.6.11.1_2,2023,11,0,0
AUT.6.6.11.2_2,2023,11,0,0
AUT.6.6.11.3_2,2023,11,0,0
AUT.6.6.11.4_2,2023,11,0,0
AUT.6.6.11.5_2,2023,11,0,0
AUT.6.6.12.1_2,2023,11,0,0
AUT.6.6.12.2_2,2023,11,0,0
AUT.6.6.12.3_2,2023,11,0,0
AUT.6.6.12.4_2,2023,11,0,0
AUT.6.6.12.5_2,2023,11,0,0
AUT.6.6.12.6_2,2023,11,0,0
AUT.6.6.13.1_2,2023,11,0,0
AUT.6.6.13.2_2,2023,11,0,0
AUT.6.6.13.3_2,2023,11,0,0
AUT.6.6.13.4_2,2023,11,0,0
AUT.6.6.13.5_2,2023,11,0,0
AUT.6.6.13.6_2,2023,11,0,0
AUT.6.6.13.7_2,2023,11,0,0
AUT.6.6.14.1_2,2023,11,0,0
AUT.6.6.14.2_2,2023,11,0,0
AUT.6.6.14.3_2,2023,11,0,0
AUT.6.6.14.4_2,2023,11,0,0
AUT.6.6.14.5_2,2023,11,0,0
AUT.6.6.14.6_2,2023,11,0,0
AUT.6.6.15.1_2,2023,11,0,0
AUT.6.6.15.2_2,2023,11,0,0
AUT.6.6.16.1_2,2023,11,0,0
AUT.6.6.16.2_2,2023,11,0,0
AUT.6.6.16.3_2,2023,11,0,0
AUT.6.6.16.4_2,2023,11,0,0
AUT.6.6.16.5_2,2023,11,0,0
AUT.6.6.16.6_2,2023,11,0,0
AUT.6.6.16.7_2,2023,11,0,0
AUT.6.6.16.8_2,2023,11,0,0
AUT.6.6.16.9_2,2023,11,0,0
AUT.6.6.17.1_2,2023,11,0,0
AUT.6.6.17.10_2,2023,11,0,0
AUT.6.6.17.2_2,2023,11,0,0
AUT.6.6.17.3_2,2023,11,0,0
AUT.6.6.17.4_2,2023,11,0,0
AUT.6.6.17.5_2,2023,11,0,0
AUT.6.6.17.6_2,2023,11,0,0
AUT.6.6.17.7_2,2023,11,0,0
AUT.6.6.17.8_2,2023,11,0,0
AUT.6.6.17.9_2,2023,11,0,0
AUT.6.6.18.1_2,2023,11,0,0
AUT.6.6.18.2_2,2023,11,0,0
AUT.6.6.18.3_2,2023,11,0,0
AUT.6.6.18.4_2,2023,11,0,0
AUT.6.6.18.5_2,2023,11,0,0
AUT.6.6.18.6_2,2023,11,0,0
AUT.6.6.18.7_2,2023,11,0,0
AUT.6.6.19.1_2,2023,11,0,0
AUT.6.6.19.2_2,2023,11,0,0
AUT.6.6.19.3_2,2023,11,0,0
AUT.6.6.2.1_2,2023,11,0,0
AUT.6.6.2.2_2,2023,11,0,0
AUT.6.6.20.1_2,2023,11,0,0
AUT.6.6.20.2_2,2023,11,0,0
AUT.6.6.20.3_2,2023,11,0,0
AUT.6.6.20.4_2,2023,11,0,0
AUT.6.6.20.5_2,2023,11,0,0
AUT.6.6.20.6_2,2023,11,0,0
AUT.6.6.20.7_2,2023,11,0,0
AUT.6.6.20.8_2,2023,11,0,0
AUT.6.6.21.1_2,2023,11,0,0
AUT.6.6.21.2_2,2023,11,0,0
AUT.6.6.21.3_2,2023,11,0,0
AUT.6.6.22.1_2,2023,11,0,0
AUT.6.6.22.2_2,2023,11,0,0
AUT.6.6.22.3_2,2023,11,0,0
AUT.6.6.22.4_2,2023,11,0,0
AUT.6.6.22.5_2,2023,11,0,0
AUT.6.6.22.6_2,2023,11,0,0
AUT.6.6.22.7_2,2023,11,0,0
AUT.6.6.23.1_2,2023,11,0,0
AUT.6.6.23.10_2,2023,11,0,0
AUT.6.6.23.2_2,2023,11,0,0
AUT.6.6.23.3_2,2023,11,0,0
AUT.6.6.23.4_2,2023,11,0,0
AUT.6.6.23.5_2,2023,11,0,0
AUT.6.6.23.6_2,2023,11,0,0
AUT.6.6.23.7_2,2023,11,0,0
AUT.6.6.23.8_2,2023,11,0,0
AUT.6.6.23.9_2,2023,11,0,0
AUT.6.6.24_2,2023,11,0,0
AUT.6.6.24.1_2,2023,11,0,0
AUT.6.6.24.10_2,2023,11,0,0
AUT.6.6.24.11_2,2023,11,0,0
AUT.6.6.24.2_2,2023,11,0,0
AUT.6.6.24.3_2,2023,11,0,0
AUT.6.6.24.4_2,2023,11,0,0
AUT.6.6.24.5_2,2023,11,0,0
AUT.6.6.24.6_2,2023,11,0,0
AUT.6.6.24.7_2,2023,11,0,0
AUT.6.6.24.8_2,2023,11,0,0
AUT.6.6.24.9_2,2023,11,0,0
AUT.6.6.25_2,2023,11,0,0
AUT.6.6.25.1_2,2023,11,0,0
AUT.6.6.25.2_2,2023,11,0,0
AUT.6.6.25.3_2,2023,11,0,0
AUT.6.6.25.4_2,2023,11,0,0
AUT.6.6.25.5_2,2023,11,0,0
AUT.6.6.25.6_2,2023,11,0,0
AUT.6.6.25.7_2,2023,11,0,0
AUT.6.6.26.1_2,2023,11,0,0
AUT.6.6.26.2_2,2023,11,0,0
AUT.6.6.26.3_2,2023,11,0,0
AUT.6.6.26.4_2,2023,11,0,0
AUT.6.6.26.5_2,2023,11,0,0
AUT.6.6.26.6_2,2023,11,0,0
AUT.6.6.26.7_2,2023,11,0,0
AUT.6.6.26.8_2,2023,11,0,0
AUT.6.6.26.9_2,2023,11,0,0
AUT.6.6.27.1_2,2023,11,0,0
AUT.6.6.27.2_2,2023,11,0,0
AUT.6.6.27.3_2,2023,11,0,0
AUT.6.6.27.4_2,2023,11,0,0
AUT.6.6.28.1_2,2023,11,0,0
AUT.6.6.28.2_2,2023,11,0,0
AUT.6.6.28.3_2,2023,11,0,0
AUT.6.6.28.4_2,2023,11,0,0
AUT.6.6.29.1_2,2023,11,0,0
AUT.6.6.29.2_2,2023,11,0,0
AUT.6.6.29.3_2,2023,11,0,0
AUT.6.6.29.4_2,2023,11,0,0
AUT.6.6.29.5_2,2023,11,0,0
AUT.6.6.29.6_2,2023,11,0,0
AUT.6.6.3.1_2,2023,11,0,0
AUT.6.6.3.2_2,2023,11,0,0
AUT.6.6.3.3_2,2023,11,0,0
AUT.6.6.3.4_2,2023,11,0,0
AUT.6.6.3.5_2,2023,11,0,0
AUT.6.6.3.6_2,2023,11,0,0
AUT.6.6.3.7_2,2023,11,0,0
AUT.6.6.4.1_2,2023,11,0,0
AUT.6.6.5.1_2,2023,11,0,0
AUT.6.6.5.2_2,2023,11,0,0
AUT.6.6.5.3_2,2023,11,0,0
AUT.6.6.6.1_2,2023,11,0,0
AUT.6.6.6.2_2,2023,11,0,0
AUT.6.6.6.3_2,2023,11,0,0
AUT.6.6.6.4_2,2023,11,0,0
AUT.6.6.6.5_2,2023,11,0,0
AUT.6.6.6.6_2,2023,11,0,0
AUT.6.6.6.7_2,2023,11,0,0
AUT.6.6.6.8_2,2023,11,0,0
AUT.6.6.6.9_2,2023,11,0,0
AUT.6.6.7.1_2,2023,11,0,0
AUT.6.6.7.2_2,2023,11,0,0
AUT.6.6.7.3_2,2023,11,0,0
AUT.6.6.7.4_2,2023,11,0,0
AUT.6.6.7.5_2,2023,11,0,0
AUT.6.6.7.6_2,2023,11,0,0
AUT.6.6.7.7_2,2023,11,0,0
AUT.6.6.8.1_2,2023,11,0,0
AUT.6.6.8.2_2,2023,11,0,0
AUT.6.6.9.1_2,2023,11,0,0
AUT.6.6.9.2_2,2023,11,0,0
AUT.6.6.9.3_2,2023,11,0,0
AUT.6.6.9.4_2,2023,11,0,0
AUT.6.6.9.5_2,2023,11,0,0
AUT.6.6.9.6_2,2023,11,0,0
AUT.6.6.9.7_2,2023,11,0,0
AUT.6.6.9.8_2,2023,11,0,0
AUT.6.7.1.1_2,2023,11,0,0
AUT.6.7.1.2_2,2023,11,0,0
AUT.6.7.1.3_2,2023,11,0,0
AUT.6.7.1.4_2,2023,11,0,0
AUT.6.7.10.1_2,2023,11,0,0
AUT.6.7.10.2_2,2023,11,0,0
AUT.6.7.10.3_2,2023,11,0,0
AUT.6.7.10.4_2,2023,11,0,0
AUT.6.7.10.5_2,2023,11,0,0
AUT.6.7.10.6_2,2023,11,0,0
AUT.6.7.11.1_2,2023,11,0,0
AUT.6.7.11.2_2,2023,11,0,0
AUT.6.7.11.3_2,2023,11,0,0
AUT.6.7.11.4_2,2023,11,0,0
AUT.6.7.12.1_2,2023,11,0,0
AUT.6.7.12.2_2,2023,11,0,0
AUT.6.7.12.3_2,2023,11,0,0
AUT.6.7.12.4_2,2023,11,0,0
AUT.6.7.12.5_2,2023,11,0,0
AUT.6.7.13.1_2,2023,11,0,0
AUT.6.7.13.2_2,2023,11,0,0
AUT.6.7.13.3_2,2023,11,0,0
AUT.6.7.14.1_2,2023,11,0,0
AUT.6.7.14.10_2,2023,11,0,0
AUT.6.7.14.2_2,2023,11,0,0
AUT.6.7.14.3_2,2023,11,0,0
AUT.6.7.14.4_2,2023,11,0,0
AUT.6.7.14.5_2,2023,11,0,0
AUT.6.7.14.6_2,2023,11,0,0
AUT.6.7.14.7_2,2023,11,0,0
AUT.6.7.14.8_2,2023,11,0,0
AUT.6.7.14.9_2,2023,11,0,0
AUT.6.7.15.1_2,2023,11,0,0
AUT.6.7.16.1_2,2023,11,0,0
AUT.6.7.16.2_2,2023,11,0,0
AUT.6.7.16.3_2,2023,11,0,0
AUT.6.7.2.1_2,2023,11,0,0
AUT.6.7.2.2_2,2023,11,0,0
AUT.6.7.2.3_2,2023,11,0,0
AUT.6.7.2.4_2,2023,11,0,0
AUT.6.7.3.1_2,2023,11,0,0
AUT.6.7.3.2_2,2023,11,0,0
AUT.6.7.3.3_2,2023,11,0,0
AUT.6.7.3.4_2,2023,11,0,0
AUT.6.7.3.5_2,2023,11,0,0
AUT.6.7.4.1_2,2023,11,0,0
AUT.6.7.4.2_2,2023,11,0,0
AUT.6.7.5.1_2,2023,11,0,0
AUT.6.7.5.10_2,2023,11,0,0
AUT.6.7.5.2_2,2023,11,0,0
AUT.6.7.5.3_2,2023,11,0,0
AUT.6.7.5.4_2,2023,11,0,0
AUT.6.7.5.5_2,2023,11,0,0
AUT.6.7.5.6_2,2023,11,0,0
AUT.6.7.5.7_2,2023,11,0,0
AUT.6.7.5.8_2,2023,11,0,0
AUT.6.7.5.9_2,2023,11,0,0
AUT.6.7.6.1_2,2023,11,0,0
AUT.6.7.6.2_2,2023,11,0,0
AUT.6.7.6.3_2,2023,11,0,0
AUT.6.7.6.4_2,2023,11,0,0
AUT.6.7.6.5_2,2023,11,0,0
AUT.6.7.6.6_2,2023,11,0,0
AUT.6.7.7.1_2,2023,11,0,0
AUT.6.7.7.2_2,2023,11,0,0
AUT.6.7.7.3_2,2023,11,0,0
AUT.6.7.8.1_2,2023,11,0,0
AUT.6.7.8.2_2,2023,11,0,0
AUT.6.7.8.3_2,2023,11,0,0
AUT.6.7.8.4_2,2023,11,0,0
AUT.6.7.9.1_2,2023,11,0,0
AUT.6.7.9.2_2,2023,11,0,0
AUT.6.8.1.1_2,2023,11,0,0
AUT.6.8.1.2_2,2023,11,0,0
AUT.6.8.1.3_2,2023,11,0,0
AUT.6.8.1.4_2,2023,11,0,0
AUT.6.8.1.5_2,2023,11,0,0
AUT.6.8.1.6_2,2023,11,0,0
AUT.6.8.1.7_2,2023,11,0,0
AUT.6.8.10.1_2,2023,11,0,0
AUT.6.8.11.1_2,2023,11,0,0
AUT.6.8.12.1_2,2023,11,0,0
AUT.6.8.12.2_2,2023,11,0,0
AUT.6.8.12.3_2,2023,11,0,0
AUT.6.8.12.4_2,2023,11,0,0
AUT.6.8.13.1_2,2023,11,0,0
AUT.6.8.13.2_2,2023,11,0,0
AUT.6.8.13.3_2,2023,11,0,0
AUT.6.8.13.4_2,2023,11,0,0
AUT.6.8.13.5_2,2023,11,0,0
AUT.6.8.13.6_2,2023,11,0,0
AUT.6.8.14.1_2,2023,11,0,0
AUT.6.8.14.2_2,2023,11,0,0
AUT.6.8.14.3_2,2023,11,0,0
AUT.6.8.14.4_2,2023,11,0,0
AUT.6.8.14.5_2,2023,11,0,0
AUT.6.8.14.6_2,2023,11,0,0
AUT.6.8.15.1_2,2023,11,0,0
AUT.6.8.15.2_2,2023,11,0,0
AUT.6.8.16.1_2,2023,11,0,0
AUT.6.8.16.2_2,2023,11,0,0
AUT.6.8.16.3_2,2023,11,0,0
AUT.6.8.16.4_2,2023,11,0,0
AUT.6.8.17.1_2,2023,11,0,0
AUT.6.8.17.2_2,2023,11,0,0
AUT.6.8.18.1_2,2023,11,0,0
AUT.6.8.18.2_2,2023,11,0,0
AUT.6.8.18.3_2,2023,11,0,0
AUT.6.8.18.4_2,2023,11,0,0
AUT.6.8.19.1_2,2023,11,0,0
AUT.6.8.19.2_2,2023,11,0,0
AUT.6.8.19.3_2,2023,11,0,0
AUT.6.8.2.1_2,2023,11,0,0
AUT.6.8.2.2_2,2023,11,0,0
AUT.6.8.20.1_2,2023,11,0,0
AUT.6.8.20.2_2,2023,11,0,0
AUT.6.8.21.1_2,2023,11,0,0
AUT.6.8.21.2_2,2023,11,0,0
AUT.6.8.21.3_2,2023,11,0,0
AUT.6.8.21.4_2,2023,11,0,0
AUT.6.8.21.5_2,2023,11,0,0
AUT.6.8.21.6_2,2023,11,0,0
AUT.6.8.22.1_2,2023,11,0,0
AUT.6.8.22.2_2,2023,11,0,0
AUT.6.8.22.3_2,2023,11,0,0
AUT.6.8.22.4_2,2023,11,0,0
AUT.6.8.22.5_2,2023,11,0,0
AUT.6.8.22.6_2,2023,11,0,0
AUT.6.8.23.1_2,2023,11,0,0
AUT.6.8.23.2_2,2023,11,0,0
AUT.6.8.23.3_2,2023,11,0,0
AUT.6.8.23.4_2,2023,11,0,0
AUT.6.8.24.1_2,2023,11,0,0
AUT.6.8.24.2_2,2023,11,0,0
AUT.6.8.24.3_2,2023,11,0,0
AUT.6.8.24.4_2,2023,11,0,0
AUT.6.8.24.5_2,2023,11,0,0
AUT.6.8.24.6_2,2023,11,0,0
AUT.6.8.25.1_2,2023,11,0,0
AUT.6.8.26.1_2,2023,11,0,0
AUT.6.8.26.2_2,2023,11,0,0
AUT.6.8.26.3_2,2023,11,0,0
AUT.6.8.27.1_2,2023,11,0,0
AUT.6.8.27.2_2,2023,11,0,0
AUT.6.8.27.3_2,2023,11,0,0
AUT.6.8.27.4_2,2023,11,0,0
AUT.6.8.28.1_2,2023,11,0,0
AUT.6.8.29.1_2,2023,11,0,0
AUT.6.8.3.1_2,2023,11,0,0
AUT.6.8.3.2_2,2023,11,0,0
AUT.6.8.3.3_2,2023,11,0,0
AUT.6.8.3.4_2,2023,11,0,0
AUT.6.8.3.5_2,2023,11,0,0
AUT.6.8.4.1_2,2023,11,0,0
AUT.6.8.4.2_2,2023,11,0,0
AUT.6.8.5.1_2,2023,11,0,0
AUT.6.8.5.2_2,2023,11,0,0
AUT.6.8.6.1_2,2023,11,0,0
AUT.6.8.7.1_2,2023,11,0,0
AUT.6.8.7.2_2,2023,11,0,0
AUT.6.8.7.3_2,2023,11,0,0
AUT.6.8.7.4_2,2023,11,0,0
AUT.6.8.8.1_2,2023,11,0,0
AUT.6.8.8.2_2,2023,11,0,0
AUT.6.8.8.3_2,2023,11,0,0
AUT.6.8.8.4_2,2023,11,0,0
AUT.6.8.8.5_2,2023,11,0,0
AUT.6.8.9.1_2,2023,11,0,0
AUT.6.8.9.2_2,2023,11,0,0
AUT.6.8.9.3_2,2023,11,0,0
AUT.6.8.9.4_2,2023,11,0,0
AUT.6.9.1.1_2,2023,11,0,0
AUT.6.9.1.2_2,2023,11,0,0
AUT.6.9.1.3_2,2023,11,0,0
AUT.6.9.10.1_2,2023,11,0,0
AUT.6.9.10.2_2,2023,11,0,0
AUT.6.9.10.3_2,2023,11,0,0
AUT.6.9.10.4_2,2023,11,0,0
AUT.6.9.10.5_2,2023,11,0,0
AUT.6.9.10.6_2,2023,11,0,0
AUT.6.9.10.7_2,2023,11,0,0
AUT.6.9.11.1_2,2023,11,0,0
AUT.6.9.11.2_2,2023,11,0,0
AUT.6.9.11.3_2,2023,11,0,0
AUT.6.9.12.1_2,2023,11,0,0
AUT.6.9.12.2_2,2023,11,0,0
AUT.6.9.12.3_2,2023,11,0,0
AUT.6.9.12.4_2,2023,11,0,0
AUT.6.9.12.5_2,2023,11,0,0
AUT.6.9.13.1_2,2023,11,0,0
AUT.6.9.13.2_2,2023,11,0,0
AUT.6.9.13.3_2,2023,11,0,0
AUT.6.9.14.1_2,2023,11,0,0
AUT.6.9.14.2_2,2023,11,0,0
AUT.6.9.14.3_2,2023,11,0,0
AUT.6.9.2.1_2,2023,11,0,0
AUT.6.9.2.2_2,2023,11,0,0
AUT.6.9.2.3_2,2023,11,0,0
AUT.6.9.2.4_2,2023,11,0,0
AUT.6.9.3.1_2,2023,11,0,0
AUT.6.9.3.2_2,2023,11,0,0
AUT.6.9.3.3_2,2023,11,0,0
AUT.6.9.3.4_2,2023,11,0,0
AUT.6.9.3.5_2,2023,11,0,0
AUT.6.9.3.6_2,2023,11,0,0
AUT.6.9.4.1_2,2023,11,0,0
AUT.6.9.4.10_2,2023,11,0,0
AUT.6.9.4.2_2,2023,11,0,0
AUT.6.9.4.3_2,2023,11,0,0
AUT.6.9.4.4_2,2023,11,0,0
AUT.6.9.4.5_2,2023,11,0,0
AUT.6.9.4.6_2,2023,11,0,0
AUT.6.9.4.7_2,2023,11,0,0
AUT.6.9.4.8_2,2023,11,0,0
AUT.6.9.4.9_2,2023,11,0,0
AUT.6.9.5.1_2,2023,11,0,0
AUT.6.9.6.1_2,2023,11,0,0
AUT.6.9.6.2_2,2023,11,0,0
AUT.6.9.6.3_2,2023,11,0,0
AUT.6.9.6.4_2,2023,11,0,0
AUT.6.9.6.5_2,2023,11,0,0
AUT.6.9.6.6_2,2023,11,0,0
AUT.6.9.6.7_2,2023,11,0,0
AUT.6.9.7.1_2,2023,11,0,0
AUT.6.9.7.2_2,2023,11,0,0
AUT.6.9.7.3_2,2023,11,0,0
AUT.6.9.7.4_2,2023,11,0,0
AUT.6.9.7.5_2,2023,11,0,0
AUT.6.9.8.1_2,2023,11,0,0
AUT.6.9.8.2_2,2023,11,0,0
AUT.6.9.8.3_2,2023,11,0,0
AUT.6.9.8.4_2,2023,11,0,0
AUT.6.9.8.5_2,2023,11,0,0
AUT.6.9.8.6_2,2023,11,0,0
AUT.6.9.9.1_2,2023,11,0,0
AUT.6.9.9.2_2,2023,11,0,0
AUT.7.1.1.1_2,2023,11,0,0
AUT.7.1.10.1_2,2023,11,0,0
AUT.7.1.11.1_2,2023,11,0,0
AUT.7.1.12.1_2,2023,11,0,0
AUT.7.1.13.1_2,2023,11,0,0
AUT.7.1.14.1_2,2023,11,0,0
AUT.7.1.15.1_2,2023,11,0,0
AUT.7.1.16.1_2,2023,11,0,0
AUT.7.1.17.1_2,2023,11,0,0
AUT.7.1.18.1_2,2023,11,0,0
AUT.7.1.19.1_2,2023,11,0,0
AUT.7.1.2.1_2,2023,11,0,0
AUT.7.1.20.1_2,2023,11,0,0
AUT.7.1.21.1_2,2023,11,0,0
AUT.7.1.22.1_2,2023,11,0,0
AUT.7.1.23.1_2,2023,11,0,0
AUT.7.1.24.1_2,2023,11,0,0
AUT.7.1.3.1_2,2023,11,0,0
AUT.7.1.4.1_2,2023,11,0,0
AUT.7.1.5.1_2,2023,11,0,0
AUT.7.1.6.1_2,2023,11,0,0
AUT.7.1.7.1_2,2023,11,0,0
AUT.7.1.8.1_2,2023,11,0,0
AUT.7.1.9.1_2,2023,11,0,0
AUT.7.2.1.1_2,2023,11,0,0
AUT.7.2.10.1_2,2023,11,0,0
AUT.7.2.11.1_2,2023,11,0,0
AUT.7.2.12.1_2,2023,11,0,0
AUT.7.2.13.1_2,2023,11,0,0
AUT.7.2.14.1_2,2023,11,0,0
AUT.7.2.15.1_2,2023,11,0,0
AUT.7.2.16.1_2,2023,11,0,0
AUT.7.2.17.1_2,2023,11,0,0
AUT.7.2.17.2_2,2023,11,0,0
AUT.7.2.17.3_2,2023,11,0,0
AUT.7.2.18.1_2,2023,11,0,0
AUT.7.2.19.1_2,2023,11,0,0
AUT.7.2.2.1_2,2023,11,0,0
AUT.7.2.20.1_2,2023,11,0,0
AUT.7.2.21.1_2,2023,11,0,0
AUT.7.2.22.1_2,2023,11,0,0
AUT.7.2.23.1_2,2023,11,0,0
AUT.7.2.24.1_2,2023,11,0,0
AUT.7.2.25.1_2,2023,11,0,0
AUT.7.2.26.1_2,2023,11,0,0
AUT.7.2.27.1_2,2023,11,0,0
AUT.7.2.28.1_2,2023,11,0,0
AUT.7.2.29.1_2,2023,11,0,0
AUT.7.2.29.2_2,2023,11,0,0
AUT.7.2.3.1_2,2023,11,0,0
AUT.7.2.30.1_2,2023,11,0,0
AUT.7.2.31.1_2,2023,11,0,0
AUT.7.2.32.1_2,2023,11,0,0
AUT.7.2.33.1_2,2023,11,0,0
AUT.7.2.34.1_2,2023,11,0,0
AUT.7.2.35.1_2,2023,11,0,0
AUT.7.2.36.1_2,2023,11,0,0
AUT.7.2.37.1_2,2023,11,0,0
AUT.7.2.38.1_2,2023,11,0,0
AUT.7.2.39.1_2,2023,11,0,0
AUT.7.2.4.1_2,2023,11,0,0
AUT.7.2.40.1_2,2023,11,0,0
AUT.7.2.41.1_2,2023,11,0,0
AUT.7.2.42.1_2,2023,11,0,0
AUT.7.2.42.2_2,2023,11,0,0
AUT.7.2.43.1_2,2023,11,0,0
AUT.7.2.44.1_2,2023,11,0,0
AUT.7.2.45.1_2,2023,11,0,0
AUT.7.2.46.1_2,2023,11,0,0
AUT.7.2.47.1_2,2023,11,0,0
AUT.7.2.48.1_2,2023,11,0,0
AUT.7.2.49.1_2,2023,11,0,0
AUT.7.2.5.1_2,2023,11,0,0
AUT.7.2.50.1_2,2023,11,0,0
AUT.7.2.51.1_2,2023,11,0,0
AUT.7.2.52.1_2,2023,11,0,0
AUT.7.2.53.1_2,2023,11,0,0
AUT.7.2.54.1_2,2023,11,0,0
AUT.7.2.55.1_2,2023,11,0,0
AUT.7.2.55.2_2,2023,11,0,0
AUT.7.2.56.1_2,2023,11,0,0
AUT.7.2.57.1_2,2023,11,0,0
AUT.7.2.58.1_2,2023,11,0,0
AUT.7.2.59.1_2,2023,11,0,0
AUT.7.2.6.1_2,2023,11,0,0
AUT.7.2.60.1_2,2023,11,0,0
AUT.7.2.60.2_2,2023,11,0,0
AUT.7.2.60.3_2,2023,11,0,0
AUT.7.2.61.1_2,2023,11,0,0
AUT.7.2.62.1_2,2023,11,0,0
AUT.7.2.63.1_2,2023,11,0,0
AUT.7.2.63.2_2,2023,11,0,0
AUT.7.2.64.1_2,2023,11,0,0
AUT.7.2.65.1_2,2023,11,0,0
AUT.7.2.7.1_2,2023,11,0,0
AUT.7.2.8.1_2,2023,11,0,0
AUT.7.2.9.1_2,2023,11,0,0
AUT.7.3.1.1_2,2023,11,0,0
AUT.7.3.1.2_2,2023,11,0,0
AUT.7.3.1.3_2,2023,11,0,0
AUT.7.3.1.4_2,2023,11,0,0
AUT.7.3.1.5_2,2023,11,0,0
AUT.7.3.1.6_2,2023,11,0,0
AUT.7.3.1.7_2,2023,11,0,0
AUT.7.3.1.8_2,2023,11,0,0
AUT.7.3.1.9_2,2023,11,0,0
AUT.7.4.1.1_2,2023,11,0,0
AUT.7.4.10.1_2,2023,11,0,0
AUT.7.4.11.1_2,2023,11,0,0
AUT.7.4.11.2_2,2023,11,0,0
AUT.7.4.12.1_2,2023,11,0,0
AUT.7.4.13.1_2,2023,11,0,0
AUT.7.4.14.1_2,2023,11,0,0
AUT.7.4.15.1_2,2023,11,0,0
AUT.7.4.16.1_2,2023,11,0,0
AUT.7.4.17.1_2,2023,11,0,0
AUT.7.4.18.1_2,2023,11,0,0
AUT.7.4.19.1_2,2023,11,0,0
AUT.7.4.2.1_2,2023,11,0,0
AUT.7.4.20.1_2,2023,11,0,0
AUT.7.4.3.1_2,2023,11,0,0
AUT.7.4.4.1_2,2023,11,0,0
AUT.7.4.5.1_2,2023,11,0,0
AUT.7.4.6.1_2,2023,11,0,0
AUT.7.4.6.2_2,2023,11,0,0
AUT.7.4.7.1_2,2023,11,0,0
AUT.7.4.8.1_2,2023,11,0,0
AUT.7.4.9.1_2,2023,11,0,0
AUT.7.5.1.1_2,2023,11,0,0
AUT.7.5.10.1_2,2023,11,0,0
AUT.7.5.11.1_2,2023,11,0,0
AUT.7.5.12.1_2,2023,11,0,0
AUT.7.5.12.2_2,2023,11,0,0
AUT.7.5.13.1_2,2023,11,0,0
AUT.7.5.13.2_2,2023,11,0,0
AUT.7.5.13.3_2,2023,11,0,0
AUT.7.5.14.1_2,2023,11,0,0
AUT.7.5.14.2_2,2023,11,0,0
AUT.7.5.15.1_2,2023,11,0,0
AUT.7.5.16.1_2,2023,11,0,0
AUT.7.5.17.1_2,2023,11,0,0
AUT.7.5.18.1_2,2023,11,0,0
AUT.7.5.19.1_2,2023,11,0,0
AUT.7.5.2.1_2,2023,11,0,0
AUT.7.5.20.1_2,2023,11,0,0
AUT.7.5.21.1_2,2023,11,0,0
AUT.7.5.22.1_2,2023,11,0,0
AUT.7.5.22.2_2,2023,11,0,0
AUT.7.5.22.3_2,2023,11,0,0
AUT.7.5.23.1_2,2023,11,0,0
AUT.7.5.24.1_2,2023,11,0,0
AUT.7.5.25.1_2,2023,11,0,0
AUT.7.5.26.1_2,2023,11,0,0
AUT.7.5.27.1_2,2023,11,0,0
AUT.7.5.28.1_2,2023,11,0,0
AUT.7.5.29.1_2,2023,11,0,0
AUT.7.5.29.2_2,2023,11,0,0
AUT.7.5.29.3_2,2023,11,0,0
AUT.7.5.29.4_2,2023,11,0,0
AUT.7.5.3.1_2,2023,11,0,0
AUT.7.5.30.1_2,2023,11,0,0
AUT.7.5.30.2_2,2023,11,0,0
AUT.7.5.4.1_2,2023,11,0,0
AUT.7.5.5.1_2,2023,11,0,0
AUT.7.5.6.1_2,2023,11,0,0
AUT.7.5.7.1_2,2023,11,0,0
AUT.7.5.7.2_2,2023,11,0,0
AUT.7.5.8.1_2,2023,11,0,0
AUT.7.5.8.2_2,2023,11,0,0
AUT.7.5.9.1_2,2023,11,0,0
AUT.7.6.1.1_2,2023,11,0,0
AUT.7.6.10.1_2,2023,11,0,0
AUT.7.6.11.1_2,2023,11,0,0
AUT.7.6.12.1_2,2023,11,0,0
AUT.7.6.13.1_2,2023,11,0,0
AUT.7.6.14.1_2,2023,11,0,0
AUT.7.6.15.1_2,2023,11,0,0
AUT.7.6.15.2_2,2023,11,0,0
AUT.7.6.16.1_2,2023,11,0,0
AUT.7.6.17.1_2,2023,11,0,0
AUT.7.6.18.1_2,2023,11,0,0
AUT.7.6.19.1_2,2023,11,0,0
AUT.7.6.2.1_2,2023,11,0,0
AUT.7.6.20.1_2,2023,11,0,0
AUT.7.6.21.1_2,2023,11,0,0
AUT.7.6.22.1_2,2023,11,0,0
AUT.7.6.23.1_2,2023,11,0,0
AUT.7.6.24.1_2,2023,11,0,0
AUT.7.6.25.1_2,2023,11,0,0
AUT.7.6.26.1_2,2023,11,0,0
AUT.7.6.27.1_2,2023,11,0,0
AUT.7.6.28.1_2,2023,11,0,0
AUT.7.6.29.1_2,2023,11,0,0
AUT.7.6.3.1_2,2023,11,0,0
AUT.7.6.30.1_2,2023,11,0,0
AUT.7.6.30.2_2,2023,11,0,0
AUT.7.6.4.1_2,2023,11,0,0
AUT.7.6.5.1_2,2023,11,0,0
AUT.7.6.6.1_2,2023,11,0,0
AUT.7.6.7.1_2,2023,11,0,0
AUT.7.6.8.1_2,2023,11,0,0
AUT.7.6.9.1_2,2023,11,0,0
AUT.7.7.1.1_2,2023,11,0,0
AUT.7.7.10.1_2,2023,11,0,0
AUT.7.7.11.1_2,2023,11,0,0
AUT.7.7.12.1_2,2023,11,0,0
AUT.7.7.12.2_2,2023,11,0,0
AUT.7.7.13.1_2,2023,11,0,0
AUT.7.7.14.1_2,2023,11,0,0
AUT.7.7.14.2_2,2023,11,0,0
AUT.7.7.15.1_2,2023,11,0,0
AUT.7.7.16.1_2,2023,11,0,0
AUT.7.7.16.2_2,2023,11,0,0
AUT.7.7.17.1_2,2023,11,0,0
AUT.7.7.17.2_2,2023,11,0,0
AUT.7.7.18.1_2,2023,11,0,0
AUT.7.7.18.2_2,2023,11,0,0
AUT.7.7.19.1_2,2023,11,0,0
AUT.7.7.19.2_2,2023,11,0,0
AUT.7.7.19.3_2,2023,11,0,0
AUT.7.7.2.1_2,2023,11,0,0
AUT.7.7.2.2_2,2023,11,0,0
AUT.7.7.2.3_2,2023,11,0,0
AUT.7.7.20.1_2,2023,11,0,0
AUT.7.7.20.2_2,2023,11,0,0
AUT.7.7.21.1_2,2023,11,0,0
AUT.7.7.21.2_2,2023,11,0,0
AUT.7.7.21.3_2,2023,11,0,0
AUT.7.7.22.1_2,2023,11,0,0
AUT.7.7.23.1_2,2023,11,0,0
AUT.7.7.24.1_2,2023,11,0,0
AUT.7.7.25.1_2,2023,11,0,0
AUT.7.7.26.1_2,2023,11,0,0
AUT.7.7.27.1_2,2023,11,0,0
AUT.7.7.28.1_2,2023,11,0,0
AUT.7.7.29.1_2,2023,11,0,0
AUT.7.7.29.2_2,2023,11,0,0
AUT.7.7.29.3_2,2023,11,0,0
AUT.7.7.3.1_2,2023,11,0,0
AUT.7.7.30.1_2,2023,11,0,0
AUT.7.7.31.1_2,2023,11,0,0
AUT.7.7.32.1_2,2023,11,0,0
AUT.7.7.33.1_2,2023,11,0,0
AUT.7.7.4.1_2,2023,11,0,0
AUT.7.7.4.2_2,2023,11,0,0
AUT.7.7.4.3_2,2023,11,0,0
AUT.7.7.5.1_2,2023,11,0,0
AUT.7.7.5.2_2,2023,11,0,0
AUT.7.7.5.3_2,2023,11,0,0
AUT.7.7.5.4_2,2023,11,0,0
AUT.7.7.5.5_2,2023,11,0,0
AUT.7.7.5.6_2,2023,11,0,0
AUT.7.7.5.7_2,2023,11,0,0
AUT.7.7.5.8_2,2023,11,0,0
AUT.7.7.5.9_2,2023,11,0,0
AUT.7.7.6.1_2,2023,11,0,0
AUT.7.7.7.1_2,2023,11,0,0
AUT.7.7.7.2_2,2023,11,0,0
AUT.7.7.7.3_2,2023,11,0,0
AUT.7.7.7.4_2,2023,11,0,0
AUT.7.7.8.1_2,2023,11,0,0
AUT.7.7.8.2_2,2023,11,0,0
AUT.7.7.9.1_2,2023,11,0,0
AUT.7.7.9.2_2,2023,11,0,0
AUT.7.8.1.1_2,2023,11,0,0
AUT.7.8.10.1_2,2023,11,0,0
AUT.7.8.11.1_2,2023,11,0,0
AUT.7.8.12.1_2,2023,11,0,0
AUT.7.8.13.1_2,2023,11,0,0
AUT.7.8.14.1_2,2023,11,0,0
AUT.7.8.15.1_2,2023,11,0,0
AUT.7.8.16.1_2,2023,11,0,0
AUT.7.8.17.1_2,2023,11,0,0
AUT.7.8.18.1_2,2023,11,0,0
AUT.7.8.19.1_2,2023,11,0,0
AUT.7.8.2.1_2,2023,11,0,0
AUT.7.8.2.2_2,2023,11,0,0
AUT.7.8.2.3_2,2023,11,0,0
AUT.7.8.2.4_2,2023,11,0,0
AUT.7.8.20.1_2,2023,11,0,0
AUT.7.8.20.2_2,2023,11,0,0
AUT.7.8.21.1_2,2023,11,0,0
AUT.7.8.22.1_2,2023,11,0,0
AUT.7.8.23.1_2,2023,11,0,0
AUT.7.8.24.1_2,2023,11,0,0
AUT.7.8.25.1_2,2023,11,0,0
AUT.7.8.26.1_2,2023,11,0,0
AUT.7.8.26.2_2,2023,11,0,0
AUT.7.8.26.3_2,2023,11,0,0
AUT.7.8.27.1_2,2023,11,0,0
AUT.7.8.27.2_2,2023,11,0,0
AUT.7.8.28.1_2,2023,11,0,0
AUT.7.8.29.1_2,2023,11,0,0
AUT.7.8.3.1_2,2023,11,0,0
AUT.7.8.30.1_2,2023,11,0,0
AUT.7.8.31.1_2,2023,11,0,0
AUT.7.8.32.1_2,2023,11,0,0
AUT.7.8.33.1_2,2023,11,0,0
AUT.7.8.34.1_2,2023,11,0,0
AUT.7.8.35.1_2,2023,11,0,0
AUT.7.8.35.2_2,2023,11,0,0
AUT.7.8.36.1_2,2023,11,0,0
AUT.7.8.37.1_2,2023,11,0,0
AUT.7.8.4.1_2,2023,11,0,0
AUT.7.8.5.1_2,2023,11,0,0
AUT.7.8.6.1_2,2023,11,0,0
AUT.7.8.7.1_2,2023,11,0,0
AUT.7.8.8.1_2,2023,11,0,0
AUT.7.8.9.1_2,2023,11,0,0
AUT.7.9.1.1_2,2023,11,0,0
AUT.7.9.10.1_2,2023,11,0,0
AUT.7.9.11.1_2,2023,11,0,0
AUT.7.9.12.1_2,2023,11,0,0
AUT.7.9.13.1_2,2023,11,0,0
AUT.7.9.14.1_2,2023,11,0,0
AUT.7.9.15.1_2,2023,11,0,0
AUT.7.9.15.2_2,2023,11,0,0
AUT.7.9.16.1_2,2023,11,0,0
AUT.7.9.17.1_2,2023,11,0,0
AUT.7.9.18.1_2,2023,11,0,0
AUT.7.9.19.1_2,2023,11,0,0
AUT.7.9.2.1_2,2023,11,0,0
AUT.7.9.2.2_2,2023,11,0,0
AUT.7.9.20.1_2,2023,11,0,0
AUT.7.9.21.1_2,2023,11,0,0
AUT.7.9.22.1_2,2023,11,0,0
AUT.7.9.23.1_2,2023,11,0,0
AUT.7.9.24.1_2,2023,11,0,0
AUT.7.9.25.1_2,2023,11,0,0
AUT.7.9.26.1_2,2023,11,0,0
AUT.7.9.27.1_2,2023,11,0,0
AUT.7.9.28.1_2,2023,11,0,0
AUT.7.9.29.1_2,2023,11,0,0
AUT.7.9.3.1_2,2023,11,0,0
AUT.7.9.30.1_2,2023,11,0,0
AUT.7.9.31.1_2,2023,11,0,0
AUT.7.9.32.1_2,2023,11,0,0
AUT.7.9.33.1_2,2023,11,0,0
AUT.7.9.34.1_2,2023,11,0,0
AUT.7.9.35.1_2,2023,11,0,0
AUT.7.9.36.1_2,2023,11,0,0
AUT.7.9.37.1_2,2023,11,0,0
AUT.7.9.38.1_2,2023,11,0,0
AUT.7.9.39.1_2,2023,11,0,0
AUT.7.9.4.1_2,2023,11,0,0
AUT.7.9.5.1_2,2023,11,0,0
AUT.7.9.6.1_2,2023,11,0,0
AUT.7.9.7.1_2,2023,11,0,0
AUT.7.9.8.1_2,2023,11,0,0
AUT.7.9.9.1_2,2023,11,0,0
AUT.8.1.1.1_2,2023,11,0,0
AUT.8.1.10.1_2,2023,11,0,0
AUT.8.1.11.1_2,2023,11,0,0
AUT.8.1.12.1_2,2023,11,0,0
AUT.8.1.13.1_2,2023,11,0,0
AUT.8.1.14.1_2,2023,11,0,0
AUT.8.1.15.1_2,2023,11,0,0
AUT.8.1.16.1_2,2023,11,0,0
AUT.8.1.17.1_2,2023,11,0,0
AUT.8.1.18.1_2,2023,11,0,0
AUT.8.1.19.1_2,2023,11,0,0
AUT.8.1.2.1_2,2023,11,0,0
AUT.8.1.20.1_2,2023,11,0,0
AUT.8.1.21.1_2,2023,11,0,0
AUT.8.1.22.1_2,2023,11,0,0
AUT.8.1.23.1_2,2023,11,0,0
AUT.8.1.24.1_2,2023,11,0,0
AUT.8.1.25.1_2,2023,11,0,0
AUT.8.1.26.1_2,2023,11,0,0
AUT.8.1.27.1_2,2023,11,0,0
AUT.8.1.28.1_2,2023,11,0,0
AUT.8.1.29.1_2,2023,11,0,0
AUT.8.1.3.1_2,2023,11,0,0
AUT.8.1.4.1_2,2023,11,0,0
AUT.8.1.5.1_2,2023,11,0,0
AUT.8.1.6.1_2,2023,11,0,0
AUT.8.1.7.1_2,2023,11,0,0
AUT.8.1.8.1_2,2023,11,0,0
AUT.8.1.9.1_2,2023,11,0,0
AUT.8.2.1.1_2,2023,11,0,0
AUT.8.2.10.1_2,2023,11,0,0
AUT.8.2.11.1_2,2023,11,0,0
AUT.8.2.12.1_2,2023,11,0,0
AUT.8.2.13.1_2,2023,11,0,0
AUT.8.2.14.1_2,2023,11,0,0
AUT.8.2.15.1_2,2023,11,0,0
AUT.8.2.16.1_2,2023,11,0,0
AUT.8.2.16.2_2,2023,11,0,0
AUT.8.2.17.1_2,2023,11,0,0
AUT.8.2.18.1_2,2023,11,0,0
AUT.8.2.19.1_2,2023,11,0,0
AUT.8.2.2.1_2,2023,11,0,0
AUT.8.2.20.1_2,2023,11,0,0
AUT.8.2.21.1_2,2023,11,0,0
AUT.8.2.22.1_2,2023,11,0,0
AUT.8.2.23.1_2,2023,11,0,0
AUT.8.2.23.2_2,2023,11,0,0
AUT.8.2.24.1_2,2023,11,0,0
AUT.8.2.25.1_2,2023,11,0,0
AUT.8.2.26.1_2,2023,11,0,0
AUT.8.2.27.1_2,2023,11,0,0
AUT.8.2.28.1_2,2023,11,0,0
AUT.8.2.29.1_2,2023,11,0,0
AUT.8.2.3.1_2,2023,11,0,0
AUT.8.2.30.1_2,2023,11,0,0
AUT.8.2.31.1_2,2023,11,0,0
AUT.8.2.32.1_2,2023,11,0,0
AUT.8.2.33.1_2,2023,11,0,0
AUT.8.2.34.1_2,2023,11,0,0
AUT.8.2.35.1_2,2023,11,0,0
AUT.8.2.36.1_2,2023,11,0,0
AUT.8.2.37.1_2,2023,11,0,0
AUT.8.2.38.1_2,2023,11,0,0
AUT.8.2.39.1_2,2023,11,0,0
AUT.8.2.4.1_2,2023,11,0,0
AUT.8.2.40.1_2,2023,11,0,0
AUT.8.2.5.1_2,2023,11,0,0
AUT.8.2.6.1_2,2023,11,0,0
AUT.8.2.7.1_2,2023,11,0,0
AUT.8.2.7.2_2,2023,11,0,0
AUT.8.2.7.3_2,2023,11,0,0
AUT.8.2.8.1_2,2023,11,0,0
AUT.8.2.9.1_2,2023,11,0,0
AUT.8.3.1.1_2,2023,11,0,0
AUT.8.3.1.2_2,2023,11,0,0
AUT.8.3.1.3_2,2023,11,0,0
AUT.8.3.2.1_2,2023,11,0,0
AUT.8.3.3.1_2,2023,11,0,0
AUT.8.4.1.1_2,2023,11,0,0
AUT.8.4.10.1_2,2023,11,0,0
AUT.8.4.11.1_2,2023,11,0,0
AUT.8.4.12.1_2,2023,11,0,0
AUT.8.4.13.1_2,2023,11,0,0
AUT.8.4.14.1_2,2023,11,0,0
AUT.8.4.15.1_2,2023,11,0,0
AUT.8.4.16.1_2,2023,11,0,0
AUT.8.4.17.1_2,2023,11,0,0
AUT.8.4.18.1_2,2023,11,0,0
AUT.8.4.19.1_2,2023,11,0,0
AUT.8.4.2.1_2,2023,11,0,0
AUT.8.4.20.1_2,2023,11,0,0
AUT.8.4.21.1_2,2023,11,0,0
AUT.8.4.22.1_2,2023,11,0,0
AUT.8.4.23.1_2,2023,11,0,0
AUT.8.4.24.1_2,2023,11,0,0
AUT.8.4.3.1_2,2023,11,0,0
AUT.8.4.4.1_2,2023,11,0,0
AUT.8.4.4.2_2,2023,11,0,0
AUT.8.4.4.3_2,2023,11,0,0
AUT.8.4.4.4_2,2023,11,0,0
AUT.8.4.4.5_2,2023,11,0,0
AUT.8.4.5.1_2,2023,11,0,0
AUT.8.4.5.2_2,2023,11,0,0
AUT.8.4.6.1_2,2023,11,0,0
AUT.8.4.7.1_2,2023,11,0,0
AUT.8.4.8.1_2,2023,11,0,0
AUT.8.4.9.1_2,2023,11,0,0
AUT.9.1.1.1_2,2023,11,0,0
AUT.9.1.1.10_2,2023,11,0,0
AUT.9.1.1.11_2,2023,11,0,0
AUT.9.1.1.12_2,2023,11,0,0
AUT.9.1.1.13_2,2023,11,0,0
AUT.9.1.1.14_2,2023,11,0,0
AUT.9.1.1.15_2,2023,11,0,0
AUT.9.1.1.16_2,2023,11,0,0
AUT.9.1.1.17_2,2023,11,0,0
AUT.9.1.1.18_2,2023,11,0,0
AUT.9.1.1.19_2,2023,11,0,0
AUT.9.1.1.2_2,2023,11,0,0
AUT.9.1.1.20_2,2023,11,0,0
AUT.9.1.1.21_2,2023,11,0,0
AUT.9.1.1.22_2,2023,11,0,0
AUT.9.1.1.23_2,2023,11,0,0
AUT.9.1.1.24_2,2023,11,0,0
AUT.9.1.1.25_2,2023,11,0,0
AUT.9.1.1.26_2,2023,11,0,0
AUT.9.1.1.27_2,2023,11,0,0
AUT.9.1.1.28_2,2023,11,0,0
AUT.9.1.1.29_2,2023,11,0,0
AUT.9.1.1.3_2,2023,11,0,0
AUT.9.1.1.30_2,2023,11,0,0
AUT.9.1.1.31_2,2023,11,0,0
AUT.9.1.1.32_2,2023,11,0,0
AUT.9.1.1.33_2,2023,11,0,0
AUT.9.1.1.34_2,2023,11,0,0
AUT.9.1.1.35_2,2023,11,0,0
AUT.9.1.1.36_2,2023,11,0,0
AUT.9.1.1.37_2,2023,11,0,0
AUT.9.1.1.38_2,2023,11,0,0
AUT.9.1.1.39_2,2023,11,0,0
AUT.9.1.1.4_2,2023,11,0,0
AUT.9.1.1.40_2,2023,11,0,0
AUT.9.1.1.41_2,2023,11,0,0
AUT.9.1.1.42_2,2023,11,0,0
AUT.9.1.1.43_2,2023,11,0,0
AUT.9.1.1.44_2,2023,11,0,0
AUT.9.1.1.45_2,2023,11,0,0
AUT.9.1.1.46_2,2023,11,0,0
AUT.9.1.1.47_2,2023,11,0,0
AUT.9.1.1.48_2,2023,11,0,0
AUT.9.1.1.49_2,2023,11,0,0
AUT.9.1.1.5_2,2023,11,0,0
AUT.9.1.1.50_2,2023,11,0,0
AUT.9.1.1.51_2,2023,11,0,0
AUT.9.1.1.52_2,2023,11,0,0
AUT.9.1.1.53_2,2023,11,0,0
AUT.9.1.1.54_2,2023,11,0,0
AUT.9.1.1.55_2,2023,11,0,0
AUT.9.1.1.56_2,2023,11,0,0
AUT.9.1.1.57_2,2023,11,0,0
AUT.9.1.1.58_2,2023,11,0,0
AUT.9.1.1.59_2,2023,11,0,0
AUT.9.1.1.6_2,2023,11,0,0
AUT.9.1.1.60_2,2023,11,0,0
AUT.9.1.1.61_2,2023,11,0,0
AUT.9.1.1.62_2,2023,11,0,0
AUT.9.1.1.63_2,2023,11,0,0
AUT.9.1.1.64_2,2023,11,0,0
AUT.9.1.1.65_2,2023,11,0,0
AUT.9.1.1.66_2,2023,11,0,0
AUT.9.1.1.67_2,2023,11,0,0
AUT.9.1.1.68_2,2023,11,0,0
AUT.9.1.1.69_2,2023,11,0,0
AUT.9.1.1.7_2,2023,11,0,0
AUT.9.1.1.70_2,2023,11,0,0
AUT.9.1.1.71_2,2023,11,0,0
AUT.9.1.1.72_2,2023,11,0,0
AUT.9.1.1.73_2,2023,11,0,0
AUT.9.1.1.74_2,2023,11,0,0
AUT.9.1.1.75_2,2023,11,0,0
AUT.9.1.1.76_2,2023,11,0,0
AUT.9.1.1.77_2,2023,11,0,0
AUT.9.1.1.78_2,2023,11,0,0
AUT.9.1.1.79_2,2023,11,0,0
AUT.9.1.1.8_2,2023,11,0,0
AUT.9.1.1.80_2,2023,11,0,0
AUT.9.1.1.81_2,2023,11,0,0
AUT.9.1.1.82_2,2023,11,0,0
AUT.9.1.1.83_2,2023,11,0,0
AUT.9.1.1.84_2,2023,11,0,0
AUT.9.1.1.85_2,2023,11,0,0
AUT.9.1.1.86_2,2023,11,0,0
AUT.9.1.1.87_2,2023,11,0,0
AUT.9.1.1.88_2,2023,11,0,0
AUT.9.1.1.89_2,2023,11,0,0
AUT.9.1.1.9_2,2023,11,0,0
AZE.4.10_1,2023,11,0,0
AZE.4.3_1,2023,11,0,0
AZE.5.1_1,2023,11,0,0
AZE.5.3_1,2023,11,0,0
AZE.5.4_1,2023,11,0,0
AZE.5.5_1,2023,11,0,0
AZE.7_1,2023,11,0,0
AZE.7.1_1,2023,11,0,0
AZE.7.2_1,2023,11,0,0
AZE.7.4_1,2023,11,0,0
AZE.7.6_1,2023,11,0,0
AZE.7.7_1,2023,11,0,0
BEL.1.1.1.1_1,2023,11,0,0
BEL.1.1.1.10_1,2023,11,0,0
BEL.1.1.1.11_1,2023,11,0,0
BEL.1.1.1.12_1,2023,11,0,0
BEL.1.1.1.13_1,2023,11,0,0
BEL.1.1.1.14_1,2023,11,0,0
BEL.1.1.1.15_1,2023,11,0,0
BEL.1.1.1.16_1,2023,11,0,0
BEL.1.1.1.17_1,2023,11,0,0
BEL.1.1.1.18_1,2023,11,0,0
BEL.1.1.1.19_1,2023,11,0,0
BEL.1.1.1.2_1,2023,11,0,0
BEL.1.1.1.3_1,2023,11,0,0
BEL.1.1.1.4_1,2023,11,0,0
BEL.1.1.1.5_1,2023,11,0,0
BEL.1.1.1.6_1,2023,11,0,0
BEL.1.1.1.7_1,2023,11,0,0
BEL.1.1.1.8_1,2023,11,0,0
BEL.1.1.1.9_1,2023,11,0,0
BEL.2.1.1.1_1,2023,11,0,0
BEL.2.1.1.10_1,2023,11,0,0
BEL.2.1.1.11_1,2023,11,0,0
BEL.2.1.1.13_1,2023,11,0,0
BEL.2.1.1.14_1,2023,11,0,0
BEL.2.1.1.15_1,2023,11,0,0
BEL.2.1.1.16_1,2023,11,0,0
BEL.2.1.1.17_1,2023,11,0,0
BEL.2.1.1.18_1,2023,11,0,0
BEL.2.1.1.19_1,2023,11,0,0
BEL.2.1.1.20_1,2023,11,0,0
BEL.2.1.1.21_1,2023,11,0,0
BEL.2.1.1.22_1,2023,11,0,0
BEL.2.1.1.23_1,2023,11,0,0
BEL.2.1.1.24_1,2023,11,0,0
BEL.2.1.1.25_1,2023,11,0,0
BEL.2.1.1.26_1,2023,11,0,0
BEL.2.1.1.28_1,2023,11,0,0
BEL.2.1.1.29_1,2023,11,0,0
BEL.2.1.1.3_1,2023,11,0,0
BEL.2.1.1.30_1,2023,11,0,0
BEL.2.1.1.4_1,2023,11,0,0
BEL.2.1.1.5_1,2023,11,0,0
BEL.2.1.1.6_1,2023,11,0,0
BEL.2.1.1.7_1,2023,11,0,0
BEL.2.1.1.8_1,2023,11,0,0
BEL.2.1.2.1_1,2023,11,0,0
BEL.2.1.2.12_1,2023,11,0,0
BEL.2.1.2.13_1,2023,11,0,0
BEL.2.1.2.14_1,2023,11,0,0
BEL.2.1.2.2_1,2023,11,0,0
BEL.2.1.2.3_1,2023,11,0,0
BEL.2.1.2.4_1,2023,11,0,0
BEL.2.1.2.5_1,2023,11,0,0
BEL.2.1.2.6_1,2023,11,0,0
BEL.2.1.2.7_1,2023,11,0,0
BEL.2.1.2.8_1,2023,11,0,0
BEL.2.1.2.9_1,2023,11,0,0
BEL.2.1.3.1_1,2023,11,0,0
BEL.2.1.3.10_1,2023,11,0,0
BEL.2.1.3.12_1,2023,11,0,0
BEL.2.1.3.13_1,2023,11,0,0
BEL.2.1.3.14_1,2023,11,0,0
BEL.2.1.3.15_1,2023,11,0,0
BEL.2.1.3.16_1,2023,11,0,0
BEL.2.1.3.17_1,2023,11,0,0
BEL.2.1.3.18_1,2023,11,0,0
BEL.2.1.3.19_1,2023,11,0,0
BEL.2.1.3.2_1,2023,11,0,0
BEL.2.1.3.20_1,2023,11,0,0
BEL.2.1.3.21_1,2023,11,0,0
BEL.2.1.3.22_1,2023,11,0,0
BEL.2.1.3.23_1,2023,11,0,0
BEL.2.1.3.24_1,2023,11,0,0
BEL.2.1.3.25_1,2023,11,0,0
BEL.2.1.3.26_1,2023,11,0,0
BEL.2.1.3.27_1,2023,11,0,0
BEL.2.1.3.3_1,2023,11,0,0
BEL.2.1.3.4_1,2023,11,0,0
BEL.2.1.3.5_1,2023,11,0,0
BEL.2.1.3.6_1,2023,11,0,0
BEL.2.1.3.7_1,2023,11,0,0
BEL.2.1.3.8_1,2023,11,0,0
BEL.2.1.3.9_1,2023,11,0,0
BEL.2.2.1.1_1,2023,11,0,0
BEL.2.2.1.10_1,2023,11,0,0
BEL.2.2.1.11_1,2023,11,0,0
BEL.2.2.1.12_1,2023,11,0,0
BEL.2.2.1.13_1,2023,11,0,0
BEL.2.2.1.15_1,2023,11,0,0
BEL.2.2.1.16_1,2023,11,0,0
BEL.2.2.1.17_1,2023,11,0,0
BEL.2.2.1.18_1,2023,11,0,0
BEL.2.2.1.2_1,2023,11,0,0
BEL.2.2.1.3_1,2023,11,0,0
BEL.2.2.1.4_1,2023,11,0,0
BEL.2.2.1.5_1,2023,11,0,0
BEL.2.2.1.6_1,2023,11,0,0
BEL.2.2.1.7_1,2023,11,0,0
BEL.2.2.1.8_1,2023,11,0,0
BEL.2.2.1.9_1,2023,11,0,0
BEL.2.2.2.1_1,2023,11,0,0
BEL.2.2.2.13_1,2023,11,0,0
BEL.2.2.2.14_1,2023,11,0,0
BEL.2.2.2.15_1,2023,11,0,0
BEL.2.2.2.2_1,2023,11,0,0
BEL.2.2.2.3_1,2023,11,0,0
BEL.2.2.2.4_1,2023,11,0,0
BEL.2.2.2.5_1,2023,11,0,0
BEL.2.2.2.6_1,2023,11,0,0
BEL.2.2.2.7_1,2023,11,0,0
BEL.2.2.2.8_1,2023,11,0,0
BEL.2.2.2.9_1,2023,11,0,0
BEL.2.2.3.1_1,2023,11,0,0
BEL.2.2.3.10_1,2023,11,0,0
BEL.2.2.3.11_1,2023,11,0,0
BEL.2.2.3.12_1,2023,11,0,0
BEL.2.2.3.13_1,2023,11,0,0
BEL.2.2.3.2_1,2023,11,0,0
BEL.2.2.3.3_1,2023,11,0,0
BEL.2.2.3.4_1,2023,11,0,0
BEL.2.2.3.5_1,2023,11,0,0
BEL.2.2.3.6_1,2023,11,0,0
BEL.2.2.3.7_1,2023,11,0,0
BEL.2.2.3.8_1,2023,11,0,0
BEL.2.2.3.9_1,2023,11,0,0
BEL.2.3.1.1_1,2023,11,0,0
BEL.2.3.1.10_1,2023,11,0,0
BEL.2.3.1.2_1,2023,11,0,0
BEL.2.3.1.3_1,2023,11,0,0
BEL.2.3.1.4_1,2023,11,0,0
BEL.2.3.1.5_1,2023,11,0,0
BEL.2.3.1.6_1,2023,11,0,0
BEL.2.3.1.7_1,2023,11,0,0
BEL.2.3.1.8_1,2023,11,0,0
BEL.2.3.1.9_1,2023,11,0,0
BEL.2.3.2.1_1,2023,11,0,0
BEL.2.3.2.10_1,2023,11,0,0
BEL.2.3.2.2_1,2023,11,0,0
BEL.2.3.2.3_1,2023,11,0,0
BEL.2.3.2.4_1,2023,11,0,0
BEL.2.3.2.5_1,2023,11,0,0
BEL.2.3.2.6_1,2023,11,0,0
BEL.2.3.2.7_1,2023,11,0,0
BEL.2.3.2.8_1,2023,11,0,0
BEL.2.3.2.9_1,2023,11,0,0
BEL.2.3.3.1_1,2023,11,0,0
BEL.2.3.3.2_1,2023,11,0,0
BEL.2.3.3.3_1,2023,11,0,0
BEL.2.3.3.4_1,2023,11,0,0
BEL.2.3.3.5_1,2023,11,0,0
BEL.2.3.3.6_1,2023,11,0,0
BEL.2.3.4.1_2,2023,11,0,0
BEL.2.3.4.11_1,2023,11,0,0
BEL.2.3.4.12_1,2023,11,0,0
BEL.2.3.4.13_1,2023,11,0,0
BEL.2.3.4.14_1,2023,11,0,0
BEL.2.3.4.16_1,2023,11,0,0
BEL.2.3.4.17_1,2023,11,0,0
BEL.2.3.4.19_1,2023,11,0,0
BEL.2.3.4.2_1,2023,11,0,0
BEL.2.3.4.21_1,2023,11,0,0
BEL.2.3.4.22_1,2023,11,0,0
BEL.2.3.4.3_2,2023,11,0,0
BEL.2.3.4.4_1,2023,11,0,0
BEL.2.3.4.5_1,2023,11,0,0
BEL.2.3.4.6_1,2023,11,0,0
BEL.2.3.4.7_1,2023,11,0,0
BEL.2.3.4.9_1,2023,11,0,0
BEL.2.3.5.1_1,2023,11,0,0
BEL.2.3.5.11_1,2023,11,0,0
BEL.2.3.5.12_1,2023,11,0,0
BEL.2.3.5.2_1,2023,11,0,0
BEL.2.3.5.3_1,2023,11,0,0
BEL.2.3.5.5_1,2023,11,0,0
BEL.2.3.5.6_1,2023,11,0,0
BEL.2.3.5.7_1,2023,11,0,0
BEL.2.3.5.8_1,2023,11,0,0
BEL.2.3.5.9_1,2023,11,0,0
BEL.2.3.6.1_1,2023,11,0,0
BEL.2.3.6.2_1,2023,11,0,0
BEL.2.3.6.3_1,2023,11,0,0
BEL.2.3.6.4_1,2023,11,0,0
BEL.2.3.6.5_1,2023,11,0,0
BEL.2.3.6.6_1,2023,11,0,0
BEL.2.3.6.7_1,2023,11,0,0
BEL.2.4.1.1_1,2023,11,0,0
BEL.2.4.1.10_1,2023,11,0,0
BEL.2.4.1.11_1,2023,11,0,0
BEL.2.4.1.12_1,2023,11,0,0
BEL.2.4.1.13_1,2023,11,0,0
BEL.2.4.1.14_1,2023,11,0,0
BEL.2.4.1.15_1,2023,11,0,0
BEL.2.4.1.16_1,2023,11,0,0
BEL.2.4.1.17_1,2023,11,0,0
BEL.2.4.1.18_1,2023,11,0,0
BEL.2.4.1.19_1,2023,11,0,0
BEL.2.4.1.2_1,2023,11,0,0
BEL.2.4.1.20_1,2023,11,0,0
BEL.2.4.1.21_1,2023,11,0,0
BEL.2.4.1.22_1,2023,11,0,0
BEL.2.4.1.23_1,2023,11,0,0
BEL.2.4.1.24_1,2023,11,0,0
BEL.2.4.1.25_1,2023,11,0,0
BEL.2.4.1.26_1,2023,11,0,0
BEL.2.4.1.27_1,2023,11,0,0
BEL.2.4.1.28_1,2023,11,0,0
BEL.2.4.1.29_1,2023,11,0,0
BEL.2.4.1.3_1,2023,11,0,0
BEL.2.4.1.30_1,2023,11,0,0
BEL.2.4.1.31_1,2023,11,0,0
BEL.2.4.1.32_1,2023,11,0,0
BEL.2.4.1.33_1,2023,11,0,0
BEL.2.4.1.34_1,2023,11,0,0
BEL.2.4.1.35_1,2023,11,0,0
BEL.2.4.1.4_1,2023,11,0,0
BEL.2.4.1.5_1,2023,11,0,0
BEL.2.4.1.6_1,2023,11,0,0
BEL.2.4.1.7_1,2023,11,0,0
BEL.2.4.1.8_1,2023,11,0,0
BEL.2.4.1.9_1,2023,11,0,0
BEL.2.4.2.1_1,2023,11,0,0
BEL.2.4.2.10_1,2023,11,0,0
BEL.2.4.2.11_1,2023,11,0,0
BEL.2.4.2.12_1,2023,11,0,0
BEL.2.4.2.13_1,2023,11,0,0
BEL.2.4.2.14_1,2023,11,0,0
BEL.2.4.2.15_1,2023,11,0,0
BEL.2.4.2.16_1,2023,11,0,0
BEL.2.4.2.17_1,2023,11,0,0
BEL.2.4.2.18_1,2023,11,0,0
BEL.2.4.2.19_1,2023,11,0,0
BEL.2.4.2.2_1,2023,11,0,0
BEL.2.4.2.20_1,2023,11,0,0
BEL.2.4.2.21_1,2023,11,0,0
BEL.2.4.2.22_1,2023,11,0,0
BEL.2.4.2.23_1,2023,11,0,0
BEL.2.4.2.24_1,2023,11,0,0
BEL.2.4.2.25_1,2023,11,0,0
BEL.2.4.2.26_1,2023,11,0,0
BEL.2.4.2.27_1,2023,11,0,0
BEL.2.4.2.28_1,2023,11,0,0
BEL.2.4.2.29_1,2023,11,0,0
BEL.2.4.2.3_1,2023,11,0,0
BEL.2.4.2.30_1,2023,11,0,0
BEL.2.4.2.4_1,2023,11,0,0
BEL.2.4.2.5_1,2023,11,0,0
BEL.2.4.2.6_1,2023,11,0,0
BEL.2.4.2.7_1,2023,11,0,0
BEL.2.4.2.8_1,2023,11,0,0
BEL.2.4.2.9_1,2023,11,0,0
BEL.2.5.1.1_1,2023,11,0,0
BEL.2.5.1.10_1,2023,11,0,0
BEL.2.5.1.2_1,2023,11,0,0
BEL.2.5.1.3_1,2023,11,0,0
BEL.2.5.1.4_1,2023,11,0,0
BEL.2.5.1.5_1,2023,11,0,0
BEL.2.5.1.6_1,2023,11,0,0
BEL.2.5.1.7_1,2023,11,0,0
BEL.2.5.1.8_1,2023,11,0,0
BEL.2.5.1.9_1,2023,11,0,0
BEL.2.5.2.1_1,2023,11,0,0
BEL.2.5.2.2_1,2023,11,0,0
BEL.2.5.2.3_1,2023,11,0,0
BEL.2.5.2.4_1,2023,11,0,0
BEL.2.5.2.5_1,2023,11,0,0
BEL.2.5.3.1_1,2023,11,0,0
BEL.2.5.3.2_1,2023,11,0,0
BEL.2.5.3.3_1,2023,11,0,0
BEL.2.5.3.4_1,2023,11,0,0
BEL.2.5.3.5_1,2023,11,0,0
BEL.2.5.3.6_1,2023,11,0,0
BEL.2.5.3.7_1,2023,11,0,0
BEL.2.5.3.8_1,2023,11,0,0
BEL.2.5.4.1_1,2023,11,0,0
BEL.2.5.4.10_1,2023,11,0,0
BEL.2.5.4.11_1,2023,11,0,0
BEL.2.5.4.12_1,2023,11,0,0
BEL.2.5.4.2_1,2023,11,0,0
BEL.2.5.4.3_1,2023,11,0,0
BEL.2.5.4.4_1,2023,11,0,0
BEL.2.5.4.5_1,2023,11,0,0
BEL.2.5.4.6_1,2023,11,0,0
BEL.2.5.4.7_1,2023,11,0,0
BEL.2.5.4.8_1,2023,11,0,0
BEL.2.5.4.9_1,2023,11,0,0
BEL.2.5.5.1_1,2023,11,0,0
BEL.2.5.5.2_1,2023,11,0,0
BEL.2.5.5.3_1,2023,11,0,0
BEL.2.5.5.4_1,2023,11,0,0
BEL.2.5.5.5_1,2023,11,0,0
BEL.2.5.5.6_1,2023,11,0,0
BEL.2.5.5.7_1,2023,11,0,0
BEL.2.5.6.1_1,2023,11,0,0
BEL.2.5.6.2_1,2023,11,0,0
BEL.2.5.6.3_1,2023,11,0,0
BEL.2.5.6.4_1,2023,11,0,0
BEL.2.5.6.5_1,2023,11,0,0
BEL.2.5.6.6_1,2023,11,0,0
BEL.2.5.6.7_1,2023,11,0,0
BEL.2.5.6.8_1,2023,11,0,0
BEL.2.5.7.1_1,2023,11,0,0
BEL.2.5.7.2_1,2023,11,0,0
BEL.2.5.7.3_1,2023,11,0,0
BEL.2.5.7.4_1,2023,11,0,0
BEL.2.5.7.5_1,2023,11,0,0
BEL.2.5.7.6_1,2023,11,0,0
BEL.2.5.7.7_1,2023,11,0,0
BEL.2.5.7.8_1,2023,11,0,0
BEL.2.5.7.9_1,2023,11,0,0
BEL.2.5.8.1_1,2023,11,0,0
BEL.2.5.8.2_1,2023,11,0,0
BEL.2.5.8.3_1,2023,11,0,0
BEL.2.5.8.4_1,2023,11,0,0
BEL.2.5.8.5_1,2023,11,0,0
BEL.3.1.1.1_1,2023,11,0,0
BEL.3.1.1.10_1,2023,11,0,0
BEL.3.1.1.11_1,2023,11,0,0
BEL.3.1.1.12_1,2023,11,0,0
BEL.3.1.1.13_1,2023,11,0,0
BEL.3.1.1.14_1,2023,11,0,0
BEL.3.1.1.15_1,2023,11,0,0
BEL.3.1.1.16_1,2023,11,0,0
BEL.3.1.1.17_1,2023,11,0,0
BEL.3.1.1.18_1,2023,11,0,0
BEL.3.1.1.19_1,2023,11,0,0
BEL.3.1.1.2_1,2023,11,0,0
BEL.3.1.1.20_1,2023,11,0,0
BEL.3.1.1.21_1,2023,11,0,0
BEL.3.1.1.22_1,2023,11,0,0
BEL.3.1.1.23_1,2023,11,0,0
BEL.3.1.1.24_1,2023,11,0,0
BEL.3.1.1.25_1,2023,11,0,0
BEL.3.1.1.26_1,2023,11,0,0
BEL.3.1.1.27_1,2023,11,0,0
BEL.3.1.1.3_1,2023,11,0,0
BEL.3.1.1.4_1,2023,11,0,0
BEL.3.1.1.5_1,2023,11,0,0
BEL.3.1.1.6_1,2023,11,0,0
BEL.3.1.1.7_1,2023,11,0,0
BEL.3.1.1.8_1,2023,11,0,0
BEL.3.1.1.9_1,2023,11,0,0
BEL.3.2.1.1_1,2023,11,0,0
BEL.3.2.1.2_1,2023,11,0,0
BEL.3.2.1.3_1,2023,11,0,0
BEL.3.2.1.4_1,2023,11,0,0
BEL.3.2.1.5_1,2023,11,0,0
BEL.3.2.1.6_1,2023,11,0,0
BEL.3.2.1.7_1,2023,11,0,0
BEL.3.2.1.8_1,2023,11,0,0
BEL.3.2.2.1_1,2023,11,0,0
BEL.3.2.2.10_1,2023,11,0,0
BEL.3.2.2.11_1,2023,11,0,0
BEL.3.2.2.12_1,2023,11,0,0
BEL.3.2.2.13_1,2023,11,0,0
BEL.3.2.2.14_1,2023,11,0,0
BEL.3.2.2.2_1,2023,11,0,0
BEL.3.2.2.3_1,2023,11,0,0
BEL.3.2.2.4_1,2023,11,0,0
BEL.3.2.2.5_1,2023,11,0,0
BEL.3.2.2.6_1,2023,11,0,0
BEL.3.2.2.7_1,2023,11,0,0
BEL.3.2.2.8_1,2023,11,0,0
BEL.3.2.2.9_1,2023,11,0,0
BEL.3.2.3.1_1,2023,11,0,0
BEL.3.2.3.2_1,2023,11,0,0
BEL.3.2.4.1_1,2023,11,0,0
BEL.3.2.4.10_1,2023,11,0,0
BEL.3.2.4.11_1,2023,11,0,0
BEL.3.2.4.12_1,2023,11,0,0
BEL.3.2.4.13_1,2023,11,0,0
BEL.3.2.4.2_1,2023,11,0,0
BEL.3.2.4.3_1,2023,11,0,0
BEL.3.2.4.4_1,2023,11,0,0
BEL.3.2.4.5_1,2023,11,0,0
BEL.3.2.4.6_1,2023,11,0,0
BEL.3.2.4.7_1,2023,11,0,0
BEL.3.2.4.8_1,2023,11,0,0
BEL.3.2.4.9_1,2023,11,0,0
BEL.3.2.5.1_1,2023,11,0,0
BEL.3.2.5.2_1,2023,11,0,0
BEL.3.2.5.3_1,2023,11,0,0
BEL.3.2.5.4_1,2023,11,0,0
BEL.3.2.5.5_1,2023,11,0,0
BEL.3.2.5.6_1,2023,11,0,0
BEL.3.2.5.7_1,2023,11,0,0
BEL.3.2.5.8_1,2023,11,0,0
BEL.3.2.6.1_1,2023,11,0,0
BEL.3.2.6.10_1,2023,11,0,0
BEL.3.2.6.11_1,2023,11,0,0
BEL.3.2.6.12_1,2023,11,0,0
BEL.3.2.6.13_1,2023,11,0,0
BEL.3.2.6.14_1,2023,11,0,0
BEL.3.2.6.2_1,2023,11,0,0
BEL.3.2.6.3_1,2023,11,0,0
BEL.3.2.6.4_1,2023,11,0,0
BEL.3.2.6.5_1,2023,11,0,0
BEL.3.2.6.6_1,2023,11,0,0
BEL.3.2.6.7_1,2023,11,0,0
BEL.3.2.6.8_1,2023,11,0,0
BEL.3.2.6.9_1,2023,11,0,0
BEL.3.2.7.1_1,2023,11,0,0
BEL.3.2.7.10_1,2023,11,0,0
BEL.3.2.7.2_1,2023,11,0,0
BEL.3.2.7.3_1,2023,11,0,0
BEL.3.2.7.4_1,2023,11,0,0
BEL.3.2.7.5_1,2023,11,0,0
BEL.3.2.7.6_1,2023,11,0,0
BEL.3.2.7.7_1,2023,11,0,0
BEL.3.2.7.8_1,2023,11,0,0
BEL.3.2.7.9_1,2023,11,0,0
BEL.3.3.1.1_1,2023,11,0,0
BEL.3.3.1.10_1,2023,11,0,0
BEL.3.3.1.11_1,2023,11,0,0
BEL.3.3.1.12_1,2023,11,0,0
BEL.3.3.1.13_1,2023,11,0,0
BEL.3.3.1.14_1,2023,11,0,0
BEL.3.3.1.15_1,2023,11,0,0
BEL.3.3.1.16_1,2023,11,0,0
BEL.3.3.1.17_1,2023,11,0,0
BEL.3.3.1.2_1,2023,11,0,0
BEL.3.3.1.3_1,2023,11,0,0
BEL.3.3.1.4_1,2023,11,0,0
BEL.3.3.1.5_1,2023,11,0,0
BEL.3.3.1.6_1,2023,11,0,0
BEL.3.3.1.7_1,2023,11,0,0
BEL.3.3.1.8_1,2023,11,0,0
BEL.3.3.1.9_1,2023,11,0,0
BEL.3.3.2.1_1,2023,11,0,0
BEL.3.3.2.10_1,2023,11,0,0
BEL.3.3.2.11_1,2023,11,0,0
BEL.3.3.2.12_1,2023,11,0,0
BEL.3.3.2.13_1,2023,11,0,0
BEL.3.3.2.14_1,2023,11,0,0
BEL.3.3.2.15_1,2023,11,0,0
BEL.3.3.2.16_1,2023,11,0,0
BEL.3.3.2.17_1,2023,11,0,0
BEL.3.3.2.18_1,2023,11,0,0
BEL.3.3.2.19_1,2023,11,0,0
BEL.3.3.2.2_1,2023,11,0,0
BEL.3.3.2.20_1,2023,11,0,0
BEL.3.3.2.21_1,2023,11,0,0
BEL.3.3.2.22_1,2023,11,0,0
BEL.3.3.2.23_1,2023,11,0,0
BEL.3.3.2.24_1,2023,11,0,0
BEL.3.3.2.3_1,2023,11,0,0
BEL.3.3.2.4_1,2023,11,0,0
BEL.3.3.2.5_1,2023,11,0,0
BEL.3.3.2.6_1,2023,11,0,0
BEL.3.3.2.7_1,2023,11,0,0
BEL.3.3.2.8_1,2023,11,0,0
BEL.3.3.2.9_1,2023,11,0,0
BEL.3.3.3.1_1,2023,11,0,0
BEL.3.3.3.10_1,2023,11,0,0
BEL.3.3.3.11_1,2023,11,0,0
BEL.3.3.3.12_1,2023,11,0,0
BEL.3.3.3.13_1,2023,11,0,0
BEL.3.3.3.14_1,2023,11,0,0
BEL.3.3.3.15_1,2023,11,0,0
BEL.3.3.3.16_1,2023,11,0,0
BEL.3.3.3.17_1,2023,11,0,0
BEL.3.3.3.18_1,2023,11,0,0
BEL.3.3.3.19_1,2023,11,0,0
BEL.3.3.3.2_1,2023,11,0,0
BEL.3.3.3.20_1,2023,11,0,0
BEL.3.3.3.21_1,2023,11,0,0
BEL.3.3.3.22_1,2023,11,0,0
BEL.3.3.3.23_1,2023,11,0,0
BEL.3.3.3.24_1,2023,11,0,0
BEL.3.3.3.25_1,2023,11,0,0
BEL.3.3.3.26_1,2023,11,0,0
BEL.3.3.3.27_1,2023,11,0,0
BEL.3.3.3.28_1,2023,11,0,0
BEL.3.3.3.29_1,2023,11,0,0
BEL.3.3.3.3_1,2023,11,0,0
BEL.3.3.3.4_1,2023,11,0,0
BEL.3.3.3.5_1,2023,11,0,0
BEL.3.3.3.6_1,2023,11,0,0
BEL.3.3.3.7_1,2023,11,0,0
BEL.3.3.3.8_1,2023,11,0,0
BEL.3.3.3.9_1,2023,11,0,0
BEL.3.3.4.1_1,2023,11,0,0
BEL.3.3.4.10_1,2023,11,0,0
BEL.3.3.4.11_1,2023,11,0,0
BEL.3.3.4.12_1,2023,11,0,0
BEL.3.3.4.13_1,2023,11,0,0
BEL.3.3.4.14_1,2023,11,0,0
BEL.3.3.4.2_1,2023,11,0,0
BEL.3.3.4.3_1,2023,11,0,0
BEL.3.3.4.4_1,2023,11,0,0
BEL.3.3.4.5_1,2023,11,0,0
BEL.3.3.4.6_1,2023,11,0,0
BEL.3.3.4.7_1,2023,11,0,0
BEL.3.3.4.8_1,2023,11,0,0
BEL.3.3.4.9_1,2023,11,0,0
BEL.3.4.1.1_1,2023,11,0,0
BEL.3.4.1.2_1,2023,11,0,0
BEL.3.4.1.3_1,2023,11,0,0
BEL.3.4.1.4_1,2023,11,0,0
BEL.3.4.1.5_1,2023,11,0,0
BEL.3.4.2.1_1,2023,11,0,0
BEL.3.4.2.2_1,2023,11,0,0
BEL.3.4.2.3_1,2023,11,0,0
BEL.3.4.2.4_1,2023,11,0,0
BEL.3.4.2.5_1,2023,11,0,0
BEL.3.4.2.6_1,2023,11,0,0
BEL.3.4.2.7_1,2023,11,0,0
BEL.3.4.2.8_1,2023,11,0,0
BEL.3.4.3.1_1,2023,11,0,0
BEL.3.4.3.2_1,2023,11,0,0
BEL.3.4.3.3_1,2023,11,0,0
BEL.3.4.3.4_1,2023,11,0,0
BEL.3.4.3.5_1,2023,11,0,0
BEL.3.4.3.6_1,2023,11,0,0
BEL.3.4.3.7_1,2023,11,0,0
BEL.3.4.3.8_1,2023,11,0,0
BEL.3.4.3.9_1,2023,11,0,0
BEL.3.4.4.1_1,2023,11,0,0
BEL.3.4.4.10_1,2023,11,0,0
BEL.3.4.4.11_1,2023,11,0,0
BEL.3.4.4.12_1,2023,11,0,0
BEL.3.4.4.2_1,2023,11,0,0
BEL.3.4.4.3_1,2023,11,0,0
BEL.3.4.4.4_1,2023,11,0,0
BEL.3.4.4.5_1,2023,11,0,0
BEL.3.4.4.6_1,2023,11,0,0
BEL.3.4.4.7_1,2023,11,0,0
BEL.3.4.4.8_1,2023,11,0,0
BEL.3.4.4.9_1,2023,11,0,0
BEL.3.4.5.1_1,2023,11,0,0
BEL.3.4.5.10_1,2023,11,0,0
BEL.3.4.5.2_1,2023,11,0,0
BEL.3.4.5.3_1,2023,11,0,0
BEL.3.4.5.4_1,2023,11,0,0
BEL.3.4.5.5_1,2023,11,0,0
BEL.3.4.5.6_1,2023,11,0,0
BEL.3.4.5.7_1,2023,11,0,0
BEL.3.4.5.8_1,2023,11,0,0
BEL.3.4.5.9_1,2023,11,0,0
BEL.3.5.1.1_1,2023,11,0,0
BEL.3.5.1.10_1,2023,11,0,0
BEL.3.5.1.11_1,2023,11,0,0
BEL.3.5.1.12_1,2023,11,0,0
BEL.3.5.1.13_1,2023,11,0,0
BEL.3.5.1.14_1,2023,11,0,0
BEL.3.5.1.15_1,2023,11,0,0
BEL.3.5.1.2_1,2023,11,0,0
BEL.3.5.1.3_1,2023,11,0,0
BEL.3.5.1.4_1,2023,11,0,0
BEL.3.5.1.5_1,2023,11,0,0
BEL.3.5.1.6_1,2023,11,0,0
BEL.3.5.1.7_1,2023,11,0,0
BEL.3.5.1.8_1,2023,11,0,0
BEL.3.5.1.9_1,2023,11,0,0
BEL.3.5.2.1_1,2023,11,0,0
BEL.3.5.2.10_1,2023,11,0,0
BEL.3.5.2.11_1,2023,11,0,0
BEL.3.5.2.12_1,2023,11,0,0
BEL.3.5.2.13_1,2023,11,0,0
BEL.3.5.2.14_1,2023,11,0,0
BEL.3.5.2.15_1,2023,11,0,0
BEL.3.5.2.16_1,2023,11,0,0
BEL.3.5.2.2_1,2023,11,0,0
BEL.3.5.2.3_1,2023,11,0,0
BEL.3.5.2.4_1,2023,11,0,0
BEL.3.5.2.5_1,2023,11,0,0
BEL.3.5.2.6_1,2023,11,0,0
BEL.3.5.2.7_1,2023,11,0,0
BEL.3.5.2.8_1,2023,11,0,0
BEL.3.5.2.9_1,2023,11,0,0
BEL.3.5.3.1_1,2023,11,0,0
BEL.3.5.3.2_1,2023,11,0,0
BEL.3.5.3.3_1,2023,11,0,0
BEL.3.5.3.4_1,2023,11,0,0
BEL.3.5.3.5_1,2023,11,0,0
BEL.3.5.3.6_1,2023,11,0,0
BEL.3.5.3.7_1,2023,11,0,0
BGR.1.1_1,2023,11,0,0
BGR.1.10_1,2023,11,0,0
BGR.1.11_1,2023,11,0,0
BGR.1.12_1,2023,11,0,0
BGR.1.13_1,2023,11,0,0
BGR.1.14_1,2023,11,0,0
BGR.1.2_1,2023,11,0,0
BGR.1.3_1,2023,11,0,0
BGR.1.4_1,2023,11,0,0
BGR.1.5_1,2023,11,0,0
BGR.1.6_1,2023,11,0,0
BGR.1.7_1,2023,11,0,0
BGR.1.8_1,2023,11,0,0
BGR.1.9_1,2023,11,0,0
BGR.10.1_1,2023,11,0,0
BGR.10.10_1,2023,11,0,0
BGR.10.11_1,2023,11,0,0
BGR.10.2_1,2023,11,0,0
BGR.10.3_1,2023,11,0,0
BGR.10.4_1,2023,11,0,0
BGR.10.5_1,2023,11,0,0
BGR.10.6_1,2023,11,0,0
BGR.10.7_1,2023,11,0,0
BGR.10.8_1,2023,11,0,0
BGR.10.9_1,2023,11,0,0
BGR.11.1_1,2023,11,0,0
BGR.11.10_1,2023,11,0,0
BGR.11.11_1,2023,11,0,0
BGR.11.2_1,2023,11,0,0
BGR.11.3_1,2023,11,0,0
BGR.11.4_1,2023,11,0,0
BGR.11.5_1,2023,11,0,0
BGR.11.6_1,2023,11,0,0
BGR.11.7_1,2023,11,0,0
BGR.11.8_1,2023,11,0,0
BGR.11.9_1,2023,11,0,0
BGR.12.1_1,2023,11,0,0
BGR.12.2_1,2023,11,0,0
BGR.12.3_1,2023,11,0,0
BGR.12.4_1,2023,11,0,0
BGR.12.5_1,2023,11,0,0
BGR.12.6_1,2023,11,0,0
BGR.13.1_1,2023,11,0,0
BGR.13.10_1,2023,11,0,0
BGR.13.11_1,2023,11,0,0
BGR.13.2_1,2023,11,0,0
BGR.13.3_1,2023,11,0,0
BGR.13.4_1,2023,11,0,0
BGR.13.5_1,2023,11,0,0
BGR.13.6_1,2023,11,0,0
BGR.13.7_1,2023,11,0,0
BGR.13.8_1,2023,11,0,0
BGR.13.9_1,2023,11,0,0
BGR.14.1_1,2023,11,0,0
BGR.14.10_1,2023,11,0,0
BGR.14.11_1,2023,11,0,0
BGR.14.12_1,2023,11,0,0
BGR.14.13_1,2023,11,0,0
BGR.14.14_1,2023,11,0,0
BGR.14.15_1,2023,11,0,0
BGR.14.16_1,2023,11,0,0
BGR.14.2_1,2023,11,0,0
BGR.14.3_1,2023,11,0,0
BGR.14.4_1,2023,11,0,0
BGR.14.5_1,2023,11,0,0
BGR.14.6_1,2023,11,0,0
BGR.14.7_1,2023,11,0,0
BGR.14.8_1,2023,11,0,0
BGR.14.9_1,2023,11,0,0
BGR.15.1_1,2023,11,0,0
BGR.15.2_1,2023,11,0,0
BGR.15.3_1,2023,11,0,0
BGR.15.4_1,2023,11,0,0
BGR.15.5_1,2023,11,0,0
BGR.15.6_1,2023,11,0,0
BGR.15.7_1,2023,11,0,0
BGR.16.1_1,2023,11,0,0
BGR.16.2_1,2023,11,0,0
BGR.16.3_1,2023,11,0,0
BGR.16.4_1,2023,11,0,0
BGR.16.5_1,2023,11,0,0
BGR.16.6_1,2023,11,0,0
BGR.16.7_1,2023,11,0,0
BGR.16.8_1,2023,11,0,0
BGR.17.1_1,2023,11,0,0
BGR.17.10_1,2023,11,0,0
BGR.17.2_1,2023,11,0,0
BGR.17.3_1,2023,11,0,0
BGR.17.4_1,2023,11,0,0
BGR.17.5_1,2023,11,0,0
BGR.17.6_1,2023,11,0,0
BGR.17.7_1,2023,11,0,0
BGR.17.8_1,2023,11,0,0
BGR.17.9_1,2023,11,0,0
BGR.18.1_1,2023,11,0,0
BGR.18.2_1,2023,11,0,0
BGR.18.3_1,2023,11,0,0
BGR.18.4_1,2023,11,0,0
BGR.18.5_1,2023,11,0,0
BGR.18.6_1,2023,11,0,0
BGR.18.7_1,2023,11,0,0
BGR.19.1_1,2023,11,0,0
BGR.19.2_1,2023,11,0,0
BGR.19.3_1,2023,11,0,0
BGR.19.4_1,2023,11,0,0
BGR.2.1_1,2023,11,0,0
BGR.2.10_1,2023,11,0,0
BGR.2.11_1,2023,11,0,0
BGR.2.12_1,2023,11,0,0
BGR.2.13_1,2023,11,0,0
BGR.2.2_1,2023,11,0,0
BGR.2.3_1,2023,11,0,0
BGR.2.4_1,2023,11,0,0
BGR.2.5_1,2023,11,0,0
BGR.2.6_1,2023,11,0,0
BGR.2.7_1,2023,11,0,0
BGR.2.8_1,2023,11,0,0
BGR.2.9_1,2023,11,0,0
BGR.20.1_1,2023,11,0,0
BGR.20.10_1,2023,11,0,0
BGR.20.2_1,2023,11,0,0
BGR.20.3_1,2023,11,0,0
BGR.20.4_1,2023,11,0,0
BGR.20.5_1,2023,11,0,0
BGR.20.6_1,2023,11,0,0
BGR.20.7_1,2023,11,0,0
BGR.20.8_1,2023,11,0,0
BGR.20.9_1,2023,11,0,0
BGR.21.1_1,2023,11,0,0
BGR.21.10_1,2023,11,0,0
BGR.21.11_1,2023,11,0,0
BGR.21.12_1,2023,11,0,0
BGR.21.13_1,2023,11,0,0
BGR.21.14_1,2023,11,0,0
BGR.21.15_1,2023,11,0,0
BGR.21.16_1,2023,11,0,0
BGR.21.17_1,2023,11,0,0
BGR.21.18_1,2023,11,0,0
BGR.21.19_1,2023,11,0,0
BGR.21.2_1,2023,11,0,0
BGR.21.20_1,2023,11,0,0
BGR.21.21_1,2023,11,0,0
BGR.21.22_1,2023,11,0,0
BGR.21.3_1,2023,11,0,0
BGR.21.4_1,2023,11,0,0
BGR.21.5_1,2023,11,0,0
BGR.21.6_1,2023,11,0,0
BGR.21.7_1,2023,11,0,0
BGR.21.8_1,2023,11,0,0
BGR.21.9_1,2023,11,0,0
BGR.22.1_1,2023,11,0,0
BGR.22.10_1,2023,11,0,0
BGR.22.11_1,2023,11,0,0
BGR.22.2_1,2023,11,0,0
BGR.22.3_1,2023,11,0,0
BGR.22.4_1,2023,11,0,0
BGR.22.5_1,2023,11,0,0
BGR.22.6_1,2023,11,0,0
BGR.22.7_1,2023,11,0,0
BGR.22.8_1,2023,11,0,0
BGR.22.9_1,2023,11,0,0
BGR.23.1_1,2023,11,0,0
BGR.23.2_1,2023,11,0,0
BGR.23.3_1,2023,11,0,0
BGR.23.4_1,2023,11,0,0
BGR.23.5_1,2023,11,0,0
BGR.24.1_1,2023,11,0,0
BGR.24.10_1,2023,11,0,0
BGR.24.11_1,2023,11,0,0
BGR.24.12_1,2023,11,0,0
BGR.24.2_1,2023,11,0,0
BGR.24.3_1,2023,11,0,0
BGR.24.4_1,2023,11,0,0
BGR.24.5_1,2023,11,0,0
BGR.24.6_1,2023,11,0,0
BGR.24.7_1,2023,11,0,0
BGR.24.8_1,2023,11,0,0
BGR.24.9_1,2023,11,0,0
BGR.25.1_1,2023,11,0,0
BGR.25.10_1,2023,11,0,0
BGR.25.2_1,2023,11,0,0
BGR.25.3_1,2023,11,0,0
BGR.25.4_1,2023,11,0,0
BGR.25.5_1,2023,11,0,0
BGR.25.6_1,2023,11,0,0
BGR.25.7_1,2023,11,0,0
BGR.25.8_1,2023,11,0,0
BGR.25.9_1,2023,11,0,0
BGR.26.1_1,2023,11,0,0
BGR.26.10_1,2023,11,0,0
BGR.26.11_1,2023,11,0,0
BGR.26.2_1,2023,11,0,0
BGR.26.3_1,2023,11,0,0
BGR.26.4_1,2023,11,0,0
BGR.26.5_1,2023,11,0,0
BGR.26.6_1,2023,11,0,0
BGR.26.7_1,2023,11,0,0
BGR.26.8_1,2023,11,0,0
BGR.26.9_1,2023,11,0,0
BGR.27.1_1,2023,11,0,0
BGR.27.10_1,2023,11,0,0
BGR.27.2_1,2023,11,0,0
BGR.27.3_1,2023,11,0,0
BGR.27.4_1,2023,11,0,0
BGR.27.5_1,2023,11,0,0
BGR.27.6_1,2023,11,0,0
BGR.27.7_1,2023,11,0,0
BGR.27.8_1,2023,11,0,0
BGR.27.9_1,2023,11,0,0
BGR.28.1_1,2023,11,0,0
BGR.28.2_1,2023,11,0,0
BGR.28.3_1,2023,11,0,0
BGR.28.4_1,2023,11,0,0
BGR.28.5_1,2023,11,0,0
BGR.3.1_1,2023,11,0,0
BGR.3.2_1,2023,11,0,0
BGR.3.3_1,2023,11,0,0
BGR.3.4_1,2023,11,0,0
BGR.3.5_1,2023,11,0,0
BGR.3.6_1,2023,11,0,0
BGR.3.7_1,2023,11,0,0
BGR.3.8_1,2023,11,0,0
BGR.4.1_1,2023,11,0,0
BGR.4.2_1,2023,11,0,0
BGR.4.3_1,2023,11,0,0
BGR.4.4_1,2023,11,0,0
BGR.5.1_1,2023,11,0,0
BGR.6.1_1,2023,11,0,0
BGR.6.10_1,2023,11,0,0
BGR.6.11_1,2023,11,0,0
BGR.6.2_1,2023,11,0,0
BGR.6.3_1,2023,11,0,0
BGR.6.4_1,2023,11,0,0
BGR.6.5_1,2023,11,0,0
BGR.6.6_1,2023,11,0,0
BGR.6.7_1,2023,11,0,0
BGR.6.8_1,2023,11,0,0
BGR.6.9_1,2023,11,0,0
BGR.7.1_1,2023,11,0,0
BGR.7.2_1,2023,11,0,0
BGR.7.3_1,2023,11,0,0
BGR.7.4_1,2023,11,0,0
BGR.7.5_1,2023,11,0,0
BGR.7.6_1,2023,11,0,0
BGR.7.7_1,2023,11,0,0
BGR.7.8_1,2023,11,0,0
BGR.8.1_1,2023,11,0,0
BGR.8.2_1,2023,11,0,0
BGR.8.3_1,2023,11,0,0
BGR.8.4_1,2023,11,0,0
BGR.8.5_1,2023,11,0,0
BGR.8.6_1,2023,11,0,0
BGR.8.7_1,2023,11,0,0
BGR.8.8_1,2023,11,0,0
BGR.8.9_1,2023,11,0,0
BGR.9.1_1,2023,11,0,0
BGR.9.2_1,2023,11,0,0
BGR.9.3_1,2023,11,0,0
BGR.9.4_1,2023,11,0,0
BGR.9.5_1,2023,11,0,0
BGR.9.6_1,2023,11,0,0
BGR.9.7_1,2023,11,0,0
BGR.9.8_1,2023,11,0,0
BIH.1.1.1_1,2023,11,0,0
BIH.2.1.1_1,2023,11,0,0
BIH.2.1.2_1,2023,11,0,0
BIH.2.1.3_1,2023,11,0,0
BIH.2.10.1_1,2023,11,0,0
BIH.2.10.10_1,2023,11,0,0
BIH.2.10.11_1,2023,11,0,0
BIH.2.10.2_1,2023,11,0,0
BIH.2.10.3_1,2023,11,0,0
BIH.2.10.4_1,2023,11,0,0
BIH.2.10.5_1,2023,11,0,0
BIH.2.10.6_1,2023,11,0,0
BIH.2.10.7_1,2023,11,0,0
BIH.2.10.8_1,2023,11,0,0
BIH.2.10.9_1,2023,11,0,0
BIH.2.2.1_1,2023,11,0,0
BIH.2.2.2_1,2023,11,0,0
BIH.2.2.3_1,2023,11,0,0
BIH.2.2.4_1,2023,11,0,0
BIH.2.2.5_1,2023,11,0,0
BIH.2.2.6_1,2023,11,0,0
BIH.2.3.1_1,2023,11,0,0
BIH.2.3.10_1,2023,11,0,0
BIH.2.3.11_1,2023,11,0,0
BIH.2.3.12_1,2023,11,0,0
BIH.2.3.2_1,2023,11,0,0
BIH.2.3.3_1,2023,11,0,0
BIH.2.3.4_1,2023,11,0,0
BIH.2.3.5_1,2023,11,0,0
BIH.2.3.6_1,2023,11,0,0
BIH.2.3.7_1,2023,11,0,0
BIH.2.3.8_1,2023,11,0,0
BIH.2.3.9_1,2023,11,0,0
BIH.2.4.1_1,2023,11,0,0
BIH.2.4.2_1,2023,11,0,0
BIH.2.4.3_1,2023,11,0,0
BIH.2.4.4_1,2023,11,0,0
BIH.2.4.5_1,2023,11,0,0
BIH.2.4.6_1,2023,11,0,0
BIH.2.4.7_1,2023,11,0,0
BIH.2.4.8_1,2023,11,0,0
BIH.2.4.9_1,2023,11,0,0
BIH.2.5.1_1,2023,11,0,0
BIH.2.5.2_1,2023,11,0,0
BIH.2.5.3_1,2023,11,0,0
BIH.2.6.1_1,2023,11,0,0
BIH.2.6.2_1,2023,11,0,0
BIH.2.6.3_1,2023,11,0,0
BIH.2.6.4_1,2023,11,0,0
BIH.2.6.5_1,2023,11,0,0
BIH.2.6.6_1,2023,11,0,0
BIH.2.6.7_1,2023,11,0,0
BIH.2.6.8_1,2023,11,0,0
BIH.2.6.9_1,2023,11,0,0
BIH.2.7.1_1,2023,11,0,0
BIH.2.7.10_1,2023,11,0,0
BIH.2.7.11_1,2023,11,0,0
BIH.2.7.12_1,2023,11,0,0
BIH.2.7.13_1,2023,11,0,0
BIH.2.7.2_1,2023,11,0,0
BIH.2.7.3_1,2023,11,0,0
BIH.2.7.4_1,2023,11,0,0
BIH.2.7.5_1,2023,11,0,0
BIH.2.7.6_1,2023,11,0,0
BIH.2.7.7_1,2023,11,0,0
BIH.2.7.8_1,2023,11,0,0
BIH.2.7.9_1,2023,11,0,0
BIH.2.8.1_1,2023,11,0,0
BIH.2.8.2_1,2023,11,0,0
BIH.2.8.3_1,2023,11,0,0
BIH.2.8.4_1,2023,11,0,0
BIH.2.8.5_1,2023,11,0,0
BIH.2.8.6_1,2023,11,0,0
BIH.2.8.7_1,2023,11,0,0
BIH.2.8.8_1,2023,11,0,0
BIH.2.9.1_1,2023,11,0,0
BIH.2.9.2_1,2023,11,0,0
BIH.2.9.3_1,2023,11,0,0
BIH.2.9.4_1,2023,11,0,0
BIH.3.1.1_1,2023,11,0,0
BIH.3.1.10_1,2023,11,0,0
BIH.3.1.11_1,2023,11,0,0
BIH.3.1.12_1,2023,11,0,0
BIH.3.1.13_1,2023,11,0,0
BIH.3.1.14_1,2023,11,0,0
BIH.3.1.15_1,2023,11,0,0
BIH.3.1.16_1,2023,11,0,0
BIH.3.1.17_1,2023,11,0,0
BIH.3.1.18_1,2023,11,0,0
BIH.3.1.19_1,2023,11,0,0
BIH.3.1.2_1,2023,11,0,0
BIH.3.1.20_1,2023,11,0,0
BIH.3.1.21_1,2023,11,0,0
BIH.3.1.22_1,2023,11,0,0
BIH.3.1.3_1,2023,11,0,0
BIH.3.1.4_1,2023,11,0,0
BIH.3.1.5_1,2023,11,0,0
BIH.3.1.6_1,2023,11,0,0
BIH.3.1.7_1,2023,11,0,0
BIH.3.1.8_1,2023,11,0,0
BIH.3.1.9_1,2023,11,0,0
BIH.3.2.1_1,2023,11,0,0
BIH.3.2.2_1,2023,11,0,0
BIH.3.2.3_1,2023,11,0,0
BIH.3.3.1_1,2023,11,0,0
BIH.3.3.2_1,2023,11,0,0
BIH.3.3.3_1,2023,11,0,0
BIH.3.3.4_1,2023,11,0,0
BIH.3.3.5_1,2023,11,0,0
BIH.3.3.6_1,2023,11,0,0
BIH.3.3.7_1,2023,11,0,0
BIH.3.3.8_1,2023,11,0,0
BIH.3.3.9_1,2023,11,0,0
BIH.3.4.1_1,2023,11,0,0
BIH.3.4.2_1,2023,11,0,0
BIH.3.4.3_1,2023,11,0,0
BIH.3.4.4_1,2023,11,0,0
BIH.3.4.5_1,2023,11,0,0
BIH.3.4.6_1,2023,11,0,0
BIH.3.5.1_1,2023,11,0,0
BIH.3.5.2_1,2023,11,0,0
BIH.3.5.3_1,2023,11,0,0
BIH.3.5.4_1,2023,11,0,0
BIH.3.5.5_1,2023,11,0,0
BIH.3.5.6_1,2023,11,0,0
BIH.3.5.7_1,2023,11,0,0
BIH.3.5.8_1,2023,11,0,0
BIH.3.6.1_1,2023,11,0,0
BIH.3.6.2_1,2023,11,0,0
BIH.3.6.3_1,2023,11,0,0
BIH.3.6.4_1,2023,11,0,0
BIH.3.6.5_1,2023,11,0,0
BIH.3.6.6_1,2023,11,0,0
BIH.3.6.7_1,2023,11,0,0
BIH.3.7.1_1,2023,11,0,0
BIH.3.7.2_1,2023,11,0,0
BIH.3.7.3_1,2023,11,0,0
BIH.3.7.4_1,2023,11,0,0
BIH.3.7.5_1,2023,11,0,0
BIH.3.7.6_1,2023,11,0,0
BIH.3.7.7_1,2023,11,0,0
BLR.1.1_1,2023,11,0,0
BLR.1.10_1,2023,11,0,0
BLR.1.11_1,2023,11,0,0
BLR.1.12_1,2023,11,0,0
BLR.1.13_1,2023,11,0,0
BLR.1.14_1,2023,11,0,0
BLR.1.15_1,2023,11,0,0
BLR.1.16_1,2023,11,0,0
BLR.1.2_1,2023,11,0,0
BLR.1.3_1,2023,11,0,0
BLR.1.4_1,2023,11,0,0
BLR.1.5_1,2023,11,0,0
BLR.1.6_1,2023,11,0,0
BLR.1.7_1,2023,11,0,0
BLR.1.8_1,2023,11,0,0
BLR.1.9_1,2023,11,0,0
BLR.2.1_1,2023,11,0,0
BLR.2.10_1,2023,11,0,0
BLR.2.11_1,2023,11,0,0
BLR.2.12_1,2023,11,0,0
BLR.2.13_1,2023,11,0,0
BLR.2.14_1,2023,11,0,0
BLR.2.15_1,2023,11,0,0
BLR.2.16_1,2023,11,0,0
BLR.2.17_1,2023,11,0,0
BLR.2.18_1,2023,11,0,0
BLR.2.19_1,2023,11,0,0
BLR.2.2_1,2023,11,0,0
BLR.2.20_1,2023,11,0,0
BLR.2.21_1,2023,11,0,0
BLR.2.3_1,2023,11,0,0
BLR.2.4_1,2023,11,0,0
BLR.2.5_1,2023,11,0,0
BLR.2.6_1,2023,11,0,0
BLR.2.7_1,2023,11,0,0
BLR.2.8_1,2023,11,0,0
BLR.2.9_1,2023,11,0,0
BLR.3.1_1,2023,11,0,0
BLR.3.10_1,2023,11,0,0
BLR.3.11_1,2023,11,0,0
BLR.3.12_1,2023,11,0,0
BLR.3.13_1,2023,11,0,0
BLR.3.14_1,2023,11,0,0
BLR.3.15_1,2023,11,0,0
BLR.3.16_1,2023,11,0,0
BLR.3.17_1,2023,11,0,0
BLR.3.2_1,2023,11,0,0
BLR.3.3_1,2023,11,0,0
BLR.3.4_1,2023,11,0,0
BLR.3.5_1,2023,11,0,0
BLR.3.6_1,2023,11,0,0
BLR.3.7_1,2023,11,0,0
BLR.3.8_1,2023,11,0,0
BLR.3.9_1,2023,11,0,0
BLR.4.1_1,2023,11,0,0
BLR.4.10_1,2023,11,0,0
BLR.4.11_1,2023,11,0,0
BLR.4.12_1,2023,11,0,0
BLR.4.13_1,2023,11,0,0
BLR.4.14_1,2023,11,0,0
BLR.4.15_1,2023,11,0,0
BLR.4.16_1,2023,11,0,0
BLR.4.17_1,2023,11,0,0
BLR.4.18_1,2023,11,0,0
BLR.4.19_1,2023,11,0,0
BLR.4.2_1,2023,11,0,0
BLR.4.20_1,2023,11,0,0
BLR.4.21_1,2023,11,0,0
BLR.4.3_1,2023,11,0,0
BLR.4.4_1,2023,11,0,0
BLR.4.5_1,2023,11,0,0
BLR.4.6_1,2023,11,0,0
BLR.4.7_1,2023,11,0,0
BLR.4.8_1,2023,11,0,0
BLR.4.9_1,2023,11,0,0
BLR.5.1_1,2023,11,0,0
BLR.5.10_1,2023,11,0,0
BLR.5.11_1,2023,11,0,0
BLR.5.12_1,2023,11,0,0
BLR.5.13_1,2023,11,0,0
BLR.5.14_1,2023,11,0,0
BLR.5.15_1,2023,11,0,0
BLR.5.16_1,2023,11,0,0
BLR.5.17_1,2023,11,0,0
BLR.5.18_1,2023,11,0,0
BLR.5.19_1,2023,11,0,0
BLR.5.2_1,2023,11,0,0
BLR.5.20_1,2023,11,0,0
BLR.5.21_1,2023,11,0,0
BLR.5.22_1,2023,11,0,0
BLR.5.3_1,2023,11,0,0
BLR.5.4_1,2023,11,0,0
BLR.5.5_1,2023,11,0,0
BLR.5.6_1,2023,11,0,0
BLR.5.7_1,2023,11,0,0
BLR.5.8_1,2023,11,0,0
BLR.5.9_1,2023,11,0,0
BLR.6.1_1,2023,11,0,0
BLR.6.10_1,2023,11,0,0
BLR.6.11_1,2023,11,0,0
BLR.6.12_1,2023,11,0,0
BLR.6.13_1,2023,11,0,0
BLR.6.14_1,2023,11,0,0
BLR.6.15_1,2023,11,0,0
BLR.6.16_1,2023,11,0,0
BLR.6.17_1,2023,11,0,0
BLR.6.18_1,2023,11,0,0
BLR.6.19_1,2023,11,0,0
BLR.6.2_1,2023,11,0,0
BLR.6.20_1,2023,11,0,0
BLR.6.21_1,2023,11,0,0
BLR.6.3_1,2023,11,0,0
BLR.6.4_1,2023,11,0,0
BLR.6.5_1,2023,11,0,0
BLR.6.6_1,2023,11,0,0
BLR.6.7_1,2023,11,0,0
BLR.6.8_1,2023,11,0,0
BLR.6.9_1,2023,11,0,0
CHE.1.1.1_1,2023,11,0,0
CHE.1.1.10_1,2023,11,0,0
CHE.1.1.11_1,2023,11,0,0
CHE.1.1.12_1,2023,11,0,0
CHE.1.1.13_1,2023,11,0,0
CHE.1.1.2_1,2023,11,0,0
CHE.1.1.3_1,2023,11,0,0
CHE.1.1.4_1,2023,11,0,0
CHE.1.1.5_1,2023,11,0,0
CHE.1.1.6_1,2023,11,0,0
CHE.1.1.7_1,2023,11,0,0
CHE.1.1.8_1,2023,11,0,0
CHE.1.1.9_1,2023,11,0,0
CHE.1.10.1_1,2023,11,0,0
CHE.1.10.10_1,2023,11,0,0
CHE.1.10.11_1,2023,11,0,0
CHE.1.10.12_1,2023,11,0,0
CHE.1.10.13_1,2023,11,0,0
CHE.1.10.14_1,2023,11,0,0
CHE.1.10.15_1,2023,11,0,0
CHE.1.10.16_1,2023,11,0,0
CHE.1.10.17_1,2023,11,0,0
CHE.1.10.18_1,2023,11,0,0
CHE.1.10.2_1,2023,11,0,0
CHE.1.10.3_1,2023,11,0,0
CHE.1.10.4_1,2023,11,0,0
CHE.1.10.5_1,2023,11,0,0
CHE.1.10.6_1,2023,11,0,0
CHE.1.10.7_1,2023,11,0,0
CHE.1.10.8_1,2023,11,0,0
CHE.1.10.9_1,2023,11,0,0
CHE.1.11.1_1,2023,11,0,0
CHE.1.11.10_1,2023,11,0,0
CHE.1.11.11_1,2023,11,0,0
CHE.1.11.12_1,2023,11,0,0
CHE.1.11.13_1,2023,11,0,0
CHE.1.11.14_1,2023,11,0,0
CHE.1.11.15_1,2023,11,0,0
CHE.1.11.16_1,2023,11,0,0
CHE.1.11.17_1,2023,11,0,0
CHE.1.11.18_1,2023,11,0,0
CHE.1.11.19_1,2023,11,0,0
CHE.1.11.2_1,2023,11,0,0
CHE.1.11.20_1,2023,11,0,0
CHE.1.11.21_1,2023,11,0,0
CHE.1.11.22_1,2023,11,0,0
CHE.1.11.23_1,2023,11,0,0
CHE.1.11.3_1,2023,11,0,0
CHE.1.11.4_1,2023,11,0,0
CHE.1.11.5_1,2023,11,0,0
CHE.1.11.6_1,2023,11,0,0
CHE.1.11.7_1,2023,11,0,0
CHE.1.11.8_1,2023,11,0,0
CHE.1.11.9_1,2023,11,0,0
CHE.1.2.1_1,2023,11,0,0
CHE.1.2.10_1,2023,11,0,0
CHE.1.2.11_1,2023,11,0,0
CHE.1.2.12_1,2023,11,0,0
CHE.1.2.13_1,2023,11,0,0
CHE.1.2.14_1,2023,11,0,0
CHE.1.2.15_1,2023,11,0,0
CHE.1.2.16_1,2023,11,0,0
CHE.1.2.17_1,2023,11,0,0
CHE.1.2.18_1,2023,11,0,0
CHE.1.2.19_1,2023,11,0,0
CHE.1.2.2_1,2023,11,0,0
CHE.1.2.20_1,2023,11,0,0
CHE.1.2.21_1,2023,11,0,0
CHE.1.2.22_1,2023,11,0,0
CHE.1.2.23_1,2023,11,0,0
CHE.1.2.24_1,2023,11,0,0
CHE.1.2.25_1,2023,11,0,0
CHE.1.2.26_1,2023,11,0,0
CHE.1.2.3_1,2023,11,0,0
CHE.1.2.4_1,2023,11,0,0
CHE.1.2.5_1,2023,11,0,0
CHE.1.2.6_1,2023,11,0,0
CHE.1.2.7_1,2023,11,0,0
CHE.1.2.8_1,2023,11,0,0
CHE.1.2.9_1,2023,11,0,0
CHE.1.3.1_1,2023,11,0,0
CHE.1.3.10_1,2023,11,0,0
CHE.1.3.11_1,2023,11,0,0
CHE.1.3.12_1,2023,11,0,0
CHE.1.3.13_1,2023,11,0,0
CHE.1.3.14_1,2023,11,0,0
CHE.1.3.15_1,2023,11,0,0
CHE.1.3.16_1,2023,11,0,0
CHE.1.3.17_1,2023,11,0,0
CHE.1.3.18_1,2023,11,0,0
CHE.1.3.19_1,2023,11,0,0
CHE.1.3.2_1,2023,11,0,0
CHE.1.3.20_1,2023,11,0,0
CHE.1.3.21_1,2023,11,0,0
CHE.1.3.22_1,2023,11,0,0
CHE.1.3.23_1,2023,11,0,0
CHE.1.3.24_1,2023,11,0,0
CHE.1.3.3_1,2023,11,0,0
CHE.1.3.4_1,2023,11,0,0
CHE.1.3.5_1,2023,11,0,0
CHE.1.3.6_1,2023,11,0,0
CHE.1.3.7_1,2023,11,0,0
CHE.1.3.8_1,2023,11,0,0
CHE.1.3.9_1,2023,11,0,0
CHE.1.4.1_1,2023,11,0,0
CHE.1.4.10_1,2023,11,0,0
CHE.1.4.11_1,2023,11,0,0
CHE.1.4.12_1,2023,11,0,0
CHE.1.4.13_1,2023,11,0,0
CHE.1.4.14_1,2023,11,0,0
CHE.1.4.15_1,2023,11,0,0
CHE.1.4.16_1,2023,11,0,0
CHE.1.4.17_1,2023,11,0,0
CHE.1.4.18_1,2023,11,0,0
CHE.1.4.19_1,2023,11,0,0
CHE.1.4.2_1,2023,11,0,0
CHE.1.4.20_1,2023,11,0,0
CHE.1.4.21_1,2023,11,0,0
CHE.1.4.22_1,2023,11,0,0
CHE.1.4.23_1,2023,11,0,0
CHE.1.4.24_1,2023,11,0,0
CHE.1.4.25_1,2023,11,0,0
CHE.1.4.26_1,2023,11,0,0
CHE.1.4.27_1,2023,11,0,0
CHE.1.4.28_1,2023,11,0,0
CHE.1.4.29_1,2023,11,0,0
CHE.1.4.3_1,2023,11,0,0
CHE.1.4.30_1,2023,11,0,0
CHE.1.4.31_1,2023,11,0,0
CHE.1.4.4_1,2023,11,0,0
CHE.1.4.5_1,2023,11,0,0
CHE.1.4.6_1,2023,11,0,0
CHE.1.4.7_1,2023,11,0,0
CHE.1.4.8_1,2023,11,0,0
CHE.1.4.9_1,2023,11,0,0
CHE.1.5.1_1,2023,11,0,0
CHE.1.5.10_1,2023,11,0,0
CHE.1.5.11_1,2023,11,0,0
CHE.1.5.12_1,2023,11,0,0
CHE.1.5.13_1,2023,11,0,0
CHE.1.5.14_1,2023,11,0,0
CHE.1.5.15_1,2023,11,0,0
CHE.1.5.16_1,2023,11,0,0
CHE.1.5.17_1,2023,11,0,0
CHE.1.5.18_1,2023,11,0,0
CHE.1.5.2_1,2023,11,0,0
CHE.1.5.3_1,2023,11,0,0
CHE.1.5.4_1,2023,11,0,0
CHE.1.5.5_1,2023,11,0,0
CHE.1.5.6_1,2023,11,0,0
CHE.1.5.7_1,2023,11,0,0
CHE.1.5.8_1,2023,11,0,0
CHE.1.5.9_1,2023,11,0,0
CHE.1.6.1_1,2023,11,0,0
CHE.1.6.10_1,2023,11,0,0
CHE.1.6.11_1,2023,11,0,0
CHE.1.6.12_1,2023,11,0,0
CHE.1.6.13_1,2023,11,0,0
CHE.1.6.14_1,2023,11,0,0
CHE.1.6.15_1,2023,11,0,0
CHE.1.6.16_1,2023,11,0,0
CHE.1.6.17_1,2023,11,0,0
CHE.1.6.18_1,2023,11,0,0
CHE.1.6.19_1,2023,11,0,0
CHE.1.6.2_1,2023,11,0,0
CHE.1.6.20_1,2023,11,0,0
CHE.1.6.21_1,2023,11,0,0
CHE.1.6.22_1,2023,11,0,0
CHE.1.6.23_1,2023,11,0,0
CHE.1.6.3_1,2023,11,0,0
CHE.1.6.4_1,2023,11,0,0
CHE.1.6.5_1,2023,11,0,0
CHE.1.6.6_1,2023,11,0,0
CHE.1.6.7_1,2023,11,0,0
CHE.1.6.8_1,2023,11,0,0
CHE.1.6.9_1,2023,11,0,0
CHE.1.7.1_1,2023,11,0,0
CHE.1.7.10_1,2023,11,0,0
CHE.1.7.11_1,2023,11,0,0
CHE.1.7.12_1,2023,11,0,0
CHE.1.7.13_1,2023,11,0,0
CHE.1.7.14_1,2023,11,0,0
CHE.1.7.15_1,2023,11,0,0
CHE.1.7.16_1,2023,11,0,0
CHE.1.7.17_1,2023,11,0,0
CHE.1.7.18_1,2023,11,0,0
CHE.1.7.19_1,2023,11,0,0
CHE.1.7.2_1,2023,11,0,0
CHE.1.7.20_1,2023,11,0,0
CHE.1.7.3_1,2023,11,0,0
CHE.1.7.4_1,2023,11,0,0
CHE.1.7.5_1,2023,11,0,0
CHE.1.7.6_1,2023,11,0,0
CHE.1.7.7_1,2023,11,0,0
CHE.1.7.8_1,2023,11,0,0
CHE.1.7.9_1,2023,11,0,0
CHE.1.8.1_1,2023,11,0,0
CHE.1.8.10_1,2023,11,0,0
CHE.1.8.11_1,2023,11,0,0
CHE.1.8.12_1,2023,11,0,0
CHE.1.8.13_1,2023,11,0,0
CHE.1.8.14_1,2023,11,0,0
CHE.1.8.15_1,2023,11,0,0
CHE.1.8.16_1,2023,11,0,0
CHE.1.8.17_1,2023,11,0,0
CHE.1.8.18_1,2023,11,0,0
CHE.1.8.19_1,2023,11,0,0
CHE.1.8.2_1,2023,11,0,0
CHE.1.8.20_1,2023,11,0,0
CHE.1.8.3_1,2023,11,0,0
CHE.1.8.4_1,2023,11,0,0
CHE.1.8.5_1,2023,11,0,0
CHE.1.8.6_1,2023,11,0,0
CHE.1.8.7_1,2023,11,0,0
CHE.1.8.8_1,2023,11,0,0
CHE.1.8.9_1,2023,11,0,0
CHE.1.9.1_1,2023,11,0,0
CHE.1.9.10_1,2023,11,0,0
CHE.1.9.11_1,2023,11,0,0
CHE.1.9.12_1,2023,11,0,0
CHE.1.9.13_1,2023,11,0,0
CHE.1.9.14_1,2023,11,0,0
CHE.1.9.2_1,2023,11,0,0
CHE.1.9.3_1,2023,11,0,0
CHE.1.9.4_1,2023,11,0,0
CHE.1.9.5_1,2023,11,0,0
CHE.1.9.6_1,2023,11,0,0
CHE.1.9.7_1,2023,11,0,0
CHE.1.9.8_1,2023,11,0,0
CHE.1.9.9_1,2023,11,0,0
CHE.10.1.1_1,2023,11,0,0
CHE.10.1.10_1,2023,11,0,0
CHE.10.1.11_1,2023,11,0,0
CHE.10.1.12_1,2023,11,0,0
CHE.10.1.13_1,2023,11,0,0
CHE.10.1.14_1,2023,11,0,0
CHE.10.1.15_1,2023,11,0,0
CHE.10.1.16_1,2023,11,0,0
CHE.10.1.17_1,2023,11,0,0
CHE.10.1.18_1,2023,11,0,0
CHE.10.1.19_1,2023,11,0,0
CHE.10.1.2_1,2023,11,0,0
CHE.10.1.20_1,2023,11,0,0
CHE.10.1.21_1,2023,11,0,0
CHE.10.1.22_1,2023,11,0,0
CHE.10.1.23_1,2023,11,0,0
CHE.10.1.3_1,2023,11,0,0
CHE.10.1.4_1,2023,11,0,0
CHE.10.1.5_1,2023,11,0,0
CHE.10.1.6_1,2023,11,0,0
CHE.10.1.7_1,2023,11,0,0
CHE.10.1.8_1,2023,11,0,0
CHE.10.1.9_1,2023,11,0,0
CHE.10.10.1_1,2023,11,0,0
CHE.10.10.10_1,2023,11,0,0
CHE.10.10.11_1,2023,11,0,0
CHE.10.10.12_1,2023,11,0,0
CHE.10.10.13_1,2023,11,0,0
CHE.10.10.14_1,2023,11,0,0
CHE.10.10.15_1,2023,11,0,0
CHE.10.10.16_1,2023,11,0,0
CHE.10.10.2_1,2023,11,0,0
CHE.10.10.3_1,2023,11,0,0
CHE.10.10.4_1,2023,11,0,0
CHE.10.10.5_1,2023,11,0,0
CHE.10.10.6_1,2023,11,0,0
CHE.10.10.7_1,2023,11,0,0
CHE.10.10.8_1,2023,11,0,0
CHE.10.10.9_1,2023,11,0,0
CHE.10.11.1_1,2023,11,0,0
CHE.10.11.10_1,2023,11,0,0
CHE.10.11.11_1,2023,11,0,0
CHE.10.11.12_1,2023,11,0,0
CHE.10.11.13_1,2023,11,0,0
CHE.10.11.14_1,2023,11,0,0
CHE.10.11.15_1,2023,11,0,0
CHE.10.11.16_1,2023,11,0,0
CHE.10.11.17_1,2023,11,0,0
CHE.10.11.18_1,2023,11,0,0
CHE.10.11.19_1,2023,11,0,0
CHE.10.11.2_1,2023,11,0,0
CHE.10.11.20_1,2023,11,0,0
CHE.10.11.21_1,2023,11,0,0
CHE.10.11.22_1,2023,11,0,0
CHE.10.11.23_1,2023,11,0,0
CHE.10.11.24_1,2023,11,0,0
CHE.10.11.25_1,2023,11,0,0
CHE.10.11.26_1,2023,11,0,0
CHE.10.11.27_1,2023,11,0,0
CHE.10.11.28_1,2023,11,0,0
CHE.10.11.29_1,2023,11,0,0
CHE.10.11.3_1,2023,11,0,0
CHE.10.11.30_1,2023,11,0,0
CHE.10.11.31_1,2023,11,0,0
CHE.10.11.32_1,2023,11,0,0
CHE.10.11.33_1,2023,11,0,0
CHE.10.11.34_1,2023,11,0,0
CHE.10.11.35_1,2023,11,0,0
CHE.10.11.36_1,2023,11,0,0
CHE.10.11.37_1,2023,11,0,0
CHE.10.11.38_1,2023,11,0,0
CHE.10.11.39_1,2023,11,0,0
CHE.10.11.4_1,2023,11,0,0
CHE.10.11.40_1,2023,11,0,0
CHE.10.11.41_1,2023,11,0,0
CHE.10.11.42_1,2023,11,0,0
CHE.10.11.43_1,2023,11,0,0
CHE.10.11.5_1,2023,11,0,0
CHE.10.11.6_1,2023,11,0,0
CHE.10.11.7_1,2023,11,0,0
CHE.10.11.8_1,2023,11,0,0
CHE.10.11.9_1,2023,11,0,0
CHE.10.2.1_1,2023,11,0,0
CHE.10.2.2_1,2023,11,0,0
CHE.10.3.1_1,2023,11,0,0
CHE.10.3.10_1,2023,11,0,0
CHE.10.3.11_1,2023,11,0,0
CHE.10.3.12_1,2023,11,0,0
CHE.10.3.13_1,2023,11,0,0
CHE.10.3.14_1,2023,11,0,0
CHE.10.3.15_1,2023,11,0,0
CHE.10.3.16_1,2023,11,0,0
CHE.10.3.17_1,2023,11,0,0
CHE.10.3.18_1,2023,11,0,0
CHE.10.3.19_1,2023,11,0,0
CHE.10.3.2_1,2023,11,0,0
CHE.10.3.20_1,2023,11,0,0
CHE.10.3.21_1,2023,11,0,0
CHE.10.3.22_1,2023,11,0,0
CHE.10.3.23_1,2023,11,0,0
CHE.10.3.24_1,2023,11,0,0
CHE.10.3.25_1,2023,11,0,0
CHE.10.3.26_1,2023,11,0,0
CHE.10.3.27_1,2023,11,0,0
CHE.10.3.28_1,2023,11,0,0
CHE.10.3.29_1,2023,11,0,0
CHE.10.3.3_1,2023,11,0,0
CHE.10.3.30_1,2023,11,0,0
CHE.10.3.31_1,2023,11,0,0
CHE.10.3.32_1,2023,11,0,0
CHE.10.3.33_1,2023,11,0,0
CHE.10.3.34_1,2023,11,0,0
CHE.10.3.35_1,2023,11,0,0
CHE.10.3.36_1,2023,11,0,0
CHE.10.3.37_1,2023,11,0,0
CHE.10.3.4_1,2023,11,0,0
CHE.10.3.5_1,2023,11,0,0
CHE.10.3.6_1,2023,11,0,0
CHE.10.3.7_1,2023,11,0,0
CHE.10.3.8_1,2023,11,0,0
CHE.10.3.9_1,2023,11,0,0
CHE.10.4.1_1,2023,11,0,0
CHE.10.4.2_1,2023,11,0,0
CHE.10.4.3_1,2023,11,0,0
CHE.10.4.4_1,2023,11,0,0
CHE.10.4.5_1,2023,11,0,0
CHE.10.4.6_1,2023,11,0,0
CHE.10.4.7_1,2023,11,0,0
CHE.10.5.1_1,2023,11,0,0
CHE.10.5.10_1,2023,11,0,0
CHE.10.5.11_1,2023,11,0,0
CHE.10.5.12_1,2023,11,0,0
CHE.10.5.13_1,2023,11,0,0
CHE.10.5.14_1,2023,11,0,0
CHE.10.5.15_1,2023,11,0,0
CHE.10.5.16_1,2023,11,0,0
CHE.10.5.17_1,2023,11,0,0
CHE.10.5.18_1,2023,11,0,0
CHE.10.5.2_1,2023,11,0,0
CHE.10.5.3_1,2023,11,0,0
CHE.10.5.4_1,2023,11,0,0
CHE.10.5.5_1,2023,11,0,0
CHE.10.5.6_1,2023,11,0,0
CHE.10.5.7_1,2023,11,0,0
CHE.10.5.8_1,2023,11,0,0
CHE.10.5.9_1,2023,11,0,0
CHE.10.6.1_1,2023,11,0,0
CHE.10.6.10_1,2023,11,0,0
CHE.10.6.11_1,2023,11,0,0
CHE.10.6.2_1,2023,11,0,0
CHE.10.6.3_1,2023,11,0,0
CHE.10.6.4_1,2023,11,0,0
CHE.10.6.5_1,2023,11,0,0
CHE.10.6.6_1,2023,11,0,0
CHE.10.6.7_1,2023,11,0,0
CHE.10.6.8_1,2023,11,0,0
CHE.10.6.9_1,2023,11,0,0
CHE.10.7.1_1,2023,11,0,0
CHE.10.7.10_1,2023,11,0,0
CHE.10.7.11_1,2023,11,0,0
CHE.10.7.12_1,2023,11,0,0
CHE.10.7.13_1,2023,11,0,0
CHE.10.7.14_1,2023,11,0,0
CHE.10.7.15_1,2023,11,0,0
CHE.10.7.16_1,2023,11,0,0
CHE.10.7.2_1,2023,11,0,0
CHE.10.7.3_1,2023,11,0,0
CHE.10.7.4_1,2023,11,0,0
CHE.10.7.5_1,2023,11,0,0
CHE.10.7.6_1,2023,11,0,0
CHE.10.7.7_1,2023,11,0,0
CHE.10.7.8_1,2023,11,0,0
CHE.10.7.9_1,2023,11,0,0
CHE.10.8.1_1,2023,11,0,0
CHE.10.8.10_1,2023,11,0,0
CHE.10.8.11_1,2023,11,0,0
CHE.10.8.12_1,2023,11,0,0
CHE.10.8.13_1,2023,11,0,0
CHE.10.8.14_1,2023,11,0,0
CHE.10.8.15_1,2023,11,0,0
CHE.10.8.16_1,2023,11,0,0
CHE.10.8.17_1,2023,11,0,0
CHE.10.8.2_1,2023,11,0,0
CHE.10.8.3_1,2023,11,0,0
CHE.10.8.4_1,2023,11,0,0
CHE.10.8.5_1,2023,11,0,0
CHE.10.8.6_1,2023,11,0,0
CHE.10.8.7_1,2023,11,0,0
CHE.10.8.8_1,2023,11,0,0
CHE.10.8.9_1,2023,11,0,0
CHE.10.9.1_1,2023,11,0,0
CHE.10.9.10_1,2023,11,0,0
CHE.10.9.11_1,2023,11,0,0
CHE.10.9.12_1,2023,11,0,0
CHE.10.9.13_1,2023,11,0,0
CHE.10.9.14_1,2023,11,0,0
CHE.10.9.15_1,2023,11,0,0
CHE.10.9.2_1,2023,11,0,0
CHE.10.9.3_1,2023,11,0,0
CHE.10.9.4_1,2023,11,0,0
CHE.10.9.5_1,2023,11,0,0
CHE.10.9.6_1,2023,11,0,0
CHE.10.9.7_1,2023,11,0,0
CHE.10.9.8_1,2023,11,0,0
CHE.10.9.9_1,2023,11,0,0
CHE.11.1.1_1,2023,11,0,0
CHE.11.1.10_1,2023,11,0,0
CHE.11.1.11_1,2023,11,0,0
CHE.11.1.12_1,2023,11,0,0
CHE.11.1.13_1,2023,11,0,0
CHE.11.1.14_1,2023,11,0,0
CHE.11.1.15_1,2023,11,0,0
CHE.11.1.16_1,2023,11,0,0
CHE.11.1.17_1,2023,11,0,0
CHE.11.1.18_1,2023,11,0,0
CHE.11.1.19_1,2023,11,0,0
CHE.11.1.2_1,2023,11,0,0
CHE.11.1.20_1,2023,11,0,0
CHE.11.1.21_1,2023,11,0,0
CHE.11.1.22_1,2023,11,0,0
CHE.11.1.23_1,2023,11,0,0
CHE.11.1.24_1,2023,11,0,0
CHE.11.1.25_1,2023,11,0,0
CHE.11.1.26_1,2023,11,0,0
CHE.11.1.27_1,2023,11,0,0
CHE.11.1.3_1,2023,11,0,0
CHE.11.1.4_1,2023,11,0,0
CHE.11.1.5_1,2023,11,0,0
CHE.11.1.6_1,2023,11,0,0
CHE.11.1.7_1,2023,11,0,0
CHE.11.1.8_1,2023,11,0,0
CHE.11.1.9_1,2023,11,0,0
CHE.11.2.1_1,2023,11,0,0
CHE.11.2.10_1,2023,11,0,0
CHE.11.2.11_1,2023,11,0,0
CHE.11.2.12_1,2023,11,0,0
CHE.11.2.13_1,2023,11,0,0
CHE.11.2.14_1,2023,11,0,0
CHE.11.2.15_1,2023,11,0,0
CHE.11.2.16_1,2023,11,0,0
CHE.11.2.17_1,2023,11,0,0
CHE.11.2.18_1,2023,11,0,0
CHE.11.2.19_1,2023,11,0,0
CHE.11.2.2_1,2023,11,0,0
CHE.11.2.3_1,2023,11,0,0
CHE.11.2.4_1,2023,11,0,0
CHE.11.2.5_1,2023,11,0,0
CHE.11.2.6_1,2023,11,0,0
CHE.11.2.7_1,2023,11,0,0
CHE.11.2.8_1,2023,11,0,0
CHE.11.2.9_1,2023,11,0,0
CHE.11.3.1_1,2023,11,0,0
CHE.11.3.10_1,2023,11,0,0
CHE.11.3.11_1,2023,11,0,0
CHE.11.3.12_1,2023,11,0,0
CHE.11.3.13_1,2023,11,0,0
CHE.11.3.14_1,2023,11,0,0
CHE.11.3.15_1,2023,11,0,0
CHE.11.3.16_1,2023,11,0,0
CHE.11.3.17_1,2023,11,0,0
CHE.11.3.18_1,2023,11,0,0
CHE.11.3.19_1,2023,11,0,0
CHE.11.3.2_1,2023,11,0,0
CHE.11.3.20_1,2023,11,0,0
CHE.11.3.21_1,2023,11,0,0
CHE.11.3.22_1,2023,11,0,0
CHE.11.3.23_1,2023,11,0,0
CHE.11.3.24_1,2023,11,0,0
CHE.11.3.25_1,2023,11,0,0
CHE.11.3.26_1,2023,11,0,0
CHE.11.3.27_1,2023,11,0,0
CHE.11.3.28_1,2023,11,0,0
CHE.11.3.29_1,2023,11,0,0
CHE.11.3.3_1,2023,11,0,0
CHE.11.3.30_1,2023,11,0,0
CHE.11.3.31_1,2023,11,0,0
CHE.11.3.32_1,2023,11,0,0
CHE.11.3.33_1,2023,11,0,0
CHE.11.3.34_1,2023,11,0,0
CHE.11.3.35_1,2023,11,0,0
CHE.11.3.36_1,2023,11,0,0
CHE.11.3.4_1,2023,11,0,0
CHE.11.3.5_1,2023,11,0,0
CHE.11.3.6_1,2023,11,0,0
CHE.11.3.7_1,2023,11,0,0
CHE.11.3.8_1,2023,11,0,0
CHE.11.3.9_1,2023,11,0,0
CHE.12.1.1_1,2023,11,0,0
CHE.12.1.2_1,2023,11,0,0
CHE.12.1.3_1,2023,11,0,0
CHE.12.1.4_1,2023,11,0,0
CHE.12.1.5_1,2023,11,0,0
CHE.12.1.6_1,2023,11,0,0
CHE.12.1.7_1,2023,11,0,0
CHE.12.1.8_1,2023,11,0,0
CHE.12.1.9_1,2023,11,0,0
CHE.12.2.1_1,2023,11,0,0
CHE.12.2.10_1,2023,11,0,0
CHE.12.2.11_1,2023,11,0,0
CHE.12.2.12_1,2023,11,0,0
CHE.12.2.13_1,2023,11,0,0
CHE.12.2.14_1,2023,11,0,0
CHE.12.2.15_1,2023,11,0,0
CHE.12.2.16_1,2023,11,0,0
CHE.12.2.17_1,2023,11,0,0
CHE.12.2.18_1,2023,11,0,0
CHE.12.2.19_1,2023,11,0,0
CHE.12.2.2_1,2023,11,0,0
CHE.12.2.20_1,2023,11,0,0
CHE.12.2.21_1,2023,11,0,0
CHE.12.2.3_1,2023,11,0,0
CHE.12.2.4_1,2023,11,0,0
CHE.12.2.5_1,2023,11,0,0
CHE.12.2.6_1,2023,11,0,0
CHE.12.2.7_1,2023,11,0,0
CHE.12.2.8_1,2023,11,0,0
CHE.12.2.9_1,2023,11,0,0
CHE.12.3.1_1,2023,11,0,0
CHE.12.3.10_1,2023,11,0,0
CHE.12.3.11_1,2023,11,0,0
CHE.12.3.12_1,2023,11,0,0
CHE.12.3.13_1,2023,11,0,0
CHE.12.3.14_1,2023,11,0,0
CHE.12.3.15_1,2023,11,0,0
CHE.12.3.16_1,2023,11,0,0
CHE.12.3.17_1,2023,11,0,0
CHE.12.3.18_1,2023,11,0,0
CHE.12.3.19_1,2023,11,0,0
CHE.12.3.2_1,2023,11,0,0
CHE.12.3.20_1,2023,11,0,0
CHE.12.3.21_1,2023,11,0,0
CHE.12.3.22_1,2023,11,0,0
CHE.12.3.3_1,2023,11,0,0
CHE.12.3.4_1,2023,11,0,0
CHE.12.3.5_1,2023,11,0,0
CHE.12.3.6_1,2023,11,0,0
CHE.12.3.7_1,2023,11,0,0
CHE.12.3.8_1,2023,11,0,0
CHE.12.3.9_1,2023,11,0,0
CHE.12.4.1_1,2023,11,0,0
CHE.12.4.10_1,2023,11,0,0
CHE.12.4.11_1,2023,11,0,0
CHE.12.4.12_1,2023,11,0,0
CHE.12.4.13_1,2023,11,0,0
CHE.12.4.14_1,2023,11,0,0
CHE.12.4.15_1,2023,11,0,0
CHE.12.4.16_1,2023,11,0,0
CHE.12.4.17_1,2023,11,0,0
CHE.12.4.18_1,2023,11,0,0
CHE.12.4.19_1,2023,11,0,0
CHE.12.4.2_1,2023,11,0,0
CHE.12.4.20_1,2023,11,0,0
CHE.12.4.21_1,2023,11,0,0
CHE.12.4.22_1,2023,11,0,0
CHE.12.4.23_1,2023,11,0,0
CHE.12.4.3_1,2023,11,0,0
CHE.12.4.4_1,2023,11,0,0
CHE.12.4.5_1,2023,11,0,0
CHE.12.4.6_1,2023,11,0,0
CHE.12.4.7_1,2023,11,0,0
CHE.12.4.8_1,2023,11,0,0
CHE.12.4.9_1,2023,11,0,0
CHE.12.5.1_1,2023,11,0,0
CHE.12.5.10_1,2023,11,0,0
CHE.12.5.11_1,2023,11,0,0
CHE.12.5.12_1,2023,11,0,0
CHE.12.5.13_1,2023,11,0,0
CHE.12.5.14_1,2023,11,0,0
CHE.12.5.15_1,2023,11,0,0
CHE.12.5.16_1,2023,11,0,0
CHE.12.5.17_1,2023,11,0,0
CHE.12.5.18_1,2023,11,0,0
CHE.12.5.19_1,2023,11,0,0
CHE.12.5.2_1,2023,11,0,0
CHE.12.5.20_1,2023,11,0,0
CHE.12.5.21_1,2023,11,0,0
CHE.12.5.22_1,2023,11,0,0
CHE.12.5.23_1,2023,11,0,0
CHE.12.5.24_1,2023,11,0,0
CHE.12.5.3_1,2023,11,0,0
CHE.12.5.4_1,2023,11,0,0
CHE.12.5.5_1,2023,11,0,0
CHE.12.5.6_1,2023,11,0,0
CHE.12.5.7_1,2023,11,0,0
CHE.12.5.8_1,2023,11,0,0
CHE.12.5.9_1,2023,11,0,0
CHE.13.1.1_1,2023,11,0,0
CHE.13.1.10_1,2023,11,0,0
CHE.13.1.11_1,2023,11,0,0
CHE.13.1.12_1,2023,11,0,0
CHE.13.1.13_1,2023,11,0,0
CHE.13.1.14_1,2023,11,0,0
CHE.13.1.15_1,2023,11,0,0
CHE.13.1.16_1,2023,11,0,0
CHE.13.1.2_1,2023,11,0,0
CHE.13.1.3_1,2023,11,0,0
CHE.13.1.4_1,2023,11,0,0
CHE.13.1.5_1,2023,11,0,0
CHE.13.1.6_1,2023,11,0,0
CHE.13.1.7_1,2023,11,0,0
CHE.13.1.8_1,2023,11,0,0
CHE.13.1.9_1,2023,11,0,0
CHE.13.2.1_1,2023,11,0,0
CHE.13.2.2_1,2023,11,0,0
CHE.13.2.3_1,2023,11,0,0
CHE.13.3.1_1,2023,11,0,0
CHE.13.3.2_1,2023,11,0,0
CHE.13.3.3_1,2023,11,0,0
CHE.13.3.4_1,2023,11,0,0
CHE.13.3.5_1,2023,11,0,0
CHE.13.3.6_1,2023,11,0,0
CHE.13.3.7_1,2023,11,0,0
CHE.13.4.1_1,2023,11,0,0
CHE.13.4.10_1,2023,11,0,0
CHE.13.4.11_1,2023,11,0,0
CHE.13.4.2_1,2023,11,0,0
CHE.13.4.3_1,2023,11,0,0
CHE.13.4.4_1,2023,11,0,0
CHE.13.4.5_1,2023,11,0,0
CHE.13.4.6_1,2023,11,0,0
CHE.13.4.7_1,2023,11,0,0
CHE.13.4.8_1,2023,11,0,0
CHE.13.4.9_1,2023,11,0,0
CHE.13.5.1_1,2023,11,0,0
CHE.13.5.10_1,2023,11,0,0
CHE.13.5.11_1,2023,11,0,0
CHE.13.5.12_1,2023,11,0,0
CHE.13.5.13_1,2023,11,0,0
CHE.13.5.14_1,2023,11,0,0
CHE.13.5.15_1,2023,11,0,0
CHE.13.5.16_1,2023,11,0,0
CHE.13.5.17_1,2023,11,0,0
CHE.13.5.2_1,2023,11,0,0
CHE.13.5.3_1,2023,11,0,0
CHE.13.5.4_1,2023,11,0,0
CHE.13.5.5_1,2023,11,0,0
CHE.13.5.6_1,2023,11,0,0
CHE.13.5.7_1,2023,11,0,0
CHE.13.5.8_1,2023,11,0,0
CHE.13.5.9_1,2023,11,0,0
CHE.13.6.1_1,2023,11,0,0
CHE.13.6.10_1,2023,11,0,0
CHE.13.6.11_1,2023,11,0,0
CHE.13.6.2_1,2023,11,0,0
CHE.13.6.3_1,2023,11,0,0
CHE.13.6.4_1,2023,11,0,0
CHE.13.6.5_1,2023,11,0,0
CHE.13.6.6_1,2023,11,0,0
CHE.13.6.7_1,2023,11,0,0
CHE.13.6.8_1,2023,11,0,0
CHE.13.6.9_1,2023,11,0,0
CHE.14.1.1_1,2023,11,0,0
CHE.14.1.10_1,2023,11,0,0
CHE.14.1.11_1,2023,11,0,0
CHE.14.1.12_1,2023,11,0,0
CHE.14.1.2_1,2023,11,0,0
CHE.14.1.3_1,2023,11,0,0
CHE.14.1.4_1,2023,11,0,0
CHE.14.1.5_1,2023,11,0,0
CHE.14.1.6_1,2023,11,0,0
CHE.14.1.7_1,2023,11,0,0
CHE.14.1.8_1,2023,11,0,0
CHE.14.1.9_1,2023,11,0,0
CHE.15.1.1_1,2023,11,0,0
CHE.15.1.2_1,2023,11,0,0
CHE.15.1.3_1,2023,11,0,0
CHE.15.1.4_1,2023,11,0,0
CHE.15.1.5_1,2023,11,0,0
CHE.15.1.6_1,2023,11,0,0
CHE.15.1.7_1,2023,11,0,0
CHE.16.1.1_1,2023,11,0,0
CHE.16.1.10_1,2023,11,0,0
CHE.16.1.11_1,2023,11,0,0
CHE.16.1.12_1,2023,11,0,0
CHE.16.1.13_1,2023,11,0,0
CHE.16.1.2_1,2023,11,0,0
CHE.16.1.3_1,2023,11,0,0
CHE.16.1.4_1,2023,11,0,0
CHE.16.1.5_1,2023,11,0,0
CHE.16.1.6_1,2023,11,0,0
CHE.16.1.7_1,2023,11,0,0
CHE.16.1.8_1,2023,11,0,0
CHE.16.1.9_1,2023,11,0,0
CHE.16.2.1_1,2023,11,0,0
CHE.16.2.2_1,2023,11,0,0
CHE.16.2.3_1,2023,11,0,0
CHE.16.2.4_1,2023,11,0,0
CHE.16.2.5_1,2023,11,0,0
CHE.16.2.6_1,2023,11,0,0
CHE.16.2.7_1,2023,11,0,0
CHE.16.2.8_1,2023,11,0,0
CHE.16.2.9_1,2023,11,0,0
CHE.16.3.1_1,2023,11,0,0
CHE.16.3.2_1,2023,11,0,0
CHE.16.3.3_1,2023,11,0,0
CHE.16.3.4_1,2023,11,0,0
CHE.16.3.5_1,2023,11,0,0
CHE.16.3.6_1,2023,11,0,0
CHE.16.3.7_1,2023,11,0,0
CHE.16.3.8_1,2023,11,0,0
CHE.16.3.9_1,2023,11,0,0
CHE.16.4.1_1,2023,11,0,0
CHE.16.4.2_1,2023,11,0,0
CHE.16.4.3_1,2023,11,0,0
CHE.16.4.4_1,2023,11,0,0
CHE.16.4.5_1,2023,11,0,0
CHE.16.4.6_1,2023,11,0,0
CHE.16.4.7_1,2023,11,0,0
CHE.16.4.8_1,2023,11,0,0
CHE.16.4.9_1,2023,11,0,0
CHE.16.5.1_1,2023,11,0,0
CHE.16.5.10_1,2023,11,0,0
CHE.16.5.11_1,2023,11,0,0
CHE.16.5.12_1,2023,11,0,0
CHE.16.5.13_1,2023,11,0,0
CHE.16.5.14_1,2023,11,0,0
CHE.16.5.15_1,2023,11,0,0
CHE.16.5.16_1,2023,11,0,0
CHE.16.5.2_1,2023,11,0,0
CHE.16.5.3_1,2023,11,0,0
CHE.16.5.4_1,2023,11,0,0
CHE.16.5.5_1,2023,11,0,0
CHE.16.5.6_1,2023,11,0,0
CHE.16.5.7_1,2023,11,0,0
CHE.16.5.8_1,2023,11,0,0
CHE.16.5.9_1,2023,11,0,0
CHE.16.6.1_1,2023,11,0,0
CHE.16.6.10_1,2023,11,0,0
CHE.16.6.11_1,2023,11,0,0
CHE.16.6.12_1,2023,11,0,0
CHE.16.6.13_1,2023,11,0,0
CHE.16.6.14_1,2023,11,0,0
CHE.16.6.15_1,2023,11,0,0
CHE.16.6.16_1,2023,11,0,0
CHE.16.6.17_1,2023,11,0,0
CHE.16.6.18_1,2023,11,0,0
CHE.16.6.2_1,2023,11,0,0
CHE.16.6.3_1,2023,11,0,0
CHE.16.6.4_1,2023,11,0,0
CHE.16.6.5_1,2023,11,0,0
CHE.16.6.6_1,2023,11,0,0
CHE.16.6.7_1,2023,11,0,0
CHE.16.6.8_1,2023,11,0,0
CHE.16.6.9_1,2023,11,0,0
CHE.16.7.1_1,2023,11,0,0
CHE.16.7.2_1,2023,11,0,0
CHE.16.7.3_1,2023,11,0,0
CHE.16.7.4_1,2023,11,0,0
CHE.16.7.5_1,2023,11,0,0
CHE.16.7.6_1,2023,11,0,0
CHE.16.8.1_1,2023,11,0,0
CHE.16.8.10_1,2023,11,0,0
CHE.16.8.11_1,2023,11,0,0
CHE.16.8.2_1,2023,11,0,0
CHE.16.8.3_1,2023,11,0,0
CHE.16.8.4_1,2023,11,0,0
CHE.16.8.5_1,2023,11,0,0
CHE.16.8.6_1,2023,11,0,0
CHE.16.8.7_1,2023,11,0,0
CHE.16.8.8_1,2023,11,0,0
CHE.16.8.9_1,2023,11,0,0
CHE.17.1.1_1,2023,11,0,0
CHE.17.1.2_1,2023,11,0,0
CHE.17.1.3_1,2023,11,0,0
CHE.17.1.4_1,2023,11,0,0
CHE.17.1.5_1,2023,11,0,0
CHE.17.2.1_1,2023,11,0,0
CHE.17.2.2_1,2023,11,0,0
CHE.17.2.3_1,2023,11,0,0
CHE.17.2.4_1,2023,11,0,0
CHE.17.2.5_1,2023,11,0,0
CHE.17.2.6_1,2023,11,0,0
CHE.17.2.7_1,2023,11,0,0
CHE.17.2.8_1,2023,11,0,0
CHE.17.2.9_1,2023,11,0,0
CHE.17.3.1_1,2023,11,0,0
CHE.17.3.2_1,2023,11,0,0
CHE.17.3.3_1,2023,11,0,0
CHE.17.3.4_1,2023,11,0,0
CHE.17.3.5_1,2023,11,0,0
CHE.17.3.6_1,2023,11,0,0
CHE.17.4.1_1,2023,11,0,0
CHE.17.4.2_1,2023,11,0,0
CHE.17.4.3_1,2023,11,0,0
CHE.17.5.1_1,2023,11,0,0
CHE.17.5.2_1,2023,11,0,0
CHE.17.5.3_1,2023,11,0,0
CHE.17.5.4_1,2023,11,0,0
CHE.17.6.1_1,2023,11,0,0
CHE.17.6.2_1,2023,11,0,0
CHE.17.6.3_1,2023,11,0,0
CHE.17.6.4_1,2023,11,0,0
CHE.18.1.1_1,2023,11,0,0
CHE.18.2.1_1,2023,11,0,0
CHE.18.3.1_1,2023,11,0,0
CHE.18.3.2_1,2023,11,0,0
CHE.18.3.3_1,2023,11,0,0
CHE.18.3.4_1,2023,11,0,0
CHE.18.4.1_1,2023,11,0,0
CHE.18.4.2_1,2023,11,0,0
CHE.18.5.1_1,2023,11,0,0
CHE.18.5.10_1,2023,11,0,0
CHE.18.5.2_1,2023,11,0,0
CHE.18.5.3_1,2023,11,0,0
CHE.18.5.4_1,2023,11,0,0
CHE.18.5.5_1,2023,11,0,0
CHE.18.5.6_1,2023,11,0,0
CHE.18.5.7_1,2023,11,0,0
CHE.18.5.8_1,2023,11,0,0
CHE.18.5.9_1,2023,11,0,0
CHE.18.6.1_1,2023,11,0,0
CHE.18.6.10_1,2023,11,0,0
CHE.18.6.11_1,2023,11,0,0
CHE.18.6.12_1,2023,11,0,0
CHE.18.6.13_1,2023,11,0,0
CHE.18.6.14_1,2023,11,0,0
CHE.18.6.15_1,2023,11,0,0
CHE.18.6.16_1,2023,11,0,0
CHE.18.6.17_1,2023,11,0,0
CHE.18.6.2_1,2023,11,0,0
CHE.18.6.3_1,2023,11,0,0
CHE.18.6.4_1,2023,11,0,0
CHE.18.6.5_1,2023,11,0,0
CHE.18.6.6_1,2023,11,0,0
CHE.18.6.7_1,2023,11,0,0
CHE.18.6.8_1,2023,11,0,0
CHE.18.6.9_1,2023,11,0,0
CHE.19.1.1_1,2023,11,0,0
CHE.19.1.10_1,2023,11,0,0
CHE.19.1.11_1,2023,11,0,0
CHE.19.1.12_1,2023,11,0,0
CHE.19.1.13_1,2023,11,0,0
CHE.19.1.14_1,2023,11,0,0
CHE.19.1.15_1,2023,11,0,0
CHE.19.1.16_1,2023,11,0,0
CHE.19.1.17_1,2023,11,0,0
CHE.19.1.18_1,2023,11,0,0
CHE.19.1.19_1,2023,11,0,0
CHE.19.1.2_1,2023,11,0,0
CHE.19.1.20_1,2023,11,0,0
CHE.19.1.21_1,2023,11,0,0
CHE.19.1.3_1,2023,11,0,0
CHE.19.1.4_1,2023,11,0,0
CHE.19.1.5_1,2023,11,0,0
CHE.19.1.6_1,2023,11,0,0
CHE.19.1.7_1,2023,11,0,0
CHE.19.1.8_1,2023,11,0,0
CHE.19.1.9_1,2023,11,0,0
CHE.19.10.1_1,2023,11,0,0
CHE.19.10.10_1,2023,11,0,0
CHE.19.10.11_1,2023,11,0,0
CHE.19.10.12_1,2023,11,0,0
CHE.19.10.13_1,2023,11,0,0
CHE.19.10.14_1,2023,11,0,0
CHE.19.10.15_1,2023,11,0,0
CHE.19.10.16_1,2023,11,0,0
CHE.19.10.17_1,2023,11,0,0
CHE.19.10.18_1,2023,11,0,0
CHE.19.10.19_1,2023,11,0,0
CHE.19.10.2_1,2023,11,0,0
CHE.19.10.20_1,2023,11,0,0
CHE.19.10.21_1,2023,11,0,0
CHE.19.10.3_1,2023,11,0,0
CHE.19.10.4_1,2023,11,0,0
CHE.19.10.5_1,2023,11,0,0
CHE.19.10.6_1,2023,11,0,0
CHE.19.10.7_1,2023,11,0,0
CHE.19.10.8_1,2023,11,0,0
CHE.19.10.9_1,2023,11,0,0
CHE.19.2.1_1,2023,11,0,0
CHE.19.2.10_1,2023,11,0,0
CHE.19.2.2_1,2023,11,0,0
CHE.19.2.3_1,2023,11,0,0
CHE.19.2.4_1,2023,11,0,0
CHE.19.2.5_1,2023,11,0,0
CHE.19.2.6_1,2023,11,0,0
CHE.19.2.7_1,2023,11,0,0
CHE.19.2.8_1,2023,11,0,0
CHE.19.2.9_1,2023,11,0,0
CHE.19.3.1_1,2023,11,0,0
CHE.19.3.2_1,2023,11,0,0
CHE.19.3.3_1,2023,11,0,0
CHE.19.3.4_1,2023,11,0,0
CHE.19.3.5_1,2023,11,0,0
CHE.19.3.6_1,2023,11,0,0
CHE.19.3.7_1,2023,11,0,0
CHE.19.3.8_1,2023,11,0,0
CHE.19.4.1_1,2023,11,0,0
CHE.19.4.10_1,2023,11,0,0
CHE.19.4.11_1,2023,11,0,0
CHE.19.4.2_1,2023,11,0,0
CHE.19.4.3_1,2023,11,0,0
CHE.19.4.4_1,2023,11,0,0
CHE.19.4.5_1,2023,11,0,0
CHE.19.4.6_1,2023,11,0,0
CHE.19.4.7_1,2023,11,0,0
CHE.19.4.8_1,2023,11,0,0
CHE.19.4.9_1,2023,11,0,0
CHE.19.5.1_1,2023,11,0,0
CHE.19.5.10_1,2023,11,0,0
CHE.19.5.11_1,2023,11,0,0
CHE.19.5.12_1,2023,11,0,0
CHE.19.5.13_1,2023,11,0,0
CHE.19.5.14_1,2023,11,0,0
CHE.19.5.15_1,2023,11,0,0
CHE.19.5.16_1,2023,11,0,0
CHE.19.5.2_1,2023,11,0,0
CHE.19.5.3_1,2023,11,0,0
CHE.19.5.4_1,2023,11,0,0
CHE.19.5.5_1,2023,11,0,0
CHE.19.5.6_1,2023,11,0,0
CHE.19.5.7_1,2023,11,0,0
CHE.19.5.8_1,2023,11,0,0
CHE.19.5.9_1,2023,11,0,0
CHE.19.6.1_1,2023,11,0,0
CHE.19.6.10_1,2023,11,0,0
CHE.19.6.11_1,2023,11,0,0
CHE.19.6.12_1,2023,11,0,0
CHE.19.6.13_1,2023,11,0,0
CHE.19.6.14_1,2023,11,0,0
CHE.19.6.2_1,2023,11,0,0
CHE.19.6.3_1,2023,11,0,0
CHE.19.6.4_1,2023,11,0,0
CHE.19.6.5_1,2023,11,0,0
CHE.19.6.6_1,2023,11,0,0
CHE.19.6.7_1,2023,11,0,0
CHE.19.6.8_1,2023,11,0,0
CHE.19.6.9_1,2023,11,0,0
CHE.19.7.1_1,2023,11,0,0
CHE.19.8.1_1,2023,11,0,0
CHE.19.8.2_1,2023,11,0,0
CHE.19.8.3_1,2023,11,0,0
CHE.19.8.4_1,2023,11,0,0
CHE.19.8.5_1,2023,11,0,0
CHE.19.8.6_1,2023,11,0,0
CHE.19.8.7_1,2023,11,0,0
CHE.19.8.8_1,2023,11,0,0
CHE.19.8.9_1,2023,11,0,0
CHE.19.9.1_1,2023,11,0,0
CHE.19.9.10_1,2023,11,0,0
CHE.19.9.11_1,2023,11,0,0
CHE.19.9.12_1,2023,11,0,0
CHE.19.9.2_1,2023,11,0,0
CHE.19.9.3_1,2023,11,0,0
CHE.19.9.4_1,2023,11,0,0
CHE.19.9.5_1,2023,11,0,0
CHE.19.9.6_1,2023,11,0,0
CHE.19.9.7_1,2023,11,0,0
CHE.19.9.8_1,2023,11,0,0
CHE.19.9.9_1,2023,11,0,0
CHE.2.1.1_1,2023,11,0,0
CHE.2.1.10_1,2023,11,0,0
CHE.2.1.11_1,2023,11,0,0
CHE.2.1.12_1,2023,11,0,0
CHE.2.1.13_1,2023,11,0,0
CHE.2.1.14_1,2023,11,0,0
CHE.2.1.15_1,2023,11,0,0
CHE.2.1.16_1,2023,11,0,0
CHE.2.1.17_1,2023,11,0,0
CHE.2.1.18_1,2023,11,0,0
CHE.2.1.19_1,2023,11,0,0
CHE.2.1.2_1,2023,11,0,0
CHE.2.1.20_1,2023,11,0,0
CHE.2.1.3_1,2023,11,0,0
CHE.2.1.4_1,2023,11,0,0
CHE.2.1.5_1,2023,11,0,0
CHE.2.1.6_1,2023,11,0,0
CHE.2.1.7_1,2023,11,0,0
CHE.2.1.8_1,2023,11,0,0
CHE.2.1.9_1,2023,11,0,0
CHE.20.1.1_1,2023,11,0,0
CHE.20.1.10_1,2023,11,0,0
CHE.20.1.2_1,2023,11,0,0
CHE.20.1.3_1,2023,11,0,0
CHE.20.1.4_1,2023,11,0,0
CHE.20.1.5_1,2023,11,0,0
CHE.20.1.6_1,2023,11,0,0
CHE.20.1.7_1,2023,11,0,0
CHE.20.1.8_1,2023,11,0,0
CHE.20.1.9_1,2023,11,0,0
CHE.20.2.1_1,2023,11,0,0
CHE.20.2.2_1,2023,11,0,0
CHE.20.2.3_1,2023,11,0,0
CHE.20.2.4_1,2023,11,0,0
CHE.20.2.5_1,2023,11,0,0
CHE.20.2.6_1,2023,11,0,0
CHE.20.2.7_1,2023,11,0,0
CHE.20.3.1_1,2023,11,0,0
CHE.20.4.1_1,2023,11,0,0
CHE.20.4.2_1,2023,11,0,0
CHE.20.4.3_1,2023,11,0,0
CHE.20.5.1_1,2023,11,0,0
CHE.20.5.10_1,2023,11,0,0
CHE.20.5.11_1,2023,11,0,0
CHE.20.5.2_1,2023,11,0,0
CHE.20.5.3_1,2023,11,0,0
CHE.20.5.4_1,2023,11,0,0
CHE.20.5.5_1,2023,11,0,0
CHE.20.5.6_1,2023,11,0,0
CHE.20.5.7_1,2023,11,0,0
CHE.20.5.8_1,2023,11,0,0
CHE.20.5.9_1,2023,11,0,0
CHE.20.6.1_1,2023,11,0,0
CHE.20.6.10_1,2023,11,0,0
CHE.20.6.11_1,2023,11,0,0
CHE.20.6.2_1,2023,11,0,0
CHE.20.6.3_1,2023,11,0,0
CHE.20.6.4_1,2023,11,0,0
CHE.20.6.5_1,2023,11,0,0
CHE.20.6.6_1,2023,11,0,0
CHE.20.6.7_1,2023,11,0,0
CHE.20.6.8_1,2023,11,0,0
CHE.20.6.9_1,2023,11,0,0
CHE.20.7.1_1,2023,11,0,0
CHE.20.7.10_1,2023,11,0,0
CHE.20.7.11_1,2023,11,0,0
CHE.20.7.12_1,2023,11,0,0
CHE.20.7.13_1,2023,11,0,0
CHE.20.7.14_1,2023,11,0,0
CHE.20.7.15_1,2023,11,0,0
CHE.20.7.2_1,2023,11,0,0
CHE.20.7.3_1,2023,11,0,0
CHE.20.7.4_1,2023,11,0,0
CHE.20.7.5_1,2023,11,0,0
CHE.20.7.6_1,2023,11,0,0
CHE.20.7.7_1,2023,11,0,0
CHE.20.7.8_1,2023,11,0,0
CHE.20.7.9_1,2023,11,0,0
CHE.20.8.1_1,2023,11,0,0
CHE.20.8.10_1,2023,11,0,0
CHE.20.8.11_1,2023,11,0,0
CHE.20.8.12_1,2023,11,0,0
CHE.20.8.13_1,2023,11,0,0
CHE.20.8.2_1,2023,11,0,0
CHE.20.8.3_1,2023,11,0,0
CHE.20.8.4_1,2023,11,0,0
CHE.20.8.5_1,2023,11,0,0
CHE.20.8.6_1,2023,11,0,0
CHE.20.8.7_1,2023,11,0,0
CHE.20.8.8_1,2023,11,0,0
CHE.20.8.9_1,2023,11,0,0
CHE.20.9.1_1,2023,11,0,0
CHE.20.9.2_1,2023,11,0,0
CHE.20.9.3_1,2023,11,0,0
CHE.20.9.4_1,2023,11,0,0
CHE.20.9.5_1,2023,11,0,0
CHE.20.9.6_1,2023,11,0,0
CHE.20.9.7_1,2023,11,0,0
CHE.20.9.8_1,2023,11,0,0
CHE.21.1.1_1,2023,11,0,0
CHE.21.1.10_1,2023,11,0,0
CHE.21.1.11_1,2023,11,0,0
CHE.21.1.12_1,2023,11,0,0
CHE.21.1.13_1,2023,11,0,0
CHE.21.1.14_1,2023,11,0,0
CHE.21.1.15_1,2023,11,0,0
CHE.21.1.16_1,2023,11,0,0
CHE.21.1.17_1,2023,11,0,0
CHE.21.1.18_1,2023,11,0,0
CHE.21.1.19_1,2023,11,0,0
CHE.21.1.2_1,2023,11,0,0
CHE.21.1.3_1,2023,11,0,0
CHE.21.1.4_1,2023,11,0,0
CHE.21.1.5_1,2023,11,0,0
CHE.21.1.6_1,2023,11,0,0
CHE.21.1.7_1,2023,11,0,0
CHE.21.1.8_1,2023,11,0,0
CHE.21.1.9_1,2023,11,0,0
CHE.21.2.1_1,2023,11,0,0
CHE.21.2.2_1,2023,11,0,0
CHE.21.2.3_1,2023,11,0,0
CHE.21.2.4_1,2023,11,0,0
CHE.21.2.5_1,2023,11,0,0
CHE.21.3.1_1,2023,11,0,0
CHE.21.3.10_1,2023,11,0,0
CHE.21.3.11_1,2023,11,0,0
CHE.21.3.12_1,2023,11,0,0
CHE.21.3.13_1,2023,11,0,0
CHE.21.3.14_1,2023,11,0,0
CHE.21.3.15_1,2023,11,0,0
CHE.21.3.16_1,2023,11,0,0
CHE.21.3.17_1,2023,11,0,0
CHE.21.3.18_1,2023,11,0,0
CHE.21.3.2_1,2023,11,0,0
CHE.21.3.3_1,2023,11,0,0
CHE.21.3.4_1,2023,11,0,0
CHE.21.3.5_1,2023,11,0,0
CHE.21.3.6_1,2023,11,0,0
CHE.21.3.7_1,2023,11,0,0
CHE.21.3.8_1,2023,11,0,0
CHE.21.3.9_1,2023,11,0,0
CHE.21.4.1_1,2023,11,0,0
CHE.21.4.10_1,2023,11,0,0
CHE.21.4.11_1,2023,11,0,0
CHE.21.4.12_1,2023,11,0,0
CHE.21.4.13_1,2023,11,0,0
CHE.21.4.14_1,2023,11,0,0
CHE.21.4.15_1,2023,11,0,0
CHE.21.4.16_1,2023,11,0,0
CHE.21.4.17_1,2023,11,0,0
CHE.21.4.18_1,2023,11,0,0
CHE.21.4.19_1,2023,11,0,0
CHE.21.4.2_1,2023,11,0,0
CHE.21.4.20_1,2023,11,0,0
CHE.21.4.21_1,2023,11,0,0
CHE.21.4.22_1,2023,11,0,0
CHE.21.4.23_1,2023,11,0,0
CHE.21.4.24_1,2023,11,0,0
CHE.21.4.25_1,2023,11,0,0
CHE.21.4.26_1,2023,11,0,0
CHE.21.4.27_1,2023,11,0,0
CHE.21.4.28_1,2023,11,0,0
CHE.21.4.29_1,2023,11,0,0
CHE.21.4.3_1,2023,11,0,0
CHE.21.4.30_1,2023,11,0,0
CHE.21.4.31_1,2023,11,0,0
CHE.21.4.32_1,2023,11,0,0
CHE.21.4.33_1,2023,11,0,0
CHE.21.4.34_1,2023,11,0,0
CHE.21.4.35_1,2023,11,0,0
CHE.21.4.36_1,2023,11,0,0
CHE.21.4.37_1,2023,11,0,0
CHE.21.4.38_1,2023,11,0,0
CHE.21.4.39_1,2023,11,0,0
CHE.21.4.4_1,2023,11,0,0
CHE.21.4.40_1,2023,11,0,0
CHE.21.4.5_1,2023,11,0,0
CHE.21.4.6_1,2023,11,0,0
CHE.21.4.7_1,2023,11,0,0
CHE.21.4.8_1,2023,11,0,0
CHE.21.4.9_1,2023,11,0,0
CHE.21.5.1_1,2023,11,0,0
CHE.21.5.10_1,2023,11,0,0
CHE.21.5.11_1,2023,11,0,0
CHE.21.5.12_1,2023,11,0,0
CHE.21.5.13_1,2023,11,0,0
CHE.21.5.14_1,2023,11,0,0
CHE.21.5.15_1,2023,11,0,0
CHE.21.5.16_1,2023,11,0,0
CHE.21.5.17_1,2023,11,0,0
CHE.21.5.18_1,2023,11,0,0
CHE.21.5.19_1,2023,11,0,0
CHE.21.5.2_1,2023,11,0,0
CHE.21.5.20_1,2023,11,0,0
CHE.21.5.21_1,2023,11,0,0
CHE.21.5.22_1,2023,11,0,0
CHE.21.5.23_1,2023,11,0,0
CHE.21.5.24_1,2023,11,0,0
CHE.21.5.25_1,2023,11,0,0
CHE.21.5.26_1,2023,11,0,0
CHE.21.5.27_1,2023,11,0,0
CHE.21.5.28_1,2023,11,0,0
CHE.21.5.29_1,2023,11,0,0
CHE.21.5.3_1,2023,11,0,0
CHE.21.5.30_1,2023,11,0,0
CHE.21.5.31_1,2023,11,0,0
CHE.21.5.32_1,2023,11,0,0
CHE.21.5.33_1,2023,11,0,0
CHE.21.5.34_1,2023,11,0,0
CHE.21.5.35_1,2023,11,0,0
CHE.21.5.36_1,2023,11,0,0
CHE.21.5.37_1,2023,11,0,0
CHE.21.5.38_1,2023,11,0,0
CHE.21.5.39_1,2023,11,0,0
CHE.21.5.4_1,2023,11,0,0
CHE.21.5.40_1,2023,11,0,0
CHE.21.5.41_1,2023,11,0,0
CHE.21.5.42_1,2023,11,0,0
CHE.21.5.43_1,2023,11,0,0
CHE.21.5.44_1,2023,11,0,0
CHE.21.5.45_1,2023,11,0,0
CHE.21.5.46_1,2023,11,0,0
CHE.21.5.47_1,2023,11,0,0
CHE.21.5.48_1,2023,11,0,0
CHE.21.5.49_1,2023,11,0,0
CHE.21.5.5_1,2023,11,0,0
CHE.21.5.50_1,2023,11,0,0
CHE.21.5.51_1,2023,11,0,0
CHE.21.5.52_1,2023,11,0,0
CHE.21.5.53_1,2023,11,0,0
CHE.21.5.54_1,2023,11,0,0
CHE.21.5.55_1,2023,11,0,0
CHE.21.5.56_1,2023,11,0,0
CHE.21.5.57_1,2023,11,0,0
CHE.21.5.58_1,2023,11,0,0
CHE.21.5.59_1,2023,11,0,0
CHE.21.5.6_1,2023,11,0,0
CHE.21.5.60_1,2023,11,0,0
CHE.21.5.61_1,2023,11,0,0
CHE.21.5.62_1,2023,11,0,0
CHE.21.5.63_1,2023,11,0,0
CHE.21.5.64_1,2023,11,0,0
CHE.21.5.65_1,2023,11,0,0
CHE.21.5.66_1,2023,11,0,0
CHE.21.5.67_1,2023,11,0,0
CHE.21.5.7_1,2023,11,0,0
CHE.21.5.8_1,2023,11,0,0
CHE.21.5.9_1,2023,11,0,0
CHE.21.6.1_1,2023,11,0,0
CHE.21.6.10_1,2023,11,0,0
CHE.21.6.11_1,2023,11,0,0
CHE.21.6.12_1,2023,11,0,0
CHE.21.6.13_1,2023,11,0,0
CHE.21.6.14_1,2023,11,0,0
CHE.21.6.15_1,2023,11,0,0
CHE.21.6.16_1,2023,11,0,0
CHE.21.6.17_1,2023,11,0,0
CHE.21.6.18_1,2023,11,0,0
CHE.21.6.19_1,2023,11,0,0
CHE.21.6.2_1,2023,11,0,0
CHE.21.6.3_1,2023,11,0,0
CHE.21.6.4_1,2023,11,0,0
CHE.21.6.5_1,2023,11,0,0
CHE.21.6.6_1,2023,11,0,0
CHE.21.6.7_1,2023,11,0,0
CHE.21.6.8_1,2023,11,0,0
CHE.21.6.9_1,2023,11,0,0
CHE.21.7.1_1,2023,11,0,0
CHE.21.7.2_1,2023,11,0,0
CHE.21.7.3_1,2023,11,0,0
CHE.21.7.4_1,2023,11,0,0
CHE.21.7.5_1,2023,11,0,0
CHE.21.7.6_1,2023,11,0,0
CHE.21.8.1_1,2023,11,0,0
CHE.21.8.2_1,2023,11,0,0
CHE.21.8.3_1,2023,11,0,0
CHE.21.8.4_1,2023,11,0,0
CHE.21.8.5_1,2023,11,0,0
CHE.21.8.6_1,2023,11,0,0
CHE.21.8.7_1,2023,11,0,0
CHE.21.8.8_1,2023,11,0,0
CHE.22.1.1_1,2023,11,0,0
CHE.22.1.10_1,2023,11,0,0
CHE.22.1.11_1,2023,11,0,0
CHE.22.1.12_1,2023,11,0,0
CHE.22.1.13_1,2023,11,0,0
CHE.22.1.14_1,2023,11,0,0
CHE.22.1.15_1,2023,11,0,0
CHE.22.1.16_1,2023,11,0,0
CHE.22.1.17_1,2023,11,0,0
CHE.22.1.18_1,2023,11,0,0
CHE.22.1.19_1,2023,11,0,0
CHE.22.1.2_1,2023,11,0,0
CHE.22.1.20_1,2023,11,0,0
CHE.22.1.21_1,2023,11,0,0
CHE.22.1.3_1,2023,11,0,0
CHE.22.1.4_1,2023,11,0,0
CHE.22.1.5_1,2023,11,0,0
CHE.22.1.6_1,2023,11,0,0
CHE.22.1.7_1,2023,11,0,0
CHE.22.1.8_1,2023,11,0,0
CHE.22.1.9_1,2023,11,0,0
CHE.23.1.1_1,2023,11,0,0
CHE.23.1.2_1,2023,11,0,0
CHE.23.1.3_1,2023,11,0,0
CHE.23.1.4_1,2023,11,0,0
CHE.23.1.5_1,2023,11,0,0
CHE.23.1.6_1,2023,11,0,0
CHE.23.1.7_1,2023,11,0,0
CHE.23.1.8_1,2023,11,0,0
CHE.23.1.9_1,2023,11,0,0
CHE.23.10.1_1,2023,11,0,0
CHE.23.10.10_1,2023,11,0,0
CHE.23.10.2_1,2023,11,0,0
CHE.23.10.3_1,2023,11,0,0
CHE.23.10.4_1,2023,11,0,0
CHE.23.10.5_1,2023,11,0,0
CHE.23.10.6_1,2023,11,0,0
CHE.23.10.7_1,2023,11,0,0
CHE.23.10.8_1,2023,11,0,0
CHE.23.10.9_1,2023,11,0,0
CHE.23.11.1_1,2023,11,0,0
CHE.23.11.10_1,2023,11,0,0
CHE.23.11.11_1,2023,11,0,0
CHE.23.11.12_1,2023,11,0,0
CHE.23.11.13_1,2023,11,0,0
CHE.23.11.14_1,2023,11,0,0
CHE.23.11.15_1,2023,11,0,0
CHE.23.11.16_1,2023,11,0,0
CHE.23.11.17_1,2023,11,0,0
CHE.23.11.18_1,2023,11,0,0
CHE.23.11.19_1,2023,11,0,0
CHE.23.11.2_1,2023,11,0,0
CHE.23.11.20_1,2023,11,0,0
CHE.23.11.3_1,2023,11,0,0
CHE.23.11.4_1,2023,11,0,0
CHE.23.11.5_1,2023,11,0,0
CHE.23.11.6_1,2023,11,0,0
CHE.23.11.7_1,2023,11,0,0
CHE.23.11.8_1,2023,11,0,0
CHE.23.11.9_1,2023,11,0,0
CHE.23.12.1_1,2023,11,0,0
CHE.23.12.2_1,2023,11,0,0
CHE.23.12.3_1,2023,11,0,0
CHE.23.12.4_1,2023,11,0,0
CHE.23.12.5_1,2023,11,0,0
CHE.23.12.6_1,2023,11,0,0
CHE.23.13.1_1,2023,11,0,0
CHE.23.13.10_1,2023,11,0,0
CHE.23.13.11_1,2023,11,0,0
CHE.23.13.12_1,2023,11,0,0
CHE.23.13.13_1,2023,11,0,0
CHE.23.13.14_1,2023,11,0,0
CHE.23.13.15_1,2023,11,0,0
CHE.23.13.16_1,2023,11,0,0
CHE.23.13.17_1,2023,11,0,0
CHE.23.13.18_1,2023,11,0,0
CHE.23.13.2_1,2023,11,0,0
CHE.23.13.3_1,2023,11,0,0
CHE.23.13.4_1,2023,11,0,0
CHE.23.13.5_1,2023,11,0,0
CHE.23.13.6_1,2023,11,0,0
CHE.23.13.7_1,2023,11,0,0
CHE.23.13.8_1,2023,11,0,0
CHE.23.13.9_1,2023,11,0,0
CHE.23.14.1_1,2023,11,0,0
CHE.23.14.10_1,2023,11,0,0
CHE.23.14.11_1,2023,11,0,0
CHE.23.14.12_1,2023,11,0,0
CHE.23.14.2_1,2023,11,0,0
CHE.23.14.3_1,2023,11,0,0
CHE.23.14.4_1,2023,11,0,0
CHE.23.14.5_1,2023,11,0,0
CHE.23.14.6_1,2023,11,0,0
CHE.23.14.7_1,2023,11,0,0
CHE.23.14.8_1,2023,11,0,0
CHE.23.14.9_1,2023,11,0,0
CHE.23.2.1_1,2023,11,0,0
CHE.23.2.2_1,2023,11,0,0
CHE.23.2.3_1,2023,11,0,0
CHE.23.2.4_1,2023,11,0,0
CHE.23.2.5_1,2023,11,0,0
CHE.23.3.1_1,2023,11,0,0
CHE.23.3.2_1,2023,11,0,0
CHE.23.3.3_1,2023,11,0,0
CHE.23.3.4_1,2023,11,0,0
CHE.23.3.5_1,2023,11,0,0
CHE.23.3.6_1,2023,11,0,0
CHE.23.4.1_1,2023,11,0,0
CHE.23.4.10_1,2023,11,0,0
CHE.23.4.11_1,2023,11,0,0
CHE.23.4.12_1,2023,11,0,0
CHE.23.4.13_1,2023,11,0,0
CHE.23.4.14_1,2023,11,0,0
CHE.23.4.2_1,2023,11,0,0
CHE.23.4.3_1,2023,11,0,0
CHE.23.4.4_1,2023,11,0,0
CHE.23.4.5_1,2023,11,0,0
CHE.23.4.6_1,2023,11,0,0
CHE.23.4.7_1,2023,11,0,0
CHE.23.4.8_1,2023,11,0,0
CHE.23.4.9_1,2023,11,0,0
CHE.23.5.1_1,2023,11,0,0
CHE.23.5.2_1,2023,11,0,0
CHE.23.5.3_1,2023,11,0,0
CHE.23.5.4_1,2023,11,0,0
CHE.23.5.5_1,2023,11,0,0
CHE.23.5.6_1,2023,11,0,0
CHE.23.5.7_1,2023,11,0,0
CHE.23.5.8_1,2023,11,0,0
CHE.23.5.9_1,2023,11,0,0
CHE.23.6.1_1,2023,11,0,0
CHE.23.6.10_1,2023,11,0,0
CHE.23.6.11_1,2023,11,0,0
CHE.23.6.12_1,2023,11,0,0
CHE.23.6.13_1,2023,11,0,0
CHE.23.6.14_1,2023,11,0,0
CHE.23.6.15_1,2023,11,0,0
CHE.23.6.2_1,2023,11,0,0
CHE.23.6.3_1,2023,11,0,0
CHE.23.6.4_1,2023,11,0,0
CHE.23.6.5_1,2023,11,0,0
CHE.23.6.6_1,2023,11,0,0
CHE.23.6.7_1,2023,11,0,0
CHE.23.6.8_1,2023,11,0,0
CHE.23.6.9_1,2023,11,0,0
CHE.23.7.1_1,2023,11,0,0
CHE.23.7.10_1,2023,11,0,0
CHE.23.7.11_1,2023,11,0,0
CHE.23.7.2_1,2023,11,0,0
CHE.23.7.3_1,2023,11,0,0
CHE.23.7.4_1,2023,11,0,0
CHE.23.7.5_1,2023,11,0,0
CHE.23.7.6_1,2023,11,0,0
CHE.23.7.7_1,2023,11,0,0
CHE.23.7.8_1,2023,11,0,0
CHE.23.7.9_1,2023,11,0,0
CHE.23.8.1_1,2023,11,0,0
CHE.23.8.10_1,2023,11,0,0
CHE.23.8.2_1,2023,11,0,0
CHE.23.8.3_1,2023,11,0,0
CHE.23.8.4_1,2023,11,0,0
CHE.23.8.5_1,2023,11,0,0
CHE.23.8.6_1,2023,11,0,0
CHE.23.8.7_1,2023,11,0,0
CHE.23.8.8_1,2023,11,0,0
CHE.23.8.9_1,2023,11,0,0
CHE.23.9.1_1,2023,11,0,0
CHE.23.9.2_1,2023,11,0,0
CHE.23.9.3_1,2023,11,0,0
CHE.23.9.4_1,2023,11,0,0
CHE.23.9.5_1,2023,11,0,0
CHE.23.9.6_1,2023,11,0,0
CHE.23.9.7_1,2023,11,0,0
CHE.23.9.8_1,2023,11,0,0
CHE.24.1.1_1,2023,11,0,0
CHE.24.1.10_1,2023,11,0,0
CHE.24.1.11_1,2023,11,0,0
CHE.24.1.12_1,2023,11,0,0
CHE.24.1.13_1,2023,11,0,0
CHE.24.1.14_1,2023,11,0,0
CHE.24.1.15_1,2023,11,0,0
CHE.24.1.16_1,2023,11,0,0
CHE.24.1.2_1,2023,11,0,0
CHE.24.1.3_1,2023,11,0,0
CHE.24.1.4_1,2023,11,0,0
CHE.24.1.5_1,2023,11,0,0
CHE.24.1.6_1,2023,11,0,0
CHE.24.1.7_1,2023,11,0,0
CHE.24.1.8_1,2023,11,0,0
CHE.24.1.9_1,2023,11,0,0
CHE.24.10.1_1,2023,11,0,0
CHE.24.10.10_1,2023,11,0,0
CHE.24.10.11_1,2023,11,0,0
CHE.24.10.12_1,2023,11,0,0
CHE.24.10.13_1,2023,11,0,0
CHE.24.10.2_1,2023,11,0,0
CHE.24.10.3_1,2023,11,0,0
CHE.24.10.4_1,2023,11,0,0
CHE.24.10.5_1,2023,11,0,0
CHE.24.10.6_1,2023,11,0,0
CHE.24.10.7_1,2023,11,0,0
CHE.24.10.8_1,2023,11,0,0
CHE.24.10.9_1,2023,11,0,0
CHE.24.2.1_1,2023,11,0,0
CHE.24.2.10_1,2023,11,0,0
CHE.24.2.11_1,2023,11,0,0
CHE.24.2.12_1,2023,11,0,0
CHE.24.2.13_1,2023,11,0,0
CHE.24.2.14_1,2023,11,0,0
CHE.24.2.15_1,2023,11,0,0
CHE.24.2.16_1,2023,11,0,0
CHE.24.2.17_1,2023,11,0,0
CHE.24.2.18_1,2023,11,0,0
CHE.24.2.19_1,2023,11,0,0
CHE.24.2.2_1,2023,11,0,0
CHE.24.2.20_1,2023,11,0,0
CHE.24.2.21_1,2023,11,0,0
CHE.24.2.22_1,2023,11,0,0
CHE.24.2.23_1,2023,11,0,0
CHE.24.2.24_1,2023,11,0,0
CHE.24.2.25_1,2023,11,0,0
CHE.24.2.26_1,2023,11,0,0
CHE.24.2.27_1,2023,11,0,0
CHE.24.2.28_1,2023,11,0,0
CHE.24.2.29_1,2023,11,0,0
CHE.24.2.3_1,2023,11,0,0
CHE.24.2.30_1,2023,11,0,0
CHE.24.2.31_1,2023,11,0,0
CHE.24.2.32_1,2023,11,0,0
CHE.24.2.33_1,2023,11,0,0
CHE.24.2.34_1,2023,11,0,0
CHE.24.2.35_1,2023,11,0,0
CHE.24.2.36_1,2023,11,0,0
CHE.24.2.37_1,2023,11,0,0
CHE.24.2.38_1,2023,11,0,0
CHE.24.2.39_1,2023,11,0,0
CHE.24.2.4_1,2023,11,0,0
CHE.24.2.40_1,2023,11,0,0
CHE.24.2.41_1,2023,11,0,0
CHE.24.2.42_1,2023,11,0,0
CHE.24.2.43_1,2023,11,0,0
CHE.24.2.44_1,2023,11,0,0
CHE.24.2.45_1,2023,11,0,0
CHE.24.2.46_1,2023,11,0,0
CHE.24.2.47_1,2023,11,0,0
CHE.24.2.48_1,2023,11,0,0
CHE.24.2.49_1,2023,11,0,0
CHE.24.2.5_1,2023,11,0,0
CHE.24.2.50_1,2023,11,0,0
CHE.24.2.51_1,2023,11,0,0
CHE.24.2.52_1,2023,11,0,0
CHE.24.2.53_1,2023,11,0,0
CHE.24.2.54_1,2023,11,0,0
CHE.24.2.55_1,2023,11,0,0
CHE.24.2.6_1,2023,11,0,0
CHE.24.2.7_1,2023,11,0,0
CHE.24.2.8_1,2023,11,0,0
CHE.24.2.9_1,2023,11,0,0
CHE.24.3.1_1,2023,11,0,0
CHE.24.3.10_1,2023,11,0,0
CHE.24.3.11_1,2023,11,0,0
CHE.24.3.12_1,2023,11,0,0
CHE.24.3.13_1,2023,11,0,0
CHE.24.3.14_1,2023,11,0,0
CHE.24.3.15_1,2023,11,0,0
CHE.24.3.16_1,2023,11,0,0
CHE.24.3.17_1,2023,11,0,0
CHE.24.3.18_1,2023,11,0,0
CHE.24.3.19_1,2023,11,0,0
CHE.24.3.2_1,2023,11,0,0
CHE.24.3.20_1,2023,11,0,0
CHE.24.3.21_1,2023,11,0,0
CHE.24.3.22_1,2023,11,0,0
CHE.24.3.23_1,2023,11,0,0
CHE.24.3.24_1,2023,11,0,0
CHE.24.3.25_1,2023,11,0,0
CHE.24.3.26_1,2023,11,0,0
CHE.24.3.27_1,2023,11,0,0
CHE.24.3.28_1,2023,11,0,0
CHE.24.3.29_1,2023,11,0,0
CHE.24.3.3_1,2023,11,0,0
CHE.24.3.30_1,2023,11,0,0
CHE.24.3.31_1,2023,11,0,0
CHE.24.3.32_1,2023,11,0,0
CHE.24.3.33_1,2023,11,0,0
CHE.24.3.34_1,2023,11,0,0
CHE.24.3.35_1,2023,11,0,0
CHE.24.3.36_1,2023,11,0,0
CHE.24.3.37_1,2023,11,0,0
CHE.24.3.38_1,2023,11,0,0
CHE.24.3.39_1,2023,11,0,0
CHE.24.3.4_1,2023,11,0,0
CHE.24.3.40_1,2023,11,0,0
CHE.24.3.41_1,2023,11,0,0
CHE.24.3.42_1,2023,11,0,0
CHE.24.3.43_1,2023,11,0,0
CHE.24.3.44_1,2023,11,0,0
CHE.24.3.45_1,2023,11,0,0
CHE.24.3.46_1,2023,11,0,0
CHE.24.3.47_1,2023,11,0,0
CHE.24.3.48_1,2023,11,0,0
CHE.24.3.49_1,2023,11,0,0
CHE.24.3.5_1,2023,11,0,0
CHE.24.3.50_1,2023,11,0,0
CHE.24.3.51_1,2023,11,0,0
CHE.24.3.52_1,2023,11,0,0
CHE.24.3.53_1,2023,11,0,0
CHE.24.3.54_1,2023,11,0,0
CHE.24.3.6_1,2023,11,0,0
CHE.24.3.7_1,2023,11,0,0
CHE.24.3.8_1,2023,11,0,0
CHE.24.3.9_1,2023,11,0,0
CHE.24.4.1_1,2023,11,0,0
CHE.24.4.10_1,2023,11,0,0
CHE.24.4.11_1,2023,11,0,0
CHE.24.4.12_1,2023,11,0,0
CHE.24.4.13_1,2023,11,0,0
CHE.24.4.14_1,2023,11,0,0
CHE.24.4.15_1,2023,11,0,0
CHE.24.4.16_1,2023,11,0,0
CHE.24.4.17_1,2023,11,0,0
CHE.24.4.18_1,2023,11,0,0
CHE.24.4.19_1,2023,11,0,0
CHE.24.4.2_1,2023,11,0,0
CHE.24.4.20_1,2023,11,0,0
CHE.24.4.21_1,2023,11,0,0
CHE.24.4.22_1,2023,11,0,0
CHE.24.4.23_1,2023,11,0,0
CHE.24.4.24_1,2023,11,0,0
CHE.24.4.25_1,2023,11,0,0
CHE.24.4.26_1,2023,11,0,0
CHE.24.4.27_1,2023,11,0,0
CHE.24.4.28_1,2023,11,0,0
CHE.24.4.29_1,2023,11,0,0
CHE.24.4.3_1,2023,11,0,0
CHE.24.4.30_1,2023,11,0,0
CHE.24.4.31_1,2023,11,0,0
CHE.24.4.32_1,2023,11,0,0
CHE.24.4.33_1,2023,11,0,0
CHE.24.4.34_1,2023,11,0,0
CHE.24.4.35_1,2023,11,0,0
CHE.24.4.36_1,2023,11,0,0
CHE.24.4.37_1,2023,11,0,0
CHE.24.4.38_1,2023,11,0,0
CHE.24.4.39_1,2023,11,0,0
CHE.24.4.4_1,2023,11,0,0
CHE.24.4.40_1,2023,11,0,0
CHE.24.4.41_1,2023,11,0,0
CHE.24.4.42_1,2023,11,0,0
CHE.24.4.43_1,2023,11,0,0
CHE.24.4.44_1,2023,11,0,0
CHE.24.4.45_1,2023,11,0,0
CHE.24.4.46_1,2023,11,0,0
CHE.24.4.47_1,2023,11,0,0
CHE.24.4.48_1,2023,11,0,0
CHE.24.4.49_1,2023,11,0,0
CHE.24.4.5_1,2023,11,0,0
CHE.24.4.50_1,2023,11,0,0
CHE.24.4.51_1,2023,11,0,0
CHE.24.4.52_1,2023,11,0,0
CHE.24.4.53_1,2023,11,0,0
CHE.24.4.54_1,2023,11,0,0
CHE.24.4.55_1,2023,11,0,0
CHE.24.4.56_1,2023,11,0,0
CHE.24.4.57_1,2023,11,0,0
CHE.24.4.58_1,2023,11,0,0
CHE.24.4.59_1,2023,11,0,0
CHE.24.4.6_1,2023,11,0,0
CHE.24.4.60_1,2023,11,0,0
CHE.24.4.61_1,2023,11,0,0
CHE.24.4.62_1,2023,11,0,0
CHE.24.4.63_1,2023,11,0,0
CHE.24.4.64_1,2023,11,0,0
CHE.24.4.65_1,2023,11,0,0
CHE.24.4.66_1,2023,11,0,0
CHE.24.4.67_1,2023,11,0,0
CHE.24.4.68_1,2023,11,0,0
CHE.24.4.69_1,2023,11,0,0
CHE.24.4.7_1,2023,11,0,0
CHE.24.4.70_1,2023,11,0,0
CHE.24.4.71_1,2023,11,0,0
CHE.24.4.72_1,2023,11,0,0
CHE.24.4.73_1,2023,11,0,0
CHE.24.4.74_1,2023,11,0,0
CHE.24.4.75_1,2023,11,0,0
CHE.24.4.76_1,2023,11,0,0
CHE.24.4.77_1,2023,11,0,0
CHE.24.4.78_1,2023,11,0,0
CHE.24.4.79_1,2023,11,0,0
CHE.24.4.8_1,2023,11,0,0
CHE.24.4.80_1,2023,11,0,0
CHE.24.4.81_1,2023,11,0,0
CHE.24.4.82_1,2023,11,0,0
CHE.24.4.83_1,2023,11,0,0
CHE.24.4.84_1,2023,11,0,0
CHE.24.4.9_1,2023,11,0,0
CHE.24.5.1_1,2023,11,0,0
CHE.24.5.2_1,2023,11,0,0
CHE.24.5.3_1,2023,11,0,0
CHE.24.5.4_1,2023,11,0,0
CHE.24.5.5_1,2023,11,0,0
CHE.24.5.6_1,2023,11,0,0
CHE.24.5.7_1,2023,11,0,0
CHE.24.6.1_1,2023,11,0,0
CHE.24.6.10_1,2023,11,0,0
CHE.24.6.11_1,2023,11,0,0
CHE.24.6.12_1,2023,11,0,0
CHE.24.6.13_1,2023,11,0,0
CHE.24.6.14_1,2023,11,0,0
CHE.24.6.15_1,2023,11,0,0
CHE.24.6.16_1,2023,11,0,0
CHE.24.6.17_1,2023,11,0,0
CHE.24.6.18_1,2023,11,0,0
CHE.24.6.19_1,2023,11,0,0
CHE.24.6.2_1,2023,11,0,0
CHE.24.6.20_1,2023,11,0,0
CHE.24.6.21_1,2023,11,0,0
CHE.24.6.22_1,2023,11,0,0
CHE.24.6.23_1,2023,11,0,0
CHE.24.6.24_1,2023,11,0,0
CHE.24.6.25_1,2023,11,0,0
CHE.24.6.26_1,2023,11,0,0
CHE.24.6.27_1,2023,11,0,0
CHE.24.6.28_1,2023,11,0,0
CHE.24.6.29_1,2023,11,0,0
CHE.24.6.3_1,2023,11,0,0
CHE.24.6.30_1,2023,11,0,0
CHE.24.6.31_1,2023,11,0,0
CHE.24.6.32_1,2023,11,0,0
CHE.24.6.4_1,2023,11,0,0
CHE.24.6.5_1,2023,11,0,0
CHE.24.6.6_1,2023,11,0,0
CHE.24.6.7_1,2023,11,0,0
CHE.24.6.8_1,2023,11,0,0
CHE.24.6.9_1,2023,11,0,0
CHE.24.7.1_1,2023,11,0,0
CHE.24.7.10_1,2023,11,0,0
CHE.24.7.11_1,2023,11,0,0
CHE.24.7.12_1,2023,11,0,0
CHE.24.7.13_1,2023,11,0,0
CHE.24.7.14_1,2023,11,0,0
CHE.24.7.15_1,2023,11,0,0
CHE.24.7.16_1,2023,11,0,0
CHE.24.7.17_1,2023,11,0,0
CHE.24.7.18_1,2023,11,0,0
CHE.24.7.19_1,2023,11,0,0
CHE.24.7.2_1,2023,11,0,0
CHE.24.7.20_1,2023,11,0,0
CHE.24.7.21_1,2023,11,0,0
CHE.24.7.22_1,2023,11,0,0
CHE.24.7.23_1,2023,11,0,0
CHE.24.7.24_1,2023,11,0,0
CHE.24.7.25_1,2023,11,0,0
CHE.24.7.26_1,2023,11,0,0
CHE.24.7.27_1,2023,11,0,0
CHE.24.7.28_1,2023,11,0,0
CHE.24.7.29_1,2023,11,0,0
CHE.24.7.3_1,2023,11,0,0
CHE.24.7.30_1,2023,11,0,0
CHE.24.7.31_1,2023,11,0,0
CHE.24.7.32_1,2023,11,0,0
CHE.24.7.33_1,2023,11,0,0
CHE.24.7.34_1,2023,11,0,0
CHE.24.7.35_1,2023,11,0,0
CHE.24.7.36_1,2023,11,0,0
CHE.24.7.37_1,2023,11,0,0
CHE.24.7.38_1,2023,11,0,0
CHE.24.7.39_1,2023,11,0,0
CHE.24.7.4_1,2023,11,0,0
CHE.24.7.40_1,2023,11,0,0
CHE.24.7.41_1,2023,11,0,0
CHE.24.7.42_1,2023,11,0,0
CHE.24.7.43_1,2023,11,0,0
CHE.24.7.44_1,2023,11,0,0
CHE.24.7.45_1,2023,11,0,0
CHE.24.7.46_1,2023,11,0,0
CHE.24.7.47_1,2023,11,0,0
CHE.24.7.48_1,2023,11,0,0
CHE.24.7.49_1,2023,11,0,0
CHE.24.7.5_1,2023,11,0,0
CHE.24.7.50_1,2023,11,0,0
CHE.24.7.51_1,2023,11,0,0
CHE.24.7.52_1,2023,11,0,0
CHE.24.7.53_1,2023,11,0,0
CHE.24.7.54_1,2023,11,0,0
CHE.24.7.55_1,2023,11,0,0
CHE.24.7.56_1,2023,11,0,0
CHE.24.7.57_1,2023,11,0,0
CHE.24.7.58_1,2023,11,0,0
CHE.24.7.59_1,2023,11,0,0
CHE.24.7.6_1,2023,11,0,0
CHE.24.7.60_1,2023,11,0,0
CHE.24.7.61_1,2023,11,0,0
CHE.24.7.62_1,2023,11,0,0
CHE.24.7.63_1,2023,11,0,0
CHE.24.7.64_1,2023,11,0,0
CHE.24.7.65_1,2023,11,0,0
CHE.24.7.66_1,2023,11,0,0
CHE.24.7.67_1,2023,11,0,0
CHE.24.7.7_1,2023,11,0,0
CHE.24.7.8_1,2023,11,0,0
CHE.24.7.9_1,2023,11,0,0
CHE.24.8.1_1,2023,11,0,0
CHE.24.8.10_1,2023,11,0,0
CHE.24.8.11_1,2023,11,0,0
CHE.24.8.12_1,2023,11,0,0
CHE.24.8.13_1,2023,11,0,0
CHE.24.8.14_1,2023,11,0,0
CHE.24.8.15_1,2023,11,0,0
CHE.24.8.16_1,2023,11,0,0
CHE.24.8.17_1,2023,11,0,0
CHE.24.8.18_1,2023,11,0,0
CHE.24.8.19_1,2023,11,0,0
CHE.24.8.2_1,2023,11,0,0
CHE.24.8.20_1,2023,11,0,0
CHE.24.8.21_1,2023,11,0,0
CHE.24.8.22_1,2023,11,0,0
CHE.24.8.23_1,2023,11,0,0
CHE.24.8.24_1,2023,11,0,0
CHE.24.8.25_1,2023,11,0,0
CHE.24.8.26_1,2023,11,0,0
CHE.24.8.27_1,2023,11,0,0
CHE.24.8.28_1,2023,11,0,0
CHE.24.8.29_1,2023,11,0,0
CHE.24.8.3_1,2023,11,0,0
CHE.24.8.30_1,2023,11,0,0
CHE.24.8.31_1,2023,11,0,0
CHE.24.8.32_1,2023,11,0,0
CHE.24.8.33_1,2023,11,0,0
CHE.24.8.34_1,2023,11,0,0
CHE.24.8.35_1,2023,11,0,0
CHE.24.8.36_1,2023,11,0,0
CHE.24.8.37_1,2023,11,0,0
CHE.24.8.38_1,2023,11,0,0
CHE.24.8.39_1,2023,11,0,0
CHE.24.8.4_1,2023,11,0,0
CHE.24.8.40_1,2023,11,0,0
CHE.24.8.41_1,2023,11,0,0
CHE.24.8.42_1,2023,11,0,0
CHE.24.8.43_1,2023,11,0,0
CHE.24.8.44_1,2023,11,0,0
CHE.24.8.45_1,2023,11,0,0
CHE.24.8.46_1,2023,11,0,0
CHE.24.8.47_1,2023,11,0,0
CHE.24.8.48_1,2023,11,0,0
CHE.24.8.5_1,2023,11,0,0
CHE.24.8.6_1,2023,11,0,0
CHE.24.8.7_1,2023,11,0,0
CHE.24.8.8_1,2023,11,0,0
CHE.24.8.9_1,2023,11,0,0
CHE.24.9.1_1,2023,11,0,0
CHE.24.9.2_1,2023,11,0,0
CHE.24.9.3_1,2023,11,0,0
CHE.24.9.4_1,2023,11,0,0
CHE.24.9.5_1,2023,11,0,0
CHE.24.9.6_1,2023,11,0,0
CHE.24.9.7_1,2023,11,0,0
CHE.24.9.8_1,2023,11,0,0
CHE.24.9.9_1,2023,11,0,0
CHE.25.1.1_1,2023,11,0,0
CHE.25.1.10_1,2023,11,0,0
CHE.25.1.11_1,2023,11,0,0
CHE.25.1.12_1,2023,11,0,0
CHE.25.1.2_1,2023,11,0,0
CHE.25.1.3_1,2023,11,0,0
CHE.25.1.4_1,2023,11,0,0
CHE.25.1.5_1,2023,11,0,0
CHE.25.1.6_1,2023,11,0,0
CHE.25.1.7_1,2023,11,0,0
CHE.25.1.8_1,2023,11,0,0
CHE.25.1.9_1,2023,11,0,0
CHE.26.1.1_1,2023,11,0,0
CHE.26.1.10_1,2023,11,0,0
CHE.26.1.11_1,2023,11,0,0
CHE.26.1.12_1,2023,11,0,0
CHE.26.1.13_1,2023,11,0,0
CHE.26.1.14_1,2023,11,0,0
CHE.26.1.2_1,2023,11,0,0
CHE.26.1.3_1,2023,11,0,0
CHE.26.1.4_1,2023,11,0,0
CHE.26.1.5_1,2023,11,0,0
CHE.26.1.6_1,2023,11,0,0
CHE.26.1.7_1,2023,11,0,0
CHE.26.1.8_1,2023,11,0,0
CHE.26.1.9_1,2023,11,0,0
CHE.26.10.1_1,2023,11,0,0
CHE.26.10.2_1,2023,11,0,0
CHE.26.11.1_1,2023,11,0,0
CHE.26.11.10_1,2023,11,0,0
CHE.26.11.11_1,2023,11,0,0
CHE.26.11.2_1,2023,11,0,0
CHE.26.11.3_1,2023,11,0,0
CHE.26.11.4_1,2023,11,0,0
CHE.26.11.5_1,2023,11,0,0
CHE.26.11.6_1,2023,11,0,0
CHE.26.11.7_1,2023,11,0,0
CHE.26.11.8_1,2023,11,0,0
CHE.26.11.9_1,2023,11,0,0
CHE.26.12.1_1,2023,11,0,0
CHE.26.12.10_1,2023,11,0,0
CHE.26.12.11_1,2023,11,0,0
CHE.26.12.12_1,2023,11,0,0
CHE.26.12.13_1,2023,11,0,0
CHE.26.12.14_1,2023,11,0,0
CHE.26.12.15_1,2023,11,0,0
CHE.26.12.16_1,2023,11,0,0
CHE.26.12.17_1,2023,11,0,0
CHE.26.12.18_1,2023,11,0,0
CHE.26.12.19_1,2023,11,0,0
CHE.26.12.2_1,2023,11,0,0
CHE.26.12.20_1,2023,11,0,0
CHE.26.12.21_1,2023,11,0,0
CHE.26.12.3_1,2023,11,0,0
CHE.26.12.4_1,2023,11,0,0
CHE.26.12.5_1,2023,11,0,0
CHE.26.12.6_1,2023,11,0,0
CHE.26.12.7_1,2023,11,0,0
CHE.26.12.8_1,2023,11,0,0
CHE.26.12.9_1,2023,11,0,0
CHE.26.13.1_1,2023,11,0,0
CHE.26.13.10_1,2023,11,0,0
CHE.26.13.11_1,2023,11,0,0
CHE.26.13.12_1,2023,11,0,0
CHE.26.13.13_1,2023,11,0,0
CHE.26.13.14_1,2023,11,0,0
CHE.26.13.15_1,2023,11,0,0
CHE.26.13.16_1,2023,11,0,0
CHE.26.13.17_1,2023,11,0,0
CHE.26.13.18_1,2023,11,0,0
CHE.26.13.19_1,2023,11,0,0
CHE.26.13.2_1,2023,11,0,0
CHE.26.13.20_1,2023,11,0,0
CHE.26.13.21_1,2023,11,0,0
CHE.26.13.22_1,2023,11,0,0
CHE.26.13.23_1,2023,11,0,0
CHE.26.13.24_1,2023,11,0,0
CHE.26.13.25_1,2023,11,0,0
CHE.26.13.26_1,2023,11,0,0
CHE.26.13.27_1,2023,11,0,0
CHE.26.13.28_1,2023,11,0,0
CHE.26.13.29_1,2023,11,0,0
CHE.26.13.3_1,2023,11,0,0
CHE.26.13.30_1,2023,11,0,0
CHE.26.13.31_1,2023,11,0,0
CHE.26.13.32_1,2023,11,0,0
CHE.26.13.4_1,2023,11,0,0
CHE.26.13.5_1,2023,11,0,0
CHE.26.13.6_1,2023,11,0,0
CHE.26.13.7_1,2023,11,0,0
CHE.26.13.8_1,2023,11,0,0
CHE.26.13.9_1,2023,11,0,0
CHE.26.2.1_1,2023,11,0,0
CHE.26.2.10_1,2023,11,0,0
CHE.26.2.11_1,2023,11,0,0
CHE.26.2.12_1,2023,11,0,0
CHE.26.2.13_1,2023,11,0,0
CHE.26.2.14_1,2023,11,0,0
CHE.26.2.15_1,2023,11,0,0
CHE.26.2.16_1,2023,11,0,0
CHE.26.2.17_1,2023,11,0,0
CHE.26.2.18_1,2023,11,0,0
CHE.26.2.19_1,2023,11,0,0
CHE.26.2.2_1,2023,11,0,0
CHE.26.2.20_1,2023,11,0,0
CHE.26.2.21_1,2023,11,0,0
CHE.26.2.22_1,2023,11,0,0
CHE.26.2.23_1,2023,11,0,0
CHE.26.2.24_1,2023,11,0,0
CHE.26.2.3_1,2023,11,0,0
CHE.26.2.4_1,2023,11,0,0
CHE.26.2.5_1,2023,11,0,0
CHE.26.2.6_1,2023,11,0,0
CHE.26.2.7_1,2023,11,0,0
CHE.26.2.8_1,2023,11,0,0
CHE.26.2.9_1,2023,11,0,0
CHE.26.3.1_1,2023,11,0,0
CHE.26.3.10_1,2023,11,0,0
CHE.26.3.11_1,2023,11,0,0
CHE.26.3.12_1,2023,11,0,0
CHE.26.3.13_1,2023,11,0,0
CHE.26.3.14_1,2023,11,0,0
CHE.26.3.15_1,2023,11,0,0
CHE.26.3.16_1,2023,11,0,0
CHE.26.3.17_1,2023,11,0,0
CHE.26.3.18_1,2023,11,0,0
CHE.26.3.19_1,2023,11,0,0
CHE.26.3.2_1,2023,11,0,0
CHE.26.3.20_1,2023,11,0,0
CHE.26.3.21_1,2023,11,0,0
CHE.26.3.22_1,2023,11,0,0
CHE.26.3.3_1,2023,11,0,0
CHE.26.3.4_1,2023,11,0,0
CHE.26.3.5_1,2023,11,0,0
CHE.26.3.6_1,2023,11,0,0
CHE.26.3.7_1,2023,11,0,0
CHE.26.3.8_1,2023,11,0,0
CHE.26.3.9_1,2023,11,0,0
CHE.26.4.1_1,2023,11,0,0
CHE.26.4.10_1,2023,11,0,0
CHE.26.4.11_1,2023,11,0,0
CHE.26.4.12_1,2023,11,0,0
CHE.26.4.13_1,2023,11,0,0
CHE.26.4.14_1,2023,11,0,0
CHE.26.4.15_1,2023,11,0,0
CHE.26.4.16_1,2023,11,0,0
CHE.26.4.17_1,2023,11,0,0
CHE.26.4.18_1,2023,11,0,0
CHE.26.4.19_1,2023,11,0,0
CHE.26.4.2_1,2023,11,0,0
CHE.26.4.20_1,2023,11,0,0
CHE.26.4.21_1,2023,11,0,0
CHE.26.4.22_1,2023,11,0,0
CHE.26.4.3_1,2023,11,0,0
CHE.26.4.4_1,2023,11,0,0
CHE.26.4.5_1,2023,11,0,0
CHE.26.4.6_1,2023,11,0,0
CHE.26.4.7_1,2023,11,0,0
CHE.26.4.8_1,2023,11,0,0
CHE.26.4.9_1,2023,11,0,0
CHE.26.5.1_1,2023,11,0,0
CHE.26.5.10_1,2023,11,0,0
CHE.26.5.11_1,2023,11,0,0
CHE.26.5.2_1,2023,11,0,0
CHE.26.5.3_1,2023,11,0,0
CHE.26.5.4_1,2023,11,0,0
CHE.26.5.5_1,2023,11,0,0
CHE.26.5.6_1,2023,11,0,0
CHE.26.5.7_1,2023,11,0,0
CHE.26.5.8_1,2023,11,0,0
CHE.26.5.9_1,2023,11,0,0
CHE.26.6.1_1,2023,11,0,0
CHE.26.6.10_1,2023,11,0,0
CHE.26.6.11_1,2023,11,0,0
CHE.26.6.2_1,2023,11,0,0
CHE.26.6.3_1,2023,11,0,0
CHE.26.6.4_1,2023,11,0,0
CHE.26.6.5_1,2023,11,0,0
CHE.26.6.6_1,2023,11,0,0
CHE.26.6.7_1,2023,11,0,0
CHE.26.6.8_1,2023,11,0,0
CHE.26.6.9_1,2023,11,0,0
CHE.26.7.1_1,2023,11,0,0
CHE.26.7.10_1,2023,11,0,0
CHE.26.7.11_1,2023,11,0,0
CHE.26.7.12_1,2023,11,0,0
CHE.26.7.13_1,2023,11,0,0
CHE.26.7.2_1,2023,11,0,0
CHE.26.7.3_1,2023,11,0,0
CHE.26.7.4_1,2023,11,0,0
CHE.26.7.5_1,2023,11,0,0
CHE.26.7.6_1,2023,11,0,0
CHE.26.7.7_1,2023,11,0,0
CHE.26.7.8_1,2023,11,0,0
CHE.26.7.9_1,2023,11,0,0
CHE.26.8.1_1,2023,11,0,0
CHE.26.8.10_1,2023,11,0,0
CHE.26.8.11_1,2023,11,0,0
CHE.26.8.12_1,2023,11,0,0
CHE.26.8.2_1,2023,11,0,0
CHE.26.8.3_1,2023,11,0,0
CHE.26.8.4_1,2023,11,0,0
CHE.26.8.5_1,2023,11,0,0
CHE.26.8.6_1,2023,11,0,0
CHE.26.8.7_1,2023,11,0,0
CHE.26.8.8_1,2023,11,0,0
CHE.26.8.9_1,2023,11,0,0
CHE.26.9.1_1,2023,11,0,0
CHE.26.9.10_1,2023,11,0,0
CHE.26.9.11_1,2023,11,0,0
CHE.26.9.12_1,2023,11,0,0
CHE.26.9.2_1,2023,11,0,0
CHE.26.9.3_1,2023,11,0,0
CHE.26.9.4_1,2023,11,0,0
CHE.26.9.5_1,2023,11,0,0
CHE.26.9.6_1,2023,11,0,0
CHE.26.9.7_1,2023,11,0,0
CHE.26.9.8_1,2023,11,0,0
CHE.26.9.9_1,2023,11,0,0
CHE.3.1.1_1,2023,11,0,0
CHE.3.1.2_1,2023,11,0,0
CHE.3.1.3_1,2023,11,0,0
CHE.3.1.4_1,2023,11,0,0
CHE.3.1.5_1,2023,11,0,0
CHE.3.1.6_1,2023,11,0,0
CHE.4.1.1_1,2023,11,0,0
CHE.4.1.10_1,2023,11,0,0
CHE.4.1.11_1,2023,11,0,0
CHE.4.1.12_1,2023,11,0,0
CHE.4.1.13_1,2023,11,0,0
CHE.4.1.14_1,2023,11,0,0
CHE.4.1.2_1,2023,11,0,0
CHE.4.1.3_1,2023,11,0,0
CHE.4.1.4_1,2023,11,0,0
CHE.4.1.5_1,2023,11,0,0
CHE.4.1.6_1,2023,11,0,0
CHE.4.1.7_1,2023,11,0,0
CHE.4.1.8_1,2023,11,0,0
CHE.4.1.9_1,2023,11,0,0
CHE.4.2.1_1,2023,11,0,0
CHE.4.2.10_1,2023,11,0,0
CHE.4.2.11_1,2023,11,0,0
CHE.4.2.12_1,2023,11,0,0
CHE.4.2.13_1,2023,11,0,0
CHE.4.2.2_1,2023,11,0,0
CHE.4.2.3_1,2023,11,0,0
CHE.4.2.4_1,2023,11,0,0
CHE.4.2.5_1,2023,11,0,0
CHE.4.2.6_1,2023,11,0,0
CHE.4.2.7_1,2023,11,0,0
CHE.4.2.8_1,2023,11,0,0
CHE.4.2.9_1,2023,11,0,0
CHE.4.3.1_1,2023,11,0,0
CHE.4.3.10_1,2023,11,0,0
CHE.4.3.11_1,2023,11,0,0
CHE.4.3.12_1,2023,11,0,0
CHE.4.3.13_1,2023,11,0,0
CHE.4.3.14_1,2023,11,0,0
CHE.4.3.2_1,2023,11,0,0
CHE.4.3.3_1,2023,11,0,0
CHE.4.3.4_1,2023,11,0,0
CHE.4.3.5_1,2023,11,0,0
CHE.4.3.6_1,2023,11,0,0
CHE.4.3.7_1,2023,11,0,0
CHE.4.3.8_1,2023,11,0,0
CHE.4.3.9_1,2023,11,0,0
CHE.4.4.1_1,2023,11,0,0
CHE.4.4.10_1,2023,11,0,0
CHE.4.4.11_1,2023,11,0,0
CHE.4.4.12_1,2023,11,0,0
CHE.4.4.13_1,2023,11,0,0
CHE.4.4.14_1,2023,11,0,0
CHE.4.4.15_1,2023,11,0,0
CHE.4.4.16_1,2023,11,0,0
CHE.4.4.17_1,2023,11,0,0
CHE.4.4.18_1,2023,11,0,0
CHE.4.4.19_1,2023,11,0,0
CHE.4.4.2_1,2023,11,0,0
CHE.4.4.20_1,2023,11,0,0
CHE.4.4.21_1,2023,11,0,0
CHE.4.4.22_1,2023,11,0,0
CHE.4.4.23_1,2023,11,0,0
CHE.4.4.24_1,2023,11,0,0
CHE.4.4.25_1,2023,11,0,0
CHE.4.4.26_1,2023,11,0,0
CHE.4.4.27_1,2023,11,0,0
CHE.4.4.28_1,2023,11,0,0
CHE.4.4.3_1,2023,11,0,0
CHE.4.4.4_1,2023,11,0,0
CHE.4.4.5_1,2023,11,0,0
CHE.4.4.6_1,2023,11,0,0
CHE.4.4.7_1,2023,11,0,0
CHE.4.4.8_1,2023,11,0,0
CHE.4.4.9_1,2023,11,0,0
CHE.4.5.1_1,2023,11,0,0
CHE.4.5.10_1,2023,11,0,0
CHE.4.5.11_1,2023,11,0,0
CHE.4.5.12_1,2023,11,0,0
CHE.4.5.13_1,2023,11,0,0
CHE.4.5.14_1,2023,11,0,0
CHE.4.5.15_1,2023,11,0,0
CHE.4.5.2_1,2023,11,0,0
CHE.4.5.3_1,2023,11,0,0
CHE.4.5.4_1,2023,11,0,0
CHE.4.5.5_1,2023,11,0,0
CHE.4.5.6_1,2023,11,0,0
CHE.4.5.7_1,2023,11,0,0
CHE.4.5.8_1,2023,11,0,0
CHE.4.5.9_1,2023,11,0,0
CHE.5.1.1_1,2023,11,0,0
CHE.5.2.1_1,2023,11,0,0
CHE.5.3.1_1,2023,11,0,0
CHE.6.1.1_1,2023,11,0,0
CHE.6.1.10_1,2023,11,0,0
CHE.6.1.11_1,2023,11,0,0
CHE.6.1.12_1,2023,11,0,0
CHE.6.1.2_1,2023,11,0,0
CHE.6.1.3_1,2023,11,0,0
CHE.6.1.4_1,2023,11,0,0
CHE.6.1.5_1,2023,11,0,0
CHE.6.1.6_1,2023,11,0,0
CHE.6.1.7_1,2023,11,0,0
CHE.6.1.8_1,2023,11,0,0
CHE.6.1.9_1,2023,11,0,0
CHE.6.10.1_1,2023,11,0,0
CHE.6.10.2_1,2023,11,0,0
CHE.6.10.3_1,2023,11,0,0
CHE.6.10.4_1,2023,11,0,0
CHE.6.10.5_1,2023,11,0,0
CHE.6.10.6_1,2023,11,0,0
CHE.6.10.7_1,2023,11,0,0
CHE.6.11.1_1,2023,11,0,0
CHE.6.11.10_1,2023,11,0,0
CHE.6.11.11_1,2023,11,0,0
CHE.6.11.12_1,2023,11,0,0
CHE.6.11.13_1,2023,11,0,0
CHE.6.11.14_1,2023,11,0,0
CHE.6.11.15_1,2023,11,0,0
CHE.6.11.16_1,2023,11,0,0
CHE.6.11.17_1,2023,11,0,0
CHE.6.11.18_1,2023,11,0,0
CHE.6.11.19_1,2023,11,0,0
CHE.6.11.2_1,2023,11,0,0
CHE.6.11.20_1,2023,11,0,0
CHE.6.11.21_1,2023,11,0,0
CHE.6.11.22_1,2023,11,0,0
CHE.6.11.23_1,2023,11,0,0
CHE.6.11.24_1,2023,11,0,0
CHE.6.11.25_1,2023,11,0,0
CHE.6.11.3_1,2023,11,0,0
CHE.6.11.4_1,2023,11,0,0
CHE.6.11.5_1,2023,11,0,0
CHE.6.11.6_1,2023,11,0,0
CHE.6.11.7_1,2023,11,0,0
CHE.6.11.8_1,2023,11,0,0
CHE.6.11.9_1,2023,11,0,0
CHE.6.12.1_1,2023,11,0,0
CHE.6.12.10_1,2023,11,0,0
CHE.6.12.11_1,2023,11,0,0
CHE.6.12.12_1,2023,11,0,0
CHE.6.12.13_1,2023,11,0,0
CHE.6.12.14_1,2023,11,0,0
CHE.6.12.15_1,2023,11,0,0
CHE.6.12.16_1,2023,11,0,0
CHE.6.12.17_1,2023,11,0,0
CHE.6.12.18_1,2023,11,0,0
CHE.6.12.19_1,2023,11,0,0
CHE.6.12.2_1,2023,11,0,0
CHE.6.12.20_1,2023,11,0,0
CHE.6.12.21_1,2023,11,0,0
CHE.6.12.22_1,2023,11,0,0
CHE.6.12.23_1,2023,11,0,0
CHE.6.12.24_1,2023,11,0,0
CHE.6.12.25_1,2023,11,0,0
CHE.6.12.26_1,2023,11,0,0
CHE.6.12.27_1,2023,11,0,0
CHE.6.12.28_1,2023,11,0,0
CHE.6.12.29_1,2023,11,0,0
CHE.6.12.3_1,2023,11,0,0
CHE.6.12.30_1,2023,11,0,0
CHE.6.12.4_1,2023,11,0,0
CHE.6.12.5_1,2023,11,0,0
CHE.6.12.6_1,2023,11,0,0
CHE.6.12.7_1,2023,11,0,0
CHE.6.12.8_1,2023,11,0,0
CHE.6.12.9_1,2023,11,0,0
CHE.6.13.1_1,2023,11,0,0
CHE.6.13.2_1,2023,11,0,0
CHE.6.13.3_1,2023,11,0,0
CHE.6.13.4_1,2023,11,0,0
CHE.6.13.5_1,2023,11,0,0
CHE.6.14.1_1,2023,11,0,0
CHE.6.14.10_1,2023,11,0,0
CHE.6.14.11_1,2023,11,0,0
CHE.6.14.2_1,2023,11,0,0
CHE.6.14.3_1,2023,11,0,0
CHE.6.14.4_1,2023,11,0,0
CHE.6.14.5_1,2023,11,0,0
CHE.6.14.6_1,2023,11,0,0
CHE.6.14.7_1,2023,11,0,0
CHE.6.14.8_1,2023,11,0,0
CHE.6.14.9_1,2023,11,0,0
CHE.6.15.1_1,2023,11,0,0
CHE.6.15.10_1,2023,11,0,0
CHE.6.15.11_1,2023,11,0,0
CHE.6.15.12_1,2023,11,0,0
CHE.6.15.13_1,2023,11,0,0
CHE.6.15.14_1,2023,11,0,0
CHE.6.15.15_1,2023,11,0,0
CHE.6.15.16_1,2023,11,0,0
CHE.6.15.17_1,2023,11,0,0
CHE.6.15.18_1,2023,11,0,0
CHE.6.15.19_1,2023,11,0,0
CHE.6.15.2_1,2023,11,0,0
CHE.6.15.20_1,2023,11,0,0
CHE.6.15.21_1,2023,11,0,0
CHE.6.15.22_1,2023,11,0,0
CHE.6.15.23_1,2023,11,0,0
CHE.6.15.24_1,2023,11,0,0
CHE.6.15.25_1,2023,11,0,0
CHE.6.15.26_1,2023,11,0,0
CHE.6.15.3_1,2023,11,0,0
CHE.6.15.4_1,2023,11,0,0
CHE.6.15.5_1,2023,11,0,0
CHE.6.15.6_1,2023,11,0,0
CHE.6.15.7_1,2023,11,0,0
CHE.6.15.8_1,2023,11,0,0
CHE.6.15.9_1,2023,11,0,0
CHE.6.16.1_1,2023,11,0,0
CHE.6.16.10_1,2023,11,0,0
CHE.6.16.11_1,2023,11,0,0
CHE.6.16.12_1,2023,11,0,0
CHE.6.16.13_1,2023,11,0,0
CHE.6.16.14_1,2023,11,0,0
CHE.6.16.15_1,2023,11,0,0
CHE.6.16.16_1,2023,11,0,0
CHE.6.16.17_1,2023,11,0,0
CHE.6.16.18_1,2023,11,0,0
CHE.6.16.19_1,2023,11,0,0
CHE.6.16.2_1,2023,11,0,0
CHE.6.16.20_1,2023,11,0,0
CHE.6.16.21_1,2023,11,0,0
CHE.6.16.22_1,2023,11,0,0
CHE.6.16.23_1,2023,11,0,0
CHE.6.16.24_1,2023,11,0,0
CHE.6.16.25_1,2023,11,0,0
CHE.6.16.3_1,2023,11,0,0
CHE.6.16.4_1,2023,11,0,0
CHE.6.16.5_1,2023,11,0,0
CHE.6.16.6_1,2023,11,0,0
CHE.6.16.7_1,2023,11,0,0
CHE.6.16.8_1,2023,11,0,0
CHE.6.16.9_1,2023,11,0,0
CHE.6.17.1_1,2023,11,0,0
CHE.6.17.10_1,2023,11,0,0
CHE.6.17.2_1,2023,11,0,0
CHE.6.17.3_1,2023,11,0,0
CHE.6.17.4_1,2023,11,0,0
CHE.6.17.5_1,2023,11,0,0
CHE.6.17.6_1,2023,11,0,0
CHE.6.17.7_1,2023,11,0,0
CHE.6.17.8_1,2023,11,0,0
CHE.6.17.9_1,2023,11,0,0
CHE.6.18.1_1,2023,11,0,0
CHE.6.18.2_1,2023,11,0,0
CHE.6.18.3_1,2023,11,0,0
CHE.6.18.4_1,2023,11,0,0
CHE.6.18.5_1,2023,11,0,0
CHE.6.18.6_1,2023,11,0,0
CHE.6.19.1_1,2023,11,0,0
CHE.6.19.2_1,2023,11,0,0
CHE.6.19.3_1,2023,11,0,0
CHE.6.19.4_1,2023,11,0,0
CHE.6.2.1_1,2023,11,0,0
CHE.6.2.10_1,2023,11,0,0
CHE.6.2.11_1,2023,11,0,0
CHE.6.2.12_1,2023,11,0,0
CHE.6.2.13_1,2023,11,0,0
CHE.6.2.14_1,2023,11,0,0
CHE.6.2.15_1,2023,11,0,0
CHE.6.2.16_1,2023,11,0,0
CHE.6.2.17_1,2023,11,0,0
CHE.6.2.18_1,2023,11,0,0
CHE.6.2.19_1,2023,11,0,0
CHE.6.2.2_1,2023,11,0,0
CHE.6.2.20_1,2023,11,0,0
CHE.6.2.21_1,2023,11,0,0
CHE.6.2.22_1,2023,11,0,0
CHE.6.2.23_1,2023,11,0,0
CHE.6.2.24_1,2023,11,0,0
CHE.6.2.3_1,2023,11,0,0
CHE.6.2.4_1,2023,11,0,0
CHE.6.2.5_1,2023,11,0,0
CHE.6.2.6_1,2023,11,0,0
CHE.6.2.7_1,2023,11,0,0
CHE.6.2.8_1,2023,11,0,0
CHE.6.2.9_1,2023,11,0,0
CHE.6.20.1_1,2023,11,0,0
CHE.6.20.2_1,2023,11,0,0
CHE.6.20.3_1,2023,11,0,0
CHE.6.21.1_1,2023,11,0,0
CHE.6.21.2_1,2023,11,0,0
CHE.6.21.3_1,2023,11,0,0
CHE.6.21.4_1,2023,11,0,0
CHE.6.22.1_1,2023,11,0,0
CHE.6.22.10_1,2023,11,0,0
CHE.6.22.11_1,2023,11,0,0
CHE.6.22.12_1,2023,11,0,0
CHE.6.22.13_1,2023,11,0,0
CHE.6.22.14_1,2023,11,0,0
CHE.6.22.15_1,2023,11,0,0
CHE.6.22.16_1,2023,11,0,0
CHE.6.22.17_1,2023,11,0,0
CHE.6.22.18_1,2023,11,0,0
CHE.6.22.19_1,2023,11,0,0
CHE.6.22.2_1,2023,11,0,0
CHE.6.22.20_1,2023,11,0,0
CHE.6.22.21_1,2023,11,0,0
CHE.6.22.22_1,2023,11,0,0
CHE.6.22.23_1,2023,11,0,0
CHE.6.22.24_1,2023,11,0,0
CHE.6.22.25_1,2023,11,0,0
CHE.6.22.26_1,2023,11,0,0
CHE.6.22.3_1,2023,11,0,0
CHE.6.22.4_1,2023,11,0,0
CHE.6.22.5_1,2023,11,0,0
CHE.6.22.6_1,2023,11,0,0
CHE.6.22.7_1,2023,11,0,0
CHE.6.22.8_1,2023,11,0,0
CHE.6.22.9_1,2023,11,0,0
CHE.6.23.1_1,2023,11,0,0
CHE.6.23.2_1,2023,11,0,0
CHE.6.23.3_1,2023,11,0,0
CHE.6.23.4_1,2023,11,0,0
CHE.6.23.5_1,2023,11,0,0
CHE.6.23.6_1,2023,11,0,0
CHE.6.23.7_1,2023,11,0,0
CHE.6.23.8_1,2023,11,0,0
CHE.6.23.9_1,2023,11,0,0
CHE.6.24.1_1,2023,11,0,0
CHE.6.24.10_1,2023,11,0,0
CHE.6.24.11_1,2023,11,0,0
CHE.6.24.12_1,2023,11,0,0
CHE.6.24.13_1,2023,11,0,0
CHE.6.24.14_1,2023,11,0,0
CHE.6.24.15_1,2023,11,0,0
CHE.6.24.16_1,2023,11,0,0
CHE.6.24.17_1,2023,11,0,0
CHE.6.24.18_1,2023,11,0,0
CHE.6.24.19_1,2023,11,0,0
CHE.6.24.2_1,2023,11,0,0
CHE.6.24.20_1,2023,11,0,0
CHE.6.24.21_1,2023,11,0,0
CHE.6.24.22_1,2023,11,0,0
CHE.6.24.23_1,2023,11,0,0
CHE.6.24.24_1,2023,11,0,0
CHE.6.24.25_1,2023,11,0,0
CHE.6.24.26_1,2023,11,0,0
CHE.6.24.27_1,2023,11,0,0
CHE.6.24.3_1,2023,11,0,0
CHE.6.24.4_1,2023,11,0,0
CHE.6.24.5_1,2023,11,0,0
CHE.6.24.6_1,2023,11,0,0
CHE.6.24.7_1,2023,11,0,0
CHE.6.24.8_1,2023,11,0,0
CHE.6.24.9_1,2023,11,0,0
CHE.6.25.1_1,2023,11,0,0
CHE.6.25.10_1,2023,11,0,0
CHE.6.25.2_1,2023,11,0,0
CHE.6.25.3_1,2023,11,0,0
CHE.6.25.4_1,2023,11,0,0
CHE.6.25.5_1,2023,11,0,0
CHE.6.25.6_1,2023,11,0,0
CHE.6.25.7_1,2023,11,0,0
CHE.6.25.8_1,2023,11,0,0
CHE.6.25.9_1,2023,11,0,0
CHE.6.26.1_1,2023,11,0,0
CHE.6.26.10_1,2023,11,0,0
CHE.6.26.11_1,2023,11,0,0
CHE.6.26.12_1,2023,11,0,0
CHE.6.26.13_1,2023,11,0,0
CHE.6.26.14_1,2023,11,0,0
CHE.6.26.15_1,2023,11,0,0
CHE.6.26.16_1,2023,11,0,0
CHE.6.26.17_1,2023,11,0,0
CHE.6.26.18_1,2023,11,0,0
CHE.6.26.19_1,2023,11,0,0
CHE.6.26.2_1,2023,11,0,0
CHE.6.26.20_1,2023,11,0,0
CHE.6.26.21_1,2023,11,0,0
CHE.6.26.22_1,2023,11,0,0
CHE.6.26.23_1,2023,11,0,0
CHE.6.26.24_1,2023,11,0,0
CHE.6.26.25_1,2023,11,0,0
CHE.6.26.26_1,2023,11,0,0
CHE.6.26.3_1,2023,11,0,0
CHE.6.26.4_1,2023,11,0,0
CHE.6.26.5_1,2023,11,0,0
CHE.6.26.6_1,2023,11,0,0
CHE.6.26.7_1,2023,11,0,0
CHE.6.26.8_1,2023,11,0,0
CHE.6.26.9_1,2023,11,0,0
CHE.6.3.1_1,2023,11,0,0
CHE.6.3.10_1,2023,11,0,0
CHE.6.3.11_1,2023,11,0,0
CHE.6.3.12_1,2023,11,0,0
CHE.6.3.13_1,2023,11,0,0
CHE.6.3.2_1,2023,11,0,0
CHE.6.3.3_1,2023,11,0,0
CHE.6.3.4_1,2023,11,0,0
CHE.6.3.5_1,2023,11,0,0
CHE.6.3.6_1,2023,11,0,0
CHE.6.3.7_1,2023,11,0,0
CHE.6.3.8_1,2023,11,0,0
CHE.6.3.9_1,2023,11,0,0
CHE.6.4.1_1,2023,11,0,0
CHE.6.4.2_1,2023,11,0,0
CHE.6.4.3_1,2023,11,0,0
CHE.6.5.1_1,2023,11,0,0
CHE.6.5.10_1,2023,11,0,0
CHE.6.5.11_1,2023,11,0,0
CHE.6.5.12_1,2023,11,0,0
CHE.6.5.13_1,2023,11,0,0
CHE.6.5.14_1,2023,11,0,0
CHE.6.5.2_1,2023,11,0,0
CHE.6.5.3_1,2023,11,0,0
CHE.6.5.4_1,2023,11,0,0
CHE.6.5.5_1,2023,11,0,0
CHE.6.5.6_1,2023,11,0,0
CHE.6.5.7_1,2023,11,0,0
CHE.6.5.8_1,2023,11,0,0
CHE.6.5.9_1,2023,11,0,0
CHE.6.6.1_1,2023,11,0,0
CHE.6.6.10_1,2023,11,0,0
CHE.6.6.11_1,2023,11,0,0
CHE.6.6.12_1,2023,11,0,0
CHE.6.6.13_1,2023,11,0,0
CHE.6.6.14_1,2023,11,0,0
CHE.6.6.15_1,2023,11,0,0
CHE.6.6.16_1,2023,11,0,0
CHE.6.6.17_1,2023,11,0,0
CHE.6.6.18_1,2023,11,0,0
CHE.6.6.19_1,2023,11,0,0
CHE.6.6.2_1,2023,11,0,0
CHE.6.6.20_1,2023,11,0,0
CHE.6.6.21_1,2023,11,0,0
CHE.6.6.22_1,2023,11,0,0
CHE.6.6.23_1,2023,11,0,0
CHE.6.6.24_1,2023,11,0,0
CHE.6.6.3_1,2023,11,0,0
CHE.6.6.4_1,2023,11,0,0
CHE.6.6.5_1,2023,11,0,0
CHE.6.6.6_1,2023,11,0,0
CHE.6.6.7_1,2023,11,0,0
CHE.6.6.8_1,2023,11,0,0
CHE.6.6.9_1,2023,11,0,0
CHE.6.7.1_1,2023,11,0,0
CHE.6.7.10_1,2023,11,0,0
CHE.6.7.11_1,2023,11,0,0
CHE.6.7.12_1,2023,11,0,0
CHE.6.7.13_1,2023,11,0,0
CHE.6.7.14_1,2023,11,0,0
CHE.6.7.15_1,2023,11,0,0
CHE.6.7.16_1,2023,11,0,0
CHE.6.7.17_1,2023,11,0,0
CHE.6.7.18_1,2023,11,0,0
CHE.6.7.2_1,2023,11,0,0
CHE.6.7.3_1,2023,11,0,0
CHE.6.7.4_1,2023,11,0,0
CHE.6.7.5_1,2023,11,0,0
CHE.6.7.6_1,2023,11,0,0
CHE.6.7.7_1,2023,11,0,0
CHE.6.7.8_1,2023,11,0,0
CHE.6.7.9_1,2023,11,0,0
CHE.6.8.1_1,2023,11,0,0
CHE.6.8.10_1,2023,11,0,0
CHE.6.8.11_1,2023,11,0,0
CHE.6.8.12_1,2023,11,0,0
CHE.6.8.13_1,2023,11,0,0
CHE.6.8.2_1,2023,11,0,0
CHE.6.8.3_1,2023,11,0,0
CHE.6.8.4_1,2023,11,0,0
CHE.6.8.5_1,2023,11,0,0
CHE.6.8.6_1,2023,11,0,0
CHE.6.8.7_1,2023,11,0,0
CHE.6.8.8_1,2023,11,0,0
CHE.6.8.9_1,2023,11,0,0
CHE.6.9.1_1,2023,11,0,0
CHE.6.9.10_1,2023,11,0,0
CHE.6.9.11_1,2023,11,0,0
CHE.6.9.12_1,2023,11,0,0
CHE.6.9.13_1,2023,11,0,0
CHE.6.9.14_1,2023,11,0,0
CHE.6.9.15_1,2023,11,0,0
CHE.6.9.16_1,2023,11,0,0
CHE.6.9.17_1,2023,11,0,0
CHE.6.9.18_1,2023,11,0,0
CHE.6.9.19_1,2023,11,0,0
CHE.6.9.2_1,2023,11,0,0
CHE.6.9.20_1,2023,11,0,0
CHE.6.9.21_1,2023,11,0,0
CHE.6.9.22_1,2023,11,0,0
CHE.6.9.23_1,2023,11,0,0
CHE.6.9.24_1,2023,11,0,0
CHE.6.9.25_1,2023,11,0,0
CHE.6.9.26_1,2023,11,0,0
CHE.6.9.27_1,2023,11,0,0
CHE.6.9.3_1,2023,11,0,0
CHE.6.9.4_1,2023,11,0,0
CHE.6.9.5_1,2023,11,0,0
CHE.6.9.6_1,2023,11,0,0
CHE.6.9.7_1,2023,11,0,0
CHE.6.9.8_1,2023,11,0,0
CHE.6.9.9_1,2023,11,0,0
CHE.7.1.1_1,2023,11,0,0
CHE.7.1.10_1,2023,11,0,0
CHE.7.1.11_1,2023,11,0,0
CHE.7.1.12_1,2023,11,0,0
CHE.7.1.13_1,2023,11,0,0
CHE.7.1.14_1,2023,11,0,0
CHE.7.1.15_1,2023,11,0,0
CHE.7.1.16_1,2023,11,0,0
CHE.7.1.17_1,2023,11,0,0
CHE.7.1.18_1,2023,11,0,0
CHE.7.1.19_1,2023,11,0,0
CHE.7.1.2_1,2023,11,0,0
CHE.7.1.20_1,2023,11,0,0
CHE.7.1.21_1,2023,11,0,0
CHE.7.1.22_1,2023,11,0,0
CHE.7.1.23_1,2023,11,0,0
CHE.7.1.24_1,2023,11,0,0
CHE.7.1.25_1,2023,11,0,0
CHE.7.1.26_1,2023,11,0,0
CHE.7.1.27_1,2023,11,0,0
CHE.7.1.28_1,2023,11,0,0
CHE.7.1.29_1,2023,11,0,0
CHE.7.1.3_1,2023,11,0,0
CHE.7.1.30_1,2023,11,0,0
CHE.7.1.31_1,2023,11,0,0
CHE.7.1.32_1,2023,11,0,0
CHE.7.1.33_1,2023,11,0,0
CHE.7.1.4_1,2023,11,0,0
CHE.7.1.5_1,2023,11,0,0
CHE.7.1.6_1,2023,11,0,0
CHE.7.1.7_1,2023,11,0,0
CHE.7.1.8_1,2023,11,0,0
CHE.7.1.9_1,2023,11,0,0
CHE.7.2.1_1,2023,11,0,0
CHE.7.2.10_1,2023,11,0,0
CHE.7.2.11_1,2023,11,0,0
CHE.7.2.12_1,2023,11,0,0
CHE.7.2.13_1,2023,11,0,0
CHE.7.2.14_1,2023,11,0,0
CHE.7.2.15_1,2023,11,0,0
CHE.7.2.16_1,2023,11,0,0
CHE.7.2.17_1,2023,11,0,0
CHE.7.2.18_1,2023,11,0,0
CHE.7.2.19_1,2023,11,0,0
CHE.7.2.2_1,2023,11,0,0
CHE.7.2.20_1,2023,11,0,0
CHE.7.2.21_1,2023,11,0,0
CHE.7.2.3_1,2023,11,0,0
CHE.7.2.4_1,2023,11,0,0
CHE.7.2.5_1,2023,11,0,0
CHE.7.2.6_1,2023,11,0,0
CHE.7.2.7_1,2023,11,0,0
CHE.7.2.8_1,2023,11,0,0
CHE.7.2.9_1,2023,11,0,0
CHE.7.3.1_1,2023,11,0,0
CHE.7.3.10_1,2023,11,0,0
CHE.7.3.11_1,2023,11,0,0
CHE.7.3.12_1,2023,11,0,0
CHE.7.3.13_1,2023,11,0,0
CHE.7.3.14_1,2023,11,0,0
CHE.7.3.15_1,2023,11,0,0
CHE.7.3.16_1,2023,11,0,0
CHE.7.3.17_1,2023,11,0,0
CHE.7.3.18_1,2023,11,0,0
CHE.7.3.19_1,2023,11,0,0
CHE.7.3.2_1,2023,11,0,0
CHE.7.3.20_1,2023,11,0,0
CHE.7.3.21_1,2023,11,0,0
CHE.7.3.22_1,2023,11,0,0
CHE.7.3.23_1,2023,11,0,0
CHE.7.3.24_1,2023,11,0,0
CHE.7.3.25_1,2023,11,0,0
CHE.7.3.26_1,2023,11,0,0
CHE.7.3.27_1,2023,11,0,0
CHE.7.3.28_1,2023,11,0,0
CHE.7.3.29_1,2023,11,0,0
CHE.7.3.3_1,2023,11,0,0
CHE.7.3.4_1,2023,11,0,0
CHE.7.3.5_1,2023,11,0,0
CHE.7.3.6_1,2023,11,0,0
CHE.7.3.7_1,2023,11,0,0
CHE.7.3.8_1,2023,11,0,0
CHE.7.3.9_1,2023,11,0,0
CHE.7.4.1_1,2023,11,0,0
CHE.7.4.10_1,2023,11,0,0
CHE.7.4.11_1,2023,11,0,0
CHE.7.4.12_1,2023,11,0,0
CHE.7.4.13_1,2023,11,0,0
CHE.7.4.14_1,2023,11,0,0
CHE.7.4.15_1,2023,11,0,0
CHE.7.4.16_1,2023,11,0,0
CHE.7.4.17_1,2023,11,0,0
CHE.7.4.18_1,2023,11,0,0
CHE.7.4.19_1,2023,11,0,0
CHE.7.4.2_1,2023,11,0,0
CHE.7.4.20_1,2023,11,0,0
CHE.7.4.21_1,2023,11,0,0
CHE.7.4.22_1,2023,11,0,0
CHE.7.4.23_1,2023,11,0,0
CHE.7.4.24_1,2023,11,0,0
CHE.7.4.25_1,2023,11,0,0
CHE.7.4.26_1,2023,11,0,0
CHE.7.4.27_1,2023,11,0,0
CHE.7.4.28_1,2023,11,0,0
CHE.7.4.29_1,2023,11,0,0
CHE.7.4.3_1,2023,11,0,0
CHE.7.4.30_1,2023,11,0,0
CHE.7.4.31_1,2023,11,0,0
CHE.7.4.32_1,2023,11,0,0
CHE.7.4.33_1,2023,11,0,0
CHE.7.4.34_1,2023,11,0,0
CHE.7.4.35_1,2023,11,0,0
CHE.7.4.36_1,2023,11,0,0
CHE.7.4.4_1,2023,11,0,0
CHE.7.4.5_1,2023,11,0,0
CHE.7.4.6_1,2023,11,0,0
CHE.7.4.7_1,2023,11,0,0
CHE.7.4.8_1,2023,11,0,0
CHE.7.4.9_1,2023,11,0,0
CHE.7.5.1_1,2023,11,0,0
CHE.7.5.2_1,2023,11,0,0
CHE.7.5.3_1,2023,11,0,0
CHE.7.5.4_1,2023,11,0,0
CHE.7.5.5_1,2023,11,0,0
CHE.7.5.6_1,2023,11,0,0
CHE.7.5.7_1,2023,11,0,0
CHE.7.5.8_1,2023,11,0,0
CHE.7.5.9_1,2023,11,0,0
CHE.7.6.1_1,2023,11,0,0
CHE.7.6.10_1,2023,11,0,0
CHE.7.6.11_1,2023,11,0,0
CHE.7.6.12_1,2023,11,0,0
CHE.7.6.13_1,2023,11,0,0
CHE.7.6.14_1,2023,11,0,0
CHE.7.6.15_1,2023,11,0,0
CHE.7.6.16_1,2023,11,0,0
CHE.7.6.17_1,2023,11,0,0
CHE.7.6.18_1,2023,11,0,0
CHE.7.6.19_1,2023,11,0,0
CHE.7.6.2_1,2023,11,0,0
CHE.7.6.20_1,2023,11,0,0
CHE.7.6.21_1,2023,11,0,0
CHE.7.6.22_1,2023,11,0,0
CHE.7.6.23_1,2023,11,0,0
CHE.7.6.24_1,2023,11,0,0
CHE.7.6.25_1,2023,11,0,0
CHE.7.6.26_1,2023,11,0,0
CHE.7.6.27_1,2023,11,0,0
CHE.7.6.28_1,2023,11,0,0
CHE.7.6.3_1,2023,11,0,0
CHE.7.6.4_1,2023,11,0,0
CHE.7.6.5_1,2023,11,0,0
CHE.7.6.6_1,2023,11,0,0
CHE.7.6.7_1,2023,11,0,0
CHE.7.6.8_1,2023,11,0,0
CHE.7.6.9_1,2023,11,0,0
CHE.7.7.1_1,2023,11,0,0
CHE.7.7.10_1,2023,11,0,0
CHE.7.7.11_1,2023,11,0,0
CHE.7.7.12_1,2023,11,0,0
CHE.7.7.13_1,2023,11,0,0
CHE.7.7.14_1,2023,11,0,0
CHE.7.7.15_1,2023,11,0,0
CHE.7.7.16_1,2023,11,0,0
CHE.7.7.17_1,2023,11,0,0
CHE.7.7.18_1,2023,11,0,0
CHE.7.7.19_1,2023,11,0,0
CHE.7.7.2_1,2023,11,0,0
CHE.7.7.3_1,2023,11,0,0
CHE.7.7.4_1,2023,11,0,0
CHE.7.7.5_1,2023,11,0,0
CHE.7.7.6_1,2023,11,0,0
CHE.7.7.7_1,2023,11,0,0
CHE.7.7.8_1,2023,11,0,0
CHE.7.7.9_1,2023,11,0,0
CHE.8.1.1_1,2023,11,0,0
CHE.8.1.10_1,2023,11,0,0
CHE.8.1.11_1,2023,11,0,0
CHE.8.1.12_1,2023,11,0,0
CHE.8.1.13_1,2023,11,0,0
CHE.8.1.14_1,2023,11,0,0
CHE.8.1.15_1,2023,11,0,0
CHE.8.1.16_1,2023,11,0,0
CHE.8.1.17_1,2023,11,0,0
CHE.8.1.18_1,2023,11,0,0
CHE.8.1.19_1,2023,11,0,0
CHE.8.1.2_1,2023,11,0,0
CHE.8.1.20_1,2023,11,0,0
CHE.8.1.21_1,2023,11,0,0
CHE.8.1.22_1,2023,11,0,0
CHE.8.1.23_1,2023,11,0,0
CHE.8.1.24_1,2023,11,0,0
CHE.8.1.25_1,2023,11,0,0
CHE.8.1.26_1,2023,11,0,0
CHE.8.1.27_1,2023,11,0,0
CHE.8.1.28_1,2023,11,0,0
CHE.8.1.29_1,2023,11,0,0
CHE.8.1.3_1,2023,11,0,0
CHE.8.1.30_1,2023,11,0,0
CHE.8.1.31_1,2023,11,0,0
CHE.8.1.32_1,2023,11,0,0
CHE.8.1.33_1,2023,11,0,0
CHE.8.1.34_1,2023,11,0,0
CHE.8.1.35_1,2023,11,0,0
CHE.8.1.36_1,2023,11,0,0
CHE.8.1.37_1,2023,11,0,0
CHE.8.1.38_1,2023,11,0,0
CHE.8.1.39_1,2023,11,0,0
CHE.8.1.4_1,2023,11,0,0
CHE.8.1.40_1,2023,11,0,0
CHE.8.1.41_1,2023,11,0,0
CHE.8.1.42_1,2023,11,0,0
CHE.8.1.43_1,2023,11,0,0
CHE.8.1.44_1,2023,11,0,0
CHE.8.1.45_1,2023,11,0,0
CHE.8.1.46_1,2023,11,0,0
CHE.8.1.5_1,2023,11,0,0
CHE.8.1.6_1,2023,11,0,0
CHE.8.1.7_1,2023,11,0,0
CHE.8.1.8_1,2023,11,0,0
CHE.8.1.9_1,2023,11,0,0
CHE.9.1.1_1,2023,11,0,0
CHE.9.1.10_1,2023,11,0,0
CHE.9.1.11_1,2023,11,0,0
CHE.9.1.12_1,2023,11,0,0
CHE.9.1.13_1,2023,11,0,0
CHE.9.1.14_1,2023,11,0,0
CHE.9.1.15_1,2023,11,0,0
CHE.9.1.16_1,2023,11,0,0
CHE.9.1.17_1,2023,11,0,0
CHE.9.1.18_1,2023,11,0,0
CHE.9.1.19_1,2023,11,0,0
CHE.9.1.2_1,2023,11,0,0
CHE.9.1.20_1,2023,11,0,0
CHE.9.1.21_1,2023,11,0,0
CHE.9.1.22_1,2023,11,0,0
CHE.9.1.23_1,2023,11,0,0
CHE.9.1.24_1,2023,11,0,0
CHE.9.1.25_1,2023,11,0,0
CHE.9.1.26_1,2023,11,0,0
CHE.9.1.3_1,2023,11,0,0
CHE.9.1.4_1,2023,11,0,0
CHE.9.1.5_1,2023,11,0,0
CHE.9.1.6_1,2023,11,0,0
CHE.9.1.7_1,2023,11,0,0
CHE.9.1.8_1,2023,11,0,0
CHE.9.1.9_1,2023,11,0,0
CYP.1_1,2023,11,0,0
CYP.2_1,2023,11,0,0
CYP.3_1,2023,11,0,0
CYP.4_1,2023,11,0,0
CYP.5_1,2023,11,0,0
CZE.1.1_1,2023,11,0,0
CZE.1.2_1,2023,11,0,0
CZE.1.3_1,2023,11,0,0
CZE.1.4_1,2023,11,0,0
CZE.1.5_1,2023,11,0,0
CZE.1.6_1,2023,11,0,0
CZE.1.7_1,2023,11,0,0
CZE.10.1_1,2023,11,0,0
CZE.10.2_1,2023,11,0,0
CZE.10.3_1,2023,11,0,0
CZE.10.4_1,2023,11,0,0
CZE.10.5_1,2023,11,0,0
CZE.10.6_1,2023,11,0,0
CZE.10.7_1,2023,11,0,0
CZE.11.10_1,2023,11,0,0
CZE.11.11_1,2023,11,0,0
CZE.11.12_1,2023,11,0,0
CZE.11.13_1,2023,11,0,0
CZE.11.14_1,2023,11,0,0
CZE.11.15_1,2023,11,0,0
CZE.11.16_1,2023,11,0,0
CZE.11.17_1,2023,11,0,0
CZE.11.18_1,2023,11,0,0
CZE.11.19_1,2023,11,0,0
CZE.11.2_1,2023,11,0,0
CZE.11.20_1,2023,11,0,0
CZE.11.21_1,2023,11,0,0
CZE.11.22_1,2023,11,0,0
CZE.11.3_1,2023,11,0,0
CZE.11.4_1,2023,11,0,0
CZE.11.5_1,2023,11,0,0
CZE.11.6_1,2023,11,0,0
CZE.11.7_1,2023,11,0,0
CZE.11.8_1,2023,11,0,0
CZE.11.9_1,2023,11,0,0
CZE.12.1_1,2023,11,0,0
CZE.12.10_1,2023,11,0,0
CZE.12.11_1,2023,11,0,0
CZE.12.12_1,2023,11,0,0
CZE.12.2_1,2023,11,0,0
CZE.12.3_1,2023,11,0,0
CZE.12.4_1,2023,11,0,0
CZE.12.5_1,2023,11,0,0
CZE.12.6_1,2023,11,0,0
CZE.12.7_1,2023,11,0,0
CZE.12.8_1,2023,11,0,0
CZE.12.9_1,2023,11,0,0
CZE.13.1_1,2023,11,0,0
CZE.13.2_1,2023,11,0,0
CZE.13.3_1,2023,11,0,0
CZE.13.4_1,2023,11,0,0
CZE.13.5_1,2023,11,0,0
CZE.13.6_1,2023,11,0,0
CZE.13.7_1,2023,11,0,0
CZE.14.1_1,2023,11,0,0
CZE.14.2_1,2023,11,0,0
CZE.14.3_1,2023,11,0,0
CZE.14.4_1,2023,11,0,0
CZE.2.1_1,2023,11,0,0
CZE.2.2_1,2023,11,0,0
CZE.2.3_1,2023,11,0,0
CZE.2.4_1,2023,11,0,0
CZE.2.5_1,2023,11,0,0
CZE.2.6_1,2023,11,0,0
CZE.2.7_1,2023,11,0,0
CZE.3.1_1,2023,11,0,0
CZE.3.2_1,2023,11,0,0
CZE.3.3_1,2023,11,0,0
CZE.4.1_1,2023,11,0,0
CZE.4.2_1,2023,11,0,0
CZE.4.3_1,2023,11,0,0
CZE.4.4_1,2023,11,0,0
CZE.4.5_1,2023,11,0,0
CZE.5.1_1,2023,11,0,0
CZE.5.2_1,2023,11,0,0
CZE.5.3_1,2023,11,0,0
CZE.5.4_1,2023,11,0,0
CZE.5.5_1,2023,11,0,0
CZE.6.1_1,2023,11,0,0
CZE.6.2_1,2023,11,0,0
CZE.6.3_1,2023,11,0,0
CZE.6.4_1,2023,11,0,0
CZE.7.1_1,2023,11,0,0
CZE.7.2_1,2023,11,0,0
CZE.7.5_1,2023,11,0,0
CZE.8.1_1,2023,11,0,0
CZE.8.2_1,2023,11,0,0
CZE.8.3_1,2023,11,0,0
CZE.8.4_1,2023,11,0,0
CZE.8.5_1,2023,11,0,0
CZE.9.1_1,2023,11,0,0
CZE.9.2_1,2023,11,0,0
CZE.9.3_1,2023,11,0,0
CZE.9.4_1,2023,11,0,0
DEU.1.1.1.1_1,2023,11,0,0
DEU.1.1.1.2_1,2023,11,0,0
DEU.1.1.10.1_1,2023,11,0,0
DEU.1.1.10.10_1,2023,11,0,0
DEU.1.1.10.11_1,2023,11,0,0
DEU.1.1.10.12_1,2023,11,0,0
DEU.1.1.10.13_1,2023,11,0,0
DEU.1.1.10.14_1,2023,11,0,0
DEU.1.1.10.2_1,2023,11,0,0
DEU.1.1.10.3_1,2023,11,0,0
DEU.1.1.10.4_1,2023,11,0,0
DEU.1.1.10.5_1,2023,11,0,0
DEU.1.1.10.6_1,2023,11,0,0
DEU.1.1.10.7_1,2023,11,0,0
DEU.1.1.10.8_1,2023,11,0,0
DEU.1.1.10.9_1,2023,11,0,0
DEU.1.1.11.1_1,2023,11,0,0
DEU.1.1.11.2_1,2023,11,0,0
DEU.1.1.12.1_1,2023,11,0,0
DEU.1.1.13.1_1,2023,11,0,0
DEU.1.1.13.10_1,2023,11,0,0
DEU.1.1.13.11_1,2023,11,0,0
DEU.1.1.13.12_1,2023,11,0,0
DEU.1.1.13.13_1,2023,11,0,0
DEU.1.1.13.2_1,2023,11,0,0
DEU.1.1.13.3_1,2023,11,0,0
DEU.1.1.13.4_1,2023,11,0,0
DEU.1.1.13.5_1,2023,11,0,0
DEU.1.1.13.6_1,2023,11,0,0
DEU.1.1.13.7_1,2023,11,0,0
DEU.1.1.13.8_1,2023,11,0,0
DEU.1.1.13.9_1,2023,11,0,0
DEU.1.1.2.1_1,2023,11,0,0
DEU.1.1.2.2_1,2023,11,0,0
DEU.1.1.3.1_1,2023,11,0,0
DEU.1.1.4.1_1,2023,11,0,0
DEU.1.1.4.2_1,2023,11,0,0
DEU.1.1.4.3_1,2023,11,0,0
DEU.1.1.5.1_1,2023,11,0,0
DEU.1.1.5.2_1,2023,11,0,0
DEU.1.1.5.3_1,2023,11,0,0
DEU.1.1.6.1_1,2023,11,0,0
DEU.1.1.6.2_1,2023,11,0,0
DEU.1.1.6.3_1,2023,11,0,0
DEU.1.1.6.4_1,2023,11,0,0
DEU.1.1.7.1_1,2023,11,0,0
DEU.1.1.8.1_1,2023,11,0,0
DEU.1.1.8.2_1,2023,11,0,0
DEU.1.1.8.3_1,2023,11,0,0
DEU.1.1.8.4_1,2023,11,0,0
DEU.1.1.9.1_1,2023,11,0,0
DEU.1.1.9.2_1,2023,11,0,0
DEU.1.1.9.3_1,2023,11,0,0
DEU.1.1.9.4_1,2023,11,0,0
DEU.1.1.9.5_1,2023,11,0,0
DEU.1.10.1.1_1,2023,11,0,0
DEU.1.10.10.1_1,2023,11,0,0
DEU.1.10.10.2_1,2023,11,0,0
DEU.1.10.11.1_1,2023,11,0,0
DEU.1.10.11.2_1,2023,11,0,0
DEU.1.10.11.3_1,2023,11,0,0
DEU.1.10.12.1_1,2023,11,0,0
DEU.1.10.13.1_1,2023,11,0,0
DEU.1.10.14.1_1,2023,11,0,0
DEU.1.10.15.1_1,2023,11,0,0
DEU.1.10.15.2_1,2023,11,0,0
DEU.1.10.2.1_1,2023,11,0,0
DEU.1.10.2.2_1,2023,11,0,0
DEU.1.10.2.3_1,2023,11,0,0
DEU.1.10.2.4_1,2023,11,0,0
DEU.1.10.2.5_1,2023,11,0,0
DEU.1.10.2.6_1,2023,11,0,0
DEU.1.10.3.1_1,2023,11,0,0
DEU.1.10.4.1_1,2023,11,0,0
DEU.1.10.5.1_1,2023,11,0,0
DEU.1.10.5.2_1,2023,11,0,0
DEU.1.10.5.3_1,2023,11,0,0
DEU.1.10.6.1_1,2023,11,0,0
DEU.1.10.7.1_1,2023,11,0,0
DEU.1.10.8.1_1,2023,11,0,0
DEU.1.10.8.2_1,2023,11,0,0
DEU.1.10.9.1_1,2023,11,0,0
DEU.1.10.9.2_1,2023,11,0,0
DEU.1.11.1.1_1,2023,11,0,0
DEU.1.11.10_1,2023,11,0,0
DEU.1.11.10.1_1,2023,11,0,0
DEU.1.11.10.2_1,2023,11,0,0
DEU.1.11.10.3_1,2023,11,0,0
DEU.1.11.11.1_1,2023,11,0,0
DEU.1.11.12.1_1,2023,11,0,0
DEU.1.11.12.2_1,2023,11,0,0
DEU.1.11.12.3_1,2023,11,0,0
DEU.1.11.12.4_1,2023,11,0,0
DEU.1.11.12.5_1,2023,11,0,0
DEU.1.11.12.6_1,2023,11,0,0
DEU.1.11.13.1_1,2023,11,0,0
DEU.1.11.14.1_1,2023,11,0,0
DEU.1.11.14.2_1,2023,11,0,0
DEU.1.11.14.3_1,2023,11,0,0
DEU.1.11.15.1_1,2023,11,0,0
DEU.1.11.15.2_1,2023,11,0,0
DEU.1.11.15.3_1,2023,11,0,0
DEU.1.11.15.4_1,2023,11,0,0
DEU.1.11.16.1_1,2023,11,0,0
DEU.1.11.16.2_1,2023,11,0,0
DEU.1.11.16.3_1,2023,11,0,0
DEU.1.11.16.4_1,2023,11,0,0
DEU.1.11.16.5_1,2023,11,0,0
DEU.1.11.17_1,2023,11,0,0
DEU.1.11.17.1_1,2023,11,0,0
DEU.1.11.17.2_1,2023,11,0,0
DEU.1.11.18.1_1,2023,11,0,0
DEU.1.11.2.1_1,2023,11,0,0
DEU.1.11.3.1_1,2023,11,0,0
DEU.1.11.4.1_1,2023,11,0,0
DEU.1.11.5.1_1,2023,11,0,0
DEU.1.11.6.1_1,2023,11,0,0
DEU.1.11.6.2_1,2023,11,0,0
DEU.1.11.6.3_1,2023,11,0,0
DEU.1.11.7.1_1,2023,11,0,0
DEU.1.11.8.1_1,2023,11,0,0
DEU.1.11.8.2_1,2023,11,0,0
DEU.1.11.8.3_1,2023,11,0,0
DEU.1.11.9.1_1,2023,11,0,0
DEU.1.11.9.2_1,2023,11,0,0
DEU.1.11.9.3_1,2023,11,0,0
DEU.1.11.9.4_1,2023,11,0,0
DEU.1.11.9.5_1,2023,11,0,0
DEU.1.11.9.6_1,2023,11,0,0
DEU.1.12.1.1_1,2023,11,0,0
DEU.1.13.1.1_1,2023,11,0,0
DEU.1.13.2.1_1,2023,11,0,0
DEU.1.13.3.1_1,2023,11,0,0
DEU.1.13.3.2_1,2023,11,0,0
DEU.1.13.3.3_1,2023,11,0,0
DEU.1.13.3.4_1,2023,11,0,0
DEU.1.13.4.1_1,2023,11,0,0
DEU.1.13.4.2_1,2023,11,0,0
DEU.1.13.4.3_1,2023,11,0,0
DEU.1.13.5.1_1,2023,11,0,0
DEU.1.13.5.2_1,2023,11,0,0
DEU.1.13.5.3_1,2023,11,0,0
DEU.1.13.6.1_1,2023,11,0,0
DEU.1.13.7.1_1,2023,11,0,0
DEU.1.13.7.2_1,2023,11,0,0
DEU.1.13.7.3_1,2023,11,0,0
DEU.1.14.1.1_1,2023,11,0,0
DEU.1.14.10.1_1,2023,11,0,0
DEU.1.14.10.2_1,2023,11,0,0
DEU.1.14.10.3_1,2023,11,0,0
DEU.1.14.10.4_1,2023,11,0,0
DEU.1.14.10.5_1,2023,11,0,0
DEU.1.14.10.6_1,2023,11,0,0
DEU.1.14.11.1_1,2023,11,0,0
DEU.1.14.11.2_1,2023,11,0,0
DEU.1.14.12.1_1,2023,11,0,0
DEU.1.14.12.2_1,2023,11,0,0
DEU.1.14.2.1_1,2023,11,0,0
DEU.1.14.2.2_1,2023,11,0,0
DEU.1.14.3.1_1,2023,11,0,0
DEU.1.14.3.2_1,2023,11,0,0
DEU.1.14.4.1_1,2023,11,0,0
DEU.1.14.4.2_1,2023,11,0,0
DEU.1.14.4.3_1,2023,11,0,0
DEU.1.14.5.1_1,2023,11,0,0
DEU.1.14.5.2_1,2023,11,0,0
DEU.1.14.5.3_1,2023,11,0,0
DEU.1.14.6.1_1,2023,11,0,0
DEU.1.14.6.2_1,2023,11,0,0
DEU.1.14.6.3_1,2023,11,0,0
DEU.1.14.6.4_1,2023,11,0,0
DEU.1.14.7.1_1,2023,11,0,0
DEU.1.14.7.2_1,2023,11,0,0
DEU.1.14.7.3_1,2023,11,0,0
DEU.1.14.7.4_1,2023,11,0,0
DEU.1.14.8.1_1,2023,11,0,0
DEU.1.14.8.2_1,2023,11,0,0
DEU.1.14.8.3_1,2023,11,0,0
DEU.1.14.8.4_1,2023,11,0,0
DEU.1.14.8.5_1,2023,11,0,0
DEU.1.14.9.1_1,2023,11,0,0
DEU.1.14.9.2_1,2023,11,0,0
DEU.1.14.9.3_1,2023,11,0,0
DEU.1.14.9.4_1,2023,11,0,0
DEU.1.15.1.1_1,2023,11,0,0
DEU.1.16.1.1_1,2023,11,0,0
DEU.1.16.2.1_1,2023,11,0,0
DEU.1.16.3.1_1,2023,11,0,0
DEU.1.16.3.2_1,2023,11,0,0
DEU.1.16.4.1_1,2023,11,0,0
DEU.1.16.4.2_1,2023,11,0,0
DEU.1.16.5.1_1,2023,11,0,0
DEU.1.16.6.1_1,2023,11,0,0
DEU.1.16.7.1_1,2023,11,0,0
DEU.1.16.7.2_1,2023,11,0,0
DEU.1.16.8.1_1,2023,11,0,0
DEU.1.17.1.1_1,2023,11,0,0
DEU.1.18.1.1_1,2023,11,0,0
DEU.1.18.1.2_1,2023,11,0,0
DEU.1.18.1.3_1,2023,11,0,0
DEU.1.18.10.1_1,2023,11,0,0
DEU.1.18.10.2_1,2023,11,0,0
DEU.1.18.10.3_1,2023,11,0,0
DEU.1.18.10.4_1,2023,11,0,0
DEU.1.18.11.1_1,2023,11,0,0
DEU.1.18.11.2_1,2023,11,0,0
DEU.1.18.11.3_1,2023,11,0,0
DEU.1.18.12.1_1,2023,11,0,0
DEU.1.18.13.1_1,2023,11,0,0
DEU.1.18.13.2_1,2023,11,0,0
DEU.1.18.13.3_1,2023,11,0,0
DEU.1.18.14.1_1,2023,11,0,0
DEU.1.18.14.2_1,2023,11,0,0
DEU.1.18.14.3_1,2023,11,0,0
DEU.1.18.15.1_1,2023,11,0,0
DEU.1.18.15.2_1,2023,11,0,0
DEU.1.18.16.1_1,2023,11,0,0
DEU.1.18.16.2_1,2023,11,0,0
DEU.1.18.16.3_1,2023,11,0,0
DEU.1.18.16.4_1,2023,11,0,0
DEU.1.18.17.1_1,2023,11,0,0
DEU.1.18.17.2_1,2023,11,0,0
DEU.1.18.17.3_1,2023,11,0,0
DEU.1.18.17.4_1,2023,11,0,0
DEU.1.18.18.1_1,2023,11,0,0
DEU.1.18.18.2_1,2023,11,0,0
DEU.1.18.19.1_1,2023,11,0,0
DEU.1.18.2.1_1,2023,11,0,0
DEU.1.18.2.2_1,2023,11,0,0
DEU.1.18.2.3_1,2023,11,0,0
DEU.1.18.3.1_1,2023,11,0,0
DEU.1.18.4.1_1,2023,11,0,0
DEU.1.18.4.2_1,2023,11,0,0
DEU.1.18.5.1_1,2023,11,0,0
DEU.1.18.5.2_1,2023,11,0,0
DEU.1.18.5.3_1,2023,11,0,0
DEU.1.18.6.1_1,2023,11,0,0
DEU.1.18.6.2_1,2023,11,0,0
DEU.1.18.7.1_1,2023,11,0,0
DEU.1.18.8.1_1,2023,11,0,0
DEU.1.18.8.2_1,2023,11,0,0
DEU.1.18.8.3_1,2023,11,0,0
DEU.1.18.9.1_1,2023,11,0,0
DEU.1.19.1.1_1,2023,11,0,0
DEU.1.19.2.1_1,2023,11,0,0
DEU.1.19.2.2_1,2023,11,0,0
DEU.1.19.2.3_1,2023,11,0,0
DEU.1.19.3.1_1,2023,11,0,0
DEU.1.19.3.2_1,2023,11,0,0
DEU.1.19.3.3_1,2023,11,0,0
DEU.1.19.4.1_1,2023,11,0,0
DEU.1.19.4.2_1,2023,11,0,0
DEU.1.19.5.1_1,2023,11,0,0
DEU.1.19.5.2_1,2023,11,0,0
DEU.1.19.5.3_1,2023,11,0,0
DEU.1.19.6.1_1,2023,11,0,0
DEU.1.19.6.2_1,2023,11,0,0
DEU.1.19.6.3_1,2023,11,0,0
DEU.1.19.7.1_1,2023,11,0,0
DEU.1.2.1.1_1,2023,11,0,0
DEU.1.20.1.1_1,2023,11,0,0
DEU.1.21.1.1_1,2023,11,0,0
DEU.1.21.1.2_1,2023,11,0,0
DEU.1.21.10.1_1,2023,11,0,0
DEU.1.21.11.1_1,2023,11,0,0
DEU.1.21.12.1_1,2023,11,0,0
DEU.1.21.12.2_1,2023,11,0,0
DEU.1.21.13.1_1,2023,11,0,0
DEU.1.21.14.1_1,2023,11,0,0
DEU.1.21.15.1_1,2023,11,0,0
DEU.1.21.15.2_1,2023,11,0,0
DEU.1.21.16.1_1,2023,11,0,0
DEU.1.21.17.1_1,2023,11,0,0
DEU.1.21.18.1_1,2023,11,0,0
DEU.1.21.18.2_1,2023,11,0,0
DEU.1.21.19.1_1,2023,11,0,0
DEU.1.21.2.1_1,2023,11,0,0
DEU.1.21.2.2_1,2023,11,0,0
DEU.1.21.20.1_1,2023,11,0,0
DEU.1.21.21.1_1,2023,11,0,0
DEU.1.21.22.1_1,2023,11,0,0
DEU.1.21.23.1_1,2023,11,0,0
DEU.1.21.3.1_1,2023,11,0,0
DEU.1.21.3.2_1,2023,11,0,0
DEU.1.21.3.3_1,2023,11,0,0
DEU.1.21.3.4_1,2023,11,0,0
DEU.1.21.4.1_1,2023,11,0,0
DEU.1.21.5.1_1,2023,11,0,0
DEU.1.21.6.1_1,2023,11,0,0
DEU.1.21.6.2_1,2023,11,0,0
DEU.1.21.7.1_1,2023,11,0,0
DEU.1.21.8.1_1,2023,11,0,0
DEU.1.21.9.1_1,2023,11,0,0
DEU.1.22.1.1_1,2023,11,0,0
DEU.1.22.1.2_1,2023,11,0,0
DEU.1.22.1.3_1,2023,11,0,0
DEU.1.22.10.1_1,2023,11,0,0
DEU.1.22.2.1_1,2023,11,0,0
DEU.1.22.2.2_1,2023,11,0,0
DEU.1.22.2.3_1,2023,11,0,0
DEU.1.22.3.1_1,2023,11,0,0
DEU.1.22.4.1_1,2023,11,0,0
DEU.1.22.4.2_1,2023,11,0,0
DEU.1.22.4.3_1,2023,11,0,0
DEU.1.22.5.1_1,2023,11,0,0
DEU.1.22.5.2_1,2023,11,0,0
DEU.1.22.5.3_1,2023,11,0,0
DEU.1.22.6.1_1,2023,11,0,0
DEU.1.22.7.1_1,2023,11,0,0
DEU.1.22.7.2_1,2023,11,0,0
DEU.1.22.7.3_1,2023,11,0,0
DEU.1.22.7.4_1,2023,11,0,0
DEU.1.22.8.1_1,2023,11,0,0
DEU.1.22.8.2_1,2023,11,0,0
DEU.1.22.8.3_1,2023,11,0,0
DEU.1.22.8.4_1,2023,11,0,0
DEU.1.22.8.5_1,2023,11,0,0
DEU.1.22.8.6_1,2023,11,0,0
DEU.1.22.9.1_1,2023,11,0,0
DEU.1.23.1.1_1,2023,11,0,0
DEU.1.23.10.1_1,2023,11,0,0
DEU.1.23.11.1_1,2023,11,0,0
DEU.1.23.12.1_1,2023,11,0,0
DEU.1.23.12.2_1,2023,11,0,0
DEU.1.23.12.3_1,2023,11,0,0
DEU.1.23.12.4_1,2023,11,0,0
DEU.1.23.12.5_1,2023,11,0,0
DEU.1.23.12.6_1,2023,11,0,0
DEU.1.23.13.1_1,2023,11,0,0
DEU.1.23.14.1_1,2023,11,0,0
DEU.1.23.14.2_1,2023,11,0,0
DEU.1.23.2.1_1,2023,11,0,0
DEU.1.23.3.1_1,2023,11,0,0
DEU.1.23.3.2_1,2023,11,0,0
DEU.1.23.4.1_1,2023,11,0,0
DEU.1.23.5.1_1,2023,11,0,0
DEU.1.23.5.2_1,2023,11,0,0
DEU.1.23.6.1_1,2023,11,0,0
DEU.1.23.6.2_1,2023,11,0,0
DEU.1.23.7.1_1,2023,11,0,0
DEU.1.23.7.2_1,2023,11,0,0
DEU.1.23.8.1_1,2023,11,0,0
DEU.1.23.8.2_1,2023,11,0,0
DEU.1.23.8.3_1,2023,11,0,0
DEU.1.23.8.4_1,2023,11,0,0
DEU.1.23.8.5_1,2023,11,0,0
DEU.1.23.8.6_1,2023,11,0,0
DEU.1.23.8.7_1,2023,11,0,0
DEU.1.23.8.8_1,2023,11,0,0
DEU.1.23.8.9_1,2023,11,0,0
DEU.1.23.9.1_1,2023,11,0,0
DEU.1.23.9.2_1,2023,11,0,0
DEU.1.23.9.3_1,2023,11,0,0
DEU.1.23.9.4_1,2023,11,0,0
DEU.1.24.1.1_1,2023,11,0,0
DEU.1.24.10.1_1,2023,11,0,0
DEU.1.24.11.1_1,2023,11,0,0
DEU.1.24.12.1_1,2023,11,0,0
DEU.1.24.12.2_1,2023,11,0,0
DEU.1.24.12.3_1,2023,11,0,0
DEU.1.24.12.4_1,2023,11,0,0
DEU.1.24.13.1_1,2023,11,0,0
DEU.1.24.14.1_1,2023,11,0,0
DEU.1.24.15.1_1,2023,11,0,0
DEU.1.24.16.1_1,2023,11,0,0
DEU.1.24.17.1_1,2023,11,0,0
DEU.1.24.18.1_1,2023,11,0,0
DEU.1.24.18.2_1,2023,11,0,0
DEU.1.24.19.1_1,2023,11,0,0
DEU.1.24.19.2_1,2023,11,0,0
DEU.1.24.2.1_1,2023,11,0,0
DEU.1.24.2.2_1,2023,11,0,0
DEU.1.24.2.3_1,2023,11,0,0
DEU.1.24.2.4_1,2023,11,0,0
DEU.1.24.2.5_1,2023,11,0,0
DEU.1.24.2.6_1,2023,11,0,0
DEU.1.24.2.7_1,2023,11,0,0
DEU.1.24.20.1_1,2023,11,0,0
DEU.1.24.20.2_1,2023,11,0,0
DEU.1.24.20.3_1,2023,11,0,0
DEU.1.24.20.4_1,2023,11,0,0
DEU.1.24.3.1_1,2023,11,0,0
DEU.1.24.3.2_1,2023,11,0,0
DEU.1.24.3.3_1,2023,11,0,0
DEU.1.24.4.1_1,2023,11,0,0
DEU.1.24.4.2_1,2023,11,0,0
DEU.1.24.4.3_1,2023,11,0,0
DEU.1.24.5.1_1,2023,11,0,0
DEU.1.24.6.1_1,2023,11,0,0
DEU.1.24.6.2_1,2023,11,0,0
DEU.1.24.7.1_1,2023,11,0,0
DEU.1.24.8.1_1,2023,11,0,0
DEU.1.24.9.1_1,2023,11,0,0
DEU.1.25.1.1_1,2023,11,0,0
DEU.1.25.1.2_1,2023,11,0,0
DEU.1.25.1.3_1,2023,11,0,0
DEU.1.25.10.1_1,2023,11,0,0
DEU.1.25.11.1_1,2023,11,0,0
DEU.1.25.2.1_1,2023,11,0,0
DEU.1.25.2.2_1,2023,11,0,0
DEU.1.25.3.1_1,2023,11,0,0
DEU.1.25.4.1_1,2023,11,0,0
DEU.1.25.5.1_1,2023,11,0,0
DEU.1.25.5.2_1,2023,11,0,0
DEU.1.25.6.1_1,2023,11,0,0
DEU.1.25.7.1_1,2023,11,0,0
DEU.1.25.8.1_1,2023,11,0,0
DEU.1.25.9.1_1,2023,11,0,0
DEU.1.25.9.2_1,2023,11,0,0
DEU.1.25.9.3_1,2023,11,0,0
DEU.1.25.9.4_1,2023,11,0,0
DEU.1.26.1.1_1,2023,11,0,0
DEU.1.27.1.1_1,2023,11,0,0
DEU.1.27.10.1_1,2023,11,0,0
DEU.1.27.10.2_1,2023,11,0,0
DEU.1.27.11.1_1,2023,11,0,0
DEU.1.27.11.2_1,2023,11,0,0
DEU.1.27.2.1_1,2023,11,0,0
DEU.1.27.2.2_1,2023,11,0,0
DEU.1.27.2.3_1,2023,11,0,0
DEU.1.27.3.1_1,2023,11,0,0
DEU.1.27.3.2_1,2023,11,0,0
DEU.1.27.4.1_1,2023,11,0,0
DEU.1.27.4.2_1,2023,11,0,0
DEU.1.27.4.3_1,2023,11,0,0
DEU.1.27.5.1_1,2023,11,0,0
DEU.1.27.5.2_1,2023,11,0,0
DEU.1.27.6.1_1,2023,11,0,0
DEU.1.27.6.2_1,2023,11,0,0
DEU.1.27.6.3_1,2023,11,0,0
DEU.1.27.6.4_1,2023,11,0,0
DEU.1.27.7.1_1,2023,11,0,0
DEU.1.27.8.1_1,2023,11,0,0
DEU.1.27.8.2_1,2023,11,0,0
DEU.1.27.8.3_1,2023,11,0,0
DEU.1.27.8.4_1,2023,11,0,0
DEU.1.27.9.1_1,2023,11,0,0
DEU.1.27.9.2_1,2023,11,0,0
DEU.1.27.9.3_1,2023,11,0,0
DEU.1.28.1.1_1,2023,11,0,0
DEU.1.28.1.2_1,2023,11,0,0
DEU.1.28.1.3_1,2023,11,0,0
DEU.1.28.1.4_1,2023,11,0,0
DEU.1.28.10.1_1,2023,11,0,0
DEU.1.28.11.1_1,2023,11,0,0
DEU.1.28.11.2_1,2023,11,0,0
DEU.1.28.12.1_1,2023,11,0,0
DEU.1.28.13.1_1,2023,11,0,0
DEU.1.28.13.2_1,2023,11,0,0
DEU.1.28.14.1_1,2023,11,0,0
DEU.1.28.14.2_1,2023,11,0,0
DEU.1.28.14.3_1,2023,11,0,0
DEU.1.28.15.1_1,2023,11,0,0
DEU.1.28.15.2_1,2023,11,0,0
DEU.1.28.15.3_1,2023,11,0,0
DEU.1.28.15.4_1,2023,11,0,0
DEU.1.28.15.5_1,2023,11,0,0
DEU.1.28.16.1_1,2023,11,0,0
DEU.1.28.17.1_1,2023,11,0,0
DEU.1.28.17.2_1,2023,11,0,0
DEU.1.28.18.1_1,2023,11,0,0
DEU.1.28.18.2_1,2023,11,0,0
DEU.1.28.19.1_1,2023,11,0,0
DEU.1.28.2.1_1,2023,11,0,0
DEU.1.28.20.1_1,2023,11,0,0
DEU.1.28.20.2_1,2023,11,0,0
DEU.1.28.21.1_1,2023,11,0,0
DEU.1.28.21.2_1,2023,11,0,0
DEU.1.28.21.3_1,2023,11,0,0
DEU.1.28.21.4_1,2023,11,0,0
DEU.1.28.3_1,2023,11,0,0
DEU.1.28.3.1_1,2023,11,0,0
DEU.1.28.3.2_1,2023,11,0,0
DEU.1.28.3.3_1,2023,11,0,0
DEU.1.28.3.4_1,2023,11,0,0
DEU.1.28.3.5_1,2023,11,0,0
DEU.1.28.4.1_1,2023,11,0,0
DEU.1.28.5.1_1,2023,11,0,0
DEU.1.28.5.2_1,2023,11,0,0
DEU.1.28.5.3_1,2023,11,0,0
DEU.1.28.6.1_1,2023,11,0,0
DEU.1.28.6.2_1,2023,11,0,0
DEU.1.28.6.3_1,2023,11,0,0
DEU.1.28.6.4_1,2023,11,0,0
DEU.1.28.6.5_1,2023,11,0,0
DEU.1.28.7.1_1,2023,11,0,0
DEU.1.28.7.2_1,2023,11,0,0
DEU.1.28.8.1_1,2023,11,0,0
DEU.1.28.9.1_1,2023,11,0,0
DEU.1.28.9.2_1,2023,11,0,0
DEU.1.28.9.3_1,2023,11,0,0
DEU.1.29.1.1_1,2023,11,0,0
DEU.1.29.1.2_1,2023,11,0,0
DEU.1.29.1.3_1,2023,11,0,0
DEU.1.29.10.1_1,2023,11,0,0
DEU.1.29.11.1_1,2023,11,0,0
DEU.1.29.11.2_1,2023,11,0,0
DEU.1.29.11.3_1,2023,11,0,0
DEU.1.29.11.4_1,2023,11,0,0
DEU.1.29.11.5_1,2023,11,0,0
DEU.1.29.12.1_1,2023,11,0,0
DEU.1.29.12.2_1,2023,11,0,0
DEU.1.29.13.1_1,2023,11,0,0
DEU.1.29.13.2_1,2023,11,0,0
DEU.1.29.13.3_1,2023,11,0,0
DEU.1.29.13.4_1,2023,11,0,0
DEU.1.29.13.5_1,2023,11,0,0
DEU.1.29.14.1_1,2023,11,0,0
DEU.1.29.14.2_1,2023,11,0,0
DEU.1.29.14.3_1,2023,11,0,0
DEU.1.29.2.1_1,2023,11,0,0
DEU.1.29.3.1_1,2023,11,0,0
DEU.1.29.3.2_1,2023,11,0,0
DEU.1.29.3.3_1,2023,11,0,0
DEU.1.29.4.1_1,2023,11,0,0
DEU.1.29.4.2_1,2023,11,0,0
DEU.1.29.4.3_1,2023,11,0,0
DEU.1.29.4.4_1,2023,11,0,0
DEU.1.29.4.5_1,2023,11,0,0
DEU.1.29.4.6_1,2023,11,0,0
DEU.1.29.4.7_1,2023,11,0,0
DEU.1.29.4.8_1,2023,11,0,0
DEU.1.29.5.1_1,2023,11,0,0
DEU.1.29.6.1_1,2023,11,0,0
DEU.1.29.6.2_1,2023,11,0,0
DEU.1.29.7.1_1,2023,11,0,0
DEU.1.29.7.2_1,2023,11,0,0
DEU.1.29.7.3_1,2023,11,0,0
DEU.1.29.7.4_1,2023,11,0,0
DEU.1.29.7.5_1,2023,11,0,0
DEU.1.29.7.6_1,2023,11,0,0
DEU.1.29.8.1_1,2023,11,0,0
DEU.1.29.9.1_1,2023,11,0,0
DEU.1.3.1.1_1,2023,11,0,0
DEU.1.3.1.10_1,2023,11,0,0
DEU.1.3.1.2_1,2023,11,0,0
DEU.1.3.1.3_1,2023,11,0,0
DEU.1.3.1.4_1,2023,11,0,0
DEU.1.3.1.5_1,2023,11,0,0
DEU.1.3.1.6_1,2023,11,0,0
DEU.1.3.1.7_1,2023,11,0,0
DEU.1.3.1.8_1,2023,11,0,0
DEU.1.3.1.9_1,2023,11,0,0
DEU.1.3.10.1_1,2023,11,0,0
DEU.1.3.10.2_1,2023,11,0,0
DEU.1.3.2.1_1,2023,11,0,0
DEU.1.3.2.2_1,2023,11,0,0
DEU.1.3.3.1_1,2023,11,0,0
DEU.1.3.3.2_1,2023,11,0,0
DEU.1.3.3.3_1,2023,11,0,0
DEU.1.3.3.4_1,2023,11,0,0
DEU.1.3.3.5_1,2023,11,0,0
DEU.1.3.3.6_1,2023,11,0,0
DEU.1.3.3.7_1,2023,11,0,0
DEU.1.3.3.8_1,2023,11,0,0
DEU.1.3.4.1_1,2023,11,0,0
DEU.1.3.4.2_1,2023,11,0,0
DEU.1.3.4.3_1,2023,11,0,0
DEU.1.3.4.4_1,2023,11,0,0
DEU.1.3.4.5_1,2023,11,0,0
DEU.1.3.5.1_1,2023,11,0,0
DEU.1.3.5.2_1,2023,11,0,0
DEU.1.3.5.3_1,2023,11,0,0
DEU.1.3.5.4_1,2023,11,0,0
DEU.1.3.6.1_1,2023,11,0,0
DEU.1.3.6.2_1,2023,11,0,0
DEU.1.3.6.3_1,2023,11,0,0
DEU.1.3.6.4_1,2023,11,0,0
DEU.1.3.7.1_1,2023,11,0,0
DEU.1.3.7.2_1,2023,11,0,0
DEU.1.3.7.3_1,2023,11,0,0
DEU.1.3.7.4_1,2023,11,0,0
DEU.1.3.7.5_1,2023,11,0,0
DEU.1.3.7.6_1,2023,11,0,0
DEU.1.3.7.7_1,2023,11,0,0
DEU.1.3.8.1_1,2023,11,0,0
DEU.1.3.8.2_1,2023,11,0,0
DEU.1.3.9.1_1,2023,11,0,0
DEU.1.30.1.1_1,2023,11,0,0
DEU.1.31.1.1_1,2023,11,0,0
DEU.1.31.1.2_1,2023,11,0,0
DEU.1.31.10.1_1,2023,11,0,0
DEU.1.31.10.2_1,2023,11,0,0
DEU.1.31.2.1_1,2023,11,0,0
DEU.1.31.3.1_1,2023,11,0,0
DEU.1.31.3.2_1,2023,11,0,0
DEU.1.31.3.3_1,2023,11,0,0
DEU.1.31.3.4_1,2023,11,0,0
DEU.1.31.4.1_1,2023,11,0,0
DEU.1.31.5.1_1,2023,11,0,0
DEU.1.31.6.1_1,2023,11,0,0
DEU.1.31.6.2_1,2023,11,0,0
DEU.1.31.6.3_1,2023,11,0,0
DEU.1.31.7.1_1,2023,11,0,0
DEU.1.31.7.2_1,2023,11,0,0
DEU.1.31.8.1_1,2023,11,0,0
DEU.1.31.8.2_1,2023,11,0,0
DEU.1.31.8.3_1,2023,11,0,0
DEU.1.31.8.4_1,2023,11,0,0
DEU.1.31.8.5_1,2023,11,0,0
DEU.1.31.9.1_1,2023,11,0,0
DEU.1.31.9.2_1,2023,11,0,0
DEU.1.32.1.1_1,2023,11,0,0
DEU.1.32.1.10_1,2023,11,0,0
DEU.1.32.1.11_1,2023,11,0,0
DEU.1.32.1.2_1,2023,11,0,0
DEU.1.32.1.3_1,2023,11,0,0
DEU.1.32.1.4_1,2023,11,0,0
DEU.1.32.1.5_1,2023,11,0,0
DEU.1.32.1.6_1,2023,11,0,0
DEU.1.32.1.7_1,2023,11,0,0
DEU.1.32.1.8_1,2023,11,0,0
DEU.1.32.1.9_1,2023,11,0,0
DEU.1.32.10.1_1,2023,11,0,0
DEU.1.32.10.2_1,2023,11,0,0
DEU.1.32.10.3_1,2023,11,0,0
DEU.1.32.11.1_1,2023,11,0,0
DEU.1.32.11.2_1,2023,11,0,0
DEU.1.32.11.3_1,2023,11,0,0
DEU.1.32.11.4_1,2023,11,0,0
DEU.1.32.11.5_1,2023,11,0,0
DEU.1.32.12.1_1,2023,11,0,0
DEU.1.32.12.2_1,2023,11,0,0
DEU.1.32.13.1_1,2023,11,0,0
DEU.1.32.13.2_1,2023,11,0,0
DEU.1.32.13.3_1,2023,11,0,0
DEU.1.32.14.1_1,2023,11,0,0
DEU.1.32.14.2_1,2023,11,0,0
DEU.1.32.2.1_1,2023,11,0,0
DEU.1.32.3.1_1,2023,11,0,0
DEU.1.32.4.1_1,2023,11,0,0
DEU.1.32.4.2_1,2023,11,0,0
DEU.1.32.5.1_1,2023,11,0,0
DEU.1.32.6.1_1,2023,11,0,0
DEU.1.32.6.2_1,2023,11,0,0
DEU.1.32.7.1_1,2023,11,0,0
DEU.1.32.7.2_1,2023,11,0,0
DEU.1.32.7.3_1,2023,11,0,0
DEU.1.32.7.4_1,2023,11,0,0
DEU.1.32.8.1_1,2023,11,0,0
DEU.1.32.9.1_1,2023,11,0,0
DEU.1.33.1.1_1,2023,11,0,0
DEU.1.33.10.1_1,2023,11,0,0
DEU.1.33.11.1_1,2023,11,0,0
DEU.1.33.11.2_1,2023,11,0,0
DEU.1.33.12.1_1,2023,11,0,0
DEU.1.33.12.2_1,2023,11,0,0
DEU.1.33.12.3_1,2023,11,0,0
DEU.1.33.13.1_1,2023,11,0,0
DEU.1.33.14.1_1,2023,11,0,0
DEU.1.33.15.1_1,2023,11,0,0
DEU.1.33.15.2_1,2023,11,0,0
DEU.1.33.16.1_1,2023,11,0,0
DEU.1.33.16.2_1,2023,11,0,0
DEU.1.33.16.3_1,2023,11,0,0
DEU.1.33.2.1_1,2023,11,0,0
DEU.1.33.2.2_1,2023,11,0,0
DEU.1.33.2.3_1,2023,11,0,0
DEU.1.33.2.4_1,2023,11,0,0
DEU.1.33.2.5_1,2023,11,0,0
DEU.1.33.2.6_1,2023,11,0,0
DEU.1.33.2.7_1,2023,11,0,0
DEU.1.33.2.8_1,2023,11,0,0
DEU.1.33.2.9_1,2023,11,0,0
DEU.1.33.3.1_1,2023,11,0,0
DEU.1.33.4.1_1,2023,11,0,0
DEU.1.33.5.1_1,2023,11,0,0
DEU.1.33.6.1_1,2023,11,0,0
DEU.1.33.7.1_1,2023,11,0,0
DEU.1.33.8.1_1,2023,11,0,0
DEU.1.33.8.2_1,2023,11,0,0
DEU.1.33.9.1_1,2023,11,0,0
DEU.1.34.1.1_1,2023,11,0,0
DEU.1.34.1.2_1,2023,11,0,0
DEU.1.34.1.3_1,2023,11,0,0
DEU.1.34.1.4_1,2023,11,0,0
DEU.1.34.10.1_1,2023,11,0,0
DEU.1.34.10.2_1,2023,11,0,0
DEU.1.34.11.1_1,2023,11,0,0
DEU.1.34.12.1_1,2023,11,0,0
DEU.1.34.13.1_1,2023,11,0,0
DEU.1.34.14.1_1,2023,11,0,0
DEU.1.34.15.1_1,2023,11,0,0
DEU.1.34.16.1_1,2023,11,0,0
DEU.1.34.16.2_1,2023,11,0,0
DEU.1.34.16.3_1,2023,11,0,0
DEU.1.34.2.1_1,2023,11,0,0
DEU.1.34.3.1_1,2023,11,0,0
DEU.1.34.3.2_1,2023,11,0,0
DEU.1.34.4.1_1,2023,11,0,0
DEU.1.34.5.1_1,2023,11,0,0
DEU.1.34.6.1_1,2023,11,0,0
DEU.1.34.7.1_1,2023,11,0,0
DEU.1.34.7.2_1,2023,11,0,0
DEU.1.34.7.3_1,2023,11,0,0
DEU.1.34.8.1_1,2023,11,0,0
DEU.1.34.8.2_1,2023,11,0,0
DEU.1.34.8.3_1,2023,11,0,0
DEU.1.34.9.1_1,2023,11,0,0
DEU.1.35.1.1_1,2023,11,0,0
DEU.1.35.10.1_1,2023,11,0,0
DEU.1.35.10.2_1,2023,11,0,0
DEU.1.35.10.3_1,2023,11,0,0
DEU.1.35.10.4_1,2023,11,0,0
DEU.1.35.11.1_1,2023,11,0,0
DEU.1.35.12.1_1,2023,11,0,0
DEU.1.35.13.1_1,2023,11,0,0
DEU.1.35.14.1_1,2023,11,0,0
DEU.1.35.15.1_1,2023,11,0,0
DEU.1.35.15.2_1,2023,11,0,0
DEU.1.35.15.3_1,2023,11,0,0
DEU.1.35.15.4_1,2023,11,0,0
DEU.1.35.16.1_1,2023,11,0,0
DEU.1.35.17.1_1,2023,11,0,0
DEU.1.35.18.1_1,2023,11,0,0
DEU.1.35.19.1_1,2023,11,0,0
DEU.1.35.19.2_1,2023,11,0,0
DEU.1.35.19.3_1,2023,11,0,0
DEU.1.35.2.1_1,2023,11,0,0
DEU.1.35.20.1_1,2023,11,0,0
DEU.1.35.21.1_1,2023,11,0,0
DEU.1.35.21.2_1,2023,11,0,0
DEU.1.35.21.3_1,2023,11,0,0
DEU.1.35.21.4_1,2023,11,0,0
DEU.1.35.22.1_1,2023,11,0,0
DEU.1.35.23.1_1,2023,11,0,0
DEU.1.35.24.1_1,2023,11,0,0
DEU.1.35.24.2_1,2023,11,0,0
DEU.1.35.24.3_1,2023,11,0,0
DEU.1.35.25.1_1,2023,11,0,0
DEU.1.35.26.1_1,2023,11,0,0
DEU.1.35.26.2_1,2023,11,0,0
DEU.1.35.26.3_1,2023,11,0,0
DEU.1.35.26.4_1,2023,11,0,0
DEU.1.35.26.5_1,2023,11,0,0
DEU.1.35.26.6_1,2023,11,0,0
DEU.1.35.27.1_1,2023,11,0,0
DEU.1.35.28.1_1,2023,11,0,0
DEU.1.35.29.1_1,2023,11,0,0
DEU.1.35.29.2_1,2023,11,0,0
DEU.1.35.3.1_1,2023,11,0,0
DEU.1.35.3.2_1,2023,11,0,0
DEU.1.35.4.1_1,2023,11,0,0
DEU.1.35.5.1_1,2023,11,0,0
DEU.1.35.5.2_1,2023,11,0,0
DEU.1.35.5.3_1,2023,11,0,0
DEU.1.35.5.4_1,2023,11,0,0
DEU.1.35.5.5_1,2023,11,0,0
DEU.1.35.6.1_1,2023,11,0,0
DEU.1.35.7.1_1,2023,11,0,0
DEU.1.35.8.1_1,2023,11,0,0
DEU.1.35.8.2_1,2023,11,0,0
DEU.1.35.9.1_1,2023,11,0,0
DEU.1.36.1.1_1,2023,11,0,0
DEU.1.36.2.1_1,2023,11,0,0
DEU.1.36.2.2_1,2023,11,0,0
DEU.1.36.3.1_1,2023,11,0,0
DEU.1.36.3.2_1,2023,11,0,0
DEU.1.36.3.3_1,2023,11,0,0
DEU.1.36.4.1_1,2023,11,0,0
DEU.1.36.4.2_1,2023,11,0,0
DEU.1.36.4.3_1,2023,11,0,0
DEU.1.36.4.4_1,2023,11,0,0
DEU.1.36.4.5_1,2023,11,0,0
DEU.1.36.5.1_1,2023,11,0,0
DEU.1.36.5.2_1,2023,11,0,0
DEU.1.36.6.1_1,2023,11,0,0
DEU.1.36.6.2_1,2023,11,0,0
DEU.1.36.6.3_1,2023,11,0,0
DEU.1.36.6.4_1,2023,11,0,0
DEU.1.36.7.1_1,2023,11,0,0
DEU.1.36.7.2_1,2023,11,0,0
DEU.1.36.8.1_1,2023,11,0,0
DEU.1.36.8.2_1,2023,11,0,0
DEU.1.37.1.1_1,2023,11,0,0
DEU.1.37.10.1_1,2023,11,0,0
DEU.1.37.10.2_1,2023,11,0,0
DEU.1.37.10.3_1,2023,11,0,0
DEU.1.37.11.1_1,2023,11,0,0
DEU.1.37.12.1_1,2023,11,0,0
DEU.1.37.12.2_1,2023,11,0,0
DEU.1.37.12.3_1,2023,11,0,0
DEU.1.37.12.4_1,2023,11,0,0
DEU.1.37.2.1_1,2023,11,0,0
DEU.1.37.2.2_1,2023,11,0,0
DEU.1.37.3.1_1,2023,11,0,0
DEU.1.37.3.2_1,2023,11,0,0
DEU.1.37.3.3_1,2023,11,0,0
DEU.1.37.4.1_1,2023,11,0,0
DEU.1.37.4.2_1,2023,11,0,0
DEU.1.37.4.3_1,2023,11,0,0
DEU.1.37.4.4_1,2023,11,0,0
DEU.1.37.5.1_1,2023,11,0,0
DEU.1.37.5.2_1,2023,11,0,0
DEU.1.37.6.1_1,2023,11,0,0
DEU.1.37.6.2_1,2023,11,0,0
DEU.1.37.7.1_1,2023,11,0,0
DEU.1.37.7.2_1,2023,11,0,0
DEU.1.37.7.3_1,2023,11,0,0
DEU.1.37.8.1_1,2023,11,0,0
DEU.1.37.8.2_1,2023,11,0,0
DEU.1.37.8.3_1,2023,11,0,0
DEU.1.37.8.4_1,2023,11,0,0
DEU.1.37.9.1_1,2023,11,0,0
DEU.1.38.1.1_1,2023,11,0,0
DEU.1.38.2.1_1,2023,11,0,0
DEU.1.38.3.1_1,2023,11,0,0
DEU.1.38.3.2_1,2023,11,0,0
DEU.1.38.3.3_1,2023,11,0,0
DEU.1.38.4.1_1,2023,11,0,0
DEU.1.38.4.2_1,2023,11,0,0
DEU.1.38.5.1_1,2023,11,0,0
DEU.1.38.6.1_1,2023,11,0,0
DEU.1.38.6.2_1,2023,11,0,0
DEU.1.38.6.3_1,2023,11,0,0
DEU.1.38.7.1_1,2023,11,0,0
DEU.1.38.8.1_1,2023,11,0,0
DEU.1.38.8.2_1,2023,11,0,0
DEU.1.38.8.3_1,2023,11,0,0
DEU.1.38.8.4_1,2023,11,0,0
DEU.1.38.8.5_1,2023,11,0,0
DEU.1.38.8.6_1,2023,11,0,0
DEU.1.38.8.7_1,2023,11,0,0
DEU.1.38.9.1_1,2023,11,0,0
DEU.1.39.1.1_1,2023,11,0,0
DEU.1.39.1.2_1,2023,11,0,0
DEU.1.39.2.1_1,2023,11,0,0
DEU.1.39.2.2_1,2023,11,0,0
DEU.1.39.2.3_1,2023,11,0,0
DEU.1.39.2.4_1,2023,11,0,0
DEU.1.39.3.1_1,2023,11,0,0
DEU.1.39.3.2_1,2023,11,0,0
DEU.1.39.3.3_1,2023,11,0,0
DEU.1.39.4.1_1,2023,11,0,0
DEU.1.39.4.2_1,2023,11,0,0
DEU.1.39.4.3_1,2023,11,0,0
DEU.1.39.5.1_1,2023,11,0,0
DEU.1.39.6.1_1,2023,11,0,0
DEU.1.39.6.2_1,2023,11,0,0
DEU.1.39.6.3_1,2023,11,0,0
DEU.1.39.6.4_1,2023,11,0,0
DEU.1.39.7.1_1,2023,11,0,0
DEU.1.39.7.2_1,2023,11,0,0
DEU.1.39.7.3_1,2023,11,0,0
DEU.1.39.7.4_1,2023,11,0,0
DEU.1.39.7.5_1,2023,11,0,0
DEU.1.39.7.6_1,2023,11,0,0
DEU.1.39.8.1_1,2023,11,0,0
DEU.1.39.8.2_1,2023,11,0,0
DEU.1.4.1.1_1,2023,11,0,0
DEU.1.4.1.2_1,2023,11,0,0
DEU.1.4.10.1_1,2023,11,0,0
DEU.1.4.11.1_1,2023,11,0,0
DEU.1.4.12.1_1,2023,11,0,0
DEU.1.4.13.1_1,2023,11,0,0
DEU.1.4.13.2_1,2023,11,0,0
DEU.1.4.14.1_1,2023,11,0,0
DEU.1.4.15.1_1,2023,11,0,0
DEU.1.4.16.1_1,2023,11,0,0
DEU.1.4.2.1_1,2023,11,0,0
DEU.1.4.3.1_1,2023,11,0,0
DEU.1.4.3.2_1,2023,11,0,0
DEU.1.4.4.1_1,2023,11,0,0
DEU.1.4.4.2_1,2023,11,0,0
DEU.1.4.4.3_1,2023,11,0,0
DEU.1.4.5.1_1,2023,11,0,0
DEU.1.4.5.2_1,2023,11,0,0
DEU.1.4.5.3_1,2023,11,0,0
DEU.1.4.6.1_1,2023,11,0,0
DEU.1.4.7.1_1,2023,11,0,0
DEU.1.4.8.1_1,2023,11,0,0
DEU.1.4.8.2_1,2023,11,0,0
DEU.1.4.8.3_1,2023,11,0,0
DEU.1.4.8.4_1,2023,11,0,0
DEU.1.4.9.1_1,2023,11,0,0
DEU.1.40.1.1_1,2023,11,0,0
DEU.1.41.1.1_1,2023,11,0,0
DEU.1.41.2.1_1,2023,11,0,0
DEU.1.41.3.1_1,2023,11,0,0
DEU.1.41.4.1_1,2023,11,0,0
DEU.1.41.5.1_1,2023,11,0,0
DEU.1.41.5.2_1,2023,11,0,0
DEU.1.41.5.3_1,2023,11,0,0
DEU.1.41.6.1_1,2023,11,0,0
DEU.1.41.6.2_1,2023,11,0,0
DEU.1.41.6.3_1,2023,11,0,0
DEU.1.41.6.4_1,2023,11,0,0
DEU.1.41.7.1_1,2023,11,0,0
DEU.1.41.7.2_1,2023,11,0,0
DEU.1.41.7.3_1,2023,11,0,0
DEU.1.41.8.1_1,2023,11,0,0
DEU.1.42.1.1_1,2023,11,0,0
DEU.1.42.1.2_1,2023,11,0,0
DEU.1.42.1.3_1,2023,11,0,0
DEU.1.42.1.4_1,2023,11,0,0
DEU.1.42.1.5_1,2023,11,0,0
DEU.1.42.1.6_1,2023,11,0,0
DEU.1.42.1.7_1,2023,11,0,0
DEU.1.42.2.1_1,2023,11,0,0
DEU.1.42.2.2_1,2023,11,0,0
DEU.1.42.2.3_1,2023,11,0,0
DEU.1.42.2.4_1,2023,11,0,0
DEU.1.42.2.5_1,2023,11,0,0
DEU.1.42.2.6_1,2023,11,0,0
DEU.1.42.2.7_1,2023,11,0,0
DEU.1.42.3.1_1,2023,11,0,0
DEU.1.42.3.2_1,2023,11,0,0
DEU.1.42.4.1_1,2023,11,0,0
DEU.1.42.4.2_1,2023,11,0,0
DEU.1.42.4.3_1,2023,11,0,0
DEU.1.42.4.4_1,2023,11,0,0
DEU.1.42.4.5_1,2023,11,0,0
DEU.1.42.4.6_1,2023,11,0,0
DEU.1.42.4.7_1,2023,11,0,0
DEU.1.42.4.8_1,2023,11,0,0
DEU.1.42.4.9_1,2023,11,0,0
DEU.1.42.5.1_1,2023,11,0,0
DEU.1.42.5.2_1,2023,11,0,0
DEU.1.42.5.3_1,2023,11,0,0
DEU.1.42.5.4_1,2023,11,0,0
DEU.1.42.6.1_1,2023,11,0,0
DEU.1.42.6.2_1,2023,11,0,0
DEU.1.42.6.3_1,2023,11,0,0
DEU.1.42.6.4_1,2023,11,0,0
DEU.1.42.6.5_1,2023,11,0,0
DEU.1.42.6.6_1,2023,11,0,0
DEU.1.43.1.1_1,2023,11,0,0
DEU.1.44.1.1_1,2023,11,0,0
DEU.1.44.10.1_1,2023,11,0,0
DEU.1.44.10.2_1,2023,11,0,0
DEU.1.44.10.3_1,2023,11,0,0
DEU.1.44.10.4_1,2023,11,0,0
DEU.1.44.10.5_1,2023,11,0,0
DEU.1.44.10.6_1,2023,11,0,0
DEU.1.44.10.7_1,2023,11,0,0
DEU.1.44.11.1_1,2023,11,0,0
DEU.1.44.12.1_1,2023,11,0,0
DEU.1.44.12.2_1,2023,11,0,0
DEU.1.44.12.3_1,2023,11,0,0
DEU.1.44.12.4_1,2023,11,0,0
DEU.1.44.13.1_1,2023,11,0,0
DEU.1.44.14.1_1,2023,11,0,0
DEU.1.44.14.2_1,2023,11,0,0
DEU.1.44.2.1_1,2023,11,0,0
DEU.1.44.2.2_1,2023,11,0,0
DEU.1.44.2.3_1,2023,11,0,0
DEU.1.44.2.4_1,2023,11,0,0
DEU.1.44.3.1_1,2023,11,0,0
DEU.1.44.3.2_1,2023,11,0,0
DEU.1.44.4.1_1,2023,11,0,0
DEU.1.44.5.1_1,2023,11,0,0
DEU.1.44.5.2_1,2023,11,0,0
DEU.1.44.5.3_1,2023,11,0,0
DEU.1.44.6.1_1,2023,11,0,0
DEU.1.44.7.1_1,2023,11,0,0
DEU.1.44.7.2_1,2023,11,0,0
DEU.1.44.8.1_1,2023,11,0,0
DEU.1.44.9.1_1,2023,11,0,0
DEU.1.44.9.2_1,2023,11,0,0
DEU.1.45.1.1_1,2023,11,0,0
DEU.1.45.1.2_1,2023,11,0,0
DEU.1.45.10.1_1,2023,11,0,0
DEU.1.45.10.2_1,2023,11,0,0
DEU.1.45.2.1_1,2023,11,0,0
DEU.1.45.2.2_1,2023,11,0,0
DEU.1.45.3.1_1,2023,11,0,0
DEU.1.45.3.2_1,2023,11,0,0
DEU.1.45.4.1_1,2023,11,0,0
DEU.1.45.5.1_1,2023,11,0,0
DEU.1.45.6.1_1,2023,11,0,0
DEU.1.45.6.2_1,2023,11,0,0
DEU.1.45.6.3_1,2023,11,0,0
DEU.1.45.7.1_1,2023,11,0,0
DEU.1.45.7.2_1,2023,11,0,0
DEU.1.45.7.3_1,2023,11,0,0
DEU.1.45.8.1_1,2023,11,0,0
DEU.1.45.8.2_1,2023,11,0,0
DEU.1.45.8.3_1,2023,11,0,0
DEU.1.45.8.4_1,2023,11,0,0
DEU.1.45.8.5_1,2023,11,0,0
DEU.1.45.8.6_1,2023,11,0,0
DEU.1.45.8.7_1,2023,11,0,0
DEU.1.45.8.8_1,2023,11,0,0
DEU.1.45.9.1_1,2023,11,0,0
DEU.1.5.1.1_1,2023,11,0,0
DEU.1.6.1.1_1,2023,11,0,0
DEU.1.6.1.2_1,2023,11,0,0
DEU.1.6.1.3_1,2023,11,0,0
DEU.1.6.2.1_1,2023,11,0,0
DEU.1.6.2.2_1,2023,11,0,0
DEU.1.6.3.1_1,2023,11,0,0
DEU.1.6.3.2_1,2023,11,0,0
DEU.1.6.3.3_1,2023,11,0,0
DEU.1.6.3.4_1,2023,11,0,0
DEU.1.6.4.1_1,2023,11,0,0
DEU.1.6.5.1_1,2023,11,0,0
DEU.1.6.5.2_1,2023,11,0,0
DEU.1.6.5.3_1,2023,11,0,0
DEU.1.6.5.4_1,2023,11,0,0
DEU.1.6.5.5_1,2023,11,0,0
DEU.1.6.6.1_1,2023,11,0,0
DEU.1.6.6.2_1,2023,11,0,0
DEU.1.6.6.3_1,2023,11,0,0
DEU.1.6.7.1_1,2023,11,0,0
DEU.1.6.7.2_1,2023,11,0,0
DEU.1.6.8.1_1,2023,11,0,0
DEU.1.6.8.2_1,2023,11,0,0
DEU.1.6.8.3_1,2023,11,0,0
DEU.1.7.1.1_1,2023,11,0,0
DEU.1.7.1.2_1,2023,11,0,0
DEU.1.7.10.1_1,2023,11,0,0
DEU.1.7.11.1_1,2023,11,0,0
DEU.1.7.11.2_1,2023,11,0,0
DEU.1.7.12.1_1,2023,11,0,0
DEU.1.7.12.2_1,2023,11,0,0
DEU.1.7.13.1_1,2023,11,0,0
DEU.1.7.13.2_1,2023,11,0,0
DEU.1.7.13.3_1,2023,11,0,0
DEU.1.7.13.4_1,2023,11,0,0
DEU.1.7.13.5_1,2023,11,0,0
DEU.1.7.14.1_1,2023,11,0,0
DEU.1.7.15.1_1,2023,11,0,0
DEU.1.7.15.2_1,2023,11,0,0
DEU.1.7.15.3_1,2023,11,0,0
DEU.1.7.16.1_1,2023,11,0,0
DEU.1.7.16.2_1,2023,11,0,0
DEU.1.7.17.1_1,2023,11,0,0
DEU.1.7.17.2_1,2023,11,0,0
DEU.1.7.17.3_1,2023,11,0,0
DEU.1.7.18.1_1,2023,11,0,0
DEU.1.7.18.2_1,2023,11,0,0
DEU.1.7.19.1_1,2023,11,0,0
DEU.1.7.19.2_1,2023,11,0,0
DEU.1.7.2.1_1,2023,11,0,0
DEU.1.7.2.2_1,2023,11,0,0
DEU.1.7.2.3_1,2023,11,0,0
DEU.1.7.20.1_1,2023,11,0,0
DEU.1.7.3.1_1,2023,11,0,0
DEU.1.7.3.2_1,2023,11,0,0
DEU.1.7.3.3_1,2023,11,0,0
DEU.1.7.3.4_1,2023,11,0,0
DEU.1.7.4.1_1,2023,11,0,0
DEU.1.7.4.2_1,2023,11,0,0
DEU.1.7.5.1_1,2023,11,0,0
DEU.1.7.5.2_1,2023,11,0,0
DEU.1.7.6.1_1,2023,11,0,0
DEU.1.7.6.2_1,2023,11,0,0
DEU.1.7.6.3_1,2023,11,0,0
DEU.1.7.7.1_1,2023,11,0,0
DEU.1.7.7.2_1,2023,11,0,0
DEU.1.7.7.3_1,2023,11,0,0
DEU.1.7.7.4_1,2023,11,0,0
DEU.1.7.7.5_1,2023,11,0,0
DEU.1.7.8.1_1,2023,11,0,0
DEU.1.7.8.2_1,2023,11,0,0
DEU.1.7.9.1_1,2023,11,0,0
DEU.1.7.9.2_1,2023,11,0,0
DEU.1.7.9.3_1,2023,11,0,0
DEU.1.8.1.1_1,2023,11,0,0
DEU.1.8.1.2_1,2023,11,0,0
DEU.1.8.1.3_1,2023,11,0,0
DEU.1.8.10.1_1,2023,11,0,0
DEU.1.8.2.1_1,2023,11,0,0
DEU.1.8.2.2_1,2023,11,0,0
DEU.1.8.2.3_1,2023,11,0,0
DEU.1.8.2.4_1,2023,11,0,0
DEU.1.8.3.1_1,2023,11,0,0
DEU.1.8.3.2_1,2023,11,0,0
DEU.1.8.4.1_1,2023,11,0,0
DEU.1.8.4.2_1,2023,11,0,0
DEU.1.8.5.1_1,2023,11,0,0
DEU.1.8.5.2_1,2023,11,0,0
DEU.1.8.5.3_1,2023,11,0,0
DEU.1.8.6.1_1,2023,11,0,0
DEU.1.8.6.2_1,2023,11,0,0
DEU.1.8.7.1_1,2023,11,0,0
DEU.1.8.7.2_1,2023,11,0,0
DEU.1.8.7.3_1,2023,11,0,0
DEU.1.8.7.4_1,2023,11,0,0
DEU.1.8.8.1_1,2023,11,0,0
DEU.1.8.9.1_1,2023,11,0,0
DEU.1.8.9.2_1,2023,11,0,0
DEU.1.8.9.3_1,2023,11,0,0
DEU.1.9.1.1_1,2023,11,0,0
DEU.1.9.1.2_1,2023,11,0,0
DEU.1.9.1.3_1,2023,11,0,0
DEU.1.9.2.1_1,2023,11,0,0
DEU.1.9.2.2_1,2023,11,0,0
DEU.1.9.2.3_1,2023,11,0,0
DEU.1.9.3.1_1,2023,11,0,0
DEU.1.9.3.2_1,2023,11,0,0
DEU.1.9.3.3_1,2023,11,0,0
DEU.1.9.3.4_1,2023,11,0,0
DEU.1.9.3.5_1,2023,11,0,0
DEU.1.9.4.1_1,2023,11,0,0
DEU.1.9.4.2_1,2023,11,0,0
DEU.1.9.4.3_1,2023,11,0,0
DEU.1.9.4.4_1,2023,11,0,0
DEU.1.9.5.1_1,2023,11,0,0
DEU.1.9.5.2_1,2023,11,0,0
DEU.1.9.5.3_1,2023,11,0,0
DEU.1.9.5.4_1,2023,11,0,0
DEU.1.9.5.5_1,2023,11,0,0
DEU.1.9.5.6_1,2023,11,0,0
DEU.1.9.6.1_1,2023,11,0,0
DEU.1.9.6.2_1,2023,11,0,0
DEU.1.9.6.3_1,2023,11,0,0
DEU.10.1.1.1_1,2023,11,0,0
DEU.10.10.1.1_1,2023,11,0,0
DEU.10.11.1.1_1,2023,11,0,0
DEU.10.11.2.1_1,2023,11,0,0
DEU.10.11.3.1_1,2023,11,0,0
DEU.10.11.4.1_1,2023,11,0,0
DEU.10.11.5.1_1,2023,11,0,0
DEU.10.11.6.1_1,2023,11,0,0
DEU.10.11.7.1_1,2023,11,0,0
DEU.10.11.8.1_1,2023,11,0,0
DEU.10.11.9.1_1,2023,11,0,0
DEU.10.12.1.1_1,2023,11,0,0
DEU.10.13.1.1_1,2023,11,0,0
DEU.10.13.10.1_1,2023,11,0,0
DEU.10.13.11.1_1,2023,11,0,0
DEU.10.13.2.1_1,2023,11,0,0
DEU.10.13.3.1_1,2023,11,0,0
DEU.10.13.4.1_1,2023,11,0,0
DEU.10.13.5.1_1,2023,11,0,0
DEU.10.13.6.1_1,2023,11,0,0
DEU.10.13.7.1_1,2023,11,0,0
DEU.10.13.8.1_1,2023,11,0,0
DEU.10.13.9.1_1,2023,11,0,0
DEU.10.14.1.1_1,2023,11,0,0
DEU.10.15.1.1_1,2023,11,0,0
DEU.10.15.10.1_1,2023,11,0,0
DEU.10.15.11.1_1,2023,11,0,0
DEU.10.15.12.1_1,2023,11,0,0
DEU.10.15.13.1_1,2023,11,0,0
DEU.10.15.2.1_1,2023,11,0,0
DEU.10.15.3.1_1,2023,11,0,0
DEU.10.15.4.1_1,2023,11,0,0
DEU.10.15.5.1_1,2023,11,0,0
DEU.10.15.6.1_1,2023,11,0,0
DEU.10.15.7.1_1,2023,11,0,0
DEU.10.15.8.1_1,2023,11,0,0
DEU.10.15.9.1_1,2023,11,0,0
DEU.10.16.1.1_1,2023,11,0,0
DEU.10.17.1.1_1,2023,11,0,0
DEU.10.18.1.1_1,2023,11,0,0
DEU.10.18.10.1_1,2023,11,0,0
DEU.10.18.2.1_1,2023,11,0,0
DEU.10.18.3.1_1,2023,11,0,0
DEU.10.18.4.1_1,2023,11,0,0
DEU.10.18.5.1_1,2023,11,0,0
DEU.10.18.6.1_1,2023,11,0,0
DEU.10.18.7.1_1,2023,11,0,0
DEU.10.18.8.1_1,2023,11,0,0
DEU.10.18.9.1_1,2023,11,0,0
DEU.10.19.1.1_1,2023,11,0,0
DEU.10.19.2.1_1,2023,11,0,0
DEU.10.19.3.1_1,2023,11,0,0
DEU.10.19.4.1_1,2023,11,0,0
DEU.10.19.5.1_1,2023,11,0,0
DEU.10.19.6.1_1,2023,11,0,0
DEU.10.19.7.1_1,2023,11,0,0
DEU.10.19.8.1_1,2023,11,0,0
DEU.10.19.9.1_1,2023,11,0,0
DEU.10.2.1.1_1,2023,11,0,0
DEU.10.20.1.1_1,2023,11,0,0
DEU.10.21.1.1_1,2023,11,0,0
DEU.10.21.10.1_1,2023,11,0,0
DEU.10.21.11.1_1,2023,11,0,0
DEU.10.21.12.1_1,2023,11,0,0
DEU.10.21.2.1_1,2023,11,0,0
DEU.10.21.3.1_1,2023,11,0,0
DEU.10.21.4.1_1,2023,11,0,0
DEU.10.21.5.1_1,2023,11,0,0
DEU.10.21.6.1_1,2023,11,0,0
DEU.10.21.7.1_1,2023,11,0,0
DEU.10.21.8.1_1,2023,11,0,0
DEU.10.21.9.1_1,2023,11,0,0
DEU.10.22.1.1_1,2023,11,0,0
DEU.10.22.10.1_1,2023,11,0,0
DEU.10.22.2.1_1,2023,11,0,0
DEU.10.22.3.1_1,2023,11,0,0
DEU.10.22.4.1_1,2023,11,0,0
DEU.10.22.5.1_1,2023,11,0,0
DEU.10.22.6.1_1,2023,11,0,0
DEU.10.22.7.1_1,2023,11,0,0
DEU.10.22.8.1_1,2023,11,0,0
DEU.10.22.9.1_1,2023,11,0,0
DEU.10.23.1.1_1,2023,11,0,0
DEU.10.23.11.1_1,2023,11,0,0
DEU.10.23.12.1_1,2023,11,0,0
DEU.10.23.13.1_1,2023,11,0,0
DEU.10.23.14.1_1,2023,11,0,0
DEU.10.23.15.1_1,2023,11,0,0
DEU.10.23.16.1_1,2023,11,0,0
DEU.10.23.3.1_1,2023,11,0,0
DEU.10.23.4.1_1,2023,11,0,0
DEU.10.23.5.1_1,2023,11,0,0
DEU.10.23.6.1_1,2023,11,0,0
DEU.10.23.7.1_1,2023,11,0,0
DEU.10.23.8.1_1,2023,11,0,0
DEU.10.24.1.1_1,2023,11,0,0
DEU.10.25.1.1_1,2023,11,0,0
DEU.10.26.1.1_1,2023,11,0,0
DEU.10.27.1.1_1,2023,11,0,0
DEU.10.27.10.1_1,2023,11,0,0
DEU.10.27.11.1_1,2023,11,0,0
DEU.10.27.12.1_1,2023,11,0,0
DEU.10.27.13.1_1,2023,11,0,0
DEU.10.27.14.1_1,2023,11,0,0
DEU.10.27.15.1_1,2023,11,0,0
DEU.10.27.16.1_1,2023,11,0,0
DEU.10.27.2.1_1,2023,11,0,0
DEU.10.27.3.1_1,2023,11,0,0
DEU.10.27.4.1_1,2023,11,0,0
DEU.10.27.5.1_1,2023,11,0,0
DEU.10.27.6.1_1,2023,11,0,0
DEU.10.27.7.1_1,2023,11,0,0
DEU.10.27.8.1_1,2023,11,0,0
DEU.10.27.9.1_1,2023,11,0,0
DEU.10.28.1.1_1,2023,11,0,0
DEU.10.28.10.1_1,2023,11,0,0
DEU.10.28.11.1_1,2023,11,0,0
DEU.10.28.12.1_1,2023,11,0,0
DEU.10.28.13.1_1,2023,11,0,0
DEU.10.28.14.1_1,2023,11,0,0
DEU.10.28.15.1_1,2023,11,0,0
DEU.10.28.2.1_1,2023,11,0,0
DEU.10.28.3.1_1,2023,11,0,0
DEU.10.28.4.1_1,2023,11,0,0
DEU.10.28.5.1_1,2023,11,0,0
DEU.10.28.6.1_1,2023,11,0,0
DEU.10.28.7.1_1,2023,11,0,0
DEU.10.28.8.1_1,2023,11,0,0
DEU.10.28.9.1_1,2023,11,0,0
DEU.10.29.1.1_1,2023,11,0,0
DEU.10.29.10.1_1,2023,11,0,0
DEU.10.29.2.1_1,2023,11,0,0
DEU.10.29.3.1_1,2023,11,0,0
DEU.10.29.4.1_1,2023,11,0,0
DEU.10.29.5.1_1,2023,11,0,0
DEU.10.29.6.1_1,2023,11,0,0
DEU.10.29.7.1_1,2023,11,0,0
DEU.10.29.8.1_1,2023,11,0,0
DEU.10.29.9.1_1,2023,11,0,0
DEU.10.3.1.1_1,2023,11,0,0
DEU.10.30.1.1_1,2023,11,0,0
DEU.10.30.10.1_1,2023,11,0,0
DEU.10.30.11.1_1,2023,11,0,0
DEU.10.30.2.1_1,2023,11,0,0
DEU.10.30.3.1_1,2023,11,0,0
DEU.10.30.4.1_1,2023,11,0,0
DEU.10.30.5.1_1,2023,11,0,0
DEU.10.30.6.1_1,2023,11,0,0
DEU.10.30.7.1_1,2023,11,0,0
DEU.10.30.8.1_1,2023,11,0,0
DEU.10.30.9.1_1,2023,11,0,0
DEU.10.31.1.1_1,2023,11,0,0
DEU.10.32.1.1_1,2023,11,0,0
DEU.10.33.1.1_1,2023,11,0,0
DEU.10.34.1.1_1,2023,11,0,0
DEU.10.34.10.1_1,2023,11,0,0
DEU.10.34.11.1_1,2023,11,0,0
DEU.10.34.12.1_1,2023,11,0,0
DEU.10.34.13.1_1,2023,11,0,0
DEU.10.34.2.1_1,2023,11,0,0
DEU.10.34.3.1_1,2023,11,0,0
DEU.10.34.4.1_1,2023,11,0,0
DEU.10.34.5.1_1,2023,11,0,0
DEU.10.34.6.1_1,2023,11,0,0
DEU.10.34.7.1_1,2023,11,0,0
DEU.10.34.8.1_1,2023,11,0,0
DEU.10.34.9.1_1,2023,11,0,0
DEU.10.35.1.1_1,2023,11,0,0
DEU.10.36.1.1_1,2023,11,0,0
DEU.10.36.2.1_1,2023,11,0,0
DEU.10.36.3.1_1,2023,11,0,0
DEU.10.36.4.1_1,2023,11,0,0
DEU.10.36.5.1_1,2023,11,0,0
DEU.10.36.6.1_1,2023,11,0,0
DEU.10.36.7.1_1,2023,11,0,0
DEU.10.37.1.1_1,2023,11,0,0
DEU.10.37.10.1_1,2023,11,0,0
DEU.10.37.2.1_1,2023,11,0,0
DEU.10.37.3.1_1,2023,11,0,0
DEU.10.37.4.1_1,2023,11,0,0
DEU.10.37.5.1_1,2023,11,0,0
DEU.10.37.6.1_1,2023,11,0,0
DEU.10.37.7.1_1,2023,11,0,0
DEU.10.37.8.1_1,2023,11,0,0
DEU.10.37.9.1_1,2023,11,0,0
DEU.10.38.1.1_1,2023,11,0,0
DEU.10.38.10.1_1,2023,11,0,0
DEU.10.38.2.1_1,2023,11,0,0
DEU.10.38.3.1_1,2023,11,0,0
DEU.10.38.4.1_1,2023,11,0,0
DEU.10.38.5.1_1,2023,11,0,0
DEU.10.38.6.1_1,2023,11,0,0
DEU.10.38.7.1_1,2023,11,0,0
DEU.10.38.8.1_1,2023,11,0,0
DEU.10.38.9.1_1,2023,11,0,0
DEU.10.39.1.1_1,2023,11,0,0
DEU.10.4.1.1_1,2023,11,0,0
DEU.10.4.10.1_1,2023,11,0,0
DEU.10.4.11.1_1,2023,11,0,0
DEU.10.4.12.1_1,2023,11,0,0
DEU.10.4.13.1_1,2023,11,0,0
DEU.10.4.14.1_1,2023,11,0,0
DEU.10.4.15.1_1,2023,11,0,0
DEU.10.4.16.1_1,2023,11,0,0
DEU.10.4.17.1_1,2023,11,0,0
DEU.10.4.2.1_1,2023,11,0,0
DEU.10.4.3.1_1,2023,11,0,0
DEU.10.4.4.1_1,2023,11,0,0
DEU.10.4.5.1_1,2023,11,0,0
DEU.10.4.6.1_1,2023,11,0,0
DEU.10.4.7.1_1,2023,11,0,0
DEU.10.4.8.1_1,2023,11,0,0
DEU.10.4.9.1_1,2023,11,0,0
DEU.10.40.1.1_1,2023,11,0,0
DEU.10.40.10.1_1,2023,11,0,0
DEU.10.40.2.1_1,2023,11,0,0
DEU.10.40.3.1_1,2023,11,0,0
DEU.10.40.4.1_1,2023,11,0,0
DEU.10.40.5.1_1,2023,11,0,0
DEU.10.40.6.1_1,2023,11,0,0
DEU.10.40.7.1_1,2023,11,0,0
DEU.10.40.8.1_1,2023,11,0,0
DEU.10.40.9.1_1,2023,11,0,0
DEU.10.41.1.1_1,2023,11,0,0
DEU.10.41.2.1_1,2023,11,0,0
DEU.10.41.3.1_1,2023,11,0,0
DEU.10.41.4.1_1,2023,11,0,0
DEU.10.41.5.1_1,2023,11,0,0
DEU.10.41.6.1_1,2023,11,0,0
DEU.10.41.7.1_1,2023,11,0,0
DEU.10.41.8.1_1,2023,11,0,0
DEU.10.42.1.1_1,2023,11,0,0
DEU.10.42.10.1_1,2023,11,0,0
DEU.10.42.11.1_1,2023,11,0,0
DEU.10.42.12.1_1,2023,11,0,0
DEU.10.42.13.1_1,2023,11,0,0
DEU.10.42.14.1_1,2023,11,0,0
DEU.10.42.15.1_1,2023,11,0,0
DEU.10.42.16.1_1,2023,11,0,0
DEU.10.42.17.1_1,2023,11,0,0
DEU.10.42.18.1_1,2023,11,0,0
DEU.10.42.19.1_1,2023,11,0,0
DEU.10.42.2.1_1,2023,11,0,0
DEU.10.42.3.1_1,2023,11,0,0
DEU.10.42.4.1_1,2023,11,0,0
DEU.10.42.5.1_1,2023,11,0,0
DEU.10.42.6.1_1,2023,11,0,0
DEU.10.42.7.1_1,2023,11,0,0
DEU.10.42.8.1_1,2023,11,0,0
DEU.10.42.9.1_1,2023,11,0,0
DEU.10.43.1.1_1,2023,11,0,0
DEU.10.43.2.1_1,2023,11,0,0
DEU.10.43.3.1_1,2023,11,0,0
DEU.10.43.4.1_1,2023,11,0,0
DEU.10.43.5.1_1,2023,11,0,0
DEU.10.43.6.1_1,2023,11,0,0
DEU.10.43.7.1_1,2023,11,0,0
DEU.10.43.8.1_1,2023,11,0,0
DEU.10.44.1.1_1,2023,11,0,0
DEU.10.44.10.1_1,2023,11,0,0
DEU.10.44.11.1_1,2023,11,0,0
DEU.10.44.2.1_1,2023,11,0,0
DEU.10.44.3.1_1,2023,11,0,0
DEU.10.44.4.1_1,2023,11,0,0
DEU.10.44.5.1_1,2023,11,0,0
DEU.10.44.6.1_1,2023,11,0,0
DEU.10.44.7.1_1,2023,11,0,0
DEU.10.44.8.1_1,2023,11,0,0
DEU.10.44.9.1_1,2023,11,0,0
DEU.10.45.1.1_1,2023,11,0,0
DEU.10.45.10.1_1,2023,11,0,0
DEU.10.45.11.1_1,2023,11,0,0
DEU.10.45.12.1_1,2023,11,0,0
DEU.10.45.13.1_1,2023,11,0,0
DEU.10.45.14.1_1,2023,11,0,0
DEU.10.45.2.1_1,2023,11,0,0
DEU.10.45.3.1_1,2023,11,0,0
DEU.10.45.4.1_1,2023,11,0,0
DEU.10.45.5.1_1,2023,11,0,0
DEU.10.45.6.1_1,2023,11,0,0
DEU.10.45.7.1_1,2023,11,0,0
DEU.10.45.8.1_1,2023,11,0,0
DEU.10.45.9.1_1,2023,11,0,0
DEU.10.46.1.1_1,2023,11,0,0
DEU.10.47.1.1_1,2023,11,0,0
DEU.10.47.10.1_1,2023,11,0,0
DEU.10.47.2.1_1,2023,11,0,0
DEU.10.47.3.1_1,2023,11,0,0
DEU.10.47.4.1_1,2023,11,0,0
DEU.10.47.5.1_1,2023,11,0,0
DEU.10.47.6.1_1,2023,11,0,0
DEU.10.47.7.1_1,2023,11,0,0
DEU.10.47.8.1_1,2023,11,0,0
DEU.10.47.9.1_1,2023,11,0,0
DEU.10.48.1.1_1,2023,11,0,0
DEU.10.48.10.1_1,2023,11,0,0
DEU.10.48.11.1_1,2023,11,0,0
DEU.10.48.12.1_1,2023,11,0,0
DEU.10.48.13.1_1,2023,11,0,0
DEU.10.48.14.1_1,2023,11,0,0
DEU.10.48.15.1_1,2023,11,0,0
DEU.10.48.16.1_1,2023,11,0,0
DEU.10.48.17.1_1,2023,11,0,0
DEU.10.48.18.1_1,2023,11,0,0
DEU.10.48.19.1_1,2023,11,0,0
DEU.10.48.2.1_1,2023,11,0,0
DEU.10.48.20.1_1,2023,11,0,0
DEU.10.48.21.1_1,2023,11,0,0
DEU.10.48.22.1_1,2023,11,0,0
DEU.10.48.23.1_1,2023,11,0,0
DEU.10.48.24.1_1,2023,11,0,0
DEU.10.48.3.1_1,2023,11,0,0
DEU.10.48.4.1_1,2023,11,0,0
DEU.10.48.5.1_1,2023,11,0,0
DEU.10.48.6.1_1,2023,11,0,0
DEU.10.48.7.1_1,2023,11,0,0
DEU.10.48.8.1_1,2023,11,0,0
DEU.10.48.9.1_1,2023,11,0,0
DEU.10.49.1.1_1,2023,11,0,0
DEU.10.49.10.1_1,2023,11,0,0
DEU.10.49.2.1_1,2023,11,0,0
DEU.10.49.3.1_1,2023,11,0,0
DEU.10.49.4.1_1,2023,11,0,0
DEU.10.49.5.1_1,2023,11,0,0
DEU.10.49.6.1_1,2023,11,0,0
DEU.10.49.7.1_1,2023,11,0,0
DEU.10.49.8.1_1,2023,11,0,0
DEU.10.49.9.1_1,2023,11,0,0
DEU.10.5.1.1_1,2023,11,0,0
DEU.10.50.1.1_1,2023,11,0,0
DEU.10.50.2.1_1,2023,11,0,0
DEU.10.50.3.1_1,2023,11,0,0
DEU.10.50.4.1_1,2023,11,0,0
DEU.10.50.5.1_1,2023,11,0,0
DEU.10.50.6.1_1,2023,11,0,0
DEU.10.50.7.1_1,2023,11,0,0
DEU.10.50.8.1_1,2023,11,0,0
DEU.10.50.9.1_1,2023,11,0,0
DEU.10.51.1.1_1,2023,11,0,0
DEU.10.51.10.1_1,2023,11,0,0
DEU.10.51.11.1_1,2023,11,0,0
DEU.10.51.12.1_1,2023,11,0,0
DEU.10.51.13.1_1,2023,11,0,0
DEU.10.51.2.1_1,2023,11,0,0
DEU.10.51.3.1_1,2023,11,0,0
DEU.10.51.4.1_1,2023,11,0,0
DEU.10.51.5.1_1,2023,11,0,0
DEU.10.51.6.1_1,2023,11,0,0
DEU.10.51.7.1_1,2023,11,0,0
DEU.10.51.8.1_1,2023,11,0,0
DEU.10.51.9.1_1,2023,11,0,0
DEU.10.52.1.1_1,2023,11,0,0
DEU.10.52.10.1_1,2023,11,0,0
DEU.10.52.11.1_1,2023,11,0,0
DEU.10.52.12.1_1,2023,11,0,0
DEU.10.52.13.1_1,2023,11,0,0
DEU.10.52.2.1_1,2023,11,0,0
DEU.10.52.3.1_1,2023,11,0,0
DEU.10.52.4.1_1,2023,11,0,0
DEU.10.52.5.1_1,2023,11,0,0
DEU.10.52.6.1_1,2023,11,0,0
DEU.10.52.7.1_1,2023,11,0,0
DEU.10.52.8.1_1,2023,11,0,0
DEU.10.52.9.1_1,2023,11,0,0
DEU.10.53.1.1_1,2023,11,0,0
DEU.10.6.1.1_1,2023,11,0,0
DEU.10.6.10.1_1,2023,11,0,0
DEU.10.6.11.1_1,2023,11,0,0
DEU.10.6.2.1_1,2023,11,0,0
DEU.10.6.3.1_1,2023,11,0,0
DEU.10.6.4.1_1,2023,11,0,0
DEU.10.6.5.1_1,2023,11,0,0
DEU.10.6.6.1_1,2023,11,0,0
DEU.10.6.7.1_1,2023,11,0,0
DEU.10.6.8.1_1,2023,11,0,0
DEU.10.6.9.1_1,2023,11,0,0
DEU.10.7.1.1_1,2023,11,0,0
DEU.10.8.1.1_1,2023,11,0,0
DEU.10.9.1.1_1,2023,11,0,0
DEU.10.9.10.1_1,2023,11,0,0
DEU.10.9.11.1_1,2023,11,0,0
DEU.10.9.12.1_1,2023,11,0,0
DEU.10.9.13.1_1,2023,11,0,0
DEU.10.9.14.1_1,2023,11,0,0
DEU.10.9.15.1_1,2023,11,0,0
DEU.10.9.2.1_1,2023,11,0,0
DEU.10.9.3.1_1,2023,11,0,0
DEU.10.9.4.1_1,2023,11,0,0
DEU.10.9.5.1_1,2023,11,0,0
DEU.10.9.6.1_1,2023,11,0,0
DEU.10.9.7.1_1,2023,11,0,0
DEU.10.9.8.1_1,2023,11,0,0
DEU.10.9.9.1_1,2023,11,0,0
DEU.11.1.1.1_1,2023,11,0,0
DEU.11.1.1.10_1,2023,11,0,0
DEU.11.1.1.11_1,2023,11,0,0
DEU.11.1.1.12_1,2023,11,0,0
DEU.11.1.1.13_1,2023,11,0,0
DEU.11.1.1.14_1,2023,11,0,0
DEU.11.1.1.15_1,2023,11,0,0
DEU.11.1.1.16_1,2023,11,0,0
DEU.11.1.1.17_1,2023,11,0,0
DEU.11.1.1.18_1,2023,11,0,0
DEU.11.1.1.19_1,2023,11,0,0
DEU.11.1.1.2_1,2023,11,0,0
DEU.11.1.1.20_1,2023,11,0,0
DEU.11.1.1.21_1,2023,11,0,0
DEU.11.1.1.22_1,2023,11,0,0
DEU.11.1.1.23_1,2023,11,0,0
DEU.11.1.1.24_1,2023,11,0,0
DEU.11.1.1.25_1,2023,11,0,0
DEU.11.1.1.26_1,2023,11,0,0
DEU.11.1.1.27_1,2023,11,0,0
DEU.11.1.1.28_1,2023,11,0,0
DEU.11.1.1.29_1,2023,11,0,0
DEU.11.1.1.3_1,2023,11,0,0
DEU.11.1.1.30_1,2023,11,0,0
DEU.11.1.1.31_1,2023,11,0,0
DEU.11.1.1.32_1,2023,11,0,0
DEU.11.1.1.33_1,2023,11,0,0
DEU.11.1.1.34_1,2023,11,0,0
DEU.11.1.1.35_1,2023,11,0,0
DEU.11.1.1.36_1,2023,11,0,0
DEU.11.1.1.37_1,2023,11,0,0
DEU.11.1.1.4_1,2023,11,0,0
DEU.11.1.1.5_1,2023,11,0,0
DEU.11.1.1.6_1,2023,11,0,0
DEU.11.1.1.7_1,2023,11,0,0
DEU.11.1.1.8_1,2023,11,0,0
DEU.11.1.1.9_1,2023,11,0,0
DEU.11.1.2.1_1,2023,11,0,0
DEU.11.1.2.10_1,2023,11,0,0
DEU.11.1.2.11_1,2023,11,0,0
DEU.11.1.2.12_1,2023,11,0,0
DEU.11.1.2.2_1,2023,11,0,0
DEU.11.1.2.3_1,2023,11,0,0
DEU.11.1.2.4_1,2023,11,0,0
DEU.11.1.2.5_1,2023,11,0,0
DEU.11.1.2.6_1,2023,11,0,0
DEU.11.1.2.7_1,2023,11,0,0
DEU.11.1.2.8_1,2023,11,0,0
DEU.11.1.2.9_1,2023,11,0,0
DEU.11.1.3.1_1,2023,11,0,0
DEU.11.1.3.2_1,2023,11,0,0
DEU.11.1.3.3_1,2023,11,0,0
DEU.11.1.3.4_1,2023,11,0,0
DEU.11.1.4.1_1,2023,11,0,0
DEU.11.1.5.1_1,2023,11,0,0
DEU.11.1.5.10_1,2023,11,0,0
DEU.11.1.5.11_1,2023,11,0,0
DEU.11.1.5.12_1,2023,11,0,0
DEU.11.1.5.13_1,2023,11,0,0
DEU.11.1.5.14_1,2023,11,0,0
DEU.11.1.5.15_1,2023,11,0,0
DEU.11.1.5.16_1,2023,11,0,0
DEU.11.1.5.17_1,2023,11,0,0
DEU.11.1.5.2_1,2023,11,0,0
DEU.11.1.5.3_1,2023,11,0,0
DEU.11.1.5.4_1,2023,11,0,0
DEU.11.1.5.5_1,2023,11,0,0
DEU.11.1.5.6_1,2023,11,0,0
DEU.11.1.5.7_1,2023,11,0,0
DEU.11.1.5.8_1,2023,11,0,0
DEU.11.1.5.9_1,2023,11,0,0
DEU.11.1.6.1_1,2023,11,0,0
DEU.11.1.7.1_1,2023,11,0,0
DEU.11.1.8.1_1,2023,11,0,0
DEU.11.10.1.1_1,2023,11,0,0
DEU.11.10.1.10_1,2023,11,0,0
DEU.11.10.1.11_1,2023,11,0,0
DEU.11.10.1.12_1,2023,11,0,0
DEU.11.10.1.13_1,2023,11,0,0
DEU.11.10.1.14_1,2023,11,0,0
DEU.11.10.1.15_1,2023,11,0,0
DEU.11.10.1.16_1,2023,11,0,0
DEU.11.10.1.17_1,2023,11,0,0
DEU.11.10.1.18_1,2023,11,0,0
DEU.11.10.1.19_1,2023,11,0,0
DEU.11.10.1.2_1,2023,11,0,0
DEU.11.10.1.20_1,2023,11,0,0
DEU.11.10.1.21_1,2023,11,0,0
DEU.11.10.1.22_1,2023,11,0,0
DEU.11.10.1.23_1,2023,11,0,0
DEU.11.10.1.24_1,2023,11,0,0
DEU.11.10.1.25_1,2023,11,0,0
DEU.11.10.1.26_1,2023,11,0,0
DEU.11.10.1.27_1,2023,11,0,0
DEU.11.10.1.28_1,2023,11,0,0
DEU.11.10.1.29_1,2023,11,0,0
DEU.11.10.1.3_1,2023,11,0,0
DEU.11.10.1.30_1,2023,11,0,0
DEU.11.10.1.31_1,2023,11,0,0
DEU.11.10.1.32_1,2023,11,0,0
DEU.11.10.1.33_1,2023,11,0,0
DEU.11.10.1.34_1,2023,11,0,0
DEU.11.10.1.35_1,2023,11,0,0
DEU.11.10.1.36_1,2023,11,0,0
DEU.11.10.1.37_1,2023,11,0,0
DEU.11.10.1.38_1,2023,11,0,0
DEU.11.10.1.39_1,2023,11,0,0
DEU.11.10.1.4_1,2023,11,0,0
DEU.11.10.1.40_1,2023,11,0,0
DEU.11.10.1.41_1,2023,11,0,0
DEU.11.10.1.42_1,2023,11,0,0
DEU.11.10.1.43_1,2023,11,0,0
DEU.11.10.1.5_1,2023,11,0,0
DEU.11.10.1.6_1,2023,11,0,0
DEU.11.10.1.7_1,2023,11,0,0
DEU.11.10.1.8_1,2023,11,0,0
DEU.11.10.1.9_1,2023,11,0,0
DEU.11.10.2.1_1,2023,11,0,0
DEU.11.10.3.1_1,2023,11,0,0
DEU.11.10.3.10_1,2023,11,0,0
DEU.11.10.3.11_1,2023,11,0,0
DEU.11.10.3.12_1,2023,11,0,0
DEU.11.10.3.13_1,2023,11,0,0
DEU.11.10.3.14_1,2023,11,0,0
DEU.11.10.3.15_1,2023,11,0,0
DEU.11.10.3.16_1,2023,11,0,0
DEU.11.10.3.17_1,2023,11,0,0
DEU.11.10.3.18_1,2023,11,0,0
DEU.11.10.3.19_1,2023,11,0,0
DEU.11.10.3.2_1,2023,11,0,0
DEU.11.10.3.20_1,2023,11,0,0
DEU.11.10.3.21_1,2023,11,0,0
DEU.11.10.3.22_1,2023,11,0,0
DEU.11.10.3.23_1,2023,11,0,0
DEU.11.10.3.24_1,2023,11,0,0
DEU.11.10.3.25_1,2023,11,0,0
DEU.11.10.3.26_1,2023,11,0,0
DEU.11.10.3.27_1,2023,11,0,0
DEU.11.10.3.28_1,2023,11,0,0
DEU.11.10.3.29_1,2023,11,0,0
DEU.11.10.3.3_1,2023,11,0,0
DEU.11.10.3.30_1,2023,11,0,0
DEU.11.10.3.31_1,2023,11,0,0
DEU.11.10.3.32_1,2023,11,0,0
DEU.11.10.3.33_1,2023,11,0,0
DEU.11.10.3.34_1,2023,11,0,0
DEU.11.10.3.35_1,2023,11,0,0
DEU.11.10.3.36_1,2023,11,0,0
DEU.11.10.3.37_1,2023,11,0,0
DEU.11.10.3.38_1,2023,11,0,0
DEU.11.10.3.39_1,2023,11,0,0
DEU.11.10.3.4_1,2023,11,0,0
DEU.11.10.3.40_1,2023,11,0,0
DEU.11.10.3.41_1,2023,11,0,0
DEU.11.10.3.42_1,2023,11,0,0
DEU.11.10.3.43_1,2023,11,0,0
DEU.11.10.3.44_1,2023,11,0,0
DEU.11.10.3.45_1,2023,11,0,0
DEU.11.10.3.46_1,2023,11,0,0
DEU.11.10.3.47_1,2023,11,0,0
DEU.11.10.3.48_1,2023,11,0,0
DEU.11.10.3.49_1,2023,11,0,0
DEU.11.10.3.5_1,2023,11,0,0
DEU.11.10.3.50_1,2023,11,0,0
DEU.11.10.3.51_1,2023,11,0,0
DEU.11.10.3.52_1,2023,11,0,0
DEU.11.10.3.53_1,2023,11,0,0
DEU.11.10.3.54_1,2023,11,0,0
DEU.11.10.3.55_1,2023,11,0,0
DEU.11.10.3.56_1,2023,11,0,0
DEU.11.10.3.57_1,2023,11,0,0
DEU.11.10.3.58_1,2023,11,0,0
DEU.11.10.3.59_1,2023,11,0,0
DEU.11.10.3.6_1,2023,11,0,0
DEU.11.10.3.60_1,2023,11,0,0
DEU.11.10.3.61_1,2023,11,0,0
DEU.11.10.3.62_1,2023,11,0,0
DEU.11.10.3.63_1,2023,11,0,0
DEU.11.10.3.64_1,2023,11,0,0
DEU.11.10.3.65_1,2023,11,0,0
DEU.11.10.3.66_1,2023,11,0,0
DEU.11.10.3.67_1,2023,11,0,0
DEU.11.10.3.68_1,2023,11,0,0
DEU.11.10.3.69_1,2023,11,0,0
DEU.11.10.3.7_1,2023,11,0,0
DEU.11.10.3.70_1,2023,11,0,0
DEU.11.10.3.71_1,2023,11,0,0
DEU.11.10.3.72_1,2023,11,0,0
DEU.11.10.3.8_1,2023,11,0,0
DEU.11.10.3.9_1,2023,11,0,0
DEU.11.10.4.1_1,2023,11,0,0
DEU.11.10.4.10_1,2023,11,0,0
DEU.11.10.4.11_1,2023,11,0,0
DEU.11.10.4.12_1,2023,11,0,0
DEU.11.10.4.13_1,2023,11,0,0
DEU.11.10.4.14_1,2023,11,0,0
DEU.11.10.4.15_1,2023,11,0,0
DEU.11.10.4.16_1,2023,11,0,0
DEU.11.10.4.17_1,2023,11,0,0
DEU.11.10.4.18_1,2023,11,0,0
DEU.11.10.4.19_1,2023,11,0,0
DEU.11.10.4.2_1,2023,11,0,0
DEU.11.10.4.20_1,2023,11,0,0
DEU.11.10.4.21_1,2023,11,0,0
DEU.11.10.4.22_1,2023,11,0,0
DEU.11.10.4.23_1,2023,11,0,0
DEU.11.10.4.24_1,2023,11,0,0
DEU.11.10.4.25_1,2023,11,0,0
DEU.11.10.4.26_1,2023,11,0,0
DEU.11.10.4.27_1,2023,11,0,0
DEU.11.10.4.28_1,2023,11,0,0
DEU.11.10.4.29_1,2023,11,0,0
DEU.11.10.4.3_1,2023,11,0,0
DEU.11.10.4.30_1,2023,11,0,0
DEU.11.10.4.31_1,2023,11,0,0
DEU.11.10.4.32_1,2023,11,0,0
DEU.11.10.4.33_1,2023,11,0,0
DEU.11.10.4.34_1,2023,11,0,0
DEU.11.10.4.35_1,2023,11,0,0
DEU.11.10.4.36_1,2023,11,0,0
DEU.11.10.4.37_1,2023,11,0,0
DEU.11.10.4.38_1,2023,11,0,0
DEU.11.10.4.39_1,2023,11,0,0
DEU.11.10.4.4_1,2023,11,0,0
DEU.11.10.4.40_1,2023,11,0,0
DEU.11.10.4.41_1,2023,11,0,0
DEU.11.10.4.42_1,2023,11,0,0
DEU.11.10.4.43_1,2023,11,0,0
DEU.11.10.4.44_1,2023,11,0,0
DEU.11.10.4.5_1,2023,11,0,0
DEU.11.10.4.6_1,2023,11,0,0
DEU.11.10.4.7_1,2023,11,0,0
DEU.11.10.4.8_1,2023,11,0,0
DEU.11.10.4.9_1,2023,11,0,0
DEU.11.10.5.1_1,2023,11,0,0
DEU.11.10.5.2_1,2023,11,0,0
DEU.11.10.5.3_1,2023,11,0,0
DEU.11.10.5.4_1,2023,11,0,0
DEU.11.10.5.5_1,2023,11,0,0
DEU.11.10.5.6_1,2023,11,0,0
DEU.11.10.5.7_1,2023,11,0,0
DEU.11.10.5.8_1,2023,11,0,0
DEU.11.10.5.9_1,2023,11,0,0
DEU.11.10.6.1_1,2023,11,0,0
DEU.11.10.6.10_1,2023,11,0,0
DEU.11.10.6.11_1,2023,11,0,0
DEU.11.10.6.12_1,2023,11,0,0
DEU.11.10.6.13_1,2023,11,0,0
DEU.11.10.6.14_1,2023,11,0,0
DEU.11.10.6.15_1,2023,11,0,0
DEU.11.10.6.16_1,2023,11,0,0
DEU.11.10.6.17_1,2023,11,0,0
DEU.11.10.6.18_1,2023,11,0,0
DEU.11.10.6.19_1,2023,11,0,0
DEU.11.10.6.2_1,2023,11,0,0
DEU.11.10.6.20_1,2023,11,0,0
DEU.11.10.6.21_1,2023,11,0,0
DEU.11.10.6.22_1,2023,11,0,0
DEU.11.10.6.23_1,2023,11,0,0
DEU.11.10.6.24_1,2023,11,0,0
DEU.11.10.6.25_1,2023,11,0,0
DEU.11.10.6.26_1,2023,11,0,0
DEU.11.10.6.27_1,2023,11,0,0
DEU.11.10.6.28_1,2023,11,0,0
DEU.11.10.6.29_1,2023,11,0,0
DEU.11.10.6.3_1,2023,11,0,0
DEU.11.10.6.30_1,2023,11,0,0
DEU.11.10.6.31_1,2023,11,0,0
DEU.11.10.6.32_1,2023,11,0,0
DEU.11.10.6.33_1,2023,11,0,0
DEU.11.10.6.34_1,2023,11,0,0
DEU.11.10.6.35_1,2023,11,0,0
DEU.11.10.6.36_1,2023,11,0,0
DEU.11.10.6.37_1,2023,11,0,0
DEU.11.10.6.38_1,2023,11,0,0
DEU.11.10.6.39_1,2023,11,0,0
DEU.11.10.6.4_1,2023,11,0,0
DEU.11.10.6.40_1,2023,11,0,0
DEU.11.10.6.41_1,2023,11,0,0
DEU.11.10.6.42_1,2023,11,0,0
DEU.11.10.6.43_1,2023,11,0,0
DEU.11.10.6.44_1,2023,11,0,0
DEU.11.10.6.45_1,2023,11,0,0
DEU.11.10.6.46_1,2023,11,0,0
DEU.11.10.6.47_1,2023,11,0,0
DEU.11.10.6.48_1,2023,11,0,0
DEU.11.10.6.49_1,2023,11,0,0
DEU.11.10.6.5_1,2023,11,0,0
DEU.11.10.6.50_1,2023,11,0,0
DEU.11.10.6.51_1,2023,11,0,0
DEU.11.10.6.52_1,2023,11,0,0
DEU.11.10.6.53_1,2023,11,0,0
DEU.11.10.6.54_1,2023,11,0,0
DEU.11.10.6.55_1,2023,11,0,0
DEU.11.10.6.56_1,2023,11,0,0
DEU.11.10.6.57_1,2023,11,0,0
DEU.11.10.6.58_1,2023,11,0,0
DEU.11.10.6.59_1,2023,11,0,0
DEU.11.10.6.6_1,2023,11,0,0
DEU.11.10.6.60_1,2023,11,0,0
DEU.11.10.6.61_1,2023,11,0,0
DEU.11.10.6.62_1,2023,11,0,0
DEU.11.10.6.63_1,2023,11,0,0
DEU.11.10.6.64_1,2023,11,0,0
DEU.11.10.6.65_1,2023,11,0,0
DEU.11.10.6.66_1,2023,11,0,0
DEU.11.10.6.7_1,2023,11,0,0
DEU.11.10.6.8_1,2023,11,0,0
DEU.11.10.6.9_1,2023,11,0,0
DEU.11.11.1.1_1,2023,11,0,0
DEU.11.12.1.1_1,2023,11,0,0
DEU.11.12.1.2_1,2023,11,0,0
DEU.11.12.1.3_1,2023,11,0,0
DEU.11.12.1.4_1,2023,11,0,0
DEU.11.12.2.1_1,2023,11,0,0
DEU.11.12.3.1_1,2023,11,0,0
DEU.11.12.3.2_1,2023,11,0,0
DEU.11.12.3.3_1,2023,11,0,0
DEU.11.12.3.4_1,2023,11,0,0
DEU.11.12.4.1_1,2023,11,0,0
DEU.11.12.4.2_1,2023,11,0,0
DEU.11.12.4.3_1,2023,11,0,0
DEU.11.12.4.4_1,2023,11,0,0
DEU.11.12.5.1_1,2023,11,0,0
DEU.11.12.5.2_1,2023,11,0,0
DEU.11.12.5.3_1,2023,11,0,0
DEU.11.12.5.4_1,2023,11,0,0
DEU.11.12.5.5_1,2023,11,0,0
DEU.11.12.5.6_1,2023,11,0,0
DEU.11.12.5.7_1,2023,11,0,0
DEU.11.12.6.1_1,2023,11,0,0
DEU.11.12.6.2_1,2023,11,0,0
DEU.11.12.6.3_1,2023,11,0,0
DEU.11.12.6.4_1,2023,11,0,0
DEU.11.12.6.5_1,2023,11,0,0
DEU.11.12.6.6_1,2023,11,0,0
DEU.11.12.7.1_1,2023,11,0,0
DEU.11.12.7.2_1,2023,11,0,0
DEU.11.12.7.3_1,2023,11,0,0
DEU.11.12.7.4_1,2023,11,0,0
DEU.11.12.8.1_1,2023,11,0,0
DEU.11.13.1.1_1,2023,11,0,0
DEU.11.14.1.1_1,2023,11,0,0
DEU.11.14.1.2_1,2023,11,0,0
DEU.11.14.1.3_1,2023,11,0,0
DEU.11.14.1.4_1,2023,11,0,0
DEU.11.14.1.5_1,2023,11,0,0
DEU.11.14.2.1_1,2023,11,0,0
DEU.11.14.2.2_1,2023,11,0,0
DEU.11.14.2.3_1,2023,11,0,0
DEU.11.14.2.4_1,2023,11,0,0
DEU.11.14.2.5_1,2023,11,0,0
DEU.11.14.2.6_1,2023,11,0,0
DEU.11.14.2.7_1,2023,11,0,0
DEU.11.14.2.8_1,2023,11,0,0
DEU.11.14.3.1_1,2023,11,0,0
DEU.11.14.3.2_1,2023,11,0,0
DEU.11.14.3.3_1,2023,11,0,0
DEU.11.14.3.4_1,2023,11,0,0
DEU.11.14.3.5_1,2023,11,0,0
DEU.11.14.3.6_1,2023,11,0,0
DEU.11.14.4.1_1,2023,11,0,0
DEU.11.14.4.2_1,2023,11,0,0
DEU.11.14.4.3_1,2023,11,0,0
DEU.11.14.4.4_1,2023,11,0,0
DEU.11.14.4.5_1,2023,11,0,0
DEU.11.14.4.6_1,2023,11,0,0
DEU.11.14.5.1_1,2023,11,0,0
DEU.11.14.5.10_1,2023,11,0,0
DEU.11.14.5.11_1,2023,11,0,0
DEU.11.14.5.12_1,2023,11,0,0
DEU.11.14.5.2_1,2023,11,0,0
DEU.11.14.5.3_1,2023,11,0,0
DEU.11.14.5.4_1,2023,11,0,0
DEU.11.14.5.5_1,2023,11,0,0
DEU.11.14.5.6_1,2023,11,0,0
DEU.11.14.5.7_1,2023,11,0,0
DEU.11.14.5.8_1,2023,11,0,0
DEU.11.14.5.9_1,2023,11,0,0
DEU.11.14.6.1_1,2023,11,0,0
DEU.11.14.6.2_1,2023,11,0,0
DEU.11.14.6.3_1,2023,11,0,0
DEU.11.14.6.4_1,2023,11,0,0
DEU.11.14.6.5_1,2023,11,0,0
DEU.11.14.7.1_1,2023,11,0,0
DEU.11.14.7.2_1,2023,11,0,0
DEU.11.14.7.3_1,2023,11,0,0
DEU.11.14.7.4_1,2023,11,0,0
DEU.11.14.7.5_1,2023,11,0,0
DEU.11.14.7.6_1,2023,11,0,0
DEU.11.14.7.7_1,2023,11,0,0
DEU.11.14.7.8_1,2023,11,0,0
DEU.11.15.1.1_1,2023,11,0,0
DEU.11.16.1.1_1,2023,11,0,0
DEU.11.16.1.10_1,2023,11,0,0
DEU.11.16.1.11_1,2023,11,0,0
DEU.11.16.1.12_1,2023,11,0,0
DEU.11.16.1.13_1,2023,11,0,0
DEU.11.16.1.14_1,2023,11,0,0
DEU.11.16.1.15_1,2023,11,0,0
DEU.11.16.1.16_1,2023,11,0,0
DEU.11.16.1.2_1,2023,11,0,0
DEU.11.16.1.3_1,2023,11,0,0
DEU.11.16.1.4_1,2023,11,0,0
DEU.11.16.1.5_1,2023,11,0,0
DEU.11.16.1.6_1,2023,11,0,0
DEU.11.16.1.7_1,2023,11,0,0
DEU.11.16.1.8_1,2023,11,0,0
DEU.11.16.1.9_1,2023,11,0,0
DEU.11.16.2.1_1,2023,11,0,0
DEU.11.16.2.10_1,2023,11,0,0
DEU.11.16.2.11_1,2023,11,0,0
DEU.11.16.2.12_1,2023,11,0,0
DEU.11.16.2.13_1,2023,11,0,0
DEU.11.16.2.2_1,2023,11,0,0
DEU.11.16.2.3_1,2023,11,0,0
DEU.11.16.2.4_1,2023,11,0,0
DEU.11.16.2.5_1,2023,11,0,0
DEU.11.16.2.6_1,2023,11,0,0
DEU.11.16.2.7_1,2023,11,0,0
DEU.11.16.2.8_1,2023,11,0,0
DEU.11.16.2.9_1,2023,11,0,0
DEU.11.16.3.1_1,2023,11,0,0
DEU.11.16.3.10_1,2023,11,0,0
DEU.11.16.3.11_1,2023,11,0,0
DEU.11.16.3.12_1,2023,11,0,0
DEU.11.16.3.13_1,2023,11,0,0
DEU.11.16.3.14_1,2023,11,0,0
DEU.11.16.3.15_1,2023,11,0,0
DEU.11.16.3.16_1,2023,11,0,0
DEU.11.16.3.17_1,2023,11,0,0
DEU.11.16.3.18_1,2023,11,0,0
DEU.11.16.3.2_1,2023,11,0,0
DEU.11.16.3.3_1,2023,11,0,0
DEU.11.16.3.4_1,2023,11,0,0
DEU.11.16.3.5_1,2023,11,0,0
DEU.11.16.3.6_1,2023,11,0,0
DEU.11.16.3.7_1,2023,11,0,0
DEU.11.16.3.8_1,2023,11,0,0
DEU.11.16.3.9_1,2023,11,0,0
DEU.11.16.4.1_1,2023,11,0,0
DEU.11.16.4.10_1,2023,11,0,0
DEU.11.16.4.11_1,2023,11,0,0
DEU.11.16.4.12_1,2023,11,0,0
DEU.11.16.4.13_1,2023,11,0,0
DEU.11.16.4.14_1,2023,11,0,0
DEU.11.16.4.15_1,2023,11,0,0
DEU.11.16.4.16_1,2023,11,0,0
DEU.11.16.4.17_1,2023,11,0,0
DEU.11.16.4.18_1,2023,11,0,0
DEU.11.16.4.19_1,2023,11,0,0
DEU.11.16.4.2_1,2023,11,0,0
DEU.11.16.4.20_1,2023,11,0,0
DEU.11.16.4.21_1,2023,11,0,0
DEU.11.16.4.22_1,2023,11,0,0
DEU.11.16.4.23_1,2023,11,0,0
DEU.11.16.4.24_1,2023,11,0,0
DEU.11.16.4.25_1,2023,11,0,0
DEU.11.16.4.26_1,2023,11,0,0
DEU.11.16.4.27_1,2023,11,0,0
DEU.11.16.4.28_1,2023,11,0,0
DEU.11.16.4.29_1,2023,11,0,0
DEU.11.16.4.3_1,2023,11,0,0
DEU.11.16.4.30_1,2023,11,0,0
DEU.11.16.4.31_1,2023,11,0,0
DEU.11.16.4.32_1,2023,11,0,0
DEU.11.16.4.33_1,2023,11,0,0
DEU.11.16.4.34_1,2023,11,0,0
DEU.11.16.4.35_1,2023,11,0,0
DEU.11.16.4.36_1,2023,11,0,0
DEU.11.16.4.37_1,2023,11,0,0
DEU.11.16.4.38_1,2023,11,0,0
DEU.11.16.4.39_1,2023,11,0,0
DEU.11.16.4.4_1,2023,11,0,0
DEU.11.16.4.40_1,2023,11,0,0
DEU.11.16.4.41_1,2023,11,0,0
DEU.11.16.4.5_1,2023,11,0,0
DEU.11.16.4.6_1,2023,11,0,0
DEU.11.16.4.7_1,2023,11,0,0
DEU.11.16.4.8_1,2023,11,0,0
DEU.11.16.4.9_1,2023,11,0,0
DEU.11.16.5.1_1,2023,11,0,0
DEU.11.16.5.2_1,2023,11,0,0
DEU.11.16.5.3_1,2023,11,0,0
DEU.11.16.5.4_1,2023,11,0,0
DEU.11.16.5.5_1,2023,11,0,0
DEU.11.16.5.6_1,2023,11,0,0
DEU.11.16.5.7_1,2023,11,0,0
DEU.11.16.6.1_1,2023,11,0,0
DEU.11.16.6.2_1,2023,11,0,0
DEU.11.16.6.3_1,2023,11,0,0
DEU.11.17.1.1_1,2023,11,0,0
DEU.11.18.1.1_1,2023,11,0,0
DEU.11.19.1.1_1,2023,11,0,0
DEU.11.19.10.1_1,2023,11,0,0
DEU.11.19.10.10_1,2023,11,0,0
DEU.11.19.10.2_1,2023,11,0,0
DEU.11.19.10.3_1,2023,11,0,0
DEU.11.19.10.4_1,2023,11,0,0
DEU.11.19.10.5_1,2023,11,0,0
DEU.11.19.10.6_1,2023,11,0,0
DEU.11.19.10.7_1,2023,11,0,0
DEU.11.19.10.8_1,2023,11,0,0
DEU.11.19.10.9_1,2023,11,0,0
DEU.11.19.2.1_1,2023,11,0,0
DEU.11.19.2.2_1,2023,11,0,0
DEU.11.19.2.3_1,2023,11,0,0
DEU.11.19.2.4_1,2023,11,0,0
DEU.11.19.2.5_1,2023,11,0,0
DEU.11.19.3.1_1,2023,11,0,0
DEU.11.19.4.1_1,2023,11,0,0
DEU.11.19.4.2_1,2023,11,0,0
DEU.11.19.4.3_1,2023,11,0,0
DEU.11.19.4.4_1,2023,11,0,0
DEU.11.19.4.5_1,2023,11,0,0
DEU.11.19.4.6_1,2023,11,0,0
DEU.11.19.4.7_1,2023,11,0,0
DEU.11.19.4.8_1,2023,11,0,0
DEU.11.19.5.1_1,2023,11,0,0
DEU.11.19.5.2_1,2023,11,0,0
DEU.11.19.6.1_1,2023,11,0,0
DEU.11.19.7.1_1,2023,11,0,0
DEU.11.19.7.2_1,2023,11,0,0
DEU.11.19.7.3_1,2023,11,0,0
DEU.11.19.7.4_1,2023,11,0,0
DEU.11.19.7.5_1,2023,11,0,0
DEU.11.19.7.6_1,2023,11,0,0
DEU.11.19.7.7_1,2023,11,0,0
DEU.11.19.7.8_1,2023,11,0,0
DEU.11.19.8.1_1,2023,11,0,0
DEU.11.19.8.10_1,2023,11,0,0
DEU.11.19.8.2_1,2023,11,0,0
DEU.11.19.8.3_1,2023,11,0,0
DEU.11.19.8.4_1,2023,11,0,0
DEU.11.19.8.5_1,2023,11,0,0
DEU.11.19.8.6_1,2023,11,0,0
DEU.11.19.8.7_1,2023,11,0,0
DEU.11.19.8.8_1,2023,11,0,0
DEU.11.19.8.9_1,2023,11,0,0
DEU.11.19.9.1_1,2023,11,0,0
DEU.11.19.9.10_1,2023,11,0,0
DEU.11.19.9.11_1,2023,11,0,0
DEU.11.19.9.12_1,2023,11,0,0
DEU.11.19.9.13_1,2023,11,0,0
DEU.11.19.9.14_1,2023,11,0,0
DEU.11.19.9.15_1,2023,11,0,0
DEU.11.19.9.16_1,2023,11,0,0
DEU.11.19.9.17_1,2023,11,0,0
DEU.11.19.9.18_1,2023,11,0,0
DEU.11.19.9.19_1,2023,11,0,0
DEU.11.19.9.2_1,2023,11,0,0
DEU.11.19.9.20_1,2023,11,0,0
DEU.11.19.9.3_1,2023,11,0,0
DEU.11.19.9.4_1,2023,11,0,0
DEU.11.19.9.5_1,2023,11,0,0
DEU.11.19.9.6_1,2023,11,0,0
DEU.11.19.9.7_1,2023,11,0,0
DEU.11.19.9.8_1,2023,11,0,0
DEU.11.19.9.9_1,2023,11,0,0
DEU.11.2.1.1_1,2023,11,0,0
DEU.11.2.1.10_1,2023,11,0,0
DEU.11.2.1.11_1,2023,11,0,0
DEU.11.2.1.12_1,2023,11,0,0
DEU.11.2.1.13_1,2023,11,0,0
DEU.11.2.1.14_1,2023,11,0,0
DEU.11.2.1.15_1,2023,11,0,0
DEU.11.2.1.16_1,2023,11,0,0
DEU.11.2.1.17_1,2023,11,0,0
DEU.11.2.1.18_1,2023,11,0,0
DEU.11.2.1.19_1,2023,11,0,0
DEU.11.2.1.2_1,2023,11,0,0
DEU.11.2.1.20_1,2023,11,0,0
DEU.11.2.1.21_1,2023,11,0,0
DEU.11.2.1.22_1,2023,11,0,0
DEU.11.2.1.23_1,2023,11,0,0
DEU.11.2.1.24_1,2023,11,0,0
DEU.11.2.1.25_1,2023,11,0,0
DEU.11.2.1.26_1,2023,11,0,0
DEU.11.2.1.27_1,2023,11,0,0
DEU.11.2.1.28_1,2023,11,0,0
DEU.11.2.1.29_1,2023,11,0,0
DEU.11.2.1.3_1,2023,11,0,0
DEU.11.2.1.30_1,2023,11,0,0
DEU.11.2.1.31_1,2023,11,0,0
DEU.11.2.1.32_1,2023,11,0,0
DEU.11.2.1.33_1,2023,11,0,0
DEU.11.2.1.34_1,2023,11,0,0
DEU.11.2.1.35_1,2023,11,0,0
DEU.11.2.1.36_1,2023,11,0,0
DEU.11.2.1.37_1,2023,11,0,0
DEU.11.2.1.38_1,2023,11,0,0
DEU.11.2.1.39_1,2023,11,0,0
DEU.11.2.1.4_1,2023,11,0,0
DEU.11.2.1.40_1,2023,11,0,0
DEU.11.2.1.41_1,2023,11,0,0
DEU.11.2.1.42_1,2023,11,0,0
DEU.11.2.1.5_1,2023,11,0,0
DEU.11.2.1.6_1,2023,11,0,0
DEU.11.2.1.7_1,2023,11,0,0
DEU.11.2.1.8_1,2023,11,0,0
DEU.11.2.1.9_1,2023,11,0,0
DEU.11.2.2.1_1,2023,11,0,0
DEU.11.2.2.2_1,2023,11,0,0
DEU.11.2.2.3_1,2023,11,0,0
DEU.11.2.2.4_1,2023,11,0,0
DEU.11.2.2.5_1,2023,11,0,0
DEU.11.2.3.1_1,2023,11,0,0
DEU.11.2.3.10_1,2023,11,0,0
DEU.11.2.3.11_1,2023,11,0,0
DEU.11.2.3.12_1,2023,11,0,0
DEU.11.2.3.13_1,2023,11,0,0
DEU.11.2.3.14_1,2023,11,0,0
DEU.11.2.3.15_1,2023,11,0,0
DEU.11.2.3.16_1,2023,11,0,0
DEU.11.2.3.17_1,2023,11,0,0
DEU.11.2.3.18_1,2023,11,0,0
DEU.11.2.3.19_1,2023,11,0,0
DEU.11.2.3.2_1,2023,11,0,0
DEU.11.2.3.20_1,2023,11,0,0
DEU.11.2.3.21_1,2023,11,0,0
DEU.11.2.3.22_1,2023,11,0,0
DEU.11.2.3.23_1,2023,11,0,0
DEU.11.2.3.24_1,2023,11,0,0
DEU.11.2.3.25_1,2023,11,0,0
DEU.11.2.3.26_1,2023,11,0,0
DEU.11.2.3.3_1,2023,11,0,0
DEU.11.2.3.4_1,2023,11,0,0
DEU.11.2.3.5_1,2023,11,0,0
DEU.11.2.3.6_1,2023,11,0,0
DEU.11.2.3.7_1,2023,11,0,0
DEU.11.2.3.8_1,2023,11,0,0
DEU.11.2.3.9_1,2023,11,0,0
DEU.11.2.4.1_1,2023,11,0,0
DEU.11.2.4.10_1,2023,11,0,0
DEU.11.2.4.11_1,2023,11,0,0
DEU.11.2.4.12_1,2023,11,0,0
DEU.11.2.4.2_1,2023,11,0,0
DEU.11.2.4.3_1,2023,11,0,0
DEU.11.2.4.4_1,2023,11,0,0
DEU.11.2.4.5_1,2023,11,0,0
DEU.11.2.4.6_1,2023,11,0,0
DEU.11.2.4.7_1,2023,11,0,0
DEU.11.2.4.8_1,2023,11,0,0
DEU.11.2.4.9_1,2023,11,0,0
DEU.11.2.5.1_1,2023,11,0,0
DEU.11.2.5.10_1,2023,11,0,0
DEU.11.2.5.11_1,2023,11,0,0
DEU.11.2.5.12_1,2023,11,0,0
DEU.11.2.5.2_1,2023,11,0,0
DEU.11.2.5.3_1,2023,11,0,0
DEU.11.2.5.4_1,2023,11,0,0
DEU.11.2.5.5_1,2023,11,0,0
DEU.11.2.5.6_1,2023,11,0,0
DEU.11.2.5.7_1,2023,11,0,0
DEU.11.2.5.8_1,2023,11,0,0
DEU.11.2.5.9_1,2023,11,0,0
DEU.11.2.6.1_1,2023,11,0,0
DEU.11.2.6.10_1,2023,11,0,0
DEU.11.2.6.2_1,2023,11,0,0
DEU.11.2.6.3_1,2023,11,0,0
DEU.11.2.6.4_1,2023,11,0,0
DEU.11.2.6.5_1,2023,11,0,0
DEU.11.2.6.6_1,2023,11,0,0
DEU.11.2.6.7_1,2023,11,0,0
DEU.11.2.6.8_1,2023,11,0,0
DEU.11.2.6.9_1,2023,11,0,0
DEU.11.2.7.1_1,2023,11,0,0
DEU.11.2.7.2_1,2023,11,0,0
DEU.11.2.7.3_1,2023,11,0,0
DEU.11.2.7.4_1,2023,11,0,0
DEU.11.2.7.5_1,2023,11,0,0
DEU.11.2.7.6_1,2023,11,0,0
DEU.11.2.8.1_1,2023,11,0,0
DEU.11.2.8.2_1,2023,11,0,0
DEU.11.2.8.3_1,2023,11,0,0
DEU.11.2.8.4_1,2023,11,0,0
DEU.11.2.8.5_1,2023,11,0,0
DEU.11.2.8.6_1,2023,11,0,0
DEU.11.20.1.1_1,2023,11,0,0
DEU.11.21.1.1_1,2023,11,0,0
DEU.11.21.10.1_1,2023,11,0,0
DEU.11.21.10.2_1,2023,11,0,0
DEU.11.21.10.3_1,2023,11,0,0
DEU.11.21.10.4_1,2023,11,0,0
DEU.11.21.10.5_1,2023,11,0,0
DEU.11.21.10.6_1,2023,11,0,0
DEU.11.21.10.7_1,2023,11,0,0
DEU.11.21.2.1_1,2023,11,0,0
DEU.11.21.3.1_1,2023,11,0,0
DEU.11.21.3.10_1,2023,11,0,0
DEU.11.21.3.11_1,2023,11,0,0
DEU.11.21.3.12_1,2023,11,0,0
DEU.11.21.3.13_1,2023,11,0,0
DEU.11.21.3.14_1,2023,11,0,0
DEU.11.21.3.15_1,2023,11,0,0
DEU.11.21.3.16_1,2023,11,0,0
DEU.11.21.3.17_1,2023,11,0,0
DEU.11.21.3.18_1,2023,11,0,0
DEU.11.21.3.2_1,2023,11,0,0
DEU.11.21.3.3_1,2023,11,0,0
DEU.11.21.3.4_1,2023,11,0,0
DEU.11.21.3.5_1,2023,11,0,0
DEU.11.21.3.6_1,2023,11,0,0
DEU.11.21.3.7_1,2023,11,0,0
DEU.11.21.3.8_1,2023,11,0,0
DEU.11.21.3.9_1,2023,11,0,0
DEU.11.21.4.1_1,2023,11,0,0
DEU.11.21.5.1_1,2023,11,0,0
DEU.11.21.5.2_1,2023,11,0,0
DEU.11.21.5.3_1,2023,11,0,0
DEU.11.21.5.4_1,2023,11,0,0
DEU.11.21.5.5_1,2023,11,0,0
DEU.11.21.6.1_1,2023,11,0,0
DEU.11.21.6.2_1,2023,11,0,0
DEU.11.21.6.3_1,2023,11,0,0
DEU.11.21.6.4_1,2023,11,0,0
DEU.11.21.6.5_1,2023,11,0,0
DEU.11.21.7.1_1,2023,11,0,0
DEU.11.21.7.10_1,2023,11,0,0
DEU.11.21.7.11_1,2023,11,0,0
DEU.11.21.7.12_1,2023,11,0,0
DEU.11.21.7.13_1,2023,11,0,0
DEU.11.21.7.14_1,2023,11,0,0
DEU.11.21.7.15_1,2023,11,0,0
DEU.11.21.7.16_1,2023,11,0,0
DEU.11.21.7.17_1,2023,11,0,0
DEU.11.21.7.18_1,2023,11,0,0
DEU.11.21.7.2_1,2023,11,0,0
DEU.11.21.7.3_1,2023,11,0,0
DEU.11.21.7.4_1,2023,11,0,0
DEU.11.21.7.5_1,2023,11,0,0
DEU.11.21.7.6_1,2023,11,0,0
DEU.11.21.7.7_1,2023,11,0,0
DEU.11.21.7.8_1,2023,11,0,0
DEU.11.21.7.9_1,2023,11,0,0
DEU.11.21.8.1_1,2023,11,0,0
DEU.11.21.8.2_1,2023,11,0,0
DEU.11.21.8.3_1,2023,11,0,0
DEU.11.21.8.4_1,2023,11,0,0
DEU.11.21.9.1_1,2023,11,0,0
DEU.11.21.9.10_1,2023,11,0,0
DEU.11.21.9.11_1,2023,11,0,0
DEU.11.21.9.12_1,2023,11,0,0
DEU.11.21.9.13_1,2023,11,0,0
DEU.11.21.9.14_1,2023,11,0,0
DEU.11.21.9.15_1,2023,11,0,0
DEU.11.21.9.16_1,2023,11,0,0
DEU.11.21.9.17_1,2023,11,0,0
DEU.11.21.9.18_1,2023,11,0,0
DEU.11.21.9.19_1,2023,11,0,0
DEU.11.21.9.2_1,2023,11,0,0
DEU.11.21.9.20_1,2023,11,0,0
DEU.11.21.9.21_1,2023,11,0,0
DEU.11.21.9.22_1,2023,11,0,0
DEU.11.21.9.23_1,2023,11,0,0
DEU.11.21.9.24_1,2023,11,0,0
DEU.11.21.9.25_1,2023,11,0,0
DEU.11.21.9.26_1,2023,11,0,0
DEU.11.21.9.27_1,2023,11,0,0
DEU.11.21.9.3_1,2023,11,0,0
DEU.11.21.9.4_1,2023,11,0,0
DEU.11.21.9.5_1,2023,11,0,0
DEU.11.21.9.6_1,2023,11,0,0
DEU.11.21.9.7_1,2023,11,0,0
DEU.11.21.9.8_1,2023,11,0,0
DEU.11.21.9.9_1,2023,11,0,0
DEU.11.22.1.1_1,2023,11,0,0
DEU.11.23.1.1_1,2023,11,0,0
DEU.11.23.1.2_1,2023,11,0,0
DEU.11.23.1.3_1,2023,11,0,0
DEU.11.23.1.4_1,2023,11,0,0
DEU.11.23.2.1_1,2023,11,0,0
DEU.11.23.2.2_1,2023,11,0,0
DEU.11.23.2.3_1,2023,11,0,0
DEU.11.23.2.4_1,2023,11,0,0
DEU.11.23.3.1_1,2023,11,0,0
DEU.11.23.3.2_1,2023,11,0,0
DEU.11.23.3.3_1,2023,11,0,0
DEU.11.23.3.4_1,2023,11,0,0
DEU.11.23.3.5_1,2023,11,0,0
DEU.11.23.3.6_1,2023,11,0,0
DEU.11.23.4.1_1,2023,11,0,0
DEU.11.23.4.2_1,2023,11,0,0
DEU.11.23.4.3_1,2023,11,0,0
DEU.11.23.4.4_1,2023,11,0,0
DEU.11.23.4.5_1,2023,11,0,0
DEU.11.23.4.6_1,2023,11,0,0
DEU.11.23.4.7_1,2023,11,0,0
DEU.11.23.5.1_1,2023,11,0,0
DEU.11.23.6.1_1,2023,11,0,0
DEU.11.23.6.10_1,2023,11,0,0
DEU.11.23.6.11_1,2023,11,0,0
DEU.11.23.6.12_1,2023,11,0,0
DEU.11.23.6.13_1,2023,11,0,0
DEU.11.23.6.14_1,2023,11,0,0
DEU.11.23.6.15_1,2023,11,0,0
DEU.11.23.6.16_1,2023,11,0,0
DEU.11.23.6.2_1,2023,11,0,0
DEU.11.23.6.3_1,2023,11,0,0
DEU.11.23.6.4_1,2023,11,0,0
DEU.11.23.6.5_1,2023,11,0,0
DEU.11.23.6.6_1,2023,11,0,0
DEU.11.23.6.7_1,2023,11,0,0
DEU.11.23.6.8_1,2023,11,0,0
DEU.11.23.6.9_1,2023,11,0,0
DEU.11.23.7.1_1,2023,11,0,0
DEU.11.23.7.10_1,2023,11,0,0
DEU.11.23.7.11_1,2023,11,0,0
DEU.11.23.7.12_1,2023,11,0,0
DEU.11.23.7.13_1,2023,11,0,0
DEU.11.23.7.14_1,2023,11,0,0
DEU.11.23.7.2_1,2023,11,0,0
DEU.11.23.7.3_1,2023,11,0,0
DEU.11.23.7.4_1,2023,11,0,0
DEU.11.23.7.5_1,2023,11,0,0
DEU.11.23.7.6_1,2023,11,0,0
DEU.11.23.7.7_1,2023,11,0,0
DEU.11.23.7.8_1,2023,11,0,0
DEU.11.23.7.9_1,2023,11,0,0
DEU.11.23.8.1_1,2023,11,0,0
DEU.11.23.8.2_1,2023,11,0,0
DEU.11.23.8.3_1,2023,11,0,0
DEU.11.23.8.4_1,2023,11,0,0
DEU.11.23.9.1_1,2023,11,0,0
DEU.11.23.9.2_1,2023,11,0,0
DEU.11.23.9.3_1,2023,11,0,0
DEU.11.23.9.4_1,2023,11,0,0
DEU.11.23.9.5_1,2023,11,0,0
DEU.11.23.9.6_1,2023,11,0,0
DEU.11.24.1.1_1,2023,11,0,0
DEU.11.25.1.1_1,2023,11,0,0
DEU.11.25.2.1_1,2023,11,0,0
DEU.11.25.2.10_1,2023,11,0,0
DEU.11.25.2.11_1,2023,11,0,0
DEU.11.25.2.12_1,2023,11,0,0
DEU.11.25.2.13_1,2023,11,0,0
DEU.11.25.2.14_1,2023,11,0,0
DEU.11.25.2.15_1,2023,11,0,0
DEU.11.25.2.16_1,2023,11,0,0
DEU.11.25.2.17_1,2023,11,0,0
DEU.11.25.2.18_1,2023,11,0,0
DEU.11.25.2.19_1,2023,11,0,0
DEU.11.25.2.2_1,2023,11,0,0
DEU.11.25.2.20_1,2023,11,0,0
DEU.11.25.2.21_1,2023,11,0,0
DEU.11.25.2.22_1,2023,11,0,0
DEU.11.25.2.23_1,2023,11,0,0
DEU.11.25.2.24_1,2023,11,0,0
DEU.11.25.2.25_1,2023,11,0,0
DEU.11.25.2.3_1,2023,11,0,0
DEU.11.25.2.4_1,2023,11,0,0
DEU.11.25.2.5_1,2023,11,0,0
DEU.11.25.2.6_1,2023,11,0,0
DEU.11.25.2.7_1,2023,11,0,0
DEU.11.25.2.8_1,2023,11,0,0
DEU.11.25.2.9_1,2023,11,0,0
DEU.11.25.3.1_1,2023,11,0,0
DEU.11.25.3.10_1,2023,11,0,0
DEU.11.25.3.11_1,2023,11,0,0
DEU.11.25.3.12_1,2023,11,0,0
DEU.11.25.3.13_1,2023,11,0,0
DEU.11.25.3.14_1,2023,11,0,0
DEU.11.25.3.15_1,2023,11,0,0
DEU.11.25.3.16_1,2023,11,0,0
DEU.11.25.3.17_1,2023,11,0,0
DEU.11.25.3.18_1,2023,11,0,0
DEU.11.25.3.19_1,2023,11,0,0
DEU.11.25.3.2_1,2023,11,0,0
DEU.11.25.3.3_1,2023,11,0,0
DEU.11.25.3.4_1,2023,11,0,0
DEU.11.25.3.5_1,2023,11,0,0
DEU.11.25.3.6_1,2023,11,0,0
DEU.11.25.3.7_1,2023,11,0,0
DEU.11.25.3.8_1,2023,11,0,0
DEU.11.25.3.9_1,2023,11,0,0
DEU.11.25.4.1_1,2023,11,0,0
DEU.11.25.4.10_1,2023,11,0,0
DEU.11.25.4.11_1,2023,11,0,0
DEU.11.25.4.12_1,2023,11,0,0
DEU.11.25.4.13_1,2023,11,0,0
DEU.11.25.4.14_1,2023,11,0,0
DEU.11.25.4.15_1,2023,11,0,0
DEU.11.25.4.16_1,2023,11,0,0
DEU.11.25.4.17_1,2023,11,0,0
DEU.11.25.4.18_1,2023,11,0,0
DEU.11.25.4.19_1,2023,11,0,0
DEU.11.25.4.2_1,2023,11,0,0
DEU.11.25.4.20_1,2023,11,0,0
DEU.11.25.4.21_1,2023,11,0,0
DEU.11.25.4.22_1,2023,11,0,0
DEU.11.25.4.23_1,2023,11,0,0
DEU.11.25.4.24_1,2023,11,0,0
DEU.11.25.4.25_1,2023,11,0,0
DEU.11.25.4.26_1,2023,11,0,0
DEU.11.25.4.27_1,2023,11,0,0
DEU.11.25.4.28_1,2023,11,0,0
DEU.11.25.4.29_1,2023,11,0,0
DEU.11.25.4.3_1,2023,11,0,0
DEU.11.25.4.30_1,2023,11,0,0
DEU.11.25.4.31_1,2023,11,0,0
DEU.11.25.4.32_1,2023,11,0,0
DEU.11.25.4.33_1,2023,11,0,0
DEU.11.25.4.34_1,2023,11,0,0
DEU.11.25.4.35_1,2023,11,0,0
DEU.11.25.4.36_1,2023,11,0,0
DEU.11.25.4.37_1,2023,11,0,0
DEU.11.25.4.38_1,2023,11,0,0
DEU.11.25.4.39_1,2023,11,0,0
DEU.11.25.4.4_1,2023,11,0,0
DEU.11.25.4.40_1,2023,11,0,0
DEU.11.25.4.5_1,2023,11,0,0
DEU.11.25.4.6_1,2023,11,0,0
DEU.11.25.4.7_1,2023,11,0,0
DEU.11.25.4.8_1,2023,11,0,0
DEU.11.25.4.9_1,2023,11,0,0
DEU.11.25.5.1_1,2023,11,0,0
DEU.11.25.5.10_1,2023,11,0,0
DEU.11.25.5.11_1,2023,11,0,0
DEU.11.25.5.12_1,2023,11,0,0
DEU.11.25.5.2_1,2023,11,0,0
DEU.11.25.5.3_1,2023,11,0,0
DEU.11.25.5.4_1,2023,11,0,0
DEU.11.25.5.5_1,2023,11,0,0
DEU.11.25.5.6_1,2023,11,0,0
DEU.11.25.5.7_1,2023,11,0,0
DEU.11.25.5.8_1,2023,11,0,0
DEU.11.25.5.9_1,2023,11,0,0
DEU.11.25.6.1_1,2023,11,0,0
DEU.11.25.6.2_1,2023,11,0,0
DEU.11.25.6.3_1,2023,11,0,0
DEU.11.25.6.4_1,2023,11,0,0
DEU.11.25.6.5_1,2023,11,0,0
DEU.11.25.6.6_1,2023,11,0,0
DEU.11.25.6.7_1,2023,11,0,0
DEU.11.25.6.8_1,2023,11,0,0
DEU.11.25.7.1_1,2023,11,0,0
DEU.11.25.7.10_1,2023,11,0,0
DEU.11.25.7.11_1,2023,11,0,0
DEU.11.25.7.12_1,2023,11,0,0
DEU.11.25.7.13_1,2023,11,0,0
DEU.11.25.7.14_1,2023,11,0,0
DEU.11.25.7.15_1,2023,11,0,0
DEU.11.25.7.16_1,2023,11,0,0
DEU.11.25.7.17_1,2023,11,0,0
DEU.11.25.7.18_1,2023,11,0,0
DEU.11.25.7.19_1,2023,11,0,0
DEU.11.25.7.2_1,2023,11,0,0
DEU.11.25.7.20_1,2023,11,0,0
DEU.11.25.7.21_1,2023,11,0,0
DEU.11.25.7.22_1,2023,11,0,0
DEU.11.25.7.23_1,2023,11,0,0
DEU.11.25.7.24_1,2023,11,0,0
DEU.11.25.7.25_1,2023,11,0,0
DEU.11.25.7.26_1,2023,11,0,0
DEU.11.25.7.27_1,2023,11,0,0
DEU.11.25.7.28_1,2023,11,0,0
DEU.11.25.7.29_1,2023,11,0,0
DEU.11.25.7.3_1,2023,11,0,0
DEU.11.25.7.30_1,2023,11,0,0
DEU.11.25.7.31_1,2023,11,0,0
DEU.11.25.7.32_1,2023,11,0,0
DEU.11.25.7.4_1,2023,11,0,0
DEU.11.25.7.5_1,2023,11,0,0
DEU.11.25.7.6_1,2023,11,0,0
DEU.11.25.7.7_1,2023,11,0,0
DEU.11.25.7.8_1,2023,11,0,0
DEU.11.25.7.9_1,2023,11,0,0
DEU.11.26.1.1_1,2023,11,0,0
DEU.11.26.1.2_1,2023,11,0,0
DEU.11.26.1.3_1,2023,11,0,0
DEU.11.26.1.4_1,2023,11,0,0
DEU.11.26.1.5_1,2023,11,0,0
DEU.11.26.1.6_1,2023,11,0,0
DEU.11.26.1.7_1,2023,11,0,0
DEU.11.26.1.8_1,2023,11,0,0
DEU.11.26.1.9_1,2023,11,0,0
DEU.11.26.2.1_1,2023,11,0,0
DEU.11.26.2.10_1,2023,11,0,0
DEU.11.26.2.11_1,2023,11,0,0
DEU.11.26.2.12_1,2023,11,0,0
DEU.11.26.2.13_1,2023,11,0,0
DEU.11.26.2.14_1,2023,11,0,0
DEU.11.26.2.15_1,2023,11,0,0
DEU.11.26.2.16_1,2023,11,0,0
DEU.11.26.2.17_1,2023,11,0,0
DEU.11.26.2.18_1,2023,11,0,0
DEU.11.26.2.19_1,2023,11,0,0
DEU.11.26.2.2_1,2023,11,0,0
DEU.11.26.2.20_1,2023,11,0,0
DEU.11.26.2.21_1,2023,11,0,0
DEU.11.26.2.22_1,2023,11,0,0
DEU.11.26.2.23_1,2023,11,0,0
DEU.11.26.2.3_1,2023,11,0,0
DEU.11.26.2.4_1,2023,11,0,0
DEU.11.26.2.5_1,2023,11,0,0
DEU.11.26.2.6_1,2023,11,0,0
DEU.11.26.2.7_1,2023,11,0,0
DEU.11.26.2.8_1,2023,11,0,0
DEU.11.26.2.9_1,2023,11,0,0
DEU.11.26.3.1_1,2023,11,0,0
DEU.11.26.3.10_1,2023,11,0,0
DEU.11.26.3.2_1,2023,11,0,0
DEU.11.26.3.3_1,2023,11,0,0
DEU.11.26.3.4_1,2023,11,0,0
DEU.11.26.3.5_1,2023,11,0,0
DEU.11.26.3.6_1,2023,11,0,0
DEU.11.26.3.7_1,2023,11,0,0
DEU.11.26.3.8_1,2023,11,0,0
DEU.11.26.3.9_1,2023,11,0,0
DEU.11.26.4.1_1,2023,11,0,0
DEU.11.26.4.10_1,2023,11,0,0
DEU.11.26.4.11_1,2023,11,0,0
DEU.11.26.4.12_1,2023,11,0,0
DEU.11.26.4.13_1,2023,11,0,0
DEU.11.26.4.14_1,2023,11,0,0
DEU.11.26.4.15_1,2023,11,0,0
DEU.11.26.4.16_1,2023,11,0,0
DEU.11.26.4.17_1,2023,11,0,0
DEU.11.26.4.18_1,2023,11,0,0
DEU.11.26.4.19_1,2023,11,0,0
DEU.11.26.4.2_1,2023,11,0,0
DEU.11.26.4.20_1,2023,11,0,0
DEU.11.26.4.21_1,2023,11,0,0
DEU.11.26.4.3_1,2023,11,0,0
DEU.11.26.4.4_1,2023,11,0,0
DEU.11.26.4.5_1,2023,11,0,0
DEU.11.26.4.6_1,2023,11,0,0
DEU.11.26.4.7_1,2023,11,0,0
DEU.11.26.4.8_1,2023,11,0,0
DEU.11.26.4.9_1,2023,11,0,0
DEU.11.26.5.1_1,2023,11,0,0
DEU.11.26.6.1_1,2023,11,0,0
DEU.11.26.6.10_1,2023,11,0,0
DEU.11.26.6.11_1,2023,11,0,0
DEU.11.26.6.12_1,2023,11,0,0
DEU.11.26.6.13_1,2023,11,0,0
DEU.11.26.6.14_1,2023,11,0,0
DEU.11.26.6.15_1,2023,11,0,0
DEU.11.26.6.16_1,2023,11,0,0
DEU.11.26.6.17_1,2023,11,0,0
DEU.11.26.6.18_1,2023,11,0,0
DEU.11.26.6.19_1,2023,11,0,0
DEU.11.26.6.2_1,2023,11,0,0
DEU.11.26.6.20_1,2023,11,0,0
DEU.11.26.6.21_1,2023,11,0,0
DEU.11.26.6.22_1,2023,11,0,0
DEU.11.26.6.3_1,2023,11,0,0
DEU.11.26.6.4_1,2023,11,0,0
DEU.11.26.6.5_1,2023,11,0,0
DEU.11.26.6.6_1,2023,11,0,0
DEU.11.26.6.7_1,2023,11,0,0
DEU.11.26.6.8_1,2023,11,0,0
DEU.11.26.6.9_1,2023,11,0,0
DEU.11.26.7.1_1,2023,11,0,0
DEU.11.26.7.10_1,2023,11,0,0
DEU.11.26.7.11_1,2023,11,0,0
DEU.11.26.7.12_1,2023,11,0,0
DEU.11.26.7.13_1,2023,11,0,0
DEU.11.26.7.14_1,2023,11,0,0
DEU.11.26.7.15_1,2023,11,0,0
DEU.11.26.7.16_1,2023,11,0,0
DEU.11.26.7.17_1,2023,11,0,0
DEU.11.26.7.18_1,2023,11,0,0
DEU.11.26.7.19_1,2023,11,0,0
DEU.11.26.7.2_1,2023,11,0,0
DEU.11.26.7.3_1,2023,11,0,0
DEU.11.26.7.4_1,2023,11,0,0
DEU.11.26.7.5_1,2023,11,0,0
DEU.11.26.7.6_1,2023,11,0,0
DEU.11.26.7.7_1,2023,11,0,0
DEU.11.26.7.8_1,2023,11,0,0
DEU.11.26.7.9_1,2023,11,0,0
DEU.11.26.8.1_1,2023,11,0,0
DEU.11.26.8.10_1,2023,11,0,0
DEU.11.26.8.11_1,2023,11,0,0
DEU.11.26.8.12_1,2023,11,0,0
DEU.11.26.8.13_1,2023,11,0,0
DEU.11.26.8.14_1,2023,11,0,0
DEU.11.26.8.15_1,2023,11,0,0
DEU.11.26.8.16_1,2023,11,0,0
DEU.11.26.8.17_1,2023,11,0,0
DEU.11.26.8.18_1,2023,11,0,0
DEU.11.26.8.19_1,2023,11,0,0
DEU.11.26.8.2_1,2023,11,0,0
DEU.11.26.8.20_1,2023,11,0,0
DEU.11.26.8.21_1,2023,11,0,0
DEU.11.26.8.22_1,2023,11,0,0
DEU.11.26.8.23_1,2023,11,0,0
DEU.11.26.8.24_1,2023,11,0,0
DEU.11.26.8.25_1,2023,11,0,0
DEU.11.26.8.26_1,2023,11,0,0
DEU.11.26.8.27_1,2023,11,0,0
DEU.11.26.8.28_1,2023,11,0,0
DEU.11.26.8.29_1,2023,11,0,0
DEU.11.26.8.3_1,2023,11,0,0
DEU.11.26.8.30_1,2023,11,0,0
DEU.11.26.8.31_1,2023,11,0,0
DEU.11.26.8.32_1,2023,11,0,0
DEU.11.26.8.4_1,2023,11,0,0
DEU.11.26.8.5_1,2023,11,0,0
DEU.11.26.8.6_1,2023,11,0,0
DEU.11.26.8.7_1,2023,11,0,0
DEU.11.26.8.8_1,2023,11,0,0
DEU.11.26.8.9_1,2023,11,0,0
DEU.11.27.1.1_1,2023,11,0,0
DEU.11.27.10.1_1,2023,11,0,0
DEU.11.27.10.2_1,2023,11,0,0
DEU.11.27.10.3_1,2023,11,0,0
DEU.11.27.10.4_1,2023,11,0,0
DEU.11.27.2.1_1,2023,11,0,0
DEU.11.27.3.1_1,2023,11,0,0
DEU.11.27.3.2_1,2023,11,0,0
DEU.11.27.3.3_1,2023,11,0,0
DEU.11.27.4.1_1,2023,11,0,0
DEU.11.27.4.2_1,2023,11,0,0
DEU.11.27.4.3_1,2023,11,0,0
DEU.11.27.4.4_1,2023,11,0,0
DEU.11.27.4.5_1,2023,11,0,0
DEU.11.27.4.6_1,2023,11,0,0
DEU.11.27.5.1_1,2023,11,0,0
DEU.11.27.6.1_1,2023,11,0,0
DEU.11.27.6.2_1,2023,11,0,0
DEU.11.27.6.3_1,2023,11,0,0
DEU.11.27.7.1_1,2023,11,0,0
DEU.11.27.8.1_1,2023,11,0,0
DEU.11.27.8.2_1,2023,11,0,0
DEU.11.27.8.3_1,2023,11,0,0
DEU.11.27.8.4_1,2023,11,0,0
DEU.11.27.9.1_1,2023,11,0,0
DEU.11.28.1.1_1,2023,11,0,0
DEU.11.29.1.1_1,2023,11,0,0
DEU.11.29.1.10_1,2023,11,0,0
DEU.11.29.1.11_1,2023,11,0,0
DEU.11.29.1.12_1,2023,11,0,0
DEU.11.29.1.13_1,2023,11,0,0
DEU.11.29.1.2_1,2023,11,0,0
DEU.11.29.1.3_1,2023,11,0,0
DEU.11.29.1.4_1,2023,11,0,0
DEU.11.29.1.5_1,2023,11,0,0
DEU.11.29.1.6_1,2023,11,0,0
DEU.11.29.1.7_1,2023,11,0,0
DEU.11.29.1.8_1,2023,11,0,0
DEU.11.29.1.9_1,2023,11,0,0
DEU.11.29.2.1_1,2023,11,0,0
DEU.11.29.2.10_1,2023,11,0,0
DEU.11.29.2.11_1,2023,11,0,0
DEU.11.29.2.12_1,2023,11,0,0
DEU.11.29.2.13_1,2023,11,0,0
DEU.11.29.2.14_1,2023,11,0,0
DEU.11.29.2.15_1,2023,11,0,0
DEU.11.29.2.16_1,2023,11,0,0
DEU.11.29.2.17_1,2023,11,0,0
DEU.11.29.2.18_1,2023,11,0,0
DEU.11.29.2.19_1,2023,11,0,0
DEU.11.29.2.2_1,2023,11,0,0
DEU.11.29.2.20_1,2023,11,0,0
DEU.11.29.2.21_1,2023,11,0,0
DEU.11.29.2.3_1,2023,11,0,0
DEU.11.29.2.4_1,2023,11,0,0
DEU.11.29.2.5_1,2023,11,0,0
DEU.11.29.2.6_1,2023,11,0,0
DEU.11.29.2.7_1,2023,11,0,0
DEU.11.29.2.8_1,2023,11,0,0
DEU.11.29.2.9_1,2023,11,0,0
DEU.11.29.3.1_1,2023,11,0,0
DEU.11.29.3.10_1,2023,11,0,0
DEU.11.29.3.11_1,2023,11,0,0
DEU.11.29.3.12_1,2023,11,0,0
DEU.11.29.3.13_1,2023,11,0,0
DEU.11.29.3.14_1,2023,11,0,0
DEU.11.29.3.15_1,2023,11,0,0
DEU.11.29.3.16_1,2023,11,0,0
DEU.11.29.3.17_1,2023,11,0,0
DEU.11.29.3.18_1,2023,11,0,0
DEU.11.29.3.19_1,2023,11,0,0
DEU.11.29.3.2_1,2023,11,0,0
DEU.11.29.3.3_1,2023,11,0,0
DEU.11.29.3.4_1,2023,11,0,0
DEU.11.29.3.5_1,2023,11,0,0
DEU.11.29.3.6_1,2023,11,0,0
DEU.11.29.3.7_1,2023,11,0,0
DEU.11.29.3.8_1,2023,11,0,0
DEU.11.29.3.9_1,2023,11,0,0
DEU.11.29.4.1_1,2023,11,0,0
DEU.11.29.4.2_1,2023,11,0,0
DEU.11.29.4.3_1,2023,11,0,0
DEU.11.29.4.4_1,2023,11,0,0
DEU.11.29.5.1_1,2023,11,0,0
DEU.11.29.5.10_1,2023,11,0,0
DEU.11.29.5.11_1,2023,11,0,0
DEU.11.29.5.12_1,2023,11,0,0
DEU.11.29.5.13_1,2023,11,0,0
DEU.11.29.5.14_1,2023,11,0,0
DEU.11.29.5.2_1,2023,11,0,0
DEU.11.29.5.3_1,2023,11,0,0
DEU.11.29.5.4_1,2023,11,0,0
DEU.11.29.5.5_1,2023,11,0,0
DEU.11.29.5.6_1,2023,11,0,0
DEU.11.29.5.7_1,2023,11,0,0
DEU.11.29.5.8_1,2023,11,0,0
DEU.11.29.5.9_1,2023,11,0,0
DEU.11.29.6.1_1,2023,11,0,0
DEU.11.29.6.2_1,2023,11,0,0
DEU.11.29.6.3_1,2023,11,0,0
DEU.11.29.6.4_1,2023,11,0,0
DEU.11.3.1.1_1,2023,11,0,0
DEU.11.3.1.10_1,2023,11,0,0
DEU.11.3.1.11_1,2023,11,0,0
DEU.11.3.1.12_1,2023,11,0,0
DEU.11.3.1.13_1,2023,11,0,0
DEU.11.3.1.14_1,2023,11,0,0
DEU.11.3.1.15_1,2023,11,0,0
DEU.11.3.1.16_1,2023,11,0,0
DEU.11.3.1.17_1,2023,11,0,0
DEU.11.3.1.18_1,2023,11,0,0
DEU.11.3.1.19_1,2023,11,0,0
DEU.11.3.1.2_1,2023,11,0,0
DEU.11.3.1.20_1,2023,11,0,0
DEU.11.3.1.21_1,2023,11,0,0
DEU.11.3.1.22_1,2023,11,0,0
DEU.11.3.1.23_1,2023,11,0,0
DEU.11.3.1.24_1,2023,11,0,0
DEU.11.3.1.3_1,2023,11,0,0
DEU.11.3.1.4_1,2023,11,0,0
DEU.11.3.1.5_1,2023,11,0,0
DEU.11.3.1.6_1,2023,11,0,0
DEU.11.3.1.7_1,2023,11,0,0
DEU.11.3.1.8_1,2023,11,0,0
DEU.11.3.1.9_1,2023,11,0,0
DEU.11.3.2.1_1,2023,11,0,0
DEU.11.3.3.1_1,2023,11,0,0
DEU.11.3.3.2_1,2023,11,0,0
DEU.11.3.3.3_1,2023,11,0,0
DEU.11.3.3.4_1,2023,11,0,0
DEU.11.3.3.5_1,2023,11,0,0
DEU.11.3.4.1_1,2023,11,0,0
DEU.11.3.4.2_1,2023,11,0,0
DEU.11.3.4.3_1,2023,11,0,0
DEU.11.3.4.4_1,2023,11,0,0
DEU.11.3.4.5_1,2023,11,0,0
DEU.11.3.4.6_1,2023,11,0,0
DEU.11.3.4.7_1,2023,11,0,0
DEU.11.3.5.1_1,2023,11,0,0
DEU.11.3.5.2_1,2023,11,0,0
DEU.11.3.5.3_1,2023,11,0,0
DEU.11.3.5.4_1,2023,11,0,0
DEU.11.3.5.5_1,2023,11,0,0
DEU.11.3.5.6_1,2023,11,0,0
DEU.11.3.5.7_1,2023,11,0,0
DEU.11.3.5.8_1,2023,11,0,0
DEU.11.3.6.1_1,2023,11,0,0
DEU.11.3.6.10_1,2023,11,0,0
DEU.11.3.6.11_1,2023,11,0,0
DEU.11.3.6.2_1,2023,11,0,0
DEU.11.3.6.3_1,2023,11,0,0
DEU.11.3.6.4_1,2023,11,0,0
DEU.11.3.6.5_1,2023,11,0,0
DEU.11.3.6.6_1,2023,11,0,0
DEU.11.3.6.7_1,2023,11,0,0
DEU.11.3.6.8_1,2023,11,0,0
DEU.11.3.6.9_1,2023,11,0,0
DEU.11.3.7.1_1,2023,11,0,0
DEU.11.3.7.10_1,2023,11,0,0
DEU.11.3.7.11_1,2023,11,0,0
DEU.11.3.7.12_1,2023,11,0,0
DEU.11.3.7.13_1,2023,11,0,0
DEU.11.3.7.2_1,2023,11,0,0
DEU.11.3.7.3_1,2023,11,0,0
DEU.11.3.7.4_1,2023,11,0,0
DEU.11.3.7.5_1,2023,11,0,0
DEU.11.3.7.6_1,2023,11,0,0
DEU.11.3.7.7_1,2023,11,0,0
DEU.11.3.7.8_1,2023,11,0,0
DEU.11.3.7.9_1,2023,11,0,0
DEU.11.30.1.1_1,2023,11,0,0
DEU.11.30.1.10_1,2023,11,0,0
DEU.11.30.1.11_1,2023,11,0,0
DEU.11.30.1.12_1,2023,11,0,0
DEU.11.30.1.13_1,2023,11,0,0
DEU.11.30.1.14_1,2023,11,0,0
DEU.11.30.1.15_1,2023,11,0,0
DEU.11.30.1.2_1,2023,11,0,0
DEU.11.30.1.3_1,2023,11,0,0
DEU.11.30.1.4_1,2023,11,0,0
DEU.11.30.1.5_1,2023,11,0,0
DEU.11.30.1.6_1,2023,11,0,0
DEU.11.30.1.7_1,2023,11,0,0
DEU.11.30.1.8_1,2023,11,0,0
DEU.11.30.1.9_1,2023,11,0,0
DEU.11.30.2.1_1,2023,11,0,0
DEU.11.30.2.2_1,2023,11,0,0
DEU.11.30.2.3_1,2023,11,0,0
DEU.11.30.2.4_1,2023,11,0,0
DEU.11.30.2.5_1,2023,11,0,0
DEU.11.30.2.6_1,2023,11,0,0
DEU.11.30.2.7_1,2023,11,0,0
DEU.11.30.2.8_1,2023,11,0,0
DEU.11.30.3.1_1,2023,11,0,0
DEU.11.30.3.10_1,2023,11,0,0
DEU.11.30.3.2_1,2023,11,0,0
DEU.11.30.3.3_1,2023,11,0,0
DEU.11.30.3.4_1,2023,11,0,0
DEU.11.30.3.5_1,2023,11,0,0
DEU.11.30.3.6_1,2023,11,0,0
DEU.11.30.3.7_1,2023,11,0,0
DEU.11.30.3.8_1,2023,11,0,0
DEU.11.30.3.9_1,2023,11,0,0
DEU.11.30.4.1_1,2023,11,0,0
DEU.11.30.4.2_1,2023,11,0,0
DEU.11.30.4.3_1,2023,11,0,0
DEU.11.30.4.4_1,2023,11,0,0
DEU.11.30.4.5_1,2023,11,0,0
DEU.11.30.4.6_1,2023,11,0,0
DEU.11.30.5.1_1,2023,11,0,0
DEU.11.30.5.10_1,2023,11,0,0
DEU.11.30.5.11_1,2023,11,0,0
DEU.11.30.5.12_1,2023,11,0,0
DEU.11.30.5.13_1,2023,11,0,0
DEU.11.30.5.14_1,2023,11,0,0
DEU.11.30.5.15_1,2023,11,0,0
DEU.11.30.5.16_1,2023,11,0,0
DEU.11.30.5.17_1,2023,11,0,0
DEU.11.30.5.18_1,2023,11,0,0
DEU.11.30.5.19_1,2023,11,0,0
DEU.11.30.5.2_1,2023,11,0,0
DEU.11.30.5.20_1,2023,11,0,0
DEU.11.30.5.3_1,2023,11,0,0
DEU.11.30.5.4_1,2023,11,0,0
DEU.11.30.5.5_1,2023,11,0,0
DEU.11.30.5.6_1,2023,11,0,0
DEU.11.30.5.7_1,2023,11,0,0
DEU.11.30.5.8_1,2023,11,0,0
DEU.11.30.5.9_1,2023,11,0,0
DEU.11.30.6.1_1,2023,11,0,0
DEU.11.30.6.2_1,2023,11,0,0
DEU.11.30.6.3_1,2023,11,0,0
DEU.11.30.6.4_1,2023,11,0,0
DEU.11.30.6.5_1,2023,11,0,0
DEU.11.30.6.6_1,2023,11,0,0
DEU.11.30.6.7_1,2023,11,0,0
DEU.11.30.6.8_1,2023,11,0,0
DEU.11.30.7.1_1,2023,11,0,0
DEU.11.30.7.10_1,2023,11,0,0
DEU.11.30.7.11_1,2023,11,0,0
DEU.11.30.7.12_1,2023,11,0,0
DEU.11.30.7.13_1,2023,11,0,0
DEU.11.30.7.14_1,2023,11,0,0
DEU.11.30.7.15_1,2023,11,0,0
DEU.11.30.7.16_1,2023,11,0,0
DEU.11.30.7.17_1,2023,11,0,0
DEU.11.30.7.2_1,2023,11,0,0
DEU.11.30.7.3_1,2023,11,0,0
DEU.11.30.7.4_1,2023,11,0,0
DEU.11.30.7.5_1,2023,11,0,0
DEU.11.30.7.6_1,2023,11,0,0
DEU.11.30.7.7_1,2023,11,0,0
DEU.11.30.7.8_1,2023,11,0,0
DEU.11.30.7.9_1,2023,11,0,0
DEU.11.31.1.1_1,2023,11,0,0
DEU.11.31.1.10_1,2023,11,0,0
DEU.11.31.1.11_1,2023,11,0,0
DEU.11.31.1.12_1,2023,11,0,0
DEU.11.31.1.13_1,2023,11,0,0
DEU.11.31.1.2_1,2023,11,0,0
DEU.11.31.1.3_1,2023,11,0,0
DEU.11.31.1.4_1,2023,11,0,0
DEU.11.31.1.5_1,2023,11,0,0
DEU.11.31.1.6_1,2023,11,0,0
DEU.11.31.1.7_1,2023,11,0,0
DEU.11.31.1.8_1,2023,11,0,0
DEU.11.31.1.9_1,2023,11,0,0
DEU.11.31.2.1_1,2023,11,0,0
DEU.11.31.2.10_1,2023,11,0,0
DEU.11.31.2.11_1,2023,11,0,0
DEU.11.31.2.12_1,2023,11,0,0
DEU.11.31.2.13_1,2023,11,0,0
DEU.11.31.2.2_1,2023,11,0,0
DEU.11.31.2.3_1,2023,11,0,0
DEU.11.31.2.4_1,2023,11,0,0
DEU.11.31.2.5_1,2023,11,0,0
DEU.11.31.2.6_1,2023,11,0,0
DEU.11.31.2.7_1,2023,11,0,0
DEU.11.31.2.8_1,2023,11,0,0
DEU.11.31.2.9_1,2023,11,0,0
DEU.11.31.3.1_1,2023,11,0,0
DEU.11.31.3.10_1,2023,11,0,0
DEU.11.31.3.11_1,2023,11,0,0
DEU.11.31.3.12_1,2023,11,0,0
DEU.11.31.3.2_1,2023,11,0,0
DEU.11.31.3.3_1,2023,11,0,0
DEU.11.31.3.4_1,2023,11,0,0
DEU.11.31.3.5_1,2023,11,0,0
DEU.11.31.3.6_1,2023,11,0,0
DEU.11.31.3.7_1,2023,11,0,0
DEU.11.31.3.8_1,2023,11,0,0
DEU.11.31.3.9_1,2023,11,0,0
DEU.11.31.4.1_1,2023,11,0,0
DEU.11.31.4.10_1,2023,11,0,0
DEU.11.31.4.11_1,2023,11,0,0
DEU.11.31.4.12_1,2023,11,0,0
DEU.11.31.4.13_1,2023,11,0,0
DEU.11.31.4.14_1,2023,11,0,0
DEU.11.31.4.15_1,2023,11,0,0
DEU.11.31.4.16_1,2023,11,0,0
DEU.11.31.4.17_1,2023,11,0,0
DEU.11.31.4.18_1,2023,11,0,0
DEU.11.31.4.19_1,2023,11,0,0
DEU.11.31.4.2_1,2023,11,0,0
DEU.11.31.4.20_1,2023,11,0,0
DEU.11.31.4.3_1,2023,11,0,0
DEU.11.31.4.4_1,2023,11,0,0
DEU.11.31.4.5_1,2023,11,0,0
DEU.11.31.4.6_1,2023,11,0,0
DEU.11.31.4.7_1,2023,11,0,0
DEU.11.31.4.8_1,2023,11,0,0
DEU.11.31.4.9_1,2023,11,0,0
DEU.11.31.5.1_1,2023,11,0,0
DEU.11.31.5.10_1,2023,11,0,0
DEU.11.31.5.11_1,2023,11,0,0
DEU.11.31.5.12_1,2023,11,0,0
DEU.11.31.5.13_1,2023,11,0,0
DEU.11.31.5.14_1,2023,11,0,0
DEU.11.31.5.15_1,2023,11,0,0
DEU.11.31.5.16_1,2023,11,0,0
DEU.11.31.5.2_1,2023,11,0,0
DEU.11.31.5.3_1,2023,11,0,0
DEU.11.31.5.4_1,2023,11,0,0
DEU.11.31.5.5_1,2023,11,0,0
DEU.11.31.5.6_1,2023,11,0,0
DEU.11.31.5.7_1,2023,11,0,0
DEU.11.31.5.8_1,2023,11,0,0
DEU.11.31.5.9_1,2023,11,0,0
DEU.11.31.6.1_1,2023,11,0,0
DEU.11.31.6.10_1,2023,11,0,0
DEU.11.31.6.11_1,2023,11,0,0
DEU.11.31.6.12_1,2023,11,0,0
DEU.11.31.6.13_1,2023,11,0,0
DEU.11.31.6.14_1,2023,11,0,0
DEU.11.31.6.15_1,2023,11,0,0
DEU.11.31.6.16_1,2023,11,0,0
DEU.11.31.6.17_1,2023,11,0,0
DEU.11.31.6.18_1,2023,11,0,0
DEU.11.31.6.19_1,2023,11,0,0
DEU.11.31.6.2_1,2023,11,0,0
DEU.11.31.6.3_1,2023,11,0,0
DEU.11.31.6.4_1,2023,11,0,0
DEU.11.31.6.5_1,2023,11,0,0
DEU.11.31.6.6_1,2023,11,0,0
DEU.11.31.6.7_1,2023,11,0,0
DEU.11.31.6.8_1,2023,11,0,0
DEU.11.31.6.9_1,2023,11,0,0
DEU.11.31.7.1_1,2023,11,0,0
DEU.11.31.7.10_1,2023,11,0,0
DEU.11.31.7.11_1,2023,11,0,0
DEU.11.31.7.2_1,2023,11,0,0
DEU.11.31.7.3_1,2023,11,0,0
DEU.11.31.7.4_1,2023,11,0,0
DEU.11.31.7.5_1,2023,11,0,0
DEU.11.31.7.6_1,2023,11,0,0
DEU.11.31.7.7_1,2023,11,0,0
DEU.11.31.7.8_1,2023,11,0,0
DEU.11.31.7.9_1,2023,11,0,0
DEU.11.32.1.1_1,2023,11,0,0
DEU.11.33.1.1_1,2023,11,0,0
DEU.11.33.1.10_1,2023,11,0,0
DEU.11.33.1.11_1,2023,11,0,0
DEU.11.33.1.12_1,2023,11,0,0
DEU.11.33.1.13_1,2023,11,0,0
DEU.11.33.1.14_1,2023,11,0,0
DEU.11.33.1.15_1,2023,11,0,0
DEU.11.33.1.16_1,2023,11,0,0
DEU.11.33.1.17_1,2023,11,0,0
DEU.11.33.1.18_1,2023,11,0,0
DEU.11.33.1.19_1,2023,11,0,0
DEU.11.33.1.2_1,2023,11,0,0
DEU.11.33.1.20_1,2023,11,0,0
DEU.11.33.1.21_1,2023,11,0,0
DEU.11.33.1.22_1,2023,11,0,0
DEU.11.33.1.23_1,2023,11,0,0
DEU.11.33.1.24_1,2023,11,0,0
DEU.11.33.1.25_1,2023,11,0,0
DEU.11.33.1.26_1,2023,11,0,0
DEU.11.33.1.27_1,2023,11,0,0
DEU.11.33.1.28_1,2023,11,0,0
DEU.11.33.1.29_1,2023,11,0,0
DEU.11.33.1.3_1,2023,11,0,0
DEU.11.33.1.30_1,2023,11,0,0
DEU.11.33.1.31_1,2023,11,0,0
DEU.11.33.1.32_1,2023,11,0,0
DEU.11.33.1.33_1,2023,11,0,0
DEU.11.33.1.34_1,2023,11,0,0
DEU.11.33.1.35_1,2023,11,0,0
DEU.11.33.1.36_1,2023,11,0,0
DEU.11.33.1.37_1,2023,11,0,0
DEU.11.33.1.38_1,2023,11,0,0
DEU.11.33.1.4_1,2023,11,0,0
DEU.11.33.1.5_1,2023,11,0,0
DEU.11.33.1.6_1,2023,11,0,0
DEU.11.33.1.7_1,2023,11,0,0
DEU.11.33.1.8_1,2023,11,0,0
DEU.11.33.1.9_1,2023,11,0,0
DEU.11.33.2.1_1,2023,11,0,0
DEU.11.33.2.10_1,2023,11,0,0
DEU.11.33.2.11_1,2023,11,0,0
DEU.11.33.2.12_1,2023,11,0,0
DEU.11.33.2.13_1,2023,11,0,0
DEU.11.33.2.2_1,2023,11,0,0
DEU.11.33.2.3_1,2023,11,0,0
DEU.11.33.2.4_1,2023,11,0,0
DEU.11.33.2.5_1,2023,11,0,0
DEU.11.33.2.6_1,2023,11,0,0
DEU.11.33.2.7_1,2023,11,0,0
DEU.11.33.2.8_1,2023,11,0,0
DEU.11.33.2.9_1,2023,11,0,0
DEU.11.33.3.1_1,2023,11,0,0
DEU.11.33.3.10_1,2023,11,0,0
DEU.11.33.3.11_1,2023,11,0,0
DEU.11.33.3.2_1,2023,11,0,0
DEU.11.33.3.3_1,2023,11,0,0
DEU.11.33.3.4_1,2023,11,0,0
DEU.11.33.3.5_1,2023,11,0,0
DEU.11.33.3.6_1,2023,11,0,0
DEU.11.33.3.7_1,2023,11,0,0
DEU.11.33.3.8_1,2023,11,0,0
DEU.11.33.3.9_1,2023,11,0,0
DEU.11.33.4.1_1,2023,11,0,0
DEU.11.33.4.10_1,2023,11,0,0
DEU.11.33.4.11_1,2023,11,0,0
DEU.11.33.4.12_1,2023,11,0,0
DEU.11.33.4.13_1,2023,11,0,0
DEU.11.33.4.14_1,2023,11,0,0
DEU.11.33.4.15_1,2023,11,0,0
DEU.11.33.4.16_1,2023,11,0,0
DEU.11.33.4.17_1,2023,11,0,0
DEU.11.33.4.18_1,2023,11,0,0
DEU.11.33.4.19_1,2023,11,0,0
DEU.11.33.4.2_1,2023,11,0,0
DEU.11.33.4.20_1,2023,11,0,0
DEU.11.33.4.21_1,2023,11,0,0
DEU.11.33.4.22_1,2023,11,0,0
DEU.11.33.4.23_1,2023,11,0,0
DEU.11.33.4.24_1,2023,11,0,0
DEU.11.33.4.25_1,2023,11,0,0
DEU.11.33.4.26_1,2023,11,0,0
DEU.11.33.4.27_1,2023,11,0,0
DEU.11.33.4.28_1,2023,11,0,0
DEU.11.33.4.29_1,2023,11,0,0
DEU.11.33.4.3_1,2023,11,0,0
DEU.11.33.4.30_1,2023,11,0,0
DEU.11.33.4.31_1,2023,11,0,0
DEU.11.33.4.32_1,2023,11,0,0
DEU.11.33.4.33_1,2023,11,0,0
DEU.11.33.4.4_1,2023,11,0,0
DEU.11.33.4.5_1,2023,11,0,0
DEU.11.33.4.6_1,2023,11,0,0
DEU.11.33.4.7_1,2023,11,0,0
DEU.11.33.4.8_1,2023,11,0,0
DEU.11.33.4.9_1,2023,11,0,0
DEU.11.33.5.1_1,2023,11,0,0
DEU.11.33.5.10_1,2023,11,0,0
DEU.11.33.5.11_1,2023,11,0,0
DEU.11.33.5.12_1,2023,11,0,0
DEU.11.33.5.13_1,2023,11,0,0
DEU.11.33.5.14_1,2023,11,0,0
DEU.11.33.5.2_1,2023,11,0,0
DEU.11.33.5.3_1,2023,11,0,0
DEU.11.33.5.4_1,2023,11,0,0
DEU.11.33.5.5_1,2023,11,0,0
DEU.11.33.5.6_1,2023,11,0,0
DEU.11.33.5.7_1,2023,11,0,0
DEU.11.33.5.8_1,2023,11,0,0
DEU.11.33.5.9_1,2023,11,0,0
DEU.11.34.1.1_1,2023,11,0,0
DEU.11.34.1.10_1,2023,11,0,0
DEU.11.34.1.11_1,2023,11,0,0
DEU.11.34.1.12_1,2023,11,0,0
DEU.11.34.1.13_1,2023,11,0,0
DEU.11.34.1.14_1,2023,11,0,0
DEU.11.34.1.15_1,2023,11,0,0
DEU.11.34.1.16_1,2023,11,0,0
DEU.11.34.1.17_1,2023,11,0,0
DEU.11.34.1.18_1,2023,11,0,0
DEU.11.34.1.2_1,2023,11,0,0
DEU.11.34.1.3_1,2023,11,0,0
DEU.11.34.1.4_1,2023,11,0,0
DEU.11.34.1.5_1,2023,11,0,0
DEU.11.34.1.6_1,2023,11,0,0
DEU.11.34.1.7_1,2023,11,0,0
DEU.11.34.1.8_1,2023,11,0,0
DEU.11.34.1.9_1,2023,11,0,0
DEU.11.34.10.1_1,2023,11,0,0
DEU.11.34.10.10_1,2023,11,0,0
DEU.11.34.10.11_1,2023,11,0,0
DEU.11.34.10.12_1,2023,11,0,0
DEU.11.34.10.2_1,2023,11,0,0
DEU.11.34.10.3_1,2023,11,0,0
DEU.11.34.10.4_1,2023,11,0,0
DEU.11.34.10.5_1,2023,11,0,0
DEU.11.34.10.6_1,2023,11,0,0
DEU.11.34.10.7_1,2023,11,0,0
DEU.11.34.10.8_1,2023,11,0,0
DEU.11.34.10.9_1,2023,11,0,0
DEU.11.34.2.1_1,2023,11,0,0
DEU.11.34.2.10_1,2023,11,0,0
DEU.11.34.2.11_1,2023,11,0,0
DEU.11.34.2.12_1,2023,11,0,0
DEU.11.34.2.13_1,2023,11,0,0
DEU.11.34.2.14_1,2023,11,0,0
DEU.11.34.2.15_1,2023,11,0,0
DEU.11.34.2.16_1,2023,11,0,0
DEU.11.34.2.17_1,2023,11,0,0
DEU.11.34.2.18_1,2023,11,0,0
DEU.11.34.2.19_1,2023,11,0,0
DEU.11.34.2.2_1,2023,11,0,0
DEU.11.34.2.20_1,2023,11,0,0
DEU.11.34.2.21_1,2023,11,0,0
DEU.11.34.2.22_1,2023,11,0,0
DEU.11.34.2.23_1,2023,11,0,0
DEU.11.34.2.24_1,2023,11,0,0
DEU.11.34.2.25_1,2023,11,0,0
DEU.11.34.2.26_1,2023,11,0,0
DEU.11.34.2.27_1,2023,11,0,0
DEU.11.34.2.28_1,2023,11,0,0
DEU.11.34.2.29_1,2023,11,0,0
DEU.11.34.2.3_1,2023,11,0,0
DEU.11.34.2.30_1,2023,11,0,0
DEU.11.34.2.31_1,2023,11,0,0
DEU.11.34.2.32_1,2023,11,0,0
DEU.11.34.2.33_1,2023,11,0,0
DEU.11.34.2.4_1,2023,11,0,0
DEU.11.34.2.5_1,2023,11,0,0
DEU.11.34.2.6_1,2023,11,0,0
DEU.11.34.2.7_1,2023,11,0,0
DEU.11.34.2.8_1,2023,11,0,0
DEU.11.34.2.9_1,2023,11,0,0
DEU.11.34.3.1_1,2023,11,0,0
DEU.11.34.3.2_1,2023,11,0,0
DEU.11.34.3.3_1,2023,11,0,0
DEU.11.34.3.4_1,2023,11,0,0
DEU.11.34.4.1_1,2023,11,0,0
DEU.11.34.4.10_1,2023,11,0,0
DEU.11.34.4.11_1,2023,11,0,0
DEU.11.34.4.12_1,2023,11,0,0
DEU.11.34.4.13_1,2023,11,0,0
DEU.11.34.4.14_1,2023,11,0,0
DEU.11.34.4.15_1,2023,11,0,0
DEU.11.34.4.16_1,2023,11,0,0
DEU.11.34.4.17_1,2023,11,0,0
DEU.11.34.4.18_1,2023,11,0,0
DEU.11.34.4.19_1,2023,11,0,0
DEU.11.34.4.2_1,2023,11,0,0
DEU.11.34.4.20_1,2023,11,0,0
DEU.11.34.4.21_1,2023,11,0,0
DEU.11.34.4.22_1,2023,11,0,0
DEU.11.34.4.23_1,2023,11,0,0
DEU.11.34.4.24_1,2023,11,0,0
DEU.11.34.4.25_1,2023,11,0,0
DEU.11.34.4.3_1,2023,11,0,0
DEU.11.34.4.4_1,2023,11,0,0
DEU.11.34.4.5_1,2023,11,0,0
DEU.11.34.4.6_1,2023,11,0,0
DEU.11.34.4.7_1,2023,11,0,0
DEU.11.34.4.8_1,2023,11,0,0
DEU.11.34.4.9_1,2023,11,0,0
DEU.11.34.5.1_1,2023,11,0,0
DEU.11.34.5.10_1,2023,11,0,0
DEU.11.34.5.11_1,2023,11,0,0
DEU.11.34.5.2_1,2023,11,0,0
DEU.11.34.5.3_1,2023,11,0,0
DEU.11.34.5.4_1,2023,11,0,0
DEU.11.34.5.5_1,2023,11,0,0
DEU.11.34.5.6_1,2023,11,0,0
DEU.11.34.5.7_1,2023,11,0,0
DEU.11.34.5.8_1,2023,11,0,0
DEU.11.34.5.9_1,2023,11,0,0
DEU.11.34.6.1_1,2023,11,0,0
DEU.11.34.6.10_1,2023,11,0,0
DEU.11.34.6.11_1,2023,11,0,0
DEU.11.34.6.12_1,2023,11,0,0
DEU.11.34.6.13_1,2023,11,0,0
DEU.11.34.6.14_1,2023,11,0,0
DEU.11.34.6.15_1,2023,11,0,0
DEU.11.34.6.16_1,2023,11,0,0
DEU.11.34.6.17_1,2023,11,0,0
DEU.11.34.6.18_1,2023,11,0,0
DEU.11.34.6.19_1,2023,11,0,0
DEU.11.34.6.2_1,2023,11,0,0
DEU.11.34.6.20_1,2023,11,0,0
DEU.11.34.6.21_1,2023,11,0,0
DEU.11.34.6.22_1,2023,11,0,0
DEU.11.34.6.23_1,2023,11,0,0
DEU.11.34.6.3_1,2023,11,0,0
DEU.11.34.6.4_1,2023,11,0,0
DEU.11.34.6.5_1,2023,11,0,0
DEU.11.34.6.6_1,2023,11,0,0
DEU.11.34.6.7_1,2023,11,0,0
DEU.11.34.6.8_1,2023,11,0,0
DEU.11.34.6.9_1,2023,11,0,0
DEU.11.34.7.1_1,2023,11,0,0
DEU.11.34.7.10_1,2023,11,0,0
DEU.11.34.7.11_1,2023,11,0,0
DEU.11.34.7.12_1,2023,11,0,0
DEU.11.34.7.13_1,2023,11,0,0
DEU.11.34.7.14_1,2023,11,0,0
DEU.11.34.7.15_1,2023,11,0,0
DEU.11.34.7.16_1,2023,11,0,0
DEU.11.34.7.17_1,2023,11,0,0
DEU.11.34.7.18_1,2023,11,0,0
DEU.11.34.7.19_1,2023,11,0,0
DEU.11.34.7.2_1,2023,11,0,0
DEU.11.34.7.20_1,2023,11,0,0
DEU.11.34.7.21_1,2023,11,0,0
DEU.11.34.7.3_1,2023,11,0,0
DEU.11.34.7.4_1,2023,11,0,0
DEU.11.34.7.5_1,2023,11,0,0
DEU.11.34.7.6_1,2023,11,0,0
DEU.11.34.7.7_1,2023,11,0,0
DEU.11.34.7.8_1,2023,11,0,0
DEU.11.34.7.9_1,2023,11,0,0
DEU.11.34.8.1_1,2023,11,0,0
DEU.11.34.8.10_1,2023,11,0,0
DEU.11.34.8.11_1,2023,11,0,0
DEU.11.34.8.12_1,2023,11,0,0
DEU.11.34.8.13_1,2023,11,0,0
DEU.11.34.8.14_1,2023,11,0,0
DEU.11.34.8.15_1,2023,11,0,0
DEU.11.34.8.16_1,2023,11,0,0
DEU.11.34.8.17_1,2023,11,0,0
DEU.11.34.8.18_1,2023,11,0,0
DEU.11.34.8.19_1,2023,11,0,0
DEU.11.34.8.2_1,2023,11,0,0
DEU.11.34.8.20_1,2023,11,0,0
DEU.11.34.8.21_1,2023,11,0,0
DEU.11.34.8.3_1,2023,11,0,0
DEU.11.34.8.4_1,2023,11,0,0
DEU.11.34.8.5_1,2023,11,0,0
DEU.11.34.8.6_1,2023,11,0,0
DEU.11.34.8.7_1,2023,11,0,0
DEU.11.34.8.8_1,2023,11,0,0
DEU.11.34.8.9_1,2023,11,0,0
DEU.11.34.9.1_1,2023,11,0,0
DEU.11.34.9.10_1,2023,11,0,0
DEU.11.34.9.11_1,2023,11,0,0
DEU.11.34.9.12_1,2023,11,0,0
DEU.11.34.9.13_1,2023,11,0,0
DEU.11.34.9.14_1,2023,11,0,0
DEU.11.34.9.15_1,2023,11,0,0
DEU.11.34.9.16_1,2023,11,0,0
DEU.11.34.9.17_1,2023,11,0,0
DEU.11.34.9.18_1,2023,11,0,0
DEU.11.34.9.19_1,2023,11,0,0
DEU.11.34.9.2_1,2023,11,0,0
DEU.11.34.9.20_1,2023,11,0,0
DEU.11.34.9.21_1,2023,11,0,0
DEU.11.34.9.22_1,2023,11,0,0
DEU.11.34.9.23_1,2023,11,0,0
DEU.11.34.9.24_1,2023,11,0,0
DEU.11.34.9.3_1,2023,11,0,0
DEU.11.34.9.4_1,2023,11,0,0
DEU.11.34.9.5_1,2023,11,0,0
DEU.11.34.9.6_1,2023,11,0,0
DEU.11.34.9.7_1,2023,11,0,0
DEU.11.34.9.8_1,2023,11,0,0
DEU.11.34.9.9_1,2023,11,0,0
DEU.11.35.1.1_1,2023,11,0,0
DEU.11.36.1.1_1,2023,11,0,0
DEU.11.4.1.1_1,2023,11,0,0
DEU.11.4.2.1_1,2023,11,0,0
DEU.11.4.2.2_1,2023,11,0,0
DEU.11.4.2.3_1,2023,11,0,0
DEU.11.4.2.4_1,2023,11,0,0
DEU.11.4.2.5_1,2023,11,0,0
DEU.11.4.3.1_1,2023,11,0,0
DEU.11.4.3.2_1,2023,11,0,0
DEU.11.4.3.3_1,2023,11,0,0
DEU.11.4.3.4_1,2023,11,0,0
DEU.11.4.3.5_1,2023,11,0,0
DEU.11.4.3.6_1,2023,11,0,0
DEU.11.4.3.7_1,2023,11,0,0
DEU.11.4.3.8_1,2023,11,0,0
DEU.11.4.4.1_1,2023,11,0,0
DEU.11.4.4.10_1,2023,11,0,0
DEU.11.4.4.11_1,2023,11,0,0
DEU.11.4.4.12_1,2023,11,0,0
DEU.11.4.4.13_1,2023,11,0,0
DEU.11.4.4.14_1,2023,11,0,0
DEU.11.4.4.15_1,2023,11,0,0
DEU.11.4.4.16_1,2023,11,0,0
DEU.11.4.4.2_1,2023,11,0,0
DEU.11.4.4.3_1,2023,11,0,0
DEU.11.4.4.4_1,2023,11,0,0
DEU.11.4.4.5_1,2023,11,0,0
DEU.11.4.4.6_1,2023,11,0,0
DEU.11.4.4.7_1,2023,11,0,0
DEU.11.4.4.8_1,2023,11,0,0
DEU.11.4.4.9_1,2023,11,0,0
DEU.11.4.5.1_1,2023,11,0,0
DEU.11.4.6.1_1,2023,11,0,0
DEU.11.4.7.1_1,2023,11,0,0
DEU.11.4.7.2_1,2023,11,0,0
DEU.11.4.7.3_1,2023,11,0,0
DEU.11.4.7.4_1,2023,11,0,0
DEU.11.4.7.5_1,2023,11,0,0
DEU.11.4.8.1_1,2023,11,0,0
DEU.11.4.8.2_1,2023,11,0,0
DEU.11.4.8.3_1,2023,11,0,0
DEU.11.4.8.4_1,2023,11,0,0
DEU.11.4.8.5_1,2023,11,0,0
DEU.11.4.8.6_1,2023,11,0,0
DEU.11.4.8.7_1,2023,11,0,0
DEU.11.4.9.1_1,2023,11,0,0
DEU.11.4.9.2_1,2023,11,0,0
DEU.11.4.9.3_1,2023,11,0,0
DEU.11.4.9.4_1,2023,11,0,0
DEU.11.5.1.1_1,2023,11,0,0
DEU.11.5.10.1_1,2023,11,0,0
DEU.11.5.10.10_1,2023,11,0,0
DEU.11.5.10.2_1,2023,11,0,0
DEU.11.5.10.3_1,2023,11,0,0
DEU.11.5.10.4_1,2023,11,0,0
DEU.11.5.10.5_1,2023,11,0,0
DEU.11.5.10.6_1,2023,11,0,0
DEU.11.5.10.7_1,2023,11,0,0
DEU.11.5.10.8_1,2023,11,0,0
DEU.11.5.10.9_1,2023,11,0,0
DEU.11.5.2.1_1,2023,11,0,0
DEU.11.5.2.2_1,2023,11,0,0
DEU.11.5.2.3_1,2023,11,0,0
DEU.11.5.2.4_1,2023,11,0,0
DEU.11.5.2.5_1,2023,11,0,0
DEU.11.5.2.6_1,2023,11,0,0
DEU.11.5.2.7_1,2023,11,0,0
DEU.11.5.2.8_1,2023,11,0,0
DEU.11.5.2.9_1,2023,11,0,0
DEU.11.5.3.1_1,2023,11,0,0
DEU.11.5.3.2_1,2023,11,0,0
DEU.11.5.3.3_1,2023,11,0,0
DEU.11.5.3.4_1,2023,11,0,0
DEU.11.5.3.5_1,2023,11,0,0
DEU.11.5.3.6_1,2023,11,0,0
DEU.11.5.3.7_1,2023,11,0,0
DEU.11.5.3.8_1,2023,11,0,0
DEU.11.5.3.9_1,2023,11,0,0
DEU.11.5.4.1_1,2023,11,0,0
DEU.11.5.4.10_1,2023,11,0,0
DEU.11.5.4.11_1,2023,11,0,0
DEU.11.5.4.12_1,2023,11,0,0
DEU.11.5.4.13_1,2023,11,0,0
DEU.11.5.4.14_1,2023,11,0,0
DEU.11.5.4.15_1,2023,11,0,0
DEU.11.5.4.16_1,2023,11,0,0
DEU.11.5.4.17_1,2023,11,0,0
DEU.11.5.4.18_1,2023,11,0,0
DEU.11.5.4.19_1,2023,11,0,0
DEU.11.5.4.2_1,2023,11,0,0
DEU.11.5.4.3_1,2023,11,0,0
DEU.11.5.4.4_1,2023,11,0,0
DEU.11.5.4.5_1,2023,11,0,0
DEU.11.5.4.6_1,2023,11,0,0
DEU.11.5.4.7_1,2023,11,0,0
DEU.11.5.4.8_1,2023,11,0,0
DEU.11.5.4.9_1,2023,11,0,0
DEU.11.5.5.1_1,2023,11,0,0
DEU.11.5.5.10_1,2023,11,0,0
DEU.11.5.5.11_1,2023,11,0,0
DEU.11.5.5.12_1,2023,11,0,0
DEU.11.5.5.13_1,2023,11,0,0
DEU.11.5.5.14_1,2023,11,0,0
DEU.11.5.5.15_1,2023,11,0,0
DEU.11.5.5.16_1,2023,11,0,0
DEU.11.5.5.17_1,2023,11,0,0
DEU.11.5.5.18_1,2023,11,0,0
DEU.11.5.5.19_1,2023,11,0,0
DEU.11.5.5.2_1,2023,11,0,0
DEU.11.5.5.20_1,2023,11,0,0
DEU.11.5.5.3_1,2023,11,0,0
DEU.11.5.5.4_1,2023,11,0,0
DEU.11.5.5.5_1,2023,11,0,0
DEU.11.5.5.6_1,2023,11,0,0
DEU.11.5.5.7_1,2023,11,0,0
DEU.11.5.5.8_1,2023,11,0,0
DEU.11.5.5.9_1,2023,11,0,0
DEU.11.5.6.1_1,2023,11,0,0
DEU.11.5.7.1_1,2023,11,0,0
DEU.11.5.7.2_1,2023,11,0,0
DEU.11.5.7.3_1,2023,11,0,0
DEU.11.5.7.4_1,2023,11,0,0
DEU.11.5.7.5_1,2023,11,0,0
DEU.11.5.7.6_1,2023,11,0,0
DEU.11.5.7.7_1,2023,11,0,0
DEU.11.5.8.1_1,2023,11,0,0
DEU.11.5.8.10_1,2023,11,0,0
DEU.11.5.8.11_1,2023,11,0,0
DEU.11.5.8.12_1,2023,11,0,0
DEU.11.5.8.13_1,2023,11,0,0
DEU.11.5.8.14_1,2023,11,0,0
DEU.11.5.8.15_1,2023,11,0,0
DEU.11.5.8.2_1,2023,11,0,0
DEU.11.5.8.3_1,2023,11,0,0
DEU.11.5.8.4_1,2023,11,0,0
DEU.11.5.8.5_1,2023,11,0,0
DEU.11.5.8.6_1,2023,11,0,0
DEU.11.5.8.7_1,2023,11,0,0
DEU.11.5.8.8_1,2023,11,0,0
DEU.11.5.8.9_1,2023,11,0,0
DEU.11.5.9.1_1,2023,11,0,0
DEU.11.5.9.10_1,2023,11,0,0
DEU.11.5.9.11_1,2023,11,0,0
DEU.11.5.9.12_1,2023,11,0,0
DEU.11.5.9.13_1,2023,11,0,0
DEU.11.5.9.14_1,2023,11,0,0
DEU.11.5.9.15_1,2023,11,0,0
DEU.11.5.9.16_1,2023,11,0,0
DEU.11.5.9.17_1,2023,11,0,0
DEU.11.5.9.18_1,2023,11,0,0
DEU.11.5.9.19_1,2023,11,0,0
DEU.11.5.9.2_1,2023,11,0,0
DEU.11.5.9.20_1,2023,11,0,0
DEU.11.5.9.21_1,2023,11,0,0
DEU.11.5.9.22_1,2023,11,0,0
DEU.11.5.9.23_1,2023,11,0,0
DEU.11.5.9.24_1,2023,11,0,0
DEU.11.5.9.25_1,2023,11,0,0
DEU.11.5.9.26_1,2023,11,0,0
DEU.11.5.9.27_1,2023,11,0,0
DEU.11.5.9.3_1,2023,11,0,0
DEU.11.5.9.4_1,2023,11,0,0
DEU.11.5.9.5_1,2023,11,0,0
DEU.11.5.9.6_1,2023,11,0,0
DEU.11.5.9.7_1,2023,11,0,0
DEU.11.5.9.8_1,2023,11,0,0
DEU.11.5.9.9_1,2023,11,0,0
DEU.11.6.1.1_1,2023,11,0,0
DEU.11.6.1.10_1,2023,11,0,0
DEU.11.6.1.11_1,2023,11,0,0
DEU.11.6.1.12_1,2023,11,0,0
DEU.11.6.1.13_1,2023,11,0,0
DEU.11.6.1.14_1,2023,11,0,0
DEU.11.6.1.15_1,2023,11,0,0
DEU.11.6.1.16_1,2023,11,0,0
DEU.11.6.1.17_1,2023,11,0,0
DEU.11.6.1.18_1,2023,11,0,0
DEU.11.6.1.19_1,2023,11,0,0
DEU.11.6.1.2_1,2023,11,0,0
DEU.11.6.1.20_1,2023,11,0,0
DEU.11.6.1.21_1,2023,11,0,0
DEU.11.6.1.22_1,2023,11,0,0
DEU.11.6.1.23_1,2023,11,0,0
DEU.11.6.1.3_1,2023,11,0,0
DEU.11.6.1.4_1,2023,11,0,0
DEU.11.6.1.5_1,2023,11,0,0
DEU.11.6.1.6_1,2023,11,0,0
DEU.11.6.1.7_1,2023,11,0,0
DEU.11.6.1.8_1,2023,11,0,0
DEU.11.6.1.9_1,2023,11,0,0
DEU.11.6.2.1_1,2023,11,0,0
DEU.11.6.3.1_1,2023,11,0,0
DEU.11.6.3.10_1,2023,11,0,0
DEU.11.6.3.11_1,2023,11,0,0
DEU.11.6.3.12_1,2023,11,0,0
DEU.11.6.3.13_1,2023,11,0,0
DEU.11.6.3.14_1,2023,11,0,0
DEU.11.6.3.15_1,2023,11,0,0
DEU.11.6.3.16_1,2023,11,0,0
DEU.11.6.3.17_1,2023,11,0,0
DEU.11.6.3.18_1,2023,11,0,0
DEU.11.6.3.19_1,2023,11,0,0
DEU.11.6.3.2_1,2023,11,0,0
DEU.11.6.3.20_1,2023,11,0,0
DEU.11.6.3.21_1,2023,11,0,0
DEU.11.6.3.3_1,2023,11,0,0
DEU.11.6.3.4_1,2023,11,0,0
DEU.11.6.3.5_1,2023,11,0,0
DEU.11.6.3.6_1,2023,11,0,0
DEU.11.6.3.7_1,2023,11,0,0
DEU.11.6.3.8_1,2023,11,0,0
DEU.11.6.3.9_1,2023,11,0,0
DEU.11.6.4.1_1,2023,11,0,0
DEU.11.6.4.10_1,2023,11,0,0
DEU.11.6.4.11_1,2023,11,0,0
DEU.11.6.4.12_1,2023,11,0,0
DEU.11.6.4.13_1,2023,11,0,0
DEU.11.6.4.14_1,2023,11,0,0
DEU.11.6.4.15_1,2023,11,0,0
DEU.11.6.4.16_1,2023,11,0,0
DEU.11.6.4.2_1,2023,11,0,0
DEU.11.6.4.3_1,2023,11,0,0
DEU.11.6.4.4_1,2023,11,0,0
DEU.11.6.4.5_1,2023,11,0,0
DEU.11.6.4.6_1,2023,11,0,0
DEU.11.6.4.7_1,2023,11,0,0
DEU.11.6.4.8_1,2023,11,0,0
DEU.11.6.4.9_1,2023,11,0,0
DEU.11.6.5.1_1,2023,11,0,0
DEU.11.6.5.10_1,2023,11,0,0
DEU.11.6.5.11_1,2023,11,0,0
DEU.11.6.5.12_1,2023,11,0,0
DEU.11.6.5.13_1,2023,11,0,0
DEU.11.6.5.14_1,2023,11,0,0
DEU.11.6.5.15_1,2023,11,0,0
DEU.11.6.5.16_1,2023,11,0,0
DEU.11.6.5.17_1,2023,11,0,0
DEU.11.6.5.18_1,2023,11,0,0
DEU.11.6.5.19_1,2023,11,0,0
DEU.11.6.5.2_1,2023,11,0,0
DEU.11.6.5.20_1,2023,11,0,0
DEU.11.6.5.21_1,2023,11,0,0
DEU.11.6.5.22_1,2023,11,0,0
DEU.11.6.5.23_1,2023,11,0,0
DEU.11.6.5.24_1,2023,11,0,0
DEU.11.6.5.25_1,2023,11,0,0
DEU.11.6.5.26_1,2023,11,0,0
DEU.11.6.5.27_1,2023,11,0,0
DEU.11.6.5.28_1,2023,11,0,0
DEU.11.6.5.29_1,2023,11,0,0
DEU.11.6.5.3_1,2023,11,0,0
DEU.11.6.5.30_1,2023,11,0,0
DEU.11.6.5.31_1,2023,11,0,0
DEU.11.6.5.32_1,2023,11,0,0
DEU.11.6.5.33_1,2023,11,0,0
DEU.11.6.5.34_1,2023,11,0,0
DEU.11.6.5.35_1,2023,11,0,0
DEU.11.6.5.36_1,2023,11,0,0
DEU.11.6.5.37_1,2023,11,0,0
DEU.11.6.5.38_1,2023,11,0,0
DEU.11.6.5.39_1,2023,11,0,0
DEU.11.6.5.4_1,2023,11,0,0
DEU.11.6.5.40_1,2023,11,0,0
DEU.11.6.5.41_1,2023,11,0,0
DEU.11.6.5.42_1,2023,11,0,0
DEU.11.6.5.43_1,2023,11,0,0
DEU.11.6.5.44_1,2023,11,0,0
DEU.11.6.5.45_1,2023,11,0,0
DEU.11.6.5.5_1,2023,11,0,0
DEU.11.6.5.6_1,2023,11,0,0
DEU.11.6.5.7_1,2023,11,0,0
DEU.11.6.5.8_1,2023,11,0,0
DEU.11.6.5.9_1,2023,11,0,0
DEU.11.6.6.1_1,2023,11,0,0
DEU.11.7.1.1_1,2023,11,0,0
DEU.11.7.1.10_1,2023,11,0,0
DEU.11.7.1.11_1,2023,11,0,0
DEU.11.7.1.12_1,2023,11,0,0
DEU.11.7.1.13_1,2023,11,0,0
DEU.11.7.1.14_1,2023,11,0,0
DEU.11.7.1.2_1,2023,11,0,0
DEU.11.7.1.3_1,2023,11,0,0
DEU.11.7.1.4_1,2023,11,0,0
DEU.11.7.1.5_1,2023,11,0,0
DEU.11.7.1.6_1,2023,11,0,0
DEU.11.7.1.7_1,2023,11,0,0
DEU.11.7.1.8_1,2023,11,0,0
DEU.11.7.1.9_1,2023,11,0,0
DEU.11.7.2.1_1,2023,11,0,0
DEU.11.7.2.10_1,2023,11,0,0
DEU.11.7.2.11_1,2023,11,0,0
DEU.11.7.2.12_1,2023,11,0,0
DEU.11.7.2.13_1,2023,11,0,0
DEU.11.7.2.14_1,2023,11,0,0
DEU.11.7.2.15_1,2023,11,0,0
DEU.11.7.2.16_1,2023,11,0,0
DEU.11.7.2.17_1,2023,11,0,0
DEU.11.7.2.18_1,2023,11,0,0
DEU.11.7.2.19_1,2023,11,0,0
DEU.11.7.2.2_1,2023,11,0,0
DEU.11.7.2.20_1,2023,11,0,0
DEU.11.7.2.21_1,2023,11,0,0
DEU.11.7.2.22_1,2023,11,0,0
DEU.11.7.2.23_1,2023,11,0,0
DEU.11.7.2.24_1,2023,11,0,0
DEU.11.7.2.25_1,2023,11,0,0
DEU.11.7.2.26_1,2023,11,0,0
DEU.11.7.2.27_1,2023,11,0,0
DEU.11.7.2.28_1,2023,11,0,0
DEU.11.7.2.29_1,2023,11,0,0
DEU.11.7.2.3_1,2023,11,0,0
DEU.11.7.2.30_1,2023,11,0,0
DEU.11.7.2.31_1,2023,11,0,0
DEU.11.7.2.4_1,2023,11,0,0
DEU.11.7.2.5_1,2023,11,0,0
DEU.11.7.2.6_1,2023,11,0,0
DEU.11.7.2.7_1,2023,11,0,0
DEU.11.7.2.8_1,2023,11,0,0
DEU.11.7.2.9_1,2023,11,0,0
DEU.11.7.3.1_1,2023,11,0,0
DEU.11.7.3.10_1,2023,11,0,0
DEU.11.7.3.11_1,2023,11,0,0
DEU.11.7.3.12_1,2023,11,0,0
DEU.11.7.3.13_1,2023,11,0,0
DEU.11.7.3.14_1,2023,11,0,0
DEU.11.7.3.15_1,2023,11,0,0
DEU.11.7.3.16_1,2023,11,0,0
DEU.11.7.3.17_1,2023,11,0,0
DEU.11.7.3.18_1,2023,11,0,0
DEU.11.7.3.19_1,2023,11,0,0
DEU.11.7.3.2_1,2023,11,0,0
DEU.11.7.3.20_1,2023,11,0,0
DEU.11.7.3.21_1,2023,11,0,0
DEU.11.7.3.22_1,2023,11,0,0
DEU.11.7.3.23_1,2023,11,0,0
DEU.11.7.3.24_1,2023,11,0,0
DEU.11.7.3.25_1,2023,11,0,0
DEU.11.7.3.26_1,2023,11,0,0
DEU.11.7.3.27_1,2023,11,0,0
DEU.11.7.3.28_1,2023,11,0,0
DEU.11.7.3.29_1,2023,11,0,0
DEU.11.7.3.3_1,2023,11,0,0
DEU.11.7.3.30_1,2023,11,0,0
DEU.11.7.3.31_1,2023,11,0,0
DEU.11.7.3.32_1,2023,11,0,0
DEU.11.7.3.33_1,2023,11,0,0
DEU.11.7.3.34_1,2023,11,0,0
DEU.11.7.3.4_1,2023,11,0,0
DEU.11.7.3.5_1,2023,11,0,0
DEU.11.7.3.6_1,2023,11,0,0
DEU.11.7.3.7_1,2023,11,0,0
DEU.11.7.3.8_1,2023,11,0,0
DEU.11.7.3.9_1,2023,11,0,0
DEU.11.7.4.1_1,2023,11,0,0
DEU.11.7.5.1_1,2023,11,0,0
DEU.11.7.5.10_1,2023,11,0,0
DEU.11.7.5.11_1,2023,11,0,0
DEU.11.7.5.12_1,2023,11,0,0
DEU.11.7.5.13_1,2023,11,0,0
DEU.11.7.5.14_1,2023,11,0,0
DEU.11.7.5.15_1,2023,11,0,0
DEU.11.7.5.16_1,2023,11,0,0
DEU.11.7.5.2_1,2023,11,0,0
DEU.11.7.5.3_1,2023,11,0,0
DEU.11.7.5.4_1,2023,11,0,0
DEU.11.7.5.5_1,2023,11,0,0
DEU.11.7.5.6_1,2023,11,0,0
DEU.11.7.5.7_1,2023,11,0,0
DEU.11.7.5.8_1,2023,11,0,0
DEU.11.7.5.9_1,2023,11,0,0
DEU.11.8.1.1_1,2023,11,0,0
DEU.11.8.1.10_1,2023,11,0,0
DEU.11.8.1.11_1,2023,11,0,0
DEU.11.8.1.12_1,2023,11,0,0
DEU.11.8.1.13_1,2023,11,0,0
DEU.11.8.1.14_1,2023,11,0,0
DEU.11.8.1.15_1,2023,11,0,0
DEU.11.8.1.16_1,2023,11,0,0
DEU.11.8.1.17_1,2023,11,0,0
DEU.11.8.1.18_1,2023,11,0,0
DEU.11.8.1.19_1,2023,11,0,0
DEU.11.8.1.2_1,2023,11,0,0
DEU.11.8.1.20_1,2023,11,0,0
DEU.11.8.1.21_1,2023,11,0,0
DEU.11.8.1.22_1,2023,11,0,0
DEU.11.8.1.23_1,2023,11,0,0
DEU.11.8.1.3_1,2023,11,0,0
DEU.11.8.1.4_1,2023,11,0,0
DEU.11.8.1.5_1,2023,11,0,0
DEU.11.8.1.6_1,2023,11,0,0
DEU.11.8.1.7_1,2023,11,0,0
DEU.11.8.1.8_1,2023,11,0,0
DEU.11.8.1.9_1,2023,11,0,0
DEU.11.8.2.1_1,2023,11,0,0
DEU.11.8.2.10_1,2023,11,0,0
DEU.11.8.2.11_1,2023,11,0,0
DEU.11.8.2.12_1,2023,11,0,0
DEU.11.8.2.13_1,2023,11,0,0
DEU.11.8.2.14_1,2023,11,0,0
DEU.11.8.2.15_1,2023,11,0,0
DEU.11.8.2.16_1,2023,11,0,0
DEU.11.8.2.17_1,2023,11,0,0
DEU.11.8.2.18_1,2023,11,0,0
DEU.11.8.2.19_1,2023,11,0,0
DEU.11.8.2.2_1,2023,11,0,0
DEU.11.8.2.20_1,2023,11,0,0
DEU.11.8.2.21_1,2023,11,0,0
DEU.11.8.2.22_1,2023,11,0,0
DEU.11.8.2.23_1,2023,11,0,0
DEU.11.8.2.24_1,2023,11,0,0
DEU.11.8.2.25_1,2023,11,0,0
DEU.11.8.2.26_1,2023,11,0,0
DEU.11.8.2.3_1,2023,11,0,0
DEU.11.8.2.4_1,2023,11,0,0
DEU.11.8.2.5_1,2023,11,0,0
DEU.11.8.2.6_1,2023,11,0,0
DEU.11.8.2.7_1,2023,11,0,0
DEU.11.8.2.8_1,2023,11,0,0
DEU.11.8.2.9_1,2023,11,0,0
DEU.11.8.3.1_1,2023,11,0,0
DEU.11.8.3.10_1,2023,11,0,0
DEU.11.8.3.11_1,2023,11,0,0
DEU.11.8.3.12_1,2023,11,0,0
DEU.11.8.3.13_1,2023,11,0,0
DEU.11.8.3.14_1,2023,11,0,0
DEU.11.8.3.15_1,2023,11,0,0
DEU.11.8.3.16_1,2023,11,0,0
DEU.11.8.3.2_1,2023,11,0,0
DEU.11.8.3.3_1,2023,11,0,0
DEU.11.8.3.4_1,2023,11,0,0
DEU.11.8.3.5_1,2023,11,0,0
DEU.11.8.3.6_1,2023,11,0,0
DEU.11.8.3.7_1,2023,11,0,0
DEU.11.8.3.8_1,2023,11,0,0
DEU.11.8.3.9_1,2023,11,0,0
DEU.11.8.4.1_1,2023,11,0,0
DEU.11.8.4.10_1,2023,11,0,0
DEU.11.8.4.11_1,2023,11,0,0
DEU.11.8.4.12_1,2023,11,0,0
DEU.11.8.4.13_1,2023,11,0,0
DEU.11.8.4.14_1,2023,11,0,0
DEU.11.8.4.15_1,2023,11,0,0
DEU.11.8.4.16_1,2023,11,0,0
DEU.11.8.4.17_1,2023,11,0,0
DEU.11.8.4.18_1,2023,11,0,0
DEU.11.8.4.19_1,2023,11,0,0
DEU.11.8.4.2_1,2023,11,0,0
DEU.11.8.4.20_1,2023,11,0,0
DEU.11.8.4.21_1,2023,11,0,0
DEU.11.8.4.22_1,2023,11,0,0
DEU.11.8.4.23_1,2023,11,0,0
DEU.11.8.4.24_1,2023,11,0,0
DEU.11.8.4.3_1,2023,11,0,0
DEU.11.8.4.4_1,2023,11,0,0
DEU.11.8.4.5_1,2023,11,0,0
DEU.11.8.4.6_1,2023,11,0,0
DEU.11.8.4.7_1,2023,11,0,0
DEU.11.8.4.8_1,2023,11,0,0
DEU.11.8.4.9_1,2023,11,0,0
DEU.11.9.1.1_1,2023,11,0,0
DEU.11.9.1.10_1,2023,11,0,0
DEU.11.9.1.11_1,2023,11,0,0
DEU.11.9.1.12_1,2023,11,0,0
DEU.11.9.1.13_1,2023,11,0,0
DEU.11.9.1.14_1,2023,11,0,0
DEU.11.9.1.15_1,2023,11,0,0
DEU.11.9.1.16_1,2023,11,0,0
DEU.11.9.1.2_1,2023,11,0,0
DEU.11.9.1.3_1,2023,11,0,0
DEU.11.9.1.4_1,2023,11,0,0
DEU.11.9.1.5_1,2023,11,0,0
DEU.11.9.1.6_1,2023,11,0,0
DEU.11.9.1.7_1,2023,11,0,0
DEU.11.9.1.8_1,2023,11,0,0
DEU.11.9.1.9_1,2023,11,0,0
DEU.11.9.2.1_1,2023,11,0,0
DEU.11.9.2.2_1,2023,11,0,0
DEU.11.9.2.3_1,2023,11,0,0
DEU.11.9.3.1_1,2023,11,0,0
DEU.11.9.3.10_1,2023,11,0,0
DEU.11.9.3.11_1,2023,11,0,0
DEU.11.9.3.12_1,2023,11,0,0
DEU.11.9.3.13_1,2023,11,0,0
DEU.11.9.3.2_1,2023,11,0,0
DEU.11.9.3.3_1,2023,11,0,0
DEU.11.9.3.4_1,2023,11,0,0
DEU.11.9.3.5_1,2023,11,0,0
DEU.11.9.3.6_1,2023,11,0,0
DEU.11.9.3.7_1,2023,11,0,0
DEU.11.9.3.8_1,2023,11,0,0
DEU.11.9.3.9_1,2023,11,0,0
DEU.11.9.4.1_1,2023,11,0,0
DEU.11.9.4.10_1,2023,11,0,0
DEU.11.9.4.11_1,2023,11,0,0
DEU.11.9.4.12_1,2023,11,0,0
DEU.11.9.4.13_1,2023,11,0,0
DEU.11.9.4.14_1,2023,11,0,0
DEU.11.9.4.15_1,2023,11,0,0
DEU.11.9.4.16_1,2023,11,0,0
DEU.11.9.4.2_1,2023,11,0,0
DEU.11.9.4.3_1,2023,11,0,0
DEU.11.9.4.4_1,2023,11,0,0
DEU.11.9.4.5_1,2023,11,0,0
DEU.11.9.4.6_1,2023,11,0,0
DEU.11.9.4.7_1,2023,11,0,0
DEU.11.9.4.8_1,2023,11,0,0
DEU.11.9.4.9_1,2023,11,0,0
DEU.11.9.5.1_1,2023,11,0,0
DEU.11.9.5.10_1,2023,11,0,0
DEU.11.9.5.11_1,2023,11,0,0
DEU.11.9.5.12_1,2023,11,0,0
DEU.11.9.5.13_1,2023,11,0,0
DEU.11.9.5.14_1,2023,11,0,0
DEU.11.9.5.15_1,2023,11,0,0
DEU.11.9.5.16_1,2023,11,0,0
DEU.11.9.5.17_1,2023,11,0,0
DEU.11.9.5.18_1,2023,11,0,0
DEU.11.9.5.19_1,2023,11,0,0
DEU.11.9.5.2_1,2023,11,0,0
DEU.11.9.5.20_1,2023,11,0,0
DEU.11.9.5.3_1,2023,11,0,0
DEU.11.9.5.4_1,2023,11,0,0
DEU.11.9.5.5_1,2023,11,0,0
DEU.11.9.5.6_1,2023,11,0,0
DEU.11.9.5.7_1,2023,11,0,0
DEU.11.9.5.8_1,2023,11,0,0
DEU.11.9.5.9_1,2023,11,0,0
DEU.11.9.6.1_1,2023,11,0,0
DEU.11.9.6.10_1,2023,11,0,0
DEU.11.9.6.11_1,2023,11,0,0
DEU.11.9.6.12_1,2023,11,0,0
DEU.11.9.6.13_1,2023,11,0,0
DEU.11.9.6.2_1,2023,11,0,0
DEU.11.9.6.3_1,2023,11,0,0
DEU.11.9.6.4_1,2023,11,0,0
DEU.11.9.6.5_1,2023,11,0,0
DEU.11.9.6.6_1,2023,11,0,0
DEU.11.9.6.7_1,2023,11,0,0
DEU.11.9.6.8_1,2023,11,0,0
DEU.11.9.6.9_1,2023,11,0,0
DEU.12.1.1.1_1,2023,11,0,0
DEU.12.1.2.1_1,2023,11,0,0
DEU.12.1.3.1_1,2023,11,0,0
DEU.12.1.4.1_1,2023,11,0,0
DEU.12.1.5.1_1,2023,11,0,0
DEU.12.1.6.1_1,2023,11,0,0
DEU.12.1.7.1_1,2023,11,0,0
DEU.12.2.1.1_1,2023,11,0,0
DEU.12.2.2.1_1,2023,11,0,0
DEU.12.2.3.1_1,2023,11,0,0
DEU.12.2.4.1_1,2023,11,0,0
DEU.12.2.5.1_1,2023,11,0,0
DEU.12.2.6.1_1,2023,11,0,0
DEU.12.2.7.1_1,2023,11,0,0
DEU.12.3.1.1_1,2023,11,0,0
DEU.12.3.10.1_1,2023,11,0,0
DEU.12.3.2.1_1,2023,11,0,0
DEU.12.3.3.1_1,2023,11,0,0
DEU.12.3.4.1_1,2023,11,0,0
DEU.12.3.5.1_1,2023,11,0,0
DEU.12.3.6.1_1,2023,11,0,0
DEU.12.3.7.1_1,2023,11,0,0
DEU.12.3.8.1_1,2023,11,0,0
DEU.12.3.9.1_1,2023,11,0,0
DEU.12.4.1.1_1,2023,11,0,0
DEU.12.4.10.1_1,2023,11,0,0
DEU.12.4.11.1_1,2023,11,0,0
DEU.12.4.12.1_1,2023,11,0,0
DEU.12.4.13.1_1,2023,11,0,0
DEU.12.4.2.1_1,2023,11,0,0
DEU.12.4.3.1_1,2023,11,0,0
DEU.12.4.4.1_1,2023,11,0,0
DEU.12.4.5.1_1,2023,11,0,0
DEU.12.4.6.1_1,2023,11,0,0
DEU.12.4.7.1_1,2023,11,0,0
DEU.12.4.8.1_1,2023,11,0,0
DEU.12.4.9.1_1,2023,11,0,0
DEU.12.5.1.1_1,2023,11,0,0
DEU.12.5.2.1_1,2023,11,0,0
DEU.12.5.3.1_1,2023,11,0,0
DEU.12.5.4.1_1,2023,11,0,0
DEU.12.5.5.1_1,2023,11,0,0
DEU.12.5.6.1_1,2023,11,0,0
DEU.12.5.7.1_1,2023,11,0,0
DEU.12.6.1.1_1,2023,11,0,0
DEU.12.6.2.1_1,2023,11,0,0
DEU.12.6.3.1_1,2023,11,0,0
DEU.12.6.4.1_1,2023,11,0,0
DEU.12.6.5.1_1,2023,11,0,0
DEU.12.6.6.1_1,2023,11,0,0
DEU.12.6.7.1_1,2023,11,0,0
DEU.12.6.8.1_1,2023,11,0,0
DEU.13.1.1.1_1,2023,11,0,0
DEU.13.1.2.1_1,2023,11,0,0
DEU.13.1.2.2_1,2023,11,0,0
DEU.13.1.2.3_1,2023,11,0,0
DEU.13.1.2.4_1,2023,11,0,0
DEU.13.1.2.5_1,2023,11,0,0
DEU.13.1.2.6_1,2023,11,0,0
DEU.13.1.2.7_1,2023,11,0,0
DEU.13.1.2.8_1,2023,11,0,0
DEU.13.1.3.1_1,2023,11,0,0
DEU.13.1.4.1_1,2023,11,0,0
DEU.13.1.5.1_1,2023,11,0,0
DEU.13.1.6.1_1,2023,11,0,0
DEU.13.10.1.1_1,2023,11,0,0
DEU.13.10.10.1_1,2023,11,0,0
DEU.13.10.11.1_1,2023,11,0,0
DEU.13.10.2.1_1,2023,11,0,0
DEU.13.10.3.1_1,2023,11,0,0
DEU.13.10.4.1_1,2023,11,0,0
DEU.13.10.5.1_1,2023,11,0,0
DEU.13.10.5.2_1,2023,11,0,0
DEU.13.10.5.3_1,2023,11,0,0
DEU.13.10.5.4_1,2023,11,0,0
DEU.13.10.5.5_1,2023,11,0,0
DEU.13.10.6.1_1,2023,11,0,0
DEU.13.10.7.1_1,2023,11,0,0
DEU.13.10.7.2_1,2023,11,0,0
DEU.13.10.7.3_1,2023,11,0,0
DEU.13.10.7.4_1,2023,11,0,0
DEU.13.10.7.5_1,2023,11,0,0
DEU.13.10.7.6_1,2023,11,0,0
DEU.13.10.7.7_1,2023,11,0,0
DEU.13.10.7.8_1,2023,11,0,0
DEU.13.10.8.1_1,2023,11,0,0
DEU.13.10.9.1_1,2023,11,0,0
DEU.13.11.1.1_1,2023,11,0,0
DEU.13.11.10.1_1,2023,11,0,0
DEU.13.11.11.1_1,2023,11,0,0
DEU.13.11.12.1_1,2023,11,0,0
DEU.13.11.13.1_1,2023,11,0,0
DEU.13.11.14.1_1,2023,11,0,0
DEU.13.11.14.2_1,2023,11,0,0
DEU.13.11.14.3_1,2023,11,0,0
DEU.13.11.14.4_1,2023,11,0,0
DEU.13.11.14.5_1,2023,11,0,0
DEU.13.11.14.6_1,2023,11,0,0
DEU.13.11.15.1_1,2023,11,0,0
DEU.13.11.2.1_1,2023,11,0,0
DEU.13.11.3.1_1,2023,11,0,0
DEU.13.11.4.1_1,2023,11,0,0
DEU.13.11.5.1_1,2023,11,0,0
DEU.13.11.6.1_1,2023,11,0,0
DEU.13.11.7.1_1,2023,11,0,0
DEU.13.11.8.1_1,2023,11,0,0
DEU.13.11.9.1_1,2023,11,0,0
DEU.13.12.1.1_1,2023,11,0,0
DEU.13.12.10.1_1,2023,11,0,0
DEU.13.12.10.2_1,2023,11,0,0
DEU.13.12.10.3_1,2023,11,0,0
DEU.13.12.10.4_1,2023,11,0,0
DEU.13.12.10.5_1,2023,11,0,0
DEU.13.12.11.1_1,2023,11,0,0
DEU.13.12.12.1_1,2023,11,0,0
DEU.13.12.13.1_1,2023,11,0,0
DEU.13.12.2.1_1,2023,11,0,0
DEU.13.12.3.1_1,2023,11,0,0
DEU.13.12.4.1_1,2023,11,0,0
DEU.13.12.5.1_1,2023,11,0,0
DEU.13.12.6.1_1,2023,11,0,0
DEU.13.12.6.2_1,2023,11,0,0
DEU.13.12.6.3_1,2023,11,0,0
DEU.13.12.6.4_1,2023,11,0,0
DEU.13.12.6.5_1,2023,11,0,0
DEU.13.12.7.1_1,2023,11,0,0
DEU.13.12.8.1_1,2023,11,0,0
DEU.13.12.9.1_1,2023,11,0,0
DEU.13.13.1.1_1,2023,11,0,0
DEU.13.13.1.2_1,2023,11,0,0
DEU.13.13.1.3_1,2023,11,0,0
DEU.13.13.1.4_1,2023,11,0,0
DEU.13.13.1.5_1,2023,11,0,0
DEU.13.13.1.6_1,2023,11,0,0
DEU.13.13.1.7_1,2023,11,0,0
DEU.13.13.1.8_1,2023,11,0,0
DEU.13.13.2.1_1,2023,11,0,0
DEU.13.13.3.1_1,2023,11,0,0
DEU.13.13.3.2_1,2023,11,0,0
DEU.13.13.3.3_1,2023,11,0,0
DEU.13.13.3.4_1,2023,11,0,0
DEU.13.13.3.5_1,2023,11,0,0
DEU.13.13.3.6_1,2023,11,0,0
DEU.13.13.4.1_1,2023,11,0,0
DEU.13.13.5.1_1,2023,11,0,0
DEU.13.13.6.1_1,2023,11,0,0
DEU.13.13.6.2_1,2023,11,0,0
DEU.13.13.6.3_1,2023,11,0,0
DEU.13.13.6.4_1,2023,11,0,0
DEU.13.13.6.5_1,2023,11,0,0
DEU.13.13.7.1_1,2023,11,0,0
DEU.13.13.8.1_1,2023,11,0,0
DEU.13.13.9.1_1,2023,11,0,0
DEU.13.14.1.1_1,2023,11,0,0
DEU.13.14.2.1_1,2023,11,0,0
DEU.13.14.3.1_1,2023,11,0,0
DEU.13.14.4.1_1,2023,11,0,0
DEU.13.14.5.1_1,2023,11,0,0
DEU.13.14.6.1_1,2023,11,0,0
DEU.13.14.7.1_1,2023,11,0,0
DEU.13.14.8.1_1,2023,11,0,0
DEU.13.14.9.1_1,2023,11,0,0
DEU.13.2.1.1_1,2023,11,0,0
DEU.13.2.10.1_1,2023,11,0,0
DEU.13.2.2.1_1,2023,11,0,0
DEU.13.2.3.1_1,2023,11,0,0
DEU.13.2.4.1_1,2023,11,0,0
DEU.13.2.5.1_1,2023,11,0,0
DEU.13.2.6.1_1,2023,11,0,0
DEU.13.2.7.1_1,2023,11,0,0
DEU.13.2.8.1_1,2023,11,0,0
DEU.13.2.9.1_1,2023,11,0,0
DEU.13.3.1.1_1,2023,11,0,0
DEU.13.3.10.1_1,2023,11,0,0
DEU.13.3.11.1_1,2023,11,0,0
DEU.13.3.12.1_1,2023,11,0,0
DEU.13.3.12.2_1,2023,11,0,0
DEU.13.3.12.3_1,2023,11,0,0
DEU.13.3.12.4_1,2023,11,0,0
DEU.13.3.13.1_1,2023,11,0,0
DEU.13.3.2.1_1,2023,11,0,0
DEU.13.3.2.2_1,2023,11,0,0
DEU.13.3.2.3_1,2023,11,0,0
DEU.13.3.2.4_1,2023,11,0,0
DEU.13.3.2.5_1,2023,11,0,0
DEU.13.3.2.6_1,2023,11,0,0
DEU.13.3.2.7_1,2023,11,0,0
DEU.13.3.3.1_1,2023,11,0,0
DEU.13.3.3.2_1,2023,11,0,0
DEU.13.3.3.3_1,2023,11,0,0
DEU.13.3.3.4_1,2023,11,0,0
DEU.13.3.3.5_1,2023,11,0,0
DEU.13.3.3.6_1,2023,11,0,0
DEU.13.3.3.7_1,2023,11,0,0
DEU.13.3.4.1_1,2023,11,0,0
DEU.13.3.5.1_1,2023,11,0,0
DEU.13.3.6.1_1,2023,11,0,0
DEU.13.3.7.1_1,2023,11,0,0
DEU.13.3.7.2_1,2023,11,0,0
DEU.13.3.7.3_1,2023,11,0,0
DEU.13.3.7.4_1,2023,11,0,0
DEU.13.3.7.5_1,2023,11,0,0
DEU.13.3.7.6_1,2023,11,0,0
DEU.13.3.7.7_1,2023,11,0,0
DEU.13.3.8.1_1,2023,11,0,0
DEU.13.3.9.1_1,2023,11,0,0
DEU.13.4.1.1_1,2023,11,0,0
DEU.13.4.1.2_1,2023,11,0,0
DEU.13.4.1.3_1,2023,11,0,0
DEU.13.4.1.4_1,2023,11,0,0
DEU.13.4.1.5_1,2023,11,0,0
DEU.13.4.1.6_1,2023,11,0,0
DEU.13.4.1.7_1,2023,11,0,0
DEU.13.4.10.1_1,2023,11,0,0
DEU.13.4.10.2_1,2023,11,0,0
DEU.13.4.10.3_1,2023,11,0,0
DEU.13.4.10.4_1,2023,11,0,0
DEU.13.4.10.5_1,2023,11,0,0
DEU.13.4.10.6_1,2023,11,0,0
DEU.13.4.10.7_1,2023,11,0,0
DEU.13.4.11.1_1,2023,11,0,0
DEU.13.4.2.1_1,2023,11,0,0
DEU.13.4.2.2_1,2023,11,0,0
DEU.13.4.2.3_1,2023,11,0,0
DEU.13.4.2.4_1,2023,11,0,0
DEU.13.4.2.5_1,2023,11,0,0
DEU.13.4.3.1_1,2023,11,0,0
DEU.13.4.4.1_1,2023,11,0,0
DEU.13.4.5.1_1,2023,11,0,0
DEU.13.4.6.1_1,2023,11,0,0
DEU.13.4.7.1_1,2023,11,0,0
DEU.13.4.8.1_1,2023,11,0,0
DEU.13.4.8.2_1,2023,11,0,0
DEU.13.4.8.3_1,2023,11,0,0
DEU.13.4.8.4_1,2023,11,0,0
DEU.13.4.8.5_1,2023,11,0,0
DEU.13.4.8.6_1,2023,11,0,0
DEU.13.4.8.7_1,2023,11,0,0
DEU.13.4.9.1_1,2023,11,0,0
DEU.13.5.1.1_1,2023,11,0,0
DEU.13.6.1.1_1,2023,11,0,0
DEU.13.7.1.1_1,2023,11,0,0
DEU.13.7.10.1_1,2023,11,0,0
DEU.13.7.11.1_1,2023,11,0,0
DEU.13.7.12.1_1,2023,11,0,0
DEU.13.7.13.1_1,2023,11,0,0
DEU.13.7.13.2_1,2023,11,0,0
DEU.13.7.13.3_1,2023,11,0,0
DEU.13.7.13.4_1,2023,11,0,0
DEU.13.7.13.5_1,2023,11,0,0
DEU.13.7.13.6_1,2023,11,0,0
DEU.13.7.13.7_1,2023,11,0,0
DEU.13.7.14.1_1,2023,11,0,0
DEU.13.7.2.1_1,2023,11,0,0
DEU.13.7.3.1_1,2023,11,0,0
DEU.13.7.4.1_1,2023,11,0,0
DEU.13.7.5.1_1,2023,11,0,0
DEU.13.7.6.1_1,2023,11,0,0
DEU.13.7.7.1_1,2023,11,0,0
DEU.13.7.8.1_1,2023,11,0,0
DEU.13.7.9.1_1,2023,11,0,0
DEU.13.8.1.1_1,2023,11,0,0
DEU.13.8.2.1_1,2023,11,0,0
DEU.13.8.3.1_1,2023,11,0,0
DEU.13.8.4.1_1,2023,11,0,0
DEU.13.8.5.1_1,2023,11,0,0
DEU.13.8.6.1_1,2023,11,0,0
DEU.13.8.7.1_1,2023,11,0,0
DEU.13.8.8.1_1,2023,11,0,0
DEU.13.9.1.1_1,2023,11,0,0
DEU.14.1.1.1_1,2023,11,0,0
DEU.14.1.1.2_1,2023,11,0,0
DEU.14.1.1.3_1,2023,11,0,0
DEU.14.1.1.4_1,2023,11,0,0
DEU.14.1.1.5_1,2023,11,0,0
DEU.14.1.10.1_1,2023,11,0,0
DEU.14.1.11.1_1,2023,11,0,0
DEU.14.1.12.1_1,2023,11,0,0
DEU.14.1.13.1_1,2023,11,0,0
DEU.14.1.14.1_1,2023,11,0,0
DEU.14.1.14.2_1,2023,11,0,0
DEU.14.1.15.1_1,2023,11,0,0
DEU.14.1.15.2_1,2023,11,0,0
DEU.14.1.16.1_1,2023,11,0,0
DEU.14.1.16.2_1,2023,11,0,0
DEU.14.1.17.1_1,2023,11,0,0
DEU.14.1.18.1_1,2023,11,0,0
DEU.14.1.19.1_1,2023,11,0,0
DEU.14.1.2.1_1,2023,11,0,0
DEU.14.1.20.1_1,2023,11,0,0
DEU.14.1.20.2_1,2023,11,0,0
DEU.14.1.21.1_1,2023,11,0,0
DEU.14.1.21.2_1,2023,11,0,0
DEU.14.1.21.3_1,2023,11,0,0
DEU.14.1.22.1_1,2023,11,0,0
DEU.14.1.23.1_1,2023,11,0,0
DEU.14.1.24.1_1,2023,11,0,0
DEU.14.1.25.1_1,2023,11,0,0
DEU.14.1.26.1_1,2023,11,0,0
DEU.14.1.27.1_1,2023,11,0,0
DEU.14.1.27.2_1,2023,11,0,0
DEU.14.1.28.1_1,2023,11,0,0
DEU.14.1.29.1_1,2023,11,0,0
DEU.14.1.3.1_1,2023,11,0,0
DEU.14.1.30.1_1,2023,11,0,0
DEU.14.1.31.1_1,2023,11,0,0
DEU.14.1.31.2_1,2023,11,0,0
DEU.14.1.31.3_1,2023,11,0,0
DEU.14.1.31.4_1,2023,11,0,0
DEU.14.1.31.5_1,2023,11,0,0
DEU.14.1.32.1_1,2023,11,0,0
DEU.14.1.33.1_1,2023,11,0,0
DEU.14.1.34.1_1,2023,11,0,0
DEU.14.1.35.1_1,2023,11,0,0
DEU.14.1.36.1_1,2023,11,0,0
DEU.14.1.37.1_1,2023,11,0,0
DEU.14.1.38.1_1,2023,11,0,0
DEU.14.1.39.1_1,2023,11,0,0
DEU.14.1.4.1_1,2023,11,0,0
DEU.14.1.40.1_1,2023,11,0,0
DEU.14.1.41.1_1,2023,11,0,0
DEU.14.1.42.1_1,2023,11,0,0
DEU.14.1.43.1_1,2023,11,0,0
DEU.14.1.5.1_1,2023,11,0,0
DEU.14.1.5.2_1,2023,11,0,0
DEU.14.1.6.1_1,2023,11,0,0
DEU.14.1.7.1_1,2023,11,0,0
DEU.14.1.8.1_1,2023,11,0,0
DEU.14.1.9.1_1,2023,11,0,0
DEU.14.10.1.1_1,2023,11,0,0
DEU.14.10.10.1_1,2023,11,0,0
DEU.14.10.11.1_1,2023,11,0,0
DEU.14.10.11.2_1,2023,11,0,0
DEU.14.10.12.1_1,2023,11,0,0
DEU.14.10.13.1_1,2023,11,0,0
DEU.14.10.14.1_1,2023,11,0,0
DEU.14.10.15.1_1,2023,11,0,0
DEU.14.10.16.1_1,2023,11,0,0
DEU.14.10.17.1_1,2023,11,0,0
DEU.14.10.18.1_1,2023,11,0,0
DEU.14.10.19.1_1,2023,11,0,0
DEU.14.10.2.1_1,2023,11,0,0
DEU.14.10.2.2_1,2023,11,0,0
DEU.14.10.20.1_1,2023,11,0,0
DEU.14.10.21.1_1,2023,11,0,0
DEU.14.10.22.1_1,2023,11,0,0
DEU.14.10.22.2_1,2023,11,0,0
DEU.14.10.23.1_1,2023,11,0,0
DEU.14.10.24.1_1,2023,11,0,0
DEU.14.10.3.1_1,2023,11,0,0
DEU.14.10.4.1_1,2023,11,0,0
DEU.14.10.5.1_1,2023,11,0,0
DEU.14.10.6.1_1,2023,11,0,0
DEU.14.10.7.1_1,2023,11,0,0
DEU.14.10.8.1_1,2023,11,0,0
DEU.14.10.8.2_1,2023,11,0,0
DEU.14.10.8.3_1,2023,11,0,0
DEU.14.10.9.1_1,2023,11,0,0
DEU.14.10.9.2_1,2023,11,0,0
DEU.14.11.1.1_1,2023,11,0,0
DEU.14.11.1.2_1,2023,11,0,0
DEU.14.11.10.1_1,2023,11,0,0
DEU.14.11.11.1_1,2023,11,0,0
DEU.14.11.12.1_1,2023,11,0,0
DEU.14.11.12.2_1,2023,11,0,0
DEU.14.11.13.1_1,2023,11,0,0
DEU.14.11.13.2_1,2023,11,0,0
DEU.14.11.13.3_1,2023,11,0,0
DEU.14.11.13.4_1,2023,11,0,0
DEU.14.11.13.5_1,2023,11,0,0
DEU.14.11.14.1_1,2023,11,0,0
DEU.14.11.15.1_1,2023,11,0,0
DEU.14.11.15.2_1,2023,11,0,0
DEU.14.11.16.1_1,2023,11,0,0
DEU.14.11.17.1_1,2023,11,0,0
DEU.14.11.17.2_1,2023,11,0,0
DEU.14.11.18.1_1,2023,11,0,0
DEU.14.11.19.1_1,2023,11,0,0
DEU.14.11.2.1_1,2023,11,0,0
DEU.14.11.2.2_1,2023,11,0,0
DEU.14.11.2.3_1,2023,11,0,0
DEU.14.11.20.1_1,2023,11,0,0
DEU.14.11.21.1_1,2023,11,0,0
DEU.14.11.21.2_1,2023,11,0,0
DEU.14.11.22.1_1,2023,11,0,0
DEU.14.11.3.1_1,2023,11,0,0
DEU.14.11.3.2_1,2023,11,0,0
DEU.14.11.3.3_1,2023,11,0,0
DEU.14.11.4.1_1,2023,11,0,0
DEU.14.11.5.1_1,2023,11,0,0
DEU.14.11.6.1_1,2023,11,0,0
DEU.14.11.6.2_1,2023,11,0,0
DEU.14.11.7.1_1,2023,11,0,0
DEU.14.11.8.1_1,2023,11,0,0
DEU.14.11.9.1_1,2023,11,0,0
DEU.14.12.1.1_1,2023,11,0,0
DEU.14.12.10.1_1,2023,11,0,0
DEU.14.12.11.1_1,2023,11,0,0
DEU.14.12.12.1_1,2023,11,0,0
DEU.14.12.13.1_1,2023,11,0,0
DEU.14.12.14.1_1,2023,11,0,0
DEU.14.12.14.2_1,2023,11,0,0
DEU.14.12.15.1_1,2023,11,0,0
DEU.14.12.16.1_1,2023,11,0,0
DEU.14.12.16.2_1,2023,11,0,0
DEU.14.12.16.3_1,2023,11,0,0
DEU.14.12.16.4_1,2023,11,0,0
DEU.14.12.17.1_1,2023,11,0,0
DEU.14.12.18.1_1,2023,11,0,0
DEU.14.12.19.1_1,2023,11,0,0
DEU.14.12.2.1_1,2023,11,0,0
DEU.14.12.20.1_1,2023,11,0,0
DEU.14.12.20.2_1,2023,11,0,0
DEU.14.12.21.1_1,2023,11,0,0
DEU.14.12.22.1_1,2023,11,0,0
DEU.14.12.23.1_1,2023,11,0,0
DEU.14.12.23.2_1,2023,11,0,0
DEU.14.12.24.1_1,2023,11,0,0
DEU.14.12.25.1_1,2023,11,0,0
DEU.14.12.25.2_1,2023,11,0,0
DEU.14.12.26.1_1,2023,11,0,0
DEU.14.12.26.2_1,2023,11,0,0
DEU.14.12.3.1_1,2023,11,0,0
DEU.14.12.4.1_1,2023,11,0,0
DEU.14.12.5.1_1,2023,11,0,0
DEU.14.12.6.1_1,2023,11,0,0
DEU.14.12.7.1_1,2023,11,0,0
DEU.14.12.7.2_1,2023,11,0,0
DEU.14.12.7.3_1,2023,11,0,0
DEU.14.12.8.1_1,2023,11,0,0
DEU.14.12.8.2_1,2023,11,0,0
DEU.14.12.8.3_1,2023,11,0,0
DEU.14.12.8.4_1,2023,11,0,0
DEU.14.12.9.1_1,2023,11,0,0
DEU.14.13.1.1_1,2023,11,0,0
DEU.14.13.10.1_1,2023,11,0,0
DEU.14.13.11.1_1,2023,11,0,0
DEU.14.13.12.1_1,2023,11,0,0
DEU.14.13.12.2_1,2023,11,0,0
DEU.14.13.13.1_1,2023,11,0,0
DEU.14.13.13.2_1,2023,11,0,0
DEU.14.13.14.1_1,2023,11,0,0
DEU.14.13.15.1_1,2023,11,0,0
DEU.14.13.16.1_1,2023,11,0,0
DEU.14.13.17.1_1,2023,11,0,0
DEU.14.13.18.1_1,2023,11,0,0
DEU.14.13.18.2_1,2023,11,0,0
DEU.14.13.18.3_1,2023,11,0,0
DEU.14.13.19.1_1,2023,11,0,0
DEU.14.13.19.2_1,2023,11,0,0
DEU.14.13.19.3_1,2023,11,0,0
DEU.14.13.2.1_1,2023,11,0,0
DEU.14.13.2.2_1,2023,11,0,0
DEU.14.13.20.1_1,2023,11,0,0
DEU.14.13.21.1_1,2023,11,0,0
DEU.14.13.22.1_1,2023,11,0,0
DEU.14.13.23.1_1,2023,11,0,0
DEU.14.13.3.1_1,2023,11,0,0
DEU.14.13.4.1_1,2023,11,0,0
DEU.14.13.5.1_1,2023,11,0,0
DEU.14.13.6.1_1,2023,11,0,0
DEU.14.13.7.1_1,2023,11,0,0
DEU.14.13.8.1_1,2023,11,0,0
DEU.14.13.8.2_1,2023,11,0,0
DEU.14.13.8.3_1,2023,11,0,0
DEU.14.13.8.4_1,2023,11,0,0
DEU.14.13.9.1_1,2023,11,0,0
DEU.14.2.1.1_1,2023,11,0,0
DEU.14.3.1.1_1,2023,11,0,0
DEU.14.4.1.1_1,2023,11,0,0
DEU.14.4.10.1_1,2023,11,0,0
DEU.14.4.11.1_1,2023,11,0,0
DEU.14.4.12.1_1,2023,11,0,0
DEU.14.4.13.1_1,2023,11,0,0
DEU.14.4.13.2_1,2023,11,0,0
DEU.14.4.14.1_1,2023,11,0,0
DEU.14.4.15.1_1,2023,11,0,0
DEU.14.4.16.1_1,2023,11,0,0
DEU.14.4.17.1_1,2023,11,0,0
DEU.14.4.18.1_1,2023,11,0,0
DEU.14.4.19.1_1,2023,11,0,0
DEU.14.4.2.1_1,2023,11,0,0
DEU.14.4.20.1_1,2023,11,0,0
DEU.14.4.21.1_1,2023,11,0,0
DEU.14.4.22.1_1,2023,11,0,0
DEU.14.4.23.1_1,2023,11,0,0
DEU.14.4.23.2_1,2023,11,0,0
DEU.14.4.24.1_1,2023,11,0,0
DEU.14.4.25.1_1,2023,11,0,0
DEU.14.4.26.1_1,2023,11,0,0
DEU.14.4.27.1_1,2023,11,0,0
DEU.14.4.28.1_1,2023,11,0,0
DEU.14.4.29.1_1,2023,11,0,0
DEU.14.4.3.1_1,2023,11,0,0
DEU.14.4.30.1_1,2023,11,0,0
DEU.14.4.31.1_1,2023,11,0,0
DEU.14.4.32.1_1,2023,11,0,0
DEU.14.4.33.1_1,2023,11,0,0
DEU.14.4.33.2_1,2023,11,0,0
DEU.14.4.34.1_1,2023,11,0,0
DEU.14.4.35.1_1,2023,11,0,0
DEU.14.4.36.1_1,2023,11,0,0
DEU.14.4.37.1_1,2023,11,0,0
DEU.14.4.38.1_1,2023,11,0,0
DEU.14.4.38.2_1,2023,11,0,0
DEU.14.4.38.3_1,2023,11,0,0
DEU.14.4.39.1_1,2023,11,0,0
DEU.14.4.39.2_1,2023,11,0,0
DEU.14.4.4.1_1,2023,11,0,0
DEU.14.4.40.1_1,2023,11,0,0
DEU.14.4.41.1_1,2023,11,0,0
DEU.14.4.42.1_1,2023,11,0,0
DEU.14.4.43.1_1,2023,11,0,0
DEU.14.4.44.1_1,2023,11,0,0
DEU.14.4.44.2_1,2023,11,0,0
DEU.14.4.45.1_1,2023,11,0,0
DEU.14.4.46.1_1,2023,11,0,0
DEU.14.4.46.2_1,2023,11,0,0
DEU.14.4.47.1_1,2023,11,0,0
DEU.14.4.47.2_1,2023,11,0,0
DEU.14.4.48.1_1,2023,11,0,0
DEU.14.4.48.2_1,2023,11,0,0
DEU.14.4.5.1_1,2023,11,0,0
DEU.14.4.5.2_1,2023,11,0,0
DEU.14.4.6.1_1,2023,11,0,0
DEU.14.4.7.1_1,2023,11,0,0
DEU.14.4.7.2_1,2023,11,0,0
DEU.14.4.7.3_1,2023,11,0,0
DEU.14.4.8.1_1,2023,11,0,0
DEU.14.4.9.1_1,2023,11,0,0
DEU.14.5.1.1_1,2023,11,0,0
DEU.14.5.1.2_1,2023,11,0,0
DEU.14.5.10.1_1,2023,11,0,0
DEU.14.5.11.1_1,2023,11,0,0
DEU.14.5.12.1_1,2023,11,0,0
DEU.14.5.12.2_1,2023,11,0,0
DEU.14.5.12.3_1,2023,11,0,0
DEU.14.5.12.4_1,2023,11,0,0
DEU.14.5.13.1_1,2023,11,0,0
DEU.14.5.14.1_1,2023,11,0,0
DEU.14.5.15.1_1,2023,11,0,0
DEU.14.5.15.2_1,2023,11,0,0
DEU.14.5.15.3_1,2023,11,0,0
DEU.14.5.16.1_1,2023,11,0,0
DEU.14.5.17.1_1,2023,11,0,0
DEU.14.5.18.1_1,2023,11,0,0
DEU.14.5.18.2_1,2023,11,0,0
DEU.14.5.18.3_1,2023,11,0,0
DEU.14.5.18.4_1,2023,11,0,0
DEU.14.5.19.1_1,2023,11,0,0
DEU.14.5.19.2_1,2023,11,0,0
DEU.14.5.2.1_1,2023,11,0,0
DEU.14.5.2.2_1,2023,11,0,0
DEU.14.5.20.1_1,2023,11,0,0
DEU.14.5.21.1_1,2023,11,0,0
DEU.14.5.21.2_1,2023,11,0,0
DEU.14.5.21.3_1,2023,11,0,0
DEU.14.5.22.1_1,2023,11,0,0
DEU.14.5.22.2_1,2023,11,0,0
DEU.14.5.23.1_1,2023,11,0,0
DEU.14.5.23.2_1,2023,11,0,0
DEU.14.5.24.1_1,2023,11,0,0
DEU.14.5.24.2_1,2023,11,0,0
DEU.14.5.24.3_1,2023,11,0,0
DEU.14.5.25.1_1,2023,11,0,0
DEU.14.5.26.1_1,2023,11,0,0
DEU.14.5.26.2_1,2023,11,0,0
DEU.14.5.26.3_1,2023,11,0,0
DEU.14.5.26.4_1,2023,11,0,0
DEU.14.5.27.1_1,2023,11,0,0
DEU.14.5.27.2_1,2023,11,0,0
DEU.14.5.28.1_1,2023,11,0,0
DEU.14.5.3.1_1,2023,11,0,0
DEU.14.5.4.1_1,2023,11,0,0
DEU.14.5.4.2_1,2023,11,0,0
DEU.14.5.4.3_1,2023,11,0,0
DEU.14.5.4.4_1,2023,11,0,0
DEU.14.5.5.1_1,2023,11,0,0
DEU.14.5.6.1_1,2023,11,0,0
DEU.14.5.7.1_1,2023,11,0,0
DEU.14.5.7.2_1,2023,11,0,0
DEU.14.5.8.1_1,2023,11,0,0
DEU.14.5.9.1_1,2023,11,0,0
DEU.14.6.1.1_1,2023,11,0,0
DEU.14.7.1.1_1,2023,11,0,0
DEU.14.7.1.2_1,2023,11,0,0
DEU.14.7.10.1_1,2023,11,0,0
DEU.14.7.11.1_1,2023,11,0,0
DEU.14.7.12.1_1,2023,11,0,0
DEU.14.7.13.1_1,2023,11,0,0
DEU.14.7.14.1_1,2023,11,0,0
DEU.14.7.15.1_1,2023,11,0,0
DEU.14.7.16.1_1,2023,11,0,0
DEU.14.7.17.1_1,2023,11,0,0
DEU.14.7.18.1_1,2023,11,0,0
DEU.14.7.19.1_1,2023,11,0,0
DEU.14.7.19.2_1,2023,11,0,0
DEU.14.7.19.3_1,2023,11,0,0
DEU.14.7.2.1_1,2023,11,0,0
DEU.14.7.20.1_1,2023,11,0,0
DEU.14.7.21.1_1,2023,11,0,0
DEU.14.7.21.2_1,2023,11,0,0
DEU.14.7.22.1_1,2023,11,0,0
DEU.14.7.23.1_1,2023,11,0,0
DEU.14.7.23.2_1,2023,11,0,0
DEU.14.7.24.1_1,2023,11,0,0
DEU.14.7.25.1_1,2023,11,0,0
DEU.14.7.26.1_1,2023,11,0,0
DEU.14.7.27.1_1,2023,11,0,0
DEU.14.7.3.1_1,2023,11,0,0
DEU.14.7.4.1_1,2023,11,0,0
DEU.14.7.5.1_1,2023,11,0,0
DEU.14.7.6.1_1,2023,11,0,0
DEU.14.7.7.1_1,2023,11,0,0
DEU.14.7.8.1_1,2023,11,0,0
DEU.14.7.9.1_1,2023,11,0,0
DEU.14.7.9.2_1,2023,11,0,0
DEU.14.8.1.1_1,2023,11,0,0
DEU.14.8.10.1_1,2023,11,0,0
DEU.14.8.11.1_1,2023,11,0,0
DEU.14.8.12.1_1,2023,11,0,0
DEU.14.8.13.1_1,2023,11,0,0
DEU.14.8.14.1_1,2023,11,0,0
DEU.14.8.14.2_1,2023,11,0,0
DEU.14.8.15.1_1,2023,11,0,0
DEU.14.8.16.1_1,2023,11,0,0
DEU.14.8.17.1_1,2023,11,0,0
DEU.14.8.18.1_1,2023,11,0,0
DEU.14.8.19.1_1,2023,11,0,0
DEU.14.8.19.2_1,2023,11,0,0
DEU.14.8.2.1_1,2023,11,0,0
DEU.14.8.20.1_1,2023,11,0,0
DEU.14.8.20.2_1,2023,11,0,0
DEU.14.8.21.1_1,2023,11,0,0
DEU.14.8.22.1_1,2023,11,0,0
DEU.14.8.23.1_1,2023,11,0,0
DEU.14.8.23.2_1,2023,11,0,0
DEU.14.8.24.1_1,2023,11,0,0
DEU.14.8.25.1_1,2023,11,0,0
DEU.14.8.3.1_1,2023,11,0,0
DEU.14.8.4.1_1,2023,11,0,0
DEU.14.8.5.1_1,2023,11,0,0
DEU.14.8.6.1_1,2023,11,0,0
DEU.14.8.7.1_1,2023,11,0,0
DEU.14.8.8.1_1,2023,11,0,0
DEU.14.8.9.1_1,2023,11,0,0
DEU.14.9.1.1_1,2023,11,0,0
DEU.14.9.10.1_1,2023,11,0,0
DEU.14.9.11.1_1,2023,11,0,0
DEU.14.9.12.1_1,2023,11,0,0
DEU.14.9.13.1_1,2023,11,0,0
DEU.14.9.14.1_1,2023,11,0,0
DEU.14.9.15.1_1,2023,11,0,0
DEU.14.9.16.1_1,2023,11,0,0
DEU.14.9.17.1_1,2023,11,0,0
DEU.14.9.18.1_1,2023,11,0,0
DEU.14.9.19.1_1,2023,11,0,0
DEU.14.9.2.1_1,2023,11,0,0
DEU.14.9.20.1_1,2023,11,0,0
DEU.14.9.21.1_1,2023,11,0,0
DEU.14.9.22.1_1,2023,11,0,0
DEU.14.9.23.1_1,2023,11,0,0
DEU.14.9.24.1_1,2023,11,0,0
DEU.14.9.25.1_1,2023,11,0,0
DEU.14.9.26.1_1,2023,11,0,0
DEU.14.9.26.2_1,2023,11,0,0
DEU.14.9.27.1_1,2023,11,0,0
DEU.14.9.28.1_1,2023,11,0,0
DEU.14.9.28.2_1,2023,11,0,0
DEU.14.9.29.1_1,2023,11,0,0
DEU.14.9.3.1_1,2023,11,0,0
DEU.14.9.30.1_1,2023,11,0,0
DEU.14.9.31.1_1,2023,11,0,0
DEU.14.9.32.1_1,2023,11,0,0
DEU.14.9.33.1_1,2023,11,0,0
DEU.14.9.34.1_1,2023,11,0,0
DEU.14.9.35.1_1,2023,11,0,0
DEU.14.9.35.2_1,2023,11,0,0
DEU.14.9.36.1_1,2023,11,0,0
DEU.14.9.37.1_1,2023,11,0,0
DEU.14.9.38.1_1,2023,11,0,0
DEU.14.9.39.1_1,2023,11,0,0
DEU.14.9.39.2_1,2023,11,0,0
DEU.14.9.39.3_1,2023,11,0,0
DEU.14.9.39.4_1,2023,11,0,0
DEU.14.9.4.1_1,2023,11,0,0
DEU.14.9.4.2_1,2023,11,0,0
DEU.14.9.4.3_1,2023,11,0,0
DEU.14.9.40.1_1,2023,11,0,0
DEU.14.9.41.1_1,2023,11,0,0
DEU.14.9.42.1_1,2023,11,0,0
DEU.14.9.42.2_1,2023,11,0,0
DEU.14.9.43.1_1,2023,11,0,0
DEU.14.9.44.1_1,2023,11,0,0
DEU.14.9.45.1_1,2023,11,0,0
DEU.14.9.5.1_1,2023,11,0,0
DEU.14.9.6.1_1,2023,11,0,0
DEU.14.9.7.1_1,2023,11,0,0
DEU.14.9.8.1_1,2023,11,0,0
DEU.14.9.9.1_1,2023,11,0,0
DEU.15.1.1.1_1,2023,11,0,0
DEU.15.1.2.1_1,2023,11,0,0
DEU.15.1.2.10_1,2023,11,0,0
DEU.15.1.2.11_1,2023,11,0,0
DEU.15.1.2.12_1,2023,11,0,0
DEU.15.1.2.13_1,2023,11,0,0
DEU.15.1.2.14_1,2023,11,0,0
DEU.15.1.2.2_1,2023,11,0,0
DEU.15.1.2.3_1,2023,11,0,0
DEU.15.1.2.4_1,2023,11,0,0
DEU.15.1.2.5_1,2023,11,0,0
DEU.15.1.2.6_1,2023,11,0,0
DEU.15.1.2.7_1,2023,11,0,0
DEU.15.1.2.8_1,2023,11,0,0
DEU.15.1.2.9_1,2023,11,0,0
DEU.15.1.3.1_1,2023,11,0,0
DEU.15.1.3.10_1,2023,11,0,0
DEU.15.1.3.11_1,2023,11,0,0
DEU.15.1.3.12_1,2023,11,0,0
DEU.15.1.3.13_1,2023,11,0,0
DEU.15.1.3.14_1,2023,11,0,0
DEU.15.1.3.15_1,2023,11,0,0
DEU.15.1.3.16_1,2023,11,0,0
DEU.15.1.3.17_1,2023,11,0,0
DEU.15.1.3.18_1,2023,11,0,0
DEU.15.1.3.2_1,2023,11,0,0
DEU.15.1.3.3_1,2023,11,0,0
DEU.15.1.3.4_1,2023,11,0,0
DEU.15.1.3.5_1,2023,11,0,0
DEU.15.1.3.6_1,2023,11,0,0
DEU.15.1.3.7_1,2023,11,0,0
DEU.15.1.3.8_1,2023,11,0,0
DEU.15.1.3.9_1,2023,11,0,0
DEU.15.1.4.1_1,2023,11,0,0
DEU.15.1.5.1_1,2023,11,0,0
DEU.15.1.5.10_1,2023,11,0,0
DEU.15.1.5.11_1,2023,11,0,0
DEU.15.1.5.2_1,2023,11,0,0
DEU.15.1.5.3_1,2023,11,0,0
DEU.15.1.5.4_1,2023,11,0,0
DEU.15.1.5.5_1,2023,11,0,0
DEU.15.1.5.6_1,2023,11,0,0
DEU.15.1.5.7_1,2023,11,0,0
DEU.15.1.5.8_1,2023,11,0,0
DEU.15.1.5.9_1,2023,11,0,0
DEU.15.1.6.1_1,2023,11,0,0
DEU.15.1.6.10_1,2023,11,0,0
DEU.15.1.6.11_1,2023,11,0,0
DEU.15.1.6.12_1,2023,11,0,0
DEU.15.1.6.13_1,2023,11,0,0
DEU.15.1.6.14_1,2023,11,0,0
DEU.15.1.6.15_1,2023,11,0,0
DEU.15.1.6.16_1,2023,11,0,0
DEU.15.1.6.17_1,2023,11,0,0
DEU.15.1.6.18_1,2023,11,0,0
DEU.15.1.6.19_1,2023,11,0,0
DEU.15.1.6.2_1,2023,11,0,0
DEU.15.1.6.20_1,2023,11,0,0
DEU.15.1.6.21_1,2023,11,0,0
DEU.15.1.6.22_1,2023,11,0,0
DEU.15.1.6.23_1,2023,11,0,0
DEU.15.1.6.24_1,2023,11,0,0
DEU.15.1.6.25_1,2023,11,0,0
DEU.15.1.6.26_1,2023,11,0,0
DEU.15.1.6.27_1,2023,11,0,0
DEU.15.1.6.28_1,2023,11,0,0
DEU.15.1.6.29_1,2023,11,0,0
DEU.15.1.6.3_1,2023,11,0,0
DEU.15.1.6.30_1,2023,11,0,0
DEU.15.1.6.31_1,2023,11,0,0
DEU.15.1.6.32_1,2023,11,0,0
DEU.15.1.6.33_1,2023,11,0,0
DEU.15.1.6.34_1,2023,11,0,0
DEU.15.1.6.4_1,2023,11,0,0
DEU.15.1.6.5_1,2023,11,0,0
DEU.15.1.6.6_1,2023,11,0,0
DEU.15.1.6.7_1,2023,11,0,0
DEU.15.1.6.8_1,2023,11,0,0
DEU.15.1.6.9_1,2023,11,0,0
DEU.15.1.7.1_1,2023,11,0,0
DEU.15.1.7.10_1,2023,11,0,0
DEU.15.1.7.11_1,2023,11,0,0
DEU.15.1.7.12_1,2023,11,0,0
DEU.15.1.7.13_1,2023,11,0,0
DEU.15.1.7.2_1,2023,11,0,0
DEU.15.1.7.3_1,2023,11,0,0
DEU.15.1.7.4_1,2023,11,0,0
DEU.15.1.7.5_1,2023,11,0,0
DEU.15.1.7.6_1,2023,11,0,0
DEU.15.1.7.7_1,2023,11,0,0
DEU.15.1.7.8_1,2023,11,0,0
DEU.15.1.7.9_1,2023,11,0,0
DEU.15.1.8.1_1,2023,11,0,0
DEU.15.1.8.10_1,2023,11,0,0
DEU.15.1.8.11_1,2023,11,0,0
DEU.15.1.8.12_1,2023,11,0,0
DEU.15.1.8.13_1,2023,11,0,0
DEU.15.1.8.14_1,2023,11,0,0
DEU.15.1.8.15_1,2023,11,0,0
DEU.15.1.8.16_1,2023,11,0,0
DEU.15.1.8.17_1,2023,11,0,0
DEU.15.1.8.18_1,2023,11,0,0
DEU.15.1.8.19_1,2023,11,0,0
DEU.15.1.8.2_1,2023,11,0,0
DEU.15.1.8.20_1,2023,11,0,0
DEU.15.1.8.21_1,2023,11,0,0
DEU.15.1.8.22_1,2023,11,0,0
DEU.15.1.8.23_1,2023,11,0,0
DEU.15.1.8.24_1,2023,11,0,0
DEU.15.1.8.3_1,2023,11,0,0
DEU.15.1.8.4_1,2023,11,0,0
DEU.15.1.8.5_1,2023,11,0,0
DEU.15.1.8.6_1,2023,11,0,0
DEU.15.1.8.7_1,2023,11,0,0
DEU.15.1.8.8_1,2023,11,0,0
DEU.15.1.8.9_1,2023,11,0,0
DEU.15.10.1.1_1,2023,11,0,0
DEU.15.10.10.1_1,2023,11,0,0
DEU.15.10.10.11_1,2023,11,0,0
DEU.15.10.10.12_1,2023,11,0,0
DEU.15.10.10.13_1,2023,11,0,0
DEU.15.10.10.14_1,2023,11,0,0
DEU.15.10.10.15_1,2023,11,0,0
DEU.15.10.10.16_1,2023,11,0,0
DEU.15.10.10.18_1,2023,11,0,0
DEU.15.10.10.19_1,2023,11,0,0
DEU.15.10.10.2_1,2023,11,0,0
DEU.15.10.10.20_1,2023,11,0,0
DEU.15.10.10.3_1,2023,11,0,0
DEU.15.10.10.4_1,2023,11,0,0
DEU.15.10.10.5_1,2023,11,0,0
DEU.15.10.10.6_1,2023,11,0,0
DEU.15.10.10.7_1,2023,11,0,0
DEU.15.10.10.8_1,2023,11,0,0
DEU.15.10.10.9_1,2023,11,0,0
DEU.15.10.11.1_1,2023,11,0,0
DEU.15.10.11.2_1,2023,11,0,0
DEU.15.10.11.3_1,2023,11,0,0
DEU.15.10.12.1_1,2023,11,0,0
DEU.15.10.13.1_1,2023,11,0,0
DEU.15.10.13.2_1,2023,11,0,0
DEU.15.10.13.3_1,2023,11,0,0
DEU.15.10.13.4_1,2023,11,0,0
DEU.15.10.13.5_1,2023,11,0,0
DEU.15.10.13.6_1,2023,11,0,0
DEU.15.10.13.7_1,2023,11,0,0
DEU.15.10.2.1_1,2023,11,0,0
DEU.15.10.2.2_1,2023,11,0,0
DEU.15.10.2.3_1,2023,11,0,0
DEU.15.10.2.4_1,2023,11,0,0
DEU.15.10.2.5_1,2023,11,0,0
DEU.15.10.2.6_1,2023,11,0,0
DEU.15.10.2.7_1,2023,11,0,0
DEU.15.10.2.8_1,2023,11,0,0
DEU.15.10.3.1_1,2023,11,0,0
DEU.15.10.4.1_1,2023,11,0,0
DEU.15.10.5.1_1,2023,11,0,0
DEU.15.10.5.2_1,2023,11,0,0
DEU.15.10.5.3_1,2023,11,0,0
DEU.15.10.5.4_1,2023,11,0,0
DEU.15.10.5.5_1,2023,11,0,0
DEU.15.10.5.6_1,2023,11,0,0
DEU.15.10.5.7_1,2023,11,0,0
DEU.15.10.5.8_1,2023,11,0,0
DEU.15.10.5.9_1,2023,11,0,0
DEU.15.10.6.1_1,2023,11,0,0
DEU.15.10.6.10_1,2023,11,0,0
DEU.15.10.6.11_1,2023,11,0,0
DEU.15.10.6.12_1,2023,11,0,0
DEU.15.10.6.13_1,2023,11,0,0
DEU.15.10.6.14_1,2023,11,0,0
DEU.15.10.6.15_1,2023,11,0,0
DEU.15.10.6.2_1,2023,11,0,0
DEU.15.10.6.3_1,2023,11,0,0
DEU.15.10.6.4_1,2023,11,0,0
DEU.15.10.6.5_1,2023,11,0,0
DEU.15.10.6.6_1,2023,11,0,0
DEU.15.10.6.7_1,2023,11,0,0
DEU.15.10.6.8_1,2023,11,0,0
DEU.15.10.6.9_1,2023,11,0,0
DEU.15.10.7.1_1,2023,11,0,0
DEU.15.10.8.1_1,2023,11,0,0
DEU.15.10.8.10_1,2023,11,0,0
DEU.15.10.8.11_1,2023,11,0,0
DEU.15.10.8.12_1,2023,11,0,0
DEU.15.10.8.13_1,2023,11,0,0
DEU.15.10.8.14_1,2023,11,0,0
DEU.15.10.8.15_1,2023,11,0,0
DEU.15.10.8.16_1,2023,11,0,0
DEU.15.10.8.17_1,2023,11,0,0
DEU.15.10.8.2_1,2023,11,0,0
DEU.15.10.8.3_1,2023,11,0,0
DEU.15.10.8.4_1,2023,11,0,0
DEU.15.10.8.5_1,2023,11,0,0
DEU.15.10.8.6_1,2023,11,0,0
DEU.15.10.8.7_1,2023,11,0,0
DEU.15.10.8.8_1,2023,11,0,0
DEU.15.10.8.9_1,2023,11,0,0
DEU.15.10.9.1_1,2023,11,0,0
DEU.15.11.1.1_1,2023,11,0,0
DEU.15.11.1.2_1,2023,11,0,0
DEU.15.11.1.3_1,2023,11,0,0
DEU.15.11.1.4_1,2023,11,0,0
DEU.15.11.1.5_1,2023,11,0,0
DEU.15.11.1.6_1,2023,11,0,0
DEU.15.11.1.7_1,2023,11,0,0
DEU.15.11.1.8_1,2023,11,0,0
DEU.15.11.10.1_1,2023,11,0,0
DEU.15.11.10.2_1,2023,11,0,0
DEU.15.11.10.3_1,2023,11,0,0
DEU.15.11.10.4_1,2023,11,0,0
DEU.15.11.11.1_1,2023,11,0,0
DEU.15.11.11.10_1,2023,11,0,0
DEU.15.11.11.11_1,2023,11,0,0
DEU.15.11.11.12_1,2023,11,0,0
DEU.15.11.11.2_1,2023,11,0,0
DEU.15.11.11.3_1,2023,11,0,0
DEU.15.11.11.4_1,2023,11,0,0
DEU.15.11.11.5_1,2023,11,0,0
DEU.15.11.11.6_1,2023,11,0,0
DEU.15.11.11.7_1,2023,11,0,0
DEU.15.11.11.8_1,2023,11,0,0
DEU.15.11.11.9_1,2023,11,0,0
DEU.15.11.12.1_1,2023,11,0,0
DEU.15.11.12.10_1,2023,11,0,0
DEU.15.11.12.11_1,2023,11,0,0
DEU.15.11.12.12_1,2023,11,0,0
DEU.15.11.12.13_1,2023,11,0,0
DEU.15.11.12.14_1,2023,11,0,0
DEU.15.11.12.15_1,2023,11,0,0
DEU.15.11.12.16_1,2023,11,0,0
DEU.15.11.12.2_1,2023,11,0,0
DEU.15.11.12.3_1,2023,11,0,0
DEU.15.11.12.4_1,2023,11,0,0
DEU.15.11.12.5_1,2023,11,0,0
DEU.15.11.12.6_1,2023,11,0,0
DEU.15.11.12.7_1,2023,11,0,0
DEU.15.11.12.8_1,2023,11,0,0
DEU.15.11.12.9_1,2023,11,0,0
DEU.15.11.13.1_1,2023,11,0,0
DEU.15.11.13.10_1,2023,11,0,0
DEU.15.11.13.2_1,2023,11,0,0
DEU.15.11.13.3_1,2023,11,0,0
DEU.15.11.13.4_1,2023,11,0,0
DEU.15.11.13.5_1,2023,11,0,0
DEU.15.11.13.6_1,2023,11,0,0
DEU.15.11.13.7_1,2023,11,0,0
DEU.15.11.13.8_1,2023,11,0,0
DEU.15.11.13.9_1,2023,11,0,0
DEU.15.11.14.1_1,2023,11,0,0
DEU.15.11.15.1_1,2023,11,0,0
DEU.15.11.15.10_1,2023,11,0,0
DEU.15.11.15.11_1,2023,11,0,0
DEU.15.11.15.12_1,2023,11,0,0
DEU.15.11.15.13_1,2023,11,0,0
DEU.15.11.15.14_1,2023,11,0,0
DEU.15.11.15.15_1,2023,11,0,0
DEU.15.11.15.16_1,2023,11,0,0
DEU.15.11.15.17_1,2023,11,0,0
DEU.15.11.15.18_1,2023,11,0,0
DEU.15.11.15.19_1,2023,11,0,0
DEU.15.11.15.2_1,2023,11,0,0
DEU.15.11.15.20_1,2023,11,0,0
DEU.15.11.15.21_1,2023,11,0,0
DEU.15.11.15.22_1,2023,11,0,0
DEU.15.11.15.23_1,2023,11,0,0
DEU.15.11.15.24_1,2023,11,0,0
DEU.15.11.15.25_1,2023,11,0,0
DEU.15.11.15.26_1,2023,11,0,0
DEU.15.11.15.27_1,2023,11,0,0
DEU.15.11.15.28_1,2023,11,0,0
DEU.15.11.15.29_1,2023,11,0,0
DEU.15.11.15.3_1,2023,11,0,0
DEU.15.11.15.30_1,2023,11,0,0
DEU.15.11.15.4_1,2023,11,0,0
DEU.15.11.15.5_1,2023,11,0,0
DEU.15.11.15.6_1,2023,11,0,0
DEU.15.11.15.7_1,2023,11,0,0
DEU.15.11.15.8_1,2023,11,0,0
DEU.15.11.15.9_1,2023,11,0,0
DEU.15.11.16.1_1,2023,11,0,0
DEU.15.11.16.2_1,2023,11,0,0
DEU.15.11.16.3_1,2023,11,0,0
DEU.15.11.16.4_1,2023,11,0,0
DEU.15.11.16.5_1,2023,11,0,0
DEU.15.11.16.6_1,2023,11,0,0
DEU.15.11.17.1_1,2023,11,0,0
DEU.15.11.17.10_1,2023,11,0,0
DEU.15.11.17.11_1,2023,11,0,0
DEU.15.11.17.12_1,2023,11,0,0
DEU.15.11.17.13_1,2023,11,0,0
DEU.15.11.17.14_1,2023,11,0,0
DEU.15.11.17.15_1,2023,11,0,0
DEU.15.11.17.16_1,2023,11,0,0
DEU.15.11.17.17_1,2023,11,0,0
DEU.15.11.17.2_1,2023,11,0,0
DEU.15.11.17.3_1,2023,11,0,0
DEU.15.11.17.4_1,2023,11,0,0
DEU.15.11.17.5_1,2023,11,0,0
DEU.15.11.17.6_1,2023,11,0,0
DEU.15.11.17.7_1,2023,11,0,0
DEU.15.11.17.8_1,2023,11,0,0
DEU.15.11.17.9_1,2023,11,0,0
DEU.15.11.18.1_1,2023,11,0,0
DEU.15.11.19.1_1,2023,11,0,0
DEU.15.11.19.10_1,2023,11,0,0
DEU.15.11.19.11_1,2023,11,0,0
DEU.15.11.19.12_1,2023,11,0,0
DEU.15.11.19.13_1,2023,11,0,0
DEU.15.11.19.14_1,2023,11,0,0
DEU.15.11.19.15_1,2023,11,0,0
DEU.15.11.19.16_1,2023,11,0,0
DEU.15.11.19.17_1,2023,11,0,0
DEU.15.11.19.18_1,2023,11,0,0
DEU.15.11.19.19_1,2023,11,0,0
DEU.15.11.19.2_1,2023,11,0,0
DEU.15.11.19.3_1,2023,11,0,0
DEU.15.11.19.4_1,2023,11,0,0
DEU.15.11.19.5_1,2023,11,0,0
DEU.15.11.19.6_1,2023,11,0,0
DEU.15.11.19.7_1,2023,11,0,0
DEU.15.11.19.8_1,2023,11,0,0
DEU.15.11.19.9_1,2023,11,0,0
DEU.15.11.2.1_1,2023,11,0,0
DEU.15.11.20.1_1,2023,11,0,0
DEU.15.11.3.1_1,2023,11,0,0
DEU.15.11.3.10_1,2023,11,0,0
DEU.15.11.3.11_1,2023,11,0,0
DEU.15.11.3.12_1,2023,11,0,0
DEU.15.11.3.13_1,2023,11,0,0
DEU.15.11.3.14_1,2023,11,0,0
DEU.15.11.3.2_1,2023,11,0,0
DEU.15.11.3.3_1,2023,11,0,0
DEU.15.11.3.4_1,2023,11,0,0
DEU.15.11.3.5_1,2023,11,0,0
DEU.15.11.3.6_1,2023,11,0,0
DEU.15.11.3.7_1,2023,11,0,0
DEU.15.11.3.8_1,2023,11,0,0
DEU.15.11.3.9_1,2023,11,0,0
DEU.15.11.4.1_1,2023,11,0,0
DEU.15.11.5.1_1,2023,11,0,0
DEU.15.11.5.2_1,2023,11,0,0
DEU.15.11.5.3_1,2023,11,0,0
DEU.15.11.5.4_1,2023,11,0,0
DEU.15.11.6.1_1,2023,11,0,0
DEU.15.11.6.2_1,2023,11,0,0
DEU.15.11.6.3_1,2023,11,0,0
DEU.15.11.6.4_1,2023,11,0,0
DEU.15.11.6.5_1,2023,11,0,0
DEU.15.11.6.6_1,2023,11,0,0
DEU.15.11.6.7_1,2023,11,0,0
DEU.15.11.6.8_1,2023,11,0,0
DEU.15.11.7.1_1,2023,11,0,0
DEU.15.11.8.1_1,2023,11,0,0
DEU.15.11.8.2_1,2023,11,0,0
DEU.15.11.8.3_1,2023,11,0,0
DEU.15.11.8.4_1,2023,11,0,0
DEU.15.11.8.5_1,2023,11,0,0
DEU.15.11.8.6_1,2023,11,0,0
DEU.15.11.8.7_1,2023,11,0,0
DEU.15.11.9.1_1,2023,11,0,0
DEU.15.11.9.2_1,2023,11,0,0
DEU.15.11.9.3_1,2023,11,0,0
DEU.15.11.9.4_1,2023,11,0,0
DEU.15.12.1.1_1,2023,11,0,0
DEU.15.12.1.2_1,2023,11,0,0
DEU.15.12.1.3_1,2023,11,0,0
DEU.15.12.1.4_1,2023,11,0,0
DEU.15.12.1.5_1,2023,11,0,0
DEU.15.12.1.6_1,2023,11,0,0
DEU.15.12.1.7_1,2023,11,0,0
DEU.15.12.1.8_1,2023,11,0,0
DEU.15.12.1.9_1,2023,11,0,0
DEU.15.12.11.1_1,2023,11,0,0
DEU.15.12.11.10_1,2023,11,0,0
DEU.15.12.11.11_1,2023,11,0,0
DEU.15.12.11.12_1,2023,11,0,0
DEU.15.12.11.13_1,2023,11,0,0
DEU.15.12.11.14_1,2023,11,0,0
DEU.15.12.11.15_1,2023,11,0,0
DEU.15.12.11.2_1,2023,11,0,0
DEU.15.12.11.3_1,2023,11,0,0
DEU.15.12.11.4_1,2023,11,0,0
DEU.15.12.11.5_1,2023,11,0,0
DEU.15.12.11.6_1,2023,11,0,0
DEU.15.12.11.7_1,2023,11,0,0
DEU.15.12.11.8_1,2023,11,0,0
DEU.15.12.11.9_1,2023,11,0,0
DEU.15.12.12.1_1,2023,11,0,0
DEU.15.12.12.2_1,2023,11,0,0
DEU.15.12.12.3_1,2023,11,0,0
DEU.15.12.12.4_1,2023,11,0,0
DEU.15.12.12.5_1,2023,11,0,0
DEU.15.12.12.6_1,2023,11,0,0
DEU.15.12.12.7_1,2023,11,0,0
DEU.15.12.13.1_1,2023,11,0,0
DEU.15.12.13.2_1,2023,11,0,0
DEU.15.12.13.3_1,2023,11,0,0
DEU.15.12.14.1_1,2023,11,0,0
DEU.15.12.14.2_1,2023,11,0,0
DEU.15.12.14.3_1,2023,11,0,0
DEU.15.12.15.1_1,2023,11,0,0
DEU.15.12.15.10_1,2023,11,0,0
DEU.15.12.15.11_1,2023,11,0,0
DEU.15.12.15.12_1,2023,11,0,0
DEU.15.12.15.13_1,2023,11,0,0
DEU.15.12.15.2_1,2023,11,0,0
DEU.15.12.15.3_1,2023,11,0,0
DEU.15.12.15.4_1,2023,11,0,0
DEU.15.12.15.5_1,2023,11,0,0
DEU.15.12.15.6_1,2023,11,0,0
DEU.15.12.15.7_1,2023,11,0,0
DEU.15.12.15.8_1,2023,11,0,0
DEU.15.12.15.9_1,2023,11,0,0
DEU.15.12.16.1_1,2023,11,0,0
DEU.15.12.17_1,2023,11,0,0
DEU.15.12.17.1_1,2023,11,0,0
DEU.15.12.17.10_1,2023,11,0,0
DEU.15.12.17.11_1,2023,11,0,0
DEU.15.12.17.12_1,2023,11,0,0
DEU.15.12.17.13_1,2023,11,0,0
DEU.15.12.17.14_1,2023,11,0,0
DEU.15.12.17.15_1,2023,11,0,0
DEU.15.12.17.16_1,2023,11,0,0
DEU.15.12.17.2_1,2023,11,0,0
DEU.15.12.17.3_1,2023,11,0,0
DEU.15.12.17.4_1,2023,11,0,0
DEU.15.12.17.5_1,2023,11,0,0
DEU.15.12.17.6_1,2023,11,0,0
DEU.15.12.17.7_1,2023,11,0,0
DEU.15.12.17.8_1,2023,11,0,0
DEU.15.12.17.9_1,2023,11,0,0
DEU.15.12.18.1_1,2023,11,0,0
DEU.15.12.18.10_1,2023,11,0,0
DEU.15.12.18.11_1,2023,11,0,0
DEU.15.12.18.12_1,2023,11,0,0
DEU.15.12.18.13_1,2023,11,0,0
DEU.15.12.18.14_1,2023,11,0,0
DEU.15.12.18.15_1,2023,11,0,0
DEU.15.12.18.2_1,2023,11,0,0
DEU.15.12.18.3_1,2023,11,0,0
DEU.15.12.18.4_1,2023,11,0,0
DEU.15.12.18.5_1,2023,11,0,0
DEU.15.12.18.6_1,2023,11,0,0
DEU.15.12.18.7_1,2023,11,0,0
DEU.15.12.18.8_1,2023,11,0,0
DEU.15.12.18.9_1,2023,11,0,0
DEU.15.12.2.1_1,2023,11,0,0
DEU.15.12.2.2_1,2023,11,0,0
DEU.15.12.2.3_1,2023,11,0,0
DEU.15.12.2.4_1,2023,11,0,0
DEU.15.12.2.5_1,2023,11,0,0
DEU.15.12.2.6_1,2023,11,0,0
DEU.15.12.2.7_1,2023,11,0,0
DEU.15.12.2.8_1,2023,11,0,0
DEU.15.12.3.1_1,2023,11,0,0
DEU.15.12.3.10_1,2023,11,0,0
DEU.15.12.3.2_1,2023,11,0,0
DEU.15.12.3.3_1,2023,11,0,0
DEU.15.12.3.4_1,2023,11,0,0
DEU.15.12.3.5_1,2023,11,0,0
DEU.15.12.3.6_1,2023,11,0,0
DEU.15.12.3.7_1,2023,11,0,0
DEU.15.12.3.8_1,2023,11,0,0
DEU.15.12.3.9_1,2023,11,0,0
DEU.15.12.4.1_1,2023,11,0,0
DEU.15.12.5.1_1,2023,11,0,0
DEU.15.12.5.2_1,2023,11,0,0
DEU.15.12.5.3_1,2023,11,0,0
DEU.15.12.5.4_1,2023,11,0,0
DEU.15.12.5.5_1,2023,11,0,0
DEU.15.12.5.6_1,2023,11,0,0
DEU.15.12.5.7_1,2023,11,0,0
DEU.15.12.5.8_1,2023,11,0,0
DEU.15.12.6.1_1,2023,11,0,0
DEU.15.12.7.1_1,2023,11,0,0
DEU.15.12.8.1_1,2023,11,0,0
DEU.15.12.8.2_1,2023,11,0,0
DEU.15.12.8.3_1,2023,11,0,0
DEU.15.12.8.4_1,2023,11,0,0
DEU.15.12.8.5_1,2023,11,0,0
DEU.15.12.8.6_1,2023,11,0,0
DEU.15.12.8.7_1,2023,11,0,0
DEU.15.12.9.1_1,2023,11,0,0
DEU.15.12.9.2_1,2023,11,0,0
DEU.15.12.9.3_1,2023,11,0,0
DEU.15.12.9.4_1,2023,11,0,0
DEU.15.13.1.1_1,2023,11,0,0
DEU.15.13.1.10_1,2023,11,0,0
DEU.15.13.1.11_1,2023,11,0,0
DEU.15.13.1.12_1,2023,11,0,0
DEU.15.13.1.13_1,2023,11,0,0
DEU.15.13.1.14_1,2023,11,0,0
DEU.15.13.1.2_1,2023,11,0,0
DEU.15.13.1.3_1,2023,11,0,0
DEU.15.13.1.4_1,2023,11,0,0
DEU.15.13.1.5_1,2023,11,0,0
DEU.15.13.1.6_1,2023,11,0,0
DEU.15.13.1.7_1,2023,11,0,0
DEU.15.13.1.8_1,2023,11,0,0
DEU.15.13.1.9_1,2023,11,0,0
DEU.15.13.10.1_1,2023,11,0,0
DEU.15.13.10.2_1,2023,11,0,0
DEU.15.13.10.3_1,2023,11,0,0
DEU.15.13.10.4_1,2023,11,0,0
DEU.15.13.10.5_1,2023,11,0,0
DEU.15.13.10.6_1,2023,11,0,0
DEU.15.13.11.1_1,2023,11,0,0
DEU.15.13.12.1_1,2023,11,0,0
DEU.15.13.12.2_1,2023,11,0,0
DEU.15.13.12.3_1,2023,11,0,0
DEU.15.13.12.4_1,2023,11,0,0
DEU.15.13.12.5_1,2023,11,0,0
DEU.15.13.12.6_1,2023,11,0,0
DEU.15.13.12.7_1,2023,11,0,0
DEU.15.13.12.8_1,2023,11,0,0
DEU.15.13.12.9_1,2023,11,0,0
DEU.15.13.13.1_1,2023,11,0,0
DEU.15.13.13.10_1,2023,11,0,0
DEU.15.13.13.11_1,2023,11,0,0
DEU.15.13.13.12_1,2023,11,0,0
DEU.15.13.13.2_1,2023,11,0,0
DEU.15.13.13.3_1,2023,11,0,0
DEU.15.13.13.4_1,2023,11,0,0
DEU.15.13.13.5_1,2023,11,0,0
DEU.15.13.13.6_1,2023,11,0,0
DEU.15.13.13.7_1,2023,11,0,0
DEU.15.13.13.8_1,2023,11,0,0
DEU.15.13.13.9_1,2023,11,0,0
DEU.15.13.14.1_1,2023,11,0,0
DEU.15.13.15.1_1,2023,11,0,0
DEU.15.13.15.10_1,2023,11,0,0
DEU.15.13.15.11_1,2023,11,0,0
DEU.15.13.15.12_1,2023,11,0,0
DEU.15.13.15.13_1,2023,11,0,0
DEU.15.13.15.14_1,2023,11,0,0
DEU.15.13.15.15_1,2023,11,0,0
DEU.15.13.15.16_1,2023,11,0,0
DEU.15.13.15.17_1,2023,11,0,0
DEU.15.13.15.18_1,2023,11,0,0
DEU.15.13.15.19_1,2023,11,0,0
DEU.15.13.15.2_1,2023,11,0,0
DEU.15.13.15.20_1,2023,11,0,0
DEU.15.13.15.21_1,2023,11,0,0
DEU.15.13.15.22_1,2023,11,0,0
DEU.15.13.15.23_1,2023,11,0,0
DEU.15.13.15.24_1,2023,11,0,0
DEU.15.13.15.25_1,2023,11,0,0
DEU.15.13.15.26_1,2023,11,0,0
DEU.15.13.15.27_1,2023,11,0,0
DEU.15.13.15.3_1,2023,11,0,0
DEU.15.13.15.4_1,2023,11,0,0
DEU.15.13.15.5_1,2023,11,0,0
DEU.15.13.15.6_1,2023,11,0,0
DEU.15.13.15.7_1,2023,11,0,0
DEU.15.13.15.8_1,2023,11,0,0
DEU.15.13.15.9_1,2023,11,0,0
DEU.15.13.16.1_1,2023,11,0,0
DEU.15.13.2.1_1,2023,11,0,0
DEU.15.13.3.1_1,2023,11,0,0
DEU.15.13.4.1_1,2023,11,0,0
DEU.15.13.4.2_1,2023,11,0,0
DEU.15.13.4.3_1,2023,11,0,0
DEU.15.13.4.4_1,2023,11,0,0
DEU.15.13.4.5_1,2023,11,0,0
DEU.15.13.4.6_1,2023,11,0,0
DEU.15.13.5.1_1,2023,11,0,0
DEU.15.13.5.2_1,2023,11,0,0
DEU.15.13.5.3_1,2023,11,0,0
DEU.15.13.5.4_1,2023,11,0,0
DEU.15.13.5.5_1,2023,11,0,0
DEU.15.13.5.6_1,2023,11,0,0
DEU.15.13.5.7_1,2023,11,0,0
DEU.15.13.5.8_1,2023,11,0,0
DEU.15.13.6.1_1,2023,11,0,0
DEU.15.13.7.1_1,2023,11,0,0
DEU.15.13.8.1_1,2023,11,0,0
DEU.15.13.9.1_1,2023,11,0,0
DEU.15.13.9.2_1,2023,11,0,0
DEU.15.13.9.3_1,2023,11,0,0
DEU.15.13.9.4_1,2023,11,0,0
DEU.15.13.9.5_1,2023,11,0,0
DEU.15.13.9.6_1,2023,11,0,0
DEU.15.14.1.1_1,2023,11,0,0
DEU.15.14.1.10_1,2023,11,0,0
DEU.15.14.1.11_1,2023,11,0,0
DEU.15.14.1.2_1,2023,11,0,0
DEU.15.14.1.3_1,2023,11,0,0
DEU.15.14.1.4_1,2023,11,0,0
DEU.15.14.1.5_1,2023,11,0,0
DEU.15.14.1.6_1,2023,11,0,0
DEU.15.14.1.7_1,2023,11,0,0
DEU.15.14.1.8_1,2023,11,0,0
DEU.15.14.1.9_1,2023,11,0,0
DEU.15.14.10.1_1,2023,11,0,0
DEU.15.14.2.1_1,2023,11,0,0
DEU.15.14.3.1_1,2023,11,0,0
DEU.15.14.3.10_1,2023,11,0,0
DEU.15.14.3.11_1,2023,11,0,0
DEU.15.14.3.12_1,2023,11,0,0
DEU.15.14.3.2_1,2023,11,0,0
DEU.15.14.3.3_1,2023,11,0,0
DEU.15.14.3.4_1,2023,11,0,0
DEU.15.14.3.5_1,2023,11,0,0
DEU.15.14.3.6_1,2023,11,0,0
DEU.15.14.3.7_1,2023,11,0,0
DEU.15.14.3.8_1,2023,11,0,0
DEU.15.14.3.9_1,2023,11,0,0
DEU.15.14.4.1_1,2023,11,0,0
DEU.15.14.4.10_1,2023,11,0,0
DEU.15.14.4.11_1,2023,11,0,0
DEU.15.14.4.12_1,2023,11,0,0
DEU.15.14.4.13_1,2023,11,0,0
DEU.15.14.4.14_1,2023,11,0,0
DEU.15.14.4.15_1,2023,11,0,0
DEU.15.14.4.16_1,2023,11,0,0
DEU.15.14.4.17_1,2023,11,0,0
DEU.15.14.4.18_1,2023,11,0,0
DEU.15.14.4.19_1,2023,11,0,0
DEU.15.14.4.2_1,2023,11,0,0
DEU.15.14.4.20_1,2023,11,0,0
DEU.15.14.4.3_1,2023,11,0,0
DEU.15.14.4.4_1,2023,11,0,0
DEU.15.14.4.5_1,2023,11,0,0
DEU.15.14.4.6_1,2023,11,0,0
DEU.15.14.4.7_1,2023,11,0,0
DEU.15.14.4.8_1,2023,11,0,0
DEU.15.14.4.9_1,2023,11,0,0
DEU.15.14.5.1_1,2023,11,0,0
DEU.15.14.6.1_1,2023,11,0,0
DEU.15.14.6.10_1,2023,11,0,0
DEU.15.14.6.11_1,2023,11,0,0
DEU.15.14.6.12_1,2023,11,0,0
DEU.15.14.6.13_1,2023,11,0,0
DEU.15.14.6.14_1,2023,11,0,0
DEU.15.14.6.15_1,2023,11,0,0
DEU.15.14.6.16_1,2023,11,0,0
DEU.15.14.6.17_1,2023,11,0,0
DEU.15.14.6.18_1,2023,11,0,0
DEU.15.14.6.19_1,2023,11,0,0
DEU.15.14.6.2_1,2023,11,0,0
DEU.15.14.6.3_1,2023,11,0,0
DEU.15.14.6.4_1,2023,11,0,0
DEU.15.14.6.5_1,2023,11,0,0
DEU.15.14.6.6_1,2023,11,0,0
DEU.15.14.6.7_1,2023,11,0,0
DEU.15.14.6.8_1,2023,11,0,0
DEU.15.14.6.9_1,2023,11,0,0
DEU.15.14.7.1_1,2023,11,0,0
DEU.15.14.7.10_1,2023,11,0,0
DEU.15.14.7.2_1,2023,11,0,0
DEU.15.14.7.3_1,2023,11,0,0
DEU.15.14.7.4_1,2023,11,0,0
DEU.15.14.7.5_1,2023,11,0,0
DEU.15.14.7.6_1,2023,11,0,0
DEU.15.14.7.7_1,2023,11,0,0
DEU.15.14.7.8_1,2023,11,0,0
DEU.15.14.7.9_1,2023,11,0,0
DEU.15.14.8.1_1,2023,11,0,0
DEU.15.14.8.10_1,2023,11,0,0
DEU.15.14.8.11_1,2023,11,0,0
DEU.15.14.8.12_1,2023,11,0,0
DEU.15.14.8.13_1,2023,11,0,0
DEU.15.14.8.14_1,2023,11,0,0
DEU.15.14.8.15_1,2023,11,0,0
DEU.15.14.8.16_1,2023,11,0,0
DEU.15.14.8.17_1,2023,11,0,0
DEU.15.14.8.18_1,2023,11,0,0
DEU.15.14.8.19_1,2023,11,0,0
DEU.15.14.8.2_1,2023,11,0,0
DEU.15.14.8.20_1,2023,11,0,0
DEU.15.14.8.21_1,2023,11,0,0
DEU.15.14.8.22_1,2023,11,0,0
DEU.15.14.8.3_1,2023,11,0,0
DEU.15.14.8.4_1,2023,11,0,0
DEU.15.14.8.5_1,2023,11,0,0
DEU.15.14.8.6_1,2023,11,0,0
DEU.15.14.8.7_1,2023,11,0,0
DEU.15.14.8.8_1,2023,11,0,0
DEU.15.14.8.9_1,2023,11,0,0
DEU.15.14.9.1_1,2023,11,0,0
DEU.15.14.9.10_1,2023,11,0,0
DEU.15.14.9.11_1,2023,11,0,0
DEU.15.14.9.12_1,2023,11,0,0
DEU.15.14.9.13_1,2023,11,0,0
DEU.15.14.9.14_1,2023,11,0,0
DEU.15.14.9.2_1,2023,11,0,0
DEU.15.14.9.3_1,2023,11,0,0
DEU.15.14.9.4_1,2023,11,0,0
DEU.15.14.9.5_1,2023,11,0,0
DEU.15.14.9.6_1,2023,11,0,0
DEU.15.14.9.7_1,2023,11,0,0
DEU.15.14.9.8_1,2023,11,0,0
DEU.15.14.9.9_1,2023,11,0,0
DEU.15.15.1.1_1,2023,11,0,0
DEU.15.15.10.1_1,2023,11,0,0
DEU.15.15.10.10_1,2023,11,0,0
DEU.15.15.10.11_1,2023,11,0,0
DEU.15.15.10.12_1,2023,11,0,0
DEU.15.15.10.2_1,2023,11,0,0
DEU.15.15.10.3_1,2023,11,0,0
DEU.15.15.10.4_1,2023,11,0,0
DEU.15.15.10.5_1,2023,11,0,0
DEU.15.15.10.6_1,2023,11,0,0
DEU.15.15.10.7_1,2023,11,0,0
DEU.15.15.10.8_1,2023,11,0,0
DEU.15.15.10.9_1,2023,11,0,0
DEU.15.15.11.1_1,2023,11,0,0
DEU.15.15.12.1_1,2023,11,0,0
DEU.15.15.13.1_1,2023,11,0,0
DEU.15.15.14.1_1,2023,11,0,0
DEU.15.15.14.2_1,2023,11,0,0
DEU.15.15.14.3_1,2023,11,0,0
DEU.15.15.14.4_1,2023,11,0,0
DEU.15.15.14.5_1,2023,11,0,0
DEU.15.15.15.1_1,2023,11,0,0
DEU.15.15.16.1_1,2023,11,0,0
DEU.15.15.16.10_1,2023,11,0,0
DEU.15.15.16.2_1,2023,11,0,0
DEU.15.15.16.3_1,2023,11,0,0
DEU.15.15.16.4_1,2023,11,0,0
DEU.15.15.16.5_1,2023,11,0,0
DEU.15.15.16.6_1,2023,11,0,0
DEU.15.15.16.7_1,2023,11,0,0
DEU.15.15.16.8_1,2023,11,0,0
DEU.15.15.16.9_1,2023,11,0,0
DEU.15.15.2.1_1,2023,11,0,0
DEU.15.15.3.1_1,2023,11,0,0
DEU.15.15.3.2_1,2023,11,0,0
DEU.15.15.3.3_1,2023,11,0,0
DEU.15.15.3.4_1,2023,11,0,0
DEU.15.15.3.5_1,2023,11,0,0
DEU.15.15.3.6_1,2023,11,0,0
DEU.15.15.3.7_1,2023,11,0,0
DEU.15.15.3.8_1,2023,11,0,0
DEU.15.15.3.9_1,2023,11,0,0
DEU.15.15.4.1_1,2023,11,0,0
DEU.15.15.5.1_1,2023,11,0,0
DEU.15.15.5.2_1,2023,11,0,0
DEU.15.15.5.3_1,2023,11,0,0
DEU.15.15.5.4_1,2023,11,0,0
DEU.15.15.5.5_1,2023,11,0,0
DEU.15.15.5.6_1,2023,11,0,0
DEU.15.15.5.7_1,2023,11,0,0
DEU.15.15.5.8_1,2023,11,0,0
DEU.15.15.6.1_1,2023,11,0,0
DEU.15.15.7.1_1,2023,11,0,0
DEU.15.15.8.1_1,2023,11,0,0
DEU.15.15.9.1_1,2023,11,0,0
DEU.15.2.1.1_1,2023,11,0,0
DEU.15.3.1.1_1,2023,11,0,0
DEU.15.3.1.10_1,2023,11,0,0
DEU.15.3.1.11_1,2023,11,0,0
DEU.15.3.1.2_1,2023,11,0,0
DEU.15.3.1.3_1,2023,11,0,0
DEU.15.3.1.4_1,2023,11,0,0
DEU.15.3.1.5_1,2023,11,0,0
DEU.15.3.1.6_1,2023,11,0,0
DEU.15.3.1.7_1,2023,11,0,0
DEU.15.3.1.8_1,2023,11,0,0
DEU.15.3.1.9_1,2023,11,0,0
DEU.15.3.10.1_1,2023,11,0,0
DEU.15.3.11.1_1,2023,11,0,0
DEU.15.3.12.1_1,2023,11,0,0
DEU.15.3.12.10_1,2023,11,0,0
DEU.15.3.12.11_1,2023,11,0,0
DEU.15.3.12.12_1,2023,11,0,0
DEU.15.3.12.13_1,2023,11,0,0
DEU.15.3.12.14_1,2023,11,0,0
DEU.15.3.12.15_1,2023,11,0,0
DEU.15.3.12.16_1,2023,11,0,0
DEU.15.3.12.17_1,2023,11,0,0
DEU.15.3.12.18_1,2023,11,0,0
DEU.15.3.12.19_1,2023,11,0,0
DEU.15.3.12.2_1,2023,11,0,0
DEU.15.3.12.20_1,2023,11,0,0
DEU.15.3.12.21_1,2023,11,0,0
DEU.15.3.12.22_1,2023,11,0,0
DEU.15.3.12.23_1,2023,11,0,0
DEU.15.3.12.24_1,2023,11,0,0
DEU.15.3.12.25_1,2023,11,0,0
DEU.15.3.12.3_1,2023,11,0,0
DEU.15.3.12.4_1,2023,11,0,0
DEU.15.3.12.5_1,2023,11,0,0
DEU.15.3.12.6_1,2023,11,0,0
DEU.15.3.12.7_1,2023,11,0,0
DEU.15.3.12.8_1,2023,11,0,0
DEU.15.3.12.9_1,2023,11,0,0
DEU.15.3.13.1_1,2023,11,0,0
DEU.15.3.13.10_1,2023,11,0,0
DEU.15.3.13.11_1,2023,11,0,0
DEU.15.3.13.12_1,2023,11,0,0
DEU.15.3.13.13_1,2023,11,0,0
DEU.15.3.13.14_1,2023,11,0,0
DEU.15.3.13.15_1,2023,11,0,0
DEU.15.3.13.16_1,2023,11,0,0
DEU.15.3.13.17_1,2023,11,0,0
DEU.15.3.13.18_1,2023,11,0,0
DEU.15.3.13.19_1,2023,11,0,0
DEU.15.3.13.2_1,2023,11,0,0
DEU.15.3.13.3_1,2023,11,0,0
DEU.15.3.13.4_1,2023,11,0,0
DEU.15.3.13.5_1,2023,11,0,0
DEU.15.3.13.6_1,2023,11,0,0
DEU.15.3.13.7_1,2023,11,0,0
DEU.15.3.13.8_1,2023,11,0,0
DEU.15.3.13.9_1,2023,11,0,0
DEU.15.3.14.1_1,2023,11,0,0
DEU.15.3.15.1_1,2023,11,0,0
DEU.15.3.2.1_1,2023,11,0,0
DEU.15.3.2.10_1,2023,11,0,0
DEU.15.3.2.11_1,2023,11,0,0
DEU.15.3.2.2_1,2023,11,0,0
DEU.15.3.2.3_1,2023,11,0,0
DEU.15.3.2.4_1,2023,11,0,0
DEU.15.3.2.5_1,2023,11,0,0
DEU.15.3.2.6_1,2023,11,0,0
DEU.15.3.2.7_1,2023,11,0,0
DEU.15.3.2.8_1,2023,11,0,0
DEU.15.3.2.9_1,2023,11,0,0
DEU.15.3.3.1_1,2023,11,0,0
DEU.15.3.3.10_1,2023,11,0,0
DEU.15.3.3.11_1,2023,11,0,0
DEU.15.3.3.12_1,2023,11,0,0
DEU.15.3.3.13_1,2023,11,0,0
DEU.15.3.3.14_1,2023,11,0,0
DEU.15.3.3.15_1,2023,11,0,0
DEU.15.3.3.2_1,2023,11,0,0
DEU.15.3.3.3_1,2023,11,0,0
DEU.15.3.3.4_1,2023,11,0,0
DEU.15.3.3.5_1,2023,11,0,0
DEU.15.3.3.6_1,2023,11,0,0
DEU.15.3.3.7_1,2023,11,0,0
DEU.15.3.3.8_1,2023,11,0,0
DEU.15.3.3.9_1,2023,11,0,0
DEU.15.3.4.1_1,2023,11,0,0
DEU.15.3.5.1_1,2023,11,0,0
DEU.15.3.5.10_1,2023,11,0,0
DEU.15.3.5.2_1,2023,11,0,0
DEU.15.3.5.3_1,2023,11,0,0
DEU.15.3.5.4_1,2023,11,0,0
DEU.15.3.5.5_1,2023,11,0,0
DEU.15.3.5.6_1,2023,11,0,0
DEU.15.3.5.7_1,2023,11,0,0
DEU.15.3.5.8_1,2023,11,0,0
DEU.15.3.5.9_1,2023,11,0,0
DEU.15.3.6.1_1,2023,11,0,0
DEU.15.3.7.1_1,2023,11,0,0
DEU.15.3.7.10_1,2023,11,0,0
DEU.15.3.7.11_1,2023,11,0,0
DEU.15.3.7.12_1,2023,11,0,0
DEU.15.3.7.13_1,2023,11,0,0
DEU.15.3.7.14_1,2023,11,0,0
DEU.15.3.7.15_1,2023,11,0,0
DEU.15.3.7.16_1,2023,11,0,0
DEU.15.3.7.17_1,2023,11,0,0
DEU.15.3.7.18_1,2023,11,0,0
DEU.15.3.7.19_1,2023,11,0,0
DEU.15.3.7.2_1,2023,11,0,0
DEU.15.3.7.20_1,2023,11,0,0
DEU.15.3.7.21_1,2023,11,0,0
DEU.15.3.7.22_1,2023,11,0,0
DEU.15.3.7.23_1,2023,11,0,0
DEU.15.3.7.24_1,2023,11,0,0
DEU.15.3.7.25_1,2023,11,0,0
DEU.15.3.7.3_1,2023,11,0,0
DEU.15.3.7.4_1,2023,11,0,0
DEU.15.3.7.5_1,2023,11,0,0
DEU.15.3.7.6_1,2023,11,0,0
DEU.15.3.7.7_1,2023,11,0,0
DEU.15.3.7.8_1,2023,11,0,0
DEU.15.3.7.9_1,2023,11,0,0
DEU.15.3.8.1_1,2023,11,0,0
DEU.15.3.8.10_1,2023,11,0,0
DEU.15.3.8.2_1,2023,11,0,0
DEU.15.3.8.3_1,2023,11,0,0
DEU.15.3.8.4_1,2023,11,0,0
DEU.15.3.8.5_1,2023,11,0,0
DEU.15.3.8.6_1,2023,11,0,0
DEU.15.3.8.7_1,2023,11,0,0
DEU.15.3.8.8_1,2023,11,0,0
DEU.15.3.8.9_1,2023,11,0,0
DEU.15.3.9.1_1,2023,11,0,0
DEU.15.4.1.1_1,2023,11,0,0
DEU.15.5.1.1_1,2023,11,0,0
DEU.15.6.1.1_1,2023,11,0,0
DEU.15.7.1.1_1,2023,11,0,0
DEU.15.7.1.11_1,2023,11,0,0
DEU.15.7.1.12_1,2023,11,0,0
DEU.15.7.1.14_1,2023,11,0,0
DEU.15.7.1.15_1,2023,11,0,0
DEU.15.7.1.2_1,2023,11,0,0
DEU.15.7.1.3_1,2023,11,0,0
DEU.15.7.1.4_1,2023,11,0,0
DEU.15.7.1.5_1,2023,11,0,0
DEU.15.7.1.6_1,2023,11,0,0
DEU.15.7.1.7_1,2023,11,0,0
DEU.15.7.1.8_1,2023,11,0,0
DEU.15.7.1.9_1,2023,11,0,0
DEU.15.7.10.1_1,2023,11,0,0
DEU.15.7.10.10_1,2023,11,0,0
DEU.15.7.10.11_1,2023,11,0,0
DEU.15.7.10.12_1,2023,11,0,0
DEU.15.7.10.13_1,2023,11,0,0
DEU.15.7.10.14_1,2023,11,0,0
DEU.15.7.10.15_1,2023,11,0,0
DEU.15.7.10.16_1,2023,11,0,0
DEU.15.7.10.17_1,2023,11,0,0
DEU.15.7.10.18_1,2023,11,0,0
DEU.15.7.10.19_1,2023,11,0,0
DEU.15.7.10.2_1,2023,11,0,0
DEU.15.7.10.20_1,2023,11,0,0
DEU.15.7.10.21_1,2023,11,0,0
DEU.15.7.10.22_1,2023,11,0,0
DEU.15.7.10.23_1,2023,11,0,0
DEU.15.7.10.24_1,2023,11,0,0
DEU.15.7.10.25_1,2023,11,0,0
DEU.15.7.10.26_1,2023,11,0,0
DEU.15.7.10.27_1,2023,11,0,0
DEU.15.7.10.28_1,2023,11,0,0
DEU.15.7.10.29_1,2023,11,0,0
DEU.15.7.10.3_1,2023,11,0,0
DEU.15.7.10.30_1,2023,11,0,0
DEU.15.7.10.4_1,2023,11,0,0
DEU.15.7.10.5_1,2023,11,0,0
DEU.15.7.10.6_1,2023,11,0,0
DEU.15.7.10.7_1,2023,11,0,0
DEU.15.7.10.8_1,2023,11,0,0
DEU.15.7.10.9_1,2023,11,0,0
DEU.15.7.11.1_1,2023,11,0,0
DEU.15.7.12.1_1,2023,11,0,0
DEU.15.7.13.1_1,2023,11,0,0
DEU.15.7.13.10_1,2023,11,0,0
DEU.15.7.13.11_1,2023,11,0,0
DEU.15.7.13.12_1,2023,11,0,0
DEU.15.7.13.13_1,2023,11,0,0
DEU.15.7.13.2_1,2023,11,0,0
DEU.15.7.13.3_1,2023,11,0,0
DEU.15.7.13.4_1,2023,11,0,0
DEU.15.7.13.5_1,2023,11,0,0
DEU.15.7.13.6_1,2023,11,0,0
DEU.15.7.13.7_1,2023,11,0,0
DEU.15.7.13.8_1,2023,11,0,0
DEU.15.7.13.9_1,2023,11,0,0
DEU.15.7.2.1_1,2023,11,0,0
DEU.15.7.2.10_1,2023,11,0,0
DEU.15.7.2.11_1,2023,11,0,0
DEU.15.7.2.12_1,2023,11,0,0
DEU.15.7.2.13_1,2023,11,0,0
DEU.15.7.2.14_1,2023,11,0,0
DEU.15.7.2.15_1,2023,11,0,0
DEU.15.7.2.2_1,2023,11,0,0
DEU.15.7.2.3_1,2023,11,0,0
DEU.15.7.2.4_1,2023,11,0,0
DEU.15.7.2.5_1,2023,11,0,0
DEU.15.7.2.6_1,2023,11,0,0
DEU.15.7.2.7_1,2023,11,0,0
DEU.15.7.2.8_1,2023,11,0,0
DEU.15.7.2.9_1,2023,11,0,0
DEU.15.7.3.1_1,2023,11,0,0
DEU.15.7.4.1_1,2023,11,0,0
DEU.15.7.5.2_1,2023,11,0,0
DEU.15.7.5.4_1,2023,11,0,0
DEU.15.7.6.1_1,2023,11,0,0
DEU.15.7.6.10_1,2023,11,0,0
DEU.15.7.6.11_1,2023,11,0,0
DEU.15.7.6.12_1,2023,11,0,0
DEU.15.7.6.13_1,2023,11,0,0
DEU.15.7.6.14_1,2023,11,0,0
DEU.15.7.6.15_1,2023,11,0,0
DEU.15.7.6.16_1,2023,11,0,0
DEU.15.7.6.17_1,2023,11,0,0
DEU.15.7.6.18_1,2023,11,0,0
DEU.15.7.6.19_1,2023,11,0,0
DEU.15.7.6.2_1,2023,11,0,0
DEU.15.7.6.3_1,2023,11,0,0
DEU.15.7.6.4_1,2023,11,0,0
DEU.15.7.6.5_1,2023,11,0,0
DEU.15.7.6.6_1,2023,11,0,0
DEU.15.7.6.7_1,2023,11,0,0
DEU.15.7.6.8_1,2023,11,0,0
DEU.15.7.6.9_1,2023,11,0,0
DEU.15.7.7.1_1,2023,11,0,0
DEU.15.7.7.10_1,2023,11,0,0
DEU.15.7.7.11_1,2023,11,0,0
DEU.15.7.7.12_1,2023,11,0,0
DEU.15.7.7.13_1,2023,11,0,0
DEU.15.7.7.14_1,2023,11,0,0
DEU.15.7.7.15_1,2023,11,0,0
DEU.15.7.7.16_1,2023,11,0,0
DEU.15.7.7.17_1,2023,11,0,0
DEU.15.7.7.18_1,2023,11,0,0
DEU.15.7.7.19_1,2023,11,0,0
DEU.15.7.7.2_1,2023,11,0,0
DEU.15.7.7.20_1,2023,11,0,0
DEU.15.7.7.21_1,2023,11,0,0
DEU.15.7.7.22_1,2023,11,0,0
DEU.15.7.7.23_1,2023,11,0,0
DEU.15.7.7.24_1,2023,11,0,0
DEU.15.7.7.25_1,2023,11,0,0
DEU.15.7.7.26_1,2023,11,0,0
DEU.15.7.7.27_1,2023,11,0,0
DEU.15.7.7.3_1,2023,11,0,0
DEU.15.7.7.4_1,2023,11,0,0
DEU.15.7.7.5_1,2023,11,0,0
DEU.15.7.7.6_1,2023,11,0,0
DEU.15.7.7.7_1,2023,11,0,0
DEU.15.7.7.8_1,2023,11,0,0
DEU.15.7.7.9_1,2023,11,0,0
DEU.15.7.8.4_1,2023,11,0,0
DEU.15.7.9.1_1,2023,11,0,0
DEU.15.8.1.1_1,2023,11,0,0
DEU.15.8.10.1_1,2023,11,0,0
DEU.15.8.11.1_1,2023,11,0,0
DEU.15.8.11.2_1,2023,11,0,0
DEU.15.8.11.3_1,2023,11,0,0
DEU.15.8.11.4_1,2023,11,0,0
DEU.15.8.11.5_1,2023,11,0,0
DEU.15.8.11.6_1,2023,11,0,0
DEU.15.8.11.7_1,2023,11,0,0
DEU.15.8.12.1_1,2023,11,0,0
DEU.15.8.13.1_1,2023,11,0,0
DEU.15.8.14.1_1,2023,11,0,0
DEU.15.8.14.2_1,2023,11,0,0
DEU.15.8.14.4_1,2023,11,0,0
DEU.15.8.14.5_1,2023,11,0,0
DEU.15.8.14.6_1,2023,11,0,0
DEU.15.8.15.1_1,2023,11,0,0
DEU.15.8.16.1_1,2023,11,0,0
DEU.15.8.16.2_1,2023,11,0,0
DEU.15.8.16.3_1,2023,11,0,0
DEU.15.8.16.4_1,2023,11,0,0
DEU.15.8.16.5_1,2023,11,0,0
DEU.15.8.17.1_1,2023,11,0,0
DEU.15.8.18.1_1,2023,11,0,0
DEU.15.8.19.1_1,2023,11,0,0
DEU.15.8.2.1_1,2023,11,0,0
DEU.15.8.20.1_1,2023,11,0,0
DEU.15.8.21.1_1,2023,11,0,0
DEU.15.8.3.1_1,2023,11,0,0
DEU.15.8.4.1_1,2023,11,0,0
DEU.15.8.5.1_1,2023,11,0,0
DEU.15.8.6.1_1,2023,11,0,0
DEU.15.8.7.1_1,2023,11,0,0
DEU.15.8.8.1_1,2023,11,0,0
DEU.15.8.9.1_1,2023,11,0,0
DEU.15.9.1.1_1,2023,11,0,0
DEU.15.9.10.1_1,2023,11,0,0
DEU.15.9.10.2_1,2023,11,0,0
DEU.15.9.10.3_1,2023,11,0,0
DEU.15.9.10.4_1,2023,11,0,0
DEU.15.9.10.5_1,2023,11,0,0
DEU.15.9.10.6_1,2023,11,0,0
DEU.15.9.10.7_1,2023,11,0,0
DEU.15.9.11.1_1,2023,11,0,0
DEU.15.9.11.2_1,2023,11,0,0
DEU.15.9.11.3_1,2023,11,0,0
DEU.15.9.11.4_1,2023,11,0,0
DEU.15.9.11.5_1,2023,11,0,0
DEU.15.9.12.1_1,2023,11,0,0
DEU.15.9.13.1_1,2023,11,0,0
DEU.15.9.14.1_1,2023,11,0,0
DEU.15.9.14.10_1,2023,11,0,0
DEU.15.9.14.2_1,2023,11,0,0
DEU.15.9.14.3_1,2023,11,0,0
DEU.15.9.14.4_1,2023,11,0,0
DEU.15.9.14.5_1,2023,11,0,0
DEU.15.9.14.6_1,2023,11,0,0
DEU.15.9.14.7_1,2023,11,0,0
DEU.15.9.14.8_1,2023,11,0,0
DEU.15.9.14.9_1,2023,11,0,0
DEU.15.9.15.1_1,2023,11,0,0
DEU.15.9.16.1_1,2023,11,0,0
DEU.15.9.17.1_1,2023,11,0,0
DEU.15.9.18.1_1,2023,11,0,0
DEU.15.9.19.1_1,2023,11,0,0
DEU.15.9.2.1_1,2023,11,0,0
DEU.15.9.3.1_1,2023,11,0,0
DEU.15.9.3.2_1,2023,11,0,0
DEU.15.9.3.3_1,2023,11,0,0
DEU.15.9.3.4_1,2023,11,0,0
DEU.15.9.3.5_1,2023,11,0,0
DEU.15.9.3.6_1,2023,11,0,0
DEU.15.9.3.7_1,2023,11,0,0
DEU.15.9.4.1_1,2023,11,0,0
DEU.15.9.5.1_1,2023,11,0,0
DEU.15.9.6.1_1,2023,11,0,0
DEU.15.9.6.2_1,2023,11,0,0
DEU.15.9.6.3_1,2023,11,0,0
DEU.15.9.7.1_1,2023,11,0,0
DEU.15.9.8.1_1,2023,11,0,0
DEU.15.9.9.1_1,2023,11,0,0
DEU.15.9.9.2_1,2023,11,0,0
DEU.15.9.9.3_1,2023,11,0,0
DEU.15.9.9.4_1,2023,11,0,0
DEU.16.1.1.1_1,2023,11,0,0
DEU.16.1.10.1_1,2023,11,0,0
DEU.16.1.11.1_1,2023,11,0,0
DEU.16.1.11.2_1,2023,11,0,0
DEU.16.1.11.3_1,2023,11,0,0
DEU.16.1.11.4_1,2023,11,0,0
DEU.16.1.11.5_1,2023,11,0,0
DEU.16.1.2.1_1,2023,11,0,0
DEU.16.1.2.2_1,2023,11,0,0
DEU.16.1.2.3_1,2023,11,0,0
DEU.16.1.2.4_1,2023,11,0,0
DEU.16.1.2.5_1,2023,11,0,0
DEU.16.1.2.6_1,2023,11,0,0
DEU.16.1.2.7_1,2023,11,0,0
DEU.16.1.2.8_1,2023,11,0,0
DEU.16.1.3.1_1,2023,11,0,0
DEU.16.1.3.2_1,2023,11,0,0
DEU.16.1.3.3_1,2023,11,0,0
DEU.16.1.4.1_1,2023,11,0,0
DEU.16.1.5.1_1,2023,11,0,0
DEU.16.1.6.1_1,2023,11,0,0
DEU.16.1.7.1_1,2023,11,0,0
DEU.16.1.7.2_1,2023,11,0,0
DEU.16.1.7.3_1,2023,11,0,0
DEU.16.1.7.4_1,2023,11,0,0
DEU.16.1.7.5_1,2023,11,0,0
DEU.16.1.7.6_1,2023,11,0,0
DEU.16.1.7.7_1,2023,11,0,0
DEU.16.1.7.8_1,2023,11,0,0
DEU.16.1.8.1_1,2023,11,0,0
DEU.16.1.8.2_1,2023,11,0,0
DEU.16.1.8.3_1,2023,11,0,0
DEU.16.1.8.4_1,2023,11,0,0
DEU.16.1.8.5_1,2023,11,0,0
DEU.16.1.9.1_1,2023,11,0,0
DEU.16.1.9.2_1,2023,11,0,0
DEU.16.1.9.3_1,2023,11,0,0
DEU.16.1.9.4_1,2023,11,0,0
DEU.16.10.1.1_1,2023,11,0,0
DEU.16.11.1.1_1,2023,11,0,0
DEU.16.11.1.2_1,2023,11,0,0
DEU.16.11.1.3_1,2023,11,0,0
DEU.16.11.1.4_1,2023,11,0,0
DEU.16.11.1.5_1,2023,11,0,0
DEU.16.11.1.6_1,2023,11,0,0
DEU.16.11.1.7_1,2023,11,0,0
DEU.16.11.1.8_1,2023,11,0,0
DEU.16.11.10.1_1,2023,11,0,0
DEU.16.11.11.1_1,2023,11,0,0
DEU.16.11.11.2_1,2023,11,0,0
DEU.16.11.2.1_1,2023,11,0,0
DEU.16.11.3.1_1,2023,11,0,0
DEU.16.11.4.1_1,2023,11,0,0
DEU.16.11.4.2_1,2023,11,0,0
DEU.16.11.4.3_1,2023,11,0,0
DEU.16.11.4.4_1,2023,11,0,0
DEU.16.11.4.5_1,2023,11,0,0
DEU.16.11.4.6_1,2023,11,0,0
DEU.16.11.4.7_1,2023,11,0,0
DEU.16.11.4.8_1,2023,11,0,0
DEU.16.11.5.1_1,2023,11,0,0
DEU.16.11.5.2_1,2023,11,0,0
DEU.16.11.5.3_1,2023,11,0,0
DEU.16.11.5.4_1,2023,11,0,0
DEU.16.11.5.5_1,2023,11,0,0
DEU.16.11.5.6_1,2023,11,0,0
DEU.16.11.5.7_1,2023,11,0,0
DEU.16.11.5.8_1,2023,11,0,0
DEU.16.11.5.9_1,2023,11,0,0
DEU.16.11.6.1_1,2023,11,0,0
DEU.16.11.7.1_1,2023,11,0,0
DEU.16.11.8.1_1,2023,11,0,0
DEU.16.11.8.10_1,2023,11,0,0
DEU.16.11.8.2_1,2023,11,0,0
DEU.16.11.8.3_1,2023,11,0,0
DEU.16.11.8.4_1,2023,11,0,0
DEU.16.11.8.5_1,2023,11,0,0
DEU.16.11.8.6_1,2023,11,0,0
DEU.16.11.8.7_1,2023,11,0,0
DEU.16.11.8.8_1,2023,11,0,0
DEU.16.11.8.9_1,2023,11,0,0
DEU.16.11.9.1_1,2023,11,0,0
DEU.16.12.1.1_1,2023,11,0,0
DEU.16.12.1.2_1,2023,11,0,0
DEU.16.12.1.3_1,2023,11,0,0
DEU.16.12.1.4_1,2023,11,0,0
DEU.16.12.1.5_1,2023,11,0,0
DEU.16.12.1.6_1,2023,11,0,0
DEU.16.12.1.7_1,2023,11,0,0
DEU.16.12.1.8_1,2023,11,0,0
DEU.16.12.2.1_1,2023,11,0,0
DEU.16.12.3.1_1,2023,11,0,0
DEU.16.12.3.2_1,2023,11,0,0
DEU.16.12.3.3_1,2023,11,0,0
DEU.16.12.3.4_1,2023,11,0,0
DEU.16.12.3.5_1,2023,11,0,0
DEU.16.12.3.6_1,2023,11,0,0
DEU.16.12.4.1_1,2023,11,0,0
DEU.16.12.4.2_1,2023,11,0,0
DEU.16.12.4.3_1,2023,11,0,0
DEU.16.12.5.1_1,2023,11,0,0
DEU.16.12.6.1_1,2023,11,0,0
DEU.16.12.6.2_1,2023,11,0,0
DEU.16.12.6.3_1,2023,11,0,0
DEU.16.12.6.4_1,2023,11,0,0
DEU.16.12.6.5_1,2023,11,0,0
DEU.16.12.7.1_1,2023,11,0,0
DEU.16.12.8.1_1,2023,11,0,0
DEU.16.12.9.1_1,2023,11,0,0
DEU.16.13.1.1_1,2023,11,0,0
DEU.16.13.1.10_1,2023,11,0,0
DEU.16.13.1.2_1,2023,11,0,0
DEU.16.13.1.3_1,2023,11,0,0
DEU.16.13.1.4_1,2023,11,0,0
DEU.16.13.1.5_1,2023,11,0,0
DEU.16.13.1.6_1,2023,11,0,0
DEU.16.13.1.7_1,2023,11,0,0
DEU.16.13.1.8_1,2023,11,0,0
DEU.16.13.1.9_1,2023,11,0,0
DEU.16.13.10.1_1,2023,11,0,0
DEU.16.13.10.10_1,2023,11,0,0
DEU.16.13.10.11_1,2023,11,0,0
DEU.16.13.10.12_1,2023,11,0,0
DEU.16.13.10.13_1,2023,11,0,0
DEU.16.13.10.14_1,2023,11,0,0
DEU.16.13.10.15_1,2023,11,0,0
DEU.16.13.10.16_1,2023,11,0,0
DEU.16.13.10.17_1,2023,11,0,0
DEU.16.13.10.18_1,2023,11,0,0
DEU.16.13.10.19_1,2023,11,0,0
DEU.16.13.10.2_1,2023,11,0,0
DEU.16.13.10.20_1,2023,11,0,0
DEU.16.13.10.3_1,2023,11,0,0
DEU.16.13.10.4_1,2023,11,0,0
DEU.16.13.10.5_1,2023,11,0,0
DEU.16.13.10.6_1,2023,11,0,0
DEU.16.13.10.7_1,2023,11,0,0
DEU.16.13.10.8_1,2023,11,0,0
DEU.16.13.10.9_1,2023,11,0,0
DEU.16.13.2.1_1,2023,11,0,0
DEU.16.13.2.2_1,2023,11,0,0
DEU.16.13.2.3_1,2023,11,0,0
DEU.16.13.2.4_1,2023,11,0,0
DEU.16.13.3.1_1,2023,11,0,0
DEU.16.13.3.10_1,2023,11,0,0
DEU.16.13.3.11_1,2023,11,0,0
DEU.16.13.3.12_1,2023,11,0,0
DEU.16.13.3.13_1,2023,11,0,0
DEU.16.13.3.2_1,2023,11,0,0
DEU.16.13.3.3_1,2023,11,0,0
DEU.16.13.3.4_1,2023,11,0,0
DEU.16.13.3.5_1,2023,11,0,0
DEU.16.13.3.6_1,2023,11,0,0
DEU.16.13.3.7_1,2023,11,0,0
DEU.16.13.3.8_1,2023,11,0,0
DEU.16.13.3.9_1,2023,11,0,0
DEU.16.13.4.1_1,2023,11,0,0
DEU.16.13.4.2_1,2023,11,0,0
DEU.16.13.4.3_1,2023,11,0,0
DEU.16.13.4.4_1,2023,11,0,0
DEU.16.13.4.5_1,2023,11,0,0
DEU.16.13.4.6_1,2023,11,0,0
DEU.16.13.5.1_1,2023,11,0,0
DEU.16.13.5.2_1,2023,11,0,0
DEU.16.13.5.3_1,2023,11,0,0
DEU.16.13.5.4_1,2023,11,0,0
DEU.16.13.5.5_1,2023,11,0,0
DEU.16.13.5.6_1,2023,11,0,0
DEU.16.13.5.7_1,2023,11,0,0
DEU.16.13.6.1_1,2023,11,0,0
DEU.16.13.6.2_1,2023,11,0,0
DEU.16.13.6.3_1,2023,11,0,0
DEU.16.13.6.4_1,2023,11,0,0
DEU.16.13.6.5_1,2023,11,0,0
DEU.16.13.7.1_1,2023,11,0,0
DEU.16.13.7.10_1,2023,11,0,0
DEU.16.13.7.11_1,2023,11,0,0
DEU.16.13.7.12_1,2023,11,0,0
DEU.16.13.7.13_1,2023,11,0,0
DEU.16.13.7.14_1,2023,11,0,0
DEU.16.13.7.15_1,2023,11,0,0
DEU.16.13.7.16_1,2023,11,0,0
DEU.16.13.7.17_1,2023,11,0,0
DEU.16.13.7.18_1,2023,11,0,0
DEU.16.13.7.19_1,2023,11,0,0
DEU.16.13.7.2_1,2023,11,0,0
DEU.16.13.7.20_1,2023,11,0,0
DEU.16.13.7.21_1,2023,11,0,0
DEU.16.13.7.22_1,2023,11,0,0
DEU.16.13.7.3_1,2023,11,0,0
DEU.16.13.7.4_1,2023,11,0,0
DEU.16.13.7.5_1,2023,11,0,0
DEU.16.13.7.6_1,2023,11,0,0
DEU.16.13.7.7_1,2023,11,0,0
DEU.16.13.7.8_1,2023,11,0,0
DEU.16.13.7.9_1,2023,11,0,0
DEU.16.13.8.1_1,2023,11,0,0
DEU.16.13.9.1_1,2023,11,0,0
DEU.16.13.9.2_1,2023,11,0,0
DEU.16.13.9.3_1,2023,11,0,0
DEU.16.13.9.4_1,2023,11,0,0
DEU.16.13.9.5_1,2023,11,0,0
DEU.16.14.1.1_1,2023,11,0,0
DEU.16.14.10.1_1,2023,11,0,0
DEU.16.14.10.2_1,2023,11,0,0
DEU.16.14.10.3_1,2023,11,0,0
DEU.16.14.10.4_1,2023,11,0,0
DEU.16.14.10.5_1,2023,11,0,0
DEU.16.14.10.6_1,2023,11,0,0
DEU.16.14.10.7_1,2023,11,0,0
DEU.16.14.11.1_1,2023,11,0,0
DEU.16.14.12.1_1,2023,11,0,0
DEU.16.14.12.10_1,2023,11,0,0
DEU.16.14.12.11_1,2023,11,0,0
DEU.16.14.12.12_1,2023,11,0,0
DEU.16.14.12.13_1,2023,11,0,0
DEU.16.14.12.14_1,2023,11,0,0
DEU.16.14.12.15_1,2023,11,0,0
DEU.16.14.12.2_1,2023,11,0,0
DEU.16.14.12.3_1,2023,11,0,0
DEU.16.14.12.4_1,2023,11,0,0
DEU.16.14.12.5_1,2023,11,0,0
DEU.16.14.12.6_1,2023,11,0,0
DEU.16.14.12.7_1,2023,11,0,0
DEU.16.14.12.8_1,2023,11,0,0
DEU.16.14.12.9_1,2023,11,0,0
DEU.16.14.13.1_1,2023,11,0,0
DEU.16.14.14.1_1,2023,11,0,0
DEU.16.14.14.2_1,2023,11,0,0
DEU.16.14.14.3_1,2023,11,0,0
DEU.16.14.14.4_1,2023,11,0,0
DEU.16.14.14.5_1,2023,11,0,0
DEU.16.14.14.6_1,2023,11,0,0
DEU.16.14.14.7_1,2023,11,0,0
DEU.16.14.14.8_1,2023,11,0,0
DEU.16.14.14.9_1,2023,11,0,0
DEU.16.14.15.1_1,2023,11,0,0
DEU.16.14.2.1_1,2023,11,0,0
DEU.16.14.3.1_1,2023,11,0,0
DEU.16.14.4.1_1,2023,11,0,0
DEU.16.14.4.2_1,2023,11,0,0
DEU.16.14.4.3_1,2023,11,0,0
DEU.16.14.4.4_1,2023,11,0,0
DEU.16.14.5.1_1,2023,11,0,0
DEU.16.14.5.10_1,2023,11,0,0
DEU.16.14.5.11_1,2023,11,0,0
DEU.16.14.5.12_1,2023,11,0,0
DEU.16.14.5.13_1,2023,11,0,0
DEU.16.14.5.2_1,2023,11,0,0
DEU.16.14.5.3_1,2023,11,0,0
DEU.16.14.5.4_1,2023,11,0,0
DEU.16.14.5.5_1,2023,11,0,0
DEU.16.14.5.6_1,2023,11,0,0
DEU.16.14.5.7_1,2023,11,0,0
DEU.16.14.5.8_1,2023,11,0,0
DEU.16.14.5.9_1,2023,11,0,0
DEU.16.14.6.1_1,2023,11,0,0
DEU.16.14.7.1_1,2023,11,0,0
DEU.16.14.7.10_1,2023,11,0,0
DEU.16.14.7.11_1,2023,11,0,0
DEU.16.14.7.12_1,2023,11,0,0
DEU.16.14.7.13_1,2023,11,0,0
DEU.16.14.7.14_1,2023,11,0,0
DEU.16.14.7.2_1,2023,11,0,0
DEU.16.14.7.3_1,2023,11,0,0
DEU.16.14.7.4_1,2023,11,0,0
DEU.16.14.7.5_1,2023,11,0,0
DEU.16.14.7.6_1,2023,11,0,0
DEU.16.14.7.7_1,2023,11,0,0
DEU.16.14.7.8_1,2023,11,0,0
DEU.16.14.7.9_1,2023,11,0,0
DEU.16.14.8.1_1,2023,11,0,0
DEU.16.14.8.2_1,2023,11,0,0
DEU.16.14.9.1_1,2023,11,0,0
DEU.16.15.1.1_1,2023,11,0,0
DEU.16.15.10.1_1,2023,11,0,0
DEU.16.15.11.1_1,2023,11,0,0
DEU.16.15.12.1_1,2023,11,0,0
DEU.16.15.13.1_1,2023,11,0,0
DEU.16.15.13.2_1,2023,11,0,0
DEU.16.15.13.3_1,2023,11,0,0
DEU.16.15.14.1_1,2023,11,0,0
DEU.16.15.15.1_1,2023,11,0,0
DEU.16.15.2.1_1,2023,11,0,0
DEU.16.15.2.2_1,2023,11,0,0
DEU.16.15.2.3_1,2023,11,0,0
DEU.16.15.2.4_1,2023,11,0,0
DEU.16.15.2.5_1,2023,11,0,0
DEU.16.15.3.1_1,2023,11,0,0
DEU.16.15.4.1_1,2023,11,0,0
DEU.16.15.4.2_1,2023,11,0,0
DEU.16.15.4.3_1,2023,11,0,0
DEU.16.15.4.4_1,2023,11,0,0
DEU.16.15.5.1_1,2023,11,0,0
DEU.16.15.6.1_1,2023,11,0,0
DEU.16.15.7.1_1,2023,11,0,0
DEU.16.15.7.2_1,2023,11,0,0
DEU.16.15.7.3_1,2023,11,0,0
DEU.16.15.7.4_1,2023,11,0,0
DEU.16.15.8.1_1,2023,11,0,0
DEU.16.15.8.10_1,2023,11,0,0
DEU.16.15.8.11_1,2023,11,0,0
DEU.16.15.8.12_1,2023,11,0,0
DEU.16.15.8.2_1,2023,11,0,0
DEU.16.15.8.3_1,2023,11,0,0
DEU.16.15.8.4_1,2023,11,0,0
DEU.16.15.8.5_1,2023,11,0,0
DEU.16.15.8.6_1,2023,11,0,0
DEU.16.15.8.7_1,2023,11,0,0
DEU.16.15.8.8_1,2023,11,0,0
DEU.16.15.8.9_1,2023,11,0,0
DEU.16.15.9.1_1,2023,11,0,0
DEU.16.16.1.1_1,2023,11,0,0
DEU.16.16.10.1_1,2023,11,0,0
DEU.16.16.11.1_1,2023,11,0,0
DEU.16.16.12.1_1,2023,11,0,0
DEU.16.16.13.1_1,2023,11,0,0
DEU.16.16.14.1_1,2023,11,0,0
DEU.16.16.14.10_1,2023,11,0,0
DEU.16.16.14.11_1,2023,11,0,0
DEU.16.16.14.2_1,2023,11,0,0
DEU.16.16.14.3_1,2023,11,0,0
DEU.16.16.14.4_1,2023,11,0,0
DEU.16.16.14.5_1,2023,11,0,0
DEU.16.16.14.6_1,2023,11,0,0
DEU.16.16.14.7_1,2023,11,0,0
DEU.16.16.14.8_1,2023,11,0,0
DEU.16.16.14.9_1,2023,11,0,0
DEU.16.16.15.1_1,2023,11,0,0
DEU.16.16.2.1_1,2023,11,0,0
DEU.16.16.2.2_1,2023,11,0,0
DEU.16.16.2.3_1,2023,11,0,0
DEU.16.16.2.4_1,2023,11,0,0
DEU.16.16.3.1_1,2023,11,0,0
DEU.16.16.4.1_1,2023,11,0,0
DEU.16.16.4.10_1,2023,11,0,0
DEU.16.16.4.11_1,2023,11,0,0
DEU.16.16.4.12_1,2023,11,0,0
DEU.16.16.4.13_1,2023,11,0,0
DEU.16.16.4.14_1,2023,11,0,0
DEU.16.16.4.15_1,2023,11,0,0
DEU.16.16.4.2_1,2023,11,0,0
DEU.16.16.4.3_1,2023,11,0,0
DEU.16.16.4.4_1,2023,11,0,0
DEU.16.16.4.5_1,2023,11,0,0
DEU.16.16.4.6_1,2023,11,0,0
DEU.16.16.4.7_1,2023,11,0,0
DEU.16.16.4.8_1,2023,11,0,0
DEU.16.16.4.9_1,2023,11,0,0
DEU.16.16.5.1_1,2023,11,0,0
DEU.16.16.6.1_1,2023,11,0,0
DEU.16.16.7.1_1,2023,11,0,0
DEU.16.16.7.2_1,2023,11,0,0
DEU.16.16.7.3_1,2023,11,0,0
DEU.16.16.7.4_1,2023,11,0,0
DEU.16.16.7.5_1,2023,11,0,0
DEU.16.16.7.6_1,2023,11,0,0
DEU.16.16.7.7_1,2023,11,0,0
DEU.16.16.8.1_1,2023,11,0,0
DEU.16.16.8.10_1,2023,11,0,0
DEU.16.16.8.2_1,2023,11,0,0
DEU.16.16.8.3_1,2023,11,0,0
DEU.16.16.8.4_1,2023,11,0,0
DEU.16.16.8.5_1,2023,11,0,0
DEU.16.16.8.6_1,2023,11,0,0
DEU.16.16.8.7_1,2023,11,0,0
DEU.16.16.8.8_1,2023,11,0,0
DEU.16.16.8.9_1,2023,11,0,0
DEU.16.16.9.1_1,2023,11,0,0
DEU.16.16.9.2_1,2023,11,0,0
DEU.16.16.9.3_1,2023,11,0,0
DEU.16.16.9.4_1,2023,11,0,0
DEU.16.16.9.5_1,2023,11,0,0
DEU.16.16.9.6_1,2023,11,0,0
DEU.16.17.1.1_1,2023,11,0,0
DEU.16.17.1.2_1,2023,11,0,0
DEU.16.17.1.3_1,2023,11,0,0
DEU.16.17.1.4_1,2023,11,0,0
DEU.16.17.1.5_1,2023,11,0,0
DEU.16.17.10.1_1,2023,11,0,0
DEU.16.17.2.1_1,2023,11,0,0
DEU.16.17.2.10_1,2023,11,0,0
DEU.16.17.2.2_1,2023,11,0,0
DEU.16.17.2.3_1,2023,11,0,0
DEU.16.17.2.4_1,2023,11,0,0
DEU.16.17.2.5_1,2023,11,0,0
DEU.16.17.2.6_1,2023,11,0,0
DEU.16.17.2.7_1,2023,11,0,0
DEU.16.17.2.8_1,2023,11,0,0
DEU.16.17.2.9_1,2023,11,0,0
DEU.16.17.3.1_1,2023,11,0,0
DEU.16.17.3.2_1,2023,11,0,0
DEU.16.17.4.1_1,2023,11,0,0
DEU.16.17.4.2_1,2023,11,0,0
DEU.16.17.4.3_1,2023,11,0,0
DEU.16.17.4.4_1,2023,11,0,0
DEU.16.17.5.1_1,2023,11,0,0
DEU.16.17.5.2_1,2023,11,0,0
DEU.16.17.5.3_1,2023,11,0,0
DEU.16.17.5.4_1,2023,11,0,0
DEU.16.17.5.5_1,2023,11,0,0
DEU.16.17.5.6_1,2023,11,0,0
DEU.16.17.5.7_1,2023,11,0,0
DEU.16.17.6.1_1,2023,11,0,0
DEU.16.17.6.2_1,2023,11,0,0
DEU.16.17.6.3_1,2023,11,0,0
DEU.16.17.6.4_1,2023,11,0,0
DEU.16.17.6.5_1,2023,11,0,0
DEU.16.17.6.6_1,2023,11,0,0
DEU.16.17.6.7_1,2023,11,0,0
DEU.16.17.6.8_1,2023,11,0,0
DEU.16.17.6.9_1,2023,11,0,0
DEU.16.17.7.1_1,2023,11,0,0
DEU.16.17.7.2_1,2023,11,0,0
DEU.16.17.7.3_1,2023,11,0,0
DEU.16.17.7.4_1,2023,11,0,0
DEU.16.17.7.5_1,2023,11,0,0
DEU.16.17.7.6_1,2023,11,0,0
DEU.16.17.7.7_1,2023,11,0,0
DEU.16.17.8.1_1,2023,11,0,0
DEU.16.17.9.1_1,2023,11,0,0
DEU.16.17.9.2_1,2023,11,0,0
DEU.16.17.9.3_1,2023,11,0,0
DEU.16.17.9.4_1,2023,11,0,0
DEU.16.17.9.5_1,2023,11,0,0
DEU.16.17.9.6_1,2023,11,0,0
DEU.16.17.9.7_1,2023,11,0,0
DEU.16.17.9.8_1,2023,11,0,0
DEU.16.18.1.1_1,2023,11,0,0
DEU.16.18.2.1_1,2023,11,0,0
DEU.16.18.3.1_1,2023,11,0,0
DEU.16.18.4.1_1,2023,11,0,0
DEU.16.18.5.1_1,2023,11,0,0
DEU.16.18.6.1_1,2023,11,0,0
DEU.16.18.6.2_1,2023,11,0,0
DEU.16.18.7.1_1,2023,11,0,0
DEU.16.18.7.2_1,2023,11,0,0
DEU.16.18.8.1_1,2023,11,0,0
DEU.16.18.9.1_1,2023,11,0,0
DEU.16.19.1.1_1,2023,11,0,0
DEU.16.2.1.1_1,2023,11,0,0
DEU.16.2.10.1_1,2023,11,0,0
DEU.16.2.10.2_1,2023,11,0,0
DEU.16.2.10.3_1,2023,11,0,0
DEU.16.2.10.4_1,2023,11,0,0
DEU.16.2.10.5_1,2023,11,0,0
DEU.16.2.10.6_1,2023,11,0,0
DEU.16.2.10.7_1,2023,11,0,0
DEU.16.2.10.8_1,2023,11,0,0
DEU.16.2.11.1_1,2023,11,0,0
DEU.16.2.12.1_1,2023,11,0,0
DEU.16.2.12.10_1,2023,11,0,0
DEU.16.2.12.11_1,2023,11,0,0
DEU.16.2.12.12_1,2023,11,0,0
DEU.16.2.12.13_1,2023,11,0,0
DEU.16.2.12.2_1,2023,11,0,0
DEU.16.2.12.3_1,2023,11,0,0
DEU.16.2.12.4_1,2023,11,0,0
DEU.16.2.12.5_1,2023,11,0,0
DEU.16.2.12.6_1,2023,11,0,0
DEU.16.2.12.7_1,2023,11,0,0
DEU.16.2.12.8_1,2023,11,0,0
DEU.16.2.12.9_1,2023,11,0,0
DEU.16.2.13.1_1,2023,11,0,0
DEU.16.2.13.2_1,2023,11,0,0
DEU.16.2.13.3_1,2023,11,0,0
DEU.16.2.13.4_1,2023,11,0,0
DEU.16.2.13.5_1,2023,11,0,0
DEU.16.2.2.1_1,2023,11,0,0
DEU.16.2.2.2_1,2023,11,0,0
DEU.16.2.2.3_1,2023,11,0,0
DEU.16.2.2.4_1,2023,11,0,0
DEU.16.2.2.5_1,2023,11,0,0
DEU.16.2.2.6_1,2023,11,0,0
DEU.16.2.3.1_1,2023,11,0,0
DEU.16.2.3.2_1,2023,11,0,0
DEU.16.2.3.3_1,2023,11,0,0
DEU.16.2.3.4_1,2023,11,0,0
DEU.16.2.3.5_1,2023,11,0,0
DEU.16.2.4.1_1,2023,11,0,0
DEU.16.2.4.2_1,2023,11,0,0
DEU.16.2.4.3_1,2023,11,0,0
DEU.16.2.4.4_1,2023,11,0,0
DEU.16.2.4.5_1,2023,11,0,0
DEU.16.2.5_1,2023,11,0,0
DEU.16.2.5.1_1,2023,11,0,0
DEU.16.2.5.10_1,2023,11,0,0
DEU.16.2.5.11_1,2023,11,0,0
DEU.16.2.5.2_1,2023,11,0,0
DEU.16.2.5.3_1,2023,11,0,0
DEU.16.2.5.4_1,2023,11,0,0
DEU.16.2.5.5_1,2023,11,0,0
DEU.16.2.5.6_1,2023,11,0,0
DEU.16.2.5.7_1,2023,11,0,0
DEU.16.2.5.8_1,2023,11,0,0
DEU.16.2.5.9_1,2023,11,0,0
DEU.16.2.6.1_1,2023,11,0,0
DEU.16.2.6.10_1,2023,11,0,0
DEU.16.2.6.11_1,2023,11,0,0
DEU.16.2.6.12_1,2023,11,0,0
DEU.16.2.6.13_1,2023,11,0,0
DEU.16.2.6.14_1,2023,11,0,0
DEU.16.2.6.2_1,2023,11,0,0
DEU.16.2.6.3_1,2023,11,0,0
DEU.16.2.6.4_1,2023,11,0,0
DEU.16.2.6.5_1,2023,11,0,0
DEU.16.2.6.6_1,2023,11,0,0
DEU.16.2.6.7_1,2023,11,0,0
DEU.16.2.6.8_1,2023,11,0,0
DEU.16.2.6.9_1,2023,11,0,0
DEU.16.2.7.1_1,2023,11,0,0
DEU.16.2.8.1_1,2023,11,0,0
DEU.16.2.9.1_1,2023,11,0,0
DEU.16.2.9.2_1,2023,11,0,0
DEU.16.2.9.3_1,2023,11,0,0
DEU.16.2.9.4_1,2023,11,0,0
DEU.16.2.9.5_1,2023,11,0,0
DEU.16.2.9.6_1,2023,11,0,0
DEU.16.2.9.7_1,2023,11,0,0
DEU.16.2.9.8_1,2023,11,0,0
DEU.16.20.1.1_1,2023,11,0,0
DEU.16.20.10.1_1,2023,11,0,0
DEU.16.20.10.2_1,2023,11,0,0
DEU.16.20.10.3_1,2023,11,0,0
DEU.16.20.10.4_1,2023,11,0,0
DEU.16.20.10.5_1,2023,11,0,0
DEU.16.20.10.6_1,2023,11,0,0
DEU.16.20.10.7_1,2023,11,0,0
DEU.16.20.11.1_1,2023,11,0,0
DEU.16.20.12.1_1,2023,11,0,0
DEU.16.20.12.2_1,2023,11,0,0
DEU.16.20.12.3_1,2023,11,0,0
DEU.16.20.13.1_1,2023,11,0,0
DEU.16.20.2.1_1,2023,11,0,0
DEU.16.20.3.1_1,2023,11,0,0
DEU.16.20.3.10_1,2023,11,0,0
DEU.16.20.3.11_1,2023,11,0,0
DEU.16.20.3.12_1,2023,11,0,0
DEU.16.20.3.13_1,2023,11,0,0
DEU.16.20.3.2_1,2023,11,0,0
DEU.16.20.3.3_1,2023,11,0,0
DEU.16.20.3.4_1,2023,11,0,0
DEU.16.20.3.5_1,2023,11,0,0
DEU.16.20.3.6_1,2023,11,0,0
DEU.16.20.3.7_1,2023,11,0,0
DEU.16.20.3.8_1,2023,11,0,0
DEU.16.20.3.9_1,2023,11,0,0
DEU.16.20.4.1_1,2023,11,0,0
DEU.16.20.5.1_1,2023,11,0,0
DEU.16.20.5.2_1,2023,11,0,0
DEU.16.20.6.1_1,2023,11,0,0
DEU.16.20.7.1_1,2023,11,0,0
DEU.16.20.8.1_1,2023,11,0,0
DEU.16.20.8.2_1,2023,11,0,0
DEU.16.20.8.3_1,2023,11,0,0
DEU.16.20.8.4_1,2023,11,0,0
DEU.16.20.8.5_1,2023,11,0,0
DEU.16.20.8.6_1,2023,11,0,0
DEU.16.20.8.7_1,2023,11,0,0
DEU.16.20.8.8_1,2023,11,0,0
DEU.16.20.9.1_1,2023,11,0,0
DEU.16.20.9.2_1,2023,11,0,0
DEU.16.21.1.1_1,2023,11,0,0
DEU.16.21.10.1_1,2023,11,0,0
DEU.16.21.10.2_1,2023,11,0,0
DEU.16.21.10.3_1,2023,11,0,0
DEU.16.21.11.1_1,2023,11,0,0
DEU.16.21.12.1_1,2023,11,0,0
DEU.16.21.12.2_1,2023,11,0,0
DEU.16.21.12.3_1,2023,11,0,0
DEU.16.21.13.1_1,2023,11,0,0
DEU.16.21.14.1_1,2023,11,0,0
DEU.16.21.14.2_1,2023,11,0,0
DEU.16.21.15.1_1,2023,11,0,0
DEU.16.21.15.2_1,2023,11,0,0
DEU.16.21.16.1_1,2023,11,0,0
DEU.16.21.17.1_1,2023,11,0,0
DEU.16.21.18.1_1,2023,11,0,0
DEU.16.21.19.1_1,2023,11,0,0
DEU.16.21.2.1_1,2023,11,0,0
DEU.16.21.2.2_1,2023,11,0,0
DEU.16.21.3.1_1,2023,11,0,0
DEU.16.21.4.1_1,2023,11,0,0
DEU.16.21.4.2_1,2023,11,0,0
DEU.16.21.4.3_1,2023,11,0,0
DEU.16.21.4.4_1,2023,11,0,0
DEU.16.21.5.1_1,2023,11,0,0
DEU.16.21.5.2_1,2023,11,0,0
DEU.16.21.5.3_1,2023,11,0,0
DEU.16.21.5.4_1,2023,11,0,0
DEU.16.21.5.5_1,2023,11,0,0
DEU.16.21.5.6_1,2023,11,0,0
DEU.16.21.5.7_1,2023,11,0,0
DEU.16.21.5.8_1,2023,11,0,0
DEU.16.21.5.9_1,2023,11,0,0
DEU.16.21.6.1_1,2023,11,0,0
DEU.16.21.6.2_1,2023,11,0,0
DEU.16.21.6.3_1,2023,11,0,0
DEU.16.21.6.4_1,2023,11,0,0
DEU.16.21.7.1_1,2023,11,0,0
DEU.16.21.8.1_1,2023,11,0,0
DEU.16.21.8.10_1,2023,11,0,0
DEU.16.21.8.11_1,2023,11,0,0
DEU.16.21.8.2_1,2023,11,0,0
DEU.16.21.8.3_1,2023,11,0,0
DEU.16.21.8.4_1,2023,11,0,0
DEU.16.21.8.5_1,2023,11,0,0
DEU.16.21.8.6_1,2023,11,0,0
DEU.16.21.8.7_1,2023,11,0,0
DEU.16.21.8.8_1,2023,11,0,0
DEU.16.21.8.9_1,2023,11,0,0
DEU.16.21.9.1_1,2023,11,0,0
DEU.16.22.1.1_1,2023,11,0,0
DEU.16.22.2.1_1,2023,11,0,0
DEU.16.22.3.1_1,2023,11,0,0
DEU.16.22.3.2_1,2023,11,0,0
DEU.16.22.3.3_1,2023,11,0,0
DEU.16.22.3.4_1,2023,11,0,0
DEU.16.22.3.5_1,2023,11,0,0
DEU.16.22.3.6_1,2023,11,0,0
DEU.16.22.3.7_1,2023,11,0,0
DEU.16.22.3.8_1,2023,11,0,0
DEU.16.22.3.9_1,2023,11,0,0
DEU.16.22.4.1_1,2023,11,0,0
DEU.16.22.5.1_1,2023,11,0,0
DEU.16.22.5.2_1,2023,11,0,0
DEU.16.22.5.3_1,2023,11,0,0
DEU.16.22.5.4_1,2023,11,0,0
DEU.16.22.5.5_1,2023,11,0,0
DEU.16.22.5.6_1,2023,11,0,0
DEU.16.22.5.7_1,2023,11,0,0
DEU.16.22.5.8_1,2023,11,0,0
DEU.16.22.5.9_1,2023,11,0,0
DEU.16.22.6.1_1,2023,11,0,0
DEU.16.22.6.2_1,2023,11,0,0
DEU.16.22.7.1_1,2023,11,0,0
DEU.16.22.7.2_1,2023,11,0,0
DEU.16.22.7.3_1,2023,11,0,0
DEU.16.22.7.4_1,2023,11,0,0
DEU.16.22.7.5_1,2023,11,0,0
DEU.16.22.7.6_1,2023,11,0,0
DEU.16.22.8.1_1,2023,11,0,0
DEU.16.22.8.10_1,2023,11,0,0
DEU.16.22.8.11_1,2023,11,0,0
DEU.16.22.8.12_1,2023,11,0,0
DEU.16.22.8.13_1,2023,11,0,0
DEU.16.22.8.14_1,2023,11,0,0
DEU.16.22.8.15_1,2023,11,0,0
DEU.16.22.8.16_1,2023,11,0,0
DEU.16.22.8.17_1,2023,11,0,0
DEU.16.22.8.2_1,2023,11,0,0
DEU.16.22.8.3_1,2023,11,0,0
DEU.16.22.8.4_1,2023,11,0,0
DEU.16.22.8.5_1,2023,11,0,0
DEU.16.22.8.6_1,2023,11,0,0
DEU.16.22.8.7_1,2023,11,0,0
DEU.16.22.8.8_1,2023,11,0,0
DEU.16.22.8.9_1,2023,11,0,0
DEU.16.22.9.1_1,2023,11,0,0
DEU.16.22.9.10_1,2023,11,0,0
DEU.16.22.9.11_1,2023,11,0,0
DEU.16.22.9.12_1,2023,11,0,0
DEU.16.22.9.13_1,2023,11,0,0
DEU.16.22.9.14_1,2023,11,0,0
DEU.16.22.9.15_1,2023,11,0,0
DEU.16.22.9.16_1,2023,11,0,0
DEU.16.22.9.2_1,2023,11,0,0
DEU.16.22.9.3_1,2023,11,0,0
DEU.16.22.9.4_1,2023,11,0,0
DEU.16.22.9.5_1,2023,11,0,0
DEU.16.22.9.6_1,2023,11,0,0
DEU.16.22.9.7_1,2023,11,0,0
DEU.16.22.9.8_1,2023,11,0,0
DEU.16.22.9.9_1,2023,11,0,0
DEU.16.23.1.1_1,2023,11,0,0
DEU.16.3.1.1_1,2023,11,0,0
DEU.16.4.1.1_1,2023,11,0,0
DEU.16.5.1.1_1,2023,11,0,0
DEU.16.6.1.1_1,2023,11,0,0
DEU.16.6.1.2_1,2023,11,0,0
DEU.16.6.1.3_1,2023,11,0,0
DEU.16.6.1.4_1,2023,11,0,0
DEU.16.6.1.5_1,2023,11,0,0
DEU.16.6.10.1_1,2023,11,0,0
DEU.16.6.11.1_1,2023,11,0,0
DEU.16.6.11.2_1,2023,11,0,0
DEU.16.6.11.3_1,2023,11,0,0
DEU.16.6.11.4_1,2023,11,0,0
DEU.16.6.11.5_1,2023,11,0,0
DEU.16.6.11.6_1,2023,11,0,0
DEU.16.6.11.7_1,2023,11,0,0
DEU.16.6.11.8_1,2023,11,0,0
DEU.16.6.11.9_1,2023,11,0,0
DEU.16.6.12.1_1,2023,11,0,0
DEU.16.6.12.2_1,2023,11,0,0
DEU.16.6.12.3_1,2023,11,0,0
DEU.16.6.12.4_1,2023,11,0,0
DEU.16.6.12.5_1,2023,11,0,0
DEU.16.6.13.1_1,2023,11,0,0
DEU.16.6.14.1_1,2023,11,0,0
DEU.16.6.15.1_1,2023,11,0,0
DEU.16.6.2.1_1,2023,11,0,0
DEU.16.6.3.1_1,2023,11,0,0
DEU.16.6.3.2_1,2023,11,0,0
DEU.16.6.3.3_1,2023,11,0,0
DEU.16.6.3.4_1,2023,11,0,0
DEU.16.6.3.5_1,2023,11,0,0
DEU.16.6.4.1_1,2023,11,0,0
DEU.16.6.5.1_1,2023,11,0,0
DEU.16.6.6.1_1,2023,11,0,0
DEU.16.6.6.2_1,2023,11,0,0
DEU.16.6.7.1_1,2023,11,0,0
DEU.16.6.8.1_1,2023,11,0,0
DEU.16.6.9.1_1,2023,11,0,0
DEU.16.6.9.10_1,2023,11,0,0
DEU.16.6.9.11_1,2023,11,0,0
DEU.16.6.9.12_1,2023,11,0,0
DEU.16.6.9.2_1,2023,11,0,0
DEU.16.6.9.3_1,2023,11,0,0
DEU.16.6.9.4_1,2023,11,0,0
DEU.16.6.9.5_1,2023,11,0,0
DEU.16.6.9.6_1,2023,11,0,0
DEU.16.6.9.7_1,2023,11,0,0
DEU.16.6.9.8_1,2023,11,0,0
DEU.16.6.9.9_1,2023,11,0,0
DEU.16.7.1.1_1,2023,11,0,0
DEU.16.7.1.2_1,2023,11,0,0
DEU.16.7.1.3_1,2023,11,0,0
DEU.16.7.1.4_1,2023,11,0,0
DEU.16.7.1.5_1,2023,11,0,0
DEU.16.7.1.6_1,2023,11,0,0
DEU.16.7.1.7_1,2023,11,0,0
DEU.16.7.1.8_1,2023,11,0,0
DEU.16.7.10.1_1,2023,11,0,0
DEU.16.7.10.2_1,2023,11,0,0
DEU.16.7.10.3_1,2023,11,0,0
DEU.16.7.10.4_1,2023,11,0,0
DEU.16.7.10.5_1,2023,11,0,0
DEU.16.7.10.6_1,2023,11,0,0
DEU.16.7.10.7_1,2023,11,0,0
DEU.16.7.10.8_1,2023,11,0,0
DEU.16.7.11.1_1,2023,11,0,0
DEU.16.7.12.1_1,2023,11,0,0
DEU.16.7.12.2_1,2023,11,0,0
DEU.16.7.13.1_1,2023,11,0,0
DEU.16.7.13.10_1,2023,11,0,0
DEU.16.7.13.11_1,2023,11,0,0
DEU.16.7.13.2_1,2023,11,0,0
DEU.16.7.13.3_1,2023,11,0,0
DEU.16.7.13.4_1,2023,11,0,0
DEU.16.7.13.5_1,2023,11,0,0
DEU.16.7.13.6_1,2023,11,0,0
DEU.16.7.13.7_1,2023,11,0,0
DEU.16.7.13.8_1,2023,11,0,0
DEU.16.7.13.9_1,2023,11,0,0
DEU.16.7.14.1_1,2023,11,0,0
DEU.16.7.14.2_1,2023,11,0,0
DEU.16.7.14.3_1,2023,11,0,0
DEU.16.7.2.1_1,2023,11,0,0
DEU.16.7.3.1_1,2023,11,0,0
DEU.16.7.3.2_1,2023,11,0,0
DEU.16.7.3.3_1,2023,11,0,0
DEU.16.7.4.1_1,2023,11,0,0
DEU.16.7.5.1_1,2023,11,0,0
DEU.16.7.5.2_1,2023,11,0,0
DEU.16.7.6.1_1,2023,11,0,0
DEU.16.7.7.1_1,2023,11,0,0
DEU.16.7.8.1_1,2023,11,0,0
DEU.16.7.8.2_1,2023,11,0,0
DEU.16.7.8.3_1,2023,11,0,0
DEU.16.7.9.1_1,2023,11,0,0
DEU.16.8.1.1_1,2023,11,0,0
DEU.16.8.1.2_1,2023,11,0,0
DEU.16.8.10.1_1,2023,11,0,0
DEU.16.8.10.2_1,2023,11,0,0
DEU.16.8.11.1_1,2023,11,0,0
DEU.16.8.12.1_1,2023,11,0,0
DEU.16.8.2.1_1,2023,11,0,0
DEU.16.8.2.2_1,2023,11,0,0
DEU.16.8.3.1_1,2023,11,0,0
DEU.16.8.3.10_1,2023,11,0,0
DEU.16.8.3.11_1,2023,11,0,0
DEU.16.8.3.12_1,2023,11,0,0
DEU.16.8.3.13_1,2023,11,0,0
DEU.16.8.3.14_1,2023,11,0,0
DEU.16.8.3.15_1,2023,11,0,0
DEU.16.8.3.16_1,2023,11,0,0
DEU.16.8.3.2_1,2023,11,0,0
DEU.16.8.3.3_1,2023,11,0,0
DEU.16.8.3.4_1,2023,11,0,0
DEU.16.8.3.5_1,2023,11,0,0
DEU.16.8.3.6_1,2023,11,0,0
DEU.16.8.3.7_1,2023,11,0,0
DEU.16.8.3.8_1,2023,11,0,0
DEU.16.8.3.9_1,2023,11,0,0
DEU.16.8.4.1_1,2023,11,0,0
DEU.16.8.4.2_1,2023,11,0,0
DEU.16.8.4.3_1,2023,11,0,0
DEU.16.8.4.4_1,2023,11,0,0
DEU.16.8.4.5_1,2023,11,0,0
DEU.16.8.4.6_1,2023,11,0,0
DEU.16.8.4.7_1,2023,11,0,0
DEU.16.8.4.8_1,2023,11,0,0
DEU.16.8.5.1_1,2023,11,0,0
DEU.16.8.6.1_1,2023,11,0,0
DEU.16.8.7.1_1,2023,11,0,0
DEU.16.8.8.1_1,2023,11,0,0
DEU.16.8.9.1_1,2023,11,0,0
DEU.16.9.1.1_1,2023,11,0,0
DEU.16.9.10.1_1,2023,11,0,0
DEU.16.9.10.2_1,2023,11,0,0
DEU.16.9.10.3_1,2023,11,0,0
DEU.16.9.11.1_1,2023,11,0,0
DEU.16.9.11.2_1,2023,11,0,0
DEU.16.9.11.3_1,2023,11,0,0
DEU.16.9.11.4_1,2023,11,0,0
DEU.16.9.11.5_1,2023,11,0,0
DEU.16.9.11.6_1,2023,11,0,0
DEU.16.9.11.7_1,2023,11,0,0
DEU.16.9.11.8_1,2023,11,0,0
DEU.16.9.11.9_1,2023,11,0,0
DEU.16.9.12.1_1,2023,11,0,0
DEU.16.9.13.1_1,2023,11,0,0
DEU.16.9.2.1_1,2023,11,0,0
DEU.16.9.2.2_1,2023,11,0,0
DEU.16.9.3.1_1,2023,11,0,0
DEU.16.9.3.2_1,2023,11,0,0
DEU.16.9.3.3_1,2023,11,0,0
DEU.16.9.3.4_1,2023,11,0,0
DEU.16.9.3.5_1,2023,11,0,0
DEU.16.9.4.1_1,2023,11,0,0
DEU.16.9.4.2_1,2023,11,0,0
DEU.16.9.4.3_1,2023,11,0,0
DEU.16.9.4.4_1,2023,11,0,0
DEU.16.9.4.5_1,2023,11,0,0
DEU.16.9.4.6_1,2023,11,0,0
DEU.16.9.5.1_1,2023,11,0,0
DEU.16.9.6.1_1,2023,11,0,0
DEU.16.9.7.1_1,2023,11,0,0
DEU.16.9.7.2_1,2023,11,0,0
DEU.16.9.7.3_1,2023,11,0,0
DEU.16.9.7.4_1,2023,11,0,0
DEU.16.9.8.1_1,2023,11,0,0
DEU.16.9.9.1_1,2023,11,0,0
DEU.16.9.9.2_1,2023,11,0,0
DEU.16.9.9.3_1,2023,11,0,0
DEU.16.9.9.4_1,2023,11,0,0
DEU.16.9.9.5_1,2023,11,0,0
DEU.16.9.9.6_1,2023,11,0,0
DEU.16.9.9.7_1,2023,11,0,0
DEU.2.1.1.1_1,2023,11,0,0
DEU.2.1.10.1_1,2023,11,0,0
DEU.2.1.11.1_1,2023,11,0,0
DEU.2.1.11.2_1,2023,11,0,0
DEU.2.1.11.3_1,2023,11,0,0
DEU.2.1.12.1_1,2023,11,0,0
DEU.2.1.12.2_1,2023,11,0,0
DEU.2.1.13.1_1,2023,11,0,0
DEU.2.1.14.1_1,2023,11,0,0
DEU.2.1.2.1_1,2023,11,0,0
DEU.2.1.3.1_1,2023,11,0,0
DEU.2.1.3.2_1,2023,11,0,0
DEU.2.1.3.3_1,2023,11,0,0
DEU.2.1.4.1_1,2023,11,0,0
DEU.2.1.4.2_1,2023,11,0,0
DEU.2.1.4.3_1,2023,11,0,0
DEU.2.1.4.4_1,2023,11,0,0
DEU.2.1.4.5_1,2023,11,0,0
DEU.2.1.5.1_1,2023,11,0,0
DEU.2.1.6.1_1,2023,11,0,0
DEU.2.1.7.1_1,2023,11,0,0
DEU.2.1.8.1_1,2023,11,0,0
DEU.2.1.9.1_1,2023,11,0,0
DEU.2.1.9.2_1,2023,11,0,0
DEU.2.10.1.1_1,2023,11,0,0
DEU.2.10.10.1_1,2023,11,0,0
DEU.2.10.11.1_1,2023,11,0,0
DEU.2.10.11.2_1,2023,11,0,0
DEU.2.10.12.1_1,2023,11,0,0
DEU.2.10.13.1_1,2023,11,0,0
DEU.2.10.13.2_1,2023,11,0,0
DEU.2.10.13.3_1,2023,11,0,0
DEU.2.10.14.1_1,2023,11,0,0
DEU.2.10.15.1_1,2023,11,0,0
DEU.2.10.16.1_1,2023,11,0,0
DEU.2.10.17.1_1,2023,11,0,0
DEU.2.10.17.2_1,2023,11,0,0
DEU.2.10.18.1_1,2023,11,0,0
DEU.2.10.19.1_1,2023,11,0,0
DEU.2.10.19.2_1,2023,11,0,0
DEU.2.10.2.1_1,2023,11,0,0
DEU.2.10.20.1_1,2023,11,0,0
DEU.2.10.21.1_1,2023,11,0,0
DEU.2.10.22.1_1,2023,11,0,0
DEU.2.10.22.2_1,2023,11,0,0
DEU.2.10.22.3_1,2023,11,0,0
DEU.2.10.22.4_1,2023,11,0,0
DEU.2.10.22.5_1,2023,11,0,0
DEU.2.10.22.6_1,2023,11,0,0
DEU.2.10.23.1_1,2023,11,0,0
DEU.2.10.24.1_1,2023,11,0,0
DEU.2.10.25.1_1,2023,11,0,0
DEU.2.10.26.1_1,2023,11,0,0
DEU.2.10.26.2_1,2023,11,0,0
DEU.2.10.26.3_1,2023,11,0,0
DEU.2.10.26.4_1,2023,11,0,0
DEU.2.10.26.5_1,2023,11,0,0
DEU.2.10.27.1_1,2023,11,0,0
DEU.2.10.28.1_1,2023,11,0,0
DEU.2.10.29.1_1,2023,11,0,0
DEU.2.10.29.2_1,2023,11,0,0
DEU.2.10.29.3_1,2023,11,0,0
DEU.2.10.29.4_1,2023,11,0,0
DEU.2.10.3.1_1,2023,11,0,0
DEU.2.10.30.1_1,2023,11,0,0
DEU.2.10.4.1_1,2023,11,0,0
DEU.2.10.5.1_1,2023,11,0,0
DEU.2.10.6.1_1,2023,11,0,0
DEU.2.10.7.1_1,2023,11,0,0
DEU.2.10.8.1_1,2023,11,0,0
DEU.2.10.9.1_1,2023,11,0,0
DEU.2.11.1.1_1,2023,11,0,0
DEU.2.11.10.1_1,2023,11,0,0
DEU.2.11.11.1_1,2023,11,0,0
DEU.2.11.12.1_1,2023,11,0,0
DEU.2.11.13.1_1,2023,11,0,0
DEU.2.11.14.1_1,2023,11,0,0
DEU.2.11.15.1_1,2023,11,0,0
DEU.2.11.15.2_1,2023,11,0,0
DEU.2.11.15.3_1,2023,11,0,0
DEU.2.11.16.1_1,2023,11,0,0
DEU.2.11.17.1_1,2023,11,0,0
DEU.2.11.18.1_1,2023,11,0,0
DEU.2.11.19.1_1,2023,11,0,0
DEU.2.11.2.1_1,2023,11,0,0
DEU.2.11.2.2_1,2023,11,0,0
DEU.2.11.2.3_1,2023,11,0,0
DEU.2.11.2.4_1,2023,11,0,0
DEU.2.11.20.1_1,2023,11,0,0
DEU.2.11.21.1_1,2023,11,0,0
DEU.2.11.22.1_1,2023,11,0,0
DEU.2.11.23.1_1,2023,11,0,0
DEU.2.11.24.1_1,2023,11,0,0
DEU.2.11.25.1_1,2023,11,0,0
DEU.2.11.26.1_1,2023,11,0,0
DEU.2.11.27.1_1,2023,11,0,0
DEU.2.11.28.1_1,2023,11,0,0
DEU.2.11.29.1_1,2023,11,0,0
DEU.2.11.3.1_1,2023,11,0,0
DEU.2.11.30.1_1,2023,11,0,0
DEU.2.11.4.1_1,2023,11,0,0
DEU.2.11.5.1_1,2023,11,0,0
DEU.2.11.6.1_1,2023,11,0,0
DEU.2.11.7.1_1,2023,11,0,0
DEU.2.11.7.2_1,2023,11,0,0
DEU.2.11.8.1_1,2023,11,0,0
DEU.2.11.8.2_1,2023,11,0,0
DEU.2.11.8.3_1,2023,11,0,0
DEU.2.11.8.4_1,2023,11,0,0
DEU.2.11.9.1_1,2023,11,0,0
DEU.2.12.1.1_1,2023,11,0,0
DEU.2.12.10.1_1,2023,11,0,0
DEU.2.12.11.1_1,2023,11,0,0
DEU.2.12.11.2_1,2023,11,0,0
DEU.2.12.12.1_1,2023,11,0,0
DEU.2.12.13.1_1,2023,11,0,0
DEU.2.12.14.1_1,2023,11,0,0
DEU.2.12.15.1_1,2023,11,0,0
DEU.2.12.16.1_1,2023,11,0,0
DEU.2.12.16.2_1,2023,11,0,0
DEU.2.12.16.3_1,2023,11,0,0
DEU.2.12.17.1_1,2023,11,0,0
DEU.2.12.18.1_1,2023,11,0,0
DEU.2.12.19.1_1,2023,11,0,0
DEU.2.12.2.1_1,2023,11,0,0
DEU.2.12.3.1_1,2023,11,0,0
DEU.2.12.3.2_1,2023,11,0,0
DEU.2.12.4.1_1,2023,11,0,0
DEU.2.12.5.1_1,2023,11,0,0
DEU.2.12.6.1_1,2023,11,0,0
DEU.2.12.7.1_1,2023,11,0,0
DEU.2.12.8.1_1,2023,11,0,0
DEU.2.12.9.1_1,2023,11,0,0
DEU.2.13.1.1_1,2023,11,0,0
DEU.2.14.1.1_1,2023,11,0,0
DEU.2.14.10.1_1,2023,11,0,0
DEU.2.14.11.1_1,2023,11,0,0
DEU.2.14.12.1_1,2023,11,0,0
DEU.2.14.13.1_1,2023,11,0,0
DEU.2.14.14.1_1,2023,11,0,0
DEU.2.14.15.1_1,2023,11,0,0
DEU.2.14.16.1_1,2023,11,0,0
DEU.2.14.17.1_1,2023,11,0,0
DEU.2.14.18.1_1,2023,11,0,0
DEU.2.14.19.1_1,2023,11,0,0
DEU.2.14.2.1_1,2023,11,0,0
DEU.2.14.2.2_1,2023,11,0,0
DEU.2.14.2.3_1,2023,11,0,0
DEU.2.14.2.4_1,2023,11,0,0
DEU.2.14.20.1_1,2023,11,0,0
DEU.2.14.20.2_1,2023,11,0,0
DEU.2.14.21.1_1,2023,11,0,0
DEU.2.14.22.1_1,2023,11,0,0
DEU.2.14.23.1_1,2023,11,0,0
DEU.2.14.24.1_1,2023,11,0,0
DEU.2.14.25.1_1,2023,11,0,0
DEU.2.14.26.1_1,2023,11,0,0
DEU.2.14.27.1_1,2023,11,0,0
DEU.2.14.28.1_1,2023,11,0,0
DEU.2.14.29.1_1,2023,11,0,0
DEU.2.14.3.1_1,2023,11,0,0
DEU.2.14.30.1_1,2023,11,0,0
DEU.2.14.31.1_1,2023,11,0,0
DEU.2.14.32.1_1,2023,11,0,0
DEU.2.14.32.2_1,2023,11,0,0
DEU.2.14.32.3_1,2023,11,0,0
DEU.2.14.33.1_1,2023,11,0,0
DEU.2.14.34.1_1,2023,11,0,0
DEU.2.14.35.1_1,2023,11,0,0
DEU.2.14.36.1_1,2023,11,0,0
DEU.2.14.37.1_1,2023,11,0,0
DEU.2.14.38.1_1,2023,11,0,0
DEU.2.14.4.1_1,2023,11,0,0
DEU.2.14.5.1_1,2023,11,0,0
DEU.2.14.5.2_1,2023,11,0,0
DEU.2.14.6.1_1,2023,11,0,0
DEU.2.14.7.1_1,2023,11,0,0
DEU.2.14.7.2_1,2023,11,0,0
DEU.2.14.8.1_1,2023,11,0,0
DEU.2.14.9.1_1,2023,11,0,0
DEU.2.15.1.1_1,2023,11,0,0
DEU.2.16.1.1_1,2023,11,0,0
DEU.2.16.10.1_1,2023,11,0,0
DEU.2.16.11.1_1,2023,11,0,0
DEU.2.16.12.1_1,2023,11,0,0
DEU.2.16.13.1_1,2023,11,0,0
DEU.2.16.14.1_1,2023,11,0,0
DEU.2.16.15.1_1,2023,11,0,0
DEU.2.16.16.1_1,2023,11,0,0
DEU.2.16.17.1_1,2023,11,0,0
DEU.2.16.18.1_1,2023,11,0,0
DEU.2.16.18.2_1,2023,11,0,0
DEU.2.16.18.3_1,2023,11,0,0
DEU.2.16.19.1_1,2023,11,0,0
DEU.2.16.2.1_1,2023,11,0,0
DEU.2.16.20.1_1,2023,11,0,0
DEU.2.16.21.1_1,2023,11,0,0
DEU.2.16.22.1_1,2023,11,0,0
DEU.2.16.23.1_1,2023,11,0,0
DEU.2.16.23.2_1,2023,11,0,0
DEU.2.16.23.3_1,2023,11,0,0
DEU.2.16.24.1_1,2023,11,0,0
DEU.2.16.24.2_1,2023,11,0,0
DEU.2.16.25.1_1,2023,11,0,0
DEU.2.16.26.1_1,2023,11,0,0
DEU.2.16.27.1_1,2023,11,0,0
DEU.2.16.28.1_1,2023,11,0,0
DEU.2.16.29.1_1,2023,11,0,0
DEU.2.16.3.1_1,2023,11,0,0
DEU.2.16.3.2_1,2023,11,0,0
DEU.2.16.30.1_1,2023,11,0,0
DEU.2.16.31.1_1,2023,11,0,0
DEU.2.16.32.1_1,2023,11,0,0
DEU.2.16.33.1_1,2023,11,0,0
DEU.2.16.34.1_1,2023,11,0,0
DEU.2.16.35.1_1,2023,11,0,0
DEU.2.16.35.2_1,2023,11,0,0
DEU.2.16.35.3_1,2023,11,0,0
DEU.2.16.35.4_1,2023,11,0,0
DEU.2.16.4.1_1,2023,11,0,0
DEU.2.16.5.1_1,2023,11,0,0
DEU.2.16.6.1_1,2023,11,0,0
DEU.2.16.7.1_1,2023,11,0,0
DEU.2.16.7.2_1,2023,11,0,0
DEU.2.16.7.3_1,2023,11,0,0
DEU.2.16.7.4_1,2023,11,0,0
DEU.2.16.8.1_1,2023,11,0,0
DEU.2.16.9.1_1,2023,11,0,0
DEU.2.17.1.1_1,2023,11,0,0
DEU.2.17.10.1_1,2023,11,0,0
DEU.2.17.11.1_1,2023,11,0,0
DEU.2.17.12.1_1,2023,11,0,0
DEU.2.17.13.1_1,2023,11,0,0
DEU.2.17.14.1_1,2023,11,0,0
DEU.2.17.15.1_1,2023,11,0,0
DEU.2.17.16.1_1,2023,11,0,0
DEU.2.17.17.1_1,2023,11,0,0
DEU.2.17.2.1_1,2023,11,0,0
DEU.2.17.3.1_1,2023,11,0,0
DEU.2.17.4.1_1,2023,11,0,0
DEU.2.17.5.1_1,2023,11,0,0
DEU.2.17.6.1_1,2023,11,0,0
DEU.2.17.7.1_1,2023,11,0,0
DEU.2.17.8.1_1,2023,11,0,0
DEU.2.17.9.1_1,2023,11,0,0
DEU.2.18.1.1_1,2023,11,0,0
DEU.2.18.10.1_1,2023,11,0,0
DEU.2.18.11.1_1,2023,11,0,0
DEU.2.18.12.1_1,2023,11,0,0
DEU.2.18.13.1_1,2023,11,0,0
DEU.2.18.14.1_1,2023,11,0,0
DEU.2.18.15.1_1,2023,11,0,0
DEU.2.18.16.1_1,2023,11,0,0
DEU.2.18.17.1_1,2023,11,0,0
DEU.2.18.18.1_1,2023,11,0,0
DEU.2.18.19.1_1,2023,11,0,0
DEU.2.18.2.1_1,2023,11,0,0
DEU.2.18.20.1_1,2023,11,0,0
DEU.2.18.21.1_1,2023,11,0,0
DEU.2.18.22.1_1,2023,11,0,0
DEU.2.18.23.1_1,2023,11,0,0
DEU.2.18.23.2_1,2023,11,0,0
DEU.2.18.24.1_1,2023,11,0,0
DEU.2.18.24.2_1,2023,11,0,0
DEU.2.18.25.1_1,2023,11,0,0
DEU.2.18.26.1_1,2023,11,0,0
DEU.2.18.27.1_1,2023,11,0,0
DEU.2.18.27.2_1,2023,11,0,0
DEU.2.18.28.1_1,2023,11,0,0
DEU.2.18.29.1_1,2023,11,0,0
DEU.2.18.29.2_1,2023,11,0,0
DEU.2.18.3.1_1,2023,11,0,0
DEU.2.18.30.1_1,2023,11,0,0
DEU.2.18.30.2_1,2023,11,0,0
DEU.2.18.31.1_1,2023,11,0,0
DEU.2.18.32.1_1,2023,11,0,0
DEU.2.18.4.1_1,2023,11,0,0
DEU.2.18.5.1_1,2023,11,0,0
DEU.2.18.6.1_1,2023,11,0,0
DEU.2.18.7.1_1,2023,11,0,0
DEU.2.18.8.1_1,2023,11,0,0
DEU.2.18.8.2_1,2023,11,0,0
DEU.2.18.8.3_1,2023,11,0,0
DEU.2.18.9.1_1,2023,11,0,0
DEU.2.19.1.1_1,2023,11,0,0
DEU.2.2.1.1_1,2023,11,0,0
DEU.2.2.10.1_1,2023,11,0,0
DEU.2.2.11.1_1,2023,11,0,0
DEU.2.2.11.2_1,2023,11,0,0
DEU.2.2.11.3_1,2023,11,0,0
DEU.2.2.12.1_1,2023,11,0,0
DEU.2.2.13.1_1,2023,11,0,0
DEU.2.2.14.1_1,2023,11,0,0
DEU.2.2.15.1_1,2023,11,0,0
DEU.2.2.15.2_1,2023,11,0,0
DEU.2.2.16.1_1,2023,11,0,0
DEU.2.2.2.1_1,2023,11,0,0
DEU.2.2.3.1_1,2023,11,0,0
DEU.2.2.4.1_1,2023,11,0,0
DEU.2.2.4.2_1,2023,11,0,0
DEU.2.2.5.1_1,2023,11,0,0
DEU.2.2.6.1_1,2023,11,0,0
DEU.2.2.7.1_1,2023,11,0,0
DEU.2.2.7.2_1,2023,11,0,0
DEU.2.2.7.3_1,2023,11,0,0
DEU.2.2.7.4_1,2023,11,0,0
DEU.2.2.8.1_1,2023,11,0,0
DEU.2.2.8.2_1,2023,11,0,0
DEU.2.2.9.1_1,2023,11,0,0
DEU.2.20.1.1_1,2023,11,0,0
DEU.2.20.10.1_1,2023,11,0,0
DEU.2.20.11.1_1,2023,11,0,0
DEU.2.20.12.1_1,2023,11,0,0
DEU.2.20.13.1_1,2023,11,0,0
DEU.2.20.14.1_1,2023,11,0,0
DEU.2.20.15.1_1,2023,11,0,0
DEU.2.20.16.1_1,2023,11,0,0
DEU.2.20.17.1_1,2023,11,0,0
DEU.2.20.18.1_1,2023,11,0,0
DEU.2.20.19.1_1,2023,11,0,0
DEU.2.20.2.1_1,2023,11,0,0
DEU.2.20.3.1_1,2023,11,0,0
DEU.2.20.4.1_1,2023,11,0,0
DEU.2.20.5.1_1,2023,11,0,0
DEU.2.20.6.1_1,2023,11,0,0
DEU.2.20.7.1_1,2023,11,0,0
DEU.2.20.8.1_1,2023,11,0,0
DEU.2.20.8.2_1,2023,11,0,0
DEU.2.20.9.1_1,2023,11,0,0
DEU.2.21.1.1_1,2023,11,0,0
DEU.2.21.10.1_1,2023,11,0,0
DEU.2.21.10.2_1,2023,11,0,0
DEU.2.21.10.3_1,2023,11,0,0
DEU.2.21.11.1_1,2023,11,0,0
DEU.2.21.12.1_1,2023,11,0,0
DEU.2.21.13.1_1,2023,11,0,0
DEU.2.21.14.1_1,2023,11,0,0
DEU.2.21.15.1_1,2023,11,0,0
DEU.2.21.2.1_1,2023,11,0,0
DEU.2.21.3.1_1,2023,11,0,0
DEU.2.21.4.1_1,2023,11,0,0
DEU.2.21.5.1_1,2023,11,0,0
DEU.2.21.6.1_1,2023,11,0,0
DEU.2.21.7.1_1,2023,11,0,0
DEU.2.21.8.1_1,2023,11,0,0
DEU.2.21.9.1_1,2023,11,0,0
DEU.2.22.1.1_1,2023,11,0,0
DEU.2.22.10.1_1,2023,11,0,0
DEU.2.22.11.1_1,2023,11,0,0
DEU.2.22.11.2_1,2023,11,0,0
DEU.2.22.12.1_1,2023,11,0,0
DEU.2.22.13.1_1,2023,11,0,0
DEU.2.22.13.2_1,2023,11,0,0
DEU.2.22.13.3_1,2023,11,0,0
DEU.2.22.14.1_1,2023,11,0,0
DEU.2.22.15.1_1,2023,11,0,0
DEU.2.22.16.1_1,2023,11,0,0
DEU.2.22.17.1_1,2023,11,0,0
DEU.2.22.17.2_1,2023,11,0,0
DEU.2.22.18.1_1,2023,11,0,0
DEU.2.22.19.1_1,2023,11,0,0
DEU.2.22.2.1_1,2023,11,0,0
DEU.2.22.3.1_1,2023,11,0,0
DEU.2.22.4.1_1,2023,11,0,0
DEU.2.22.5.1_1,2023,11,0,0
DEU.2.22.6.1_1,2023,11,0,0
DEU.2.22.7.1_1,2023,11,0,0
DEU.2.22.8.1_1,2023,11,0,0
DEU.2.22.9.1_1,2023,11,0,0
DEU.2.22.9.2_1,2023,11,0,0
DEU.2.22.9.3_1,2023,11,0,0
DEU.2.22.9.4_1,2023,11,0,0
DEU.2.23.1.1_1,2023,11,0,0
DEU.2.23.10.1_1,2023,11,0,0
DEU.2.23.10.2_1,2023,11,0,0
DEU.2.23.10.3_1,2023,11,0,0
DEU.2.23.2.1_1,2023,11,0,0
DEU.2.23.3.1_1,2023,11,0,0
DEU.2.23.4.1_1,2023,11,0,0
DEU.2.23.4.2_1,2023,11,0,0
DEU.2.23.4.3_1,2023,11,0,0
DEU.2.23.4.4_1,2023,11,0,0
DEU.2.23.5.1_1,2023,11,0,0
DEU.2.23.5.2_1,2023,11,0,0
DEU.2.23.5.3_1,2023,11,0,0
DEU.2.23.5.4_1,2023,11,0,0
DEU.2.23.5.5_1,2023,11,0,0
DEU.2.23.6.1_1,2023,11,0,0
DEU.2.23.6.2_1,2023,11,0,0
DEU.2.23.6.3_1,2023,11,0,0
DEU.2.23.7.1_1,2023,11,0,0
DEU.2.23.8.1_1,2023,11,0,0
DEU.2.23.8.2_1,2023,11,0,0
DEU.2.23.8.3_1,2023,11,0,0
DEU.2.23.9.1_1,2023,11,0,0
DEU.2.23.9.2_1,2023,11,0,0
DEU.2.23.9.3_1,2023,11,0,0
DEU.2.23.9.4_1,2023,11,0,0
DEU.2.23.9.5_1,2023,11,0,0
DEU.2.24.1.1_1,2023,11,0,0
DEU.2.24.10.1_1,2023,11,0,0
DEU.2.24.11.1_1,2023,11,0,0
DEU.2.24.12.1_1,2023,11,0,0
DEU.2.24.13.1_1,2023,11,0,0
DEU.2.24.14.1_1,2023,11,0,0
DEU.2.24.2.1_1,2023,11,0,0
DEU.2.24.3.1_1,2023,11,0,0
DEU.2.24.4.1_1,2023,11,0,0
DEU.2.24.5.1_1,2023,11,0,0
DEU.2.24.6.1_1,2023,11,0,0
DEU.2.24.6.2_1,2023,11,0,0
DEU.2.24.7.1_1,2023,11,0,0
DEU.2.24.8.1_1,2023,11,0,0
DEU.2.24.9.1_1,2023,11,0,0
DEU.2.25.1.1_1,2023,11,0,0
DEU.2.25.10.1_1,2023,11,0,0
DEU.2.25.10.2_1,2023,11,0,0
DEU.2.25.10.3_1,2023,11,0,0
DEU.2.25.10.4_1,2023,11,0,0
DEU.2.25.10.5_1,2023,11,0,0
DEU.2.25.11.1_1,2023,11,0,0
DEU.2.25.12.1_1,2023,11,0,0
DEU.2.25.13.1_1,2023,11,0,0
DEU.2.25.14.1_1,2023,11,0,0
DEU.2.25.14.2_1,2023,11,0,0
DEU.2.25.14.3_1,2023,11,0,0
DEU.2.25.14.4_1,2023,11,0,0
DEU.2.25.14.5_1,2023,11,0,0
DEU.2.25.14.6_1,2023,11,0,0
DEU.2.25.15.1_1,2023,11,0,0
DEU.2.25.15.2_1,2023,11,0,0
DEU.2.25.15.3_1,2023,11,0,0
DEU.2.25.15.4_1,2023,11,0,0
DEU.2.25.15.5_1,2023,11,0,0
DEU.2.25.16.1_1,2023,11,0,0
DEU.2.25.16.2_1,2023,11,0,0
DEU.2.25.16.3_1,2023,11,0,0
DEU.2.25.16.4_1,2023,11,0,0
DEU.2.25.16.5_1,2023,11,0,0
DEU.2.25.16.6_1,2023,11,0,0
DEU.2.25.16.7_1,2023,11,0,0
DEU.2.25.16.8_1,2023,11,0,0
DEU.2.25.16.9_1,2023,11,0,0
DEU.2.25.17.1_1,2023,11,0,0
DEU.2.25.18.1_1,2023,11,0,0
DEU.2.25.18.2_1,2023,11,0,0
DEU.2.25.18.3_1,2023,11,0,0
DEU.2.25.19.1_1,2023,11,0,0
DEU.2.25.19.2_1,2023,11,0,0
DEU.2.25.19.3_1,2023,11,0,0
DEU.2.25.19.4_1,2023,11,0,0
DEU.2.25.19.5_1,2023,11,0,0
DEU.2.25.2.1_1,2023,11,0,0
DEU.2.25.3.1_1,2023,11,0,0
DEU.2.25.4.1_1,2023,11,0,0
DEU.2.25.5.1_1,2023,11,0,0
DEU.2.25.6.1_1,2023,11,0,0
DEU.2.25.7.1_1,2023,11,0,0
DEU.2.25.8.1_1,2023,11,0,0
DEU.2.25.9.1_1,2023,11,0,0
DEU.2.26.1.1_1,2023,11,0,0
DEU.2.26.10.1_1,2023,11,0,0
DEU.2.26.11.1_1,2023,11,0,0
DEU.2.26.12.1_1,2023,11,0,0
DEU.2.26.13.1_1,2023,11,0,0
DEU.2.26.14.1_1,2023,11,0,0
DEU.2.26.15.1_1,2023,11,0,0
DEU.2.26.16.1_1,2023,11,0,0
DEU.2.26.17.1_1,2023,11,0,0
DEU.2.26.2.1_1,2023,11,0,0
DEU.2.26.3.1_1,2023,11,0,0
DEU.2.26.3.2_1,2023,11,0,0
DEU.2.26.3.3_1,2023,11,0,0
DEU.2.26.4.1_1,2023,11,0,0
DEU.2.26.5.1_1,2023,11,0,0
DEU.2.26.6.1_1,2023,11,0,0
DEU.2.26.7.1_1,2023,11,0,0
DEU.2.26.8.1_1,2023,11,0,0
DEU.2.26.8.2_1,2023,11,0,0
DEU.2.26.8.3_1,2023,11,0,0
DEU.2.26.8.4_1,2023,11,0,0
DEU.2.26.8.5_1,2023,11,0,0
DEU.2.26.8.6_1,2023,11,0,0
DEU.2.26.9.1_1,2023,11,0,0
DEU.2.27.1.1_1,2023,11,0,0
DEU.2.27.10.1_1,2023,11,0,0
DEU.2.27.11.1_1,2023,11,0,0
DEU.2.27.12.1_1,2023,11,0,0
DEU.2.27.13.1_1,2023,11,0,0
DEU.2.27.14.1_1,2023,11,0,0
DEU.2.27.15.1_1,2023,11,0,0
DEU.2.27.16.1_1,2023,11,0,0
DEU.2.27.17.1_1,2023,11,0,0
DEU.2.27.18.1_1,2023,11,0,0
DEU.2.27.19.1_1,2023,11,0,0
DEU.2.27.19.2_1,2023,11,0,0
DEU.2.27.19.3_1,2023,11,0,0
DEU.2.27.2.1_1,2023,11,0,0
DEU.2.27.20.1_1,2023,11,0,0
DEU.2.27.20.2_1,2023,11,0,0
DEU.2.27.20.3_1,2023,11,0,0
DEU.2.27.21.1_1,2023,11,0,0
DEU.2.27.22.1_1,2023,11,0,0
DEU.2.27.23.1_1,2023,11,0,0
DEU.2.27.24.1_1,2023,11,0,0
DEU.2.27.3.1_1,2023,11,0,0
DEU.2.27.4.1_1,2023,11,0,0
DEU.2.27.5.1_1,2023,11,0,0
DEU.2.27.6.1_1,2023,11,0,0
DEU.2.27.6.2_1,2023,11,0,0
DEU.2.27.6.3_1,2023,11,0,0
DEU.2.27.7.1_1,2023,11,0,0
DEU.2.27.8.1_1,2023,11,0,0
DEU.2.27.8.2_1,2023,11,0,0
DEU.2.27.9.1_1,2023,11,0,0
DEU.2.28.1.1_1,2023,11,0,0
DEU.2.28.10.1_1,2023,11,0,0
DEU.2.28.11.1_1,2023,11,0,0
DEU.2.28.11.2_1,2023,11,0,0
DEU.2.28.12.1_1,2023,11,0,0
DEU.2.28.12.2_1,2023,11,0,0
DEU.2.28.13.1_1,2023,11,0,0
DEU.2.28.13.2_1,2023,11,0,0
DEU.2.28.14.1_1,2023,11,0,0
DEU.2.28.15.1_1,2023,11,0,0
DEU.2.28.15.2_1,2023,11,0,0
DEU.2.28.15.3_1,2023,11,0,0
DEU.2.28.15.4_1,2023,11,0,0
DEU.2.28.16.1_1,2023,11,0,0
DEU.2.28.17.1_1,2023,11,0,0
DEU.2.28.17.2_1,2023,11,0,0
DEU.2.28.17.3_1,2023,11,0,0
DEU.2.28.2.1_1,2023,11,0,0
DEU.2.28.3.1_1,2023,11,0,0
DEU.2.28.4.1_1,2023,11,0,0
DEU.2.28.5.1_1,2023,11,0,0
DEU.2.28.6.1_1,2023,11,0,0
DEU.2.28.7.1_1,2023,11,0,0
DEU.2.28.7.2_1,2023,11,0,0
DEU.2.28.8.1_1,2023,11,0,0
DEU.2.28.9.1_1,2023,11,0,0
DEU.2.29.1.1_1,2023,11,0,0
DEU.2.29.10.1_1,2023,11,0,0
DEU.2.29.11.1_1,2023,11,0,0
DEU.2.29.12.1_1,2023,11,0,0
DEU.2.29.12.2_1,2023,11,0,0
DEU.2.29.12.3_1,2023,11,0,0
DEU.2.29.12.4_1,2023,11,0,0
DEU.2.29.13.1_1,2023,11,0,0
DEU.2.29.14.1_1,2023,11,0,0
DEU.2.29.15.1_1,2023,11,0,0
DEU.2.29.16.1_1,2023,11,0,0
DEU.2.29.16.2_1,2023,11,0,0
DEU.2.29.17.1_1,2023,11,0,0
DEU.2.29.18.1_1,2023,11,0,0
DEU.2.29.19.1_1,2023,11,0,0
DEU.2.29.2.1_1,2023,11,0,0
DEU.2.29.2.2_1,2023,11,0,0
DEU.2.29.20.1_1,2023,11,0,0
DEU.2.29.21.1_1,2023,11,0,0
DEU.2.29.22.1_1,2023,11,0,0
DEU.2.29.23.1_1,2023,11,0,0
DEU.2.29.24.1_1,2023,11,0,0
DEU.2.29.25.1_1,2023,11,0,0
DEU.2.29.25.2_1,2023,11,0,0
DEU.2.29.25.3_1,2023,11,0,0
DEU.2.29.25.4_1,2023,11,0,0
DEU.2.29.26.1_1,2023,11,0,0
DEU.2.29.27.1_1,2023,11,0,0
DEU.2.29.3.1_1,2023,11,0,0
DEU.2.29.4.1_1,2023,11,0,0
DEU.2.29.5.1_1,2023,11,0,0
DEU.2.29.6.1_1,2023,11,0,0
DEU.2.29.7.1_1,2023,11,0,0
DEU.2.29.8.1_1,2023,11,0,0
DEU.2.29.9.1_1,2023,11,0,0
DEU.2.3.1.1_1,2023,11,0,0
DEU.2.3.10.1_1,2023,11,0,0
DEU.2.3.11.1_1,2023,11,0,0
DEU.2.3.12.1_1,2023,11,0,0
DEU.2.3.13.1_1,2023,11,0,0
DEU.2.3.13.2_1,2023,11,0,0
DEU.2.3.14.1_1,2023,11,0,0
DEU.2.3.15.1_1,2023,11,0,0
DEU.2.3.15.2_1,2023,11,0,0
DEU.2.3.16.1_1,2023,11,0,0
DEU.2.3.17.1_1,2023,11,0,0
DEU.2.3.17.2_1,2023,11,0,0
DEU.2.3.17.3_1,2023,11,0,0
DEU.2.3.18.1_1,2023,11,0,0
DEU.2.3.19.1_1,2023,11,0,0
DEU.2.3.2.1_1,2023,11,0,0
DEU.2.3.20.1_1,2023,11,0,0
DEU.2.3.21.1_1,2023,11,0,0
DEU.2.3.22.1_1,2023,11,0,0
DEU.2.3.23.1_1,2023,11,0,0
DEU.2.3.24.1_1,2023,11,0,0
DEU.2.3.3.1_1,2023,11,0,0
DEU.2.3.4.1_1,2023,11,0,0
DEU.2.3.5.1_1,2023,11,0,0
DEU.2.3.6.1_1,2023,11,0,0
DEU.2.3.7.1_1,2023,11,0,0
DEU.2.3.8.1_1,2023,11,0,0
DEU.2.3.9.1_1,2023,11,0,0
DEU.2.3.9.2_1,2023,11,0,0
DEU.2.30.1.1_1,2023,11,0,0
DEU.2.31.1.1_1,2023,11,0,0
DEU.2.32.1.1_1,2023,11,0,0
DEU.2.32.1.2_1,2023,11,0,0
DEU.2.32.1.3_1,2023,11,0,0
DEU.2.32.10.1_1,2023,11,0,0
DEU.2.32.11.1_1,2023,11,0,0
DEU.2.32.12.1_1,2023,11,0,0
DEU.2.32.13.1_1,2023,11,0,0
DEU.2.32.14.1_1,2023,11,0,0
DEU.2.32.14.2_1,2023,11,0,0
DEU.2.32.14.3_1,2023,11,0,0
DEU.2.32.15.1_1,2023,11,0,0
DEU.2.32.16.1_1,2023,11,0,0
DEU.2.32.17.1_1,2023,11,0,0
DEU.2.32.18.1_1,2023,11,0,0
DEU.2.32.19.1_1,2023,11,0,0
DEU.2.32.2.1_1,2023,11,0,0
DEU.2.32.2.2_1,2023,11,0,0
DEU.2.32.3.1_1,2023,11,0,0
DEU.2.32.3.2_1,2023,11,0,0
DEU.2.32.4.1_1,2023,11,0,0
DEU.2.32.5.1_1,2023,11,0,0
DEU.2.32.6.1_1,2023,11,0,0
DEU.2.32.7.1_1,2023,11,0,0
DEU.2.32.7.2_1,2023,11,0,0
DEU.2.32.7.3_1,2023,11,0,0
DEU.2.32.8.1_1,2023,11,0,0
DEU.2.32.9.1_1,2023,11,0,0
DEU.2.32.9.2_1,2023,11,0,0
DEU.2.32.9.3_1,2023,11,0,0
DEU.2.33.1.1_1,2023,11,0,0
DEU.2.33.1.2_1,2023,11,0,0
DEU.2.33.10.1_1,2023,11,0,0
DEU.2.33.11.1_1,2023,11,0,0
DEU.2.33.12.1_1,2023,11,0,0
DEU.2.33.12.2_1,2023,11,0,0
DEU.2.33.12.3_1,2023,11,0,0
DEU.2.33.12.4_1,2023,11,0,0
DEU.2.33.13.1_1,2023,11,0,0
DEU.2.33.14.1_1,2023,11,0,0
DEU.2.33.15.1_1,2023,11,0,0
DEU.2.33.16.1_1,2023,11,0,0
DEU.2.33.17.1_1,2023,11,0,0
DEU.2.33.17.2_1,2023,11,0,0
DEU.2.33.17.3_1,2023,11,0,0
DEU.2.33.17.4_1,2023,11,0,0
DEU.2.33.2.1_1,2023,11,0,0
DEU.2.33.3.1_1,2023,11,0,0
DEU.2.33.4.1_1,2023,11,0,0
DEU.2.33.5.1_1,2023,11,0,0
DEU.2.33.6.1_1,2023,11,0,0
DEU.2.33.7.1_1,2023,11,0,0
DEU.2.33.8.1_1,2023,11,0,0
DEU.2.33.9.1_1,2023,11,0,0
DEU.2.34.1.1_1,2023,11,0,0
DEU.2.34.10.1_1,2023,11,0,0
DEU.2.34.11.1_1,2023,11,0,0
DEU.2.34.12.1_1,2023,11,0,0
DEU.2.34.13.1_1,2023,11,0,0
DEU.2.34.14.1_1,2023,11,0,0
DEU.2.34.15.1_1,2023,11,0,0
DEU.2.34.16.1_1,2023,11,0,0
DEU.2.34.16.2_1,2023,11,0,0
DEU.2.34.17.1_1,2023,11,0,0
DEU.2.34.18.1_1,2023,11,0,0
DEU.2.34.19.1_1,2023,11,0,0
DEU.2.34.2.1_1,2023,11,0,0
DEU.2.34.20.1_1,2023,11,0,0
DEU.2.34.21.1_1,2023,11,0,0
DEU.2.34.22.1_1,2023,11,0,0
DEU.2.34.23.1_1,2023,11,0,0
DEU.2.34.24.1_1,2023,11,0,0
DEU.2.34.25.1_1,2023,11,0,0
DEU.2.34.25.2_1,2023,11,0,0
DEU.2.34.25.3_1,2023,11,0,0
DEU.2.34.25.4_1,2023,11,0,0
DEU.2.34.26.1_1,2023,11,0,0
DEU.2.34.27.1_1,2023,11,0,0
DEU.2.34.28.1_1,2023,11,0,0
DEU.2.34.28.2_1,2023,11,0,0
DEU.2.34.29.1_1,2023,11,0,0
DEU.2.34.3.1_1,2023,11,0,0
DEU.2.34.30.1_1,2023,11,0,0
DEU.2.34.4.1_1,2023,11,0,0
DEU.2.34.5.1_1,2023,11,0,0
DEU.2.34.6.1_1,2023,11,0,0
DEU.2.34.7.1_1,2023,11,0,0
DEU.2.34.8.1_1,2023,11,0,0
DEU.2.34.8.2_1,2023,11,0,0
DEU.2.34.9.1_1,2023,11,0,0
DEU.2.35.1.1_1,2023,11,0,0
DEU.2.35.10.1_1,2023,11,0,0
DEU.2.35.10.2_1,2023,11,0,0
DEU.2.35.10.3_1,2023,11,0,0
DEU.2.35.10.4_1,2023,11,0,0
DEU.2.35.10.5_1,2023,11,0,0
DEU.2.35.10.6_1,2023,11,0,0
DEU.2.35.10.7_1,2023,11,0,0
DEU.2.35.10.8_1,2023,11,0,0
DEU.2.35.11.1_1,2023,11,0,0
DEU.2.35.12.1_1,2023,11,0,0
DEU.2.35.13.1_1,2023,11,0,0
DEU.2.35.14.1_1,2023,11,0,0
DEU.2.35.2.1_1,2023,11,0,0
DEU.2.35.3.1_1,2023,11,0,0
DEU.2.35.4.1_1,2023,11,0,0
DEU.2.35.5.1_1,2023,11,0,0
DEU.2.35.6.1_1,2023,11,0,0
DEU.2.35.7.1_1,2023,11,0,0
DEU.2.35.7.2_1,2023,11,0,0
DEU.2.35.7.3_1,2023,11,0,0
DEU.2.35.8.1_1,2023,11,0,0
DEU.2.35.9.1_1,2023,11,0,0
DEU.2.36.1.1_1,2023,11,0,0
DEU.2.36.10.1_1,2023,11,0,0
DEU.2.36.10.2_1,2023,11,0,0
DEU.2.36.11.1_1,2023,11,0,0
DEU.2.36.12.1_1,2023,11,0,0
DEU.2.36.2.1_1,2023,11,0,0
DEU.2.36.3.1_1,2023,11,0,0
DEU.2.36.4.1_1,2023,11,0,0
DEU.2.36.5.1_1,2023,11,0,0
DEU.2.36.6.1_1,2023,11,0,0
DEU.2.36.6.2_1,2023,11,0,0
DEU.2.36.7.1_1,2023,11,0,0
DEU.2.36.8.1_1,2023,11,0,0
DEU.2.36.9.1_1,2023,11,0,0
DEU.2.37.1.1_1,2023,11,0,0
DEU.2.37.10.1_1,2023,11,0,0
DEU.2.37.11.1_1,2023,11,0,0
DEU.2.37.11.2_1,2023,11,0,0
DEU.2.37.11.3_1,2023,11,0,0
DEU.2.37.11.4_1,2023,11,0,0
DEU.2.37.12.1_1,2023,11,0,0
DEU.2.37.12.2_1,2023,11,0,0
DEU.2.37.13.1_1,2023,11,0,0
DEU.2.37.13.2_1,2023,11,0,0
DEU.2.37.13.3_1,2023,11,0,0
DEU.2.37.14.1_1,2023,11,0,0
DEU.2.37.15.1_1,2023,11,0,0
DEU.2.37.15.2_1,2023,11,0,0
DEU.2.37.16.1_1,2023,11,0,0
DEU.2.37.2.1_1,2023,11,0,0
DEU.2.37.3.1_1,2023,11,0,0
DEU.2.37.4.1_1,2023,11,0,0
DEU.2.37.5.1_1,2023,11,0,0
DEU.2.37.6.1_1,2023,11,0,0
DEU.2.37.7.1_1,2023,11,0,0
DEU.2.37.8.1_1,2023,11,0,0
DEU.2.37.9.1_1,2023,11,0,0
DEU.2.38.1.1_1,2023,11,0,0
DEU.2.38.10.1_1,2023,11,0,0
DEU.2.38.10.2_1,2023,11,0,0
DEU.2.38.11.1_1,2023,11,0,0
DEU.2.38.11.2_1,2023,11,0,0
DEU.2.38.11.3_1,2023,11,0,0
DEU.2.38.11.4_1,2023,11,0,0
DEU.2.38.11.5_1,2023,11,0,0
DEU.2.38.11.6_1,2023,11,0,0
DEU.2.38.12.1_1,2023,11,0,0
DEU.2.38.13.1_1,2023,11,0,0
DEU.2.38.14.1_1,2023,11,0,0
DEU.2.38.15.1_1,2023,11,0,0
DEU.2.38.15.2_1,2023,11,0,0
DEU.2.38.15.3_1,2023,11,0,0
DEU.2.38.16.1_1,2023,11,0,0
DEU.2.38.16.2_1,2023,11,0,0
DEU.2.38.16.3_1,2023,11,0,0
DEU.2.38.17.1_1,2023,11,0,0
DEU.2.38.18.1_1,2023,11,0,0
DEU.2.38.19.1_1,2023,11,0,0
DEU.2.38.19.2_1,2023,11,0,0
DEU.2.38.2.1_1,2023,11,0,0
DEU.2.38.3.1_1,2023,11,0,0
DEU.2.38.4.1_1,2023,11,0,0
DEU.2.38.5.1_1,2023,11,0,0
DEU.2.38.6.1_1,2023,11,0,0
DEU.2.38.6.2_1,2023,11,0,0
DEU.2.38.6.3_1,2023,11,0,0
DEU.2.38.6.4_1,2023,11,0,0
DEU.2.38.6.5_1,2023,11,0,0
DEU.2.38.7.1_1,2023,11,0,0
DEU.2.38.7.2_1,2023,11,0,0
DEU.2.38.7.3_1,2023,11,0,0
DEU.2.38.8.1_1,2023,11,0,0
DEU.2.38.9.1_1,2023,11,0,0
DEU.2.39.1.1_1,2023,11,0,0
DEU.2.39.1.2_1,2023,11,0,0
DEU.2.39.1.3_1,2023,11,0,0
DEU.2.39.1.4_1,2023,11,0,0
DEU.2.39.10.1_1,2023,11,0,0
DEU.2.39.11.1_1,2023,11,0,0
DEU.2.39.12.1_1,2023,11,0,0
DEU.2.39.12.2_1,2023,11,0,0
DEU.2.39.12.3_1,2023,11,0,0
DEU.2.39.13.1_1,2023,11,0,0
DEU.2.39.14.1_1,2023,11,0,0
DEU.2.39.2.1_1,2023,11,0,0
DEU.2.39.2.2_1,2023,11,0,0
DEU.2.39.2.3_1,2023,11,0,0
DEU.2.39.3.1_1,2023,11,0,0
DEU.2.39.4.1_1,2023,11,0,0
DEU.2.39.5.1_1,2023,11,0,0
DEU.2.39.5.2_1,2023,11,0,0
DEU.2.39.5.3_1,2023,11,0,0
DEU.2.39.5.4_1,2023,11,0,0
DEU.2.39.5.5_1,2023,11,0,0
DEU.2.39.5.6_1,2023,11,0,0
DEU.2.39.6.1_1,2023,11,0,0
DEU.2.39.7.1_1,2023,11,0,0
DEU.2.39.8.1_1,2023,11,0,0
DEU.2.39.9.1_1,2023,11,0,0
DEU.2.4.1.1_1,2023,11,0,0
DEU.2.40.1.1_1,2023,11,0,0
DEU.2.41.1.1_1,2023,11,0,0
DEU.2.41.10.1_1,2023,11,0,0
DEU.2.41.11.1_1,2023,11,0,0
DEU.2.41.12.1_1,2023,11,0,0
DEU.2.41.12.2_1,2023,11,0,0
DEU.2.41.13.1_1,2023,11,0,0
DEU.2.41.14.1_1,2023,11,0,0
DEU.2.41.15.1_1,2023,11,0,0
DEU.2.41.16.1_1,2023,11,0,0
DEU.2.41.17.1_1,2023,11,0,0
DEU.2.41.18.1_1,2023,11,0,0
DEU.2.41.19.1_1,2023,11,0,0
DEU.2.41.19.2_1,2023,11,0,0
DEU.2.41.2.1_1,2023,11,0,0
DEU.2.41.20.1_1,2023,11,0,0
DEU.2.41.21.1_1,2023,11,0,0
DEU.2.41.22.1_1,2023,11,0,0
DEU.2.41.23.1_1,2023,11,0,0
DEU.2.41.23.2_1,2023,11,0,0
DEU.2.41.24.1_1,2023,11,0,0
DEU.2.41.25.1_1,2023,11,0,0
DEU.2.41.3.1_1,2023,11,0,0
DEU.2.41.4.1_1,2023,11,0,0
DEU.2.41.4.2_1,2023,11,0,0
DEU.2.41.4.3_1,2023,11,0,0
DEU.2.41.4.4_1,2023,11,0,0
DEU.2.41.5.1_1,2023,11,0,0
DEU.2.41.6.1_1,2023,11,0,0
DEU.2.41.7.1_1,2023,11,0,0
DEU.2.41.8.1_1,2023,11,0,0
DEU.2.41.9.1_1,2023,11,0,0
DEU.2.42.1.1_1,2023,11,0,0
DEU.2.43.1.1_1,2023,11,0,0
DEU.2.44.1.1_1,2023,11,0,0
DEU.2.44.10.1_1,2023,11,0,0
DEU.2.44.10.2_1,2023,11,0,0
DEU.2.44.10.3_1,2023,11,0,0
DEU.2.44.10.4_1,2023,11,0,0
DEU.2.44.11.1_1,2023,11,0,0
DEU.2.44.12.1_1,2023,11,0,0
DEU.2.44.13.1_1,2023,11,0,0
DEU.2.44.14.1_1,2023,11,0,0
DEU.2.44.15.1_1,2023,11,0,0
DEU.2.44.16.1_1,2023,11,0,0
DEU.2.44.16.2_1,2023,11,0,0
DEU.2.44.17.1_1,2023,11,0,0
DEU.2.44.17.2_1,2023,11,0,0
DEU.2.44.17.3_1,2023,11,0,0
DEU.2.44.17.4_1,2023,11,0,0
DEU.2.44.17.5_1,2023,11,0,0
DEU.2.44.2.1_1,2023,11,0,0
DEU.2.44.3.1_1,2023,11,0,0
DEU.2.44.4.1_1,2023,11,0,0
DEU.2.44.5.1_1,2023,11,0,0
DEU.2.44.6.1_1,2023,11,0,0
DEU.2.44.7.1_1,2023,11,0,0
DEU.2.44.7.2_1,2023,11,0,0
DEU.2.44.8.1_1,2023,11,0,0
DEU.2.44.9.1_1,2023,11,0,0
DEU.2.44.9.2_1,2023,11,0,0
DEU.2.44.9.3_1,2023,11,0,0
DEU.2.45.1.1_1,2023,11,0,0
DEU.2.46.1.1_1,2023,11,0,0
DEU.2.46.10.1_1,2023,11,0,0
DEU.2.46.11.1_1,2023,11,0,0
DEU.2.46.11.2_1,2023,11,0,0
DEU.2.46.11.3_1,2023,11,0,0
DEU.2.46.12.1_1,2023,11,0,0
DEU.2.46.12.2_1,2023,11,0,0
DEU.2.46.12.3_1,2023,11,0,0
DEU.2.46.12.4_1,2023,11,0,0
DEU.2.46.2.1_1,2023,11,0,0
DEU.2.46.3.1_1,2023,11,0,0
DEU.2.46.3.2_1,2023,11,0,0
DEU.2.46.3.3_1,2023,11,0,0
DEU.2.46.4.1_1,2023,11,0,0
DEU.2.46.4.2_1,2023,11,0,0
DEU.2.46.4.3_1,2023,11,0,0
DEU.2.46.4.4_1,2023,11,0,0
DEU.2.46.5.1_1,2023,11,0,0
DEU.2.46.5.2_1,2023,11,0,0
DEU.2.46.5.3_1,2023,11,0,0
DEU.2.46.5.4_1,2023,11,0,0
DEU.2.46.5.5_1,2023,11,0,0
DEU.2.46.6.1_1,2023,11,0,0
DEU.2.46.7.1_1,2023,11,0,0
DEU.2.46.8.1_1,2023,11,0,0
DEU.2.46.8.2_1,2023,11,0,0
DEU.2.46.8.3_1,2023,11,0,0
DEU.2.46.8.4_1,2023,11,0,0
DEU.2.46.8.5_1,2023,11,0,0
DEU.2.46.8.6_1,2023,11,0,0
DEU.2.46.9.1_1,2023,11,0,0
DEU.2.47.1.1_1,2023,11,0,0
DEU.2.47.10.1_1,2023,11,0,0
DEU.2.47.11.1_1,2023,11,0,0
DEU.2.47.12.1_1,2023,11,0,0
DEU.2.47.13.1_1,2023,11,0,0
DEU.2.47.14.1_1,2023,11,0,0
DEU.2.47.14.2_1,2023,11,0,0
DEU.2.47.14.3_1,2023,11,0,0
DEU.2.47.15.1_1,2023,11,0,0
DEU.2.47.16.1_1,2023,11,0,0
DEU.2.47.17.1_1,2023,11,0,0
DEU.2.47.2.1_1,2023,11,0,0
DEU.2.47.3.1_1,2023,11,0,0
DEU.2.47.4.1_1,2023,11,0,0
DEU.2.47.5.1_1,2023,11,0,0
DEU.2.47.6.1_1,2023,11,0,0
DEU.2.47.7.1_1,2023,11,0,0
DEU.2.47.7.2_1,2023,11,0,0
DEU.2.47.8.1_1,2023,11,0,0
DEU.2.47.9.1_1,2023,11,0,0
DEU.2.48.1.1_1,2023,11,0,0
DEU.2.48.10.1_1,2023,11,0,0
DEU.2.48.10.2_1,2023,11,0,0
DEU.2.48.11.1_1,2023,11,0,0
DEU.2.48.12.1_1,2023,11,0,0
DEU.2.48.12.2_1,2023,11,0,0
DEU.2.48.12.3_1,2023,11,0,0
DEU.2.48.13.1_1,2023,11,0,0
DEU.2.48.13.2_1,2023,11,0,0
DEU.2.48.13.3_1,2023,11,0,0
DEU.2.48.13.4_1,2023,11,0,0
DEU.2.48.14.1_1,2023,11,0,0
DEU.2.48.2.1_1,2023,11,0,0
DEU.2.48.2.2_1,2023,11,0,0
DEU.2.48.3.1_1,2023,11,0,0
DEU.2.48.4.1_1,2023,11,0,0
DEU.2.48.5.1_1,2023,11,0,0
DEU.2.48.5.2_1,2023,11,0,0
DEU.2.48.6.1_1,2023,11,0,0
DEU.2.48.7.1_1,2023,11,0,0
DEU.2.48.8.1_1,2023,11,0,0
DEU.2.48.9.1_1,2023,11,0,0
DEU.2.49.1.1_1,2023,11,0,0
DEU.2.49.10.1_1,2023,11,0,0
DEU.2.49.11.1_1,2023,11,0,0
DEU.2.49.11.2_1,2023,11,0,0
DEU.2.49.12.1_1,2023,11,0,0
DEU.2.49.12.2_1,2023,11,0,0
DEU.2.49.12.3_1,2023,11,0,0
DEU.2.49.13.1_1,2023,11,0,0
DEU.2.49.13.2_1,2023,11,0,0
DEU.2.49.13.3_1,2023,11,0,0
DEU.2.49.13.4_1,2023,11,0,0
DEU.2.49.13.5_1,2023,11,0,0
DEU.2.49.13.6_1,2023,11,0,0
DEU.2.49.14.1_1,2023,11,0,0
DEU.2.49.14.2_1,2023,11,0,0
DEU.2.49.14.3_1,2023,11,0,0
DEU.2.49.15.1_1,2023,11,0,0
DEU.2.49.16.1_1,2023,11,0,0
DEU.2.49.17.1_1,2023,11,0,0
DEU.2.49.17.2_1,2023,11,0,0
DEU.2.49.17.3_1,2023,11,0,0
DEU.2.49.2.1_1,2023,11,0,0
DEU.2.49.3.1_1,2023,11,0,0
DEU.2.49.4.1_1,2023,11,0,0
DEU.2.49.5.1_1,2023,11,0,0
DEU.2.49.5.2_1,2023,11,0,0
DEU.2.49.6.1_1,2023,11,0,0
DEU.2.49.7.1_1,2023,11,0,0
DEU.2.49.7.2_1,2023,11,0,0
DEU.2.49.7.3_1,2023,11,0,0
DEU.2.49.8.1_1,2023,11,0,0
DEU.2.49.9.1_1,2023,11,0,0
DEU.2.5.1.1_1,2023,11,0,0
DEU.2.50.1.1_1,2023,11,0,0
DEU.2.51.1.1_1,2023,11,0,0
DEU.2.51.10.1_1,2023,11,0,0
DEU.2.51.11.1_1,2023,11,0,0
DEU.2.51.11.2_1,2023,11,0,0
DEU.2.51.11.3_1,2023,11,0,0
DEU.2.51.12.1_1,2023,11,0,0
DEU.2.51.13.1_1,2023,11,0,0
DEU.2.51.13.2_1,2023,11,0,0
DEU.2.51.13.3_1,2023,11,0,0
DEU.2.51.13.4_1,2023,11,0,0
DEU.2.51.14.1_1,2023,11,0,0
DEU.2.51.15.1_1,2023,11,0,0
DEU.2.51.16.1_1,2023,11,0,0
DEU.2.51.17.1_1,2023,11,0,0
DEU.2.51.18.1_1,2023,11,0,0
DEU.2.51.19.1_1,2023,11,0,0
DEU.2.51.2.1_1,2023,11,0,0
DEU.2.51.20.1_1,2023,11,0,0
DEU.2.51.21.1_1,2023,11,0,0
DEU.2.51.21.2_1,2023,11,0,0
DEU.2.51.21.3_1,2023,11,0,0
DEU.2.51.22.1_1,2023,11,0,0
DEU.2.51.23.1_1,2023,11,0,0
DEU.2.51.24.1_1,2023,11,0,0
DEU.2.51.24.2_1,2023,11,0,0
DEU.2.51.24.3_1,2023,11,0,0
DEU.2.51.3.1_1,2023,11,0,0
DEU.2.51.3.2_1,2023,11,0,0
DEU.2.51.4.1_1,2023,11,0,0
DEU.2.51.5.1_1,2023,11,0,0
DEU.2.51.6.1_1,2023,11,0,0
DEU.2.51.7.1_1,2023,11,0,0
DEU.2.51.8.1_1,2023,11,0,0
DEU.2.51.9.1_1,2023,11,0,0
DEU.2.51.9.2_1,2023,11,0,0
DEU.2.52.1.1_1,2023,11,0,0
DEU.2.52.10.1_1,2023,11,0,0
DEU.2.52.10.2_1,2023,11,0,0
DEU.2.52.11.1_1,2023,11,0,0
DEU.2.52.2.1_1,2023,11,0,0
DEU.2.52.3.1_1,2023,11,0,0
DEU.2.52.4.1_1,2023,11,0,0
DEU.2.52.5.1_1,2023,11,0,0
DEU.2.52.6.1_1,2023,11,0,0
DEU.2.52.6.2_1,2023,11,0,0
DEU.2.52.7.1_1,2023,11,0,0
DEU.2.52.8.1_1,2023,11,0,0
DEU.2.52.9.1_1,2023,11,0,0
DEU.2.53.1.1_1,2023,11,0,0
DEU.2.53.1.2_1,2023,11,0,0
DEU.2.53.1.3_1,2023,11,0,0
DEU.2.53.1.4_1,2023,11,0,0
DEU.2.53.10.1_1,2023,11,0,0
DEU.2.53.10.2_1,2023,11,0,0
DEU.2.53.10.3_1,2023,11,0,0
DEU.2.53.11.1_1,2023,11,0,0
DEU.2.53.11.2_1,2023,11,0,0
DEU.2.53.12.1_1,2023,11,0,0
DEU.2.53.13.1_1,2023,11,0,0
DEU.2.53.2.1_1,2023,11,0,0
DEU.2.53.3.1_1,2023,11,0,0
DEU.2.53.4.1_1,2023,11,0,0
DEU.2.53.5.1_1,2023,11,0,0
DEU.2.53.6.1_1,2023,11,0,0
DEU.2.53.7.1_1,2023,11,0,0
DEU.2.53.8.1_1,2023,11,0,0
DEU.2.53.9.1_1,2023,11,0,0
DEU.2.54.1.1_1,2023,11,0,0
DEU.2.55.1.1_1,2023,11,0,0
DEU.2.55.10.1_1,2023,11,0,0
DEU.2.55.10.2_1,2023,11,0,0
DEU.2.55.10.3_1,2023,11,0,0
DEU.2.55.11.1_1,2023,11,0,0
DEU.2.55.12.1_1,2023,11,0,0
DEU.2.55.13.1_1,2023,11,0,0
DEU.2.55.14.1_1,2023,11,0,0
DEU.2.55.15.1_1,2023,11,0,0
DEU.2.55.15.2_1,2023,11,0,0
DEU.2.55.15.3_1,2023,11,0,0
DEU.2.55.16.1_1,2023,11,0,0
DEU.2.55.17.1_1,2023,11,0,0
DEU.2.55.17.2_1,2023,11,0,0
DEU.2.55.17.3_1,2023,11,0,0
DEU.2.55.17.4_1,2023,11,0,0
DEU.2.55.18.1_1,2023,11,0,0
DEU.2.55.19.1_1,2023,11,0,0
DEU.2.55.19.2_1,2023,11,0,0
DEU.2.55.19.3_1,2023,11,0,0
DEU.2.55.19.4_1,2023,11,0,0
DEU.2.55.19.5_1,2023,11,0,0
DEU.2.55.19.6_1,2023,11,0,0
DEU.2.55.19.7_1,2023,11,0,0
DEU.2.55.19.8_1,2023,11,0,0
DEU.2.55.19.9_1,2023,11,0,0
DEU.2.55.2.1_1,2023,11,0,0
DEU.2.55.20.1_1,2023,11,0,0
DEU.2.55.21.1_1,2023,11,0,0
DEU.2.55.22.1_1,2023,11,0,0
DEU.2.55.22.2_1,2023,11,0,0
DEU.2.55.22.3_1,2023,11,0,0
DEU.2.55.23.1_1,2023,11,0,0
DEU.2.55.24.1_1,2023,11,0,0
DEU.2.55.25.1_1,2023,11,0,0
DEU.2.55.26.1_1,2023,11,0,0
DEU.2.55.26.2_1,2023,11,0,0
DEU.2.55.26.3_1,2023,11,0,0
DEU.2.55.26.4_1,2023,11,0,0
DEU.2.55.3.1_1,2023,11,0,0
DEU.2.55.3.2_1,2023,11,0,0
DEU.2.55.3.3_1,2023,11,0,0
DEU.2.55.3.4_1,2023,11,0,0
DEU.2.55.3.5_1,2023,11,0,0
DEU.2.55.4.1_1,2023,11,0,0
DEU.2.55.5.1_1,2023,11,0,0
DEU.2.55.6.1_1,2023,11,0,0
DEU.2.55.7.1_1,2023,11,0,0
DEU.2.55.8.1_1,2023,11,0,0
DEU.2.55.9.1_1,2023,11,0,0
DEU.2.56.1.1_1,2023,11,0,0
DEU.2.57.1.1_1,2023,11,0,0
DEU.2.57.10.1_1,2023,11,0,0
DEU.2.57.11.1_1,2023,11,0,0
DEU.2.57.12.1_1,2023,11,0,0
DEU.2.57.13.1_1,2023,11,0,0
DEU.2.57.14.1_1,2023,11,0,0
DEU.2.57.15.1_1,2023,11,0,0
DEU.2.57.16.1_1,2023,11,0,0
DEU.2.57.17.1_1,2023,11,0,0
DEU.2.57.2.1_1,2023,11,0,0
DEU.2.57.3.1_1,2023,11,0,0
DEU.2.57.4.1_1,2023,11,0,0
DEU.2.57.5.1_1,2023,11,0,0
DEU.2.57.6.1_1,2023,11,0,0
DEU.2.57.7.1_1,2023,11,0,0
DEU.2.57.8.1_1,2023,11,0,0
DEU.2.57.9.1_1,2023,11,0,0
DEU.2.58.1.1_1,2023,11,0,0
DEU.2.58.10.1_1,2023,11,0,0
DEU.2.58.11.1_1,2023,11,0,0
DEU.2.58.12.1_1,2023,11,0,0
DEU.2.58.13.1_1,2023,11,0,0
DEU.2.58.14.1_1,2023,11,0,0
DEU.2.58.15.1_1,2023,11,0,0
DEU.2.58.15.2_1,2023,11,0,0
DEU.2.58.15.3_1,2023,11,0,0
DEU.2.58.16.1_1,2023,11,0,0
DEU.2.58.16.2_1,2023,11,0,0
DEU.2.58.17.1_1,2023,11,0,0
DEU.2.58.18.1_1,2023,11,0,0
DEU.2.58.19.1_1,2023,11,0,0
DEU.2.58.2.1_1,2023,11,0,0
DEU.2.58.20.1_1,2023,11,0,0
DEU.2.58.21.1_1,2023,11,0,0
DEU.2.58.21.2_1,2023,11,0,0
DEU.2.58.22.1_1,2023,11,0,0
DEU.2.58.23.1_1,2023,11,0,0
DEU.2.58.24.1_1,2023,11,0,0
DEU.2.58.25.1_1,2023,11,0,0
DEU.2.58.25.2_1,2023,11,0,0
DEU.2.58.26.1_1,2023,11,0,0
DEU.2.58.27.1_1,2023,11,0,0
DEU.2.58.28.1_1,2023,11,0,0
DEU.2.58.3.1_1,2023,11,0,0
DEU.2.58.4.1_1,2023,11,0,0
DEU.2.58.5.1_1,2023,11,0,0
DEU.2.58.6.1_1,2023,11,0,0
DEU.2.58.6.2_1,2023,11,0,0
DEU.2.58.7.1_1,2023,11,0,0
DEU.2.58.8.1_1,2023,11,0,0
DEU.2.58.9.1_1,2023,11,0,0
DEU.2.59.1.1_1,2023,11,0,0
DEU.2.59.10.1_1,2023,11,0,0
DEU.2.59.11.1_1,2023,11,0,0
DEU.2.59.12.1_1,2023,11,0,0
DEU.2.59.12.2_1,2023,11,0,0
DEU.2.59.13.1_1,2023,11,0,0
DEU.2.59.13.2_1,2023,11,0,0
DEU.2.59.13.3_1,2023,11,0,0
DEU.2.59.13.4_1,2023,11,0,0
DEU.2.59.14.1_1,2023,11,0,0
DEU.2.59.15.1_1,2023,11,0,0
DEU.2.59.15.2_1,2023,11,0,0
DEU.2.59.16.1_1,2023,11,0,0
DEU.2.59.16.2_1,2023,11,0,0
DEU.2.59.17.1_1,2023,11,0,0
DEU.2.59.17.2_1,2023,11,0,0
DEU.2.59.17.3_1,2023,11,0,0
DEU.2.59.18.1_1,2023,11,0,0
DEU.2.59.19.1_1,2023,11,0,0
DEU.2.59.2.1_1,2023,11,0,0
DEU.2.59.3.1_1,2023,11,0,0
DEU.2.59.4.1_1,2023,11,0,0
DEU.2.59.4.2_1,2023,11,0,0
DEU.2.59.5.1_1,2023,11,0,0
DEU.2.59.6.1_1,2023,11,0,0
DEU.2.59.6.2_1,2023,11,0,0
DEU.2.59.7.1_1,2023,11,0,0
DEU.2.59.7.2_1,2023,11,0,0
DEU.2.59.7.3_1,2023,11,0,0
DEU.2.59.8.1_1,2023,11,0,0
DEU.2.59.8.2_1,2023,11,0,0
DEU.2.59.9.1_1,2023,11,0,0
DEU.2.6.1.1_1,2023,11,0,0
DEU.2.6.10.1_1,2023,11,0,0
DEU.2.6.11.1_1,2023,11,0,0
DEU.2.6.12.1_1,2023,11,0,0
DEU.2.6.13.1_1,2023,11,0,0
DEU.2.6.14.1_1,2023,11,0,0
DEU.2.6.14.2_1,2023,11,0,0
DEU.2.6.14.3_1,2023,11,0,0
DEU.2.6.14.4_1,2023,11,0,0
DEU.2.6.14.5_1,2023,11,0,0
DEU.2.6.15.1_1,2023,11,0,0
DEU.2.6.16.1_1,2023,11,0,0
DEU.2.6.17.1_1,2023,11,0,0
DEU.2.6.18.1_1,2023,11,0,0
DEU.2.6.19.1_1,2023,11,0,0
DEU.2.6.2.1_1,2023,11,0,0
DEU.2.6.20.1_1,2023,11,0,0
DEU.2.6.21.1_1,2023,11,0,0
DEU.2.6.22.1_1,2023,11,0,0
DEU.2.6.23.1_1,2023,11,0,0
DEU.2.6.23.2_1,2023,11,0,0
DEU.2.6.23.3_1,2023,11,0,0
DEU.2.6.23.4_1,2023,11,0,0
DEU.2.6.23.5_1,2023,11,0,0
DEU.2.6.23.6_1,2023,11,0,0
DEU.2.6.23.7_1,2023,11,0,0
DEU.2.6.23.8_1,2023,11,0,0
DEU.2.6.24.1_1,2023,11,0,0
DEU.2.6.25.1_1,2023,11,0,0
DEU.2.6.26.1_1,2023,11,0,0
DEU.2.6.26.2_1,2023,11,0,0
DEU.2.6.26.3_1,2023,11,0,0
DEU.2.6.26.4_1,2023,11,0,0
DEU.2.6.26.5_1,2023,11,0,0
DEU.2.6.26.6_1,2023,11,0,0
DEU.2.6.27.1_1,2023,11,0,0
DEU.2.6.28.1_1,2023,11,0,0
DEU.2.6.29.1_1,2023,11,0,0
DEU.2.6.29.2_1,2023,11,0,0
DEU.2.6.3.1_1,2023,11,0,0
DEU.2.6.30.1_1,2023,11,0,0
DEU.2.6.31.1_1,2023,11,0,0
DEU.2.6.32.1_1,2023,11,0,0
DEU.2.6.32.2_1,2023,11,0,0
DEU.2.6.32.3_1,2023,11,0,0
DEU.2.6.33.1_1,2023,11,0,0
DEU.2.6.33.2_1,2023,11,0,0
DEU.2.6.33.3_1,2023,11,0,0
DEU.2.6.34.1_1,2023,11,0,0
DEU.2.6.35.1_1,2023,11,0,0
DEU.2.6.35.2_1,2023,11,0,0
DEU.2.6.4.1_1,2023,11,0,0
DEU.2.6.5.1_1,2023,11,0,0
DEU.2.6.6.1_1,2023,11,0,0
DEU.2.6.6.2_1,2023,11,0,0
DEU.2.6.6.3_1,2023,11,0,0
DEU.2.6.7.1_1,2023,11,0,0
DEU.2.6.8.1_1,2023,11,0,0
DEU.2.6.9.1_1,2023,11,0,0
DEU.2.60.1.1_1,2023,11,0,0
DEU.2.60.10.1_1,2023,11,0,0
DEU.2.60.11.1_1,2023,11,0,0
DEU.2.60.12.1_1,2023,11,0,0
DEU.2.60.13.1_1,2023,11,0,0
DEU.2.60.14.1_1,2023,11,0,0
DEU.2.60.15.1_1,2023,11,0,0
DEU.2.60.16.1_1,2023,11,0,0
DEU.2.60.17.1_1,2023,11,0,0
DEU.2.60.18.1_1,2023,11,0,0
DEU.2.60.19.1_1,2023,11,0,0
DEU.2.60.2.1_1,2023,11,0,0
DEU.2.60.20.1_1,2023,11,0,0
DEU.2.60.21.1_1,2023,11,0,0
DEU.2.60.22.1_1,2023,11,0,0
DEU.2.60.23.1_1,2023,11,0,0
DEU.2.60.24.1_1,2023,11,0,0
DEU.2.60.25.1_1,2023,11,0,0
DEU.2.60.26.1_1,2023,11,0,0
DEU.2.60.27.1_1,2023,11,0,0
DEU.2.60.28.1_1,2023,11,0,0
DEU.2.60.29.1_1,2023,11,0,0
DEU.2.60.3.1_1,2023,11,0,0
DEU.2.60.30.1_1,2023,11,0,0
DEU.2.60.31.1_1,2023,11,0,0
DEU.2.60.32.1_1,2023,11,0,0
DEU.2.60.4.1_1,2023,11,0,0
DEU.2.60.5.1_1,2023,11,0,0
DEU.2.60.6.1_1,2023,11,0,0
DEU.2.60.7.1_1,2023,11,0,0
DEU.2.60.8.1_1,2023,11,0,0
DEU.2.60.9.1_1,2023,11,0,0
DEU.2.61.1.1_1,2023,11,0,0
DEU.2.61.1.2_1,2023,11,0,0
DEU.2.61.1.3_1,2023,11,0,0
DEU.2.61.10.1_1,2023,11,0,0
DEU.2.61.10.2_1,2023,11,0,0
DEU.2.61.11.1_1,2023,11,0,0
DEU.2.61.12.1_1,2023,11,0,0
DEU.2.61.13.1_1,2023,11,0,0
DEU.2.61.14.1_1,2023,11,0,0
DEU.2.61.15.1_1,2023,11,0,0
DEU.2.61.16.1_1,2023,11,0,0
DEU.2.61.2.1_1,2023,11,0,0
DEU.2.61.3.1_1,2023,11,0,0
DEU.2.61.4.1_1,2023,11,0,0
DEU.2.61.4.2_1,2023,11,0,0
DEU.2.61.4.3_1,2023,11,0,0
DEU.2.61.5.1_1,2023,11,0,0
DEU.2.61.6.1_1,2023,11,0,0
DEU.2.61.7.1_1,2023,11,0,0
DEU.2.61.8.1_1,2023,11,0,0
DEU.2.61.9.1_1,2023,11,0,0
DEU.2.62.1.1_1,2023,11,0,0
DEU.2.62.10.1_1,2023,11,0,0
DEU.2.62.11.1_1,2023,11,0,0
DEU.2.62.11.2_1,2023,11,0,0
DEU.2.62.11.3_1,2023,11,0,0
DEU.2.62.11.4_1,2023,11,0,0
DEU.2.62.11.5_1,2023,11,0,0
DEU.2.62.12.1_1,2023,11,0,0
DEU.2.62.13.1_1,2023,11,0,0
DEU.2.62.2.1_1,2023,11,0,0
DEU.2.62.3.1_1,2023,11,0,0
DEU.2.62.4.1_1,2023,11,0,0
DEU.2.62.5.1_1,2023,11,0,0
DEU.2.62.6.1_1,2023,11,0,0
DEU.2.62.7.1_1,2023,11,0,0
DEU.2.62.7.2_1,2023,11,0,0
DEU.2.62.8.1_1,2023,11,0,0
DEU.2.62.9.1_1,2023,11,0,0
DEU.2.63.1.1_1,2023,11,0,0
DEU.2.63.10.1_1,2023,11,0,0
DEU.2.63.11.1_1,2023,11,0,0
DEU.2.63.11.2_1,2023,11,0,0
DEU.2.63.11.3_1,2023,11,0,0
DEU.2.63.12.1_1,2023,11,0,0
DEU.2.63.13.1_1,2023,11,0,0
DEU.2.63.14.1_1,2023,11,0,0
DEU.2.63.15.1_1,2023,11,0,0
DEU.2.63.16.1_1,2023,11,0,0
DEU.2.63.17.1_1,2023,11,0,0
DEU.2.63.2.1_1,2023,11,0,0
DEU.2.63.3.1_1,2023,11,0,0
DEU.2.63.4.1_1,2023,11,0,0
DEU.2.63.5.1_1,2023,11,0,0
DEU.2.63.6.1_1,2023,11,0,0
DEU.2.63.7.1_1,2023,11,0,0
DEU.2.63.8.1_1,2023,11,0,0
DEU.2.63.9.1_1,2023,11,0,0
DEU.2.64.1.1_1,2023,11,0,0
DEU.2.64.10.1_1,2023,11,0,0
DEU.2.64.10.2_1,2023,11,0,0
DEU.2.64.11.1_1,2023,11,0,0
DEU.2.64.12.1_1,2023,11,0,0
DEU.2.64.13.1_1,2023,11,0,0
DEU.2.64.14.1_1,2023,11,0,0
DEU.2.64.14.2_1,2023,11,0,0
DEU.2.64.14.3_1,2023,11,0,0
DEU.2.64.14.4_1,2023,11,0,0
DEU.2.64.14.5_1,2023,11,0,0
DEU.2.64.14.6_1,2023,11,0,0
DEU.2.64.15.1_1,2023,11,0,0
DEU.2.64.15.2_1,2023,11,0,0
DEU.2.64.15.3_1,2023,11,0,0
DEU.2.64.16.1_1,2023,11,0,0
DEU.2.64.16.2_1,2023,11,0,0
DEU.2.64.16.3_1,2023,11,0,0
DEU.2.64.16.4_1,2023,11,0,0
DEU.2.64.16.5_1,2023,11,0,0
DEU.2.64.16.6_1,2023,11,0,0
DEU.2.64.16.7_1,2023,11,0,0
DEU.2.64.16.8_1,2023,11,0,0
DEU.2.64.16.9_1,2023,11,0,0
DEU.2.64.2.1_1,2023,11,0,0
DEU.2.64.2.2_1,2023,11,0,0
DEU.2.64.2.3_1,2023,11,0,0
DEU.2.64.2.4_1,2023,11,0,0
DEU.2.64.3.1_1,2023,11,0,0
DEU.2.64.4.1_1,2023,11,0,0
DEU.2.64.4.2_1,2023,11,0,0
DEU.2.64.4.3_1,2023,11,0,0
DEU.2.64.4.4_1,2023,11,0,0
DEU.2.64.5.1_1,2023,11,0,0
DEU.2.64.6.1_1,2023,11,0,0
DEU.2.64.7.1_1,2023,11,0,0
DEU.2.64.7.2_1,2023,11,0,0
DEU.2.64.8.1_1,2023,11,0,0
DEU.2.64.9.1_1,2023,11,0,0
DEU.2.65.1.1_1,2023,11,0,0
DEU.2.65.10.1_1,2023,11,0,0
DEU.2.65.11.1_1,2023,11,0,0
DEU.2.65.12.1_1,2023,11,0,0
DEU.2.65.13.1_1,2023,11,0,0
DEU.2.65.13.2_1,2023,11,0,0
DEU.2.65.13.3_1,2023,11,0,0
DEU.2.65.13.4_1,2023,11,0,0
DEU.2.65.13.5_1,2023,11,0,0
DEU.2.65.14.1_1,2023,11,0,0
DEU.2.65.15.1_1,2023,11,0,0
DEU.2.65.15.2_1,2023,11,0,0
DEU.2.65.16.1_1,2023,11,0,0
DEU.2.65.16.2_1,2023,11,0,0
DEU.2.65.16.3_1,2023,11,0,0
DEU.2.65.17.1_1,2023,11,0,0
DEU.2.65.17.2_1,2023,11,0,0
DEU.2.65.17.3_1,2023,11,0,0
DEU.2.65.17.4_1,2023,11,0,0
DEU.2.65.18.1_1,2023,11,0,0
DEU.2.65.19.1_1,2023,11,0,0
DEU.2.65.19.2_1,2023,11,0,0
DEU.2.65.2.1_1,2023,11,0,0
DEU.2.65.2.2_1,2023,11,0,0
DEU.2.65.2.3_1,2023,11,0,0
DEU.2.65.20.1_1,2023,11,0,0
DEU.2.65.21.1_1,2023,11,0,0
DEU.2.65.22.1_1,2023,11,0,0
DEU.2.65.23.1_1,2023,11,0,0
DEU.2.65.23.2_1,2023,11,0,0
DEU.2.65.23.3_1,2023,11,0,0
DEU.2.65.24.1_1,2023,11,0,0
DEU.2.65.3.1_1,2023,11,0,0
DEU.2.65.4.1_1,2023,11,0,0
DEU.2.65.5.1_1,2023,11,0,0
DEU.2.65.6.1_1,2023,11,0,0
DEU.2.65.7.1_1,2023,11,0,0
DEU.2.65.8.1_1,2023,11,0,0
DEU.2.65.8.2_1,2023,11,0,0
DEU.2.65.8.3_1,2023,11,0,0
DEU.2.65.9.1_1,2023,11,0,0
DEU.2.66.1.1_1,2023,11,0,0
DEU.2.66.10.1_1,2023,11,0,0
DEU.2.66.11.1_1,2023,11,0,0
DEU.2.66.12.1_1,2023,11,0,0
DEU.2.66.12.2_1,2023,11,0,0
DEU.2.66.13.1_1,2023,11,0,0
DEU.2.66.13.2_1,2023,11,0,0
DEU.2.66.13.3_1,2023,11,0,0
DEU.2.66.14.1_1,2023,11,0,0
DEU.2.66.15.1_1,2023,11,0,0
DEU.2.66.16.1_1,2023,11,0,0
DEU.2.66.17.1_1,2023,11,0,0
DEU.2.66.18.1_1,2023,11,0,0
DEU.2.66.19.1_1,2023,11,0,0
DEU.2.66.2.1_1,2023,11,0,0
DEU.2.66.20.1_1,2023,11,0,0
DEU.2.66.21.1_1,2023,11,0,0
DEU.2.66.22.1_1,2023,11,0,0
DEU.2.66.23.1_1,2023,11,0,0
DEU.2.66.24.1_1,2023,11,0,0
DEU.2.66.25.1_1,2023,11,0,0
DEU.2.66.26.1_1,2023,11,0,0
DEU.2.66.27.1_1,2023,11,0,0
DEU.2.66.28.1_1,2023,11,0,0
DEU.2.66.29.1_1,2023,11,0,0
DEU.2.66.3.1_1,2023,11,0,0
DEU.2.66.30.1_1,2023,11,0,0
DEU.2.66.31.1_1,2023,11,0,0
DEU.2.66.32.1_1,2023,11,0,0
DEU.2.66.33.1_1,2023,11,0,0
DEU.2.66.33.2_1,2023,11,0,0
DEU.2.66.33.3_1,2023,11,0,0
DEU.2.66.34.1_1,2023,11,0,0
DEU.2.66.35.1_1,2023,11,0,0
DEU.2.66.36.1_1,2023,11,0,0
DEU.2.66.4.1_1,2023,11,0,0
DEU.2.66.5.1_1,2023,11,0,0
DEU.2.66.6.1_1,2023,11,0,0
DEU.2.66.7.1_1,2023,11,0,0
DEU.2.66.8.1_1,2023,11,0,0
DEU.2.66.9.1_1,2023,11,0,0
DEU.2.67.1.1_1,2023,11,0,0
DEU.2.68.1.1_1,2023,11,0,0
DEU.2.68.10.1_1,2023,11,0,0
DEU.2.68.10.2_1,2023,11,0,0
DEU.2.68.10.3_1,2023,11,0,0
DEU.2.68.10.4_1,2023,11,0,0
DEU.2.68.10.5_1,2023,11,0,0
DEU.2.68.11.1_1,2023,11,0,0
DEU.2.68.12.1_1,2023,11,0,0
DEU.2.68.13.1_1,2023,11,0,0
DEU.2.68.14.1_1,2023,11,0,0
DEU.2.68.15.1_1,2023,11,0,0
DEU.2.68.16.1_1,2023,11,0,0
DEU.2.68.17.1_1,2023,11,0,0
DEU.2.68.18.1_1,2023,11,0,0
DEU.2.68.19.1_1,2023,11,0,0
DEU.2.68.2.1_1,2023,11,0,0
DEU.2.68.20.1_1,2023,11,0,0
DEU.2.68.21.1_1,2023,11,0,0
DEU.2.68.21.2_1,2023,11,0,0
DEU.2.68.22.1_1,2023,11,0,0
DEU.2.68.23.1_1,2023,11,0,0
DEU.2.68.24.1_1,2023,11,0,0
DEU.2.68.3.1_1,2023,11,0,0
DEU.2.68.4.1_1,2023,11,0,0
DEU.2.68.5.1_1,2023,11,0,0
DEU.2.68.6.1_1,2023,11,0,0
DEU.2.68.7.1_1,2023,11,0,0
DEU.2.68.8.1_1,2023,11,0,0
DEU.2.68.9.1_1,2023,11,0,0
DEU.2.69.1.1_1,2023,11,0,0
DEU.2.69.1.2_1,2023,11,0,0
DEU.2.69.1.3_1,2023,11,0,0
DEU.2.69.1.4_1,2023,11,0,0
DEU.2.69.10.1_1,2023,11,0,0
DEU.2.69.11.1_1,2023,11,0,0
DEU.2.69.11.2_1,2023,11,0,0
DEU.2.69.11.3_1,2023,11,0,0
DEU.2.69.12.1_1,2023,11,0,0
DEU.2.69.12.2_1,2023,11,0,0
DEU.2.69.12.3_1,2023,11,0,0
DEU.2.69.13.1_1,2023,11,0,0
DEU.2.69.14.1_1,2023,11,0,0
DEU.2.69.15.1_1,2023,11,0,0
DEU.2.69.15.2_1,2023,11,0,0
DEU.2.69.16.1_1,2023,11,0,0
DEU.2.69.17.1_1,2023,11,0,0
DEU.2.69.17.2_1,2023,11,0,0
DEU.2.69.17.3_1,2023,11,0,0
DEU.2.69.17.4_1,2023,11,0,0
DEU.2.69.17.5_1,2023,11,0,0
DEU.2.69.17.6_1,2023,11,0,0
DEU.2.69.18.1_1,2023,11,0,0
DEU.2.69.18.2_1,2023,11,0,0
DEU.2.69.19.1_1,2023,11,0,0
DEU.2.69.19.2_1,2023,11,0,0
DEU.2.69.19.3_1,2023,11,0,0
DEU.2.69.2.1_1,2023,11,0,0
DEU.2.69.2.2_1,2023,11,0,0
DEU.2.69.2.3_1,2023,11,0,0
DEU.2.69.2.4_1,2023,11,0,0
DEU.2.69.20.1_1,2023,11,0,0
DEU.2.69.20.2_1,2023,11,0,0
DEU.2.69.20.3_1,2023,11,0,0
DEU.2.69.20.4_1,2023,11,0,0
DEU.2.69.20.5_1,2023,11,0,0
DEU.2.69.3.1_1,2023,11,0,0
DEU.2.69.3.2_1,2023,11,0,0
DEU.2.69.3.3_1,2023,11,0,0
DEU.2.69.4.1_1,2023,11,0,0
DEU.2.69.5.1_1,2023,11,0,0
DEU.2.69.6.1_1,2023,11,0,0
DEU.2.69.7.1_1,2023,11,0,0
DEU.2.69.8.1_1,2023,11,0,0
DEU.2.69.9.1_1,2023,11,0,0
DEU.2.7.1.1_1,2023,11,0,0
DEU.2.70.1.1_1,2023,11,0,0
DEU.2.71.1.1_1,2023,11,0,0
DEU.2.71.10.1_1,2023,11,0,0
DEU.2.71.11.1_1,2023,11,0,0
DEU.2.71.12.1_1,2023,11,0,0
DEU.2.71.13.1_1,2023,11,0,0
DEU.2.71.14.1_1,2023,11,0,0
DEU.2.71.15.1_1,2023,11,0,0
DEU.2.71.16.1_1,2023,11,0,0
DEU.2.71.17.1_1,2023,11,0,0
DEU.2.71.18.1_1,2023,11,0,0
DEU.2.71.19.1_1,2023,11,0,0
DEU.2.71.2.1_1,2023,11,0,0
DEU.2.71.2.2_1,2023,11,0,0
DEU.2.71.20.1_1,2023,11,0,0
DEU.2.71.21.1_1,2023,11,0,0
DEU.2.71.22.1_1,2023,11,0,0
DEU.2.71.23.1_1,2023,11,0,0
DEU.2.71.23.2_1,2023,11,0,0
DEU.2.71.24.1_1,2023,11,0,0
DEU.2.71.25.1_1,2023,11,0,0
DEU.2.71.26.1_1,2023,11,0,0
DEU.2.71.27.1_1,2023,11,0,0
DEU.2.71.28.1_1,2023,11,0,0
DEU.2.71.29.1_1,2023,11,0,0
DEU.2.71.3.1_1,2023,11,0,0
DEU.2.71.30.1_1,2023,11,0,0
DEU.2.71.31.1_1,2023,11,0,0
DEU.2.71.31.2_1,2023,11,0,0
DEU.2.71.32.1_1,2023,11,0,0
DEU.2.71.33.1_1,2023,11,0,0
DEU.2.71.34.1_1,2023,11,0,0
DEU.2.71.35.1_1,2023,11,0,0
DEU.2.71.4.1_1,2023,11,0,0
DEU.2.71.5.1_1,2023,11,0,0
DEU.2.71.6.1_1,2023,11,0,0
DEU.2.71.7.1_1,2023,11,0,0
DEU.2.71.8.1_1,2023,11,0,0
DEU.2.71.9.1_1,2023,11,0,0
DEU.2.72.1.1_1,2023,11,0,0
DEU.2.72.10.1_1,2023,11,0,0
DEU.2.72.11.1_1,2023,11,0,0
DEU.2.72.11.2_1,2023,11,0,0
DEU.2.72.12.1_1,2023,11,0,0
DEU.2.72.13.1_1,2023,11,0,0
DEU.2.72.14.1_1,2023,11,0,0
DEU.2.72.15.1_1,2023,11,0,0
DEU.2.72.16.1_1,2023,11,0,0
DEU.2.72.2.1_1,2023,11,0,0
DEU.2.72.2.2_1,2023,11,0,0
DEU.2.72.3.1_1,2023,11,0,0
DEU.2.72.4.1_1,2023,11,0,0
DEU.2.72.5.1_1,2023,11,0,0
DEU.2.72.5.2_1,2023,11,0,0
DEU.2.72.6.1_1,2023,11,0,0
DEU.2.72.7.1_1,2023,11,0,0
DEU.2.72.8.1_1,2023,11,0,0
DEU.2.72.9.1_1,2023,11,0,0
DEU.2.73.1.1_1,2023,11,0,0
DEU.2.73.10.1_1,2023,11,0,0
DEU.2.73.11.1_1,2023,11,0,0
DEU.2.73.12.1_1,2023,11,0,0
DEU.2.73.13.1_1,2023,11,0,0
DEU.2.73.14.1_1,2023,11,0,0
DEU.2.73.15.1_1,2023,11,0,0
DEU.2.73.16.1_1,2023,11,0,0
DEU.2.73.17.1_1,2023,11,0,0
DEU.2.73.18.1_1,2023,11,0,0
DEU.2.73.18.2_1,2023,11,0,0
DEU.2.73.18.3_1,2023,11,0,0
DEU.2.73.18.4_1,2023,11,0,0
DEU.2.73.19.1_1,2023,11,0,0
DEU.2.73.2.1_1,2023,11,0,0
DEU.2.73.20.1_1,2023,11,0,0
DEU.2.73.21.1_1,2023,11,0,0
DEU.2.73.3.1_1,2023,11,0,0
DEU.2.73.4.1_1,2023,11,0,0
DEU.2.73.5.1_1,2023,11,0,0
DEU.2.73.6.1_1,2023,11,0,0
DEU.2.73.7.1_1,2023,11,0,0
DEU.2.73.8.1_1,2023,11,0,0
DEU.2.73.9.1_1,2023,11,0,0
DEU.2.74.1.1_1,2023,11,0,0
DEU.2.75.1.1_1,2023,11,0,0
DEU.2.75.1.2_1,2023,11,0,0
DEU.2.75.10.1_1,2023,11,0,0
DEU.2.75.11.1_1,2023,11,0,0
DEU.2.75.12.1_1,2023,11,0,0
DEU.2.75.12.2_1,2023,11,0,0
DEU.2.75.12.3_1,2023,11,0,0
DEU.2.75.13.1_1,2023,11,0,0
DEU.2.75.14.1_1,2023,11,0,0
DEU.2.75.15.1_1,2023,11,0,0
DEU.2.75.16.1_1,2023,11,0,0
DEU.2.75.17.1_1,2023,11,0,0
DEU.2.75.18.1_1,2023,11,0,0
DEU.2.75.19.1_1,2023,11,0,0
DEU.2.75.2.1_1,2023,11,0,0
DEU.2.75.20.1_1,2023,11,0,0
DEU.2.75.21.1_1,2023,11,0,0
DEU.2.75.21.2_1,2023,11,0,0
DEU.2.75.22.1_1,2023,11,0,0
DEU.2.75.23.1_1,2023,11,0,0
DEU.2.75.24.1_1,2023,11,0,0
DEU.2.75.25.1_1,2023,11,0,0
DEU.2.75.25.2_1,2023,11,0,0
DEU.2.75.25.3_1,2023,11,0,0
DEU.2.75.25.4_1,2023,11,0,0
DEU.2.75.26.1_1,2023,11,0,0
DEU.2.75.27.1_1,2023,11,0,0
DEU.2.75.28.1_1,2023,11,0,0
DEU.2.75.29.1_1,2023,11,0,0
DEU.2.75.3.1_1,2023,11,0,0
DEU.2.75.30.1_1,2023,11,0,0
DEU.2.75.30.2_1,2023,11,0,0
DEU.2.75.31.1_1,2023,11,0,0
DEU.2.75.4.1_1,2023,11,0,0
DEU.2.75.5.1_1,2023,11,0,0
DEU.2.75.5.2_1,2023,11,0,0
DEU.2.75.5.3_1,2023,11,0,0
DEU.2.75.6.1_1,2023,11,0,0
DEU.2.75.7.1_1,2023,11,0,0
DEU.2.75.8.1_1,2023,11,0,0
DEU.2.75.9.1_1,2023,11,0,0
DEU.2.75.9.2_1,2023,11,0,0
DEU.2.75.9.3_1,2023,11,0,0
DEU.2.76.1.1_1,2023,11,0,0
DEU.2.76.1.2_1,2023,11,0,0
DEU.2.76.1.3_1,2023,11,0,0
DEU.2.76.1.4_1,2023,11,0,0
DEU.2.76.1.5_1,2023,11,0,0
DEU.2.76.1.6_1,2023,11,0,0
DEU.2.76.1.7_1,2023,11,0,0
DEU.2.76.10.1_1,2023,11,0,0
DEU.2.76.11.1_1,2023,11,0,0
DEU.2.76.12.1_1,2023,11,0,0
DEU.2.76.12.2_1,2023,11,0,0
DEU.2.76.12.3_1,2023,11,0,0
DEU.2.76.12.4_1,2023,11,0,0
DEU.2.76.13.1_1,2023,11,0,0
DEU.2.76.14.1_1,2023,11,0,0
DEU.2.76.14.2_1,2023,11,0,0
DEU.2.76.14.3_1,2023,11,0,0
DEU.2.76.14.4_1,2023,11,0,0
DEU.2.76.15.1_1,2023,11,0,0
DEU.2.76.16.1_1,2023,11,0,0
DEU.2.76.16.2_1,2023,11,0,0
DEU.2.76.16.3_1,2023,11,0,0
DEU.2.76.17.1_1,2023,11,0,0
DEU.2.76.17.2_1,2023,11,0,0
DEU.2.76.17.3_1,2023,11,0,0
DEU.2.76.18.1_1,2023,11,0,0
DEU.2.76.19.1_1,2023,11,0,0
DEU.2.76.2.1_1,2023,11,0,0
DEU.2.76.20.1_1,2023,11,0,0
DEU.2.76.21.1_1,2023,11,0,0
DEU.2.76.3.1_1,2023,11,0,0
DEU.2.76.3.2_1,2023,11,0,0
DEU.2.76.3.3_1,2023,11,0,0
DEU.2.76.3.4_1,2023,11,0,0
DEU.2.76.3.5_1,2023,11,0,0
DEU.2.76.3.6_1,2023,11,0,0
DEU.2.76.3.7_1,2023,11,0,0
DEU.2.76.4.1_1,2023,11,0,0
DEU.2.76.5.1_1,2023,11,0,0
DEU.2.76.6.1_1,2023,11,0,0
DEU.2.76.7.1_1,2023,11,0,0
DEU.2.76.8.1_1,2023,11,0,0
DEU.2.76.9.1_1,2023,11,0,0
DEU.2.76.9.2_1,2023,11,0,0
DEU.2.76.9.3_1,2023,11,0,0
DEU.2.77.1.1_1,2023,11,0,0
DEU.2.78.1.1_1,2023,11,0,0
DEU.2.78.10.1_1,2023,11,0,0
DEU.2.78.11.1_1,2023,11,0,0
DEU.2.78.12.1_1,2023,11,0,0
DEU.2.78.13.1_1,2023,11,0,0
DEU.2.78.14.1_1,2023,11,0,0
DEU.2.78.15.1_1,2023,11,0,0
DEU.2.78.16.1_1,2023,11,0,0
DEU.2.78.17.1_1,2023,11,0,0
DEU.2.78.18.1_1,2023,11,0,0
DEU.2.78.19.1_1,2023,11,0,0
DEU.2.78.19.2_1,2023,11,0,0
DEU.2.78.19.3_1,2023,11,0,0
DEU.2.78.2.1_1,2023,11,0,0
DEU.2.78.20.1_1,2023,11,0,0
DEU.2.78.21.1_1,2023,11,0,0
DEU.2.78.22.1_1,2023,11,0,0
DEU.2.78.23.1_1,2023,11,0,0
DEU.2.78.24.1_1,2023,11,0,0
DEU.2.78.25.1_1,2023,11,0,0
DEU.2.78.25.2_1,2023,11,0,0
DEU.2.78.26.1_1,2023,11,0,0
DEU.2.78.27.1_1,2023,11,0,0
DEU.2.78.28.1_1,2023,11,0,0
DEU.2.78.29.1_1,2023,11,0,0
DEU.2.78.3.1_1,2023,11,0,0
DEU.2.78.30.1_1,2023,11,0,0
DEU.2.78.31.1_1,2023,11,0,0
DEU.2.78.32.1_1,2023,11,0,0
DEU.2.78.32.2_1,2023,11,0,0
DEU.2.78.33.1_1,2023,11,0,0
DEU.2.78.34.1_1,2023,11,0,0
DEU.2.78.35.1_1,2023,11,0,0
DEU.2.78.36.1_1,2023,11,0,0
DEU.2.78.37.1_1,2023,11,0,0
DEU.2.78.38.1_1,2023,11,0,0
DEU.2.78.39.1_1,2023,11,0,0
DEU.2.78.4.1_1,2023,11,0,0
DEU.2.78.40.1_1,2023,11,0,0
DEU.2.78.41.1_1,2023,11,0,0
DEU.2.78.42.1_1,2023,11,0,0
DEU.2.78.5.1_1,2023,11,0,0
DEU.2.78.6.1_1,2023,11,0,0
DEU.2.78.7.1_1,2023,11,0,0
DEU.2.78.8.1_1,2023,11,0,0
DEU.2.78.9.1_1,2023,11,0,0
DEU.2.78.9.2_1,2023,11,0,0
DEU.2.78.9.3_1,2023,11,0,0
DEU.2.79.1.1_1,2023,11,0,0
DEU.2.79.10.1_1,2023,11,0,0
DEU.2.79.11.1_1,2023,11,0,0
DEU.2.79.12.1_1,2023,11,0,0
DEU.2.79.13.1_1,2023,11,0,0
DEU.2.79.14.1_1,2023,11,0,0
DEU.2.79.15.1_1,2023,11,0,0
DEU.2.79.16.1_1,2023,11,0,0
DEU.2.79.17.1_1,2023,11,0,0
DEU.2.79.18.1_1,2023,11,0,0
DEU.2.79.19.1_1,2023,11,0,0
DEU.2.79.2.1_1,2023,11,0,0
DEU.2.79.20.1_1,2023,11,0,0
DEU.2.79.21.1_1,2023,11,0,0
DEU.2.79.3.1_1,2023,11,0,0
DEU.2.79.4.1_1,2023,11,0,0
DEU.2.79.5.1_1,2023,11,0,0
DEU.2.79.6.1_1,2023,11,0,0
DEU.2.79.7.1_1,2023,11,0,0
DEU.2.79.8.1_1,2023,11,0,0
DEU.2.79.9.1_1,2023,11,0,0
DEU.2.8.1.1_1,2023,11,0,0
DEU.2.8.10.1_1,2023,11,0,0
DEU.2.8.11.1_1,2023,11,0,0
DEU.2.8.12.1_1,2023,11,0,0
DEU.2.8.13.1_1,2023,11,0,0
DEU.2.8.14.1_1,2023,11,0,0
DEU.2.8.15.1_1,2023,11,0,0
DEU.2.8.16.1_1,2023,11,0,0
DEU.2.8.17.1_1,2023,11,0,0
DEU.2.8.18.1_1,2023,11,0,0
DEU.2.8.19.1_1,2023,11,0,0
DEU.2.8.19.2_1,2023,11,0,0
DEU.2.8.19.3_1,2023,11,0,0
DEU.2.8.2.1_1,2023,11,0,0
DEU.2.8.20.1_1,2023,11,0,0
DEU.2.8.21.1_1,2023,11,0,0
DEU.2.8.22.1_1,2023,11,0,0
DEU.2.8.23.1_1,2023,11,0,0
DEU.2.8.24.1_1,2023,11,0,0
DEU.2.8.25.1_1,2023,11,0,0
DEU.2.8.26.1_1,2023,11,0,0
DEU.2.8.26.2_1,2023,11,0,0
DEU.2.8.26.3_1,2023,11,0,0
DEU.2.8.26.4_1,2023,11,0,0
DEU.2.8.26.5_1,2023,11,0,0
DEU.2.8.26.6_1,2023,11,0,0
DEU.2.8.26.7_1,2023,11,0,0
DEU.2.8.27.1_1,2023,11,0,0
DEU.2.8.28.1_1,2023,11,0,0
DEU.2.8.29.1_1,2023,11,0,0
DEU.2.8.3.1_1,2023,11,0,0
DEU.2.8.30.1_1,2023,11,0,0
DEU.2.8.31.1_1,2023,11,0,0
DEU.2.8.32.1_1,2023,11,0,0
DEU.2.8.4.1_1,2023,11,0,0
DEU.2.8.5.1_1,2023,11,0,0
DEU.2.8.6.1_1,2023,11,0,0
DEU.2.8.7.1_1,2023,11,0,0
DEU.2.8.8.1_1,2023,11,0,0
DEU.2.8.9.1_1,2023,11,0,0
DEU.2.8.9.2_1,2023,11,0,0
DEU.2.80.1.1_1,2023,11,0,0
DEU.2.80.10.1_1,2023,11,0,0
DEU.2.80.11.1_1,2023,11,0,0
DEU.2.80.12.1_1,2023,11,0,0
DEU.2.80.13.1_1,2023,11,0,0
DEU.2.80.13.2_1,2023,11,0,0
DEU.2.80.14.1_1,2023,11,0,0
DEU.2.80.15.1_1,2023,11,0,0
DEU.2.80.16.1_1,2023,11,0,0
DEU.2.80.17.1_1,2023,11,0,0
DEU.2.80.18.1_1,2023,11,0,0
DEU.2.80.19.1_1,2023,11,0,0
DEU.2.80.2.1_1,2023,11,0,0
DEU.2.80.2.2_1,2023,11,0,0
DEU.2.80.20.1_1,2023,11,0,0
DEU.2.80.20.2_1,2023,11,0,0
DEU.2.80.21.1_1,2023,11,0,0
DEU.2.80.22.1_1,2023,11,0,0
DEU.2.80.23.1_1,2023,11,0,0
DEU.2.80.24.1_1,2023,11,0,0
DEU.2.80.25.1_1,2023,11,0,0
DEU.2.80.3.1_1,2023,11,0,0
DEU.2.80.4.1_1,2023,11,0,0
DEU.2.80.5.1_1,2023,11,0,0
DEU.2.80.6.1_1,2023,11,0,0
DEU.2.80.6.2_1,2023,11,0,0
DEU.2.80.7.1_1,2023,11,0,0
DEU.2.80.7.2_1,2023,11,0,0
DEU.2.80.7.3_1,2023,11,0,0
DEU.2.80.8.1_1,2023,11,0,0
DEU.2.80.9.1_1,2023,11,0,0
DEU.2.81.1.1_1,2023,11,0,0
DEU.2.82.1.1_1,2023,11,0,0
DEU.2.82.10.1_1,2023,11,0,0
DEU.2.82.10.2_1,2023,11,0,0
DEU.2.82.10.3_1,2023,11,0,0
DEU.2.82.10.4_1,2023,11,0,0
DEU.2.82.11.1_1,2023,11,0,0
DEU.2.82.12.1_1,2023,11,0,0
DEU.2.82.13.1_1,2023,11,0,0
DEU.2.82.13.2_1,2023,11,0,0
DEU.2.82.14.1_1,2023,11,0,0
DEU.2.82.15.1_1,2023,11,0,0
DEU.2.82.15.2_1,2023,11,0,0
DEU.2.82.15.3_1,2023,11,0,0
DEU.2.82.16.1_1,2023,11,0,0
DEU.2.82.17.1_1,2023,11,0,0
DEU.2.82.17.2_1,2023,11,0,0
DEU.2.82.17.3_1,2023,11,0,0
DEU.2.82.18.1_1,2023,11,0,0
DEU.2.82.19.1_1,2023,11,0,0
DEU.2.82.19.2_1,2023,11,0,0
DEU.2.82.2.1_1,2023,11,0,0
DEU.2.82.20.1_1,2023,11,0,0
DEU.2.82.21.1_1,2023,11,0,0
DEU.2.82.3.1_1,2023,11,0,0
DEU.2.82.4.1_1,2023,11,0,0
DEU.2.82.5.1_1,2023,11,0,0
DEU.2.82.6.1_1,2023,11,0,0
DEU.2.82.6.2_1,2023,11,0,0
DEU.2.82.6.3_1,2023,11,0,0
DEU.2.82.7.1_1,2023,11,0,0
DEU.2.82.7.2_1,2023,11,0,0
DEU.2.82.7.3_1,2023,11,0,0
DEU.2.82.7.4_1,2023,11,0,0
DEU.2.82.8.1_1,2023,11,0,0
DEU.2.82.9.1_1,2023,11,0,0
DEU.2.83.1.1_1,2023,11,0,0
DEU.2.84.1.1_1,2023,11,0,0
DEU.2.84.10.1_1,2023,11,0,0
DEU.2.84.11.1_1,2023,11,0,0
DEU.2.84.12.1_1,2023,11,0,0
DEU.2.84.13.1_1,2023,11,0,0
DEU.2.84.14.1_1,2023,11,0,0
DEU.2.84.15.1_1,2023,11,0,0
DEU.2.84.16.1_1,2023,11,0,0
DEU.2.84.17.1_1,2023,11,0,0
DEU.2.84.18.1_1,2023,11,0,0
DEU.2.84.18.2_1,2023,11,0,0
DEU.2.84.19.1_1,2023,11,0,0
DEU.2.84.2.1_1,2023,11,0,0
DEU.2.84.20.1_1,2023,11,0,0
DEU.2.84.21.1_1,2023,11,0,0
DEU.2.84.22.1_1,2023,11,0,0
DEU.2.84.23.1_1,2023,11,0,0
DEU.2.84.24.1_1,2023,11,0,0
DEU.2.84.25.1_1,2023,11,0,0
DEU.2.84.26.1_1,2023,11,0,0
DEU.2.84.27.1_1,2023,11,0,0
DEU.2.84.28.1_1,2023,11,0,0
DEU.2.84.3.1_1,2023,11,0,0
DEU.2.84.4.1_1,2023,11,0,0
DEU.2.84.5.1_1,2023,11,0,0
DEU.2.84.6.1_1,2023,11,0,0
DEU.2.84.7.1_1,2023,11,0,0
DEU.2.84.7.2_1,2023,11,0,0
DEU.2.84.7.3_1,2023,11,0,0
DEU.2.84.7.4_1,2023,11,0,0
DEU.2.84.7.5_1,2023,11,0,0
DEU.2.84.7.6_1,2023,11,0,0
DEU.2.84.7.7_1,2023,11,0,0
DEU.2.84.7.8_1,2023,11,0,0
DEU.2.84.8.1_1,2023,11,0,0
DEU.2.84.9.1_1,2023,11,0,0
DEU.2.85.1.1_1,2023,11,0,0
DEU.2.85.10.1_1,2023,11,0,0
DEU.2.85.11.1_1,2023,11,0,0
DEU.2.85.12.1_1,2023,11,0,0
DEU.2.85.13.1_1,2023,11,0,0
DEU.2.85.14.1_1,2023,11,0,0
DEU.2.85.15.1_1,2023,11,0,0
DEU.2.85.2.1_1,2023,11,0,0
DEU.2.85.3.1_1,2023,11,0,0
DEU.2.85.4.1_1,2023,11,0,0
DEU.2.85.5.1_1,2023,11,0,0
DEU.2.85.6.1_1,2023,11,0,0
DEU.2.85.7.1_1,2023,11,0,0
DEU.2.85.8.1_1,2023,11,0,0
DEU.2.85.9.1_1,2023,11,0,0
DEU.2.86.1.1_1,2023,11,0,0
DEU.2.86.1.2_1,2023,11,0,0
DEU.2.86.10.1_1,2023,11,0,0
DEU.2.86.11.1_1,2023,11,0,0
DEU.2.86.12.1_1,2023,11,0,0
DEU.2.86.12.2_1,2023,11,0,0
DEU.2.86.12.3_1,2023,11,0,0
DEU.2.86.12.4_1,2023,11,0,0
DEU.2.86.13.1_1,2023,11,0,0
DEU.2.86.14.1_1,2023,11,0,0
DEU.2.86.15.1_1,2023,11,0,0
DEU.2.86.15.2_1,2023,11,0,0
DEU.2.86.15.3_1,2023,11,0,0
DEU.2.86.15.4_1,2023,11,0,0
DEU.2.86.16.1_1,2023,11,0,0
DEU.2.86.17.1_1,2023,11,0,0
DEU.2.86.18.1_1,2023,11,0,0
DEU.2.86.18.2_1,2023,11,0,0
DEU.2.86.18.3_1,2023,11,0,0
DEU.2.86.18.4_1,2023,11,0,0
DEU.2.86.19.1_1,2023,11,0,0
DEU.2.86.19.2_1,2023,11,0,0
DEU.2.86.19.3_1,2023,11,0,0
DEU.2.86.2.1_1,2023,11,0,0
DEU.2.86.20.1_1,2023,11,0,0
DEU.2.86.21.1_1,2023,11,0,0
DEU.2.86.21.2_1,2023,11,0,0
DEU.2.86.22.1_1,2023,11,0,0
DEU.2.86.3.1_1,2023,11,0,0
DEU.2.86.4.1_1,2023,11,0,0
DEU.2.86.5.1_1,2023,11,0,0
DEU.2.86.6_1,2023,11,0,0
DEU.2.86.6.1_1,2023,11,0,0
DEU.2.86.6.2_1,2023,11,0,0
DEU.2.86.6.3_1,2023,11,0,0
DEU.2.86.7.1_1,2023,11,0,0
DEU.2.86.8.1_1,2023,11,0,0
DEU.2.86.9.1_1,2023,11,0,0
DEU.2.87.1.1_1,2023,11,0,0
DEU.2.88.1.1_1,2023,11,0,0
DEU.2.88.10.1_1,2023,11,0,0
DEU.2.88.11.1_1,2023,11,0,0
DEU.2.88.12.1_1,2023,11,0,0
DEU.2.88.12.2_1,2023,11,0,0
DEU.2.88.12.3_1,2023,11,0,0
DEU.2.88.13.1_1,2023,11,0,0
DEU.2.88.14.1_1,2023,11,0,0
DEU.2.88.14.2_1,2023,11,0,0
DEU.2.88.14.3_1,2023,11,0,0
DEU.2.88.14.4_1,2023,11,0,0
DEU.2.88.15.1_1,2023,11,0,0
DEU.2.88.16.1_1,2023,11,0,0
DEU.2.88.17.1_1,2023,11,0,0
DEU.2.88.18.1_1,2023,11,0,0
DEU.2.88.19.1_1,2023,11,0,0
DEU.2.88.19.2_1,2023,11,0,0
DEU.2.88.2.1_1,2023,11,0,0
DEU.2.88.3.1_1,2023,11,0,0
DEU.2.88.4.1_1,2023,11,0,0
DEU.2.88.5.1_1,2023,11,0,0
DEU.2.88.6.1_1,2023,11,0,0
DEU.2.88.6.2_1,2023,11,0,0
DEU.2.88.7.1_1,2023,11,0,0
DEU.2.88.8.1_1,2023,11,0,0
DEU.2.88.8.2_1,2023,11,0,0
DEU.2.88.9.1_1,2023,11,0,0
DEU.2.89.1.1_1,2023,11,0,0
DEU.2.89.10.1_1,2023,11,0,0
DEU.2.89.11.1_1,2023,11,0,0
DEU.2.89.11.2_1,2023,11,0,0
DEU.2.89.12.1_1,2023,11,0,0
DEU.2.89.13.1_1,2023,11,0,0
DEU.2.89.13.2_1,2023,11,0,0
DEU.2.89.13.3_1,2023,11,0,0
DEU.2.89.14.1_1,2023,11,0,0
DEU.2.89.15.1_1,2023,11,0,0
DEU.2.89.16.1_1,2023,11,0,0
DEU.2.89.17.1_1,2023,11,0,0
DEU.2.89.18.1_1,2023,11,0,0
DEU.2.89.19.1_1,2023,11,0,0
DEU.2.89.2.1_1,2023,11,0,0
DEU.2.89.2.2_1,2023,11,0,0
DEU.2.89.20.1_1,2023,11,0,0
DEU.2.89.21.1_1,2023,11,0,0
DEU.2.89.22.1_1,2023,11,0,0
DEU.2.89.23.1_1,2023,11,0,0
DEU.2.89.24.1_1,2023,11,0,0
DEU.2.89.25.1_1,2023,11,0,0
DEU.2.89.26.1_1,2023,11,0,0
DEU.2.89.27.1_1,2023,11,0,0
DEU.2.89.28.1_1,2023,11,0,0
DEU.2.89.29.1_1,2023,11,0,0
DEU.2.89.3.1_1,2023,11,0,0
DEU.2.89.30.1_1,2023,11,0,0
DEU.2.89.30.2_1,2023,11,0,0
DEU.2.89.30.3_1,2023,11,0,0
DEU.2.89.31.1_1,2023,11,0,0
DEU.2.89.4.1_1,2023,11,0,0
DEU.2.89.5.1_1,2023,11,0,0
DEU.2.89.6.1_1,2023,11,0,0
DEU.2.89.7.1_1,2023,11,0,0
DEU.2.89.8.1_1,2023,11,0,0
DEU.2.89.9.1_1,2023,11,0,0
DEU.2.9.1.1_1,2023,11,0,0
DEU.2.90.1.1_1,2023,11,0,0
DEU.2.90.1.2_1,2023,11,0,0
DEU.2.90.1.3_1,2023,11,0,0
DEU.2.90.1.4_1,2023,11,0,0
DEU.2.90.1.5_1,2023,11,0,0
DEU.2.90.1.6_1,2023,11,0,0
DEU.2.90.10.1_1,2023,11,0,0
DEU.2.90.10.2_1,2023,11,0,0
DEU.2.90.11.1_1,2023,11,0,0
DEU.2.90.12.1_1,2023,11,0,0
DEU.2.90.13.1_1,2023,11,0,0
DEU.2.90.13.2_1,2023,11,0,0
DEU.2.90.13.3_1,2023,11,0,0
DEU.2.90.13.4_1,2023,11,0,0
DEU.2.90.13.5_1,2023,11,0,0
DEU.2.90.13.6_1,2023,11,0,0
DEU.2.90.14.1_1,2023,11,0,0
DEU.2.90.15.1_1,2023,11,0,0
DEU.2.90.15.2_1,2023,11,0,0
DEU.2.90.15.3_1,2023,11,0,0
DEU.2.90.16.1_1,2023,11,0,0
DEU.2.90.16.2_1,2023,11,0,0
DEU.2.90.16.3_1,2023,11,0,0
DEU.2.90.16.4_1,2023,11,0,0
DEU.2.90.17.1_1,2023,11,0,0
DEU.2.90.18.1_1,2023,11,0,0
DEU.2.90.18.2_1,2023,11,0,0
DEU.2.90.18.3_1,2023,11,0,0
DEU.2.90.18.4_1,2023,11,0,0
DEU.2.90.19.1_1,2023,11,0,0
DEU.2.90.2.1_1,2023,11,0,0
DEU.2.90.2.2_1,2023,11,0,0
DEU.2.90.2.3_1,2023,11,0,0
DEU.2.90.20.1_1,2023,11,0,0
DEU.2.90.3.1_1,2023,11,0,0
DEU.2.90.4.1_1,2023,11,0,0
DEU.2.90.4.2_1,2023,11,0,0
DEU.2.90.4.3_1,2023,11,0,0
DEU.2.90.4.4_1,2023,11,0,0
DEU.2.90.4.5_1,2023,11,0,0
DEU.2.90.5.1_1,2023,11,0,0
DEU.2.90.6.1_1,2023,11,0,0
DEU.2.90.6.2_1,2023,11,0,0
DEU.2.90.6.3_1,2023,11,0,0
DEU.2.90.6.4_1,2023,11,0,0
DEU.2.90.7.1_1,2023,11,0,0
DEU.2.90.7.2_1,2023,11,0,0
DEU.2.90.7.3_1,2023,11,0,0
DEU.2.90.7.4_1,2023,11,0,0
DEU.2.90.8.1_1,2023,11,0,0
DEU.2.90.9.1_1,2023,11,0,0
DEU.2.90.9.2_1,2023,11,0,0
DEU.2.90.9.3_1,2023,11,0,0
DEU.2.91.1.1_1,2023,11,0,0
DEU.2.92.1.1_1,2023,11,0,0
DEU.2.93.1.1_1,2023,11,0,0
DEU.2.93.1.2_1,2023,11,0,0
DEU.2.93.1.3_1,2023,11,0,0
DEU.2.93.1.4_1,2023,11,0,0
DEU.2.93.1.5_1,2023,11,0,0
DEU.2.93.10.1_1,2023,11,0,0
DEU.2.93.11.1_1,2023,11,0,0
DEU.2.93.12.1_1,2023,11,0,0
DEU.2.93.13.1_1,2023,11,0,0
DEU.2.93.13.2_1,2023,11,0,0
DEU.2.93.14.1_1,2023,11,0,0
DEU.2.93.15.1_1,2023,11,0,0
DEU.2.93.15.2_1,2023,11,0,0
DEU.2.93.16.1_1,2023,11,0,0
DEU.2.93.16.2_1,2023,11,0,0
DEU.2.93.16.3_1,2023,11,0,0
DEU.2.93.17.1_1,2023,11,0,0
DEU.2.93.18.1_1,2023,11,0,0
DEU.2.93.19.1_1,2023,11,0,0
DEU.2.93.2.1_1,2023,11,0,0
DEU.2.93.2.2_1,2023,11,0,0
DEU.2.93.3.1_1,2023,11,0,0
DEU.2.93.4.1_1,2023,11,0,0
DEU.2.93.4.2_1,2023,11,0,0
DEU.2.93.4.3_1,2023,11,0,0
DEU.2.93.4.4_1,2023,11,0,0
DEU.2.93.5.1_1,2023,11,0,0
DEU.2.93.6.1_1,2023,11,0,0
DEU.2.93.6.2_1,2023,11,0,0
DEU.2.93.6.3_1,2023,11,0,0
DEU.2.93.6.4_1,2023,11,0,0
DEU.2.93.7.1_1,2023,11,0,0
DEU.2.93.8.1_1,2023,11,0,0
DEU.2.93.9.1_1,2023,11,0,0
DEU.2.94.1.1_1,2023,11,0,0
DEU.2.94.1.2_1,2023,11,0,0
DEU.2.94.1.3_1,2023,11,0,0
DEU.2.94.1.4_1,2023,11,0,0
DEU.2.94.10.1_1,2023,11,0,0
DEU.2.94.11.1_1,2023,11,0,0
DEU.2.94.12.1_1,2023,11,0,0
DEU.2.94.13.1_1,2023,11,0,0
DEU.2.94.14.1_1,2023,11,0,0
DEU.2.94.2.1_1,2023,11,0,0
DEU.2.94.2.2_1,2023,11,0,0
DEU.2.94.2.3_1,2023,11,0,0
DEU.2.94.3.1_1,2023,11,0,0
DEU.2.94.3.2_1,2023,11,0,0
DEU.2.94.3.3_1,2023,11,0,0
DEU.2.94.3.4_1,2023,11,0,0
DEU.2.94.4.1_1,2023,11,0,0
DEU.2.94.5.1_1,2023,11,0,0
DEU.2.94.5.2_1,2023,11,0,0
DEU.2.94.5.3_1,2023,11,0,0
DEU.2.94.6.1_1,2023,11,0,0
DEU.2.94.7.1_1,2023,11,0,0
DEU.2.94.8.1_1,2023,11,0,0
DEU.2.94.8.2_1,2023,11,0,0
DEU.2.94.8.3_1,2023,11,0,0
DEU.2.94.8.4_1,2023,11,0,0
DEU.2.94.9.1_1,2023,11,0,0
DEU.2.95.1.1_1,2023,11,0,0
DEU.2.95.10.1_1,2023,11,0,0
DEU.2.95.10.2_1,2023,11,0,0
DEU.2.95.11.1_1,2023,11,0,0
DEU.2.95.12.1_1,2023,11,0,0
DEU.2.95.13.1_1,2023,11,0,0
DEU.2.95.13.2_1,2023,11,0,0
DEU.2.95.13.3_1,2023,11,0,0
DEU.2.95.14.1_1,2023,11,0,0
DEU.2.95.14.2_1,2023,11,0,0
DEU.2.95.14.3_1,2023,11,0,0
DEU.2.95.15.1_1,2023,11,0,0
DEU.2.95.16.1_1,2023,11,0,0
DEU.2.95.17.1_1,2023,11,0,0
DEU.2.95.18.1_1,2023,11,0,0
DEU.2.95.19.1_1,2023,11,0,0
DEU.2.95.2.1_1,2023,11,0,0
DEU.2.95.20.1_1,2023,11,0,0
DEU.2.95.21.1_1,2023,11,0,0
DEU.2.95.3.1_1,2023,11,0,0
DEU.2.95.4.1_1,2023,11,0,0
DEU.2.95.5.1_1,2023,11,0,0
DEU.2.95.6.1_1,2023,11,0,0
DEU.2.95.7.1_1,2023,11,0,0
DEU.2.95.8.1_1,2023,11,0,0
DEU.2.95.9.1_1,2023,11,0,0
DEU.2.96.1.1_1,2023,11,0,0
DEU.2.96.1.2_1,2023,11,0,0
DEU.2.96.1.3_1,2023,11,0,0
DEU.2.96.10.1_1,2023,11,0,0
DEU.2.96.11.1_1,2023,11,0,0
DEU.2.96.12.1_1,2023,11,0,0
DEU.2.96.13.1_1,2023,11,0,0
DEU.2.96.13.2_1,2023,11,0,0
DEU.2.96.13.3_1,2023,11,0,0
DEU.2.96.13.4_1,2023,11,0,0
DEU.2.96.14.1_1,2023,11,0,0
DEU.2.96.14.2_1,2023,11,0,0
DEU.2.96.15.1_1,2023,11,0,0
DEU.2.96.16.1_1,2023,11,0,0
DEU.2.96.17.1_1,2023,11,0,0
DEU.2.96.17.2_1,2023,11,0,0
DEU.2.96.18.1_1,2023,11,0,0
DEU.2.96.18.2_1,2023,11,0,0
DEU.2.96.19.1_1,2023,11,0,0
DEU.2.96.2.1_1,2023,11,0,0
DEU.2.96.2.2_1,2023,11,0,0
DEU.2.96.20.1_1,2023,11,0,0
DEU.2.96.21.1_1,2023,11,0,0
DEU.2.96.22.1_1,2023,11,0,0
DEU.2.96.22.2_1,2023,11,0,0
DEU.2.96.23.1_1,2023,11,0,0
DEU.2.96.24.1_1,2023,11,0,0
DEU.2.96.25.1_1,2023,11,0,0
DEU.2.96.26.1_1,2023,11,0,0
DEU.2.96.27.1_1,2023,11,0,0
DEU.2.96.28.1_1,2023,11,0,0
DEU.2.96.29.1_1,2023,11,0,0
DEU.2.96.29.2_1,2023,11,0,0
DEU.2.96.29.3_1,2023,11,0,0
DEU.2.96.29.4_1,2023,11,0,0
DEU.2.96.3.1_1,2023,11,0,0
DEU.2.96.3.2_1,2023,11,0,0
DEU.2.96.3.3_1,2023,11,0,0
DEU.2.96.3.4_1,2023,11,0,0
DEU.2.96.30.1_1,2023,11,0,0
DEU.2.96.31.1_1,2023,11,0,0
DEU.2.96.32.1_1,2023,11,0,0
DEU.2.96.33.1_1,2023,11,0,0
DEU.2.96.34.1_1,2023,11,0,0
DEU.2.96.35.1_1,2023,11,0,0
DEU.2.96.36.1_1,2023,11,0,0
DEU.2.96.4.1_1,2023,11,0,0
DEU.2.96.5.1_1,2023,11,0,0
DEU.2.96.5.2_1,2023,11,0,0
DEU.2.96.5.3_1,2023,11,0,0
DEU.2.96.6.1_1,2023,11,0,0
DEU.2.96.7.1_1,2023,11,0,0
DEU.2.96.8.1_1,2023,11,0,0
DEU.2.96.8.2_1,2023,11,0,0
DEU.2.96.9.1_1,2023,11,0,0
DEU.3.1.1.1_1,2023,11,0,0
DEU.4.1.1.1_1,2023,11,0,0
DEU.4.1.10.1_1,2023,11,0,0
DEU.4.1.2.1_1,2023,11,0,0
DEU.4.1.3.1_1,2023,11,0,0
DEU.4.1.3.2_1,2023,11,0,0
DEU.4.1.3.3_1,2023,11,0,0
DEU.4.1.3.4_1,2023,11,0,0
DEU.4.1.3.5_1,2023,11,0,0
DEU.4.1.3.6_1,2023,11,0,0
DEU.4.1.4.1_1,2023,11,0,0
DEU.4.1.4.2_1,2023,11,0,0
DEU.4.1.4.3_1,2023,11,0,0
DEU.4.1.4.4_1,2023,11,0,0
DEU.4.1.4.5_1,2023,11,0,0
DEU.4.1.4.6_1,2023,11,0,0
DEU.4.1.4.7_1,2023,11,0,0
DEU.4.1.4.8_1,2023,11,0,0
DEU.4.1.5.1_1,2023,11,0,0
DEU.4.1.6.1_1,2023,11,0,0
DEU.4.1.6.2_1,2023,11,0,0
DEU.4.1.6.3_1,2023,11,0,0
DEU.4.1.6.4_1,2023,11,0,0
DEU.4.1.7.1_1,2023,11,0,0
DEU.4.1.8.1_1,2023,11,0,0
DEU.4.1.9.1_1,2023,11,0,0
DEU.4.10.1.1_1,2023,11,0,0
DEU.4.10.1.2_1,2023,11,0,0
DEU.4.10.1.3_1,2023,11,0,0
DEU.4.10.1.4_1,2023,11,0,0
DEU.4.10.1.5_1,2023,11,0,0
DEU.4.10.10.1_1,2023,11,0,0
DEU.4.10.11.1_1,2023,11,0,0
DEU.4.10.2.1_1,2023,11,0,0
DEU.4.10.3.1_1,2023,11,0,0
DEU.4.10.4.1_1,2023,11,0,0
DEU.4.10.5.1_1,2023,11,0,0
DEU.4.10.6.1_1,2023,11,0,0
DEU.4.10.6.2_1,2023,11,0,0
DEU.4.10.6.3_1,2023,11,0,0
DEU.4.10.6.4_1,2023,11,0,0
DEU.4.10.6.5_1,2023,11,0,0
DEU.4.10.6.6_1,2023,11,0,0
DEU.4.10.7.1_1,2023,11,0,0
DEU.4.10.7.2_1,2023,11,0,0
DEU.4.10.7.3_1,2023,11,0,0
DEU.4.10.7.4_1,2023,11,0,0
DEU.4.10.7.5_1,2023,11,0,0
DEU.4.10.7.6_1,2023,11,0,0
DEU.4.10.8.1_1,2023,11,0,0
DEU.4.10.9.1_1,2023,11,0,0
DEU.4.11.1.1_1,2023,11,0,0
DEU.4.11.10.1_1,2023,11,0,0
DEU.4.11.11.1_1,2023,11,0,0
DEU.4.11.11.2_1,2023,11,0,0
DEU.4.11.11.3_1,2023,11,0,0
DEU.4.11.11.4_1,2023,11,0,0
DEU.4.11.11.5_1,2023,11,0,0
DEU.4.11.12.1_1,2023,11,0,0
DEU.4.11.12.2_1,2023,11,0,0
DEU.4.11.12.3_1,2023,11,0,0
DEU.4.11.12.4_1,2023,11,0,0
DEU.4.11.12.5_1,2023,11,0,0
DEU.4.11.12.6_1,2023,11,0,0
DEU.4.11.13.1_1,2023,11,0,0
DEU.4.11.14.1_1,2023,11,0,0
DEU.4.11.14.2_1,2023,11,0,0
DEU.4.11.14.3_1,2023,11,0,0
DEU.4.11.15.1_1,2023,11,0,0
DEU.4.11.16.1_1,2023,11,0,0
DEU.4.11.17.1_1,2023,11,0,0
DEU.4.11.18.1_1,2023,11,0,0
DEU.4.11.2.1_1,2023,11,0,0
DEU.4.11.2.2_1,2023,11,0,0
DEU.4.11.2.3_1,2023,11,0,0
DEU.4.11.2.4_1,2023,11,0,0
DEU.4.11.2.5_1,2023,11,0,0
DEU.4.11.3.1_1,2023,11,0,0
DEU.4.11.4.1_1,2023,11,0,0
DEU.4.11.5.1_1,2023,11,0,0
DEU.4.11.6.1_1,2023,11,0,0
DEU.4.11.7.1_1,2023,11,0,0
DEU.4.11.8.1_1,2023,11,0,0
DEU.4.11.8.2_1,2023,11,0,0
DEU.4.11.8.3_1,2023,11,0,0
DEU.4.11.9.1_1,2023,11,0,0
DEU.4.11.9.2_1,2023,11,0,0
DEU.4.11.9.3_1,2023,11,0,0
DEU.4.12.1.1_1,2023,11,0,0
DEU.4.12.10.1_1,2023,11,0,0
DEU.4.12.2.1_1,2023,11,0,0
DEU.4.12.3.1_1,2023,11,0,0
DEU.4.12.4.1_1,2023,11,0,0
DEU.4.12.4.2_1,2023,11,0,0
DEU.4.12.4.3_1,2023,11,0,0
DEU.4.12.4.4_1,2023,11,0,0
DEU.4.12.5.1_1,2023,11,0,0
DEU.4.12.6.1_1,2023,11,0,0
DEU.4.12.6.2_1,2023,11,0,0
DEU.4.12.6.3_1,2023,11,0,0
DEU.4.12.6.4_1,2023,11,0,0
DEU.4.12.6.5_1,2023,11,0,0
DEU.4.12.6.6_1,2023,11,0,0
DEU.4.12.7.1_1,2023,11,0,0
DEU.4.12.8.1_1,2023,11,0,0
DEU.4.12.8.2_1,2023,11,0,0
DEU.4.12.8.3_1,2023,11,0,0
DEU.4.12.8.4_1,2023,11,0,0
DEU.4.12.8.5_1,2023,11,0,0
DEU.4.12.8.6_1,2023,11,0,0
DEU.4.12.9.1_1,2023,11,0,0
DEU.4.13.1.1_1,2023,11,0,0
DEU.4.13.10.1_1,2023,11,0,0
DEU.4.13.11.1_1,2023,11,0,0
DEU.4.13.12.1_1,2023,11,0,0
DEU.4.13.13.1_1,2023,11,0,0
DEU.4.13.14.1_1,2023,11,0,0
DEU.4.13.15.1_1,2023,11,0,0
DEU.4.13.16.1_1,2023,11,0,0
DEU.4.13.17.1_1,2023,11,0,0
DEU.4.13.18.1_1,2023,11,0,0
DEU.4.13.18.2_1,2023,11,0,0
DEU.4.13.18.3_1,2023,11,0,0
DEU.4.13.19.1_1,2023,11,0,0
DEU.4.13.19.2_1,2023,11,0,0
DEU.4.13.19.3_1,2023,11,0,0
DEU.4.13.19.4_1,2023,11,0,0
DEU.4.13.19.5_1,2023,11,0,0
DEU.4.13.19.6_1,2023,11,0,0
DEU.4.13.2.1_1,2023,11,0,0
DEU.4.13.3.1_1,2023,11,0,0
DEU.4.13.3.2_1,2023,11,0,0
DEU.4.13.3.3_1,2023,11,0,0
DEU.4.13.3.4_1,2023,11,0,0
DEU.4.13.3.5_1,2023,11,0,0
DEU.4.13.4.1_1,2023,11,0,0
DEU.4.13.4.2_1,2023,11,0,0
DEU.4.13.4.3_1,2023,11,0,0
DEU.4.13.4.4_1,2023,11,0,0
DEU.4.13.4.5_1,2023,11,0,0
DEU.4.13.4.6_1,2023,11,0,0
DEU.4.13.5.1_1,2023,11,0,0
DEU.4.13.6.1_1,2023,11,0,0
DEU.4.13.7.1_1,2023,11,0,0
DEU.4.13.8.1_1,2023,11,0,0
DEU.4.13.9.1_1,2023,11,0,0
DEU.4.13.9.2_1,2023,11,0,0
DEU.4.13.9.3_1,2023,11,0,0
DEU.4.13.9.4_1,2023,11,0,0
DEU.4.14.1.1_1,2023,11,0,0
DEU.4.15.1.1_1,2023,11,0,0
DEU.4.15.1.2_1,2023,11,0,0
DEU.4.15.1.3_1,2023,11,0,0
DEU.4.15.1.4_1,2023,11,0,0
DEU.4.15.1.5_1,2023,11,0,0
DEU.4.15.10.1_1,2023,11,0,0
DEU.4.15.10.2_1,2023,11,0,0
DEU.4.15.10.3_1,2023,11,0,0
DEU.4.15.10.4_1,2023,11,0,0
DEU.4.15.10.5_1,2023,11,0,0
DEU.4.15.11.1_1,2023,11,0,0
DEU.4.15.2.1_1,2023,11,0,0
DEU.4.15.3.1_1,2023,11,0,0
DEU.4.15.4.1_1,2023,11,0,0
DEU.4.15.5.1_1,2023,11,0,0
DEU.4.15.5.2_1,2023,11,0,0
DEU.4.15.5.3_1,2023,11,0,0
DEU.4.15.5.4_1,2023,11,0,0
DEU.4.15.6.1_1,2023,11,0,0
DEU.4.15.6.2_1,2023,11,0,0
DEU.4.15.6.3_1,2023,11,0,0
DEU.4.15.6.4_1,2023,11,0,0
DEU.4.15.6.5_1,2023,11,0,0
DEU.4.15.7.1_1,2023,11,0,0
DEU.4.15.8.1_1,2023,11,0,0
DEU.4.15.9.1_1,2023,11,0,0
DEU.4.16.1.1_1,2023,11,0,0
DEU.4.16.1.2_1,2023,11,0,0
DEU.4.16.1.3_1,2023,11,0,0
DEU.4.16.1.4_1,2023,11,0,0
DEU.4.16.1.5_1,2023,11,0,0
DEU.4.16.1.6_1,2023,11,0,0
DEU.4.16.10.1_1,2023,11,0,0
DEU.4.16.11.1_1,2023,11,0,0
DEU.4.16.2.1_1,2023,11,0,0
DEU.4.16.2.2_1,2023,11,0,0
DEU.4.16.2.3_1,2023,11,0,0
DEU.4.16.2.4_1,2023,11,0,0
DEU.4.16.2.5_1,2023,11,0,0
DEU.4.16.2.6_1,2023,11,0,0
DEU.4.16.2.7_1,2023,11,0,0
DEU.4.16.2.8_1,2023,11,0,0
DEU.4.16.3.1_1,2023,11,0,0
DEU.4.16.4.1_1,2023,11,0,0
DEU.4.16.5.1_1,2023,11,0,0
DEU.4.16.6.1_1,2023,11,0,0
DEU.4.16.7.1_1,2023,11,0,0
DEU.4.16.8.1_1,2023,11,0,0
DEU.4.16.8.2_1,2023,11,0,0
DEU.4.16.8.3_1,2023,11,0,0
DEU.4.16.8.4_1,2023,11,0,0
DEU.4.16.8.5_1,2023,11,0,0
DEU.4.16.8.6_1,2023,11,0,0
DEU.4.16.8.7_1,2023,11,0,0
DEU.4.16.8.8_1,2023,11,0,0
DEU.4.16.9.1_1,2023,11,0,0
DEU.4.17.1.1_1,2023,11,0,0
DEU.4.17.10.1_1,2023,11,0,0
DEU.4.17.11.1_1,2023,11,0,0
DEU.4.17.12.1_1,2023,11,0,0
DEU.4.17.13.1_1,2023,11,0,0
DEU.4.17.14.1_1,2023,11,0,0
DEU.4.17.2.1_1,2023,11,0,0
DEU.4.17.3.1_1,2023,11,0,0
DEU.4.17.4.1_1,2023,11,0,0
DEU.4.17.4.2_1,2023,11,0,0
DEU.4.17.4.3_1,2023,11,0,0
DEU.4.17.5.1_1,2023,11,0,0
DEU.4.17.6.1_1,2023,11,0,0
DEU.4.17.7.1_1,2023,11,0,0
DEU.4.17.8.1_1,2023,11,0,0
DEU.4.17.9.1_1,2023,11,0,0
DEU.4.18.1.1_1,2023,11,0,0
DEU.4.18.10.1_1,2023,11,0,0
DEU.4.18.11.1_1,2023,11,0,0
DEU.4.18.12.1_1,2023,11,0,0
DEU.4.18.13.1_1,2023,11,0,0
DEU.4.18.2.1_1,2023,11,0,0
DEU.4.18.3.1_1,2023,11,0,0
DEU.4.18.3.2_1,2023,11,0,0
DEU.4.18.3.3_1,2023,11,0,0
DEU.4.18.3.4_1,2023,11,0,0
DEU.4.18.3.5_1,2023,11,0,0
DEU.4.18.4.1_1,2023,11,0,0
DEU.4.18.4.2_1,2023,11,0,0
DEU.4.18.4.3_1,2023,11,0,0
DEU.4.18.4.4_1,2023,11,0,0
DEU.4.18.4.5_1,2023,11,0,0
DEU.4.18.5.1_1,2023,11,0,0
DEU.4.18.5.2_1,2023,11,0,0
DEU.4.18.5.3_1,2023,11,0,0
DEU.4.18.5.4_1,2023,11,0,0
DEU.4.18.5.5_1,2023,11,0,0
DEU.4.18.6.1_1,2023,11,0,0
DEU.4.18.6.2_1,2023,11,0,0
DEU.4.18.6.3_1,2023,11,0,0
DEU.4.18.6.4_1,2023,11,0,0
DEU.4.18.6.5_1,2023,11,0,0
DEU.4.18.6.6_1,2023,11,0,0
DEU.4.18.7.1_1,2023,11,0,0
DEU.4.18.8.1_1,2023,11,0,0
DEU.4.18.9.1_1,2023,11,0,0
DEU.4.18.9.2_1,2023,11,0,0
DEU.4.18.9.3_1,2023,11,0,0
DEU.4.18.9.4_1,2023,11,0,0
DEU.4.18.9.5_1,2023,11,0,0
DEU.4.2.1.1_1,2023,11,0,0
DEU.4.3.1.1_1,2023,11,0,0
DEU.4.4.1.1_1,2023,11,0,0
DEU.4.4.10.1_1,2023,11,0,0
DEU.4.4.11.1_1,2023,11,0,0
DEU.4.4.11.2_1,2023,11,0,0
DEU.4.4.11.3_1,2023,11,0,0
DEU.4.4.11.4_1,2023,11,0,0
DEU.4.4.11.5_1,2023,11,0,0
DEU.4.4.11.6_1,2023,11,0,0
DEU.4.4.12.1_1,2023,11,0,0
DEU.4.4.13.1_1,2023,11,0,0
DEU.4.4.14.1_1,2023,11,0,0
DEU.4.4.14.10_1,2023,11,0,0
DEU.4.4.14.2_1,2023,11,0,0
DEU.4.4.14.3_1,2023,11,0,0
DEU.4.4.14.4_1,2023,11,0,0
DEU.4.4.14.5_1,2023,11,0,0
DEU.4.4.14.6_1,2023,11,0,0
DEU.4.4.14.7_1,2023,11,0,0
DEU.4.4.14.8_1,2023,11,0,0
DEU.4.4.14.9_1,2023,11,0,0
DEU.4.4.15.1_1,2023,11,0,0
DEU.4.4.16.1_1,2023,11,0,0
DEU.4.4.2.1_1,2023,11,0,0
DEU.4.4.3.1_1,2023,11,0,0
DEU.4.4.4.1_1,2023,11,0,0
DEU.4.4.5.1_1,2023,11,0,0
DEU.4.4.6.1_1,2023,11,0,0
DEU.4.4.6.2_1,2023,11,0,0
DEU.4.4.6.3_1,2023,11,0,0
DEU.4.4.6.4_1,2023,11,0,0
DEU.4.4.6.5_1,2023,11,0,0
DEU.4.4.6.6_1,2023,11,0,0
DEU.4.4.6.7_1,2023,11,0,0
DEU.4.4.6.8_1,2023,11,0,0
DEU.4.4.7.1_1,2023,11,0,0
DEU.4.4.8.1_1,2023,11,0,0
DEU.4.4.9.1_1,2023,11,0,0
DEU.4.5.1.1_1,2023,11,0,0
DEU.4.5.10.1_1,2023,11,0,0
DEU.4.5.10.2_1,2023,11,0,0
DEU.4.5.10.3_1,2023,11,0,0
DEU.4.5.10.4_1,2023,11,0,0
DEU.4.5.11.1_1,2023,11,0,0
DEU.4.5.12.1_1,2023,11,0,0
DEU.4.5.12.2_1,2023,11,0,0
DEU.4.5.12.3_1,2023,11,0,0
DEU.4.5.12.4_1,2023,11,0,0
DEU.4.5.12.5_1,2023,11,0,0
DEU.4.5.13.1_1,2023,11,0,0
DEU.4.5.14.1_1,2023,11,0,0
DEU.4.5.14.2_1,2023,11,0,0
DEU.4.5.14.3_1,2023,11,0,0
DEU.4.5.14.4_1,2023,11,0,0
DEU.4.5.15.1_1,2023,11,0,0
DEU.4.5.16.1_1,2023,11,0,0
DEU.4.5.2.1_1,2023,11,0,0
DEU.4.5.3.1_1,2023,11,0,0
DEU.4.5.3.2_1,2023,11,0,0
DEU.4.5.3.3_1,2023,11,0,0
DEU.4.5.3.4_1,2023,11,0,0
DEU.4.5.3.5_1,2023,11,0,0
DEU.4.5.4.1_1,2023,11,0,0
DEU.4.5.5.1_1,2023,11,0,0
DEU.4.5.6.1_1,2023,11,0,0
DEU.4.5.7.1_1,2023,11,0,0
DEU.4.5.8.1_1,2023,11,0,0
DEU.4.5.8.2_1,2023,11,0,0
DEU.4.5.8.3_1,2023,11,0,0
DEU.4.5.8.4_1,2023,11,0,0
DEU.4.5.9.1_1,2023,11,0,0
DEU.4.6.1.1_1,2023,11,0,0
DEU.4.7.1.1_1,2023,11,0,0
DEU.4.7.10.1_1,2023,11,0,0
DEU.4.7.11.1_1,2023,11,0,0
DEU.4.7.11.2_1,2023,11,0,0
DEU.4.7.11.3_1,2023,11,0,0
DEU.4.7.11.4_1,2023,11,0,0
DEU.4.7.11.5_1,2023,11,0,0
DEU.4.7.11.6_1,2023,11,0,0
DEU.4.7.12.1_1,2023,11,0,0
DEU.4.7.13.1_1,2023,11,0,0
DEU.4.7.2.1_1,2023,11,0,0
DEU.4.7.3.1_1,2023,11,0,0
DEU.4.7.4.1_1,2023,11,0,0
DEU.4.7.4.2_1,2023,11,0,0
DEU.4.7.4.3_1,2023,11,0,0
DEU.4.7.4.4_1,2023,11,0,0
DEU.4.7.4.5_1,2023,11,0,0
DEU.4.7.4.6_1,2023,11,0,0
DEU.4.7.5.1_1,2023,11,0,0
DEU.4.7.6.1_1,2023,11,0,0
DEU.4.7.7.1_1,2023,11,0,0
DEU.4.7.8.1_1,2023,11,0,0
DEU.4.7.8.2_1,2023,11,0,0
DEU.4.7.8.3_1,2023,11,0,0
DEU.4.7.8.4_1,2023,11,0,0
DEU.4.7.9.1_1,2023,11,0,0
DEU.4.8.1.1_1,2023,11,0,0
DEU.4.8.10.1_1,2023,11,0,0
DEU.4.8.10.2_1,2023,11,0,0
DEU.4.8.10.3_1,2023,11,0,0
DEU.4.8.10.4_1,2023,11,0,0
DEU.4.8.10.5_1,2023,11,0,0
DEU.4.8.11.1_1,2023,11,0,0
DEU.4.8.12.1_1,2023,11,0,0
DEU.4.8.13.1_1,2023,11,0,0
DEU.4.8.13.2_1,2023,11,0,0
DEU.4.8.13.3_1,2023,11,0,0
DEU.4.8.14.1_1,2023,11,0,0
DEU.4.8.15.1_1,2023,11,0,0
DEU.4.8.16.1_1,2023,11,0,0
DEU.4.8.16.2_1,2023,11,0,0
DEU.4.8.16.3_1,2023,11,0,0
DEU.4.8.16.4_1,2023,11,0,0
DEU.4.8.16.5_1,2023,11,0,0
DEU.4.8.17.1_1,2023,11,0,0
DEU.4.8.18.1_1,2023,11,0,0
DEU.4.8.19.1_1,2023,11,0,0
DEU.4.8.2.1_1,2023,11,0,0
DEU.4.8.3.1_1,2023,11,0,0
DEU.4.8.3.2_1,2023,11,0,0
DEU.4.8.3.3_1,2023,11,0,0
DEU.4.8.3.4_1,2023,11,0,0
DEU.4.8.3.5_1,2023,11,0,0
DEU.4.8.3.6_1,2023,11,0,0
DEU.4.8.4.1_1,2023,11,0,0
DEU.4.8.4.2_1,2023,11,0,0
DEU.4.8.4.3_1,2023,11,0,0
DEU.4.8.4.4_1,2023,11,0,0
DEU.4.8.5.1_1,2023,11,0,0
DEU.4.8.6.1_1,2023,11,0,0
DEU.4.8.6.2_1,2023,11,0,0
DEU.4.8.6.3_1,2023,11,0,0
DEU.4.8.6.4_1,2023,11,0,0
DEU.4.8.6.5_1,2023,11,0,0
DEU.4.8.7.1_1,2023,11,0,0
DEU.4.8.8.1_1,2023,11,0,0
DEU.4.8.8.2_1,2023,11,0,0
DEU.4.8.8.3_1,2023,11,0,0
DEU.4.8.8.4_1,2023,11,0,0
DEU.4.8.8.5_1,2023,11,0,0
DEU.4.8.9.1_1,2023,11,0,0
DEU.4.9.1.1_1,2023,11,0,0
DEU.4.9.10.1_1,2023,11,0,0
DEU.4.9.11.1_1,2023,11,0,0
DEU.4.9.12.1_1,2023,11,0,0
DEU.4.9.13.1_1,2023,11,0,0
DEU.4.9.14.1_1,2023,11,0,0
DEU.4.9.15.1_1,2023,11,0,0
DEU.4.9.2.1_1,2023,11,0,0
DEU.4.9.3.1_1,2023,11,0,0
DEU.4.9.4.1_1,2023,11,0,0
DEU.4.9.4.2_1,2023,11,0,0
DEU.4.9.4.3_1,2023,11,0,0
DEU.4.9.4.4_1,2023,11,0,0
DEU.4.9.4.5_1,2023,11,0,0
DEU.4.9.5.1_1,2023,11,0,0
DEU.4.9.6.1_1,2023,11,0,0
DEU.4.9.7.1_1,2023,11,0,0
DEU.4.9.8.1_1,2023,11,0,0
DEU.4.9.9.1_1,2023,11,0,0
DEU.5.1.1.1_1,2023,11,0,0
DEU.5.2.1.1_1,2023,11,0,0
DEU.6.1.1.1_1,2023,11,0,0
DEU.7.1.1.1_1,2023,11,0,0
DEU.7.1.10.1_1,2023,11,0,0
DEU.7.1.11.1_1,2023,11,0,0
DEU.7.1.12.1_1,2023,11,0,0
DEU.7.1.13.1_1,2023,11,0,0
DEU.7.1.14.1_1,2023,11,0,0
DEU.7.1.15.1_1,2023,11,0,0
DEU.7.1.16.1_1,2023,11,0,0
DEU.7.1.17.1_1,2023,11,0,0
DEU.7.1.18.1_1,2023,11,0,0
DEU.7.1.19.1_1,2023,11,0,0
DEU.7.1.2.1_1,2023,11,0,0
DEU.7.1.20.1_1,2023,11,0,0
DEU.7.1.21.1_1,2023,11,0,0
DEU.7.1.22.1_1,2023,11,0,0
DEU.7.1.23.1_1,2023,11,0,0
DEU.7.1.3.1_1,2023,11,0,0
DEU.7.1.4.1_1,2023,11,0,0
DEU.7.1.5.1_1,2023,11,0,0
DEU.7.1.6.1_1,2023,11,0,0
DEU.7.1.7.1_1,2023,11,0,0
DEU.7.1.8.1_1,2023,11,0,0
DEU.7.1.9.1_1,2023,11,0,0
DEU.7.10.1.1_1,2023,11,0,0
DEU.7.11.1.1_1,2023,11,0,0
DEU.7.11.10.1_1,2023,11,0,0
DEU.7.11.11.1_1,2023,11,0,0
DEU.7.11.12.1_1,2023,11,0,0
DEU.7.11.13.1_1,2023,11,0,0
DEU.7.11.14.1_1,2023,11,0,0
DEU.7.11.15.1_1,2023,11,0,0
DEU.7.11.16.1_1,2023,11,0,0
DEU.7.11.17.1_1,2023,11,0,0
DEU.7.11.18.1_1,2023,11,0,0
DEU.7.11.19.1_1,2023,11,0,0
DEU.7.11.2.1_1,2023,11,0,0
DEU.7.11.20.1_1,2023,11,0,0
DEU.7.11.21.1_1,2023,11,0,0
DEU.7.11.22.1_1,2023,11,0,0
DEU.7.11.23.1_1,2023,11,0,0
DEU.7.11.24.1_1,2023,11,0,0
DEU.7.11.25.1_1,2023,11,0,0
DEU.7.11.26.1_1,2023,11,0,0
DEU.7.11.27.1_1,2023,11,0,0
DEU.7.11.28.1_1,2023,11,0,0
DEU.7.11.29.1_1,2023,11,0,0
DEU.7.11.3.1_1,2023,11,0,0
DEU.7.11.30.1_1,2023,11,0,0
DEU.7.11.4.1_1,2023,11,0,0
DEU.7.11.5.1_1,2023,11,0,0
DEU.7.11.6.1_1,2023,11,0,0
DEU.7.11.7.1_1,2023,11,0,0
DEU.7.11.8.1_1,2023,11,0,0
DEU.7.11.9.1_1,2023,11,0,0
DEU.7.12.1.1_1,2023,11,0,0
DEU.7.12.10.1_1,2023,11,0,0
DEU.7.12.11.1_1,2023,11,0,0
DEU.7.12.12.1_1,2023,11,0,0
DEU.7.12.13.1_1,2023,11,0,0
DEU.7.12.14.1_1,2023,11,0,0
DEU.7.12.15.1_1,2023,11,0,0
DEU.7.12.16.1_1,2023,11,0,0
DEU.7.12.17.1_1,2023,11,0,0
DEU.7.12.18.1_1,2023,11,0,0
DEU.7.12.19.1_1,2023,11,0,0
DEU.7.12.2.1_1,2023,11,0,0
DEU.7.12.20.1_1,2023,11,0,0
DEU.7.12.21.1_1,2023,11,0,0
DEU.7.12.22.1_1,2023,11,0,0
DEU.7.12.23.1_1,2023,11,0,0
DEU.7.12.3.1_1,2023,11,0,0
DEU.7.12.4.1_1,2023,11,0,0
DEU.7.12.5.1_1,2023,11,0,0
DEU.7.12.6.1_1,2023,11,0,0
DEU.7.12.7.1_1,2023,11,0,0
DEU.7.12.8.1_1,2023,11,0,0
DEU.7.12.9.1_1,2023,11,0,0
DEU.7.13.1.1_1,2023,11,0,0
DEU.7.13.10.1_1,2023,11,0,0
DEU.7.13.11.1_1,2023,11,0,0
DEU.7.13.12.1_1,2023,11,0,0
DEU.7.13.13.1_1,2023,11,0,0
DEU.7.13.14.1_1,2023,11,0,0
DEU.7.13.15.1_1,2023,11,0,0
DEU.7.13.16.1_1,2023,11,0,0
DEU.7.13.17.1_1,2023,11,0,0
DEU.7.13.18.1_1,2023,11,0,0
DEU.7.13.19.1_1,2023,11,0,0
DEU.7.13.2.1_1,2023,11,0,0
DEU.7.13.3.1_1,2023,11,0,0
DEU.7.13.4.1_1,2023,11,0,0
DEU.7.13.5.1_1,2023,11,0,0
DEU.7.13.6.1_1,2023,11,0,0
DEU.7.13.7.1_1,2023,11,0,0
DEU.7.13.8.1_1,2023,11,0,0
DEU.7.13.9.1_1,2023,11,0,0
DEU.7.14.1.1_1,2023,11,0,0
DEU.7.14.10.1_1,2023,11,0,0
DEU.7.14.11.1_1,2023,11,0,0
DEU.7.14.12.1_1,2023,11,0,0
DEU.7.14.13.1_1,2023,11,0,0
DEU.7.14.14.1_1,2023,11,0,0
DEU.7.14.15.1_1,2023,11,0,0
DEU.7.14.16.1_1,2023,11,0,0
DEU.7.14.17.1_1,2023,11,0,0
DEU.7.14.18.1_1,2023,11,0,0
DEU.7.14.19.1_1,2023,11,0,0
DEU.7.14.2.1_1,2023,11,0,0
DEU.7.14.20.1_1,2023,11,0,0
DEU.7.14.21.1_1,2023,11,0,0
DEU.7.14.22.1_1,2023,11,0,0
DEU.7.14.23.1_1,2023,11,0,0
DEU.7.14.24.1_1,2023,11,0,0
DEU.7.14.25.1_1,2023,11,0,0
DEU.7.14.26.1_1,2023,11,0,0
DEU.7.14.27.1_1,2023,11,0,0
DEU.7.14.28.1_1,2023,11,0,0
DEU.7.14.29.1_1,2023,11,0,0
DEU.7.14.3.1_1,2023,11,0,0
DEU.7.14.30.1_1,2023,11,0,0
DEU.7.14.4.1_1,2023,11,0,0
DEU.7.14.5.1_1,2023,11,0,0
DEU.7.14.6.1_1,2023,11,0,0
DEU.7.14.7.1_1,2023,11,0,0
DEU.7.14.8.1_1,2023,11,0,0
DEU.7.14.9.1_1,2023,11,0,0
DEU.7.15.1.1_1,2023,11,0,0
DEU.7.15.10.1_1,2023,11,0,0
DEU.7.15.11.1_1,2023,11,0,0
DEU.7.15.12.1_1,2023,11,0,0
DEU.7.15.2.1_1,2023,11,0,0
DEU.7.15.3.1_1,2023,11,0,0
DEU.7.15.4.1_1,2023,11,0,0
DEU.7.15.5.1_1,2023,11,0,0
DEU.7.15.6.1_1,2023,11,0,0
DEU.7.15.7.1_1,2023,11,0,0
DEU.7.15.8.1_1,2023,11,0,0
DEU.7.15.9.1_1,2023,11,0,0
DEU.7.16.1.1_1,2023,11,0,0
DEU.7.16.10.1_1,2023,11,0,0
DEU.7.16.11.1_1,2023,11,0,0
DEU.7.16.12.1_1,2023,11,0,0
DEU.7.16.13.1_1,2023,11,0,0
DEU.7.16.14.1_1,2023,11,0,0
DEU.7.16.15.1_1,2023,11,0,0
DEU.7.16.16.1_1,2023,11,0,0
DEU.7.16.17.1_1,2023,11,0,0
DEU.7.16.18.1_1,2023,11,0,0
DEU.7.16.19.1_1,2023,11,0,0
DEU.7.16.2.1_1,2023,11,0,0
DEU.7.16.20.1_1,2023,11,0,0
DEU.7.16.21.1_1,2023,11,0,0
DEU.7.16.22.1_1,2023,11,0,0
DEU.7.16.3.1_1,2023,11,0,0
DEU.7.16.4.1_1,2023,11,0,0
DEU.7.16.5.1_1,2023,11,0,0
DEU.7.16.6.1_1,2023,11,0,0
DEU.7.16.7.1_1,2023,11,0,0
DEU.7.16.8.1_1,2023,11,0,0
DEU.7.16.9.1_1,2023,11,0,0
DEU.7.17.1.1_1,2023,11,0,0
DEU.7.17.10.1_1,2023,11,0,0
DEU.7.17.11.1_1,2023,11,0,0
DEU.7.17.12.1_1,2023,11,0,0
DEU.7.17.13.1_1,2023,11,0,0
DEU.7.17.14.1_1,2023,11,0,0
DEU.7.17.15.1_1,2023,11,0,0
DEU.7.17.2.1_1,2023,11,0,0
DEU.7.17.3.1_1,2023,11,0,0
DEU.7.17.4.1_1,2023,11,0,0
DEU.7.17.5.1_1,2023,11,0,0
DEU.7.17.6.1_1,2023,11,0,0
DEU.7.17.7.1_1,2023,11,0,0
DEU.7.17.8.1_1,2023,11,0,0
DEU.7.17.9.1_1,2023,11,0,0
DEU.7.18.1.1_1,2023,11,0,0
DEU.7.19.1.1_1,2023,11,0,0
DEU.7.19.10.1_1,2023,11,0,0
DEU.7.19.11.1_1,2023,11,0,0
DEU.7.19.12.1_1,2023,11,0,0
DEU.7.19.13.1_1,2023,11,0,0
DEU.7.19.2.1_1,2023,11,0,0
DEU.7.19.3.1_1,2023,11,0,0
DEU.7.19.4.1_1,2023,11,0,0
DEU.7.19.5.1_1,2023,11,0,0
DEU.7.19.6.1_1,2023,11,0,0
DEU.7.19.7.1_1,2023,11,0,0
DEU.7.19.8.1_1,2023,11,0,0
DEU.7.19.9.1_1,2023,11,0,0
DEU.7.2.1.1_1,2023,11,0,0
DEU.7.2.10.1_1,2023,11,0,0
DEU.7.2.11.1_1,2023,11,0,0
DEU.7.2.12.1_1,2023,11,0,0
DEU.7.2.13.1_1,2023,11,0,0
DEU.7.2.14.1_1,2023,11,0,0
DEU.7.2.15.1_1,2023,11,0,0
DEU.7.2.16.1_1,2023,11,0,0
DEU.7.2.17.1_1,2023,11,0,0
DEU.7.2.18.1_1,2023,11,0,0
DEU.7.2.19.1_1,2023,11,0,0
DEU.7.2.2.1_1,2023,11,0,0
DEU.7.2.20.1_1,2023,11,0,0
DEU.7.2.21.1_1,2023,11,0,0
DEU.7.2.22.1_1,2023,11,0,0
DEU.7.2.23.1_1,2023,11,0,0
DEU.7.2.3.1_1,2023,11,0,0
DEU.7.2.4.1_1,2023,11,0,0
DEU.7.2.5.1_1,2023,11,0,0
DEU.7.2.6.1_1,2023,11,0,0
DEU.7.2.7.1_1,2023,11,0,0
DEU.7.2.8.1_1,2023,11,0,0
DEU.7.2.9.1_1,2023,11,0,0
DEU.7.20.1.1_1,2023,11,0,0
DEU.7.20.10.1_1,2023,11,0,0
DEU.7.20.11.1_1,2023,11,0,0
DEU.7.20.12.1_1,2023,11,0,0
DEU.7.20.13.1_1,2023,11,0,0
DEU.7.20.14.1_1,2023,11,0,0
DEU.7.20.15.1_1,2023,11,0,0
DEU.7.20.16.1_1,2023,11,0,0
DEU.7.20.17.1_1,2023,11,0,0
DEU.7.20.2.1_1,2023,11,0,0
DEU.7.20.3.1_1,2023,11,0,0
DEU.7.20.4.1_1,2023,11,0,0
DEU.7.20.5.1_1,2023,11,0,0
DEU.7.20.6.1_1,2023,11,0,0
DEU.7.20.7.1_1,2023,11,0,0
DEU.7.20.8.1_1,2023,11,0,0
DEU.7.20.9.1_1,2023,11,0,0
DEU.7.21.1.1_1,2023,11,0,0
DEU.7.21.10.1_1,2023,11,0,0
DEU.7.21.11.1_1,2023,11,0,0
DEU.7.21.12.1_1,2023,11,0,0
DEU.7.21.13.1_1,2023,11,0,0
DEU.7.21.14.1_1,2023,11,0,0
DEU.7.21.15.1_1,2023,11,0,0
DEU.7.21.16.1_1,2023,11,0,0
DEU.7.21.17.1_1,2023,11,0,0
DEU.7.21.18.1_1,2023,11,0,0
DEU.7.21.19.1_1,2023,11,0,0
DEU.7.21.2.1_1,2023,11,0,0
DEU.7.21.20.1_1,2023,11,0,0
DEU.7.21.21.1_1,2023,11,0,0
DEU.7.21.22.1_1,2023,11,0,0
DEU.7.21.23.1_1,2023,11,0,0
DEU.7.21.24.1_1,2023,11,0,0
DEU.7.21.25.1_1,2023,11,0,0
DEU.7.21.26.1_1,2023,11,0,0
DEU.7.21.27.1_1,2023,11,0,0
DEU.7.21.3.1_1,2023,11,0,0
DEU.7.21.4.1_1,2023,11,0,0
DEU.7.21.5.1_1,2023,11,0,0
DEU.7.21.6.1_1,2023,11,0,0
DEU.7.21.7.1_1,2023,11,0,0
DEU.7.21.8.1_1,2023,11,0,0
DEU.7.21.9.1_1,2023,11,0,0
DEU.7.22.1.1_1,2023,11,0,0
DEU.7.22.10.1_1,2023,11,0,0
DEU.7.22.11.1_1,2023,11,0,0
DEU.7.22.12.1_1,2023,11,0,0
DEU.7.22.13.1_1,2023,11,0,0
DEU.7.22.14.1_1,2023,11,0,0
DEU.7.22.15.1_1,2023,11,0,0
DEU.7.22.16.1_1,2023,11,0,0
DEU.7.22.17.1_1,2023,11,0,0
DEU.7.22.18.1_1,2023,11,0,0
DEU.7.22.19.1_1,2023,11,0,0
DEU.7.22.2.1_1,2023,11,0,0
DEU.7.22.3.1_1,2023,11,0,0
DEU.7.22.4.1_1,2023,11,0,0
DEU.7.22.5.1_1,2023,11,0,0
DEU.7.22.6.1_1,2023,11,0,0
DEU.7.22.7.1_1,2023,11,0,0
DEU.7.22.8.1_1,2023,11,0,0
DEU.7.22.9.1_1,2023,11,0,0
DEU.7.23.1.1_1,2023,11,0,0
DEU.7.23.10.1_1,2023,11,0,0
DEU.7.23.11.1_1,2023,11,0,0
DEU.7.23.12.1_1,2023,11,0,0
DEU.7.23.13.1_1,2023,11,0,0
DEU.7.23.14.1_1,2023,11,0,0
DEU.7.23.15.1_1,2023,11,0,0
DEU.7.23.16.1_1,2023,11,0,0
DEU.7.23.17.1_1,2023,11,0,0
DEU.7.23.18.1_1,2023,11,0,0
DEU.7.23.19.1_1,2023,11,0,0
DEU.7.23.2.1_1,2023,11,0,0
DEU.7.23.20.1_1,2023,11,0,0
DEU.7.23.21.1_1,2023,11,0,0
DEU.7.23.22.1_1,2023,11,0,0
DEU.7.23.3.1_1,2023,11,0,0
DEU.7.23.4.1_1,2023,11,0,0
DEU.7.23.5.1_1,2023,11,0,0
DEU.7.23.6.1_1,2023,11,0,0
DEU.7.23.7.1_1,2023,11,0,0
DEU.7.23.8.1_1,2023,11,0,0
DEU.7.23.9.1_1,2023,11,0,0
DEU.7.24.1.1_1,2023,11,0,0
DEU.7.24.10.1_1,2023,11,0,0
DEU.7.24.11.1_1,2023,11,0,0
DEU.7.24.12.1_1,2023,11,0,0
DEU.7.24.13.1_1,2023,11,0,0
DEU.7.24.14.1_1,2023,11,0,0
DEU.7.24.15.1_1,2023,11,0,0
DEU.7.24.16.1_1,2023,11,0,0
DEU.7.24.17.1_1,2023,11,0,0
DEU.7.24.2.1_1,2023,11,0,0
DEU.7.24.3.1_1,2023,11,0,0
DEU.7.24.4.1_1,2023,11,0,0
DEU.7.24.5.1_1,2023,11,0,0
DEU.7.24.6.1_1,2023,11,0,0
DEU.7.24.7.1_1,2023,11,0,0
DEU.7.24.8.1_1,2023,11,0,0
DEU.7.24.9.1_1,2023,11,0,0
DEU.7.25.1.1_1,2023,11,0,0
DEU.7.25.10.1_1,2023,11,0,0
DEU.7.25.11.1_1,2023,11,0,0
DEU.7.25.12.1_1,2023,11,0,0
DEU.7.25.13.1_1,2023,11,0,0
DEU.7.25.14.1_1,2023,11,0,0
DEU.7.25.15.1_1,2023,11,0,0
DEU.7.25.16.1_1,2023,11,0,0
DEU.7.25.17.1_1,2023,11,0,0
DEU.7.25.18.1_1,2023,11,0,0
DEU.7.25.19.1_1,2023,11,0,0
DEU.7.25.2.1_1,2023,11,0,0
DEU.7.25.20.1_1,2023,11,0,0
DEU.7.25.21.1_1,2023,11,0,0
DEU.7.25.22.1_1,2023,11,0,0
DEU.7.25.23.1_1,2023,11,0,0
DEU.7.25.24.1_1,2023,11,0,0
DEU.7.25.25.1_1,2023,11,0,0
DEU.7.25.3.1_1,2023,11,0,0
DEU.7.25.4.1_1,2023,11,0,0
DEU.7.25.5.1_1,2023,11,0,0
DEU.7.25.6.1_1,2023,11,0,0
DEU.7.25.7.1_1,2023,11,0,0
DEU.7.25.8.1_1,2023,11,0,0
DEU.7.25.9.1_1,2023,11,0,0
DEU.7.26.1.1_1,2023,11,0,0
DEU.7.3.1.1_1,2023,11,0,0
DEU.7.4.1.1_1,2023,11,0,0
DEU.7.5.1.1_1,2023,11,0,0
DEU.7.5.10.1_1,2023,11,0,0
DEU.7.5.11.1_1,2023,11,0,0
DEU.7.5.12.1_1,2023,11,0,0
DEU.7.5.13.1_1,2023,11,0,0
DEU.7.5.14.1_1,2023,11,0,0
DEU.7.5.15.1_1,2023,11,0,0
DEU.7.5.16.1_1,2023,11,0,0
DEU.7.5.17.1_1,2023,11,0,0
DEU.7.5.18.1_1,2023,11,0,0
DEU.7.5.19.1_1,2023,11,0,0
DEU.7.5.2.1_1,2023,11,0,0
DEU.7.5.20.1_1,2023,11,0,0
DEU.7.5.21.1_1,2023,11,0,0
DEU.7.5.22.1_1,2023,11,0,0
DEU.7.5.23.1_1,2023,11,0,0
DEU.7.5.3.1_1,2023,11,0,0
DEU.7.5.4.1_1,2023,11,0,0
DEU.7.5.5.1_1,2023,11,0,0
DEU.7.5.6.1_1,2023,11,0,0
DEU.7.5.7.1_1,2023,11,0,0
DEU.7.5.8.1_1,2023,11,0,0
DEU.7.5.9.1_1,2023,11,0,0
DEU.7.6.1.1_1,2023,11,0,0
DEU.7.6.10.1_1,2023,11,0,0
DEU.7.6.11.1_1,2023,11,0,0
DEU.7.6.12.1_1,2023,11,0,0
DEU.7.6.13.1_1,2023,11,0,0
DEU.7.6.14.1_1,2023,11,0,0
DEU.7.6.15.1_1,2023,11,0,0
DEU.7.6.16.1_1,2023,11,0,0
DEU.7.6.17.1_1,2023,11,0,0
DEU.7.6.18.1_1,2023,11,0,0
DEU.7.6.2.1_1,2023,11,0,0
DEU.7.6.3.1_1,2023,11,0,0
DEU.7.6.4.1_1,2023,11,0,0
DEU.7.6.5.1_1,2023,11,0,0
DEU.7.6.6.1_1,2023,11,0,0
DEU.7.6.7.1_1,2023,11,0,0
DEU.7.6.8.1_1,2023,11,0,0
DEU.7.6.9.1_1,2023,11,0,0
DEU.7.7.1.1_1,2023,11,0,0
DEU.7.7.10.1_1,2023,11,0,0
DEU.7.7.11.1_1,2023,11,0,0
DEU.7.7.12.1_1,2023,11,0,0
DEU.7.7.13.1_1,2023,11,0,0
DEU.7.7.14.1_1,2023,11,0,0
DEU.7.7.2.1_1,2023,11,0,0
DEU.7.7.3.1_1,2023,11,0,0
DEU.7.7.4.1_1,2023,11,0,0
DEU.7.7.5.1_1,2023,11,0,0
DEU.7.7.6.1_1,2023,11,0,0
DEU.7.7.7.1_1,2023,11,0,0
DEU.7.7.8.1_1,2023,11,0,0
DEU.7.7.9.1_1,2023,11,0,0
DEU.7.8.1.1_1,2023,11,0,0
DEU.7.8.10.1_1,2023,11,0,0
DEU.7.8.11.1_1,2023,11,0,0
DEU.7.8.12.1_1,2023,11,0,0
DEU.7.8.13.1_1,2023,11,0,0
DEU.7.8.14.1_1,2023,11,0,0
DEU.7.8.15.1_1,2023,11,0,0
DEU.7.8.16.1_1,2023,11,0,0
DEU.7.8.17.1_1,2023,11,0,0
DEU.7.8.18.1_1,2023,11,0,0
DEU.7.8.19.1_1,2023,11,0,0
DEU.7.8.2.1_1,2023,11,0,0
DEU.7.8.20.1_1,2023,11,0,0
DEU.7.8.3.1_1,2023,11,0,0
DEU.7.8.4.1_1,2023,11,0,0
DEU.7.8.5.1_1,2023,11,0,0
DEU.7.8.6.1_1,2023,11,0,0
DEU.7.8.7.1_1,2023,11,0,0
DEU.7.8.8.1_1,2023,11,0,0
DEU.7.8.9.1_1,2023,11,0,0
DEU.7.9.1.1_1,2023,11,0,0
DEU.7.9.10.1_1,2023,11,0,0
DEU.7.9.11.1_1,2023,11,0,0
DEU.7.9.12.1_1,2023,11,0,0
DEU.7.9.13.1_1,2023,11,0,0
DEU.7.9.2.1_1,2023,11,0,0
DEU.7.9.3.1_1,2023,11,0,0
DEU.7.9.4.1_1,2023,11,0,0
DEU.7.9.5.1_1,2023,11,0,0
DEU.7.9.6.1_1,2023,11,0,0
DEU.7.9.7.1_1,2023,11,0,0
DEU.7.9.8.1_1,2023,11,0,0
DEU.7.9.9.1_1,2023,11,0,0
DEU.8.1.1.1_1,2023,11,0,0
DEU.8.1.1.10_1,2023,11,0,0
DEU.8.1.1.11_1,2023,11,0,0
DEU.8.1.1.2_1,2023,11,0,0
DEU.8.1.1.3_1,2023,11,0,0
DEU.8.1.1.4_1,2023,11,0,0
DEU.8.1.1.5_1,2023,11,0,0
DEU.8.1.1.6_1,2023,11,0,0
DEU.8.1.1.7_1,2023,11,0,0
DEU.8.1.1.8_1,2023,11,0,0
DEU.8.1.1.9_1,2023,11,0,0
DEU.8.1.10.1_1,2023,11,0,0
DEU.8.1.11.1_1,2023,11,0,0
DEU.8.1.11.10_1,2023,11,0,0
DEU.8.1.11.11_1,2023,11,0,0
DEU.8.1.11.12_1,2023,11,0,0
DEU.8.1.11.2_1,2023,11,0,0
DEU.8.1.11.3_1,2023,11,0,0
DEU.8.1.11.4_1,2023,11,0,0
DEU.8.1.11.5_1,2023,11,0,0
DEU.8.1.11.6_1,2023,11,0,0
DEU.8.1.11.7_1,2023,11,0,0
DEU.8.1.11.8_1,2023,11,0,0
DEU.8.1.11.9_1,2023,11,0,0
DEU.8.1.12.1_1,2023,11,0,0
DEU.8.1.13.1_1,2023,11,0,0
DEU.8.1.13.2_1,2023,11,0,0
DEU.8.1.13.3_1,2023,11,0,0
DEU.8.1.14.1_1,2023,11,0,0
DEU.8.1.14.10_1,2023,11,0,0
DEU.8.1.14.2_1,2023,11,0,0
DEU.8.1.14.3_1,2023,11,0,0
DEU.8.1.14.4_1,2023,11,0,0
DEU.8.1.14.5_1,2023,11,0,0
DEU.8.1.14.6_1,2023,11,0,0
DEU.8.1.14.7_1,2023,11,0,0
DEU.8.1.14.8_1,2023,11,0,0
DEU.8.1.14.9_1,2023,11,0,0
DEU.8.1.15.1_1,2023,11,0,0
DEU.8.1.16.1_1,2023,11,0,0
DEU.8.1.16.2_1,2023,11,0,0
DEU.8.1.16.3_1,2023,11,0,0
DEU.8.1.17.1_1,2023,11,0,0
DEU.8.1.17.10_1,2023,11,0,0
DEU.8.1.17.11_1,2023,11,0,0
DEU.8.1.17.12_1,2023,11,0,0
DEU.8.1.17.13_1,2023,11,0,0
DEU.8.1.17.2_1,2023,11,0,0
DEU.8.1.17.3_1,2023,11,0,0
DEU.8.1.17.4_1,2023,11,0,0
DEU.8.1.17.5_1,2023,11,0,0
DEU.8.1.17.6_1,2023,11,0,0
DEU.8.1.17.7_1,2023,11,0,0
DEU.8.1.17.8_1,2023,11,0,0
DEU.8.1.17.9_1,2023,11,0,0
DEU.8.1.18.1_1,2023,11,0,0
DEU.8.1.18.2_1,2023,11,0,0
DEU.8.1.18.3_1,2023,11,0,0
DEU.8.1.18.4_1,2023,11,0,0
DEU.8.1.18.5_1,2023,11,0,0
DEU.8.1.18.6_1,2023,11,0,0
DEU.8.1.18.7_1,2023,11,0,0
DEU.8.1.18.8_1,2023,11,0,0
DEU.8.1.18.9_1,2023,11,0,0
DEU.8.1.19.1_1,2023,11,0,0
DEU.8.1.19.2_1,2023,11,0,0
DEU.8.1.2.1_1,2023,11,0,0
DEU.8.1.20.1_1,2023,11,0,0
DEU.8.1.20.2_1,2023,11,0,0
DEU.8.1.20.3_1,2023,11,0,0
DEU.8.1.20.4_1,2023,11,0,0
DEU.8.1.20.5_1,2023,11,0,0
DEU.8.1.3.1_1,2023,11,0,0
DEU.8.1.3.10_1,2023,11,0,0
DEU.8.1.3.11_1,2023,11,0,0
DEU.8.1.3.12_1,2023,11,0,0
DEU.8.1.3.13_1,2023,11,0,0
DEU.8.1.3.14_1,2023,11,0,0
DEU.8.1.3.15_1,2023,11,0,0
DEU.8.1.3.16_1,2023,11,0,0
DEU.8.1.3.17_1,2023,11,0,0
DEU.8.1.3.2_1,2023,11,0,0
DEU.8.1.3.3_1,2023,11,0,0
DEU.8.1.3.4_1,2023,11,0,0
DEU.8.1.3.5_1,2023,11,0,0
DEU.8.1.3.6_1,2023,11,0,0
DEU.8.1.3.7_1,2023,11,0,0
DEU.8.1.3.8_1,2023,11,0,0
DEU.8.1.3.9_1,2023,11,0,0
DEU.8.1.4.1_1,2023,11,0,0
DEU.8.1.4.2_1,2023,11,0,0
DEU.8.1.4.3_1,2023,11,0,0
DEU.8.1.4.4_1,2023,11,0,0
DEU.8.1.4.5_1,2023,11,0,0
DEU.8.1.4.6_1,2023,11,0,0
DEU.8.1.4.7_1,2023,11,0,0
DEU.8.1.5.1_1,2023,11,0,0
DEU.8.1.5.10_1,2023,11,0,0
DEU.8.1.5.11_1,2023,11,0,0
DEU.8.1.5.12_1,2023,11,0,0
DEU.8.1.5.13_1,2023,11,0,0
DEU.8.1.5.2_1,2023,11,0,0
DEU.8.1.5.3_1,2023,11,0,0
DEU.8.1.5.4_1,2023,11,0,0
DEU.8.1.5.5_1,2023,11,0,0
DEU.8.1.5.6_1,2023,11,0,0
DEU.8.1.5.7_1,2023,11,0,0
DEU.8.1.5.8_1,2023,11,0,0
DEU.8.1.5.9_1,2023,11,0,0
DEU.8.1.6.1_1,2023,11,0,0
DEU.8.1.6.2_1,2023,11,0,0
DEU.8.1.6.3_1,2023,11,0,0
DEU.8.1.6.4_1,2023,11,0,0
DEU.8.1.6.5_1,2023,11,0,0
DEU.8.1.7.1_1,2023,11,0,0
DEU.8.1.7.10_1,2023,11,0,0
DEU.8.1.7.11_1,2023,11,0,0
DEU.8.1.7.12_1,2023,11,0,0
DEU.8.1.7.13_1,2023,11,0,0
DEU.8.1.7.14_1,2023,11,0,0
DEU.8.1.7.2_1,2023,11,0,0
DEU.8.1.7.3_1,2023,11,0,0
DEU.8.1.7.4_1,2023,11,0,0
DEU.8.1.7.5_1,2023,11,0,0
DEU.8.1.7.6_1,2023,11,0,0
DEU.8.1.7.7_1,2023,11,0,0
DEU.8.1.7.8_1,2023,11,0,0
DEU.8.1.7.9_1,2023,11,0,0
DEU.8.1.8.1_1,2023,11,0,0
DEU.8.1.8.10_1,2023,11,0,0
DEU.8.1.8.11_1,2023,11,0,0
DEU.8.1.8.12_1,2023,11,0,0
DEU.8.1.8.13_1,2023,11,0,0
DEU.8.1.8.14_1,2023,11,0,0
DEU.8.1.8.15_1,2023,11,0,0
DEU.8.1.8.16_1,2023,11,0,0
DEU.8.1.8.17_1,2023,11,0,0
DEU.8.1.8.18_1,2023,11,0,0
DEU.8.1.8.19_1,2023,11,0,0
DEU.8.1.8.2_1,2023,11,0,0
DEU.8.1.8.20_1,2023,11,0,0
DEU.8.1.8.3_1,2023,11,0,0
DEU.8.1.8.4_1,2023,11,0,0
DEU.8.1.8.5_1,2023,11,0,0
DEU.8.1.8.6_1,2023,11,0,0
DEU.8.1.8.7_1,2023,11,0,0
DEU.8.1.8.8_1,2023,11,0,0
DEU.8.1.8.9_1,2023,11,0,0
DEU.8.1.9.1_1,2023,11,0,0
DEU.8.2.1.1_1,2023,11,0,0
DEU.8.2.10.1_1,2023,11,0,0
DEU.8.2.10.10_1,2023,11,0,0
DEU.8.2.10.11_1,2023,11,0,0
DEU.8.2.10.2_1,2023,11,0,0
DEU.8.2.10.3_1,2023,11,0,0
DEU.8.2.10.4_1,2023,11,0,0
DEU.8.2.10.5_1,2023,11,0,0
DEU.8.2.10.6_1,2023,11,0,0
DEU.8.2.10.7_1,2023,11,0,0
DEU.8.2.10.8_1,2023,11,0,0
DEU.8.2.10.9_1,2023,11,0,0
DEU.8.2.11.1_1,2023,11,0,0
DEU.8.2.12.1_1,2023,11,0,0
DEU.8.2.12.10_1,2023,11,0,0
DEU.8.2.12.11_1,2023,11,0,0
DEU.8.2.12.12_1,2023,11,0,0
DEU.8.2.12.2_1,2023,11,0,0
DEU.8.2.12.3_1,2023,11,0,0
DEU.8.2.12.4_1,2023,11,0,0
DEU.8.2.12.5_1,2023,11,0,0
DEU.8.2.12.6_1,2023,11,0,0
DEU.8.2.12.7_1,2023,11,0,0
DEU.8.2.12.8_1,2023,11,0,0
DEU.8.2.12.9_1,2023,11,0,0
DEU.8.2.13.1_1,2023,11,0,0
DEU.8.2.13.2_1,2023,11,0,0
DEU.8.2.13.3_1,2023,11,0,0
DEU.8.2.13.4_1,2023,11,0,0
DEU.8.2.14.1_1,2023,11,0,0
DEU.8.2.14.10_1,2023,11,0,0
DEU.8.2.14.11_1,2023,11,0,0
DEU.8.2.14.12_1,2023,11,0,0
DEU.8.2.14.13_1,2023,11,0,0
DEU.8.2.14.14_1,2023,11,0,0
DEU.8.2.14.15_1,2023,11,0,0
DEU.8.2.14.16_1,2023,11,0,0
DEU.8.2.14.17_1,2023,11,0,0
DEU.8.2.14.18_1,2023,11,0,0
DEU.8.2.14.19_1,2023,11,0,0
DEU.8.2.14.2_1,2023,11,0,0
DEU.8.2.14.20_1,2023,11,0,0
DEU.8.2.14.21_1,2023,11,0,0
DEU.8.2.14.22_1,2023,11,0,0
DEU.8.2.14.23_1,2023,11,0,0
DEU.8.2.14.3_1,2023,11,0,0
DEU.8.2.14.4_1,2023,11,0,0
DEU.8.2.14.5_1,2023,11,0,0
DEU.8.2.14.6_1,2023,11,0,0
DEU.8.2.14.7_1,2023,11,0,0
DEU.8.2.14.8_1,2023,11,0,0
DEU.8.2.14.9_1,2023,11,0,0
DEU.8.2.15.1_1,2023,11,0,0
DEU.8.2.15.10_1,2023,11,0,0
DEU.8.2.15.11_1,2023,11,0,0
DEU.8.2.15.12_1,2023,11,0,0
DEU.8.2.15.13_1,2023,11,0,0
DEU.8.2.15.2_1,2023,11,0,0
DEU.8.2.15.3_1,2023,11,0,0
DEU.8.2.15.4_1,2023,11,0,0
DEU.8.2.15.5_1,2023,11,0,0
DEU.8.2.15.6_1,2023,11,0,0
DEU.8.2.15.7_1,2023,11,0,0
DEU.8.2.15.8_1,2023,11,0,0
DEU.8.2.15.9_1,2023,11,0,0
DEU.8.2.16.1_1,2023,11,0,0
DEU.8.2.16.2_1,2023,11,0,0
DEU.8.2.16.3_1,2023,11,0,0
DEU.8.2.16.4_1,2023,11,0,0
DEU.8.2.16.5_1,2023,11,0,0
DEU.8.2.16.6_1,2023,11,0,0
DEU.8.2.17.1_1,2023,11,0,0
DEU.8.2.17.10_1,2023,11,0,0
DEU.8.2.17.11_1,2023,11,0,0
DEU.8.2.17.12_1,2023,11,0,0
DEU.8.2.17.13_1,2023,11,0,0
DEU.8.2.17.2_1,2023,11,0,0
DEU.8.2.17.3_1,2023,11,0,0
DEU.8.2.17.4_1,2023,11,0,0
DEU.8.2.17.5_1,2023,11,0,0
DEU.8.2.17.6_1,2023,11,0,0
DEU.8.2.17.7_1,2023,11,0,0
DEU.8.2.17.8_1,2023,11,0,0
DEU.8.2.17.9_1,2023,11,0,0
DEU.8.2.18.1_1,2023,11,0,0
DEU.8.2.18.10_1,2023,11,0,0
DEU.8.2.18.11_1,2023,11,0,0
DEU.8.2.18.12_1,2023,11,0,0
DEU.8.2.18.13_1,2023,11,0,0
DEU.8.2.18.14_1,2023,11,0,0
DEU.8.2.18.15_1,2023,11,0,0
DEU.8.2.18.16_1,2023,11,0,0
DEU.8.2.18.17_1,2023,11,0,0
DEU.8.2.18.18_1,2023,11,0,0
DEU.8.2.18.19_1,2023,11,0,0
DEU.8.2.18.2_1,2023,11,0,0
DEU.8.2.18.20_1,2023,11,0,0
DEU.8.2.18.3_1,2023,11,0,0
DEU.8.2.18.4_1,2023,11,0,0
DEU.8.2.18.5_1,2023,11,0,0
DEU.8.2.18.6_1,2023,11,0,0
DEU.8.2.18.7_1,2023,11,0,0
DEU.8.2.18.8_1,2023,11,0,0
DEU.8.2.18.9_1,2023,11,0,0
DEU.8.2.19.1_1,2023,11,0,0
DEU.8.2.2.1_1,2023,11,0,0
DEU.8.2.2.10_1,2023,11,0,0
DEU.8.2.2.11_1,2023,11,0,0
DEU.8.2.2.12_1,2023,11,0,0
DEU.8.2.2.13_1,2023,11,0,0
DEU.8.2.2.14_1,2023,11,0,0
DEU.8.2.2.15_1,2023,11,0,0
DEU.8.2.2.16_1,2023,11,0,0
DEU.8.2.2.2_1,2023,11,0,0
DEU.8.2.2.3_1,2023,11,0,0
DEU.8.2.2.4_1,2023,11,0,0
DEU.8.2.2.5_1,2023,11,0,0
DEU.8.2.2.6_1,2023,11,0,0
DEU.8.2.2.7_1,2023,11,0,0
DEU.8.2.2.8_1,2023,11,0,0
DEU.8.2.2.9_1,2023,11,0,0
DEU.8.2.20.1_1,2023,11,0,0
DEU.8.2.20.2_1,2023,11,0,0
DEU.8.2.20.3_1,2023,11,0,0
DEU.8.2.20.4_1,2023,11,0,0
DEU.8.2.20.5_1,2023,11,0,0
DEU.8.2.20.6_1,2023,11,0,0
DEU.8.2.20.7_1,2023,11,0,0
DEU.8.2.20.8_1,2023,11,0,0
DEU.8.2.3.1_1,2023,11,0,0
DEU.8.2.4.1_1,2023,11,0,0
DEU.8.2.5.1_1,2023,11,0,0
DEU.8.2.5.2_1,2023,11,0,0
DEU.8.2.5.3_1,2023,11,0,0
DEU.8.2.5.4_1,2023,11,0,0
DEU.8.2.6.1_1,2023,11,0,0
DEU.8.2.6.2_1,2023,11,0,0
DEU.8.2.6.3_1,2023,11,0,0
DEU.8.2.6.4_1,2023,11,0,0
DEU.8.2.6.5_1,2023,11,0,0
DEU.8.2.6.6_1,2023,11,0,0
DEU.8.2.6.7_1,2023,11,0,0
DEU.8.2.7.1_1,2023,11,0,0
DEU.8.2.7.2_1,2023,11,0,0
DEU.8.2.7.3_1,2023,11,0,0
DEU.8.2.7.4_1,2023,11,0,0
DEU.8.2.7.5_1,2023,11,0,0
DEU.8.2.7.6_1,2023,11,0,0
DEU.8.2.7.7_1,2023,11,0,0
DEU.8.2.7.8_1,2023,11,0,0
DEU.8.2.7.9_1,2023,11,0,0
DEU.8.2.8.1_1,2023,11,0,0
DEU.8.2.8.2_1,2023,11,0,0
DEU.8.2.8.3_1,2023,11,0,0
DEU.8.2.8.4_1,2023,11,0,0
DEU.8.2.9.1_1,2023,11,0,0
DEU.8.3.1.1_1,2023,11,0,0
DEU.8.3.1.2_1,2023,11,0,0
DEU.8.3.1.3_1,2023,11,0,0
DEU.8.3.1.4_1,2023,11,0,0
DEU.8.3.1.5_1,2023,11,0,0
DEU.8.3.1.6_1,2023,11,0,0
DEU.8.3.1.7_1,2023,11,0,0
DEU.8.3.1.8_1,2023,11,0,0
DEU.8.3.1.9_1,2023,11,0,0
DEU.8.3.10.1_1,2023,11,0,0
DEU.8.3.10.10_1,2023,11,0,0
DEU.8.3.10.11_1,2023,11,0,0
DEU.8.3.10.2_1,2023,11,0,0
DEU.8.3.10.3_1,2023,11,0,0
DEU.8.3.10.4_1,2023,11,0,0
DEU.8.3.10.5_1,2023,11,0,0
DEU.8.3.10.6_1,2023,11,0,0
DEU.8.3.10.7_1,2023,11,0,0
DEU.8.3.10.8_1,2023,11,0,0
DEU.8.3.10.9_1,2023,11,0,0
DEU.8.3.11.1_1,2023,11,0,0
DEU.8.3.11.10_1,2023,11,0,0
DEU.8.3.11.2_1,2023,11,0,0
DEU.8.3.11.3_1,2023,11,0,0
DEU.8.3.11.4_1,2023,11,0,0
DEU.8.3.11.5_1,2023,11,0,0
DEU.8.3.11.6_1,2023,11,0,0
DEU.8.3.11.7_1,2023,11,0,0
DEU.8.3.11.8_1,2023,11,0,0
DEU.8.3.11.9_1,2023,11,0,0
DEU.8.3.12.1_1,2023,11,0,0
DEU.8.3.2.1_1,2023,11,0,0
DEU.8.3.2.2_1,2023,11,0,0
DEU.8.3.2.3_1,2023,11,0,0
DEU.8.3.2.4_1,2023,11,0,0
DEU.8.3.2.5_1,2023,11,0,0
DEU.8.3.2.6_1,2023,11,0,0
DEU.8.3.2.7_1,2023,11,0,0
DEU.8.3.2.8_1,2023,11,0,0
DEU.8.3.3.1_1,2023,11,0,0
DEU.8.3.3.2_1,2023,11,0,0
DEU.8.3.3.3_1,2023,11,0,0
DEU.8.3.3.4_1,2023,11,0,0
DEU.8.3.3.5_1,2023,11,0,0
DEU.8.3.3.6_1,2023,11,0,0
DEU.8.3.3.7_1,2023,11,0,0
DEU.8.3.3.8_1,2023,11,0,0
DEU.8.3.3.9_1,2023,11,0,0
DEU.8.3.4.1_1,2023,11,0,0
DEU.8.3.5.1_1,2023,11,0,0
DEU.8.3.6.1_1,2023,11,0,0
DEU.8.3.6.2_1,2023,11,0,0
DEU.8.3.6.3_1,2023,11,0,0
DEU.8.3.6.4_1,2023,11,0,0
DEU.8.3.6.5_1,2023,11,0,0
DEU.8.3.6.6_1,2023,11,0,0
DEU.8.3.7.1_1,2023,11,0,0
DEU.8.3.7.10_1,2023,11,0,0
DEU.8.3.7.11_1,2023,11,0,0
DEU.8.3.7.12_1,2023,11,0,0
DEU.8.3.7.13_1,2023,11,0,0
DEU.8.3.7.14_1,2023,11,0,0
DEU.8.3.7.15_1,2023,11,0,0
DEU.8.3.7.2_1,2023,11,0,0
DEU.8.3.7.3_1,2023,11,0,0
DEU.8.3.7.4_1,2023,11,0,0
DEU.8.3.7.5_1,2023,11,0,0
DEU.8.3.7.6_1,2023,11,0,0
DEU.8.3.7.7_1,2023,11,0,0
DEU.8.3.7.8_1,2023,11,0,0
DEU.8.3.7.9_1,2023,11,0,0
DEU.8.3.8.1_1,2023,11,0,0
DEU.8.3.8.2_1,2023,11,0,0
DEU.8.3.8.3_1,2023,11,0,0
DEU.8.3.8.4_1,2023,11,0,0
DEU.8.3.8.5_1,2023,11,0,0
DEU.8.3.8.6_1,2023,11,0,0
DEU.8.3.9.1_1,2023,11,0,0
DEU.8.3.9.2_1,2023,11,0,0
DEU.8.3.9.3_1,2023,11,0,0
DEU.8.3.9.4_1,2023,11,0,0
DEU.8.3.9.5_1,2023,11,0,0
DEU.8.3.9.6_1,2023,11,0,0
DEU.8.3.9.7_1,2023,11,0,0
DEU.8.3.9.8_1,2023,11,0,0
DEU.8.3.9.9_1,2023,11,0,0
DEU.8.4.1.1_1,2023,11,0,0
DEU.8.5.1.1_1,2023,11,0,0
DEU.8.5.1.2_1,2023,11,0,0
DEU.8.5.1.3_1,2023,11,0,0
DEU.8.5.1.4_1,2023,11,0,0
DEU.8.5.1.5_1,2023,11,0,0
DEU.8.5.1.6_1,2023,11,0,0
DEU.8.5.1.7_1,2023,11,0,0
DEU.8.5.1.8_1,2023,11,0,0
DEU.8.5.1.9_1,2023,11,0,0
DEU.8.5.10.1_1,2023,11,0,0
DEU.8.5.10.2_1,2023,11,0,0
DEU.8.5.10.3_1,2023,11,0,0
DEU.8.5.10.4_1,2023,11,0,0
DEU.8.5.10.5_1,2023,11,0,0
DEU.8.5.11.1_1,2023,11,0,0
DEU.8.5.12.1_1,2023,11,0,0
DEU.8.5.13.1_1,2023,11,0,0
DEU.8.5.13.2_1,2023,11,0,0
DEU.8.5.13.3_1,2023,11,0,0
DEU.8.5.13.4_1,2023,11,0,0
DEU.8.5.13.5_1,2023,11,0,0
DEU.8.5.14.1_1,2023,11,0,0
DEU.8.5.14.10_1,2023,11,0,0
DEU.8.5.14.11_1,2023,11,0,0
DEU.8.5.14.12_1,2023,11,0,0
DEU.8.5.14.13_1,2023,11,0,0
DEU.8.5.14.14_1,2023,11,0,0
DEU.8.5.14.15_1,2023,11,0,0
DEU.8.5.14.2_1,2023,11,0,0
DEU.8.5.14.3_1,2023,11,0,0
DEU.8.5.14.4_1,2023,11,0,0
DEU.8.5.14.5_1,2023,11,0,0
DEU.8.5.14.6_1,2023,11,0,0
DEU.8.5.14.7_1,2023,11,0,0
DEU.8.5.14.8_1,2023,11,0,0
DEU.8.5.14.9_1,2023,11,0,0
DEU.8.5.15.1_1,2023,11,0,0
DEU.8.5.15.2_1,2023,11,0,0
DEU.8.5.15.3_1,2023,11,0,0
DEU.8.5.15.4_1,2023,11,0,0
DEU.8.5.15.5_1,2023,11,0,0
DEU.8.5.15.6_1,2023,11,0,0
DEU.8.5.15.7_1,2023,11,0,0
DEU.8.5.16.1_1,2023,11,0,0
DEU.8.5.17.1_1,2023,11,0,0
DEU.8.5.17.2_1,2023,11,0,0
DEU.8.5.17.3_1,2023,11,0,0
DEU.8.5.17.4_1,2023,11,0,0
DEU.8.5.17.5_1,2023,11,0,0
DEU.8.5.18.1_1,2023,11,0,0
DEU.8.5.19.1_1,2023,11,0,0
DEU.8.5.2.1_1,2023,11,0,0
DEU.8.5.20.1_1,2023,11,0,0
DEU.8.5.20.2_1,2023,11,0,0
DEU.8.5.20.3_1,2023,11,0,0
DEU.8.5.20.4_1,2023,11,0,0
DEU.8.5.20.5_1,2023,11,0,0
DEU.8.5.20.6_1,2023,11,0,0
DEU.8.5.20.7_1,2023,11,0,0
DEU.8.5.21.1_1,2023,11,0,0
DEU.8.5.21.2_1,2023,11,0,0
DEU.8.5.21.3_1,2023,11,0,0
DEU.8.5.21.4_1,2023,11,0,0
DEU.8.5.21.5_1,2023,11,0,0
DEU.8.5.21.6_1,2023,11,0,0
DEU.8.5.21.7_1,2023,11,0,0
DEU.8.5.21.8_1,2023,11,0,0
DEU.8.5.21.9_1,2023,11,0,0
DEU.8.5.22.1_1,2023,11,0,0
DEU.8.5.23.1_1,2023,11,0,0
DEU.8.5.23.2_1,2023,11,0,0
DEU.8.5.23.3_1,2023,11,0,0
DEU.8.5.23.4_1,2023,11,0,0
DEU.8.5.23.5_1,2023,11,0,0
DEU.8.5.23.6_1,2023,11,0,0
DEU.8.5.23.7_1,2023,11,0,0
DEU.8.5.3.1_1,2023,11,0,0
DEU.8.5.3.10_1,2023,11,0,0
DEU.8.5.3.11_1,2023,11,0,0
DEU.8.5.3.12_1,2023,11,0,0
DEU.8.5.3.2_1,2023,11,0,0
DEU.8.5.3.3_1,2023,11,0,0
DEU.8.5.3.4_1,2023,11,0,0
DEU.8.5.3.5_1,2023,11,0,0
DEU.8.5.3.6_1,2023,11,0,0
DEU.8.5.3.7_1,2023,11,0,0
DEU.8.5.3.8_1,2023,11,0,0
DEU.8.5.3.9_1,2023,11,0,0
DEU.8.5.4.1_1,2023,11,0,0
DEU.8.5.4.2_1,2023,11,0,0
DEU.8.5.4.3_1,2023,11,0,0
DEU.8.5.4.4_1,2023,11,0,0
DEU.8.5.4.5_1,2023,11,0,0
DEU.8.5.5.1_1,2023,11,0,0
DEU.8.5.6.1_1,2023,11,0,0
DEU.8.5.6.2_1,2023,11,0,0
DEU.8.5.6.3_1,2023,11,0,0
DEU.8.5.6.4_1,2023,11,0,0
DEU.8.5.6.5_1,2023,11,0,0
DEU.8.5.6.6_1,2023,11,0,0
DEU.8.5.6.7_1,2023,11,0,0
DEU.8.5.7.1_1,2023,11,0,0
DEU.8.5.8.1_1,2023,11,0,0
DEU.8.5.8.10_1,2023,11,0,0
DEU.8.5.8.11_1,2023,11,0,0
DEU.8.5.8.12_1,2023,11,0,0
DEU.8.5.8.13_1,2023,11,0,0
DEU.8.5.8.14_1,2023,11,0,0
DEU.8.5.8.2_1,2023,11,0,0
DEU.8.5.8.3_1,2023,11,0,0
DEU.8.5.8.4_1,2023,11,0,0
DEU.8.5.8.5_1,2023,11,0,0
DEU.8.5.8.6_1,2023,11,0,0
DEU.8.5.8.7_1,2023,11,0,0
DEU.8.5.8.8_1,2023,11,0,0
DEU.8.5.8.9_1,2023,11,0,0
DEU.8.5.9.1_1,2023,11,0,0
DEU.8.6.1.1_1,2023,11,0,0
DEU.8.7.1.1_1,2023,11,0,0
DEU.8.7.1.2_1,2023,11,0,0
DEU.8.7.1.3_1,2023,11,0,0
DEU.8.7.1.4_1,2023,11,0,0
DEU.8.7.1.5_1,2023,11,0,0
DEU.8.7.1.6_1,2023,11,0,0
DEU.8.7.1.7_1,2023,11,0,0
DEU.8.7.10.1_1,2023,11,0,0
DEU.8.7.10.10_1,2023,11,0,0
DEU.8.7.10.2_1,2023,11,0,0
DEU.8.7.10.3_1,2023,11,0,0
DEU.8.7.10.4_1,2023,11,0,0
DEU.8.7.10.5_1,2023,11,0,0
DEU.8.7.10.6_1,2023,11,0,0
DEU.8.7.10.7_1,2023,11,0,0
DEU.8.7.10.8_1,2023,11,0,0
DEU.8.7.10.9_1,2023,11,0,0
DEU.8.7.11.1_1,2023,11,0,0
DEU.8.7.12.1_1,2023,11,0,0
DEU.8.7.12.2_1,2023,11,0,0
DEU.8.7.12.3_1,2023,11,0,0
DEU.8.7.13.1_1,2023,11,0,0
DEU.8.7.14.1_1,2023,11,0,0
DEU.8.7.15.1_1,2023,11,0,0
DEU.8.7.15.2_1,2023,11,0,0
DEU.8.7.15.3_1,2023,11,0,0
DEU.8.7.15.4_1,2023,11,0,0
DEU.8.7.15.5_1,2023,11,0,0
DEU.8.7.15.6_1,2023,11,0,0
DEU.8.7.15.7_1,2023,11,0,0
DEU.8.7.16.1_1,2023,11,0,0
DEU.8.7.16.10_1,2023,11,0,0
DEU.8.7.16.11_1,2023,11,0,0
DEU.8.7.16.12_1,2023,11,0,0
DEU.8.7.16.13_1,2023,11,0,0
DEU.8.7.16.2_1,2023,11,0,0
DEU.8.7.16.3_1,2023,11,0,0
DEU.8.7.16.4_1,2023,11,0,0
DEU.8.7.16.5_1,2023,11,0,0
DEU.8.7.16.6_1,2023,11,0,0
DEU.8.7.16.7_1,2023,11,0,0
DEU.8.7.16.8_1,2023,11,0,0
DEU.8.7.16.9_1,2023,11,0,0
DEU.8.7.17.1_1,2023,11,0,0
DEU.8.7.18.1_1,2023,11,0,0
DEU.8.7.18.2_1,2023,11,0,0
DEU.8.7.18.3_1,2023,11,0,0
DEU.8.7.18.4_1,2023,11,0,0
DEU.8.7.18.5_1,2023,11,0,0
DEU.8.7.19.1_1,2023,11,0,0
DEU.8.7.19.10_1,2023,11,0,0
DEU.8.7.19.11_1,2023,11,0,0
DEU.8.7.19.12_1,2023,11,0,0
DEU.8.7.19.13_1,2023,11,0,0
DEU.8.7.19.15_1,2023,11,0,0
DEU.8.7.19.2_1,2023,11,0,0
DEU.8.7.19.3_1,2023,11,0,0
DEU.8.7.19.4_1,2023,11,0,0
DEU.8.7.19.5_1,2023,11,0,0
DEU.8.7.19.8_1,2023,11,0,0
DEU.8.7.19.9_1,2023,11,0,0
DEU.8.7.2.1_1,2023,11,0,0
DEU.8.7.2.10_1,2023,11,0,0
DEU.8.7.2.11_1,2023,11,0,0
DEU.8.7.2.12_1,2023,11,0,0
DEU.8.7.2.3_1,2023,11,0,0
DEU.8.7.2.4_1,2023,11,0,0
DEU.8.7.2.5_1,2023,11,0,0
DEU.8.7.2.6_1,2023,11,0,0
DEU.8.7.2.7_1,2023,11,0,0
DEU.8.7.2.8_1,2023,11,0,0
DEU.8.7.2.9_1,2023,11,0,0
DEU.8.7.20.1_1,2023,11,0,0
DEU.8.7.20.10_1,2023,11,0,0
DEU.8.7.20.11_1,2023,11,0,0
DEU.8.7.20.12_1,2023,11,0,0
DEU.8.7.20.13_1,2023,11,0,0
DEU.8.7.20.14_1,2023,11,0,0
DEU.8.7.20.2_1,2023,11,0,0
DEU.8.7.20.3_1,2023,11,0,0
DEU.8.7.20.4_1,2023,11,0,0
DEU.8.7.20.5_1,2023,11,0,0
DEU.8.7.20.6_1,2023,11,0,0
DEU.8.7.20.7_1,2023,11,0,0
DEU.8.7.20.8_1,2023,11,0,0
DEU.8.7.20.9_1,2023,11,0,0
DEU.8.7.3.1_1,2023,11,0,0
DEU.8.7.3.10_1,2023,11,0,0
DEU.8.7.3.11_1,2023,11,0,0
DEU.8.7.3.12_1,2023,11,0,0
DEU.8.7.3.13_1,2023,11,0,0
DEU.8.7.3.14_1,2023,11,0,0
DEU.8.7.3.15_1,2023,11,0,0
DEU.8.7.3.16_1,2023,11,0,0
DEU.8.7.3.17_1,2023,11,0,0
DEU.8.7.3.18_1,2023,11,0,0
DEU.8.7.3.2_1,2023,11,0,0
DEU.8.7.3.3_1,2023,11,0,0
DEU.8.7.3.4_1,2023,11,0,0
DEU.8.7.3.5_1,2023,11,0,0
DEU.8.7.3.6_1,2023,11,0,0
DEU.8.7.3.7_1,2023,11,0,0
DEU.8.7.3.8_1,2023,11,0,0
DEU.8.7.3.9_1,2023,11,0,0
DEU.8.7.4.1_1,2023,11,0,0
DEU.8.7.5.1_1,2023,11,0,0
DEU.8.7.6.1_1,2023,11,0,0
DEU.8.7.7.1_1,2023,11,0,0
DEU.8.7.7.2_1,2023,11,0,0
DEU.8.7.7.3_1,2023,11,0,0
DEU.8.7.7.4_1,2023,11,0,0
DEU.8.7.7.5_1,2023,11,0,0
DEU.8.7.7.6_1,2023,11,0,0
DEU.8.7.7.7_1,2023,11,0,0
DEU.8.7.8.1_1,2023,11,0,0
DEU.8.7.8.10_1,2023,11,0,0
DEU.8.7.8.2_1,2023,11,0,0
DEU.8.7.8.3_1,2023,11,0,0
DEU.8.7.8.4_1,2023,11,0,0
DEU.8.7.8.5_1,2023,11,0,0
DEU.8.7.8.6_1,2023,11,0,0
DEU.8.7.8.7_1,2023,11,0,0
DEU.8.7.8.8_1,2023,11,0,0
DEU.8.7.8.9_1,2023,11,0,0
DEU.8.7.9.1_1,2023,11,0,0
DEU.8.7.9.10_1,2023,11,0,0
DEU.8.7.9.11_1,2023,11,0,0
DEU.8.7.9.12_1,2023,11,0,0
DEU.8.7.9.13_1,2023,11,0,0
DEU.8.7.9.2_1,2023,11,0,0
DEU.8.7.9.3_1,2023,11,0,0
DEU.8.7.9.4_1,2023,11,0,0
DEU.8.7.9.5_1,2023,11,0,0
DEU.8.7.9.6_1,2023,11,0,0
DEU.8.7.9.7_1,2023,11,0,0
DEU.8.7.9.8_1,2023,11,0,0
DEU.8.7.9.9_1,2023,11,0,0
DEU.8.8.1.1_1,2023,11,0,0
DEU.8.8.1.2_1,2023,11,0,0
DEU.8.8.1.3_1,2023,11,0,0
DEU.8.8.1.4_1,2023,11,0,0
DEU.8.8.1.5_1,2023,11,0,0
DEU.8.8.1.6_1,2023,11,0,0
DEU.8.8.10.4_1,2023,11,0,0
DEU.8.8.10.6_1,2023,11,0,0
DEU.8.8.10.8_1,2023,11,0,0
DEU.8.8.11.1_1,2023,11,0,0
DEU.8.8.11.10_1,2023,11,0,0
DEU.8.8.11.2_1,2023,11,0,0
DEU.8.8.11.3_1,2023,11,0,0
DEU.8.8.11.4_1,2023,11,0,0
DEU.8.8.11.5_1,2023,11,0,0
DEU.8.8.11.6_1,2023,11,0,0
DEU.8.8.11.7_1,2023,11,0,0
DEU.8.8.11.8_1,2023,11,0,0
DEU.8.8.11.9_1,2023,11,0,0
DEU.8.8.12.1_1,2023,11,0,0
DEU.8.8.12.2_1,2023,11,0,0
DEU.8.8.12.4_1,2023,11,0,0
DEU.8.8.12.5_1,2023,11,0,0
DEU.8.8.12.7_1,2023,11,0,0
DEU.8.8.12.8_1,2023,11,0,0
DEU.8.8.13.1_1,2023,11,0,0
DEU.8.8.14.1_1,2023,11,0,0
DEU.8.8.14.10_1,2023,11,0,0
DEU.8.8.14.2_1,2023,11,0,0
DEU.8.8.14.3_1,2023,11,0,0
DEU.8.8.14.4_1,2023,11,0,0
DEU.8.8.14.5_1,2023,11,0,0
DEU.8.8.14.6_1,2023,11,0,0
DEU.8.8.14.7_1,2023,11,0,0
DEU.8.8.14.8_1,2023,11,0,0
DEU.8.8.14.9_1,2023,11,0,0
DEU.8.8.15.1_1,2023,11,0,0
DEU.8.8.15.2_1,2023,11,0,0
DEU.8.8.15.3_1,2023,11,0,0
DEU.8.8.15.4_1,2023,11,0,0
DEU.8.8.16.1_1,2023,11,0,0
DEU.8.8.17.1_1,2023,11,0,0
DEU.8.8.18.1_1,2023,11,0,0
DEU.8.8.19.1_1,2023,11,0,0
DEU.8.8.19.10_1,2023,11,0,0
DEU.8.8.19.11_1,2023,11,0,0
DEU.8.8.19.2_1,2023,11,0,0
DEU.8.8.19.3_1,2023,11,0,0
DEU.8.8.19.5_1,2023,11,0,0
DEU.8.8.19.6_1,2023,11,0,0
DEU.8.8.19.7_1,2023,11,0,0
DEU.8.8.19.8_1,2023,11,0,0
DEU.8.8.19.9_1,2023,11,0,0
DEU.8.8.2.1_1,2023,11,0,0
DEU.8.8.2.10_1,2023,11,0,0
DEU.8.8.2.2_1,2023,11,0,0
DEU.8.8.2.3_1,2023,11,0,0
DEU.8.8.2.4_1,2023,11,0,0
DEU.8.8.2.5_1,2023,11,0,0
DEU.8.8.2.6_1,2023,11,0,0
DEU.8.8.2.7_1,2023,11,0,0
DEU.8.8.2.8_1,2023,11,0,0
DEU.8.8.2.9_1,2023,11,0,0
DEU.8.8.3.1_1,2023,11,0,0
DEU.8.8.3.10_1,2023,11,0,0
DEU.8.8.3.11_1,2023,11,0,0
DEU.8.8.3.2_1,2023,11,0,0
DEU.8.8.3.3_1,2023,11,0,0
DEU.8.8.3.4_1,2023,11,0,0
DEU.8.8.3.5_1,2023,11,0,0
DEU.8.8.3.6_1,2023,11,0,0
DEU.8.8.3.7_1,2023,11,0,0
DEU.8.8.3.8_1,2023,11,0,0
DEU.8.8.3.9_1,2023,11,0,0
DEU.8.8.4.1_1,2023,11,0,0
DEU.8.8.5.2_1,2023,11,0,0
DEU.8.8.5.3_1,2023,11,0,0
DEU.8.8.5.4_1,2023,11,0,0
DEU.8.8.5.5_1,2023,11,0,0
DEU.8.8.6.1_1,2023,11,0,0
DEU.8.8.6.10_1,2023,11,0,0
DEU.8.8.6.2_1,2023,11,0,0
DEU.8.8.6.3_1,2023,11,0,0
DEU.8.8.6.4_1,2023,11,0,0
DEU.8.8.6.5_1,2023,11,0,0
DEU.8.8.6.6_1,2023,11,0,0
DEU.8.8.6.7_1,2023,11,0,0
DEU.8.8.6.8_1,2023,11,0,0
DEU.8.8.6.9_1,2023,11,0,0
DEU.8.8.7.1_1,2023,11,0,0
DEU.8.8.8.1_1,2023,11,0,0
DEU.8.8.9.1_1,2023,11,0,0
DEU.8.8.9.2_1,2023,11,0,0
DEU.8.8.9.3_1,2023,11,0,0
DEU.9.1.1.1_1,2023,11,0,0
DEU.9.1.2.1_1,2023,11,0,0
DEU.9.1.3.1_1,2023,11,0,0
DEU.9.1.4.1_1,2023,11,0,0
DEU.9.1.5.1_1,2023,11,0,0
DEU.9.1.6.1_1,2023,11,0,0
DEU.9.10.1.1_1,2023,11,0,0
DEU.9.10.1.2_1,2023,11,0,0
DEU.9.10.1.3_1,2023,11,0,0
DEU.9.10.1.4_1,2023,11,0,0
DEU.9.10.1.5_1,2023,11,0,0
DEU.9.10.1.6_1,2023,11,0,0
DEU.9.10.1.7_1,2023,11,0,0
DEU.9.10.1.8_1,2023,11,0,0
DEU.9.10.1.9_1,2023,11,0,0
DEU.9.10.10.1_1,2023,11,0,0
DEU.9.10.11.1_1,2023,11,0,0
DEU.9.10.12.1_1,2023,11,0,0
DEU.9.10.12.2_1,2023,11,0,0
DEU.9.10.12.3_1,2023,11,0,0
DEU.9.10.12.4_1,2023,11,0,0
DEU.9.10.12.5_1,2023,11,0,0
DEU.9.10.13.1_1,2023,11,0,0
DEU.9.10.14.1_1,2023,11,0,0
DEU.9.10.15.1_1,2023,11,0,0
DEU.9.10.16.1_1,2023,11,0,0
DEU.9.10.16.2_1,2023,11,0,0
DEU.9.10.16.3_1,2023,11,0,0
DEU.9.10.16.4_1,2023,11,0,0
DEU.9.10.16.5_1,2023,11,0,0
DEU.9.10.16.6_1,2023,11,0,0
DEU.9.10.16.7_1,2023,11,0,0
DEU.9.10.16.8_1,2023,11,0,0
DEU.9.10.17.1_1,2023,11,0,0
DEU.9.10.17.2_1,2023,11,0,0
DEU.9.10.17.3_1,2023,11,0,0
DEU.9.10.18.1_1,2023,11,0,0
DEU.9.10.19.1_1,2023,11,0,0
DEU.9.10.19.2_1,2023,11,0,0
DEU.9.10.19.3_1,2023,11,0,0
DEU.9.10.19.4_1,2023,11,0,0
DEU.9.10.19.5_1,2023,11,0,0
DEU.9.10.2.1_1,2023,11,0,0
DEU.9.10.3.1_1,2023,11,0,0
DEU.9.10.3.2_1,2023,11,0,0
DEU.9.10.3.3_1,2023,11,0,0
DEU.9.10.3.4_1,2023,11,0,0
DEU.9.10.3.5_1,2023,11,0,0
DEU.9.10.4.1_1,2023,11,0,0
DEU.9.10.5.1_1,2023,11,0,0
DEU.9.10.6.1_1,2023,11,0,0
DEU.9.10.7.1_1,2023,11,0,0
DEU.9.10.7.2_1,2023,11,0,0
DEU.9.10.7.3_1,2023,11,0,0
DEU.9.10.8.1_1,2023,11,0,0
DEU.9.10.8.2_1,2023,11,0,0
DEU.9.10.8.3_1,2023,11,0,0
DEU.9.10.8.4_1,2023,11,0,0
DEU.9.10.8.5_1,2023,11,0,0
DEU.9.10.8.6_1,2023,11,0,0
DEU.9.10.9.1_1,2023,11,0,0
DEU.9.10.9.2_1,2023,11,0,0
DEU.9.10.9.3_1,2023,11,0,0
DEU.9.10.9.4_1,2023,11,0,0
DEU.9.10.9.5_1,2023,11,0,0
DEU.9.10.9.6_1,2023,11,0,0
DEU.9.11.1.1_1,2023,11,0,0
DEU.9.11.2.1_1,2023,11,0,0
DEU.9.11.3.1_1,2023,11,0,0
DEU.9.11.4.1_1,2023,11,0,0
DEU.9.11.5.1_1,2023,11,0,0
DEU.9.11.6.1_1,2023,11,0,0
DEU.9.11.8.1_1,2023,11,0,0
DEU.9.12.1.1_1,2023,11,0,0
DEU.9.12.1.2_1,2023,11,0,0
DEU.9.12.1.3_1,2023,11,0,0
DEU.9.12.1.4_1,2023,11,0,0
DEU.9.12.1.5_1,2023,11,0,0
DEU.9.12.1.6_1,2023,11,0,0
DEU.9.12.10.1_1,2023,11,0,0
DEU.9.12.10.2_1,2023,11,0,0
DEU.9.12.10.3_1,2023,11,0,0
DEU.9.12.10.4_1,2023,11,0,0
DEU.9.12.10.5_1,2023,11,0,0
DEU.9.12.10.6_1,2023,11,0,0
DEU.9.12.11.1_1,2023,11,0,0
DEU.9.12.2.1_1,2023,11,0,0
DEU.9.12.2.2_1,2023,11,0,0
DEU.9.12.2.3_1,2023,11,0,0
DEU.9.12.2.4_1,2023,11,0,0
DEU.9.12.2.5_1,2023,11,0,0
DEU.9.12.2.6_1,2023,11,0,0
DEU.9.12.2.7_1,2023,11,0,0
DEU.9.12.3.1_1,2023,11,0,0
DEU.9.12.4.1_1,2023,11,0,0
DEU.9.12.5.1_1,2023,11,0,0
DEU.9.12.5.2_1,2023,11,0,0
DEU.9.12.5.3_1,2023,11,0,0
DEU.9.12.5.4_1,2023,11,0,0
DEU.9.12.5.5_1,2023,11,0,0
DEU.9.12.6.1_1,2023,11,0,0
DEU.9.12.6.2_1,2023,11,0,0
DEU.9.12.6.3_1,2023,11,0,0
DEU.9.12.6.4_1,2023,11,0,0
DEU.9.12.7.1_1,2023,11,0,0
DEU.9.12.7.2_1,2023,11,0,0
DEU.9.12.7.3_1,2023,11,0,0
DEU.9.12.7.4_1,2023,11,0,0
DEU.9.12.8.1_1,2023,11,0,0
DEU.9.12.8.2_1,2023,11,0,0
DEU.9.12.8.3_1,2023,11,0,0
DEU.9.12.8.4_1,2023,11,0,0
DEU.9.12.8.5_1,2023,11,0,0
DEU.9.12.8.6_1,2023,11,0,0
DEU.9.12.9.1_1,2023,11,0,0
DEU.9.13.1.1_1,2023,11,0,0
DEU.9.13.2.1_1,2023,11,0,0
DEU.9.13.3.1_1,2023,11,0,0
DEU.9.13.4.1_1,2023,11,0,0
DEU.9.13.5.1_1,2023,11,0,0
DEU.9.13.6.1_1,2023,11,0,0
DEU.9.13.7.1_1,2023,11,0,0
DEU.9.13.8.1_1,2023,11,0,0
DEU.9.13.8.2_1,2023,11,0,0
DEU.9.13.8.3_1,2023,11,0,0
DEU.9.13.9.1_1,2023,11,0,0
DEU.9.14.1.1_1,2023,11,0,0
DEU.9.14.10.1_1,2023,11,0,0
DEU.9.14.10.2_1,2023,11,0,0
DEU.9.14.10.3_1,2023,11,0,0
DEU.9.14.10.4_1,2023,11,0,0
DEU.9.14.10.5_1,2023,11,0,0
DEU.9.14.11.1_1,2023,11,0,0
DEU.9.14.12.1_1,2023,11,0,0
DEU.9.14.2.1_1,2023,11,0,0
DEU.9.14.3.1_1,2023,11,0,0
DEU.9.14.3.2_1,2023,11,0,0
DEU.9.14.3.3_1,2023,11,0,0
DEU.9.14.3.4_1,2023,11,0,0
DEU.9.14.3.5_1,2023,11,0,0
DEU.9.14.4.1_1,2023,11,0,0
DEU.9.14.5.1_1,2023,11,0,0
DEU.9.14.6.1_1,2023,11,0,0
DEU.9.14.6.10_1,2023,11,0,0
DEU.9.14.6.2_1,2023,11,0,0
DEU.9.14.6.3_1,2023,11,0,0
DEU.9.14.6.4_1,2023,11,0,0
DEU.9.14.6.5_1,2023,11,0,0
DEU.9.14.6.6_1,2023,11,0,0
DEU.9.14.6.7_1,2023,11,0,0
DEU.9.14.6.8_1,2023,11,0,0
DEU.9.14.6.9_1,2023,11,0,0
DEU.9.14.7.1_1,2023,11,0,0
DEU.9.14.8.1_1,2023,11,0,0
DEU.9.14.9.1_1,2023,11,0,0
DEU.9.15.1.1_1,2023,11,0,0
DEU.9.15.2.1_1,2023,11,0,0
DEU.9.15.2.2_1,2023,11,0,0
DEU.9.15.2.3_1,2023,11,0,0
DEU.9.15.2.4_1,2023,11,0,0
DEU.9.15.3.1_1,2023,11,0,0
DEU.9.15.3.2_1,2023,11,0,0
DEU.9.15.3.3_1,2023,11,0,0
DEU.9.15.3.4_1,2023,11,0,0
DEU.9.15.3.5_1,2023,11,0,0
DEU.9.15.4.1_1,2023,11,0,0
DEU.9.15.5.1_1,2023,11,0,0
DEU.9.15.5.2_1,2023,11,0,0
DEU.9.15.5.3_1,2023,11,0,0
DEU.9.15.5.4_1,2023,11,0,0
DEU.9.15.5.5_1,2023,11,0,0
DEU.9.15.5.6_1,2023,11,0,0
DEU.9.15.6.1_1,2023,11,0,0
DEU.9.15.6.2_1,2023,11,0,0
DEU.9.15.6.3_1,2023,11,0,0
DEU.9.15.6.4_1,2023,11,0,0
DEU.9.15.6.5_1,2023,11,0,0
DEU.9.15.6.6_1,2023,11,0,0
DEU.9.15.6.7_1,2023,11,0,0
DEU.9.15.7.1_1,2023,11,0,0
DEU.9.16.1.1_1,2023,11,0,0
DEU.9.16.2.1_1,2023,11,0,0
DEU.9.16.3.1_1,2023,11,0,0
DEU.9.16.4.1_1,2023,11,0,0
DEU.9.16.5.1_1,2023,11,0,0
DEU.9.16.6.1_1,2023,11,0,0
DEU.9.16.7.1_1,2023,11,0,0
DEU.9.16.8.1_1,2023,11,0,0
DEU.9.17.1.1_1,2023,11,0,0
DEU.9.17.10.1_1,2023,11,0,0
DEU.9.17.11.1_1,2023,11,0,0
DEU.9.17.11.2_1,2023,11,0,0
DEU.9.17.11.3_1,2023,11,0,0
DEU.9.17.11.4_1,2023,11,0,0
DEU.9.17.11.5_1,2023,11,0,0
DEU.9.17.11.6_1,2023,11,0,0
DEU.9.17.11.7_1,2023,11,0,0
DEU.9.17.11.8_1,2023,11,0,0
DEU.9.17.11.9_1,2023,11,0,0
DEU.9.17.12.1_1,2023,11,0,0
DEU.9.17.2.1_1,2023,11,0,0
DEU.9.17.2.2_1,2023,11,0,0
DEU.9.17.2.3_1,2023,11,0,0
DEU.9.17.3.1_1,2023,11,0,0
DEU.9.17.3.2_1,2023,11,0,0
DEU.9.17.3.3_1,2023,11,0,0
DEU.9.17.3.4_1,2023,11,0,0
DEU.9.17.3.5_1,2023,11,0,0
DEU.9.17.3.6_1,2023,11,0,0
DEU.9.17.4.1_1,2023,11,0,0
DEU.9.17.4.2_1,2023,11,0,0
DEU.9.17.4.3_1,2023,11,0,0
DEU.9.17.4.4_1,2023,11,0,0
DEU.9.17.4.5_1,2023,11,0,0
DEU.9.17.4.6_1,2023,11,0,0
DEU.9.17.4.7_1,2023,11,0,0
DEU.9.17.5.1_1,2023,11,0,0
DEU.9.17.5.2_1,2023,11,0,0
DEU.9.17.5.3_1,2023,11,0,0
DEU.9.17.6.1_1,2023,11,0,0
DEU.9.17.7.1_1,2023,11,0,0
DEU.9.17.8.1_1,2023,11,0,0
DEU.9.17.8.2_1,2023,11,0,0
DEU.9.17.8.3_1,2023,11,0,0
DEU.9.17.8.4_1,2023,11,0,0
DEU.9.17.8.5_1,2023,11,0,0
DEU.9.17.8.6_1,2023,11,0,0
DEU.9.17.8.7_1,2023,11,0,0
DEU.9.17.8.8_1,2023,11,0,0
DEU.9.17.9.1_1,2023,11,0,0
DEU.9.18.1.1_1,2023,11,0,0
DEU.9.18.1.2_1,2023,11,0,0
DEU.9.18.1.3_1,2023,11,0,0
DEU.9.18.1.4_1,2023,11,0,0
DEU.9.18.1.5_1,2023,11,0,0
DEU.9.18.10.1_1,2023,11,0,0
DEU.9.18.10.2_1,2023,11,0,0
DEU.9.18.10.3_1,2023,11,0,0
DEU.9.18.10.4_1,2023,11,0,0
DEU.9.18.10.5_1,2023,11,0,0
DEU.9.18.11.1_1,2023,11,0,0
DEU.9.18.12.1_1,2023,11,0,0
DEU.9.18.13.1_1,2023,11,0,0
DEU.9.18.2.1_1,2023,11,0,0
DEU.9.18.3.1_1,2023,11,0,0
DEU.9.18.4.1_1,2023,11,0,0
DEU.9.18.5.1_1,2023,11,0,0
DEU.9.18.6.1_1,2023,11,0,0
DEU.9.18.7.1_1,2023,11,0,0
DEU.9.18.8.1_1,2023,11,0,0
DEU.9.18.8.2_1,2023,11,0,0
DEU.9.18.8.3_1,2023,11,0,0
DEU.9.18.8.4_1,2023,11,0,0
DEU.9.18.9.1_1,2023,11,0,0
DEU.9.19.1.1_1,2023,11,0,0
DEU.9.19.10.1_1,2023,11,0,0
DEU.9.19.11.1_1,2023,11,0,0
DEU.9.19.11.2_1,2023,11,0,0
DEU.9.19.11.3_1,2023,11,0,0
DEU.9.19.11.4_1,2023,11,0,0
DEU.9.19.11.5_1,2023,11,0,0
DEU.9.19.11.6_1,2023,11,0,0
DEU.9.19.12.1_1,2023,11,0,0
DEU.9.19.13.1_1,2023,11,0,0
DEU.9.19.14.1_1,2023,11,0,0
DEU.9.19.14.2_1,2023,11,0,0
DEU.9.19.14.3_1,2023,11,0,0
DEU.9.19.14.4_1,2023,11,0,0
DEU.9.19.14.5_1,2023,11,0,0
DEU.9.19.2.1_1,2023,11,0,0
DEU.9.19.3.1_1,2023,11,0,0
DEU.9.19.3.2_1,2023,11,0,0
DEU.9.19.3.3_1,2023,11,0,0
DEU.9.19.3.4_1,2023,11,0,0
DEU.9.19.4.1_1,2023,11,0,0
DEU.9.19.4.2_1,2023,11,0,0
DEU.9.19.4.3_1,2023,11,0,0
DEU.9.19.4.4_1,2023,11,0,0
DEU.9.19.4.5_1,2023,11,0,0
DEU.9.19.4.6_1,2023,11,0,0
DEU.9.19.5.1_1,2023,11,0,0
DEU.9.19.6.1_1,2023,11,0,0
DEU.9.19.7.1_1,2023,11,0,0
DEU.9.19.8.1_1,2023,11,0,0
DEU.9.19.9.1_1,2023,11,0,0
DEU.9.2.1.1_1,2023,11,0,0
DEU.9.2.10.1_1,2023,11,0,0
DEU.9.2.11.1_1,2023,11,0,0
DEU.9.2.12.1_1,2023,11,0,0
DEU.9.2.14.1_1,2023,11,0,0
DEU.9.2.15.1_1,2023,11,0,0
DEU.9.2.16.1_1,2023,11,0,0
DEU.9.2.3.1_1,2023,11,0,0
DEU.9.2.3.2_1,2023,11,0,0
DEU.9.2.3.3_1,2023,11,0,0
DEU.9.2.3.4_1,2023,11,0,0
DEU.9.2.3.5_1,2023,11,0,0
DEU.9.2.3.6_1,2023,11,0,0
DEU.9.2.4.1_1,2023,11,0,0
DEU.9.2.5.1_1,2023,11,0,0
DEU.9.2.6.1_1,2023,11,0,0
DEU.9.2.7.1_1,2023,11,0,0
DEU.9.2.7.2_1,2023,11,0,0
DEU.9.2.7.3_1,2023,11,0,0
DEU.9.2.7.4_1,2023,11,0,0
DEU.9.2.7.5_1,2023,11,0,0
DEU.9.2.8.1_1,2023,11,0,0
DEU.9.2.9.1_1,2023,11,0,0
DEU.9.20.1.1_1,2023,11,0,0
DEU.9.20.10.1_1,2023,11,0,0
DEU.9.20.10.2_1,2023,11,0,0
DEU.9.20.10.3_1,2023,11,0,0
DEU.9.20.10.4_1,2023,11,0,0
DEU.9.20.10.5_1,2023,11,0,0
DEU.9.20.10.6_1,2023,11,0,0
DEU.9.20.10.7_1,2023,11,0,0
DEU.9.20.11.1_1,2023,11,0,0
DEU.9.20.12.1_1,2023,11,0,0
DEU.9.20.13.1_1,2023,11,0,0
DEU.9.20.14.1_1,2023,11,0,0
DEU.9.20.14.2_1,2023,11,0,0
DEU.9.20.14.3_1,2023,11,0,0
DEU.9.20.14.4_1,2023,11,0,0
DEU.9.20.14.5_1,2023,11,0,0
DEU.9.20.15.1_1,2023,11,0,0
DEU.9.20.16.1_1,2023,11,0,0
DEU.9.20.17.1_1,2023,11,0,0
DEU.9.20.18.1_1,2023,11,0,0
DEU.9.20.18.2_1,2023,11,0,0
DEU.9.20.18.3_1,2023,11,0,0
DEU.9.20.18.4_1,2023,11,0,0
DEU.9.20.18.5_1,2023,11,0,0
DEU.9.20.19.1_1,2023,11,0,0
DEU.9.20.2.1_1,2023,11,0,0
DEU.9.20.3.1_1,2023,11,0,0
DEU.9.20.4.1_1,2023,11,0,0
DEU.9.20.5.1_1,2023,11,0,0
DEU.9.20.6.1_1,2023,11,0,0
DEU.9.20.6.2_1,2023,11,0,0
DEU.9.20.6.3_1,2023,11,0,0
DEU.9.20.6.4_1,2023,11,0,0
DEU.9.20.6.5_1,2023,11,0,0
DEU.9.20.7.1_1,2023,11,0,0
DEU.9.20.8.1_1,2023,11,0,0
DEU.9.20.8.2_1,2023,11,0,0
DEU.9.20.8.3_1,2023,11,0,0
DEU.9.20.8.4_1,2023,11,0,0
DEU.9.20.9.1_1,2023,11,0,0
DEU.9.21.1.1_1,2023,11,0,0
DEU.9.21.1.2_1,2023,11,0,0
DEU.9.21.1.3_1,2023,11,0,0
DEU.9.21.1.4_1,2023,11,0,0
DEU.9.21.10.1_1,2023,11,0,0
DEU.9.21.11.1_1,2023,11,0,0
DEU.9.21.12.1_1,2023,11,0,0
DEU.9.21.13.1_1,2023,11,0,0
DEU.9.21.2.1_1,2023,11,0,0
DEU.9.21.2.10_1,2023,11,0,0
DEU.9.21.2.11_1,2023,11,0,0
DEU.9.21.2.2_1,2023,11,0,0
DEU.9.21.2.3_1,2023,11,0,0
DEU.9.21.2.4_1,2023,11,0,0
DEU.9.21.2.5_1,2023,11,0,0
DEU.9.21.2.6_1,2023,11,0,0
DEU.9.21.2.7_1,2023,11,0,0
DEU.9.21.2.8_1,2023,11,0,0
DEU.9.21.2.9_1,2023,11,0,0
DEU.9.21.3.1_1,2023,11,0,0
DEU.9.21.3.2_1,2023,11,0,0
DEU.9.21.3.3_1,2023,11,0,0
DEU.9.21.3.4_1,2023,11,0,0
DEU.9.21.4.1_1,2023,11,0,0
DEU.9.21.5.1_1,2023,11,0,0
DEU.9.21.6.1_1,2023,11,0,0
DEU.9.21.7.1_1,2023,11,0,0
DEU.9.21.7.10_1,2023,11,0,0
DEU.9.21.7.11_1,2023,11,0,0
DEU.9.21.7.2_1,2023,11,0,0
DEU.9.21.7.3_1,2023,11,0,0
DEU.9.21.7.4_1,2023,11,0,0
DEU.9.21.7.5_1,2023,11,0,0
DEU.9.21.7.6_1,2023,11,0,0
DEU.9.21.7.7_1,2023,11,0,0
DEU.9.21.7.8_1,2023,11,0,0
DEU.9.21.7.9_1,2023,11,0,0
DEU.9.21.8.1_1,2023,11,0,0
DEU.9.21.9.1_1,2023,11,0,0
DEU.9.22.1.1_1,2023,11,0,0
DEU.9.22.10.1_1,2023,11,0,0
DEU.9.22.11.1_1,2023,11,0,0
DEU.9.22.12.1_1,2023,11,0,0
DEU.9.22.13.1_1,2023,11,0,0
DEU.9.22.2.1_1,2023,11,0,0
DEU.9.22.3.1_1,2023,11,0,0
DEU.9.22.3.2_1,2023,11,0,0
DEU.9.22.3.3_1,2023,11,0,0
DEU.9.22.3.4_1,2023,11,0,0
DEU.9.22.3.5_1,2023,11,0,0
DEU.9.22.3.6_1,2023,11,0,0
DEU.9.22.5.1_1,2023,11,0,0
DEU.9.22.6.1_1,2023,11,0,0
DEU.9.22.6.2_1,2023,11,0,0
DEU.9.22.6.3_1,2023,11,0,0
DEU.9.22.7.1_1,2023,11,0,0
DEU.9.22.8.1_1,2023,11,0,0
DEU.9.22.9.1_1,2023,11,0,0
DEU.9.23.1.1_1,2023,11,0,0
DEU.9.23.1.10_1,2023,11,0,0
DEU.9.23.1.2_1,2023,11,0,0
DEU.9.23.1.3_1,2023,11,0,0
DEU.9.23.1.4_1,2023,11,0,0
DEU.9.23.1.5_1,2023,11,0,0
DEU.9.23.1.6_1,2023,11,0,0
DEU.9.23.1.7_1,2023,11,0,0
DEU.9.23.1.8_1,2023,11,0,0
DEU.9.23.1.9_1,2023,11,0,0
DEU.9.23.2.1_1,2023,11,0,0
DEU.9.23.2.2_1,2023,11,0,0
DEU.9.23.2.3_1,2023,11,0,0
DEU.9.23.2.4_1,2023,11,0,0
DEU.9.23.2.5_1,2023,11,0,0
DEU.9.23.3.1_1,2023,11,0,0
DEU.9.23.4.1_1,2023,11,0,0
DEU.9.23.5.1_1,2023,11,0,0
DEU.9.23.5.10_1,2023,11,0,0
DEU.9.23.5.11_1,2023,11,0,0
DEU.9.23.5.12_1,2023,11,0,0
DEU.9.23.5.2_1,2023,11,0,0
DEU.9.23.5.3_1,2023,11,0,0
DEU.9.23.5.4_1,2023,11,0,0
DEU.9.23.5.5_1,2023,11,0,0
DEU.9.23.5.6_1,2023,11,0,0
DEU.9.23.5.7_1,2023,11,0,0
DEU.9.23.5.8_1,2023,11,0,0
DEU.9.23.5.9_1,2023,11,0,0
DEU.9.24.1.1_1,2023,11,0,0
DEU.9.24.10.1_1,2023,11,0,0
DEU.9.24.10.2_1,2023,11,0,0
DEU.9.24.10.3_1,2023,11,0,0
DEU.9.24.10.4_1,2023,11,0,0
DEU.9.24.10.5_1,2023,11,0,0
DEU.9.24.10.6_1,2023,11,0,0
DEU.9.24.11.1_1,2023,11,0,0
DEU.9.24.11.2_1,2023,11,0,0
DEU.9.24.11.3_1,2023,11,0,0
DEU.9.24.11.4_1,2023,11,0,0
DEU.9.24.11.5_1,2023,11,0,0
DEU.9.24.11.6_1,2023,11,0,0
DEU.9.24.11.7_1,2023,11,0,0
DEU.9.24.11.8_1,2023,11,0,0
DEU.9.24.2.1_1,2023,11,0,0
DEU.9.24.2.2_1,2023,11,0,0
DEU.9.24.2.3_1,2023,11,0,0
DEU.9.24.2.4_1,2023,11,0,0
DEU.9.24.2.5_1,2023,11,0,0
DEU.9.24.3.1_1,2023,11,0,0
DEU.9.24.4.1_1,2023,11,0,0
DEU.9.24.4.2_1,2023,11,0,0
DEU.9.24.4.3_1,2023,11,0,0
DEU.9.24.4.4_1,2023,11,0,0
DEU.9.24.4.5_1,2023,11,0,0
DEU.9.24.4.6_1,2023,11,0,0
DEU.9.24.4.7_1,2023,11,0,0
DEU.9.24.5.1_1,2023,11,0,0
DEU.9.24.6.1_1,2023,11,0,0
DEU.9.24.6.2_1,2023,11,0,0
DEU.9.24.6.3_1,2023,11,0,0
DEU.9.24.6.4_1,2023,11,0,0
DEU.9.24.6.5_1,2023,11,0,0
DEU.9.24.7.1_1,2023,11,0,0
DEU.9.24.7.2_1,2023,11,0,0
DEU.9.24.7.3_1,2023,11,0,0
DEU.9.24.7.4_1,2023,11,0,0
DEU.9.24.8.1_1,2023,11,0,0
DEU.9.24.8.2_1,2023,11,0,0
DEU.9.24.8.3_1,2023,11,0,0
DEU.9.24.8.4_1,2023,11,0,0
DEU.9.24.9.1_1,2023,11,0,0
DEU.9.25.1.1_1,2023,11,0,0
DEU.9.25.1.10_1,2023,11,0,0
DEU.9.25.1.2_1,2023,11,0,0
DEU.9.25.1.3_1,2023,11,0,0
DEU.9.25.1.4_1,2023,11,0,0
DEU.9.25.1.5_1,2023,11,0,0
DEU.9.25.1.6_1,2023,11,0,0
DEU.9.25.1.7_1,2023,11,0,0
DEU.9.25.1.8_1,2023,11,0,0
DEU.9.25.1.9_1,2023,11,0,0
DEU.9.25.10.1_1,2023,11,0,0
DEU.9.25.10.2_1,2023,11,0,0
DEU.9.25.10.3_1,2023,11,0,0
DEU.9.25.10.4_1,2023,11,0,0
DEU.9.25.2.1_1,2023,11,0,0
DEU.9.25.2.2_1,2023,11,0,0
DEU.9.25.2.3_1,2023,11,0,0
DEU.9.25.2.4_1,2023,11,0,0
DEU.9.25.3.1_1,2023,11,0,0
DEU.9.25.3.2_1,2023,11,0,0
DEU.9.25.3.3_1,2023,11,0,0
DEU.9.25.4.1_1,2023,11,0,0
DEU.9.25.4.2_1,2023,11,0,0
DEU.9.25.4.3_1,2023,11,0,0
DEU.9.25.5.1_1,2023,11,0,0
DEU.9.25.5.2_1,2023,11,0,0
DEU.9.25.5.3_1,2023,11,0,0
DEU.9.25.5.4_1,2023,11,0,0
DEU.9.25.5.5_1,2023,11,0,0
DEU.9.25.6.1_1,2023,11,0,0
DEU.9.25.7.1_1,2023,11,0,0
DEU.9.25.8.1_1,2023,11,0,0
DEU.9.25.8.2_1,2023,11,0,0
DEU.9.25.8.3_1,2023,11,0,0
DEU.9.25.8.4_1,2023,11,0,0
DEU.9.25.9.1_1,2023,11,0,0
DEU.9.26.1.1_1,2023,11,0,0
DEU.9.26.10.1_1,2023,11,0,0
DEU.9.26.11.1_1,2023,11,0,0
DEU.9.26.12.1_1,2023,11,0,0
DEU.9.26.2.1_1,2023,11,0,0
DEU.9.26.3.1_1,2023,11,0,0
DEU.9.26.4.1_1,2023,11,0,0
DEU.9.26.5.1_1,2023,11,0,0
DEU.9.26.6.1_1,2023,11,0,0
DEU.9.26.7.1_1,2023,11,0,0
DEU.9.26.8.1_1,2023,11,0,0
DEU.9.26.9.1_1,2023,11,0,0
DEU.9.27.1.1_1,2023,11,0,0
DEU.9.28.1.1_1,2023,11,0,0
DEU.9.28.2.1_1,2023,11,0,0
DEU.9.28.3.1_1,2023,11,0,0
DEU.9.28.4.1_1,2023,11,0,0
DEU.9.28.4.2_1,2023,11,0,0
DEU.9.28.4.3_1,2023,11,0,0
DEU.9.28.4.4_1,2023,11,0,0
DEU.9.28.4.5_1,2023,11,0,0
DEU.9.28.4.6_1,2023,11,0,0
DEU.9.28.4.7_1,2023,11,0,0
DEU.9.28.4.8_1,2023,11,0,0
DEU.9.28.5.1_1,2023,11,0,0
DEU.9.28.6.1_1,2023,11,0,0
DEU.9.28.7.1_1,2023,11,0,0
DEU.9.28.8.1_1,2023,11,0,0
DEU.9.29.1.1_1,2023,11,0,0
DEU.9.3.1.1_1,2023,11,0,0
DEU.9.30.1.1_1,2023,11,0,0
DEU.9.30.1.2_1,2023,11,0,0
DEU.9.30.1.3_1,2023,11,0,0
DEU.9.30.1.4_1,2023,11,0,0
DEU.9.30.10.1_1,2023,11,0,0
DEU.9.30.11.1_1,2023,11,0,0
DEU.9.30.12.1_1,2023,11,0,0
DEU.9.30.12.2_1,2023,11,0,0
DEU.9.30.12.3_1,2023,11,0,0
DEU.9.30.13.1_1,2023,11,0,0
DEU.9.30.14.1_1,2023,11,0,0
DEU.9.30.15.1_1,2023,11,0,0
DEU.9.30.16.1_1,2023,11,0,0
DEU.9.30.17.1_1,2023,11,0,0
DEU.9.30.18.1_1,2023,11,0,0
DEU.9.30.19.1_1,2023,11,0,0
DEU.9.30.19.2_1,2023,11,0,0
DEU.9.30.19.3_1,2023,11,0,0
DEU.9.30.2.1_1,2023,11,0,0
DEU.9.30.20.1_1,2023,11,0,0
DEU.9.30.21.1_1,2023,11,0,0
DEU.9.30.3.1_1,2023,11,0,0
DEU.9.30.4.1_1,2023,11,0,0
DEU.9.30.5.1_1,2023,11,0,0
DEU.9.30.6.1_1,2023,11,0,0
DEU.9.30.7.1_1,2023,11,0,0
DEU.9.30.7.2_1,2023,11,0,0
DEU.9.30.7.3_1,2023,11,0,0
DEU.9.30.7.4_1,2023,11,0,0
DEU.9.30.7.5_1,2023,11,0,0
DEU.9.30.7.6_1,2023,11,0,0
DEU.9.30.7.7_1,2023,11,0,0
DEU.9.30.8.1_1,2023,11,0,0
DEU.9.30.9.1_1,2023,11,0,0
DEU.9.31.1.1_1,2023,11,0,0
DEU.9.31.2.1_1,2023,11,0,0
DEU.9.31.2.2_1,2023,11,0,0
DEU.9.31.2.3_1,2023,11,0,0
DEU.9.31.2.4_1,2023,11,0,0
DEU.9.31.2.5_1,2023,11,0,0
DEU.9.31.3.1_1,2023,11,0,0
DEU.9.31.4.1_1,2023,11,0,0
DEU.9.31.5.1_1,2023,11,0,0
DEU.9.31.6.1_1,2023,11,0,0
DEU.9.31.7.1_1,2023,11,0,0
DEU.9.32.1.1_1,2023,11,0,0
DEU.9.32.2.1_1,2023,11,0,0
DEU.9.32.3.1_1,2023,11,0,0
DEU.9.32.4.1_1,2023,11,0,0
DEU.9.32.5.1_1,2023,11,0,0
DEU.9.32.5.2_1,2023,11,0,0
DEU.9.32.5.3_1,2023,11,0,0
DEU.9.32.5.4_1,2023,11,0,0
DEU.9.32.6.1_1,2023,11,0,0
DEU.9.32.7.1_1,2023,11,0,0
DEU.9.32.8.1_1,2023,11,0,0
DEU.9.32.8.2_1,2023,11,0,0
DEU.9.32.8.3_1,2023,11,0,0
DEU.9.33.1.1_1,2023,11,0,0
DEU.9.33.2.1_1,2023,11,0,0
DEU.9.33.3.1_1,2023,11,0,0
DEU.9.33.4.1_1,2023,11,0,0
DEU.9.33.5.1_1,2023,11,0,0
DEU.9.33.6.1_1,2023,11,0,0
DEU.9.33.7.1_1,2023,11,0,0
DEU.9.34.1.1_1,2023,11,0,0
DEU.9.34.10.1_1,2023,11,0,0
DEU.9.34.11.1_1,2023,11,0,0
DEU.9.34.12.1_1,2023,11,0,0
DEU.9.34.13.1_1,2023,11,0,0
DEU.9.34.14.1_1,2023,11,0,0
DEU.9.34.15.1_1,2023,11,0,0
DEU.9.34.16.1_1,2023,11,0,0
DEU.9.34.17.1_1,2023,11,0,0
DEU.9.34.18.1_1,2023,11,0,0
DEU.9.34.19.1_1,2023,11,0,0
DEU.9.34.2.1_1,2023,11,0,0
DEU.9.34.20.1_1,2023,11,0,0
DEU.9.34.21.1_1,2023,11,0,0
DEU.9.34.3.1_1,2023,11,0,0
DEU.9.34.4.1_1,2023,11,0,0
DEU.9.34.5.1_1,2023,11,0,0
DEU.9.34.6.1_1,2023,11,0,0
DEU.9.34.7.1_1,2023,11,0,0
DEU.9.34.8.1_1,2023,11,0,0
DEU.9.34.9.1_1,2023,11,0,0
DEU.9.35.1.1_1,2023,11,0,0
DEU.9.35.1.2_1,2023,11,0,0
DEU.9.35.1.3_1,2023,11,0,0
DEU.9.35.1.4_1,2023,11,0,0
DEU.9.35.1.5_1,2023,11,0,0
DEU.9.35.1.6_1,2023,11,0,0
DEU.9.35.10.1_1,2023,11,0,0
DEU.9.35.10.2_1,2023,11,0,0
DEU.9.35.10.3_1,2023,11,0,0
DEU.9.35.10.4_1,2023,11,0,0
DEU.9.35.10.5_1,2023,11,0,0
DEU.9.35.10.6_1,2023,11,0,0
DEU.9.35.10.7_1,2023,11,0,0
DEU.9.35.11.1_1,2023,11,0,0
DEU.9.35.11.2_1,2023,11,0,0
DEU.9.35.11.3_1,2023,11,0,0
DEU.9.35.11.4_1,2023,11,0,0
DEU.9.35.11.5_1,2023,11,0,0
DEU.9.35.11.6_1,2023,11,0,0
DEU.9.35.11.7_1,2023,11,0,0
DEU.9.35.11.8_1,2023,11,0,0
DEU.9.35.12.1_1,2023,11,0,0
DEU.9.35.13.1_1,2023,11,0,0
DEU.9.35.13.2_1,2023,11,0,0
DEU.9.35.13.3_1,2023,11,0,0
DEU.9.35.13.4_1,2023,11,0,0
DEU.9.35.2.1_1,2023,11,0,0
DEU.9.35.3.1_1,2023,11,0,0
DEU.9.35.3.2_1,2023,11,0,0
DEU.9.35.3.3_1,2023,11,0,0
DEU.9.35.3.4_1,2023,11,0,0
DEU.9.35.3.5_1,2023,11,0,0
DEU.9.35.4.1_1,2023,11,0,0
DEU.9.35.4.2_1,2023,11,0,0
DEU.9.35.4.3_1,2023,11,0,0
DEU.9.35.4.4_1,2023,11,0,0
DEU.9.35.4.5_1,2023,11,0,0
DEU.9.35.5.1_1,2023,11,0,0
DEU.9.35.6.1_1,2023,11,0,0
DEU.9.35.7.1_1,2023,11,0,0
DEU.9.35.8.1_1,2023,11,0,0
DEU.9.35.8.2_1,2023,11,0,0
DEU.9.35.8.3_1,2023,11,0,0
DEU.9.35.8.4_1,2023,11,0,0
DEU.9.35.8.5_1,2023,11,0,0
DEU.9.35.8.6_1,2023,11,0,0
DEU.9.35.8.7_1,2023,11,0,0
DEU.9.35.8.8_1,2023,11,0,0
DEU.9.35.9.1_1,2023,11,0,0
DEU.9.35.9.2_1,2023,11,0,0
DEU.9.35.9.3_1,2023,11,0,0
DEU.9.35.9.4_1,2023,11,0,0
DEU.9.35.9.5_1,2023,11,0,0
DEU.9.35.9.6_1,2023,11,0,0
DEU.9.35.9.7_1,2023,11,0,0
DEU.9.35.9.8_1,2023,11,0,0
DEU.9.35.9.9_1,2023,11,0,0
DEU.9.36.1.1_1,2023,11,0,0
DEU.9.37.1.1_1,2023,11,0,0
DEU.9.37.10.1_1,2023,11,0,0
DEU.9.37.10.2_1,2023,11,0,0
DEU.9.37.10.3_1,2023,11,0,0
DEU.9.37.10.4_1,2023,11,0,0
DEU.9.37.10.5_1,2023,11,0,0
DEU.9.37.10.6_1,2023,11,0,0
DEU.9.37.11.1_1,2023,11,0,0
DEU.9.37.11.2_1,2023,11,0,0
DEU.9.37.11.3_1,2023,11,0,0
DEU.9.37.11.4_1,2023,11,0,0
DEU.9.37.12.1_1,2023,11,0,0
DEU.9.37.2.1_1,2023,11,0,0
DEU.9.37.3.1_1,2023,11,0,0
DEU.9.37.3.2_1,2023,11,0,0
DEU.9.37.3.3_1,2023,11,0,0
DEU.9.37.3.4_1,2023,11,0,0
DEU.9.37.3.5_1,2023,11,0,0
DEU.9.37.4.1_1,2023,11,0,0
DEU.9.37.4.2_1,2023,11,0,0
DEU.9.37.4.3_1,2023,11,0,0
DEU.9.37.4.4_1,2023,11,0,0
DEU.9.37.5.1_1,2023,11,0,0
DEU.9.37.5.2_1,2023,11,0,0
DEU.9.37.5.3_1,2023,11,0,0
DEU.9.37.5.4_1,2023,11,0,0
DEU.9.37.6.1_1,2023,11,0,0
DEU.9.37.6.2_1,2023,11,0,0
DEU.9.37.6.3_1,2023,11,0,0
DEU.9.37.6.4_1,2023,11,0,0
DEU.9.37.6.5_1,2023,11,0,0
DEU.9.37.6.6_1,2023,11,0,0
DEU.9.37.7.1_1,2023,11,0,0
DEU.9.37.7.2_1,2023,11,0,0
DEU.9.37.7.3_1,2023,11,0,0
DEU.9.37.7.4_1,2023,11,0,0
DEU.9.37.8.1_1,2023,11,0,0
DEU.9.37.9.1_1,2023,11,0,0
DEU.9.38.1.1_1,2023,11,0,0
DEU.9.38.1.2_1,2023,11,0,0
DEU.9.38.1.3_1,2023,11,0,0
DEU.9.38.10.1_1,2023,11,0,0
DEU.9.38.10.10_1,2023,11,0,0
DEU.9.38.10.2_1,2023,11,0,0
DEU.9.38.10.3_1,2023,11,0,0
DEU.9.38.10.4_1,2023,11,0,0
DEU.9.38.10.5_1,2023,11,0,0
DEU.9.38.10.6_1,2023,11,0,0
DEU.9.38.10.7_1,2023,11,0,0
DEU.9.38.10.8_1,2023,11,0,0
DEU.9.38.10.9_1,2023,11,0,0
DEU.9.38.11.1_1,2023,11,0,0
DEU.9.38.2.1_1,2023,11,0,0
DEU.9.38.3.1_1,2023,11,0,0
DEU.9.38.4.1_1,2023,11,0,0
DEU.9.38.4.2_1,2023,11,0,0
DEU.9.38.4.3_1,2023,11,0,0
DEU.9.38.5.1_1,2023,11,0,0
DEU.9.38.5.2_1,2023,11,0,0
DEU.9.38.5.3_1,2023,11,0,0
DEU.9.38.5.4_1,2023,11,0,0
DEU.9.38.6.1_1,2023,11,0,0
DEU.9.38.6.2_1,2023,11,0,0
DEU.9.38.6.3_1,2023,11,0,0
DEU.9.38.6.4_1,2023,11,0,0
DEU.9.38.6.5_1,2023,11,0,0
DEU.9.38.7.1_1,2023,11,0,0
DEU.9.38.8.1_1,2023,11,0,0
DEU.9.38.8.2_1,2023,11,0,0
DEU.9.38.8.3_1,2023,11,0,0
DEU.9.38.8.4_1,2023,11,0,0
DEU.9.38.8.5_1,2023,11,0,0
DEU.9.38.8.6_1,2023,11,0,0
DEU.9.38.9.1_1,2023,11,0,0
DEU.9.38.9.2_1,2023,11,0,0
DEU.9.38.9.3_1,2023,11,0,0
DEU.9.38.9.4_1,2023,11,0,0
DEU.9.38.9.5_1,2023,11,0,0
DEU.9.39.1.1_1,2023,11,0,0
DEU.9.39.1.2_1,2023,11,0,0
DEU.9.39.1.3_1,2023,11,0,0
DEU.9.39.1.4_1,2023,11,0,0
DEU.9.39.2.1_1,2023,11,0,0
DEU.9.39.2.10_1,2023,11,0,0
DEU.9.39.2.11_1,2023,11,0,0
DEU.9.39.2.12_1,2023,11,0,0
DEU.9.39.2.13_1,2023,11,0,0
DEU.9.39.2.2_1,2023,11,0,0
DEU.9.39.2.3_1,2023,11,0,0
DEU.9.39.2.4_1,2023,11,0,0
DEU.9.39.2.5_1,2023,11,0,0
DEU.9.39.2.6_1,2023,11,0,0
DEU.9.39.2.7_1,2023,11,0,0
DEU.9.39.2.8_1,2023,11,0,0
DEU.9.39.2.9_1,2023,11,0,0
DEU.9.39.3.1_1,2023,11,0,0
DEU.9.39.4.1_1,2023,11,0,0
DEU.9.39.4.2_1,2023,11,0,0
DEU.9.39.4.3_1,2023,11,0,0
DEU.9.39.4.4_1,2023,11,0,0
DEU.9.39.4.5_1,2023,11,0,0
DEU.9.39.5.1_1,2023,11,0,0
DEU.9.39.5.2_1,2023,11,0,0
DEU.9.39.5.3_1,2023,11,0,0
DEU.9.39.6.1_1,2023,11,0,0
DEU.9.4.1.1_1,2023,11,0,0
DEU.9.4.10.1_1,2023,11,0,0
DEU.9.4.10.2_1,2023,11,0,0
DEU.9.4.10.3_1,2023,11,0,0
DEU.9.4.11.1_1,2023,11,0,0
DEU.9.4.12.1_1,2023,11,0,0
DEU.9.4.2.1_1,2023,11,0,0
DEU.9.4.3.1_1,2023,11,0,0
DEU.9.4.4.1_1,2023,11,0,0
DEU.9.4.5.1_1,2023,11,0,0
DEU.9.4.5.2_1,2023,11,0,0
DEU.9.4.5.3_1,2023,11,0,0
DEU.9.4.5.4_1,2023,11,0,0
DEU.9.4.6.1_1,2023,11,0,0
DEU.9.4.7.1_1,2023,11,0,0
DEU.9.4.7.2_1,2023,11,0,0
DEU.9.4.7.3_1,2023,11,0,0
DEU.9.4.7.4_1,2023,11,0,0
DEU.9.4.7.5_1,2023,11,0,0
DEU.9.4.8.1_1,2023,11,0,0
DEU.9.4.9.1_1,2023,11,0,0
DEU.9.40.1.1_1,2023,11,0,0
DEU.9.40.10.1_1,2023,11,0,0
DEU.9.40.2.1_1,2023,11,0,0
DEU.9.40.3.1_1,2023,11,0,0
DEU.9.40.4.1_1,2023,11,0,0
DEU.9.40.5.1_1,2023,11,0,0
DEU.9.40.6.1_1,2023,11,0,0
DEU.9.40.7.1_1,2023,11,0,0
DEU.9.40.8.1_1,2023,11,0,0
DEU.9.40.9.1_1,2023,11,0,0
DEU.9.41.1.1_1,2023,11,0,0
DEU.9.41.2.1_1,2023,11,0,0
DEU.9.41.3.1_1,2023,11,0,0
DEU.9.41.4.1_1,2023,11,0,0
DEU.9.41.5.1_1,2023,11,0,0
DEU.9.41.6.1_1,2023,11,0,0
DEU.9.41.7.1_1,2023,11,0,0
DEU.9.41.7.2_1,2023,11,0,0
DEU.9.41.7.3_1,2023,11,0,0
DEU.9.41.7.4_1,2023,11,0,0
DEU.9.41.8.1_1,2023,11,0,0
DEU.9.42.1.1_1,2023,11,0,0
DEU.9.42.2.1_1,2023,11,0,0
DEU.9.42.3.1_1,2023,11,0,0
DEU.9.42.4.1_1,2023,11,0,0
DEU.9.42.5.1_1,2023,11,0,0
DEU.9.42.6.1_1,2023,11,0,0
DEU.9.42.7.1_1,2023,11,0,0
DEU.9.42.8.1_1,2023,11,0,0
DEU.9.42.9.1_1,2023,11,0,0
DEU.9.43.1.1_1,2023,11,0,0
DEU.9.44.1.1_1,2023,11,0,0
DEU.9.44.1.2_1,2023,11,0,0
DEU.9.44.1.3_1,2023,11,0,0
DEU.9.44.1.4_1,2023,11,0,0
DEU.9.44.1.5_1,2023,11,0,0
DEU.9.44.1.6_1,2023,11,0,0
DEU.9.44.1.7_1,2023,11,0,0
DEU.9.44.2.1_1,2023,11,0,0
DEU.9.44.3.1_1,2023,11,0,0
DEU.9.44.3.2_1,2023,11,0,0
DEU.9.44.3.3_1,2023,11,0,0
DEU.9.44.3.4_1,2023,11,0,0
DEU.9.44.3.5_1,2023,11,0,0
DEU.9.44.3.6_1,2023,11,0,0
DEU.9.44.3.7_1,2023,11,0,0
DEU.9.44.3.8_1,2023,11,0,0
DEU.9.44.6.1_1,2023,11,0,0
DEU.9.45.1.1_1,2023,11,0,0
DEU.9.45.10.1_1,2023,11,0,0
DEU.9.45.2.1_1,2023,11,0,0
DEU.9.45.2.2_1,2023,11,0,0
DEU.9.45.2.3_1,2023,11,0,0
DEU.9.45.2.4_1,2023,11,0,0
DEU.9.45.2.5_1,2023,11,0,0
DEU.9.45.2.6_1,2023,11,0,0
DEU.9.45.3.1_1,2023,11,0,0
DEU.9.45.4.1_1,2023,11,0,0
DEU.9.45.5.1_1,2023,11,0,0
DEU.9.45.5.10_1,2023,11,0,0
DEU.9.45.5.11_1,2023,11,0,0
DEU.9.45.5.12_1,2023,11,0,0
DEU.9.45.5.13_1,2023,11,0,0
DEU.9.45.5.2_1,2023,11,0,0
DEU.9.45.5.3_1,2023,11,0,0
DEU.9.45.5.4_1,2023,11,0,0
DEU.9.45.5.5_1,2023,11,0,0
DEU.9.45.5.6_1,2023,11,0,0
DEU.9.45.5.7_1,2023,11,0,0
DEU.9.45.5.8_1,2023,11,0,0
DEU.9.45.5.9_1,2023,11,0,0
DEU.9.45.6.1_1,2023,11,0,0
DEU.9.45.6.2_1,2023,11,0,0
DEU.9.45.6.3_1,2023,11,0,0
DEU.9.45.6.4_1,2023,11,0,0
DEU.9.45.6.5_1,2023,11,0,0
DEU.9.45.6.6_1,2023,11,0,0
DEU.9.45.7.1_1,2023,11,0,0
DEU.9.45.8.1_1,2023,11,0,0
DEU.9.45.8.2_1,2023,11,0,0
DEU.9.45.8.3_1,2023,11,0,0
DEU.9.45.8.4_1,2023,11,0,0
DEU.9.45.8.5_1,2023,11,0,0
DEU.9.45.9.1_1,2023,11,0,0
DEU.9.46.1.1_1,2023,11,0,0
DEU.9.5.1.1_1,2023,11,0,0
DEU.9.5.10.1_1,2023,11,0,0
DEU.9.5.11.1_1,2023,11,0,0
DEU.9.5.12.1_1,2023,11,0,0
DEU.9.5.13.1_1,2023,11,0,0
DEU.9.5.2.1_1,2023,11,0,0
DEU.9.5.3.1_1,2023,11,0,0
DEU.9.5.4.1_1,2023,11,0,0
DEU.9.5.5.1_1,2023,11,0,0
DEU.9.5.6.1_1,2023,11,0,0
DEU.9.5.7.1_1,2023,11,0,0
DEU.9.5.8.1_1,2023,11,0,0
DEU.9.5.9.1_1,2023,11,0,0
DEU.9.6.1.1_1,2023,11,0,0
DEU.9.6.1.2_1,2023,11,0,0
DEU.9.6.1.3_1,2023,11,0,0
DEU.9.6.1.4_1,2023,11,0,0
DEU.9.6.1.5_1,2023,11,0,0
DEU.9.6.1.6_1,2023,11,0,0
DEU.9.6.1.7_1,2023,11,0,0
DEU.9.6.10.1_1,2023,11,0,0
DEU.9.6.11.1_1,2023,11,0,0
DEU.9.6.2.1_1,2023,11,0,0
DEU.9.6.3.1_1,2023,11,0,0
DEU.9.6.3.2_1,2023,11,0,0
DEU.9.6.3.3_1,2023,11,0,0
DEU.9.6.3.4_1,2023,11,0,0
DEU.9.6.3.5_1,2023,11,0,0
DEU.9.6.4.1_1,2023,11,0,0
DEU.9.6.5.1_1,2023,11,0,0
DEU.9.6.6.1_1,2023,11,0,0
DEU.9.6.7.1_1,2023,11,0,0
DEU.9.6.7.2_1,2023,11,0,0
DEU.9.6.7.3_1,2023,11,0,0
DEU.9.6.8.1_1,2023,11,0,0
DEU.9.6.8.2_1,2023,11,0,0
DEU.9.6.8.3_1,2023,11,0,0
DEU.9.6.8.4_1,2023,11,0,0
DEU.9.6.8.5_1,2023,11,0,0
DEU.9.6.8.6_1,2023,11,0,0
DEU.9.6.8.7_1,2023,11,0,0
DEU.9.6.8.8_1,2023,11,0,0
DEU.9.6.9.1_1,2023,11,0,0
DEU.9.7.1.1_1,2023,11,0,0
DEU.9.8.1.1_1,2023,11,0,0
DEU.9.8.1.2_1,2023,11,0,0
DEU.9.8.1.3_1,2023,11,0,0
DEU.9.8.1.4_1,2023,11,0,0
DEU.9.8.1.5_1,2023,11,0,0
DEU.9.8.1.6_1,2023,11,0,0
DEU.9.8.1.7_1,2023,11,0,0
DEU.9.8.10.1_1,2023,11,0,0
DEU.9.8.11.1_1,2023,11,0,0
DEU.9.8.12.1_1,2023,11,0,0
DEU.9.8.13.1_1,2023,11,0,0
DEU.9.8.14.1_1,2023,11,0,0
DEU.9.8.15.1_1,2023,11,0,0
DEU.9.8.2.1_1,2023,11,0,0
DEU.9.8.2.2_1,2023,11,0,0
DEU.9.8.2.3_1,2023,11,0,0
DEU.9.8.2.4_1,2023,11,0,0
DEU.9.8.3.1_1,2023,11,0,0
DEU.9.8.4.1_1,2023,11,0,0
DEU.9.8.4.2_1,2023,11,0,0
DEU.9.8.4.3_1,2023,11,0,0
DEU.9.8.4.4_1,2023,11,0,0
DEU.9.8.4.5_1,2023,11,0,0
DEU.9.8.5.1_1,2023,11,0,0
DEU.9.8.6.1_1,2023,11,0,0
DEU.9.8.6.2_1,2023,11,0,0
DEU.9.8.6.3_1,2023,11,0,0
DEU.9.8.6.4_1,2023,11,0,0
DEU.9.8.6.5_1,2023,11,0,0
DEU.9.8.6.6_1,2023,11,0,0
DEU.9.8.7.1_1,2023,11,0,0
DEU.9.8.7.2_1,2023,11,0,0
DEU.9.8.7.3_1,2023,11,0,0
DEU.9.8.7.4_1,2023,11,0,0
DEU.9.8.7.5_1,2023,11,0,0
DEU.9.8.8.1_1,2023,11,0,0
DEU.9.8.8.2_1,2023,11,0,0
DEU.9.8.8.3_1,2023,11,0,0
DEU.9.8.8.4_1,2023,11,0,0
DEU.9.8.8.5_1,2023,11,0,0
DEU.9.8.8.6_1,2023,11,0,0
DEU.9.8.9.1_1,2023,11,0,0
DEU.9.8.9.2_1,2023,11,0,0
DEU.9.8.9.3_1,2023,11,0,0
DEU.9.8.9.4_1,2023,11,0,0
DEU.9.8.9.5_1,2023,11,0,0
DEU.9.9.1.1_1,2023,11,0,0
ESP.1.1.1.1_1,2023,11,0,0
ESP.1.1.1.10_1,2023,11,0,0
ESP.1.1.1.11_1,2023,11,0,0
ESP.1.1.1.12_1,2023,11,0,0
ESP.1.1.1.13_1,2023,11,0,0
ESP.1.1.1.14_1,2023,11,0,0
ESP.1.1.1.15_1,2023,11,0,0
ESP.1.1.1.16_1,2023,11,0,0
ESP.1.1.1.17_1,2023,11,0,0
ESP.1.1.1.18_1,2023,11,0,0
ESP.1.1.1.19_1,2023,11,0,0
ESP.1.1.1.2_1,2023,11,0,0
ESP.1.1.1.20_1,2023,11,0,0
ESP.1.1.1.21_1,2023,11,0,0
ESP.1.1.1.22_1,2023,11,0,0
ESP.1.1.1.23_1,2023,11,0,0
ESP.1.1.1.24_1,2023,11,0,0
ESP.1.1.1.25_1,2023,11,0,0
ESP.1.1.1.26_1,2023,11,0,0
ESP.1.1.1.3_1,2023,11,0,0
ESP.1.1.1.4_1,2023,11,0,0
ESP.1.1.1.5_1,2023,11,0,0
ESP.1.1.1.6_1,2023,11,0,0
ESP.1.1.1.7_1,2023,11,0,0
ESP.1.1.1.8_1,2023,11,0,0
ESP.1.1.1.9_1,2023,11,0,0
ESP.1.1.2.1_1,2023,11,0,0
ESP.1.1.2.10_1,2023,11,0,0
ESP.1.1.2.11_1,2023,11,0,0
ESP.1.1.2.12_1,2023,11,0,0
ESP.1.1.2.13_1,2023,11,0,0
ESP.1.1.2.14_1,2023,11,0,0
ESP.1.1.2.15_1,2023,11,0,0
ESP.1.1.2.2_1,2023,11,0,0
ESP.1.1.2.3_1,2023,11,0,0
ESP.1.1.2.4_1,2023,11,0,0
ESP.1.1.2.5_1,2023,11,0,0
ESP.1.1.2.6_1,2023,11,0,0
ESP.1.1.2.7_1,2023,11,0,0
ESP.1.1.2.8_1,2023,11,0,0
ESP.1.1.2.9_1,2023,11,0,0
ESP.1.1.3.1_1,2023,11,0,0
ESP.1.1.3.10_1,2023,11,0,0
ESP.1.1.3.2_1,2023,11,0,0
ESP.1.1.3.3_1,2023,11,0,0
ESP.1.1.3.4_1,2023,11,0,0
ESP.1.1.3.5_1,2023,11,0,0
ESP.1.1.3.6_1,2023,11,0,0
ESP.1.1.3.7_1,2023,11,0,0
ESP.1.1.3.8_1,2023,11,0,0
ESP.1.1.3.9_1,2023,11,0,0
ESP.1.1.4.1_1,2023,11,0,0
ESP.1.1.4.10_1,2023,11,0,0
ESP.1.1.4.11_1,2023,11,0,0
ESP.1.1.4.12_1,2023,11,0,0
ESP.1.1.4.13_1,2023,11,0,0
ESP.1.1.4.14_1,2023,11,0,0
ESP.1.1.4.15_1,2023,11,0,0
ESP.1.1.4.16_1,2023,11,0,0
ESP.1.1.4.17_1,2023,11,0,0
ESP.1.1.4.18_1,2023,11,0,0
ESP.1.1.4.19_1,2023,11,0,0
ESP.1.1.4.2_1,2023,11,0,0
ESP.1.1.4.3_1,2023,11,0,0
ESP.1.1.4.4_1,2023,11,0,0
ESP.1.1.4.5_1,2023,11,0,0
ESP.1.1.4.6_1,2023,11,0,0
ESP.1.1.4.7_1,2023,11,0,0
ESP.1.1.4.8_1,2023,11,0,0
ESP.1.1.4.9_1,2023,11,0,0
ESP.1.1.5.1_1,2023,11,0,0
ESP.1.1.5.10_1,2023,11,0,0
ESP.1.1.5.2_1,2023,11,0,0
ESP.1.1.5.3_1,2023,11,0,0
ESP.1.1.5.4_1,2023,11,0,0
ESP.1.1.5.5_1,2023,11,0,0
ESP.1.1.5.6_1,2023,11,0,0
ESP.1.1.5.7_1,2023,11,0,0
ESP.1.1.5.8_1,2023,11,0,0
ESP.1.1.5.9_1,2023,11,0,0
ESP.1.1.6.1_1,2023,11,0,0
ESP.1.1.6.2_1,2023,11,0,0
ESP.1.1.6.3_1,2023,11,0,0
ESP.1.1.6.4_1,2023,11,0,0
ESP.1.1.6.5_1,2023,11,0,0
ESP.1.1.6.6_1,2023,11,0,0
ESP.1.1.6.7_1,2023,11,0,0
ESP.1.1.6.8_1,2023,11,0,0
ESP.1.1.6.9_1,2023,11,0,0
ESP.1.1.7.1_1,2023,11,0,0
ESP.1.1.7.10_1,2023,11,0,0
ESP.1.1.7.2_1,2023,11,0,0
ESP.1.1.7.3_1,2023,11,0,0
ESP.1.1.7.4_1,2023,11,0,0
ESP.1.1.7.5_1,2023,11,0,0
ESP.1.1.7.6_1,2023,11,0,0
ESP.1.1.7.7_1,2023,11,0,0
ESP.1.1.7.8_1,2023,11,0,0
ESP.1.1.7.9_1,2023,11,0,0
ESP.1.1.8.1_1,2023,11,0,0
ESP.1.1.8.2_1,2023,11,0,0
ESP.1.1.8.3_1,2023,11,0,0
ESP.1.1.8.4_1,2023,11,0,0
ESP.1.2.1.1_1,2023,11,0,0
ESP.1.2.1.2_1,2023,11,0,0
ESP.1.2.1.3_1,2023,11,0,0
ESP.1.2.1.4_1,2023,11,0,0
ESP.1.2.1.5_1,2023,11,0,0
ESP.1.2.2.1_1,2023,11,0,0
ESP.1.2.2.2_1,2023,11,0,0
ESP.1.2.3.1_1,2023,11,0,0
ESP.1.2.3.2_1,2023,11,0,0
ESP.1.2.3.3_1,2023,11,0,0
ESP.1.2.3.4_1,2023,11,0,0
ESP.1.2.3.5_1,2023,11,0,0
ESP.1.2.3.6_1,2023,11,0,0
ESP.1.2.3.7_1,2023,11,0,0
ESP.1.2.4.1_1,2023,11,0,0
ESP.1.2.4.2_1,2023,11,0,0
ESP.1.2.4.3_1,2023,11,0,0
ESP.1.2.4.4_1,2023,11,0,0
ESP.1.2.5.1_1,2023,11,0,0
ESP.1.2.5.2_1,2023,11,0,0
ESP.1.2.5.3_1,2023,11,0,0
ESP.1.2.5.4_1,2023,11,0,0
ESP.1.2.5.5_1,2023,11,0,0
ESP.1.2.5.6_1,2023,11,0,0
ESP.1.2.5.7_1,2023,11,0,0
ESP.1.2.6.1_1,2023,11,0,0
ESP.1.2.6.10_1,2023,11,0,0
ESP.1.2.6.11_1,2023,11,0,0
ESP.1.2.6.12_1,2023,11,0,0
ESP.1.2.6.13_1,2023,11,0,0
ESP.1.2.6.14_1,2023,11,0,0
ESP.1.2.6.15_1,2023,11,0,0
ESP.1.2.6.16_1,2023,11,0,0
ESP.1.2.6.17_1,2023,11,0,0
ESP.1.2.6.18_1,2023,11,0,0
ESP.1.2.6.19_1,2023,11,0,0
ESP.1.2.6.2_1,2023,11,0,0
ESP.1.2.6.20_1,2023,11,0,0
ESP.1.2.6.3_1,2023,11,0,0
ESP.1.2.6.4_1,2023,11,0,0
ESP.1.2.6.5_1,2023,11,0,0
ESP.1.2.6.6_1,2023,11,0,0
ESP.1.2.6.7_1,2023,11,0,0
ESP.1.2.6.8_1,2023,11,0,0
ESP.1.2.6.9_1,2023,11,0,0
ESP.1.3.1.1_1,2023,11,0,0
ESP.1.3.1.10_1,2023,11,0,0
ESP.1.3.1.2_1,2023,11,0,0
ESP.1.3.1.3_1,2023,11,0,0
ESP.1.3.1.4_1,2023,11,0,0
ESP.1.3.1.5_1,2023,11,0,0
ESP.1.3.1.6_1,2023,11,0,0
ESP.1.3.1.7_1,2023,11,0,0
ESP.1.3.1.8_1,2023,11,0,0
ESP.1.3.1.9_1,2023,11,0,0
ESP.1.3.2.1_1,2023,11,0,0
ESP.1.3.2.10_1,2023,11,0,0
ESP.1.3.2.11_1,2023,11,0,0
ESP.1.3.2.12_1,2023,11,0,0
ESP.1.3.2.13_1,2023,11,0,0
ESP.1.3.2.14_1,2023,11,0,0
ESP.1.3.2.15_1,2023,11,0,0
ESP.1.3.2.16_1,2023,11,0,0
ESP.1.3.2.17_1,2023,11,0,0
ESP.1.3.2.18_1,2023,11,0,0
ESP.1.3.2.19_1,2023,11,0,0
ESP.1.3.2.2_1,2023,11,0,0
ESP.1.3.2.20_1,2023,11,0,0
ESP.1.3.2.21_1,2023,11,0,0
ESP.1.3.2.22_1,2023,11,0,0
ESP.1.3.2.23_1,2023,11,0,0
ESP.1.3.2.3_1,2023,11,0,0
ESP.1.3.2.4_1,2023,11,0,0
ESP.1.3.2.5_1,2023,11,0,0
ESP.1.3.2.6_1,2023,11,0,0
ESP.1.3.2.7_1,2023,11,0,0
ESP.1.3.2.8_1,2023,11,0,0
ESP.1.3.2.9_1,2023,11,0,0
ESP.1.3.3.1_1,2023,11,0,0
ESP.1.3.3.2_1,2023,11,0,0
ESP.1.3.3.3_1,2023,11,0,0
ESP.1.3.3.4_1,2023,11,0,0
ESP.1.3.3.5_1,2023,11,0,0
ESP.1.3.3.6_1,2023,11,0,0
ESP.1.3.3.7_1,2023,11,0,0
ESP.1.3.3.8_1,2023,11,0,0
ESP.1.3.4.1_1,2023,11,0,0
ESP.1.3.4.10_1,2023,11,0,0
ESP.1.3.4.11_1,2023,11,0,0
ESP.1.3.4.12_1,2023,11,0,0
ESP.1.3.4.2_1,2023,11,0,0
ESP.1.3.4.3_1,2023,11,0,0
ESP.1.3.4.4_1,2023,11,0,0
ESP.1.3.4.5_1,2023,11,0,0
ESP.1.3.4.6_1,2023,11,0,0
ESP.1.3.4.7_1,2023,11,0,0
ESP.1.3.4.8_1,2023,11,0,0
ESP.1.3.4.9_1,2023,11,0,0
ESP.1.3.5.1_1,2023,11,0,0
ESP.1.3.5.2_1,2023,11,0,0
ESP.1.3.6.1_1,2023,11,0,0
ESP.1.3.6.2_1,2023,11,0,0
ESP.1.3.6.3_1,2023,11,0,0
ESP.1.3.6.4_1,2023,11,0,0
ESP.1.3.6.5_1,2023,11,0,0
ESP.1.3.6.6_1,2023,11,0,0
ESP.1.3.6.7_1,2023,11,0,0
ESP.1.3.7.1_1,2023,11,0,0
ESP.1.3.7.2_1,2023,11,0,0
ESP.1.3.7.3_1,2023,11,0,0
ESP.1.3.7.4_1,2023,11,0,0
ESP.1.3.7.5_1,2023,11,0,0
ESP.1.3.7.6_1,2023,11,0,0
ESP.1.3.7.7_1,2023,11,0,0
ESP.1.3.7.8_1,2023,11,0,0
ESP.1.3.7.9_1,2023,11,0,0
ESP.1.3.8.1_1,2023,11,0,0
ESP.1.3.8.2_1,2023,11,0,0
ESP.1.3.8.3_1,2023,11,0,0
ESP.1.3.8.4_1,2023,11,0,0
ESP.1.3.8.5_1,2023,11,0,0
ESP.1.3.8.6_1,2023,11,0,0
ESP.1.3.8.7_1,2023,11,0,0
ESP.1.3.8.8_1,2023,11,0,0
ESP.1.4.1.1_1,2023,11,0,0
ESP.1.4.1.2_1,2023,11,0,0
ESP.1.4.1.3_1,2023,11,0,0
ESP.1.4.1.4_1,2023,11,0,0
ESP.1.4.1.5_1,2023,11,0,0
ESP.1.4.1.6_1,2023,11,0,0
ESP.1.4.10.1_1,2023,11,0,0
ESP.1.4.10.10_1,2023,11,0,0
ESP.1.4.10.11_1,2023,11,0,0
ESP.1.4.10.12_1,2023,11,0,0
ESP.1.4.10.13_1,2023,11,0,0
ESP.1.4.10.14_1,2023,11,0,0
ESP.1.4.10.15_1,2023,11,0,0
ESP.1.4.10.2_1,2023,11,0,0
ESP.1.4.10.3_1,2023,11,0,0
ESP.1.4.10.4_1,2023,11,0,0
ESP.1.4.10.5_1,2023,11,0,0
ESP.1.4.10.6_1,2023,11,0,0
ESP.1.4.10.7_1,2023,11,0,0
ESP.1.4.10.8_1,2023,11,0,0
ESP.1.4.10.9_1,2023,11,0,0
ESP.1.4.2.1_1,2023,11,0,0
ESP.1.4.2.2_1,2023,11,0,0
ESP.1.4.2.3_1,2023,11,0,0
ESP.1.4.2.4_1,2023,11,0,0
ESP.1.4.3.1_1,2023,11,0,0
ESP.1.4.3.2_1,2023,11,0,0
ESP.1.4.3.3_1,2023,11,0,0
ESP.1.4.3.4_1,2023,11,0,0
ESP.1.4.3.5_1,2023,11,0,0
ESP.1.4.3.6_1,2023,11,0,0
ESP.1.4.3.7_1,2023,11,0,0
ESP.1.4.3.8_1,2023,11,0,0
ESP.1.4.4.1_1,2023,11,0,0
ESP.1.4.4.10_1,2023,11,0,0
ESP.1.4.4.11_1,2023,11,0,0
ESP.1.4.4.12_1,2023,11,0,0
ESP.1.4.4.13_1,2023,11,0,0
ESP.1.4.4.14_1,2023,11,0,0
ESP.1.4.4.15_1,2023,11,0,0
ESP.1.4.4.16_1,2023,11,0,0
ESP.1.4.4.17_1,2023,11,0,0
ESP.1.4.4.18_1,2023,11,0,0
ESP.1.4.4.19_1,2023,11,0,0
ESP.1.4.4.2_1,2023,11,0,0
ESP.1.4.4.20_1,2023,11,0,0
ESP.1.4.4.21_1,2023,11,0,0
ESP.1.4.4.22_1,2023,11,0,0
ESP.1.4.4.23_1,2023,11,0,0
ESP.1.4.4.24_1,2023,11,0,0
ESP.1.4.4.25_1,2023,11,0,0
ESP.1.4.4.26_1,2023,11,0,0
ESP.1.4.4.27_1,2023,11,0,0
ESP.1.4.4.28_1,2023,11,0,0
ESP.1.4.4.29_1,2023,11,0,0
ESP.1.4.4.3_1,2023,11,0,0
ESP.1.4.4.30_1,2023,11,0,0
ESP.1.4.4.4_1,2023,11,0,0
ESP.1.4.4.5_1,2023,11,0,0
ESP.1.4.4.6_1,2023,11,0,0
ESP.1.4.4.7_1,2023,11,0,0
ESP.1.4.4.8_1,2023,11,0,0
ESP.1.4.4.9_1,2023,11,0,0
ESP.1.4.5.1_1,2023,11,0,0
ESP.1.4.5.10_1,2023,11,0,0
ESP.1.4.5.11_1,2023,11,0,0
ESP.1.4.5.12_1,2023,11,0,0
ESP.1.4.5.13_1,2023,11,0,0
ESP.1.4.5.14_1,2023,11,0,0
ESP.1.4.5.15_1,2023,11,0,0
ESP.1.4.5.16_1,2023,11,0,0
ESP.1.4.5.17_1,2023,11,0,0
ESP.1.4.5.18_1,2023,11,0,0
ESP.1.4.5.19_1,2023,11,0,0
ESP.1.4.5.2_1,2023,11,0,0
ESP.1.4.5.20_1,2023,11,0,0
ESP.1.4.5.21_1,2023,11,0,0
ESP.1.4.5.22_1,2023,11,0,0
ESP.1.4.5.23_1,2023,11,0,0
ESP.1.4.5.24_1,2023,11,0,0
ESP.1.4.5.25_1,2023,11,0,0
ESP.1.4.5.26_1,2023,11,0,0
ESP.1.4.5.27_1,2023,11,0,0
ESP.1.4.5.28_1,2023,11,0,0
ESP.1.4.5.29_1,2023,11,0,0
ESP.1.4.5.3_1,2023,11,0,0
ESP.1.4.5.30_1,2023,11,0,0
ESP.1.4.5.31_1,2023,11,0,0
ESP.1.4.5.32_1,2023,11,0,0
ESP.1.4.5.33_1,2023,11,0,0
ESP.1.4.5.34_1,2023,11,0,0
ESP.1.4.5.35_1,2023,11,0,0
ESP.1.4.5.36_1,2023,11,0,0
ESP.1.4.5.37_1,2023,11,0,0
ESP.1.4.5.38_1,2023,11,0,0
ESP.1.4.5.39_1,2023,11,0,0
ESP.1.4.5.4_1,2023,11,0,0
ESP.1.4.5.40_1,2023,11,0,0
ESP.1.4.5.41_1,2023,11,0,0
ESP.1.4.5.42_1,2023,11,0,0
ESP.1.4.5.43_1,2023,11,0,0
ESP.1.4.5.44_1,2023,11,0,0
ESP.1.4.5.45_1,2023,11,0,0
ESP.1.4.5.46_1,2023,11,0,0
ESP.1.4.5.5_1,2023,11,0,0
ESP.1.4.5.6_1,2023,11,0,0
ESP.1.4.5.7_1,2023,11,0,0
ESP.1.4.5.8_1,2023,11,0,0
ESP.1.4.5.9_1,2023,11,0,0
ESP.1.4.6.1_1,2023,11,0,0
ESP.1.4.6.10_1,2023,11,0,0
ESP.1.4.6.11_1,2023,11,0,0
ESP.1.4.6.2_1,2023,11,0,0
ESP.1.4.6.3_1,2023,11,0,0
ESP.1.4.6.4_1,2023,11,0,0
ESP.1.4.6.5_1,2023,11,0,0
ESP.1.4.6.6_1,2023,11,0,0
ESP.1.4.6.7_1,2023,11,0,0
ESP.1.4.6.8_1,2023,11,0,0
ESP.1.4.6.9_1,2023,11,0,0
ESP.1.4.7.1_1,2023,11,0,0
ESP.1.4.7.2_1,2023,11,0,0
ESP.1.4.7.3_1,2023,11,0,0
ESP.1.4.7.4_1,2023,11,0,0
ESP.1.4.7.5_1,2023,11,0,0
ESP.1.4.7.6_1,2023,11,0,0
ESP.1.4.7.7_1,2023,11,0,0
ESP.1.4.7.8_1,2023,11,0,0
ESP.1.4.8.1_1,2023,11,0,0
ESP.1.4.8.10_1,2023,11,0,0
ESP.1.4.8.11_1,2023,11,0,0
ESP.1.4.8.12_1,2023,11,0,0
ESP.1.4.8.13_1,2023,11,0,0
ESP.1.4.8.14_1,2023,11,0,0
ESP.1.4.8.15_1,2023,11,0,0
ESP.1.4.8.16_1,2023,11,0,0
ESP.1.4.8.17_1,2023,11,0,0
ESP.1.4.8.2_1,2023,11,0,0
ESP.1.4.8.3_1,2023,11,0,0
ESP.1.4.8.4_1,2023,11,0,0
ESP.1.4.8.5_1,2023,11,0,0
ESP.1.4.8.6_1,2023,11,0,0
ESP.1.4.8.7_1,2023,11,0,0
ESP.1.4.8.8_1,2023,11,0,0
ESP.1.4.8.9_1,2023,11,0,0
ESP.1.4.9.1_1,2023,11,0,0
ESP.1.4.9.10_1,2023,11,0,0
ESP.1.4.9.11_1,2023,11,0,0
ESP.1.4.9.12_1,2023,11,0,0
ESP.1.4.9.13_1,2023,11,0,0
ESP.1.4.9.14_1,2023,11,0,0
ESP.1.4.9.15_1,2023,11,0,0
ESP.1.4.9.16_1,2023,11,0,0
ESP.1.4.9.17_1,2023,11,0,0
ESP.1.4.9.18_1,2023,11,0,0
ESP.1.4.9.19_1,2023,11,0,0
ESP.1.4.9.2_1,2023,11,0,0
ESP.1.4.9.20_1,2023,11,0,0
ESP.1.4.9.21_1,2023,11,0,0
ESP.1.4.9.22_1,2023,11,0,0
ESP.1.4.9.23_1,2023,11,0,0
ESP.1.4.9.24_1,2023,11,0,0
ESP.1.4.9.25_1,2023,11,0,0
ESP.1.4.9.3_1,2023,11,0,0
ESP.1.4.9.4_1,2023,11,0,0
ESP.1.4.9.5_1,2023,11,0,0
ESP.1.4.9.6_1,2023,11,0,0
ESP.1.4.9.7_1,2023,11,0,0
ESP.1.4.9.8_1,2023,11,0,0
ESP.1.4.9.9_1,2023,11,0,0
ESP.1.5.1.1_1,2023,11,0,0
ESP.1.5.1.10_1,2023,11,0,0
ESP.1.5.1.11_1,2023,11,0,0
ESP.1.5.1.12_1,2023,11,0,0
ESP.1.5.1.13_1,2023,11,0,0
ESP.1.5.1.14_1,2023,11,0,0
ESP.1.5.1.15_1,2023,11,0,0
ESP.1.5.1.16_1,2023,11,0,0
ESP.1.5.1.17_1,2023,11,0,0
ESP.1.5.1.18_1,2023,11,0,0
ESP.1.5.1.19_1,2023,11,0,0
ESP.1.5.1.2_1,2023,11,0,0
ESP.1.5.1.20_1,2023,11,0,0
ESP.1.5.1.21_1,2023,11,0,0
ESP.1.5.1.22_1,2023,11,0,0
ESP.1.5.1.23_1,2023,11,0,0
ESP.1.5.1.24_1,2023,11,0,0
ESP.1.5.1.25_1,2023,11,0,0
ESP.1.5.1.26_1,2023,11,0,0
ESP.1.5.1.27_1,2023,11,0,0
ESP.1.5.1.28_1,2023,11,0,0
ESP.1.5.1.29_1,2023,11,0,0
ESP.1.5.1.3_1,2023,11,0,0
ESP.1.5.1.4_1,2023,11,0,0
ESP.1.5.1.5_1,2023,11,0,0
ESP.1.5.1.6_1,2023,11,0,0
ESP.1.5.1.7_1,2023,11,0,0
ESP.1.5.1.8_1,2023,11,0,0
ESP.1.5.1.9_1,2023,11,0,0
ESP.1.5.2.1_1,2023,11,0,0
ESP.1.5.2.10_1,2023,11,0,0
ESP.1.5.2.11_1,2023,11,0,0
ESP.1.5.2.12_1,2023,11,0,0
ESP.1.5.2.13_1,2023,11,0,0
ESP.1.5.2.14_1,2023,11,0,0
ESP.1.5.2.15_1,2023,11,0,0
ESP.1.5.2.2_1,2023,11,0,0
ESP.1.5.2.3_1,2023,11,0,0
ESP.1.5.2.4_1,2023,11,0,0
ESP.1.5.2.5_1,2023,11,0,0
ESP.1.5.2.6_1,2023,11,0,0
ESP.1.5.2.7_1,2023,11,0,0
ESP.1.5.2.8_1,2023,11,0,0
ESP.1.5.2.9_1,2023,11,0,0
ESP.1.5.3.1_1,2023,11,0,0
ESP.1.5.3.2_1,2023,11,0,0
ESP.1.5.3.3_1,2023,11,0,0
ESP.1.5.3.4_1,2023,11,0,0
ESP.1.5.3.5_1,2023,11,0,0
ESP.1.5.3.6_1,2023,11,0,0
ESP.1.5.3.7_1,2023,11,0,0
ESP.1.5.3.8_1,2023,11,0,0
ESP.1.5.3.9_1,2023,11,0,0
ESP.1.5.4.1_1,2023,11,0,0
ESP.1.5.4.2_1,2023,11,0,0
ESP.1.5.4.3_1,2023,11,0,0
ESP.1.5.4.4_1,2023,11,0,0
ESP.1.5.4.5_1,2023,11,0,0
ESP.1.5.4.6_1,2023,11,0,0
ESP.1.5.4.7_1,2023,11,0,0
ESP.1.5.5.1_1,2023,11,0,0
ESP.1.5.5.2_1,2023,11,0,0
ESP.1.5.5.3_1,2023,11,0,0
ESP.1.5.5.4_1,2023,11,0,0
ESP.1.5.5.5_1,2023,11,0,0
ESP.1.5.6.1_1,2023,11,0,0
ESP.1.5.6.10_1,2023,11,0,0
ESP.1.5.6.11_1,2023,11,0,0
ESP.1.5.6.12_1,2023,11,0,0
ESP.1.5.6.13_1,2023,11,0,0
ESP.1.5.6.14_1,2023,11,0,0
ESP.1.5.6.2_1,2023,11,0,0
ESP.1.5.6.3_1,2023,11,0,0
ESP.1.5.6.4_1,2023,11,0,0
ESP.1.5.6.5_1,2023,11,0,0
ESP.1.5.6.6_1,2023,11,0,0
ESP.1.5.6.7_1,2023,11,0,0
ESP.1.5.6.8_1,2023,11,0,0
ESP.1.5.6.9_1,2023,11,0,0
ESP.1.6.1.1_1,2023,11,0,0
ESP.1.6.1.2_1,2023,11,0,0
ESP.1.6.1.3_1,2023,11,0,0
ESP.1.6.1.4_1,2023,11,0,0
ESP.1.6.1.5_1,2023,11,0,0
ESP.1.6.1.6_1,2023,11,0,0
ESP.1.6.1.7_1,2023,11,0,0
ESP.1.6.1.8_1,2023,11,0,0
ESP.1.6.1.9_1,2023,11,0,0
ESP.1.6.2.1_1,2023,11,0,0
ESP.1.6.2.10_1,2023,11,0,0
ESP.1.6.2.11_1,2023,11,0,0
ESP.1.6.2.12_1,2023,11,0,0
ESP.1.6.2.13_1,2023,11,0,0
ESP.1.6.2.14_1,2023,11,0,0
ESP.1.6.2.15_1,2023,11,0,0
ESP.1.6.2.16_1,2023,11,0,0
ESP.1.6.2.17_1,2023,11,0,0
ESP.1.6.2.2_1,2023,11,0,0
ESP.1.6.2.3_1,2023,11,0,0
ESP.1.6.2.4_1,2023,11,0,0
ESP.1.6.2.5_1,2023,11,0,0
ESP.1.6.2.6_1,2023,11,0,0
ESP.1.6.2.7_1,2023,11,0,0
ESP.1.6.2.8_1,2023,11,0,0
ESP.1.6.2.9_1,2023,11,0,0
ESP.1.6.3.1_1,2023,11,0,0
ESP.1.6.3.10_1,2023,11,0,0
ESP.1.6.3.2_1,2023,11,0,0
ESP.1.6.3.3_1,2023,11,0,0
ESP.1.6.3.4_1,2023,11,0,0
ESP.1.6.3.5_1,2023,11,0,0
ESP.1.6.3.6_1,2023,11,0,0
ESP.1.6.3.7_1,2023,11,0,0
ESP.1.6.3.8_1,2023,11,0,0
ESP.1.6.3.9_1,2023,11,0,0
ESP.1.6.4.1_1,2023,11,0,0
ESP.1.6.4.2_1,2023,11,0,0
ESP.1.6.4.3_1,2023,11,0,0
ESP.1.6.4.4_1,2023,11,0,0
ESP.1.6.4.5_1,2023,11,0,0
ESP.1.6.4.6_1,2023,11,0,0
ESP.1.6.4.7_1,2023,11,0,0
ESP.1.6.4.8_1,2023,11,0,0
ESP.1.6.4.9_1,2023,11,0,0
ESP.1.6.5.1_1,2023,11,0,0
ESP.1.6.5.10_1,2023,11,0,0
ESP.1.6.5.11_1,2023,11,0,0
ESP.1.6.5.12_1,2023,11,0,0
ESP.1.6.5.13_1,2023,11,0,0
ESP.1.6.5.2_1,2023,11,0,0
ESP.1.6.5.3_1,2023,11,0,0
ESP.1.6.5.4_1,2023,11,0,0
ESP.1.6.5.5_1,2023,11,0,0
ESP.1.6.5.6_1,2023,11,0,0
ESP.1.6.5.7_1,2023,11,0,0
ESP.1.6.5.8_1,2023,11,0,0
ESP.1.6.5.9_1,2023,11,0,0
ESP.1.6.6.1_1,2023,11,0,0
ESP.1.6.6.10_1,2023,11,0,0
ESP.1.6.6.11_1,2023,11,0,0
ESP.1.6.6.12_1,2023,11,0,0
ESP.1.6.6.13_1,2023,11,0,0
ESP.1.6.6.14_1,2023,11,0,0
ESP.1.6.6.2_1,2023,11,0,0
ESP.1.6.6.3_1,2023,11,0,0
ESP.1.6.6.4_1,2023,11,0,0
ESP.1.6.6.5_1,2023,11,0,0
ESP.1.6.6.6_1,2023,11,0,0
ESP.1.6.6.7_1,2023,11,0,0
ESP.1.6.6.8_1,2023,11,0,0
ESP.1.6.6.9_1,2023,11,0,0
ESP.1.6.7.1_1,2023,11,0,0
ESP.1.6.7.10_1,2023,11,0,0
ESP.1.6.7.11_1,2023,11,0,0
ESP.1.6.7.12_1,2023,11,0,0
ESP.1.6.7.13_1,2023,11,0,0
ESP.1.6.7.14_1,2023,11,0,0
ESP.1.6.7.2_1,2023,11,0,0
ESP.1.6.7.3_1,2023,11,0,0
ESP.1.6.7.4_1,2023,11,0,0
ESP.1.6.7.5_1,2023,11,0,0
ESP.1.6.7.6_1,2023,11,0,0
ESP.1.6.7.7_1,2023,11,0,0
ESP.1.6.7.8_1,2023,11,0,0
ESP.1.6.7.9_1,2023,11,0,0
ESP.1.6.8.1_1,2023,11,0,0
ESP.1.6.8.2_1,2023,11,0,0
ESP.1.6.8.3_1,2023,11,0,0
ESP.1.6.8.4_1,2023,11,0,0
ESP.1.6.8.5_1,2023,11,0,0
ESP.1.6.8.6_1,2023,11,0,0
ESP.1.6.8.7_1,2023,11,0,0
ESP.1.6.8.8_1,2023,11,0,0
ESP.1.6.8.9_1,2023,11,0,0
ESP.1.6.9.1_1,2023,11,0,0
ESP.1.6.9.2_1,2023,11,0,0
ESP.1.6.9.3_1,2023,11,0,0
ESP.1.6.9.4_1,2023,11,0,0
ESP.1.6.9.5_1,2023,11,0,0
ESP.1.7.1.1_1,2023,11,0,0
ESP.1.7.1.10_1,2023,11,0,0
ESP.1.7.1.11_1,2023,11,0,0
ESP.1.7.1.12_1,2023,11,0,0
ESP.1.7.1.13_1,2023,11,0,0
ESP.1.7.1.14_1,2023,11,0,0
ESP.1.7.1.15_1,2023,11,0,0
ESP.1.7.1.16_1,2023,11,0,0
ESP.1.7.1.17_1,2023,11,0,0
ESP.1.7.1.18_1,2023,11,0,0
ESP.1.7.1.19_1,2023,11,0,0
ESP.1.7.1.2_1,2023,11,0,0
ESP.1.7.1.20_1,2023,11,0,0
ESP.1.7.1.21_1,2023,11,0,0
ESP.1.7.1.22_1,2023,11,0,0
ESP.1.7.1.23_1,2023,11,0,0
ESP.1.7.1.24_1,2023,11,0,0
ESP.1.7.1.25_1,2023,11,0,0
ESP.1.7.1.26_1,2023,11,0,0
ESP.1.7.1.27_1,2023,11,0,0
ESP.1.7.1.28_1,2023,11,0,0
ESP.1.7.1.3_1,2023,11,0,0
ESP.1.7.1.4_1,2023,11,0,0
ESP.1.7.1.5_1,2023,11,0,0
ESP.1.7.1.6_1,2023,11,0,0
ESP.1.7.1.7_1,2023,11,0,0
ESP.1.7.1.8_1,2023,11,0,0
ESP.1.7.1.9_1,2023,11,0,0
ESP.1.7.2.1_1,2023,11,0,0
ESP.1.7.2.10_1,2023,11,0,0
ESP.1.7.2.11_1,2023,11,0,0
ESP.1.7.2.12_1,2023,11,0,0
ESP.1.7.2.13_1,2023,11,0,0
ESP.1.7.2.14_1,2023,11,0,0
ESP.1.7.2.15_1,2023,11,0,0
ESP.1.7.2.16_1,2023,11,0,0
ESP.1.7.2.17_1,2023,11,0,0
ESP.1.7.2.18_1,2023,11,0,0
ESP.1.7.2.19_1,2023,11,0,0
ESP.1.7.2.2_1,2023,11,0,0
ESP.1.7.2.20_1,2023,11,0,0
ESP.1.7.2.21_1,2023,11,0,0
ESP.1.7.2.22_1,2023,11,0,0
ESP.1.7.2.23_1,2023,11,0,0
ESP.1.7.2.24_1,2023,11,0,0
ESP.1.7.2.3_1,2023,11,0,0
ESP.1.7.2.4_1,2023,11,0,0
ESP.1.7.2.5_1,2023,11,0,0
ESP.1.7.2.6_1,2023,11,0,0
ESP.1.7.2.7_1,2023,11,0,0
ESP.1.7.2.8_1,2023,11,0,0
ESP.1.7.2.9_1,2023,11,0,0
ESP.1.7.3.1_1,2023,11,0,0
ESP.1.7.3.10_1,2023,11,0,0
ESP.1.7.3.11_1,2023,11,0,0
ESP.1.7.3.12_1,2023,11,0,0
ESP.1.7.3.13_1,2023,11,0,0
ESP.1.7.3.14_1,2023,11,0,0
ESP.1.7.3.15_1,2023,11,0,0
ESP.1.7.3.16_1,2023,11,0,0
ESP.1.7.3.17_1,2023,11,0,0
ESP.1.7.3.18_1,2023,11,0,0
ESP.1.7.3.19_1,2023,11,0,0
ESP.1.7.3.2_1,2023,11,0,0
ESP.1.7.3.20_1,2023,11,0,0
ESP.1.7.3.21_1,2023,11,0,0
ESP.1.7.3.3_1,2023,11,0,0
ESP.1.7.3.4_1,2023,11,0,0
ESP.1.7.3.5_1,2023,11,0,0
ESP.1.7.3.6_1,2023,11,0,0
ESP.1.7.3.7_1,2023,11,0,0
ESP.1.7.3.8_1,2023,11,0,0
ESP.1.7.3.9_1,2023,11,0,0
ESP.1.7.4.1_1,2023,11,0,0
ESP.1.7.4.10_1,2023,11,0,0
ESP.1.7.4.11_1,2023,11,0,0
ESP.1.7.4.12_1,2023,11,0,0
ESP.1.7.4.13_1,2023,11,0,0
ESP.1.7.4.14_1,2023,11,0,0
ESP.1.7.4.15_1,2023,11,0,0
ESP.1.7.4.16_1,2023,11,0,0
ESP.1.7.4.17_1,2023,11,0,0
ESP.1.7.4.18_1,2023,11,0,0
ESP.1.7.4.19_1,2023,11,0,0
ESP.1.7.4.2_1,2023,11,0,0
ESP.1.7.4.20_1,2023,11,0,0
ESP.1.7.4.21_1,2023,11,0,0
ESP.1.7.4.22_1,2023,11,0,0
ESP.1.7.4.23_1,2023,11,0,0
ESP.1.7.4.24_1,2023,11,0,0
ESP.1.7.4.25_1,2023,11,0,0
ESP.1.7.4.26_1,2023,11,0,0
ESP.1.7.4.27_1,2023,11,0,0
ESP.1.7.4.28_1,2023,11,0,0
ESP.1.7.4.3_1,2023,11,0,0
ESP.1.7.4.4_1,2023,11,0,0
ESP.1.7.4.5_1,2023,11,0,0
ESP.1.7.4.6_1,2023,11,0,0
ESP.1.7.4.7_1,2023,11,0,0
ESP.1.7.4.8_1,2023,11,0,0
ESP.1.7.4.9_1,2023,11,0,0
ESP.1.8.1.1_1,2023,11,0,0
ESP.1.8.1.10_1,2023,11,0,0
ESP.1.8.1.11_1,2023,11,0,0
ESP.1.8.1.12_1,2023,11,0,0
ESP.1.8.1.13_1,2023,11,0,0
ESP.1.8.1.14_1,2023,11,0,0
ESP.1.8.1.15_1,2023,11,0,0
ESP.1.8.1.16_1,2023,11,0,0
ESP.1.8.1.17_1,2023,11,0,0
ESP.1.8.1.18_1,2023,11,0,0
ESP.1.8.1.2_1,2023,11,0,0
ESP.1.8.1.3_1,2023,11,0,0
ESP.1.8.1.4_1,2023,11,0,0
ESP.1.8.1.5_1,2023,11,0,0
ESP.1.8.1.6_1,2023,11,0,0
ESP.1.8.1.7_1,2023,11,0,0
ESP.1.8.1.8_1,2023,11,0,0
ESP.1.8.1.9_1,2023,11,0,0
ESP.1.8.2.1_1,2023,11,0,0
ESP.1.8.2.10_1,2023,11,0,0
ESP.1.8.2.11_1,2023,11,0,0
ESP.1.8.2.12_1,2023,11,0,0
ESP.1.8.2.13_1,2023,11,0,0
ESP.1.8.2.14_1,2023,11,0,0
ESP.1.8.2.15_1,2023,11,0,0
ESP.1.8.2.16_1,2023,11,0,0
ESP.1.8.2.17_1,2023,11,0,0
ESP.1.8.2.18_1,2023,11,0,0
ESP.1.8.2.19_1,2023,11,0,0
ESP.1.8.2.2_1,2023,11,0,0
ESP.1.8.2.20_1,2023,11,0,0
ESP.1.8.2.21_1,2023,11,0,0
ESP.1.8.2.3_1,2023,11,0,0
ESP.1.8.2.4_1,2023,11,0,0
ESP.1.8.2.5_1,2023,11,0,0
ESP.1.8.2.6_1,2023,11,0,0
ESP.1.8.2.7_1,2023,11,0,0
ESP.1.8.2.8_1,2023,11,0,0
ESP.1.8.2.9_1,2023,11,0,0
ESP.1.8.3.1_1,2023,11,0,0
ESP.1.8.3.10_1,2023,11,0,0
ESP.1.8.3.11_1,2023,11,0,0
ESP.1.8.3.12_1,2023,11,0,0
ESP.1.8.3.13_1,2023,11,0,0
ESP.1.8.3.14_1,2023,11,0,0
ESP.1.8.3.15_1,2023,11,0,0
ESP.1.8.3.16_1,2023,11,0,0
ESP.1.8.3.17_1,2023,11,0,0
ESP.1.8.3.18_1,2023,11,0,0
ESP.1.8.3.2_1,2023,11,0,0
ESP.1.8.3.3_1,2023,11,0,0
ESP.1.8.3.4_1,2023,11,0,0
ESP.1.8.3.5_1,2023,11,0,0
ESP.1.8.3.6_1,2023,11,0,0
ESP.1.8.3.7_1,2023,11,0,0
ESP.1.8.3.8_1,2023,11,0,0
ESP.1.8.3.9_1,2023,11,0,0
ESP.1.8.4.1_1,2023,11,0,0
ESP.1.8.4.10_1,2023,11,0,0
ESP.1.8.4.11_1,2023,11,0,0
ESP.1.8.4.12_1,2023,11,0,0
ESP.1.8.4.13_1,2023,11,0,0
ESP.1.8.4.14_1,2023,11,0,0
ESP.1.8.4.15_1,2023,11,0,0
ESP.1.8.4.16_1,2023,11,0,0
ESP.1.8.4.17_1,2023,11,0,0
ESP.1.8.4.18_1,2023,11,0,0
ESP.1.8.4.19_1,2023,11,0,0
ESP.1.8.4.2_1,2023,11,0,0
ESP.1.8.4.20_1,2023,11,0,0
ESP.1.8.4.21_1,2023,11,0,0
ESP.1.8.4.22_1,2023,11,0,0
ESP.1.8.4.23_1,2023,11,0,0
ESP.1.8.4.24_1,2023,11,0,0
ESP.1.8.4.25_1,2023,11,0,0
ESP.1.8.4.3_1,2023,11,0,0
ESP.1.8.4.4_1,2023,11,0,0
ESP.1.8.4.5_1,2023,11,0,0
ESP.1.8.4.6_1,2023,11,0,0
ESP.1.8.4.7_1,2023,11,0,0
ESP.1.8.4.8_1,2023,11,0,0
ESP.1.8.4.9_1,2023,11,0,0
ESP.1.8.5.1_1,2023,11,0,0
ESP.1.8.5.2_1,2023,11,0,0
ESP.1.8.5.3_1,2023,11,0,0
ESP.1.8.5.4_1,2023,11,0,0
ESP.1.8.6.1_1,2023,11,0,0
ESP.1.8.6.10_1,2023,11,0,0
ESP.1.8.6.2_1,2023,11,0,0
ESP.1.8.6.3_1,2023,11,0,0
ESP.1.8.6.4_1,2023,11,0,0
ESP.1.8.6.5_1,2023,11,0,0
ESP.1.8.6.6_1,2023,11,0,0
ESP.1.8.6.7_1,2023,11,0,0
ESP.1.8.6.8_1,2023,11,0,0
ESP.1.8.6.9_1,2023,11,0,0
ESP.1.8.7.1_1,2023,11,0,0
ESP.1.8.7.10_1,2023,11,0,0
ESP.1.8.7.2_1,2023,11,0,0
ESP.1.8.7.3_1,2023,11,0,0
ESP.1.8.7.4_1,2023,11,0,0
ESP.1.8.7.5_1,2023,11,0,0
ESP.1.8.7.6_1,2023,11,0,0
ESP.1.8.7.7_1,2023,11,0,0
ESP.1.8.7.8_1,2023,11,0,0
ESP.1.8.7.9_1,2023,11,0,0
ESP.10.1.1.1_1,2023,11,0,0
ESP.10.1.1.10_1,2023,11,0,0
ESP.10.1.1.2_1,2023,11,0,0
ESP.10.1.1.3_1,2023,11,0,0
ESP.10.1.1.4_1,2023,11,0,0
ESP.10.1.1.5_1,2023,11,0,0
ESP.10.1.1.6_1,2023,11,0,0
ESP.10.1.1.7_1,2023,11,0,0
ESP.10.1.1.8_1,2023,11,0,0
ESP.10.1.1.9_1,2023,11,0,0
ESP.10.1.2.1_1,2023,11,0,0
ESP.10.1.2.2_1,2023,11,0,0
ESP.10.1.2.3_1,2023,11,0,0
ESP.10.1.2.4_1,2023,11,0,0
ESP.10.1.2.5_1,2023,11,0,0
ESP.10.1.2.6_1,2023,11,0,0
ESP.10.1.2.7_1,2023,11,0,0
ESP.10.1.2.8_1,2023,11,0,0
ESP.10.1.3.1_1,2023,11,0,0
ESP.10.1.3.2_1,2023,11,0,0
ESP.10.1.3.3_1,2023,11,0,0
ESP.10.1.3.4_1,2023,11,0,0
ESP.10.1.3.5_1,2023,11,0,0
ESP.10.1.3.6_1,2023,11,0,0
ESP.10.1.3.7_1,2023,11,0,0
ESP.10.1.4.1_1,2023,11,0,0
ESP.10.1.4.10_1,2023,11,0,0
ESP.10.1.4.11_1,2023,11,0,0
ESP.10.1.4.12_1,2023,11,0,0
ESP.10.1.4.13_1,2023,11,0,0
ESP.10.1.4.14_1,2023,11,0,0
ESP.10.1.4.15_1,2023,11,0,0
ESP.10.1.4.16_1,2023,11,0,0
ESP.10.1.4.17_1,2023,11,0,0
ESP.10.1.4.18_1,2023,11,0,0
ESP.10.1.4.19_1,2023,11,0,0
ESP.10.1.4.2_1,2023,11,0,0
ESP.10.1.4.20_1,2023,11,0,0
ESP.10.1.4.21_1,2023,11,0,0
ESP.10.1.4.22_1,2023,11,0,0
ESP.10.1.4.23_1,2023,11,0,0
ESP.10.1.4.24_1,2023,11,0,0
ESP.10.1.4.25_1,2023,11,0,0
ESP.10.1.4.26_1,2023,11,0,0
ESP.10.1.4.27_1,2023,11,0,0
ESP.10.1.4.3_1,2023,11,0,0
ESP.10.1.4.4_1,2023,11,0,0
ESP.10.1.4.5_1,2023,11,0,0
ESP.10.1.4.6_1,2023,11,0,0
ESP.10.1.4.7_1,2023,11,0,0
ESP.10.1.4.8_1,2023,11,0,0
ESP.10.1.4.9_1,2023,11,0,0
ESP.10.1.5.1_1,2023,11,0,0
ESP.10.1.5.10_1,2023,11,0,0
ESP.10.1.5.11_1,2023,11,0,0
ESP.10.1.5.12_1,2023,11,0,0
ESP.10.1.5.13_1,2023,11,0,0
ESP.10.1.5.14_1,2023,11,0,0
ESP.10.1.5.15_1,2023,11,0,0
ESP.10.1.5.16_1,2023,11,0,0
ESP.10.1.5.17_1,2023,11,0,0
ESP.10.1.5.18_1,2023,11,0,0
ESP.10.1.5.19_1,2023,11,0,0
ESP.10.1.5.2_1,2023,11,0,0
ESP.10.1.5.20_1,2023,11,0,0
ESP.10.1.5.21_1,2023,11,0,0
ESP.10.1.5.22_1,2023,11,0,0
ESP.10.1.5.23_1,2023,11,0,0
ESP.10.1.5.24_1,2023,11,0,0
ESP.10.1.5.3_1,2023,11,0,0
ESP.10.1.5.4_1,2023,11,0,0
ESP.10.1.5.5_1,2023,11,0,0
ESP.10.1.5.6_1,2023,11,0,0
ESP.10.1.5.7_1,2023,11,0,0
ESP.10.1.5.8_1,2023,11,0,0
ESP.10.1.5.9_1,2023,11,0,0
ESP.10.1.6.1_1,2023,11,0,0
ESP.10.1.6.10_1,2023,11,0,0
ESP.10.1.6.11_1,2023,11,0,0
ESP.10.1.6.12_1,2023,11,0,0
ESP.10.1.6.13_1,2023,11,0,0
ESP.10.1.6.14_1,2023,11,0,0
ESP.10.1.6.15_1,2023,11,0,0
ESP.10.1.6.16_1,2023,11,0,0
ESP.10.1.6.17_1,2023,11,0,0
ESP.10.1.6.18_1,2023,11,0,0
ESP.10.1.6.19_1,2023,11,0,0
ESP.10.1.6.2_1,2023,11,0,0
ESP.10.1.6.20_1,2023,11,0,0
ESP.10.1.6.21_1,2023,11,0,0
ESP.10.1.6.22_1,2023,11,0,0
ESP.10.1.6.23_1,2023,11,0,0
ESP.10.1.6.24_1,2023,11,0,0
ESP.10.1.6.25_1,2023,11,0,0
ESP.10.1.6.26_1,2023,11,0,0
ESP.10.1.6.27_1,2023,11,0,0
ESP.10.1.6.28_1,2023,11,0,0
ESP.10.1.6.29_1,2023,11,0,0
ESP.10.1.6.3_1,2023,11,0,0
ESP.10.1.6.30_1,2023,11,0,0
ESP.10.1.6.31_1,2023,11,0,0
ESP.10.1.6.32_1,2023,11,0,0
ESP.10.1.6.33_1,2023,11,0,0
ESP.10.1.6.34_1,2023,11,0,0
ESP.10.1.6.4_1,2023,11,0,0
ESP.10.1.6.5_1,2023,11,0,0
ESP.10.1.6.6_1,2023,11,0,0
ESP.10.1.6.7_1,2023,11,0,0
ESP.10.1.6.8_1,2023,11,0,0
ESP.10.1.6.9_1,2023,11,0,0
ESP.10.1.7.1_1,2023,11,0,0
ESP.10.1.7.10_1,2023,11,0,0
ESP.10.1.7.11_1,2023,11,0,0
ESP.10.1.7.12_1,2023,11,0,0
ESP.10.1.7.13_1,2023,11,0,0
ESP.10.1.7.14_1,2023,11,0,0
ESP.10.1.7.15_1,2023,11,0,0
ESP.10.1.7.16_1,2023,11,0,0
ESP.10.1.7.17_1,2023,11,0,0
ESP.10.1.7.2_1,2023,11,0,0
ESP.10.1.7.3_1,2023,11,0,0
ESP.10.1.7.4_1,2023,11,0,0
ESP.10.1.7.5_1,2023,11,0,0
ESP.10.1.7.6_1,2023,11,0,0
ESP.10.1.7.7_1,2023,11,0,0
ESP.10.1.7.8_1,2023,11,0,0
ESP.10.1.7.9_1,2023,11,0,0
ESP.10.1.8.1_1,2023,11,0,0
ESP.10.1.8.10_1,2023,11,0,0
ESP.10.1.8.11_1,2023,11,0,0
ESP.10.1.8.2_1,2023,11,0,0
ESP.10.1.8.3_1,2023,11,0,0
ESP.10.1.8.4_1,2023,11,0,0
ESP.10.1.8.5_1,2023,11,0,0
ESP.10.1.8.6_1,2023,11,0,0
ESP.10.1.8.7_1,2023,11,0,0
ESP.10.1.8.8_1,2023,11,0,0
ESP.10.1.8.9_1,2023,11,0,0
ESP.10.1.9.1_1,2023,11,0,0
ESP.10.1.9.2_1,2023,11,0,0
ESP.10.1.9.3_1,2023,11,0,0
ESP.10.1.9.4_1,2023,11,0,0
ESP.10.2.1.1_1,2023,11,0,0
ESP.10.2.1.2_1,2023,11,0,0
ESP.10.2.1.3_1,2023,11,0,0
ESP.10.2.1.4_1,2023,11,0,0
ESP.10.2.1.5_1,2023,11,0,0
ESP.10.2.1.6_1,2023,11,0,0
ESP.10.2.1.7_1,2023,11,0,0
ESP.10.2.1.8_1,2023,11,0,0
ESP.10.2.1.9_1,2023,11,0,0
ESP.10.2.2.1_1,2023,11,0,0
ESP.10.2.2.10_1,2023,11,0,0
ESP.10.2.2.11_1,2023,11,0,0
ESP.10.2.2.12_1,2023,11,0,0
ESP.10.2.2.13_1,2023,11,0,0
ESP.10.2.2.14_1,2023,11,0,0
ESP.10.2.2.15_1,2023,11,0,0
ESP.10.2.2.16_1,2023,11,0,0
ESP.10.2.2.17_1,2023,11,0,0
ESP.10.2.2.18_1,2023,11,0,0
ESP.10.2.2.19_1,2023,11,0,0
ESP.10.2.2.2_1,2023,11,0,0
ESP.10.2.2.20_1,2023,11,0,0
ESP.10.2.2.21_1,2023,11,0,0
ESP.10.2.2.22_1,2023,11,0,0
ESP.10.2.2.3_1,2023,11,0,0
ESP.10.2.2.4_1,2023,11,0,0
ESP.10.2.2.5_1,2023,11,0,0
ESP.10.2.2.6_1,2023,11,0,0
ESP.10.2.2.7_1,2023,11,0,0
ESP.10.2.2.8_1,2023,11,0,0
ESP.10.2.2.9_1,2023,11,0,0
ESP.10.2.3.1_1,2023,11,0,0
ESP.10.2.3.10_1,2023,11,0,0
ESP.10.2.3.11_1,2023,11,0,0
ESP.10.2.3.12_1,2023,11,0,0
ESP.10.2.3.13_1,2023,11,0,0
ESP.10.2.3.14_1,2023,11,0,0
ESP.10.2.3.15_1,2023,11,0,0
ESP.10.2.3.16_1,2023,11,0,0
ESP.10.2.3.17_1,2023,11,0,0
ESP.10.2.3.18_1,2023,11,0,0
ESP.10.2.3.19_1,2023,11,0,0
ESP.10.2.3.2_1,2023,11,0,0
ESP.10.2.3.20_1,2023,11,0,0
ESP.10.2.3.21_1,2023,11,0,0
ESP.10.2.3.22_1,2023,11,0,0
ESP.10.2.3.23_1,2023,11,0,0
ESP.10.2.3.24_1,2023,11,0,0
ESP.10.2.3.25_1,2023,11,0,0
ESP.10.2.3.26_1,2023,11,0,0
ESP.10.2.3.27_1,2023,11,0,0
ESP.10.2.3.3_1,2023,11,0,0
ESP.10.2.3.4_1,2023,11,0,0
ESP.10.2.3.5_1,2023,11,0,0
ESP.10.2.3.6_1,2023,11,0,0
ESP.10.2.3.7_1,2023,11,0,0
ESP.10.2.3.8_1,2023,11,0,0
ESP.10.2.3.9_1,2023,11,0,0
ESP.10.2.4.1_1,2023,11,0,0
ESP.10.2.4.2_1,2023,11,0,0
ESP.10.2.4.3_1,2023,11,0,0
ESP.10.2.4.4_1,2023,11,0,0
ESP.10.2.4.5_1,2023,11,0,0
ESP.10.2.4.6_1,2023,11,0,0
ESP.10.2.4.7_1,2023,11,0,0
ESP.10.2.4.8_1,2023,11,0,0
ESP.10.2.4.9_1,2023,11,0,0
ESP.10.2.5.1_1,2023,11,0,0
ESP.10.2.5.10_1,2023,11,0,0
ESP.10.2.5.11_1,2023,11,0,0
ESP.10.2.5.12_1,2023,11,0,0
ESP.10.2.5.13_1,2023,11,0,0
ESP.10.2.5.14_1,2023,11,0,0
ESP.10.2.5.15_1,2023,11,0,0
ESP.10.2.5.16_1,2023,11,0,0
ESP.10.2.5.17_1,2023,11,0,0
ESP.10.2.5.18_1,2023,11,0,0
ESP.10.2.5.2_1,2023,11,0,0
ESP.10.2.5.3_1,2023,11,0,0
ESP.10.2.5.4_1,2023,11,0,0
ESP.10.2.5.5_1,2023,11,0,0
ESP.10.2.5.6_1,2023,11,0,0
ESP.10.2.5.7_1,2023,11,0,0
ESP.10.2.5.8_1,2023,11,0,0
ESP.10.2.5.9_1,2023,11,0,0
ESP.10.2.6.1_1,2023,11,0,0
ESP.10.2.6.10_1,2023,11,0,0
ESP.10.2.6.11_1,2023,11,0,0
ESP.10.2.6.12_1,2023,11,0,0
ESP.10.2.6.13_1,2023,11,0,0
ESP.10.2.6.2_1,2023,11,0,0
ESP.10.2.6.3_1,2023,11,0,0
ESP.10.2.6.4_1,2023,11,0,0
ESP.10.2.6.5_1,2023,11,0,0
ESP.10.2.6.6_1,2023,11,0,0
ESP.10.2.6.7_1,2023,11,0,0
ESP.10.2.6.8_1,2023,11,0,0
ESP.10.2.6.9_1,2023,11,0,0
ESP.10.2.7.1_1,2023,11,0,0
ESP.10.2.7.10_1,2023,11,0,0
ESP.10.2.7.11_1,2023,11,0,0
ESP.10.2.7.12_1,2023,11,0,0
ESP.10.2.7.13_1,2023,11,0,0
ESP.10.2.7.14_1,2023,11,0,0
ESP.10.2.7.15_1,2023,11,0,0
ESP.10.2.7.16_1,2023,11,0,0
ESP.10.2.7.17_1,2023,11,0,0
ESP.10.2.7.2_1,2023,11,0,0
ESP.10.2.7.3_1,2023,11,0,0
ESP.10.2.7.4_1,2023,11,0,0
ESP.10.2.7.5_1,2023,11,0,0
ESP.10.2.7.6_1,2023,11,0,0
ESP.10.2.7.7_1,2023,11,0,0
ESP.10.2.7.8_1,2023,11,0,0
ESP.10.2.7.9_1,2023,11,0,0
ESP.10.2.8.1_1,2023,11,0,0
ESP.10.2.8.10_1,2023,11,0,0
ESP.10.2.8.11_1,2023,11,0,0
ESP.10.2.8.12_1,2023,11,0,0
ESP.10.2.8.13_1,2023,11,0,0
ESP.10.2.8.14_1,2023,11,0,0
ESP.10.2.8.15_1,2023,11,0,0
ESP.10.2.8.16_1,2023,11,0,0
ESP.10.2.8.17_1,2023,11,0,0
ESP.10.2.8.18_1,2023,11,0,0
ESP.10.2.8.19_1,2023,11,0,0
ESP.10.2.8.2_1,2023,11,0,0
ESP.10.2.8.20_1,2023,11,0,0
ESP.10.2.8.3_1,2023,11,0,0
ESP.10.2.8.4_1,2023,11,0,0
ESP.10.2.8.5_1,2023,11,0,0
ESP.10.2.8.6_1,2023,11,0,0
ESP.10.2.8.7_1,2023,11,0,0
ESP.10.2.8.8_1,2023,11,0,0
ESP.10.2.8.9_1,2023,11,0,0
ESP.10.3.1.1_1,2023,11,0,0
ESP.10.3.1.10_1,2023,11,0,0
ESP.10.3.1.11_1,2023,11,0,0
ESP.10.3.1.12_1,2023,11,0,0
ESP.10.3.1.13_1,2023,11,0,0
ESP.10.3.1.14_1,2023,11,0,0
ESP.10.3.1.15_1,2023,11,0,0
ESP.10.3.1.16_1,2023,11,0,0
ESP.10.3.1.2_1,2023,11,0,0
ESP.10.3.1.3_1,2023,11,0,0
ESP.10.3.1.4_1,2023,11,0,0
ESP.10.3.1.5_1,2023,11,0,0
ESP.10.3.1.6_1,2023,11,0,0
ESP.10.3.1.7_1,2023,11,0,0
ESP.10.3.1.8_1,2023,11,0,0
ESP.10.3.1.9_1,2023,11,0,0
ESP.10.3.10.1_1,2023,11,0,0
ESP.10.3.10.10_1,2023,11,0,0
ESP.10.3.10.11_1,2023,11,0,0
ESP.10.3.10.2_1,2023,11,0,0
ESP.10.3.10.3_1,2023,11,0,0
ESP.10.3.10.4_1,2023,11,0,0
ESP.10.3.10.5_1,2023,11,0,0
ESP.10.3.10.6_1,2023,11,0,0
ESP.10.3.10.7_1,2023,11,0,0
ESP.10.3.10.8_1,2023,11,0,0
ESP.10.3.10.9_1,2023,11,0,0
ESP.10.3.11.1_1,2023,11,0,0
ESP.10.3.11.10_1,2023,11,0,0
ESP.10.3.11.11_1,2023,11,0,0
ESP.10.3.11.12_1,2023,11,0,0
ESP.10.3.11.13_1,2023,11,0,0
ESP.10.3.11.14_1,2023,11,0,0
ESP.10.3.11.15_1,2023,11,0,0
ESP.10.3.11.16_1,2023,11,0,0
ESP.10.3.11.17_1,2023,11,0,0
ESP.10.3.11.18_1,2023,11,0,0
ESP.10.3.11.19_1,2023,11,0,0
ESP.10.3.11.2_1,2023,11,0,0
ESP.10.3.11.20_1,2023,11,0,0
ESP.10.3.11.21_1,2023,11,0,0
ESP.10.3.11.22_1,2023,11,0,0
ESP.10.3.11.23_1,2023,11,0,0
ESP.10.3.11.24_1,2023,11,0,0
ESP.10.3.11.25_1,2023,11,0,0
ESP.10.3.11.26_1,2023,11,0,0
ESP.10.3.11.27_1,2023,11,0,0
ESP.10.3.11.28_1,2023,11,0,0
ESP.10.3.11.29_1,2023,11,0,0
ESP.10.3.11.3_1,2023,11,0,0
ESP.10.3.11.30_1,2023,11,0,0
ESP.10.3.11.31_1,2023,11,0,0
ESP.10.3.11.4_1,2023,11,0,0
ESP.10.3.11.5_1,2023,11,0,0
ESP.10.3.11.6_1,2023,11,0,0
ESP.10.3.11.7_1,2023,11,0,0
ESP.10.3.11.8_1,2023,11,0,0
ESP.10.3.11.9_1,2023,11,0,0
ESP.10.3.12.1_1,2023,11,0,0
ESP.10.3.12.2_1,2023,11,0,0
ESP.10.3.12.3_1,2023,11,0,0
ESP.10.3.12.4_1,2023,11,0,0
ESP.10.3.12.5_1,2023,11,0,0
ESP.10.3.12.6_1,2023,11,0,0
ESP.10.3.12.7_1,2023,11,0,0
ESP.10.3.12.8_1,2023,11,0,0
ESP.10.3.12.9_1,2023,11,0,0
ESP.10.3.13.1_1,2023,11,0,0
ESP.10.3.13.10_1,2023,11,0,0
ESP.10.3.13.11_1,2023,11,0,0
ESP.10.3.13.12_1,2023,11,0,0
ESP.10.3.13.13_1,2023,11,0,0
ESP.10.3.13.14_1,2023,11,0,0
ESP.10.3.13.15_1,2023,11,0,0
ESP.10.3.13.16_1,2023,11,0,0
ESP.10.3.13.17_1,2023,11,0,0
ESP.10.3.13.18_1,2023,11,0,0
ESP.10.3.13.19_1,2023,11,0,0
ESP.10.3.13.2_1,2023,11,0,0
ESP.10.3.13.20_1,2023,11,0,0
ESP.10.3.13.21_1,2023,11,0,0
ESP.10.3.13.22_1,2023,11,0,0
ESP.10.3.13.23_1,2023,11,0,0
ESP.10.3.13.24_1,2023,11,0,0
ESP.10.3.13.25_1,2023,11,0,0
ESP.10.3.13.26_1,2023,11,0,0
ESP.10.3.13.27_1,2023,11,0,0
ESP.10.3.13.28_1,2023,11,0,0
ESP.10.3.13.29_1,2023,11,0,0
ESP.10.3.13.3_1,2023,11,0,0
ESP.10.3.13.30_1,2023,11,0,0
ESP.10.3.13.31_1,2023,11,0,0
ESP.10.3.13.32_1,2023,11,0,0
ESP.10.3.13.33_1,2023,11,0,0
ESP.10.3.13.34_1,2023,11,0,0
ESP.10.3.13.35_1,2023,11,0,0
ESP.10.3.13.36_1,2023,11,0,0
ESP.10.3.13.4_1,2023,11,0,0
ESP.10.3.13.5_1,2023,11,0,0
ESP.10.3.13.6_1,2023,11,0,0
ESP.10.3.13.7_1,2023,11,0,0
ESP.10.3.13.8_1,2023,11,0,0
ESP.10.3.13.9_1,2023,11,0,0
ESP.10.3.14.1_1,2023,11,0,0
ESP.10.3.14.10_1,2023,11,0,0
ESP.10.3.14.11_1,2023,11,0,0
ESP.10.3.14.12_1,2023,11,0,0
ESP.10.3.14.2_1,2023,11,0,0
ESP.10.3.14.3_1,2023,11,0,0
ESP.10.3.14.4_1,2023,11,0,0
ESP.10.3.14.5_1,2023,11,0,0
ESP.10.3.14.6_1,2023,11,0,0
ESP.10.3.14.7_1,2023,11,0,0
ESP.10.3.14.8_1,2023,11,0,0
ESP.10.3.14.9_1,2023,11,0,0
ESP.10.3.15.1_1,2023,11,0,0
ESP.10.3.15.2_1,2023,11,0,0
ESP.10.3.15.3_1,2023,11,0,0
ESP.10.3.15.4_1,2023,11,0,0
ESP.10.3.15.5_1,2023,11,0,0
ESP.10.3.15.6_1,2023,11,0,0
ESP.10.3.15.7_1,2023,11,0,0
ESP.10.3.16.1_1,2023,11,0,0
ESP.10.3.16.10_1,2023,11,0,0
ESP.10.3.16.11_1,2023,11,0,0
ESP.10.3.16.12_1,2023,11,0,0
ESP.10.3.16.13_1,2023,11,0,0
ESP.10.3.16.14_1,2023,11,0,0
ESP.10.3.16.15_1,2023,11,0,0
ESP.10.3.16.16_1,2023,11,0,0
ESP.10.3.16.17_1,2023,11,0,0
ESP.10.3.16.18_1,2023,11,0,0
ESP.10.3.16.19_1,2023,11,0,0
ESP.10.3.16.2_1,2023,11,0,0
ESP.10.3.16.3_1,2023,11,0,0
ESP.10.3.16.4_1,2023,11,0,0
ESP.10.3.16.5_1,2023,11,0,0
ESP.10.3.16.6_1,2023,11,0,0
ESP.10.3.16.7_1,2023,11,0,0
ESP.10.3.16.8_1,2023,11,0,0
ESP.10.3.16.9_1,2023,11,0,0
ESP.10.3.17.1_1,2023,11,0,0
ESP.10.3.17.10_1,2023,11,0,0
ESP.10.3.17.11_1,2023,11,0,0
ESP.10.3.17.12_1,2023,11,0,0
ESP.10.3.17.13_1,2023,11,0,0
ESP.10.3.17.14_1,2023,11,0,0
ESP.10.3.17.15_1,2023,11,0,0
ESP.10.3.17.16_1,2023,11,0,0
ESP.10.3.17.17_1,2023,11,0,0
ESP.10.3.17.18_1,2023,11,0,0
ESP.10.3.17.19_1,2023,11,0,0
ESP.10.3.17.2_1,2023,11,0,0
ESP.10.3.17.20_1,2023,11,0,0
ESP.10.3.17.21_1,2023,11,0,0
ESP.10.3.17.22_1,2023,11,0,0
ESP.10.3.17.23_1,2023,11,0,0
ESP.10.3.17.24_1,2023,11,0,0
ESP.10.3.17.25_1,2023,11,0,0
ESP.10.3.17.26_1,2023,11,0,0
ESP.10.3.17.27_1,2023,11,0,0
ESP.10.3.17.28_1,2023,11,0,0
ESP.10.3.17.29_1,2023,11,0,0
ESP.10.3.17.3_1,2023,11,0,0
ESP.10.3.17.30_1,2023,11,0,0
ESP.10.3.17.31_1,2023,11,0,0
ESP.10.3.17.32_1,2023,11,0,0
ESP.10.3.17.33_1,2023,11,0,0
ESP.10.3.17.34_1,2023,11,0,0
ESP.10.3.17.4_1,2023,11,0,0
ESP.10.3.17.5_1,2023,11,0,0
ESP.10.3.17.6_1,2023,11,0,0
ESP.10.3.17.7_1,2023,11,0,0
ESP.10.3.17.8_1,2023,11,0,0
ESP.10.3.17.9_1,2023,11,0,0
ESP.10.3.18.1_1,2023,11,0,0
ESP.10.3.18.2_1,2023,11,0,0
ESP.10.3.18.3_1,2023,11,0,0
ESP.10.3.18.4_1,2023,11,0,0
ESP.10.3.18.5_1,2023,11,0,0
ESP.10.3.18.6_1,2023,11,0,0
ESP.10.3.18.7_1,2023,11,0,0
ESP.10.3.2.1_1,2023,11,0,0
ESP.10.3.2.10_1,2023,11,0,0
ESP.10.3.2.11_1,2023,11,0,0
ESP.10.3.2.12_1,2023,11,0,0
ESP.10.3.2.13_1,2023,11,0,0
ESP.10.3.2.14_1,2023,11,0,0
ESP.10.3.2.15_1,2023,11,0,0
ESP.10.3.2.16_1,2023,11,0,0
ESP.10.3.2.2_1,2023,11,0,0
ESP.10.3.2.3_1,2023,11,0,0
ESP.10.3.2.4_1,2023,11,0,0
ESP.10.3.2.5_1,2023,11,0,0
ESP.10.3.2.6_1,2023,11,0,0
ESP.10.3.2.7_1,2023,11,0,0
ESP.10.3.2.8_1,2023,11,0,0
ESP.10.3.2.9_1,2023,11,0,0
ESP.10.3.3.1_1,2023,11,0,0
ESP.10.3.3.2_1,2023,11,0,0
ESP.10.3.3.3_1,2023,11,0,0
ESP.10.3.3.4_1,2023,11,0,0
ESP.10.3.3.5_1,2023,11,0,0
ESP.10.3.3.6_1,2023,11,0,0
ESP.10.3.3.7_1,2023,11,0,0
ESP.10.3.3.8_1,2023,11,0,0
ESP.10.3.4.1_1,2023,11,0,0
ESP.10.3.5.1_1,2023,11,0,0
ESP.10.3.5.10_1,2023,11,0,0
ESP.10.3.5.11_1,2023,11,0,0
ESP.10.3.5.12_1,2023,11,0,0
ESP.10.3.5.13_1,2023,11,0,0
ESP.10.3.5.14_1,2023,11,0,0
ESP.10.3.5.15_1,2023,11,0,0
ESP.10.3.5.16_1,2023,11,0,0
ESP.10.3.5.17_1,2023,11,0,0
ESP.10.3.5.18_1,2023,11,0,0
ESP.10.3.5.19_1,2023,11,0,0
ESP.10.3.5.2_1,2023,11,0,0
ESP.10.3.5.3_1,2023,11,0,0
ESP.10.3.5.4_1,2023,11,0,0
ESP.10.3.5.5_1,2023,11,0,0
ESP.10.3.5.6_1,2023,11,0,0
ESP.10.3.5.7_1,2023,11,0,0
ESP.10.3.5.8_1,2023,11,0,0
ESP.10.3.5.9_1,2023,11,0,0
ESP.10.3.6.1_1,2023,11,0,0
ESP.10.3.6.2_1,2023,11,0,0
ESP.10.3.6.3_1,2023,11,0,0
ESP.10.3.6.4_1,2023,11,0,0
ESP.10.3.6.5_1,2023,11,0,0
ESP.10.3.6.6_1,2023,11,0,0
ESP.10.3.6.7_1,2023,11,0,0
ESP.10.3.6.8_1,2023,11,0,0
ESP.10.3.6.9_1,2023,11,0,0
ESP.10.3.7.1_1,2023,11,0,0
ESP.10.3.7.10_1,2023,11,0,0
ESP.10.3.7.11_1,2023,11,0,0
ESP.10.3.7.12_1,2023,11,0,0
ESP.10.3.7.13_1,2023,11,0,0
ESP.10.3.7.14_1,2023,11,0,0
ESP.10.3.7.15_1,2023,11,0,0
ESP.10.3.7.16_1,2023,11,0,0
ESP.10.3.7.17_1,2023,11,0,0
ESP.10.3.7.18_1,2023,11,0,0
ESP.10.3.7.19_1,2023,11,0,0
ESP.10.3.7.2_1,2023,11,0,0
ESP.10.3.7.20_1,2023,11,0,0
ESP.10.3.7.21_1,2023,11,0,0
ESP.10.3.7.22_1,2023,11,0,0
ESP.10.3.7.23_1,2023,11,0,0
ESP.10.3.7.3_1,2023,11,0,0
ESP.10.3.7.4_1,2023,11,0,0
ESP.10.3.7.5_1,2023,11,0,0
ESP.10.3.7.6_1,2023,11,0,0
ESP.10.3.7.7_1,2023,11,0,0
ESP.10.3.7.8_1,2023,11,0,0
ESP.10.3.7.9_1,2023,11,0,0
ESP.10.3.8.1_1,2023,11,0,0
ESP.10.3.8.10_1,2023,11,0,0
ESP.10.3.8.2_1,2023,11,0,0
ESP.10.3.8.3_1,2023,11,0,0
ESP.10.3.8.4_1,2023,11,0,0
ESP.10.3.8.5_1,2023,11,0,0
ESP.10.3.8.6_1,2023,11,0,0
ESP.10.3.8.7_1,2023,11,0,0
ESP.10.3.8.8_1,2023,11,0,0
ESP.10.3.8.9_1,2023,11,0,0
ESP.10.3.9.1_1,2023,11,0,0
ESP.11.1.1.1_1,2023,11,0,0
ESP.11.1.1.2_1,2023,11,0,0
ESP.11.1.1.3_1,2023,11,0,0
ESP.11.1.1.4_1,2023,11,0,0
ESP.11.1.1.5_1,2023,11,0,0
ESP.11.1.1.6_1,2023,11,0,0
ESP.11.1.1.7_1,2023,11,0,0
ESP.11.1.10.1_1,2023,11,0,0
ESP.11.1.10.10_1,2023,11,0,0
ESP.11.1.10.11_1,2023,11,0,0
ESP.11.1.10.12_1,2023,11,0,0
ESP.11.1.10.13_1,2023,11,0,0
ESP.11.1.10.14_1,2023,11,0,0
ESP.11.1.10.15_1,2023,11,0,0
ESP.11.1.10.16_1,2023,11,0,0
ESP.11.1.10.17_1,2023,11,0,0
ESP.11.1.10.18_1,2023,11,0,0
ESP.11.1.10.2_1,2023,11,0,0
ESP.11.1.10.3_1,2023,11,0,0
ESP.11.1.10.4_1,2023,11,0,0
ESP.11.1.10.5_1,2023,11,0,0
ESP.11.1.10.6_1,2023,11,0,0
ESP.11.1.10.7_1,2023,11,0,0
ESP.11.1.10.8_1,2023,11,0,0
ESP.11.1.10.9_1,2023,11,0,0
ESP.11.1.11.1_1,2023,11,0,0
ESP.11.1.11.10_1,2023,11,0,0
ESP.11.1.11.11_1,2023,11,0,0
ESP.11.1.11.2_1,2023,11,0,0
ESP.11.1.11.3_1,2023,11,0,0
ESP.11.1.11.4_1,2023,11,0,0
ESP.11.1.11.5_1,2023,11,0,0
ESP.11.1.11.6_1,2023,11,0,0
ESP.11.1.11.7_1,2023,11,0,0
ESP.11.1.11.8_1,2023,11,0,0
ESP.11.1.11.9_1,2023,11,0,0
ESP.11.1.12.1_1,2023,11,0,0
ESP.11.1.12.10_1,2023,11,0,0
ESP.11.1.12.11_1,2023,11,0,0
ESP.11.1.12.12_1,2023,11,0,0
ESP.11.1.12.13_1,2023,11,0,0
ESP.11.1.12.14_1,2023,11,0,0
ESP.11.1.12.15_1,2023,11,0,0
ESP.11.1.12.16_1,2023,11,0,0
ESP.11.1.12.17_1,2023,11,0,0
ESP.11.1.12.18_1,2023,11,0,0
ESP.11.1.12.2_1,2023,11,0,0
ESP.11.1.12.3_1,2023,11,0,0
ESP.11.1.12.4_1,2023,11,0,0
ESP.11.1.12.5_1,2023,11,0,0
ESP.11.1.12.6_1,2023,11,0,0
ESP.11.1.12.7_1,2023,11,0,0
ESP.11.1.12.8_1,2023,11,0,0
ESP.11.1.12.9_1,2023,11,0,0
ESP.11.1.2.1_1,2023,11,0,0
ESP.11.1.2.10_1,2023,11,0,0
ESP.11.1.2.11_1,2023,11,0,0
ESP.11.1.2.12_1,2023,11,0,0
ESP.11.1.2.2_1,2023,11,0,0
ESP.11.1.2.3_1,2023,11,0,0
ESP.11.1.2.4_1,2023,11,0,0
ESP.11.1.2.5_1,2023,11,0,0
ESP.11.1.2.6_1,2023,11,0,0
ESP.11.1.2.7_1,2023,11,0,0
ESP.11.1.2.8_1,2023,11,0,0
ESP.11.1.2.9_1,2023,11,0,0
ESP.11.1.3.1_1,2023,11,0,0
ESP.11.1.3.10_1,2023,11,0,0
ESP.11.1.3.11_1,2023,11,0,0
ESP.11.1.3.12_1,2023,11,0,0
ESP.11.1.3.13_1,2023,11,0,0
ESP.11.1.3.2_1,2023,11,0,0
ESP.11.1.3.3_1,2023,11,0,0
ESP.11.1.3.4_1,2023,11,0,0
ESP.11.1.3.5_1,2023,11,0,0
ESP.11.1.3.6_1,2023,11,0,0
ESP.11.1.3.7_1,2023,11,0,0
ESP.11.1.3.8_1,2023,11,0,0
ESP.11.1.3.9_1,2023,11,0,0
ESP.11.1.4.1_1,2023,11,0,0
ESP.11.1.4.2_1,2023,11,0,0
ESP.11.1.4.3_1,2023,11,0,0
ESP.11.1.4.4_1,2023,11,0,0
ESP.11.1.4.5_1,2023,11,0,0
ESP.11.1.4.6_1,2023,11,0,0
ESP.11.1.5.1_1,2023,11,0,0
ESP.11.1.5.10_1,2023,11,0,0
ESP.11.1.5.2_1,2023,11,0,0
ESP.11.1.5.3_1,2023,11,0,0
ESP.11.1.5.4_1,2023,11,0,0
ESP.11.1.5.5_1,2023,11,0,0
ESP.11.1.5.6_1,2023,11,0,0
ESP.11.1.5.7_1,2023,11,0,0
ESP.11.1.5.8_1,2023,11,0,0
ESP.11.1.5.9_1,2023,11,0,0
ESP.11.1.6.1_1,2023,11,0,0
ESP.11.1.6.10_1,2023,11,0,0
ESP.11.1.6.11_1,2023,11,0,0
ESP.11.1.6.12_1,2023,11,0,0
ESP.11.1.6.13_1,2023,11,0,0
ESP.11.1.6.14_1,2023,11,0,0
ESP.11.1.6.15_1,2023,11,0,0
ESP.11.1.6.16_1,2023,11,0,0
ESP.11.1.6.17_1,2023,11,0,0
ESP.11.1.6.18_1,2023,11,0,0
ESP.11.1.6.19_1,2023,11,0,0
ESP.11.1.6.2_1,2023,11,0,0
ESP.11.1.6.20_1,2023,11,0,0
ESP.11.1.6.21_1,2023,11,0,0
ESP.11.1.6.22_1,2023,11,0,0
ESP.11.1.6.23_1,2023,11,0,0
ESP.11.1.6.24_1,2023,11,0,0
ESP.11.1.6.3_1,2023,11,0,0
ESP.11.1.6.4_1,2023,11,0,0
ESP.11.1.6.5_1,2023,11,0,0
ESP.11.1.6.6_1,2023,11,0,0
ESP.11.1.6.7_1,2023,11,0,0
ESP.11.1.6.8_1,2023,11,0,0
ESP.11.1.6.9_1,2023,11,0,0
ESP.11.1.7.1_1,2023,11,0,0
ESP.11.1.7.10_1,2023,11,0,0
ESP.11.1.7.11_1,2023,11,0,0
ESP.11.1.7.12_1,2023,11,0,0
ESP.11.1.7.13_1,2023,11,0,0
ESP.11.1.7.14_1,2023,11,0,0
ESP.11.1.7.15_1,2023,11,0,0
ESP.11.1.7.16_1,2023,11,0,0
ESP.11.1.7.17_1,2023,11,0,0
ESP.11.1.7.18_1,2023,11,0,0
ESP.11.1.7.19_1,2023,11,0,0
ESP.11.1.7.2_1,2023,11,0,0
ESP.11.1.7.20_1,2023,11,0,0
ESP.11.1.7.21_1,2023,11,0,0
ESP.11.1.7.22_1,2023,11,0,0
ESP.11.1.7.23_1,2023,11,0,0
ESP.11.1.7.3_1,2023,11,0,0
ESP.11.1.7.4_1,2023,11,0,0
ESP.11.1.7.5_1,2023,11,0,0
ESP.11.1.7.6_1,2023,11,0,0
ESP.11.1.7.7_1,2023,11,0,0
ESP.11.1.7.8_1,2023,11,0,0
ESP.11.1.7.9_1,2023,11,0,0
ESP.11.1.8.1_1,2023,11,0,0
ESP.11.1.8.2_1,2023,11,0,0
ESP.11.1.8.3_1,2023,11,0,0
ESP.11.1.8.4_1,2023,11,0,0
ESP.11.1.8.5_1,2023,11,0,0
ESP.11.1.8.6_1,2023,11,0,0
ESP.11.1.8.7_1,2023,11,0,0
ESP.11.1.9.1_1,2023,11,0,0
ESP.11.1.9.10_1,2023,11,0,0
ESP.11.1.9.11_1,2023,11,0,0
ESP.11.1.9.12_1,2023,11,0,0
ESP.11.1.9.13_1,2023,11,0,0
ESP.11.1.9.14_1,2023,11,0,0
ESP.11.1.9.15_1,2023,11,0,0
ESP.11.1.9.16_1,2023,11,0,0
ESP.11.1.9.2_1,2023,11,0,0
ESP.11.1.9.3_1,2023,11,0,0
ESP.11.1.9.4_1,2023,11,0,0
ESP.11.1.9.5_1,2023,11,0,0
ESP.11.1.9.6_1,2023,11,0,0
ESP.11.1.9.7_1,2023,11,0,0
ESP.11.1.9.8_1,2023,11,0,0
ESP.11.1.9.9_1,2023,11,0,0
ESP.11.2.1.1_1,2023,11,0,0
ESP.11.2.1.10_1,2023,11,0,0
ESP.11.2.1.11_1,2023,11,0,0
ESP.11.2.1.12_1,2023,11,0,0
ESP.11.2.1.13_1,2023,11,0,0
ESP.11.2.1.14_1,2023,11,0,0
ESP.11.2.1.15_1,2023,11,0,0
ESP.11.2.1.16_1,2023,11,0,0
ESP.11.2.1.17_1,2023,11,0,0
ESP.11.2.1.18_1,2023,11,0,0
ESP.11.2.1.19_1,2023,11,0,0
ESP.11.2.1.2_1,2023,11,0,0
ESP.11.2.1.20_1,2023,11,0,0
ESP.11.2.1.21_1,2023,11,0,0
ESP.11.2.1.22_1,2023,11,0,0
ESP.11.2.1.23_1,2023,11,0,0
ESP.11.2.1.3_1,2023,11,0,0
ESP.11.2.1.4_1,2023,11,0,0
ESP.11.2.1.5_1,2023,11,0,0
ESP.11.2.1.6_1,2023,11,0,0
ESP.11.2.1.7_1,2023,11,0,0
ESP.11.2.1.8_1,2023,11,0,0
ESP.11.2.1.9_1,2023,11,0,0
ESP.11.2.10.1_1,2023,11,0,0
ESP.11.2.10.10_1,2023,11,0,0
ESP.11.2.10.11_1,2023,11,0,0
ESP.11.2.10.12_1,2023,11,0,0
ESP.11.2.10.13_1,2023,11,0,0
ESP.11.2.10.14_1,2023,11,0,0
ESP.11.2.10.15_1,2023,11,0,0
ESP.11.2.10.16_1,2023,11,0,0
ESP.11.2.10.17_1,2023,11,0,0
ESP.11.2.10.18_1,2023,11,0,0
ESP.11.2.10.19_1,2023,11,0,0
ESP.11.2.10.2_1,2023,11,0,0
ESP.11.2.10.20_1,2023,11,0,0
ESP.11.2.10.21_1,2023,11,0,0
ESP.11.2.10.22_1,2023,11,0,0
ESP.11.2.10.23_1,2023,11,0,0
ESP.11.2.10.3_1,2023,11,0,0
ESP.11.2.10.4_1,2023,11,0,0
ESP.11.2.10.5_1,2023,11,0,0
ESP.11.2.10.6_1,2023,11,0,0
ESP.11.2.10.7_1,2023,11,0,0
ESP.11.2.10.8_1,2023,11,0,0
ESP.11.2.10.9_1,2023,11,0,0
ESP.11.2.2.1_1,2023,11,0,0
ESP.11.2.2.10_1,2023,11,0,0
ESP.11.2.2.11_1,2023,11,0,0
ESP.11.2.2.12_1,2023,11,0,0
ESP.11.2.2.2_1,2023,11,0,0
ESP.11.2.2.3_1,2023,11,0,0
ESP.11.2.2.4_1,2023,11,0,0
ESP.11.2.2.5_1,2023,11,0,0
ESP.11.2.2.6_1,2023,11,0,0
ESP.11.2.2.7_1,2023,11,0,0
ESP.11.2.2.8_1,2023,11,0,0
ESP.11.2.2.9_1,2023,11,0,0
ESP.11.2.3.1_1,2023,11,0,0
ESP.11.2.3.10_1,2023,11,0,0
ESP.11.2.3.11_1,2023,11,0,0
ESP.11.2.3.12_1,2023,11,0,0
ESP.11.2.3.13_1,2023,11,0,0
ESP.11.2.3.14_1,2023,11,0,0
ESP.11.2.3.2_1,2023,11,0,0
ESP.11.2.3.3_1,2023,11,0,0
ESP.11.2.3.4_1,2023,11,0,0
ESP.11.2.3.5_1,2023,11,0,0
ESP.11.2.3.6_1,2023,11,0,0
ESP.11.2.3.7_1,2023,11,0,0
ESP.11.2.3.8_1,2023,11,0,0
ESP.11.2.3.9_1,2023,11,0,0
ESP.11.2.4.1_1,2023,11,0,0
ESP.11.2.4.10_1,2023,11,0,0
ESP.11.2.4.11_1,2023,11,0,0
ESP.11.2.4.12_1,2023,11,0,0
ESP.11.2.4.13_1,2023,11,0,0
ESP.11.2.4.14_1,2023,11,0,0
ESP.11.2.4.15_1,2023,11,0,0
ESP.11.2.4.16_1,2023,11,0,0
ESP.11.2.4.17_1,2023,11,0,0
ESP.11.2.4.18_1,2023,11,0,0
ESP.11.2.4.19_1,2023,11,0,0
ESP.11.2.4.2_1,2023,11,0,0
ESP.11.2.4.20_1,2023,11,0,0
ESP.11.2.4.21_1,2023,11,0,0
ESP.11.2.4.22_1,2023,11,0,0
ESP.11.2.4.23_1,2023,11,0,0
ESP.11.2.4.24_1,2023,11,0,0
ESP.11.2.4.25_1,2023,11,0,0
ESP.11.2.4.26_1,2023,11,0,0
ESP.11.2.4.27_1,2023,11,0,0
ESP.11.2.4.28_1,2023,11,0,0
ESP.11.2.4.29_1,2023,11,0,0
ESP.11.2.4.3_1,2023,11,0,0
ESP.11.2.4.30_1,2023,11,0,0
ESP.11.2.4.31_1,2023,11,0,0
ESP.11.2.4.32_1,2023,11,0,0
ESP.11.2.4.33_1,2023,11,0,0
ESP.11.2.4.4_1,2023,11,0,0
ESP.11.2.4.5_1,2023,11,0,0
ESP.11.2.4.6_1,2023,11,0,0
ESP.11.2.4.7_1,2023,11,0,0
ESP.11.2.4.8_1,2023,11,0,0
ESP.11.2.4.9_1,2023,11,0,0
ESP.11.2.5.1_1,2023,11,0,0
ESP.11.2.5.10_1,2023,11,0,0
ESP.11.2.5.11_1,2023,11,0,0
ESP.11.2.5.12_1,2023,11,0,0
ESP.11.2.5.13_1,2023,11,0,0
ESP.11.2.5.14_1,2023,11,0,0
ESP.11.2.5.15_1,2023,11,0,0
ESP.11.2.5.16_1,2023,11,0,0
ESP.11.2.5.17_1,2023,11,0,0
ESP.11.2.5.18_1,2023,11,0,0
ESP.11.2.5.19_1,2023,11,0,0
ESP.11.2.5.2_1,2023,11,0,0
ESP.11.2.5.20_1,2023,11,0,0
ESP.11.2.5.21_1,2023,11,0,0
ESP.11.2.5.22_1,2023,11,0,0
ESP.11.2.5.23_1,2023,11,0,0
ESP.11.2.5.24_1,2023,11,0,0
ESP.11.2.5.25_1,2023,11,0,0
ESP.11.2.5.26_1,2023,11,0,0
ESP.11.2.5.27_1,2023,11,0,0
ESP.11.2.5.28_1,2023,11,0,0
ESP.11.2.5.29_1,2023,11,0,0
ESP.11.2.5.3_1,2023,11,0,0
ESP.11.2.5.30_1,2023,11,0,0
ESP.11.2.5.31_1,2023,11,0,0
ESP.11.2.5.32_1,2023,11,0,0
ESP.11.2.5.33_1,2023,11,0,0
ESP.11.2.5.34_1,2023,11,0,0
ESP.11.2.5.35_1,2023,11,0,0
ESP.11.2.5.36_1,2023,11,0,0
ESP.11.2.5.37_1,2023,11,0,0
ESP.11.2.5.4_1,2023,11,0,0
ESP.11.2.5.5_1,2023,11,0,0
ESP.11.2.5.6_1,2023,11,0,0
ESP.11.2.5.7_1,2023,11,0,0
ESP.11.2.5.8_1,2023,11,0,0
ESP.11.2.5.9_1,2023,11,0,0
ESP.11.2.6.1_1,2023,11,0,0
ESP.11.2.6.10_1,2023,11,0,0
ESP.11.2.6.11_1,2023,11,0,0
ESP.11.2.6.12_1,2023,11,0,0
ESP.11.2.6.13_1,2023,11,0,0
ESP.11.2.6.14_1,2023,11,0,0
ESP.11.2.6.15_1,2023,11,0,0
ESP.11.2.6.16_1,2023,11,0,0
ESP.11.2.6.17_1,2023,11,0,0
ESP.11.2.6.18_1,2023,11,0,0
ESP.11.2.6.19_1,2023,11,0,0
ESP.11.2.6.2_1,2023,11,0,0
ESP.11.2.6.20_1,2023,11,0,0
ESP.11.2.6.21_1,2023,11,0,0
ESP.11.2.6.22_1,2023,11,0,0
ESP.11.2.6.23_1,2023,11,0,0
ESP.11.2.6.24_1,2023,11,0,0
ESP.11.2.6.25_1,2023,11,0,0
ESP.11.2.6.26_1,2023,11,0,0
ESP.11.2.6.27_1,2023,11,0,0
ESP.11.2.6.28_1,2023,11,0,0
ESP.11.2.6.3_1,2023,11,0,0
ESP.11.2.6.4_1,2023,11,0,0
ESP.11.2.6.5_1,2023,11,0,0
ESP.11.2.6.6_1,2023,11,0,0
ESP.11.2.6.7_1,2023,11,0,0
ESP.11.2.6.8_1,2023,11,0,0
ESP.11.2.6.9_1,2023,11,0,0
ESP.11.2.7.1_1,2023,11,0,0
ESP.11.2.7.2_1,2023,11,0,0
ESP.11.2.7.3_1,2023,11,0,0
ESP.11.2.7.4_1,2023,11,0,0
ESP.11.2.7.5_1,2023,11,0,0
ESP.11.2.7.6_1,2023,11,0,0
ESP.11.2.7.7_1,2023,11,0,0
ESP.11.2.7.8_1,2023,11,0,0
ESP.11.2.7.9_1,2023,11,0,0
ESP.11.2.8.1_1,2023,11,0,0
ESP.11.2.8.2_1,2023,11,0,0
ESP.11.2.8.3_1,2023,11,0,0
ESP.11.2.8.4_1,2023,11,0,0
ESP.11.2.8.5_1,2023,11,0,0
ESP.11.2.8.6_1,2023,11,0,0
ESP.11.2.8.7_1,2023,11,0,0
ESP.11.2.8.8_1,2023,11,0,0
ESP.11.2.9.1_1,2023,11,0,0
ESP.11.2.9.10_1,2023,11,0,0
ESP.11.2.9.11_1,2023,11,0,0
ESP.11.2.9.12_1,2023,11,0,0
ESP.11.2.9.13_1,2023,11,0,0
ESP.11.2.9.14_1,2023,11,0,0
ESP.11.2.9.15_1,2023,11,0,0
ESP.11.2.9.16_1,2023,11,0,0
ESP.11.2.9.17_1,2023,11,0,0
ESP.11.2.9.18_1,2023,11,0,0
ESP.11.2.9.19_1,2023,11,0,0
ESP.11.2.9.2_1,2023,11,0,0
ESP.11.2.9.20_1,2023,11,0,0
ESP.11.2.9.21_1,2023,11,0,0
ESP.11.2.9.22_1,2023,11,0,0
ESP.11.2.9.23_1,2023,11,0,0
ESP.11.2.9.24_1,2023,11,0,0
ESP.11.2.9.25_1,2023,11,0,0
ESP.11.2.9.26_1,2023,11,0,0
ESP.11.2.9.27_1,2023,11,0,0
ESP.11.2.9.28_1,2023,11,0,0
ESP.11.2.9.29_1,2023,11,0,0
ESP.11.2.9.3_1,2023,11,0,0
ESP.11.2.9.30_1,2023,11,0,0
ESP.11.2.9.31_1,2023,11,0,0
ESP.11.2.9.32_1,2023,11,0,0
ESP.11.2.9.4_1,2023,11,0,0
ESP.11.2.9.5_1,2023,11,0,0
ESP.11.2.9.6_1,2023,11,0,0
ESP.11.2.9.7_1,2023,11,0,0
ESP.11.2.9.8_1,2023,11,0,0
ESP.11.2.9.9_1,2023,11,0,0
ESP.12.1.1.1_1,2023,11,0,0
ESP.12.1.1.10_1,2023,11,0,0
ESP.12.1.1.11_1,2023,11,0,0
ESP.12.1.1.12_1,2023,11,0,0
ESP.12.1.1.13_1,2023,11,0,0
ESP.12.1.1.14_1,2023,11,0,0
ESP.12.1.1.15_1,2023,11,0,0
ESP.12.1.1.16_1,2023,11,0,0
ESP.12.1.1.17_1,2023,11,0,0
ESP.12.1.1.18_1,2023,11,0,0
ESP.12.1.1.19_1,2023,11,0,0
ESP.12.1.1.2_1,2023,11,0,0
ESP.12.1.1.20_1,2023,11,0,0
ESP.12.1.1.21_1,2023,11,0,0
ESP.12.1.1.22_1,2023,11,0,0
ESP.12.1.1.23_1,2023,11,0,0
ESP.12.1.1.24_1,2023,11,0,0
ESP.12.1.1.25_1,2023,11,0,0
ESP.12.1.1.26_1,2023,11,0,0
ESP.12.1.1.27_1,2023,11,0,0
ESP.12.1.1.28_1,2023,11,0,0
ESP.12.1.1.29_1,2023,11,0,0
ESP.12.1.1.3_1,2023,11,0,0
ESP.12.1.1.30_1,2023,11,0,0
ESP.12.1.1.31_1,2023,11,0,0
ESP.12.1.1.32_1,2023,11,0,0
ESP.12.1.1.4_1,2023,11,0,0
ESP.12.1.1.5_1,2023,11,0,0
ESP.12.1.1.6_1,2023,11,0,0
ESP.12.1.1.7_1,2023,11,0,0
ESP.12.1.1.8_1,2023,11,0,0
ESP.12.1.1.9_1,2023,11,0,0
ESP.12.1.2.1_1,2023,11,0,0
ESP.12.1.2.10_1,2023,11,0,0
ESP.12.1.2.11_1,2023,11,0,0
ESP.12.1.2.12_1,2023,11,0,0
ESP.12.1.2.13_1,2023,11,0,0
ESP.12.1.2.14_1,2023,11,0,0
ESP.12.1.2.15_1,2023,11,0,0
ESP.12.1.2.16_1,2023,11,0,0
ESP.12.1.2.17_1,2023,11,0,0
ESP.12.1.2.18_1,2023,11,0,0
ESP.12.1.2.19_1,2023,11,0,0
ESP.12.1.2.2_1,2023,11,0,0
ESP.12.1.2.20_1,2023,11,0,0
ESP.12.1.2.21_1,2023,11,0,0
ESP.12.1.2.22_1,2023,11,0,0
ESP.12.1.2.23_1,2023,11,0,0
ESP.12.1.2.24_1,2023,11,0,0
ESP.12.1.2.25_1,2023,11,0,0
ESP.12.1.2.26_1,2023,11,0,0
ESP.12.1.2.27_1,2023,11,0,0
ESP.12.1.2.28_1,2023,11,0,0
ESP.12.1.2.29_1,2023,11,0,0
ESP.12.1.2.3_1,2023,11,0,0
ESP.12.1.2.30_1,2023,11,0,0
ESP.12.1.2.31_1,2023,11,0,0
ESP.12.1.2.32_1,2023,11,0,0
ESP.12.1.2.33_1,2023,11,0,0
ESP.12.1.2.34_1,2023,11,0,0
ESP.12.1.2.35_1,2023,11,0,0
ESP.12.1.2.36_1,2023,11,0,0
ESP.12.1.2.37_1,2023,11,0,0
ESP.12.1.2.38_1,2023,11,0,0
ESP.12.1.2.4_1,2023,11,0,0
ESP.12.1.2.5_1,2023,11,0,0
ESP.12.1.2.6_1,2023,11,0,0
ESP.12.1.2.7_1,2023,11,0,0
ESP.12.1.2.8_1,2023,11,0,0
ESP.12.1.2.9_1,2023,11,0,0
ESP.12.1.3.1_1,2023,11,0,0
ESP.12.1.3.10_1,2023,11,0,0
ESP.12.1.3.11_1,2023,11,0,0
ESP.12.1.3.12_1,2023,11,0,0
ESP.12.1.3.13_1,2023,11,0,0
ESP.12.1.3.14_1,2023,11,0,0
ESP.12.1.3.15_1,2023,11,0,0
ESP.12.1.3.16_1,2023,11,0,0
ESP.12.1.3.17_1,2023,11,0,0
ESP.12.1.3.18_1,2023,11,0,0
ESP.12.1.3.19_1,2023,11,0,0
ESP.12.1.3.2_1,2023,11,0,0
ESP.12.1.3.20_1,2023,11,0,0
ESP.12.1.3.21_1,2023,11,0,0
ESP.12.1.3.22_1,2023,11,0,0
ESP.12.1.3.23_1,2023,11,0,0
ESP.12.1.3.24_1,2023,11,0,0
ESP.12.1.3.3_1,2023,11,0,0
ESP.12.1.3.4_1,2023,11,0,0
ESP.12.1.3.5_1,2023,11,0,0
ESP.12.1.3.6_1,2023,11,0,0
ESP.12.1.3.7_1,2023,11,0,0
ESP.12.1.3.8_1,2023,11,0,0
ESP.12.1.3.9_1,2023,11,0,0
ESP.12.2.1.1_1,2023,11,0,0
ESP.12.2.1.10_1,2023,11,0,0
ESP.12.2.1.11_1,2023,11,0,0
ESP.12.2.1.12_1,2023,11,0,0
ESP.12.2.1.2_1,2023,11,0,0
ESP.12.2.1.3_1,2023,11,0,0
ESP.12.2.1.4_1,2023,11,0,0
ESP.12.2.1.5_1,2023,11,0,0
ESP.12.2.1.6_1,2023,11,0,0
ESP.12.2.1.7_1,2023,11,0,0
ESP.12.2.1.8_1,2023,11,0,0
ESP.12.2.1.9_1,2023,11,0,0
ESP.12.2.2.1_1,2023,11,0,0
ESP.12.2.2.10_1,2023,11,0,0
ESP.12.2.2.11_1,2023,11,0,0
ESP.12.2.2.12_1,2023,11,0,0
ESP.12.2.2.13_1,2023,11,0,0
ESP.12.2.2.14_1,2023,11,0,0
ESP.12.2.2.15_1,2023,11,0,0
ESP.12.2.2.16_1,2023,11,0,0
ESP.12.2.2.17_1,2023,11,0,0
ESP.12.2.2.18_1,2023,11,0,0
ESP.12.2.2.2_1,2023,11,0,0
ESP.12.2.2.3_1,2023,11,0,0
ESP.12.2.2.4_1,2023,11,0,0
ESP.12.2.2.5_1,2023,11,0,0
ESP.12.2.2.6_1,2023,11,0,0
ESP.12.2.2.7_1,2023,11,0,0
ESP.12.2.2.8_1,2023,11,0,0
ESP.12.2.2.9_1,2023,11,0,0
ESP.12.2.3.1_1,2023,11,0,0
ESP.12.2.3.10_1,2023,11,0,0
ESP.12.2.3.11_1,2023,11,0,0
ESP.12.2.3.12_1,2023,11,0,0
ESP.12.2.3.2_1,2023,11,0,0
ESP.12.2.3.3_1,2023,11,0,0
ESP.12.2.3.4_1,2023,11,0,0
ESP.12.2.3.5_1,2023,11,0,0
ESP.12.2.3.6_1,2023,11,0,0
ESP.12.2.3.7_1,2023,11,0,0
ESP.12.2.3.8_1,2023,11,0,0
ESP.12.2.3.9_1,2023,11,0,0
ESP.12.2.4.1_1,2023,11,0,0
ESP.12.2.4.10_1,2023,11,0,0
ESP.12.2.4.11_1,2023,11,0,0
ESP.12.2.4.12_1,2023,11,0,0
ESP.12.2.4.13_1,2023,11,0,0
ESP.12.2.4.14_1,2023,11,0,0
ESP.12.2.4.15_1,2023,11,0,0
ESP.12.2.4.16_1,2023,11,0,0
ESP.12.2.4.2_1,2023,11,0,0
ESP.12.2.4.3_1,2023,11,0,0
ESP.12.2.4.4_1,2023,11,0,0
ESP.12.2.4.5_1,2023,11,0,0
ESP.12.2.4.6_1,2023,11,0,0
ESP.12.2.4.7_1,2023,11,0,0
ESP.12.2.4.8_1,2023,11,0,0
ESP.12.2.4.9_1,2023,11,0,0
ESP.12.2.5.1_1,2023,11,0,0
ESP.12.2.5.2_1,2023,11,0,0
ESP.12.2.5.3_1,2023,11,0,0
ESP.12.2.5.4_1,2023,11,0,0
ESP.12.2.5.5_1,2023,11,0,0
ESP.12.2.5.6_1,2023,11,0,0
ESP.12.2.5.7_1,2023,11,0,0
ESP.12.2.5.8_1,2023,11,0,0
ESP.12.2.6.1_1,2023,11,0,0
ESP.12.3.1.1_1,2023,11,0,0
ESP.12.3.1.10_1,2023,11,0,0
ESP.12.3.1.11_1,2023,11,0,0
ESP.12.3.1.12_1,2023,11,0,0
ESP.12.3.1.13_1,2023,11,0,0
ESP.12.3.1.14_1,2023,11,0,0
ESP.12.3.1.15_1,2023,11,0,0
ESP.12.3.1.16_1,2023,11,0,0
ESP.12.3.1.17_1,2023,11,0,0
ESP.12.3.1.18_1,2023,11,0,0
ESP.12.3.1.19_1,2023,11,0,0
ESP.12.3.1.2_1,2023,11,0,0
ESP.12.3.1.20_1,2023,11,0,0
ESP.12.3.1.21_1,2023,11,0,0
ESP.12.3.1.22_1,2023,11,0,0
ESP.12.3.1.23_1,2023,11,0,0
ESP.12.3.1.24_1,2023,11,0,0
ESP.12.3.1.25_1,2023,11,0,0
ESP.12.3.1.26_1,2023,11,0,0
ESP.12.3.1.27_1,2023,11,0,0
ESP.12.3.1.28_1,2023,11,0,0
ESP.12.3.1.29_1,2023,11,0,0
ESP.12.3.1.3_1,2023,11,0,0
ESP.12.3.1.30_1,2023,11,0,0
ESP.12.3.1.31_1,2023,11,0,0
ESP.12.3.1.32_1,2023,11,0,0
ESP.12.3.1.33_1,2023,11,0,0
ESP.12.3.1.34_1,2023,11,0,0
ESP.12.3.1.35_1,2023,11,0,0
ESP.12.3.1.36_1,2023,11,0,0
ESP.12.3.1.37_1,2023,11,0,0
ESP.12.3.1.38_1,2023,11,0,0
ESP.12.3.1.39_1,2023,11,0,0
ESP.12.3.1.4_1,2023,11,0,0
ESP.12.3.1.40_1,2023,11,0,0
ESP.12.3.1.41_1,2023,11,0,0
ESP.12.3.1.42_1,2023,11,0,0
ESP.12.3.1.43_1,2023,11,0,0
ESP.12.3.1.5_1,2023,11,0,0
ESP.12.3.1.6_1,2023,11,0,0
ESP.12.3.1.7_1,2023,11,0,0
ESP.12.3.1.8_1,2023,11,0,0
ESP.12.3.1.9_1,2023,11,0,0
ESP.12.3.2.1_1,2023,11,0,0
ESP.12.3.2.10_1,2023,11,0,0
ESP.12.3.2.11_1,2023,11,0,0
ESP.12.3.2.12_1,2023,11,0,0
ESP.12.3.2.13_1,2023,11,0,0
ESP.12.3.2.14_1,2023,11,0,0
ESP.12.3.2.15_1,2023,11,0,0
ESP.12.3.2.16_1,2023,11,0,0
ESP.12.3.2.17_1,2023,11,0,0
ESP.12.3.2.18_1,2023,11,0,0
ESP.12.3.2.19_1,2023,11,0,0
ESP.12.3.2.2_1,2023,11,0,0
ESP.12.3.2.20_1,2023,11,0,0
ESP.12.3.2.21_1,2023,11,0,0
ESP.12.3.2.22_1,2023,11,0,0
ESP.12.3.2.23_1,2023,11,0,0
ESP.12.3.2.24_1,2023,11,0,0
ESP.12.3.2.25_1,2023,11,0,0
ESP.12.3.2.26_1,2023,11,0,0
ESP.12.3.2.27_1,2023,11,0,0
ESP.12.3.2.28_1,2023,11,0,0
ESP.12.3.2.3_1,2023,11,0,0
ESP.12.3.2.4_1,2023,11,0,0
ESP.12.3.2.5_1,2023,11,0,0
ESP.12.3.2.6_1,2023,11,0,0
ESP.12.3.2.7_1,2023,11,0,0
ESP.12.3.2.8_1,2023,11,0,0
ESP.12.3.2.9_1,2023,11,0,0
ESP.12.3.3.1_1,2023,11,0,0
ESP.12.3.3.10_1,2023,11,0,0
ESP.12.3.3.11_1,2023,11,0,0
ESP.12.3.3.12_1,2023,11,0,0
ESP.12.3.3.13_1,2023,11,0,0
ESP.12.3.3.14_1,2023,11,0,0
ESP.12.3.3.15_1,2023,11,0,0
ESP.12.3.3.16_1,2023,11,0,0
ESP.12.3.3.17_1,2023,11,0,0
ESP.12.3.3.18_1,2023,11,0,0
ESP.12.3.3.19_1,2023,11,0,0
ESP.12.3.3.2_1,2023,11,0,0
ESP.12.3.3.20_1,2023,11,0,0
ESP.12.3.3.21_1,2023,11,0,0
ESP.12.3.3.3_1,2023,11,0,0
ESP.12.3.3.4_1,2023,11,0,0
ESP.12.3.3.5_1,2023,11,0,0
ESP.12.3.3.6_1,2023,11,0,0
ESP.12.3.3.7_1,2023,11,0,0
ESP.12.3.3.8_1,2023,11,0,0
ESP.12.3.3.9_1,2023,11,0,0
ESP.12.4.1.1_1,2023,11,0,0
ESP.12.4.1.10_1,2023,11,0,0
ESP.12.4.1.11_1,2023,11,0,0
ESP.12.4.1.12_1,2023,11,0,0
ESP.12.4.1.13_1,2023,11,0,0
ESP.12.4.1.2_1,2023,11,0,0
ESP.12.4.1.3_1,2023,11,0,0
ESP.12.4.1.4_1,2023,11,0,0
ESP.12.4.1.5_1,2023,11,0,0
ESP.12.4.1.6_1,2023,11,0,0
ESP.12.4.1.7_1,2023,11,0,0
ESP.12.4.1.8_1,2023,11,0,0
ESP.12.4.1.9_1,2023,11,0,0
ESP.12.4.2.1_1,2023,11,0,0
ESP.12.4.2.2_1,2023,11,0,0
ESP.12.4.2.3_1,2023,11,0,0
ESP.12.4.2.4_1,2023,11,0,0
ESP.12.4.2.5_1,2023,11,0,0
ESP.12.4.2.6_1,2023,11,0,0
ESP.12.4.2.7_1,2023,11,0,0
ESP.12.4.2.8_1,2023,11,0,0
ESP.12.4.3.1_1,2023,11,0,0
ESP.12.4.3.10_1,2023,11,0,0
ESP.12.4.3.11_1,2023,11,0,0
ESP.12.4.3.12_1,2023,11,0,0
ESP.12.4.3.13_1,2023,11,0,0
ESP.12.4.3.14_1,2023,11,0,0
ESP.12.4.3.15_1,2023,11,0,0
ESP.12.4.3.16_1,2023,11,0,0
ESP.12.4.3.17_1,2023,11,0,0
ESP.12.4.3.18_1,2023,11,0,0
ESP.12.4.3.19_1,2023,11,0,0
ESP.12.4.3.2_1,2023,11,0,0
ESP.12.4.3.20_1,2023,11,0,0
ESP.12.4.3.21_1,2023,11,0,0
ESP.12.4.3.22_1,2023,11,0,0
ESP.12.4.3.23_1,2023,11,0,0
ESP.12.4.3.24_1,2023,11,0,0
ESP.12.4.3.25_1,2023,11,0,0
ESP.12.4.3.26_1,2023,11,0,0
ESP.12.4.3.27_1,2023,11,0,0
ESP.12.4.3.28_1,2023,11,0,0
ESP.12.4.3.29_1,2023,11,0,0
ESP.12.4.3.3_1,2023,11,0,0
ESP.12.4.3.30_1,2023,11,0,0
ESP.12.4.3.31_1,2023,11,0,0
ESP.12.4.3.4_1,2023,11,0,0
ESP.12.4.3.5_1,2023,11,0,0
ESP.12.4.3.6_1,2023,11,0,0
ESP.12.4.3.7_1,2023,11,0,0
ESP.12.4.3.8_1,2023,11,0,0
ESP.12.4.3.9_1,2023,11,0,0
ESP.12.4.4.1_1,2023,11,0,0
ESP.12.4.4.10_1,2023,11,0,0
ESP.12.4.4.2_1,2023,11,0,0
ESP.12.4.4.3_1,2023,11,0,0
ESP.12.4.4.4_1,2023,11,0,0
ESP.12.4.4.5_1,2023,11,0,0
ESP.12.4.4.6_1,2023,11,0,0
ESP.12.4.4.7_1,2023,11,0,0
ESP.12.4.4.8_1,2023,11,0,0
ESP.12.4.4.9_1,2023,11,0,0
ESP.13.1.1.1_1,2023,11,0,0
ESP.13.1.1.2_1,2023,11,0,0
ESP.13.1.1.3_1,2023,11,0,0
ESP.13.1.1.4_1,2023,11,0,0
ESP.13.1.2.1_1,2023,11,0,0
ESP.13.1.2.2_1,2023,11,0,0
ESP.13.1.2.3_1,2023,11,0,0
ESP.13.1.2.4_1,2023,11,0,0
ESP.13.1.2.5_1,2023,11,0,0
ESP.13.1.2.6_1,2023,11,0,0
ESP.13.1.3.1_1,2023,11,0,0
ESP.13.1.3.2_1,2023,11,0,0
ESP.13.1.3.3_1,2023,11,0,0
ESP.13.1.3.4_1,2023,11,0,0
ESP.13.1.4.1_1,2023,11,0,0
ESP.13.1.4.2_1,2023,11,0,0
ESP.13.1.4.3_1,2023,11,0,0
ESP.13.1.4.4_1,2023,11,0,0
ESP.13.1.4.5_1,2023,11,0,0
ESP.13.1.5.1_1,2023,11,0,0
ESP.13.1.5.2_1,2023,11,0,0
ESP.13.1.5.3_1,2023,11,0,0
ESP.13.1.5.4_1,2023,11,0,0
ESP.13.1.5.5_1,2023,11,0,0
ESP.13.1.6.1_1,2023,11,0,0
ESP.13.1.6.2_1,2023,11,0,0
ESP.13.1.6.3_1,2023,11,0,0
ESP.13.1.6.4_1,2023,11,0,0
ESP.13.1.6.5_1,2023,11,0,0
ESP.13.1.7.1_1,2023,11,0,0
ESP.13.1.7.10_1,2023,11,0,0
ESP.13.1.7.11_1,2023,11,0,0
ESP.13.1.7.12_1,2023,11,0,0
ESP.13.1.7.13_1,2023,11,0,0
ESP.13.1.7.2_1,2023,11,0,0
ESP.13.1.7.3_1,2023,11,0,0
ESP.13.1.7.4_1,2023,11,0,0
ESP.13.1.7.5_1,2023,11,0,0
ESP.13.1.7.6_1,2023,11,0,0
ESP.13.1.7.7_1,2023,11,0,0
ESP.13.1.7.8_1,2023,11,0,0
ESP.13.1.7.9_1,2023,11,0,0
ESP.13.1.8.1_1,2023,11,0,0
ESP.13.1.9.1_1,2023,11,0,0
ESP.13.1.9.10_1,2023,11,0,0
ESP.13.1.9.11_1,2023,11,0,0
ESP.13.1.9.12_1,2023,11,0,0
ESP.13.1.9.13_1,2023,11,0,0
ESP.13.1.9.14_1,2023,11,0,0
ESP.13.1.9.15_1,2023,11,0,0
ESP.13.1.9.16_1,2023,11,0,0
ESP.13.1.9.17_1,2023,11,0,0
ESP.13.1.9.18_1,2023,11,0,0
ESP.13.1.9.19_1,2023,11,0,0
ESP.13.1.9.2_1,2023,11,0,0
ESP.13.1.9.20_1,2023,11,0,0
ESP.13.1.9.21_1,2023,11,0,0
ESP.13.1.9.22_1,2023,11,0,0
ESP.13.1.9.23_1,2023,11,0,0
ESP.13.1.9.24_1,2023,11,0,0
ESP.13.1.9.25_1,2023,11,0,0
ESP.13.1.9.3_1,2023,11,0,0
ESP.13.1.9.4_1,2023,11,0,0
ESP.13.1.9.5_1,2023,11,0,0
ESP.13.1.9.6_1,2023,11,0,0
ESP.13.1.9.7_1,2023,11,0,0
ESP.13.1.9.8_1,2023,11,0,0
ESP.13.1.9.9_1,2023,11,0,0
ESP.15.1.1.1_1,2023,11,0,0
ESP.15.1.1.10_1,2023,11,0,0
ESP.15.1.1.11_1,2023,11,0,0
ESP.15.1.1.2_1,2023,11,0,0
ESP.15.1.1.3_1,2023,11,0,0
ESP.15.1.1.4_1,2023,11,0,0
ESP.15.1.1.5_1,2023,11,0,0
ESP.15.1.1.6_1,2023,11,0,0
ESP.15.1.1.7_1,2023,11,0,0
ESP.15.1.1.8_1,2023,11,0,0
ESP.15.1.1.9_1,2023,11,0,0
ESP.15.1.2.1_1,2023,11,0,0
ESP.15.1.2.10_1,2023,11,0,0
ESP.15.1.2.11_1,2023,11,0,0
ESP.15.1.2.12_1,2023,11,0,0
ESP.15.1.2.13_1,2023,11,0,0
ESP.15.1.2.14_1,2023,11,0,0
ESP.15.1.2.15_1,2023,11,0,0
ESP.15.1.2.16_1,2023,11,0,0
ESP.15.1.2.17_1,2023,11,0,0
ESP.15.1.2.18_1,2023,11,0,0
ESP.15.1.2.2_1,2023,11,0,0
ESP.15.1.2.3_1,2023,11,0,0
ESP.15.1.2.4_1,2023,11,0,0
ESP.15.1.2.5_1,2023,11,0,0
ESP.15.1.2.6_1,2023,11,0,0
ESP.15.1.2.7_1,2023,11,0,0
ESP.15.1.2.8_1,2023,11,0,0
ESP.15.1.2.9_1,2023,11,0,0
ESP.15.1.3.1_1,2023,11,0,0
ESP.15.1.3.10_1,2023,11,0,0
ESP.15.1.3.11_1,2023,11,0,0
ESP.15.1.3.12_1,2023,11,0,0
ESP.15.1.3.13_1,2023,11,0,0
ESP.15.1.3.14_1,2023,11,0,0
ESP.15.1.3.15_1,2023,11,0,0
ESP.15.1.3.16_1,2023,11,0,0
ESP.15.1.3.17_1,2023,11,0,0
ESP.15.1.3.18_1,2023,11,0,0
ESP.15.1.3.19_1,2023,11,0,0
ESP.15.1.3.2_1,2023,11,0,0
ESP.15.1.3.20_1,2023,11,0,0
ESP.15.1.3.21_1,2023,11,0,0
ESP.15.1.3.22_1,2023,11,0,0
ESP.15.1.3.23_1,2023,11,0,0
ESP.15.1.3.24_1,2023,11,0,0
ESP.15.1.3.25_1,2023,11,0,0
ESP.15.1.3.26_1,2023,11,0,0
ESP.15.1.3.27_1,2023,11,0,0
ESP.15.1.3.28_1,2023,11,0,0
ESP.15.1.3.29_1,2023,11,0,0
ESP.15.1.3.3_1,2023,11,0,0
ESP.15.1.3.30_1,2023,11,0,0
ESP.15.1.3.31_1,2023,11,0,0
ESP.15.1.3.32_1,2023,11,0,0
ESP.15.1.3.33_1,2023,11,0,0
ESP.15.1.3.34_1,2023,11,0,0
ESP.15.1.3.35_1,2023,11,0,0
ESP.15.1.3.36_1,2023,11,0,0
ESP.15.1.3.37_1,2023,11,0,0
ESP.15.1.3.38_1,2023,11,0,0
ESP.15.1.3.39_1,2023,11,0,0
ESP.15.1.3.4_1,2023,11,0,0
ESP.15.1.3.40_1,2023,11,0,0
ESP.15.1.3.41_1,2023,11,0,0
ESP.15.1.3.42_1,2023,11,0,0
ESP.15.1.3.43_1,2023,11,0,0
ESP.15.1.3.44_1,2023,11,0,0
ESP.15.1.3.45_1,2023,11,0,0
ESP.15.1.3.46_1,2023,11,0,0
ESP.15.1.3.47_1,2023,11,0,0
ESP.15.1.3.48_1,2023,11,0,0
ESP.15.1.3.49_1,2023,11,0,0
ESP.15.1.3.5_1,2023,11,0,0
ESP.15.1.3.50_1,2023,11,0,0
ESP.15.1.3.51_1,2023,11,0,0
ESP.15.1.3.52_1,2023,11,0,0
ESP.15.1.3.53_1,2023,11,0,0
ESP.15.1.3.54_1,2023,11,0,0
ESP.15.1.3.55_1,2023,11,0,0
ESP.15.1.3.56_1,2023,11,0,0
ESP.15.1.3.57_1,2023,11,0,0
ESP.15.1.3.58_1,2023,11,0,0
ESP.15.1.3.59_1,2023,11,0,0
ESP.15.1.3.6_1,2023,11,0,0
ESP.15.1.3.60_1,2023,11,0,0
ESP.15.1.3.61_1,2023,11,0,0
ESP.15.1.3.62_1,2023,11,0,0
ESP.15.1.3.63_1,2023,11,0,0
ESP.15.1.3.64_1,2023,11,0,0
ESP.15.1.3.65_1,2023,11,0,0
ESP.15.1.3.66_1,2023,11,0,0
ESP.15.1.3.67_1,2023,11,0,0
ESP.15.1.3.68_1,2023,11,0,0
ESP.15.1.3.69_1,2023,11,0,0
ESP.15.1.3.7_1,2023,11,0,0
ESP.15.1.3.70_1,2023,11,0,0
ESP.15.1.3.71_1,2023,11,0,0
ESP.15.1.3.72_1,2023,11,0,0
ESP.15.1.3.73_1,2023,11,0,0
ESP.15.1.3.74_1,2023,11,0,0
ESP.15.1.3.75_1,2023,11,0,0
ESP.15.1.3.76_1,2023,11,0,0
ESP.15.1.3.8_1,2023,11,0,0
ESP.15.1.3.9_1,2023,11,0,0
ESP.15.1.4.1_1,2023,11,0,0
ESP.15.1.4.2_1,2023,11,0,0
ESP.15.1.4.3_1,2023,11,0,0
ESP.15.1.4.4_1,2023,11,0,0
ESP.15.1.4.5_1,2023,11,0,0
ESP.15.1.4.6_1,2023,11,0,0
ESP.15.1.5.1_1,2023,11,0,0
ESP.15.1.5.10_1,2023,11,0,0
ESP.15.1.5.11_1,2023,11,0,0
ESP.15.1.5.12_1,2023,11,0,0
ESP.15.1.5.13_1,2023,11,0,0
ESP.15.1.5.14_1,2023,11,0,0
ESP.15.1.5.15_1,2023,11,0,0
ESP.15.1.5.16_1,2023,11,0,0
ESP.15.1.5.17_1,2023,11,0,0
ESP.15.1.5.18_1,2023,11,0,0
ESP.15.1.5.19_1,2023,11,0,0
ESP.15.1.5.2_1,2023,11,0,0
ESP.15.1.5.20_1,2023,11,0,0
ESP.15.1.5.21_1,2023,11,0,0
ESP.15.1.5.22_1,2023,11,0,0
ESP.15.1.5.23_1,2023,11,0,0
ESP.15.1.5.24_1,2023,11,0,0
ESP.15.1.5.25_1,2023,11,0,0
ESP.15.1.5.3_1,2023,11,0,0
ESP.15.1.5.4_1,2023,11,0,0
ESP.15.1.5.5_1,2023,11,0,0
ESP.15.1.5.6_1,2023,11,0,0
ESP.15.1.5.7_1,2023,11,0,0
ESP.15.1.5.8_1,2023,11,0,0
ESP.15.1.5.9_1,2023,11,0,0
ESP.15.1.6.1_1,2023,11,0,0
ESP.15.1.6.10_1,2023,11,0,0
ESP.15.1.6.11_1,2023,11,0,0
ESP.15.1.6.12_1,2023,11,0,0
ESP.15.1.6.13_1,2023,11,0,0
ESP.15.1.6.14_1,2023,11,0,0
ESP.15.1.6.15_1,2023,11,0,0
ESP.15.1.6.16_1,2023,11,0,0
ESP.15.1.6.17_1,2023,11,0,0
ESP.15.1.6.18_1,2023,11,0,0
ESP.15.1.6.19_1,2023,11,0,0
ESP.15.1.6.2_1,2023,11,0,0
ESP.15.1.6.20_1,2023,11,0,0
ESP.15.1.6.21_1,2023,11,0,0
ESP.15.1.6.22_1,2023,11,0,0
ESP.15.1.6.23_1,2023,11,0,0
ESP.15.1.6.24_1,2023,11,0,0
ESP.15.1.6.25_1,2023,11,0,0
ESP.15.1.6.26_1,2023,11,0,0
ESP.15.1.6.27_1,2023,11,0,0
ESP.15.1.6.28_1,2023,11,0,0
ESP.15.1.6.29_1,2023,11,0,0
ESP.15.1.6.3_1,2023,11,0,0
ESP.15.1.6.4_1,2023,11,0,0
ESP.15.1.6.5_1,2023,11,0,0
ESP.15.1.6.6_1,2023,11,0,0
ESP.15.1.6.7_1,2023,11,0,0
ESP.15.1.6.8_1,2023,11,0,0
ESP.15.1.6.9_1,2023,11,0,0
ESP.15.1.7.1_1,2023,11,0,0
ESP.15.1.7.10_1,2023,11,0,0
ESP.15.1.7.11_1,2023,11,0,0
ESP.15.1.7.2_1,2023,11,0,0
ESP.15.1.7.3_1,2023,11,0,0
ESP.15.1.7.4_1,2023,11,0,0
ESP.15.1.7.5_1,2023,11,0,0
ESP.15.1.7.6_1,2023,11,0,0
ESP.15.1.7.7_1,2023,11,0,0
ESP.15.1.7.8_1,2023,11,0,0
ESP.15.1.7.9_1,2023,11,0,0
ESP.15.1.8.1_1,2023,11,0,0
ESP.16.1.1.1_1,2023,11,0,0
ESP.16.1.1.2_1,2023,11,0,0
ESP.16.1.1.3_1,2023,11,0,0
ESP.16.1.1.4_1,2023,11,0,0
ESP.16.1.1.5_1,2023,11,0,0
ESP.16.1.2.1_1,2023,11,0,0
ESP.16.1.2.2_1,2023,11,0,0
ESP.16.1.2.3_1,2023,11,0,0
ESP.16.1.2.4_1,2023,11,0,0
ESP.16.1.2.5_1,2023,11,0,0
ESP.16.1.3.1_1,2023,11,0,0
ESP.16.1.3.10_1,2023,11,0,0
ESP.16.1.3.11_1,2023,11,0,0
ESP.16.1.3.12_1,2023,11,0,0
ESP.16.1.3.13_1,2023,11,0,0
ESP.16.1.3.2_1,2023,11,0,0
ESP.16.1.3.3_1,2023,11,0,0
ESP.16.1.3.4_1,2023,11,0,0
ESP.16.1.3.5_1,2023,11,0,0
ESP.16.1.3.6_1,2023,11,0,0
ESP.16.1.3.7_1,2023,11,0,0
ESP.16.1.3.8_1,2023,11,0,0
ESP.16.1.3.9_1,2023,11,0,0
ESP.16.1.4.1_1,2023,11,0,0
ESP.16.1.4.2_1,2023,11,0,0
ESP.16.1.4.3_1,2023,11,0,0
ESP.16.1.4.4_1,2023,11,0,0
ESP.16.1.4.5_1,2023,11,0,0
ESP.16.1.4.6_1,2023,11,0,0
ESP.16.1.4.7_1,2023,11,0,0
ESP.16.1.5.1_1,2023,11,0,0
ESP.16.1.5.10_1,2023,11,0,0
ESP.16.1.5.11_1,2023,11,0,0
ESP.16.1.5.2_1,2023,11,0,0
ESP.16.1.5.3_1,2023,11,0,0
ESP.16.1.5.4_1,2023,11,0,0
ESP.16.1.5.5_1,2023,11,0,0
ESP.16.1.5.6_1,2023,11,0,0
ESP.16.1.5.7_1,2023,11,0,0
ESP.16.1.5.8_1,2023,11,0,0
ESP.16.1.5.9_1,2023,11,0,0
ESP.16.1.6.1_1,2023,11,0,0
ESP.16.1.6.10_1,2023,11,0,0
ESP.16.1.6.11_1,2023,11,0,0
ESP.16.1.6.12_1,2023,11,0,0
ESP.16.1.6.13_1,2023,11,0,0
ESP.16.1.6.14_1,2023,11,0,0
ESP.16.1.6.2_1,2023,11,0,0
ESP.16.1.6.3_1,2023,11,0,0
ESP.16.1.6.4_1,2023,11,0,0
ESP.16.1.6.5_1,2023,11,0,0
ESP.16.1.6.6_1,2023,11,0,0
ESP.16.1.6.7_1,2023,11,0,0
ESP.16.1.6.8_1,2023,11,0,0
ESP.16.1.6.9_1,2023,11,0,0
ESP.16.1.7.1_1,2023,11,0,0
ESP.16.2.1.1_1,2023,11,0,0
ESP.16.2.1.10_1,2023,11,0,0
ESP.16.2.1.11_1,2023,11,0,0
ESP.16.2.1.12_1,2023,11,0,0
ESP.16.2.1.13_1,2023,11,0,0
ESP.16.2.1.14_1,2023,11,0,0
ESP.16.2.1.15_1,2023,11,0,0
ESP.16.2.1.16_1,2023,11,0,0
ESP.16.2.1.17_1,2023,11,0,0
ESP.16.2.1.18_1,2023,11,0,0
ESP.16.2.1.19_1,2023,11,0,0
ESP.16.2.1.2_1,2023,11,0,0
ESP.16.2.1.20_1,2023,11,0,0
ESP.16.2.1.21_1,2023,11,0,0
ESP.16.2.1.22_1,2023,11,0,0
ESP.16.2.1.23_1,2023,11,0,0
ESP.16.2.1.24_1,2023,11,0,0
ESP.16.2.1.25_1,2023,11,0,0
ESP.16.2.1.26_1,2023,11,0,0
ESP.16.2.1.27_1,2023,11,0,0
ESP.16.2.1.28_1,2023,11,0,0
ESP.16.2.1.29_1,2023,11,0,0
ESP.16.2.1.3_1,2023,11,0,0
ESP.16.2.1.30_1,2023,11,0,0
ESP.16.2.1.31_1,2023,11,0,0
ESP.16.2.1.32_1,2023,11,0,0
ESP.16.2.1.33_1,2023,11,0,0
ESP.16.2.1.34_1,2023,11,0,0
ESP.16.2.1.35_1,2023,11,0,0
ESP.16.2.1.36_1,2023,11,0,0
ESP.16.2.1.37_1,2023,11,0,0
ESP.16.2.1.38_1,2023,11,0,0
ESP.16.2.1.39_1,2023,11,0,0
ESP.16.2.1.4_1,2023,11,0,0
ESP.16.2.1.40_1,2023,11,0,0
ESP.16.2.1.41_1,2023,11,0,0
ESP.16.2.1.42_1,2023,11,0,0
ESP.16.2.1.43_1,2023,11,0,0
ESP.16.2.1.44_1,2023,11,0,0
ESP.16.2.1.45_1,2023,11,0,0
ESP.16.2.1.46_1,2023,11,0,0
ESP.16.2.1.47_1,2023,11,0,0
ESP.16.2.1.48_1,2023,11,0,0
ESP.16.2.1.49_1,2023,11,0,0
ESP.16.2.1.5_1,2023,11,0,0
ESP.16.2.1.50_1,2023,11,0,0
ESP.16.2.1.51_1,2023,11,0,0
ESP.16.2.1.52_1,2023,11,0,0
ESP.16.2.1.53_1,2023,11,0,0
ESP.16.2.1.54_1,2023,11,0,0
ESP.16.2.1.55_1,2023,11,0,0
ESP.16.2.1.56_1,2023,11,0,0
ESP.16.2.1.57_1,2023,11,0,0
ESP.16.2.1.58_1,2023,11,0,0
ESP.16.2.1.59_1,2023,11,0,0
ESP.16.2.1.6_1,2023,11,0,0
ESP.16.2.1.60_1,2023,11,0,0
ESP.16.2.1.61_1,2023,11,0,0
ESP.16.2.1.62_1,2023,11,0,0
ESP.16.2.1.63_1,2023,11,0,0
ESP.16.2.1.64_1,2023,11,0,0
ESP.16.2.1.65_1,2023,11,0,0
ESP.16.2.1.66_1,2023,11,0,0
ESP.16.2.1.67_1,2023,11,0,0
ESP.16.2.1.68_1,2023,11,0,0
ESP.16.2.1.69_1,2023,11,0,0
ESP.16.2.1.7_1,2023,11,0,0
ESP.16.2.1.70_1,2023,11,0,0
ESP.16.2.1.71_1,2023,11,0,0
ESP.16.2.1.72_1,2023,11,0,0
ESP.16.2.1.73_1,2023,11,0,0
ESP.16.2.1.74_1,2023,11,0,0
ESP.16.2.1.75_1,2023,11,0,0
ESP.16.2.1.76_1,2023,11,0,0
ESP.16.2.1.77_1,2023,11,0,0
ESP.16.2.1.78_1,2023,11,0,0
ESP.16.2.1.79_1,2023,11,0,0
ESP.16.2.1.8_1,2023,11,0,0
ESP.16.2.1.80_1,2023,11,0,0
ESP.16.2.1.81_1,2023,11,0,0
ESP.16.2.1.82_1,2023,11,0,0
ESP.16.2.1.83_1,2023,11,0,0
ESP.16.2.1.84_1,2023,11,0,0
ESP.16.2.1.85_1,2023,11,0,0
ESP.16.2.1.86_1,2023,11,0,0
ESP.16.2.1.87_1,2023,11,0,0
ESP.16.2.1.88_1,2023,11,0,0
ESP.16.2.1.89_1,2023,11,0,0
ESP.16.2.1.9_1,2023,11,0,0
ESP.16.2.1.90_1,2023,11,0,0
ESP.16.3.1.1_1,2023,11,0,0
ESP.16.3.1.10_1,2023,11,0,0
ESP.16.3.1.100_1,2023,11,0,0
ESP.16.3.1.101_1,2023,11,0,0
ESP.16.3.1.102_1,2023,11,0,0
ESP.16.3.1.103_1,2023,11,0,0
ESP.16.3.1.104_1,2023,11,0,0
ESP.16.3.1.105_1,2023,11,0,0
ESP.16.3.1.106_1,2023,11,0,0
ESP.16.3.1.107_1,2023,11,0,0
ESP.16.3.1.11_1,2023,11,0,0
ESP.16.3.1.12_1,2023,11,0,0
ESP.16.3.1.13_1,2023,11,0,0
ESP.16.3.1.14_1,2023,11,0,0
ESP.16.3.1.15_1,2023,11,0,0
ESP.16.3.1.16_1,2023,11,0,0
ESP.16.3.1.17_1,2023,11,0,0
ESP.16.3.1.18_1,2023,11,0,0
ESP.16.3.1.19_1,2023,11,0,0
ESP.16.3.1.2_1,2023,11,0,0
ESP.16.3.1.20_1,2023,11,0,0
ESP.16.3.1.21_1,2023,11,0,0
ESP.16.3.1.22_1,2023,11,0,0
ESP.16.3.1.23_1,2023,11,0,0
ESP.16.3.1.24_1,2023,11,0,0
ESP.16.3.1.25_1,2023,11,0,0
ESP.16.3.1.26_1,2023,11,0,0
ESP.16.3.1.27_1,2023,11,0,0
ESP.16.3.1.28_1,2023,11,0,0
ESP.16.3.1.29_1,2023,11,0,0
ESP.16.3.1.3_1,2023,11,0,0
ESP.16.3.1.30_1,2023,11,0,0
ESP.16.3.1.31_1,2023,11,0,0
ESP.16.3.1.32_1,2023,11,0,0
ESP.16.3.1.33_1,2023,11,0,0
ESP.16.3.1.34_1,2023,11,0,0
ESP.16.3.1.35_1,2023,11,0,0
ESP.16.3.1.36_1,2023,11,0,0
ESP.16.3.1.37_1,2023,11,0,0
ESP.16.3.1.38_1,2023,11,0,0
ESP.16.3.1.39_1,2023,11,0,0
ESP.16.3.1.4_1,2023,11,0,0
ESP.16.3.1.40_1,2023,11,0,0
ESP.16.3.1.41_1,2023,11,0,0
ESP.16.3.1.42_1,2023,11,0,0
ESP.16.3.1.43_1,2023,11,0,0
ESP.16.3.1.44_1,2023,11,0,0
ESP.16.3.1.45_1,2023,11,0,0
ESP.16.3.1.46_1,2023,11,0,0
ESP.16.3.1.47_1,2023,11,0,0
ESP.16.3.1.48_1,2023,11,0,0
ESP.16.3.1.49_1,2023,11,0,0
ESP.16.3.1.5_1,2023,11,0,0
ESP.16.3.1.50_1,2023,11,0,0
ESP.16.3.1.51_1,2023,11,0,0
ESP.16.3.1.52_1,2023,11,0,0
ESP.16.3.1.53_1,2023,11,0,0
ESP.16.3.1.54_1,2023,11,0,0
ESP.16.3.1.55_1,2023,11,0,0
ESP.16.3.1.56_1,2023,11,0,0
ESP.16.3.1.57_1,2023,11,0,0
ESP.16.3.1.58_1,2023,11,0,0
ESP.16.3.1.59_1,2023,11,0,0
ESP.16.3.1.6_1,2023,11,0,0
ESP.16.3.1.60_1,2023,11,0,0
ESP.16.3.1.61_1,2023,11,0,0
ESP.16.3.1.62_1,2023,11,0,0
ESP.16.3.1.63_1,2023,11,0,0
ESP.16.3.1.64_1,2023,11,0,0
ESP.16.3.1.65_1,2023,11,0,0
ESP.16.3.1.66_1,2023,11,0,0
ESP.16.3.1.67_1,2023,11,0,0
ESP.16.3.1.68_1,2023,11,0,0
ESP.16.3.1.69_1,2023,11,0,0
ESP.16.3.1.7_1,2023,11,0,0
ESP.16.3.1.70_1,2023,11,0,0
ESP.16.3.1.71_1,2023,11,0,0
ESP.16.3.1.72_1,2023,11,0,0
ESP.16.3.1.73_1,2023,11,0,0
ESP.16.3.1.74_1,2023,11,0,0
ESP.16.3.1.75_1,2023,11,0,0
ESP.16.3.1.76_1,2023,11,0,0
ESP.16.3.1.77_1,2023,11,0,0
ESP.16.3.1.78_1,2023,11,0,0
ESP.16.3.1.79_1,2023,11,0,0
ESP.16.3.1.8_1,2023,11,0,0
ESP.16.3.1.80_1,2023,11,0,0
ESP.16.3.1.81_1,2023,11,0,0
ESP.16.3.1.82_1,2023,11,0,0
ESP.16.3.1.83_1,2023,11,0,0
ESP.16.3.1.84_1,2023,11,0,0
ESP.16.3.1.85_1,2023,11,0,0
ESP.16.3.1.86_1,2023,11,0,0
ESP.16.3.1.87_1,2023,11,0,0
ESP.16.3.1.88_1,2023,11,0,0
ESP.16.3.1.89_1,2023,11,0,0
ESP.16.3.1.9_1,2023,11,0,0
ESP.16.3.1.90_1,2023,11,0,0
ESP.16.3.1.91_1,2023,11,0,0
ESP.16.3.1.92_1,2023,11,0,0
ESP.16.3.1.93_1,2023,11,0,0
ESP.16.3.1.94_1,2023,11,0,0
ESP.16.3.1.95_1,2023,11,0,0
ESP.16.3.1.96_1,2023,11,0,0
ESP.16.3.1.97_1,2023,11,0,0
ESP.16.3.1.98_1,2023,11,0,0
ESP.16.3.1.99_1,2023,11,0,0
ESP.16.3.2.1_1,2023,11,0,0
ESP.16.3.2.2_1,2023,11,0,0
ESP.16.3.2.3_1,2023,11,0,0
ESP.17.1.1.1_1,2023,11,0,0
ESP.17.1.1.10_1,2023,11,0,0
ESP.17.1.1.2_1,2023,11,0,0
ESP.17.1.1.3_1,2023,11,0,0
ESP.17.1.1.4_1,2023,11,0,0
ESP.17.1.1.5_1,2023,11,0,0
ESP.17.1.1.6_1,2023,11,0,0
ESP.17.1.1.7_1,2023,11,0,0
ESP.17.1.1.8_1,2023,11,0,0
ESP.17.1.1.9_1,2023,11,0,0
ESP.17.1.2.1_1,2023,11,0,0
ESP.17.1.2.2_1,2023,11,0,0
ESP.17.1.2.3_1,2023,11,0,0
ESP.17.1.3.1_1,2023,11,0,0
ESP.17.1.3.10_1,2023,11,0,0
ESP.17.1.3.11_1,2023,11,0,0
ESP.17.1.3.12_1,2023,11,0,0
ESP.17.1.3.13_1,2023,11,0,0
ESP.17.1.3.14_1,2023,11,0,0
ESP.17.1.3.15_1,2023,11,0,0
ESP.17.1.3.16_1,2023,11,0,0
ESP.17.1.3.17_1,2023,11,0,0
ESP.17.1.3.2_1,2023,11,0,0
ESP.17.1.3.3_1,2023,11,0,0
ESP.17.1.3.4_1,2023,11,0,0
ESP.17.1.3.5_1,2023,11,0,0
ESP.17.1.3.6_1,2023,11,0,0
ESP.17.1.3.7_1,2023,11,0,0
ESP.17.1.3.8_1,2023,11,0,0
ESP.17.1.3.9_1,2023,11,0,0
ESP.17.1.4.1_1,2023,11,0,0
ESP.17.1.4.2_1,2023,11,0,0
ESP.17.1.4.3_1,2023,11,0,0
ESP.17.1.5.1_1,2023,11,0,0
ESP.17.1.5.2_1,2023,11,0,0
ESP.17.1.5.3_1,2023,11,0,0
ESP.17.1.5.4_1,2023,11,0,0
ESP.17.1.5.5_1,2023,11,0,0
ESP.17.1.6.1_1,2023,11,0,0
ESP.17.1.6.2_1,2023,11,0,0
ESP.17.1.6.3_1,2023,11,0,0
ESP.17.1.6.4_1,2023,11,0,0
ESP.17.1.6.5_1,2023,11,0,0
ESP.17.1.7.1_1,2023,11,0,0
ESP.17.1.7.10_1,2023,11,0,0
ESP.17.1.7.11_1,2023,11,0,0
ESP.17.1.7.12_1,2023,11,0,0
ESP.17.1.7.13_1,2023,11,0,0
ESP.17.1.7.14_1,2023,11,0,0
ESP.17.1.7.2_1,2023,11,0,0
ESP.17.1.7.3_1,2023,11,0,0
ESP.17.1.7.4_1,2023,11,0,0
ESP.17.1.7.5_1,2023,11,0,0
ESP.17.1.7.6_1,2023,11,0,0
ESP.17.1.7.7_1,2023,11,0,0
ESP.17.1.7.8_1,2023,11,0,0
ESP.17.1.7.9_1,2023,11,0,0
ESP.17.1.8.1_1,2023,11,0,0
ESP.17.1.8.10_1,2023,11,0,0
ESP.17.1.8.11_1,2023,11,0,0
ESP.17.1.8.12_1,2023,11,0,0
ESP.17.1.8.13_1,2023,11,0,0
ESP.17.1.8.14_1,2023,11,0,0
ESP.17.1.8.15_1,2023,11,0,0
ESP.17.1.8.16_1,2023,11,0,0
ESP.17.1.8.17_1,2023,11,0,0
ESP.17.1.8.18_1,2023,11,0,0
ESP.17.1.8.19_1,2023,11,0,0
ESP.17.1.8.2_1,2023,11,0,0
ESP.17.1.8.20_1,2023,11,0,0
ESP.17.1.8.21_1,2023,11,0,0
ESP.17.1.8.3_1,2023,11,0,0
ESP.17.1.8.4_1,2023,11,0,0
ESP.17.1.8.5_1,2023,11,0,0
ESP.17.1.8.6_1,2023,11,0,0
ESP.17.1.8.7_1,2023,11,0,0
ESP.17.1.8.8_1,2023,11,0,0
ESP.17.1.8.9_1,2023,11,0,0
ESP.18.1.1.1_1,2023,11,0,0
ESP.18.1.1.2_1,2023,11,0,0
ESP.18.1.10.1_1,2023,11,0,0
ESP.18.1.10.2_1,2023,11,0,0
ESP.18.1.10.3_1,2023,11,0,0
ESP.18.1.10.4_1,2023,11,0,0
ESP.18.1.11.1_1,2023,11,0,0
ESP.18.1.11.2_1,2023,11,0,0
ESP.18.1.11.3_1,2023,11,0,0
ESP.18.1.12.1_1,2023,11,0,0
ESP.18.1.12.2_1,2023,11,0,0
ESP.18.1.12.3_1,2023,11,0,0
ESP.18.1.12.4_1,2023,11,0,0
ESP.18.1.12.5_1,2023,11,0,0
ESP.18.1.12.6_1,2023,11,0,0
ESP.18.1.2.1_1,2023,11,0,0
ESP.18.1.2.2_1,2023,11,0,0
ESP.18.1.2.3_1,2023,11,0,0
ESP.18.1.3.1_1,2023,11,0,0
ESP.18.1.3.2_1,2023,11,0,0
ESP.18.1.3.3_1,2023,11,0,0
ESP.18.1.3.4_1,2023,11,0,0
ESP.18.1.3.5_1,2023,11,0,0
ESP.18.1.4.1_1,2023,11,0,0
ESP.18.1.4.2_1,2023,11,0,0
ESP.18.1.4.3_1,2023,11,0,0
ESP.18.1.4.4_1,2023,11,0,0
ESP.18.1.5.1_1,2023,11,0,0
ESP.18.1.5.2_1,2023,11,0,0
ESP.18.1.5.3_1,2023,11,0,0
ESP.18.1.5.4_1,2023,11,0,0
ESP.18.1.6.1_1,2023,11,0,0
ESP.18.1.6.2_1,2023,11,0,0
ESP.18.1.6.3_1,2023,11,0,0
ESP.18.1.6.4_1,2023,11,0,0
ESP.18.1.7.1_1,2023,11,0,0
ESP.18.1.7.2_1,2023,11,0,0
ESP.18.1.7.3_1,2023,11,0,0
ESP.18.1.7.4_1,2023,11,0,0
ESP.18.1.7.5_1,2023,11,0,0
ESP.18.1.8.1_1,2023,11,0,0
ESP.18.1.8.2_1,2023,11,0,0
ESP.18.1.9.1_1,2023,11,0,0
ESP.18.1.9.2_1,2023,11,0,0
ESP.18.1.9.3_1,2023,11,0,0
ESP.18.1.9.4_1,2023,11,0,0
ESP.2.1.1.1_1,2023,11,0,0
ESP.2.1.1.10_1,2023,11,0,0
ESP.2.1.1.11_1,2023,11,0,0
ESP.2.1.1.12_1,2023,11,0,0
ESP.2.1.1.13_1,2023,11,0,0
ESP.2.1.1.14_1,2023,11,0,0
ESP.2.1.1.15_1,2023,11,0,0
ESP.2.1.1.16_1,2023,11,0,0
ESP.2.1.1.17_1,2023,11,0,0
ESP.2.1.1.18_1,2023,11,0,0
ESP.2.1.1.19_1,2023,11,0,0
ESP.2.1.1.2_1,2023,11,0,0
ESP.2.1.1.20_1,2023,11,0,0
ESP.2.1.1.21_1,2023,11,0,0
ESP.2.1.1.22_1,2023,11,0,0
ESP.2.1.1.23_1,2023,11,0,0
ESP.2.1.1.24_1,2023,11,0,0
ESP.2.1.1.25_1,2023,11,0,0
ESP.2.1.1.26_1,2023,11,0,0
ESP.2.1.1.27_1,2023,11,0,0
ESP.2.1.1.28_1,2023,11,0,0
ESP.2.1.1.29_1,2023,11,0,0
ESP.2.1.1.3_1,2023,11,0,0
ESP.2.1.1.30_1,2023,11,0,0
ESP.2.1.1.31_1,2023,11,0,0
ESP.2.1.1.32_1,2023,11,0,0
ESP.2.1.1.33_1,2023,11,0,0
ESP.2.1.1.34_1,2023,11,0,0
ESP.2.1.1.35_1,2023,11,0,0
ESP.2.1.1.4_1,2023,11,0,0
ESP.2.1.1.5_1,2023,11,0,0
ESP.2.1.1.6_1,2023,11,0,0
ESP.2.1.1.7_1,2023,11,0,0
ESP.2.1.1.8_1,2023,11,0,0
ESP.2.1.1.9_1,2023,11,0,0
ESP.2.1.2.1_1,2023,11,0,0
ESP.2.1.2.10_1,2023,11,0,0
ESP.2.1.2.11_1,2023,11,0,0
ESP.2.1.2.12_1,2023,11,0,0
ESP.2.1.2.13_1,2023,11,0,0
ESP.2.1.2.14_1,2023,11,0,0
ESP.2.1.2.15_1,2023,11,0,0
ESP.2.1.2.16_1,2023,11,0,0
ESP.2.1.2.17_1,2023,11,0,0
ESP.2.1.2.18_1,2023,11,0,0
ESP.2.1.2.2_1,2023,11,0,0
ESP.2.1.2.3_1,2023,11,0,0
ESP.2.1.2.4_1,2023,11,0,0
ESP.2.1.2.5_1,2023,11,0,0
ESP.2.1.2.6_1,2023,11,0,0
ESP.2.1.2.7_1,2023,11,0,0
ESP.2.1.2.8_1,2023,11,0,0
ESP.2.1.2.9_1,2023,11,0,0
ESP.2.1.3.1_1,2023,11,0,0
ESP.2.1.3.10_1,2023,11,0,0
ESP.2.1.3.11_1,2023,11,0,0
ESP.2.1.3.12_1,2023,11,0,0
ESP.2.1.3.13_1,2023,11,0,0
ESP.2.1.3.14_1,2023,11,0,0
ESP.2.1.3.15_1,2023,11,0,0
ESP.2.1.3.16_1,2023,11,0,0
ESP.2.1.3.17_1,2023,11,0,0
ESP.2.1.3.18_1,2023,11,0,0
ESP.2.1.3.19_1,2023,11,0,0
ESP.2.1.3.2_1,2023,11,0,0
ESP.2.1.3.20_1,2023,11,0,0
ESP.2.1.3.21_1,2023,11,0,0
ESP.2.1.3.22_1,2023,11,0,0
ESP.2.1.3.23_1,2023,11,0,0
ESP.2.1.3.24_1,2023,11,0,0
ESP.2.1.3.25_1,2023,11,0,0
ESP.2.1.3.26_1,2023,11,0,0
ESP.2.1.3.27_1,2023,11,0,0
ESP.2.1.3.28_1,2023,11,0,0
ESP.2.1.3.3_1,2023,11,0,0
ESP.2.1.3.4_1,2023,11,0,0
ESP.2.1.3.5_1,2023,11,0,0
ESP.2.1.3.6_1,2023,11,0,0
ESP.2.1.3.7_1,2023,11,0,0
ESP.2.1.3.8_1,2023,11,0,0
ESP.2.1.3.9_1,2023,11,0,0
ESP.2.1.4.1_1,2023,11,0,0
ESP.2.1.4.10_1,2023,11,0,0
ESP.2.1.4.11_1,2023,11,0,0
ESP.2.1.4.12_1,2023,11,0,0
ESP.2.1.4.13_1,2023,11,0,0
ESP.2.1.4.14_1,2023,11,0,0
ESP.2.1.4.15_1,2023,11,0,0
ESP.2.1.4.16_1,2023,11,0,0
ESP.2.1.4.17_1,2023,11,0,0
ESP.2.1.4.18_1,2023,11,0,0
ESP.2.1.4.19_1,2023,11,0,0
ESP.2.1.4.2_1,2023,11,0,0
ESP.2.1.4.20_1,2023,11,0,0
ESP.2.1.4.3_1,2023,11,0,0
ESP.2.1.4.4_1,2023,11,0,0
ESP.2.1.4.5_1,2023,11,0,0
ESP.2.1.4.6_1,2023,11,0,0
ESP.2.1.4.7_1,2023,11,0,0
ESP.2.1.4.8_1,2023,11,0,0
ESP.2.1.4.9_1,2023,11,0,0
ESP.2.1.5.1_1,2023,11,0,0
ESP.2.1.5.10_1,2023,11,0,0
ESP.2.1.5.11_1,2023,11,0,0
ESP.2.1.5.12_1,2023,11,0,0
ESP.2.1.5.13_1,2023,11,0,0
ESP.2.1.5.2_1,2023,11,0,0
ESP.2.1.5.3_1,2023,11,0,0
ESP.2.1.5.4_1,2023,11,0,0
ESP.2.1.5.5_1,2023,11,0,0
ESP.2.1.5.6_1,2023,11,0,0
ESP.2.1.5.7_1,2023,11,0,0
ESP.2.1.5.8_1,2023,11,0,0
ESP.2.1.5.9_1,2023,11,0,0
ESP.2.1.6.1_1,2023,11,0,0
ESP.2.1.6.10_1,2023,11,0,0
ESP.2.1.6.11_1,2023,11,0,0
ESP.2.1.6.12_1,2023,11,0,0
ESP.2.1.6.13_1,2023,11,0,0
ESP.2.1.6.14_1,2023,11,0,0
ESP.2.1.6.2_1,2023,11,0,0
ESP.2.1.6.3_1,2023,11,0,0
ESP.2.1.6.4_1,2023,11,0,0
ESP.2.1.6.5_1,2023,11,0,0
ESP.2.1.6.6_1,2023,11,0,0
ESP.2.1.6.7_1,2023,11,0,0
ESP.2.1.6.8_1,2023,11,0,0
ESP.2.1.6.9_1,2023,11,0,0
ESP.2.1.7.1_1,2023,11,0,0
ESP.2.1.7.10_1,2023,11,0,0
ESP.2.1.7.11_1,2023,11,0,0
ESP.2.1.7.12_1,2023,11,0,0
ESP.2.1.7.13_1,2023,11,0,0
ESP.2.1.7.14_1,2023,11,0,0
ESP.2.1.7.15_1,2023,11,0,0
ESP.2.1.7.16_1,2023,11,0,0
ESP.2.1.7.17_1,2023,11,0,0
ESP.2.1.7.18_1,2023,11,0,0
ESP.2.1.7.19_1,2023,11,0,0
ESP.2.1.7.2_1,2023,11,0,0
ESP.2.1.7.20_1,2023,11,0,0
ESP.2.1.7.21_1,2023,11,0,0
ESP.2.1.7.22_1,2023,11,0,0
ESP.2.1.7.23_1,2023,11,0,0
ESP.2.1.7.24_1,2023,11,0,0
ESP.2.1.7.25_1,2023,11,0,0
ESP.2.1.7.26_1,2023,11,0,0
ESP.2.1.7.27_1,2023,11,0,0
ESP.2.1.7.28_1,2023,11,0,0
ESP.2.1.7.29_1,2023,11,0,0
ESP.2.1.7.3_1,2023,11,0,0
ESP.2.1.7.30_1,2023,11,0,0
ESP.2.1.7.31_1,2023,11,0,0
ESP.2.1.7.32_1,2023,11,0,0
ESP.2.1.7.33_1,2023,11,0,0
ESP.2.1.7.34_1,2023,11,0,0
ESP.2.1.7.35_1,2023,11,0,0
ESP.2.1.7.36_1,2023,11,0,0
ESP.2.1.7.37_1,2023,11,0,0
ESP.2.1.7.38_1,2023,11,0,0
ESP.2.1.7.39_1,2023,11,0,0
ESP.2.1.7.4_1,2023,11,0,0
ESP.2.1.7.40_1,2023,11,0,0
ESP.2.1.7.41_1,2023,11,0,0
ESP.2.1.7.42_1,2023,11,0,0
ESP.2.1.7.43_1,2023,11,0,0
ESP.2.1.7.44_1,2023,11,0,0
ESP.2.1.7.45_1,2023,11,0,0
ESP.2.1.7.46_1,2023,11,0,0
ESP.2.1.7.47_1,2023,11,0,0
ESP.2.1.7.48_1,2023,11,0,0
ESP.2.1.7.49_1,2023,11,0,0
ESP.2.1.7.5_1,2023,11,0,0
ESP.2.1.7.50_1,2023,11,0,0
ESP.2.1.7.51_1,2023,11,0,0
ESP.2.1.7.6_1,2023,11,0,0
ESP.2.1.7.7_1,2023,11,0,0
ESP.2.1.7.8_1,2023,11,0,0
ESP.2.1.7.9_1,2023,11,0,0
ESP.2.1.8.1_1,2023,11,0,0
ESP.2.1.8.10_1,2023,11,0,0
ESP.2.1.8.11_1,2023,11,0,0
ESP.2.1.8.12_1,2023,11,0,0
ESP.2.1.8.13_1,2023,11,0,0
ESP.2.1.8.14_1,2023,11,0,0
ESP.2.1.8.15_1,2023,11,0,0
ESP.2.1.8.16_1,2023,11,0,0
ESP.2.1.8.17_1,2023,11,0,0
ESP.2.1.8.18_1,2023,11,0,0
ESP.2.1.8.19_1,2023,11,0,0
ESP.2.1.8.2_1,2023,11,0,0
ESP.2.1.8.20_1,2023,11,0,0
ESP.2.1.8.21_1,2023,11,0,0
ESP.2.1.8.22_1,2023,11,0,0
ESP.2.1.8.23_1,2023,11,0,0
ESP.2.1.8.24_1,2023,11,0,0
ESP.2.1.8.25_1,2023,11,0,0
ESP.2.1.8.3_1,2023,11,0,0
ESP.2.1.8.4_1,2023,11,0,0
ESP.2.1.8.5_1,2023,11,0,0
ESP.2.1.8.6_1,2023,11,0,0
ESP.2.1.8.7_1,2023,11,0,0
ESP.2.1.8.8_1,2023,11,0,0
ESP.2.1.8.9_1,2023,11,0,0
ESP.2.2.1.1_1,2023,11,0,0
ESP.2.2.1.10_1,2023,11,0,0
ESP.2.2.1.11_1,2023,11,0,0
ESP.2.2.1.12_1,2023,11,0,0
ESP.2.2.1.13_1,2023,11,0,0
ESP.2.2.1.14_1,2023,11,0,0
ESP.2.2.1.15_1,2023,11,0,0
ESP.2.2.1.16_1,2023,11,0,0
ESP.2.2.1.17_1,2023,11,0,0
ESP.2.2.1.18_1,2023,11,0,0
ESP.2.2.1.19_1,2023,11,0,0
ESP.2.2.1.2_1,2023,11,0,0
ESP.2.2.1.20_1,2023,11,0,0
ESP.2.2.1.21_1,2023,11,0,0
ESP.2.2.1.22_1,2023,11,0,0
ESP.2.2.1.23_1,2023,11,0,0
ESP.2.2.1.24_1,2023,11,0,0
ESP.2.2.1.25_1,2023,11,0,0
ESP.2.2.1.26_1,2023,11,0,0
ESP.2.2.1.27_1,2023,11,0,0
ESP.2.2.1.28_1,2023,11,0,0
ESP.2.2.1.29_1,2023,11,0,0
ESP.2.2.1.3_1,2023,11,0,0
ESP.2.2.1.30_1,2023,11,0,0
ESP.2.2.1.31_1,2023,11,0,0
ESP.2.2.1.32_1,2023,11,0,0
ESP.2.2.1.33_1,2023,11,0,0
ESP.2.2.1.34_1,2023,11,0,0
ESP.2.2.1.35_1,2023,11,0,0
ESP.2.2.1.36_1,2023,11,0,0
ESP.2.2.1.37_1,2023,11,0,0
ESP.2.2.1.38_1,2023,11,0,0
ESP.2.2.1.39_1,2023,11,0,0
ESP.2.2.1.4_1,2023,11,0,0
ESP.2.2.1.40_1,2023,11,0,0
ESP.2.2.1.41_1,2023,11,0,0
ESP.2.2.1.42_1,2023,11,0,0
ESP.2.2.1.43_1,2023,11,0,0
ESP.2.2.1.44_1,2023,11,0,0
ESP.2.2.1.45_1,2023,11,0,0
ESP.2.2.1.46_1,2023,11,0,0
ESP.2.2.1.47_1,2023,11,0,0
ESP.2.2.1.48_1,2023,11,0,0
ESP.2.2.1.49_1,2023,11,0,0
ESP.2.2.1.5_1,2023,11,0,0
ESP.2.2.1.50_1,2023,11,0,0
ESP.2.2.1.51_1,2023,11,0,0
ESP.2.2.1.52_1,2023,11,0,0
ESP.2.2.1.53_1,2023,11,0,0
ESP.2.2.1.54_1,2023,11,0,0
ESP.2.2.1.55_1,2023,11,0,0
ESP.2.2.1.56_1,2023,11,0,0
ESP.2.2.1.57_1,2023,11,0,0
ESP.2.2.1.6_1,2023,11,0,0
ESP.2.2.1.7_1,2023,11,0,0
ESP.2.2.1.8_1,2023,11,0,0
ESP.2.2.1.9_1,2023,11,0,0
ESP.2.2.2.1_1,2023,11,0,0
ESP.2.2.2.10_1,2023,11,0,0
ESP.2.2.2.11_1,2023,11,0,0
ESP.2.2.2.12_1,2023,11,0,0
ESP.2.2.2.13_1,2023,11,0,0
ESP.2.2.2.14_1,2023,11,0,0
ESP.2.2.2.15_1,2023,11,0,0
ESP.2.2.2.16_1,2023,11,0,0
ESP.2.2.2.17_1,2023,11,0,0
ESP.2.2.2.18_1,2023,11,0,0
ESP.2.2.2.19_1,2023,11,0,0
ESP.2.2.2.2_1,2023,11,0,0
ESP.2.2.2.20_1,2023,11,0,0
ESP.2.2.2.21_1,2023,11,0,0
ESP.2.2.2.22_1,2023,11,0,0
ESP.2.2.2.23_1,2023,11,0,0
ESP.2.2.2.24_1,2023,11,0,0
ESP.2.2.2.25_1,2023,11,0,0
ESP.2.2.2.26_1,2023,11,0,0
ESP.2.2.2.27_1,2023,11,0,0
ESP.2.2.2.28_1,2023,11,0,0
ESP.2.2.2.29_1,2023,11,0,0
ESP.2.2.2.3_1,2023,11,0,0
ESP.2.2.2.30_1,2023,11,0,0
ESP.2.2.2.31_1,2023,11,0,0
ESP.2.2.2.32_1,2023,11,0,0
ESP.2.2.2.33_1,2023,11,0,0
ESP.2.2.2.34_1,2023,11,0,0
ESP.2.2.2.35_1,2023,11,0,0
ESP.2.2.2.36_1,2023,11,0,0
ESP.2.2.2.37_1,2023,11,0,0
ESP.2.2.2.38_1,2023,11,0,0
ESP.2.2.2.39_1,2023,11,0,0
ESP.2.2.2.4_1,2023,11,0,0
ESP.2.2.2.40_1,2023,11,0,0
ESP.2.2.2.41_1,2023,11,0,0
ESP.2.2.2.42_1,2023,11,0,0
ESP.2.2.2.43_1,2023,11,0,0
ESP.2.2.2.44_1,2023,11,0,0
ESP.2.2.2.45_1,2023,11,0,0
ESP.2.2.2.46_1,2023,11,0,0
ESP.2.2.2.47_1,2023,11,0,0
ESP.2.2.2.48_1,2023,11,0,0
ESP.2.2.2.49_1,2023,11,0,0
ESP.2.2.2.5_1,2023,11,0,0
ESP.2.2.2.50_1,2023,11,0,0
ESP.2.2.2.51_1,2023,11,0,0
ESP.2.2.2.52_1,2023,11,0,0
ESP.2.2.2.53_1,2023,11,0,0
ESP.2.2.2.54_1,2023,11,0,0
ESP.2.2.2.6_1,2023,11,0,0
ESP.2.2.2.7_1,2023,11,0,0
ESP.2.2.2.8_1,2023,11,0,0
ESP.2.2.2.9_1,2023,11,0,0
ESP.2.2.3.1_1,2023,11,0,0
ESP.2.2.3.10_1,2023,11,0,0
ESP.2.2.3.11_1,2023,11,0,0
ESP.2.2.3.12_1,2023,11,0,0
ESP.2.2.3.13_1,2023,11,0,0
ESP.2.2.3.14_1,2023,11,0,0
ESP.2.2.3.15_1,2023,11,0,0
ESP.2.2.3.16_1,2023,11,0,0
ESP.2.2.3.17_1,2023,11,0,0
ESP.2.2.3.18_1,2023,11,0,0
ESP.2.2.3.19_1,2023,11,0,0
ESP.2.2.3.2_1,2023,11,0,0
ESP.2.2.3.20_1,2023,11,0,0
ESP.2.2.3.21_1,2023,11,0,0
ESP.2.2.3.22_1,2023,11,0,0
ESP.2.2.3.23_1,2023,11,0,0
ESP.2.2.3.24_1,2023,11,0,0
ESP.2.2.3.25_1,2023,11,0,0
ESP.2.2.3.26_1,2023,11,0,0
ESP.2.2.3.27_1,2023,11,0,0
ESP.2.2.3.28_1,2023,11,0,0
ESP.2.2.3.29_1,2023,11,0,0
ESP.2.2.3.3_1,2023,11,0,0
ESP.2.2.3.30_1,2023,11,0,0
ESP.2.2.3.31_1,2023,11,0,0
ESP.2.2.3.4_1,2023,11,0,0
ESP.2.2.3.5_1,2023,11,0,0
ESP.2.2.3.6_1,2023,11,0,0
ESP.2.2.3.7_1,2023,11,0,0
ESP.2.2.3.8_1,2023,11,0,0
ESP.2.2.3.9_1,2023,11,0,0
ESP.2.2.4.1_1,2023,11,0,0
ESP.2.2.4.10_1,2023,11,0,0
ESP.2.2.4.11_1,2023,11,0,0
ESP.2.2.4.12_1,2023,11,0,0
ESP.2.2.4.13_1,2023,11,0,0
ESP.2.2.4.14_1,2023,11,0,0
ESP.2.2.4.15_1,2023,11,0,0
ESP.2.2.4.16_1,2023,11,0,0
ESP.2.2.4.17_1,2023,11,0,0
ESP.2.2.4.18_1,2023,11,0,0
ESP.2.2.4.19_1,2023,11,0,0
ESP.2.2.4.2_1,2023,11,0,0
ESP.2.2.4.20_1,2023,11,0,0
ESP.2.2.4.21_1,2023,11,0,0
ESP.2.2.4.22_1,2023,11,0,0
ESP.2.2.4.23_1,2023,11,0,0
ESP.2.2.4.24_1,2023,11,0,0
ESP.2.2.4.25_1,2023,11,0,0
ESP.2.2.4.26_1,2023,11,0,0
ESP.2.2.4.27_1,2023,11,0,0
ESP.2.2.4.28_1,2023,11,0,0
ESP.2.2.4.29_1,2023,11,0,0
ESP.2.2.4.3_1,2023,11,0,0
ESP.2.2.4.30_1,2023,11,0,0
ESP.2.2.4.31_1,2023,11,0,0
ESP.2.2.4.32_1,2023,11,0,0
ESP.2.2.4.33_1,2023,11,0,0
ESP.2.2.4.34_1,2023,11,0,0
ESP.2.2.4.35_1,2023,11,0,0
ESP.2.2.4.4_1,2023,11,0,0
ESP.2.2.4.5_1,2023,11,0,0
ESP.2.2.4.6_1,2023,11,0,0
ESP.2.2.4.7_1,2023,11,0,0
ESP.2.2.4.8_1,2023,11,0,0
ESP.2.2.4.9_1,2023,11,0,0
ESP.2.2.5.1_1,2023,11,0,0
ESP.2.2.5.10_1,2023,11,0,0
ESP.2.2.5.11_1,2023,11,0,0
ESP.2.2.5.12_1,2023,11,0,0
ESP.2.2.5.13_1,2023,11,0,0
ESP.2.2.5.14_1,2023,11,0,0
ESP.2.2.5.15_1,2023,11,0,0
ESP.2.2.5.16_1,2023,11,0,0
ESP.2.2.5.17_1,2023,11,0,0
ESP.2.2.5.18_1,2023,11,0,0
ESP.2.2.5.19_1,2023,11,0,0
ESP.2.2.5.2_1,2023,11,0,0
ESP.2.2.5.20_1,2023,11,0,0
ESP.2.2.5.21_1,2023,11,0,0
ESP.2.2.5.22_1,2023,11,0,0
ESP.2.2.5.23_1,2023,11,0,0
ESP.2.2.5.24_1,2023,11,0,0
ESP.2.2.5.25_1,2023,11,0,0
ESP.2.2.5.26_1,2023,11,0,0
ESP.2.2.5.27_1,2023,11,0,0
ESP.2.2.5.28_1,2023,11,0,0
ESP.2.2.5.29_1,2023,11,0,0
ESP.2.2.5.3_1,2023,11,0,0
ESP.2.2.5.30_1,2023,11,0,0
ESP.2.2.5.31_1,2023,11,0,0
ESP.2.2.5.32_1,2023,11,0,0
ESP.2.2.5.4_1,2023,11,0,0
ESP.2.2.5.5_1,2023,11,0,0
ESP.2.2.5.6_1,2023,11,0,0
ESP.2.2.5.7_1,2023,11,0,0
ESP.2.2.5.8_1,2023,11,0,0
ESP.2.2.5.9_1,2023,11,0,0
ESP.2.2.6.1_1,2023,11,0,0
ESP.2.2.6.10_1,2023,11,0,0
ESP.2.2.6.11_1,2023,11,0,0
ESP.2.2.6.12_1,2023,11,0,0
ESP.2.2.6.13_1,2023,11,0,0
ESP.2.2.6.14_1,2023,11,0,0
ESP.2.2.6.15_1,2023,11,0,0
ESP.2.2.6.16_1,2023,11,0,0
ESP.2.2.6.17_1,2023,11,0,0
ESP.2.2.6.18_1,2023,11,0,0
ESP.2.2.6.19_1,2023,11,0,0
ESP.2.2.6.2_1,2023,11,0,0
ESP.2.2.6.20_1,2023,11,0,0
ESP.2.2.6.21_1,2023,11,0,0
ESP.2.2.6.22_1,2023,11,0,0
ESP.2.2.6.23_1,2023,11,0,0
ESP.2.2.6.24_1,2023,11,0,0
ESP.2.2.6.25_1,2023,11,0,0
ESP.2.2.6.26_1,2023,11,0,0
ESP.2.2.6.27_1,2023,11,0,0
ESP.2.2.6.28_1,2023,11,0,0
ESP.2.2.6.29_1,2023,11,0,0
ESP.2.2.6.3_1,2023,11,0,0
ESP.2.2.6.4_1,2023,11,0,0
ESP.2.2.6.5_1,2023,11,0,0
ESP.2.2.6.6_1,2023,11,0,0
ESP.2.2.6.7_1,2023,11,0,0
ESP.2.2.6.8_1,2023,11,0,0
ESP.2.2.6.9_1,2023,11,0,0
ESP.2.3.1.1_1,2023,11,0,0
ESP.2.3.1.10_1,2023,11,0,0
ESP.2.3.1.11_1,2023,11,0,0
ESP.2.3.1.12_1,2023,11,0,0
ESP.2.3.1.13_1,2023,11,0,0
ESP.2.3.1.14_1,2023,11,0,0
ESP.2.3.1.15_1,2023,11,0,0
ESP.2.3.1.16_1,2023,11,0,0
ESP.2.3.1.17_1,2023,11,0,0
ESP.2.3.1.18_1,2023,11,0,0
ESP.2.3.1.19_1,2023,11,0,0
ESP.2.3.1.2_1,2023,11,0,0
ESP.2.3.1.20_1,2023,11,0,0
ESP.2.3.1.21_1,2023,11,0,0
ESP.2.3.1.22_1,2023,11,0,0
ESP.2.3.1.23_1,2023,11,0,0
ESP.2.3.1.24_1,2023,11,0,0
ESP.2.3.1.25_1,2023,11,0,0
ESP.2.3.1.26_1,2023,11,0,0
ESP.2.3.1.27_1,2023,11,0,0
ESP.2.3.1.28_1,2023,11,0,0
ESP.2.3.1.29_1,2023,11,0,0
ESP.2.3.1.3_1,2023,11,0,0
ESP.2.3.1.30_1,2023,11,0,0
ESP.2.3.1.31_1,2023,11,0,0
ESP.2.3.1.32_1,2023,11,0,0
ESP.2.3.1.33_1,2023,11,0,0
ESP.2.3.1.34_1,2023,11,0,0
ESP.2.3.1.35_1,2023,11,0,0
ESP.2.3.1.36_1,2023,11,0,0
ESP.2.3.1.37_1,2023,11,0,0
ESP.2.3.1.38_1,2023,11,0,0
ESP.2.3.1.4_1,2023,11,0,0
ESP.2.3.1.5_1,2023,11,0,0
ESP.2.3.1.6_1,2023,11,0,0
ESP.2.3.1.7_1,2023,11,0,0
ESP.2.3.1.8_1,2023,11,0,0
ESP.2.3.1.9_1,2023,11,0,0
ESP.2.3.2.1_1,2023,11,0,0
ESP.2.3.2.10_1,2023,11,0,0
ESP.2.3.2.11_1,2023,11,0,0
ESP.2.3.2.12_1,2023,11,0,0
ESP.2.3.2.13_1,2023,11,0,0
ESP.2.3.2.14_1,2023,11,0,0
ESP.2.3.2.15_1,2023,11,0,0
ESP.2.3.2.16_1,2023,11,0,0
ESP.2.3.2.17_1,2023,11,0,0
ESP.2.3.2.18_1,2023,11,0,0
ESP.2.3.2.19_1,2023,11,0,0
ESP.2.3.2.2_1,2023,11,0,0
ESP.2.3.2.20_1,2023,11,0,0
ESP.2.3.2.21_1,2023,11,0,0
ESP.2.3.2.22_1,2023,11,0,0
ESP.2.3.2.23_1,2023,11,0,0
ESP.2.3.2.24_1,2023,11,0,0
ESP.2.3.2.25_1,2023,11,0,0
ESP.2.3.2.26_1,2023,11,0,0
ESP.2.3.2.27_1,2023,11,0,0
ESP.2.3.2.28_1,2023,11,0,0
ESP.2.3.2.29_1,2023,11,0,0
ESP.2.3.2.3_1,2023,11,0,0
ESP.2.3.2.30_1,2023,11,0,0
ESP.2.3.2.31_1,2023,11,0,0
ESP.2.3.2.32_1,2023,11,0,0
ESP.2.3.2.33_1,2023,11,0,0
ESP.2.3.2.34_1,2023,11,0,0
ESP.2.3.2.35_1,2023,11,0,0
ESP.2.3.2.36_1,2023,11,0,0
ESP.2.3.2.37_1,2023,11,0,0
ESP.2.3.2.38_1,2023,11,0,0
ESP.2.3.2.39_1,2023,11,0,0
ESP.2.3.2.4_1,2023,11,0,0
ESP.2.3.2.40_1,2023,11,0,0
ESP.2.3.2.41_1,2023,11,0,0
ESP.2.3.2.42_1,2023,11,0,0
ESP.2.3.2.43_1,2023,11,0,0
ESP.2.3.2.44_1,2023,11,0,0
ESP.2.3.2.45_1,2023,11,0,0
ESP.2.3.2.46_1,2023,11,0,0
ESP.2.3.2.47_1,2023,11,0,0
ESP.2.3.2.48_1,2023,11,0,0
ESP.2.3.2.49_1,2023,11,0,0
ESP.2.3.2.5_1,2023,11,0,0
ESP.2.3.2.50_1,2023,11,0,0
ESP.2.3.2.51_1,2023,11,0,0
ESP.2.3.2.52_1,2023,11,0,0
ESP.2.3.2.53_1,2023,11,0,0
ESP.2.3.2.54_1,2023,11,0,0
ESP.2.3.2.55_1,2023,11,0,0
ESP.2.3.2.56_1,2023,11,0,0
ESP.2.3.2.57_1,2023,11,0,0
ESP.2.3.2.58_1,2023,11,0,0
ESP.2.3.2.59_1,2023,11,0,0
ESP.2.3.2.6_1,2023,11,0,0
ESP.2.3.2.60_1,2023,11,0,0
ESP.2.3.2.61_1,2023,11,0,0
ESP.2.3.2.62_1,2023,11,0,0
ESP.2.3.2.7_1,2023,11,0,0
ESP.2.3.2.8_1,2023,11,0,0
ESP.2.3.2.9_1,2023,11,0,0
ESP.2.3.3.1_1,2023,11,0,0
ESP.2.3.3.10_1,2023,11,0,0
ESP.2.3.3.11_1,2023,11,0,0
ESP.2.3.3.12_1,2023,11,0,0
ESP.2.3.3.13_1,2023,11,0,0
ESP.2.3.3.14_1,2023,11,0,0
ESP.2.3.3.15_1,2023,11,0,0
ESP.2.3.3.16_1,2023,11,0,0
ESP.2.3.3.17_1,2023,11,0,0
ESP.2.3.3.18_1,2023,11,0,0
ESP.2.3.3.19_1,2023,11,0,0
ESP.2.3.3.2_1,2023,11,0,0
ESP.2.3.3.20_1,2023,11,0,0
ESP.2.3.3.21_1,2023,11,0,0
ESP.2.3.3.22_1,2023,11,0,0
ESP.2.3.3.23_1,2023,11,0,0
ESP.2.3.3.24_1,2023,11,0,0
ESP.2.3.3.25_1,2023,11,0,0
ESP.2.3.3.26_1,2023,11,0,0
ESP.2.3.3.27_1,2023,11,0,0
ESP.2.3.3.28_1,2023,11,0,0
ESP.2.3.3.29_1,2023,11,0,0
ESP.2.3.3.3_1,2023,11,0,0
ESP.2.3.3.30_1,2023,11,0,0
ESP.2.3.3.31_1,2023,11,0,0
ESP.2.3.3.32_1,2023,11,0,0
ESP.2.3.3.33_1,2023,11,0,0
ESP.2.3.3.34_1,2023,11,0,0
ESP.2.3.3.35_1,2023,11,0,0
ESP.2.3.3.36_1,2023,11,0,0
ESP.2.3.3.37_1,2023,11,0,0
ESP.2.3.3.38_1,2023,11,0,0
ESP.2.3.3.4_1,2023,11,0,0
ESP.2.3.3.5_1,2023,11,0,0
ESP.2.3.3.6_1,2023,11,0,0
ESP.2.3.3.7_1,2023,11,0,0
ESP.2.3.3.8_1,2023,11,0,0
ESP.2.3.3.9_1,2023,11,0,0
ESP.2.3.4.1_1,2023,11,0,0
ESP.2.3.4.10_1,2023,11,0,0
ESP.2.3.4.11_1,2023,11,0,0
ESP.2.3.4.12_1,2023,11,0,0
ESP.2.3.4.13_1,2023,11,0,0
ESP.2.3.4.14_1,2023,11,0,0
ESP.2.3.4.15_1,2023,11,0,0
ESP.2.3.4.16_1,2023,11,0,0
ESP.2.3.4.17_1,2023,11,0,0
ESP.2.3.4.18_1,2023,11,0,0
ESP.2.3.4.19_1,2023,11,0,0
ESP.2.3.4.2_1,2023,11,0,0
ESP.2.3.4.20_1,2023,11,0,0
ESP.2.3.4.21_1,2023,11,0,0
ESP.2.3.4.22_1,2023,11,0,0
ESP.2.3.4.23_1,2023,11,0,0
ESP.2.3.4.24_1,2023,11,0,0
ESP.2.3.4.25_1,2023,11,0,0
ESP.2.3.4.26_1,2023,11,0,0
ESP.2.3.4.27_1,2023,11,0,0
ESP.2.3.4.28_1,2023,11,0,0
ESP.2.3.4.29_1,2023,11,0,0
ESP.2.3.4.3_1,2023,11,0,0
ESP.2.3.4.30_1,2023,11,0,0
ESP.2.3.4.31_1,2023,11,0,0
ESP.2.3.4.32_1,2023,11,0,0
ESP.2.3.4.33_1,2023,11,0,0
ESP.2.3.4.34_1,2023,11,0,0
ESP.2.3.4.35_1,2023,11,0,0
ESP.2.3.4.36_1,2023,11,0,0
ESP.2.3.4.37_1,2023,11,0,0
ESP.2.3.4.38_1,2023,11,0,0
ESP.2.3.4.39_1,2023,11,0,0
ESP.2.3.4.4_1,2023,11,0,0
ESP.2.3.4.5_1,2023,11,0,0
ESP.2.3.4.6_1,2023,11,0,0
ESP.2.3.4.7_1,2023,11,0,0
ESP.2.3.4.8_1,2023,11,0,0
ESP.2.3.4.9_1,2023,11,0,0
ESP.2.3.5.1_1,2023,11,0,0
ESP.2.3.5.10_1,2023,11,0,0
ESP.2.3.5.11_1,2023,11,0,0
ESP.2.3.5.12_1,2023,11,0,0
ESP.2.3.5.13_1,2023,11,0,0
ESP.2.3.5.14_1,2023,11,0,0
ESP.2.3.5.15_1,2023,11,0,0
ESP.2.3.5.16_1,2023,11,0,0
ESP.2.3.5.17_1,2023,11,0,0
ESP.2.3.5.18_1,2023,11,0,0
ESP.2.3.5.19_1,2023,11,0,0
ESP.2.3.5.2_1,2023,11,0,0
ESP.2.3.5.20_1,2023,11,0,0
ESP.2.3.5.21_1,2023,11,0,0
ESP.2.3.5.22_1,2023,11,0,0
ESP.2.3.5.23_1,2023,11,0,0
ESP.2.3.5.24_1,2023,11,0,0
ESP.2.3.5.25_1,2023,11,0,0
ESP.2.3.5.26_1,2023,11,0,0
ESP.2.3.5.27_1,2023,11,0,0
ESP.2.3.5.28_1,2023,11,0,0
ESP.2.3.5.29_1,2023,11,0,0
ESP.2.3.5.3_1,2023,11,0,0
ESP.2.3.5.30_1,2023,11,0,0
ESP.2.3.5.31_1,2023,11,0,0
ESP.2.3.5.32_1,2023,11,0,0
ESP.2.3.5.33_1,2023,11,0,0
ESP.2.3.5.34_1,2023,11,0,0
ESP.2.3.5.35_1,2023,11,0,0
ESP.2.3.5.36_1,2023,11,0,0
ESP.2.3.5.37_1,2023,11,0,0
ESP.2.3.5.38_1,2023,11,0,0
ESP.2.3.5.39_1,2023,11,0,0
ESP.2.3.5.4_1,2023,11,0,0
ESP.2.3.5.40_1,2023,11,0,0
ESP.2.3.5.41_1,2023,11,0,0
ESP.2.3.5.42_1,2023,11,0,0
ESP.2.3.5.43_1,2023,11,0,0
ESP.2.3.5.44_1,2023,11,0,0
ESP.2.3.5.45_1,2023,11,0,0
ESP.2.3.5.46_1,2023,11,0,0
ESP.2.3.5.47_1,2023,11,0,0
ESP.2.3.5.48_1,2023,11,0,0
ESP.2.3.5.49_1,2023,11,0,0
ESP.2.3.5.5_1,2023,11,0,0
ESP.2.3.5.50_1,2023,11,0,0
ESP.2.3.5.51_1,2023,11,0,0
ESP.2.3.5.52_1,2023,11,0,0
ESP.2.3.5.53_1,2023,11,0,0
ESP.2.3.5.54_1,2023,11,0,0
ESP.2.3.5.55_1,2023,11,0,0
ESP.2.3.5.56_1,2023,11,0,0
ESP.2.3.5.57_1,2023,11,0,0
ESP.2.3.5.58_1,2023,11,0,0
ESP.2.3.5.59_1,2023,11,0,0
ESP.2.3.5.6_1,2023,11,0,0
ESP.2.3.5.60_1,2023,11,0,0
ESP.2.3.5.61_1,2023,11,0,0
ESP.2.3.5.62_1,2023,11,0,0
ESP.2.3.5.63_1,2023,11,0,0
ESP.2.3.5.64_1,2023,11,0,0
ESP.2.3.5.65_1,2023,11,0,0
ESP.2.3.5.66_1,2023,11,0,0
ESP.2.3.5.67_1,2023,11,0,0
ESP.2.3.5.68_1,2023,11,0,0
ESP.2.3.5.69_1,2023,11,0,0
ESP.2.3.5.7_1,2023,11,0,0
ESP.2.3.5.8_1,2023,11,0,0
ESP.2.3.5.9_1,2023,11,0,0
ESP.2.3.6.1_1,2023,11,0,0
ESP.2.3.7.1_1,2023,11,0,0
ESP.2.3.7.10_1,2023,11,0,0
ESP.2.3.7.11_1,2023,11,0,0
ESP.2.3.7.12_1,2023,11,0,0
ESP.2.3.7.13_1,2023,11,0,0
ESP.2.3.7.14_1,2023,11,0,0
ESP.2.3.7.15_1,2023,11,0,0
ESP.2.3.7.16_1,2023,11,0,0
ESP.2.3.7.17_1,2023,11,0,0
ESP.2.3.7.18_1,2023,11,0,0
ESP.2.3.7.19_1,2023,11,0,0
ESP.2.3.7.2_1,2023,11,0,0
ESP.2.3.7.20_1,2023,11,0,0
ESP.2.3.7.21_1,2023,11,0,0
ESP.2.3.7.22_1,2023,11,0,0
ESP.2.3.7.23_1,2023,11,0,0
ESP.2.3.7.24_1,2023,11,0,0
ESP.2.3.7.25_1,2023,11,0,0
ESP.2.3.7.26_1,2023,11,0,0
ESP.2.3.7.27_1,2023,11,0,0
ESP.2.3.7.28_1,2023,11,0,0
ESP.2.3.7.29_1,2023,11,0,0
ESP.2.3.7.3_1,2023,11,0,0
ESP.2.3.7.30_1,2023,11,0,0
ESP.2.3.7.31_1,2023,11,0,0
ESP.2.3.7.32_1,2023,11,0,0
ESP.2.3.7.33_1,2023,11,0,0
ESP.2.3.7.34_1,2023,11,0,0
ESP.2.3.7.4_1,2023,11,0,0
ESP.2.3.7.5_1,2023,11,0,0
ESP.2.3.7.6_1,2023,11,0,0
ESP.2.3.7.7_1,2023,11,0,0
ESP.2.3.7.8_1,2023,11,0,0
ESP.2.3.7.9_1,2023,11,0,0
ESP.2.3.8.1_1,2023,11,0,0
ESP.2.3.8.10_1,2023,11,0,0
ESP.2.3.8.11_1,2023,11,0,0
ESP.2.3.8.12_1,2023,11,0,0
ESP.2.3.8.13_1,2023,11,0,0
ESP.2.3.8.14_1,2023,11,0,0
ESP.2.3.8.15_1,2023,11,0,0
ESP.2.3.8.2_1,2023,11,0,0
ESP.2.3.8.3_1,2023,11,0,0
ESP.2.3.8.4_1,2023,11,0,0
ESP.2.3.8.5_1,2023,11,0,0
ESP.2.3.8.6_1,2023,11,0,0
ESP.2.3.8.7_1,2023,11,0,0
ESP.2.3.8.8_1,2023,11,0,0
ESP.2.3.8.9_1,2023,11,0,0
ESP.3.1.1.3_1,2023,11,0,0
ESP.3.1.1.5_1,2023,11,0,0
ESP.3.1.1.6_1,2023,11,0,0
ESP.3.1.1.8_1,2023,11,0,0
ESP.3.1.1.9_1,2023,11,0,0
ESP.3.1.5.7_1,2023,11,0,0
ESP.3.1.6.1_1,2023,11,0,0
ESP.3.1.7.2_1,2023,11,0,0
ESP.3.1.7.3_1,2023,11,0,0
ESP.3.1.7.6_1,2023,11,0,0
ESP.3.1.8.1_1,2023,11,0,0
ESP.3.1.8.2_1,2023,11,0,0
ESP.3.1.8.3_1,2023,11,0,0
ESP.4.1.1.1_1,2023,11,0,0
ESP.4.1.1.10_1,2023,11,0,0
ESP.4.1.1.11_1,2023,11,0,0
ESP.4.1.1.12_1,2023,11,0,0
ESP.4.1.1.13_1,2023,11,0,0
ESP.4.1.1.14_1,2023,11,0,0
ESP.4.1.1.2_1,2023,11,0,0
ESP.4.1.1.3_1,2023,11,0,0
ESP.4.1.1.4_1,2023,11,0,0
ESP.4.1.1.5_1,2023,11,0,0
ESP.4.1.1.6_1,2023,11,0,0
ESP.4.1.1.7_1,2023,11,0,0
ESP.4.1.1.8_1,2023,11,0,0
ESP.4.1.1.9_1,2023,11,0,0
ESP.4.1.2.1_1,2023,11,0,0
ESP.4.1.2.10_1,2023,11,0,0
ESP.4.1.2.11_1,2023,11,0,0
ESP.4.1.2.12_1,2023,11,0,0
ESP.4.1.2.13_1,2023,11,0,0
ESP.4.1.2.14_1,2023,11,0,0
ESP.4.1.2.15_1,2023,11,0,0
ESP.4.1.2.16_1,2023,11,0,0
ESP.4.1.2.17_1,2023,11,0,0
ESP.4.1.2.18_1,2023,11,0,0
ESP.4.1.2.19_1,2023,11,0,0
ESP.4.1.2.2_1,2023,11,0,0
ESP.4.1.2.20_1,2023,11,0,0
ESP.4.1.2.21_1,2023,11,0,0
ESP.4.1.2.22_1,2023,11,0,0
ESP.4.1.2.23_1,2023,11,0,0
ESP.4.1.2.24_1,2023,11,0,0
ESP.4.1.2.3_1,2023,11,0,0
ESP.4.1.2.4_1,2023,11,0,0
ESP.4.1.2.5_1,2023,11,0,0
ESP.4.1.2.6_1,2023,11,0,0
ESP.4.1.2.7_1,2023,11,0,0
ESP.4.1.2.8_1,2023,11,0,0
ESP.4.1.2.9_1,2023,11,0,0
ESP.4.1.3.1_1,2023,11,0,0
ESP.4.1.3.2_1,2023,11,0,0
ESP.4.1.3.3_1,2023,11,0,0
ESP.4.1.3.4_1,2023,11,0,0
ESP.4.1.3.5_1,2023,11,0,0
ESP.4.1.3.6_1,2023,11,0,0
ESP.4.1.4.1_1,2023,11,0,0
ESP.4.1.4.2_1,2023,11,0,0
ESP.4.1.4.3_1,2023,11,0,0
ESP.4.1.4.4_1,2023,11,0,0
ESP.4.1.4.5_1,2023,11,0,0
ESP.4.1.4.6_1,2023,11,0,0
ESP.4.1.4.7_1,2023,11,0,0
ESP.4.1.4.8_1,2023,11,0,0
ESP.4.1.4.9_1,2023,11,0,0
ESP.4.1.5.1_1,2023,11,0,0
ESP.4.1.5.2_1,2023,11,0,0
ESP.4.1.5.3_1,2023,11,0,0
ESP.4.1.5.4_1,2023,11,0,0
ESP.4.1.5.5_1,2023,11,0,0
ESP.4.1.5.6_1,2023,11,0,0
ESP.4.1.6.1_1,2023,11,0,0
ESP.4.1.6.10_1,2023,11,0,0
ESP.4.1.6.2_1,2023,11,0,0
ESP.4.1.6.3_1,2023,11,0,0
ESP.4.1.6.4_1,2023,11,0,0
ESP.4.1.6.5_1,2023,11,0,0
ESP.4.1.6.6_1,2023,11,0,0
ESP.4.1.6.7_1,2023,11,0,0
ESP.4.1.6.8_1,2023,11,0,0
ESP.4.1.6.9_1,2023,11,0,0
ESP.4.1.7.1_1,2023,11,0,0
ESP.4.1.7.10_1,2023,11,0,0
ESP.4.1.7.11_1,2023,11,0,0
ESP.4.1.7.12_1,2023,11,0,0
ESP.4.1.7.13_1,2023,11,0,0
ESP.4.1.7.14_1,2023,11,0,0
ESP.4.1.7.15_1,2023,11,0,0
ESP.4.1.7.16_1,2023,11,0,0
ESP.4.1.7.17_1,2023,11,0,0
ESP.4.1.7.18_1,2023,11,0,0
ESP.4.1.7.19_1,2023,11,0,0
ESP.4.1.7.2_1,2023,11,0,0
ESP.4.1.7.3_1,2023,11,0,0
ESP.4.1.7.4_1,2023,11,0,0
ESP.4.1.7.5_1,2023,11,0,0
ESP.4.1.7.6_1,2023,11,0,0
ESP.4.1.7.7_1,2023,11,0,0
ESP.4.1.7.8_1,2023,11,0,0
ESP.4.1.7.9_1,2023,11,0,0
ESP.4.2.1.1_1,2023,11,0,0
ESP.4.2.1.10_1,2023,11,0,0
ESP.4.2.1.11_1,2023,11,0,0
ESP.4.2.1.12_1,2023,11,0,0
ESP.4.2.1.13_1,2023,11,0,0
ESP.4.2.1.14_1,2023,11,0,0
ESP.4.2.1.15_1,2023,11,0,0
ESP.4.2.1.16_1,2023,11,0,0
ESP.4.2.1.17_1,2023,11,0,0
ESP.4.2.1.18_1,2023,11,0,0
ESP.4.2.1.19_1,2023,11,0,0
ESP.4.2.1.2_1,2023,11,0,0
ESP.4.2.1.20_1,2023,11,0,0
ESP.4.2.1.21_1,2023,11,0,0
ESP.4.2.1.22_1,2023,11,0,0
ESP.4.2.1.3_1,2023,11,0,0
ESP.4.2.1.4_1,2023,11,0,0
ESP.4.2.1.5_1,2023,11,0,0
ESP.4.2.1.6_1,2023,11,0,0
ESP.4.2.1.7_1,2023,11,0,0
ESP.4.2.1.8_1,2023,11,0,0
ESP.4.2.1.9_1,2023,11,0,0
ESP.4.2.2.1_1,2023,11,0,0
ESP.4.2.2.10_1,2023,11,0,0
ESP.4.2.2.11_1,2023,11,0,0
ESP.4.2.2.12_1,2023,11,0,0
ESP.4.2.2.13_1,2023,11,0,0
ESP.4.2.2.14_1,2023,11,0,0
ESP.4.2.2.15_1,2023,11,0,0
ESP.4.2.2.16_1,2023,11,0,0
ESP.4.2.2.17_1,2023,11,0,0
ESP.4.2.2.18_1,2023,11,0,0
ESP.4.2.2.19_1,2023,11,0,0
ESP.4.2.2.2_1,2023,11,0,0
ESP.4.2.2.20_1,2023,11,0,0
ESP.4.2.2.21_1,2023,11,0,0
ESP.4.2.2.22_1,2023,11,0,0
ESP.4.2.2.23_1,2023,11,0,0
ESP.4.2.2.24_1,2023,11,0,0
ESP.4.2.2.25_1,2023,11,0,0
ESP.4.2.2.3_1,2023,11,0,0
ESP.4.2.2.4_1,2023,11,0,0
ESP.4.2.2.5_1,2023,11,0,0
ESP.4.2.2.6_1,2023,11,0,0
ESP.4.2.2.7_1,2023,11,0,0
ESP.4.2.2.8_1,2023,11,0,0
ESP.4.2.2.9_1,2023,11,0,0
ESP.4.2.3.1_1,2023,11,0,0
ESP.4.2.3.10_1,2023,11,0,0
ESP.4.2.3.11_1,2023,11,0,0
ESP.4.2.3.12_1,2023,11,0,0
ESP.4.2.3.13_1,2023,11,0,0
ESP.4.2.3.14_1,2023,11,0,0
ESP.4.2.3.15_1,2023,11,0,0
ESP.4.2.3.16_1,2023,11,0,0
ESP.4.2.3.17_1,2023,11,0,0
ESP.4.2.3.18_1,2023,11,0,0
ESP.4.2.3.2_1,2023,11,0,0
ESP.4.2.3.3_1,2023,11,0,0
ESP.4.2.3.4_1,2023,11,0,0
ESP.4.2.3.5_1,2023,11,0,0
ESP.4.2.3.6_1,2023,11,0,0
ESP.4.2.3.7_1,2023,11,0,0
ESP.4.2.3.8_1,2023,11,0,0
ESP.4.2.3.9_1,2023,11,0,0
ESP.4.2.4.1_1,2023,11,0,0
ESP.4.2.4.10_1,2023,11,0,0
ESP.4.2.4.11_1,2023,11,0,0
ESP.4.2.4.12_1,2023,11,0,0
ESP.4.2.4.13_1,2023,11,0,0
ESP.4.2.4.14_1,2023,11,0,0
ESP.4.2.4.15_1,2023,11,0,0
ESP.4.2.4.2_1,2023,11,0,0
ESP.4.2.4.3_1,2023,11,0,0
ESP.4.2.4.4_1,2023,11,0,0
ESP.4.2.4.5_1,2023,11,0,0
ESP.4.2.4.6_1,2023,11,0,0
ESP.4.2.4.7_1,2023,11,0,0
ESP.4.2.4.8_1,2023,11,0,0
ESP.4.2.4.9_1,2023,11,0,0
ESP.4.2.5.1_1,2023,11,0,0
ESP.4.2.5.2_1,2023,11,0,0
ESP.4.2.5.3_1,2023,11,0,0
ESP.4.2.5.4_1,2023,11,0,0
ESP.4.2.5.5_1,2023,11,0,0
ESP.4.2.5.6_1,2023,11,0,0
ESP.4.2.5.7_1,2023,11,0,0
ESP.4.2.5.8_1,2023,11,0,0
ESP.4.2.6.1_1,2023,11,0,0
ESP.4.2.7.1_1,2023,11,0,0
ESP.4.2.7.10_1,2023,11,0,0
ESP.4.2.7.11_1,2023,11,0,0
ESP.4.2.7.12_1,2023,11,0,0
ESP.4.2.7.13_1,2023,11,0,0
ESP.4.2.7.2_1,2023,11,0,0
ESP.4.2.7.3_1,2023,11,0,0
ESP.4.2.7.4_1,2023,11,0,0
ESP.4.2.7.5_1,2023,11,0,0
ESP.4.2.7.6_1,2023,11,0,0
ESP.4.2.7.7_1,2023,11,0,0
ESP.4.2.7.8_1,2023,11,0,0
ESP.4.2.7.9_1,2023,11,0,0
ESP.4.3.1.1_1,2023,11,0,0
ESP.4.3.1.10_1,2023,11,0,0
ESP.4.3.1.11_1,2023,11,0,0
ESP.4.3.1.12_1,2023,11,0,0
ESP.4.3.1.13_1,2023,11,0,0
ESP.4.3.1.14_1,2023,11,0,0
ESP.4.3.1.15_1,2023,11,0,0
ESP.4.3.1.16_1,2023,11,0,0
ESP.4.3.1.17_1,2023,11,0,0
ESP.4.3.1.18_1,2023,11,0,0
ESP.4.3.1.19_1,2023,11,0,0
ESP.4.3.1.2_1,2023,11,0,0
ESP.4.3.1.20_1,2023,11,0,0
ESP.4.3.1.21_1,2023,11,0,0
ESP.4.3.1.22_1,2023,11,0,0
ESP.4.3.1.23_1,2023,11,0,0
ESP.4.3.1.24_1,2023,11,0,0
ESP.4.3.1.25_1,2023,11,0,0
ESP.4.3.1.26_1,2023,11,0,0
ESP.4.3.1.27_1,2023,11,0,0
ESP.4.3.1.28_1,2023,11,0,0
ESP.4.3.1.29_1,2023,11,0,0
ESP.4.3.1.3_1,2023,11,0,0
ESP.4.3.1.30_1,2023,11,0,0
ESP.4.3.1.31_1,2023,11,0,0
ESP.4.3.1.32_1,2023,11,0,0
ESP.4.3.1.33_1,2023,11,0,0
ESP.4.3.1.34_1,2023,11,0,0
ESP.4.3.1.35_1,2023,11,0,0
ESP.4.3.1.36_1,2023,11,0,0
ESP.4.3.1.37_1,2023,11,0,0
ESP.4.3.1.38_1,2023,11,0,0
ESP.4.3.1.39_1,2023,11,0,0
ESP.4.3.1.4_1,2023,11,0,0
ESP.4.3.1.40_1,2023,11,0,0
ESP.4.3.1.41_1,2023,11,0,0
ESP.4.3.1.5_1,2023,11,0,0
ESP.4.3.1.6_1,2023,11,0,0
ESP.4.3.1.7_1,2023,11,0,0
ESP.4.3.1.8_1,2023,11,0,0
ESP.4.3.1.9_1,2023,11,0,0
ESP.4.3.2.1_1,2023,11,0,0
ESP.4.3.2.10_1,2023,11,0,0
ESP.4.3.2.11_1,2023,11,0,0
ESP.4.3.2.12_1,2023,11,0,0
ESP.4.3.2.13_1,2023,11,0,0
ESP.4.3.2.14_1,2023,11,0,0
ESP.4.3.2.15_1,2023,11,0,0
ESP.4.3.2.16_1,2023,11,0,0
ESP.4.3.2.17_1,2023,11,0,0
ESP.4.3.2.18_1,2023,11,0,0
ESP.4.3.2.19_1,2023,11,0,0
ESP.4.3.2.2_1,2023,11,0,0
ESP.4.3.2.20_1,2023,11,0,0
ESP.4.3.2.3_1,2023,11,0,0
ESP.4.3.2.4_1,2023,11,0,0
ESP.4.3.2.5_1,2023,11,0,0
ESP.4.3.2.6_1,2023,11,0,0
ESP.4.3.2.7_1,2023,11,0,0
ESP.4.3.2.8_1,2023,11,0,0
ESP.4.3.2.9_1,2023,11,0,0
ESP.4.3.3.1_1,2023,11,0,0
ESP.4.3.3.10_1,2023,11,0,0
ESP.4.3.3.11_1,2023,11,0,0
ESP.4.3.3.12_1,2023,11,0,0
ESP.4.3.3.13_1,2023,11,0,0
ESP.4.3.3.14_1,2023,11,0,0
ESP.4.3.3.15_1,2023,11,0,0
ESP.4.3.3.16_1,2023,11,0,0
ESP.4.3.3.17_1,2023,11,0,0
ESP.4.3.3.18_1,2023,11,0,0
ESP.4.3.3.19_1,2023,11,0,0
ESP.4.3.3.2_1,2023,11,0,0
ESP.4.3.3.20_1,2023,11,0,0
ESP.4.3.3.21_1,2023,11,0,0
ESP.4.3.3.22_1,2023,11,0,0
ESP.4.3.3.23_1,2023,11,0,0
ESP.4.3.3.24_1,2023,11,0,0
ESP.4.3.3.25_1,2023,11,0,0
ESP.4.3.3.26_1,2023,11,0,0
ESP.4.3.3.27_1,2023,11,0,0
ESP.4.3.3.28_1,2023,11,0,0
ESP.4.3.3.29_1,2023,11,0,0
ESP.4.3.3.3_1,2023,11,0,0
ESP.4.3.3.30_1,2023,11,0,0
ESP.4.3.3.31_1,2023,11,0,0
ESP.4.3.3.32_1,2023,11,0,0
ESP.4.3.3.33_1,2023,11,0,0
ESP.4.3.3.34_1,2023,11,0,0
ESP.4.3.3.35_1,2023,11,0,0
ESP.4.3.3.36_1,2023,11,0,0
ESP.4.3.3.37_1,2023,11,0,0
ESP.4.3.3.38_1,2023,11,0,0
ESP.4.3.3.39_1,2023,11,0,0
ESP.4.3.3.4_1,2023,11,0,0
ESP.4.3.3.40_1,2023,11,0,0
ESP.4.3.3.41_1,2023,11,0,0
ESP.4.3.3.5_1,2023,11,0,0
ESP.4.3.3.6_1,2023,11,0,0
ESP.4.3.3.7_1,2023,11,0,0
ESP.4.3.3.8_1,2023,11,0,0
ESP.4.3.3.9_1,2023,11,0,0
ESP.4.3.4.1_1,2023,11,0,0
ESP.4.3.4.10_1,2023,11,0,0
ESP.4.3.4.11_1,2023,11,0,0
ESP.4.3.4.12_1,2023,11,0,0
ESP.4.3.4.13_1,2023,11,0,0
ESP.4.3.4.14_1,2023,11,0,0
ESP.4.3.4.15_1,2023,11,0,0
ESP.4.3.4.16_1,2023,11,0,0
ESP.4.3.4.17_1,2023,11,0,0
ESP.4.3.4.18_1,2023,11,0,0
ESP.4.3.4.19_1,2023,11,0,0
ESP.4.3.4.2_1,2023,11,0,0
ESP.4.3.4.20_1,2023,11,0,0
ESP.4.3.4.21_1,2023,11,0,0
ESP.4.3.4.22_1,2023,11,0,0
ESP.4.3.4.23_1,2023,11,0,0
ESP.4.3.4.24_1,2023,11,0,0
ESP.4.3.4.25_1,2023,11,0,0
ESP.4.3.4.26_1,2023,11,0,0
ESP.4.3.4.27_1,2023,11,0,0
ESP.4.3.4.28_1,2023,11,0,0
ESP.4.3.4.29_1,2023,11,0,0
ESP.4.3.4.3_1,2023,11,0,0
ESP.4.3.4.30_1,2023,11,0,0
ESP.4.3.4.31_1,2023,11,0,0
ESP.4.3.4.32_1,2023,11,0,0
ESP.4.3.4.4_1,2023,11,0,0
ESP.4.3.4.5_1,2023,11,0,0
ESP.4.3.4.6_1,2023,11,0,0
ESP.4.3.4.7_1,2023,11,0,0
ESP.4.3.4.8_1,2023,11,0,0
ESP.4.3.4.9_1,2023,11,0,0
ESP.4.3.5.1_1,2023,11,0,0
ESP.4.3.5.10_1,2023,11,0,0
ESP.4.3.5.11_1,2023,11,0,0
ESP.4.3.5.12_1,2023,11,0,0
ESP.4.3.5.13_1,2023,11,0,0
ESP.4.3.5.14_1,2023,11,0,0
ESP.4.3.5.15_1,2023,11,0,0
ESP.4.3.5.16_1,2023,11,0,0
ESP.4.3.5.17_1,2023,11,0,0
ESP.4.3.5.18_1,2023,11,0,0
ESP.4.3.5.19_1,2023,11,0,0
ESP.4.3.5.2_1,2023,11,0,0
ESP.4.3.5.20_1,2023,11,0,0
ESP.4.3.5.21_1,2023,11,0,0
ESP.4.3.5.22_1,2023,11,0,0
ESP.4.3.5.23_1,2023,11,0,0
ESP.4.3.5.24_1,2023,11,0,0
ESP.4.3.5.25_1,2023,11,0,0
ESP.4.3.5.26_1,2023,11,0,0
ESP.4.3.5.27_1,2023,11,0,0
ESP.4.3.5.28_1,2023,11,0,0
ESP.4.3.5.29_1,2023,11,0,0
ESP.4.3.5.3_1,2023,11,0,0
ESP.4.3.5.30_1,2023,11,0,0
ESP.4.3.5.31_1,2023,11,0,0
ESP.4.3.5.32_1,2023,11,0,0
ESP.4.3.5.33_1,2023,11,0,0
ESP.4.3.5.34_1,2023,11,0,0
ESP.4.3.5.35_1,2023,11,0,0
ESP.4.3.5.36_1,2023,11,0,0
ESP.4.3.5.37_1,2023,11,0,0
ESP.4.3.5.38_1,2023,11,0,0
ESP.4.3.5.39_1,2023,11,0,0
ESP.4.3.5.4_1,2023,11,0,0
ESP.4.3.5.40_1,2023,11,0,0
ESP.4.3.5.41_1,2023,11,0,0
ESP.4.3.5.42_1,2023,11,0,0
ESP.4.3.5.43_1,2023,11,0,0
ESP.4.3.5.44_1,2023,11,0,0
ESP.4.3.5.45_1,2023,11,0,0
ESP.4.3.5.46_1,2023,11,0,0
ESP.4.3.5.47_1,2023,11,0,0
ESP.4.3.5.48_1,2023,11,0,0
ESP.4.3.5.49_1,2023,11,0,0
ESP.4.3.5.5_1,2023,11,0,0
ESP.4.3.5.50_1,2023,11,0,0
ESP.4.3.5.51_1,2023,11,0,0
ESP.4.3.5.6_1,2023,11,0,0
ESP.4.3.5.7_1,2023,11,0,0
ESP.4.3.5.8_1,2023,11,0,0
ESP.4.3.5.9_1,2023,11,0,0
ESP.4.3.6.1_1,2023,11,0,0
ESP.4.3.6.10_1,2023,11,0,0
ESP.4.3.6.11_1,2023,11,0,0
ESP.4.3.6.12_1,2023,11,0,0
ESP.4.3.6.13_1,2023,11,0,0
ESP.4.3.6.14_1,2023,11,0,0
ESP.4.3.6.15_1,2023,11,0,0
ESP.4.3.6.16_1,2023,11,0,0
ESP.4.3.6.17_1,2023,11,0,0
ESP.4.3.6.18_1,2023,11,0,0
ESP.4.3.6.19_1,2023,11,0,0
ESP.4.3.6.2_1,2023,11,0,0
ESP.4.3.6.20_1,2023,11,0,0
ESP.4.3.6.21_1,2023,11,0,0
ESP.4.3.6.22_1,2023,11,0,0
ESP.4.3.6.23_1,2023,11,0,0
ESP.4.3.6.24_1,2023,11,0,0
ESP.4.3.6.25_1,2023,11,0,0
ESP.4.3.6.26_1,2023,11,0,0
ESP.4.3.6.27_1,2023,11,0,0
ESP.4.3.6.28_1,2023,11,0,0
ESP.4.3.6.29_1,2023,11,0,0
ESP.4.3.6.3_1,2023,11,0,0
ESP.4.3.6.4_1,2023,11,0,0
ESP.4.3.6.5_1,2023,11,0,0
ESP.4.3.6.6_1,2023,11,0,0
ESP.4.3.6.7_1,2023,11,0,0
ESP.4.3.6.8_1,2023,11,0,0
ESP.4.3.6.9_1,2023,11,0,0
ESP.4.3.7.1_1,2023,11,0,0
ESP.4.3.7.10_1,2023,11,0,0
ESP.4.3.7.11_1,2023,11,0,0
ESP.4.3.7.12_1,2023,11,0,0
ESP.4.3.7.13_1,2023,11,0,0
ESP.4.3.7.14_1,2023,11,0,0
ESP.4.3.7.15_1,2023,11,0,0
ESP.4.3.7.16_1,2023,11,0,0
ESP.4.3.7.17_1,2023,11,0,0
ESP.4.3.7.18_1,2023,11,0,0
ESP.4.3.7.19_1,2023,11,0,0
ESP.4.3.7.2_1,2023,11,0,0
ESP.4.3.7.20_1,2023,11,0,0
ESP.4.3.7.21_1,2023,11,0,0
ESP.4.3.7.22_1,2023,11,0,0
ESP.4.3.7.23_1,2023,11,0,0
ESP.4.3.7.24_1,2023,11,0,0
ESP.4.3.7.25_1,2023,11,0,0
ESP.4.3.7.26_1,2023,11,0,0
ESP.4.3.7.3_1,2023,11,0,0
ESP.4.3.7.4_1,2023,11,0,0
ESP.4.3.7.5_1,2023,11,0,0
ESP.4.3.7.6_1,2023,11,0,0
ESP.4.3.7.7_1,2023,11,0,0
ESP.4.3.7.8_1,2023,11,0,0
ESP.4.3.7.9_1,2023,11,0,0
ESP.4.4.1.1_1,2023,11,0,0
ESP.4.4.1.10_1,2023,11,0,0
ESP.4.4.1.11_1,2023,11,0,0
ESP.4.4.1.12_1,2023,11,0,0
ESP.4.4.1.13_1,2023,11,0,0
ESP.4.4.1.14_1,2023,11,0,0
ESP.4.4.1.15_1,2023,11,0,0
ESP.4.4.1.16_1,2023,11,0,0
ESP.4.4.1.17_1,2023,11,0,0
ESP.4.4.1.18_1,2023,11,0,0
ESP.4.4.1.19_1,2023,11,0,0
ESP.4.4.1.2_1,2023,11,0,0
ESP.4.4.1.20_1,2023,11,0,0
ESP.4.4.1.21_1,2023,11,0,0
ESP.4.4.1.22_1,2023,11,0,0
ESP.4.4.1.23_1,2023,11,0,0
ESP.4.4.1.24_1,2023,11,0,0
ESP.4.4.1.25_1,2023,11,0,0
ESP.4.4.1.26_1,2023,11,0,0
ESP.4.4.1.27_1,2023,11,0,0
ESP.4.4.1.28_1,2023,11,0,0
ESP.4.4.1.29_1,2023,11,0,0
ESP.4.4.1.3_1,2023,11,0,0
ESP.4.4.1.30_1,2023,11,0,0
ESP.4.4.1.31_1,2023,11,0,0
ESP.4.4.1.32_1,2023,11,0,0
ESP.4.4.1.33_1,2023,11,0,0
ESP.4.4.1.34_1,2023,11,0,0
ESP.4.4.1.35_1,2023,11,0,0
ESP.4.4.1.36_1,2023,11,0,0
ESP.4.4.1.37_1,2023,11,0,0
ESP.4.4.1.38_1,2023,11,0,0
ESP.4.4.1.39_1,2023,11,0,0
ESP.4.4.1.4_1,2023,11,0,0
ESP.4.4.1.40_1,2023,11,0,0
ESP.4.4.1.41_1,2023,11,0,0
ESP.4.4.1.42_1,2023,11,0,0
ESP.4.4.1.43_1,2023,11,0,0
ESP.4.4.1.44_1,2023,11,0,0
ESP.4.4.1.45_1,2023,11,0,0
ESP.4.4.1.46_1,2023,11,0,0
ESP.4.4.1.47_1,2023,11,0,0
ESP.4.4.1.48_1,2023,11,0,0
ESP.4.4.1.49_1,2023,11,0,0
ESP.4.4.1.5_1,2023,11,0,0
ESP.4.4.1.50_1,2023,11,0,0
ESP.4.4.1.51_1,2023,11,0,0
ESP.4.4.1.52_1,2023,11,0,0
ESP.4.4.1.53_1,2023,11,0,0
ESP.4.4.1.54_1,2023,11,0,0
ESP.4.4.1.55_1,2023,11,0,0
ESP.4.4.1.56_1,2023,11,0,0
ESP.4.4.1.6_1,2023,11,0,0
ESP.4.4.1.7_1,2023,11,0,0
ESP.4.4.1.8_1,2023,11,0,0
ESP.4.4.1.9_1,2023,11,0,0
ESP.4.4.2.1_1,2023,11,0,0
ESP.4.4.2.10_1,2023,11,0,0
ESP.4.4.2.11_1,2023,11,0,0
ESP.4.4.2.12_1,2023,11,0,0
ESP.4.4.2.13_1,2023,11,0,0
ESP.4.4.2.14_1,2023,11,0,0
ESP.4.4.2.15_1,2023,11,0,0
ESP.4.4.2.16_1,2023,11,0,0
ESP.4.4.2.17_1,2023,11,0,0
ESP.4.4.2.18_1,2023,11,0,0
ESP.4.4.2.19_1,2023,11,0,0
ESP.4.4.2.2_1,2023,11,0,0
ESP.4.4.2.20_1,2023,11,0,0
ESP.4.4.2.21_1,2023,11,0,0
ESP.4.4.2.22_1,2023,11,0,0
ESP.4.4.2.23_1,2023,11,0,0
ESP.4.4.2.24_1,2023,11,0,0
ESP.4.4.2.25_1,2023,11,0,0
ESP.4.4.2.26_1,2023,11,0,0
ESP.4.4.2.27_1,2023,11,0,0
ESP.4.4.2.28_1,2023,11,0,0
ESP.4.4.2.29_1,2023,11,0,0
ESP.4.4.2.3_1,2023,11,0,0
ESP.4.4.2.30_1,2023,11,0,0
ESP.4.4.2.31_1,2023,11,0,0
ESP.4.4.2.32_1,2023,11,0,0
ESP.4.4.2.33_1,2023,11,0,0
ESP.4.4.2.34_1,2023,11,0,0
ESP.4.4.2.35_1,2023,11,0,0
ESP.4.4.2.36_1,2023,11,0,0
ESP.4.4.2.37_1,2023,11,0,0
ESP.4.4.2.38_1,2023,11,0,0
ESP.4.4.2.39_1,2023,11,0,0
ESP.4.4.2.4_1,2023,11,0,0
ESP.4.4.2.40_1,2023,11,0,0
ESP.4.4.2.41_1,2023,11,0,0
ESP.4.4.2.42_1,2023,11,0,0
ESP.4.4.2.43_1,2023,11,0,0
ESP.4.4.2.44_1,2023,11,0,0
ESP.4.4.2.45_1,2023,11,0,0
ESP.4.4.2.46_1,2023,11,0,0
ESP.4.4.2.47_1,2023,11,0,0
ESP.4.4.2.48_1,2023,11,0,0
ESP.4.4.2.49_1,2023,11,0,0
ESP.4.4.2.5_1,2023,11,0,0
ESP.4.4.2.50_1,2023,11,0,0
ESP.4.4.2.51_1,2023,11,0,0
ESP.4.4.2.52_1,2023,11,0,0
ESP.4.4.2.53_1,2023,11,0,0
ESP.4.4.2.54_1,2023,11,0,0
ESP.4.4.2.55_1,2023,11,0,0
ESP.4.4.2.56_1,2023,11,0,0
ESP.4.4.2.57_1,2023,11,0,0
ESP.4.4.2.58_1,2023,11,0,0
ESP.4.4.2.59_1,2023,11,0,0
ESP.4.4.2.6_1,2023,11,0,0
ESP.4.4.2.60_1,2023,11,0,0
ESP.4.4.2.61_1,2023,11,0,0
ESP.4.4.2.62_1,2023,11,0,0
ESP.4.4.2.7_1,2023,11,0,0
ESP.4.4.2.8_1,2023,11,0,0
ESP.4.4.2.9_1,2023,11,0,0
ESP.4.4.3.1_1,2023,11,0,0
ESP.4.4.3.10_1,2023,11,0,0
ESP.4.4.3.11_1,2023,11,0,0
ESP.4.4.3.12_1,2023,11,0,0
ESP.4.4.3.13_1,2023,11,0,0
ESP.4.4.3.14_1,2023,11,0,0
ESP.4.4.3.15_1,2023,11,0,0
ESP.4.4.3.16_1,2023,11,0,0
ESP.4.4.3.17_1,2023,11,0,0
ESP.4.4.3.18_1,2023,11,0,0
ESP.4.4.3.19_1,2023,11,0,0
ESP.4.4.3.2_1,2023,11,0,0
ESP.4.4.3.20_1,2023,11,0,0
ESP.4.4.3.21_1,2023,11,0,0
ESP.4.4.3.22_1,2023,11,0,0
ESP.4.4.3.23_1,2023,11,0,0
ESP.4.4.3.24_1,2023,11,0,0
ESP.4.4.3.25_1,2023,11,0,0
ESP.4.4.3.26_1,2023,11,0,0
ESP.4.4.3.27_1,2023,11,0,0
ESP.4.4.3.3_1,2023,11,0,0
ESP.4.4.3.4_1,2023,11,0,0
ESP.4.4.3.5_1,2023,11,0,0
ESP.4.4.3.6_1,2023,11,0,0
ESP.4.4.3.7_1,2023,11,0,0
ESP.4.4.3.8_1,2023,11,0,0
ESP.4.4.3.9_1,2023,11,0,0
ESP.4.4.4.1_1,2023,11,0,0
ESP.4.4.4.10_1,2023,11,0,0
ESP.4.4.4.11_1,2023,11,0,0
ESP.4.4.4.12_1,2023,11,0,0
ESP.4.4.4.13_1,2023,11,0,0
ESP.4.4.4.14_1,2023,11,0,0
ESP.4.4.4.15_1,2023,11,0,0
ESP.4.4.4.16_1,2023,11,0,0
ESP.4.4.4.17_1,2023,11,0,0
ESP.4.4.4.18_1,2023,11,0,0
ESP.4.4.4.19_1,2023,11,0,0
ESP.4.4.4.2_1,2023,11,0,0
ESP.4.4.4.20_1,2023,11,0,0
ESP.4.4.4.21_1,2023,11,0,0
ESP.4.4.4.22_1,2023,11,0,0
ESP.4.4.4.23_1,2023,11,0,0
ESP.4.4.4.24_1,2023,11,0,0
ESP.4.4.4.25_1,2023,11,0,0
ESP.4.4.4.26_1,2023,11,0,0
ESP.4.4.4.27_1,2023,11,0,0
ESP.4.4.4.28_1,2023,11,0,0
ESP.4.4.4.29_1,2023,11,0,0
ESP.4.4.4.3_1,2023,11,0,0
ESP.4.4.4.30_1,2023,11,0,0
ESP.4.4.4.31_1,2023,11,0,0
ESP.4.4.4.32_1,2023,11,0,0
ESP.4.4.4.33_1,2023,11,0,0
ESP.4.4.4.34_1,2023,11,0,0
ESP.4.4.4.35_1,2023,11,0,0
ESP.4.4.4.36_1,2023,11,0,0
ESP.4.4.4.37_1,2023,11,0,0
ESP.4.4.4.38_1,2023,11,0,0
ESP.4.4.4.39_1,2023,11,0,0
ESP.4.4.4.4_1,2023,11,0,0
ESP.4.4.4.40_1,2023,11,0,0
ESP.4.4.4.41_1,2023,11,0,0
ESP.4.4.4.42_1,2023,11,0,0
ESP.4.4.4.43_1,2023,11,0,0
ESP.4.4.4.44_1,2023,11,0,0
ESP.4.4.4.45_1,2023,11,0,0
ESP.4.4.4.46_1,2023,11,0,0
ESP.4.4.4.47_1,2023,11,0,0
ESP.4.4.4.48_1,2023,11,0,0
ESP.4.4.4.49_1,2023,11,0,0
ESP.4.4.4.5_1,2023,11,0,0
ESP.4.4.4.50_1,2023,11,0,0
ESP.4.4.4.51_1,2023,11,0,0
ESP.4.4.4.52_1,2023,11,0,0
ESP.4.4.4.53_1,2023,11,0,0
ESP.4.4.4.54_1,2023,11,0,0
ESP.4.4.4.55_1,2023,11,0,0
ESP.4.4.4.56_1,2023,11,0,0
ESP.4.4.4.57_1,2023,11,0,0
ESP.4.4.4.58_1,2023,11,0,0
ESP.4.4.4.59_1,2023,11,0,0
ESP.4.4.4.6_1,2023,11,0,0
ESP.4.4.4.60_1,2023,11,0,0
ESP.4.4.4.61_1,2023,11,0,0
ESP.4.4.4.62_1,2023,11,0,0
ESP.4.4.4.63_1,2023,11,0,0
ESP.4.4.4.64_1,2023,11,0,0
ESP.4.4.4.65_1,2023,11,0,0
ESP.4.4.4.66_1,2023,11,0,0
ESP.4.4.4.67_1,2023,11,0,0
ESP.4.4.4.68_1,2023,11,0,0
ESP.4.4.4.69_1,2023,11,0,0
ESP.4.4.4.7_1,2023,11,0,0
ESP.4.4.4.70_1,2023,11,0,0
ESP.4.4.4.8_1,2023,11,0,0
ESP.4.4.4.9_1,2023,11,0,0
ESP.4.4.5.1_1,2023,11,0,0
ESP.4.4.5.10_1,2023,11,0,0
ESP.4.4.5.11_1,2023,11,0,0
ESP.4.4.5.12_1,2023,11,0,0
ESP.4.4.5.13_1,2023,11,0,0
ESP.4.4.5.14_1,2023,11,0,0
ESP.4.4.5.15_1,2023,11,0,0
ESP.4.4.5.16_1,2023,11,0,0
ESP.4.4.5.17_1,2023,11,0,0
ESP.4.4.5.18_1,2023,11,0,0
ESP.4.4.5.19_1,2023,11,0,0
ESP.4.4.5.2_1,2023,11,0,0
ESP.4.4.5.20_1,2023,11,0,0
ESP.4.4.5.21_1,2023,11,0,0
ESP.4.4.5.22_1,2023,11,0,0
ESP.4.4.5.23_1,2023,11,0,0
ESP.4.4.5.24_1,2023,11,0,0
ESP.4.4.5.25_1,2023,11,0,0
ESP.4.4.5.26_1,2023,11,0,0
ESP.4.4.5.27_1,2023,11,0,0
ESP.4.4.5.28_1,2023,11,0,0
ESP.4.4.5.29_1,2023,11,0,0
ESP.4.4.5.3_1,2023,11,0,0
ESP.4.4.5.30_1,2023,11,0,0
ESP.4.4.5.31_1,2023,11,0,0
ESP.4.4.5.32_1,2023,11,0,0
ESP.4.4.5.33_1,2023,11,0,0
ESP.4.4.5.34_1,2023,11,0,0
ESP.4.4.5.35_1,2023,11,0,0
ESP.4.4.5.36_1,2023,11,0,0
ESP.4.4.5.37_1,2023,11,0,0
ESP.4.4.5.38_1,2023,11,0,0
ESP.4.4.5.39_1,2023,11,0,0
ESP.4.4.5.4_1,2023,11,0,0
ESP.4.4.5.40_1,2023,11,0,0
ESP.4.4.5.41_1,2023,11,0,0
ESP.4.4.5.42_1,2023,11,0,0
ESP.4.4.5.43_1,2023,11,0,0
ESP.4.4.5.44_1,2023,11,0,0
ESP.4.4.5.45_1,2023,11,0,0
ESP.4.4.5.46_1,2023,11,0,0
ESP.4.4.5.47_1,2023,11,0,0
ESP.4.4.5.48_1,2023,11,0,0
ESP.4.4.5.49_1,2023,11,0,0
ESP.4.4.5.5_1,2023,11,0,0
ESP.4.4.5.50_1,2023,11,0,0
ESP.4.4.5.51_1,2023,11,0,0
ESP.4.4.5.52_1,2023,11,0,0
ESP.4.4.5.53_1,2023,11,0,0
ESP.4.4.5.54_1,2023,11,0,0
ESP.4.4.5.55_1,2023,11,0,0
ESP.4.4.5.56_1,2023,11,0,0
ESP.4.4.5.57_1,2023,11,0,0
ESP.4.4.5.58_1,2023,11,0,0
ESP.4.4.5.59_1,2023,11,0,0
ESP.4.4.5.6_1,2023,11,0,0
ESP.4.4.5.60_1,2023,11,0,0
ESP.4.4.5.61_1,2023,11,0,0
ESP.4.4.5.62_1,2023,11,0,0
ESP.4.4.5.63_1,2023,11,0,0
ESP.4.4.5.64_1,2023,11,0,0
ESP.4.4.5.65_1,2023,11,0,0
ESP.4.4.5.66_1,2023,11,0,0
ESP.4.4.5.67_1,2023,11,0,0
ESP.4.4.5.68_1,2023,11,0,0
ESP.4.4.5.69_1,2023,11,0,0
ESP.4.4.5.7_1,2023,11,0,0
ESP.4.4.5.70_1,2023,11,0,0
ESP.4.4.5.71_1,2023,11,0,0
ESP.4.4.5.72_1,2023,11,0,0
ESP.4.4.5.73_1,2023,11,0,0
ESP.4.4.5.74_1,2023,11,0,0
ESP.4.4.5.8_1,2023,11,0,0
ESP.4.4.5.9_1,2023,11,0,0
ESP.4.4.6.1_1,2023,11,0,0
ESP.4.5.1.1_1,2023,11,0,0
ESP.4.5.1.10_1,2023,11,0,0
ESP.4.5.1.11_1,2023,11,0,0
ESP.4.5.1.12_1,2023,11,0,0
ESP.4.5.1.13_1,2023,11,0,0
ESP.4.5.1.14_1,2023,11,0,0
ESP.4.5.1.15_1,2023,11,0,0
ESP.4.5.1.16_1,2023,11,0,0
ESP.4.5.1.17_1,2023,11,0,0
ESP.4.5.1.18_1,2023,11,0,0
ESP.4.5.1.19_1,2023,11,0,0
ESP.4.5.1.2_1,2023,11,0,0
ESP.4.5.1.20_1,2023,11,0,0
ESP.4.5.1.21_1,2023,11,0,0
ESP.4.5.1.22_1,2023,11,0,0
ESP.4.5.1.23_1,2023,11,0,0
ESP.4.5.1.24_1,2023,11,0,0
ESP.4.5.1.25_1,2023,11,0,0
ESP.4.5.1.26_1,2023,11,0,0
ESP.4.5.1.27_1,2023,11,0,0
ESP.4.5.1.28_1,2023,11,0,0
ESP.4.5.1.29_1,2023,11,0,0
ESP.4.5.1.3_1,2023,11,0,0
ESP.4.5.1.30_1,2023,11,0,0
ESP.4.5.1.31_1,2023,11,0,0
ESP.4.5.1.32_1,2023,11,0,0
ESP.4.5.1.33_1,2023,11,0,0
ESP.4.5.1.34_1,2023,11,0,0
ESP.4.5.1.35_1,2023,11,0,0
ESP.4.5.1.36_1,2023,11,0,0
ESP.4.5.1.37_1,2023,11,0,0
ESP.4.5.1.38_1,2023,11,0,0
ESP.4.5.1.39_1,2023,11,0,0
ESP.4.5.1.4_1,2023,11,0,0
ESP.4.5.1.5_1,2023,11,0,0
ESP.4.5.1.6_1,2023,11,0,0
ESP.4.5.1.7_1,2023,11,0,0
ESP.4.5.1.8_1,2023,11,0,0
ESP.4.5.1.9_1,2023,11,0,0
ESP.4.5.2.1_1,2023,11,0,0
ESP.4.5.2.2_1,2023,11,0,0
ESP.4.5.2.3_1,2023,11,0,0
ESP.4.5.2.4_1,2023,11,0,0
ESP.4.5.2.5_1,2023,11,0,0
ESP.4.5.2.6_1,2023,11,0,0
ESP.4.5.2.7_1,2023,11,0,0
ESP.4.5.3.1_1,2023,11,0,0
ESP.4.5.3.2_1,2023,11,0,0
ESP.4.5.3.3_1,2023,11,0,0
ESP.4.5.3.4_1,2023,11,0,0
ESP.4.5.3.5_1,2023,11,0,0
ESP.4.5.3.6_1,2023,11,0,0
ESP.4.5.4.1_1,2023,11,0,0
ESP.4.5.4.10_1,2023,11,0,0
ESP.4.5.4.11_1,2023,11,0,0
ESP.4.5.4.12_1,2023,11,0,0
ESP.4.5.4.13_1,2023,11,0,0
ESP.4.5.4.14_1,2023,11,0,0
ESP.4.5.4.15_1,2023,11,0,0
ESP.4.5.4.16_1,2023,11,0,0
ESP.4.5.4.17_1,2023,11,0,0
ESP.4.5.4.18_1,2023,11,0,0
ESP.4.5.4.19_1,2023,11,0,0
ESP.4.5.4.2_1,2023,11,0,0
ESP.4.5.4.20_1,2023,11,0,0
ESP.4.5.4.21_1,2023,11,0,0
ESP.4.5.4.22_1,2023,11,0,0
ESP.4.5.4.23_1,2023,11,0,0
ESP.4.5.4.24_1,2023,11,0,0
ESP.4.5.4.25_1,2023,11,0,0
ESP.4.5.4.26_1,2023,11,0,0
ESP.4.5.4.27_1,2023,11,0,0
ESP.4.5.4.28_1,2023,11,0,0
ESP.4.5.4.29_1,2023,11,0,0
ESP.4.5.4.3_1,2023,11,0,0
ESP.4.5.4.30_1,2023,11,0,0
ESP.4.5.4.31_1,2023,11,0,0
ESP.4.5.4.32_1,2023,11,0,0
ESP.4.5.4.33_1,2023,11,0,0
ESP.4.5.4.34_1,2023,11,0,0
ESP.4.5.4.35_1,2023,11,0,0
ESP.4.5.4.36_1,2023,11,0,0
ESP.4.5.4.37_1,2023,11,0,0
ESP.4.5.4.38_1,2023,11,0,0
ESP.4.5.4.39_1,2023,11,0,0
ESP.4.5.4.4_1,2023,11,0,0
ESP.4.5.4.40_1,2023,11,0,0
ESP.4.5.4.41_1,2023,11,0,0
ESP.4.5.4.5_1,2023,11,0,0
ESP.4.5.4.6_1,2023,11,0,0
ESP.4.5.4.7_1,2023,11,0,0
ESP.4.5.4.8_1,2023,11,0,0
ESP.4.5.4.9_1,2023,11,0,0
ESP.4.5.5.1_1,2023,11,0,0
ESP.4.5.5.10_1,2023,11,0,0
ESP.4.5.5.11_1,2023,11,0,0
ESP.4.5.5.12_1,2023,11,0,0
ESP.4.5.5.13_1,2023,11,0,0
ESP.4.5.5.14_1,2023,11,0,0
ESP.4.5.5.15_1,2023,11,0,0
ESP.4.5.5.16_1,2023,11,0,0
ESP.4.5.5.17_1,2023,11,0,0
ESP.4.5.5.18_1,2023,11,0,0
ESP.4.5.5.19_1,2023,11,0,0
ESP.4.5.5.2_1,2023,11,0,0
ESP.4.5.5.20_1,2023,11,0,0
ESP.4.5.5.21_1,2023,11,0,0
ESP.4.5.5.22_1,2023,11,0,0
ESP.4.5.5.23_1,2023,11,0,0
ESP.4.5.5.24_1,2023,11,0,0
ESP.4.5.5.25_1,2023,11,0,0
ESP.4.5.5.26_1,2023,11,0,0
ESP.4.5.5.27_1,2023,11,0,0
ESP.4.5.5.28_1,2023,11,0,0
ESP.4.5.5.29_1,2023,11,0,0
ESP.4.5.5.3_1,2023,11,0,0
ESP.4.5.5.30_1,2023,11,0,0
ESP.4.5.5.31_1,2023,11,0,0
ESP.4.5.5.32_1,2023,11,0,0
ESP.4.5.5.33_1,2023,11,0,0
ESP.4.5.5.34_1,2023,11,0,0
ESP.4.5.5.35_1,2023,11,0,0
ESP.4.5.5.36_1,2023,11,0,0
ESP.4.5.5.37_1,2023,11,0,0
ESP.4.5.5.38_1,2023,11,0,0
ESP.4.5.5.39_1,2023,11,0,0
ESP.4.5.5.4_1,2023,11,0,0
ESP.4.5.5.40_1,2023,11,0,0
ESP.4.5.5.41_1,2023,11,0,0
ESP.4.5.5.42_1,2023,11,0,0
ESP.4.5.5.43_1,2023,11,0,0
ESP.4.5.5.44_1,2023,11,0,0
ESP.4.5.5.45_1,2023,11,0,0
ESP.4.5.5.46_1,2023,11,0,0
ESP.4.5.5.47_1,2023,11,0,0
ESP.4.5.5.5_1,2023,11,0,0
ESP.4.5.5.6_1,2023,11,0,0
ESP.4.5.5.7_1,2023,11,0,0
ESP.4.5.5.8_1,2023,11,0,0
ESP.4.5.5.9_1,2023,11,0,0
ESP.4.5.6.1_1,2023,11,0,0
ESP.4.5.6.10_1,2023,11,0,0
ESP.4.5.6.11_1,2023,11,0,0
ESP.4.5.6.12_1,2023,11,0,0
ESP.4.5.6.13_1,2023,11,0,0
ESP.4.5.6.14_1,2023,11,0,0
ESP.4.5.6.15_1,2023,11,0,0
ESP.4.5.6.16_1,2023,11,0,0
ESP.4.5.6.17_1,2023,11,0,0
ESP.4.5.6.18_1,2023,11,0,0
ESP.4.5.6.19_1,2023,11,0,0
ESP.4.5.6.2_1,2023,11,0,0
ESP.4.5.6.20_1,2023,11,0,0
ESP.4.5.6.21_1,2023,11,0,0
ESP.4.5.6.22_1,2023,11,0,0
ESP.4.5.6.23_1,2023,11,0,0
ESP.4.5.6.24_1,2023,11,0,0
ESP.4.5.6.25_1,2023,11,0,0
ESP.4.5.6.26_1,2023,11,0,0
ESP.4.5.6.27_1,2023,11,0,0
ESP.4.5.6.28_1,2023,11,0,0
ESP.4.5.6.29_1,2023,11,0,0
ESP.4.5.6.3_1,2023,11,0,0
ESP.4.5.6.30_1,2023,11,0,0
ESP.4.5.6.31_1,2023,11,0,0
ESP.4.5.6.32_1,2023,11,0,0
ESP.4.5.6.33_1,2023,11,0,0
ESP.4.5.6.34_1,2023,11,0,0
ESP.4.5.6.35_1,2023,11,0,0
ESP.4.5.6.36_1,2023,11,0,0
ESP.4.5.6.37_1,2023,11,0,0
ESP.4.5.6.38_1,2023,11,0,0
ESP.4.5.6.39_1,2023,11,0,0
ESP.4.5.6.4_1,2023,11,0,0
ESP.4.5.6.40_1,2023,11,0,0
ESP.4.5.6.41_1,2023,11,0,0
ESP.4.5.6.42_1,2023,11,0,0
ESP.4.5.6.43_1,2023,11,0,0
ESP.4.5.6.44_1,2023,11,0,0
ESP.4.5.6.45_1,2023,11,0,0
ESP.4.5.6.5_1,2023,11,0,0
ESP.4.5.6.6_1,2023,11,0,0
ESP.4.5.6.7_1,2023,11,0,0
ESP.4.5.6.8_1,2023,11,0,0
ESP.4.5.6.9_1,2023,11,0,0
ESP.4.5.7.1_1,2023,11,0,0
ESP.4.5.7.10_1,2023,11,0,0
ESP.4.5.7.11_1,2023,11,0,0
ESP.4.5.7.12_1,2023,11,0,0
ESP.4.5.7.13_1,2023,11,0,0
ESP.4.5.7.14_1,2023,11,0,0
ESP.4.5.7.15_1,2023,11,0,0
ESP.4.5.7.16_1,2023,11,0,0
ESP.4.5.7.17_1,2023,11,0,0
ESP.4.5.7.18_1,2023,11,0,0
ESP.4.5.7.19_1,2023,11,0,0
ESP.4.5.7.2_1,2023,11,0,0
ESP.4.5.7.3_1,2023,11,0,0
ESP.4.5.7.4_1,2023,11,0,0
ESP.4.5.7.5_1,2023,11,0,0
ESP.4.5.7.6_1,2023,11,0,0
ESP.4.5.7.7_1,2023,11,0,0
ESP.4.5.7.8_1,2023,11,0,0
ESP.4.5.7.9_1,2023,11,0,0
ESP.5.1.3.23_1,2023,11,0,0
ESP.5.1.3.26_1,2023,11,0,0
ESP.5.1.3.30_1,2023,11,0,0
ESP.5.1.3.39_1,2023,11,0,0
ESP.5.1.3.5_1,2023,11,0,0
ESP.5.1.5.11_1,2023,11,0,0
ESP.5.1.5.12_1,2023,11,0,0
ESP.5.1.5.2_1,2023,11,0,0
ESP.5.1.5.4_1,2023,11,0,0
ESP.5.1.5.5_1,2023,11,0,0
ESP.5.1.5.7_1,2023,11,0,0
ESP.5.1.6.1_1,2023,11,0,0
ESP.5.1.6.11_1,2023,11,0,0
ESP.5.1.6.12_1,2023,11,0,0
ESP.5.1.6.13_1,2023,11,0,0
ESP.5.1.6.14_1,2023,11,0,0
ESP.5.1.6.15_1,2023,11,0,0
ESP.5.1.6.16_1,2023,11,0,0
ESP.5.1.6.17_1,2023,11,0,0
ESP.5.1.6.18_1,2023,11,0,0
ESP.5.1.6.2_1,2023,11,0,0
ESP.5.1.6.22_1,2023,11,0,0
ESP.5.1.6.23_1,2023,11,0,0
ESP.5.1.6.3_1,2023,11,0,0
ESP.5.1.6.4_1,2023,11,0,0
ESP.5.1.6.8_1,2023,11,0,0
ESP.5.1.6.9_1,2023,11,0,0
ESP.5.2.10.1_1,2023,11,0,0
ESP.5.2.10.2_1,2023,11,0,0
ESP.5.2.2.13_1,2023,11,0,0
ESP.5.2.2.8_1,2023,11,0,0
ESP.5.2.5.12_1,2023,11,0,0
ESP.5.2.5.14_1,2023,11,0,0
ESP.5.2.5.22_1,2023,11,0,0
ESP.5.2.5.35_1,2023,11,0,0
ESP.5.2.5.40_1,2023,11,0,0
ESP.5.2.5.46_1,2023,11,0,0
ESP.5.2.5.5_1,2023,11,0,0
ESP.5.2.5.54_1,2023,11,0,0
ESP.5.2.5.55_1,2023,11,0,0
ESP.5.2.5.56_1,2023,11,0,0
ESP.5.2.5.6_1,2023,11,0,0
ESP.5.2.5.63_1,2023,11,0,0
ESP.5.2.5.70_1,2023,11,0,0
ESP.5.2.5.76_1,2023,11,0,0
ESP.5.2.5.9_1,2023,11,0,0
ESP.5.2.6.10_1,2023,11,0,0
ESP.5.2.6.15_1,2023,11,0,0
ESP.5.2.6.17_1,2023,11,0,0
ESP.5.2.6.18_1,2023,11,0,0
ESP.5.2.6.4_1,2023,11,0,0
ESP.5.2.6.7_1,2023,11,0,0
ESP.5.2.6.9_1,2023,11,0,0
ESP.5.2.7.4_1,2023,11,0,0
ESP.5.2.7.43_1,2023,11,0,0
ESP.5.2.7.47_1,2023,11,0,0
ESP.5.2.7.60_1,2023,11,0,0
ESP.5.2.7.61_1,2023,11,0,0
ESP.5.2.7.7_1,2023,11,0,0
ESP.5.2.7.79_1,2023,11,0,0
ESP.5.3.1.10_1,2023,11,0,0
ESP.5.3.1.12_1,2023,11,0,0
ESP.5.3.1.2_1,2023,11,0,0
ESP.5.3.1.22_1,2023,11,0,0
ESP.5.3.1.23_1,2023,11,0,0
ESP.5.3.1.24_1,2023,11,0,0
ESP.5.3.1.27_1,2023,11,0,0
ESP.5.3.1.29_1,2023,11,0,0
ESP.5.3.1.3_1,2023,11,0,0
ESP.5.3.1.33_1,2023,11,0,0
ESP.5.3.1.34_1,2023,11,0,0
ESP.5.3.1.36_1,2023,11,0,0
ESP.5.3.3.10_1,2023,11,0,0
ESP.5.3.3.12_1,2023,11,0,0
ESP.5.3.3.13_1,2023,11,0,0
ESP.5.3.3.15_1,2023,11,0,0
ESP.5.3.3.19_1,2023,11,0,0
ESP.5.3.3.4_1,2023,11,0,0
ESP.5.3.3.5_1,2023,11,0,0
ESP.5.3.4.1_1,2023,11,0,0
ESP.5.3.4.4_1,2023,11,0,0
ESP.5.3.5.1_1,2023,11,0,0
ESP.5.3.5.10_1,2023,11,0,0
ESP.5.3.5.12_1,2023,11,0,0
ESP.5.3.5.13_1,2023,11,0,0
ESP.5.3.5.7_1,2023,11,0,0
ESP.5.3.5.9_1,2023,11,0,0
ESP.5.5.5.24_1,2023,11,0,0
ESP.5.5.5.3_1,2023,11,0,0
ESP.5.5.5.31_1,2023,11,0,0
ESP.5.5.5.50_1,2023,11,0,0
ESP.5.5.5.54_1,2023,11,0,0
ESP.5.5.7.12_1,2023,11,0,0
ESP.5.5.7.19_1,2023,11,0,0
ESP.5.5.7.22_1,2023,11,0,0
ESP.5.5.7.28_1,2023,11,0,0
ESP.5.5.7.39_1,2023,11,0,0
ESP.5.5.7.4_1,2023,11,0,0
ESP.5.5.7.44_1,2023,11,0,0
ESP.5.5.7.48_1,2023,11,0,0
ESP.5.5.7.57_1,2023,11,0,0
ESP.5.5.8.1_1,2023,11,0,0
ESP.5.5.8.13_1,2023,11,0,0
ESP.5.5.8.14_1,2023,11,0,0
ESP.5.5.8.15_1,2023,11,0,0
ESP.5.5.8.17_1,2023,11,0,0
ESP.5.5.8.21_1,2023,11,0,0
ESP.5.5.8.22_1,2023,11,0,0
ESP.5.5.8.23_1,2023,11,0,0
ESP.5.5.8.25_1,2023,11,0,0
ESP.5.5.8.27_1,2023,11,0,0
ESP.5.5.8.28_1,2023,11,0,0
ESP.5.5.8.3_1,2023,11,0,0
ESP.5.5.8.30_1,2023,11,0,0
ESP.5.5.8.33_1,2023,11,0,0
ESP.5.5.8.37_1,2023,11,0,0
ESP.5.5.8.41_1,2023,11,0,0
ESP.5.5.8.44_1,2023,11,0,0
ESP.5.5.8.46_1,2023,11,0,0
ESP.5.6.1.24_1,2023,11,0,0
ESP.5.6.1.53_1,2023,11,0,0
ESP.5.6.1.55_1,2023,11,0,0
ESP.5.6.1.8_1,2023,11,0,0
ESP.5.6.3.11_1,2023,11,0,0
ESP.5.6.3.14_1,2023,11,0,0
ESP.5.6.3.15_1,2023,11,0,0
ESP.5.6.3.18_1,2023,11,0,0
ESP.5.6.3.2_1,2023,11,0,0
ESP.5.6.3.21_1,2023,11,0,0
ESP.5.6.3.29_1,2023,11,0,0
ESP.5.6.3.31_1,2023,11,0,0
ESP.5.6.3.37_1,2023,11,0,0
ESP.5.6.3.4_1,2023,11,0,0
ESP.5.6.3.40_1,2023,11,0,0
ESP.5.6.3.44_1,2023,11,0,0
ESP.5.6.3.48_1,2023,11,0,0
ESP.5.6.3.50_1,2023,11,0,0
ESP.5.6.3.51_1,2023,11,0,0
ESP.5.6.3.52_1,2023,11,0,0
ESP.5.6.3.54_1,2023,11,0,0
ESP.5.7.1.13_1,2023,11,0,0
ESP.5.7.1.19_1,2023,11,0,0
ESP.5.7.1.20_1,2023,11,0,0
ESP.5.7.1.21_1,2023,11,0,0
ESP.5.7.1.22_1,2023,11,0,0
ESP.5.7.1.28_1,2023,11,0,0
ESP.5.7.1.31_1,2023,11,0,0
ESP.5.7.1.33_1,2023,11,0,0
ESP.5.7.1.8_1,2023,11,0,0
ESP.5.7.1.9_1,2023,11,0,0
ESP.5.7.2.1_1,2023,11,0,0
ESP.5.7.2.10_1,2023,11,0,0
ESP.5.7.2.14_1,2023,11,0,0
ESP.5.7.2.16_1,2023,11,0,0
ESP.5.7.2.22_1,2023,11,0,0
ESP.5.7.2.24_1,2023,11,0,0
ESP.5.7.2.25_1,2023,11,0,0
ESP.5.7.2.27_1,2023,11,0,0
ESP.5.7.2.28_1,2023,11,0,0
ESP.5.7.2.29_1,2023,11,0,0
ESP.5.7.2.31_1,2023,11,0,0
ESP.5.7.2.38_1,2023,11,0,0
ESP.5.7.2.47_1,2023,11,0,0
ESP.5.7.2.48_1,2023,11,0,0
ESP.5.7.2.53_1,2023,11,0,0
ESP.5.7.2.59_1,2023,11,0,0
ESP.5.7.4.4_1,2023,11,0,0
ESP.5.7.4.6_1,2023,11,0,0
ESP.5.7.4.7_1,2023,11,0,0
ESP.5.7.5.2_1,2023,11,0,0
ESP.5.7.5.3_1,2023,11,0,0
ESP.5.7.5.4_1,2023,11,0,0
ESP.5.7.5.5_1,2023,11,0,0
ESP.5.7.5.6_1,2023,11,0,0
ESP.5.7.6.13_1,2023,11,0,0
ESP.5.7.6.16_1,2023,11,0,0
ESP.5.7.7.10_1,2023,11,0,0
ESP.5.7.7.19_1,2023,11,0,0
ESP.5.7.7.7_1,2023,11,0,0
ESP.5.9.2.17_1,2023,11,0,0
ESP.5.9.2.19_1,2023,11,0,0
ESP.5.9.2.20_1,2023,11,0,0
ESP.5.9.2.7_1,2023,11,0,0
ESP.5.9.2.9_1,2023,11,0,0
ESP.5.9.3.1_1,2023,11,0,0
ESP.5.9.3.20_1,2023,11,0,0
ESP.5.9.3.27_1,2023,11,0,0
ESP.5.9.5.21_1,2023,11,0,0
ESP.5.9.5.23_1,2023,11,0,0
ESP.5.9.5.24_1,2023,11,0,0
ESP.5.9.5.7_1,2023,11,0,0
ESP.5.9.5.8_1,2023,11,0,0
ESP.6.1.1.1_1,2023,11,0,0
ESP.6.1.10.1_1,2023,11,0,0
ESP.6.1.10.10_1,2023,11,0,0
ESP.6.1.10.11_1,2023,11,0,0
ESP.6.1.10.12_1,2023,11,0,0
ESP.6.1.10.13_1,2023,11,0,0
ESP.6.1.10.14_1,2023,11,0,0
ESP.6.1.10.15_1,2023,11,0,0
ESP.6.1.10.16_1,2023,11,0,0
ESP.6.1.10.17_1,2023,11,0,0
ESP.6.1.10.18_1,2023,11,0,0
ESP.6.1.10.19_1,2023,11,0,0
ESP.6.1.10.2_1,2023,11,0,0
ESP.6.1.10.20_1,2023,11,0,0
ESP.6.1.10.21_1,2023,11,0,0
ESP.6.1.10.22_1,2023,11,0,0
ESP.6.1.10.23_1,2023,11,0,0
ESP.6.1.10.3_1,2023,11,0,0
ESP.6.1.10.4_1,2023,11,0,0
ESP.6.1.10.5_1,2023,11,0,0
ESP.6.1.10.6_1,2023,11,0,0
ESP.6.1.10.7_1,2023,11,0,0
ESP.6.1.10.8_1,2023,11,0,0
ESP.6.1.10.9_1,2023,11,0,0
ESP.6.1.11.1_1,2023,11,0,0
ESP.6.1.11.10_1,2023,11,0,0
ESP.6.1.11.11_1,2023,11,0,0
ESP.6.1.11.12_1,2023,11,0,0
ESP.6.1.11.13_1,2023,11,0,0
ESP.6.1.11.14_1,2023,11,0,0
ESP.6.1.11.15_1,2023,11,0,0
ESP.6.1.11.16_1,2023,11,0,0
ESP.6.1.11.17_1,2023,11,0,0
ESP.6.1.11.18_1,2023,11,0,0
ESP.6.1.11.19_1,2023,11,0,0
ESP.6.1.11.2_1,2023,11,0,0
ESP.6.1.11.20_1,2023,11,0,0
ESP.6.1.11.21_1,2023,11,0,0
ESP.6.1.11.22_1,2023,11,0,0
ESP.6.1.11.23_1,2023,11,0,0
ESP.6.1.11.24_1,2023,11,0,0
ESP.6.1.11.25_1,2023,11,0,0
ESP.6.1.11.26_1,2023,11,0,0
ESP.6.1.11.27_1,2023,11,0,0
ESP.6.1.11.28_1,2023,11,0,0
ESP.6.1.11.29_1,2023,11,0,0
ESP.6.1.11.3_1,2023,11,0,0
ESP.6.1.11.30_1,2023,11,0,0
ESP.6.1.11.31_1,2023,11,0,0
ESP.6.1.11.4_1,2023,11,0,0
ESP.6.1.11.5_1,2023,11,0,0
ESP.6.1.11.6_1,2023,11,0,0
ESP.6.1.11.7_1,2023,11,0,0
ESP.6.1.11.8_1,2023,11,0,0
ESP.6.1.11.9_1,2023,11,0,0
ESP.6.1.12.1_1,2023,11,0,0
ESP.6.1.12.10_1,2023,11,0,0
ESP.6.1.12.11_1,2023,11,0,0
ESP.6.1.12.12_1,2023,11,0,0
ESP.6.1.12.13_1,2023,11,0,0
ESP.6.1.12.14_1,2023,11,0,0
ESP.6.1.12.15_1,2023,11,0,0
ESP.6.1.12.16_1,2023,11,0,0
ESP.6.1.12.17_1,2023,11,0,0
ESP.6.1.12.18_1,2023,11,0,0
ESP.6.1.12.19_1,2023,11,0,0
ESP.6.1.12.2_1,2023,11,0,0
ESP.6.1.12.20_1,2023,11,0,0
ESP.6.1.12.21_1,2023,11,0,0
ESP.6.1.12.22_1,2023,11,0,0
ESP.6.1.12.23_1,2023,11,0,0
ESP.6.1.12.24_1,2023,11,0,0
ESP.6.1.12.25_1,2023,11,0,0
ESP.6.1.12.26_1,2023,11,0,0
ESP.6.1.12.27_1,2023,11,0,0
ESP.6.1.12.28_1,2023,11,0,0
ESP.6.1.12.29_1,2023,11,0,0
ESP.6.1.12.3_1,2023,11,0,0
ESP.6.1.12.30_1,2023,11,0,0
ESP.6.1.12.31_1,2023,11,0,0
ESP.6.1.12.32_1,2023,11,0,0
ESP.6.1.12.33_1,2023,11,0,0
ESP.6.1.12.34_1,2023,11,0,0
ESP.6.1.12.4_1,2023,11,0,0
ESP.6.1.12.5_1,2023,11,0,0
ESP.6.1.12.6_1,2023,11,0,0
ESP.6.1.12.7_1,2023,11,0,0
ESP.6.1.12.8_1,2023,11,0,0
ESP.6.1.12.9_1,2023,11,0,0
ESP.6.1.2.1_1,2023,11,0,0
ESP.6.1.3.1_1,2023,11,0,0
ESP.6.1.3.10_1,2023,11,0,0
ESP.6.1.3.11_1,2023,11,0,0
ESP.6.1.3.12_1,2023,11,0,0
ESP.6.1.3.13_1,2023,11,0,0
ESP.6.1.3.14_1,2023,11,0,0
ESP.6.1.3.15_1,2023,11,0,0
ESP.6.1.3.16_1,2023,11,0,0
ESP.6.1.3.17_1,2023,11,0,0
ESP.6.1.3.18_1,2023,11,0,0
ESP.6.1.3.19_1,2023,11,0,0
ESP.6.1.3.2_1,2023,11,0,0
ESP.6.1.3.20_1,2023,11,0,0
ESP.6.1.3.21_1,2023,11,0,0
ESP.6.1.3.22_1,2023,11,0,0
ESP.6.1.3.23_1,2023,11,0,0
ESP.6.1.3.24_1,2023,11,0,0
ESP.6.1.3.25_1,2023,11,0,0
ESP.6.1.3.26_1,2023,11,0,0
ESP.6.1.3.27_1,2023,11,0,0
ESP.6.1.3.28_1,2023,11,0,0
ESP.6.1.3.29_1,2023,11,0,0
ESP.6.1.3.3_1,2023,11,0,0
ESP.6.1.3.30_1,2023,11,0,0
ESP.6.1.3.31_1,2023,11,0,0
ESP.6.1.3.32_1,2023,11,0,0
ESP.6.1.3.33_1,2023,11,0,0
ESP.6.1.3.4_1,2023,11,0,0
ESP.6.1.3.5_1,2023,11,0,0
ESP.6.1.3.6_1,2023,11,0,0
ESP.6.1.3.7_1,2023,11,0,0
ESP.6.1.3.8_1,2023,11,0,0
ESP.6.1.3.9_1,2023,11,0,0
ESP.6.1.4.1_1,2023,11,0,0
ESP.6.1.4.10_1,2023,11,0,0
ESP.6.1.4.11_1,2023,11,0,0
ESP.6.1.4.12_1,2023,11,0,0
ESP.6.1.4.13_1,2023,11,0,0
ESP.6.1.4.14_1,2023,11,0,0
ESP.6.1.4.15_1,2023,11,0,0
ESP.6.1.4.16_1,2023,11,0,0
ESP.6.1.4.17_1,2023,11,0,0
ESP.6.1.4.18_1,2023,11,0,0
ESP.6.1.4.19_1,2023,11,0,0
ESP.6.1.4.2_1,2023,11,0,0
ESP.6.1.4.20_1,2023,11,0,0
ESP.6.1.4.21_1,2023,11,0,0
ESP.6.1.4.22_1,2023,11,0,0
ESP.6.1.4.23_1,2023,11,0,0
ESP.6.1.4.24_1,2023,11,0,0
ESP.6.1.4.25_1,2023,11,0,0
ESP.6.1.4.26_1,2023,11,0,0
ESP.6.1.4.27_1,2023,11,0,0
ESP.6.1.4.28_1,2023,11,0,0
ESP.6.1.4.29_1,2023,11,0,0
ESP.6.1.4.3_1,2023,11,0,0
ESP.6.1.4.30_1,2023,11,0,0
ESP.6.1.4.31_1,2023,11,0,0
ESP.6.1.4.32_1,2023,11,0,0
ESP.6.1.4.33_1,2023,11,0,0
ESP.6.1.4.34_1,2023,11,0,0
ESP.6.1.4.4_1,2023,11,0,0
ESP.6.1.4.5_1,2023,11,0,0
ESP.6.1.4.6_1,2023,11,0,0
ESP.6.1.4.7_1,2023,11,0,0
ESP.6.1.4.8_1,2023,11,0,0
ESP.6.1.4.9_1,2023,11,0,0
ESP.6.1.5.1_1,2023,11,0,0
ESP.6.1.5.10_1,2023,11,0,0
ESP.6.1.5.11_1,2023,11,0,0
ESP.6.1.5.12_1,2023,11,0,0
ESP.6.1.5.13_1,2023,11,0,0
ESP.6.1.5.14_1,2023,11,0,0
ESP.6.1.5.15_1,2023,11,0,0
ESP.6.1.5.16_1,2023,11,0,0
ESP.6.1.5.17_1,2023,11,0,0
ESP.6.1.5.18_1,2023,11,0,0
ESP.6.1.5.19_1,2023,11,0,0
ESP.6.1.5.2_1,2023,11,0,0
ESP.6.1.5.20_1,2023,11,0,0
ESP.6.1.5.21_1,2023,11,0,0
ESP.6.1.5.22_1,2023,11,0,0
ESP.6.1.5.23_1,2023,11,0,0
ESP.6.1.5.24_1,2023,11,0,0
ESP.6.1.5.25_1,2023,11,0,0
ESP.6.1.5.26_1,2023,11,0,0
ESP.6.1.5.27_1,2023,11,0,0
ESP.6.1.5.28_1,2023,11,0,0
ESP.6.1.5.29_1,2023,11,0,0
ESP.6.1.5.3_1,2023,11,0,0
ESP.6.1.5.30_1,2023,11,0,0
ESP.6.1.5.31_1,2023,11,0,0
ESP.6.1.5.32_1,2023,11,0,0
ESP.6.1.5.33_1,2023,11,0,0
ESP.6.1.5.34_1,2023,11,0,0
ESP.6.1.5.35_1,2023,11,0,0
ESP.6.1.5.4_1,2023,11,0,0
ESP.6.1.5.5_1,2023,11,0,0
ESP.6.1.5.6_1,2023,11,0,0
ESP.6.1.5.7_1,2023,11,0,0
ESP.6.1.5.8_1,2023,11,0,0
ESP.6.1.5.9_1,2023,11,0,0
ESP.6.1.6.1_1,2023,11,0,0
ESP.6.1.6.10_1,2023,11,0,0
ESP.6.1.6.2_1,2023,11,0,0
ESP.6.1.6.3_1,2023,11,0,0
ESP.6.1.6.4_1,2023,11,0,0
ESP.6.1.6.5_1,2023,11,0,0
ESP.6.1.6.6_1,2023,11,0,0
ESP.6.1.6.7_1,2023,11,0,0
ESP.6.1.6.8_1,2023,11,0,0
ESP.6.1.6.9_1,2023,11,0,0
ESP.6.1.7.1_1,2023,11,0,0
ESP.6.1.7.10_1,2023,11,0,0
ESP.6.1.7.11_1,2023,11,0,0
ESP.6.1.7.12_1,2023,11,0,0
ESP.6.1.7.13_1,2023,11,0,0
ESP.6.1.7.14_1,2023,11,0,0
ESP.6.1.7.15_1,2023,11,0,0
ESP.6.1.7.16_1,2023,11,0,0
ESP.6.1.7.17_1,2023,11,0,0
ESP.6.1.7.18_1,2023,11,0,0
ESP.6.1.7.19_1,2023,11,0,0
ESP.6.1.7.2_1,2023,11,0,0
ESP.6.1.7.20_1,2023,11,0,0
ESP.6.1.7.21_1,2023,11,0,0
ESP.6.1.7.22_1,2023,11,0,0
ESP.6.1.7.23_1,2023,11,0,0
ESP.6.1.7.24_1,2023,11,0,0
ESP.6.1.7.25_1,2023,11,0,0
ESP.6.1.7.26_1,2023,11,0,0
ESP.6.1.7.27_1,2023,11,0,0
ESP.6.1.7.28_1,2023,11,0,0
ESP.6.1.7.29_1,2023,11,0,0
ESP.6.1.7.3_1,2023,11,0,0
ESP.6.1.7.30_1,2023,11,0,0
ESP.6.1.7.31_1,2023,11,0,0
ESP.6.1.7.32_1,2023,11,0,0
ESP.6.1.7.33_1,2023,11,0,0
ESP.6.1.7.34_1,2023,11,0,0
ESP.6.1.7.35_1,2023,11,0,0
ESP.6.1.7.36_1,2023,11,0,0
ESP.6.1.7.37_1,2023,11,0,0
ESP.6.1.7.38_1,2023,11,0,0
ESP.6.1.7.39_1,2023,11,0,0
ESP.6.1.7.4_1,2023,11,0,0
ESP.6.1.7.40_1,2023,11,0,0
ESP.6.1.7.41_1,2023,11,0,0
ESP.6.1.7.42_1,2023,11,0,0
ESP.6.1.7.43_1,2023,11,0,0
ESP.6.1.7.44_1,2023,11,0,0
ESP.6.1.7.45_1,2023,11,0,0
ESP.6.1.7.46_1,2023,11,0,0
ESP.6.1.7.47_1,2023,11,0,0
ESP.6.1.7.48_1,2023,11,0,0
ESP.6.1.7.49_1,2023,11,0,0
ESP.6.1.7.5_1,2023,11,0,0
ESP.6.1.7.50_1,2023,11,0,0
ESP.6.1.7.51_1,2023,11,0,0
ESP.6.1.7.52_1,2023,11,0,0
ESP.6.1.7.6_1,2023,11,0,0
ESP.6.1.7.7_1,2023,11,0,0
ESP.6.1.7.8_1,2023,11,0,0
ESP.6.1.7.9_1,2023,11,0,0
ESP.6.1.8.1_1,2023,11,0,0
ESP.6.1.8.10_1,2023,11,0,0
ESP.6.1.8.11_1,2023,11,0,0
ESP.6.1.8.12_1,2023,11,0,0
ESP.6.1.8.13_1,2023,11,0,0
ESP.6.1.8.14_1,2023,11,0,0
ESP.6.1.8.15_1,2023,11,0,0
ESP.6.1.8.16_1,2023,11,0,0
ESP.6.1.8.17_1,2023,11,0,0
ESP.6.1.8.18_1,2023,11,0,0
ESP.6.1.8.19_1,2023,11,0,0
ESP.6.1.8.2_1,2023,11,0,0
ESP.6.1.8.20_1,2023,11,0,0
ESP.6.1.8.21_1,2023,11,0,0
ESP.6.1.8.22_1,2023,11,0,0
ESP.6.1.8.23_1,2023,11,0,0
ESP.6.1.8.24_1,2023,11,0,0
ESP.6.1.8.25_1,2023,11,0,0
ESP.6.1.8.26_1,2023,11,0,0
ESP.6.1.8.27_1,2023,11,0,0
ESP.6.1.8.28_1,2023,11,0,0
ESP.6.1.8.29_1,2023,11,0,0
ESP.6.1.8.3_1,2023,11,0,0
ESP.6.1.8.4_1,2023,11,0,0
ESP.6.1.8.5_1,2023,11,0,0
ESP.6.1.8.6_1,2023,11,0,0
ESP.6.1.8.7_1,2023,11,0,0
ESP.6.1.8.8_1,2023,11,0,0
ESP.6.1.8.9_1,2023,11,0,0
ESP.6.1.9.1_1,2023,11,0,0
ESP.6.1.9.10_1,2023,11,0,0
ESP.6.1.9.11_1,2023,11,0,0
ESP.6.1.9.12_1,2023,11,0,0
ESP.6.1.9.13_1,2023,11,0,0
ESP.6.1.9.14_1,2023,11,0,0
ESP.6.1.9.15_1,2023,11,0,0
ESP.6.1.9.16_1,2023,11,0,0
ESP.6.1.9.17_1,2023,11,0,0
ESP.6.1.9.18_1,2023,11,0,0
ESP.6.1.9.19_1,2023,11,0,0
ESP.6.1.9.2_1,2023,11,0,0
ESP.6.1.9.20_1,2023,11,0,0
ESP.6.1.9.21_1,2023,11,0,0
ESP.6.1.9.22_1,2023,11,0,0
ESP.6.1.9.23_1,2023,11,0,0
ESP.6.1.9.24_1,2023,11,0,0
ESP.6.1.9.25_1,2023,11,0,0
ESP.6.1.9.26_1,2023,11,0,0
ESP.6.1.9.27_1,2023,11,0,0
ESP.6.1.9.28_1,2023,11,0,0
ESP.6.1.9.29_1,2023,11,0,0
ESP.6.1.9.3_1,2023,11,0,0
ESP.6.1.9.30_1,2023,11,0,0
ESP.6.1.9.4_1,2023,11,0,0
ESP.6.1.9.5_1,2023,11,0,0
ESP.6.1.9.6_1,2023,11,0,0
ESP.6.1.9.7_1,2023,11,0,0
ESP.6.1.9.8_1,2023,11,0,0
ESP.6.1.9.9_1,2023,11,0,0
ESP.6.2.1.1_1,2023,11,0,0
ESP.6.2.1.10_1,2023,11,0,0
ESP.6.2.1.11_1,2023,11,0,0
ESP.6.2.1.2_1,2023,11,0,0
ESP.6.2.1.3_1,2023,11,0,0
ESP.6.2.1.4_1,2023,11,0,0
ESP.6.2.1.5_1,2023,11,0,0
ESP.6.2.1.6_1,2023,11,0,0
ESP.6.2.1.7_1,2023,11,0,0
ESP.6.2.1.8_1,2023,11,0,0
ESP.6.2.1.9_1,2023,11,0,0
ESP.6.2.2.1_1,2023,11,0,0
ESP.6.2.2.10_1,2023,11,0,0
ESP.6.2.2.11_1,2023,11,0,0
ESP.6.2.2.12_1,2023,11,0,0
ESP.6.2.2.13_1,2023,11,0,0
ESP.6.2.2.14_1,2023,11,0,0
ESP.6.2.2.15_1,2023,11,0,0
ESP.6.2.2.16_1,2023,11,0,0
ESP.6.2.2.17_1,2023,11,0,0
ESP.6.2.2.18_1,2023,11,0,0
ESP.6.2.2.19_1,2023,11,0,0
ESP.6.2.2.2_1,2023,11,0,0
ESP.6.2.2.20_1,2023,11,0,0
ESP.6.2.2.3_1,2023,11,0,0
ESP.6.2.2.4_1,2023,11,0,0
ESP.6.2.2.5_1,2023,11,0,0
ESP.6.2.2.6_1,2023,11,0,0
ESP.6.2.2.7_1,2023,11,0,0
ESP.6.2.2.8_1,2023,11,0,0
ESP.6.2.2.9_1,2023,11,0,0
ESP.6.2.3.1_1,2023,11,0,0
ESP.6.2.3.10_1,2023,11,0,0
ESP.6.2.3.11_1,2023,11,0,0
ESP.6.2.3.12_1,2023,11,0,0
ESP.6.2.3.13_1,2023,11,0,0
ESP.6.2.3.14_1,2023,11,0,0
ESP.6.2.3.15_1,2023,11,0,0
ESP.6.2.3.16_1,2023,11,0,0
ESP.6.2.3.17_1,2023,11,0,0
ESP.6.2.3.18_1,2023,11,0,0
ESP.6.2.3.19_1,2023,11,0,0
ESP.6.2.3.2_1,2023,11,0,0
ESP.6.2.3.20_1,2023,11,0,0
ESP.6.2.3.21_1,2023,11,0,0
ESP.6.2.3.3_1,2023,11,0,0
ESP.6.2.3.4_1,2023,11,0,0
ESP.6.2.3.5_1,2023,11,0,0
ESP.6.2.3.6_1,2023,11,0,0
ESP.6.2.3.7_1,2023,11,0,0
ESP.6.2.3.8_1,2023,11,0,0
ESP.6.2.3.9_1,2023,11,0,0
ESP.6.2.4.1_1,2023,11,0,0
ESP.6.2.4.10_1,2023,11,0,0
ESP.6.2.4.11_1,2023,11,0,0
ESP.6.2.4.12_1,2023,11,0,0
ESP.6.2.4.13_1,2023,11,0,0
ESP.6.2.4.14_1,2023,11,0,0
ESP.6.2.4.15_1,2023,11,0,0
ESP.6.2.4.16_1,2023,11,0,0
ESP.6.2.4.17_1,2023,11,0,0
ESP.6.2.4.18_1,2023,11,0,0
ESP.6.2.4.19_1,2023,11,0,0
ESP.6.2.4.2_1,2023,11,0,0
ESP.6.2.4.20_1,2023,11,0,0
ESP.6.2.4.21_1,2023,11,0,0
ESP.6.2.4.22_1,2023,11,0,0
ESP.6.2.4.23_1,2023,11,0,0
ESP.6.2.4.24_1,2023,11,0,0
ESP.6.2.4.25_1,2023,11,0,0
ESP.6.2.4.26_1,2023,11,0,0
ESP.6.2.4.27_1,2023,11,0,0
ESP.6.2.4.28_1,2023,11,0,0
ESP.6.2.4.29_1,2023,11,0,0
ESP.6.2.4.3_1,2023,11,0,0
ESP.6.2.4.30_1,2023,11,0,0
ESP.6.2.4.31_1,2023,11,0,0
ESP.6.2.4.32_1,2023,11,0,0
ESP.6.2.4.33_1,2023,11,0,0
ESP.6.2.4.34_1,2023,11,0,0
ESP.6.2.4.35_1,2023,11,0,0
ESP.6.2.4.36_1,2023,11,0,0
ESP.6.2.4.37_1,2023,11,0,0
ESP.6.2.4.38_1,2023,11,0,0
ESP.6.2.4.4_1,2023,11,0,0
ESP.6.2.4.5_1,2023,11,0,0
ESP.6.2.4.6_1,2023,11,0,0
ESP.6.2.4.7_1,2023,11,0,0
ESP.6.2.4.8_1,2023,11,0,0
ESP.6.2.4.9_1,2023,11,0,0
ESP.6.2.5.1_1,2023,11,0,0
ESP.6.2.5.10_1,2023,11,0,0
ESP.6.2.5.11_1,2023,11,0,0
ESP.6.2.5.12_1,2023,11,0,0
ESP.6.2.5.13_1,2023,11,0,0
ESP.6.2.5.14_1,2023,11,0,0
ESP.6.2.5.15_1,2023,11,0,0
ESP.6.2.5.16_1,2023,11,0,0
ESP.6.2.5.17_1,2023,11,0,0
ESP.6.2.5.18_1,2023,11,0,0
ESP.6.2.5.19_1,2023,11,0,0
ESP.6.2.5.2_1,2023,11,0,0
ESP.6.2.5.20_1,2023,11,0,0
ESP.6.2.5.21_1,2023,11,0,0
ESP.6.2.5.22_1,2023,11,0,0
ESP.6.2.5.23_1,2023,11,0,0
ESP.6.2.5.24_1,2023,11,0,0
ESP.6.2.5.25_1,2023,11,0,0
ESP.6.2.5.26_1,2023,11,0,0
ESP.6.2.5.27_1,2023,11,0,0
ESP.6.2.5.28_1,2023,11,0,0
ESP.6.2.5.29_1,2023,11,0,0
ESP.6.2.5.3_1,2023,11,0,0
ESP.6.2.5.30_1,2023,11,0,0
ESP.6.2.5.31_1,2023,11,0,0
ESP.6.2.5.32_1,2023,11,0,0
ESP.6.2.5.33_1,2023,11,0,0
ESP.6.2.5.34_1,2023,11,0,0
ESP.6.2.5.35_1,2023,11,0,0
ESP.6.2.5.36_1,2023,11,0,0
ESP.6.2.5.37_1,2023,11,0,0
ESP.6.2.5.38_1,2023,11,0,0
ESP.6.2.5.39_1,2023,11,0,0
ESP.6.2.5.4_1,2023,11,0,0
ESP.6.2.5.40_1,2023,11,0,0
ESP.6.2.5.41_1,2023,11,0,0
ESP.6.2.5.42_1,2023,11,0,0
ESP.6.2.5.43_1,2023,11,0,0
ESP.6.2.5.44_1,2023,11,0,0
ESP.6.2.5.45_1,2023,11,0,0
ESP.6.2.5.46_1,2023,11,0,0
ESP.6.2.5.47_1,2023,11,0,0
ESP.6.2.5.48_1,2023,11,0,0
ESP.6.2.5.49_1,2023,11,0,0
ESP.6.2.5.5_1,2023,11,0,0
ESP.6.2.5.50_1,2023,11,0,0
ESP.6.2.5.51_1,2023,11,0,0
ESP.6.2.5.52_1,2023,11,0,0
ESP.6.2.5.53_1,2023,11,0,0
ESP.6.2.5.54_1,2023,11,0,0
ESP.6.2.5.55_1,2023,11,0,0
ESP.6.2.5.56_1,2023,11,0,0
ESP.6.2.5.57_1,2023,11,0,0
ESP.6.2.5.58_1,2023,11,0,0
ESP.6.2.5.59_1,2023,11,0,0
ESP.6.2.5.6_1,2023,11,0,0
ESP.6.2.5.60_1,2023,11,0,0
ESP.6.2.5.61_1,2023,11,0,0
ESP.6.2.5.62_1,2023,11,0,0
ESP.6.2.5.63_1,2023,11,0,0
ESP.6.2.5.64_1,2023,11,0,0
ESP.6.2.5.65_1,2023,11,0,0
ESP.6.2.5.66_1,2023,11,0,0
ESP.6.2.5.67_1,2023,11,0,0
ESP.6.2.5.7_1,2023,11,0,0
ESP.6.2.5.8_1,2023,11,0,0
ESP.6.2.5.9_1,2023,11,0,0
ESP.6.2.6.1_1,2023,11,0,0
ESP.6.2.6.10_1,2023,11,0,0
ESP.6.2.6.11_1,2023,11,0,0
ESP.6.2.6.12_1,2023,11,0,0
ESP.6.2.6.13_1,2023,11,0,0
ESP.6.2.6.14_1,2023,11,0,0
ESP.6.2.6.15_1,2023,11,0,0
ESP.6.2.6.16_1,2023,11,0,0
ESP.6.2.6.17_1,2023,11,0,0
ESP.6.2.6.18_1,2023,11,0,0
ESP.6.2.6.19_1,2023,11,0,0
ESP.6.2.6.2_1,2023,11,0,0
ESP.6.2.6.20_1,2023,11,0,0
ESP.6.2.6.21_1,2023,11,0,0
ESP.6.2.6.22_1,2023,11,0,0
ESP.6.2.6.23_1,2023,11,0,0
ESP.6.2.6.24_1,2023,11,0,0
ESP.6.2.6.25_1,2023,11,0,0
ESP.6.2.6.26_1,2023,11,0,0
ESP.6.2.6.27_1,2023,11,0,0
ESP.6.2.6.3_1,2023,11,0,0
ESP.6.2.6.4_1,2023,11,0,0
ESP.6.2.6.5_1,2023,11,0,0
ESP.6.2.6.6_1,2023,11,0,0
ESP.6.2.6.7_1,2023,11,0,0
ESP.6.2.6.8_1,2023,11,0,0
ESP.6.2.6.9_1,2023,11,0,0
ESP.6.2.7.1_1,2023,11,0,0
ESP.6.2.7.10_1,2023,11,0,0
ESP.6.2.7.11_1,2023,11,0,0
ESP.6.2.7.12_1,2023,11,0,0
ESP.6.2.7.13_1,2023,11,0,0
ESP.6.2.7.14_1,2023,11,0,0
ESP.6.2.7.15_1,2023,11,0,0
ESP.6.2.7.16_1,2023,11,0,0
ESP.6.2.7.17_1,2023,11,0,0
ESP.6.2.7.18_1,2023,11,0,0
ESP.6.2.7.19_1,2023,11,0,0
ESP.6.2.7.2_1,2023,11,0,0
ESP.6.2.7.20_1,2023,11,0,0
ESP.6.2.7.21_1,2023,11,0,0
ESP.6.2.7.22_1,2023,11,0,0
ESP.6.2.7.23_1,2023,11,0,0
ESP.6.2.7.24_1,2023,11,0,0
ESP.6.2.7.25_1,2023,11,0,0
ESP.6.2.7.26_1,2023,11,0,0
ESP.6.2.7.27_1,2023,11,0,0
ESP.6.2.7.28_1,2023,11,0,0
ESP.6.2.7.29_1,2023,11,0,0
ESP.6.2.7.3_1,2023,11,0,0
ESP.6.2.7.30_1,2023,11,0,0
ESP.6.2.7.31_1,2023,11,0,0
ESP.6.2.7.32_1,2023,11,0,0
ESP.6.2.7.33_1,2023,11,0,0
ESP.6.2.7.34_1,2023,11,0,0
ESP.6.2.7.35_1,2023,11,0,0
ESP.6.2.7.36_1,2023,11,0,0
ESP.6.2.7.37_1,2023,11,0,0
ESP.6.2.7.38_1,2023,11,0,0
ESP.6.2.7.4_1,2023,11,0,0
ESP.6.2.7.5_1,2023,11,0,0
ESP.6.2.7.6_1,2023,11,0,0
ESP.6.2.7.7_1,2023,11,0,0
ESP.6.2.7.8_1,2023,11,0,0
ESP.6.2.7.9_1,2023,11,0,0
ESP.6.2.8.1_1,2023,11,0,0
ESP.6.3.1.1_1,2023,11,0,0
ESP.6.3.1.2_1,2023,11,0,0
ESP.6.3.1.3_1,2023,11,0,0
ESP.6.3.1.4_1,2023,11,0,0
ESP.6.3.1.5_1,2023,11,0,0
ESP.6.3.1.6_1,2023,11,0,0
ESP.6.3.1.7_1,2023,11,0,0
ESP.6.3.1.8_1,2023,11,0,0
ESP.6.3.1.9_1,2023,11,0,0
ESP.6.3.10.1_1,2023,11,0,0
ESP.6.3.10.10_1,2023,11,0,0
ESP.6.3.10.11_1,2023,11,0,0
ESP.6.3.10.12_1,2023,11,0,0
ESP.6.3.10.13_1,2023,11,0,0
ESP.6.3.10.14_1,2023,11,0,0
ESP.6.3.10.15_1,2023,11,0,0
ESP.6.3.10.16_1,2023,11,0,0
ESP.6.3.10.17_1,2023,11,0,0
ESP.6.3.10.18_1,2023,11,0,0
ESP.6.3.10.19_1,2023,11,0,0
ESP.6.3.10.2_1,2023,11,0,0
ESP.6.3.10.20_1,2023,11,0,0
ESP.6.3.10.21_1,2023,11,0,0
ESP.6.3.10.22_1,2023,11,0,0
ESP.6.3.10.23_1,2023,11,0,0
ESP.6.3.10.24_1,2023,11,0,0
ESP.6.3.10.25_1,2023,11,0,0
ESP.6.3.10.26_1,2023,11,0,0
ESP.6.3.10.27_1,2023,11,0,0
ESP.6.3.10.28_1,2023,11,0,0
ESP.6.3.10.29_1,2023,11,0,0
ESP.6.3.10.3_1,2023,11,0,0
ESP.6.3.10.30_1,2023,11,0,0
ESP.6.3.10.4_1,2023,11,0,0
ESP.6.3.10.5_1,2023,11,0,0
ESP.6.3.10.6_1,2023,11,0,0
ESP.6.3.10.7_1,2023,11,0,0
ESP.6.3.10.8_1,2023,11,0,0
ESP.6.3.10.9_1,2023,11,0,0
ESP.6.3.11.1_1,2023,11,0,0
ESP.6.3.12.1_1,2023,11,0,0
ESP.6.3.2.1_1,2023,11,0,0
ESP.6.3.2.10_1,2023,11,0,0
ESP.6.3.2.11_1,2023,11,0,0
ESP.6.3.2.12_1,2023,11,0,0
ESP.6.3.2.13_1,2023,11,0,0
ESP.6.3.2.14_1,2023,11,0,0
ESP.6.3.2.15_1,2023,11,0,0
ESP.6.3.2.16_1,2023,11,0,0
ESP.6.3.2.17_1,2023,11,0,0
ESP.6.3.2.18_1,2023,11,0,0
ESP.6.3.2.19_1,2023,11,0,0
ESP.6.3.2.2_1,2023,11,0,0
ESP.6.3.2.20_1,2023,11,0,0
ESP.6.3.2.21_1,2023,11,0,0
ESP.6.3.2.22_1,2023,11,0,0
ESP.6.3.2.23_1,2023,11,0,0
ESP.6.3.2.24_1,2023,11,0,0
ESP.6.3.2.25_1,2023,11,0,0
ESP.6.3.2.26_1,2023,11,0,0
ESP.6.3.2.27_1,2023,11,0,0
ESP.6.3.2.28_1,2023,11,0,0
ESP.6.3.2.29_1,2023,11,0,0
ESP.6.3.2.3_1,2023,11,0,0
ESP.6.3.2.30_1,2023,11,0,0
ESP.6.3.2.31_1,2023,11,0,0
ESP.6.3.2.32_1,2023,11,0,0
ESP.6.3.2.4_1,2023,11,0,0
ESP.6.3.2.5_1,2023,11,0,0
ESP.6.3.2.6_1,2023,11,0,0
ESP.6.3.2.7_1,2023,11,0,0
ESP.6.3.2.8_1,2023,11,0,0
ESP.6.3.2.9_1,2023,11,0,0
ESP.6.3.3.1_1,2023,11,0,0
ESP.6.3.3.10_1,2023,11,0,0
ESP.6.3.3.11_1,2023,11,0,0
ESP.6.3.3.12_1,2023,11,0,0
ESP.6.3.3.13_1,2023,11,0,0
ESP.6.3.3.14_1,2023,11,0,0
ESP.6.3.3.15_1,2023,11,0,0
ESP.6.3.3.16_1,2023,11,0,0
ESP.6.3.3.17_1,2023,11,0,0
ESP.6.3.3.18_1,2023,11,0,0
ESP.6.3.3.19_1,2023,11,0,0
ESP.6.3.3.2_1,2023,11,0,0
ESP.6.3.3.20_1,2023,11,0,0
ESP.6.3.3.21_1,2023,11,0,0
ESP.6.3.3.22_1,2023,11,0,0
ESP.6.3.3.3_1,2023,11,0,0
ESP.6.3.3.4_1,2023,11,0,0
ESP.6.3.3.5_1,2023,11,0,0
ESP.6.3.3.6_1,2023,11,0,0
ESP.6.3.3.7_1,2023,11,0,0
ESP.6.3.3.8_1,2023,11,0,0
ESP.6.3.3.9_1,2023,11,0,0
ESP.6.3.4.1_1,2023,11,0,0
ESP.6.3.4.10_1,2023,11,0,0
ESP.6.3.4.11_1,2023,11,0,0
ESP.6.3.4.12_1,2023,11,0,0
ESP.6.3.4.13_1,2023,11,0,0
ESP.6.3.4.14_1,2023,11,0,0
ESP.6.3.4.15_1,2023,11,0,0
ESP.6.3.4.16_1,2023,11,0,0
ESP.6.3.4.17_1,2023,11,0,0
ESP.6.3.4.18_1,2023,11,0,0
ESP.6.3.4.19_1,2023,11,0,0
ESP.6.3.4.2_1,2023,11,0,0
ESP.6.3.4.20_1,2023,11,0,0
ESP.6.3.4.21_1,2023,11,0,0
ESP.6.3.4.22_1,2023,11,0,0
ESP.6.3.4.23_1,2023,11,0,0
ESP.6.3.4.3_1,2023,11,0,0
ESP.6.3.4.4_1,2023,11,0,0
ESP.6.3.4.5_1,2023,11,0,0
ESP.6.3.4.6_1,2023,11,0,0
ESP.6.3.4.7_1,2023,11,0,0
ESP.6.3.4.8_1,2023,11,0,0
ESP.6.3.4.9_1,2023,11,0,0
ESP.6.3.5.1_1,2023,11,0,0
ESP.6.3.5.10_1,2023,11,0,0
ESP.6.3.5.11_1,2023,11,0,0
ESP.6.3.5.2_1,2023,11,0,0
ESP.6.3.5.3_1,2023,11,0,0
ESP.6.3.5.4_1,2023,11,0,0
ESP.6.3.5.5_1,2023,11,0,0
ESP.6.3.5.6_1,2023,11,0,0
ESP.6.3.5.7_1,2023,11,0,0
ESP.6.3.5.8_1,2023,11,0,0
ESP.6.3.5.9_1,2023,11,0,0
ESP.6.3.6.1_1,2023,11,0,0
ESP.6.3.6.10_1,2023,11,0,0
ESP.6.3.6.11_1,2023,11,0,0
ESP.6.3.6.12_1,2023,11,0,0
ESP.6.3.6.13_1,2023,11,0,0
ESP.6.3.6.14_1,2023,11,0,0
ESP.6.3.6.15_1,2023,11,0,0
ESP.6.3.6.16_1,2023,11,0,0
ESP.6.3.6.17_1,2023,11,0,0
ESP.6.3.6.18_1,2023,11,0,0
ESP.6.3.6.2_1,2023,11,0,0
ESP.6.3.6.3_1,2023,11,0,0
ESP.6.3.6.4_1,2023,11,0,0
ESP.6.3.6.5_1,2023,11,0,0
ESP.6.3.6.6_1,2023,11,0,0
ESP.6.3.6.7_1,2023,11,0,0
ESP.6.3.6.8_1,2023,11,0,0
ESP.6.3.6.9_1,2023,11,0,0
ESP.6.3.7.1_1,2023,11,0,0
ESP.6.3.7.10_1,2023,11,0,0
ESP.6.3.7.11_1,2023,11,0,0
ESP.6.3.7.12_1,2023,11,0,0
ESP.6.3.7.13_1,2023,11,0,0
ESP.6.3.7.14_1,2023,11,0,0
ESP.6.3.7.15_1,2023,11,0,0
ESP.6.3.7.16_1,2023,11,0,0
ESP.6.3.7.17_1,2023,11,0,0
ESP.6.3.7.18_1,2023,11,0,0
ESP.6.3.7.19_1,2023,11,0,0
ESP.6.3.7.2_1,2023,11,0,0
ESP.6.3.7.20_1,2023,11,0,0
ESP.6.3.7.21_1,2023,11,0,0
ESP.6.3.7.22_1,2023,11,0,0
ESP.6.3.7.23_1,2023,11,0,0
ESP.6.3.7.24_1,2023,11,0,0
ESP.6.3.7.25_1,2023,11,0,0
ESP.6.3.7.26_1,2023,11,0,0
ESP.6.3.7.27_1,2023,11,0,0
ESP.6.3.7.3_1,2023,11,0,0
ESP.6.3.7.4_1,2023,11,0,0
ESP.6.3.7.5_1,2023,11,0,0
ESP.6.3.7.6_1,2023,11,0,0
ESP.6.3.7.7_1,2023,11,0,0
ESP.6.3.7.8_1,2023,11,0,0
ESP.6.3.7.9_1,2023,11,0,0
ESP.6.3.8.1_1,2023,11,0,0
ESP.6.3.8.10_1,2023,11,0,0
ESP.6.3.8.11_1,2023,11,0,0
ESP.6.3.8.12_1,2023,11,0,0
ESP.6.3.8.13_1,2023,11,0,0
ESP.6.3.8.14_1,2023,11,0,0
ESP.6.3.8.15_1,2023,11,0,0
ESP.6.3.8.16_1,2023,11,0,0
ESP.6.3.8.17_1,2023,11,0,0
ESP.6.3.8.18_1,2023,11,0,0
ESP.6.3.8.19_1,2023,11,0,0
ESP.6.3.8.2_1,2023,11,0,0
ESP.6.3.8.20_1,2023,11,0,0
ESP.6.3.8.21_1,2023,11,0,0
ESP.6.3.8.22_1,2023,11,0,0
ESP.6.3.8.23_1,2023,11,0,0
ESP.6.3.8.24_1,2023,11,0,0
ESP.6.3.8.25_1,2023,11,0,0
ESP.6.3.8.26_1,2023,11,0,0
ESP.6.3.8.27_1,2023,11,0,0
ESP.6.3.8.28_1,2023,11,0,0
ESP.6.3.8.29_1,2023,11,0,0
ESP.6.3.8.3_1,2023,11,0,0
ESP.6.3.8.30_1,2023,11,0,0
ESP.6.3.8.31_1,2023,11,0,0
ESP.6.3.8.4_1,2023,11,0,0
ESP.6.3.8.5_1,2023,11,0,0
ESP.6.3.8.6_1,2023,11,0,0
ESP.6.3.8.7_1,2023,11,0,0
ESP.6.3.8.8_1,2023,11,0,0
ESP.6.3.8.9_1,2023,11,0,0
ESP.6.3.9.1_1,2023,11,0,0
ESP.6.3.9.10_1,2023,11,0,0
ESP.6.3.9.11_1,2023,11,0,0
ESP.6.3.9.12_1,2023,11,0,0
ESP.6.3.9.13_1,2023,11,0,0
ESP.6.3.9.14_1,2023,11,0,0
ESP.6.3.9.15_1,2023,11,0,0
ESP.6.3.9.16_1,2023,11,0,0
ESP.6.3.9.17_1,2023,11,0,0
ESP.6.3.9.18_1,2023,11,0,0
ESP.6.3.9.19_1,2023,11,0,0
ESP.6.3.9.2_1,2023,11,0,0
ESP.6.3.9.20_1,2023,11,0,0
ESP.6.3.9.21_1,2023,11,0,0
ESP.6.3.9.22_1,2023,11,0,0
ESP.6.3.9.23_1,2023,11,0,0
ESP.6.3.9.24_1,2023,11,0,0
ESP.6.3.9.25_1,2023,11,0,0
ESP.6.3.9.26_1,2023,11,0,0
ESP.6.3.9.27_1,2023,11,0,0
ESP.6.3.9.28_1,2023,11,0,0
ESP.6.3.9.29_1,2023,11,0,0
ESP.6.3.9.3_1,2023,11,0,0
ESP.6.3.9.30_1,2023,11,0,0
ESP.6.3.9.31_1,2023,11,0,0
ESP.6.3.9.4_1,2023,11,0,0
ESP.6.3.9.5_1,2023,11,0,0
ESP.6.3.9.6_1,2023,11,0,0
ESP.6.3.9.7_1,2023,11,0,0
ESP.6.3.9.8_1,2023,11,0,0
ESP.6.3.9.9_1,2023,11,0,0
ESP.6.4.1.1_1,2023,11,0,0
ESP.6.4.1.10_1,2023,11,0,0
ESP.6.4.1.2_1,2023,11,0,0
ESP.6.4.1.3_1,2023,11,0,0
ESP.6.4.1.4_1,2023,11,0,0
ESP.6.4.1.5_1,2023,11,0,0
ESP.6.4.1.6_1,2023,11,0,0
ESP.6.4.1.7_1,2023,11,0,0
ESP.6.4.1.8_1,2023,11,0,0
ESP.6.4.1.9_1,2023,11,0,0
ESP.6.4.2.1_1,2023,11,0,0
ESP.6.4.2.10_1,2023,11,0,0
ESP.6.4.2.11_1,2023,11,0,0
ESP.6.4.2.12_1,2023,11,0,0
ESP.6.4.2.13_1,2023,11,0,0
ESP.6.4.2.14_1,2023,11,0,0
ESP.6.4.2.15_1,2023,11,0,0
ESP.6.4.2.16_1,2023,11,0,0
ESP.6.4.2.2_1,2023,11,0,0
ESP.6.4.2.3_1,2023,11,0,0
ESP.6.4.2.4_1,2023,11,0,0
ESP.6.4.2.5_1,2023,11,0,0
ESP.6.4.2.6_1,2023,11,0,0
ESP.6.4.2.7_1,2023,11,0,0
ESP.6.4.2.8_1,2023,11,0,0
ESP.6.4.2.9_1,2023,11,0,0
ESP.6.4.3.1_1,2023,11,0,0
ESP.6.4.3.10_1,2023,11,0,0
ESP.6.4.3.11_1,2023,11,0,0
ESP.6.4.3.12_1,2023,11,0,0
ESP.6.4.3.13_1,2023,11,0,0
ESP.6.4.3.14_1,2023,11,0,0
ESP.6.4.3.15_1,2023,11,0,0
ESP.6.4.3.16_1,2023,11,0,0
ESP.6.4.3.17_1,2023,11,0,0
ESP.6.4.3.18_1,2023,11,0,0
ESP.6.4.3.19_1,2023,11,0,0
ESP.6.4.3.2_1,2023,11,0,0
ESP.6.4.3.20_1,2023,11,0,0
ESP.6.4.3.21_1,2023,11,0,0
ESP.6.4.3.22_1,2023,11,0,0
ESP.6.4.3.23_1,2023,11,0,0
ESP.6.4.3.24_1,2023,11,0,0
ESP.6.4.3.25_1,2023,11,0,0
ESP.6.4.3.26_1,2023,11,0,0
ESP.6.4.3.27_1,2023,11,0,0
ESP.6.4.3.28_1,2023,11,0,0
ESP.6.4.3.29_1,2023,11,0,0
ESP.6.4.3.3_1,2023,11,0,0
ESP.6.4.3.30_1,2023,11,0,0
ESP.6.4.3.31_1,2023,11,0,0
ESP.6.4.3.32_1,2023,11,0,0
ESP.6.4.3.33_1,2023,11,0,0
ESP.6.4.3.34_1,2023,11,0,0
ESP.6.4.3.35_1,2023,11,0,0
ESP.6.4.3.36_1,2023,11,0,0
ESP.6.4.3.37_1,2023,11,0,0
ESP.6.4.3.38_1,2023,11,0,0
ESP.6.4.3.39_1,2023,11,0,0
ESP.6.4.3.4_1,2023,11,0,0
ESP.6.4.3.40_1,2023,11,0,0
ESP.6.4.3.41_1,2023,11,0,0
ESP.6.4.3.42_1,2023,11,0,0
ESP.6.4.3.43_1,2023,11,0,0
ESP.6.4.3.44_1,2023,11,0,0
ESP.6.4.3.45_1,2023,11,0,0
ESP.6.4.3.46_1,2023,11,0,0
ESP.6.4.3.47_1,2023,11,0,0
ESP.6.4.3.48_1,2023,11,0,0
ESP.6.4.3.49_1,2023,11,0,0
ESP.6.4.3.5_1,2023,11,0,0
ESP.6.4.3.50_1,2023,11,0,0
ESP.6.4.3.51_1,2023,11,0,0
ESP.6.4.3.52_1,2023,11,0,0
ESP.6.4.3.53_1,2023,11,0,0
ESP.6.4.3.54_1,2023,11,0,0
ESP.6.4.3.55_1,2023,11,0,0
ESP.6.4.3.56_1,2023,11,0,0
ESP.6.4.3.57_1,2023,11,0,0
ESP.6.4.3.58_1,2023,11,0,0
ESP.6.4.3.59_1,2023,11,0,0
ESP.6.4.3.6_1,2023,11,0,0
ESP.6.4.3.60_1,2023,11,0,0
ESP.6.4.3.61_1,2023,11,0,0
ESP.6.4.3.62_1,2023,11,0,0
ESP.6.4.3.63_1,2023,11,0,0
ESP.6.4.3.64_1,2023,11,0,0
ESP.6.4.3.7_1,2023,11,0,0
ESP.6.4.3.8_1,2023,11,0,0
ESP.6.4.3.9_1,2023,11,0,0
ESP.6.4.4.1_1,2023,11,0,0
ESP.6.4.4.10_1,2023,11,0,0
ESP.6.4.4.11_1,2023,11,0,0
ESP.6.4.4.12_1,2023,11,0,0
ESP.6.4.4.13_1,2023,11,0,0
ESP.6.4.4.14_1,2023,11,0,0
ESP.6.4.4.15_1,2023,11,0,0
ESP.6.4.4.16_1,2023,11,0,0
ESP.6.4.4.17_1,2023,11,0,0
ESP.6.4.4.18_1,2023,11,0,0
ESP.6.4.4.19_1,2023,11,0,0
ESP.6.4.4.2_1,2023,11,0,0
ESP.6.4.4.20_1,2023,11,0,0
ESP.6.4.4.21_1,2023,11,0,0
ESP.6.4.4.22_1,2023,11,0,0
ESP.6.4.4.23_1,2023,11,0,0
ESP.6.4.4.24_1,2023,11,0,0
ESP.6.4.4.25_1,2023,11,0,0
ESP.6.4.4.26_1,2023,11,0,0
ESP.6.4.4.27_1,2023,11,0,0
ESP.6.4.4.28_1,2023,11,0,0
ESP.6.4.4.29_1,2023,11,0,0
ESP.6.4.4.3_1,2023,11,0,0
ESP.6.4.4.30_1,2023,11,0,0
ESP.6.4.4.4_1,2023,11,0,0
ESP.6.4.4.5_1,2023,11,0,0
ESP.6.4.4.6_1,2023,11,0,0
ESP.6.4.4.7_1,2023,11,0,0
ESP.6.4.4.8_1,2023,11,0,0
ESP.6.4.4.9_1,2023,11,0,0
ESP.6.4.5.1_1,2023,11,0,0
ESP.6.4.5.10_1,2023,11,0,0
ESP.6.4.5.11_1,2023,11,0,0
ESP.6.4.5.12_1,2023,11,0,0
ESP.6.4.5.2_1,2023,11,0,0
ESP.6.4.5.3_1,2023,11,0,0
ESP.6.4.5.4_1,2023,11,0,0
ESP.6.4.5.5_1,2023,11,0,0
ESP.6.4.5.6_1,2023,11,0,0
ESP.6.4.5.7_1,2023,11,0,0
ESP.6.4.5.8_1,2023,11,0,0
ESP.6.4.5.9_1,2023,11,0,0
ESP.6.4.6.1_1,2023,11,0,0
ESP.6.4.6.10_1,2023,11,0,0
ESP.6.4.6.11_1,2023,11,0,0
ESP.6.4.6.12_1,2023,11,0,0
ESP.6.4.6.2_1,2023,11,0,0
ESP.6.4.6.3_1,2023,11,0,0
ESP.6.4.6.4_1,2023,11,0,0
ESP.6.4.6.5_1,2023,11,0,0
ESP.6.4.6.6_1,2023,11,0,0
ESP.6.4.6.7_1,2023,11,0,0
ESP.6.4.6.8_1,2023,11,0,0
ESP.6.4.6.9_1,2023,11,0,0
ESP.6.4.7.1_1,2023,11,0,0
ESP.6.4.7.10_1,2023,11,0,0
ESP.6.4.7.11_1,2023,11,0,0
ESP.6.4.7.12_1,2023,11,0,0
ESP.6.4.7.13_1,2023,11,0,0
ESP.6.4.7.14_1,2023,11,0,0
ESP.6.4.7.15_1,2023,11,0,0
ESP.6.4.7.16_1,2023,11,0,0
ESP.6.4.7.17_1,2023,11,0,0
ESP.6.4.7.18_1,2023,11,0,0
ESP.6.4.7.19_1,2023,11,0,0
ESP.6.4.7.2_1,2023,11,0,0
ESP.6.4.7.20_1,2023,11,0,0
ESP.6.4.7.21_1,2023,11,0,0
ESP.6.4.7.22_1,2023,11,0,0
ESP.6.4.7.23_1,2023,11,0,0
ESP.6.4.7.24_1,2023,11,0,0
ESP.6.4.7.25_1,2023,11,0,0
ESP.6.4.7.26_1,2023,11,0,0
ESP.6.4.7.27_1,2023,11,0,0
ESP.6.4.7.3_1,2023,11,0,0
ESP.6.4.7.4_1,2023,11,0,0
ESP.6.4.7.5_1,2023,11,0,0
ESP.6.4.7.6_1,2023,11,0,0
ESP.6.4.7.7_1,2023,11,0,0
ESP.6.4.7.8_1,2023,11,0,0
ESP.6.4.7.9_1,2023,11,0,0
ESP.6.4.8.1_1,2023,11,0,0
ESP.6.4.8.10_1,2023,11,0,0
ESP.6.4.8.11_1,2023,11,0,0
ESP.6.4.8.12_1,2023,11,0,0
ESP.6.4.8.2_1,2023,11,0,0
ESP.6.4.8.3_1,2023,11,0,0
ESP.6.4.8.4_1,2023,11,0,0
ESP.6.4.8.5_1,2023,11,0,0
ESP.6.4.8.6_1,2023,11,0,0
ESP.6.4.8.7_1,2023,11,0,0
ESP.6.4.8.8_1,2023,11,0,0
ESP.6.4.8.9_1,2023,11,0,0
ESP.8.1.1.1_1,2023,11,0,0
ESP.8.1.1.10_1,2023,11,0,0
ESP.8.1.1.11_1,2023,11,0,0
ESP.8.1.1.12_1,2023,11,0,0
ESP.8.1.1.13_1,2023,11,0,0
ESP.8.1.1.14_1,2023,11,0,0
ESP.8.1.1.15_1,2023,11,0,0
ESP.8.1.1.16_1,2023,11,0,0
ESP.8.1.1.17_1,2023,11,0,0
ESP.8.1.1.18_1,2023,11,0,0
ESP.8.1.1.19_1,2023,11,0,0
ESP.8.1.1.2_1,2023,11,0,0
ESP.8.1.1.20_1,2023,11,0,0
ESP.8.1.1.21_1,2023,11,0,0
ESP.8.1.1.22_1,2023,11,0,0
ESP.8.1.1.23_1,2023,11,0,0
ESP.8.1.1.24_1,2023,11,0,0
ESP.8.1.1.25_1,2023,11,0,0
ESP.8.1.1.26_1,2023,11,0,0
ESP.8.1.1.27_1,2023,11,0,0
ESP.8.1.1.28_1,2023,11,0,0
ESP.8.1.1.29_1,2023,11,0,0
ESP.8.1.1.3_1,2023,11,0,0
ESP.8.1.1.30_1,2023,11,0,0
ESP.8.1.1.31_1,2023,11,0,0
ESP.8.1.1.32_1,2023,11,0,0
ESP.8.1.1.33_1,2023,11,0,0
ESP.8.1.1.34_1,2023,11,0,0
ESP.8.1.1.35_1,2023,11,0,0
ESP.8.1.1.36_1,2023,11,0,0
ESP.8.1.1.37_1,2023,11,0,0
ESP.8.1.1.38_1,2023,11,0,0
ESP.8.1.1.39_1,2023,11,0,0
ESP.8.1.1.4_1,2023,11,0,0
ESP.8.1.1.40_1,2023,11,0,0
ESP.8.1.1.41_1,2023,11,0,0
ESP.8.1.1.42_1,2023,11,0,0
ESP.8.1.1.43_1,2023,11,0,0
ESP.8.1.1.44_1,2023,11,0,0
ESP.8.1.1.45_1,2023,11,0,0
ESP.8.1.1.46_1,2023,11,0,0
ESP.8.1.1.47_1,2023,11,0,0
ESP.8.1.1.48_1,2023,11,0,0
ESP.8.1.1.5_1,2023,11,0,0
ESP.8.1.1.6_1,2023,11,0,0
ESP.8.1.1.7_1,2023,11,0,0
ESP.8.1.1.8_1,2023,11,0,0
ESP.8.1.1.9_1,2023,11,0,0
ESP.8.1.2.1_1,2023,11,0,0
ESP.8.1.2.10_1,2023,11,0,0
ESP.8.1.2.11_1,2023,11,0,0
ESP.8.1.2.12_1,2023,11,0,0
ESP.8.1.2.13_1,2023,11,0,0
ESP.8.1.2.14_1,2023,11,0,0
ESP.8.1.2.15_1,2023,11,0,0
ESP.8.1.2.16_1,2023,11,0,0
ESP.8.1.2.17_1,2023,11,0,0
ESP.8.1.2.18_1,2023,11,0,0
ESP.8.1.2.19_1,2023,11,0,0
ESP.8.1.2.2_1,2023,11,0,0
ESP.8.1.2.20_1,2023,11,0,0
ESP.8.1.2.21_1,2023,11,0,0
ESP.8.1.2.22_1,2023,11,0,0
ESP.8.1.2.23_1,2023,11,0,0
ESP.8.1.2.24_1,2023,11,0,0
ESP.8.1.2.25_1,2023,11,0,0
ESP.8.1.2.26_1,2023,11,0,0
ESP.8.1.2.27_1,2023,11,0,0
ESP.8.1.2.28_1,2023,11,0,0
ESP.8.1.2.29_1,2023,11,0,0
ESP.8.1.2.3_1,2023,11,0,0
ESP.8.1.2.30_1,2023,11,0,0
ESP.8.1.2.31_1,2023,11,0,0
ESP.8.1.2.4_1,2023,11,0,0
ESP.8.1.2.5_1,2023,11,0,0
ESP.8.1.2.6_1,2023,11,0,0
ESP.8.1.2.7_1,2023,11,0,0
ESP.8.1.2.8_1,2023,11,0,0
ESP.8.1.2.9_1,2023,11,0,0
ESP.8.1.3.1_1,2023,11,0,0
ESP.8.1.3.10_1,2023,11,0,0
ESP.8.1.3.11_1,2023,11,0,0
ESP.8.1.3.12_1,2023,11,0,0
ESP.8.1.3.13_1,2023,11,0,0
ESP.8.1.3.14_1,2023,11,0,0
ESP.8.1.3.15_1,2023,11,0,0
ESP.8.1.3.16_1,2023,11,0,0
ESP.8.1.3.17_1,2023,11,0,0
ESP.8.1.3.18_1,2023,11,0,0
ESP.8.1.3.19_1,2023,11,0,0
ESP.8.1.3.2_1,2023,11,0,0
ESP.8.1.3.20_1,2023,11,0,0
ESP.8.1.3.21_1,2023,11,0,0
ESP.8.1.3.22_1,2023,11,0,0
ESP.8.1.3.23_1,2023,11,0,0
ESP.8.1.3.24_1,2023,11,0,0
ESP.8.1.3.25_1,2023,11,0,0
ESP.8.1.3.3_1,2023,11,0,0
ESP.8.1.3.4_1,2023,11,0,0
ESP.8.1.3.5_1,2023,11,0,0
ESP.8.1.3.6_1,2023,11,0,0
ESP.8.1.3.7_1,2023,11,0,0
ESP.8.1.3.8_1,2023,11,0,0
ESP.8.1.3.9_1,2023,11,0,0
ESP.8.1.4.1_1,2023,11,0,0
ESP.8.1.4.10_1,2023,11,0,0
ESP.8.1.4.11_1,2023,11,0,0
ESP.8.1.4.12_1,2023,11,0,0
ESP.8.1.4.13_1,2023,11,0,0
ESP.8.1.4.14_1,2023,11,0,0
ESP.8.1.4.15_1,2023,11,0,0
ESP.8.1.4.16_1,2023,11,0,0
ESP.8.1.4.17_1,2023,11,0,0
ESP.8.1.4.18_1,2023,11,0,0
ESP.8.1.4.19_1,2023,11,0,0
ESP.8.1.4.2_1,2023,11,0,0
ESP.8.1.4.20_1,2023,11,0,0
ESP.8.1.4.21_1,2023,11,0,0
ESP.8.1.4.22_1,2023,11,0,0
ESP.8.1.4.23_1,2023,11,0,0
ESP.8.1.4.24_1,2023,11,0,0
ESP.8.1.4.25_1,2023,11,0,0
ESP.8.1.4.26_1,2023,11,0,0
ESP.8.1.4.27_1,2023,11,0,0
ESP.8.1.4.28_1,2023,11,0,0
ESP.8.1.4.29_1,2023,11,0,0
ESP.8.1.4.3_1,2023,11,0,0
ESP.8.1.4.30_1,2023,11,0,0
ESP.8.1.4.31_1,2023,11,0,0
ESP.8.1.4.32_1,2023,11,0,0
ESP.8.1.4.33_1,2023,11,0,0
ESP.8.1.4.4_1,2023,11,0,0
ESP.8.1.4.5_1,2023,11,0,0
ESP.8.1.4.6_1,2023,11,0,0
ESP.8.1.4.7_1,2023,11,0,0
ESP.8.1.4.8_1,2023,11,0,0
ESP.8.1.4.9_1,2023,11,0,0
ESP.8.1.5.1_1,2023,11,0,0
ESP.8.1.5.10_1,2023,11,0,0
ESP.8.1.5.11_1,2023,11,0,0
ESP.8.1.5.12_1,2023,11,0,0
ESP.8.1.5.13_1,2023,11,0,0
ESP.8.1.5.14_1,2023,11,0,0
ESP.8.1.5.15_1,2023,11,0,0
ESP.8.1.5.16_1,2023,11,0,0
ESP.8.1.5.17_1,2023,11,0,0
ESP.8.1.5.18_1,2023,11,0,0
ESP.8.1.5.19_1,2023,11,0,0
ESP.8.1.5.2_1,2023,11,0,0
ESP.8.1.5.20_1,2023,11,0,0
ESP.8.1.5.21_1,2023,11,0,0
ESP.8.1.5.22_1,2023,11,0,0
ESP.8.1.5.23_1,2023,11,0,0
ESP.8.1.5.3_1,2023,11,0,0
ESP.8.1.5.4_1,2023,11,0,0
ESP.8.1.5.5_1,2023,11,0,0
ESP.8.1.5.6_1,2023,11,0,0
ESP.8.1.5.7_1,2023,11,0,0
ESP.8.1.5.8_1,2023,11,0,0
ESP.8.1.5.9_1,2023,11,0,0
ESP.8.1.6.1_1,2023,11,0,0
ESP.8.1.6.10_1,2023,11,0,0
ESP.8.1.6.11_1,2023,11,0,0
ESP.8.1.6.12_1,2023,11,0,0
ESP.8.1.6.13_1,2023,11,0,0
ESP.8.1.6.14_1,2023,11,0,0
ESP.8.1.6.15_1,2023,11,0,0
ESP.8.1.6.16_1,2023,11,0,0
ESP.8.1.6.17_1,2023,11,0,0
ESP.8.1.6.18_1,2023,11,0,0
ESP.8.1.6.19_1,2023,11,0,0
ESP.8.1.6.2_1,2023,11,0,0
ESP.8.1.6.20_1,2023,11,0,0
ESP.8.1.6.21_1,2023,11,0,0
ESP.8.1.6.3_1,2023,11,0,0
ESP.8.1.6.4_1,2023,11,0,0
ESP.8.1.6.5_1,2023,11,0,0
ESP.8.1.6.6_1,2023,11,0,0
ESP.8.1.6.7_1,2023,11,0,0
ESP.8.1.6.8_1,2023,11,0,0
ESP.8.1.6.9_1,2023,11,0,0
ESP.9.1.1.1_1,2023,11,0,0
ESP.9.1.1.2_1,2023,11,0,0
ESP.9.1.1.3_1,2023,11,0,0
ESP.9.1.1.4_1,2023,11,0,0
ESP.9.1.1.5_1,2023,11,0,0
ESP.9.1.1.6_1,2023,11,0,0
ESP.9.1.1.7_1,2023,11,0,0
ESP.9.1.1.8_1,2023,11,0,0
ESP.9.1.1.9_1,2023,11,0,0
ESP.9.1.2.1_1,2023,11,0,0
ESP.9.1.3.1_1,2023,11,0,0
ESP.9.1.3.10_1,2023,11,0,0
ESP.9.1.3.11_1,2023,11,0,0
ESP.9.1.3.12_1,2023,11,0,0
ESP.9.1.3.13_1,2023,11,0,0
ESP.9.1.3.14_1,2023,11,0,0
ESP.9.1.3.15_1,2023,11,0,0
ESP.9.1.3.16_1,2023,11,0,0
ESP.9.1.3.17_1,2023,11,0,0
ESP.9.1.3.18_1,2023,11,0,0
ESP.9.1.3.19_1,2023,11,0,0
ESP.9.1.3.2_1,2023,11,0,0
ESP.9.1.3.20_1,2023,11,0,0
ESP.9.1.3.21_1,2023,11,0,0
ESP.9.1.3.22_1,2023,11,0,0
ESP.9.1.3.23_1,2023,11,0,0
ESP.9.1.3.24_1,2023,11,0,0
ESP.9.1.3.25_1,2023,11,0,0
ESP.9.1.3.26_1,2023,11,0,0
ESP.9.1.3.27_1,2023,11,0,0
ESP.9.1.3.28_1,2023,11,0,0
ESP.9.1.3.29_1,2023,11,0,0
ESP.9.1.3.3_1,2023,11,0,0
ESP.9.1.3.30_1,2023,11,0,0
ESP.9.1.3.31_1,2023,11,0,0
ESP.9.1.3.32_1,2023,11,0,0
ESP.9.1.3.33_1,2023,11,0,0
ESP.9.1.3.34_1,2023,11,0,0
ESP.9.1.3.35_1,2023,11,0,0
ESP.9.1.3.36_1,2023,11,0,0
ESP.9.1.3.37_1,2023,11,0,0
ESP.9.1.3.38_1,2023,11,0,0
ESP.9.1.3.39_1,2023,11,0,0
ESP.9.1.3.4_1,2023,11,0,0
ESP.9.1.3.40_1,2023,11,0,0
ESP.9.1.3.41_1,2023,11,0,0
ESP.9.1.3.42_1,2023,11,0,0
ESP.9.1.3.43_1,2023,11,0,0
ESP.9.1.3.44_1,2023,11,0,0
ESP.9.1.3.45_1,2023,11,0,0
ESP.9.1.3.46_1,2023,11,0,0
ESP.9.1.3.47_1,2023,11,0,0
ESP.9.1.3.48_1,2023,11,0,0
ESP.9.1.3.49_1,2023,11,0,0
ESP.9.1.3.5_1,2023,11,0,0
ESP.9.1.3.50_1,2023,11,0,0
ESP.9.1.3.51_1,2023,11,0,0
ESP.9.1.3.52_1,2023,11,0,0
ESP.9.1.3.53_1,2023,11,0,0
ESP.9.1.3.54_1,2023,11,0,0
ESP.9.1.3.55_1,2023,11,0,0
ESP.9.1.3.56_1,2023,11,0,0
ESP.9.1.3.57_1,2023,11,0,0
ESP.9.1.3.58_1,2023,11,0,0
ESP.9.1.3.59_1,2023,11,0,0
ESP.9.1.3.6_1,2023,11,0,0
ESP.9.1.3.60_1,2023,11,0,0
ESP.9.1.3.61_1,2023,11,0,0
ESP.9.1.3.62_1,2023,11,0,0
ESP.9.1.3.7_1,2023,11,0,0
ESP.9.1.3.8_1,2023,11,0,0
ESP.9.1.3.9_1,2023,11,0,0
ESP.9.1.4.1_1,2023,11,0,0
ESP.9.1.4.10_1,2023,11,0,0
ESP.9.1.4.11_1,2023,11,0,0
ESP.9.1.4.12_1,2023,11,0,0
ESP.9.1.4.13_1,2023,11,0,0
ESP.9.1.4.14_1,2023,11,0,0
ESP.9.1.4.15_1,2023,11,0,0
ESP.9.1.4.16_1,2023,11,0,0
ESP.9.1.4.17_1,2023,11,0,0
ESP.9.1.4.18_1,2023,11,0,0
ESP.9.1.4.19_1,2023,11,0,0
ESP.9.1.4.2_1,2023,11,0,0
ESP.9.1.4.20_1,2023,11,0,0
ESP.9.1.4.21_1,2023,11,0,0
ESP.9.1.4.22_1,2023,11,0,0
ESP.9.1.4.23_1,2023,11,0,0
ESP.9.1.4.24_1,2023,11,0,0
ESP.9.1.4.25_1,2023,11,0,0
ESP.9.1.4.26_1,2023,11,0,0
ESP.9.1.4.27_1,2023,11,0,0
ESP.9.1.4.28_1,2023,11,0,0
ESP.9.1.4.29_1,2023,11,0,0
ESP.9.1.4.3_1,2023,11,0,0
ESP.9.1.4.30_1,2023,11,0,0
ESP.9.1.4.31_1,2023,11,0,0
ESP.9.1.4.32_1,2023,11,0,0
ESP.9.1.4.33_1,2023,11,0,0
ESP.9.1.4.34_1,2023,11,0,0
ESP.9.1.4.35_1,2023,11,0,0
ESP.9.1.4.36_1,2023,11,0,0
ESP.9.1.4.37_1,2023,11,0,0
ESP.9.1.4.38_1,2023,11,0,0
ESP.9.1.4.39_1,2023,11,0,0
ESP.9.1.4.4_1,2023,11,0,0
ESP.9.1.4.40_1,2023,11,0,0
ESP.9.1.4.41_1,2023,11,0,0
ESP.9.1.4.42_1,2023,11,0,0
ESP.9.1.4.43_1,2023,11,0,0
ESP.9.1.4.44_1,2023,11,0,0
ESP.9.1.4.45_1,2023,11,0,0
ESP.9.1.4.46_1,2023,11,0,0
ESP.9.1.4.47_1,2023,11,0,0
ESP.9.1.4.48_1,2023,11,0,0
ESP.9.1.4.49_1,2023,11,0,0
ESP.9.1.4.5_1,2023,11,0,0
ESP.9.1.4.50_1,2023,11,0,0
ESP.9.1.4.51_1,2023,11,0,0
ESP.9.1.4.52_1,2023,11,0,0
ESP.9.1.4.53_1,2023,11,0,0
ESP.9.1.4.54_1,2023,11,0,0
ESP.9.1.4.55_1,2023,11,0,0
ESP.9.1.4.56_1,2023,11,0,0
ESP.9.1.4.57_1,2023,11,0,0
ESP.9.1.4.58_1,2023,11,0,0
ESP.9.1.4.59_1,2023,11,0,0
ESP.9.1.4.6_1,2023,11,0,0
ESP.9.1.4.60_1,2023,11,0,0
ESP.9.1.4.61_1,2023,11,0,0
ESP.9.1.4.62_1,2023,11,0,0
ESP.9.1.4.63_1,2023,11,0,0
ESP.9.1.4.64_1,2023,11,0,0
ESP.9.1.4.65_1,2023,11,0,0
ESP.9.1.4.66_1,2023,11,0,0
ESP.9.1.4.67_1,2023,11,0,0
ESP.9.1.4.68_1,2023,11,0,0
ESP.9.1.4.69_1,2023,11,0,0
ESP.9.1.4.7_1,2023,11,0,0
ESP.9.1.4.70_1,2023,11,0,0
ESP.9.1.4.71_1,2023,11,0,0
ESP.9.1.4.72_1,2023,11,0,0
ESP.9.1.4.73_1,2023,11,0,0
ESP.9.1.4.74_1,2023,11,0,0
ESP.9.1.4.75_1,2023,11,0,0
ESP.9.1.4.76_1,2023,11,0,0
ESP.9.1.4.77_1,2023,11,0,0
ESP.9.1.4.78_1,2023,11,0,0
ESP.9.1.4.79_1,2023,11,0,0
ESP.9.1.4.8_1,2023,11,0,0
ESP.9.1.4.80_1,2023,11,0,0
ESP.9.1.4.81_1,2023,11,0,0
ESP.9.1.4.82_1,2023,11,0,0
ESP.9.1.4.83_1,2023,11,0,0
ESP.9.1.4.84_1,2023,11,0,0
ESP.9.1.4.85_1,2023,11,0,0
ESP.9.1.4.86_1,2023,11,0,0
ESP.9.1.4.87_1,2023,11,0,0
ESP.9.1.4.88_1,2023,11,0,0
ESP.9.1.4.89_1,2023,11,0,0
ESP.9.1.4.9_1,2023,11,0,0
ESP.9.1.4.90_1,2023,11,0,0
ESP.9.1.4.91_1,2023,11,0,0
ESP.9.1.4.92_1,2023,11,0,0
ESP.9.1.4.93_1,2023,11,0,0
ESP.9.1.4.94_1,2023,11,0,0
ESP.9.1.4.95_1,2023,11,0,0
ESP.9.1.4.96_1,2023,11,0,0
ESP.9.1.4.97_1,2023,11,0,0
ESP.9.1.5.1_1,2023,11,0,0
ESP.9.1.5.10_1,2023,11,0,0
ESP.9.1.5.11_1,2023,11,0,0
ESP.9.1.5.12_1,2023,11,0,0
ESP.9.1.5.13_1,2023,11,0,0
ESP.9.1.5.14_1,2023,11,0,0
ESP.9.1.5.15_1,2023,11,0,0
ESP.9.1.5.16_1,2023,11,0,0
ESP.9.1.5.17_1,2023,11,0,0
ESP.9.1.5.18_1,2023,11,0,0
ESP.9.1.5.19_1,2023,11,0,0
ESP.9.1.5.2_1,2023,11,0,0
ESP.9.1.5.20_1,2023,11,0,0
ESP.9.1.5.21_1,2023,11,0,0
ESP.9.1.5.22_1,2023,11,0,0
ESP.9.1.5.23_1,2023,11,0,0
ESP.9.1.5.3_1,2023,11,0,0
ESP.9.1.5.4_1,2023,11,0,0
ESP.9.1.5.5_1,2023,11,0,0
ESP.9.1.5.6_1,2023,11,0,0
ESP.9.1.5.7_1,2023,11,0,0
ESP.9.1.5.8_1,2023,11,0,0
ESP.9.1.5.9_1,2023,11,0,0
ESP.9.1.6.1_1,2023,11,0,0
ESP.9.1.6.10_1,2023,11,0,0
ESP.9.1.6.11_1,2023,11,0,0
ESP.9.1.6.12_1,2023,11,0,0
ESP.9.1.6.13_1,2023,11,0,0
ESP.9.1.6.14_1,2023,11,0,0
ESP.9.1.6.15_1,2023,11,0,0
ESP.9.1.6.16_1,2023,11,0,0
ESP.9.1.6.17_1,2023,11,0,0
ESP.9.1.6.18_1,2023,11,0,0
ESP.9.1.6.19_1,2023,11,0,0
ESP.9.1.6.2_1,2023,11,0,0
ESP.9.1.6.20_1,2023,11,0,0
ESP.9.1.6.3_1,2023,11,0,0
ESP.9.1.6.4_1,2023,11,0,0
ESP.9.1.6.5_1,2023,11,0,0
ESP.9.1.6.6_1,2023,11,0,0
ESP.9.1.6.7_1,2023,11,0,0
ESP.9.1.6.8_1,2023,11,0,0
ESP.9.1.6.9_1,2023,11,0,0
ESP.9.1.7.1_1,2023,11,0,0
ESP.9.1.7.10_1,2023,11,0,0
ESP.9.1.7.11_1,2023,11,0,0
ESP.9.1.7.12_1,2023,11,0,0
ESP.9.1.7.13_1,2023,11,0,0
ESP.9.1.7.14_1,2023,11,0,0
ESP.9.1.7.15_1,2023,11,0,0
ESP.9.1.7.16_1,2023,11,0,0
ESP.9.1.7.17_1,2023,11,0,0
ESP.9.1.7.18_1,2023,11,0,0
ESP.9.1.7.19_1,2023,11,0,0
ESP.9.1.7.2_1,2023,11,0,0
ESP.9.1.7.20_1,2023,11,0,0
ESP.9.1.7.21_1,2023,11,0,0
ESP.9.1.7.22_1,2023,11,0,0
ESP.9.1.7.23_1,2023,11,0,0
ESP.9.1.7.24_1,2023,11,0,0
ESP.9.1.7.25_1,2023,11,0,0
ESP.9.1.7.26_1,2023,11,0,0
ESP.9.1.7.27_1,2023,11,0,0
ESP.9.1.7.28_1,2023,11,0,0
ESP.9.1.7.29_1,2023,11,0,0
ESP.9.1.7.3_1,2023,11,0,0
ESP.9.1.7.30_1,2023,11,0,0
ESP.9.1.7.31_1,2023,11,0,0
ESP.9.1.7.32_1,2023,11,0,0
ESP.9.1.7.4_1,2023,11,0,0
ESP.9.1.7.5_1,2023,11,0,0
ESP.9.1.7.6_1,2023,11,0,0
ESP.9.1.7.7_1,2023,11,0,0
ESP.9.1.7.8_1,2023,11,0,0
ESP.9.1.7.9_1,2023,11,0,0
ESP.9.1.8.1_1,2023,11,0,0
ESP.9.1.8.10_1,2023,11,0,0
ESP.9.1.8.11_1,2023,11,0,0
ESP.9.1.8.12_1,2023,11,0,0
ESP.9.1.8.13_1,2023,11,0,0
ESP.9.1.8.14_1,2023,11,0,0
ESP.9.1.8.15_1,2023,11,0,0
ESP.9.1.8.16_1,2023,11,0,0
ESP.9.1.8.17_1,2023,11,0,0
ESP.9.1.8.18_1,2023,11,0,0
ESP.9.1.8.19_1,2023,11,0,0
ESP.9.1.8.2_1,2023,11,0,0
ESP.9.1.8.20_1,2023,11,0,0
ESP.9.1.8.21_1,2023,11,0,0
ESP.9.1.8.22_1,2023,11,0,0
ESP.9.1.8.23_1,2023,11,0,0
ESP.9.1.8.24_1,2023,11,0,0
ESP.9.1.8.25_1,2023,11,0,0
ESP.9.1.8.26_1,2023,11,0,0
ESP.9.1.8.27_1,2023,11,0,0
ESP.9.1.8.28_1,2023,11,0,0
ESP.9.1.8.29_1,2023,11,0,0
ESP.9.1.8.3_1,2023,11,0,0
ESP.9.1.8.30_1,2023,11,0,0
ESP.9.1.8.31_1,2023,11,0,0
ESP.9.1.8.32_1,2023,11,0,0
ESP.9.1.8.33_1,2023,11,0,0
ESP.9.1.8.34_1,2023,11,0,0
ESP.9.1.8.35_1,2023,11,0,0
ESP.9.1.8.36_1,2023,11,0,0
ESP.9.1.8.37_1,2023,11,0,0
ESP.9.1.8.38_1,2023,11,0,0
ESP.9.1.8.39_1,2023,11,0,0
ESP.9.1.8.4_1,2023,11,0,0
ESP.9.1.8.40_1,2023,11,0,0
ESP.9.1.8.41_1,2023,11,0,0
ESP.9.1.8.42_1,2023,11,0,0
ESP.9.1.8.43_1,2023,11,0,0
ESP.9.1.8.44_1,2023,11,0,0
ESP.9.1.8.45_1,2023,11,0,0
ESP.9.1.8.46_1,2023,11,0,0
ESP.9.1.8.47_1,2023,11,0,0
ESP.9.1.8.48_1,2023,11,0,0
ESP.9.1.8.49_1,2023,11,0,0
ESP.9.1.8.5_1,2023,11,0,0
ESP.9.1.8.50_1,2023,11,0,0
ESP.9.1.8.51_1,2023,11,0,0
ESP.9.1.8.52_1,2023,11,0,0
ESP.9.1.8.53_1,2023,11,0,0
ESP.9.1.8.6_1,2023,11,0,0
ESP.9.1.8.7_1,2023,11,0,0
ESP.9.1.8.8_1,2023,11,0,0
ESP.9.1.8.9_1,2023,11,0,0
ESP.9.1.9.1_1,2023,11,0,0
ESP.9.1.9.10_1,2023,11,0,0
ESP.9.1.9.11_1,2023,11,0,0
ESP.9.1.9.12_1,2023,11,0,0
ESP.9.1.9.13_1,2023,11,0,0
ESP.9.1.9.14_1,2023,11,0,0
ESP.9.1.9.15_1,2023,11,0,0
ESP.9.1.9.16_1,2023,11,0,0
ESP.9.1.9.17_1,2023,11,0,0
ESP.9.1.9.18_1,2023,11,0,0
ESP.9.1.9.19_1,2023,11,0,0
ESP.9.1.9.2_1,2023,11,0,0
ESP.9.1.9.20_1,2023,11,0,0
ESP.9.1.9.21_1,2023,11,0,0
ESP.9.1.9.22_1,2023,11,0,0
ESP.9.1.9.23_1,2023,11,0,0
ESP.9.1.9.24_1,2023,11,0,0
ESP.9.1.9.25_1,2023,11,0,0
ESP.9.1.9.26_1,2023,11,0,0
ESP.9.1.9.27_1,2023,11,0,0
ESP.9.1.9.28_1,2023,11,0,0
ESP.9.1.9.29_1,2023,11,0,0
ESP.9.1.9.3_1,2023,11,0,0
ESP.9.1.9.30_1,2023,11,0,0
ESP.9.1.9.31_1,2023,11,0,0
ESP.9.1.9.32_1,2023,11,0,0
ESP.9.1.9.33_1,2023,11,0,0
ESP.9.1.9.34_1,2023,11,0,0
ESP.9.1.9.35_1,2023,11,0,0
ESP.9.1.9.36_1,2023,11,0,0
ESP.9.1.9.37_1,2023,11,0,0
ESP.9.1.9.38_1,2023,11,0,0
ESP.9.1.9.39_1,2023,11,0,0
ESP.9.1.9.4_1,2023,11,0,0
ESP.9.1.9.40_1,2023,11,0,0
ESP.9.1.9.5_1,2023,11,0,0
ESP.9.1.9.6_1,2023,11,0,0
ESP.9.1.9.7_1,2023,11,0,0
ESP.9.1.9.8_1,2023,11,0,0
ESP.9.1.9.9_1,2023,11,0,0
FIN.4.5.1.1_1,2023,11,0,0
FIN.5.3.1.1_1,2023,11,0,0
FIN.5.3.1.4_1,2023,11,0,0
FIN.5.3.1.5_1,2023,11,0,0
FIN.5.3.1.8_1,2023,11,0,0
FIN.5.3.3.9_1,2023,11,0,0
FRA.1.1.1.1_1,2023,11,0,0
FRA.1.1.1.2_1,2023,11,0,0
FRA.1.1.1.3_1,2023,11,0,0
FRA.1.1.1.4_1,2023,11,0,0
FRA.1.1.1.5_1,2023,11,0,0
FRA.1.1.1.6_1,2023,11,0,0
FRA.1.1.1.7_1,2023,11,0,0
FRA.1.1.1.8_1,2023,11,0,0
FRA.1.1.1.9_1,2023,11,0,0
FRA.1.1.2.1_1,2023,11,0,0
FRA.1.1.2.10_1,2023,11,0,0
FRA.1.1.2.11_1,2023,11,0,0
FRA.1.1.2.12_1,2023,11,0,0
FRA.1.1.2.13_1,2023,11,0,0
FRA.1.1.2.14_1,2023,11,0,0
FRA.1.1.2.15_1,2023,11,0,0
FRA.1.1.2.16_1,2023,11,0,0
FRA.1.1.2.17_1,2023,11,0,0
FRA.1.1.2.18_1,2023,11,0,0
FRA.1.1.2.19_1,2023,11,0,0
FRA.1.1.2.2_1,2023,11,0,0
FRA.1.1.2.20_1,2023,11,0,0
FRA.1.1.2.21_1,2023,11,0,0
FRA.1.1.2.22_1,2023,11,0,0
FRA.1.1.2.3_1,2023,11,0,0
FRA.1.1.2.4_1,2023,11,0,0
FRA.1.1.2.5_1,2023,11,0,0
FRA.1.1.2.6_1,2023,11,0,0
FRA.1.1.2.7_1,2023,11,0,0
FRA.1.1.2.8_1,2023,11,0,0
FRA.1.1.2.9_1,2023,11,0,0
FRA.1.1.3.1_1,2023,11,0,0
FRA.1.1.3.2_1,2023,11,0,0
FRA.1.1.3.3_1,2023,11,0,0
FRA.1.1.4.1_1,2023,11,0,0
FRA.1.1.4.2_1,2023,11,0,0
FRA.1.1.4.3_1,2023,11,0,0
FRA.1.1.4.4_1,2023,11,0,0
FRA.1.1.4.5_1,2023,11,0,0
FRA.1.1.4.6_1,2023,11,0,0
FRA.1.1.4.7_1,2023,11,0,0
FRA.1.1.4.8_1,2023,11,0,0
FRA.1.10.1.1_1,2023,11,0,0
FRA.1.10.1.2_1,2023,11,0,0
FRA.1.10.1.3_1,2023,11,0,0
FRA.1.10.1.4_1,2023,11,0,0
FRA.1.10.1.5_1,2023,11,0,0
FRA.1.10.1.6_1,2023,11,0,0
FRA.1.10.1.7_1,2023,11,0,0
FRA.1.10.1.8_1,2023,11,0,0
FRA.1.10.2.1_1,2023,11,0,0
FRA.1.10.2.10_1,2023,11,0,0
FRA.1.10.2.11_1,2023,11,0,0
FRA.1.10.2.12_1,2023,11,0,0
FRA.1.10.2.13_1,2023,11,0,0
FRA.1.10.2.14_1,2023,11,0,0
FRA.1.10.2.15_1,2023,11,0,0
FRA.1.10.2.16_1,2023,11,0,0
FRA.1.10.2.17_1,2023,11,0,0
FRA.1.10.2.2_1,2023,11,0,0
FRA.1.10.2.3_1,2023,11,0,0
FRA.1.10.2.4_1,2023,11,0,0
FRA.1.10.2.5_1,2023,11,0,0
FRA.1.10.2.6_1,2023,11,0,0
FRA.1.10.2.7_1,2023,11,0,0
FRA.1.10.2.8_1,2023,11,0,0
FRA.1.10.2.9_1,2023,11,0,0
FRA.1.10.3.1_1,2023,11,0,0
FRA.1.10.3.2_1,2023,11,0,0
FRA.1.10.3.3_1,2023,11,0,0
FRA.1.10.3.4_1,2023,11,0,0
FRA.1.10.3.5_1,2023,11,0,0
FRA.1.10.3.6_1,2023,11,0,0
FRA.1.10.3.7_1,2023,11,0,0
FRA.1.10.3.8_1,2023,11,0,0
FRA.1.10.3.9_1,2023,11,0,0
FRA.1.10.4.1_1,2023,11,0,0
FRA.1.10.4.10_1,2023,11,0,0
FRA.1.10.4.11_1,2023,11,0,0
FRA.1.10.4.12_1,2023,11,0,0
FRA.1.10.4.13_1,2023,11,0,0
FRA.1.10.4.14_1,2023,11,0,0
FRA.1.10.4.2_1,2023,11,0,0
FRA.1.10.4.3_1,2023,11,0,0
FRA.1.10.4.4_1,2023,11,0,0
FRA.1.10.4.5_1,2023,11,0,0
FRA.1.10.4.6_1,2023,11,0,0
FRA.1.10.4.7_1,2023,11,0,0
FRA.1.10.4.8_1,2023,11,0,0
FRA.1.10.4.9_1,2023,11,0,0
FRA.1.10.5.1_1,2023,11,0,0
FRA.1.10.5.2_1,2023,11,0,0
FRA.1.10.5.3_1,2023,11,0,0
FRA.1.10.5.4_1,2023,11,0,0
FRA.1.10.5.5_1,2023,11,0,0
FRA.1.10.5.6_1,2023,11,0,0
FRA.1.11.1.1_1,2023,11,0,0
FRA.1.11.1.10_1,2023,11,0,0
FRA.1.11.1.11_1,2023,11,0,0
FRA.1.11.1.12_1,2023,11,0,0
FRA.1.11.1.13_1,2023,11,0,0
FRA.1.11.1.14_1,2023,11,0,0
FRA.1.11.1.15_1,2023,11,0,0
FRA.1.11.1.16_1,2023,11,0,0
FRA.1.11.1.17_1,2023,11,0,0
FRA.1.11.1.18_1,2023,11,0,0
FRA.1.11.1.19_1,2023,11,0,0
FRA.1.11.1.2_1,2023,11,0,0
FRA.1.11.1.20_1,2023,11,0,0
FRA.1.11.1.21_1,2023,11,0,0
FRA.1.11.1.22_1,2023,11,0,0
FRA.1.11.1.23_1,2023,11,0,0
FRA.1.11.1.24_1,2023,11,0,0
FRA.1.11.1.25_1,2023,11,0,0
FRA.1.11.1.26_1,2023,11,0,0
FRA.1.11.1.27_1,2023,11,0,0
FRA.1.11.1.28_1,2023,11,0,0
FRA.1.11.1.29_1,2023,11,0,0
FRA.1.11.1.3_1,2023,11,0,0
FRA.1.11.1.30_1,2023,11,0,0
FRA.1.11.1.31_1,2023,11,0,0
FRA.1.11.1.32_1,2023,11,0,0
FRA.1.11.1.33_1,2023,11,0,0
FRA.1.11.1.34_1,2023,11,0,0
FRA.1.11.1.35_1,2023,11,0,0
FRA.1.11.1.4_1,2023,11,0,0
FRA.1.11.1.5_1,2023,11,0,0
FRA.1.11.1.6_1,2023,11,0,0
FRA.1.11.1.7_1,2023,11,0,0
FRA.1.11.1.8_1,2023,11,0,0
FRA.1.11.1.9_1,2023,11,0,0
FRA.1.11.2.1_1,2023,11,0,0
FRA.1.11.2.10_1,2023,11,0,0
FRA.1.11.2.11_1,2023,11,0,0
FRA.1.11.2.2_1,2023,11,0,0
FRA.1.11.2.3_1,2023,11,0,0
FRA.1.11.2.4_1,2023,11,0,0
FRA.1.11.2.5_1,2023,11,0,0
FRA.1.11.2.6_1,2023,11,0,0
FRA.1.11.2.7_1,2023,11,0,0
FRA.1.11.2.8_1,2023,11,0,0
FRA.1.11.2.9_1,2023,11,0,0
FRA.1.12.1.1_1,2023,11,0,0
FRA.1.12.1.10_1,2023,11,0,0
FRA.1.12.1.2_1,2023,11,0,0
FRA.1.12.1.3_1,2023,11,0,0
FRA.1.12.1.4_1,2023,11,0,0
FRA.1.12.1.5_1,2023,11,0,0
FRA.1.12.1.6_1,2023,11,0,0
FRA.1.12.1.7_1,2023,11,0,0
FRA.1.12.1.8_1,2023,11,0,0
FRA.1.12.1.9_1,2023,11,0,0
FRA.1.12.2.1_1,2023,11,0,0
FRA.1.12.2.10_1,2023,11,0,0
FRA.1.12.2.11_1,2023,11,0,0
FRA.1.12.2.12_1,2023,11,0,0
FRA.1.12.2.13_1,2023,11,0,0
FRA.1.12.2.14_1,2023,11,0,0
FRA.1.12.2.15_1,2023,11,0,0
FRA.1.12.2.16_1,2023,11,0,0
FRA.1.12.2.17_1,2023,11,0,0
FRA.1.12.2.18_1,2023,11,0,0
FRA.1.12.2.19_1,2023,11,0,0
FRA.1.12.2.2_1,2023,11,0,0
FRA.1.12.2.20_1,2023,11,0,0
FRA.1.12.2.3_1,2023,11,0,0
FRA.1.12.2.4_1,2023,11,0,0
FRA.1.12.2.5_1,2023,11,0,0
FRA.1.12.2.6_1,2023,11,0,0
FRA.1.12.2.7_1,2023,11,0,0
FRA.1.12.2.8_1,2023,11,0,0
FRA.1.12.2.9_1,2023,11,0,0
FRA.1.12.3.1_1,2023,11,0,0
FRA.1.12.3.2_1,2023,11,0,0
FRA.1.12.3.3_1,2023,11,0,0
FRA.1.12.3.4_1,2023,11,0,0
FRA.1.12.3.5_1,2023,11,0,0
FRA.1.12.3.6_1,2023,11,0,0
FRA.1.2.1.1_1,2023,11,0,0
FRA.1.2.1.10_1,2023,11,0,0
FRA.1.2.1.11_1,2023,11,0,0
FRA.1.2.1.12_1,2023,11,0,0
FRA.1.2.1.13_1,2023,11,0,0
FRA.1.2.1.2_1,2023,11,0,0
FRA.1.2.1.3_1,2023,11,0,0
FRA.1.2.1.4_1,2023,11,0,0
FRA.1.2.1.5_1,2023,11,0,0
FRA.1.2.1.6_1,2023,11,0,0
FRA.1.2.1.7_1,2023,11,0,0
FRA.1.2.1.8_1,2023,11,0,0
FRA.1.2.1.9_1,2023,11,0,0
FRA.1.2.2.1_1,2023,11,0,0
FRA.1.2.2.10_1,2023,11,0,0
FRA.1.2.2.11_1,2023,11,0,0
FRA.1.2.2.12_1,2023,11,0,0
FRA.1.2.2.13_1,2023,11,0,0
FRA.1.2.2.2_1,2023,11,0,0
FRA.1.2.2.3_1,2023,11,0,0
FRA.1.2.2.4_1,2023,11,0,0
FRA.1.2.2.5_1,2023,11,0,0
FRA.1.2.2.6_1,2023,11,0,0
FRA.1.2.2.7_1,2023,11,0,0
FRA.1.2.2.8_1,2023,11,0,0
FRA.1.2.2.9_1,2023,11,0,0
FRA.1.2.3.1_1,2023,11,0,0
FRA.1.2.3.10_1,2023,11,0,0
FRA.1.2.3.11_1,2023,11,0,0
FRA.1.2.3.2_1,2023,11,0,0
FRA.1.2.3.3_1,2023,11,0,0
FRA.1.2.3.4_1,2023,11,0,0
FRA.1.2.3.5_1,2023,11,0,0
FRA.1.2.3.6_1,2023,11,0,0
FRA.1.2.3.7_1,2023,11,0,0
FRA.1.2.3.8_1,2023,11,0,0
FRA.1.2.3.9_1,2023,11,0,0
FRA.1.3.1.1_1,2023,11,0,0
FRA.1.3.1.10_1,2023,11,0,0
FRA.1.3.1.11_1,2023,11,0,0
FRA.1.3.1.12_1,2023,11,0,0
FRA.1.3.1.13_1,2023,11,0,0
FRA.1.3.1.14_1,2023,11,0,0
FRA.1.3.1.2_1,2023,11,0,0
FRA.1.3.1.3_1,2023,11,0,0
FRA.1.3.1.4_1,2023,11,0,0
FRA.1.3.1.5_1,2023,11,0,0
FRA.1.3.1.6_1,2023,11,0,0
FRA.1.3.1.7_1,2023,11,0,0
FRA.1.3.1.8_1,2023,11,0,0
FRA.1.3.1.9_1,2023,11,0,0
FRA.1.3.2.1_1,2023,11,0,0
FRA.1.3.2.2_1,2023,11,0,0
FRA.1.3.2.3_1,2023,11,0,0
FRA.1.3.2.4_1,2023,11,0,0
FRA.1.3.2.5_1,2023,11,0,0
FRA.1.3.2.6_1,2023,11,0,0
FRA.1.3.2.7_1,2023,11,0,0
FRA.1.3.3.1_1,2023,11,0,0
FRA.1.3.3.10_1,2023,11,0,0
FRA.1.3.3.11_1,2023,11,0,0
FRA.1.3.3.12_1,2023,11,0,0
FRA.1.3.3.13_1,2023,11,0,0
FRA.1.3.3.2_1,2023,11,0,0
FRA.1.3.3.3_1,2023,11,0,0
FRA.1.3.3.4_1,2023,11,0,0
FRA.1.3.3.5_1,2023,11,0,0
FRA.1.3.3.6_1,2023,11,0,0
FRA.1.3.3.7_1,2023,11,0,0
FRA.1.3.3.8_1,2023,11,0,0
FRA.1.3.3.9_1,2023,11,0,0
FRA.1.4.1.1_1,2023,11,0,0
FRA.1.4.1.10_1,2023,11,0,0
FRA.1.4.1.11_1,2023,11,0,0
FRA.1.4.1.2_1,2023,11,0,0
FRA.1.4.1.3_1,2023,11,0,0
FRA.1.4.1.4_1,2023,11,0,0
FRA.1.4.1.5_1,2023,11,0,0
FRA.1.4.1.6_1,2023,11,0,0
FRA.1.4.1.7_1,2023,11,0,0
FRA.1.4.1.8_1,2023,11,0,0
FRA.1.4.1.9_1,2023,11,0,0
FRA.1.4.2.1_1,2023,11,0,0
FRA.1.4.2.2_1,2023,11,0,0
FRA.1.4.2.3_1,2023,11,0,0
FRA.1.4.2.4_1,2023,11,0,0
FRA.1.4.2.5_1,2023,11,0,0
FRA.1.4.2.6_1,2023,11,0,0
FRA.1.4.3.1_1,2023,11,0,0
FRA.1.4.3.10_1,2023,11,0,0
FRA.1.4.3.2_1,2023,11,0,0
FRA.1.4.3.3_1,2023,11,0,0
FRA.1.4.3.4_1,2023,11,0,0
FRA.1.4.3.5_1,2023,11,0,0
FRA.1.4.3.6_1,2023,11,0,0
FRA.1.4.3.7_1,2023,11,0,0
FRA.1.4.3.8_1,2023,11,0,0
FRA.1.4.3.9_1,2023,11,0,0
FRA.1.5.1.1_1,2023,11,0,0
FRA.1.5.1.10_1,2023,11,0,0
FRA.1.5.1.2_1,2023,11,0,0
FRA.1.5.1.3_1,2023,11,0,0
FRA.1.5.1.4_1,2023,11,0,0
FRA.1.5.1.5_1,2023,11,0,0
FRA.1.5.1.6_1,2023,11,0,0
FRA.1.5.1.7_1,2023,11,0,0
FRA.1.5.1.8_1,2023,11,0,0
FRA.1.5.1.9_1,2023,11,0,0
FRA.1.5.2.1_1,2023,11,0,0
FRA.1.5.2.10_1,2023,11,0,0
FRA.1.5.2.11_1,2023,11,0,0
FRA.1.5.2.12_1,2023,11,0,0
FRA.1.5.2.2_1,2023,11,0,0
FRA.1.5.2.3_1,2023,11,0,0
FRA.1.5.2.4_1,2023,11,0,0
FRA.1.5.2.5_1,2023,11,0,0
FRA.1.5.2.6_1,2023,11,0,0
FRA.1.5.2.7_1,2023,11,0,0
FRA.1.5.2.8_1,2023,11,0,0
FRA.1.5.2.9_1,2023,11,0,0
FRA.1.5.3.1_1,2023,11,0,0
FRA.1.5.3.10_1,2023,11,0,0
FRA.1.5.3.11_1,2023,11,0,0
FRA.1.5.3.12_1,2023,11,0,0
FRA.1.5.3.13_1,2023,11,0,0
FRA.1.5.3.14_1,2023,11,0,0
FRA.1.5.3.2_1,2023,11,0,0
FRA.1.5.3.3_1,2023,11,0,0
FRA.1.5.3.4_1,2023,11,0,0
FRA.1.5.3.5_1,2023,11,0,0
FRA.1.5.3.6_1,2023,11,0,0
FRA.1.5.3.7_1,2023,11,0,0
FRA.1.5.3.8_1,2023,11,0,0
FRA.1.5.3.9_1,2023,11,0,0
FRA.1.6.1.1_1,2023,11,0,0
FRA.1.6.1.10_1,2023,11,0,0
FRA.1.6.1.11_1,2023,11,0,0
FRA.1.6.1.2_1,2023,11,0,0
FRA.1.6.1.3_1,2023,11,0,0
FRA.1.6.1.4_1,2023,11,0,0
FRA.1.6.1.5_1,2023,11,0,0
FRA.1.6.1.6_1,2023,11,0,0
FRA.1.6.1.7_1,2023,11,0,0
FRA.1.6.1.8_1,2023,11,0,0
FRA.1.6.1.9_1,2023,11,0,0
FRA.1.6.2.1_1,2023,11,0,0
FRA.1.6.2.10_1,2023,11,0,0
FRA.1.6.2.11_1,2023,11,0,0
FRA.1.6.2.12_1,2023,11,0,0
FRA.1.6.2.13_1,2023,11,0,0
FRA.1.6.2.14_1,2023,11,0,0
FRA.1.6.2.15_1,2023,11,0,0
FRA.1.6.2.16_1,2023,11,0,0
FRA.1.6.2.17_1,2023,11,0,0
FRA.1.6.2.18_1,2023,11,0,0
FRA.1.6.2.2_1,2023,11,0,0
FRA.1.6.2.3_1,2023,11,0,0
FRA.1.6.2.4_1,2023,11,0,0
FRA.1.6.2.5_1,2023,11,0,0
FRA.1.6.2.6_1,2023,11,0,0
FRA.1.6.2.7_1,2023,11,0,0
FRA.1.6.2.8_1,2023,11,0,0
FRA.1.6.2.9_1,2023,11,0,0
FRA.1.6.3.1_1,2023,11,0,0
FRA.1.6.3.2_1,2023,11,0,0
FRA.1.6.3.3_1,2023,11,0,0
FRA.1.6.3.4_1,2023,11,0,0
FRA.1.6.3.5_1,2023,11,0,0
FRA.1.6.3.6_1,2023,11,0,0
FRA.1.6.3.7_1,2023,11,0,0
FRA.1.6.3.8_1,2023,11,0,0
FRA.1.6.3.9_1,2023,11,0,0
FRA.1.7.1.1_1,2023,11,0,0
FRA.1.7.1.2_1,2023,11,0,0
FRA.1.7.1.3_1,2023,11,0,0
FRA.1.7.1.4_1,2023,11,0,0
FRA.1.7.1.5_1,2023,11,0,0
FRA.1.7.1.6_1,2023,11,0,0
FRA.1.7.1.7_1,2023,11,0,0
FRA.1.7.1.8_1,2023,11,0,0
FRA.1.7.1.9_1,2023,11,0,0
FRA.1.7.2.1_1,2023,11,0,0
FRA.1.7.2.10_1,2023,11,0,0
FRA.1.7.2.2_1,2023,11,0,0
FRA.1.7.2.3_1,2023,11,0,0
FRA.1.7.2.4_1,2023,11,0,0
FRA.1.7.2.5_1,2023,11,0,0
FRA.1.7.2.6_1,2023,11,0,0
FRA.1.7.2.7_1,2023,11,0,0
FRA.1.7.2.8_1,2023,11,0,0
FRA.1.7.2.9_1,2023,11,0,0
FRA.1.7.3.1_1,2023,11,0,0
FRA.1.7.4.1_1,2023,11,0,0
FRA.1.7.4.2_1,2023,11,0,0
FRA.1.7.4.3_1,2023,11,0,0
FRA.1.7.4.4_1,2023,11,0,0
FRA.1.7.4.5_1,2023,11,0,0
FRA.1.7.4.6_1,2023,11,0,0
FRA.1.7.4.7_1,2023,11,0,0
FRA.1.7.4.8_1,2023,11,0,0
FRA.1.7.5.1_1,2023,11,0,0
FRA.1.7.5.2_1,2023,11,0,0
FRA.1.7.5.3_1,2023,11,0,0
FRA.1.7.5.4_1,2023,11,0,0
FRA.1.7.5.5_1,2023,11,0,0
FRA.1.7.5.6_1,2023,11,0,0
FRA.1.7.5.7_1,2023,11,0,0
FRA.1.7.5.8_1,2023,11,0,0
FRA.1.8.1.1_1,2023,11,0,0
FRA.1.8.1.10_1,2023,11,0,0
FRA.1.8.1.11_1,2023,11,0,0
FRA.1.8.1.12_1,2023,11,0,0
FRA.1.8.1.13_1,2023,11,0,0
FRA.1.8.1.14_1,2023,11,0,0
FRA.1.8.1.15_1,2023,11,0,0
FRA.1.8.1.16_1,2023,11,0,0
FRA.1.8.1.17_1,2023,11,0,0
FRA.1.8.1.18_1,2023,11,0,0
FRA.1.8.1.19_1,2023,11,0,0
FRA.1.8.1.2_1,2023,11,0,0
FRA.1.8.1.20_1,2023,11,0,0
FRA.1.8.1.21_1,2023,11,0,0
FRA.1.8.1.22_1,2023,11,0,0
FRA.1.8.1.23_1,2023,11,0,0
FRA.1.8.1.24_1,2023,11,0,0
FRA.1.8.1.25_1,2023,11,0,0
FRA.1.8.1.26_1,2023,11,0,0
FRA.1.8.1.27_1,2023,11,0,0
FRA.1.8.1.28_1,2023,11,0,0
FRA.1.8.1.29_1,2023,11,0,0
FRA.1.8.1.3_1,2023,11,0,0
FRA.1.8.1.30_1,2023,11,0,0
FRA.1.8.1.31_1,2023,11,0,0
FRA.1.8.1.32_1,2023,11,0,0
FRA.1.8.1.33_1,2023,11,0,0
FRA.1.8.1.34_1,2023,11,0,0
FRA.1.8.1.35_1,2023,11,0,0
FRA.1.8.1.4_1,2023,11,0,0
FRA.1.8.1.5_1,2023,11,0,0
FRA.1.8.1.6_1,2023,11,0,0
FRA.1.8.1.7_1,2023,11,0,0
FRA.1.8.1.8_1,2023,11,0,0
FRA.1.8.1.9_1,2023,11,0,0
FRA.1.8.2.1_1,2023,11,0,0
FRA.1.8.2.10_1,2023,11,0,0
FRA.1.8.2.11_1,2023,11,0,0
FRA.1.8.2.12_1,2023,11,0,0
FRA.1.8.2.2_1,2023,11,0,0
FRA.1.8.2.3_1,2023,11,0,0
FRA.1.8.2.4_1,2023,11,0,0
FRA.1.8.2.5_1,2023,11,0,0
FRA.1.8.2.6_1,2023,11,0,0
FRA.1.8.2.7_1,2023,11,0,0
FRA.1.8.2.8_1,2023,11,0,0
FRA.1.8.2.9_1,2023,11,0,0
FRA.1.8.3.1_1,2023,11,0,0
FRA.1.8.3.2_1,2023,11,0,0
FRA.1.8.3.3_1,2023,11,0,0
FRA.1.8.3.4_1,2023,11,0,0
FRA.1.8.3.5_1,2023,11,0,0
FRA.1.8.3.6_1,2023,11,0,0
FRA.1.8.3.7_1,2023,11,0,0
FRA.1.8.3.8_1,2023,11,0,0
FRA.1.8.3.9_1,2023,11,0,0
FRA.1.9.1.1_1,2023,11,0,0
FRA.1.9.1.10_1,2023,11,0,0
FRA.1.9.1.2_1,2023,11,0,0
FRA.1.9.1.3_1,2023,11,0,0
FRA.1.9.1.4_1,2023,11,0,0
FRA.1.9.1.5_1,2023,11,0,0
FRA.1.9.1.6_1,2023,11,0,0
FRA.1.9.1.7_1,2023,11,0,0
FRA.1.9.1.8_1,2023,11,0,0
FRA.1.9.1.9_1,2023,11,0,0
FRA.1.9.2.1_1,2023,11,0,0
FRA.1.9.2.10_1,2023,11,0,0
FRA.1.9.2.11_1,2023,11,0,0
FRA.1.9.2.12_1,2023,11,0,0
FRA.1.9.2.2_1,2023,11,0,0
FRA.1.9.2.3_1,2023,11,0,0
FRA.1.9.2.4_1,2023,11,0,0
FRA.1.9.2.5_1,2023,11,0,0
FRA.1.9.2.6_1,2023,11,0,0
FRA.1.9.2.7_1,2023,11,0,0
FRA.1.9.2.8_1,2023,11,0,0
FRA.1.9.2.9_1,2023,11,0,0
FRA.1.9.3.1_1,2023,11,0,0
FRA.1.9.3.10_1,2023,11,0,0
FRA.1.9.3.11_1,2023,11,0,0
FRA.1.9.3.12_1,2023,11,0,0
FRA.1.9.3.13_1,2023,11,0,0
FRA.1.9.3.14_1,2023,11,0,0
FRA.1.9.3.2_1,2023,11,0,0
FRA.1.9.3.3_1,2023,11,0,0
FRA.1.9.3.4_1,2023,11,0,0
FRA.1.9.3.5_1,2023,11,0,0
FRA.1.9.3.6_1,2023,11,0,0
FRA.1.9.3.7_1,2023,11,0,0
FRA.1.9.3.8_1,2023,11,0,0
FRA.1.9.3.9_1,2023,11,0,0
FRA.10.1.1.1_1,2023,11,0,0
FRA.10.1.1.2_1,2023,11,0,0
FRA.10.1.1.3_1,2023,11,0,0
FRA.10.1.1.4_1,2023,11,0,0
FRA.10.1.1.5_1,2023,11,0,0
FRA.10.1.1.6_1,2023,11,0,0
FRA.10.1.1.7_1,2023,11,0,0
FRA.10.1.2.1_1,2023,11,0,0
FRA.10.1.2.2_1,2023,11,0,0
FRA.10.1.2.3_1,2023,11,0,0
FRA.10.1.2.4_1,2023,11,0,0
FRA.10.1.2.5_1,2023,11,0,0
FRA.10.1.2.6_1,2023,11,0,0
FRA.10.1.2.7_1,2023,11,0,0
FRA.10.1.2.8_1,2023,11,0,0
FRA.10.1.2.9_1,2023,11,0,0
FRA.10.1.3.1_1,2023,11,0,0
FRA.10.1.3.10_1,2023,11,0,0
FRA.10.1.3.11_1,2023,11,0,0
FRA.10.1.3.12_1,2023,11,0,0
FRA.10.1.3.13_1,2023,11,0,0
FRA.10.1.3.2_1,2023,11,0,0
FRA.10.1.3.3_1,2023,11,0,0
FRA.10.1.3.4_1,2023,11,0,0
FRA.10.1.3.5_1,2023,11,0,0
FRA.10.1.3.6_1,2023,11,0,0
FRA.10.1.3.7_1,2023,11,0,0
FRA.10.1.3.8_1,2023,11,0,0
FRA.10.1.3.9_1,2023,11,0,0
FRA.10.1.4.1_1,2023,11,0,0
FRA.10.1.4.2_1,2023,11,0,0
FRA.10.1.4.3_1,2023,11,0,0
FRA.10.1.4.4_1,2023,11,0,0
FRA.10.1.4.5_1,2023,11,0,0
FRA.10.1.4.6_1,2023,11,0,0
FRA.10.1.4.7_1,2023,11,0,0
FRA.10.1.5.1_1,2023,11,0,0
FRA.10.1.5.10_1,2023,11,0,0
FRA.10.1.5.2_1,2023,11,0,0
FRA.10.1.5.3_1,2023,11,0,0
FRA.10.1.5.4_1,2023,11,0,0
FRA.10.1.5.5_1,2023,11,0,0
FRA.10.1.5.6_1,2023,11,0,0
FRA.10.1.5.7_1,2023,11,0,0
FRA.10.1.5.8_1,2023,11,0,0
FRA.10.1.5.9_1,2023,11,0,0
FRA.10.10.1.1_1,2023,11,0,0
FRA.10.10.1.10_1,2023,11,0,0
FRA.10.10.1.11_1,2023,11,0,0
FRA.10.10.1.12_1,2023,11,0,0
FRA.10.10.1.2_1,2023,11,0,0
FRA.10.10.1.3_1,2023,11,0,0
FRA.10.10.1.4_1,2023,11,0,0
FRA.10.10.1.5_1,2023,11,0,0
FRA.10.10.1.6_1,2023,11,0,0
FRA.10.10.1.7_1,2023,11,0,0
FRA.10.10.1.8_1,2023,11,0,0
FRA.10.10.1.9_1,2023,11,0,0
FRA.10.10.2.1_1,2023,11,0,0
FRA.10.10.2.10_1,2023,11,0,0
FRA.10.10.2.11_1,2023,11,0,0
FRA.10.10.2.2_1,2023,11,0,0
FRA.10.10.2.3_1,2023,11,0,0
FRA.10.10.2.4_1,2023,11,0,0
FRA.10.10.2.5_1,2023,11,0,0
FRA.10.10.2.6_1,2023,11,0,0
FRA.10.10.2.7_1,2023,11,0,0
FRA.10.10.2.8_1,2023,11,0,0
FRA.10.10.2.9_1,2023,11,0,0
FRA.10.10.3.1_1,2023,11,0,0
FRA.10.10.3.2_1,2023,11,0,0
FRA.10.10.3.3_1,2023,11,0,0
FRA.10.10.3.4_1,2023,11,0,0
FRA.10.10.3.5_1,2023,11,0,0
FRA.10.10.3.6_1,2023,11,0,0
FRA.10.10.3.7_1,2023,11,0,0
FRA.10.10.4.1_1,2023,11,0,0
FRA.10.10.4.10_1,2023,11,0,0
FRA.10.10.4.11_1,2023,11,0,0
FRA.10.10.4.12_1,2023,11,0,0
FRA.10.10.4.2_1,2023,11,0,0
FRA.10.10.4.3_1,2023,11,0,0
FRA.10.10.4.4_1,2023,11,0,0
FRA.10.10.4.5_1,2023,11,0,0
FRA.10.10.4.6_1,2023,11,0,0
FRA.10.10.4.7_1,2023,11,0,0
FRA.10.10.4.8_1,2023,11,0,0
FRA.10.10.4.9_1,2023,11,0,0
FRA.10.11.1.1_1,2023,11,0,0
FRA.10.11.1.10_1,2023,11,0,0
FRA.10.11.1.11_1,2023,11,0,0
FRA.10.11.1.12_1,2023,11,0,0
FRA.10.11.1.13_1,2023,11,0,0
FRA.10.11.1.14_1,2023,11,0,0
FRA.10.11.1.15_1,2023,11,0,0
FRA.10.11.1.16_1,2023,11,0,0
FRA.10.11.1.2_1,2023,11,0,0
FRA.10.11.1.3_1,2023,11,0,0
FRA.10.11.1.4_1,2023,11,0,0
FRA.10.11.1.5_1,2023,11,0,0
FRA.10.11.1.6_1,2023,11,0,0
FRA.10.11.1.7_1,2023,11,0,0
FRA.10.11.1.8_1,2023,11,0,0
FRA.10.11.1.9_1,2023,11,0,0
FRA.10.11.2.1_1,2023,11,0,0
FRA.10.11.2.10_1,2023,11,0,0
FRA.10.11.2.11_1,2023,11,0,0
FRA.10.11.2.12_1,2023,11,0,0
FRA.10.11.2.13_1,2023,11,0,0
FRA.10.11.2.2_1,2023,11,0,0
FRA.10.11.2.3_1,2023,11,0,0
FRA.10.11.2.4_1,2023,11,0,0
FRA.10.11.2.5_1,2023,11,0,0
FRA.10.11.2.6_1,2023,11,0,0
FRA.10.11.2.7_1,2023,11,0,0
FRA.10.11.2.8_1,2023,11,0,0
FRA.10.11.2.9_1,2023,11,0,0
FRA.10.11.3.1_1,2023,11,0,0
FRA.10.11.3.10_1,2023,11,0,0
FRA.10.11.3.11_1,2023,11,0,0
FRA.10.11.3.12_1,2023,11,0,0
FRA.10.11.3.13_1,2023,11,0,0
FRA.10.11.3.14_1,2023,11,0,0
FRA.10.11.3.15_1,2023,11,0,0
FRA.10.11.3.16_1,2023,11,0,0
FRA.10.11.3.17_1,2023,11,0,0
FRA.10.11.3.18_1,2023,11,0,0
FRA.10.11.3.19_1,2023,11,0,0
FRA.10.11.3.2_1,2023,11,0,0
FRA.10.11.3.20_1,2023,11,0,0
FRA.10.11.3.21_1,2023,11,0,0
FRA.10.11.3.22_1,2023,11,0,0
FRA.10.11.3.3_1,2023,11,0,0
FRA.10.11.3.4_1,2023,11,0,0
FRA.10.11.3.5_1,2023,11,0,0
FRA.10.11.3.6_1,2023,11,0,0
FRA.10.11.3.7_1,2023,11,0,0
FRA.10.11.3.8_1,2023,11,0,0
FRA.10.11.3.9_1,2023,11,0,0
FRA.10.12.1.1_1,2023,11,0,0
FRA.10.12.1.10_1,2023,11,0,0
FRA.10.12.1.11_1,2023,11,0,0
FRA.10.12.1.12_1,2023,11,0,0
FRA.10.12.1.13_1,2023,11,0,0
FRA.10.12.1.2_1,2023,11,0,0
FRA.10.12.1.3_1,2023,11,0,0
FRA.10.12.1.4_1,2023,11,0,0
FRA.10.12.1.5_1,2023,11,0,0
FRA.10.12.1.6_1,2023,11,0,0
FRA.10.12.1.7_1,2023,11,0,0
FRA.10.12.1.8_1,2023,11,0,0
FRA.10.12.1.9_1,2023,11,0,0
FRA.10.12.2.1_1,2023,11,0,0
FRA.10.12.2.10_1,2023,11,0,0
FRA.10.12.2.11_1,2023,11,0,0
FRA.10.12.2.2_1,2023,11,0,0
FRA.10.12.2.3_1,2023,11,0,0
FRA.10.12.2.4_1,2023,11,0,0
FRA.10.12.2.5_1,2023,11,0,0
FRA.10.12.2.6_1,2023,11,0,0
FRA.10.12.2.7_1,2023,11,0,0
FRA.10.12.2.8_1,2023,11,0,0
FRA.10.12.2.9_1,2023,11,0,0
FRA.10.12.3.1_1,2023,11,0,0
FRA.10.12.3.10_1,2023,11,0,0
FRA.10.12.3.11_1,2023,11,0,0
FRA.10.12.3.12_1,2023,11,0,0
FRA.10.12.3.13_1,2023,11,0,0
FRA.10.12.3.14_1,2023,11,0,0
FRA.10.12.3.15_1,2023,11,0,0
FRA.10.12.3.16_1,2023,11,0,0
FRA.10.12.3.2_1,2023,11,0,0
FRA.10.12.3.3_1,2023,11,0,0
FRA.10.12.3.4_1,2023,11,0,0
FRA.10.12.3.5_1,2023,11,0,0
FRA.10.12.3.6_1,2023,11,0,0
FRA.10.12.3.7_1,2023,11,0,0
FRA.10.12.3.8_1,2023,11,0,0
FRA.10.12.3.9_1,2023,11,0,0
FRA.10.2.1.1_1,2023,11,0,0
FRA.10.2.1.10_1,2023,11,0,0
FRA.10.2.1.11_1,2023,11,0,0
FRA.10.2.1.12_1,2023,11,0,0
FRA.10.2.1.13_1,2023,11,0,0
FRA.10.2.1.14_1,2023,11,0,0
FRA.10.2.1.2_1,2023,11,0,0
FRA.10.2.1.3_1,2023,11,0,0
FRA.10.2.1.4_1,2023,11,0,0
FRA.10.2.1.5_1,2023,11,0,0
FRA.10.2.1.6_1,2023,11,0,0
FRA.10.2.1.7_1,2023,11,0,0
FRA.10.2.1.8_1,2023,11,0,0
FRA.10.2.1.9_1,2023,11,0,0
FRA.10.2.2.1_1,2023,11,0,0
FRA.10.2.2.10_1,2023,11,0,0
FRA.10.2.2.2_1,2023,11,0,0
FRA.10.2.2.3_1,2023,11,0,0
FRA.10.2.2.4_1,2023,11,0,0
FRA.10.2.2.5_1,2023,11,0,0
FRA.10.2.2.6_1,2023,11,0,0
FRA.10.2.2.7_1,2023,11,0,0
FRA.10.2.2.8_1,2023,11,0,0
FRA.10.2.2.9_1,2023,11,0,0
FRA.10.2.3.1_1,2023,11,0,0
FRA.10.2.3.10_1,2023,11,0,0
FRA.10.2.3.11_1,2023,11,0,0
FRA.10.2.3.2_1,2023,11,0,0
FRA.10.2.3.3_1,2023,11,0,0
FRA.10.2.3.4_1,2023,11,0,0
FRA.10.2.3.5_1,2023,11,0,0
FRA.10.2.3.6_1,2023,11,0,0
FRA.10.2.3.7_1,2023,11,0,0
FRA.10.2.3.8_1,2023,11,0,0
FRA.10.2.3.9_1,2023,11,0,0
FRA.10.3.1.1_1,2023,11,0,0
FRA.10.3.1.10_1,2023,11,0,0
FRA.10.3.1.11_1,2023,11,0,0
FRA.10.3.1.12_1,2023,11,0,0
FRA.10.3.1.13_1,2023,11,0,0
FRA.10.3.1.2_1,2023,11,0,0
FRA.10.3.1.3_1,2023,11,0,0
FRA.10.3.1.4_1,2023,11,0,0
FRA.10.3.1.5_1,2023,11,0,0
FRA.10.3.1.6_1,2023,11,0,0
FRA.10.3.1.7_1,2023,11,0,0
FRA.10.3.1.8_1,2023,11,0,0
FRA.10.3.1.9_1,2023,11,0,0
FRA.10.3.2.1_1,2023,11,0,0
FRA.10.3.2.10_1,2023,11,0,0
FRA.10.3.2.11_1,2023,11,0,0
FRA.10.3.2.12_1,2023,11,0,0
FRA.10.3.2.13_1,2023,11,0,0
FRA.10.3.2.2_1,2023,11,0,0
FRA.10.3.2.3_1,2023,11,0,0
FRA.10.3.2.4_1,2023,11,0,0
FRA.10.3.2.5_1,2023,11,0,0
FRA.10.3.2.6_1,2023,11,0,0
FRA.10.3.2.7_1,2023,11,0,0
FRA.10.3.2.8_1,2023,11,0,0
FRA.10.3.2.9_1,2023,11,0,0
FRA.10.3.3.1_1,2023,11,0,0
FRA.10.3.3.2_1,2023,11,0,0
FRA.10.3.3.3_1,2023,11,0,0
FRA.10.3.3.4_1,2023,11,0,0
FRA.10.3.3.5_1,2023,11,0,0
FRA.10.3.3.6_1,2023,11,0,0
FRA.10.3.3.7_1,2023,11,0,0
FRA.10.3.3.8_1,2023,11,0,0
FRA.10.3.3.9_1,2023,11,0,0
FRA.10.4.1.1_1,2023,11,0,0
FRA.10.4.1.10_1,2023,11,0,0
FRA.10.4.1.11_1,2023,11,0,0
FRA.10.4.1.12_1,2023,11,0,0
FRA.10.4.1.2_1,2023,11,0,0
FRA.10.4.1.3_1,2023,11,0,0
FRA.10.4.1.4_1,2023,11,0,0
FRA.10.4.1.5_1,2023,11,0,0
FRA.10.4.1.6_1,2023,11,0,0
FRA.10.4.1.7_1,2023,11,0,0
FRA.10.4.1.8_1,2023,11,0,0
FRA.10.4.1.9_1,2023,11,0,0
FRA.10.4.2.1_1,2023,11,0,0
FRA.10.4.2.10_1,2023,11,0,0
FRA.10.4.2.11_1,2023,11,0,0
FRA.10.4.2.12_1,2023,11,0,0
FRA.10.4.2.13_1,2023,11,0,0
FRA.10.4.2.14_1,2023,11,0,0
FRA.10.4.2.15_1,2023,11,0,0
FRA.10.4.2.16_1,2023,11,0,0
FRA.10.4.2.2_1,2023,11,0,0
FRA.10.4.2.3_1,2023,11,0,0
FRA.10.4.2.4_1,2023,11,0,0
FRA.10.4.2.5_1,2023,11,0,0
FRA.10.4.2.6_1,2023,11,0,0
FRA.10.4.2.7_1,2023,11,0,0
FRA.10.4.2.8_1,2023,11,0,0
FRA.10.4.2.9_1,2023,11,0,0
FRA.10.5.1.1_1,2023,11,0,0
FRA.10.5.1.2_1,2023,11,0,0
FRA.10.5.1.3_1,2023,11,0,0
FRA.10.5.1.4_1,2023,11,0,0
FRA.10.5.1.5_1,2023,11,0,0
FRA.10.5.1.6_1,2023,11,0,0
FRA.10.5.1.7_1,2023,11,0,0
FRA.10.5.1.8_1,2023,11,0,0
FRA.10.5.1.9_1,2023,11,0,0
FRA.10.5.2.1_1,2023,11,0,0
FRA.10.5.2.10_1,2023,11,0,0
FRA.10.5.2.11_1,2023,11,0,0
FRA.10.5.2.12_1,2023,11,0,0
FRA.10.5.2.13_1,2023,11,0,0
FRA.10.5.2.14_1,2023,11,0,0
FRA.10.5.2.15_1,2023,11,0,0
FRA.10.5.2.16_1,2023,11,0,0
FRA.10.5.2.17_1,2023,11,0,0
FRA.10.5.2.18_1,2023,11,0,0
FRA.10.5.2.19_1,2023,11,0,0
FRA.10.5.2.2_1,2023,11,0,0
FRA.10.5.2.3_1,2023,11,0,0
FRA.10.5.2.4_1,2023,11,0,0
FRA.10.5.2.5_1,2023,11,0,0
FRA.10.5.2.6_1,2023,11,0,0
FRA.10.5.2.7_1,2023,11,0,0
FRA.10.5.2.8_1,2023,11,0,0
FRA.10.5.2.9_1,2023,11,0,0
FRA.10.5.3.1_1,2023,11,0,0
FRA.10.5.3.2_1,2023,11,0,0
FRA.10.5.3.3_1,2023,11,0,0
FRA.10.5.3.4_1,2023,11,0,0
FRA.10.5.3.5_1,2023,11,0,0
FRA.10.5.3.6_1,2023,11,0,0
FRA.10.5.3.7_1,2023,11,0,0
FRA.10.5.3.8_1,2023,11,0,0
FRA.10.6.1.1_1,2023,11,0,0
FRA.10.6.1.10_1,2023,11,0,0
FRA.10.6.1.11_1,2023,11,0,0
FRA.10.6.1.12_1,2023,11,0,0
FRA.10.6.1.13_1,2023,11,0,0
FRA.10.6.1.14_1,2023,11,0,0
FRA.10.6.1.2_1,2023,11,0,0
FRA.10.6.1.3_1,2023,11,0,0
FRA.10.6.1.4_1,2023,11,0,0
FRA.10.6.1.5_1,2023,11,0,0
FRA.10.6.1.6_1,2023,11,0,0
FRA.10.6.1.7_1,2023,11,0,0
FRA.10.6.1.8_1,2023,11,0,0
FRA.10.6.1.9_1,2023,11,0,0
FRA.10.6.2.1_1,2023,11,0,0
FRA.10.6.2.2_1,2023,11,0,0
FRA.10.6.2.3_1,2023,11,0,0
FRA.10.6.2.4_1,2023,11,0,0
FRA.10.6.2.5_1,2023,11,0,0
FRA.10.6.2.6_1,2023,11,0,0
FRA.10.6.2.7_1,2023,11,0,0
FRA.10.6.2.8_1,2023,11,0,0
FRA.10.6.3.1_1,2023,11,0,0
FRA.10.6.3.10_1,2023,11,0,0
FRA.10.6.3.11_1,2023,11,0,0
FRA.10.6.3.12_1,2023,11,0,0
FRA.10.6.3.13_1,2023,11,0,0
FRA.10.6.3.14_1,2023,11,0,0
FRA.10.6.3.15_1,2023,11,0,0
FRA.10.6.3.16_1,2023,11,0,0
FRA.10.6.3.17_1,2023,11,0,0
FRA.10.6.3.18_1,2023,11,0,0
FRA.10.6.3.2_1,2023,11,0,0
FRA.10.6.3.3_1,2023,11,0,0
FRA.10.6.3.4_1,2023,11,0,0
FRA.10.6.3.5_1,2023,11,0,0
FRA.10.6.3.6_1,2023,11,0,0
FRA.10.6.3.7_1,2023,11,0,0
FRA.10.6.3.8_1,2023,11,0,0
FRA.10.6.3.9_1,2023,11,0,0
FRA.10.6.4.1_1,2023,11,0,0
FRA.10.6.4.10_1,2023,11,0,0
FRA.10.6.4.2_1,2023,11,0,0
FRA.10.6.4.3_1,2023,11,0,0
FRA.10.6.4.4_1,2023,11,0,0
FRA.10.6.4.5_1,2023,11,0,0
FRA.10.6.4.6_1,2023,11,0,0
FRA.10.6.4.7_1,2023,11,0,0
FRA.10.6.4.8_1,2023,11,0,0
FRA.10.6.4.9_1,2023,11,0,0
FRA.10.7.1.1_1,2023,11,0,0
FRA.10.7.1.2_1,2023,11,0,0
FRA.10.7.1.3_1,2023,11,0,0
FRA.10.7.1.4_1,2023,11,0,0
FRA.10.7.2.1_1,2023,11,0,0
FRA.10.7.2.2_1,2023,11,0,0
FRA.10.7.2.3_1,2023,11,0,0
FRA.10.7.2.4_1,2023,11,0,0
FRA.10.7.2.5_1,2023,11,0,0
FRA.10.7.3.1_1,2023,11,0,0
FRA.10.7.3.10_1,2023,11,0,0
FRA.10.7.3.11_1,2023,11,0,0
FRA.10.7.3.12_1,2023,11,0,0
FRA.10.7.3.13_1,2023,11,0,0
FRA.10.7.3.14_1,2023,11,0,0
FRA.10.7.3.15_1,2023,11,0,0
FRA.10.7.3.16_1,2023,11,0,0
FRA.10.7.3.17_1,2023,11,0,0
FRA.10.7.3.2_1,2023,11,0,0
FRA.10.7.3.3_1,2023,11,0,0
FRA.10.7.3.4_1,2023,11,0,0
FRA.10.7.3.5_1,2023,11,0,0
FRA.10.7.3.6_1,2023,11,0,0
FRA.10.7.3.7_1,2023,11,0,0
FRA.10.7.3.8_1,2023,11,0,0
FRA.10.7.3.9_1,2023,11,0,0
FRA.10.7.4.1_1,2023,11,0,0
FRA.10.7.4.10_1,2023,11,0,0
FRA.10.7.4.11_1,2023,11,0,0
FRA.10.7.4.12_1,2023,11,0,0
FRA.10.7.4.13_1,2023,11,0,0
FRA.10.7.4.14_1,2023,11,0,0
FRA.10.7.4.15_1,2023,11,0,0
FRA.10.7.4.2_1,2023,11,0,0
FRA.10.7.4.3_1,2023,11,0,0
FRA.10.7.4.4_1,2023,11,0,0
FRA.10.7.4.5_1,2023,11,0,0
FRA.10.7.4.6_1,2023,11,0,0
FRA.10.7.4.7_1,2023,11,0,0
FRA.10.7.4.8_1,2023,11,0,0
FRA.10.7.4.9_1,2023,11,0,0
FRA.10.7.5.1_1,2023,11,0,0
FRA.10.7.5.2_1,2023,11,0,0
FRA.10.7.5.3_1,2023,11,0,0
FRA.10.7.5.4_1,2023,11,0,0
FRA.10.7.5.5_1,2023,11,0,0
FRA.10.7.6.1_1,2023,11,0,0
FRA.10.7.6.2_1,2023,11,0,0
FRA.10.7.6.3_1,2023,11,0,0
FRA.10.7.6.4_1,2023,11,0,0
FRA.10.7.6.5_1,2023,11,0,0
FRA.10.7.6.6_1,2023,11,0,0
FRA.10.7.6.7_1,2023,11,0,0
FRA.10.7.6.8_1,2023,11,0,0
FRA.10.7.6.9_1,2023,11,0,0
FRA.10.8.1.1_1,2023,11,0,0
FRA.10.8.1.2_1,2023,11,0,0
FRA.10.8.1.3_1,2023,11,0,0
FRA.10.8.1.4_1,2023,11,0,0
FRA.10.8.1.5_1,2023,11,0,0
FRA.10.8.1.6_1,2023,11,0,0
FRA.10.8.1.7_1,2023,11,0,0
FRA.10.8.1.8_1,2023,11,0,0
FRA.10.8.2.1_1,2023,11,0,0
FRA.10.8.2.10_1,2023,11,0,0
FRA.10.8.2.11_1,2023,11,0,0
FRA.10.8.2.12_1,2023,11,0,0
FRA.10.8.2.13_1,2023,11,0,0
FRA.10.8.2.14_1,2023,11,0,0
FRA.10.8.2.15_1,2023,11,0,0
FRA.10.8.2.16_1,2023,11,0,0
FRA.10.8.2.17_1,2023,11,0,0
FRA.10.8.2.18_1,2023,11,0,0
FRA.10.8.2.2_1,2023,11,0,0
FRA.10.8.2.3_1,2023,11,0,0
FRA.10.8.2.4_1,2023,11,0,0
FRA.10.8.2.5_1,2023,11,0,0
FRA.10.8.2.6_1,2023,11,0,0
FRA.10.8.2.7_1,2023,11,0,0
FRA.10.8.2.8_1,2023,11,0,0
FRA.10.8.2.9_1,2023,11,0,0
FRA.10.8.3.1_1,2023,11,0,0
FRA.10.8.3.2_1,2023,11,0,0
FRA.10.8.3.3_1,2023,11,0,0
FRA.10.8.3.4_1,2023,11,0,0
FRA.10.8.3.5_1,2023,11,0,0
FRA.10.8.3.6_1,2023,11,0,0
FRA.10.8.3.7_1,2023,11,0,0
FRA.10.9.1.1_1,2023,11,0,0
FRA.10.9.1.10_1,2023,11,0,0
FRA.10.9.1.11_1,2023,11,0,0
FRA.10.9.1.12_1,2023,11,0,0
FRA.10.9.1.13_1,2023,11,0,0
FRA.10.9.1.14_1,2023,11,0,0
FRA.10.9.1.15_1,2023,11,0,0
FRA.10.9.1.2_1,2023,11,0,0
FRA.10.9.1.3_1,2023,11,0,0
FRA.10.9.1.4_1,2023,11,0,0
FRA.10.9.1.5_1,2023,11,0,0
FRA.10.9.1.6_1,2023,11,0,0
FRA.10.9.1.7_1,2023,11,0,0
FRA.10.9.1.8_1,2023,11,0,0
FRA.10.9.1.9_1,2023,11,0,0
FRA.10.9.2.1_1,2023,11,0,0
FRA.10.9.2.10_1,2023,11,0,0
FRA.10.9.2.11_1,2023,11,0,0
FRA.10.9.2.12_1,2023,11,0,0
FRA.10.9.2.13_1,2023,11,0,0
FRA.10.9.2.14_1,2023,11,0,0
FRA.10.9.2.15_1,2023,11,0,0
FRA.10.9.2.16_1,2023,11,0,0
FRA.10.9.2.17_1,2023,11,0,0
FRA.10.9.2.18_1,2023,11,0,0
FRA.10.9.2.2_1,2023,11,0,0
FRA.10.9.2.3_1,2023,11,0,0
FRA.10.9.2.4_1,2023,11,0,0
FRA.10.9.2.5_1,2023,11,0,0
FRA.10.9.2.6_1,2023,11,0,0
FRA.10.9.2.7_1,2023,11,0,0
FRA.10.9.2.8_1,2023,11,0,0
FRA.10.9.2.9_1,2023,11,0,0
FRA.11.1.1.1_1,2023,11,0,0
FRA.11.1.1.2_1,2023,11,0,0
FRA.11.1.1.3_1,2023,11,0,0
FRA.11.1.1.4_1,2023,11,0,0
FRA.11.1.1.5_1,2023,11,0,0
FRA.11.1.1.6_1,2023,11,0,0
FRA.11.1.1.7_1,2023,11,0,0
FRA.11.1.1.8_1,2023,11,0,0
FRA.11.1.1.9_1,2023,11,0,0
FRA.11.1.2.1_1,2023,11,0,0
FRA.11.1.2.2_1,2023,11,0,0
FRA.11.1.2.3_1,2023,11,0,0
FRA.11.1.2.4_1,2023,11,0,0
FRA.11.1.2.5_1,2023,11,0,0
FRA.11.1.2.6_1,2023,11,0,0
FRA.11.1.2.7_1,2023,11,0,0
FRA.11.1.2.8_1,2023,11,0,0
FRA.11.1.3.1_1,2023,11,0,0
FRA.11.1.3.2_1,2023,11,0,0
FRA.11.1.3.3_1,2023,11,0,0
FRA.11.1.3.4_1,2023,11,0,0
FRA.11.1.3.5_1,2023,11,0,0
FRA.11.1.3.6_1,2023,11,0,0
FRA.11.10.1.1_1,2023,11,0,0
FRA.11.10.1.2_1,2023,11,0,0
FRA.11.10.1.3_1,2023,11,0,0
FRA.11.10.1.4_1,2023,11,0,0
FRA.11.10.1.5_1,2023,11,0,0
FRA.11.10.1.6_1,2023,11,0,0
FRA.11.10.1.7_1,2023,11,0,0
FRA.11.10.2.1_1,2023,11,0,0
FRA.11.10.2.10_1,2023,11,0,0
FRA.11.10.2.11_1,2023,11,0,0
FRA.11.10.2.12_1,2023,11,0,0
FRA.11.10.2.13_1,2023,11,0,0
FRA.11.10.2.14_1,2023,11,0,0
FRA.11.10.2.15_1,2023,11,0,0
FRA.11.10.2.16_1,2023,11,0,0
FRA.11.10.2.17_1,2023,11,0,0
FRA.11.10.2.18_1,2023,11,0,0
FRA.11.10.2.19_1,2023,11,0,0
FRA.11.10.2.2_1,2023,11,0,0
FRA.11.10.2.3_1,2023,11,0,0
FRA.11.10.2.4_1,2023,11,0,0
FRA.11.10.2.5_1,2023,11,0,0
FRA.11.10.2.6_1,2023,11,0,0
FRA.11.10.2.7_1,2023,11,0,0
FRA.11.10.2.8_1,2023,11,0,0
FRA.11.10.2.9_1,2023,11,0,0
FRA.11.11.1.1_1,2023,11,0,0
FRA.11.11.1.2_1,2023,11,0,0
FRA.11.11.1.3_1,2023,11,0,0
FRA.11.11.1.4_1,2023,11,0,0
FRA.11.11.1.5_1,2023,11,0,0
FRA.11.11.2.1_1,2023,11,0,0
FRA.11.11.2.10_1,2023,11,0,0
FRA.11.11.2.11_1,2023,11,0,0
FRA.11.11.2.12_1,2023,11,0,0
FRA.11.11.2.13_1,2023,11,0,0
FRA.11.11.2.14_1,2023,11,0,0
FRA.11.11.2.2_1,2023,11,0,0
FRA.11.11.2.3_1,2023,11,0,0
FRA.11.11.2.4_1,2023,11,0,0
FRA.11.11.2.5_1,2023,11,0,0
FRA.11.11.2.6_1,2023,11,0,0
FRA.11.11.2.7_1,2023,11,0,0
FRA.11.11.2.8_1,2023,11,0,0
FRA.11.11.2.9_1,2023,11,0,0
FRA.11.11.3.1_1,2023,11,0,0
FRA.11.11.3.2_1,2023,11,0,0
FRA.11.11.3.3_1,2023,11,0,0
FRA.11.11.3.4_1,2023,11,0,0
FRA.11.11.3.5_1,2023,11,0,0
FRA.11.11.3.6_1,2023,11,0,0
FRA.11.12.1.1_1,2023,11,0,0
FRA.11.12.1.10_1,2023,11,0,0
FRA.11.12.1.11_1,2023,11,0,0
FRA.11.12.1.12_1,2023,11,0,0
FRA.11.12.1.13_1,2023,11,0,0
FRA.11.12.1.2_1,2023,11,0,0
FRA.11.12.1.3_1,2023,11,0,0
FRA.11.12.1.4_1,2023,11,0,0
FRA.11.12.1.5_1,2023,11,0,0
FRA.11.12.1.6_1,2023,11,0,0
FRA.11.12.1.7_1,2023,11,0,0
FRA.11.12.1.8_1,2023,11,0,0
FRA.11.12.1.9_1,2023,11,0,0
FRA.11.12.2.1_1,2023,11,0,0
FRA.11.12.2.10_1,2023,11,0,0
FRA.11.12.2.11_1,2023,11,0,0
FRA.11.12.2.12_1,2023,11,0,0
FRA.11.12.2.13_1,2023,11,0,0
FRA.11.12.2.14_1,2023,11,0,0
FRA.11.12.2.15_1,2023,11,0,0
FRA.11.12.2.2_1,2023,11,0,0
FRA.11.12.2.3_1,2023,11,0,0
FRA.11.12.2.4_1,2023,11,0,0
FRA.11.12.2.5_1,2023,11,0,0
FRA.11.12.2.6_1,2023,11,0,0
FRA.11.12.2.7_1,2023,11,0,0
FRA.11.12.2.8_1,2023,11,0,0
FRA.11.12.2.9_1,2023,11,0,0
FRA.11.13.1.1_1,2023,11,0,0
FRA.11.13.1.10_1,2023,11,0,0
FRA.11.13.1.11_1,2023,11,0,0
FRA.11.13.1.12_1,2023,11,0,0
FRA.11.13.1.13_1,2023,11,0,0
FRA.11.13.1.14_1,2023,11,0,0
FRA.11.13.1.15_1,2023,11,0,0
FRA.11.13.1.16_1,2023,11,0,0
FRA.11.13.1.17_1,2023,11,0,0
FRA.11.13.1.18_1,2023,11,0,0
FRA.11.13.1.19_1,2023,11,0,0
FRA.11.13.1.2_1,2023,11,0,0
FRA.11.13.1.20_1,2023,11,0,0
FRA.11.13.1.21_1,2023,11,0,0
FRA.11.13.1.22_1,2023,11,0,0
FRA.11.13.1.23_1,2023,11,0,0
FRA.11.13.1.24_1,2023,11,0,0
FRA.11.13.1.3_1,2023,11,0,0
FRA.11.13.1.4_1,2023,11,0,0
FRA.11.13.1.5_1,2023,11,0,0
FRA.11.13.1.6_1,2023,11,0,0
FRA.11.13.1.7_1,2023,11,0,0
FRA.11.13.1.8_1,2023,11,0,0
FRA.11.13.1.9_1,2023,11,0,0
FRA.11.13.2.1_1,2023,11,0,0
FRA.11.13.2.10_1,2023,11,0,0
FRA.11.13.2.11_1,2023,11,0,0
FRA.11.13.2.12_1,2023,11,0,0
FRA.11.13.2.13_1,2023,11,0,0
FRA.11.13.2.14_1,2023,11,0,0
FRA.11.13.2.15_1,2023,11,0,0
FRA.11.13.2.16_1,2023,11,0,0
FRA.11.13.2.17_1,2023,11,0,0
FRA.11.13.2.18_1,2023,11,0,0
FRA.11.13.2.19_1,2023,11,0,0
FRA.11.13.2.2_1,2023,11,0,0
FRA.11.13.2.20_1,2023,11,0,0
FRA.11.13.2.21_1,2023,11,0,0
FRA.11.13.2.22_1,2023,11,0,0
FRA.11.13.2.23_1,2023,11,0,0
FRA.11.13.2.3_1,2023,11,0,0
FRA.11.13.2.4_1,2023,11,0,0
FRA.11.13.2.5_1,2023,11,0,0
FRA.11.13.2.6_1,2023,11,0,0
FRA.11.13.2.7_1,2023,11,0,0
FRA.11.13.2.8_1,2023,11,0,0
FRA.11.13.2.9_1,2023,11,0,0
FRA.11.2.1.1_1,2023,11,0,0
FRA.11.2.1.10_1,2023,11,0,0
FRA.11.2.1.11_1,2023,11,0,0
FRA.11.2.1.12_1,2023,11,0,0
FRA.11.2.1.13_1,2023,11,0,0
FRA.11.2.1.14_1,2023,11,0,0
FRA.11.2.1.15_1,2023,11,0,0
FRA.11.2.1.16_1,2023,11,0,0
FRA.11.2.1.17_1,2023,11,0,0
FRA.11.2.1.18_1,2023,11,0,0
FRA.11.2.1.2_1,2023,11,0,0
FRA.11.2.1.3_1,2023,11,0,0
FRA.11.2.1.4_1,2023,11,0,0
FRA.11.2.1.5_1,2023,11,0,0
FRA.11.2.1.6_1,2023,11,0,0
FRA.11.2.1.7_1,2023,11,0,0
FRA.11.2.1.8_1,2023,11,0,0
FRA.11.2.1.9_1,2023,11,0,0
FRA.11.2.2.1_1,2023,11,0,0
FRA.11.2.2.2_1,2023,11,0,0
FRA.11.2.2.3_1,2023,11,0,0
FRA.11.2.2.4_1,2023,11,0,0
FRA.11.2.2.5_1,2023,11,0,0
FRA.11.2.2.6_1,2023,11,0,0
FRA.11.2.2.7_1,2023,11,0,0
FRA.11.2.2.8_1,2023,11,0,0
FRA.11.2.3.1_1,2023,11,0,0
FRA.11.2.3.2_1,2023,11,0,0
FRA.11.2.3.3_1,2023,11,0,0
FRA.11.2.3.4_1,2023,11,0,0
FRA.11.2.3.5_1,2023,11,0,0
FRA.11.2.3.6_1,2023,11,0,0
FRA.11.2.3.7_1,2023,11,0,0
FRA.11.2.3.8_1,2023,11,0,0
FRA.11.2.3.9_1,2023,11,0,0
FRA.11.3.1.1_1,2023,11,0,0
FRA.11.3.1.10_1,2023,11,0,0
FRA.11.3.1.11_1,2023,11,0,0
FRA.11.3.1.12_1,2023,11,0,0
FRA.11.3.1.13_1,2023,11,0,0
FRA.11.3.1.14_1,2023,11,0,0
FRA.11.3.1.15_1,2023,11,0,0
FRA.11.3.1.16_1,2023,11,0,0
FRA.11.3.1.2_1,2023,11,0,0
FRA.11.3.1.3_1,2023,11,0,0
FRA.11.3.1.4_1,2023,11,0,0
FRA.11.3.1.5_1,2023,11,0,0
FRA.11.3.1.6_1,2023,11,0,0
FRA.11.3.1.7_1,2023,11,0,0
FRA.11.3.1.8_1,2023,11,0,0
FRA.11.3.1.9_1,2023,11,0,0
FRA.11.3.2.1_1,2023,11,0,0
FRA.11.3.2.10_1,2023,11,0,0
FRA.11.3.2.11_1,2023,11,0,0
FRA.11.3.2.12_1,2023,11,0,0
FRA.11.3.2.13_1,2023,11,0,0
FRA.11.3.2.14_1,2023,11,0,0
FRA.11.3.2.15_1,2023,11,0,0
FRA.11.3.2.16_1,2023,11,0,0
FRA.11.3.2.17_1,2023,11,0,0
FRA.11.3.2.18_1,2023,11,0,0
FRA.11.3.2.19_1,2023,11,0,0
FRA.11.3.2.2_1,2023,11,0,0
FRA.11.3.2.20_1,2023,11,0,0
FRA.11.3.2.21_1,2023,11,0,0
FRA.11.3.2.22_1,2023,11,0,0
FRA.11.3.2.23_1,2023,11,0,0
FRA.11.3.2.24_1,2023,11,0,0
FRA.11.3.2.3_1,2023,11,0,0
FRA.11.3.2.4_1,2023,11,0,0
FRA.11.3.2.5_1,2023,11,0,0
FRA.11.3.2.6_1,2023,11,0,0
FRA.11.3.2.7_1,2023,11,0,0
FRA.11.3.2.8_1,2023,11,0,0
FRA.11.3.2.9_1,2023,11,0,0
FRA.11.3.3.1_1,2023,11,0,0
FRA.11.3.3.2_1,2023,11,0,0
FRA.11.3.3.3_1,2023,11,0,0
FRA.11.3.3.4_1,2023,11,0,0
FRA.11.3.3.5_1,2023,11,0,0
FRA.11.3.3.6_1,2023,11,0,0
FRA.11.3.3.7_1,2023,11,0,0
FRA.11.3.3.8_1,2023,11,0,0
FRA.11.4.1.1_1,2023,11,0,0
FRA.11.4.1.10_1,2023,11,0,0
FRA.11.4.1.11_1,2023,11,0,0
FRA.11.4.1.12_1,2023,11,0,0
FRA.11.4.1.13_1,2023,11,0,0
FRA.11.4.1.2_1,2023,11,0,0
FRA.11.4.1.3_1,2023,11,0,0
FRA.11.4.1.4_1,2023,11,0,0
FRA.11.4.1.5_1,2023,11,0,0
FRA.11.4.1.6_1,2023,11,0,0
FRA.11.4.1.7_1,2023,11,0,0
FRA.11.4.1.8_1,2023,11,0,0
FRA.11.4.1.9_1,2023,11,0,0
FRA.11.4.2.1_1,2023,11,0,0
FRA.11.4.2.10_1,2023,11,0,0
FRA.11.4.2.2_1,2023,11,0,0
FRA.11.4.2.3_1,2023,11,0,0
FRA.11.4.2.4_1,2023,11,0,0
FRA.11.4.2.5_1,2023,11,0,0
FRA.11.4.2.6_1,2023,11,0,0
FRA.11.4.2.7_1,2023,11,0,0
FRA.11.4.2.8_1,2023,11,0,0
FRA.11.4.2.9_1,2023,11,0,0
FRA.11.4.3.1_1,2023,11,0,0
FRA.11.4.3.10_1,2023,11,0,0
FRA.11.4.3.11_1,2023,11,0,0
FRA.11.4.3.12_1,2023,11,0,0
FRA.11.4.3.13_1,2023,11,0,0
FRA.11.4.3.14_1,2023,11,0,0
FRA.11.4.3.15_1,2023,11,0,0
FRA.11.4.3.16_1,2023,11,0,0
FRA.11.4.3.17_1,2023,11,0,0
FRA.11.4.3.18_1,2023,11,0,0
FRA.11.4.3.19_1,2023,11,0,0
FRA.11.4.3.2_1,2023,11,0,0
FRA.11.4.3.3_1,2023,11,0,0
FRA.11.4.3.4_1,2023,11,0,0
FRA.11.4.3.5_1,2023,11,0,0
FRA.11.4.3.6_1,2023,11,0,0
FRA.11.4.3.7_1,2023,11,0,0
FRA.11.4.3.8_1,2023,11,0,0
FRA.11.4.3.9_1,2023,11,0,0
FRA.11.5.1.1_1,2023,11,0,0
FRA.11.5.1.10_1,2023,11,0,0
FRA.11.5.1.11_1,2023,11,0,0
FRA.11.5.1.12_1,2023,11,0,0
FRA.11.5.1.13_1,2023,11,0,0
FRA.11.5.1.2_1,2023,11,0,0
FRA.11.5.1.3_1,2023,11,0,0
FRA.11.5.1.4_1,2023,11,0,0
FRA.11.5.1.5_1,2023,11,0,0
FRA.11.5.1.6_1,2023,11,0,0
FRA.11.5.1.7_1,2023,11,0,0
FRA.11.5.1.8_1,2023,11,0,0
FRA.11.5.1.9_1,2023,11,0,0
FRA.11.5.2.1_1,2023,11,0,0
FRA.11.5.2.10_1,2023,11,0,0
FRA.11.5.2.11_1,2023,11,0,0
FRA.11.5.2.2_1,2023,11,0,0
FRA.11.5.2.3_1,2023,11,0,0
FRA.11.5.2.4_1,2023,11,0,0
FRA.11.5.2.5_1,2023,11,0,0
FRA.11.5.2.6_1,2023,11,0,0
FRA.11.5.2.7_1,2023,11,0,0
FRA.11.5.2.8_1,2023,11,0,0
FRA.11.5.2.9_1,2023,11,0,0
FRA.11.5.3.1_1,2023,11,0,0
FRA.11.5.3.2_1,2023,11,0,0
FRA.11.5.3.3_1,2023,11,0,0
FRA.11.5.3.4_1,2023,11,0,0
FRA.11.5.3.5_1,2023,11,0,0
FRA.11.5.3.6_1,2023,11,0,0
FRA.11.5.3.7_1,2023,11,0,0
FRA.11.5.3.8_1,2023,11,0,0
FRA.11.6.1.1_1,2023,11,0,0
FRA.11.6.1.10_1,2023,11,0,0
FRA.11.6.1.11_1,2023,11,0,0
FRA.11.6.1.2_1,2023,11,0,0
FRA.11.6.1.3_1,2023,11,0,0
FRA.11.6.1.4_1,2023,11,0,0
FRA.11.6.1.5_1,2023,11,0,0
FRA.11.6.1.6_1,2023,11,0,0
FRA.11.6.1.7_1,2023,11,0,0
FRA.11.6.1.8_1,2023,11,0,0
FRA.11.6.1.9_1,2023,11,0,0
FRA.11.6.2.1_1,2023,11,0,0
FRA.11.6.2.10_1,2023,11,0,0
FRA.11.6.2.11_1,2023,11,0,0
FRA.11.6.2.2_1,2023,11,0,0
FRA.11.6.2.3_1,2023,11,0,0
FRA.11.6.2.4_1,2023,11,0,0
FRA.11.6.2.5_1,2023,11,0,0
FRA.11.6.2.6_1,2023,11,0,0
FRA.11.6.2.7_1,2023,11,0,0
FRA.11.6.2.8_1,2023,11,0,0
FRA.11.6.2.9_1,2023,11,0,0
FRA.11.6.3.1_1,2023,11,0,0
FRA.11.6.3.10_1,2023,11,0,0
FRA.11.6.3.11_1,2023,11,0,0
FRA.11.6.3.12_1,2023,11,0,0
FRA.11.6.3.13_1,2023,11,0,0
FRA.11.6.3.14_1,2023,11,0,0
FRA.11.6.3.15_1,2023,11,0,0
FRA.11.6.3.16_1,2023,11,0,0
FRA.11.6.3.17_1,2023,11,0,0
FRA.11.6.3.18_1,2023,11,0,0
FRA.11.6.3.19_1,2023,11,0,0
FRA.11.6.3.2_1,2023,11,0,0
FRA.11.6.3.20_1,2023,11,0,0
FRA.11.6.3.21_1,2023,11,0,0
FRA.11.6.3.22_1,2023,11,0,0
FRA.11.6.3.3_1,2023,11,0,0
FRA.11.6.3.4_1,2023,11,0,0
FRA.11.6.3.5_1,2023,11,0,0
FRA.11.6.3.6_1,2023,11,0,0
FRA.11.6.3.7_1,2023,11,0,0
FRA.11.6.3.8_1,2023,11,0,0
FRA.11.6.3.9_1,2023,11,0,0
FRA.11.7.1.1_1,2023,11,0,0
FRA.11.7.1.2_1,2023,11,0,0
FRA.11.7.1.3_1,2023,11,0,0
FRA.11.7.1.4_1,2023,11,0,0
FRA.11.7.1.5_1,2023,11,0,0
FRA.11.7.1.6_1,2023,11,0,0
FRA.11.7.1.7_1,2023,11,0,0
FRA.11.7.2.1_1,2023,11,0,0
FRA.11.7.2.2_1,2023,11,0,0
FRA.11.7.2.3_1,2023,11,0,0
FRA.11.7.2.4_1,2023,11,0,0
FRA.11.7.2.5_1,2023,11,0,0
FRA.11.7.2.6_1,2023,11,0,0
FRA.11.7.2.7_1,2023,11,0,0
FRA.11.7.2.8_1,2023,11,0,0
FRA.11.7.2.9_1,2023,11,0,0
FRA.11.7.3.1_1,2023,11,0,0
FRA.11.7.3.10_1,2023,11,0,0
FRA.11.7.3.11_1,2023,11,0,0
FRA.11.7.3.12_1,2023,11,0,0
FRA.11.7.3.13_1,2023,11,0,0
FRA.11.7.3.14_1,2023,11,0,0
FRA.11.7.3.15_1,2023,11,0,0
FRA.11.7.3.2_1,2023,11,0,0
FRA.11.7.3.3_1,2023,11,0,0
FRA.11.7.3.4_1,2023,11,0,0
FRA.11.7.3.5_1,2023,11,0,0
FRA.11.7.3.6_1,2023,11,0,0
FRA.11.7.3.7_1,2023,11,0,0
FRA.11.7.3.8_1,2023,11,0,0
FRA.11.7.3.9_1,2023,11,0,0
FRA.11.8.1.1_1,2023,11,0,0
FRA.11.8.1.10_1,2023,11,0,0
FRA.11.8.1.11_1,2023,11,0,0
FRA.11.8.1.12_1,2023,11,0,0
FRA.11.8.1.13_1,2023,11,0,0
FRA.11.8.1.14_1,2023,11,0,0
FRA.11.8.1.15_1,2023,11,0,0
FRA.11.8.1.16_1,2023,11,0,0
FRA.11.8.1.17_1,2023,11,0,0
FRA.11.8.1.18_1,2023,11,0,0
FRA.11.8.1.19_1,2023,11,0,0
FRA.11.8.1.2_1,2023,11,0,0
FRA.11.8.1.3_1,2023,11,0,0
FRA.11.8.1.4_1,2023,11,0,0
FRA.11.8.1.5_1,2023,11,0,0
FRA.11.8.1.6_1,2023,11,0,0
FRA.11.8.1.7_1,2023,11,0,0
FRA.11.8.1.8_1,2023,11,0,0
FRA.11.8.1.9_1,2023,11,0,0
FRA.11.8.2.1_1,2023,11,0,0
FRA.11.8.2.2_1,2023,11,0,0
FRA.11.8.2.3_1,2023,11,0,0
FRA.11.8.2.4_1,2023,11,0,0
FRA.11.8.2.5_1,2023,11,0,0
FRA.11.8.2.6_1,2023,11,0,0
FRA.11.8.2.7_1,2023,11,0,0
FRA.11.8.2.8_1,2023,11,0,0
FRA.11.8.3.1_1,2023,11,0,0
FRA.11.8.3.10_1,2023,11,0,0
FRA.11.8.3.11_1,2023,11,0,0
FRA.11.8.3.12_1,2023,11,0,0
FRA.11.8.3.13_1,2023,11,0,0
FRA.11.8.3.14_1,2023,11,0,0
FRA.11.8.3.15_1,2023,11,0,0
FRA.11.8.3.2_1,2023,11,0,0
FRA.11.8.3.3_1,2023,11,0,0
FRA.11.8.3.4_1,2023,11,0,0
FRA.11.8.3.5_1,2023,11,0,0
FRA.11.8.3.6_1,2023,11,0,0
FRA.11.8.3.7_1,2023,11,0,0
FRA.11.8.3.8_1,2023,11,0,0
FRA.11.8.3.9_1,2023,11,0,0
FRA.11.9.1.1_1,2023,11,0,0
FRA.11.9.1.10_1,2023,11,0,0
FRA.11.9.1.11_1,2023,11,0,0
FRA.11.9.1.12_1,2023,11,0,0
FRA.11.9.1.13_1,2023,11,0,0
FRA.11.9.1.14_1,2023,11,0,0
FRA.11.9.1.2_1,2023,11,0,0
FRA.11.9.1.3_1,2023,11,0,0
FRA.11.9.1.4_1,2023,11,0,0
FRA.11.9.1.5_1,2023,11,0,0
FRA.11.9.1.6_1,2023,11,0,0
FRA.11.9.1.7_1,2023,11,0,0
FRA.11.9.1.8_1,2023,11,0,0
FRA.11.9.1.9_1,2023,11,0,0
FRA.11.9.2.1_1,2023,11,0,0
FRA.11.9.2.10_1,2023,11,0,0
FRA.11.9.2.2_1,2023,11,0,0
FRA.11.9.2.3_1,2023,11,0,0
FRA.11.9.2.4_1,2023,11,0,0
FRA.11.9.2.5_1,2023,11,0,0
FRA.11.9.2.6_1,2023,11,0,0
FRA.11.9.2.7_1,2023,11,0,0
FRA.11.9.2.8_1,2023,11,0,0
FRA.11.9.2.9_1,2023,11,0,0
FRA.11.9.3.1_1,2023,11,0,0
FRA.11.9.3.2_1,2023,11,0,0
FRA.11.9.3.3_1,2023,11,0,0
FRA.11.9.3.4_1,2023,11,0,0
FRA.11.9.3.5_1,2023,11,0,0
FRA.11.9.3.6_1,2023,11,0,0
FRA.11.9.3.7_1,2023,11,0,0
FRA.11.9.3.8_1,2023,11,0,0
FRA.11.9.3.9_1,2023,11,0,0
FRA.12.1.1.1_1,2023,11,0,0
FRA.12.1.1.2_1,2023,11,0,0
FRA.12.1.1.3_1,2023,11,0,0
FRA.12.1.1.4_1,2023,11,0,0
FRA.12.1.1.5_1,2023,11,0,0
FRA.12.1.2.1_1,2023,11,0,0
FRA.12.1.2.10_1,2023,11,0,0
FRA.12.1.2.2_1,2023,11,0,0
FRA.12.1.2.3_1,2023,11,0,0
FRA.12.1.2.4_1,2023,11,0,0
FRA.12.1.2.5_1,2023,11,0,0
FRA.12.1.2.6_1,2023,11,0,0
FRA.12.1.2.7_1,2023,11,0,0
FRA.12.1.2.8_1,2023,11,0,0
FRA.12.1.2.9_1,2023,11,0,0
FRA.12.1.3.1_1,2023,11,0,0
FRA.12.1.3.10_1,2023,11,0,0
FRA.12.1.3.11_1,2023,11,0,0
FRA.12.1.3.12_1,2023,11,0,0
FRA.12.1.3.13_1,2023,11,0,0
FRA.12.1.3.14_1,2023,11,0,0
FRA.12.1.3.15_1,2023,11,0,0
FRA.12.1.3.16_1,2023,11,0,0
FRA.12.1.3.17_1,2023,11,0,0
FRA.12.1.3.18_1,2023,11,0,0
FRA.12.1.3.19_1,2023,11,0,0
FRA.12.1.3.2_1,2023,11,0,0
FRA.12.1.3.20_1,2023,11,0,0
FRA.12.1.3.3_1,2023,11,0,0
FRA.12.1.3.4_1,2023,11,0,0
FRA.12.1.3.5_1,2023,11,0,0
FRA.12.1.3.6_1,2023,11,0,0
FRA.12.1.3.7_1,2023,11,0,0
FRA.12.1.3.8_1,2023,11,0,0
FRA.12.1.3.9_1,2023,11,0,0
FRA.12.1.4.1_1,2023,11,0,0
FRA.12.1.4.10_1,2023,11,0,0
FRA.12.1.4.11_1,2023,11,0,0
FRA.12.1.4.12_1,2023,11,0,0
FRA.12.1.4.13_1,2023,11,0,0
FRA.12.1.4.2_1,2023,11,0,0
FRA.12.1.4.3_1,2023,11,0,0
FRA.12.1.4.4_1,2023,11,0,0
FRA.12.1.4.5_1,2023,11,0,0
FRA.12.1.4.6_1,2023,11,0,0
FRA.12.1.4.7_1,2023,11,0,0
FRA.12.1.4.8_1,2023,11,0,0
FRA.12.1.4.9_1,2023,11,0,0
FRA.12.2.1.1_1,2023,11,0,0
FRA.12.2.1.10_1,2023,11,0,0
FRA.12.2.1.11_1,2023,11,0,0
FRA.12.2.1.12_1,2023,11,0,0
FRA.12.2.1.13_1,2023,11,0,0
FRA.12.2.1.14_1,2023,11,0,0
FRA.12.2.1.15_1,2023,11,0,0
FRA.12.2.1.16_1,2023,11,0,0
FRA.12.2.1.2_1,2023,11,0,0
FRA.12.2.1.3_1,2023,11,0,0
FRA.12.2.1.4_1,2023,11,0,0
FRA.12.2.1.5_1,2023,11,0,0
FRA.12.2.1.6_1,2023,11,0,0
FRA.12.2.1.7_1,2023,11,0,0
FRA.12.2.1.8_1,2023,11,0,0
FRA.12.2.1.9_1,2023,11,0,0
FRA.12.2.2.1_1,2023,11,0,0
FRA.12.2.2.10_1,2023,11,0,0
FRA.12.2.2.2_1,2023,11,0,0
FRA.12.2.2.3_1,2023,11,0,0
FRA.12.2.2.4_1,2023,11,0,0
FRA.12.2.2.5_1,2023,11,0,0
FRA.12.2.2.6_1,2023,11,0,0
FRA.12.2.2.7_1,2023,11,0,0
FRA.12.2.2.8_1,2023,11,0,0
FRA.12.2.2.9_1,2023,11,0,0
FRA.12.2.3.1_1,2023,11,0,0
FRA.12.2.3.10_1,2023,11,0,0
FRA.12.2.3.11_1,2023,11,0,0
FRA.12.2.3.2_1,2023,11,0,0
FRA.12.2.3.3_1,2023,11,0,0
FRA.12.2.3.4_1,2023,11,0,0
FRA.12.2.3.5_1,2023,11,0,0
FRA.12.2.3.6_1,2023,11,0,0
FRA.12.2.3.7_1,2023,11,0,0
FRA.12.2.3.8_1,2023,11,0,0
FRA.12.2.3.9_1,2023,11,0,0
FRA.12.2.4.1_1,2023,11,0,0
FRA.12.2.4.2_1,2023,11,0,0
FRA.12.2.4.3_1,2023,11,0,0
FRA.12.2.4.4_1,2023,11,0,0
FRA.12.2.4.5_1,2023,11,0,0
FRA.12.3.1.1_1,2023,11,0,0
FRA.12.3.1.2_1,2023,11,0,0
FRA.12.3.1.3_1,2023,11,0,0
FRA.12.3.1.4_1,2023,11,0,0
FRA.12.3.1.5_1,2023,11,0,0
FRA.12.3.1.6_1,2023,11,0,0
FRA.12.3.1.7_1,2023,11,0,0
FRA.12.3.1.8_1,2023,11,0,0
FRA.12.3.2.1_1,2023,11,0,0
FRA.12.3.2.10_1,2023,11,0,0
FRA.12.3.2.11_1,2023,11,0,0
FRA.12.3.2.2_1,2023,11,0,0
FRA.12.3.2.3_1,2023,11,0,0
FRA.12.3.2.4_1,2023,11,0,0
FRA.12.3.2.5_1,2023,11,0,0
FRA.12.3.2.6_1,2023,11,0,0
FRA.12.3.2.7_1,2023,11,0,0
FRA.12.3.2.8_1,2023,11,0,0
FRA.12.3.2.9_1,2023,11,0,0
FRA.12.3.3.1_1,2023,11,0,0
FRA.12.3.3.10_1,2023,11,0,0
FRA.12.3.3.11_1,2023,11,0,0
FRA.12.3.3.12_1,2023,11,0,0
FRA.12.3.3.13_1,2023,11,0,0
FRA.12.3.3.2_1,2023,11,0,0
FRA.12.3.3.3_1,2023,11,0,0
FRA.12.3.3.4_1,2023,11,0,0
FRA.12.3.3.5_1,2023,11,0,0
FRA.12.3.3.6_1,2023,11,0,0
FRA.12.3.3.7_1,2023,11,0,0
FRA.12.3.3.8_1,2023,11,0,0
FRA.12.3.3.9_1,2023,11,0,0
FRA.12.4.1.1_1,2023,11,0,0
FRA.12.4.1.10_1,2023,11,0,0
FRA.12.4.1.11_1,2023,11,0,0
FRA.12.4.1.12_1,2023,11,0,0
FRA.12.4.1.2_1,2023,11,0,0
FRA.12.4.1.3_1,2023,11,0,0
FRA.12.4.1.4_1,2023,11,0,0
FRA.12.4.1.5_1,2023,11,0,0
FRA.12.4.1.6_1,2023,11,0,0
FRA.12.4.1.7_1,2023,11,0,0
FRA.12.4.1.8_1,2023,11,0,0
FRA.12.4.1.9_1,2023,11,0,0
FRA.12.4.2.1_1,2023,11,0,0
FRA.12.4.2.2_1,2023,11,0,0
FRA.12.4.2.3_1,2023,11,0,0
FRA.12.4.2.4_1,2023,11,0,0
FRA.12.4.2.5_1,2023,11,0,0
FRA.12.4.2.6_1,2023,11,0,0
FRA.12.4.2.7_1,2023,11,0,0
FRA.12.4.2.8_1,2023,11,0,0
FRA.12.4.2.9_1,2023,11,0,0
FRA.12.4.3.1_1,2023,11,0,0
FRA.12.4.3.10_1,2023,11,0,0
FRA.12.4.3.11_1,2023,11,0,0
FRA.12.4.3.12_1,2023,11,0,0
FRA.12.4.3.13_1,2023,11,0,0
FRA.12.4.3.14_1,2023,11,0,0
FRA.12.4.3.15_1,2023,11,0,0
FRA.12.4.3.16_1,2023,11,0,0
FRA.12.4.3.2_1,2023,11,0,0
FRA.12.4.3.3_1,2023,11,0,0
FRA.12.4.3.4_1,2023,11,0,0
FRA.12.4.3.5_1,2023,11,0,0
FRA.12.4.3.6_1,2023,11,0,0
FRA.12.4.3.7_1,2023,11,0,0
FRA.12.4.3.8_1,2023,11,0,0
FRA.12.4.3.9_1,2023,11,0,0
FRA.12.5.1.1_1,2023,11,0,0
FRA.12.5.1.2_1,2023,11,0,0
FRA.12.5.1.3_1,2023,11,0,0
FRA.12.5.1.4_1,2023,11,0,0
FRA.12.5.1.5_1,2023,11,0,0
FRA.12.5.1.6_1,2023,11,0,0
FRA.12.5.1.7_1,2023,11,0,0
FRA.12.5.1.8_1,2023,11,0,0
FRA.12.5.1.9_1,2023,11,0,0
FRA.12.5.2.1_1,2023,11,0,0
FRA.12.5.2.10_1,2023,11,0,0
FRA.12.5.2.11_1,2023,11,0,0
FRA.12.5.2.12_1,2023,11,0,0
FRA.12.5.2.2_1,2023,11,0,0
FRA.12.5.2.3_1,2023,11,0,0
FRA.12.5.2.4_1,2023,11,0,0
FRA.12.5.2.5_1,2023,11,0,0
FRA.12.5.2.6_1,2023,11,0,0
FRA.12.5.2.7_1,2023,11,0,0
FRA.12.5.2.8_1,2023,11,0,0
FRA.12.5.2.9_1,2023,11,0,0
FRA.12.5.3.1_1,2023,11,0,0
FRA.12.5.3.10_1,2023,11,0,0
FRA.12.5.3.11_1,2023,11,0,0
FRA.12.5.3.2_1,2023,11,0,0
FRA.12.5.3.4_1,2023,11,0,0
FRA.12.5.3.5_1,2023,11,0,0
FRA.12.5.3.6_1,2023,11,0,0
FRA.12.5.3.7_1,2023,11,0,0
FRA.12.5.3.8_1,2023,11,0,0
FRA.12.5.3.9_1,2023,11,0,0
FRA.13.1.1.1_1,2023,11,0,0
FRA.13.1.1.2_1,2023,11,0,0
FRA.13.1.2.1_1,2023,11,0,0
FRA.13.1.2.2_1,2023,11,0,0
FRA.13.1.2.3_1,2023,11,0,0
FRA.13.1.2.4_1,2023,11,0,0
FRA.13.1.2.5_1,2023,11,0,0
FRA.13.1.3.1_1,2023,11,0,0
FRA.13.1.3.10_1,2023,11,0,0
FRA.13.1.3.11_1,2023,11,0,0
FRA.13.1.3.2_1,2023,11,0,0
FRA.13.1.3.3_1,2023,11,0,0
FRA.13.1.3.4_1,2023,11,0,0
FRA.13.1.3.5_1,2023,11,0,0
FRA.13.1.3.6_1,2023,11,0,0
FRA.13.1.3.7_1,2023,11,0,0
FRA.13.1.3.8_1,2023,11,0,0
FRA.13.1.3.9_1,2023,11,0,0
FRA.13.1.4.1_1,2023,11,0,0
FRA.13.1.4.10_1,2023,11,0,0
FRA.13.1.4.11_1,2023,11,0,0
FRA.13.1.4.12_1,2023,11,0,0
FRA.13.1.4.13_1,2023,11,0,0
FRA.13.1.4.14_1,2023,11,0,0
FRA.13.1.4.2_1,2023,11,0,0
FRA.13.1.4.3_1,2023,11,0,0
FRA.13.1.4.4_1,2023,11,0,0
FRA.13.1.4.5_1,2023,11,0,0
FRA.13.1.4.6_1,2023,11,0,0
FRA.13.1.4.7_1,2023,11,0,0
FRA.13.1.4.8_1,2023,11,0,0
FRA.13.1.4.9_1,2023,11,0,0
FRA.13.2.1.1_1,2023,11,0,0
FRA.13.2.1.10_1,2023,11,0,0
FRA.13.2.1.11_1,2023,11,0,0
FRA.13.2.1.12_1,2023,11,0,0
FRA.13.2.1.13_1,2023,11,0,0
FRA.13.2.1.14_1,2023,11,0,0
FRA.13.2.1.15_1,2023,11,0,0
FRA.13.2.1.16_1,2023,11,0,0
FRA.13.2.1.17_1,2023,11,0,0
FRA.13.2.1.18_1,2023,11,0,0
FRA.13.2.1.2_1,2023,11,0,0
FRA.13.2.1.3_1,2023,11,0,0
FRA.13.2.1.4_1,2023,11,0,0
FRA.13.2.1.5_1,2023,11,0,0
FRA.13.2.1.6_1,2023,11,0,0
FRA.13.2.1.7_1,2023,11,0,0
FRA.13.2.1.8_1,2023,11,0,0
FRA.13.2.1.9_1,2023,11,0,0
FRA.13.2.2.1_1,2023,11,0,0
FRA.13.2.2.10_1,2023,11,0,0
FRA.13.2.2.11_1,2023,11,0,0
FRA.13.2.2.12_1,2023,11,0,0
FRA.13.2.2.13_1,2023,11,0,0
FRA.13.2.2.14_1,2023,11,0,0
FRA.13.2.2.15_1,2023,11,0,0
FRA.13.2.2.16_1,2023,11,0,0
FRA.13.2.2.17_1,2023,11,0,0
FRA.13.2.2.18_1,2023,11,0,0
FRA.13.2.2.19_1,2023,11,0,0
FRA.13.2.2.2_1,2023,11,0,0
FRA.13.2.2.20_1,2023,11,0,0
FRA.13.2.2.21_1,2023,11,0,0
FRA.13.2.2.22_1,2023,11,0,0
FRA.13.2.2.3_1,2023,11,0,0
FRA.13.2.2.4_1,2023,11,0,0
FRA.13.2.2.5_1,2023,11,0,0
FRA.13.2.2.6_1,2023,11,0,0
FRA.13.2.2.7_1,2023,11,0,0
FRA.13.2.2.8_1,2023,11,0,0
FRA.13.2.2.9_1,2023,11,0,0
FRA.13.3.1.1_1,2023,11,0,0
FRA.13.3.1.10_1,2023,11,0,0
FRA.13.3.1.2_1,2023,11,0,0
FRA.13.3.1.3_1,2023,11,0,0
FRA.13.3.1.4_1,2023,11,0,0
FRA.13.3.1.5_1,2023,11,0,0
FRA.13.3.1.6_1,2023,11,0,0
FRA.13.3.1.7_1,2023,11,0,0
FRA.13.3.1.8_1,2023,11,0,0
FRA.13.3.1.9_1,2023,11,0,0
FRA.13.3.2.1_1,2023,11,0,0
FRA.13.3.2.2_1,2023,11,0,0
FRA.13.3.2.3_1,2023,11,0,0
FRA.13.3.2.4_1,2023,11,0,0
FRA.13.3.2.5_1,2023,11,0,0
FRA.13.3.2.6_1,2023,11,0,0
FRA.13.3.2.7_1,2023,11,0,0
FRA.13.3.2.8_1,2023,11,0,0
FRA.13.3.2.9_1,2023,11,0,0
FRA.13.3.3.1_1,2023,11,0,0
FRA.13.3.3.10_1,2023,11,0,0
FRA.13.3.3.2_1,2023,11,0,0
FRA.13.3.3.3_1,2023,11,0,0
FRA.13.3.3.4_1,2023,11,0,0
FRA.13.3.3.5_1,2023,11,0,0
FRA.13.3.3.6_1,2023,11,0,0
FRA.13.3.3.7_1,2023,11,0,0
FRA.13.3.3.8_1,2023,11,0,0
FRA.13.3.3.9_1,2023,11,0,0
FRA.13.3.4.1_1,2023,11,0,0
FRA.13.3.4.10_1,2023,11,0,0
FRA.13.3.4.11_1,2023,11,0,0
FRA.13.3.4.12_1,2023,11,0,0
FRA.13.3.4.13_1,2023,11,0,0
FRA.13.3.4.14_1,2023,11,0,0
FRA.13.3.4.15_1,2023,11,0,0
FRA.13.3.4.16_1,2023,11,0,0
FRA.13.3.4.17_1,2023,11,0,0
FRA.13.3.4.18_1,2023,11,0,0
FRA.13.3.4.19_1,2023,11,0,0
FRA.13.3.4.2_1,2023,11,0,0
FRA.13.3.4.20_1,2023,11,0,0
FRA.13.3.4.21_1,2023,11,0,0
FRA.13.3.4.22_1,2023,11,0,0
FRA.13.3.4.3_1,2023,11,0,0
FRA.13.3.4.4_1,2023,11,0,0
FRA.13.3.4.5_1,2023,11,0,0
FRA.13.3.4.6_1,2023,11,0,0
FRA.13.3.4.7_1,2023,11,0,0
FRA.13.3.4.8_1,2023,11,0,0
FRA.13.3.4.9_1,2023,11,0,0
FRA.13.4.1.1_1,2023,11,0,0
FRA.13.4.1.2_1,2023,11,0,0
FRA.13.4.1.3_1,2023,11,0,0
FRA.13.4.1.4_1,2023,11,0,0
FRA.13.4.1.5_1,2023,11,0,0
FRA.13.4.1.6_1,2023,11,0,0
FRA.13.4.1.7_1,2023,11,0,0
FRA.13.4.1.8_1,2023,11,0,0
FRA.13.4.2.1_1,2023,11,0,0
FRA.13.4.2.10_1,2023,11,0,0
FRA.13.4.2.11_1,2023,11,0,0
FRA.13.4.2.12_1,2023,11,0,0
FRA.13.4.2.13_1,2023,11,0,0
FRA.13.4.2.14_1,2023,11,0,0
FRA.13.4.2.15_1,2023,11,0,0
FRA.13.4.2.16_1,2023,11,0,0
FRA.13.4.2.17_1,2023,11,0,0
FRA.13.4.2.18_1,2023,11,0,0
FRA.13.4.2.19_1,2023,11,0,0
FRA.13.4.2.2_1,2023,11,0,0
FRA.13.4.2.3_1,2023,11,0,0
FRA.13.4.2.4_1,2023,11,0,0
FRA.13.4.2.5_1,2023,11,0,0
FRA.13.4.2.6_1,2023,11,0,0
FRA.13.4.2.7_1,2023,11,0,0
FRA.13.4.2.8_1,2023,11,0,0
FRA.13.4.2.9_1,2023,11,0,0
FRA.13.5.1.1_1,2023,11,0,0
FRA.13.5.1.2_1,2023,11,0,0
FRA.13.5.1.3_1,2023,11,0,0
FRA.13.5.1.4_1,2023,11,0,0
FRA.13.5.1.5_1,2023,11,0,0
FRA.13.5.1.6_1,2023,11,0,0
FRA.13.5.1.7_1,2023,11,0,0
FRA.13.5.1.8_1,2023,11,0,0
FRA.13.5.1.9_1,2023,11,0,0
FRA.13.5.2.1_1,2023,11,0,0
FRA.13.5.2.10_1,2023,11,0,0
FRA.13.5.2.11_1,2023,11,0,0
FRA.13.5.2.12_1,2023,11,0,0
FRA.13.5.2.2_1,2023,11,0,0
FRA.13.5.2.3_1,2023,11,0,0
FRA.13.5.2.4_1,2023,11,0,0
FRA.13.5.2.5_1,2023,11,0,0
FRA.13.5.2.6_1,2023,11,0,0
FRA.13.5.2.7_1,2023,11,0,0
FRA.13.5.2.8_1,2023,11,0,0
FRA.13.5.2.9_1,2023,11,0,0
FRA.13.5.3.1_1,2023,11,0,0
FRA.13.5.3.10_1,2023,11,0,0
FRA.13.5.3.11_1,2023,11,0,0
FRA.13.5.3.12_1,2023,11,0,0
FRA.13.5.3.13_1,2023,11,0,0
FRA.13.5.3.2_1,2023,11,0,0
FRA.13.5.3.3_1,2023,11,0,0
FRA.13.5.3.4_1,2023,11,0,0
FRA.13.5.3.5_1,2023,11,0,0
FRA.13.5.3.6_1,2023,11,0,0
FRA.13.5.3.7_1,2023,11,0,0
FRA.13.5.3.8_1,2023,11,0,0
FRA.13.5.3.9_1,2023,11,0,0
FRA.13.6.1.1_1,2023,11,0,0
FRA.13.6.1.2_1,2023,11,0,0
FRA.13.6.1.3_1,2023,11,0,0
FRA.13.6.1.4_1,2023,11,0,0
FRA.13.6.1.5_1,2023,11,0,0
FRA.13.6.1.6_1,2023,11,0,0
FRA.13.6.2.1_1,2023,11,0,0
FRA.13.6.2.10_1,2023,11,0,0
FRA.13.6.2.2_1,2023,11,0,0
FRA.13.6.2.3_1,2023,11,0,0
FRA.13.6.2.4_1,2023,11,0,0
FRA.13.6.2.5_1,2023,11,0,0
FRA.13.6.2.6_1,2023,11,0,0
FRA.13.6.2.7_1,2023,11,0,0
FRA.13.6.2.8_1,2023,11,0,0
FRA.13.6.2.9_1,2023,11,0,0
FRA.13.6.3.1_1,2023,11,0,0
FRA.13.6.3.2_1,2023,11,0,0
FRA.13.6.3.3_1,2023,11,0,0
FRA.13.6.3.4_1,2023,11,0,0
FRA.13.6.3.5_1,2023,11,0,0
FRA.13.6.3.6_1,2023,11,0,0
FRA.13.6.3.7_1,2023,11,0,0
FRA.13.6.3.8_1,2023,11,0,0
FRA.13.6.3.9_1,2023,11,0,0
FRA.2.1.1.1_1,2023,11,0,0
FRA.2.1.1.10_1,2023,11,0,0
FRA.2.1.1.11_1,2023,11,0,0
FRA.2.1.1.2_1,2023,11,0,0
FRA.2.1.1.3_1,2023,11,0,0
FRA.2.1.1.4_1,2023,11,0,0
FRA.2.1.1.5_1,2023,11,0,0
FRA.2.1.1.6_1,2023,11,0,0
FRA.2.1.1.7_1,2023,11,0,0
FRA.2.1.1.8_1,2023,11,0,0
FRA.2.1.1.9_1,2023,11,0,0
FRA.2.1.2.1_1,2023,11,0,0
FRA.2.1.2.10_1,2023,11,0,0
FRA.2.1.2.11_1,2023,11,0,0
FRA.2.1.2.12_1,2023,11,0,0
FRA.2.1.2.13_1,2023,11,0,0
FRA.2.1.2.14_1,2023,11,0,0
FRA.2.1.2.15_1,2023,11,0,0
FRA.2.1.2.16_1,2023,11,0,0
FRA.2.1.2.17_1,2023,11,0,0
FRA.2.1.2.2_1,2023,11,0,0
FRA.2.1.2.3_1,2023,11,0,0
FRA.2.1.2.4_1,2023,11,0,0
FRA.2.1.2.5_1,2023,11,0,0
FRA.2.1.2.6_1,2023,11,0,0
FRA.2.1.2.7_1,2023,11,0,0
FRA.2.1.2.8_1,2023,11,0,0
FRA.2.1.2.9_1,2023,11,0,0
FRA.2.1.3.1_1,2023,11,0,0
FRA.2.1.3.10_1,2023,11,0,0
FRA.2.1.3.11_1,2023,11,0,0
FRA.2.1.3.12_1,2023,11,0,0
FRA.2.1.3.2_1,2023,11,0,0
FRA.2.1.3.3_1,2023,11,0,0
FRA.2.1.3.4_1,2023,11,0,0
FRA.2.1.3.5_1,2023,11,0,0
FRA.2.1.3.6_1,2023,11,0,0
FRA.2.1.3.7_1,2023,11,0,0
FRA.2.1.3.8_1,2023,11,0,0
FRA.2.1.3.9_1,2023,11,0,0
FRA.2.2.1.1_1,2023,11,0,0
FRA.2.2.1.10_1,2023,11,0,0
FRA.2.2.1.11_1,2023,11,0,0
FRA.2.2.1.12_1,2023,11,0,0
FRA.2.2.1.2_1,2023,11,0,0
FRA.2.2.1.3_1,2023,11,0,0
FRA.2.2.1.4_1,2023,11,0,0
FRA.2.2.1.5_1,2023,11,0,0
FRA.2.2.1.6_1,2023,11,0,0
FRA.2.2.1.7_1,2023,11,0,0
FRA.2.2.1.8_1,2023,11,0,0
FRA.2.2.1.9_1,2023,11,0,0
FRA.2.2.2.1_1,2023,11,0,0
FRA.2.2.2.10_1,2023,11,0,0
FRA.2.2.2.11_1,2023,11,0,0
FRA.2.2.2.12_1,2023,11,0,0
FRA.2.2.2.13_1,2023,11,0,0
FRA.2.2.2.2_1,2023,11,0,0
FRA.2.2.2.3_1,2023,11,0,0
FRA.2.2.2.4_1,2023,11,0,0
FRA.2.2.2.5_1,2023,11,0,0
FRA.2.2.2.6_1,2023,11,0,0
FRA.2.2.2.7_1,2023,11,0,0
FRA.2.2.2.8_1,2023,11,0,0
FRA.2.2.2.9_1,2023,11,0,0
FRA.2.2.3.1_1,2023,11,0,0
FRA.2.2.3.2_1,2023,11,0,0
FRA.2.2.3.3_1,2023,11,0,0
FRA.2.2.3.4_1,2023,11,0,0
FRA.2.2.3.5_1,2023,11,0,0
FRA.2.2.3.6_1,2023,11,0,0
FRA.2.2.3.7_1,2023,11,0,0
FRA.2.2.3.8_1,2023,11,0,0
FRA.2.3.1.1_1,2023,11,0,0
FRA.2.3.1.10_1,2023,11,0,0
FRA.2.3.1.11_1,2023,11,0,0
FRA.2.3.1.12_1,2023,11,0,0
FRA.2.3.1.13_1,2023,11,0,0
FRA.2.3.1.14_1,2023,11,0,0
FRA.2.3.1.15_1,2023,11,0,0
FRA.2.3.1.16_1,2023,11,0,0
FRA.2.3.1.2_1,2023,11,0,0
FRA.2.3.1.3_1,2023,11,0,0
FRA.2.3.1.4_1,2023,11,0,0
FRA.2.3.1.5_1,2023,11,0,0
FRA.2.3.1.6_1,2023,11,0,0
FRA.2.3.1.7_1,2023,11,0,0
FRA.2.3.1.8_1,2023,11,0,0
FRA.2.3.1.9_1,2023,11,0,0
FRA.2.3.2.1_1,2023,11,0,0
FRA.2.3.2.10_1,2023,11,0,0
FRA.2.3.2.11_1,2023,11,0,0
FRA.2.3.2.12_1,2023,11,0,0
FRA.2.3.2.13_1,2023,11,0,0
FRA.2.3.2.14_1,2023,11,0,0
FRA.2.3.2.15_1,2023,11,0,0
FRA.2.3.2.16_1,2023,11,0,0
FRA.2.3.2.17_1,2023,11,0,0
FRA.2.3.2.18_1,2023,11,0,0
FRA.2.3.2.19_1,2023,11,0,0
FRA.2.3.2.2_1,2023,11,0,0
FRA.2.3.2.20_1,2023,11,0,0
FRA.2.3.2.3_1,2023,11,0,0
FRA.2.3.2.4_1,2023,11,0,0
FRA.2.3.2.5_1,2023,11,0,0
FRA.2.3.2.6_1,2023,11,0,0
FRA.2.3.2.7_1,2023,11,0,0
FRA.2.3.2.8_1,2023,11,0,0
FRA.2.3.2.9_1,2023,11,0,0
FRA.2.4.1.1_1,2023,11,0,0
FRA.2.4.1.10_1,2023,11,0,0
FRA.2.4.1.11_1,2023,11,0,0
FRA.2.4.1.2_1,2023,11,0,0
FRA.2.4.1.3_1,2023,11,0,0
FRA.2.4.1.4_1,2023,11,0,0
FRA.2.4.1.5_1,2023,11,0,0
FRA.2.4.1.6_1,2023,11,0,0
FRA.2.4.1.7_1,2023,11,0,0
FRA.2.4.1.8_1,2023,11,0,0
FRA.2.4.1.9_1,2023,11,0,0
FRA.2.4.2.1_1,2023,11,0,0
FRA.2.4.2.10_1,2023,11,0,0
FRA.2.4.2.11_1,2023,11,0,0
FRA.2.4.2.12_1,2023,11,0,0
FRA.2.4.2.13_1,2023,11,0,0
FRA.2.4.2.14_1,2023,11,0,0
FRA.2.4.2.15_1,2023,11,0,0
FRA.2.4.2.16_1,2023,11,0,0
FRA.2.4.2.17_1,2023,11,0,0
FRA.2.4.2.18_1,2023,11,0,0
FRA.2.4.2.19_1,2023,11,0,0
FRA.2.4.2.2_1,2023,11,0,0
FRA.2.4.2.20_1,2023,11,0,0
FRA.2.4.2.3_1,2023,11,0,0
FRA.2.4.2.4_1,2023,11,0,0
FRA.2.4.2.5_1,2023,11,0,0
FRA.2.4.2.6_1,2023,11,0,0
FRA.2.4.2.7_1,2023,11,0,0
FRA.2.4.2.8_1,2023,11,0,0
FRA.2.4.2.9_1,2023,11,0,0
FRA.2.4.3.1_1,2023,11,0,0
FRA.2.4.3.2_1,2023,11,0,0
FRA.2.4.3.3_1,2023,11,0,0
FRA.2.4.3.4_1,2023,11,0,0
FRA.2.4.3.5_1,2023,11,0,0
FRA.2.5.1.1_1,2023,11,0,0
FRA.2.5.1.2_1,2023,11,0,0
FRA.2.5.1.3_1,2023,11,0,0
FRA.2.5.1.4_1,2023,11,0,0
FRA.2.5.1.5_1,2023,11,0,0
FRA.2.5.1.6_1,2023,11,0,0
FRA.2.5.2.1_1,2023,11,0,0
FRA.2.5.2.2_1,2023,11,0,0
FRA.2.5.2.3_1,2023,11,0,0
FRA.2.5.2.4_1,2023,11,0,0
FRA.2.5.2.5_1,2023,11,0,0
FRA.2.5.2.6_1,2023,11,0,0
FRA.2.5.3.1_1,2023,11,0,0
FRA.2.5.3.2_1,2023,11,0,0
FRA.2.5.3.3_1,2023,11,0,0
FRA.2.5.3.4_1,2023,11,0,0
FRA.2.5.3.5_1,2023,11,0,0
FRA.2.5.3.6_1,2023,11,0,0
FRA.2.5.3.7_1,2023,11,0,0
FRA.2.5.3.8_1,2023,11,0,0
FRA.2.5.4.1_1,2023,11,0,0
FRA.2.5.4.10_1,2023,11,0,0
FRA.2.5.4.11_1,2023,11,0,0
FRA.2.5.4.12_1,2023,11,0,0
FRA.2.5.4.13_1,2023,11,0,0
FRA.2.5.4.2_1,2023,11,0,0
FRA.2.5.4.3_1,2023,11,0,0
FRA.2.5.4.4_1,2023,11,0,0
FRA.2.5.4.5_1,2023,11,0,0
FRA.2.5.4.6_1,2023,11,0,0
FRA.2.5.4.7_1,2023,11,0,0
FRA.2.5.4.8_1,2023,11,0,0
FRA.2.5.4.9_1,2023,11,0,0
FRA.2.6.1.1_1,2023,11,0,0
FRA.2.6.1.10_1,2023,11,0,0
FRA.2.6.1.11_1,2023,11,0,0
FRA.2.6.1.12_1,2023,11,0,0
FRA.2.6.1.2_1,2023,11,0,0
FRA.2.6.1.3_1,2023,11,0,0
FRA.2.6.1.4_1,2023,11,0,0
FRA.2.6.1.5_1,2023,11,0,0
FRA.2.6.1.6_1,2023,11,0,0
FRA.2.6.1.7_1,2023,11,0,0
FRA.2.6.1.8_1,2023,11,0,0
FRA.2.6.1.9_1,2023,11,0,0
FRA.2.6.2.1_1,2023,11,0,0
FRA.2.6.2.10_1,2023,11,0,0
FRA.2.6.2.11_1,2023,11,0,0
FRA.2.6.2.12_1,2023,11,0,0
FRA.2.6.2.13_1,2023,11,0,0
FRA.2.6.2.14_1,2023,11,0,0
FRA.2.6.2.15_1,2023,11,0,0
FRA.2.6.2.2_1,2023,11,0,0
FRA.2.6.2.3_1,2023,11,0,0
FRA.2.6.2.4_1,2023,11,0,0
FRA.2.6.2.5_1,2023,11,0,0
FRA.2.6.2.6_1,2023,11,0,0
FRA.2.6.2.7_1,2023,11,0,0
FRA.2.6.2.8_1,2023,11,0,0
FRA.2.6.2.9_1,2023,11,0,0
FRA.2.6.3.1_1,2023,11,0,0
FRA.2.6.3.10_1,2023,11,0,0
FRA.2.6.3.11_1,2023,11,0,0
FRA.2.6.3.12_1,2023,11,0,0
FRA.2.6.3.13_1,2023,11,0,0
FRA.2.6.3.2_1,2023,11,0,0
FRA.2.6.3.3_1,2023,11,0,0
FRA.2.6.3.4_1,2023,11,0,0
FRA.2.6.3.5_1,2023,11,0,0
FRA.2.6.3.6_1,2023,11,0,0
FRA.2.6.3.7_1,2023,11,0,0
FRA.2.6.3.8_1,2023,11,0,0
FRA.2.6.3.9_1,2023,11,0,0
FRA.2.6.4.1_1,2023,11,0,0
FRA.2.6.4.2_1,2023,11,0,0
FRA.2.6.4.3_1,2023,11,0,0
FRA.2.6.4.4_1,2023,11,0,0
FRA.2.6.4.5_1,2023,11,0,0
FRA.2.6.4.6_1,2023,11,0,0
FRA.2.6.4.7_1,2023,11,0,0
FRA.2.6.4.8_1,2023,11,0,0
FRA.2.6.5.1_1,2023,11,0,0
FRA.2.6.5.10_1,2023,11,0,0
FRA.2.6.5.11_1,2023,11,0,0
FRA.2.6.5.2_1,2023,11,0,0
FRA.2.6.5.3_1,2023,11,0,0
FRA.2.6.5.4_1,2023,11,0,0
FRA.2.6.5.5_1,2023,11,0,0
FRA.2.6.5.6_1,2023,11,0,0
FRA.2.6.5.7_1,2023,11,0,0
FRA.2.6.5.8_1,2023,11,0,0
FRA.2.6.5.9_1,2023,11,0,0
FRA.2.7.1.1_1,2023,11,0,0
FRA.2.7.1.10_1,2023,11,0,0
FRA.2.7.1.11_1,2023,11,0,0
FRA.2.7.1.2_1,2023,11,0,0
FRA.2.7.1.3_1,2023,11,0,0
FRA.2.7.1.4_1,2023,11,0,0
FRA.2.7.1.5_1,2023,11,0,0
FRA.2.7.1.6_1,2023,11,0,0
FRA.2.7.1.7_1,2023,11,0,0
FRA.2.7.1.8_1,2023,11,0,0
FRA.2.7.1.9_1,2023,11,0,0
FRA.2.8.1.1_1,2023,11,0,0
FRA.2.8.1.10_1,2023,11,0,0
FRA.2.8.1.11_1,2023,11,0,0
FRA.2.8.1.12_1,2023,11,0,0
FRA.2.8.1.13_1,2023,11,0,0
FRA.2.8.1.14_1,2023,11,0,0
FRA.2.8.1.15_1,2023,11,0,0
FRA.2.8.1.16_1,2023,11,0,0
FRA.2.8.1.17_1,2023,11,0,0
FRA.2.8.1.18_1,2023,11,0,0
FRA.2.8.1.19_1,2023,11,0,0
FRA.2.8.1.2_1,2023,11,0,0
FRA.2.8.1.20_1,2023,11,0,0
FRA.2.8.1.21_1,2023,11,0,0
FRA.2.8.1.22_1,2023,11,0,0
FRA.2.8.1.23_1,2023,11,0,0
FRA.2.8.1.3_1,2023,11,0,0
FRA.2.8.1.4_1,2023,11,0,0
FRA.2.8.1.5_1,2023,11,0,0
FRA.2.8.1.6_1,2023,11,0,0
FRA.2.8.1.7_1,2023,11,0,0
FRA.2.8.1.8_1,2023,11,0,0
FRA.2.8.1.9_1,2023,11,0,0
FRA.2.8.2.1_1,2023,11,0,0
FRA.2.8.2.10_1,2023,11,0,0
FRA.2.8.2.2_1,2023,11,0,0
FRA.2.8.2.3_1,2023,11,0,0
FRA.2.8.2.4_1,2023,11,0,0
FRA.2.8.2.5_1,2023,11,0,0
FRA.2.8.2.6_1,2023,11,0,0
FRA.2.8.2.7_1,2023,11,0,0
FRA.2.8.2.8_1,2023,11,0,0
FRA.2.8.2.9_1,2023,11,0,0
FRA.2.8.3.1_1,2023,11,0,0
FRA.2.8.3.10_1,2023,11,0,0
FRA.2.8.3.11_1,2023,11,0,0
FRA.2.8.3.2_1,2023,11,0,0
FRA.2.8.3.3_1,2023,11,0,0
FRA.2.8.3.4_1,2023,11,0,0
FRA.2.8.3.5_1,2023,11,0,0
FRA.2.8.3.6_1,2023,11,0,0
FRA.2.8.3.7_1,2023,11,0,0
FRA.2.8.3.8_1,2023,11,0,0
FRA.2.8.3.9_1,2023,11,0,0
FRA.3.1.1.1_1,2023,11,0,0
FRA.3.1.1.10_1,2023,11,0,0
FRA.3.1.1.11_1,2023,11,0,0
FRA.3.1.1.12_1,2023,11,0,0
FRA.3.1.1.13_1,2023,11,0,0
FRA.3.1.1.2_1,2023,11,0,0
FRA.3.1.1.3_1,2023,11,0,0
FRA.3.1.1.4_1,2023,11,0,0
FRA.3.1.1.5_1,2023,11,0,0
FRA.3.1.1.6_1,2023,11,0,0
FRA.3.1.1.7_1,2023,11,0,0
FRA.3.1.1.8_1,2023,11,0,0
FRA.3.1.1.9_1,2023,11,0,0
FRA.3.1.2.1_1,2023,11,0,0
FRA.3.1.2.10_1,2023,11,0,0
FRA.3.1.2.11_1,2023,11,0,0
FRA.3.1.2.12_1,2023,11,0,0
FRA.3.1.2.2_1,2023,11,0,0
FRA.3.1.2.3_1,2023,11,0,0
FRA.3.1.2.4_1,2023,11,0,0
FRA.3.1.2.5_1,2023,11,0,0
FRA.3.1.2.6_1,2023,11,0,0
FRA.3.1.2.7_1,2023,11,0,0
FRA.3.1.2.8_1,2023,11,0,0
FRA.3.1.2.9_1,2023,11,0,0
FRA.3.1.3.1_1,2023,11,0,0
FRA.3.1.3.2_1,2023,11,0,0
FRA.3.1.3.3_1,2023,11,0,0
FRA.3.1.3.4_1,2023,11,0,0
FRA.3.1.3.5_1,2023,11,0,0
FRA.3.1.3.6_1,2023,11,0,0
FRA.3.1.3.7_1,2023,11,0,0
FRA.3.1.4.1_1,2023,11,0,0
FRA.3.1.4.10_1,2023,11,0,0
FRA.3.1.4.11_1,2023,11,0,0
FRA.3.1.4.12_1,2023,11,0,0
FRA.3.1.4.13_1,2023,11,0,0
FRA.3.1.4.14_1,2023,11,0,0
FRA.3.1.4.15_1,2023,11,0,0
FRA.3.1.4.16_1,2023,11,0,0
FRA.3.1.4.17_1,2023,11,0,0
FRA.3.1.4.18_1,2023,11,0,0
FRA.3.1.4.19_1,2023,11,0,0
FRA.3.1.4.2_1,2023,11,0,0
FRA.3.1.4.3_1,2023,11,0,0
FRA.3.1.4.4_1,2023,11,0,0
FRA.3.1.4.5_1,2023,11,0,0
FRA.3.1.4.6_1,2023,11,0,0
FRA.3.1.4.7_1,2023,11,0,0
FRA.3.1.4.8_1,2023,11,0,0
FRA.3.1.4.9_1,2023,11,0,0
FRA.3.2.1.1_1,2023,11,0,0
FRA.3.2.1.11_1,2023,11,0,0
FRA.3.2.1.12_1,2023,11,0,0
FRA.3.2.1.13_1,2023,11,0,0
FRA.3.2.1.14_1,2023,11,0,0
FRA.3.2.1.2_1,2023,11,0,0
FRA.3.2.1.3_1,2023,11,0,0
FRA.3.2.1.4_1,2023,11,0,0
FRA.3.2.1.5_1,2023,11,0,0
FRA.3.2.1.6_1,2023,11,0,0
FRA.3.2.1.7_1,2023,11,0,0
FRA.3.2.1.8_1,2023,11,0,0
FRA.3.2.1.9_1,2023,11,0,0
FRA.3.2.2.1_1,2023,11,0,0
FRA.3.2.2.2_1,2023,11,0,0
FRA.3.2.2.3_1,2023,11,0,0
FRA.3.2.2.4_1,2023,11,0,0
FRA.3.2.2.5_1,2023,11,0,0
FRA.3.2.2.6_1,2023,11,0,0
FRA.3.2.2.7_1,2023,11,0,0
FRA.3.2.3.1_1,2023,11,0,0
FRA.3.2.3.10_1,2023,11,0,0
FRA.3.2.3.2_1,2023,11,0,0
FRA.3.2.3.3_1,2023,11,0,0
FRA.3.2.3.4_1,2023,11,0,0
FRA.3.2.3.5_1,2023,11,0,0
FRA.3.2.3.6_1,2023,11,0,0
FRA.3.2.3.7_1,2023,11,0,0
FRA.3.2.3.8_1,2023,11,0,0
FRA.3.2.3.9_1,2023,11,0,0
FRA.3.2.4.1_1,2023,11,0,0
FRA.3.2.4.10_1,2023,11,0,0
FRA.3.2.4.11_1,2023,11,0,0
FRA.3.2.4.12_1,2023,11,0,0
FRA.3.2.4.13_1,2023,11,0,0
FRA.3.2.4.14_1,2023,11,0,0
FRA.3.2.4.15_1,2023,11,0,0
FRA.3.2.4.16_1,2023,11,0,0
FRA.3.2.4.17_1,2023,11,0,0
FRA.3.2.4.2_1,2023,11,0,0
FRA.3.2.4.3_1,2023,11,0,0
FRA.3.2.4.4_1,2023,11,0,0
FRA.3.2.4.5_1,2023,11,0,0
FRA.3.2.4.6_1,2023,11,0,0
FRA.3.2.4.7_1,2023,11,0,0
FRA.3.2.4.8_1,2023,11,0,0
FRA.3.2.4.9_1,2023,11,0,0
FRA.3.3.1.1_1,2023,11,0,0
FRA.3.3.1.10_1,2023,11,0,0
FRA.3.3.1.11_1,2023,11,0,0
FRA.3.3.1.12_1,2023,11,0,0
FRA.3.3.1.13_1,2023,11,0,0
FRA.3.3.1.14_1,2023,11,0,0
FRA.3.3.1.2_1,2023,11,0,0
FRA.3.3.1.3_1,2023,11,0,0
FRA.3.3.1.4_1,2023,11,0,0
FRA.3.3.1.5_1,2023,11,0,0
FRA.3.3.1.6_1,2023,11,0,0
FRA.3.3.1.7_1,2023,11,0,0
FRA.3.3.1.8_1,2023,11,0,0
FRA.3.3.1.9_1,2023,11,0,0
FRA.3.3.2.1_1,2023,11,0,0
FRA.3.3.2.2_1,2023,11,0,0
FRA.3.3.2.3_1,2023,11,0,0
FRA.3.3.2.4_1,2023,11,0,0
FRA.3.3.2.5_1,2023,11,0,0
FRA.3.3.2.6_1,2023,11,0,0
FRA.3.3.2.7_1,2023,11,0,0
FRA.3.3.3.1_1,2023,11,0,0
FRA.3.3.3.10_1,2023,11,0,0
FRA.3.3.3.11_1,2023,11,0,0
FRA.3.3.3.12_1,2023,11,0,0
FRA.3.3.3.13_1,2023,11,0,0
FRA.3.3.3.14_1,2023,11,0,0
FRA.3.3.3.15_1,2023,11,0,0
FRA.3.3.3.16_1,2023,11,0,0
FRA.3.3.3.17_1,2023,11,0,0
FRA.3.3.3.18_1,2023,11,0,0
FRA.3.3.3.2_1,2023,11,0,0
FRA.3.3.3.3_1,2023,11,0,0
FRA.3.3.3.4_1,2023,11,0,0
FRA.3.3.3.5_1,2023,11,0,0
FRA.3.3.3.6_1,2023,11,0,0
FRA.3.3.3.7_1,2023,11,0,0
FRA.3.3.3.8_1,2023,11,0,0
FRA.3.3.3.9_1,2023,11,0,0
FRA.3.3.4.1_1,2023,11,0,0
FRA.3.3.4.2_1,2023,11,0,0
FRA.3.3.4.3_1,2023,11,0,0
FRA.3.3.4.4_1,2023,11,0,0
FRA.3.3.4.5_1,2023,11,0,0
FRA.3.3.4.6_1,2023,11,0,0
FRA.3.3.4.7_1,2023,11,0,0
FRA.3.3.4.8_1,2023,11,0,0
FRA.3.3.4.9_1,2023,11,0,0
FRA.3.4.1.1_1,2023,11,0,0
FRA.3.4.1.10_1,2023,11,0,0
FRA.3.4.1.11_1,2023,11,0,0
FRA.3.4.1.12_1,2023,11,0,0
FRA.3.4.1.13_1,2023,11,0,0
FRA.3.4.1.2_1,2023,11,0,0
FRA.3.4.1.3_1,2023,11,0,0
FRA.3.4.1.5_1,2023,11,0,0
FRA.3.4.1.6_1,2023,11,0,0
FRA.3.4.1.7_1,2023,11,0,0
FRA.3.4.1.8_1,2023,11,0,0
FRA.3.4.1.9_1,2023,11,0,0
FRA.3.4.2.1_1,2023,11,0,0
FRA.3.4.2.10_1,2023,11,0,0
FRA.3.4.2.2_1,2023,11,0,0
FRA.3.4.2.3_1,2023,11,0,0
FRA.3.4.2.4_1,2023,11,0,0
FRA.3.4.2.5_1,2023,11,0,0
FRA.3.4.2.6_1,2023,11,0,0
FRA.3.4.2.7_1,2023,11,0,0
FRA.3.4.2.8_1,2023,11,0,0
FRA.3.4.2.9_1,2023,11,0,0
FRA.3.4.3.1_1,2023,11,0,0
FRA.3.4.3.10_1,2023,11,0,0
FRA.3.4.3.11_1,2023,11,0,0
FRA.3.4.3.12_1,2023,11,0,0
FRA.3.4.3.13_1,2023,11,0,0
FRA.3.4.3.14_1,2023,11,0,0
FRA.3.4.3.15_1,2023,11,0,0
FRA.3.4.3.16_1,2023,11,0,0
FRA.3.4.3.17_1,2023,11,0,0
FRA.3.4.3.2_1,2023,11,0,0
FRA.3.4.3.3_1,2023,11,0,0
FRA.3.4.3.4_1,2023,11,0,0
FRA.3.4.3.5_1,2023,11,0,0
FRA.3.4.3.6_1,2023,11,0,0
FRA.3.4.3.7_1,2023,11,0,0
FRA.3.4.3.8_1,2023,11,0,0
FRA.3.4.3.9_1,2023,11,0,0
FRA.4.1.1.1_1,2023,11,0,0
FRA.4.1.1.10_1,2023,11,0,0
FRA.4.1.1.11_1,2023,11,0,0
FRA.4.1.1.12_1,2023,11,0,0
FRA.4.1.1.2_1,2023,11,0,0
FRA.4.1.1.3_1,2023,11,0,0
FRA.4.1.1.4_1,2023,11,0,0
FRA.4.1.1.5_1,2023,11,0,0
FRA.4.1.1.6_1,2023,11,0,0
FRA.4.1.1.7_1,2023,11,0,0
FRA.4.1.1.8_1,2023,11,0,0
FRA.4.1.1.9_1,2023,11,0,0
FRA.4.1.2.1_1,2023,11,0,0
FRA.4.1.2.10_1,2023,11,0,0
FRA.4.1.2.11_1,2023,11,0,0
FRA.4.1.2.2_1,2023,11,0,0
FRA.4.1.2.3_1,2023,11,0,0
FRA.4.1.2.4_1,2023,11,0,0
FRA.4.1.2.5_1,2023,11,0,0
FRA.4.1.2.6_1,2023,11,0,0
FRA.4.1.2.7_1,2023,11,0,0
FRA.4.1.2.8_1,2023,11,0,0
FRA.4.1.2.9_1,2023,11,0,0
FRA.4.1.3.1_1,2023,11,0,0
FRA.4.1.3.2_1,2023,11,0,0
FRA.4.1.3.3_1,2023,11,0,0
FRA.4.1.3.4_1,2023,11,0,0
FRA.4.1.3.5_1,2023,11,0,0
FRA.4.1.3.6_1,2023,11,0,0
FRA.4.1.3.7_1,2023,11,0,0
FRA.4.1.3.8_1,2023,11,0,0
FRA.4.2.1.1_1,2023,11,0,0
FRA.4.2.1.10_1,2023,11,0,0
FRA.4.2.1.11_1,2023,11,0,0
FRA.4.2.1.12_1,2023,11,0,0
FRA.4.2.1.2_1,2023,11,0,0
FRA.4.2.1.3_1,2023,11,0,0
FRA.4.2.1.4_1,2023,11,0,0
FRA.4.2.1.5_1,2023,11,0,0
FRA.4.2.1.6_1,2023,11,0,0
FRA.4.2.1.7_1,2023,11,0,0
FRA.4.2.1.8_1,2023,11,0,0
FRA.4.2.1.9_1,2023,11,0,0
FRA.4.2.2.1_1,2023,11,0,0
FRA.4.2.2.2_1,2023,11,0,0
FRA.4.2.2.3_1,2023,11,0,0
FRA.4.2.2.4_1,2023,11,0,0
FRA.4.2.2.5_1,2023,11,0,0
FRA.4.2.3.1_1,2023,11,0,0
FRA.4.2.3.10_1,2023,11,0,0
FRA.4.2.3.2_1,2023,11,0,0
FRA.4.2.3.3_1,2023,11,0,0
FRA.4.2.3.4_1,2023,11,0,0
FRA.4.2.3.5_1,2023,11,0,0
FRA.4.2.3.6_1,2023,11,0,0
FRA.4.2.3.7_1,2023,11,0,0
FRA.4.2.3.8_1,2023,11,0,0
FRA.4.2.3.9_1,2023,11,0,0
FRA.4.2.4.1_1,2023,11,0,0
FRA.4.2.4.2_1,2023,11,0,0
FRA.4.2.4.3_1,2023,11,0,0
FRA.4.2.4.4_1,2023,11,0,0
FRA.4.3.1.1_1,2023,11,0,0
FRA.4.3.1.2_1,2023,11,0,0
FRA.4.3.1.3_1,2023,11,0,0
FRA.4.3.1.4_1,2023,11,0,0
FRA.4.3.1.5_1,2023,11,0,0
FRA.4.3.1.6_1,2023,11,0,0
FRA.4.3.1.7_1,2023,11,0,0
FRA.4.3.2.1_1,2023,11,0,0
FRA.4.3.2.2_1,2023,11,0,0
FRA.4.3.2.3_1,2023,11,0,0
FRA.4.3.2.4_1,2023,11,0,0
FRA.4.3.2.5_1,2023,11,0,0
FRA.4.3.2.6_1,2023,11,0,0
FRA.4.3.3.1_1,2023,11,0,0
FRA.4.3.3.10_1,2023,11,0,0
FRA.4.3.3.11_1,2023,11,0,0
FRA.4.3.3.12_1,2023,11,0,0
FRA.4.3.3.13_1,2023,11,0,0
FRA.4.3.3.14_1,2023,11,0,0
FRA.4.3.3.15_1,2023,11,0,0
FRA.4.3.3.16_1,2023,11,0,0
FRA.4.3.3.17_1,2023,11,0,0
FRA.4.3.3.2_1,2023,11,0,0
FRA.4.3.3.3_1,2023,11,0,0
FRA.4.3.3.4_1,2023,11,0,0
FRA.4.3.3.5_1,2023,11,0,0
FRA.4.3.3.6_1,2023,11,0,0
FRA.4.3.3.7_1,2023,11,0,0
FRA.4.3.3.8_1,2023,11,0,0
FRA.4.3.3.9_1,2023,11,0,0
FRA.4.4.1.1_1,2023,11,0,0
FRA.4.4.1.10_1,2023,11,0,0
FRA.4.4.1.2_1,2023,11,0,0
FRA.4.4.1.3_1,2023,11,0,0
FRA.4.4.1.4_1,2023,11,0,0
FRA.4.4.1.5_1,2023,11,0,0
FRA.4.4.1.6_1,2023,11,0,0
FRA.4.4.1.7_1,2023,11,0,0
FRA.4.4.1.8_1,2023,11,0,0
FRA.4.4.1.9_1,2023,11,0,0
FRA.4.4.2.1_1,2023,11,0,0
FRA.4.4.2.2_1,2023,11,0,0
FRA.4.4.2.3_1,2023,11,0,0
FRA.4.4.2.4_1,2023,11,0,0
FRA.4.4.2.5_1,2023,11,0,0
FRA.4.4.3.1_1,2023,11,0,0
FRA.4.4.3.2_1,2023,11,0,0
FRA.4.4.3.3_1,2023,11,0,0
FRA.4.4.3.4_1,2023,11,0,0
FRA.4.4.3.5_1,2023,11,0,0
FRA.4.4.4.1_1,2023,11,0,0
FRA.4.4.4.2_1,2023,11,0,0
FRA.4.4.4.3_1,2023,11,0,0
FRA.4.4.4.4_1,2023,11,0,0
FRA.4.4.4.5_1,2023,11,0,0
FRA.4.4.4.6_1,2023,11,0,0
FRA.4.5.1.1_1,2023,11,0,0
FRA.4.5.1.10_1,2023,11,0,0
FRA.4.5.1.11_1,2023,11,0,0
FRA.4.5.1.12_1,2023,11,0,0
FRA.4.5.1.2_1,2023,11,0,0
FRA.4.5.1.3_1,2023,11,0,0
FRA.4.5.1.4_1,2023,11,0,0
FRA.4.5.1.5_1,2023,11,0,0
FRA.4.5.1.6_1,2023,11,0,0
FRA.4.5.1.7_1,2023,11,0,0
FRA.4.5.1.8_1,2023,11,0,0
FRA.4.5.1.9_1,2023,11,0,0
FRA.4.5.2.1_1,2023,11,0,0
FRA.4.5.2.2_1,2023,11,0,0
FRA.4.5.2.3_1,2023,11,0,0
FRA.4.5.2.4_1,2023,11,0,0
FRA.4.5.2.5_1,2023,11,0,0
FRA.4.5.2.6_1,2023,11,0,0
FRA.4.5.2.7_1,2023,11,0,0
FRA.4.5.2.8_1,2023,11,0,0
FRA.4.5.2.9_1,2023,11,0,0
FRA.4.5.3.1_1,2023,11,0,0
FRA.4.5.3.10_1,2023,11,0,0
FRA.4.5.3.2_1,2023,11,0,0
FRA.4.5.3.3_1,2023,11,0,0
FRA.4.5.3.4_1,2023,11,0,0
FRA.4.5.3.5_1,2023,11,0,0
FRA.4.5.3.6_1,2023,11,0,0
FRA.4.5.3.7_1,2023,11,0,0
FRA.4.5.3.8_1,2023,11,0,0
FRA.4.5.3.9_1,2023,11,0,0
FRA.4.6.1.1_1,2023,11,0,0
FRA.4.6.1.10_1,2023,11,0,0
FRA.4.6.1.11_1,2023,11,0,0
FRA.4.6.1.12_1,2023,11,0,0
FRA.4.6.1.2_1,2023,11,0,0
FRA.4.6.1.3_1,2023,11,0,0
FRA.4.6.1.4_1,2023,11,0,0
FRA.4.6.1.5_1,2023,11,0,0
FRA.4.6.1.6_1,2023,11,0,0
FRA.4.6.1.7_1,2023,11,0,0
FRA.4.6.1.8_1,2023,11,0,0
FRA.4.6.1.9_1,2023,11,0,0
FRA.4.6.2.1_1,2023,11,0,0
FRA.4.6.2.10_1,2023,11,0,0
FRA.4.6.2.11_1,2023,11,0,0
FRA.4.6.2.12_1,2023,11,0,0
FRA.4.6.2.13_1,2023,11,0,0
FRA.4.6.2.14_1,2023,11,0,0
FRA.4.6.2.15_1,2023,11,0,0
FRA.4.6.2.16_1,2023,11,0,0
FRA.4.6.2.17_1,2023,11,0,0
FRA.4.6.2.18_1,2023,11,0,0
FRA.4.6.2.19_1,2023,11,0,0
FRA.4.6.2.2_1,2023,11,0,0
FRA.4.6.2.3_1,2023,11,0,0
FRA.4.6.2.4_1,2023,11,0,0
FRA.4.6.2.5_1,2023,11,0,0
FRA.4.6.2.6_1,2023,11,0,0
FRA.4.6.2.7_1,2023,11,0,0
FRA.4.6.2.8_1,2023,11,0,0
FRA.4.6.2.9_1,2023,11,0,0
FRA.4.6.3.1_1,2023,11,0,0
FRA.4.6.3.2_1,2023,11,0,0
FRA.4.6.3.3_1,2023,11,0,0
FRA.4.6.3.4_1,2023,11,0,0
FRA.4.6.3.5_1,2023,11,0,0
FRA.5.1.1.1_1,2023,11,0,0
FRA.5.1.1.2_1,2023,11,0,0
FRA.5.1.1.3_1,2023,11,0,0
FRA.5.1.1.4_1,2023,11,0,0
FRA.5.1.1.5_1,2023,11,0,0
FRA.5.1.1.6_1,2023,11,0,0
FRA.5.1.1.7_1,2023,11,0,0
FRA.5.1.1.8_1,2023,11,0,0
FRA.5.1.1.9_1,2023,11,0,0
FRA.5.1.2.1_1,2023,11,0,0
FRA.5.1.2.2_1,2023,11,0,0
FRA.5.1.2.3_1,2023,11,0,0
FRA.5.1.2.4_1,2023,11,0,0
FRA.5.1.2.5_1,2023,11,0,0
FRA.5.1.2.6_1,2023,11,0,0
FRA.5.1.2.7_1,2023,11,0,0
FRA.5.1.2.8_1,2023,11,0,0
FRA.5.2.1.1_1,2023,11,0,0
FRA.5.2.1.2_1,2023,11,0,0
FRA.5.2.1.3_1,2023,11,0,0
FRA.5.2.1.4_1,2023,11,0,0
FRA.5.2.1.5_1,2023,11,0,0
FRA.5.2.1.6_1,2023,11,0,0
FRA.5.2.2.1_1,2023,11,0,0
FRA.5.2.2.2_1,2023,11,0,0
FRA.5.2.2.3_1,2023,11,0,0
FRA.5.2.2.4_1,2023,11,0,0
FRA.5.2.2.5_1,2023,11,0,0
FRA.5.2.2.6_1,2023,11,0,0
FRA.5.2.3.1_1,2023,11,0,0
FRA.5.2.3.10_1,2023,11,0,0
FRA.5.2.3.11_1,2023,11,0,0
FRA.5.2.3.12_1,2023,11,0,0
FRA.5.2.3.13_1,2023,11,0,0
FRA.5.2.3.14_1,2023,11,0,0
FRA.5.2.3.2_1,2023,11,0,0
FRA.5.2.3.3_1,2023,11,0,0
FRA.5.2.3.4_1,2023,11,0,0
FRA.5.2.3.5_1,2023,11,0,0
FRA.5.2.3.6_1,2023,11,0,0
FRA.5.2.3.7_1,2023,11,0,0
FRA.5.2.3.8_1,2023,11,0,0
FRA.5.2.3.9_1,2023,11,0,0
FRA.6.1.1.1_1,2023,11,0,0
FRA.6.1.1.10_1,2023,11,0,0
FRA.6.1.1.11_1,2023,11,0,0
FRA.6.1.1.12_1,2023,11,0,0
FRA.6.1.1.13_1,2023,11,0,0
FRA.6.1.1.14_1,2023,11,0,0
FRA.6.1.1.15_1,2023,11,0,0
FRA.6.1.1.16_1,2023,11,0,0
FRA.6.1.1.17_1,2023,11,0,0
FRA.6.1.1.18_1,2023,11,0,0
FRA.6.1.1.2_1,2023,11,0,0
FRA.6.1.1.3_1,2023,11,0,0
FRA.6.1.1.4_1,2023,11,0,0
FRA.6.1.1.5_1,2023,11,0,0
FRA.6.1.1.6_1,2023,11,0,0
FRA.6.1.1.7_1,2023,11,0,0
FRA.6.1.1.8_1,2023,11,0,0
FRA.6.1.1.9_1,2023,11,0,0
FRA.6.1.2.1_1,2023,11,0,0
FRA.6.1.2.2_1,2023,11,0,0
FRA.6.1.2.3_1,2023,11,0,0
FRA.6.1.2.4_1,2023,11,0,0
FRA.6.1.2.5_1,2023,11,0,0
FRA.6.1.2.6_1,2023,11,0,0
FRA.6.1.3.1_1,2023,11,0,0
FRA.6.1.3.2_1,2023,11,0,0
FRA.6.1.3.3_1,2023,11,0,0
FRA.6.1.3.4_1,2023,11,0,0
FRA.6.1.3.5_1,2023,11,0,0
FRA.6.1.3.6_1,2023,11,0,0
FRA.6.1.3.7_1,2023,11,0,0
FRA.6.1.4.1_1,2023,11,0,0
FRA.6.1.4.2_1,2023,11,0,0
FRA.6.1.4.3_1,2023,11,0,0
FRA.6.1.4.4_1,2023,11,0,0
FRA.6.1.4.5_1,2023,11,0,0
FRA.6.1.4.6_1,2023,11,0,0
FRA.6.1.4.7_1,2023,11,0,0
FRA.6.1.4.8_1,2023,11,0,0
FRA.6.10.1.1_1,2023,11,0,0
FRA.6.10.1.10_1,2023,11,0,0
FRA.6.10.1.11_1,2023,11,0,0
FRA.6.10.1.12_1,2023,11,0,0
FRA.6.10.1.13_1,2023,11,0,0
FRA.6.10.1.14_1,2023,11,0,0
FRA.6.10.1.15_1,2023,11,0,0
FRA.6.10.1.16_1,2023,11,0,0
FRA.6.10.1.2_1,2023,11,0,0
FRA.6.10.1.3_1,2023,11,0,0
FRA.6.10.1.4_1,2023,11,0,0
FRA.6.10.1.5_1,2023,11,0,0
FRA.6.10.1.6_1,2023,11,0,0
FRA.6.10.1.7_1,2023,11,0,0
FRA.6.10.1.8_1,2023,11,0,0
FRA.6.10.1.9_1,2023,11,0,0
FRA.6.10.2.1_1,2023,11,0,0
FRA.6.10.2.2_1,2023,11,0,0
FRA.6.10.2.3_1,2023,11,0,0
FRA.6.10.2.4_1,2023,11,0,0
FRA.6.10.2.5_1,2023,11,0,0
FRA.6.10.2.6_1,2023,11,0,0
FRA.6.10.2.7_1,2023,11,0,0
FRA.6.10.3.1_1,2023,11,0,0
FRA.6.10.3.10_1,2023,11,0,0
FRA.6.10.3.2_1,2023,11,0,0
FRA.6.10.3.3_1,2023,11,0,0
FRA.6.10.3.4_1,2023,11,0,0
FRA.6.10.3.5_1,2023,11,0,0
FRA.6.10.3.6_1,2023,11,0,0
FRA.6.10.3.7_1,2023,11,0,0
FRA.6.10.3.8_1,2023,11,0,0
FRA.6.10.3.9_1,2023,11,0,0
FRA.6.2.1.1_1,2023,11,0,0
FRA.6.2.1.2_1,2023,11,0,0
FRA.6.2.1.3_1,2023,11,0,0
FRA.6.2.1.4_1,2023,11,0,0
FRA.6.2.1.5_1,2023,11,0,0
FRA.6.2.2.1_1,2023,11,0,0
FRA.6.2.2.2_1,2023,11,0,0
FRA.6.2.2.3_1,2023,11,0,0
FRA.6.2.2.4_1,2023,11,0,0
FRA.6.2.2.5_1,2023,11,0,0
FRA.6.2.2.6_1,2023,11,0,0
FRA.6.2.3.1_1,2023,11,0,0
FRA.6.2.3.10_1,2023,11,0,0
FRA.6.2.3.11_1,2023,11,0,0
FRA.6.2.3.12_1,2023,11,0,0
FRA.6.2.3.13_1,2023,11,0,0
FRA.6.2.3.14_1,2023,11,0,0
FRA.6.2.3.15_1,2023,11,0,0
FRA.6.2.3.16_1,2023,11,0,0
FRA.6.2.3.17_1,2023,11,0,0
FRA.6.2.3.18_1,2023,11,0,0
FRA.6.2.3.19_1,2023,11,0,0
FRA.6.2.3.2_1,2023,11,0,0
FRA.6.2.3.20_1,2023,11,0,0
FRA.6.2.3.21_1,2023,11,0,0
FRA.6.2.3.3_1,2023,11,0,0
FRA.6.2.3.4_1,2023,11,0,0
FRA.6.2.3.5_1,2023,11,0,0
FRA.6.2.3.6_1,2023,11,0,0
FRA.6.2.3.7_1,2023,11,0,0
FRA.6.2.3.8_1,2023,11,0,0
FRA.6.2.3.9_1,2023,11,0,0
FRA.6.3.1.1_1,2023,11,0,0
FRA.6.3.1.2_1,2023,11,0,0
FRA.6.3.1.3_1,2023,11,0,0
FRA.6.3.2.1_1,2023,11,0,0
FRA.6.3.2.2_1,2023,11,0,0
FRA.6.3.2.3_1,2023,11,0,0
FRA.6.3.2.4_1,2023,11,0,0
FRA.6.3.2.5_1,2023,11,0,0
FRA.6.3.3.1_1,2023,11,0,0
FRA.6.3.3.2_1,2023,11,0,0
FRA.6.3.3.3_1,2023,11,0,0
FRA.6.3.3.4_1,2023,11,0,0
FRA.6.3.3.5_1,2023,11,0,0
FRA.6.3.3.6_1,2023,11,0,0
FRA.6.3.4.1_1,2023,11,0,0
FRA.6.3.4.2_1,2023,11,0,0
FRA.6.3.4.3_1,2023,11,0,0
FRA.6.3.4.4_1,2023,11,0,0
FRA.6.3.4.5_1,2023,11,0,0
FRA.6.3.4.6_1,2023,11,0,0
FRA.6.3.4.7_1,2023,11,0,0
FRA.6.3.5.1_1,2023,11,0,0
FRA.6.3.5.2_1,2023,11,0,0
FRA.6.3.5.3_1,2023,11,0,0
FRA.6.3.5.4_1,2023,11,0,0
FRA.6.3.5.5_1,2023,11,0,0
FRA.6.3.5.6_1,2023,11,0,0
FRA.6.3.5.7_1,2023,11,0,0
FRA.6.3.5.8_1,2023,11,0,0
FRA.6.3.6.1_1,2023,11,0,0
FRA.6.3.7.1_1,2023,11,0,0
FRA.6.3.7.2_1,2023,11,0,0
FRA.6.3.7.3_1,2023,11,0,0
FRA.6.3.7.4_1,2023,11,0,0
FRA.6.3.7.5_1,2023,11,0,0
FRA.6.4.1.1_1,2023,11,0,0
FRA.6.4.1.2_1,2023,11,0,0
FRA.6.4.1.3_1,2023,11,0,0
FRA.6.4.1.4_1,2023,11,0,0
FRA.6.4.2.1_1,2023,11,0,0
FRA.6.4.2.2_1,2023,11,0,0
FRA.6.4.2.3_1,2023,11,0,0
FRA.6.4.2.4_1,2023,11,0,0
FRA.6.4.2.5_1,2023,11,0,0
FRA.6.4.2.6_1,2023,11,0,0
FRA.6.4.3.1_1,2023,11,0,0
FRA.6.4.3.2_1,2023,11,0,0
FRA.6.4.3.3_1,2023,11,0,0
FRA.6.4.3.4_1,2023,11,0,0
FRA.6.4.4.1_1,2023,11,0,0
FRA.6.4.4.2_1,2023,11,0,0
FRA.6.4.4.3_1,2023,11,0,0
FRA.6.4.4.4_1,2023,11,0,0
FRA.6.4.4.5_1,2023,11,0,0
FRA.6.4.4.6_1,2023,11,0,0
FRA.6.4.4.7_1,2023,11,0,0
FRA.6.4.5.1_1,2023,11,0,0
FRA.6.4.5.2_1,2023,11,0,0
FRA.6.4.5.3_1,2023,11,0,0
FRA.6.4.5.4_1,2023,11,0,0
FRA.6.4.6.1_1,2023,11,0,0
FRA.6.4.6.2_1,2023,11,0,0
FRA.6.4.6.3_1,2023,11,0,0
FRA.6.4.6.4_1,2023,11,0,0
FRA.6.5.1.1_1,2023,11,0,0
FRA.6.5.1.10_1,2023,11,0,0
FRA.6.5.1.11_1,2023,11,0,0
FRA.6.5.1.12_1,2023,11,0,0
FRA.6.5.1.2_1,2023,11,0,0
FRA.6.5.1.3_1,2023,11,0,0
FRA.6.5.1.4_1,2023,11,0,0
FRA.6.5.1.5_1,2023,11,0,0
FRA.6.5.1.6_1,2023,11,0,0
FRA.6.5.1.7_1,2023,11,0,0
FRA.6.5.1.8_1,2023,11,0,0
FRA.6.5.1.9_1,2023,11,0,0
FRA.6.5.2.1_1,2023,11,0,0
FRA.6.5.2.10_1,2023,11,0,0
FRA.6.5.2.2_1,2023,11,0,0
FRA.6.5.2.3_1,2023,11,0,0
FRA.6.5.2.4_1,2023,11,0,0
FRA.6.5.2.5_1,2023,11,0,0
FRA.6.5.2.6_1,2023,11,0,0
FRA.6.5.2.7_1,2023,11,0,0
FRA.6.5.2.8_1,2023,11,0,0
FRA.6.5.2.9_1,2023,11,0,0
FRA.6.5.3.1_1,2023,11,0,0
FRA.6.5.3.10_1,2023,11,0,0
FRA.6.5.3.11_1,2023,11,0,0
FRA.6.5.3.2_1,2023,11,0,0
FRA.6.5.3.3_1,2023,11,0,0
FRA.6.5.3.4_1,2023,11,0,0
FRA.6.5.3.5_1,2023,11,0,0
FRA.6.5.3.6_1,2023,11,0,0
FRA.6.5.3.7_1,2023,11,0,0
FRA.6.5.3.8_1,2023,11,0,0
FRA.6.5.3.9_1,2023,11,0,0
FRA.6.6.1.1_1,2023,11,0,0
FRA.6.6.1.2_1,2023,11,0,0
FRA.6.6.1.3_1,2023,11,0,0
FRA.6.6.1.4_1,2023,11,0,0
FRA.6.6.1.5_1,2023,11,0,0
FRA.6.6.1.6_1,2023,11,0,0
FRA.6.6.1.7_1,2023,11,0,0
FRA.6.6.1.8_1,2023,11,0,0
FRA.6.6.2.1_1,2023,11,0,0
FRA.6.6.2.10_1,2023,11,0,0
FRA.6.6.2.11_1,2023,11,0,0
FRA.6.6.2.2_1,2023,11,0,0
FRA.6.6.2.3_1,2023,11,0,0
FRA.6.6.2.4_1,2023,11,0,0
FRA.6.6.2.5_1,2023,11,0,0
FRA.6.6.2.6_1,2023,11,0,0
FRA.6.6.2.7_1,2023,11,0,0
FRA.6.6.2.8_1,2023,11,0,0
FRA.6.6.2.9_1,2023,11,0,0
FRA.6.6.3.1_1,2023,11,0,0
FRA.6.6.3.10_1,2023,11,0,0
FRA.6.6.3.11_1,2023,11,0,0
FRA.6.6.3.12_1,2023,11,0,0
FRA.6.6.3.2_1,2023,11,0,0
FRA.6.6.3.3_1,2023,11,0,0
FRA.6.6.3.4_1,2023,11,0,0
FRA.6.6.3.5_1,2023,11,0,0
FRA.6.6.3.6_1,2023,11,0,0
FRA.6.6.3.7_1,2023,11,0,0
FRA.6.6.3.8_1,2023,11,0,0
FRA.6.6.3.9_1,2023,11,0,0
FRA.6.6.4.1_1,2023,11,0,0
FRA.6.6.4.2_1,2023,11,0,0
FRA.6.6.4.3_1,2023,11,0,0
FRA.6.6.5.1_1,2023,11,0,0
FRA.6.6.5.2_1,2023,11,0,0
FRA.6.6.5.3_1,2023,11,0,0
FRA.6.6.5.4_1,2023,11,0,0
FRA.6.6.5.5_1,2023,11,0,0
FRA.6.6.5.6_1,2023,11,0,0
FRA.6.6.5.7_1,2023,11,0,0
FRA.6.7.1.1_1,2023,11,0,0
FRA.6.7.1.10_1,2023,11,0,0
FRA.6.7.1.2_1,2023,11,0,0
FRA.6.7.1.3_1,2023,11,0,0
FRA.6.7.1.4_1,2023,11,0,0
FRA.6.7.1.5_1,2023,11,0,0
FRA.6.7.1.6_1,2023,11,0,0
FRA.6.7.1.7_1,2023,11,0,0
FRA.6.7.1.8_1,2023,11,0,0
FRA.6.7.1.9_1,2023,11,0,0
FRA.6.7.2.1_1,2023,11,0,0
FRA.6.7.2.10_1,2023,11,0,0
FRA.6.7.2.2_1,2023,11,0,0
FRA.6.7.2.3_1,2023,11,0,0
FRA.6.7.2.4_1,2023,11,0,0
FRA.6.7.2.5_1,2023,11,0,0
FRA.6.7.2.6_1,2023,11,0,0
FRA.6.7.2.7_1,2023,11,0,0
FRA.6.7.2.8_1,2023,11,0,0
FRA.6.7.2.9_1,2023,11,0,0
FRA.6.7.3.1_1,2023,11,0,0
FRA.6.7.3.10_1,2023,11,0,0
FRA.6.7.3.11_1,2023,11,0,0
FRA.6.7.3.12_1,2023,11,0,0
FRA.6.7.3.13_1,2023,11,0,0
FRA.6.7.3.14_1,2023,11,0,0
FRA.6.7.3.15_1,2023,11,0,0
FRA.6.7.3.16_1,2023,11,0,0
FRA.6.7.3.2_1,2023,11,0,0
FRA.6.7.3.3_1,2023,11,0,0
FRA.6.7.3.4_1,2023,11,0,0
FRA.6.7.3.5_1,2023,11,0,0
FRA.6.7.3.6_1,2023,11,0,0
FRA.6.7.3.7_1,2023,11,0,0
FRA.6.7.3.8_1,2023,11,0,0
FRA.6.7.3.9_1,2023,11,0,0
FRA.6.7.4.1_1,2023,11,0,0
FRA.6.7.4.2_1,2023,11,0,0
FRA.6.7.4.3_1,2023,11,0,0
FRA.6.7.4.4_1,2023,11,0,0
FRA.6.7.4.5_1,2023,11,0,0
FRA.6.7.4.6_1,2023,11,0,0
FRA.6.8.1.1_1,2023,11,0,0
FRA.6.8.1.10_1,2023,11,0,0
FRA.6.8.1.2_1,2023,11,0,0
FRA.6.8.1.3_1,2023,11,0,0
FRA.6.8.1.4_1,2023,11,0,0
FRA.6.8.1.5_1,2023,11,0,0
FRA.6.8.1.6_1,2023,11,0,0
FRA.6.8.1.7_1,2023,11,0,0
FRA.6.8.1.8_1,2023,11,0,0
FRA.6.8.1.9_1,2023,11,0,0
FRA.6.8.2.1_1,2023,11,0,0
FRA.6.8.2.2_1,2023,11,0,0
FRA.6.8.2.3_1,2023,11,0,0
FRA.6.8.2.4_1,2023,11,0,0
FRA.6.8.2.5_1,2023,11,0,0
FRA.6.8.2.6_1,2023,11,0,0
FRA.6.8.2.7_1,2023,11,0,0
FRA.6.8.3.1_1,2023,11,0,0
FRA.6.8.3.10_1,2023,11,0,0
FRA.6.8.3.11_1,2023,11,0,0
FRA.6.8.3.12_1,2023,11,0,0
FRA.6.8.3.13_1,2023,11,0,0
FRA.6.8.3.14_1,2023,11,0,0
FRA.6.8.3.15_1,2023,11,0,0
FRA.6.8.3.16_1,2023,11,0,0
FRA.6.8.3.2_1,2023,11,0,0
FRA.6.8.3.3_1,2023,11,0,0
FRA.6.8.3.4_1,2023,11,0,0
FRA.6.8.3.5_1,2023,11,0,0
FRA.6.8.3.6_1,2023,11,0,0
FRA.6.8.3.7_1,2023,11,0,0
FRA.6.8.3.8_1,2023,11,0,0
FRA.6.8.3.9_1,2023,11,0,0
FRA.6.9.1.1_1,2023,11,0,0
FRA.6.9.1.2_1,2023,11,0,0
FRA.6.9.1.3_1,2023,11,0,0
FRA.6.9.2.1_1,2023,11,0,0
FRA.6.9.2.2_1,2023,11,0,0
FRA.6.9.2.3_1,2023,11,0,0
FRA.6.9.2.4_1,2023,11,0,0
FRA.6.9.2.5_1,2023,11,0,0
FRA.6.9.3.1_1,2023,11,0,0
FRA.6.9.3.2_1,2023,11,0,0
FRA.6.9.3.3_1,2023,11,0,0
FRA.6.9.3.4_1,2023,11,0,0
FRA.6.9.3.5_1,2023,11,0,0
FRA.6.9.3.6_1,2023,11,0,0
FRA.6.9.3.7_1,2023,11,0,0
FRA.6.9.3.8_1,2023,11,0,0
FRA.6.9.4.1_1,2023,11,0,0
FRA.6.9.4.2_1,2023,11,0,0
FRA.6.9.4.3_1,2023,11,0,0
FRA.6.9.4.4_1,2023,11,0,0
FRA.6.9.4.5_1,2023,11,0,0
FRA.6.9.4.6_1,2023,11,0,0
FRA.6.9.4.7_1,2023,11,0,0
FRA.6.9.4.8_1,2023,11,0,0
FRA.6.9.4.9_1,2023,11,0,0
FRA.6.9.5.1_1,2023,11,0,0
FRA.6.9.6.1_1,2023,11,0,0
FRA.6.9.6.2_1,2023,11,0,0
FRA.6.9.6.3_1,2023,11,0,0
FRA.6.9.6.4_1,2023,11,0,0
FRA.6.9.6.5_1,2023,11,0,0
FRA.6.9.7.1_1,2023,11,0,0
FRA.6.9.7.2_1,2023,11,0,0
FRA.6.9.7.3_1,2023,11,0,0
FRA.6.9.7.4_1,2023,11,0,0
FRA.6.9.7.5_1,2023,11,0,0
FRA.6.9.7.6_1,2023,11,0,0
FRA.6.9.8.1_1,2023,11,0,0
FRA.6.9.8.2_1,2023,11,0,0
FRA.6.9.8.3_1,2023,11,0,0
FRA.6.9.8.4_1,2023,11,0,0
FRA.6.9.8.5_1,2023,11,0,0
FRA.6.9.9.1_1,2023,11,0,0
FRA.6.9.9.2_1,2023,11,0,0
FRA.6.9.9.3_1,2023,11,0,0
FRA.6.9.9.4_1,2023,11,0,0
FRA.6.9.9.5_1,2023,11,0,0
FRA.6.9.9.6_1,2023,11,0,0
FRA.7.1.1.1_1,2023,11,0,0
FRA.7.1.1.2_1,2023,11,0,0
FRA.7.1.1.3_1,2023,11,0,0
FRA.7.1.1.4_1,2023,11,0,0
FRA.7.1.1.5_1,2023,11,0,0
FRA.7.1.2.1_1,2023,11,0,0
FRA.7.1.2.10_1,2023,11,0,0
FRA.7.1.2.11_1,2023,11,0,0
FRA.7.1.2.12_1,2023,11,0,0
FRA.7.1.2.13_1,2023,11,0,0
FRA.7.1.2.14_1,2023,11,0,0
FRA.7.1.2.2_1,2023,11,0,0
FRA.7.1.2.3_1,2023,11,0,0
FRA.7.1.2.4_1,2023,11,0,0
FRA.7.1.2.5_1,2023,11,0,0
FRA.7.1.2.6_1,2023,11,0,0
FRA.7.1.2.7_1,2023,11,0,0
FRA.7.1.2.8_1,2023,11,0,0
FRA.7.1.2.9_1,2023,11,0,0
FRA.7.1.3.1_1,2023,11,0,0
FRA.7.1.3.2_1,2023,11,0,0
FRA.7.1.3.3_1,2023,11,0,0
FRA.7.1.3.4_1,2023,11,0,0
FRA.7.1.3.5_1,2023,11,0,0
FRA.7.1.3.6_1,2023,11,0,0
FRA.7.1.3.7_1,2023,11,0,0
FRA.7.1.3.8_1,2023,11,0,0
FRA.7.1.3.9_1,2023,11,0,0
FRA.7.1.4.1_1,2023,11,0,0
FRA.7.1.4.2_1,2023,11,0,0
FRA.7.1.4.3_1,2023,11,0,0
FRA.7.1.4.4_1,2023,11,0,0
FRA.7.1.4.5_1,2023,11,0,0
FRA.7.1.4.6_1,2023,11,0,0
FRA.7.1.4.7_1,2023,11,0,0
FRA.7.1.4.8_1,2023,11,0,0
FRA.7.1.5.1_1,2023,11,0,0
FRA.7.1.5.2_1,2023,11,0,0
FRA.7.1.5.3_1,2023,11,0,0
FRA.7.1.5.4_1,2023,11,0,0
FRA.7.1.5.5_1,2023,11,0,0
FRA.7.1.5.6_1,2023,11,0,0
FRA.7.1.5.7_1,2023,11,0,0
FRA.7.1.5.8_1,2023,11,0,0
FRA.7.2.1.1_1,2023,11,0,0
FRA.7.2.1.10_1,2023,11,0,0
FRA.7.2.1.11_1,2023,11,0,0
FRA.7.2.1.12_1,2023,11,0,0
FRA.7.2.1.13_1,2023,11,0,0
FRA.7.2.1.14_1,2023,11,0,0
FRA.7.2.1.15_1,2023,11,0,0
FRA.7.2.1.2_1,2023,11,0,0
FRA.7.2.1.3_1,2023,11,0,0
FRA.7.2.1.4_1,2023,11,0,0
FRA.7.2.1.5_1,2023,11,0,0
FRA.7.2.1.6_1,2023,11,0,0
FRA.7.2.1.7_1,2023,11,0,0
FRA.7.2.1.8_1,2023,11,0,0
FRA.7.2.1.9_1,2023,11,0,0
FRA.7.2.2.1_1,2023,11,0,0
FRA.7.2.2.2_1,2023,11,0,0
FRA.7.2.2.3_1,2023,11,0,0
FRA.7.2.2.4_1,2023,11,0,0
FRA.7.2.2.5_1,2023,11,0,0
FRA.7.2.2.6_1,2023,11,0,0
FRA.7.2.2.7_1,2023,11,0,0
FRA.7.2.2.8_1,2023,11,0,0
FRA.7.2.3.1_1,2023,11,0,0
FRA.7.2.3.2_1,2023,11,0,0
FRA.7.2.3.3_1,2023,11,0,0
FRA.7.2.3.4_1,2023,11,0,0
FRA.7.2.3.5_1,2023,11,0,0
FRA.7.2.3.6_1,2023,11,0,0
FRA.7.2.3.7_1,2023,11,0,0
FRA.7.2.3.8_1,2023,11,0,0
FRA.7.2.4.1_1,2023,11,0,0
FRA.7.2.4.10_1,2023,11,0,0
FRA.7.2.4.11_1,2023,11,0,0
FRA.7.2.4.12_1,2023,11,0,0
FRA.7.2.4.13_1,2023,11,0,0
FRA.7.2.4.14_1,2023,11,0,0
FRA.7.2.4.15_1,2023,11,0,0
FRA.7.2.4.16_1,2023,11,0,0
FRA.7.2.4.17_1,2023,11,0,0
FRA.7.2.4.18_1,2023,11,0,0
FRA.7.2.4.19_1,2023,11,0,0
FRA.7.2.4.2_1,2023,11,0,0
FRA.7.2.4.3_1,2023,11,0,0
FRA.7.2.4.4_1,2023,11,0,0
FRA.7.2.4.5_1,2023,11,0,0
FRA.7.2.4.6_1,2023,11,0,0
FRA.7.2.4.7_1,2023,11,0,0
FRA.7.2.4.8_1,2023,11,0,0
FRA.7.2.4.9_1,2023,11,0,0
FRA.7.2.5.1_1,2023,11,0,0
FRA.7.2.5.10_1,2023,11,0,0
FRA.7.2.5.11_1,2023,11,0,0
FRA.7.2.5.12_1,2023,11,0,0
FRA.7.2.5.13_1,2023,11,0,0
FRA.7.2.5.14_1,2023,11,0,0
FRA.7.2.5.15_1,2023,11,0,0
FRA.7.2.5.16_1,2023,11,0,0
FRA.7.2.5.17_1,2023,11,0,0
FRA.7.2.5.18_1,2023,11,0,0
FRA.7.2.5.19_1,2023,11,0,0
FRA.7.2.5.2_1,2023,11,0,0
FRA.7.2.5.20_1,2023,11,0,0
FRA.7.2.5.21_1,2023,11,0,0
FRA.7.2.5.22_1,2023,11,0,0
FRA.7.2.5.23_1,2023,11,0,0
FRA.7.2.5.24_1,2023,11,0,0
FRA.7.2.5.25_1,2023,11,0,0
FRA.7.2.5.3_1,2023,11,0,0
FRA.7.2.5.4_1,2023,11,0,0
FRA.7.2.5.5_1,2023,11,0,0
FRA.7.2.5.6_1,2023,11,0,0
FRA.7.2.5.7_1,2023,11,0,0
FRA.7.2.5.8_1,2023,11,0,0
FRA.7.2.5.9_1,2023,11,0,0
FRA.7.2.6.1_1,2023,11,0,0
FRA.7.2.6.10_1,2023,11,0,0
FRA.7.2.6.11_1,2023,11,0,0
FRA.7.2.6.2_1,2023,11,0,0
FRA.7.2.6.3_1,2023,11,0,0
FRA.7.2.6.4_1,2023,11,0,0
FRA.7.2.6.5_1,2023,11,0,0
FRA.7.2.6.6_1,2023,11,0,0
FRA.7.2.6.7_1,2023,11,0,0
FRA.7.2.6.8_1,2023,11,0,0
FRA.7.2.6.9_1,2023,11,0,0
FRA.7.3.1.1_1,2023,11,0,0
FRA.7.3.1.10_1,2023,11,0,0
FRA.7.3.1.11_1,2023,11,0,0
FRA.7.3.1.12_1,2023,11,0,0
FRA.7.3.1.13_1,2023,11,0,0
FRA.7.3.1.14_1,2023,11,0,0
FRA.7.3.1.2_1,2023,11,0,0
FRA.7.3.1.3_1,2023,11,0,0
FRA.7.3.1.4_1,2023,11,0,0
FRA.7.3.1.5_1,2023,11,0,0
FRA.7.3.1.6_1,2023,11,0,0
FRA.7.3.1.7_1,2023,11,0,0
FRA.7.3.1.8_1,2023,11,0,0
FRA.7.3.1.9_1,2023,11,0,0
FRA.7.3.2.1_1,2023,11,0,0
FRA.7.3.2.2_1,2023,11,0,0
FRA.7.3.2.3_1,2023,11,0,0
FRA.7.3.2.4_1,2023,11,0,0
FRA.7.3.2.5_1,2023,11,0,0
FRA.7.3.2.6_1,2023,11,0,0
FRA.7.3.2.7_1,2023,11,0,0
FRA.7.3.3.1_1,2023,11,0,0
FRA.7.3.3.10_1,2023,11,0,0
FRA.7.3.3.11_1,2023,11,0,0
FRA.7.3.3.2_1,2023,11,0,0
FRA.7.3.3.3_1,2023,11,0,0
FRA.7.3.3.4_1,2023,11,0,0
FRA.7.3.3.5_1,2023,11,0,0
FRA.7.3.3.6_1,2023,11,0,0
FRA.7.3.3.7_1,2023,11,0,0
FRA.7.3.3.8_1,2023,11,0,0
FRA.7.3.3.9_1,2023,11,0,0
FRA.7.3.4.1_1,2023,11,0,0
FRA.7.3.4.10_1,2023,11,0,0
FRA.7.3.4.2_1,2023,11,0,0
FRA.7.3.4.3_1,2023,11,0,0
FRA.7.3.4.4_1,2023,11,0,0
FRA.7.3.4.5_1,2023,11,0,0
FRA.7.3.4.6_1,2023,11,0,0
FRA.7.3.4.7_1,2023,11,0,0
FRA.7.3.4.8_1,2023,11,0,0
FRA.7.3.4.9_1,2023,11,0,0
FRA.7.4.1.1_1,2023,11,0,0
FRA.7.4.1.10_1,2023,11,0,0
FRA.7.4.1.11_1,2023,11,0,0
FRA.7.4.1.12_1,2023,11,0,0
FRA.7.4.1.13_1,2023,11,0,0
FRA.7.4.1.14_1,2023,11,0,0
FRA.7.4.1.15_1,2023,11,0,0
FRA.7.4.1.16_1,2023,11,0,0
FRA.7.4.1.17_1,2023,11,0,0
FRA.7.4.1.2_1,2023,11,0,0
FRA.7.4.1.3_1,2023,11,0,0
FRA.7.4.1.4_1,2023,11,0,0
FRA.7.4.1.5_1,2023,11,0,0
FRA.7.4.1.6_1,2023,11,0,0
FRA.7.4.1.7_1,2023,11,0,0
FRA.7.4.1.8_1,2023,11,0,0
FRA.7.4.1.9_1,2023,11,0,0
FRA.7.4.2.1_1,2023,11,0,0
FRA.7.4.2.10_1,2023,11,0,0
FRA.7.4.2.11_1,2023,11,0,0
FRA.7.4.2.12_1,2023,11,0,0
FRA.7.4.2.13_1,2023,11,0,0
FRA.7.4.2.14_1,2023,11,0,0
FRA.7.4.2.15_1,2023,11,0,0
FRA.7.4.2.2_1,2023,11,0,0
FRA.7.4.2.3_1,2023,11,0,0
FRA.7.4.2.4_1,2023,11,0,0
FRA.7.4.2.5_1,2023,11,0,0
FRA.7.4.2.6_1,2023,11,0,0
FRA.7.4.2.7_1,2023,11,0,0
FRA.7.4.2.8_1,2023,11,0,0
FRA.7.4.2.9_1,2023,11,0,0
FRA.7.4.3.1_1,2023,11,0,0
FRA.7.4.3.2_1,2023,11,0,0
FRA.7.4.3.3_1,2023,11,0,0
FRA.7.4.3.4_1,2023,11,0,0
FRA.7.4.3.5_1,2023,11,0,0
FRA.7.4.3.7_1,2023,11,0,0
FRA.7.4.3.8_1,2023,11,0,0
FRA.7.4.3.9_1,2023,11,0,0
FRA.7.4.4.1_1,2023,11,0,0
FRA.7.4.4.2_1,2023,11,0,0
FRA.7.4.4.3_1,2023,11,0,0
FRA.7.4.4.4_1,2023,11,0,0
FRA.7.4.4.5_1,2023,11,0,0
FRA.7.4.5.1_1,2023,11,0,0
FRA.7.4.5.10_1,2023,11,0,0
FRA.7.4.5.11_1,2023,11,0,0
FRA.7.4.5.12_1,2023,11,0,0
FRA.7.4.5.13_1,2023,11,0,0
FRA.7.4.5.14_1,2023,11,0,0
FRA.7.4.5.15_1,2023,11,0,0
FRA.7.4.5.16_1,2023,11,0,0
FRA.7.4.5.17_1,2023,11,0,0
FRA.7.4.5.18_1,2023,11,0,0
FRA.7.4.5.19_1,2023,11,0,0
FRA.7.4.5.2_1,2023,11,0,0
FRA.7.4.5.20_1,2023,11,0,0
FRA.7.4.5.3_1,2023,11,0,0
FRA.7.4.5.4_1,2023,11,0,0
FRA.7.4.5.5_1,2023,11,0,0
FRA.7.4.5.6_1,2023,11,0,0
FRA.7.4.5.7_1,2023,11,0,0
FRA.7.4.5.8_1,2023,11,0,0
FRA.7.4.5.9_1,2023,11,0,0
FRA.7.4.6.1_1,2023,11,0,0
FRA.7.4.6.2_1,2023,11,0,0
FRA.7.4.6.3_1,2023,11,0,0
FRA.7.4.6.4_1,2023,11,0,0
FRA.7.4.6.5_1,2023,11,0,0
FRA.7.4.6.6_1,2023,11,0,0
FRA.7.4.6.7_1,2023,11,0,0
FRA.7.4.6.8_1,2023,11,0,0
FRA.7.4.7.1_1,2023,11,0,0
FRA.7.4.7.2_1,2023,11,0,0
FRA.7.4.7.3_1,2023,11,0,0
FRA.7.4.7.4_1,2023,11,0,0
FRA.7.4.7.5_1,2023,11,0,0
FRA.7.4.7.6_1,2023,11,0,0
FRA.7.4.7.7_1,2023,11,0,0
FRA.7.4.7.8_1,2023,11,0,0
FRA.7.4.7.9_1,2023,11,0,0
FRA.7.5.1.1_1,2023,11,0,0
FRA.7.5.1.10_1,2023,11,0,0
FRA.7.5.1.11_1,2023,11,0,0
FRA.7.5.1.12_1,2023,11,0,0
FRA.7.5.1.13_1,2023,11,0,0
FRA.7.5.1.14_1,2023,11,0,0
FRA.7.5.1.2_1,2023,11,0,0
FRA.7.5.1.3_1,2023,11,0,0
FRA.7.5.1.4_1,2023,11,0,0
FRA.7.5.1.5_1,2023,11,0,0
FRA.7.5.1.6_1,2023,11,0,0
FRA.7.5.1.7_1,2023,11,0,0
FRA.7.5.1.8_1,2023,11,0,0
FRA.7.5.1.9_1,2023,11,0,0
FRA.7.5.2.1_1,2023,11,0,0
FRA.7.5.2.10_1,2023,11,0,0
FRA.7.5.2.11_1,2023,11,0,0
FRA.7.5.2.12_1,2023,11,0,0
FRA.7.5.2.13_1,2023,11,0,0
FRA.7.5.2.14_1,2023,11,0,0
FRA.7.5.2.15_1,2023,11,0,0
FRA.7.5.2.16_1,2023,11,0,0
FRA.7.5.2.17_1,2023,11,0,0
FRA.7.5.2.18_1,2023,11,0,0
FRA.7.5.2.19_1,2023,11,0,0
FRA.7.5.2.2_1,2023,11,0,0
FRA.7.5.2.20_1,2023,11,0,0
FRA.7.5.2.3_1,2023,11,0,0
FRA.7.5.2.4_1,2023,11,0,0
FRA.7.5.2.5_1,2023,11,0,0
FRA.7.5.2.6_1,2023,11,0,0
FRA.7.5.2.7_1,2023,11,0,0
FRA.7.5.2.8_1,2023,11,0,0
FRA.7.5.2.9_1,2023,11,0,0
FRA.7.5.3.1_1,2023,11,0,0
FRA.7.5.3.2_1,2023,11,0,0
FRA.7.5.3.3_1,2023,11,0,0
FRA.7.5.3.4_1,2023,11,0,0
FRA.7.5.3.5_1,2023,11,0,0
FRA.7.5.4.1_1,2023,11,0,0
FRA.7.5.4.2_1,2023,11,0,0
FRA.7.5.4.3_1,2023,11,0,0
FRA.7.5.4.4_1,2023,11,0,0
FRA.7.5.4.5_1,2023,11,0,0
FRA.7.5.4.6_1,2023,11,0,0
FRA.7.5.4.7_1,2023,11,0,0
FRA.7.5.4.8_1,2023,11,0,0
FRA.8.1.1.1_1,2023,11,0,0
FRA.8.1.1.2_1,2023,11,0,0
FRA.8.1.1.3_1,2023,11,0,0
FRA.8.1.1.4_1,2023,11,0,0
FRA.8.1.1.5_1,2023,11,0,0
FRA.8.1.1.6_1,2023,11,0,0
FRA.8.1.2.1_1,2023,11,0,0
FRA.8.1.2.10_1,2023,11,0,0
FRA.8.1.2.11_1,2023,11,0,0
FRA.8.1.2.12_1,2023,11,0,0
FRA.8.1.2.13_1,2023,11,0,0
FRA.8.1.2.14_1,2023,11,0,0
FRA.8.1.2.15_1,2023,11,0,0
FRA.8.1.2.16_1,2023,11,0,0
FRA.8.1.2.17_1,2023,11,0,0
FRA.8.1.2.18_1,2023,11,0,0
FRA.8.1.2.2_1,2023,11,0,0
FRA.8.1.2.3_1,2023,11,0,0
FRA.8.1.2.4_1,2023,11,0,0
FRA.8.1.2.5_1,2023,11,0,0
FRA.8.1.2.6_1,2023,11,0,0
FRA.8.1.2.7_1,2023,11,0,0
FRA.8.1.2.8_1,2023,11,0,0
FRA.8.1.2.9_1,2023,11,0,0
FRA.8.1.3.1_1,2023,11,0,0
FRA.8.1.3.10_1,2023,11,0,0
FRA.8.1.3.11_1,2023,11,0,0
FRA.8.1.3.12_1,2023,11,0,0
FRA.8.1.3.13_1,2023,11,0,0
FRA.8.1.3.14_1,2023,11,0,0
FRA.8.1.3.15_1,2023,11,0,0
FRA.8.1.3.16_1,2023,11,0,0
FRA.8.1.3.17_1,2023,11,0,0
FRA.8.1.3.18_1,2023,11,0,0
FRA.8.1.3.2_1,2023,11,0,0
FRA.8.1.3.3_1,2023,11,0,0
FRA.8.1.3.4_1,2023,11,0,0
FRA.8.1.3.5_1,2023,11,0,0
FRA.8.1.3.6_1,2023,11,0,0
FRA.8.1.3.7_1,2023,11,0,0
FRA.8.1.3.8_1,2023,11,0,0
FRA.8.1.3.9_1,2023,11,0,0
FRA.8.2.1.1_1,2023,11,0,0
FRA.8.2.1.10_1,2023,11,0,0
FRA.8.2.1.11_1,2023,11,0,0
FRA.8.2.1.12_1,2023,11,0,0
FRA.8.2.1.2_1,2023,11,0,0
FRA.8.2.1.3_1,2023,11,0,0
FRA.8.2.1.4_1,2023,11,0,0
FRA.8.2.1.5_1,2023,11,0,0
FRA.8.2.1.6_1,2023,11,0,0
FRA.8.2.1.7_1,2023,11,0,0
FRA.8.2.1.8_1,2023,11,0,0
FRA.8.2.1.9_1,2023,11,0,0
FRA.8.2.2.1_1,2023,11,0,0
FRA.8.2.2.2_1,2023,11,0,0
FRA.8.2.2.3_1,2023,11,0,0
FRA.8.2.2.4_1,2023,11,0,0
FRA.8.2.2.5_1,2023,11,0,0
FRA.8.2.2.6_1,2023,11,0,0
FRA.8.2.3.1_1,2023,11,0,0
FRA.8.2.3.10_1,2023,11,0,0
FRA.8.2.3.11_1,2023,11,0,0
FRA.8.2.3.12_1,2023,11,0,0
FRA.8.2.3.13_1,2023,11,0,0
FRA.8.2.3.14_1,2023,11,0,0
FRA.8.2.3.15_1,2023,11,0,0
FRA.8.2.3.2_1,2023,11,0,0
FRA.8.2.3.3_1,2023,11,0,0
FRA.8.2.3.4_1,2023,11,0,0
FRA.8.2.3.5_1,2023,11,0,0
FRA.8.2.3.6_1,2023,11,0,0
FRA.8.2.3.7_1,2023,11,0,0
FRA.8.2.3.8_1,2023,11,0,0
FRA.8.2.3.9_1,2023,11,0,0
FRA.8.3.1.1_1,2023,11,0,0
FRA.8.3.10.1_1,2023,11,0,0
FRA.8.3.11.1_1,2023,11,0,0
FRA.8.3.12.1_1,2023,11,0,0
FRA.8.3.13.1_1,2023,11,0,0
FRA.8.3.14.1_1,2023,11,0,0
FRA.8.3.15.1_1,2023,11,0,0
FRA.8.3.16.1_1,2023,11,0,0
FRA.8.3.17.1_1,2023,11,0,0
FRA.8.3.18.1_1,2023,11,0,0
FRA.8.3.19.1_1,2023,11,0,0
FRA.8.3.2.1_1,2023,11,0,0
FRA.8.3.20.1_1,2023,11,0,0
FRA.8.3.3.1_1,2023,11,0,0
FRA.8.3.4.1_1,2023,11,0,0
FRA.8.3.5.1_1,2023,11,0,0
FRA.8.3.6.1_1,2023,11,0,0
FRA.8.3.7.1_1,2023,11,0,0
FRA.8.3.8.1_1,2023,11,0,0
FRA.8.3.9.1_1,2023,11,0,0
FRA.8.4.1.1_1,2023,11,0,0
FRA.8.4.1.2_1,2023,11,0,0
FRA.8.4.1.3_1,2023,11,0,0
FRA.8.4.1.4_1,2023,11,0,0
FRA.8.4.1.5_1,2023,11,0,0
FRA.8.4.1.6_1,2023,11,0,0
FRA.8.4.2.1_1,2023,11,0,0
FRA.8.4.2.2_1,2023,11,0,0
FRA.8.4.2.3_1,2023,11,0,0
FRA.8.4.2.4_1,2023,11,0,0
FRA.8.4.2.5_1,2023,11,0,0
FRA.8.4.2.6_1,2023,11,0,0
FRA.8.4.2.7_1,2023,11,0,0
FRA.8.4.2.8_1,2023,11,0,0
FRA.8.4.2.9_1,2023,11,0,0
FRA.8.4.3.1_1,2023,11,0,0
FRA.8.4.3.10_1,2023,11,0,0
FRA.8.4.3.11_1,2023,11,0,0
FRA.8.4.3.2_1,2023,11,0,0
FRA.8.4.3.3_1,2023,11,0,0
FRA.8.4.3.4_1,2023,11,0,0
FRA.8.4.3.5_1,2023,11,0,0
FRA.8.4.3.6_1,2023,11,0,0
FRA.8.4.3.7_1,2023,11,0,0
FRA.8.4.3.8_1,2023,11,0,0
FRA.8.4.3.9_1,2023,11,0,0
FRA.8.4.4.1_1,2023,11,0,0
FRA.8.4.4.2_1,2023,11,0,0
FRA.8.4.4.3_1,2023,11,0,0
FRA.8.4.4.4_1,2023,11,0,0
FRA.8.4.4.5_1,2023,11,0,0
FRA.8.4.4.6_1,2023,11,0,0
FRA.8.4.4.7_1,2023,11,0,0
FRA.8.4.4.8_1,2023,11,0,0
FRA.8.4.4.9_1,2023,11,0,0
FRA.8.4.5.1_1,2023,11,0,0
FRA.8.4.5.10_1,2023,11,0,0
FRA.8.4.5.2_1,2023,11,0,0
FRA.8.4.5.3_1,2023,11,0,0
FRA.8.4.5.4_1,2023,11,0,0
FRA.8.4.5.5_1,2023,11,0,0
FRA.8.4.5.6_1,2023,11,0,0
FRA.8.4.5.7_1,2023,11,0,0
FRA.8.4.5.8_1,2023,11,0,0
FRA.8.4.5.9_1,2023,11,0,0
FRA.8.5.1.1_1,2023,11,0,0
FRA.8.5.1.10_1,2023,11,0,0
FRA.8.5.1.11_1,2023,11,0,0
FRA.8.5.1.12_1,2023,11,0,0
FRA.8.5.1.13_1,2023,11,0,0
FRA.8.5.1.2_1,2023,11,0,0
FRA.8.5.1.3_1,2023,11,0,0
FRA.8.5.1.4_1,2023,11,0,0
FRA.8.5.1.5_1,2023,11,0,0
FRA.8.5.1.6_1,2023,11,0,0
FRA.8.5.1.7_1,2023,11,0,0
FRA.8.5.1.8_1,2023,11,0,0
FRA.8.5.1.9_1,2023,11,0,0
FRA.8.5.2.1_1,2023,11,0,0
FRA.8.5.2.10_1,2023,11,0,0
FRA.8.5.2.11_1,2023,11,0,0
FRA.8.5.2.12_1,2023,11,0,0
FRA.8.5.2.2_1,2023,11,0,0
FRA.8.5.2.3_1,2023,11,0,0
FRA.8.5.2.4_1,2023,11,0,0
FRA.8.5.2.5_1,2023,11,0,0
FRA.8.5.2.6_1,2023,11,0,0
FRA.8.5.2.7_1,2023,11,0,0
FRA.8.5.2.8_1,2023,11,0,0
FRA.8.5.2.9_1,2023,11,0,0
FRA.8.5.3.1_1,2023,11,0,0
FRA.8.5.3.2_1,2023,11,0,0
FRA.8.5.3.3_1,2023,11,0,0
FRA.8.5.3.4_1,2023,11,0,0
FRA.8.5.3.5_1,2023,11,0,0
FRA.8.5.3.6_1,2023,11,0,0
FRA.8.5.3.7_1,2023,11,0,0
FRA.8.5.3.8_1,2023,11,0,0
FRA.8.6.1.1_1,2023,11,0,0
FRA.8.6.1.2_1,2023,11,0,0
FRA.8.6.1.3_1,2023,11,0,0
FRA.8.6.1.4_1,2023,11,0,0
FRA.8.6.1.5_1,2023,11,0,0
FRA.8.6.2.1_1,2023,11,0,0
FRA.8.6.2.10_1,2023,11,0,0
FRA.8.6.2.11_1,2023,11,0,0
FRA.8.6.2.12_1,2023,11,0,0
FRA.8.6.2.13_1,2023,11,0,0
FRA.8.6.2.14_1,2023,11,0,0
FRA.8.6.2.15_1,2023,11,0,0
FRA.8.6.2.16_1,2023,11,0,0
FRA.8.6.2.17_1,2023,11,0,0
FRA.8.6.2.18_1,2023,11,0,0
FRA.8.6.2.2_1,2023,11,0,0
FRA.8.6.2.3_1,2023,11,0,0
FRA.8.6.2.4_1,2023,11,0,0
FRA.8.6.2.5_1,2023,11,0,0
FRA.8.6.2.6_1,2023,11,0,0
FRA.8.6.2.7_1,2023,11,0,0
FRA.8.6.2.8_1,2023,11,0,0
FRA.8.6.2.9_1,2023,11,0,0
FRA.8.6.3.1_1,2023,11,0,0
FRA.8.6.3.10_1,2023,11,0,0
FRA.8.6.3.11_1,2023,11,0,0
FRA.8.6.3.12_1,2023,11,0,0
FRA.8.6.3.13_1,2023,11,0,0
FRA.8.6.3.14_1,2023,11,0,0
FRA.8.6.3.2_1,2023,11,0,0
FRA.8.6.3.3_1,2023,11,0,0
FRA.8.6.3.4_1,2023,11,0,0
FRA.8.6.3.5_1,2023,11,0,0
FRA.8.6.3.6_1,2023,11,0,0
FRA.8.6.3.7_1,2023,11,0,0
FRA.8.6.3.8_1,2023,11,0,0
FRA.8.6.3.9_1,2023,11,0,0
FRA.8.7.1.1_1,2023,11,0,0
FRA.8.7.1.10_1,2023,11,0,0
FRA.8.7.1.11_1,2023,11,0,0
FRA.8.7.1.12_1,2023,11,0,0
FRA.8.7.1.13_1,2023,11,0,0
FRA.8.7.1.14_1,2023,11,0,0
FRA.8.7.1.15_1,2023,11,0,0
FRA.8.7.1.16_1,2023,11,0,0
FRA.8.7.1.2_1,2023,11,0,0
FRA.8.7.1.3_1,2023,11,0,0
FRA.8.7.1.4_1,2023,11,0,0
FRA.8.7.1.5_1,2023,11,0,0
FRA.8.7.1.6_1,2023,11,0,0
FRA.8.7.1.7_1,2023,11,0,0
FRA.8.7.1.8_1,2023,11,0,0
FRA.8.7.1.9_1,2023,11,0,0
FRA.8.7.2.1_1,2023,11,0,0
FRA.8.7.2.2_1,2023,11,0,0
FRA.8.7.2.3_1,2023,11,0,0
FRA.8.7.2.4_1,2023,11,0,0
FRA.8.7.2.5_1,2023,11,0,0
FRA.8.7.2.6_1,2023,11,0,0
FRA.8.7.2.7_1,2023,11,0,0
FRA.8.7.2.8_1,2023,11,0,0
FRA.8.7.2.9_1,2023,11,0,0
FRA.8.7.3.1_1,2023,11,0,0
FRA.8.7.3.10_1,2023,11,0,0
FRA.8.7.3.11_1,2023,11,0,0
FRA.8.7.3.2_1,2023,11,0,0
FRA.8.7.3.3_1,2023,11,0,0
FRA.8.7.3.4_1,2023,11,0,0
FRA.8.7.3.5_1,2023,11,0,0
FRA.8.7.3.6_1,2023,11,0,0
FRA.8.7.3.7_1,2023,11,0,0
FRA.8.7.3.8_1,2023,11,0,0
FRA.8.7.3.9_1,2023,11,0,0
FRA.8.8.1.1_1,2023,11,0,0
FRA.8.8.1.2_1,2023,11,0,0
FRA.8.8.1.3_1,2023,11,0,0
FRA.8.8.1.4_1,2023,11,0,0
FRA.8.8.1.5_1,2023,11,0,0
FRA.8.8.1.6_1,2023,11,0,0
FRA.8.8.1.7_1,2023,11,0,0
FRA.8.8.1.8_1,2023,11,0,0
FRA.8.8.2.1_1,2023,11,0,0
FRA.8.8.2.2_1,2023,11,0,0
FRA.8.8.2.3_1,2023,11,0,0
FRA.8.8.2.4_1,2023,11,0,0
FRA.8.8.2.5_1,2023,11,0,0
FRA.8.8.3.1_1,2023,11,0,0
FRA.8.8.3.10_1,2023,11,0,0
FRA.8.8.3.11_1,2023,11,0,0
FRA.8.8.3.12_1,2023,11,0,0
FRA.8.8.3.13_1,2023,11,0,0
FRA.8.8.3.14_1,2023,11,0,0
FRA.8.8.3.15_1,2023,11,0,0
FRA.8.8.3.16_1,2023,11,0,0
FRA.8.8.3.17_1,2023,11,0,0
FRA.8.8.3.18_1,2023,11,0,0
FRA.8.8.3.2_1,2023,11,0,0
FRA.8.8.3.3_1,2023,11,0,0
FRA.8.8.3.4_1,2023,11,0,0
FRA.8.8.3.5_1,2023,11,0,0
FRA.8.8.3.6_1,2023,11,0,0
FRA.8.8.3.7_1,2023,11,0,0
FRA.8.8.3.8_1,2023,11,0,0
FRA.8.8.3.9_1,2023,11,0,0
FRA.8.8.4.1_1,2023,11,0,0
FRA.8.8.4.2_1,2023,11,0,0
FRA.8.8.4.3_1,2023,11,0,0
FRA.8.8.4.4_1,2023,11,0,0
FRA.8.8.4.5_1,2023,11,0,0
FRA.8.8.4.6_1,2023,11,0,0
FRA.8.8.4.7_1,2023,11,0,0
FRA.8.8.4.8_1,2023,11,0,0
FRA.8.8.4.9_1,2023,11,0,0
FRA.9.1.1.1_1,2023,11,0,0
FRA.9.1.1.2_1,2023,11,0,0
FRA.9.1.1.3_1,2023,11,0,0
FRA.9.1.1.4_1,2023,11,0,0
FRA.9.1.1.5_1,2023,11,0,0
FRA.9.1.1.6_1,2023,11,0,0
FRA.9.1.2.1_1,2023,11,0,0
FRA.9.1.2.10_1,2023,11,0,0
FRA.9.1.2.11_1,2023,11,0,0
FRA.9.1.2.12_1,2023,11,0,0
FRA.9.1.2.13_1,2023,11,0,0
FRA.9.1.2.14_1,2023,11,0,0
FRA.9.1.2.15_1,2023,11,0,0
FRA.9.1.2.16_1,2023,11,0,0
FRA.9.1.2.17_1,2023,11,0,0
FRA.9.1.2.18_1,2023,11,0,0
FRA.9.1.2.19_1,2023,11,0,0
FRA.9.1.2.2_1,2023,11,0,0
FRA.9.1.2.20_1,2023,11,0,0
FRA.9.1.2.21_1,2023,11,0,0
FRA.9.1.2.22_1,2023,11,0,0
FRA.9.1.2.23_1,2023,11,0,0
FRA.9.1.2.3_1,2023,11,0,0
FRA.9.1.2.4_1,2023,11,0,0
FRA.9.1.2.5_1,2023,11,0,0
FRA.9.1.2.6_1,2023,11,0,0
FRA.9.1.2.7_1,2023,11,0,0
FRA.9.1.2.8_1,2023,11,0,0
FRA.9.1.2.9_1,2023,11,0,0
FRA.9.1.3.1_1,2023,11,0,0
FRA.9.1.3.10_1,2023,11,0,0
FRA.9.1.3.11_1,2023,11,0,0
FRA.9.1.3.12_1,2023,11,0,0
FRA.9.1.3.13_1,2023,11,0,0
FRA.9.1.3.14_1,2023,11,0,0
FRA.9.1.3.2_1,2023,11,0,0
FRA.9.1.3.3_1,2023,11,0,0
FRA.9.1.3.4_1,2023,11,0,0
FRA.9.1.3.5_1,2023,11,0,0
FRA.9.1.3.6_1,2023,11,0,0
FRA.9.1.3.7_1,2023,11,0,0
FRA.9.1.3.8_1,2023,11,0,0
FRA.9.1.3.9_1,2023,11,0,0
FRA.9.1.4.1_1,2023,11,0,0
FRA.9.1.4.2_1,2023,11,0,0
FRA.9.1.4.3_1,2023,11,0,0
FRA.9.1.4.4_1,2023,11,0,0
FRA.9.1.4.5_1,2023,11,0,0
FRA.9.1.4.6_1,2023,11,0,0
FRA.9.2.1.1_1,2023,11,0,0
FRA.9.2.1.10_1,2023,11,0,0
FRA.9.2.1.11_1,2023,11,0,0
FRA.9.2.1.12_1,2023,11,0,0
FRA.9.2.1.13_1,2023,11,0,0
FRA.9.2.1.14_1,2023,11,0,0
FRA.9.2.1.15_1,2023,11,0,0
FRA.9.2.1.16_1,2023,11,0,0
FRA.9.2.1.17_1,2023,11,0,0
FRA.9.2.1.2_1,2023,11,0,0
FRA.9.2.1.3_1,2023,11,0,0
FRA.9.2.1.4_1,2023,11,0,0
FRA.9.2.1.5_1,2023,11,0,0
FRA.9.2.1.6_1,2023,11,0,0
FRA.9.2.1.7_1,2023,11,0,0
FRA.9.2.1.8_1,2023,11,0,0
FRA.9.2.1.9_1,2023,11,0,0
FRA.9.2.2.1_1,2023,11,0,0
FRA.9.2.2.10_1,2023,11,0,0
FRA.9.2.2.11_1,2023,11,0,0
FRA.9.2.2.12_1,2023,11,0,0
FRA.9.2.2.13_1,2023,11,0,0
FRA.9.2.2.14_1,2023,11,0,0
FRA.9.2.2.15_1,2023,11,0,0
FRA.9.2.2.16_1,2023,11,0,0
FRA.9.2.2.17_1,2023,11,0,0
FRA.9.2.2.2_1,2023,11,0,0
FRA.9.2.2.3_1,2023,11,0,0
FRA.9.2.2.4_1,2023,11,0,0
FRA.9.2.2.5_1,2023,11,0,0
FRA.9.2.2.6_1,2023,11,0,0
FRA.9.2.2.7_1,2023,11,0,0
FRA.9.2.2.8_1,2023,11,0,0
FRA.9.2.2.9_1,2023,11,0,0
FRA.9.2.3.1_1,2023,11,0,0
FRA.9.2.3.10_1,2023,11,0,0
FRA.9.2.3.11_1,2023,11,0,0
FRA.9.2.3.12_1,2023,11,0,0
FRA.9.2.3.13_1,2023,11,0,0
FRA.9.2.3.2_1,2023,11,0,0
FRA.9.2.3.3_1,2023,11,0,0
FRA.9.2.3.4_1,2023,11,0,0
FRA.9.2.3.5_1,2023,11,0,0
FRA.9.2.3.6_1,2023,11,0,0
FRA.9.2.3.7_1,2023,11,0,0
FRA.9.2.3.8_1,2023,11,0,0
FRA.9.2.3.9_1,2023,11,0,0
FRA.9.3.1.1_1,2023,11,0,0
FRA.9.3.1.10_1,2023,11,0,0
FRA.9.3.1.11_1,2023,11,0,0
FRA.9.3.1.12_1,2023,11,0,0
FRA.9.3.1.13_1,2023,11,0,0
FRA.9.3.1.14_1,2023,11,0,0
FRA.9.3.1.15_1,2023,11,0,0
FRA.9.3.1.16_1,2023,11,0,0
FRA.9.3.1.17_1,2023,11,0,0
FRA.9.3.1.18_1,2023,11,0,0
FRA.9.3.1.2_1,2023,11,0,0
FRA.9.3.1.3_1,2023,11,0,0
FRA.9.3.1.4_1,2023,11,0,0
FRA.9.3.1.5_1,2023,11,0,0
FRA.9.3.1.6_1,2023,11,0,0
FRA.9.3.1.7_1,2023,11,0,0
FRA.9.3.1.8_1,2023,11,0,0
FRA.9.3.1.9_1,2023,11,0,0
FRA.9.3.2.1_1,2023,11,0,0
FRA.9.3.2.10_1,2023,11,0,0
FRA.9.3.2.11_1,2023,11,0,0
FRA.9.3.2.12_1,2023,11,0,0
FRA.9.3.2.13_1,2023,11,0,0
FRA.9.3.2.14_1,2023,11,0,0
FRA.9.3.2.2_1,2023,11,0,0
FRA.9.3.2.3_1,2023,11,0,0
FRA.9.3.2.4_1,2023,11,0,0
FRA.9.3.2.5_1,2023,11,0,0
FRA.9.3.2.6_1,2023,11,0,0
FRA.9.3.2.7_1,2023,11,0,0
FRA.9.3.2.8_1,2023,11,0,0
FRA.9.3.2.9_1,2023,11,0,0
FRA.9.3.3.1_1,2023,11,0,0
FRA.9.3.3.10_1,2023,11,0,0
FRA.9.3.3.11_1,2023,11,0,0
FRA.9.3.3.2_1,2023,11,0,0
FRA.9.3.3.3_1,2023,11,0,0
FRA.9.3.3.4_1,2023,11,0,0
FRA.9.3.3.5_1,2023,11,0,0
FRA.9.3.3.6_1,2023,11,0,0
FRA.9.3.3.7_1,2023,11,0,0
FRA.9.3.3.8_1,2023,11,0,0
FRA.9.3.3.9_1,2023,11,0,0
FRA.9.3.4.1_1,2023,11,0,0
FRA.9.3.4.10_1,2023,11,0,0
FRA.9.3.4.11_1,2023,11,0,0
FRA.9.3.4.12_1,2023,11,0,0
FRA.9.3.4.2_1,2023,11,0,0
FRA.9.3.4.3_1,2023,11,0,0
FRA.9.3.4.4_1,2023,11,0,0
FRA.9.3.4.5_1,2023,11,0,0
FRA.9.3.4.6_1,2023,11,0,0
FRA.9.3.4.7_1,2023,11,0,0
FRA.9.3.4.8_1,2023,11,0,0
FRA.9.3.4.9_1,2023,11,0,0
FRA.9.4.1.1_1,2023,11,0,0
FRA.9.4.1.10_1,2023,11,0,0
FRA.9.4.1.11_1,2023,11,0,0
FRA.9.4.1.2_1,2023,11,0,0
FRA.9.4.1.3_1,2023,11,0,0
FRA.9.4.1.4_1,2023,11,0,0
FRA.9.4.1.5_1,2023,11,0,0
FRA.9.4.1.6_1,2023,11,0,0
FRA.9.4.1.7_1,2023,11,0,0
FRA.9.4.1.8_1,2023,11,0,0
FRA.9.4.1.9_1,2023,11,0,0
FRA.9.4.2.1_1,2023,11,0,0
FRA.9.4.2.10_1,2023,11,0,0
FRA.9.4.2.11_1,2023,11,0,0
FRA.9.4.2.12_1,2023,11,0,0
FRA.9.4.2.13_1,2023,11,0,0
FRA.9.4.2.14_1,2023,11,0,0
FRA.9.4.2.15_1,2023,11,0,0
FRA.9.4.2.16_1,2023,11,0,0
FRA.9.4.2.17_1,2023,11,0,0
FRA.9.4.2.18_1,2023,11,0,0
FRA.9.4.2.19_1,2023,11,0,0
FRA.9.4.2.2_1,2023,11,0,0
FRA.9.4.2.3_1,2023,11,0,0
FRA.9.4.2.4_1,2023,11,0,0
FRA.9.4.2.5_1,2023,11,0,0
FRA.9.4.2.6_1,2023,11,0,0
FRA.9.4.2.7_1,2023,11,0,0
FRA.9.4.2.8_1,2023,11,0,0
FRA.9.4.2.9_1,2023,11,0,0
FRA.9.4.3.1_1,2023,11,0,0
FRA.9.4.3.10_1,2023,11,0,0
FRA.9.4.3.11_1,2023,11,0,0
FRA.9.4.3.12_1,2023,11,0,0
FRA.9.4.3.13_1,2023,11,0,0
FRA.9.4.3.2_1,2023,11,0,0
FRA.9.4.3.3_1,2023,11,0,0
FRA.9.4.3.4_1,2023,11,0,0
FRA.9.4.3.5_1,2023,11,0,0
FRA.9.4.3.6_1,2023,11,0,0
FRA.9.4.3.7_1,2023,11,0,0
FRA.9.4.3.8_1,2023,11,0,0
FRA.9.4.3.9_1,2023,11,0,0
FRA.9.5.1.1_1,2023,11,0,0
FRA.9.5.1.10_1,2023,11,0,0
FRA.9.5.1.11_1,2023,11,0,0
FRA.9.5.1.12_1,2023,11,0,0
FRA.9.5.1.13_1,2023,11,0,0
FRA.9.5.1.14_1,2023,11,0,0
FRA.9.5.1.15_1,2023,11,0,0
FRA.9.5.1.16_1,2023,11,0,0
FRA.9.5.1.17_1,2023,11,0,0
FRA.9.5.1.18_1,2023,11,0,0
FRA.9.5.1.19_1,2023,11,0,0
FRA.9.5.1.2_1,2023,11,0,0
FRA.9.5.1.20_1,2023,11,0,0
FRA.9.5.1.3_1,2023,11,0,0
FRA.9.5.1.4_1,2023,11,0,0
FRA.9.5.1.5_1,2023,11,0,0
FRA.9.5.1.6_1,2023,11,0,0
FRA.9.5.1.7_1,2023,11,0,0
FRA.9.5.1.8_1,2023,11,0,0
FRA.9.5.1.9_1,2023,11,0,0
FRA.9.5.2.1_1,2023,11,0,0
FRA.9.5.2.10_1,2023,11,0,0
FRA.9.5.2.11_1,2023,11,0,0
FRA.9.5.2.12_1,2023,11,0,0
FRA.9.5.2.13_1,2023,11,0,0
FRA.9.5.2.2_1,2023,11,0,0
FRA.9.5.2.3_1,2023,11,0,0
FRA.9.5.2.4_1,2023,11,0,0
FRA.9.5.2.5_1,2023,11,0,0
FRA.9.5.2.6_1,2023,11,0,0
FRA.9.5.2.8_1,2023,11,0,0
FRA.9.5.2.9_1,2023,11,0,0
FRA.9.5.3.1_1,2023,11,0,0
FRA.9.5.3.10_1,2023,11,0,0
FRA.9.5.3.11_1,2023,11,0,0
FRA.9.5.3.12_1,2023,11,0,0
FRA.9.5.3.13_1,2023,11,0,0
FRA.9.5.3.14_1,2023,11,0,0
FRA.9.5.3.15_1,2023,11,0,0
FRA.9.5.3.16_1,2023,11,0,0
FRA.9.5.3.17_1,2023,11,0,0
FRA.9.5.3.18_1,2023,11,0,0
FRA.9.5.3.19_1,2023,11,0,0
FRA.9.5.3.2_1,2023,11,0,0
FRA.9.5.3.20_1,2023,11,0,0
FRA.9.5.3.21_1,2023,11,0,0
FRA.9.5.3.22_1,2023,11,0,0
FRA.9.5.3.3_1,2023,11,0,0
FRA.9.5.3.4_1,2023,11,0,0
FRA.9.5.3.5_1,2023,11,0,0
FRA.9.5.3.6_1,2023,11,0,0
FRA.9.5.3.7_1,2023,11,0,0
FRA.9.5.3.8_1,2023,11,0,0
FRA.9.5.3.9_1,2023,11,0,0
GBR.1.1.1.1_1,2023,11,0,0
GBR.1.1.1.10_1,2023,11,0,0
GBR.1.1.1.11_1,2023,11,0,0
GBR.1.1.1.12_1,2023,11,0,0
GBR.1.1.1.13_1,2023,11,0,0
GBR.1.1.1.14_1,2023,11,0,0
GBR.1.1.1.15_1,2023,11,0,0
GBR.1.1.1.16_1,2023,11,0,0
GBR.1.1.1.17_1,2023,11,0,0
GBR.1.1.1.18_1,2023,11,0,0
GBR.1.1.1.19_1,2023,11,0,0
GBR.1.1.1.2_1,2023,11,0,0
GBR.1.1.1.20_1,2023,11,0,0
GBR.1.1.1.21_1,2023,11,0,0
GBR.1.1.1.22_1,2023,11,0,0
GBR.1.1.1.23_1,2023,11,0,0
GBR.1.1.1.3_1,2023,11,0,0
GBR.1.1.1.4_1,2023,11,0,0
GBR.1.1.1.5_1,2023,11,0,0
GBR.1.1.1.6_1,2023,11,0,0
GBR.1.1.1.7_1,2023,11,0,0
GBR.1.1.1.8_1,2023,11,0,0
GBR.1.1.1.9_1,2023,11,0,0
GBR.1.10.1.1_1,2023,11,0,0
GBR.1.10.1.10_1,2023,11,0,0
GBR.1.10.1.11_1,2023,11,0,0
GBR.1.10.1.12_1,2023,11,0,0
GBR.1.10.1.13_1,2023,11,0,0
GBR.1.10.1.14_1,2023,11,0,0
GBR.1.10.1.15_1,2023,11,0,0
GBR.1.10.1.16_1,2023,11,0,0
GBR.1.10.1.17_1,2023,11,0,0
GBR.1.10.1.18_1,2023,11,0,0
GBR.1.10.1.19_1,2023,11,0,0
GBR.1.10.1.2_1,2023,11,0,0
GBR.1.10.1.20_1,2023,11,0,0
GBR.1.10.1.21_1,2023,11,0,0
GBR.1.10.1.22_1,2023,11,0,0
GBR.1.10.1.23_1,2023,11,0,0
GBR.1.10.1.24_1,2023,11,0,0
GBR.1.10.1.25_1,2023,11,0,0
GBR.1.10.1.26_1,2023,11,0,0
GBR.1.10.1.27_1,2023,11,0,0
GBR.1.10.1.28_1,2023,11,0,0
GBR.1.10.1.29_1,2023,11,0,0
GBR.1.10.1.3_1,2023,11,0,0
GBR.1.10.1.30_1,2023,11,0,0
GBR.1.10.1.4_1,2023,11,0,0
GBR.1.10.1.5_1,2023,11,0,0
GBR.1.10.1.6_1,2023,11,0,0
GBR.1.10.1.7_1,2023,11,0,0
GBR.1.10.1.8_1,2023,11,0,0
GBR.1.10.1.9_1,2023,11,0,0
GBR.1.100.1.1_1,2023,11,0,0
GBR.1.100.1.10_1,2023,11,0,0
GBR.1.100.1.11_1,2023,11,0,0
GBR.1.100.1.12_1,2023,11,0,0
GBR.1.100.1.13_1,2023,11,0,0
GBR.1.100.1.14_1,2023,11,0,0
GBR.1.100.1.15_1,2023,11,0,0
GBR.1.100.1.16_1,2023,11,0,0
GBR.1.100.1.17_1,2023,11,0,0
GBR.1.100.1.18_1,2023,11,0,0
GBR.1.100.1.19_1,2023,11,0,0
GBR.1.100.1.2_1,2023,11,0,0
GBR.1.100.1.20_1,2023,11,0,0
GBR.1.100.1.3_1,2023,11,0,0
GBR.1.100.1.4_1,2023,11,0,0
GBR.1.100.1.5_1,2023,11,0,0
GBR.1.100.1.6_1,2023,11,0,0
GBR.1.100.1.7_1,2023,11,0,0
GBR.1.100.1.8_1,2023,11,0,0
GBR.1.100.1.9_1,2023,11,0,0
GBR.1.101.1.1_1,2023,11,0,0
GBR.1.101.1.10_1,2023,11,0,0
GBR.1.101.1.11_1,2023,11,0,0
GBR.1.101.1.12_1,2023,11,0,0
GBR.1.101.1.13_1,2023,11,0,0
GBR.1.101.1.14_1,2023,11,0,0
GBR.1.101.1.15_1,2023,11,0,0
GBR.1.101.1.16_1,2023,11,0,0
GBR.1.101.1.17_1,2023,11,0,0
GBR.1.101.1.18_1,2023,11,0,0
GBR.1.101.1.19_1,2023,11,0,0
GBR.1.101.1.2_1,2023,11,0,0
GBR.1.101.1.20_1,2023,11,0,0
GBR.1.101.1.21_1,2023,11,0,0
GBR.1.101.1.22_1,2023,11,0,0
GBR.1.101.1.23_1,2023,11,0,0
GBR.1.101.1.24_1,2023,11,0,0
GBR.1.101.1.25_1,2023,11,0,0
GBR.1.101.1.26_1,2023,11,0,0
GBR.1.101.1.27_1,2023,11,0,0
GBR.1.101.1.28_1,2023,11,0,0
GBR.1.101.1.29_1,2023,11,0,0
GBR.1.101.1.3_1,2023,11,0,0
GBR.1.101.1.30_1,2023,11,0,0
GBR.1.101.1.4_1,2023,11,0,0
GBR.1.101.1.5_1,2023,11,0,0
GBR.1.101.1.6_1,2023,11,0,0
GBR.1.101.1.7_1,2023,11,0,0
GBR.1.101.1.8_1,2023,11,0,0
GBR.1.101.1.9_1,2023,11,0,0
GBR.1.102.1.1_1,2023,11,0,0
GBR.1.102.1.10_1,2023,11,0,0
GBR.1.102.1.11_1,2023,11,0,0
GBR.1.102.1.12_1,2023,11,0,0
GBR.1.102.1.13_1,2023,11,0,0
GBR.1.102.1.14_1,2023,11,0,0
GBR.1.102.1.15_1,2023,11,0,0
GBR.1.102.1.16_1,2023,11,0,0
GBR.1.102.1.17_1,2023,11,0,0
GBR.1.102.1.18_1,2023,11,0,0
GBR.1.102.1.19_1,2023,11,0,0
GBR.1.102.1.2_1,2023,11,0,0
GBR.1.102.1.20_1,2023,11,0,0
GBR.1.102.1.3_1,2023,11,0,0
GBR.1.102.1.4_1,2023,11,0,0
GBR.1.102.1.5_1,2023,11,0,0
GBR.1.102.1.6_1,2023,11,0,0
GBR.1.102.1.7_1,2023,11,0,0
GBR.1.102.1.8_1,2023,11,0,0
GBR.1.102.1.9_1,2023,11,0,0
GBR.1.103.1.1_1,2023,11,0,0
GBR.1.103.1.10_1,2023,11,0,0
GBR.1.103.1.11_1,2023,11,0,0
GBR.1.103.1.12_1,2023,11,0,0
GBR.1.103.1.13_1,2023,11,0,0
GBR.1.103.1.14_1,2023,11,0,0
GBR.1.103.1.15_1,2023,11,0,0
GBR.1.103.1.2_1,2023,11,0,0
GBR.1.103.1.3_1,2023,11,0,0
GBR.1.103.1.4_1,2023,11,0,0
GBR.1.103.1.5_1,2023,11,0,0
GBR.1.103.1.6_1,2023,11,0,0
GBR.1.103.1.7_1,2023,11,0,0
GBR.1.103.1.8_1,2023,11,0,0
GBR.1.103.1.9_1,2023,11,0,0
GBR.1.104.1.1_1,2023,11,0,0
GBR.1.104.1.10_1,2023,11,0,0
GBR.1.104.1.11_1,2023,11,0,0
GBR.1.104.1.12_1,2023,11,0,0
GBR.1.104.1.13_1,2023,11,0,0
GBR.1.104.1.14_1,2023,11,0,0
GBR.1.104.1.15_1,2023,11,0,0
GBR.1.104.1.16_1,2023,11,0,0
GBR.1.104.1.17_1,2023,11,0,0
GBR.1.104.1.18_1,2023,11,0,0
GBR.1.104.1.19_1,2023,11,0,0
GBR.1.104.1.2_1,2023,11,0,0
GBR.1.104.1.20_1,2023,11,0,0
GBR.1.104.1.21_1,2023,11,0,0
GBR.1.104.1.3_1,2023,11,0,0
GBR.1.104.1.4_1,2023,11,0,0
GBR.1.104.1.5_1,2023,11,0,0
GBR.1.104.1.6_1,2023,11,0,0
GBR.1.104.1.7_1,2023,11,0,0
GBR.1.104.1.8_1,2023,11,0,0
GBR.1.104.1.9_1,2023,11,0,0
GBR.1.105.1.1_1,2023,11,0,0
GBR.1.105.1.10_1,2023,11,0,0
GBR.1.105.1.11_1,2023,11,0,0
GBR.1.105.1.12_1,2023,11,0,0
GBR.1.105.1.13_1,2023,11,0,0
GBR.1.105.1.14_1,2023,11,0,0
GBR.1.105.1.15_1,2023,11,0,0
GBR.1.105.1.16_1,2023,11,0,0
GBR.1.105.1.17_1,2023,11,0,0
GBR.1.105.1.18_1,2023,11,0,0
GBR.1.105.1.19_1,2023,11,0,0
GBR.1.105.1.2_1,2023,11,0,0
GBR.1.105.1.20_1,2023,11,0,0
GBR.1.105.1.21_1,2023,11,0,0
GBR.1.105.1.3_1,2023,11,0,0
GBR.1.105.1.4_1,2023,11,0,0
GBR.1.105.1.5_1,2023,11,0,0
GBR.1.105.1.6_1,2023,11,0,0
GBR.1.105.1.7_1,2023,11,0,0
GBR.1.105.1.8_1,2023,11,0,0
GBR.1.105.1.9_1,2023,11,0,0
GBR.1.106.1.1_1,2023,11,0,0
GBR.1.106.1.10_1,2023,11,0,0
GBR.1.106.1.11_1,2023,11,0,0
GBR.1.106.1.12_1,2023,11,0,0
GBR.1.106.1.13_1,2023,11,0,0
GBR.1.106.1.14_1,2023,11,0,0
GBR.1.106.1.15_1,2023,11,0,0
GBR.1.106.1.16_1,2023,11,0,0
GBR.1.106.1.17_1,2023,11,0,0
GBR.1.106.1.18_1,2023,11,0,0
GBR.1.106.1.19_1,2023,11,0,0
GBR.1.106.1.2_1,2023,11,0,0
GBR.1.106.1.20_1,2023,11,0,0
GBR.1.106.1.21_1,2023,11,0,0
GBR.1.106.1.22_1,2023,11,0,0
GBR.1.106.1.23_1,2023,11,0,0
GBR.1.106.1.24_1,2023,11,0,0
GBR.1.106.1.25_1,2023,11,0,0
GBR.1.106.1.3_1,2023,11,0,0
GBR.1.106.1.4_1,2023,11,0,0
GBR.1.106.1.5_1,2023,11,0,0
GBR.1.106.1.6_1,2023,11,0,0
GBR.1.106.1.7_1,2023,11,0,0
GBR.1.106.1.8_1,2023,11,0,0
GBR.1.106.1.9_1,2023,11,0,0
GBR.1.107.1.1_1,2023,11,0,0
GBR.1.107.1.10_1,2023,11,0,0
GBR.1.107.1.11_1,2023,11,0,0
GBR.1.107.1.12_1,2023,11,0,0
GBR.1.107.1.13_1,2023,11,0,0
GBR.1.107.1.14_1,2023,11,0,0
GBR.1.107.1.15_1,2023,11,0,0
GBR.1.107.1.16_1,2023,11,0,0
GBR.1.107.1.17_1,2023,11,0,0
GBR.1.107.1.18_1,2023,11,0,0
GBR.1.107.1.19_1,2023,11,0,0
GBR.1.107.1.2_1,2023,11,0,0
GBR.1.107.1.20_1,2023,11,0,0
GBR.1.107.1.21_1,2023,11,0,0
GBR.1.107.1.22_1,2023,11,0,0
GBR.1.107.1.23_1,2023,11,0,0
GBR.1.107.1.24_1,2023,11,0,0
GBR.1.107.1.25_1,2023,11,0,0
GBR.1.107.1.3_1,2023,11,0,0
GBR.1.107.1.4_1,2023,11,0,0
GBR.1.107.1.5_1,2023,11,0,0
GBR.1.107.1.6_1,2023,11,0,0
GBR.1.107.1.7_1,2023,11,0,0
GBR.1.107.1.8_1,2023,11,0,0
GBR.1.107.1.9_1,2023,11,0,0
GBR.1.108.1.1_1,2023,11,0,0
GBR.1.108.1.10_1,2023,11,0,0
GBR.1.108.1.11_1,2023,11,0,0
GBR.1.108.1.12_1,2023,11,0,0
GBR.1.108.1.13_1,2023,11,0,0
GBR.1.108.1.14_1,2023,11,0,0
GBR.1.108.1.15_1,2023,11,0,0
GBR.1.108.1.16_1,2023,11,0,0
GBR.1.108.1.17_1,2023,11,0,0
GBR.1.108.1.18_1,2023,11,0,0
GBR.1.108.1.2_1,2023,11,0,0
GBR.1.108.1.3_1,2023,11,0,0
GBR.1.108.1.4_1,2023,11,0,0
GBR.1.108.1.5_1,2023,11,0,0
GBR.1.108.1.6_1,2023,11,0,0
GBR.1.108.1.7_1,2023,11,0,0
GBR.1.108.1.8_1,2023,11,0,0
GBR.1.108.1.9_1,2023,11,0,0
GBR.1.108.2.1_1,2023,11,0,0
GBR.1.108.2.10_1,2023,11,0,0
GBR.1.108.2.11_1,2023,11,0,0
GBR.1.108.2.12_1,2023,11,0,0
GBR.1.108.2.13_1,2023,11,0,0
GBR.1.108.2.14_1,2023,11,0,0
GBR.1.108.2.15_1,2023,11,0,0
GBR.1.108.2.16_1,2023,11,0,0
GBR.1.108.2.2_1,2023,11,0,0
GBR.1.108.2.3_1,2023,11,0,0
GBR.1.108.2.4_1,2023,11,0,0
GBR.1.108.2.5_1,2023,11,0,0
GBR.1.108.2.6_1,2023,11,0,0
GBR.1.108.2.7_1,2023,11,0,0
GBR.1.108.2.8_1,2023,11,0,0
GBR.1.108.2.9_1,2023,11,0,0
GBR.1.108.3.1_1,2023,11,0,0
GBR.1.108.3.10_1,2023,11,0,0
GBR.1.108.3.11_1,2023,11,0,0
GBR.1.108.3.12_1,2023,11,0,0
GBR.1.108.3.13_1,2023,11,0,0
GBR.1.108.3.14_1,2023,11,0,0
GBR.1.108.3.15_1,2023,11,0,0
GBR.1.108.3.16_1,2023,11,0,0
GBR.1.108.3.17_1,2023,11,0,0
GBR.1.108.3.18_1,2023,11,0,0
GBR.1.108.3.2_1,2023,11,0,0
GBR.1.108.3.3_1,2023,11,0,0
GBR.1.108.3.4_1,2023,11,0,0
GBR.1.108.3.5_1,2023,11,0,0
GBR.1.108.3.6_1,2023,11,0,0
GBR.1.108.3.7_1,2023,11,0,0
GBR.1.108.3.8_1,2023,11,0,0
GBR.1.108.3.9_1,2023,11,0,0
GBR.1.108.4.1_1,2023,11,0,0
GBR.1.108.4.10_1,2023,11,0,0
GBR.1.108.4.11_1,2023,11,0,0
GBR.1.108.4.12_1,2023,11,0,0
GBR.1.108.4.13_1,2023,11,0,0
GBR.1.108.4.14_1,2023,11,0,0
GBR.1.108.4.15_1,2023,11,0,0
GBR.1.108.4.16_1,2023,11,0,0
GBR.1.108.4.17_1,2023,11,0,0
GBR.1.108.4.18_1,2023,11,0,0
GBR.1.108.4.19_1,2023,11,0,0
GBR.1.108.4.2_1,2023,11,0,0
GBR.1.108.4.20_1,2023,11,0,0
GBR.1.108.4.21_1,2023,11,0,0
GBR.1.108.4.22_1,2023,11,0,0
GBR.1.108.4.23_1,2023,11,0,0
GBR.1.108.4.24_1,2023,11,0,0
GBR.1.108.4.25_1,2023,11,0,0
GBR.1.108.4.26_1,2023,11,0,0
GBR.1.108.4.27_1,2023,11,0,0
GBR.1.108.4.28_1,2023,11,0,0
GBR.1.108.4.29_1,2023,11,0,0
GBR.1.108.4.3_1,2023,11,0,0
GBR.1.108.4.30_1,2023,11,0,0
GBR.1.108.4.31_1,2023,11,0,0
GBR.1.108.4.32_1,2023,11,0,0
GBR.1.108.4.33_1,2023,11,0,0
GBR.1.108.4.34_1,2023,11,0,0
GBR.1.108.4.35_1,2023,11,0,0
GBR.1.108.4.36_1,2023,11,0,0
GBR.1.108.4.4_1,2023,11,0,0
GBR.1.108.4.5_1,2023,11,0,0
GBR.1.108.4.6_1,2023,11,0,0
GBR.1.108.4.7_1,2023,11,0,0
GBR.1.108.4.8_1,2023,11,0,0
GBR.1.108.4.9_1,2023,11,0,0
GBR.1.108.5.1_1,2023,11,0,0
GBR.1.108.5.10_1,2023,11,0,0
GBR.1.108.5.11_1,2023,11,0,0
GBR.1.108.5.12_1,2023,11,0,0
GBR.1.108.5.13_1,2023,11,0,0
GBR.1.108.5.14_1,2023,11,0,0
GBR.1.108.5.15_1,2023,11,0,0
GBR.1.108.5.16_1,2023,11,0,0
GBR.1.108.5.17_1,2023,11,0,0
GBR.1.108.5.18_1,2023,11,0,0
GBR.1.108.5.19_1,2023,11,0,0
GBR.1.108.5.2_1,2023,11,0,0
GBR.1.108.5.20_1,2023,11,0,0
GBR.1.108.5.21_1,2023,11,0,0
GBR.1.108.5.22_1,2023,11,0,0
GBR.1.108.5.23_1,2023,11,0,0
GBR.1.108.5.3_1,2023,11,0,0
GBR.1.108.5.4_1,2023,11,0,0
GBR.1.108.5.5_1,2023,11,0,0
GBR.1.108.5.6_1,2023,11,0,0
GBR.1.108.5.7_1,2023,11,0,0
GBR.1.108.5.8_1,2023,11,0,0
GBR.1.108.5.9_1,2023,11,0,0
GBR.1.109.1.1_1,2023,11,0,0
GBR.1.109.1.10_1,2023,11,0,0
GBR.1.109.1.11_1,2023,11,0,0
GBR.1.109.1.12_1,2023,11,0,0
GBR.1.109.1.13_1,2023,11,0,0
GBR.1.109.1.14_1,2023,11,0,0
GBR.1.109.1.15_1,2023,11,0,0
GBR.1.109.1.16_1,2023,11,0,0
GBR.1.109.1.17_1,2023,11,0,0
GBR.1.109.1.18_1,2023,11,0,0
GBR.1.109.1.19_1,2023,11,0,0
GBR.1.109.1.2_1,2023,11,0,0
GBR.1.109.1.20_1,2023,11,0,0
GBR.1.109.1.21_1,2023,11,0,0
GBR.1.109.1.22_1,2023,11,0,0
GBR.1.109.1.23_1,2023,11,0,0
GBR.1.109.1.24_1,2023,11,0,0
GBR.1.109.1.25_1,2023,11,0,0
GBR.1.109.1.3_1,2023,11,0,0
GBR.1.109.1.4_1,2023,11,0,0
GBR.1.109.1.5_1,2023,11,0,0
GBR.1.109.1.6_1,2023,11,0,0
GBR.1.109.1.7_1,2023,11,0,0
GBR.1.109.1.8_1,2023,11,0,0
GBR.1.109.1.9_1,2023,11,0,0
GBR.1.11.1.1_1,2023,11,0,0
GBR.1.11.1.10_1,2023,11,0,0
GBR.1.11.1.11_1,2023,11,0,0
GBR.1.11.1.12_1,2023,11,0,0
GBR.1.11.1.13_1,2023,11,0,0
GBR.1.11.1.14_1,2023,11,0,0
GBR.1.11.1.15_1,2023,11,0,0
GBR.1.11.1.16_1,2023,11,0,0
GBR.1.11.1.17_1,2023,11,0,0
GBR.1.11.1.18_1,2023,11,0,0
GBR.1.11.1.19_1,2023,11,0,0
GBR.1.11.1.2_1,2023,11,0,0
GBR.1.11.1.20_1,2023,11,0,0
GBR.1.11.1.3_1,2023,11,0,0
GBR.1.11.1.4_1,2023,11,0,0
GBR.1.11.1.5_1,2023,11,0,0
GBR.1.11.1.6_1,2023,11,0,0
GBR.1.11.1.7_1,2023,11,0,0
GBR.1.11.1.8_1,2023,11,0,0
GBR.1.11.1.9_1,2023,11,0,0
GBR.1.110.1.1_1,2023,11,0,0
GBR.1.110.1.10_1,2023,11,0,0
GBR.1.110.1.11_1,2023,11,0,0
GBR.1.110.1.12_1,2023,11,0,0
GBR.1.110.1.13_1,2023,11,0,0
GBR.1.110.1.14_1,2023,11,0,0
GBR.1.110.1.2_1,2023,11,0,0
GBR.1.110.1.3_1,2023,11,0,0
GBR.1.110.1.4_1,2023,11,0,0
GBR.1.110.1.5_1,2023,11,0,0
GBR.1.110.1.6_1,2023,11,0,0
GBR.1.110.1.7_1,2023,11,0,0
GBR.1.110.1.8_1,2023,11,0,0
GBR.1.110.1.9_1,2023,11,0,0
GBR.1.110.2.1_1,2023,11,0,0
GBR.1.110.2.10_1,2023,11,0,0
GBR.1.110.2.11_1,2023,11,0,0
GBR.1.110.2.12_1,2023,11,0,0
GBR.1.110.2.13_1,2023,11,0,0
GBR.1.110.2.14_1,2023,11,0,0
GBR.1.110.2.15_1,2023,11,0,0
GBR.1.110.2.16_1,2023,11,0,0
GBR.1.110.2.17_1,2023,11,0,0
GBR.1.110.2.18_1,2023,11,0,0
GBR.1.110.2.19_1,2023,11,0,0
GBR.1.110.2.2_1,2023,11,0,0
GBR.1.110.2.20_1,2023,11,0,0
GBR.1.110.2.21_1,2023,11,0,0
GBR.1.110.2.22_1,2023,11,0,0
GBR.1.110.2.23_1,2023,11,0,0
GBR.1.110.2.3_1,2023,11,0,0
GBR.1.110.2.4_1,2023,11,0,0
GBR.1.110.2.5_1,2023,11,0,0
GBR.1.110.2.6_1,2023,11,0,0
GBR.1.110.2.7_1,2023,11,0,0
GBR.1.110.2.8_1,2023,11,0,0
GBR.1.110.2.9_1,2023,11,0,0
GBR.1.110.3.1_1,2023,11,0,0
GBR.1.110.3.10_1,2023,11,0,0
GBR.1.110.3.11_1,2023,11,0,0
GBR.1.110.3.12_1,2023,11,0,0
GBR.1.110.3.13_1,2023,11,0,0
GBR.1.110.3.14_1,2023,11,0,0
GBR.1.110.3.15_1,2023,11,0,0
GBR.1.110.3.16_1,2023,11,0,0
GBR.1.110.3.17_1,2023,11,0,0
GBR.1.110.3.18_1,2023,11,0,0
GBR.1.110.3.19_1,2023,11,0,0
GBR.1.110.3.2_1,2023,11,0,0
GBR.1.110.3.20_1,2023,11,0,0
GBR.1.110.3.21_1,2023,11,0,0
GBR.1.110.3.22_1,2023,11,0,0
GBR.1.110.3.24_1,2023,11,0,0
GBR.1.110.3.25_1,2023,11,0,0
GBR.1.110.3.26_1,2023,11,0,0
GBR.1.110.3.27_1,2023,11,0,0
GBR.1.110.3.28_1,2023,11,0,0
GBR.1.110.3.29_1,2023,11,0,0
GBR.1.110.3.3_1,2023,11,0,0
GBR.1.110.3.30_1,2023,11,0,0
GBR.1.110.3.4_1,2023,11,0,0
GBR.1.110.3.5_1,2023,11,0,0
GBR.1.110.3.6_1,2023,11,0,0
GBR.1.110.3.7_1,2023,11,0,0
GBR.1.110.3.8_1,2023,11,0,0
GBR.1.110.3.9_1,2023,11,0,0
GBR.1.110.4.1_1,2023,11,0,0
GBR.1.110.4.10_1,2023,11,0,0
GBR.1.110.4.11_1,2023,11,0,0
GBR.1.110.4.12_1,2023,11,0,0
GBR.1.110.4.13_1,2023,11,0,0
GBR.1.110.4.14_1,2023,11,0,0
GBR.1.110.4.15_1,2023,11,0,0
GBR.1.110.4.2_1,2023,11,0,0
GBR.1.110.4.3_1,2023,11,0,0
GBR.1.110.4.4_1,2023,11,0,0
GBR.1.110.4.5_1,2023,11,0,0
GBR.1.110.4.6_1,2023,11,0,0
GBR.1.110.4.7_1,2023,11,0,0
GBR.1.110.4.8_1,2023,11,0,0
GBR.1.110.4.9_1,2023,11,0,0
GBR.1.110.5.1_1,2023,11,0,0
GBR.1.110.5.10_1,2023,11,0,0
GBR.1.110.5.11_1,2023,11,0,0
GBR.1.110.5.12_1,2023,11,0,0
GBR.1.110.5.13_1,2023,11,0,0
GBR.1.110.5.14_1,2023,11,0,0
GBR.1.110.5.15_1,2023,11,0,0
GBR.1.110.5.16_1,2023,11,0,0
GBR.1.110.5.17_1,2023,11,0,0
GBR.1.110.5.18_1,2023,11,0,0
GBR.1.110.5.19_1,2023,11,0,0
GBR.1.110.5.2_1,2023,11,0,0
GBR.1.110.5.20_1,2023,11,0,0
GBR.1.110.5.21_1,2023,11,0,0
GBR.1.110.5.22_1,2023,11,0,0
GBR.1.110.5.3_1,2023,11,0,0
GBR.1.110.5.4_1,2023,11,0,0
GBR.1.110.5.5_1,2023,11,0,0
GBR.1.110.5.6_1,2023,11,0,0
GBR.1.110.5.7_1,2023,11,0,0
GBR.1.110.5.8_1,2023,11,0,0
GBR.1.110.5.9_1,2023,11,0,0
GBR.1.110.6.1_1,2023,11,0,0
GBR.1.110.6.10_1,2023,11,0,0
GBR.1.110.6.11_1,2023,11,0,0
GBR.1.110.6.12_1,2023,11,0,0
GBR.1.110.6.13_1,2023,11,0,0
GBR.1.110.6.14_1,2023,11,0,0
GBR.1.110.6.15_1,2023,11,0,0
GBR.1.110.6.16_1,2023,11,0,0
GBR.1.110.6.17_1,2023,11,0,0
GBR.1.110.6.18_1,2023,11,0,0
GBR.1.110.6.19_1,2023,11,0,0
GBR.1.110.6.2_1,2023,11,0,0
GBR.1.110.6.20_1,2023,11,0,0
GBR.1.110.6.21_1,2023,11,0,0
GBR.1.110.6.22_1,2023,11,0,0
GBR.1.110.6.23_1,2023,11,0,0
GBR.1.110.6.24_1,2023,11,0,0
GBR.1.110.6.25_1,2023,11,0,0
GBR.1.110.6.3_1,2023,11,0,0
GBR.1.110.6.4_1,2023,11,0,0
GBR.1.110.6.5_1,2023,11,0,0
GBR.1.110.6.6_1,2023,11,0,0
GBR.1.110.6.7_1,2023,11,0,0
GBR.1.110.6.8_1,2023,11,0,0
GBR.1.110.6.9_1,2023,11,0,0
GBR.1.110.7.1_1,2023,11,0,0
GBR.1.110.7.10_1,2023,11,0,0
GBR.1.110.7.11_1,2023,11,0,0
GBR.1.110.7.12_1,2023,11,0,0
GBR.1.110.7.2_1,2023,11,0,0
GBR.1.110.7.3_1,2023,11,0,0
GBR.1.110.7.4_1,2023,11,0,0
GBR.1.110.7.5_1,2023,11,0,0
GBR.1.110.7.6_1,2023,11,0,0
GBR.1.110.7.7_1,2023,11,0,0
GBR.1.110.7.8_1,2023,11,0,0
GBR.1.110.7.9_1,2023,11,0,0
GBR.1.111.1.1_1,2023,11,0,0
GBR.1.111.1.10_1,2023,11,0,0
GBR.1.111.1.11_1,2023,11,0,0
GBR.1.111.1.12_1,2023,11,0,0
GBR.1.111.1.13_1,2023,11,0,0
GBR.1.111.1.14_1,2023,11,0,0
GBR.1.111.1.15_1,2023,11,0,0
GBR.1.111.1.16_1,2023,11,0,0
GBR.1.111.1.17_1,2023,11,0,0
GBR.1.111.1.18_1,2023,11,0,0
GBR.1.111.1.19_1,2023,11,0,0
GBR.1.111.1.2_1,2023,11,0,0
GBR.1.111.1.20_1,2023,11,0,0
GBR.1.111.1.21_1,2023,11,0,0
GBR.1.111.1.22_1,2023,11,0,0
GBR.1.111.1.23_1,2023,11,0,0
GBR.1.111.1.3_1,2023,11,0,0
GBR.1.111.1.4_1,2023,11,0,0
GBR.1.111.1.5_1,2023,11,0,0
GBR.1.111.1.6_1,2023,11,0,0
GBR.1.111.1.7_1,2023,11,0,0
GBR.1.111.1.8_1,2023,11,0,0
GBR.1.111.1.9_1,2023,11,0,0
GBR.1.112.1_1,2023,11,0,0
GBR.1.112.1.1_1,2023,11,0,0
GBR.1.112.1.10_1,2023,11,0,0
GBR.1.112.1.100_1,2023,11,0,0
GBR.1.112.1.11_1,2023,11,0,0
GBR.1.112.1.12_1,2023,11,0,0
GBR.1.112.1.13_1,2023,11,0,0
GBR.1.112.1.14_1,2023,11,0,0
GBR.1.112.1.15_1,2023,11,0,0
GBR.1.112.1.16_1,2023,11,0,0
GBR.1.112.1.17_1,2023,11,0,0
GBR.1.112.1.18_1,2023,11,0,0
GBR.1.112.1.19_1,2023,11,0,0
GBR.1.112.1.2_1,2023,11,0,0
GBR.1.112.1.20_1,2023,11,0,0
GBR.1.112.1.21_1,2023,11,0,0
GBR.1.112.1.22_1,2023,11,0,0
GBR.1.112.1.23_1,2023,11,0,0
GBR.1.112.1.24_1,2023,11,0,0
GBR.1.112.1.25_1,2023,11,0,0
GBR.1.112.1.26_1,2023,11,0,0
GBR.1.112.1.27_1,2023,11,0,0
GBR.1.112.1.28_1,2023,11,0,0
GBR.1.112.1.29_1,2023,11,0,0
GBR.1.112.1.3_1,2023,11,0,0
GBR.1.112.1.30_1,2023,11,0,0
GBR.1.112.1.31_1,2023,11,0,0
GBR.1.112.1.32_1,2023,11,0,0
GBR.1.112.1.33_1,2023,11,0,0
GBR.1.112.1.34_1,2023,11,0,0
GBR.1.112.1.35_1,2023,11,0,0
GBR.1.112.1.36_1,2023,11,0,0
GBR.1.112.1.37_1,2023,11,0,0
GBR.1.112.1.38_1,2023,11,0,0
GBR.1.112.1.39_1,2023,11,0,0
GBR.1.112.1.4_1,2023,11,0,0
GBR.1.112.1.40_1,2023,11,0,0
GBR.1.112.1.41_1,2023,11,0,0
GBR.1.112.1.42_1,2023,11,0,0
GBR.1.112.1.43_1,2023,11,0,0
GBR.1.112.1.44_1,2023,11,0,0
GBR.1.112.1.45_1,2023,11,0,0
GBR.1.112.1.46_1,2023,11,0,0
GBR.1.112.1.47_1,2023,11,0,0
GBR.1.112.1.48_1,2023,11,0,0
GBR.1.112.1.49_1,2023,11,0,0
GBR.1.112.1.5_1,2023,11,0,0
GBR.1.112.1.50_1,2023,11,0,0
GBR.1.112.1.51_1,2023,11,0,0
GBR.1.112.1.52_1,2023,11,0,0
GBR.1.112.1.53_1,2023,11,0,0
GBR.1.112.1.54_1,2023,11,0,0
GBR.1.112.1.55_1,2023,11,0,0
GBR.1.112.1.56_1,2023,11,0,0
GBR.1.112.1.57_1,2023,11,0,0
GBR.1.112.1.58_1,2023,11,0,0
GBR.1.112.1.59_1,2023,11,0,0
GBR.1.112.1.6_1,2023,11,0,0
GBR.1.112.1.60_1,2023,11,0,0
GBR.1.112.1.61_1,2023,11,0,0
GBR.1.112.1.62_1,2023,11,0,0
GBR.1.112.1.63_1,2023,11,0,0
GBR.1.112.1.64_1,2023,11,0,0
GBR.1.112.1.65_1,2023,11,0,0
GBR.1.112.1.66_1,2023,11,0,0
GBR.1.112.1.67_1,2023,11,0,0
GBR.1.112.1.68_1,2023,11,0,0
GBR.1.112.1.69_1,2023,11,0,0
GBR.1.112.1.7_1,2023,11,0,0
GBR.1.112.1.70_1,2023,11,0,0
GBR.1.112.1.71_1,2023,11,0,0
GBR.1.112.1.72_1,2023,11,0,0
GBR.1.112.1.73_1,2023,11,0,0
GBR.1.112.1.74_1,2023,11,0,0
GBR.1.112.1.75_1,2023,11,0,0
GBR.1.112.1.76_1,2023,11,0,0
GBR.1.112.1.77_1,2023,11,0,0
GBR.1.112.1.78_1,2023,11,0,0
GBR.1.112.1.79_1,2023,11,0,0
GBR.1.112.1.8_1,2023,11,0,0
GBR.1.112.1.80_1,2023,11,0,0
GBR.1.112.1.81_1,2023,11,0,0
GBR.1.112.1.82_1,2023,11,0,0
GBR.1.112.1.83_1,2023,11,0,0
GBR.1.112.1.84_1,2023,11,0,0
GBR.1.112.1.85_1,2023,11,0,0
GBR.1.112.1.86_1,2023,11,0,0
GBR.1.112.1.87_1,2023,11,0,0
GBR.1.112.1.88_1,2023,11,0,0
GBR.1.112.1.89_1,2023,11,0,0
GBR.1.112.1.9_1,2023,11,0,0
GBR.1.112.1.90_1,2023,11,0,0
GBR.1.112.1.91_1,2023,11,0,0
GBR.1.112.1.92_1,2023,11,0,0
GBR.1.112.1.93_1,2023,11,0,0
GBR.1.112.1.94_1,2023,11,0,0
GBR.1.112.1.95_1,2023,11,0,0
GBR.1.112.1.96_1,2023,11,0,0
GBR.1.112.1.97_1,2023,11,0,0
GBR.1.112.1.98_1,2023,11,0,0
GBR.1.112.1.99_1,2023,11,0,0
GBR.1.113.1.1_1,2023,11,0,0
GBR.1.113.1.10_1,2023,11,0,0
GBR.1.113.1.11_1,2023,11,0,0
GBR.1.113.1.12_1,2023,11,0,0
GBR.1.113.1.13_1,2023,11,0,0
GBR.1.113.1.14_1,2023,11,0,0
GBR.1.113.1.15_1,2023,11,0,0
GBR.1.113.1.16_1,2023,11,0,0
GBR.1.113.1.17_1,2023,11,0,0
GBR.1.113.1.18_1,2023,11,0,0
GBR.1.113.1.19_1,2023,11,0,0
GBR.1.113.1.2_1,2023,11,0,0
GBR.1.113.1.20_1,2023,11,0,0
GBR.1.113.1.3_1,2023,11,0,0
GBR.1.113.1.4_1,2023,11,0,0
GBR.1.113.1.5_1,2023,11,0,0
GBR.1.113.1.6_1,2023,11,0,0
GBR.1.113.1.7_1,2023,11,0,0
GBR.1.113.1.8_1,2023,11,0,0
GBR.1.113.1.9_1,2023,11,0,0
GBR.1.114.1.1_1,2023,11,0,0
GBR.1.114.1.10_1,2023,11,0,0
GBR.1.114.1.11_1,2023,11,0,0
GBR.1.114.1.12_1,2023,11,0,0
GBR.1.114.1.14_1,2023,11,0,0
GBR.1.114.1.15_1,2023,11,0,0
GBR.1.114.1.16_1,2023,11,0,0
GBR.1.114.1.17_1,2023,11,0,0
GBR.1.114.1.18_1,2023,11,0,0
GBR.1.114.1.19_1,2023,11,0,0
GBR.1.114.1.2_1,2023,11,0,0
GBR.1.114.1.20_1,2023,11,0,0
GBR.1.114.1.21_1,2023,11,0,0
GBR.1.114.1.3_1,2023,11,0,0
GBR.1.114.1.4_1,2023,11,0,0
GBR.1.114.1.5_1,2023,11,0,0
GBR.1.114.1.6_1,2023,11,0,0
GBR.1.114.1.7_1,2023,11,0,0
GBR.1.114.1.8_1,2023,11,0,0
GBR.1.114.1.9_1,2023,11,0,0
GBR.1.115.1.1_1,2023,11,0,0
GBR.1.115.1.10_1,2023,11,0,0
GBR.1.115.1.11_1,2023,11,0,0
GBR.1.115.1.12_1,2023,11,0,0
GBR.1.115.1.13_1,2023,11,0,0
GBR.1.115.1.14_1,2023,11,0,0
GBR.1.115.1.15_1,2023,11,0,0
GBR.1.115.1.16_1,2023,11,0,0
GBR.1.115.1.17_1,2023,11,0,0
GBR.1.115.1.18_1,2023,11,0,0
GBR.1.115.1.19_1,2023,11,0,0
GBR.1.115.1.2_1,2023,11,0,0
GBR.1.115.1.20_1,2023,11,0,0
GBR.1.115.1.21_1,2023,11,0,0
GBR.1.115.1.22_1,2023,11,0,0
GBR.1.115.1.23_1,2023,11,0,0
GBR.1.115.1.24_1,2023,11,0,0
GBR.1.115.1.25_1,2023,11,0,0
GBR.1.115.1.26_1,2023,11,0,0
GBR.1.115.1.27_1,2023,11,0,0
GBR.1.115.1.28_1,2023,11,0,0
GBR.1.115.1.29_1,2023,11,0,0
GBR.1.115.1.3_1,2023,11,0,0
GBR.1.115.1.30_1,2023,11,0,0
GBR.1.115.1.4_1,2023,11,0,0
GBR.1.115.1.5_1,2023,11,0,0
GBR.1.115.1.6_1,2023,11,0,0
GBR.1.115.1.7_1,2023,11,0,0
GBR.1.115.1.8_1,2023,11,0,0
GBR.1.115.1.9_1,2023,11,0,0
GBR.1.116.1.1_1,2023,11,0,0
GBR.1.116.1.10_1,2023,11,0,0
GBR.1.116.1.11_1,2023,11,0,0
GBR.1.116.1.12_1,2023,11,0,0
GBR.1.116.1.13_1,2023,11,0,0
GBR.1.116.1.14_1,2023,11,0,0
GBR.1.116.1.15_1,2023,11,0,0
GBR.1.116.1.2_1,2023,11,0,0
GBR.1.116.1.3_1,2023,11,0,0
GBR.1.116.1.4_1,2023,11,0,0
GBR.1.116.1.5_1,2023,11,0,0
GBR.1.116.1.6_1,2023,11,0,0
GBR.1.116.1.7_1,2023,11,0,0
GBR.1.116.1.8_1,2023,11,0,0
GBR.1.116.1.9_1,2023,11,0,0
GBR.1.117.1.1_1,2023,11,0,0
GBR.1.117.1.10_1,2023,11,0,0
GBR.1.117.1.11_1,2023,11,0,0
GBR.1.117.1.12_1,2023,11,0,0
GBR.1.117.1.13_1,2023,11,0,0
GBR.1.117.1.14_1,2023,11,0,0
GBR.1.117.1.15_1,2023,11,0,0
GBR.1.117.1.16_1,2023,11,0,0
GBR.1.117.1.17_1,2023,11,0,0
GBR.1.117.1.18_1,2023,11,0,0
GBR.1.117.1.19_1,2023,11,0,0
GBR.1.117.1.2_1,2023,11,0,0
GBR.1.117.1.20_1,2023,11,0,0
GBR.1.117.1.21_1,2023,11,0,0
GBR.1.117.1.22_1,2023,11,0,0
GBR.1.117.1.23_1,2023,11,0,0
GBR.1.117.1.24_1,2023,11,0,0
GBR.1.117.1.25_1,2023,11,0,0
GBR.1.117.1.26_1,2023,11,0,0
GBR.1.117.1.27_1,2023,11,0,0
GBR.1.117.1.28_1,2023,11,0,0
GBR.1.117.1.29_1,2023,11,0,0
GBR.1.117.1.3_1,2023,11,0,0
GBR.1.117.1.30_1,2023,11,0,0
GBR.1.117.1.31_1,2023,11,0,0
GBR.1.117.1.4_1,2023,11,0,0
GBR.1.117.1.5_1,2023,11,0,0
GBR.1.117.1.6_1,2023,11,0,0
GBR.1.117.1.7_1,2023,11,0,0
GBR.1.117.1.8_1,2023,11,0,0
GBR.1.117.1.9_1,2023,11,0,0
GBR.1.117.2.1_1,2023,11,0,0
GBR.1.117.2.10_1,2023,11,0,0
GBR.1.117.2.11_1,2023,11,0,0
GBR.1.117.2.12_1,2023,11,0,0
GBR.1.117.2.13_1,2023,11,0,0
GBR.1.117.2.14_1,2023,11,0,0
GBR.1.117.2.15_1,2023,11,0,0
GBR.1.117.2.16_1,2023,11,0,0
GBR.1.117.2.17_1,2023,11,0,0
GBR.1.117.2.18_1,2023,11,0,0
GBR.1.117.2.19_1,2023,11,0,0
GBR.1.117.2.2_1,2023,11,0,0
GBR.1.117.2.3_1,2023,11,0,0
GBR.1.117.2.4_1,2023,11,0,0
GBR.1.117.2.5_1,2023,11,0,0
GBR.1.117.2.6_1,2023,11,0,0
GBR.1.117.2.7_1,2023,11,0,0
GBR.1.117.2.8_1,2023,11,0,0
GBR.1.117.2.9_1,2023,11,0,0
GBR.1.117.3.1_1,2023,11,0,0
GBR.1.117.3.2_1,2023,11,0,0
GBR.1.117.3.3_1,2023,11,0,0
GBR.1.117.3.4_1,2023,11,0,0
GBR.1.117.3.5_1,2023,11,0,0
GBR.1.117.3.6_1,2023,11,0,0
GBR.1.117.3.7_1,2023,11,0,0
GBR.1.117.3.8_1,2023,11,0,0
GBR.1.117.3.9_1,2023,11,0,0
GBR.1.117.4.1_1,2023,11,0,0
GBR.1.117.4.10_1,2023,11,0,0
GBR.1.117.4.11_1,2023,11,0,0
GBR.1.117.4.12_1,2023,11,0,0
GBR.1.117.4.13_1,2023,11,0,0
GBR.1.117.4.14_1,2023,11,0,0
GBR.1.117.4.15_1,2023,11,0,0
GBR.1.117.4.2_1,2023,11,0,0
GBR.1.117.4.3_1,2023,11,0,0
GBR.1.117.4.4_1,2023,11,0,0
GBR.1.117.4.5_1,2023,11,0,0
GBR.1.117.4.6_1,2023,11,0,0
GBR.1.117.4.7_1,2023,11,0,0
GBR.1.117.4.8_1,2023,11,0,0
GBR.1.117.4.9_1,2023,11,0,0
GBR.1.117.5.1_1,2023,11,0,0
GBR.1.117.5.10_1,2023,11,0,0
GBR.1.117.5.11_1,2023,11,0,0
GBR.1.117.5.12_1,2023,11,0,0
GBR.1.117.5.13_1,2023,11,0,0
GBR.1.117.5.14_1,2023,11,0,0
GBR.1.117.5.15_1,2023,11,0,0
GBR.1.117.5.16_1,2023,11,0,0
GBR.1.117.5.17_1,2023,11,0,0
GBR.1.117.5.18_1,2023,11,0,0
GBR.1.117.5.19_1,2023,11,0,0
GBR.1.117.5.2_1,2023,11,0,0
GBR.1.117.5.20_1,2023,11,0,0
GBR.1.117.5.21_1,2023,11,0,0
GBR.1.117.5.22_1,2023,11,0,0
GBR.1.117.5.23_1,2023,11,0,0
GBR.1.117.5.24_1,2023,11,0,0
GBR.1.117.5.25_1,2023,11,0,0
GBR.1.117.5.26_1,2023,11,0,0
GBR.1.117.5.27_1,2023,11,0,0
GBR.1.117.5.28_1,2023,11,0,0
GBR.1.117.5.29_1,2023,11,0,0
GBR.1.117.5.3_1,2023,11,0,0
GBR.1.117.5.30_1,2023,11,0,0
GBR.1.117.5.31_1,2023,11,0,0
GBR.1.117.5.32_1,2023,11,0,0
GBR.1.117.5.33_1,2023,11,0,0
GBR.1.117.5.34_1,2023,11,0,0
GBR.1.117.5.35_1,2023,11,0,0
GBR.1.117.5.36_1,2023,11,0,0
GBR.1.117.5.4_1,2023,11,0,0
GBR.1.117.5.5_1,2023,11,0,0
GBR.1.117.5.6_1,2023,11,0,0
GBR.1.117.5.7_1,2023,11,0,0
GBR.1.117.5.8_1,2023,11,0,0
GBR.1.117.5.9_1,2023,11,0,0
GBR.1.117.6.1_1,2023,11,0,0
GBR.1.117.6.10_1,2023,11,0,0
GBR.1.117.6.11_1,2023,11,0,0
GBR.1.117.6.12_1,2023,11,0,0
GBR.1.117.6.13_1,2023,11,0,0
GBR.1.117.6.2_1,2023,11,0,0
GBR.1.117.6.3_1,2023,11,0,0
GBR.1.117.6.4_1,2023,11,0,0
GBR.1.117.6.5_1,2023,11,0,0
GBR.1.117.6.6_1,2023,11,0,0
GBR.1.117.6.7_1,2023,11,0,0
GBR.1.117.6.8_1,2023,11,0,0
GBR.1.117.6.9_1,2023,11,0,0
GBR.1.118.1.1_1,2023,11,0,0
GBR.1.118.1.10_1,2023,11,0,0
GBR.1.118.1.11_1,2023,11,0,0
GBR.1.118.1.12_1,2023,11,0,0
GBR.1.118.1.13_1,2023,11,0,0
GBR.1.118.1.14_1,2023,11,0,0
GBR.1.118.1.15_1,2023,11,0,0
GBR.1.118.1.16_1,2023,11,0,0
GBR.1.118.1.17_1,2023,11,0,0
GBR.1.118.1.18_1,2023,11,0,0
GBR.1.118.1.19_1,2023,11,0,0
GBR.1.118.1.2_1,2023,11,0,0
GBR.1.118.1.20_1,2023,11,0,0
GBR.1.118.1.21_1,2023,11,0,0
GBR.1.118.1.3_1,2023,11,0,0
GBR.1.118.1.4_1,2023,11,0,0
GBR.1.118.1.5_1,2023,11,0,0
GBR.1.118.1.6_1,2023,11,0,0
GBR.1.118.1.7_1,2023,11,0,0
GBR.1.118.1.8_1,2023,11,0,0
GBR.1.118.1.9_1,2023,11,0,0
GBR.1.12.1.1_1,2023,11,0,0
GBR.1.12.1.10_1,2023,11,0,0
GBR.1.12.1.11_1,2023,11,0,0
GBR.1.12.1.12_1,2023,11,0,0
GBR.1.12.1.13_1,2023,11,0,0
GBR.1.12.1.14_1,2023,11,0,0
GBR.1.12.1.15_1,2023,11,0,0
GBR.1.12.1.16_1,2023,11,0,0
GBR.1.12.1.17_1,2023,11,0,0
GBR.1.12.1.18_1,2023,11,0,0
GBR.1.12.1.19_1,2023,11,0,0
GBR.1.12.1.2_1,2023,11,0,0
GBR.1.12.1.20_1,2023,11,0,0
GBR.1.12.1.21_1,2023,11,0,0
GBR.1.12.1.22_1,2023,11,0,0
GBR.1.12.1.23_1,2023,11,0,0
GBR.1.12.1.24_1,2023,11,0,0
GBR.1.12.1.25_1,2023,11,0,0
GBR.1.12.1.26_1,2023,11,0,0
GBR.1.12.1.27_1,2023,11,0,0
GBR.1.12.1.28_1,2023,11,0,0
GBR.1.12.1.29_1,2023,11,0,0
GBR.1.12.1.3_1,2023,11,0,0
GBR.1.12.1.30_1,2023,11,0,0
GBR.1.12.1.31_1,2023,11,0,0
GBR.1.12.1.32_1,2023,11,0,0
GBR.1.12.1.33_1,2023,11,0,0
GBR.1.12.1.4_1,2023,11,0,0
GBR.1.12.1.5_1,2023,11,0,0
GBR.1.12.1.6_1,2023,11,0,0
GBR.1.12.1.7_1,2023,11,0,0
GBR.1.12.1.8_1,2023,11,0,0
GBR.1.12.1.9_1,2023,11,0,0
GBR.1.13.1.1_1,2023,11,0,0
GBR.1.13.1.10_1,2023,11,0,0
GBR.1.13.1.11_1,2023,11,0,0
GBR.1.13.1.12_1,2023,11,0,0
GBR.1.13.1.13_1,2023,11,0,0
GBR.1.13.1.14_1,2023,11,0,0
GBR.1.13.1.15_1,2023,11,0,0
GBR.1.13.1.16_1,2023,11,0,0
GBR.1.13.1.17_1,2023,11,0,0
GBR.1.13.1.18_1,2023,11,0,0
GBR.1.13.1.19_1,2023,11,0,0
GBR.1.13.1.2_1,2023,11,0,0
GBR.1.13.1.20_1,2023,11,0,0
GBR.1.13.1.21_1,2023,11,0,0
GBR.1.13.1.22_1,2023,11,0,0
GBR.1.13.1.23_1,2023,11,0,0
GBR.1.13.1.24_1,2023,11,0,0
GBR.1.13.1.25_1,2023,11,0,0
GBR.1.13.1.26_1,2023,11,0,0
GBR.1.13.1.27_1,2023,11,0,0
GBR.1.13.1.28_1,2023,11,0,0
GBR.1.13.1.29_1,2023,11,0,0
GBR.1.13.1.3_1,2023,11,0,0
GBR.1.13.1.30_1,2023,11,0,0
GBR.1.13.1.31_1,2023,11,0,0
GBR.1.13.1.32_1,2023,11,0,0
GBR.1.13.1.33_1,2023,11,0,0
GBR.1.13.1.34_1,2023,11,0,0
GBR.1.13.1.4_1,2023,11,0,0
GBR.1.13.1.5_1,2023,11,0,0
GBR.1.13.1.6_1,2023,11,0,0
GBR.1.13.1.7_1,2023,11,0,0
GBR.1.13.1.8_1,2023,11,0,0
GBR.1.13.1.9_1,2023,11,0,0
GBR.1.13.2.1_1,2023,11,0,0
GBR.1.13.2.10_1,2023,11,0,0
GBR.1.13.2.11_1,2023,11,0,0
GBR.1.13.2.12_1,2023,11,0,0
GBR.1.13.2.13_1,2023,11,0,0
GBR.1.13.2.14_1,2023,11,0,0
GBR.1.13.2.15_1,2023,11,0,0
GBR.1.13.2.16_1,2023,11,0,0
GBR.1.13.2.17_1,2023,11,0,0
GBR.1.13.2.18_1,2023,11,0,0
GBR.1.13.2.19_1,2023,11,0,0
GBR.1.13.2.2_1,2023,11,0,0
GBR.1.13.2.20_1,2023,11,0,0
GBR.1.13.2.3_1,2023,11,0,0
GBR.1.13.2.4_1,2023,11,0,0
GBR.1.13.2.5_1,2023,11,0,0
GBR.1.13.2.6_1,2023,11,0,0
GBR.1.13.2.7_1,2023,11,0,0
GBR.1.13.2.8_1,2023,11,0,0
GBR.1.13.2.9_1,2023,11,0,0
GBR.1.13.3.1_1,2023,11,0,0
GBR.1.13.3.10_1,2023,11,0,0
GBR.1.13.3.11_1,2023,11,0,0
GBR.1.13.3.12_1,2023,11,0,0
GBR.1.13.3.13_1,2023,11,0,0
GBR.1.13.3.14_1,2023,11,0,0
GBR.1.13.3.2_1,2023,11,0,0
GBR.1.13.3.3_1,2023,11,0,0
GBR.1.13.3.4_1,2023,11,0,0
GBR.1.13.3.5_1,2023,11,0,0
GBR.1.13.3.6_1,2023,11,0,0
GBR.1.13.3.7_1,2023,11,0,0
GBR.1.13.3.8_1,2023,11,0,0
GBR.1.13.3.9_1,2023,11,0,0
GBR.1.13.4.1_1,2023,11,0,0
GBR.1.13.4.10_1,2023,11,0,0
GBR.1.13.4.11_1,2023,11,0,0
GBR.1.13.4.12_1,2023,11,0,0
GBR.1.13.4.13_1,2023,11,0,0
GBR.1.13.4.14_1,2023,11,0,0
GBR.1.13.4.15_1,2023,11,0,0
GBR.1.13.4.16_1,2023,11,0,0
GBR.1.13.4.17_1,2023,11,0,0
GBR.1.13.4.18_1,2023,11,0,0
GBR.1.13.4.19_1,2023,11,0,0
GBR.1.13.4.2_1,2023,11,0,0
GBR.1.13.4.20_1,2023,11,0,0
GBR.1.13.4.21_1,2023,11,0,0
GBR.1.13.4.22_1,2023,11,0,0
GBR.1.13.4.23_1,2023,11,0,0
GBR.1.13.4.24_1,2023,11,0,0
GBR.1.13.4.25_1,2023,11,0,0
GBR.1.13.4.26_1,2023,11,0,0
GBR.1.13.4.27_1,2023,11,0,0
GBR.1.13.4.28_1,2023,11,0,0
GBR.1.13.4.29_1,2023,11,0,0
GBR.1.13.4.3_1,2023,11,0,0
GBR.1.13.4.4_1,2023,11,0,0
GBR.1.13.4.5_1,2023,11,0,0
GBR.1.13.4.6_1,2023,11,0,0
GBR.1.13.4.7_1,2023,11,0,0
GBR.1.13.4.8_1,2023,11,0,0
GBR.1.13.4.9_1,2023,11,0,0
GBR.1.14.1.1_1,2023,11,0,0
GBR.1.14.1.10_1,2023,11,0,0
GBR.1.14.1.11_1,2023,11,0,0
GBR.1.14.1.12_1,2023,11,0,0
GBR.1.14.1.13_1,2023,11,0,0
GBR.1.14.1.14_1,2023,11,0,0
GBR.1.14.1.15_1,2023,11,0,0
GBR.1.14.1.16_1,2023,11,0,0
GBR.1.14.1.17_1,2023,11,0,0
GBR.1.14.1.2_1,2023,11,0,0
GBR.1.14.1.3_1,2023,11,0,0
GBR.1.14.1.4_1,2023,11,0,0
GBR.1.14.1.5_1,2023,11,0,0
GBR.1.14.1.6_1,2023,11,0,0
GBR.1.14.1.7_1,2023,11,0,0
GBR.1.14.1.8_1,2023,11,0,0
GBR.1.14.1.9_1,2023,11,0,0
GBR.1.15.1.1_1,2023,11,0,0
GBR.1.15.1.10_1,2023,11,0,0
GBR.1.15.1.11_1,2023,11,0,0
GBR.1.15.1.12_1,2023,11,0,0
GBR.1.15.1.13_1,2023,11,0,0
GBR.1.15.1.14_1,2023,11,0,0
GBR.1.15.1.15_1,2023,11,0,0
GBR.1.15.1.16_1,2023,11,0,0
GBR.1.15.1.17_1,2023,11,0,0
GBR.1.15.1.2_1,2023,11,0,0
GBR.1.15.1.3_1,2023,11,0,0
GBR.1.15.1.4_1,2023,11,0,0
GBR.1.15.1.5_1,2023,11,0,0
GBR.1.15.1.6_1,2023,11,0,0
GBR.1.15.1.7_1,2023,11,0,0
GBR.1.15.1.8_1,2023,11,0,0
GBR.1.15.1.9_1,2023,11,0,0
GBR.1.16.1.1_1,2023,11,0,0
GBR.1.16.1.2_1,2023,11,0,0
GBR.1.16.1.3_1,2023,11,0,0
GBR.1.16.1.4_1,2023,11,0,0
GBR.1.16.2.1_1,2023,11,0,0
GBR.1.16.2.10_1,2023,11,0,0
GBR.1.16.2.11_1,2023,11,0,0
GBR.1.16.2.12_1,2023,11,0,0
GBR.1.16.2.13_1,2023,11,0,0
GBR.1.16.2.14_1,2023,11,0,0
GBR.1.16.2.15_1,2023,11,0,0
GBR.1.16.2.16_1,2023,11,0,0
GBR.1.16.2.17_1,2023,11,0,0
GBR.1.16.2.18_1,2023,11,0,0
GBR.1.16.2.2_1,2023,11,0,0
GBR.1.16.2.3_1,2023,11,0,0
GBR.1.16.2.4_1,2023,11,0,0
GBR.1.16.2.5_1,2023,11,0,0
GBR.1.16.2.6_1,2023,11,0,0
GBR.1.16.2.7_1,2023,11,0,0
GBR.1.16.2.8_1,2023,11,0,0
GBR.1.16.2.9_1,2023,11,0,0
GBR.1.16.3.1_1,2023,11,0,0
GBR.1.16.3.10_1,2023,11,0,0
GBR.1.16.3.11_1,2023,11,0,0
GBR.1.16.3.12_1,2023,11,0,0
GBR.1.16.3.13_1,2023,11,0,0
GBR.1.16.3.14_1,2023,11,0,0
GBR.1.16.3.15_1,2023,11,0,0
GBR.1.16.3.16_1,2023,11,0,0
GBR.1.16.3.17_1,2023,11,0,0
GBR.1.16.3.18_1,2023,11,0,0
GBR.1.16.3.19_1,2023,11,0,0
GBR.1.16.3.2_1,2023,11,0,0
GBR.1.16.3.20_1,2023,11,0,0
GBR.1.16.3.3_1,2023,11,0,0
GBR.1.16.3.4_1,2023,11,0,0
GBR.1.16.3.5_1,2023,11,0,0
GBR.1.16.3.6_1,2023,11,0,0
GBR.1.16.3.7_1,2023,11,0,0
GBR.1.16.3.8_1,2023,11,0,0
GBR.1.16.3.9_1,2023,11,0,0
GBR.1.16.4.1_1,2023,11,0,0
GBR.1.16.4.10_1,2023,11,0,0
GBR.1.16.4.11_1,2023,11,0,0
GBR.1.16.4.12_1,2023,11,0,0
GBR.1.16.4.13_1,2023,11,0,0
GBR.1.16.4.14_1,2023,11,0,0
GBR.1.16.4.15_1,2023,11,0,0
GBR.1.16.4.16_1,2023,11,0,0
GBR.1.16.4.17_1,2023,11,0,0
GBR.1.16.4.18_1,2023,11,0,0
GBR.1.16.4.19_1,2023,11,0,0
GBR.1.16.4.2_1,2023,11,0,0
GBR.1.16.4.20_1,2023,11,0,0
GBR.1.16.4.21_1,2023,11,0,0
GBR.1.16.4.22_1,2023,11,0,0
GBR.1.16.4.23_1,2023,11,0,0
GBR.1.16.4.24_1,2023,11,0,0
GBR.1.16.4.25_1,2023,11,0,0
GBR.1.16.4.26_1,2023,11,0,0
GBR.1.16.4.27_1,2023,11,0,0
GBR.1.16.4.3_1,2023,11,0,0
GBR.1.16.4.4_1,2023,11,0,0
GBR.1.16.4.5_1,2023,11,0,0
GBR.1.16.4.6_1,2023,11,0,0
GBR.1.16.4.7_1,2023,11,0,0
GBR.1.16.4.8_1,2023,11,0,0
GBR.1.16.4.9_1,2023,11,0,0
GBR.1.16.5.1_1,2023,11,0,0
GBR.1.16.5.10_1,2023,11,0,0
GBR.1.16.5.11_1,2023,11,0,0
GBR.1.16.5.12_1,2023,11,0,0
GBR.1.16.5.13_1,2023,11,0,0
GBR.1.16.5.14_1,2023,11,0,0
GBR.1.16.5.15_1,2023,11,0,0
GBR.1.16.5.16_1,2023,11,0,0
GBR.1.16.5.17_1,2023,11,0,0
GBR.1.16.5.18_1,2023,11,0,0
GBR.1.16.5.19_1,2023,11,0,0
GBR.1.16.5.2_1,2023,11,0,0
GBR.1.16.5.20_1,2023,11,0,0
GBR.1.16.5.21_1,2023,11,0,0
GBR.1.16.5.22_1,2023,11,0,0
GBR.1.16.5.23_1,2023,11,0,0
GBR.1.16.5.24_1,2023,11,0,0
GBR.1.16.5.25_1,2023,11,0,0
GBR.1.16.5.26_1,2023,11,0,0
GBR.1.16.5.27_1,2023,11,0,0
GBR.1.16.5.28_1,2023,11,0,0
GBR.1.16.5.29_1,2023,11,0,0
GBR.1.16.5.3_1,2023,11,0,0
GBR.1.16.5.30_1,2023,11,0,0
GBR.1.16.5.31_1,2023,11,0,0
GBR.1.16.5.32_1,2023,11,0,0
GBR.1.16.5.33_1,2023,11,0,0
GBR.1.16.5.34_1,2023,11,0,0
GBR.1.16.5.35_1,2023,11,0,0
GBR.1.16.5.36_1,2023,11,0,0
GBR.1.16.5.37_1,2023,11,0,0
GBR.1.16.5.38_1,2023,11,0,0
GBR.1.16.5.39_1,2023,11,0,0
GBR.1.16.5.4_1,2023,11,0,0
GBR.1.16.5.40_1,2023,11,0,0
GBR.1.16.5.41_1,2023,11,0,0
GBR.1.16.5.42_1,2023,11,0,0
GBR.1.16.5.43_1,2023,11,0,0
GBR.1.16.5.44_1,2023,11,0,0
GBR.1.16.5.45_1,2023,11,0,0
GBR.1.16.5.46_1,2023,11,0,0
GBR.1.16.5.5_1,2023,11,0,0
GBR.1.16.5.6_1,2023,11,0,0
GBR.1.16.5.7_1,2023,11,0,0
GBR.1.16.5.8_1,2023,11,0,0
GBR.1.16.5.9_1,2023,11,0,0
GBR.1.16.6.1_1,2023,11,0,0
GBR.1.16.6.10_1,2023,11,0,0
GBR.1.16.6.11_1,2023,11,0,0
GBR.1.16.6.12_1,2023,11,0,0
GBR.1.16.6.13_1,2023,11,0,0
GBR.1.16.6.14_1,2023,11,0,0
GBR.1.16.6.15_1,2023,11,0,0
GBR.1.16.6.16_1,2023,11,0,0
GBR.1.16.6.17_1,2023,11,0,0
GBR.1.16.6.18_1,2023,11,0,0
GBR.1.16.6.19_1,2023,11,0,0
GBR.1.16.6.2_1,2023,11,0,0
GBR.1.16.6.20_1,2023,11,0,0
GBR.1.16.6.21_1,2023,11,0,0
GBR.1.16.6.22_1,2023,11,0,0
GBR.1.16.6.23_1,2023,11,0,0
GBR.1.16.6.24_1,2023,11,0,0
GBR.1.16.6.25_1,2023,11,0,0
GBR.1.16.6.26_1,2023,11,0,0
GBR.1.16.6.27_1,2023,11,0,0
GBR.1.16.6.28_1,2023,11,0,0
GBR.1.16.6.29_1,2023,11,0,0
GBR.1.16.6.3_1,2023,11,0,0
GBR.1.16.6.30_1,2023,11,0,0
GBR.1.16.6.31_1,2023,11,0,0
GBR.1.16.6.32_1,2023,11,0,0
GBR.1.16.6.33_1,2023,11,0,0
GBR.1.16.6.34_1,2023,11,0,0
GBR.1.16.6.35_1,2023,11,0,0
GBR.1.16.6.36_1,2023,11,0,0
GBR.1.16.6.37_1,2023,11,0,0
GBR.1.16.6.38_1,2023,11,0,0
GBR.1.16.6.39_1,2023,11,0,0
GBR.1.16.6.4_1,2023,11,0,0
GBR.1.16.6.40_1,2023,11,0,0
GBR.1.16.6.5_1,2023,11,0,0
GBR.1.16.6.6_1,2023,11,0,0
GBR.1.16.6.7_1,2023,11,0,0
GBR.1.16.6.8_1,2023,11,0,0
GBR.1.16.6.9_1,2023,11,0,0
GBR.1.17.1.1_1,2023,11,0,0
GBR.1.17.1.10_1,2023,11,0,0
GBR.1.17.1.11_1,2023,11,0,0
GBR.1.17.1.12_1,2023,11,0,0
GBR.1.17.1.13_1,2023,11,0,0
GBR.1.17.1.14_1,2023,11,0,0
GBR.1.17.1.15_1,2023,11,0,0
GBR.1.17.1.16_1,2023,11,0,0
GBR.1.17.1.17_1,2023,11,0,0
GBR.1.17.1.18_1,2023,11,0,0
GBR.1.17.1.19_1,2023,11,0,0
GBR.1.17.1.2_1,2023,11,0,0
GBR.1.17.1.20_1,2023,11,0,0
GBR.1.17.1.21_1,2023,11,0,0
GBR.1.17.1.22_1,2023,11,0,0
GBR.1.17.1.23_1,2023,11,0,0
GBR.1.17.1.24_1,2023,11,0,0
GBR.1.17.1.25_1,2023,11,0,0
GBR.1.17.1.26_1,2023,11,0,0
GBR.1.17.1.27_1,2023,11,0,0
GBR.1.17.1.28_1,2023,11,0,0
GBR.1.17.1.29_1,2023,11,0,0
GBR.1.17.1.3_1,2023,11,0,0
GBR.1.17.1.30_1,2023,11,0,0
GBR.1.17.1.31_1,2023,11,0,0
GBR.1.17.1.32_1,2023,11,0,0
GBR.1.17.1.33_1,2023,11,0,0
GBR.1.17.1.4_1,2023,11,0,0
GBR.1.17.1.5_1,2023,11,0,0
GBR.1.17.1.6_1,2023,11,0,0
GBR.1.17.1.7_1,2023,11,0,0
GBR.1.17.1.8_1,2023,11,0,0
GBR.1.17.1.9_1,2023,11,0,0
GBR.1.18.1.1_1,2023,11,0,0
GBR.1.18.1.10_1,2023,11,0,0
GBR.1.18.1.11_1,2023,11,0,0
GBR.1.18.1.12_1,2023,11,0,0
GBR.1.18.1.13_1,2023,11,0,0
GBR.1.18.1.14_1,2023,11,0,0
GBR.1.18.1.15_1,2023,11,0,0
GBR.1.18.1.16_1,2023,11,0,0
GBR.1.18.1.17_1,2023,11,0,0
GBR.1.18.1.18_1,2023,11,0,0
GBR.1.18.1.19_1,2023,11,0,0
GBR.1.18.1.2_1,2023,11,0,0
GBR.1.18.1.20_1,2023,11,0,0
GBR.1.18.1.21_1,2023,11,0,0
GBR.1.18.1.22_1,2023,11,0,0
GBR.1.18.1.23_1,2023,11,0,0
GBR.1.18.1.24_1,2023,11,0,0
GBR.1.18.1.25_1,2023,11,0,0
GBR.1.18.1.26_1,2023,11,0,0
GBR.1.18.1.27_1,2023,11,0,0
GBR.1.18.1.28_1,2023,11,0,0
GBR.1.18.1.29_1,2023,11,0,0
GBR.1.18.1.3_1,2023,11,0,0
GBR.1.18.1.30_1,2023,11,0,0
GBR.1.18.1.31_1,2023,11,0,0
GBR.1.18.1.32_1,2023,11,0,0
GBR.1.18.1.33_1,2023,11,0,0
GBR.1.18.1.34_1,2023,11,0,0
GBR.1.18.1.35_1,2023,11,0,0
GBR.1.18.1.36_1,2023,11,0,0
GBR.1.18.1.37_1,2023,11,0,0
GBR.1.18.1.38_1,2023,11,0,0
GBR.1.18.1.39_1,2023,11,0,0
GBR.1.18.1.4_1,2023,11,0,0
GBR.1.18.1.40_1,2023,11,0,0
GBR.1.18.1.41_1,2023,11,0,0
GBR.1.18.1.42_1,2023,11,0,0
GBR.1.18.1.43_1,2023,11,0,0
GBR.1.18.1.44_1,2023,11,0,0
GBR.1.18.1.45_1,2023,11,0,0
GBR.1.18.1.46_1,2023,11,0,0
GBR.1.18.1.47_1,2023,11,0,0
GBR.1.18.1.48_1,2023,11,0,0
GBR.1.18.1.49_1,2023,11,0,0
GBR.1.18.1.5_1,2023,11,0,0
GBR.1.18.1.50_1,2023,11,0,0
GBR.1.18.1.51_1,2023,11,0,0
GBR.1.18.1.52_1,2023,11,0,0
GBR.1.18.1.53_1,2023,11,0,0
GBR.1.18.1.54_1,2023,11,0,0
GBR.1.18.1.6_1,2023,11,0,0
GBR.1.18.1.7_1,2023,11,0,0
GBR.1.18.1.8_1,2023,11,0,0
GBR.1.18.1.9_1,2023,11,0,0
GBR.1.19.1.1_1,2023,11,0,0
GBR.1.19.1.10_1,2023,11,0,0
GBR.1.19.1.11_1,2023,11,0,0
GBR.1.19.1.12_1,2023,11,0,0
GBR.1.19.1.13_1,2023,11,0,0
GBR.1.19.1.14_1,2023,11,0,0
GBR.1.19.1.15_1,2023,11,0,0
GBR.1.19.1.16_1,2023,11,0,0
GBR.1.19.1.17_1,2023,11,0,0
GBR.1.19.1.18_1,2023,11,0,0
GBR.1.19.1.19_1,2023,11,0,0
GBR.1.19.1.2_1,2023,11,0,0
GBR.1.19.1.20_1,2023,11,0,0
GBR.1.19.1.21_1,2023,11,0,0
GBR.1.19.1.22_1,2023,11,0,0
GBR.1.19.1.23_1,2023,11,0,0
GBR.1.19.1.24_1,2023,11,0,0
GBR.1.19.1.25_1,2023,11,0,0
GBR.1.19.1.26_1,2023,11,0,0
GBR.1.19.1.27_1,2023,11,0,0
GBR.1.19.1.28_1,2023,11,0,0
GBR.1.19.1.29_1,2023,11,0,0
GBR.1.19.1.3_1,2023,11,0,0
GBR.1.19.1.30_1,2023,11,0,0
GBR.1.19.1.31_1,2023,11,0,0
GBR.1.19.1.32_1,2023,11,0,0
GBR.1.19.1.33_1,2023,11,0,0
GBR.1.19.1.34_1,2023,11,0,0
GBR.1.19.1.35_1,2023,11,0,0
GBR.1.19.1.36_1,2023,11,0,0
GBR.1.19.1.37_1,2023,11,0,0
GBR.1.19.1.38_1,2023,11,0,0
GBR.1.19.1.39_1,2023,11,0,0
GBR.1.19.1.4_1,2023,11,0,0
GBR.1.19.1.40_1,2023,11,0,0
GBR.1.19.1.41_1,2023,11,0,0
GBR.1.19.1.42_1,2023,11,0,0
GBR.1.19.1.43_1,2023,11,0,0
GBR.1.19.1.44_1,2023,11,0,0
GBR.1.19.1.45_1,2023,11,0,0
GBR.1.19.1.46_1,2023,11,0,0
GBR.1.19.1.47_1,2023,11,0,0
GBR.1.19.1.5_1,2023,11,0,0
GBR.1.19.1.6_1,2023,11,0,0
GBR.1.19.1.7_1,2023,11,0,0
GBR.1.19.1.8_1,2023,11,0,0
GBR.1.19.1.9_1,2023,11,0,0
GBR.1.2.1.1_1,2023,11,0,0
GBR.1.2.1.10_1,2023,11,0,0
GBR.1.2.1.11_1,2023,11,0,0
GBR.1.2.1.12_1,2023,11,0,0
GBR.1.2.1.13_1,2023,11,0,0
GBR.1.2.1.14_1,2023,11,0,0
GBR.1.2.1.15_1,2023,11,0,0
GBR.1.2.1.16_1,2023,11,0,0
GBR.1.2.1.17_1,2023,11,0,0
GBR.1.2.1.18_1,2023,11,0,0
GBR.1.2.1.19_1,2023,11,0,0
GBR.1.2.1.2_1,2023,11,0,0
GBR.1.2.1.20_1,2023,11,0,0
GBR.1.2.1.21_1,2023,11,0,0
GBR.1.2.1.22_1,2023,11,0,0
GBR.1.2.1.23_1,2023,11,0,0
GBR.1.2.1.24_1,2023,11,0,0
GBR.1.2.1.25_1,2023,11,0,0
GBR.1.2.1.26_1,2023,11,0,0
GBR.1.2.1.27_1,2023,11,0,0
GBR.1.2.1.28_1,2023,11,0,0
GBR.1.2.1.29_1,2023,11,0,0
GBR.1.2.1.3_1,2023,11,0,0
GBR.1.2.1.30_1,2023,11,0,0
GBR.1.2.1.31_1,2023,11,0,0
GBR.1.2.1.32_1,2023,11,0,0
GBR.1.2.1.33_1,2023,11,0,0
GBR.1.2.1.34_1,2023,11,0,0
GBR.1.2.1.35_1,2023,11,0,0
GBR.1.2.1.36_1,2023,11,0,0
GBR.1.2.1.37_1,2023,11,0,0
GBR.1.2.1.4_1,2023,11,0,0
GBR.1.2.1.5_1,2023,11,0,0
GBR.1.2.1.6_1,2023,11,0,0
GBR.1.2.1.7_1,2023,11,0,0
GBR.1.2.1.8_1,2023,11,0,0
GBR.1.2.1.9_1,2023,11,0,0
GBR.1.20.1.1_1,2023,11,0,0
GBR.1.20.1.10_1,2023,11,0,0
GBR.1.20.1.100_1,2023,11,0,0
GBR.1.20.1.101_1,2023,11,0,0
GBR.1.20.1.102_1,2023,11,0,0
GBR.1.20.1.103_1,2023,11,0,0
GBR.1.20.1.104_1,2023,11,0,0
GBR.1.20.1.105_1,2023,11,0,0
GBR.1.20.1.106_1,2023,11,0,0
GBR.1.20.1.107_1,2023,11,0,0
GBR.1.20.1.108_1,2023,11,0,0
GBR.1.20.1.109_1,2023,11,0,0
GBR.1.20.1.11_1,2023,11,0,0
GBR.1.20.1.110_1,2023,11,0,0
GBR.1.20.1.111_1,2023,11,0,0
GBR.1.20.1.112_1,2023,11,0,0
GBR.1.20.1.113_1,2023,11,0,0
GBR.1.20.1.114_1,2023,11,0,0
GBR.1.20.1.117_1,2023,11,0,0
GBR.1.20.1.118_1,2023,11,0,0
GBR.1.20.1.119_1,2023,11,0,0
GBR.1.20.1.12_1,2023,11,0,0
GBR.1.20.1.120_1,2023,11,0,0
GBR.1.20.1.121_1,2023,11,0,0
GBR.1.20.1.122_1,2023,11,0,0
GBR.1.20.1.123_1,2023,11,0,0
GBR.1.20.1.13_1,2023,11,0,0
GBR.1.20.1.14_1,2023,11,0,0
GBR.1.20.1.15_1,2023,11,0,0
GBR.1.20.1.16_1,2023,11,0,0
GBR.1.20.1.17_1,2023,11,0,0
GBR.1.20.1.18_1,2023,11,0,0
GBR.1.20.1.19_1,2023,11,0,0
GBR.1.20.1.2_1,2023,11,0,0
GBR.1.20.1.20_1,2023,11,0,0
GBR.1.20.1.21_1,2023,11,0,0
GBR.1.20.1.22_1,2023,11,0,0
GBR.1.20.1.23_1,2023,11,0,0
GBR.1.20.1.24_1,2023,11,0,0
GBR.1.20.1.25_1,2023,11,0,0
GBR.1.20.1.26_1,2023,11,0,0
GBR.1.20.1.27_1,2023,11,0,0
GBR.1.20.1.28_1,2023,11,0,0
GBR.1.20.1.29_1,2023,11,0,0
GBR.1.20.1.3_1,2023,11,0,0
GBR.1.20.1.30_1,2023,11,0,0
GBR.1.20.1.31_1,2023,11,0,0
GBR.1.20.1.32_1,2023,11,0,0
GBR.1.20.1.33_1,2023,11,0,0
GBR.1.20.1.34_1,2023,11,0,0
GBR.1.20.1.35_1,2023,11,0,0
GBR.1.20.1.36_1,2023,11,0,0
GBR.1.20.1.37_1,2023,11,0,0
GBR.1.20.1.38_1,2023,11,0,0
GBR.1.20.1.39_1,2023,11,0,0
GBR.1.20.1.4_1,2023,11,0,0
GBR.1.20.1.40_1,2023,11,0,0
GBR.1.20.1.41_1,2023,11,0,0
GBR.1.20.1.42_1,2023,11,0,0
GBR.1.20.1.43_1,2023,11,0,0
GBR.1.20.1.44_1,2023,11,0,0
GBR.1.20.1.45_1,2023,11,0,0
GBR.1.20.1.46_1,2023,11,0,0
GBR.1.20.1.47_1,2023,11,0,0
GBR.1.20.1.48_1,2023,11,0,0
GBR.1.20.1.49_1,2023,11,0,0
GBR.1.20.1.5_1,2023,11,0,0
GBR.1.20.1.50_1,2023,11,0,0
GBR.1.20.1.51_1,2023,11,0,0
GBR.1.20.1.52_1,2023,11,0,0
GBR.1.20.1.53_1,2023,11,0,0
GBR.1.20.1.54_1,2023,11,0,0
GBR.1.20.1.55_1,2023,11,0,0
GBR.1.20.1.56_1,2023,11,0,0
GBR.1.20.1.57_1,2023,11,0,0
GBR.1.20.1.58_1,2023,11,0,0
GBR.1.20.1.59_1,2023,11,0,0
GBR.1.20.1.6_1,2023,11,0,0
GBR.1.20.1.60_1,2023,11,0,0
GBR.1.20.1.61_1,2023,11,0,0
GBR.1.20.1.62_1,2023,11,0,0
GBR.1.20.1.63_1,2023,11,0,0
GBR.1.20.1.64_1,2023,11,0,0
GBR.1.20.1.65_1,2023,11,0,0
GBR.1.20.1.66_1,2023,11,0,0
GBR.1.20.1.67_1,2023,11,0,0
GBR.1.20.1.68_1,2023,11,0,0
GBR.1.20.1.69_1,2023,11,0,0
GBR.1.20.1.7_1,2023,11,0,0
GBR.1.20.1.70_1,2023,11,0,0
GBR.1.20.1.71_1,2023,11,0,0
GBR.1.20.1.72_1,2023,11,0,0
GBR.1.20.1.73_1,2023,11,0,0
GBR.1.20.1.74_1,2023,11,0,0
GBR.1.20.1.75_1,2023,11,0,0
GBR.1.20.1.76_1,2023,11,0,0
GBR.1.20.1.77_1,2023,11,0,0
GBR.1.20.1.78_1,2023,11,0,0
GBR.1.20.1.79_1,2023,11,0,0
GBR.1.20.1.8_1,2023,11,0,0
GBR.1.20.1.80_1,2023,11,0,0
GBR.1.20.1.81_1,2023,11,0,0
GBR.1.20.1.82_1,2023,11,0,0
GBR.1.20.1.83_1,2023,11,0,0
GBR.1.20.1.84_1,2023,11,0,0
GBR.1.20.1.86_1,2023,11,0,0
GBR.1.20.1.88_1,2023,11,0,0
GBR.1.20.1.89_1,2023,11,0,0
GBR.1.20.1.9_1,2023,11,0,0
GBR.1.20.1.90_1,2023,11,0,0
GBR.1.20.1.91_1,2023,11,0,0
GBR.1.20.1.92_1,2023,11,0,0
GBR.1.20.1.93_1,2023,11,0,0
GBR.1.20.1.94_1,2023,11,0,0
GBR.1.20.1.95_1,2023,11,0,0
GBR.1.20.1.96_1,2023,11,0,0
GBR.1.20.1.97_1,2023,11,0,0
GBR.1.20.1.98_1,2023,11,0,0
GBR.1.20.1.99_1,2023,11,0,0
GBR.1.21.1.1_1,2023,11,0,0
GBR.1.21.1.10_1,2023,11,0,0
GBR.1.21.1.11_1,2023,11,0,0
GBR.1.21.1.12_1,2023,11,0,0
GBR.1.21.1.13_1,2023,11,0,0
GBR.1.21.1.14_1,2023,11,0,0
GBR.1.21.1.15_1,2023,11,0,0
GBR.1.21.1.16_1,2023,11,0,0
GBR.1.21.1.2_1,2023,11,0,0
GBR.1.21.1.3_1,2023,11,0,0
GBR.1.21.1.4_1,2023,11,0,0
GBR.1.21.1.5_1,2023,11,0,0
GBR.1.21.1.6_1,2023,11,0,0
GBR.1.21.1.7_1,2023,11,0,0
GBR.1.21.1.8_1,2023,11,0,0
GBR.1.21.1.9_1,2023,11,0,0
GBR.1.22.1.1_1,2023,11,0,0
GBR.1.22.1.10_1,2023,11,0,0
GBR.1.22.1.11_1,2023,11,0,0
GBR.1.22.1.12_1,2023,11,0,0
GBR.1.22.1.13_1,2023,11,0,0
GBR.1.22.1.14_1,2023,11,0,0
GBR.1.22.1.15_1,2023,11,0,0
GBR.1.22.1.16_1,2023,11,0,0
GBR.1.22.1.17_1,2023,11,0,0
GBR.1.22.1.18_1,2023,11,0,0
GBR.1.22.1.19_1,2023,11,0,0
GBR.1.22.1.2_1,2023,11,0,0
GBR.1.22.1.20_1,2023,11,0,0
GBR.1.22.1.21_1,2023,11,0,0
GBR.1.22.1.22_1,2023,11,0,0
GBR.1.22.1.23_1,2023,11,0,0
GBR.1.22.1.24_1,2023,11,0,0
GBR.1.22.1.25_1,2023,11,0,0
GBR.1.22.1.26_1,2023,11,0,0
GBR.1.22.1.27_1,2023,11,0,0
GBR.1.22.1.28_1,2023,11,0,0
GBR.1.22.1.29_1,2023,11,0,0
GBR.1.22.1.3_1,2023,11,0,0
GBR.1.22.1.30_1,2023,11,0,0
GBR.1.22.1.31_1,2023,11,0,0
GBR.1.22.1.32_1,2023,11,0,0
GBR.1.22.1.33_1,2023,11,0,0
GBR.1.22.1.4_1,2023,11,0,0
GBR.1.22.1.5_1,2023,11,0,0
GBR.1.22.1.6_1,2023,11,0,0
GBR.1.22.1.7_1,2023,11,0,0
GBR.1.22.1.8_1,2023,11,0,0
GBR.1.22.1.9_1,2023,11,0,0
GBR.1.22.2.11_1,2023,11,0,0
GBR.1.22.2.3_1,2023,11,0,0
GBR.1.22.2.4_1,2023,11,0,0
GBR.1.22.2.5_1,2023,11,0,0
GBR.1.22.2.7_1,2023,11,0,0
GBR.1.22.2.8_1,2023,11,0,0
GBR.1.22.3.1_1,2023,11,0,0
GBR.1.22.3.10_1,2023,11,0,0
GBR.1.22.3.11_1,2023,11,0,0
GBR.1.22.3.12_1,2023,11,0,0
GBR.1.22.3.13_1,2023,11,0,0
GBR.1.22.3.14_1,2023,11,0,0
GBR.1.22.3.15_1,2023,11,0,0
GBR.1.22.3.16_1,2023,11,0,0
GBR.1.22.3.17_1,2023,11,0,0
GBR.1.22.3.18_1,2023,11,0,0
GBR.1.22.3.19_1,2023,11,0,0
GBR.1.22.3.2_1,2023,11,0,0
GBR.1.22.3.20_1,2023,11,0,0
GBR.1.22.3.21_1,2023,11,0,0
GBR.1.22.3.3_1,2023,11,0,0
GBR.1.22.3.4_1,2023,11,0,0
GBR.1.22.3.5_1,2023,11,0,0
GBR.1.22.3.6_1,2023,11,0,0
GBR.1.22.3.7_1,2023,11,0,0
GBR.1.22.3.8_1,2023,11,0,0
GBR.1.22.3.9_1,2023,11,0,0
GBR.1.22.4.1_1,2023,11,0,0
GBR.1.22.4.10_1,2023,11,0,0
GBR.1.22.4.11_1,2023,11,0,0
GBR.1.22.4.12_1,2023,11,0,0
GBR.1.22.4.13_1,2023,11,0,0
GBR.1.22.4.14_1,2023,11,0,0
GBR.1.22.4.15_1,2023,11,0,0
GBR.1.22.4.16_1,2023,11,0,0
GBR.1.22.4.17_1,2023,11,0,0
GBR.1.22.4.18_1,2023,11,0,0
GBR.1.22.4.19_1,2023,11,0,0
GBR.1.22.4.2_1,2023,11,0,0
GBR.1.22.4.20_1,2023,11,0,0
GBR.1.22.4.21_1,2023,11,0,0
GBR.1.22.4.22_1,2023,11,0,0
GBR.1.22.4.23_1,2023,11,0,0
GBR.1.22.4.24_1,2023,11,0,0
GBR.1.22.4.25_1,2023,11,0,0
GBR.1.22.4.26_1,2023,11,0,0
GBR.1.22.4.27_1,2023,11,0,0
GBR.1.22.4.28_1,2023,11,0,0
GBR.1.22.4.29_1,2023,11,0,0
GBR.1.22.4.3_1,2023,11,0,0
GBR.1.22.4.30_1,2023,11,0,0
GBR.1.22.4.4_1,2023,11,0,0
GBR.1.22.4.5_1,2023,11,0,0
GBR.1.22.4.6_1,2023,11,0,0
GBR.1.22.4.7_1,2023,11,0,0
GBR.1.22.4.8_1,2023,11,0,0
GBR.1.22.4.9_1,2023,11,0,0
GBR.1.22.5.1_1,2023,11,0,0
GBR.1.22.5.10_1,2023,11,0,0
GBR.1.22.5.11_1,2023,11,0,0
GBR.1.22.5.12_1,2023,11,0,0
GBR.1.22.5.13_1,2023,11,0,0
GBR.1.22.5.14_1,2023,11,0,0
GBR.1.22.5.15_1,2023,11,0,0
GBR.1.22.5.16_1,2023,11,0,0
GBR.1.22.5.17_1,2023,11,0,0
GBR.1.22.5.18_1,2023,11,0,0
GBR.1.22.5.19_1,2023,11,0,0
GBR.1.22.5.2_1,2023,11,0,0
GBR.1.22.5.20_1,2023,11,0,0
GBR.1.22.5.21_1,2023,11,0,0
GBR.1.22.5.22_1,2023,11,0,0
GBR.1.22.5.23_1,2023,11,0,0
GBR.1.22.5.24_1,2023,11,0,0
GBR.1.22.5.25_1,2023,11,0,0
GBR.1.22.5.3_1,2023,11,0,0
GBR.1.22.5.4_1,2023,11,0,0
GBR.1.22.5.5_1,2023,11,0,0
GBR.1.22.5.6_1,2023,11,0,0
GBR.1.22.5.7_1,2023,11,0,0
GBR.1.22.5.8_1,2023,11,0,0
GBR.1.22.5.9_1,2023,11,0,0
GBR.1.22.6.1_1,2023,11,0,0
GBR.1.22.6.10_1,2023,11,0,0
GBR.1.22.6.11_1,2023,11,0,0
GBR.1.22.6.12_1,2023,11,0,0
GBR.1.22.6.13_1,2023,11,0,0
GBR.1.22.6.14_1,2023,11,0,0
GBR.1.22.6.15_1,2023,11,0,0
GBR.1.22.6.16_1,2023,11,0,0
GBR.1.22.6.17_1,2023,11,0,0
GBR.1.22.6.2_1,2023,11,0,0
GBR.1.22.6.3_1,2023,11,0,0
GBR.1.22.6.4_1,2023,11,0,0
GBR.1.22.6.5_1,2023,11,0,0
GBR.1.22.6.6_1,2023,11,0,0
GBR.1.22.6.7_1,2023,11,0,0
GBR.1.22.6.8_1,2023,11,0,0
GBR.1.22.6.9_1,2023,11,0,0
GBR.1.23.1.1_1,2023,11,0,0
GBR.1.23.1.10_1,2023,11,0,0
GBR.1.23.1.11_1,2023,11,0,0
GBR.1.23.1.12_1,2023,11,0,0
GBR.1.23.1.13_1,2023,11,0,0
GBR.1.23.1.14_1,2023,11,0,0
GBR.1.23.1.15_1,2023,11,0,0
GBR.1.23.1.16_1,2023,11,0,0
GBR.1.23.1.17_1,2023,11,0,0
GBR.1.23.1.18_1,2023,11,0,0
GBR.1.23.1.19_1,2023,11,0,0
GBR.1.23.1.2_1,2023,11,0,0
GBR.1.23.1.20_1,2023,11,0,0
GBR.1.23.1.3_1,2023,11,0,0
GBR.1.23.1.4_1,2023,11,0,0
GBR.1.23.1.5_1,2023,11,0,0
GBR.1.23.1.6_1,2023,11,0,0
GBR.1.23.1.7_1,2023,11,0,0
GBR.1.23.1.8_1,2023,11,0,0
GBR.1.23.1.9_1,2023,11,0,0
GBR.1.24.1.1_1,2023,11,0,0
GBR.1.24.1.10_1,2023,11,0,0
GBR.1.24.1.11_1,2023,11,0,0
GBR.1.24.1.12_1,2023,11,0,0
GBR.1.24.1.13_1,2023,11,0,0
GBR.1.24.1.14_1,2023,11,0,0
GBR.1.24.1.15_1,2023,11,0,0
GBR.1.24.1.2_1,2023,11,0,0
GBR.1.24.1.3_1,2023,11,0,0
GBR.1.24.1.4_1,2023,11,0,0
GBR.1.24.1.5_1,2023,11,0,0
GBR.1.24.1.6_1,2023,11,0,0
GBR.1.24.1.7_1,2023,11,0,0
GBR.1.24.1.8_1,2023,11,0,0
GBR.1.24.1.9_1,2023,11,0,0
GBR.1.25.1.1_1,2023,11,0,0
GBR.1.25.1.10_1,2023,11,0,0
GBR.1.25.1.11_1,2023,11,0,0
GBR.1.25.1.12_1,2023,11,0,0
GBR.1.25.1.13_1,2023,11,0,0
GBR.1.25.1.14_1,2023,11,0,0
GBR.1.25.1.15_1,2023,11,0,0
GBR.1.25.1.16_1,2023,11,0,0
GBR.1.25.1.17_1,2023,11,0,0
GBR.1.25.1.18_1,2023,11,0,0
GBR.1.25.1.19_1,2023,11,0,0
GBR.1.25.1.2_1,2023,11,0,0
GBR.1.25.1.20_1,2023,11,0,0
GBR.1.25.1.3_1,2023,11,0,0
GBR.1.25.1.4_1,2023,11,0,0
GBR.1.25.1.5_1,2023,11,0,0
GBR.1.25.1.6_1,2023,11,0,0
GBR.1.25.1.7_1,2023,11,0,0
GBR.1.25.1.8_1,2023,11,0,0
GBR.1.25.1.9_1,2023,11,0,0
GBR.1.25.2.1_1,2023,11,0,0
GBR.1.25.2.10_1,2023,11,0,0
GBR.1.25.2.11_1,2023,11,0,0
GBR.1.25.2.12_1,2023,11,0,0
GBR.1.25.2.13_1,2023,11,0,0
GBR.1.25.2.14_1,2023,11,0,0
GBR.1.25.2.15_1,2023,11,0,0
GBR.1.25.2.16_1,2023,11,0,0
GBR.1.25.2.17_1,2023,11,0,0
GBR.1.25.2.18_1,2023,11,0,0
GBR.1.25.2.19_1,2023,11,0,0
GBR.1.25.2.2_1,2023,11,0,0
GBR.1.25.2.20_1,2023,11,0,0
GBR.1.25.2.21_1,2023,11,0,0
GBR.1.25.2.22_1,2023,11,0,0
GBR.1.25.2.23_1,2023,11,0,0
GBR.1.25.2.24_1,2023,11,0,0
GBR.1.25.2.25_1,2023,11,0,0
GBR.1.25.2.26_1,2023,11,0,0
GBR.1.25.2.3_1,2023,11,0,0
GBR.1.25.2.4_1,2023,11,0,0
GBR.1.25.2.5_1,2023,11,0,0
GBR.1.25.2.6_1,2023,11,0,0
GBR.1.25.2.7_1,2023,11,0,0
GBR.1.25.2.8_1,2023,11,0,0
GBR.1.25.2.9_1,2023,11,0,0
GBR.1.25.3.1_1,2023,11,0,0
GBR.1.25.3.2_1,2023,11,0,0
GBR.1.25.3.3_1,2023,11,0,0
GBR.1.25.3.4_1,2023,11,0,0
GBR.1.25.3.5_1,2023,11,0,0
GBR.1.25.3.6_1,2023,11,0,0
GBR.1.25.4.1_1,2023,11,0,0
GBR.1.25.4.10_1,2023,11,0,0
GBR.1.25.4.11_1,2023,11,0,0
GBR.1.25.4.12_1,2023,11,0,0
GBR.1.25.4.13_1,2023,11,0,0
GBR.1.25.4.14_1,2023,11,0,0
GBR.1.25.4.15_1,2023,11,0,0
GBR.1.25.4.16_1,2023,11,0,0
GBR.1.25.4.17_1,2023,11,0,0
GBR.1.25.4.18_1,2023,11,0,0
GBR.1.25.4.19_1,2023,11,0,0
GBR.1.25.4.2_1,2023,11,0,0
GBR.1.25.4.3_1,2023,11,0,0
GBR.1.25.4.4_1,2023,11,0,0
GBR.1.25.4.5_1,2023,11,0,0
GBR.1.25.4.6_1,2023,11,0,0
GBR.1.25.4.7_1,2023,11,0,0
GBR.1.25.4.8_1,2023,11,0,0
GBR.1.25.4.9_1,2023,11,0,0
GBR.1.25.5.1_1,2023,11,0,0
GBR.1.25.5.2_1,2023,11,0,0
GBR.1.25.5.3_1,2023,11,0,0
GBR.1.25.5.4_1,2023,11,0,0
GBR.1.25.5.5_1,2023,11,0,0
GBR.1.25.5.6_1,2023,11,0,0
GBR.1.25.5.7_1,2023,11,0,0
GBR.1.25.5.8_1,2023,11,0,0
GBR.1.25.5.9_1,2023,11,0,0
GBR.1.25.6.1_1,2023,11,0,0
GBR.1.25.6.10_1,2023,11,0,0
GBR.1.25.6.11_1,2023,11,0,0
GBR.1.25.6.12_1,2023,11,0,0
GBR.1.25.6.13_1,2023,11,0,0
GBR.1.25.6.14_1,2023,11,0,0
GBR.1.25.6.15_1,2023,11,0,0
GBR.1.25.6.16_1,2023,11,0,0
GBR.1.25.6.17_1,2023,11,0,0
GBR.1.25.6.18_1,2023,11,0,0
GBR.1.25.6.19_1,2023,11,0,0
GBR.1.25.6.2_1,2023,11,0,0
GBR.1.25.6.20_1,2023,11,0,0
GBR.1.25.6.21_1,2023,11,0,0
GBR.1.25.6.22_1,2023,11,0,0
GBR.1.25.6.23_1,2023,11,0,0
GBR.1.25.6.24_1,2023,11,0,0
GBR.1.25.6.25_1,2023,11,0,0
GBR.1.25.6.26_1,2023,11,0,0
GBR.1.25.6.27_1,2023,11,0,0
GBR.1.25.6.28_1,2023,11,0,0
GBR.1.25.6.3_1,2023,11,0,0
GBR.1.25.6.4_1,2023,11,0,0
GBR.1.25.6.5_1,2023,11,0,0
GBR.1.25.6.6_1,2023,11,0,0
GBR.1.25.6.7_1,2023,11,0,0
GBR.1.25.6.8_1,2023,11,0,0
GBR.1.25.6.9_1,2023,11,0,0
GBR.1.25.7.1_1,2023,11,0,0
GBR.1.25.7.10_1,2023,11,0,0
GBR.1.25.7.11_1,2023,11,0,0
GBR.1.25.7.12_1,2023,11,0,0
GBR.1.25.7.13_1,2023,11,0,0
GBR.1.25.7.14_1,2023,11,0,0
GBR.1.25.7.15_1,2023,11,0,0
GBR.1.25.7.16_1,2023,11,0,0
GBR.1.25.7.17_1,2023,11,0,0
GBR.1.25.7.18_1,2023,11,0,0
GBR.1.25.7.19_1,2023,11,0,0
GBR.1.25.7.2_1,2023,11,0,0
GBR.1.25.7.20_1,2023,11,0,0
GBR.1.25.7.21_1,2023,11,0,0
GBR.1.25.7.22_1,2023,11,0,0
GBR.1.25.7.23_1,2023,11,0,0
GBR.1.25.7.24_1,2023,11,0,0
GBR.1.25.7.25_1,2023,11,0,0
GBR.1.25.7.26_1,2023,11,0,0
GBR.1.25.7.27_1,2023,11,0,0
GBR.1.25.7.28_1,2023,11,0,0
GBR.1.25.7.29_1,2023,11,0,0
GBR.1.25.7.3_1,2023,11,0,0
GBR.1.25.7.30_1,2023,11,0,0
GBR.1.25.7.31_1,2023,11,0,0
GBR.1.25.7.32_1,2023,11,0,0
GBR.1.25.7.33_1,2023,11,0,0
GBR.1.25.7.34_1,2023,11,0,0
GBR.1.25.7.35_1,2023,11,0,0
GBR.1.25.7.36_1,2023,11,0,0
GBR.1.25.7.37_1,2023,11,0,0
GBR.1.25.7.38_1,2023,11,0,0
GBR.1.25.7.4_1,2023,11,0,0
GBR.1.25.7.5_1,2023,11,0,0
GBR.1.25.7.6_1,2023,11,0,0
GBR.1.25.7.7_1,2023,11,0,0
GBR.1.25.7.8_1,2023,11,0,0
GBR.1.25.7.9_1,2023,11,0,0
GBR.1.25.8.1_1,2023,11,0,0
GBR.1.25.8.10_1,2023,11,0,0
GBR.1.25.8.11_1,2023,11,0,0
GBR.1.25.8.12_1,2023,11,0,0
GBR.1.25.8.13_1,2023,11,0,0
GBR.1.25.8.14_1,2023,11,0,0
GBR.1.25.8.15_1,2023,11,0,0
GBR.1.25.8.16_1,2023,11,0,0
GBR.1.25.8.17_1,2023,11,0,0
GBR.1.25.8.18_1,2023,11,0,0
GBR.1.25.8.19_1,2023,11,0,0
GBR.1.25.8.2_1,2023,11,0,0
GBR.1.25.8.20_1,2023,11,0,0
GBR.1.25.8.21_1,2023,11,0,0
GBR.1.25.8.22_1,2023,11,0,0
GBR.1.25.8.23_1,2023,11,0,0
GBR.1.25.8.24_1,2023,11,0,0
GBR.1.25.8.25_1,2023,11,0,0
GBR.1.25.8.3_1,2023,11,0,0
GBR.1.25.8.4_1,2023,11,0,0
GBR.1.25.8.5_1,2023,11,0,0
GBR.1.25.8.6_1,2023,11,0,0
GBR.1.25.8.7_1,2023,11,0,0
GBR.1.25.8.8_1,2023,11,0,0
GBR.1.25.8.9_1,2023,11,0,0
GBR.1.26.1.1_1,2023,11,0,0
GBR.1.26.1.10_1,2023,11,0,0
GBR.1.26.1.11_1,2023,11,0,0
GBR.1.26.1.12_1,2023,11,0,0
GBR.1.26.1.13_1,2023,11,0,0
GBR.1.26.1.14_1,2023,11,0,0
GBR.1.26.1.15_1,2023,11,0,0
GBR.1.26.1.16_1,2023,11,0,0
GBR.1.26.1.17_1,2023,11,0,0
GBR.1.26.1.18_1,2023,11,0,0
GBR.1.26.1.19_1,2023,11,0,0
GBR.1.26.1.2_1,2023,11,0,0
GBR.1.26.1.20_1,2023,11,0,0
GBR.1.26.1.21_1,2023,11,0,0
GBR.1.26.1.22_1,2023,11,0,0
GBR.1.26.1.23_1,2023,11,0,0
GBR.1.26.1.24_1,2023,11,0,0
GBR.1.26.1.25_1,2023,11,0,0
GBR.1.26.1.26_1,2023,11,0,0
GBR.1.26.1.27_1,2023,11,0,0
GBR.1.26.1.28_1,2023,11,0,0
GBR.1.26.1.29_1,2023,11,0,0
GBR.1.26.1.3_1,2023,11,0,0
GBR.1.26.1.30_1,2023,11,0,0
GBR.1.26.1.31_1,2023,11,0,0
GBR.1.26.1.32_1,2023,11,0,0
GBR.1.26.1.4_1,2023,11,0,0
GBR.1.26.1.5_1,2023,11,0,0
GBR.1.26.1.6_1,2023,11,0,0
GBR.1.26.1.7_1,2023,11,0,0
GBR.1.26.1.8_1,2023,11,0,0
GBR.1.26.1.9_1,2023,11,0,0
GBR.1.26.2.1_1,2023,11,0,0
GBR.1.26.2.10_1,2023,11,0,0
GBR.1.26.2.11_1,2023,11,0,0
GBR.1.26.2.12_1,2023,11,0,0
GBR.1.26.2.13_1,2023,11,0,0
GBR.1.26.2.2_1,2023,11,0,0
GBR.1.26.2.3_1,2023,11,0,0
GBR.1.26.2.4_1,2023,11,0,0
GBR.1.26.2.5_1,2023,11,0,0
GBR.1.26.2.6_1,2023,11,0,0
GBR.1.26.2.7_1,2023,11,0,0
GBR.1.26.2.8_1,2023,11,0,0
GBR.1.26.2.9_1,2023,11,0,0
GBR.1.26.3.1_1,2023,11,0,0
GBR.1.26.3.10_1,2023,11,0,0
GBR.1.26.3.11_1,2023,11,0,0
GBR.1.26.3.12_1,2023,11,0,0
GBR.1.26.3.13_1,2023,11,0,0
GBR.1.26.3.14_1,2023,11,0,0
GBR.1.26.3.15_1,2023,11,0,0
GBR.1.26.3.16_1,2023,11,0,0
GBR.1.26.3.17_1,2023,11,0,0
GBR.1.26.3.18_1,2023,11,0,0
GBR.1.26.3.19_1,2023,11,0,0
GBR.1.26.3.2_1,2023,11,0,0
GBR.1.26.3.20_1,2023,11,0,0
GBR.1.26.3.21_1,2023,11,0,0
GBR.1.26.3.22_1,2023,11,0,0
GBR.1.26.3.23_1,2023,11,0,0
GBR.1.26.3.24_1,2023,11,0,0
GBR.1.26.3.3_1,2023,11,0,0
GBR.1.26.3.4_1,2023,11,0,0
GBR.1.26.3.5_1,2023,11,0,0
GBR.1.26.3.6_1,2023,11,0,0
GBR.1.26.3.7_1,2023,11,0,0
GBR.1.26.3.8_1,2023,11,0,0
GBR.1.26.3.9_1,2023,11,0,0
GBR.1.26.4.1_1,2023,11,0,0
GBR.1.26.4.10_1,2023,11,0,0
GBR.1.26.4.11_1,2023,11,0,0
GBR.1.26.4.12_1,2023,11,0,0
GBR.1.26.4.13_1,2023,11,0,0
GBR.1.26.4.15_1,2023,11,0,0
GBR.1.26.4.16_1,2023,11,0,0
GBR.1.26.4.17_1,2023,11,0,0
GBR.1.26.4.18_1,2023,11,0,0
GBR.1.26.4.19_1,2023,11,0,0
GBR.1.26.4.2_1,2023,11,0,0
GBR.1.26.4.20_1,2023,11,0,0
GBR.1.26.4.21_1,2023,11,0,0
GBR.1.26.4.22_1,2023,11,0,0
GBR.1.26.4.23_1,2023,11,0,0
GBR.1.26.4.24_1,2023,11,0,0
GBR.1.26.4.25_1,2023,11,0,0
GBR.1.26.4.26_1,2023,11,0,0
GBR.1.26.4.27_1,2023,11,0,0
GBR.1.26.4.3_1,2023,11,0,0
GBR.1.26.4.4_1,2023,11,0,0
GBR.1.26.4.5_1,2023,11,0,0
GBR.1.26.4.6_1,2023,11,0,0
GBR.1.26.4.7_1,2023,11,0,0
GBR.1.26.4.8_1,2023,11,0,0
GBR.1.26.4.9_1,2023,11,0,0
GBR.1.26.5.1_1,2023,11,0,0
GBR.1.26.5.10_1,2023,11,0,0
GBR.1.26.5.11_1,2023,11,0,0
GBR.1.26.5.12_1,2023,11,0,0
GBR.1.26.5.13_1,2023,11,0,0
GBR.1.26.5.14_1,2023,11,0,0
GBR.1.26.5.15_1,2023,11,0,0
GBR.1.26.5.16_1,2023,11,0,0
GBR.1.26.5.17_1,2023,11,0,0
GBR.1.26.5.18_1,2023,11,0,0
GBR.1.26.5.19_1,2023,11,0,0
GBR.1.26.5.2_1,2023,11,0,0
GBR.1.26.5.20_1,2023,11,0,0
GBR.1.26.5.21_1,2023,11,0,0
GBR.1.26.5.22_1,2023,11,0,0
GBR.1.26.5.3_1,2023,11,0,0
GBR.1.26.5.4_1,2023,11,0,0
GBR.1.26.5.5_1,2023,11,0,0
GBR.1.26.5.6_1,2023,11,0,0
GBR.1.26.5.7_1,2023,11,0,0
GBR.1.26.5.8_1,2023,11,0,0
GBR.1.26.5.9_1,2023,11,0,0
GBR.1.26.6.1_1,2023,11,0,0
GBR.1.26.6.10_1,2023,11,0,0
GBR.1.26.6.11_1,2023,11,0,0
GBR.1.26.6.12_1,2023,11,0,0
GBR.1.26.6.13_1,2023,11,0,0
GBR.1.26.6.14_1,2023,11,0,0
GBR.1.26.6.15_1,2023,11,0,0
GBR.1.26.6.16_1,2023,11,0,0
GBR.1.26.6.17_1,2023,11,0,0
GBR.1.26.6.18_1,2023,11,0,0
GBR.1.26.6.19_1,2023,11,0,0
GBR.1.26.6.2_1,2023,11,0,0
GBR.1.26.6.20_1,2023,11,0,0
GBR.1.26.6.21_1,2023,11,0,0
GBR.1.26.6.22_1,2023,11,0,0
GBR.1.26.6.23_1,2023,11,0,0
GBR.1.26.6.24_1,2023,11,0,0
GBR.1.26.6.25_1,2023,11,0,0
GBR.1.26.6.3_1,2023,11,0,0
GBR.1.26.6.4_1,2023,11,0,0
GBR.1.26.6.5_1,2023,11,0,0
GBR.1.26.6.6_1,2023,11,0,0
GBR.1.26.6.7_1,2023,11,0,0
GBR.1.26.6.8_1,2023,11,0,0
GBR.1.26.6.9_1,2023,11,0,0
GBR.1.26.7.1_1,2023,11,0,0
GBR.1.26.7.10_1,2023,11,0,0
GBR.1.26.7.11_1,2023,11,0,0
GBR.1.26.7.12_1,2023,11,0,0
GBR.1.26.7.13_1,2023,11,0,0
GBR.1.26.7.14_1,2023,11,0,0
GBR.1.26.7.15_1,2023,11,0,0
GBR.1.26.7.16_1,2023,11,0,0
GBR.1.26.7.17_1,2023,11,0,0
GBR.1.26.7.18_1,2023,11,0,0
GBR.1.26.7.19_1,2023,11,0,0
GBR.1.26.7.2_1,2023,11,0,0
GBR.1.26.7.20_1,2023,11,0,0
GBR.1.26.7.21_1,2023,11,0,0
GBR.1.26.7.22_1,2023,11,0,0
GBR.1.26.7.23_1,2023,11,0,0
GBR.1.26.7.3_1,2023,11,0,0
GBR.1.26.7.4_1,2023,11,0,0
GBR.1.26.7.5_1,2023,11,0,0
GBR.1.26.7.6_1,2023,11,0,0
GBR.1.26.7.7_1,2023,11,0,0
GBR.1.26.7.8_1,2023,11,0,0
GBR.1.26.7.9_1,2023,11,0,0
GBR.1.26.8.1_1,2023,11,0,0
GBR.1.26.8.10_1,2023,11,0,0
GBR.1.26.8.11_1,2023,11,0,0
GBR.1.26.8.12_1,2023,11,0,0
GBR.1.26.8.13_1,2023,11,0,0
GBR.1.26.8.14_1,2023,11,0,0
GBR.1.26.8.15_1,2023,11,0,0
GBR.1.26.8.16_1,2023,11,0,0
GBR.1.26.8.17_1,2023,11,0,0
GBR.1.26.8.2_1,2023,11,0,0
GBR.1.26.8.3_1,2023,11,0,0
GBR.1.26.8.4_1,2023,11,0,0
GBR.1.26.8.5_1,2023,11,0,0
GBR.1.26.8.6_1,2023,11,0,0
GBR.1.26.8.7_1,2023,11,0,0
GBR.1.26.8.8_1,2023,11,0,0
GBR.1.26.8.9_1,2023,11,0,0
GBR.1.27.1.1_1,2023,11,0,0
GBR.1.27.1.10_1,2023,11,0,0
GBR.1.27.1.11_1,2023,11,0,0
GBR.1.27.1.12_1,2023,11,0,0
GBR.1.27.1.13_1,2023,11,0,0
GBR.1.27.1.14_1,2023,11,0,0
GBR.1.27.1.15_1,2023,11,0,0
GBR.1.27.1.16_1,2023,11,0,0
GBR.1.27.1.17_1,2023,11,0,0
GBR.1.27.1.18_1,2023,11,0,0
GBR.1.27.1.19_1,2023,11,0,0
GBR.1.27.1.2_1,2023,11,0,0
GBR.1.27.1.20_1,2023,11,0,0
GBR.1.27.1.21_1,2023,11,0,0
GBR.1.27.1.22_1,2023,11,0,0
GBR.1.27.1.3_1,2023,11,0,0
GBR.1.27.1.4_1,2023,11,0,0
GBR.1.27.1.5_1,2023,11,0,0
GBR.1.27.1.6_1,2023,11,0,0
GBR.1.27.1.7_1,2023,11,0,0
GBR.1.27.1.8_1,2023,11,0,0
GBR.1.27.1.9_1,2023,11,0,0
GBR.1.28.1.1_1,2023,11,0,0
GBR.1.28.1.10_1,2023,11,0,0
GBR.1.28.1.11_1,2023,11,0,0
GBR.1.28.1.12_1,2023,11,0,0
GBR.1.28.1.2_1,2023,11,0,0
GBR.1.28.1.3_1,2023,11,0,0
GBR.1.28.1.4_1,2023,11,0,0
GBR.1.28.1.5_1,2023,11,0,0
GBR.1.28.1.6_1,2023,11,0,0
GBR.1.28.1.7_1,2023,11,0,0
GBR.1.28.1.8_1,2023,11,0,0
GBR.1.28.1.9_1,2023,11,0,0
GBR.1.28.2.1_1,2023,11,0,0
GBR.1.28.2.10_1,2023,11,0,0
GBR.1.28.2.11_1,2023,11,0,0
GBR.1.28.2.12_1,2023,11,0,0
GBR.1.28.2.13_1,2023,11,0,0
GBR.1.28.2.14_1,2023,11,0,0
GBR.1.28.2.15_1,2023,11,0,0
GBR.1.28.2.2_1,2023,11,0,0
GBR.1.28.2.3_1,2023,11,0,0
GBR.1.28.2.4_1,2023,11,0,0
GBR.1.28.2.5_1,2023,11,0,0
GBR.1.28.2.6_1,2023,11,0,0
GBR.1.28.2.7_1,2023,11,0,0
GBR.1.28.2.8_1,2023,11,0,0
GBR.1.28.2.9_1,2023,11,0,0
GBR.1.28.3.1_1,2023,11,0,0
GBR.1.28.3.10_1,2023,11,0,0
GBR.1.28.3.11_1,2023,11,0,0
GBR.1.28.3.12_1,2023,11,0,0
GBR.1.28.3.13_1,2023,11,0,0
GBR.1.28.3.14_1,2023,11,0,0
GBR.1.28.3.15_1,2023,11,0,0
GBR.1.28.3.16_1,2023,11,0,0
GBR.1.28.3.17_1,2023,11,0,0
GBR.1.28.3.18_1,2023,11,0,0
GBR.1.28.3.19_1,2023,11,0,0
GBR.1.28.3.2_1,2023,11,0,0
GBR.1.28.3.3_1,2023,11,0,0
GBR.1.28.3.4_1,2023,11,0,0
GBR.1.28.3.5_1,2023,11,0,0
GBR.1.28.3.6_1,2023,11,0,0
GBR.1.28.3.7_1,2023,11,0,0
GBR.1.28.3.8_1,2023,11,0,0
GBR.1.28.3.9_1,2023,11,0,0
GBR.1.28.4.1_1,2023,11,0,0
GBR.1.28.4.10_1,2023,11,0,0
GBR.1.28.4.12_1,2023,11,0,0
GBR.1.28.4.13_1,2023,11,0,0
GBR.1.28.4.2_1,2023,11,0,0
GBR.1.28.4.3_1,2023,11,0,0
GBR.1.28.4.4_1,2023,11,0,0
GBR.1.28.4.5_1,2023,11,0,0
GBR.1.28.4.6_1,2023,11,0,0
GBR.1.28.4.7_1,2023,11,0,0
GBR.1.28.4.8_1,2023,11,0,0
GBR.1.28.4.9_1,2023,11,0,0
GBR.1.28.5.1_1,2023,11,0,0
GBR.1.28.5.10_1,2023,11,0,0
GBR.1.28.5.11_1,2023,11,0,0
GBR.1.28.5.12_1,2023,11,0,0
GBR.1.28.5.13_1,2023,11,0,0
GBR.1.28.5.14_1,2023,11,0,0
GBR.1.28.5.15_1,2023,11,0,0
GBR.1.28.5.16_1,2023,11,0,0
GBR.1.28.5.17_1,2023,11,0,0
GBR.1.28.5.18_1,2023,11,0,0
GBR.1.28.5.19_1,2023,11,0,0
GBR.1.28.5.2_1,2023,11,0,0
GBR.1.28.5.20_1,2023,11,0,0
GBR.1.28.5.21_1,2023,11,0,0
GBR.1.28.5.22_1,2023,11,0,0
GBR.1.28.5.23_1,2023,11,0,0
GBR.1.28.5.24_1,2023,11,0,0
GBR.1.28.5.3_1,2023,11,0,0
GBR.1.28.5.4_1,2023,11,0,0
GBR.1.28.5.5_1,2023,11,0,0
GBR.1.28.5.6_1,2023,11,0,0
GBR.1.28.5.7_1,2023,11,0,0
GBR.1.28.5.8_1,2023,11,0,0
GBR.1.28.5.9_1,2023,11,0,0
GBR.1.28.6.1_1,2023,11,0,0
GBR.1.28.6.10_1,2023,11,0,0
GBR.1.28.6.11_1,2023,11,0,0
GBR.1.28.6.12_1,2023,11,0,0
GBR.1.28.6.13_1,2023,11,0,0
GBR.1.28.6.2_1,2023,11,0,0
GBR.1.28.6.3_1,2023,11,0,0
GBR.1.28.6.4_1,2023,11,0,0
GBR.1.28.6.8_1,2023,11,0,0
GBR.1.28.6.9_1,2023,11,0,0
GBR.1.29.1.1_1,2023,11,0,0
GBR.1.29.1.10_1,2023,11,0,0
GBR.1.29.1.11_1,2023,11,0,0
GBR.1.29.1.12_1,2023,11,0,0
GBR.1.29.1.13_1,2023,11,0,0
GBR.1.29.1.14_1,2023,11,0,0
GBR.1.29.1.15_1,2023,11,0,0
GBR.1.29.1.16_1,2023,11,0,0
GBR.1.29.1.17_1,2023,11,0,0
GBR.1.29.1.18_1,2023,11,0,0
GBR.1.29.1.19_1,2023,11,0,0
GBR.1.29.1.2_1,2023,11,0,0
GBR.1.29.1.3_1,2023,11,0,0
GBR.1.29.1.4_1,2023,11,0,0
GBR.1.29.1.5_1,2023,11,0,0
GBR.1.29.1.6_1,2023,11,0,0
GBR.1.29.1.7_1,2023,11,0,0
GBR.1.29.1.8_1,2023,11,0,0
GBR.1.29.1.9_1,2023,11,0,0
GBR.1.3.1.1_1,2023,11,0,0
GBR.1.3.1.10_1,2023,11,0,0
GBR.1.3.1.11_1,2023,11,0,0
GBR.1.3.1.12_1,2023,11,0,0
GBR.1.3.1.13_1,2023,11,0,0
GBR.1.3.1.14_1,2023,11,0,0
GBR.1.3.1.15_1,2023,11,0,0
GBR.1.3.1.16_1,2023,11,0,0
GBR.1.3.1.17_1,2023,11,0,0
GBR.1.3.1.18_1,2023,11,0,0
GBR.1.3.1.19_1,2023,11,0,0
GBR.1.3.1.2_1,2023,11,0,0
GBR.1.3.1.20_1,2023,11,0,0
GBR.1.3.1.21_1,2023,11,0,0
GBR.1.3.1.22_1,2023,11,0,0
GBR.1.3.1.23_1,2023,11,0,0
GBR.1.3.1.24_1,2023,11,0,0
GBR.1.3.1.25_1,2023,11,0,0
GBR.1.3.1.3_1,2023,11,0,0
GBR.1.3.1.4_1,2023,11,0,0
GBR.1.3.1.5_1,2023,11,0,0
GBR.1.3.1.6_1,2023,11,0,0
GBR.1.3.1.7_1,2023,11,0,0
GBR.1.3.1.8_1,2023,11,0,0
GBR.1.3.1.9_1,2023,11,0,0
GBR.1.30.1.1_1,2023,11,0,0
GBR.1.30.1.10_1,2023,11,0,0
GBR.1.30.1.11_1,2023,11,0,0
GBR.1.30.1.12_1,2023,11,0,0
GBR.1.30.1.13_1,2023,11,0,0
GBR.1.30.1.14_1,2023,11,0,0
GBR.1.30.1.15_1,2023,11,0,0
GBR.1.30.1.16_1,2023,11,0,0
GBR.1.30.1.17_1,2023,11,0,0
GBR.1.30.1.18_1,2023,11,0,0
GBR.1.30.1.19_1,2023,11,0,0
GBR.1.30.1.2_1,2023,11,0,0
GBR.1.30.1.20_1,2023,11,0,0
GBR.1.30.1.21_1,2023,11,0,0
GBR.1.30.1.22_1,2023,11,0,0
GBR.1.30.1.23_1,2023,11,0,0
GBR.1.30.1.24_1,2023,11,0,0
GBR.1.30.1.25_1,2023,11,0,0
GBR.1.30.1.26_1,2023,11,0,0
GBR.1.30.1.27_1,2023,11,0,0
GBR.1.30.1.28_1,2023,11,0,0
GBR.1.30.1.29_1,2023,11,0,0
GBR.1.30.1.3_1,2023,11,0,0
GBR.1.30.1.30_1,2023,11,0,0
GBR.1.30.1.31_1,2023,11,0,0
GBR.1.30.1.32_1,2023,11,0,0
GBR.1.30.1.33_1,2023,11,0,0
GBR.1.30.1.34_1,2023,11,0,0
GBR.1.30.1.35_1,2023,11,0,0
GBR.1.30.1.36_1,2023,11,0,0
GBR.1.30.1.37_1,2023,11,0,0
GBR.1.30.1.38_1,2023,11,0,0
GBR.1.30.1.39_1,2023,11,0,0
GBR.1.30.1.4_1,2023,11,0,0
GBR.1.30.1.40_1,2023,11,0,0
GBR.1.30.1.41_1,2023,11,0,0
GBR.1.30.1.42_1,2023,11,0,0
GBR.1.30.1.43_1,2023,11,0,0
GBR.1.30.1.44_1,2023,11,0,0
GBR.1.30.1.45_1,2023,11,0,0
GBR.1.30.1.46_1,2023,11,0,0
GBR.1.30.1.47_1,2023,11,0,0
GBR.1.30.1.48_1,2023,11,0,0
GBR.1.30.1.49_1,2023,11,0,0
GBR.1.30.1.5_1,2023,11,0,0
GBR.1.30.1.50_1,2023,11,0,0
GBR.1.30.1.51_1,2023,11,0,0
GBR.1.30.1.52_1,2023,11,0,0
GBR.1.30.1.53_1,2023,11,0,0
GBR.1.30.1.54_1,2023,11,0,0
GBR.1.30.1.55_1,2023,11,0,0
GBR.1.30.1.56_1,2023,11,0,0
GBR.1.30.1.57_1,2023,11,0,0
GBR.1.30.1.58_1,2023,11,0,0
GBR.1.30.1.59_1,2023,11,0,0
GBR.1.30.1.6_1,2023,11,0,0
GBR.1.30.1.60_1,2023,11,0,0
GBR.1.30.1.61_1,2023,11,0,0
GBR.1.30.1.62_1,2023,11,0,0
GBR.1.30.1.7_1,2023,11,0,0
GBR.1.30.1.8_1,2023,11,0,0
GBR.1.30.1.9_1,2023,11,0,0
GBR.1.31.1.1_1,2023,11,0,0
GBR.1.31.1.10_1,2023,11,0,0
GBR.1.31.1.11_1,2023,11,0,0
GBR.1.31.1.12_1,2023,11,0,0
GBR.1.31.1.13_1,2023,11,0,0
GBR.1.31.1.14_1,2023,11,0,0
GBR.1.31.1.15_1,2023,11,0,0
GBR.1.31.1.16_1,2023,11,0,0
GBR.1.31.1.17_1,2023,11,0,0
GBR.1.31.1.18_1,2023,11,0,0
GBR.1.31.1.19_1,2023,11,0,0
GBR.1.31.1.2_1,2023,11,0,0
GBR.1.31.1.20_1,2023,11,0,0
GBR.1.31.1.21_1,2023,11,0,0
GBR.1.31.1.22_1,2023,11,0,0
GBR.1.31.1.23_1,2023,11,0,0
GBR.1.31.1.24_1,2023,11,0,0
GBR.1.31.1.25_1,2023,11,0,0
GBR.1.31.1.26_1,2023,11,0,0
GBR.1.31.1.27_1,2023,11,0,0
GBR.1.31.1.3_1,2023,11,0,0
GBR.1.31.1.4_1,2023,11,0,0
GBR.1.31.1.5_1,2023,11,0,0
GBR.1.31.1.6_1,2023,11,0,0
GBR.1.31.1.7_1,2023,11,0,0
GBR.1.31.1.8_1,2023,11,0,0
GBR.1.31.1.9_1,2023,11,0,0
GBR.1.32.1.1_1,2023,11,0,0
GBR.1.32.1.2_1,2023,11,0,0
GBR.1.32.1.3_1,2023,11,0,0
GBR.1.32.1.4_1,2023,11,0,0
GBR.1.32.1.5_1,2023,11,0,0
GBR.1.32.1.6_1,2023,11,0,0
GBR.1.32.1.7_1,2023,11,0,0
GBR.1.32.1.8_1,2023,11,0,0
GBR.1.32.1.9_1,2023,11,0,0
GBR.1.32.2.1_1,2023,11,0,0
GBR.1.32.2.10_1,2023,11,0,0
GBR.1.32.2.11_1,2023,11,0,0
GBR.1.32.2.12_1,2023,11,0,0
GBR.1.32.2.13_1,2023,11,0,0
GBR.1.32.2.14_1,2023,11,0,0
GBR.1.32.2.15_1,2023,11,0,0
GBR.1.32.2.16_1,2023,11,0,0
GBR.1.32.2.2_1,2023,11,0,0
GBR.1.32.2.3_1,2023,11,0,0
GBR.1.32.2.4_1,2023,11,0,0
GBR.1.32.2.5_1,2023,11,0,0
GBR.1.32.2.6_1,2023,11,0,0
GBR.1.32.2.7_1,2023,11,0,0
GBR.1.32.2.8_1,2023,11,0,0
GBR.1.32.2.9_1,2023,11,0,0
GBR.1.32.3.1_1,2023,11,0,0
GBR.1.32.3.10_1,2023,11,0,0
GBR.1.32.3.11_1,2023,11,0,0
GBR.1.32.3.12_1,2023,11,0,0
GBR.1.32.3.13_1,2023,11,0,0
GBR.1.32.3.14_1,2023,11,0,0
GBR.1.32.3.15_1,2023,11,0,0
GBR.1.32.3.16_1,2023,11,0,0
GBR.1.32.3.17_1,2023,11,0,0
GBR.1.32.3.18_1,2023,11,0,0
GBR.1.32.3.19_1,2023,11,0,0
GBR.1.32.3.2_1,2023,11,0,0
GBR.1.32.3.20_1,2023,11,0,0
GBR.1.32.3.21_1,2023,11,0,0
GBR.1.32.3.22_1,2023,11,0,0
GBR.1.32.3.3_1,2023,11,0,0
GBR.1.32.3.4_1,2023,11,0,0
GBR.1.32.3.5_1,2023,11,0,0
GBR.1.32.3.6_1,2023,11,0,0
GBR.1.32.3.7_1,2023,11,0,0
GBR.1.32.3.8_1,2023,11,0,0
GBR.1.32.3.9_1,2023,11,0,0
GBR.1.32.4.1_1,2023,11,0,0
GBR.1.32.4.10_1,2023,11,0,0
GBR.1.32.4.11_1,2023,11,0,0
GBR.1.32.4.12_1,2023,11,0,0
GBR.1.32.4.13_1,2023,11,0,0
GBR.1.32.4.14_1,2023,11,0,0
GBR.1.32.4.15_1,2023,11,0,0
GBR.1.32.4.16_1,2023,11,0,0
GBR.1.32.4.17_1,2023,11,0,0
GBR.1.32.4.18_1,2023,11,0,0
GBR.1.32.4.19_1,2023,11,0,0
GBR.1.32.4.2_1,2023,11,0,0
GBR.1.32.4.20_1,2023,11,0,0
GBR.1.32.4.3_1,2023,11,0,0
GBR.1.32.4.4_1,2023,11,0,0
GBR.1.32.4.5_1,2023,11,0,0
GBR.1.32.4.6_1,2023,11,0,0
GBR.1.32.4.7_1,2023,11,0,0
GBR.1.32.4.8_1,2023,11,0,0
GBR.1.32.4.9_1,2023,11,0,0
GBR.1.32.5.1_1,2023,11,0,0
GBR.1.32.5.10_1,2023,11,0,0
GBR.1.32.5.11_1,2023,11,0,0
GBR.1.32.5.12_1,2023,11,0,0
GBR.1.32.5.13_1,2023,11,0,0
GBR.1.32.5.14_1,2023,11,0,0
GBR.1.32.5.15_1,2023,11,0,0
GBR.1.32.5.16_1,2023,11,0,0
GBR.1.32.5.17_1,2023,11,0,0
GBR.1.32.5.18_1,2023,11,0,0
GBR.1.32.5.19_1,2023,11,0,0
GBR.1.32.5.2_1,2023,11,0,0
GBR.1.32.5.20_1,2023,11,0,0
GBR.1.32.5.21_1,2023,11,0,0
GBR.1.32.5.22_1,2023,11,0,0
GBR.1.32.5.23_1,2023,11,0,0
GBR.1.32.5.24_1,2023,11,0,0
GBR.1.32.5.25_1,2023,11,0,0
GBR.1.32.5.26_1,2023,11,0,0
GBR.1.32.5.27_1,2023,11,0,0
GBR.1.32.5.28_1,2023,11,0,0
GBR.1.32.5.29_1,2023,11,0,0
GBR.1.32.5.3_1,2023,11,0,0
GBR.1.32.5.30_1,2023,11,0,0
GBR.1.32.5.31_1,2023,11,0,0
GBR.1.32.5.32_1,2023,11,0,0
GBR.1.32.5.33_1,2023,11,0,0
GBR.1.32.5.34_1,2023,11,0,0
GBR.1.32.5.35_1,2023,11,0,0
GBR.1.32.5.36_1,2023,11,0,0
GBR.1.32.5.4_1,2023,11,0,0
GBR.1.32.5.5_1,2023,11,0,0
GBR.1.32.5.6_1,2023,11,0,0
GBR.1.32.5.7_1,2023,11,0,0
GBR.1.32.5.8_1,2023,11,0,0
GBR.1.32.5.9_1,2023,11,0,0
GBR.1.33.1.1_1,2023,11,0,0
GBR.1.33.1.10_1,2023,11,0,0
GBR.1.33.1.11_1,2023,11,0,0
GBR.1.33.1.12_1,2023,11,0,0
GBR.1.33.1.13_1,2023,11,0,0
GBR.1.33.1.14_1,2023,11,0,0
GBR.1.33.1.15_1,2023,11,0,0
GBR.1.33.1.2_1,2023,11,0,0
GBR.1.33.1.3_1,2023,11,0,0
GBR.1.33.1.4_1,2023,11,0,0
GBR.1.33.1.5_1,2023,11,0,0
GBR.1.33.1.6_1,2023,11,0,0
GBR.1.33.1.7_1,2023,11,0,0
GBR.1.33.1.8_1,2023,11,0,0
GBR.1.33.1.9_1,2023,11,0,0
GBR.1.33.10.10_1,2023,11,0,0
GBR.1.33.10.11_1,2023,11,0,0
GBR.1.33.10.12_1,2023,11,0,0
GBR.1.33.10.13_1,2023,11,0,0
GBR.1.33.10.14_1,2023,11,0,0
GBR.1.33.10.2_1,2023,11,0,0
GBR.1.33.10.3_1,2023,11,0,0
GBR.1.33.10.4_1,2023,11,0,0
GBR.1.33.10.5_1,2023,11,0,0
GBR.1.33.10.6_1,2023,11,0,0
GBR.1.33.10.7_1,2023,11,0,0
GBR.1.33.10.8_1,2023,11,0,0
GBR.1.33.10.9_1,2023,11,0,0
GBR.1.33.11.1_1,2023,11,0,0
GBR.1.33.11.10_1,2023,11,0,0
GBR.1.33.11.11_1,2023,11,0,0
GBR.1.33.11.12_1,2023,11,0,0
GBR.1.33.11.19_1,2023,11,0,0
GBR.1.33.11.21_1,2023,11,0,0
GBR.1.33.11.22_1,2023,11,0,0
GBR.1.33.11.23_1,2023,11,0,0
GBR.1.33.11.24_1,2023,11,0,0
GBR.1.33.11.26_1,2023,11,0,0
GBR.1.33.11.27_1,2023,11,0,0
GBR.1.33.11.3_1,2023,11,0,0
GBR.1.33.11.30_1,2023,11,0,0
GBR.1.33.11.31_1,2023,11,0,0
GBR.1.33.11.32_1,2023,11,0,0
GBR.1.33.11.34_1,2023,11,0,0
GBR.1.33.11.36_1,2023,11,0,0
GBR.1.33.11.4_1,2023,11,0,0
GBR.1.33.11.5_1,2023,11,0,0
GBR.1.33.11.6_1,2023,11,0,0
GBR.1.33.11.7_1,2023,11,0,0
GBR.1.33.11.8_1,2023,11,0,0
GBR.1.33.12.1_1,2023,11,0,0
GBR.1.33.12.10_1,2023,11,0,0
GBR.1.33.12.11_1,2023,11,0,0
GBR.1.33.12.12_1,2023,11,0,0
GBR.1.33.12.13_1,2023,11,0,0
GBR.1.33.12.14_1,2023,11,0,0
GBR.1.33.12.15_1,2023,11,0,0
GBR.1.33.12.16_1,2023,11,0,0
GBR.1.33.12.17_1,2023,11,0,0
GBR.1.33.12.18_1,2023,11,0,0
GBR.1.33.12.19_1,2023,11,0,0
GBR.1.33.12.2_1,2023,11,0,0
GBR.1.33.12.20_1,2023,11,0,0
GBR.1.33.12.21_1,2023,11,0,0
GBR.1.33.12.22_1,2023,11,0,0
GBR.1.33.12.3_1,2023,11,0,0
GBR.1.33.12.4_1,2023,11,0,0
GBR.1.33.12.5_1,2023,11,0,0
GBR.1.33.12.6_1,2023,11,0,0
GBR.1.33.12.7_1,2023,11,0,0
GBR.1.33.12.8_1,2023,11,0,0
GBR.1.33.12.9_1,2023,11,0,0
GBR.1.33.2.1_1,2023,11,0,0
GBR.1.33.2.10_1,2023,11,0,0
GBR.1.33.2.11_1,2023,11,0,0
GBR.1.33.2.12_1,2023,11,0,0
GBR.1.33.2.13_1,2023,11,0,0
GBR.1.33.2.14_1,2023,11,0,0
GBR.1.33.2.15_1,2023,11,0,0
GBR.1.33.2.16_1,2023,11,0,0
GBR.1.33.2.17_1,2023,11,0,0
GBR.1.33.2.18_1,2023,11,0,0
GBR.1.33.2.19_1,2023,11,0,0
GBR.1.33.2.2_1,2023,11,0,0
GBR.1.33.2.20_1,2023,11,0,0
GBR.1.33.2.21_1,2023,11,0,0
GBR.1.33.2.22_1,2023,11,0,0
GBR.1.33.2.23_1,2023,11,0,0
GBR.1.33.2.24_1,2023,11,0,0
GBR.1.33.2.25_1,2023,11,0,0
GBR.1.33.2.26_1,2023,11,0,0
GBR.1.33.2.3_1,2023,11,0,0
GBR.1.33.2.4_1,2023,11,0,0
GBR.1.33.2.5_1,2023,11,0,0
GBR.1.33.2.6_1,2023,11,0,0
GBR.1.33.2.7_1,2023,11,0,0
GBR.1.33.2.8_1,2023,11,0,0
GBR.1.33.2.9_1,2023,11,0,0
GBR.1.33.3.1_1,2023,11,0,0
GBR.1.33.3.10_1,2023,11,0,0
GBR.1.33.3.11_1,2023,11,0,0
GBR.1.33.3.12_1,2023,11,0,0
GBR.1.33.3.13_1,2023,11,0,0
GBR.1.33.3.14_1,2023,11,0,0
GBR.1.33.3.2_1,2023,11,0,0
GBR.1.33.3.3_1,2023,11,0,0
GBR.1.33.3.4_1,2023,11,0,0
GBR.1.33.3.5_1,2023,11,0,0
GBR.1.33.3.6_1,2023,11,0,0
GBR.1.33.3.7_1,2023,11,0,0
GBR.1.33.3.8_1,2023,11,0,0
GBR.1.33.3.9_1,2023,11,0,0
GBR.1.33.4.1_1,2023,11,0,0
GBR.1.33.4.10_1,2023,11,0,0
GBR.1.33.4.11_1,2023,11,0,0
GBR.1.33.4.12_1,2023,11,0,0
GBR.1.33.4.13_1,2023,11,0,0
GBR.1.33.4.14_1,2023,11,0,0
GBR.1.33.4.15_1,2023,11,0,0
GBR.1.33.4.16_1,2023,11,0,0
GBR.1.33.4.2_1,2023,11,0,0
GBR.1.33.4.7_1,2023,11,0,0
GBR.1.33.4.8_1,2023,11,0,0
GBR.1.33.4.9_1,2023,11,0,0
GBR.1.33.5.1_1,2023,11,0,0
GBR.1.33.5.10_1,2023,11,0,0
GBR.1.33.5.11_1,2023,11,0,0
GBR.1.33.5.12_1,2023,11,0,0
GBR.1.33.5.13_1,2023,11,0,0
GBR.1.33.5.14_1,2023,11,0,0
GBR.1.33.5.15_1,2023,11,0,0
GBR.1.33.5.16_1,2023,11,0,0
GBR.1.33.5.17_1,2023,11,0,0
GBR.1.33.5.18_1,2023,11,0,0
GBR.1.33.5.19_1,2023,11,0,0
GBR.1.33.5.2_1,2023,11,0,0
GBR.1.33.5.20_1,2023,11,0,0
GBR.1.33.5.21_1,2023,11,0,0
GBR.1.33.5.22_1,2023,11,0,0
GBR.1.33.5.23_1,2023,11,0,0
GBR.1.33.5.24_1,2023,11,0,0
GBR.1.33.5.3_1,2023,11,0,0
GBR.1.33.5.4_1,2023,11,0,0
GBR.1.33.5.5_1,2023,11,0,0
GBR.1.33.5.6_1,2023,11,0,0
GBR.1.33.5.7_1,2023,11,0,0
GBR.1.33.5.8_1,2023,11,0,0
GBR.1.33.5.9_1,2023,11,0,0
GBR.1.33.6.1_1,2023,11,0,0
GBR.1.33.6.10_1,2023,11,0,0
GBR.1.33.6.11_1,2023,11,0,0
GBR.1.33.6.12_1,2023,11,0,0
GBR.1.33.6.13_1,2023,11,0,0
GBR.1.33.6.14_1,2023,11,0,0
GBR.1.33.6.15_1,2023,11,0,0
GBR.1.33.6.2_1,2023,11,0,0
GBR.1.33.6.3_1,2023,11,0,0
GBR.1.33.6.4_1,2023,11,0,0
GBR.1.33.6.5_1,2023,11,0,0
GBR.1.33.6.6_1,2023,11,0,0
GBR.1.33.6.7_1,2023,11,0,0
GBR.1.33.6.8_1,2023,11,0,0
GBR.1.33.6.9_1,2023,11,0,0
GBR.1.33.7.1_1,2023,11,0,0
GBR.1.33.7.10_1,2023,11,0,0
GBR.1.33.7.11_1,2023,11,0,0
GBR.1.33.7.12_1,2023,11,0,0
GBR.1.33.7.13_1,2023,11,0,0
GBR.1.33.7.14_1,2023,11,0,0
GBR.1.33.7.15_1,2023,11,0,0
GBR.1.33.7.16_1,2023,11,0,0
GBR.1.33.7.17_1,2023,11,0,0
GBR.1.33.7.18_1,2023,11,0,0
GBR.1.33.7.19_1,2023,11,0,0
GBR.1.33.7.2_1,2023,11,0,0
GBR.1.33.7.20_1,2023,11,0,0
GBR.1.33.7.21_1,2023,11,0,0
GBR.1.33.7.22_1,2023,11,0,0
GBR.1.33.7.23_1,2023,11,0,0
GBR.1.33.7.24_1,2023,11,0,0
GBR.1.33.7.25_1,2023,11,0,0
GBR.1.33.7.26_1,2023,11,0,0
GBR.1.33.7.27_1,2023,11,0,0
GBR.1.33.7.28_1,2023,11,0,0
GBR.1.33.7.29_1,2023,11,0,0
GBR.1.33.7.3_1,2023,11,0,0
GBR.1.33.7.30_1,2023,11,0,0
GBR.1.33.7.31_1,2023,11,0,0
GBR.1.33.7.32_1,2023,11,0,0
GBR.1.33.7.33_1,2023,11,0,0
GBR.1.33.7.4_1,2023,11,0,0
GBR.1.33.7.5_1,2023,11,0,0
GBR.1.33.7.6_1,2023,11,0,0
GBR.1.33.7.7_1,2023,11,0,0
GBR.1.33.7.8_1,2023,11,0,0
GBR.1.33.7.9_1,2023,11,0,0
GBR.1.33.8.1_1,2023,11,0,0
GBR.1.33.8.10_1,2023,11,0,0
GBR.1.33.8.11_1,2023,11,0,0
GBR.1.33.8.2_1,2023,11,0,0
GBR.1.33.8.3_1,2023,11,0,0
GBR.1.33.8.4_1,2023,11,0,0
GBR.1.33.8.5_1,2023,11,0,0
GBR.1.33.8.6_1,2023,11,0,0
GBR.1.33.8.7_1,2023,11,0,0
GBR.1.33.8.8_1,2023,11,0,0
GBR.1.33.8.9_1,2023,11,0,0
GBR.1.33.9.1_1,2023,11,0,0
GBR.1.33.9.10_1,2023,11,0,0
GBR.1.33.9.11_1,2023,11,0,0
GBR.1.33.9.12_1,2023,11,0,0
GBR.1.33.9.13_1,2023,11,0,0
GBR.1.33.9.14_1,2023,11,0,0
GBR.1.33.9.15_1,2023,11,0,0
GBR.1.33.9.16_1,2023,11,0,0
GBR.1.33.9.17_1,2023,11,0,0
GBR.1.33.9.2_1,2023,11,0,0
GBR.1.33.9.3_1,2023,11,0,0
GBR.1.33.9.4_1,2023,11,0,0
GBR.1.33.9.5_1,2023,11,0,0
GBR.1.33.9.6_1,2023,11,0,0
GBR.1.33.9.7_1,2023,11,0,0
GBR.1.33.9.8_1,2023,11,0,0
GBR.1.33.9.9_1,2023,11,0,0
GBR.1.34.1.1_1,2023,11,0,0
GBR.1.34.1.10_1,2023,11,0,0
GBR.1.34.1.11_1,2023,11,0,0
GBR.1.34.1.12_1,2023,11,0,0
GBR.1.34.1.13_1,2023,11,0,0
GBR.1.34.1.14_1,2023,11,0,0
GBR.1.34.1.15_1,2023,11,0,0
GBR.1.34.1.16_1,2023,11,0,0
GBR.1.34.1.17_1,2023,11,0,0
GBR.1.34.1.18_1,2023,11,0,0
GBR.1.34.1.19_1,2023,11,0,0
GBR.1.34.1.2_1,2023,11,0,0
GBR.1.34.1.20_1,2023,11,0,0
GBR.1.34.1.3_1,2023,11,0,0
GBR.1.34.1.4_1,2023,11,0,0
GBR.1.34.1.5_1,2023,11,0,0
GBR.1.34.1.6_1,2023,11,0,0
GBR.1.34.1.7_1,2023,11,0,0
GBR.1.34.1.8_1,2023,11,0,0
GBR.1.34.1.9_1,2023,11,0,0
GBR.1.35.1.1_1,2023,11,0,0
GBR.1.35.1.10_1,2023,11,0,0
GBR.1.35.1.11_1,2023,11,0,0
GBR.1.35.1.12_1,2023,11,0,0
GBR.1.35.1.13_1,2023,11,0,0
GBR.1.35.1.14_1,2023,11,0,0
GBR.1.35.1.15_1,2023,11,0,0
GBR.1.35.1.16_1,2023,11,0,0
GBR.1.35.1.17_1,2023,11,0,0
GBR.1.35.1.18_1,2023,11,0,0
GBR.1.35.1.19_1,2023,11,0,0
GBR.1.35.1.2_1,2023,11,0,0
GBR.1.35.1.20_1,2023,11,0,0
GBR.1.35.1.3_1,2023,11,0,0
GBR.1.35.1.4_1,2023,11,0,0
GBR.1.35.1.5_1,2023,11,0,0
GBR.1.35.1.6_1,2023,11,0,0
GBR.1.35.1.7_1,2023,11,0,0
GBR.1.35.1.8_1,2023,11,0,0
GBR.1.35.1.9_1,2023,11,0,0
GBR.1.35.2.1_1,2023,11,0,0
GBR.1.35.2.10_1,2023,11,0,0
GBR.1.35.2.11_1,2023,11,0,0
GBR.1.35.2.12_1,2023,11,0,0
GBR.1.35.2.13_1,2023,11,0,0
GBR.1.35.2.14_1,2023,11,0,0
GBR.1.35.2.15_1,2023,11,0,0
GBR.1.35.2.16_1,2023,11,0,0
GBR.1.35.2.17_1,2023,11,0,0
GBR.1.35.2.18_1,2023,11,0,0
GBR.1.35.2.19_1,2023,11,0,0
GBR.1.35.2.2_1,2023,11,0,0
GBR.1.35.2.20_1,2023,11,0,0
GBR.1.35.2.21_1,2023,11,0,0
GBR.1.35.2.22_1,2023,11,0,0
GBR.1.35.2.23_1,2023,11,0,0
GBR.1.35.2.24_1,2023,11,0,0
GBR.1.35.2.25_1,2023,11,0,0
GBR.1.35.2.26_1,2023,11,0,0
GBR.1.35.2.27_1,2023,11,0,0
GBR.1.35.2.28_1,2023,11,0,0
GBR.1.35.2.29_1,2023,11,0,0
GBR.1.35.2.3_1,2023,11,0,0
GBR.1.35.2.30_1,2023,11,0,0
GBR.1.35.2.31_1,2023,11,0,0
GBR.1.35.2.32_1,2023,11,0,0
GBR.1.35.2.33_1,2023,11,0,0
GBR.1.35.2.4_1,2023,11,0,0
GBR.1.35.2.5_1,2023,11,0,0
GBR.1.35.2.6_1,2023,11,0,0
GBR.1.35.2.7_1,2023,11,0,0
GBR.1.35.2.8_1,2023,11,0,0
GBR.1.35.2.9_1,2023,11,0,0
GBR.1.35.3.1_1,2023,11,0,0
GBR.1.35.3.10_1,2023,11,0,0
GBR.1.35.3.11_1,2023,11,0,0
GBR.1.35.3.12_1,2023,11,0,0
GBR.1.35.3.13_1,2023,11,0,0
GBR.1.35.3.14_1,2023,11,0,0
GBR.1.35.3.15_1,2023,11,0,0
GBR.1.35.3.16_1,2023,11,0,0
GBR.1.35.3.17_1,2023,11,0,0
GBR.1.35.3.18_1,2023,11,0,0
GBR.1.35.3.19_1,2023,11,0,0
GBR.1.35.3.2_1,2023,11,0,0
GBR.1.35.3.20_1,2023,11,0,0
GBR.1.35.3.21_1,2023,11,0,0
GBR.1.35.3.22_1,2023,11,0,0
GBR.1.35.3.23_1,2023,11,0,0
GBR.1.35.3.24_1,2023,11,0,0
GBR.1.35.3.25_1,2023,11,0,0
GBR.1.35.3.26_1,2023,11,0,0
GBR.1.35.3.27_1,2023,11,0,0
GBR.1.35.3.28_1,2023,11,0,0
GBR.1.35.3.3_1,2023,11,0,0
GBR.1.35.3.4_1,2023,11,0,0
GBR.1.35.3.5_1,2023,11,0,0
GBR.1.35.3.6_1,2023,11,0,0
GBR.1.35.3.7_1,2023,11,0,0
GBR.1.35.3.8_1,2023,11,0,0
GBR.1.35.3.9_1,2023,11,0,0
GBR.1.35.4.1_1,2023,11,0,0
GBR.1.35.4.10_1,2023,11,0,0
GBR.1.35.4.2_1,2023,11,0,0
GBR.1.35.4.3_1,2023,11,0,0
GBR.1.35.4.4_1,2023,11,0,0
GBR.1.35.4.5_1,2023,11,0,0
GBR.1.35.4.6_1,2023,11,0,0
GBR.1.35.4.7_1,2023,11,0,0
GBR.1.35.4.8_1,2023,11,0,0
GBR.1.35.4.9_1,2023,11,0,0
GBR.1.35.5.1_1,2023,11,0,0
GBR.1.35.5.10_1,2023,11,0,0
GBR.1.35.5.11_1,2023,11,0,0
GBR.1.35.5.12_1,2023,11,0,0
GBR.1.35.5.13_1,2023,11,0,0
GBR.1.35.5.14_1,2023,11,0,0
GBR.1.35.5.15_1,2023,11,0,0
GBR.1.35.5.16_1,2023,11,0,0
GBR.1.35.5.17_1,2023,11,0,0
GBR.1.35.5.18_1,2023,11,0,0
GBR.1.35.5.19_1,2023,11,0,0
GBR.1.35.5.2_1,2023,11,0,0
GBR.1.35.5.20_1,2023,11,0,0
GBR.1.35.5.21_1,2023,11,0,0
GBR.1.35.5.22_1,2023,11,0,0
GBR.1.35.5.23_1,2023,11,0,0
GBR.1.35.5.24_1,2023,11,0,0
GBR.1.35.5.25_1,2023,11,0,0
GBR.1.35.5.26_1,2023,11,0,0
GBR.1.35.5.27_1,2023,11,0,0
GBR.1.35.5.28_1,2023,11,0,0
GBR.1.35.5.29_1,2023,11,0,0
GBR.1.35.5.3_1,2023,11,0,0
GBR.1.35.5.30_1,2023,11,0,0
GBR.1.35.5.31_1,2023,11,0,0
GBR.1.35.5.32_1,2023,11,0,0
GBR.1.35.5.33_1,2023,11,0,0
GBR.1.35.5.34_1,2023,11,0,0
GBR.1.35.5.4_1,2023,11,0,0
GBR.1.35.5.5_1,2023,11,0,0
GBR.1.35.5.6_1,2023,11,0,0
GBR.1.35.5.7_1,2023,11,0,0
GBR.1.35.5.8_1,2023,11,0,0
GBR.1.35.5.9_1,2023,11,0,0
GBR.1.35.6.1_1,2023,11,0,0
GBR.1.35.6.10_1,2023,11,0,0
GBR.1.35.6.11_1,2023,11,0,0
GBR.1.35.6.12_1,2023,11,0,0
GBR.1.35.6.13_1,2023,11,0,0
GBR.1.35.6.14_1,2023,11,0,0
GBR.1.35.6.15_1,2023,11,0,0
GBR.1.35.6.16_1,2023,11,0,0
GBR.1.35.6.17_1,2023,11,0,0
GBR.1.35.6.18_1,2023,11,0,0
GBR.1.35.6.19_1,2023,11,0,0
GBR.1.35.6.2_1,2023,11,0,0
GBR.1.35.6.20_1,2023,11,0,0
GBR.1.35.6.3_1,2023,11,0,0
GBR.1.35.6.4_1,2023,11,0,0
GBR.1.35.6.5_1,2023,11,0,0
GBR.1.35.6.6_1,2023,11,0,0
GBR.1.35.6.7_1,2023,11,0,0
GBR.1.35.6.8_1,2023,11,0,0
GBR.1.35.6.9_1,2023,11,0,0
GBR.1.36.1.1_1,2023,11,0,0
GBR.1.36.1.10_1,2023,11,0,0
GBR.1.36.1.11_1,2023,11,0,0
GBR.1.36.1.12_1,2023,11,0,0
GBR.1.36.1.13_1,2023,11,0,0
GBR.1.36.1.14_1,2023,11,0,0
GBR.1.36.1.15_1,2023,11,0,0
GBR.1.36.1.16_1,2023,11,0,0
GBR.1.36.1.17_1,2023,11,0,0
GBR.1.36.1.2_1,2023,11,0,0
GBR.1.36.1.3_1,2023,11,0,0
GBR.1.36.1.4_1,2023,11,0,0
GBR.1.36.1.5_1,2023,11,0,0
GBR.1.36.1.6_1,2023,11,0,0
GBR.1.36.1.7_1,2023,11,0,0
GBR.1.36.1.8_1,2023,11,0,0
GBR.1.36.1.9_1,2023,11,0,0
GBR.1.36.10.1_1,2023,11,0,0
GBR.1.36.10.10_1,2023,11,0,0
GBR.1.36.10.11_1,2023,11,0,0
GBR.1.36.10.12_1,2023,11,0,0
GBR.1.36.10.13_1,2023,11,0,0
GBR.1.36.10.14_1,2023,11,0,0
GBR.1.36.10.15_1,2023,11,0,0
GBR.1.36.10.16_1,2023,11,0,0
GBR.1.36.10.17_1,2023,11,0,0
GBR.1.36.10.2_1,2023,11,0,0
GBR.1.36.10.3_1,2023,11,0,0
GBR.1.36.10.4_1,2023,11,0,0
GBR.1.36.10.5_1,2023,11,0,0
GBR.1.36.10.6_1,2023,11,0,0
GBR.1.36.10.7_1,2023,11,0,0
GBR.1.36.10.8_1,2023,11,0,0
GBR.1.36.10.9_1,2023,11,0,0
GBR.1.36.11.1_1,2023,11,0,0
GBR.1.36.11.10_1,2023,11,0,0
GBR.1.36.11.11_1,2023,11,0,0
GBR.1.36.11.12_1,2023,11,0,0
GBR.1.36.11.13_1,2023,11,0,0
GBR.1.36.11.14_1,2023,11,0,0
GBR.1.36.11.15_1,2023,11,0,0
GBR.1.36.11.16_1,2023,11,0,0
GBR.1.36.11.17_1,2023,11,0,0
GBR.1.36.11.18_1,2023,11,0,0
GBR.1.36.11.19_1,2023,11,0,0
GBR.1.36.11.2_1,2023,11,0,0
GBR.1.36.11.20_1,2023,11,0,0
GBR.1.36.11.21_1,2023,11,0,0
GBR.1.36.11.3_1,2023,11,0,0
GBR.1.36.11.4_1,2023,11,0,0
GBR.1.36.11.5_1,2023,11,0,0
GBR.1.36.11.6_1,2023,11,0,0
GBR.1.36.11.7_1,2023,11,0,0
GBR.1.36.11.8_1,2023,11,0,0
GBR.1.36.11.9_1,2023,11,0,0
GBR.1.36.12.1_1,2023,11,0,0
GBR.1.36.12.10_1,2023,11,0,0
GBR.1.36.12.11_1,2023,11,0,0
GBR.1.36.12.12_1,2023,11,0,0
GBR.1.36.12.13_1,2023,11,0,0
GBR.1.36.12.14_1,2023,11,0,0
GBR.1.36.12.15_1,2023,11,0,0
GBR.1.36.12.16_1,2023,11,0,0
GBR.1.36.12.2_1,2023,11,0,0
GBR.1.36.12.3_1,2023,11,0,0
GBR.1.36.12.4_1,2023,11,0,0
GBR.1.36.12.5_1,2023,11,0,0
GBR.1.36.12.6_1,2023,11,0,0
GBR.1.36.12.7_1,2023,11,0,0
GBR.1.36.12.8_1,2023,11,0,0
GBR.1.36.12.9_1,2023,11,0,0
GBR.1.36.13.1_1,2023,11,0,0
GBR.1.36.13.10_1,2023,11,0,0
GBR.1.36.13.11_1,2023,11,0,0
GBR.1.36.13.12_1,2023,11,0,0
GBR.1.36.13.13_1,2023,11,0,0
GBR.1.36.13.14_1,2023,11,0,0
GBR.1.36.13.15_1,2023,11,0,0
GBR.1.36.13.16_1,2023,11,0,0
GBR.1.36.13.17_1,2023,11,0,0
GBR.1.36.13.18_1,2023,11,0,0
GBR.1.36.13.19_1,2023,11,0,0
GBR.1.36.13.2_1,2023,11,0,0
GBR.1.36.13.3_1,2023,11,0,0
GBR.1.36.13.4_1,2023,11,0,0
GBR.1.36.13.5_1,2023,11,0,0
GBR.1.36.13.6_1,2023,11,0,0
GBR.1.36.13.7_1,2023,11,0,0
GBR.1.36.13.8_1,2023,11,0,0
GBR.1.36.13.9_1,2023,11,0,0
GBR.1.36.14.1_1,2023,11,0,0
GBR.1.36.14.10_1,2023,11,0,0
GBR.1.36.14.11_1,2023,11,0,0
GBR.1.36.14.12_1,2023,11,0,0
GBR.1.36.14.13_1,2023,11,0,0
GBR.1.36.14.14_1,2023,11,0,0
GBR.1.36.14.15_1,2023,11,0,0
GBR.1.36.14.16_1,2023,11,0,0
GBR.1.36.14.17_1,2023,11,0,0
GBR.1.36.14.18_1,2023,11,0,0
GBR.1.36.14.19_1,2023,11,0,0
GBR.1.36.14.2_1,2023,11,0,0
GBR.1.36.14.20_1,2023,11,0,0
GBR.1.36.14.21_1,2023,11,0,0
GBR.1.36.14.3_1,2023,11,0,0
GBR.1.36.14.4_1,2023,11,0,0
GBR.1.36.14.5_1,2023,11,0,0
GBR.1.36.14.6_1,2023,11,0,0
GBR.1.36.14.7_1,2023,11,0,0
GBR.1.36.14.8_1,2023,11,0,0
GBR.1.36.14.9_1,2023,11,0,0
GBR.1.36.15.1_1,2023,11,0,0
GBR.1.36.15.10_1,2023,11,0,0
GBR.1.36.15.11_1,2023,11,0,0
GBR.1.36.15.12_1,2023,11,0,0
GBR.1.36.15.13_1,2023,11,0,0
GBR.1.36.15.14_1,2023,11,0,0
GBR.1.36.15.15_1,2023,11,0,0
GBR.1.36.15.16_1,2023,11,0,0
GBR.1.36.15.17_1,2023,11,0,0
GBR.1.36.15.18_1,2023,11,0,0
GBR.1.36.15.2_1,2023,11,0,0
GBR.1.36.15.3_1,2023,11,0,0
GBR.1.36.15.4_1,2023,11,0,0
GBR.1.36.15.5_1,2023,11,0,0
GBR.1.36.15.6_1,2023,11,0,0
GBR.1.36.15.7_1,2023,11,0,0
GBR.1.36.15.8_1,2023,11,0,0
GBR.1.36.15.9_1,2023,11,0,0
GBR.1.36.16.1_1,2023,11,0,0
GBR.1.36.16.10_1,2023,11,0,0
GBR.1.36.16.11_1,2023,11,0,0
GBR.1.36.16.12_1,2023,11,0,0
GBR.1.36.16.13_1,2023,11,0,0
GBR.1.36.16.14_1,2023,11,0,0
GBR.1.36.16.15_1,2023,11,0,0
GBR.1.36.16.16_1,2023,11,0,0
GBR.1.36.16.17_1,2023,11,0,0
GBR.1.36.16.18_1,2023,11,0,0
GBR.1.36.16.19_1,2023,11,0,0
GBR.1.36.16.2_1,2023,11,0,0
GBR.1.36.16.20_1,2023,11,0,0
GBR.1.36.16.21_1,2023,11,0,0
GBR.1.36.16.22_1,2023,11,0,0
GBR.1.36.16.3_1,2023,11,0,0
GBR.1.36.16.4_1,2023,11,0,0
GBR.1.36.16.5_1,2023,11,0,0
GBR.1.36.16.6_1,2023,11,0,0
GBR.1.36.16.7_1,2023,11,0,0
GBR.1.36.16.8_1,2023,11,0,0
GBR.1.36.16.9_1,2023,11,0,0
GBR.1.36.17.1_1,2023,11,0,0
GBR.1.36.17.10_1,2023,11,0,0
GBR.1.36.17.11_1,2023,11,0,0
GBR.1.36.17.12_1,2023,11,0,0
GBR.1.36.17.13_1,2023,11,0,0
GBR.1.36.17.14_1,2023,11,0,0
GBR.1.36.17.15_1,2023,11,0,0
GBR.1.36.17.16_1,2023,11,0,0
GBR.1.36.17.17_1,2023,11,0,0
GBR.1.36.17.18_1,2023,11,0,0
GBR.1.36.17.19_1,2023,11,0,0
GBR.1.36.17.2_1,2023,11,0,0
GBR.1.36.17.20_1,2023,11,0,0
GBR.1.36.17.3_1,2023,11,0,0
GBR.1.36.17.4_1,2023,11,0,0
GBR.1.36.17.5_1,2023,11,0,0
GBR.1.36.17.6_1,2023,11,0,0
GBR.1.36.17.7_1,2023,11,0,0
GBR.1.36.17.8_1,2023,11,0,0
GBR.1.36.17.9_1,2023,11,0,0
GBR.1.36.18.1_1,2023,11,0,0
GBR.1.36.18.10_1,2023,11,0,0
GBR.1.36.18.11_1,2023,11,0,0
GBR.1.36.18.12_1,2023,11,0,0
GBR.1.36.18.13_1,2023,11,0,0
GBR.1.36.18.14_1,2023,11,0,0
GBR.1.36.18.15_1,2023,11,0,0
GBR.1.36.18.16_1,2023,11,0,0
GBR.1.36.18.17_1,2023,11,0,0
GBR.1.36.18.2_1,2023,11,0,0
GBR.1.36.18.3_1,2023,11,0,0
GBR.1.36.18.4_1,2023,11,0,0
GBR.1.36.18.5_1,2023,11,0,0
GBR.1.36.18.6_1,2023,11,0,0
GBR.1.36.18.7_1,2023,11,0,0
GBR.1.36.18.8_1,2023,11,0,0
GBR.1.36.18.9_1,2023,11,0,0
GBR.1.36.19.1_1,2023,11,0,0
GBR.1.36.19.10_1,2023,11,0,0
GBR.1.36.19.11_1,2023,11,0,0
GBR.1.36.19.12_1,2023,11,0,0
GBR.1.36.19.13_1,2023,11,0,0
GBR.1.36.19.14_1,2023,11,0,0
GBR.1.36.19.15_1,2023,11,0,0
GBR.1.36.19.16_1,2023,11,0,0
GBR.1.36.19.17_1,2023,11,0,0
GBR.1.36.19.2_1,2023,11,0,0
GBR.1.36.19.3_1,2023,11,0,0
GBR.1.36.19.4_1,2023,11,0,0
GBR.1.36.19.5_1,2023,11,0,0
GBR.1.36.19.6_1,2023,11,0,0
GBR.1.36.19.7_1,2023,11,0,0
GBR.1.36.19.8_1,2023,11,0,0
GBR.1.36.19.9_1,2023,11,0,0
GBR.1.36.2.1_1,2023,11,0,0
GBR.1.36.2.10_1,2023,11,0,0
GBR.1.36.2.11_1,2023,11,0,0
GBR.1.36.2.12_1,2023,11,0,0
GBR.1.36.2.13_1,2023,11,0,0
GBR.1.36.2.14_1,2023,11,0,0
GBR.1.36.2.15_1,2023,11,0,0
GBR.1.36.2.16_1,2023,11,0,0
GBR.1.36.2.17_1,2023,11,0,0
GBR.1.36.2.18_1,2023,11,0,0
GBR.1.36.2.19_1,2023,11,0,0
GBR.1.36.2.2_1,2023,11,0,0
GBR.1.36.2.20_1,2023,11,0,0
GBR.1.36.2.21_1,2023,11,0,0
GBR.1.36.2.3_1,2023,11,0,0
GBR.1.36.2.4_1,2023,11,0,0
GBR.1.36.2.5_1,2023,11,0,0
GBR.1.36.2.6_1,2023,11,0,0
GBR.1.36.2.7_1,2023,11,0,0
GBR.1.36.2.8_1,2023,11,0,0
GBR.1.36.2.9_1,2023,11,0,0
GBR.1.36.20.1_1,2023,11,0,0
GBR.1.36.20.10_1,2023,11,0,0
GBR.1.36.20.11_1,2023,11,0,0
GBR.1.36.20.12_1,2023,11,0,0
GBR.1.36.20.13_1,2023,11,0,0
GBR.1.36.20.14_1,2023,11,0,0
GBR.1.36.20.15_1,2023,11,0,0
GBR.1.36.20.16_1,2023,11,0,0
GBR.1.36.20.17_1,2023,11,0,0
GBR.1.36.20.2_1,2023,11,0,0
GBR.1.36.20.3_1,2023,11,0,0
GBR.1.36.20.4_1,2023,11,0,0
GBR.1.36.20.5_1,2023,11,0,0
GBR.1.36.20.6_1,2023,11,0,0
GBR.1.36.20.7_1,2023,11,0,0
GBR.1.36.20.8_1,2023,11,0,0
GBR.1.36.20.9_1,2023,11,0,0
GBR.1.36.21.1_1,2023,11,0,0
GBR.1.36.21.10_1,2023,11,0,0
GBR.1.36.21.11_1,2023,11,0,0
GBR.1.36.21.12_1,2023,11,0,0
GBR.1.36.21.13_1,2023,11,0,0
GBR.1.36.21.14_1,2023,11,0,0
GBR.1.36.21.15_1,2023,11,0,0
GBR.1.36.21.16_1,2023,11,0,0
GBR.1.36.21.17_1,2023,11,0,0
GBR.1.36.21.18_1,2023,11,0,0
GBR.1.36.21.19_1,2023,11,0,0
GBR.1.36.21.2_1,2023,11,0,0
GBR.1.36.21.20_1,2023,11,0,0
GBR.1.36.21.21_1,2023,11,0,0
GBR.1.36.21.3_1,2023,11,0,0
GBR.1.36.21.4_1,2023,11,0,0
GBR.1.36.21.5_1,2023,11,0,0
GBR.1.36.21.6_1,2023,11,0,0
GBR.1.36.21.7_1,2023,11,0,0
GBR.1.36.21.8_1,2023,11,0,0
GBR.1.36.21.9_1,2023,11,0,0
GBR.1.36.22.1_1,2023,11,0,0
GBR.1.36.22.10_1,2023,11,0,0
GBR.1.36.22.11_1,2023,11,0,0
GBR.1.36.22.12_1,2023,11,0,0
GBR.1.36.22.13_1,2023,11,0,0
GBR.1.36.22.14_1,2023,11,0,0
GBR.1.36.22.15_1,2023,11,0,0
GBR.1.36.22.16_1,2023,11,0,0
GBR.1.36.22.17_1,2023,11,0,0
GBR.1.36.22.2_1,2023,11,0,0
GBR.1.36.22.3_1,2023,11,0,0
GBR.1.36.22.4_1,2023,11,0,0
GBR.1.36.22.5_1,2023,11,0,0
GBR.1.36.22.6_1,2023,11,0,0
GBR.1.36.22.7_1,2023,11,0,0
GBR.1.36.22.8_1,2023,11,0,0
GBR.1.36.22.9_1,2023,11,0,0
GBR.1.36.23_1,2023,11,0,0
GBR.1.36.23.1_1,2023,11,0,0
GBR.1.36.23.10_1,2023,11,0,0
GBR.1.36.23.11_1,2023,11,0,0
GBR.1.36.23.12_1,2023,11,0,0
GBR.1.36.23.13_1,2023,11,0,0
GBR.1.36.23.14_1,2023,11,0,0
GBR.1.36.23.15_1,2023,11,0,0
GBR.1.36.23.16_1,2023,11,0,0
GBR.1.36.23.17_1,2023,11,0,0
GBR.1.36.23.18_1,2023,11,0,0
GBR.1.36.23.19_1,2023,11,0,0
GBR.1.36.23.2_1,2023,11,0,0
GBR.1.36.23.20_1,2023,11,0,0
GBR.1.36.23.21_1,2023,11,0,0
GBR.1.36.23.22_1,2023,11,0,0
GBR.1.36.23.3_1,2023,11,0,0
GBR.1.36.23.4_1,2023,11,0,0
GBR.1.36.23.5_1,2023,11,0,0
GBR.1.36.23.6_1,2023,11,0,0
GBR.1.36.23.7_1,2023,11,0,0
GBR.1.36.23.8_1,2023,11,0,0
GBR.1.36.23.9_1,2023,11,0,0
GBR.1.36.24.1_1,2023,11,0,0
GBR.1.36.24.10_1,2023,11,0,0
GBR.1.36.24.11_1,2023,11,0,0
GBR.1.36.24.12_1,2023,11,0,0
GBR.1.36.24.13_1,2023,11,0,0
GBR.1.36.24.14_1,2023,11,0,0
GBR.1.36.24.15_1,2023,11,0,0
GBR.1.36.24.16_1,2023,11,0,0
GBR.1.36.24.17_1,2023,11,0,0
GBR.1.36.24.18_1,2023,11,0,0
GBR.1.36.24.19_1,2023,11,0,0
GBR.1.36.24.2_1,2023,11,0,0
GBR.1.36.24.20_1,2023,11,0,0
GBR.1.36.24.3_1,2023,11,0,0
GBR.1.36.24.4_1,2023,11,0,0
GBR.1.36.24.5_1,2023,11,0,0
GBR.1.36.24.6_1,2023,11,0,0
GBR.1.36.24.7_1,2023,11,0,0
GBR.1.36.24.8_1,2023,11,0,0
GBR.1.36.24.9_1,2023,11,0,0
GBR.1.36.25.1_1,2023,11,0,0
GBR.1.36.25.10_1,2023,11,0,0
GBR.1.36.25.11_1,2023,11,0,0
GBR.1.36.25.12_1,2023,11,0,0
GBR.1.36.25.13_1,2023,11,0,0
GBR.1.36.25.14_1,2023,11,0,0
GBR.1.36.25.15_1,2023,11,0,0
GBR.1.36.25.16_1,2023,11,0,0
GBR.1.36.25.17_1,2023,11,0,0
GBR.1.36.25.18_1,2023,11,0,0
GBR.1.36.25.19_1,2023,11,0,0
GBR.1.36.25.2_1,2023,11,0,0
GBR.1.36.25.20_1,2023,11,0,0
GBR.1.36.25.3_1,2023,11,0,0
GBR.1.36.25.4_1,2023,11,0,0
GBR.1.36.25.5_1,2023,11,0,0
GBR.1.36.25.6_1,2023,11,0,0
GBR.1.36.25.7_1,2023,11,0,0
GBR.1.36.25.8_1,2023,11,0,0
GBR.1.36.25.9_1,2023,11,0,0
GBR.1.36.26.1_1,2023,11,0,0
GBR.1.36.26.10_1,2023,11,0,0
GBR.1.36.26.11_1,2023,11,0,0
GBR.1.36.26.12_1,2023,11,0,0
GBR.1.36.26.13_1,2023,11,0,0
GBR.1.36.26.14_1,2023,11,0,0
GBR.1.36.26.15_1,2023,11,0,0
GBR.1.36.26.16_1,2023,11,0,0
GBR.1.36.26.17_1,2023,11,0,0
GBR.1.36.26.18_1,2023,11,0,0
GBR.1.36.26.19_1,2023,11,0,0
GBR.1.36.26.2_1,2023,11,0,0
GBR.1.36.26.20_1,2023,11,0,0
GBR.1.36.26.21_1,2023,11,0,0
GBR.1.36.26.22_1,2023,11,0,0
GBR.1.36.26.3_1,2023,11,0,0
GBR.1.36.26.4_1,2023,11,0,0
GBR.1.36.26.5_1,2023,11,0,0
GBR.1.36.26.6_1,2023,11,0,0
GBR.1.36.26.7_1,2023,11,0,0
GBR.1.36.26.8_1,2023,11,0,0
GBR.1.36.26.9_1,2023,11,0,0
GBR.1.36.27.1_1,2023,11,0,0
GBR.1.36.27.10_1,2023,11,0,0
GBR.1.36.27.11_1,2023,11,0,0
GBR.1.36.27.12_1,2023,11,0,0
GBR.1.36.27.13_1,2023,11,0,0
GBR.1.36.27.14_1,2023,11,0,0
GBR.1.36.27.15_1,2023,11,0,0
GBR.1.36.27.16_1,2023,11,0,0
GBR.1.36.27.17_1,2023,11,0,0
GBR.1.36.27.18_1,2023,11,0,0
GBR.1.36.27.2_1,2023,11,0,0
GBR.1.36.27.3_1,2023,11,0,0
GBR.1.36.27.4_1,2023,11,0,0
GBR.1.36.27.5_1,2023,11,0,0
GBR.1.36.27.6_1,2023,11,0,0
GBR.1.36.27.7_1,2023,11,0,0
GBR.1.36.27.8_1,2023,11,0,0
GBR.1.36.27.9_1,2023,11,0,0
GBR.1.36.28.1_1,2023,11,0,0
GBR.1.36.28.10_1,2023,11,0,0
GBR.1.36.28.11_1,2023,11,0,0
GBR.1.36.28.12_1,2023,11,0,0
GBR.1.36.28.13_1,2023,11,0,0
GBR.1.36.28.14_1,2023,11,0,0
GBR.1.36.28.15_1,2023,11,0,0
GBR.1.36.28.16_1,2023,11,0,0
GBR.1.36.28.17_1,2023,11,0,0
GBR.1.36.28.18_1,2023,11,0,0
GBR.1.36.28.19_1,2023,11,0,0
GBR.1.36.28.2_1,2023,11,0,0
GBR.1.36.28.20_1,2023,11,0,0
GBR.1.36.28.21_1,2023,11,0,0
GBR.1.36.28.22_1,2023,11,0,0
GBR.1.36.28.23_1,2023,11,0,0
GBR.1.36.28.24_1,2023,11,0,0
GBR.1.36.28.3_1,2023,11,0,0
GBR.1.36.28.4_1,2023,11,0,0
GBR.1.36.28.5_1,2023,11,0,0
GBR.1.36.28.6_1,2023,11,0,0
GBR.1.36.28.7_1,2023,11,0,0
GBR.1.36.28.8_1,2023,11,0,0
GBR.1.36.28.9_1,2023,11,0,0
GBR.1.36.29.1_1,2023,11,0,0
GBR.1.36.29.10_1,2023,11,0,0
GBR.1.36.29.11_1,2023,11,0,0
GBR.1.36.29.12_1,2023,11,0,0
GBR.1.36.29.13_1,2023,11,0,0
GBR.1.36.29.14_1,2023,11,0,0
GBR.1.36.29.15_1,2023,11,0,0
GBR.1.36.29.16_1,2023,11,0,0
GBR.1.36.29.17_1,2023,11,0,0
GBR.1.36.29.18_1,2023,11,0,0
GBR.1.36.29.2_1,2023,11,0,0
GBR.1.36.29.3_1,2023,11,0,0
GBR.1.36.29.4_1,2023,11,0,0
GBR.1.36.29.5_1,2023,11,0,0
GBR.1.36.29.6_1,2023,11,0,0
GBR.1.36.29.7_1,2023,11,0,0
GBR.1.36.29.8_1,2023,11,0,0
GBR.1.36.29.9_1,2023,11,0,0
GBR.1.36.3.1_1,2023,11,0,0
GBR.1.36.3.10_1,2023,11,0,0
GBR.1.36.3.11_1,2023,11,0,0
GBR.1.36.3.12_1,2023,11,0,0
GBR.1.36.3.13_1,2023,11,0,0
GBR.1.36.3.14_1,2023,11,0,0
GBR.1.36.3.15_1,2023,11,0,0
GBR.1.36.3.16_1,2023,11,0,0
GBR.1.36.3.17_1,2023,11,0,0
GBR.1.36.3.2_1,2023,11,0,0
GBR.1.36.3.3_1,2023,11,0,0
GBR.1.36.3.4_1,2023,11,0,0
GBR.1.36.3.5_1,2023,11,0,0
GBR.1.36.3.6_1,2023,11,0,0
GBR.1.36.3.7_1,2023,11,0,0
GBR.1.36.3.8_1,2023,11,0,0
GBR.1.36.3.9_1,2023,11,0,0
GBR.1.36.30.1_1,2023,11,0,0
GBR.1.36.30.10_1,2023,11,0,0
GBR.1.36.30.11_1,2023,11,0,0
GBR.1.36.30.12_1,2023,11,0,0
GBR.1.36.30.13_1,2023,11,0,0
GBR.1.36.30.14_1,2023,11,0,0
GBR.1.36.30.15_1,2023,11,0,0
GBR.1.36.30.16_1,2023,11,0,0
GBR.1.36.30.17_1,2023,11,0,0
GBR.1.36.30.18_1,2023,11,0,0
GBR.1.36.30.19_1,2023,11,0,0
GBR.1.36.30.2_1,2023,11,0,0
GBR.1.36.30.20_1,2023,11,0,0
GBR.1.36.30.21_1,2023,11,0,0
GBR.1.36.30.22_1,2023,11,0,0
GBR.1.36.30.3_1,2023,11,0,0
GBR.1.36.30.4_1,2023,11,0,0
GBR.1.36.30.5_1,2023,11,0,0
GBR.1.36.30.6_1,2023,11,0,0
GBR.1.36.30.7_1,2023,11,0,0
GBR.1.36.30.8_1,2023,11,0,0
GBR.1.36.30.9_1,2023,11,0,0
GBR.1.36.31.1_1,2023,11,0,0
GBR.1.36.31.10_1,2023,11,0,0
GBR.1.36.31.11_1,2023,11,0,0
GBR.1.36.31.12_1,2023,11,0,0
GBR.1.36.31.13_1,2023,11,0,0
GBR.1.36.31.14_1,2023,11,0,0
GBR.1.36.31.15_1,2023,11,0,0
GBR.1.36.31.16_1,2023,11,0,0
GBR.1.36.31.17_1,2023,11,0,0
GBR.1.36.31.18_1,2023,11,0,0
GBR.1.36.31.19_1,2023,11,0,0
GBR.1.36.31.2_1,2023,11,0,0
GBR.1.36.31.20_1,2023,11,0,0
GBR.1.36.31.3_1,2023,11,0,0
GBR.1.36.31.4_1,2023,11,0,0
GBR.1.36.31.5_1,2023,11,0,0
GBR.1.36.31.6_1,2023,11,0,0
GBR.1.36.31.7_1,2023,11,0,0
GBR.1.36.31.8_1,2023,11,0,0
GBR.1.36.31.9_1,2023,11,0,0
GBR.1.36.32.1_1,2023,11,0,0
GBR.1.36.32.10_1,2023,11,0,0
GBR.1.36.32.11_1,2023,11,0,0
GBR.1.36.32.12_1,2023,11,0,0
GBR.1.36.32.13_1,2023,11,0,0
GBR.1.36.32.14_1,2023,11,0,0
GBR.1.36.32.15_1,2023,11,0,0
GBR.1.36.32.16_1,2023,11,0,0
GBR.1.36.32.17_1,2023,11,0,0
GBR.1.36.32.18_1,2023,11,0,0
GBR.1.36.32.19_1,2023,11,0,0
GBR.1.36.32.2_1,2023,11,0,0
GBR.1.36.32.20_1,2023,11,0,0
GBR.1.36.32.3_1,2023,11,0,0
GBR.1.36.32.4_1,2023,11,0,0
GBR.1.36.32.5_1,2023,11,0,0
GBR.1.36.32.6_1,2023,11,0,0
GBR.1.36.32.7_1,2023,11,0,0
GBR.1.36.32.8_1,2023,11,0,0
GBR.1.36.32.9_1,2023,11,0,0
GBR.1.36.33.1_1,2023,11,0,0
GBR.1.36.33.10_1,2023,11,0,0
GBR.1.36.33.11_1,2023,11,0,0
GBR.1.36.33.12_1,2023,11,0,0
GBR.1.36.33.13_1,2023,11,0,0
GBR.1.36.33.14_1,2023,11,0,0
GBR.1.36.33.15_1,2023,11,0,0
GBR.1.36.33.17_1,2023,11,0,0
GBR.1.36.33.18_1,2023,11,0,0
GBR.1.36.33.19_1,2023,11,0,0
GBR.1.36.33.2_1,2023,11,0,0
GBR.1.36.33.20_1,2023,11,0,0
GBR.1.36.33.3_1,2023,11,0,0
GBR.1.36.33.4_1,2023,11,0,0
GBR.1.36.33.5_1,2023,11,0,0
GBR.1.36.33.6_1,2023,11,0,0
GBR.1.36.33.7_1,2023,11,0,0
GBR.1.36.33.8_1,2023,11,0,0
GBR.1.36.33.9_1,2023,11,0,0
GBR.1.36.4.1_1,2023,11,0,0
GBR.1.36.4.10_1,2023,11,0,0
GBR.1.36.4.11_1,2023,11,0,0
GBR.1.36.4.12_1,2023,11,0,0
GBR.1.36.4.13_1,2023,11,0,0
GBR.1.36.4.14_1,2023,11,0,0
GBR.1.36.4.15_1,2023,11,0,0
GBR.1.36.4.16_1,2023,11,0,0
GBR.1.36.4.17_1,2023,11,0,0
GBR.1.36.4.18_1,2023,11,0,0
GBR.1.36.4.19_1,2023,11,0,0
GBR.1.36.4.2_1,2023,11,0,0
GBR.1.36.4.20_1,2023,11,0,0
GBR.1.36.4.21_1,2023,11,0,0
GBR.1.36.4.3_1,2023,11,0,0
GBR.1.36.4.4_1,2023,11,0,0
GBR.1.36.4.5_1,2023,11,0,0
GBR.1.36.4.6_1,2023,11,0,0
GBR.1.36.4.7_1,2023,11,0,0
GBR.1.36.4.8_1,2023,11,0,0
GBR.1.36.4.9_1,2023,11,0,0
GBR.1.36.5.1_1,2023,11,0,0
GBR.1.36.5.10_1,2023,11,0,0
GBR.1.36.5.11_1,2023,11,0,0
GBR.1.36.5.12_1,2023,11,0,0
GBR.1.36.5.13_1,2023,11,0,0
GBR.1.36.5.14_1,2023,11,0,0
GBR.1.36.5.15_1,2023,11,0,0
GBR.1.36.5.16_1,2023,11,0,0
GBR.1.36.5.17_1,2023,11,0,0
GBR.1.36.5.18_1,2023,11,0,0
GBR.1.36.5.19_1,2023,11,0,0
GBR.1.36.5.2_1,2023,11,0,0
GBR.1.36.5.20_1,2023,11,0,0
GBR.1.36.5.21_1,2023,11,0,0
GBR.1.36.5.22_1,2023,11,0,0
GBR.1.36.5.23_1,2023,11,0,0
GBR.1.36.5.3_1,2023,11,0,0
GBR.1.36.5.4_1,2023,11,0,0
GBR.1.36.5.5_1,2023,11,0,0
GBR.1.36.5.6_1,2023,11,0,0
GBR.1.36.5.7_1,2023,11,0,0
GBR.1.36.5.8_1,2023,11,0,0
GBR.1.36.5.9_1,2023,11,0,0
GBR.1.36.6.1_1,2023,11,0,0
GBR.1.36.6.10_1,2023,11,0,0
GBR.1.36.6.11_1,2023,11,0,0
GBR.1.36.6.12_1,2023,11,0,0
GBR.1.36.6.13_1,2023,11,0,0
GBR.1.36.6.14_1,2023,11,0,0
GBR.1.36.6.15_1,2023,11,0,0
GBR.1.36.6.16_1,2023,11,0,0
GBR.1.36.6.17_1,2023,11,0,0
GBR.1.36.6.18_1,2023,11,0,0
GBR.1.36.6.19_1,2023,11,0,0
GBR.1.36.6.2_1,2023,11,0,0
GBR.1.36.6.3_1,2023,11,0,0
GBR.1.36.6.4_1,2023,11,0,0
GBR.1.36.6.5_1,2023,11,0,0
GBR.1.36.6.6_1,2023,11,0,0
GBR.1.36.6.7_1,2023,11,0,0
GBR.1.36.6.8_1,2023,11,0,0
GBR.1.36.6.9_1,2023,11,0,0
GBR.1.36.7.1_1,2023,11,0,0
GBR.1.36.7.10_1,2023,11,0,0
GBR.1.36.7.11_1,2023,11,0,0
GBR.1.36.7.12_1,2023,11,0,0
GBR.1.36.7.13_1,2023,11,0,0
GBR.1.36.7.14_1,2023,11,0,0
GBR.1.36.7.15_1,2023,11,0,0
GBR.1.36.7.16_1,2023,11,0,0
GBR.1.36.7.17_1,2023,11,0,0
GBR.1.36.7.18_1,2023,11,0,0
GBR.1.36.7.19_1,2023,11,0,0
GBR.1.36.7.2_1,2023,11,0,0
GBR.1.36.7.20_1,2023,11,0,0
GBR.1.36.7.21_1,2023,11,0,0
GBR.1.36.7.22_1,2023,11,0,0
GBR.1.36.7.23_1,2023,11,0,0
GBR.1.36.7.24_1,2023,11,0,0
GBR.1.36.7.25_1,2023,11,0,0
GBR.1.36.7.26_1,2023,11,0,0
GBR.1.36.7.27_1,2023,11,0,0
GBR.1.36.7.28_1,2023,11,0,0
GBR.1.36.7.3_1,2023,11,0,0
GBR.1.36.7.4_1,2023,11,0,0
GBR.1.36.7.5_1,2023,11,0,0
GBR.1.36.7.6_1,2023,11,0,0
GBR.1.36.7.7_1,2023,11,0,0
GBR.1.36.7.8_1,2023,11,0,0
GBR.1.36.7.9_1,2023,11,0,0
GBR.1.36.8.1_1,2023,11,0,0
GBR.1.36.8.10_1,2023,11,0,0
GBR.1.36.8.11_1,2023,11,0,0
GBR.1.36.8.12_1,2023,11,0,0
GBR.1.36.8.13_1,2023,11,0,0
GBR.1.36.8.14_1,2023,11,0,0
GBR.1.36.8.15_1,2023,11,0,0
GBR.1.36.8.16_1,2023,11,0,0
GBR.1.36.8.17_1,2023,11,0,0
GBR.1.36.8.18_1,2023,11,0,0
GBR.1.36.8.19_1,2023,11,0,0
GBR.1.36.8.2_1,2023,11,0,0
GBR.1.36.8.20_1,2023,11,0,0
GBR.1.36.8.21_1,2023,11,0,0
GBR.1.36.8.22_1,2023,11,0,0
GBR.1.36.8.23_1,2023,11,0,0
GBR.1.36.8.3_1,2023,11,0,0
GBR.1.36.8.4_1,2023,11,0,0
GBR.1.36.8.5_1,2023,11,0,0
GBR.1.36.8.6_1,2023,11,0,0
GBR.1.36.8.7_1,2023,11,0,0
GBR.1.36.8.8_1,2023,11,0,0
GBR.1.36.8.9_1,2023,11,0,0
GBR.1.36.9.1_1,2023,11,0,0
GBR.1.36.9.10_1,2023,11,0,0
GBR.1.36.9.11_1,2023,11,0,0
GBR.1.36.9.12_1,2023,11,0,0
GBR.1.36.9.13_1,2023,11,0,0
GBR.1.36.9.14_1,2023,11,0,0
GBR.1.36.9.15_1,2023,11,0,0
GBR.1.36.9.16_1,2023,11,0,0
GBR.1.36.9.17_1,2023,11,0,0
GBR.1.36.9.18_1,2023,11,0,0
GBR.1.36.9.19_1,2023,11,0,0
GBR.1.36.9.2_1,2023,11,0,0
GBR.1.36.9.20_1,2023,11,0,0
GBR.1.36.9.21_1,2023,11,0,0
GBR.1.36.9.3_1,2023,11,0,0
GBR.1.36.9.4_1,2023,11,0,0
GBR.1.36.9.5_1,2023,11,0,0
GBR.1.36.9.6_1,2023,11,0,0
GBR.1.36.9.7_1,2023,11,0,0
GBR.1.36.9.8_1,2023,11,0,0
GBR.1.36.9.9_1,2023,11,0,0
GBR.1.37.1_1,2023,11,0,0
GBR.1.37.1.1_1,2023,11,0,0
GBR.1.37.1.10_1,2023,11,0,0
GBR.1.37.1.11_1,2023,11,0,0
GBR.1.37.1.12_1,2023,11,0,0
GBR.1.37.1.13_1,2023,11,0,0
GBR.1.37.1.14_1,2023,11,0,0
GBR.1.37.1.15_1,2023,11,0,0
GBR.1.37.1.16_1,2023,11,0,0
GBR.1.37.1.17_1,2023,11,0,0
GBR.1.37.1.18_1,2023,11,0,0
GBR.1.37.1.19_1,2023,11,0,0
GBR.1.37.1.2_1,2023,11,0,0
GBR.1.37.1.3_1,2023,11,0,0
GBR.1.37.1.4_1,2023,11,0,0
GBR.1.37.1.5_1,2023,11,0,0
GBR.1.37.1.6_1,2023,11,0,0
GBR.1.37.1.7_1,2023,11,0,0
GBR.1.37.1.8_1,2023,11,0,0
GBR.1.37.1.9_1,2023,11,0,0
GBR.1.38.1.1_1,2023,11,0,0
GBR.1.38.1.10_1,2023,11,0,0
GBR.1.38.1.11_1,2023,11,0,0
GBR.1.38.1.12_1,2023,11,0,0
GBR.1.38.1.13_1,2023,11,0,0
GBR.1.38.1.14_1,2023,11,0,0
GBR.1.38.1.15_1,2023,11,0,0
GBR.1.38.1.16_1,2023,11,0,0
GBR.1.38.1.17_1,2023,11,0,0
GBR.1.38.1.18_1,2023,11,0,0
GBR.1.38.1.19_1,2023,11,0,0
GBR.1.38.1.2_1,2023,11,0,0
GBR.1.38.1.20_1,2023,11,0,0
GBR.1.38.1.21_1,2023,11,0,0
GBR.1.38.1.22_1,2023,11,0,0
GBR.1.38.1.23_1,2023,11,0,0
GBR.1.38.1.24_1,2023,11,0,0
GBR.1.38.1.25_1,2023,11,0,0
GBR.1.38.1.26_1,2023,11,0,0
GBR.1.38.1.27_1,2023,11,0,0
GBR.1.38.1.28_1,2023,11,0,0
GBR.1.38.1.29_1,2023,11,0,0
GBR.1.38.1.3_1,2023,11,0,0
GBR.1.38.1.4_1,2023,11,0,0
GBR.1.38.1.5_1,2023,11,0,0
GBR.1.38.1.6_1,2023,11,0,0
GBR.1.38.1.7_1,2023,11,0,0
GBR.1.38.1.8_1,2023,11,0,0
GBR.1.38.1.9_1,2023,11,0,0
GBR.1.38.10.1_1,2023,11,0,0
GBR.1.38.10.10_1,2023,11,0,0
GBR.1.38.10.11_1,2023,11,0,0
GBR.1.38.10.12_1,2023,11,0,0
GBR.1.38.10.13_1,2023,11,0,0
GBR.1.38.10.14_1,2023,11,0,0
GBR.1.38.10.15_1,2023,11,0,0
GBR.1.38.10.16_1,2023,11,0,0
GBR.1.38.10.17_1,2023,11,0,0
GBR.1.38.10.18_1,2023,11,0,0
GBR.1.38.10.19_1,2023,11,0,0
GBR.1.38.10.2_1,2023,11,0,0
GBR.1.38.10.20_1,2023,11,0,0
GBR.1.38.10.21_1,2023,11,0,0
GBR.1.38.10.22_1,2023,11,0,0
GBR.1.38.10.23_1,2023,11,0,0
GBR.1.38.10.24_1,2023,11,0,0
GBR.1.38.10.3_1,2023,11,0,0
GBR.1.38.10.4_1,2023,11,0,0
GBR.1.38.10.5_1,2023,11,0,0
GBR.1.38.10.6_1,2023,11,0,0
GBR.1.38.10.7_1,2023,11,0,0
GBR.1.38.10.8_1,2023,11,0,0
GBR.1.38.10.9_1,2023,11,0,0
GBR.1.38.11.1_1,2023,11,0,0
GBR.1.38.11.10_1,2023,11,0,0
GBR.1.38.11.11_1,2023,11,0,0
GBR.1.38.11.12_1,2023,11,0,0
GBR.1.38.11.13_1,2023,11,0,0
GBR.1.38.11.14_1,2023,11,0,0
GBR.1.38.11.15_1,2023,11,0,0
GBR.1.38.11.16_1,2023,11,0,0
GBR.1.38.11.17_1,2023,11,0,0
GBR.1.38.11.2_1,2023,11,0,0
GBR.1.38.11.3_1,2023,11,0,0
GBR.1.38.11.4_1,2023,11,0,0
GBR.1.38.11.5_1,2023,11,0,0
GBR.1.38.11.6_1,2023,11,0,0
GBR.1.38.11.7_1,2023,11,0,0
GBR.1.38.11.8_1,2023,11,0,0
GBR.1.38.11.9_1,2023,11,0,0
GBR.1.38.2.1_1,2023,11,0,0
GBR.1.38.2.10_1,2023,11,0,0
GBR.1.38.2.11_1,2023,11,0,0
GBR.1.38.2.12_1,2023,11,0,0
GBR.1.38.2.13_1,2023,11,0,0
GBR.1.38.2.14_1,2023,11,0,0
GBR.1.38.2.15_1,2023,11,0,0
GBR.1.38.2.16_1,2023,11,0,0
GBR.1.38.2.17_1,2023,11,0,0
GBR.1.38.2.18_1,2023,11,0,0
GBR.1.38.2.19_1,2023,11,0,0
GBR.1.38.2.2_1,2023,11,0,0
GBR.1.38.2.20_1,2023,11,0,0
GBR.1.38.2.21_1,2023,11,0,0
GBR.1.38.2.22_1,2023,11,0,0
GBR.1.38.2.23_1,2023,11,0,0
GBR.1.38.2.24_1,2023,11,0,0
GBR.1.38.2.25_1,2023,11,0,0
GBR.1.38.2.26_1,2023,11,0,0
GBR.1.38.2.27_1,2023,11,0,0
GBR.1.38.2.28_1,2023,11,0,0
GBR.1.38.2.29_1,2023,11,0,0
GBR.1.38.2.3_1,2023,11,0,0
GBR.1.38.2.30_1,2023,11,0,0
GBR.1.38.2.31_1,2023,11,0,0
GBR.1.38.2.32_1,2023,11,0,0
GBR.1.38.2.33_1,2023,11,0,0
GBR.1.38.2.34_1,2023,11,0,0
GBR.1.38.2.35_1,2023,11,0,0
GBR.1.38.2.36_1,2023,11,0,0
GBR.1.38.2.37_1,2023,11,0,0
GBR.1.38.2.38_1,2023,11,0,0
GBR.1.38.2.4_1,2023,11,0,0
GBR.1.38.2.5_1,2023,11,0,0
GBR.1.38.2.6_1,2023,11,0,0
GBR.1.38.2.7_1,2023,11,0,0
GBR.1.38.2.8_1,2023,11,0,0
GBR.1.38.2.9_1,2023,11,0,0
GBR.1.38.3.1_1,2023,11,0,0
GBR.1.38.3.10_1,2023,11,0,0
GBR.1.38.3.11_1,2023,11,0,0
GBR.1.38.3.12_1,2023,11,0,0
GBR.1.38.3.13_1,2023,11,0,0
GBR.1.38.3.14_1,2023,11,0,0
GBR.1.38.3.15_1,2023,11,0,0
GBR.1.38.3.2_1,2023,11,0,0
GBR.1.38.3.3_1,2023,11,0,0
GBR.1.38.3.4_1,2023,11,0,0
GBR.1.38.3.5_1,2023,11,0,0
GBR.1.38.3.6_1,2023,11,0,0
GBR.1.38.3.7_1,2023,11,0,0
GBR.1.38.3.8_1,2023,11,0,0
GBR.1.38.3.9_1,2023,11,0,0
GBR.1.38.4.1_1,2023,11,0,0
GBR.1.38.4.10_1,2023,11,0,0
GBR.1.38.4.11_1,2023,11,0,0
GBR.1.38.4.12_1,2023,11,0,0
GBR.1.38.4.13_1,2023,11,0,0
GBR.1.38.4.14_1,2023,11,0,0
GBR.1.38.4.15_1,2023,11,0,0
GBR.1.38.4.16_1,2023,11,0,0
GBR.1.38.4.2_1,2023,11,0,0
GBR.1.38.4.3_1,2023,11,0,0
GBR.1.38.4.4_1,2023,11,0,0
GBR.1.38.4.5_1,2023,11,0,0
GBR.1.38.4.6_1,2023,11,0,0
GBR.1.38.4.7_1,2023,11,0,0
GBR.1.38.4.8_1,2023,11,0,0
GBR.1.38.4.9_1,2023,11,0,0
GBR.1.38.5.13_1,2023,11,0,0
GBR.1.38.5.3_1,2023,11,0,0
GBR.1.38.6.1_1,2023,11,0,0
GBR.1.38.6.2_1,2023,11,0,0
GBR.1.38.6.3_1,2023,11,0,0
GBR.1.38.6.4_1,2023,11,0,0
GBR.1.38.6.5_1,2023,11,0,0
GBR.1.38.6.6_1,2023,11,0,0
GBR.1.38.6.7_1,2023,11,0,0
GBR.1.38.6.8_1,2023,11,0,0
GBR.1.38.6.9_1,2023,11,0,0
GBR.1.38.7.1_1,2023,11,0,0
GBR.1.38.7.10_1,2023,11,0,0
GBR.1.38.7.11_1,2023,11,0,0
GBR.1.38.7.2_1,2023,11,0,0
GBR.1.38.7.3_1,2023,11,0,0
GBR.1.38.7.4_1,2023,11,0,0
GBR.1.38.7.5_1,2023,11,0,0
GBR.1.38.7.6_1,2023,11,0,0
GBR.1.38.7.7_1,2023,11,0,0
GBR.1.38.7.8_1,2023,11,0,0
GBR.1.38.7.9_1,2023,11,0,0
GBR.1.38.8.1_1,2023,11,0,0
GBR.1.38.8.10_1,2023,11,0,0
GBR.1.38.8.11_1,2023,11,0,0
GBR.1.38.8.12_1,2023,11,0,0
GBR.1.38.8.13_1,2023,11,0,0
GBR.1.38.8.14_1,2023,11,0,0
GBR.1.38.8.15_1,2023,11,0,0
GBR.1.38.8.16_1,2023,11,0,0
GBR.1.38.8.17_1,2023,11,0,0
GBR.1.38.8.18_1,2023,11,0,0
GBR.1.38.8.19_1,2023,11,0,0
GBR.1.38.8.2_1,2023,11,0,0
GBR.1.38.8.20_1,2023,11,0,0
GBR.1.38.8.22_1,2023,11,0,0
GBR.1.38.8.23_1,2023,11,0,0
GBR.1.38.8.25_1,2023,11,0,0
GBR.1.38.8.26_1,2023,11,0,0
GBR.1.38.8.27_1,2023,11,0,0
GBR.1.38.8.28_1,2023,11,0,0
GBR.1.38.8.29_1,2023,11,0,0
GBR.1.38.8.3_1,2023,11,0,0
GBR.1.38.8.30_1,2023,11,0,0
GBR.1.38.8.31_1,2023,11,0,0
GBR.1.38.8.32_1,2023,11,0,0
GBR.1.38.8.33_1,2023,11,0,0
GBR.1.38.8.4_1,2023,11,0,0
GBR.1.38.8.5_1,2023,11,0,0
GBR.1.38.8.6_1,2023,11,0,0
GBR.1.38.8.7_1,2023,11,0,0
GBR.1.38.8.8_1,2023,11,0,0
GBR.1.38.8.9_1,2023,11,0,0
GBR.1.38.9.1_1,2023,11,0,0
GBR.1.38.9.10_1,2023,11,0,0
GBR.1.38.9.11_1,2023,11,0,0
GBR.1.38.9.12_1,2023,11,0,0
GBR.1.38.9.13_1,2023,11,0,0
GBR.1.38.9.14_1,2023,11,0,0
GBR.1.38.9.15_1,2023,11,0,0
GBR.1.38.9.16_1,2023,11,0,0
GBR.1.38.9.17_1,2023,11,0,0
GBR.1.38.9.2_1,2023,11,0,0
GBR.1.38.9.3_1,2023,11,0,0
GBR.1.38.9.4_1,2023,11,0,0
GBR.1.38.9.5_1,2023,11,0,0
GBR.1.38.9.6_1,2023,11,0,0
GBR.1.38.9.7_1,2023,11,0,0
GBR.1.38.9.8_1,2023,11,0,0
GBR.1.38.9.9_1,2023,11,0,0
GBR.1.39.1.1_1,2023,11,0,0
GBR.1.39.1.10_1,2023,11,0,0
GBR.1.39.1.11_1,2023,11,0,0
GBR.1.39.1.2_1,2023,11,0,0
GBR.1.39.1.3_1,2023,11,0,0
GBR.1.39.1.4_1,2023,11,0,0
GBR.1.39.1.5_1,2023,11,0,0
GBR.1.39.1.6_1,2023,11,0,0
GBR.1.39.1.7_1,2023,11,0,0
GBR.1.39.1.8_1,2023,11,0,0
GBR.1.39.1.9_1,2023,11,0,0
GBR.1.4.1.1_1,2023,11,0,0
GBR.1.4.1.10_1,2023,11,0,0
GBR.1.4.1.11_1,2023,11,0,0
GBR.1.4.1.12_1,2023,11,0,0
GBR.1.4.1.13_1,2023,11,0,0
GBR.1.4.1.14_1,2023,11,0,0
GBR.1.4.1.15_1,2023,11,0,0
GBR.1.4.1.16_1,2023,11,0,0
GBR.1.4.1.17_1,2023,11,0,0
GBR.1.4.1.18_1,2023,11,0,0
GBR.1.4.1.19_1,2023,11,0,0
GBR.1.4.1.2_1,2023,11,0,0
GBR.1.4.1.20_1,2023,11,0,0
GBR.1.4.1.21_1,2023,11,0,0
GBR.1.4.1.22_1,2023,11,0,0
GBR.1.4.1.23_1,2023,11,0,0
GBR.1.4.1.24_1,2023,11,0,0
GBR.1.4.1.25_1,2023,11,0,0
GBR.1.4.1.26_1,2023,11,0,0
GBR.1.4.1.27_1,2023,11,0,0
GBR.1.4.1.28_1,2023,11,0,0
GBR.1.4.1.29_1,2023,11,0,0
GBR.1.4.1.3_1,2023,11,0,0
GBR.1.4.1.30_1,2023,11,0,0
GBR.1.4.1.31_1,2023,11,0,0
GBR.1.4.1.32_1,2023,11,0,0
GBR.1.4.1.33_1,2023,11,0,0
GBR.1.4.1.34_1,2023,11,0,0
GBR.1.4.1.35_1,2023,11,0,0
GBR.1.4.1.36_1,2023,11,0,0
GBR.1.4.1.37_1,2023,11,0,0
GBR.1.4.1.38_1,2023,11,0,0
GBR.1.4.1.39_1,2023,11,0,0
GBR.1.4.1.4_1,2023,11,0,0
GBR.1.4.1.40_1,2023,11,0,0
GBR.1.4.1.41_1,2023,11,0,0
GBR.1.4.1.42_1,2023,11,0,0
GBR.1.4.1.43_1,2023,11,0,0
GBR.1.4.1.44_1,2023,11,0,0
GBR.1.4.1.45_1,2023,11,0,0
GBR.1.4.1.46_1,2023,11,0,0
GBR.1.4.1.47_1,2023,11,0,0
GBR.1.4.1.48_1,2023,11,0,0
GBR.1.4.1.49_1,2023,11,0,0
GBR.1.4.1.5_1,2023,11,0,0
GBR.1.4.1.50_1,2023,11,0,0
GBR.1.4.1.51_1,2023,11,0,0
GBR.1.4.1.52_1,2023,11,0,0
GBR.1.4.1.53_1,2023,11,0,0
GBR.1.4.1.54_1,2023,11,0,0
GBR.1.4.1.55_1,2023,11,0,0
GBR.1.4.1.56_1,2023,11,0,0
GBR.1.4.1.57_1,2023,11,0,0
GBR.1.4.1.58_1,2023,11,0,0
GBR.1.4.1.59_1,2023,11,0,0
GBR.1.4.1.6_1,2023,11,0,0
GBR.1.4.1.60_1,2023,11,0,0
GBR.1.4.1.61_1,2023,11,0,0
GBR.1.4.1.62_1,2023,11,0,0
GBR.1.4.1.63_1,2023,11,0,0
GBR.1.4.1.64_1,2023,11,0,0
GBR.1.4.1.65_1,2023,11,0,0
GBR.1.4.1.66_1,2023,11,0,0
GBR.1.4.1.67_1,2023,11,0,0
GBR.1.4.1.68_1,2023,11,0,0
GBR.1.4.1.69_1,2023,11,0,0
GBR.1.4.1.7_1,2023,11,0,0
GBR.1.4.1.8_1,2023,11,0,0
GBR.1.4.1.9_1,2023,11,0,0
GBR.1.40.1.1_1,2023,11,0,0
GBR.1.40.1.10_1,2023,11,0,0
GBR.1.40.1.11_1,2023,11,0,0
GBR.1.40.1.12_1,2023,11,0,0
GBR.1.40.1.13_1,2023,11,0,0
GBR.1.40.1.14_1,2023,11,0,0
GBR.1.40.1.15_1,2023,11,0,0
GBR.1.40.1.16_1,2023,11,0,0
GBR.1.40.1.17_1,2023,11,0,0
GBR.1.40.1.18_1,2023,11,0,0
GBR.1.40.1.19_1,2023,11,0,0
GBR.1.40.1.2_1,2023,11,0,0
GBR.1.40.1.20_1,2023,11,0,0
GBR.1.40.1.21_1,2023,11,0,0
GBR.1.40.1.22_1,2023,11,0,0
GBR.1.40.1.23_1,2023,11,0,0
GBR.1.40.1.24_1,2023,11,0,0
GBR.1.40.1.25_1,2023,11,0,0
GBR.1.40.1.26_1,2023,11,0,0
GBR.1.40.1.27_1,2023,11,0,0
GBR.1.40.1.28_1,2023,11,0,0
GBR.1.40.1.29_1,2023,11,0,0
GBR.1.40.1.3_1,2023,11,0,0
GBR.1.40.1.30_1,2023,11,0,0
GBR.1.40.1.31_1,2023,11,0,0
GBR.1.40.1.32_1,2023,11,0,0
GBR.1.40.1.33_1,2023,11,0,0
GBR.1.40.1.34_1,2023,11,0,0
GBR.1.40.1.35_1,2023,11,0,0
GBR.1.40.1.36_1,2023,11,0,0
GBR.1.40.1.37_1,2023,11,0,0
GBR.1.40.1.38_1,2023,11,0,0
GBR.1.40.1.39_1,2023,11,0,0
GBR.1.40.1.4_1,2023,11,0,0
GBR.1.40.1.40_1,2023,11,0,0
GBR.1.40.1.41_1,2023,11,0,0
GBR.1.40.1.42_1,2023,11,0,0
GBR.1.40.1.43_1,2023,11,0,0
GBR.1.40.1.44_1,2023,11,0,0
GBR.1.40.1.45_1,2023,11,0,0
GBR.1.40.1.46_1,2023,11,0,0
GBR.1.40.1.47_1,2023,11,0,0
GBR.1.40.1.48_1,2023,11,0,0
GBR.1.40.1.49_1,2023,11,0,0
GBR.1.40.1.5_1,2023,11,0,0
GBR.1.40.1.50_1,2023,11,0,0
GBR.1.40.1.51_1,2023,11,0,0
GBR.1.40.1.52_1,2023,11,0,0
GBR.1.40.1.53_1,2023,11,0,0
GBR.1.40.1.54_1,2023,11,0,0
GBR.1.40.1.6_1,2023,11,0,0
GBR.1.40.1.7_1,2023,11,0,0
GBR.1.40.1.8_1,2023,11,0,0
GBR.1.40.1.9_1,2023,11,0,0
GBR.1.41.1.1_1,2023,11,0,0
GBR.1.41.1.2_1,2023,11,0,0
GBR.1.41.1.3_1,2023,11,0,0
GBR.1.41.1.4_1,2023,11,0,0
GBR.1.41.1.5_1,2023,11,0,0
GBR.1.41.1.6_1,2023,11,0,0
GBR.1.41.1.7_1,2023,11,0,0
GBR.1.41.1.8_1,2023,11,0,0
GBR.1.41.10.1_1,2023,11,0,0
GBR.1.41.10.10_1,2023,11,0,0
GBR.1.41.10.11_1,2023,11,0,0
GBR.1.41.10.12_1,2023,11,0,0
GBR.1.41.10.13_1,2023,11,0,0
GBR.1.41.10.14_1,2023,11,0,0
GBR.1.41.10.15_1,2023,11,0,0
GBR.1.41.10.2_1,2023,11,0,0
GBR.1.41.10.3_1,2023,11,0,0
GBR.1.41.10.4_1,2023,11,0,0
GBR.1.41.10.5_1,2023,11,0,0
GBR.1.41.10.6_1,2023,11,0,0
GBR.1.41.10.7_1,2023,11,0,0
GBR.1.41.10.8_1,2023,11,0,0
GBR.1.41.10.9_1,2023,11,0,0
GBR.1.41.2.1_1,2023,11,0,0
GBR.1.41.2.10_1,2023,11,0,0
GBR.1.41.2.11_1,2023,11,0,0
GBR.1.41.2.12_1,2023,11,0,0
GBR.1.41.2.13_1,2023,11,0,0
GBR.1.41.2.14_1,2023,11,0,0
GBR.1.41.2.15_1,2023,11,0,0
GBR.1.41.2.16_1,2023,11,0,0
GBR.1.41.2.17_1,2023,11,0,0
GBR.1.41.2.18_1,2023,11,0,0
GBR.1.41.2.19_1,2023,11,0,0
GBR.1.41.2.2_1,2023,11,0,0
GBR.1.41.2.20_1,2023,11,0,0
GBR.1.41.2.21_1,2023,11,0,0
GBR.1.41.2.22_1,2023,11,0,0
GBR.1.41.2.23_1,2023,11,0,0
GBR.1.41.2.24_1,2023,11,0,0
GBR.1.41.2.25_1,2023,11,0,0
GBR.1.41.2.26_1,2023,11,0,0
GBR.1.41.2.27_1,2023,11,0,0
GBR.1.41.2.3_1,2023,11,0,0
GBR.1.41.2.4_1,2023,11,0,0
GBR.1.41.2.5_1,2023,11,0,0
GBR.1.41.2.6_1,2023,11,0,0
GBR.1.41.2.7_1,2023,11,0,0
GBR.1.41.2.8_1,2023,11,0,0
GBR.1.41.2.9_1,2023,11,0,0
GBR.1.41.3.1_1,2023,11,0,0
GBR.1.41.3.10_1,2023,11,0,0
GBR.1.41.3.11_1,2023,11,0,0
GBR.1.41.3.12_1,2023,11,0,0
GBR.1.41.3.13_1,2023,11,0,0
GBR.1.41.3.14_1,2023,11,0,0
GBR.1.41.3.15_1,2023,11,0,0
GBR.1.41.3.16_1,2023,11,0,0
GBR.1.41.3.17_1,2023,11,0,0
GBR.1.41.3.18_1,2023,11,0,0
GBR.1.41.3.19_1,2023,11,0,0
GBR.1.41.3.2_1,2023,11,0,0
GBR.1.41.3.20_1,2023,11,0,0
GBR.1.41.3.21_1,2023,11,0,0
GBR.1.41.3.22_1,2023,11,0,0
GBR.1.41.3.23_1,2023,11,0,0
GBR.1.41.3.24_1,2023,11,0,0
GBR.1.41.3.25_1,2023,11,0,0
GBR.1.41.3.26_1,2023,11,0,0
GBR.1.41.3.27_1,2023,11,0,0
GBR.1.41.3.28_1,2023,11,0,0
GBR.1.41.3.29_1,2023,11,0,0
GBR.1.41.3.3_1,2023,11,0,0
GBR.1.41.3.30_1,2023,11,0,0
GBR.1.41.3.31_1,2023,11,0,0
GBR.1.41.3.32_1,2023,11,0,0
GBR.1.41.3.33_1,2023,11,0,0
GBR.1.41.3.34_1,2023,11,0,0
GBR.1.41.3.35_1,2023,11,0,0
GBR.1.41.3.36_1,2023,11,0,0
GBR.1.41.3.37_1,2023,11,0,0
GBR.1.41.3.38_1,2023,11,0,0
GBR.1.41.3.4_1,2023,11,0,0
GBR.1.41.3.5_1,2023,11,0,0
GBR.1.41.3.6_1,2023,11,0,0
GBR.1.41.3.7_1,2023,11,0,0
GBR.1.41.3.8_1,2023,11,0,0
GBR.1.41.3.9_1,2023,11,0,0
GBR.1.41.4.1_1,2023,11,0,0
GBR.1.41.4.10_1,2023,11,0,0
GBR.1.41.4.11_1,2023,11,0,0
GBR.1.41.4.12_1,2023,11,0,0
GBR.1.41.4.13_1,2023,11,0,0
GBR.1.41.4.14_1,2023,11,0,0
GBR.1.41.4.15_1,2023,11,0,0
GBR.1.41.4.16_1,2023,11,0,0
GBR.1.41.4.17_1,2023,11,0,0
GBR.1.41.4.18_1,2023,11,0,0
GBR.1.41.4.2_1,2023,11,0,0
GBR.1.41.4.3_1,2023,11,0,0
GBR.1.41.4.4_1,2023,11,0,0
GBR.1.41.4.5_1,2023,11,0,0
GBR.1.41.4.6_1,2023,11,0,0
GBR.1.41.4.7_1,2023,11,0,0
GBR.1.41.4.8_1,2023,11,0,0
GBR.1.41.4.9_1,2023,11,0,0
GBR.1.41.5.1_1,2023,11,0,0
GBR.1.41.5.10_1,2023,11,0,0
GBR.1.41.5.11_1,2023,11,0,0
GBR.1.41.5.12_1,2023,11,0,0
GBR.1.41.5.13_1,2023,11,0,0
GBR.1.41.5.14_1,2023,11,0,0
GBR.1.41.5.15_1,2023,11,0,0
GBR.1.41.5.16_1,2023,11,0,0
GBR.1.41.5.17_1,2023,11,0,0
GBR.1.41.5.18_1,2023,11,0,0
GBR.1.41.5.19_1,2023,11,0,0
GBR.1.41.5.2_1,2023,11,0,0
GBR.1.41.5.20_1,2023,11,0,0
GBR.1.41.5.21_1,2023,11,0,0
GBR.1.41.5.22_1,2023,11,0,0
GBR.1.41.5.23_1,2023,11,0,0
GBR.1.41.5.3_1,2023,11,0,0
GBR.1.41.5.4_1,2023,11,0,0
GBR.1.41.5.5_1,2023,11,0,0
GBR.1.41.5.6_1,2023,11,0,0
GBR.1.41.5.7_1,2023,11,0,0
GBR.1.41.5.8_1,2023,11,0,0
GBR.1.41.5.9_1,2023,11,0,0
GBR.1.41.6.1_1,2023,11,0,0
GBR.1.41.6.10_1,2023,11,0,0
GBR.1.41.6.11_1,2023,11,0,0
GBR.1.41.6.12_1,2023,11,0,0
GBR.1.41.6.13_1,2023,11,0,0
GBR.1.41.6.14_1,2023,11,0,0
GBR.1.41.6.15_1,2023,11,0,0
GBR.1.41.6.16_1,2023,11,0,0
GBR.1.41.6.17_1,2023,11,0,0
GBR.1.41.6.18_1,2023,11,0,0
GBR.1.41.6.2_1,2023,11,0,0
GBR.1.41.6.3_1,2023,11,0,0
GBR.1.41.6.4_1,2023,11,0,0
GBR.1.41.6.5_1,2023,11,0,0
GBR.1.41.6.6_1,2023,11,0,0
GBR.1.41.6.7_1,2023,11,0,0
GBR.1.41.6.8_1,2023,11,0,0
GBR.1.41.6.9_1,2023,11,0,0
GBR.1.41.7_1,2023,11,0,0
GBR.1.41.7.1_1,2023,11,0,0
GBR.1.41.7.2_1,2023,11,0,0
GBR.1.41.7.3_1,2023,11,0,0
GBR.1.41.7.4_1,2023,11,0,0
GBR.1.41.7.5_1,2023,11,0,0
GBR.1.41.7.6_1,2023,11,0,0
GBR.1.41.7.7_1,2023,11,0,0
GBR.1.41.7.8_1,2023,11,0,0
GBR.1.41.8.1_1,2023,11,0,0
GBR.1.41.8.10_1,2023,11,0,0
GBR.1.41.8.11_1,2023,11,0,0
GBR.1.41.8.12_1,2023,11,0,0
GBR.1.41.8.2_1,2023,11,0,0
GBR.1.41.8.3_1,2023,11,0,0
GBR.1.41.8.4_1,2023,11,0,0
GBR.1.41.8.5_1,2023,11,0,0
GBR.1.41.8.6_1,2023,11,0,0
GBR.1.41.8.7_1,2023,11,0,0
GBR.1.41.8.8_1,2023,11,0,0
GBR.1.41.8.9_1,2023,11,0,0
GBR.1.41.9.1_1,2023,11,0,0
GBR.1.41.9.10_1,2023,11,0,0
GBR.1.41.9.11_1,2023,11,0,0
GBR.1.41.9.2_1,2023,11,0,0
GBR.1.41.9.3_1,2023,11,0,0
GBR.1.41.9.4_1,2023,11,0,0
GBR.1.41.9.5_1,2023,11,0,0
GBR.1.41.9.6_1,2023,11,0,0
GBR.1.41.9.7_1,2023,11,0,0
GBR.1.41.9.8_1,2023,11,0,0
GBR.1.41.9.9_1,2023,11,0,0
GBR.1.42.1.1_1,2023,11,0,0
GBR.1.42.1.10_1,2023,11,0,0
GBR.1.42.1.11_1,2023,11,0,0
GBR.1.42.1.12_1,2023,11,0,0
GBR.1.42.1.13_1,2023,11,0,0
GBR.1.42.1.14_1,2023,11,0,0
GBR.1.42.1.15_1,2023,11,0,0
GBR.1.42.1.16_1,2023,11,0,0
GBR.1.42.1.17_1,2023,11,0,0
GBR.1.42.1.19_1,2023,11,0,0
GBR.1.42.1.2_1,2023,11,0,0
GBR.1.42.1.20_1,2023,11,0,0
GBR.1.42.1.21_1,2023,11,0,0
GBR.1.42.1.22_1,2023,11,0,0
GBR.1.42.1.23_1,2023,11,0,0
GBR.1.42.1.24_1,2023,11,0,0
GBR.1.42.1.29_1,2023,11,0,0
GBR.1.42.1.3_1,2023,11,0,0
GBR.1.42.1.30_1,2023,11,0,0
GBR.1.42.1.31_1,2023,11,0,0
GBR.1.42.1.32_1,2023,11,0,0
GBR.1.42.1.33_1,2023,11,0,0
GBR.1.42.1.35_1,2023,11,0,0
GBR.1.42.1.36_1,2023,11,0,0
GBR.1.42.1.37_1,2023,11,0,0
GBR.1.42.1.38_1,2023,11,0,0
GBR.1.42.1.39_1,2023,11,0,0
GBR.1.42.1.4_1,2023,11,0,0
GBR.1.42.1.5_1,2023,11,0,0
GBR.1.42.1.6_1,2023,11,0,0
GBR.1.42.1.7_1,2023,11,0,0
GBR.1.42.1.8_1,2023,11,0,0
GBR.1.42.1.9_1,2023,11,0,0
GBR.1.43.1.1_1,2023,11,0,0
GBR.1.43.1.2_1,2023,11,0,0
GBR.1.43.1.3_1,2023,11,0,0
GBR.1.43.1.4_1,2023,11,0,0
GBR.1.43.1.5_1,2023,11,0,0
GBR.1.44.1.1_1,2023,11,0,0
GBR.1.44.1.10_1,2023,11,0,0
GBR.1.44.1.11_1,2023,11,0,0
GBR.1.44.1.12_1,2023,11,0,0
GBR.1.44.1.13_1,2023,11,0,0
GBR.1.44.1.14_1,2023,11,0,0
GBR.1.44.1.15_1,2023,11,0,0
GBR.1.44.1.16_1,2023,11,0,0
GBR.1.44.1.17_1,2023,11,0,0
GBR.1.44.1.18_1,2023,11,0,0
GBR.1.44.1.19_1,2023,11,0,0
GBR.1.44.1.2_1,2023,11,0,0
GBR.1.44.1.20_1,2023,11,0,0
GBR.1.44.1.21_1,2023,11,0,0
GBR.1.44.1.22_1,2023,11,0,0
GBR.1.44.1.23_1,2023,11,0,0
GBR.1.44.1.24_1,2023,11,0,0
GBR.1.44.1.25_1,2023,11,0,0
GBR.1.44.1.26_1,2023,11,0,0
GBR.1.44.1.27_1,2023,11,0,0
GBR.1.44.1.28_1,2023,11,0,0
GBR.1.44.1.29_1,2023,11,0,0
GBR.1.44.1.3_1,2023,11,0,0
GBR.1.44.1.30_1,2023,11,0,0
GBR.1.44.1.31_1,2023,11,0,0
GBR.1.44.1.32_1,2023,11,0,0
GBR.1.44.1.33_1,2023,11,0,0
GBR.1.44.1.34_1,2023,11,0,0
GBR.1.44.1.35_1,2023,11,0,0
GBR.1.44.1.4_1,2023,11,0,0
GBR.1.44.1.5_1,2023,11,0,0
GBR.1.44.1.6_1,2023,11,0,0
GBR.1.44.1.7_1,2023,11,0,0
GBR.1.44.1.8_1,2023,11,0,0
GBR.1.44.1.9_1,2023,11,0,0
GBR.1.44.10.10_1,2023,11,0,0
GBR.1.44.10.14_1,2023,11,0,0
GBR.1.44.10.15_1,2023,11,0,0
GBR.1.44.10.16_1,2023,11,0,0
GBR.1.44.10.19_1,2023,11,0,0
GBR.1.44.10.20_1,2023,11,0,0
GBR.1.44.10.3_1,2023,11,0,0
GBR.1.44.10.5_1,2023,11,0,0
GBR.1.44.10.6_1,2023,11,0,0
GBR.1.44.11.1_1,2023,11,0,0
GBR.1.44.11.10_1,2023,11,0,0
GBR.1.44.11.11_1,2023,11,0,0
GBR.1.44.11.12_1,2023,11,0,0
GBR.1.44.11.13_1,2023,11,0,0
GBR.1.44.11.14_1,2023,11,0,0
GBR.1.44.11.15_1,2023,11,0,0
GBR.1.44.11.16_1,2023,11,0,0
GBR.1.44.11.17_1,2023,11,0,0
GBR.1.44.11.18_1,2023,11,0,0
GBR.1.44.11.19_1,2023,11,0,0
GBR.1.44.11.2_1,2023,11,0,0
GBR.1.44.11.20_1,2023,11,0,0
GBR.1.44.11.21_1,2023,11,0,0
GBR.1.44.11.22_1,2023,11,0,0
GBR.1.44.11.23_1,2023,11,0,0
GBR.1.44.11.24_1,2023,11,0,0
GBR.1.44.11.25_1,2023,11,0,0
GBR.1.44.11.3_1,2023,11,0,0
GBR.1.44.11.4_1,2023,11,0,0
GBR.1.44.11.5_1,2023,11,0,0
GBR.1.44.11.6_1,2023,11,0,0
GBR.1.44.11.7_1,2023,11,0,0
GBR.1.44.11.8_1,2023,11,0,0
GBR.1.44.11.9_1,2023,11,0,0
GBR.1.44.12.1_1,2023,11,0,0
GBR.1.44.12.10_1,2023,11,0,0
GBR.1.44.12.11_1,2023,11,0,0
GBR.1.44.12.12_1,2023,11,0,0
GBR.1.44.12.13_1,2023,11,0,0
GBR.1.44.12.14_1,2023,11,0,0
GBR.1.44.12.15_1,2023,11,0,0
GBR.1.44.12.16_1,2023,11,0,0
GBR.1.44.12.17_1,2023,11,0,0
GBR.1.44.12.18_1,2023,11,0,0
GBR.1.44.12.19_1,2023,11,0,0
GBR.1.44.12.2_1,2023,11,0,0
GBR.1.44.12.20_1,2023,11,0,0
GBR.1.44.12.3_1,2023,11,0,0
GBR.1.44.12.4_1,2023,11,0,0
GBR.1.44.12.5_1,2023,11,0,0
GBR.1.44.12.6_1,2023,11,0,0
GBR.1.44.12.7_1,2023,11,0,0
GBR.1.44.12.8_1,2023,11,0,0
GBR.1.44.12.9_1,2023,11,0,0
GBR.1.44.2.1_1,2023,11,0,0
GBR.1.44.2.10_1,2023,11,0,0
GBR.1.44.2.11_1,2023,11,0,0
GBR.1.44.2.12_1,2023,11,0,0
GBR.1.44.2.13_1,2023,11,0,0
GBR.1.44.2.14_1,2023,11,0,0
GBR.1.44.2.15_1,2023,11,0,0
GBR.1.44.2.16_1,2023,11,0,0
GBR.1.44.2.17_1,2023,11,0,0
GBR.1.44.2.18_1,2023,11,0,0
GBR.1.44.2.19_1,2023,11,0,0
GBR.1.44.2.2_1,2023,11,0,0
GBR.1.44.2.20_1,2023,11,0,0
GBR.1.44.2.21_1,2023,11,0,0
GBR.1.44.2.3_1,2023,11,0,0
GBR.1.44.2.4_1,2023,11,0,0
GBR.1.44.2.5_1,2023,11,0,0
GBR.1.44.2.6_1,2023,11,0,0
GBR.1.44.2.7_1,2023,11,0,0
GBR.1.44.2.8_1,2023,11,0,0
GBR.1.44.2.9_1,2023,11,0,0
GBR.1.44.3.1_1,2023,11,0,0
GBR.1.44.3.10_1,2023,11,0,0
GBR.1.44.3.11_1,2023,11,0,0
GBR.1.44.3.12_1,2023,11,0,0
GBR.1.44.3.13_1,2023,11,0,0
GBR.1.44.3.14_1,2023,11,0,0
GBR.1.44.3.15_1,2023,11,0,0
GBR.1.44.3.16_1,2023,11,0,0
GBR.1.44.3.17_1,2023,11,0,0
GBR.1.44.3.18_1,2023,11,0,0
GBR.1.44.3.19_1,2023,11,0,0
GBR.1.44.3.2_1,2023,11,0,0
GBR.1.44.3.20_1,2023,11,0,0
GBR.1.44.3.21_1,2023,11,0,0
GBR.1.44.3.22_1,2023,11,0,0
GBR.1.44.3.23_1,2023,11,0,0
GBR.1.44.3.3_1,2023,11,0,0
GBR.1.44.3.4_1,2023,11,0,0
GBR.1.44.3.5_1,2023,11,0,0
GBR.1.44.3.6_1,2023,11,0,0
GBR.1.44.3.7_1,2023,11,0,0
GBR.1.44.3.8_1,2023,11,0,0
GBR.1.44.3.9_1,2023,11,0,0
GBR.1.44.4.1_1,2023,11,0,0
GBR.1.44.4.10_1,2023,11,0,0
GBR.1.44.4.11_1,2023,11,0,0
GBR.1.44.4.13_1,2023,11,0,0
GBR.1.44.4.14_1,2023,11,0,0
GBR.1.44.4.15_1,2023,11,0,0
GBR.1.44.4.16_1,2023,11,0,0
GBR.1.44.4.17_1,2023,11,0,0
GBR.1.44.4.18_1,2023,11,0,0
GBR.1.44.4.2_1,2023,11,0,0
GBR.1.44.4.21_1,2023,11,0,0
GBR.1.44.4.3_1,2023,11,0,0
GBR.1.44.4.4_1,2023,11,0,0
GBR.1.44.4.5_1,2023,11,0,0
GBR.1.44.4.6_1,2023,11,0,0
GBR.1.44.4.7_1,2023,11,0,0
GBR.1.44.4.8_1,2023,11,0,0
GBR.1.44.4.9_1,2023,11,0,0
GBR.1.44.5.1_1,2023,11,0,0
GBR.1.44.5.10_1,2023,11,0,0
GBR.1.44.5.11_1,2023,11,0,0
GBR.1.44.5.12_1,2023,11,0,0
GBR.1.44.5.13_1,2023,11,0,0
GBR.1.44.5.14_1,2023,11,0,0
GBR.1.44.5.15_1,2023,11,0,0
GBR.1.44.5.16_1,2023,11,0,0
GBR.1.44.5.2_1,2023,11,0,0
GBR.1.44.5.3_1,2023,11,0,0
GBR.1.44.5.4_1,2023,11,0,0
GBR.1.44.5.5_1,2023,11,0,0
GBR.1.44.5.6_1,2023,11,0,0
GBR.1.44.5.7_1,2023,11,0,0
GBR.1.44.5.8_1,2023,11,0,0
GBR.1.44.5.9_1,2023,11,0,0
GBR.1.44.6.1_1,2023,11,0,0
GBR.1.44.6.10_1,2023,11,0,0
GBR.1.44.6.11_1,2023,11,0,0
GBR.1.44.6.12_1,2023,11,0,0
GBR.1.44.6.13_1,2023,11,0,0
GBR.1.44.6.14_1,2023,11,0,0
GBR.1.44.6.15_1,2023,11,0,0
GBR.1.44.6.16_1,2023,11,0,0
GBR.1.44.6.17_1,2023,11,0,0
GBR.1.44.6.18_1,2023,11,0,0
GBR.1.44.6.19_1,2023,11,0,0
GBR.1.44.6.2_1,2023,11,0,0
GBR.1.44.6.20_1,2023,11,0,0
GBR.1.44.6.21_1,2023,11,0,0
GBR.1.44.6.22_1,2023,11,0,0
GBR.1.44.6.23_1,2023,11,0,0
GBR.1.44.6.24_1,2023,11,0,0
GBR.1.44.6.25_1,2023,11,0,0
GBR.1.44.6.3_1,2023,11,0,0
GBR.1.44.6.4_1,2023,11,0,0
GBR.1.44.6.5_1,2023,11,0,0
GBR.1.44.6.6_1,2023,11,0,0
GBR.1.44.6.7_1,2023,11,0,0
GBR.1.44.6.8_1,2023,11,0,0
GBR.1.44.6.9_1,2023,11,0,0
GBR.1.44.7.1_1,2023,11,0,0
GBR.1.44.7.10_1,2023,11,0,0
GBR.1.44.7.11_1,2023,11,0,0
GBR.1.44.7.12_1,2023,11,0,0
GBR.1.44.7.13_1,2023,11,0,0
GBR.1.44.7.14_1,2023,11,0,0
GBR.1.44.7.15_1,2023,11,0,0
GBR.1.44.7.16_1,2023,11,0,0
GBR.1.44.7.17_1,2023,11,0,0
GBR.1.44.7.18_1,2023,11,0,0
GBR.1.44.7.19_1,2023,11,0,0
GBR.1.44.7.2_1,2023,11,0,0
GBR.1.44.7.20_1,2023,11,0,0
GBR.1.44.7.21_1,2023,11,0,0
GBR.1.44.7.3_1,2023,11,0,0
GBR.1.44.7.4_1,2023,11,0,0
GBR.1.44.7.5_1,2023,11,0,0
GBR.1.44.7.6_1,2023,11,0,0
GBR.1.44.7.7_1,2023,11,0,0
GBR.1.44.7.8_1,2023,11,0,0
GBR.1.44.7.9_1,2023,11,0,0
GBR.1.44.8.1_1,2023,11,0,0
GBR.1.44.8.10_1,2023,11,0,0
GBR.1.44.8.11_1,2023,11,0,0
GBR.1.44.8.12_1,2023,11,0,0
GBR.1.44.8.13_1,2023,11,0,0
GBR.1.44.8.2_1,2023,11,0,0
GBR.1.44.8.3_1,2023,11,0,0
GBR.1.44.8.4_1,2023,11,0,0
GBR.1.44.8.5_1,2023,11,0,0
GBR.1.44.8.6_1,2023,11,0,0
GBR.1.44.8.7_1,2023,11,0,0
GBR.1.44.8.8_1,2023,11,0,0
GBR.1.44.8.9_1,2023,11,0,0
GBR.1.44.9.1_1,2023,11,0,0
GBR.1.44.9.10_1,2023,11,0,0
GBR.1.44.9.11_1,2023,11,0,0
GBR.1.44.9.12_1,2023,11,0,0
GBR.1.44.9.13_1,2023,11,0,0
GBR.1.44.9.14_1,2023,11,0,0
GBR.1.44.9.15_1,2023,11,0,0
GBR.1.44.9.16_1,2023,11,0,0
GBR.1.44.9.17_1,2023,11,0,0
GBR.1.44.9.18_1,2023,11,0,0
GBR.1.44.9.19_1,2023,11,0,0
GBR.1.44.9.2_1,2023,11,0,0
GBR.1.44.9.20_1,2023,11,0,0
GBR.1.44.9.21_1,2023,11,0,0
GBR.1.44.9.22_1,2023,11,0,0
GBR.1.44.9.23_1,2023,11,0,0
GBR.1.44.9.24_1,2023,11,0,0
GBR.1.44.9.3_1,2023,11,0,0
GBR.1.44.9.4_1,2023,11,0,0
GBR.1.44.9.5_1,2023,11,0,0
GBR.1.44.9.6_1,2023,11,0,0
GBR.1.44.9.7_1,2023,11,0,0
GBR.1.44.9.8_1,2023,11,0,0
GBR.1.44.9.9_1,2023,11,0,0
GBR.1.45.1.1_1,2023,11,0,0
GBR.1.45.1.10_1,2023,11,0,0
GBR.1.45.1.11_1,2023,11,0,0
GBR.1.45.1.12_1,2023,11,0,0
GBR.1.45.1.13_1,2023,11,0,0
GBR.1.45.1.14_1,2023,11,0,0
GBR.1.45.1.15_1,2023,11,0,0
GBR.1.45.1.16_1,2023,11,0,0
GBR.1.45.1.17_1,2023,11,0,0
GBR.1.45.1.18_1,2023,11,0,0
GBR.1.45.1.19_1,2023,11,0,0
GBR.1.45.1.2_1,2023,11,0,0
GBR.1.45.1.20_1,2023,11,0,0
GBR.1.45.1.21_1,2023,11,0,0
GBR.1.45.1.3_1,2023,11,0,0
GBR.1.45.1.4_1,2023,11,0,0
GBR.1.45.1.5_1,2023,11,0,0
GBR.1.45.1.6_1,2023,11,0,0
GBR.1.45.1.7_1,2023,11,0,0
GBR.1.45.1.8_1,2023,11,0,0
GBR.1.45.1.9_1,2023,11,0,0
GBR.1.46.1.1_1,2023,11,0,0
GBR.1.46.1.10_1,2023,11,0,0
GBR.1.46.1.11_1,2023,11,0,0
GBR.1.46.1.12_1,2023,11,0,0
GBR.1.46.1.13_1,2023,11,0,0
GBR.1.46.1.14_1,2023,11,0,0
GBR.1.46.1.15_1,2023,11,0,0
GBR.1.46.1.16_1,2023,11,0,0
GBR.1.46.1.17_1,2023,11,0,0
GBR.1.46.1.18_1,2023,11,0,0
GBR.1.46.1.19_1,2023,11,0,0
GBR.1.46.1.2_1,2023,11,0,0
GBR.1.46.1.20_1,2023,11,0,0
GBR.1.46.1.21_1,2023,11,0,0
GBR.1.46.1.22_1,2023,11,0,0
GBR.1.46.1.23_1,2023,11,0,0
GBR.1.46.1.3_1,2023,11,0,0
GBR.1.46.1.4_1,2023,11,0,0
GBR.1.46.1.5_1,2023,11,0,0
GBR.1.46.1.6_1,2023,11,0,0
GBR.1.46.1.7_1,2023,11,0,0
GBR.1.46.1.8_1,2023,11,0,0
GBR.1.46.1.9_1,2023,11,0,0
GBR.1.47.1.1_1,2023,11,0,0
GBR.1.47.1.10_1,2023,11,0,0
GBR.1.47.1.11_1,2023,11,0,0
GBR.1.47.1.12_1,2023,11,0,0
GBR.1.47.1.13_1,2023,11,0,0
GBR.1.47.1.14_1,2023,11,0,0
GBR.1.47.1.15_1,2023,11,0,0
GBR.1.47.1.16_1,2023,11,0,0
GBR.1.47.1.2_1,2023,11,0,0
GBR.1.47.1.3_1,2023,11,0,0
GBR.1.47.1.4_1,2023,11,0,0
GBR.1.47.1.5_1,2023,11,0,0
GBR.1.47.1.6_1,2023,11,0,0
GBR.1.47.1.7_1,2023,11,0,0
GBR.1.47.1.8_1,2023,11,0,0
GBR.1.47.1.9_1,2023,11,0,0
GBR.1.48.1.1_1,2023,11,0,0
GBR.1.48.1.10_1,2023,11,0,0
GBR.1.48.1.11_1,2023,11,0,0
GBR.1.48.1.12_1,2023,11,0,0
GBR.1.48.1.13_1,2023,11,0,0
GBR.1.48.1.14_1,2023,11,0,0
GBR.1.48.1.15_1,2023,11,0,0
GBR.1.48.1.16_1,2023,11,0,0
GBR.1.48.1.2_1,2023,11,0,0
GBR.1.48.1.3_1,2023,11,0,0
GBR.1.48.1.4_1,2023,11,0,0
GBR.1.48.1.5_1,2023,11,0,0
GBR.1.48.1.6_1,2023,11,0,0
GBR.1.48.1.7_1,2023,11,0,0
GBR.1.48.1.8_1,2023,11,0,0
GBR.1.48.1.9_1,2023,11,0,0
GBR.1.48.10.1_1,2023,11,0,0
GBR.1.48.10.10_1,2023,11,0,0
GBR.1.48.10.11_1,2023,11,0,0
GBR.1.48.10.12_1,2023,11,0,0
GBR.1.48.10.13_1,2023,11,0,0
GBR.1.48.10.14_1,2023,11,0,0
GBR.1.48.10.15_1,2023,11,0,0
GBR.1.48.10.16_1,2023,11,0,0
GBR.1.48.10.17_1,2023,11,0,0
GBR.1.48.10.18_1,2023,11,0,0
GBR.1.48.10.19_1,2023,11,0,0
GBR.1.48.10.2_1,2023,11,0,0
GBR.1.48.10.20_1,2023,11,0,0
GBR.1.48.10.21_1,2023,11,0,0
GBR.1.48.10.22_1,2023,11,0,0
GBR.1.48.10.23_1,2023,11,0,0
GBR.1.48.10.24_1,2023,11,0,0
GBR.1.48.10.3_1,2023,11,0,0
GBR.1.48.10.4_1,2023,11,0,0
GBR.1.48.10.5_1,2023,11,0,0
GBR.1.48.10.6_1,2023,11,0,0
GBR.1.48.10.7_1,2023,11,0,0
GBR.1.48.10.8_1,2023,11,0,0
GBR.1.48.10.9_1,2023,11,0,0
GBR.1.48.11.1_1,2023,11,0,0
GBR.1.48.11.10_1,2023,11,0,0
GBR.1.48.11.11_1,2023,11,0,0
GBR.1.48.11.12_1,2023,11,0,0
GBR.1.48.11.13_1,2023,11,0,0
GBR.1.48.11.14_1,2023,11,0,0
GBR.1.48.11.15_1,2023,11,0,0
GBR.1.48.11.16_1,2023,11,0,0
GBR.1.48.11.17_1,2023,11,0,0
GBR.1.48.11.18_1,2023,11,0,0
GBR.1.48.11.19_1,2023,11,0,0
GBR.1.48.11.2_1,2023,11,0,0
GBR.1.48.11.20_1,2023,11,0,0
GBR.1.48.11.21_1,2023,11,0,0
GBR.1.48.11.22_1,2023,11,0,0
GBR.1.48.11.23_1,2023,11,0,0
GBR.1.48.11.24_1,2023,11,0,0
GBR.1.48.11.25_1,2023,11,0,0
GBR.1.48.11.3_1,2023,11,0,0
GBR.1.48.11.4_1,2023,11,0,0
GBR.1.48.11.5_1,2023,11,0,0
GBR.1.48.11.6_1,2023,11,0,0
GBR.1.48.11.7_1,2023,11,0,0
GBR.1.48.11.8_1,2023,11,0,0
GBR.1.48.11.9_1,2023,11,0,0
GBR.1.48.12.1_1,2023,11,0,0
GBR.1.48.12.10_1,2023,11,0,0
GBR.1.48.12.11_1,2023,11,0,0
GBR.1.48.12.12_1,2023,11,0,0
GBR.1.48.12.13_1,2023,11,0,0
GBR.1.48.12.16_1,2023,11,0,0
GBR.1.48.12.17_1,2023,11,0,0
GBR.1.48.12.18_1,2023,11,0,0
GBR.1.48.12.2_1,2023,11,0,0
GBR.1.48.12.20_1,2023,11,0,0
GBR.1.48.12.21_1,2023,11,0,0
GBR.1.48.12.22_1,2023,11,0,0
GBR.1.48.12.24_1,2023,11,0,0
GBR.1.48.12.3_1,2023,11,0,0
GBR.1.48.12.4_1,2023,11,0,0
GBR.1.48.12.5_1,2023,11,0,0
GBR.1.48.12.6_1,2023,11,0,0
GBR.1.48.12.7_1,2023,11,0,0
GBR.1.48.12.8_1,2023,11,0,0
GBR.1.48.12.9_1,2023,11,0,0
GBR.1.48.2.1_1,2023,11,0,0
GBR.1.48.2.10_1,2023,11,0,0
GBR.1.48.2.11_1,2023,11,0,0
GBR.1.48.2.12_1,2023,11,0,0
GBR.1.48.2.13_1,2023,11,0,0
GBR.1.48.2.14_1,2023,11,0,0
GBR.1.48.2.15_1,2023,11,0,0
GBR.1.48.2.16_1,2023,11,0,0
GBR.1.48.2.17_1,2023,11,0,0
GBR.1.48.2.18_1,2023,11,0,0
GBR.1.48.2.19_1,2023,11,0,0
GBR.1.48.2.2_1,2023,11,0,0
GBR.1.48.2.3_1,2023,11,0,0
GBR.1.48.2.4_1,2023,11,0,0
GBR.1.48.2.5_1,2023,11,0,0
GBR.1.48.2.6_1,2023,11,0,0
GBR.1.48.2.7_1,2023,11,0,0
GBR.1.48.2.8_1,2023,11,0,0
GBR.1.48.2.9_1,2023,11,0,0
GBR.1.48.3.10_1,2023,11,0,0
GBR.1.48.3.11_1,2023,11,0,0
GBR.1.48.3.12_1,2023,11,0,0
GBR.1.48.3.13_1,2023,11,0,0
GBR.1.48.3.14_1,2023,11,0,0
GBR.1.48.3.15_1,2023,11,0,0
GBR.1.48.3.16_1,2023,11,0,0
GBR.1.48.3.17_1,2023,11,0,0
GBR.1.48.3.18_1,2023,11,0,0
GBR.1.48.3.19_1,2023,11,0,0
GBR.1.48.3.20_1,2023,11,0,0
GBR.1.48.3.21_1,2023,11,0,0
GBR.1.48.3.22_1,2023,11,0,0
GBR.1.48.3.4_1,2023,11,0,0
GBR.1.48.3.5_1,2023,11,0,0
GBR.1.48.3.6_1,2023,11,0,0
GBR.1.48.3.8_1,2023,11,0,0
GBR.1.48.3.9_1,2023,11,0,0
GBR.1.48.4.1_1,2023,11,0,0
GBR.1.48.4.10_1,2023,11,0,0
GBR.1.48.4.11_1,2023,11,0,0
GBR.1.48.4.12_1,2023,11,0,0
GBR.1.48.4.13_1,2023,11,0,0
GBR.1.48.4.14_1,2023,11,0,0
GBR.1.48.4.15_1,2023,11,0,0
GBR.1.48.4.2_1,2023,11,0,0
GBR.1.48.4.3_1,2023,11,0,0
GBR.1.48.4.4_1,2023,11,0,0
GBR.1.48.4.5_1,2023,11,0,0
GBR.1.48.4.6_1,2023,11,0,0
GBR.1.48.4.7_1,2023,11,0,0
GBR.1.48.4.8_1,2023,11,0,0
GBR.1.48.4.9_1,2023,11,0,0
GBR.1.48.5.1_1,2023,11,0,0
GBR.1.48.5.10_1,2023,11,0,0
GBR.1.48.5.11_1,2023,11,0,0
GBR.1.48.5.12_1,2023,11,0,0
GBR.1.48.5.13_1,2023,11,0,0
GBR.1.48.5.14_1,2023,11,0,0
GBR.1.48.5.15_1,2023,11,0,0
GBR.1.48.5.16_1,2023,11,0,0
GBR.1.48.5.17_1,2023,11,0,0
GBR.1.48.5.18_1,2023,11,0,0
GBR.1.48.5.19_1,2023,11,0,0
GBR.1.48.5.2_1,2023,11,0,0
GBR.1.48.5.20_1,2023,11,0,0
GBR.1.48.5.21_1,2023,11,0,0
GBR.1.48.5.22_1,2023,11,0,0
GBR.1.48.5.23_1,2023,11,0,0
GBR.1.48.5.24_1,2023,11,0,0
GBR.1.48.5.25_1,2023,11,0,0
GBR.1.48.5.26_1,2023,11,0,0
GBR.1.48.5.27_1,2023,11,0,0
GBR.1.48.5.3_1,2023,11,0,0
GBR.1.48.5.4_1,2023,11,0,0
GBR.1.48.5.5_1,2023,11,0,0
GBR.1.48.5.6_1,2023,11,0,0
GBR.1.48.5.7_1,2023,11,0,0
GBR.1.48.5.8_1,2023,11,0,0
GBR.1.48.5.9_1,2023,11,0,0
GBR.1.48.6.1_1,2023,11,0,0
GBR.1.48.6.10_1,2023,11,0,0
GBR.1.48.6.11_1,2023,11,0,0
GBR.1.48.6.12_1,2023,11,0,0
GBR.1.48.6.13_1,2023,11,0,0
GBR.1.48.6.14_1,2023,11,0,0
GBR.1.48.6.15_1,2023,11,0,0
GBR.1.48.6.16_1,2023,11,0,0
GBR.1.48.6.17_1,2023,11,0,0
GBR.1.48.6.18_1,2023,11,0,0
GBR.1.48.6.19_1,2023,11,0,0
GBR.1.48.6.2_1,2023,11,0,0
GBR.1.48.6.20_1,2023,11,0,0
GBR.1.48.6.3_1,2023,11,0,0
GBR.1.48.6.4_1,2023,11,0,0
GBR.1.48.6.5_1,2023,11,0,0
GBR.1.48.6.6_1,2023,11,0,0
GBR.1.48.6.7_1,2023,11,0,0
GBR.1.48.6.8_1,2023,11,0,0
GBR.1.48.6.9_1,2023,11,0,0
GBR.1.48.7.1_1,2023,11,0,0
GBR.1.48.7.10_1,2023,11,0,0
GBR.1.48.7.11_1,2023,11,0,0
GBR.1.48.7.12_1,2023,11,0,0
GBR.1.48.7.13_1,2023,11,0,0
GBR.1.48.7.14_1,2023,11,0,0
GBR.1.48.7.15_1,2023,11,0,0
GBR.1.48.7.16_1,2023,11,0,0
GBR.1.48.7.17_1,2023,11,0,0
GBR.1.48.7.18_1,2023,11,0,0
GBR.1.48.7.19_1,2023,11,0,0
GBR.1.48.7.2_1,2023,11,0,0
GBR.1.48.7.20_1,2023,11,0,0
GBR.1.48.7.21_1,2023,11,0,0
GBR.1.48.7.3_1,2023,11,0,0
GBR.1.48.7.4_1,2023,11,0,0
GBR.1.48.7.5_1,2023,11,0,0
GBR.1.48.7.6_1,2023,11,0,0
GBR.1.48.7.7_1,2023,11,0,0
GBR.1.48.7.8_1,2023,11,0,0
GBR.1.48.7.9_1,2023,11,0,0
GBR.1.48.8.1_1,2023,11,0,0
GBR.1.48.8.10_1,2023,11,0,0
GBR.1.48.8.11_1,2023,11,0,0
GBR.1.48.8.12_1,2023,11,0,0
GBR.1.48.8.13_1,2023,11,0,0
GBR.1.48.8.14_1,2023,11,0,0
GBR.1.48.8.15_1,2023,11,0,0
GBR.1.48.8.16_1,2023,11,0,0
GBR.1.48.8.17_1,2023,11,0,0
GBR.1.48.8.18_1,2023,11,0,0
GBR.1.48.8.19_1,2023,11,0,0
GBR.1.48.8.2_1,2023,11,0,0
GBR.1.48.8.20_1,2023,11,0,0
GBR.1.48.8.21_1,2023,11,0,0
GBR.1.48.8.22_1,2023,11,0,0
GBR.1.48.8.23_1,2023,11,0,0
GBR.1.48.8.24_1,2023,11,0,0
GBR.1.48.8.3_1,2023,11,0,0
GBR.1.48.8.4_1,2023,11,0,0
GBR.1.48.8.5_1,2023,11,0,0
GBR.1.48.8.6_1,2023,11,0,0
GBR.1.48.8.7_1,2023,11,0,0
GBR.1.48.8.8_1,2023,11,0,0
GBR.1.48.8.9_1,2023,11,0,0
GBR.1.48.9.1_1,2023,11,0,0
GBR.1.48.9.10_1,2023,11,0,0
GBR.1.48.9.11_1,2023,11,0,0
GBR.1.48.9.12_1,2023,11,0,0
GBR.1.48.9.13_1,2023,11,0,0
GBR.1.48.9.14_1,2023,11,0,0
GBR.1.48.9.2_1,2023,11,0,0
GBR.1.48.9.3_1,2023,11,0,0
GBR.1.48.9.4_1,2023,11,0,0
GBR.1.48.9.5_1,2023,11,0,0
GBR.1.48.9.6_1,2023,11,0,0
GBR.1.48.9.7_1,2023,11,0,0
GBR.1.48.9.8_1,2023,11,0,0
GBR.1.48.9.9_1,2023,11,0,0
GBR.1.49.1.1_1,2023,11,0,0
GBR.1.49.1.10_1,2023,11,0,0
GBR.1.49.1.11_1,2023,11,0,0
GBR.1.49.1.12_1,2023,11,0,0
GBR.1.49.1.13_1,2023,11,0,0
GBR.1.49.1.14_1,2023,11,0,0
GBR.1.49.1.15_1,2023,11,0,0
GBR.1.49.1.16_1,2023,11,0,0
GBR.1.49.1.17_1,2023,11,0,0
GBR.1.49.1.18_1,2023,11,0,0
GBR.1.49.1.19_1,2023,11,0,0
GBR.1.49.1.2_1,2023,11,0,0
GBR.1.49.1.20_1,2023,11,0,0
GBR.1.49.1.21_1,2023,11,0,0
GBR.1.49.1.22_1,2023,11,0,0
GBR.1.49.1.23_1,2023,11,0,0
GBR.1.49.1.24_1,2023,11,0,0
GBR.1.49.1.25_1,2023,11,0,0
GBR.1.49.1.26_1,2023,11,0,0
GBR.1.49.1.27_1,2023,11,0,0
GBR.1.49.1.28_1,2023,11,0,0
GBR.1.49.1.29_1,2023,11,0,0
GBR.1.49.1.3_1,2023,11,0,0
GBR.1.49.1.30_1,2023,11,0,0
GBR.1.49.1.31_1,2023,11,0,0
GBR.1.49.1.32_1,2023,11,0,0
GBR.1.49.1.33_1,2023,11,0,0
GBR.1.49.1.4_1,2023,11,0,0
GBR.1.49.1.5_1,2023,11,0,0
GBR.1.49.1.6_1,2023,11,0,0
GBR.1.49.1.7_1,2023,11,0,0
GBR.1.49.1.8_1,2023,11,0,0
GBR.1.49.1.9_1,2023,11,0,0
GBR.1.5.1.1_1,2023,11,0,0
GBR.1.5.1.10_1,2023,11,0,0
GBR.1.5.1.11_1,2023,11,0,0
GBR.1.5.1.12_1,2023,11,0,0
GBR.1.5.1.13_1,2023,11,0,0
GBR.1.5.1.14_1,2023,11,0,0
GBR.1.5.1.15_1,2023,11,0,0
GBR.1.5.1.16_1,2023,11,0,0
GBR.1.5.1.17_1,2023,11,0,0
GBR.1.5.1.2_1,2023,11,0,0
GBR.1.5.1.3_1,2023,11,0,0
GBR.1.5.1.4_1,2023,11,0,0
GBR.1.5.1.5_1,2023,11,0,0
GBR.1.5.1.6_1,2023,11,0,0
GBR.1.5.1.7_1,2023,11,0,0
GBR.1.5.1.8_1,2023,11,0,0
GBR.1.5.1.9_1,2023,11,0,0
GBR.1.50.1.1_1,2023,11,0,0
GBR.1.50.1.10_1,2023,11,0,0
GBR.1.50.1.11_1,2023,11,0,0
GBR.1.50.1.12_1,2023,11,0,0
GBR.1.50.1.13_1,2023,11,0,0
GBR.1.50.1.14_1,2023,11,0,0
GBR.1.50.1.15_1,2023,11,0,0
GBR.1.50.1.16_1,2023,11,0,0
GBR.1.50.1.17_1,2023,11,0,0
GBR.1.50.1.18_1,2023,11,0,0
GBR.1.50.1.19_1,2023,11,0,0
GBR.1.50.1.2_1,2023,11,0,0
GBR.1.50.1.20_1,2023,11,0,0
GBR.1.50.1.21_1,2023,11,0,0
GBR.1.50.1.3_1,2023,11,0,0
GBR.1.50.1.4_1,2023,11,0,0
GBR.1.50.1.5_1,2023,11,0,0
GBR.1.50.1.6_1,2023,11,0,0
GBR.1.50.1.7_1,2023,11,0,0
GBR.1.50.1.8_1,2023,11,0,0
GBR.1.50.1.9_1,2023,11,0,0
GBR.1.51.1.1_1,2023,11,0,0
GBR.1.51.1.10_1,2023,11,0,0
GBR.1.51.1.11_1,2023,11,0,0
GBR.1.51.1.12_1,2023,11,0,0
GBR.1.51.1.13_1,2023,11,0,0
GBR.1.51.1.14_1,2023,11,0,0
GBR.1.51.1.15_1,2023,11,0,0
GBR.1.51.1.16_1,2023,11,0,0
GBR.1.51.1.2_1,2023,11,0,0
GBR.1.51.1.3_1,2023,11,0,0
GBR.1.51.1.4_1,2023,11,0,0
GBR.1.51.1.5_1,2023,11,0,0
GBR.1.51.1.6_1,2023,11,0,0
GBR.1.51.1.7_1,2023,11,0,0
GBR.1.51.1.8_1,2023,11,0,0
GBR.1.51.1.9_1,2023,11,0,0
GBR.1.51.2.1_1,2023,11,0,0
GBR.1.51.2.10_1,2023,11,0,0
GBR.1.51.2.11_1,2023,11,0,0
GBR.1.51.2.12_1,2023,11,0,0
GBR.1.51.2.13_1,2023,11,0,0
GBR.1.51.2.14_1,2023,11,0,0
GBR.1.51.2.15_1,2023,11,0,0
GBR.1.51.2.16_1,2023,11,0,0
GBR.1.51.2.17_1,2023,11,0,0
GBR.1.51.2.18_1,2023,11,0,0
GBR.1.51.2.19_1,2023,11,0,0
GBR.1.51.2.2_1,2023,11,0,0
GBR.1.51.2.20_1,2023,11,0,0
GBR.1.51.2.21_1,2023,11,0,0
GBR.1.51.2.22_1,2023,11,0,0
GBR.1.51.2.23_1,2023,11,0,0
GBR.1.51.2.24_1,2023,11,0,0
GBR.1.51.2.25_1,2023,11,0,0
GBR.1.51.2.26_1,2023,11,0,0
GBR.1.51.2.27_1,2023,11,0,0
GBR.1.51.2.3_1,2023,11,0,0
GBR.1.51.2.4_1,2023,11,0,0
GBR.1.51.2.5_1,2023,11,0,0
GBR.1.51.2.6_1,2023,11,0,0
GBR.1.51.2.7_1,2023,11,0,0
GBR.1.51.2.8_1,2023,11,0,0
GBR.1.51.2.9_1,2023,11,0,0
GBR.1.51.3.1_1,2023,11,0,0
GBR.1.51.3.10_1,2023,11,0,0
GBR.1.51.3.11_1,2023,11,0,0
GBR.1.51.3.12_1,2023,11,0,0
GBR.1.51.3.13_1,2023,11,0,0
GBR.1.51.3.14_1,2023,11,0,0
GBR.1.51.3.15_1,2023,11,0,0
GBR.1.51.3.16_1,2023,11,0,0
GBR.1.51.3.17_1,2023,11,0,0
GBR.1.51.3.18_1,2023,11,0,0
GBR.1.51.3.19_1,2023,11,0,0
GBR.1.51.3.2_1,2023,11,0,0
GBR.1.51.3.20_1,2023,11,0,0
GBR.1.51.3.21_1,2023,11,0,0
GBR.1.51.3.22_1,2023,11,0,0
GBR.1.51.3.23_1,2023,11,0,0
GBR.1.51.3.24_1,2023,11,0,0
GBR.1.51.3.25_1,2023,11,0,0
GBR.1.51.3.26_1,2023,11,0,0
GBR.1.51.3.3_1,2023,11,0,0
GBR.1.51.3.4_1,2023,11,0,0
GBR.1.51.3.5_1,2023,11,0,0
GBR.1.51.3.6_1,2023,11,0,0
GBR.1.51.3.7_1,2023,11,0,0
GBR.1.51.3.8_1,2023,11,0,0
GBR.1.51.3.9_1,2023,11,0,0
GBR.1.51.4.1_1,2023,11,0,0
GBR.1.51.4.10_1,2023,11,0,0
GBR.1.51.4.11_1,2023,11,0,0
GBR.1.51.4.12_1,2023,11,0,0
GBR.1.51.4.13_1,2023,11,0,0
GBR.1.51.4.14_1,2023,11,0,0
GBR.1.51.4.15_1,2023,11,0,0
GBR.1.51.4.16_1,2023,11,0,0
GBR.1.51.4.17_1,2023,11,0,0
GBR.1.51.4.2_1,2023,11,0,0
GBR.1.51.4.3_1,2023,11,0,0
GBR.1.51.4.4_1,2023,11,0,0
GBR.1.51.4.5_1,2023,11,0,0
GBR.1.51.4.6_1,2023,11,0,0
GBR.1.51.4.7_1,2023,11,0,0
GBR.1.51.4.8_1,2023,11,0,0
GBR.1.51.4.9_1,2023,11,0,0
GBR.1.51.5.1_1,2023,11,0,0
GBR.1.51.5.10_1,2023,11,0,0
GBR.1.51.5.11_1,2023,11,0,0
GBR.1.51.5.12_1,2023,11,0,0
GBR.1.51.5.13_1,2023,11,0,0
GBR.1.51.5.14_1,2023,11,0,0
GBR.1.51.5.15_1,2023,11,0,0
GBR.1.51.5.16_1,2023,11,0,0
GBR.1.51.5.17_1,2023,11,0,0
GBR.1.51.5.18_1,2023,11,0,0
GBR.1.51.5.2_1,2023,11,0,0
GBR.1.51.5.3_1,2023,11,0,0
GBR.1.51.5.4_1,2023,11,0,0
GBR.1.51.5.5_1,2023,11,0,0
GBR.1.51.5.6_1,2023,11,0,0
GBR.1.51.5.7_1,2023,11,0,0
GBR.1.51.5.8_1,2023,11,0,0
GBR.1.51.5.9_1,2023,11,0,0
GBR.1.51.6.1_1,2023,11,0,0
GBR.1.51.6.10_1,2023,11,0,0
GBR.1.51.6.11_1,2023,11,0,0
GBR.1.51.6.12_1,2023,11,0,0
GBR.1.51.6.13_1,2023,11,0,0
GBR.1.51.6.14_1,2023,11,0,0
GBR.1.51.6.15_1,2023,11,0,0
GBR.1.51.6.16_1,2023,11,0,0
GBR.1.51.6.17_1,2023,11,0,0
GBR.1.51.6.18_1,2023,11,0,0
GBR.1.51.6.19_1,2023,11,0,0
GBR.1.51.6.2_1,2023,11,0,0
GBR.1.51.6.20_1,2023,11,0,0
GBR.1.51.6.21_1,2023,11,0,0
GBR.1.51.6.22_1,2023,11,0,0
GBR.1.51.6.23_1,2023,11,0,0
GBR.1.51.6.24_1,2023,11,0,0
GBR.1.51.6.25_1,2023,11,0,0
GBR.1.51.6.26_1,2023,11,0,0
GBR.1.51.6.27_1,2023,11,0,0
GBR.1.51.6.28_1,2023,11,0,0
GBR.1.51.6.29_1,2023,11,0,0
GBR.1.51.6.3_1,2023,11,0,0
GBR.1.51.6.30_1,2023,11,0,0
GBR.1.51.6.31_1,2023,11,0,0
GBR.1.51.6.32_1,2023,11,0,0
GBR.1.51.6.33_1,2023,11,0,0
GBR.1.51.6.34_1,2023,11,0,0
GBR.1.51.6.35_1,2023,11,0,0
GBR.1.51.6.36_1,2023,11,0,0
GBR.1.51.6.37_1,2023,11,0,0
GBR.1.51.6.38_1,2023,11,0,0
GBR.1.51.6.4_1,2023,11,0,0
GBR.1.51.6.5_1,2023,11,0,0
GBR.1.51.6.6_1,2023,11,0,0
GBR.1.51.6.7_1,2023,11,0,0
GBR.1.51.6.8_1,2023,11,0,0
GBR.1.51.6.9_1,2023,11,0,0
GBR.1.51.7.1_1,2023,11,0,0
GBR.1.51.7.10_1,2023,11,0,0
GBR.1.51.7.11_1,2023,11,0,0
GBR.1.51.7.12_1,2023,11,0,0
GBR.1.51.7.2_1,2023,11,0,0
GBR.1.51.7.3_1,2023,11,0,0
GBR.1.51.7.4_1,2023,11,0,0
GBR.1.51.7.5_1,2023,11,0,0
GBR.1.51.7.6_1,2023,11,0,0
GBR.1.51.7.7_1,2023,11,0,0
GBR.1.51.7.8_1,2023,11,0,0
GBR.1.51.7.9_1,2023,11,0,0
GBR.1.52.1.1_1,2023,11,0,0
GBR.1.52.1.10_1,2023,11,0,0
GBR.1.52.1.11_1,2023,11,0,0
GBR.1.52.1.12_1,2023,11,0,0
GBR.1.52.1.13_1,2023,11,0,0
GBR.1.52.1.14_1,2023,11,0,0
GBR.1.52.1.15_1,2023,11,0,0
GBR.1.52.1.2_1,2023,11,0,0
GBR.1.52.1.3_1,2023,11,0,0
GBR.1.52.1.4_1,2023,11,0,0
GBR.1.52.1.5_1,2023,11,0,0
GBR.1.52.1.6_1,2023,11,0,0
GBR.1.52.1.7_1,2023,11,0,0
GBR.1.52.1.8_1,2023,11,0,0
GBR.1.52.1.9_1,2023,11,0,0
GBR.1.52.2.1_1,2023,11,0,0
GBR.1.52.2.10_1,2023,11,0,0
GBR.1.52.2.11_1,2023,11,0,0
GBR.1.52.2.12_1,2023,11,0,0
GBR.1.52.2.13_1,2023,11,0,0
GBR.1.52.2.14_1,2023,11,0,0
GBR.1.52.2.15_1,2023,11,0,0
GBR.1.52.2.16_1,2023,11,0,0
GBR.1.52.2.17_1,2023,11,0,0
GBR.1.52.2.18_1,2023,11,0,0
GBR.1.52.2.19_1,2023,11,0,0
GBR.1.52.2.2_1,2023,11,0,0
GBR.1.52.2.20_1,2023,11,0,0
GBR.1.52.2.21_1,2023,11,0,0
GBR.1.52.2.22_1,2023,11,0,0
GBR.1.52.2.23_1,2023,11,0,0
GBR.1.52.2.24_1,2023,11,0,0
GBR.1.52.2.25_1,2023,11,0,0
GBR.1.52.2.26_1,2023,11,0,0
GBR.1.52.2.27_1,2023,11,0,0
GBR.1.52.2.28_1,2023,11,0,0
GBR.1.52.2.29_1,2023,11,0,0
GBR.1.52.2.3_1,2023,11,0,0
GBR.1.52.2.30_1,2023,11,0,0
GBR.1.52.2.31_1,2023,11,0,0
GBR.1.52.2.32_1,2023,11,0,0
GBR.1.52.2.33_1,2023,11,0,0
GBR.1.52.2.34_1,2023,11,0,0
GBR.1.52.2.35_1,2023,11,0,0
GBR.1.52.2.36_1,2023,11,0,0
GBR.1.52.2.37_1,2023,11,0,0
GBR.1.52.2.4_1,2023,11,0,0
GBR.1.52.2.5_1,2023,11,0,0
GBR.1.52.2.6_1,2023,11,0,0
GBR.1.52.2.7_1,2023,11,0,0
GBR.1.52.2.8_1,2023,11,0,0
GBR.1.52.2.9_1,2023,11,0,0
GBR.1.52.3.1_1,2023,11,0,0
GBR.1.52.3.10_1,2023,11,0,0
GBR.1.52.3.11_1,2023,11,0,0
GBR.1.52.3.2_1,2023,11,0,0
GBR.1.52.3.3_1,2023,11,0,0
GBR.1.52.3.4_1,2023,11,0,0
GBR.1.52.3.5_1,2023,11,0,0
GBR.1.52.3.6_1,2023,11,0,0
GBR.1.52.3.7_1,2023,11,0,0
GBR.1.52.3.8_1,2023,11,0,0
GBR.1.52.3.9_1,2023,11,0,0
GBR.1.52.4.1_1,2023,11,0,0
GBR.1.52.4.10_1,2023,11,0,0
GBR.1.52.4.11_1,2023,11,0,0
GBR.1.52.4.12_1,2023,11,0,0
GBR.1.52.4.13_1,2023,11,0,0
GBR.1.52.4.14_1,2023,11,0,0
GBR.1.52.4.15_1,2023,11,0,0
GBR.1.52.4.2_1,2023,11,0,0
GBR.1.52.4.3_1,2023,11,0,0
GBR.1.52.4.4_1,2023,11,0,0
GBR.1.52.4.5_1,2023,11,0,0
GBR.1.52.4.6_1,2023,11,0,0
GBR.1.52.4.7_1,2023,11,0,0
GBR.1.52.4.8_1,2023,11,0,0
GBR.1.52.4.9_1,2023,11,0,0
GBR.1.52.5.1_1,2023,11,0,0
GBR.1.52.5.10_1,2023,11,0,0
GBR.1.52.5.11_1,2023,11,0,0
GBR.1.52.5.12_1,2023,11,0,0
GBR.1.52.5.13_1,2023,11,0,0
GBR.1.52.5.14_1,2023,11,0,0
GBR.1.52.5.15_1,2023,11,0,0
GBR.1.52.5.16_1,2023,11,0,0
GBR.1.52.5.17_1,2023,11,0,0
GBR.1.52.5.18_1,2023,11,0,0
GBR.1.52.5.19_1,2023,11,0,0
GBR.1.52.5.2_1,2023,11,0,0
GBR.1.52.5.20_1,2023,11,0,0
GBR.1.52.5.21_1,2023,11,0,0
GBR.1.52.5.22_1,2023,11,0,0
GBR.1.52.5.23_1,2023,11,0,0
GBR.1.52.5.24_1,2023,11,0,0
GBR.1.52.5.25_1,2023,11,0,0
GBR.1.52.5.26_1,2023,11,0,0
GBR.1.52.5.27_1,2023,11,0,0
GBR.1.52.5.3_1,2023,11,0,0
GBR.1.52.5.4_1,2023,11,0,0
GBR.1.52.5.5_1,2023,11,0,0
GBR.1.52.5.6_1,2023,11,0,0
GBR.1.52.5.7_1,2023,11,0,0
GBR.1.52.5.8_1,2023,11,0,0
GBR.1.52.5.9_1,2023,11,0,0
GBR.1.52.6.1_1,2023,11,0,0
GBR.1.52.6.10_1,2023,11,0,0
GBR.1.52.6.11_1,2023,11,0,0
GBR.1.52.6.12_1,2023,11,0,0
GBR.1.52.6.13_1,2023,11,0,0
GBR.1.52.6.14_1,2023,11,0,0
GBR.1.52.6.15_1,2023,11,0,0
GBR.1.52.6.16_1,2023,11,0,0
GBR.1.52.6.17_1,2023,11,0,0
GBR.1.52.6.18_1,2023,11,0,0
GBR.1.52.6.2_1,2023,11,0,0
GBR.1.52.6.3_1,2023,11,0,0
GBR.1.52.6.4_1,2023,11,0,0
GBR.1.52.6.5_1,2023,11,0,0
GBR.1.52.6.6_1,2023,11,0,0
GBR.1.52.6.7_1,2023,11,0,0
GBR.1.52.6.8_1,2023,11,0,0
GBR.1.52.6.9_1,2023,11,0,0
GBR.1.52.7.1_1,2023,11,0,0
GBR.1.52.7.10_1,2023,11,0,0
GBR.1.52.7.11_1,2023,11,0,0
GBR.1.52.7.12_1,2023,11,0,0
GBR.1.52.7.13_1,2023,11,0,0
GBR.1.52.7.14_1,2023,11,0,0
GBR.1.52.7.15_1,2023,11,0,0
GBR.1.52.7.16_1,2023,11,0,0
GBR.1.52.7.17_1,2023,11,0,0
GBR.1.52.7.18_1,2023,11,0,0
GBR.1.52.7.19_1,2023,11,0,0
GBR.1.52.7.2_1,2023,11,0,0
GBR.1.52.7.20_1,2023,11,0,0
GBR.1.52.7.21_1,2023,11,0,0
GBR.1.52.7.22_1,2023,11,0,0
GBR.1.52.7.23_1,2023,11,0,0
GBR.1.52.7.24_1,2023,11,0,0
GBR.1.52.7.25_1,2023,11,0,0
GBR.1.52.7.26_1,2023,11,0,0
GBR.1.52.7.27_1,2023,11,0,0
GBR.1.52.7.28_1,2023,11,0,0
GBR.1.52.7.29_1,2023,11,0,0
GBR.1.52.7.3_1,2023,11,0,0
GBR.1.52.7.4_1,2023,11,0,0
GBR.1.52.7.5_1,2023,11,0,0
GBR.1.52.7.6_1,2023,11,0,0
GBR.1.52.7.7_1,2023,11,0,0
GBR.1.52.7.8_1,2023,11,0,0
GBR.1.52.7.9_1,2023,11,0,0
GBR.1.52.8.1_1,2023,11,0,0
GBR.1.52.8.10_1,2023,11,0,0
GBR.1.52.8.11_1,2023,11,0,0
GBR.1.52.8.12_1,2023,11,0,0
GBR.1.52.8.13_1,2023,11,0,0
GBR.1.52.8.14_1,2023,11,0,0
GBR.1.52.8.15_1,2023,11,0,0
GBR.1.52.8.16_1,2023,11,0,0
GBR.1.52.8.17_1,2023,11,0,0
GBR.1.52.8.18_1,2023,11,0,0
GBR.1.52.8.19_1,2023,11,0,0
GBR.1.52.8.2_1,2023,11,0,0
GBR.1.52.8.3_1,2023,11,0,0
GBR.1.52.8.4_1,2023,11,0,0
GBR.1.52.8.5_1,2023,11,0,0
GBR.1.52.8.6_1,2023,11,0,0
GBR.1.52.8.7_1,2023,11,0,0
GBR.1.52.8.8_1,2023,11,0,0
GBR.1.52.8.9_1,2023,11,0,0
GBR.1.53.1.1_1,2023,11,0,0
GBR.1.53.1.10_1,2023,11,0,0
GBR.1.53.1.11_1,2023,11,0,0
GBR.1.53.1.12_1,2023,11,0,0
GBR.1.53.1.13_1,2023,11,0,0
GBR.1.53.1.14_1,2023,11,0,0
GBR.1.53.1.15_1,2023,11,0,0
GBR.1.53.1.16_1,2023,11,0,0
GBR.1.53.1.17_1,2023,11,0,0
GBR.1.53.1.18_1,2023,11,0,0
GBR.1.53.1.19_1,2023,11,0,0
GBR.1.53.1.2_1,2023,11,0,0
GBR.1.53.1.3_1,2023,11,0,0
GBR.1.53.1.4_1,2023,11,0,0
GBR.1.53.1.5_1,2023,11,0,0
GBR.1.53.1.6_1,2023,11,0,0
GBR.1.53.1.7_1,2023,11,0,0
GBR.1.53.1.8_1,2023,11,0,0
GBR.1.53.1.9_1,2023,11,0,0
GBR.1.54.1.1_1,2023,11,0,0
GBR.1.54.1.10_1,2023,11,0,0
GBR.1.54.1.11_1,2023,11,0,0
GBR.1.54.1.12_1,2023,11,0,0
GBR.1.54.1.13_1,2023,11,0,0
GBR.1.54.1.14_1,2023,11,0,0
GBR.1.54.1.15_1,2023,11,0,0
GBR.1.54.1.16_1,2023,11,0,0
GBR.1.54.1.17_1,2023,11,0,0
GBR.1.54.1.18_1,2023,11,0,0
GBR.1.54.1.19_1,2023,11,0,0
GBR.1.54.1.2_1,2023,11,0,0
GBR.1.54.1.20_1,2023,11,0,0
GBR.1.54.1.21_1,2023,11,0,0
GBR.1.54.1.22_1,2023,11,0,0
GBR.1.54.1.23_1,2023,11,0,0
GBR.1.54.1.24_1,2023,11,0,0
GBR.1.54.1.25_1,2023,11,0,0
GBR.1.54.1.26_1,2023,11,0,0
GBR.1.54.1.27_1,2023,11,0,0
GBR.1.54.1.28_1,2023,11,0,0
GBR.1.54.1.29_1,2023,11,0,0
GBR.1.54.1.3_1,2023,11,0,0
GBR.1.54.1.30_1,2023,11,0,0
GBR.1.54.1.31_1,2023,11,0,0
GBR.1.54.1.4_1,2023,11,0,0
GBR.1.54.1.5_1,2023,11,0,0
GBR.1.54.1.6_1,2023,11,0,0
GBR.1.54.1.7_1,2023,11,0,0
GBR.1.54.1.8_1,2023,11,0,0
GBR.1.54.1.9_1,2023,11,0,0
GBR.1.55.1.1_1,2023,11,0,0
GBR.1.55.1.10_1,2023,11,0,0
GBR.1.55.1.11_1,2023,11,0,0
GBR.1.55.1.12_1,2023,11,0,0
GBR.1.55.1.13_1,2023,11,0,0
GBR.1.55.1.14_1,2023,11,0,0
GBR.1.55.1.15_1,2023,11,0,0
GBR.1.55.1.16_1,2023,11,0,0
GBR.1.55.1.17_1,2023,11,0,0
GBR.1.55.1.18_1,2023,11,0,0
GBR.1.55.1.19_1,2023,11,0,0
GBR.1.55.1.2_1,2023,11,0,0
GBR.1.55.1.20_1,2023,11,0,0
GBR.1.55.1.21_1,2023,11,0,0
GBR.1.55.1.22_1,2023,11,0,0
GBR.1.55.1.3_1,2023,11,0,0
GBR.1.55.1.4_1,2023,11,0,0
GBR.1.55.1.5_1,2023,11,0,0
GBR.1.55.1.6_1,2023,11,0,0
GBR.1.55.1.7_1,2023,11,0,0
GBR.1.55.1.8_1,2023,11,0,0
GBR.1.55.1.9_1,2023,11,0,0
GBR.1.56.1.1_1,2023,11,0,0
GBR.1.56.1.10_1,2023,11,0,0
GBR.1.56.1.11_1,2023,11,0,0
GBR.1.56.1.12_1,2023,11,0,0
GBR.1.56.1.13_1,2023,11,0,0
GBR.1.56.1.14_1,2023,11,0,0
GBR.1.56.1.15_1,2023,11,0,0
GBR.1.56.1.16_1,2023,11,0,0
GBR.1.56.1.17_1,2023,11,0,0
GBR.1.56.1.18_1,2023,11,0,0
GBR.1.56.1.2_1,2023,11,0,0
GBR.1.56.1.3_1,2023,11,0,0
GBR.1.56.1.4_1,2023,11,0,0
GBR.1.56.1.5_1,2023,11,0,0
GBR.1.56.1.6_1,2023,11,0,0
GBR.1.56.1.7_1,2023,11,0,0
GBR.1.56.1.8_1,2023,11,0,0
GBR.1.56.1.9_1,2023,11,0,0
GBR.1.57.1.1_1,2023,11,0,0
GBR.1.57.1.10_1,2023,11,0,0
GBR.1.57.1.11_1,2023,11,0,0
GBR.1.57.1.12_1,2023,11,0,0
GBR.1.57.1.13_1,2023,11,0,0
GBR.1.57.1.14_1,2023,11,0,0
GBR.1.57.1.15_1,2023,11,0,0
GBR.1.57.1.16_1,2023,11,0,0
GBR.1.57.1.17_1,2023,11,0,0
GBR.1.57.1.18_1,2023,11,0,0
GBR.1.57.1.19_1,2023,11,0,0
GBR.1.57.1.2_1,2023,11,0,0
GBR.1.57.1.3_1,2023,11,0,0
GBR.1.57.1.4_1,2023,11,0,0
GBR.1.57.1.5_1,2023,11,0,0
GBR.1.57.1.6_1,2023,11,0,0
GBR.1.57.1.7_1,2023,11,0,0
GBR.1.57.1.8_1,2023,11,0,0
GBR.1.57.1.9_1,2023,11,0,0
GBR.1.58.1.1_1,2023,11,0,0
GBR.1.58.1.10_1,2023,11,0,0
GBR.1.58.1.11_1,2023,11,0,0
GBR.1.58.1.12_1,2023,11,0,0
GBR.1.58.1.13_1,2023,11,0,0
GBR.1.58.1.14_1,2023,11,0,0
GBR.1.58.1.15_1,2023,11,0,0
GBR.1.58.1.16_1,2023,11,0,0
GBR.1.58.1.17_1,2023,11,0,0
GBR.1.58.1.18_1,2023,11,0,0
GBR.1.58.1.19_1,2023,11,0,0
GBR.1.58.1.2_1,2023,11,0,0
GBR.1.58.1.20_1,2023,11,0,0
GBR.1.58.1.21_1,2023,11,0,0
GBR.1.58.1.22_1,2023,11,0,0
GBR.1.58.1.23_1,2023,11,0,0
GBR.1.58.1.24_1,2023,11,0,0
GBR.1.58.1.25_1,2023,11,0,0
GBR.1.58.1.26_1,2023,11,0,0
GBR.1.58.1.27_1,2023,11,0,0
GBR.1.58.1.28_1,2023,11,0,0
GBR.1.58.1.29_1,2023,11,0,0
GBR.1.58.1.3_1,2023,11,0,0
GBR.1.58.1.4_1,2023,11,0,0
GBR.1.58.1.5_1,2023,11,0,0
GBR.1.58.1.6_1,2023,11,0,0
GBR.1.58.1.7_1,2023,11,0,0
GBR.1.58.1.8_1,2023,11,0,0
GBR.1.58.1.9_1,2023,11,0,0
GBR.1.59.1.1_1,2023,11,0,0
GBR.1.59.1.10_1,2023,11,0,0
GBR.1.59.1.11_1,2023,11,0,0
GBR.1.59.1.12_1,2023,11,0,0
GBR.1.59.1.13_1,2023,11,0,0
GBR.1.59.1.14_1,2023,11,0,0
GBR.1.59.1.15_1,2023,11,0,0
GBR.1.59.1.16_1,2023,11,0,0
GBR.1.59.1.17_1,2023,11,0,0
GBR.1.59.1.18_1,2023,11,0,0
GBR.1.59.1.19_1,2023,11,0,0
GBR.1.59.1.2_1,2023,11,0,0
GBR.1.59.1.20_1,2023,11,0,0
GBR.1.59.1.21_1,2023,11,0,0
GBR.1.59.1.22_1,2023,11,0,0
GBR.1.59.1.23_1,2023,11,0,0
GBR.1.59.1.24_1,2023,11,0,0
GBR.1.59.1.25_1,2023,11,0,0
GBR.1.59.1.26_1,2023,11,0,0
GBR.1.59.1.27_1,2023,11,0,0
GBR.1.59.1.3_1,2023,11,0,0
GBR.1.59.1.4_1,2023,11,0,0
GBR.1.59.1.5_1,2023,11,0,0
GBR.1.59.1.6_1,2023,11,0,0
GBR.1.59.1.7_1,2023,11,0,0
GBR.1.59.1.8_1,2023,11,0,0
GBR.1.59.1.9_1,2023,11,0,0
GBR.1.59.2.1_1,2023,11,0,0
GBR.1.59.2.10_1,2023,11,0,0
GBR.1.59.2.11_1,2023,11,0,0
GBR.1.59.2.12_1,2023,11,0,0
GBR.1.59.2.13_1,2023,11,0,0
GBR.1.59.2.14_1,2023,11,0,0
GBR.1.59.2.15_1,2023,11,0,0
GBR.1.59.2.16_1,2023,11,0,0
GBR.1.59.2.17_1,2023,11,0,0
GBR.1.59.2.18_1,2023,11,0,0
GBR.1.59.2.19_1,2023,11,0,0
GBR.1.59.2.2_1,2023,11,0,0
GBR.1.59.2.20_1,2023,11,0,0
GBR.1.59.2.21_1,2023,11,0,0
GBR.1.59.2.22_1,2023,11,0,0
GBR.1.59.2.23_1,2023,11,0,0
GBR.1.59.2.24_1,2023,11,0,0
GBR.1.59.2.25_1,2023,11,0,0
GBR.1.59.2.26_1,2023,11,0,0
GBR.1.59.2.27_1,2023,11,0,0
GBR.1.59.2.28_1,2023,11,0,0
GBR.1.59.2.29_1,2023,11,0,0
GBR.1.59.2.3_1,2023,11,0,0
GBR.1.59.2.30_1,2023,11,0,0
GBR.1.59.2.31_1,2023,11,0,0
GBR.1.59.2.4_1,2023,11,0,0
GBR.1.59.2.5_1,2023,11,0,0
GBR.1.59.2.6_1,2023,11,0,0
GBR.1.59.2.7_1,2023,11,0,0
GBR.1.59.2.8_1,2023,11,0,0
GBR.1.59.2.9_1,2023,11,0,0
GBR.1.59.3.1_1,2023,11,0,0
GBR.1.59.3.10_1,2023,11,0,0
GBR.1.59.3.11_1,2023,11,0,0
GBR.1.59.3.13_1,2023,11,0,0
GBR.1.59.3.14_1,2023,11,0,0
GBR.1.59.3.15_1,2023,11,0,0
GBR.1.59.3.2_1,2023,11,0,0
GBR.1.59.3.4_1,2023,11,0,0
GBR.1.59.3.5_1,2023,11,0,0
GBR.1.59.3.6_1,2023,11,0,0
GBR.1.59.3.7_1,2023,11,0,0
GBR.1.59.3.8_1,2023,11,0,0
GBR.1.59.3.9_1,2023,11,0,0
GBR.1.59.4.1_1,2023,11,0,0
GBR.1.59.4.10_1,2023,11,0,0
GBR.1.59.4.11_1,2023,11,0,0
GBR.1.59.4.12_1,2023,11,0,0
GBR.1.59.4.13_1,2023,11,0,0
GBR.1.59.4.14_1,2023,11,0,0
GBR.1.59.4.15_1,2023,11,0,0
GBR.1.59.4.16_1,2023,11,0,0
GBR.1.59.4.17_1,2023,11,0,0
GBR.1.59.4.18_1,2023,11,0,0
GBR.1.59.4.19_1,2023,11,0,0
GBR.1.59.4.2_1,2023,11,0,0
GBR.1.59.4.20_1,2023,11,0,0
GBR.1.59.4.21_1,2023,11,0,0
GBR.1.59.4.22_1,2023,11,0,0
GBR.1.59.4.25_1,2023,11,0,0
GBR.1.59.4.26_1,2023,11,0,0
GBR.1.59.4.28_1,2023,11,0,0
GBR.1.59.4.29_1,2023,11,0,0
GBR.1.59.4.3_1,2023,11,0,0
GBR.1.59.4.30_1,2023,11,0,0
GBR.1.59.4.31_1,2023,11,0,0
GBR.1.59.4.32_1,2023,11,0,0
GBR.1.59.4.33_1,2023,11,0,0
GBR.1.59.4.34_1,2023,11,0,0
GBR.1.59.4.35_1,2023,11,0,0
GBR.1.59.4.4_1,2023,11,0,0
GBR.1.59.4.6_1,2023,11,0,0
GBR.1.59.4.7_1,2023,11,0,0
GBR.1.59.4.8_1,2023,11,0,0
GBR.1.59.4.9_1,2023,11,0,0
GBR.1.59.5.1_1,2023,11,0,0
GBR.1.59.5.10_1,2023,11,0,0
GBR.1.59.5.2_1,2023,11,0,0
GBR.1.59.5.3_1,2023,11,0,0
GBR.1.59.5.4_1,2023,11,0,0
GBR.1.59.5.5_1,2023,11,0,0
GBR.1.59.5.6_1,2023,11,0,0
GBR.1.59.5.7_1,2023,11,0,0
GBR.1.59.5.8_1,2023,11,0,0
GBR.1.59.5.9_1,2023,11,0,0
GBR.1.59.6.1_1,2023,11,0,0
GBR.1.59.6.10_1,2023,11,0,0
GBR.1.59.6.11_1,2023,11,0,0
GBR.1.59.6.12_1,2023,11,0,0
GBR.1.59.6.13_1,2023,11,0,0
GBR.1.59.6.14_1,2023,11,0,0
GBR.1.59.6.15_1,2023,11,0,0
GBR.1.59.6.16_1,2023,11,0,0
GBR.1.59.6.17_1,2023,11,0,0
GBR.1.59.6.18_1,2023,11,0,0
GBR.1.59.6.19_1,2023,11,0,0
GBR.1.59.6.2_1,2023,11,0,0
GBR.1.59.6.20_1,2023,11,0,0
GBR.1.59.6.21_1,2023,11,0,0
GBR.1.59.6.22_1,2023,11,0,0
GBR.1.59.6.23_1,2023,11,0,0
GBR.1.59.6.24_1,2023,11,0,0
GBR.1.59.6.25_1,2023,11,0,0
GBR.1.59.6.26_1,2023,11,0,0
GBR.1.59.6.27_1,2023,11,0,0
GBR.1.59.6.28_1,2023,11,0,0
GBR.1.59.6.29_1,2023,11,0,0
GBR.1.59.6.3_1,2023,11,0,0
GBR.1.59.6.30_1,2023,11,0,0
GBR.1.59.6.31_1,2023,11,0,0
GBR.1.59.6.32_1,2023,11,0,0
GBR.1.59.6.33_1,2023,11,0,0
GBR.1.59.6.34_1,2023,11,0,0
GBR.1.59.6.35_1,2023,11,0,0
GBR.1.59.6.36_1,2023,11,0,0
GBR.1.59.6.4_1,2023,11,0,0
GBR.1.59.6.5_1,2023,11,0,0
GBR.1.59.6.6_1,2023,11,0,0
GBR.1.59.6.7_1,2023,11,0,0
GBR.1.59.6.8_1,2023,11,0,0
GBR.1.59.6.9_1,2023,11,0,0
GBR.1.6.1.1_1,2023,11,0,0
GBR.1.6.1.10_1,2023,11,0,0
GBR.1.6.1.11_1,2023,11,0,0
GBR.1.6.1.12_1,2023,11,0,0
GBR.1.6.1.13_1,2023,11,0,0
GBR.1.6.1.15_1,2023,11,0,0
GBR.1.6.1.16_1,2023,11,0,0
GBR.1.6.1.17_1,2023,11,0,0
GBR.1.6.1.18_1,2023,11,0,0
GBR.1.6.1.19_1,2023,11,0,0
GBR.1.6.1.2_1,2023,11,0,0
GBR.1.6.1.4_1,2023,11,0,0
GBR.1.6.1.5_1,2023,11,0,0
GBR.1.6.1.6_1,2023,11,0,0
GBR.1.6.1.7_1,2023,11,0,0
GBR.1.6.1.8_1,2023,11,0,0
GBR.1.6.1.9_1,2023,11,0,0
GBR.1.60.1.1_1,2023,11,0,0
GBR.1.60.1.10_1,2023,11,0,0
GBR.1.60.1.11_1,2023,11,0,0
GBR.1.60.1.12_1,2023,11,0,0
GBR.1.60.1.13_1,2023,11,0,0
GBR.1.60.1.14_1,2023,11,0,0
GBR.1.60.1.15_1,2023,11,0,0
GBR.1.60.1.16_1,2023,11,0,0
GBR.1.60.1.17_1,2023,11,0,0
GBR.1.60.1.2_1,2023,11,0,0
GBR.1.60.1.3_1,2023,11,0,0
GBR.1.60.1.4_1,2023,11,0,0
GBR.1.60.1.5_1,2023,11,0,0
GBR.1.60.1.6_1,2023,11,0,0
GBR.1.60.1.7_1,2023,11,0,0
GBR.1.60.1.8_1,2023,11,0,0
GBR.1.60.1.9_1,2023,11,0,0
GBR.1.61.1.1_1,2023,11,0,0
GBR.1.61.1.10_1,2023,11,0,0
GBR.1.61.1.11_1,2023,11,0,0
GBR.1.61.1.12_1,2023,11,0,0
GBR.1.61.1.13_1,2023,11,0,0
GBR.1.61.1.14_1,2023,11,0,0
GBR.1.61.1.15_1,2023,11,0,0
GBR.1.61.1.16_1,2023,11,0,0
GBR.1.61.1.17_1,2023,11,0,0
GBR.1.61.1.18_1,2023,11,0,0
GBR.1.61.1.19_1,2023,11,0,0
GBR.1.61.1.2_1,2023,11,0,0
GBR.1.61.1.22_1,2023,11,0,0
GBR.1.61.1.23_1,2023,11,0,0
GBR.1.61.1.24_1,2023,11,0,0
GBR.1.61.1.25_1,2023,11,0,0
GBR.1.61.1.26_1,2023,11,0,0
GBR.1.61.1.27_1,2023,11,0,0
GBR.1.61.1.28_1,2023,11,0,0
GBR.1.61.1.29_1,2023,11,0,0
GBR.1.61.1.3_1,2023,11,0,0
GBR.1.61.1.30_1,2023,11,0,0
GBR.1.61.1.31_1,2023,11,0,0
GBR.1.61.1.32_1,2023,11,0,0
GBR.1.61.1.33_1,2023,11,0,0
GBR.1.61.1.34_1,2023,11,0,0
GBR.1.61.1.35_1,2023,11,0,0
GBR.1.61.1.36_1,2023,11,0,0
GBR.1.61.1.37_1,2023,11,0,0
GBR.1.61.1.4_1,2023,11,0,0
GBR.1.61.1.5_1,2023,11,0,0
GBR.1.61.1.6_1,2023,11,0,0
GBR.1.61.1.7_1,2023,11,0,0
GBR.1.61.1.8_1,2023,11,0,0
GBR.1.61.1.9_1,2023,11,0,0
GBR.1.62.1.1_1,2023,11,0,0
GBR.1.62.1.10_1,2023,11,0,0
GBR.1.62.1.11_1,2023,11,0,0
GBR.1.62.1.12_1,2023,11,0,0
GBR.1.62.1.13_1,2023,11,0,0
GBR.1.62.1.14_1,2023,11,0,0
GBR.1.62.1.15_1,2023,11,0,0
GBR.1.62.1.16_1,2023,11,0,0
GBR.1.62.1.17_1,2023,11,0,0
GBR.1.62.1.18_1,2023,11,0,0
GBR.1.62.1.19_1,2023,11,0,0
GBR.1.62.1.2_1,2023,11,0,0
GBR.1.62.1.20_1,2023,11,0,0
GBR.1.62.1.3_1,2023,11,0,0
GBR.1.62.1.4_1,2023,11,0,0
GBR.1.62.1.5_1,2023,11,0,0
GBR.1.62.1.6_1,2023,11,0,0
GBR.1.62.1.7_1,2023,11,0,0
GBR.1.62.1.8_1,2023,11,0,0
GBR.1.62.1.9_1,2023,11,0,0
GBR.1.63.1.1_1,2023,11,0,0
GBR.1.63.1.10_1,2023,11,0,0
GBR.1.63.1.11_1,2023,11,0,0
GBR.1.63.1.12_1,2023,11,0,0
GBR.1.63.1.13_1,2023,11,0,0
GBR.1.63.1.14_1,2023,11,0,0
GBR.1.63.1.15_1,2023,11,0,0
GBR.1.63.1.16_1,2023,11,0,0
GBR.1.63.1.17_1,2023,11,0,0
GBR.1.63.1.18_1,2023,11,0,0
GBR.1.63.1.19_1,2023,11,0,0
GBR.1.63.1.2_1,2023,11,0,0
GBR.1.63.1.3_1,2023,11,0,0
GBR.1.63.1.4_1,2023,11,0,0
GBR.1.63.1.5_1,2023,11,0,0
GBR.1.63.1.6_1,2023,11,0,0
GBR.1.63.1.7_1,2023,11,0,0
GBR.1.63.1.8_1,2023,11,0,0
GBR.1.63.1.9_1,2023,11,0,0
GBR.1.63.2.1_1,2023,11,0,0
GBR.1.63.2.10_1,2023,11,0,0
GBR.1.63.2.11_1,2023,11,0,0
GBR.1.63.2.12_1,2023,11,0,0
GBR.1.63.2.13_1,2023,11,0,0
GBR.1.63.2.14_1,2023,11,0,0
GBR.1.63.2.15_1,2023,11,0,0
GBR.1.63.2.16_1,2023,11,0,0
GBR.1.63.2.17_1,2023,11,0,0
GBR.1.63.2.2_1,2023,11,0,0
GBR.1.63.2.3_1,2023,11,0,0
GBR.1.63.2.4_1,2023,11,0,0
GBR.1.63.2.5_1,2023,11,0,0
GBR.1.63.2.6_1,2023,11,0,0
GBR.1.63.2.7_1,2023,11,0,0
GBR.1.63.2.8_1,2023,11,0,0
GBR.1.63.2.9_1,2023,11,0,0
GBR.1.63.3.1_1,2023,11,0,0
GBR.1.63.3.10_1,2023,11,0,0
GBR.1.63.3.11_1,2023,11,0,0
GBR.1.63.3.12_1,2023,11,0,0
GBR.1.63.3.13_1,2023,11,0,0
GBR.1.63.3.14_1,2023,11,0,0
GBR.1.63.3.15_1,2023,11,0,0
GBR.1.63.3.16_1,2023,11,0,0
GBR.1.63.3.17_1,2023,11,0,0
GBR.1.63.3.18_1,2023,11,0,0
GBR.1.63.3.19_1,2023,11,0,0
GBR.1.63.3.2_1,2023,11,0,0
GBR.1.63.3.20_1,2023,11,0,0
GBR.1.63.3.21_1,2023,11,0,0
GBR.1.63.3.22_1,2023,11,0,0
GBR.1.63.3.23_1,2023,11,0,0
GBR.1.63.3.24_1,2023,11,0,0
GBR.1.63.3.25_1,2023,11,0,0
GBR.1.63.3.26_1,2023,11,0,0
GBR.1.63.3.27_1,2023,11,0,0
GBR.1.63.3.28_1,2023,11,0,0
GBR.1.63.3.29_1,2023,11,0,0
GBR.1.63.3.3_1,2023,11,0,0
GBR.1.63.3.30_1,2023,11,0,0
GBR.1.63.3.31_1,2023,11,0,0
GBR.1.63.3.32_1,2023,11,0,0
GBR.1.63.3.33_1,2023,11,0,0
GBR.1.63.3.34_1,2023,11,0,0
GBR.1.63.3.35_1,2023,11,0,0
GBR.1.63.3.36_1,2023,11,0,0
GBR.1.63.3.37_1,2023,11,0,0
GBR.1.63.3.38_1,2023,11,0,0
GBR.1.63.3.39_1,2023,11,0,0
GBR.1.63.3.4_1,2023,11,0,0
GBR.1.63.3.40_1,2023,11,0,0
GBR.1.63.3.5_1,2023,11,0,0
GBR.1.63.3.6_1,2023,11,0,0
GBR.1.63.3.7_1,2023,11,0,0
GBR.1.63.3.8_1,2023,11,0,0
GBR.1.63.3.9_1,2023,11,0,0
GBR.1.63.4.1_1,2023,11,0,0
GBR.1.63.4.10_1,2023,11,0,0
GBR.1.63.4.11_1,2023,11,0,0
GBR.1.63.4.12_1,2023,11,0,0
GBR.1.63.4.13_1,2023,11,0,0
GBR.1.63.4.14_1,2023,11,0,0
GBR.1.63.4.15_1,2023,11,0,0
GBR.1.63.4.16_1,2023,11,0,0
GBR.1.63.4.17_1,2023,11,0,0
GBR.1.63.4.18_1,2023,11,0,0
GBR.1.63.4.19_1,2023,11,0,0
GBR.1.63.4.2_1,2023,11,0,0
GBR.1.63.4.20_1,2023,11,0,0
GBR.1.63.4.21_1,2023,11,0,0
GBR.1.63.4.22_1,2023,11,0,0
GBR.1.63.4.23_1,2023,11,0,0
GBR.1.63.4.3_1,2023,11,0,0
GBR.1.63.4.4_1,2023,11,0,0
GBR.1.63.4.5_1,2023,11,0,0
GBR.1.63.4.6_1,2023,11,0,0
GBR.1.63.4.7_1,2023,11,0,0
GBR.1.63.4.8_1,2023,11,0,0
GBR.1.63.4.9_1,2023,11,0,0
GBR.1.63.5.1_1,2023,11,0,0
GBR.1.63.5.10_1,2023,11,0,0
GBR.1.63.5.11_1,2023,11,0,0
GBR.1.63.5.12_1,2023,11,0,0
GBR.1.63.5.13_1,2023,11,0,0
GBR.1.63.5.14_1,2023,11,0,0
GBR.1.63.5.15_1,2023,11,0,0
GBR.1.63.5.16_1,2023,11,0,0
GBR.1.63.5.17_1,2023,11,0,0
GBR.1.63.5.18_1,2023,11,0,0
GBR.1.63.5.19_1,2023,11,0,0
GBR.1.63.5.2_1,2023,11,0,0
GBR.1.63.5.20_1,2023,11,0,0
GBR.1.63.5.3_1,2023,11,0,0
GBR.1.63.5.4_1,2023,11,0,0
GBR.1.63.5.5_1,2023,11,0,0
GBR.1.63.5.6_1,2023,11,0,0
GBR.1.63.5.7_1,2023,11,0,0
GBR.1.63.5.8_1,2023,11,0,0
GBR.1.63.5.9_1,2023,11,0,0
GBR.1.63.6.1_1,2023,11,0,0
GBR.1.63.6.10_1,2023,11,0,0
GBR.1.63.6.11_1,2023,11,0,0
GBR.1.63.6.12_1,2023,11,0,0
GBR.1.63.6.13_1,2023,11,0,0
GBR.1.63.6.14_1,2023,11,0,0
GBR.1.63.6.15_1,2023,11,0,0
GBR.1.63.6.16_1,2023,11,0,0
GBR.1.63.6.17_1,2023,11,0,0
GBR.1.63.6.18_1,2023,11,0,0
GBR.1.63.6.19_1,2023,11,0,0
GBR.1.63.6.2_1,2023,11,0,0
GBR.1.63.6.20_1,2023,11,0,0
GBR.1.63.6.21_1,2023,11,0,0
GBR.1.63.6.22_1,2023,11,0,0
GBR.1.63.6.23_1,2023,11,0,0
GBR.1.63.6.24_1,2023,11,0,0
GBR.1.63.6.25_1,2023,11,0,0
GBR.1.63.6.3_1,2023,11,0,0
GBR.1.63.6.4_1,2023,11,0,0
GBR.1.63.6.5_1,2023,11,0,0
GBR.1.63.6.6_1,2023,11,0,0
GBR.1.63.6.7_1,2023,11,0,0
GBR.1.63.6.8_1,2023,11,0,0
GBR.1.63.6.9_1,2023,11,0,0
GBR.1.63.7.1_1,2023,11,0,0
GBR.1.63.7.10_1,2023,11,0,0
GBR.1.63.7.11_1,2023,11,0,0
GBR.1.63.7.12_1,2023,11,0,0
GBR.1.63.7.13_1,2023,11,0,0
GBR.1.63.7.14_1,2023,11,0,0
GBR.1.63.7.15_1,2023,11,0,0
GBR.1.63.7.16_1,2023,11,0,0
GBR.1.63.7.17_1,2023,11,0,0
GBR.1.63.7.18_1,2023,11,0,0
GBR.1.63.7.19_1,2023,11,0,0
GBR.1.63.7.2_1,2023,11,0,0
GBR.1.63.7.3_1,2023,11,0,0
GBR.1.63.7.4_1,2023,11,0,0
GBR.1.63.7.5_1,2023,11,0,0
GBR.1.63.7.6_1,2023,11,0,0
GBR.1.63.7.7_1,2023,11,0,0
GBR.1.63.7.8_1,2023,11,0,0
GBR.1.63.7.9_1,2023,11,0,0
GBR.1.64.1.1_1,2023,11,0,0
GBR.1.64.1.10_1,2023,11,0,0
GBR.1.64.1.11_1,2023,11,0,0
GBR.1.64.1.12_1,2023,11,0,0
GBR.1.64.1.2_1,2023,11,0,0
GBR.1.64.1.3_1,2023,11,0,0
GBR.1.64.1.4_1,2023,11,0,0
GBR.1.64.1.5_1,2023,11,0,0
GBR.1.64.1.6_1,2023,11,0,0
GBR.1.64.1.7_1,2023,11,0,0
GBR.1.64.1.8_1,2023,11,0,0
GBR.1.64.1.9_1,2023,11,0,0
GBR.1.64.2.1_1,2023,11,0,0
GBR.1.64.2.10_1,2023,11,0,0
GBR.1.64.2.11_1,2023,11,0,0
GBR.1.64.2.12_1,2023,11,0,0
GBR.1.64.2.13_1,2023,11,0,0
GBR.1.64.2.14_1,2023,11,0,0
GBR.1.64.2.15_1,2023,11,0,0
GBR.1.64.2.16_1,2023,11,0,0
GBR.1.64.2.2_1,2023,11,0,0
GBR.1.64.2.3_1,2023,11,0,0
GBR.1.64.2.4_1,2023,11,0,0
GBR.1.64.2.5_1,2023,11,0,0
GBR.1.64.2.6_1,2023,11,0,0
GBR.1.64.2.7_1,2023,11,0,0
GBR.1.64.2.8_1,2023,11,0,0
GBR.1.64.2.9_1,2023,11,0,0
GBR.1.64.3.1_1,2023,11,0,0
GBR.1.64.3.10_1,2023,11,0,0
GBR.1.64.3.11_1,2023,11,0,0
GBR.1.64.3.12_1,2023,11,0,0
GBR.1.64.3.13_1,2023,11,0,0
GBR.1.64.3.14_1,2023,11,0,0
GBR.1.64.3.15_1,2023,11,0,0
GBR.1.64.3.16_1,2023,11,0,0
GBR.1.64.3.17_1,2023,11,0,0
GBR.1.64.3.18_1,2023,11,0,0
GBR.1.64.3.19_1,2023,11,0,0
GBR.1.64.3.2_1,2023,11,0,0
GBR.1.64.3.20_1,2023,11,0,0
GBR.1.64.3.21_1,2023,11,0,0
GBR.1.64.3.22_1,2023,11,0,0
GBR.1.64.3.3_1,2023,11,0,0
GBR.1.64.3.4_1,2023,11,0,0
GBR.1.64.3.5_1,2023,11,0,0
GBR.1.64.3.6_1,2023,11,0,0
GBR.1.64.3.7_1,2023,11,0,0
GBR.1.64.3.8_1,2023,11,0,0
GBR.1.64.3.9_1,2023,11,0,0
GBR.1.64.4.1_1,2023,11,0,0
GBR.1.64.4.10_1,2023,11,0,0
GBR.1.64.4.11_1,2023,11,0,0
GBR.1.64.4.12_1,2023,11,0,0
GBR.1.64.4.13_1,2023,11,0,0
GBR.1.64.4.14_1,2023,11,0,0
GBR.1.64.4.15_1,2023,11,0,0
GBR.1.64.4.16_1,2023,11,0,0
GBR.1.64.4.17_1,2023,11,0,0
GBR.1.64.4.18_1,2023,11,0,0
GBR.1.64.4.2_1,2023,11,0,0
GBR.1.64.4.3_1,2023,11,0,0
GBR.1.64.4.4_1,2023,11,0,0
GBR.1.64.4.5_1,2023,11,0,0
GBR.1.64.4.6_1,2023,11,0,0
GBR.1.64.4.7_1,2023,11,0,0
GBR.1.64.4.8_1,2023,11,0,0
GBR.1.64.4.9_1,2023,11,0,0
GBR.1.64.5.1_1,2023,11,0,0
GBR.1.64.5.10_1,2023,11,0,0
GBR.1.64.5.11_1,2023,11,0,0
GBR.1.64.5.12_1,2023,11,0,0
GBR.1.64.5.13_1,2023,11,0,0
GBR.1.64.5.14_1,2023,11,0,0
GBR.1.64.5.15_1,2023,11,0,0
GBR.1.64.5.16_1,2023,11,0,0
GBR.1.64.5.17_1,2023,11,0,0
GBR.1.64.5.18_1,2023,11,0,0
GBR.1.64.5.19_1,2023,11,0,0
GBR.1.64.5.2_1,2023,11,0,0
GBR.1.64.5.20_1,2023,11,0,0
GBR.1.64.5.21_1,2023,11,0,0
GBR.1.64.5.22_1,2023,11,0,0
GBR.1.64.5.23_1,2023,11,0,0
GBR.1.64.5.24_1,2023,11,0,0
GBR.1.64.5.25_1,2023,11,0,0
GBR.1.64.5.26_1,2023,11,0,0
GBR.1.64.5.27_1,2023,11,0,0
GBR.1.64.5.28_1,2023,11,0,0
GBR.1.64.5.29_1,2023,11,0,0
GBR.1.64.5.3_1,2023,11,0,0
GBR.1.64.5.30_1,2023,11,0,0
GBR.1.64.5.31_1,2023,11,0,0
GBR.1.64.5.32_1,2023,11,0,0
GBR.1.64.5.4_1,2023,11,0,0
GBR.1.64.5.5_1,2023,11,0,0
GBR.1.64.5.6_1,2023,11,0,0
GBR.1.64.5.7_1,2023,11,0,0
GBR.1.64.5.8_1,2023,11,0,0
GBR.1.64.5.9_1,2023,11,0,0
GBR.1.64.6.1_1,2023,11,0,0
GBR.1.64.6.10_1,2023,11,0,0
GBR.1.64.6.11_1,2023,11,0,0
GBR.1.64.6.12_1,2023,11,0,0
GBR.1.64.6.13_1,2023,11,0,0
GBR.1.64.6.14_1,2023,11,0,0
GBR.1.64.6.15_1,2023,11,0,0
GBR.1.64.6.16_1,2023,11,0,0
GBR.1.64.6.17_1,2023,11,0,0
GBR.1.64.6.18_1,2023,11,0,0
GBR.1.64.6.19_1,2023,11,0,0
GBR.1.64.6.2_1,2023,11,0,0
GBR.1.64.6.20_1,2023,11,0,0
GBR.1.64.6.21_1,2023,11,0,0
GBR.1.64.6.22_1,2023,11,0,0
GBR.1.64.6.23_1,2023,11,0,0
GBR.1.64.6.24_1,2023,11,0,0
GBR.1.64.6.25_1,2023,11,0,0
GBR.1.64.6.26_1,2023,11,0,0
GBR.1.64.6.27_1,2023,11,0,0
GBR.1.64.6.28_1,2023,11,0,0
GBR.1.64.6.3_1,2023,11,0,0
GBR.1.64.6.4_1,2023,11,0,0
GBR.1.64.6.5_1,2023,11,0,0
GBR.1.64.6.6_1,2023,11,0,0
GBR.1.64.6.7_1,2023,11,0,0
GBR.1.64.6.8_1,2023,11,0,0
GBR.1.64.6.9_1,2023,11,0,0
GBR.1.64.7.1_1,2023,11,0,0
GBR.1.64.7.10_1,2023,11,0,0
GBR.1.64.7.11_1,2023,11,0,0
GBR.1.64.7.12_1,2023,11,0,0
GBR.1.64.7.13_1,2023,11,0,0
GBR.1.64.7.14_1,2023,11,0,0
GBR.1.64.7.15_1,2023,11,0,0
GBR.1.64.7.16_1,2023,11,0,0
GBR.1.64.7.2_1,2023,11,0,0
GBR.1.64.7.3_1,2023,11,0,0
GBR.1.64.7.4_1,2023,11,0,0
GBR.1.64.7.5_1,2023,11,0,0
GBR.1.64.7.6_1,2023,11,0,0
GBR.1.64.7.7_1,2023,11,0,0
GBR.1.64.7.8_1,2023,11,0,0
GBR.1.64.7.9_1,2023,11,0,0
GBR.1.65.1.1_1,2023,11,0,0
GBR.1.65.1.10_1,2023,11,0,0
GBR.1.65.1.11_1,2023,11,0,0
GBR.1.65.1.12_1,2023,11,0,0
GBR.1.65.1.13_1,2023,11,0,0
GBR.1.65.1.14_1,2023,11,0,0
GBR.1.65.1.15_1,2023,11,0,0
GBR.1.65.1.16_1,2023,11,0,0
GBR.1.65.1.17_1,2023,11,0,0
GBR.1.65.1.18_1,2023,11,0,0
GBR.1.65.1.19_1,2023,11,0,0
GBR.1.65.1.2_1,2023,11,0,0
GBR.1.65.1.20_1,2023,11,0,0
GBR.1.65.1.21_1,2023,11,0,0
GBR.1.65.1.22_1,2023,11,0,0
GBR.1.65.1.23_1,2023,11,0,0
GBR.1.65.1.24_1,2023,11,0,0
GBR.1.65.1.25_1,2023,11,0,0
GBR.1.65.1.26_1,2023,11,0,0
GBR.1.65.1.27_1,2023,11,0,0
GBR.1.65.1.28_1,2023,11,0,0
GBR.1.65.1.29_1,2023,11,0,0
GBR.1.65.1.3_1,2023,11,0,0
GBR.1.65.1.30_1,2023,11,0,0
GBR.1.65.1.31_1,2023,11,0,0
GBR.1.65.1.32_1,2023,11,0,0
GBR.1.65.1.33_1,2023,11,0,0
GBR.1.65.1.34_1,2023,11,0,0
GBR.1.65.1.35_1,2023,11,0,0
GBR.1.65.1.36_1,2023,11,0,0
GBR.1.65.1.37_1,2023,11,0,0
GBR.1.65.1.38_1,2023,11,0,0
GBR.1.65.1.39_1,2023,11,0,0
GBR.1.65.1.4_1,2023,11,0,0
GBR.1.65.1.40_1,2023,11,0,0
GBR.1.65.1.41_1,2023,11,0,0
GBR.1.65.1.42_1,2023,11,0,0
GBR.1.65.1.43_1,2023,11,0,0
GBR.1.65.1.44_1,2023,11,0,0
GBR.1.65.1.45_1,2023,11,0,0
GBR.1.65.1.46_1,2023,11,0,0
GBR.1.65.1.47_1,2023,11,0,0
GBR.1.65.1.48_1,2023,11,0,0
GBR.1.65.1.49_1,2023,11,0,0
GBR.1.65.1.5_1,2023,11,0,0
GBR.1.65.1.50_1,2023,11,0,0
GBR.1.65.1.51_1,2023,11,0,0
GBR.1.65.1.52_1,2023,11,0,0
GBR.1.65.1.53_1,2023,11,0,0
GBR.1.65.1.54_1,2023,11,0,0
GBR.1.65.1.55_1,2023,11,0,0
GBR.1.65.1.56_1,2023,11,0,0
GBR.1.65.1.57_1,2023,11,0,0
GBR.1.65.1.58_1,2023,11,0,0
GBR.1.65.1.59_1,2023,11,0,0
GBR.1.65.1.6_1,2023,11,0,0
GBR.1.65.1.60_1,2023,11,0,0
GBR.1.65.1.61_1,2023,11,0,0
GBR.1.65.1.62_1,2023,11,0,0
GBR.1.65.1.63_1,2023,11,0,0
GBR.1.65.1.64_1,2023,11,0,0
GBR.1.65.1.65_1,2023,11,0,0
GBR.1.65.1.66_1,2023,11,0,0
GBR.1.65.1.67_1,2023,11,0,0
GBR.1.65.1.7_1,2023,11,0,0
GBR.1.65.1.8_1,2023,11,0,0
GBR.1.65.1.9_1,2023,11,0,0
GBR.1.66.1.1_1,2023,11,0,0
GBR.1.66.1.10_1,2023,11,0,0
GBR.1.66.1.11_1,2023,11,0,0
GBR.1.66.1.12_1,2023,11,0,0
GBR.1.66.1.13_1,2023,11,0,0
GBR.1.66.1.14_1,2023,11,0,0
GBR.1.66.1.15_1,2023,11,0,0
GBR.1.66.1.16_1,2023,11,0,0
GBR.1.66.1.17_1,2023,11,0,0
GBR.1.66.1.18_1,2023,11,0,0
GBR.1.66.1.19_1,2023,11,0,0
GBR.1.66.1.2_1,2023,11,0,0
GBR.1.66.1.20_1,2023,11,0,0
GBR.1.66.1.21_1,2023,11,0,0
GBR.1.66.1.22_1,2023,11,0,0
GBR.1.66.1.23_1,2023,11,0,0
GBR.1.66.1.3_1,2023,11,0,0
GBR.1.66.1.4_1,2023,11,0,0
GBR.1.66.1.5_1,2023,11,0,0
GBR.1.66.1.6_1,2023,11,0,0
GBR.1.66.1.7_1,2023,11,0,0
GBR.1.66.1.8_1,2023,11,0,0
GBR.1.66.1.9_1,2023,11,0,0
GBR.1.67.1_1,2023,11,0,0
GBR.1.67.1.1_1,2023,11,0,0
GBR.1.67.1.10_1,2023,11,0,0
GBR.1.67.1.11_1,2023,11,0,0
GBR.1.67.1.12_1,2023,11,0,0
GBR.1.67.1.13_1,2023,11,0,0
GBR.1.67.1.14_1,2023,11,0,0
GBR.1.67.1.15_1,2023,11,0,0
GBR.1.67.1.16_1,2023,11,0,0
GBR.1.67.1.17_1,2023,11,0,0
GBR.1.67.1.18_1,2023,11,0,0
GBR.1.67.1.19_1,2023,11,0,0
GBR.1.67.1.2_1,2023,11,0,0
GBR.1.67.1.20_1,2023,11,0,0
GBR.1.67.1.21_1,2023,11,0,0
GBR.1.67.1.22_1,2023,11,0,0
GBR.1.67.1.3_1,2023,11,0,0
GBR.1.67.1.4_1,2023,11,0,0
GBR.1.67.1.5_1,2023,11,0,0
GBR.1.67.1.6_1,2023,11,0,0
GBR.1.67.1.7_1,2023,11,0,0
GBR.1.67.1.8_1,2023,11,0,0
GBR.1.67.1.9_1,2023,11,0,0
GBR.1.67.2.1_1,2023,11,0,0
GBR.1.67.2.10_1,2023,11,0,0
GBR.1.67.2.11_1,2023,11,0,0
GBR.1.67.2.12_1,2023,11,0,0
GBR.1.67.2.13_1,2023,11,0,0
GBR.1.67.2.14_1,2023,11,0,0
GBR.1.67.2.15_1,2023,11,0,0
GBR.1.67.2.16_1,2023,11,0,0
GBR.1.67.2.17_1,2023,11,0,0
GBR.1.67.2.18_1,2023,11,0,0
GBR.1.67.2.19_1,2023,11,0,0
GBR.1.67.2.2_1,2023,11,0,0
GBR.1.67.2.20_1,2023,11,0,0
GBR.1.67.2.21_1,2023,11,0,0
GBR.1.67.2.22_1,2023,11,0,0
GBR.1.67.2.23_1,2023,11,0,0
GBR.1.67.2.24_1,2023,11,0,0
GBR.1.67.2.25_1,2023,11,0,0
GBR.1.67.2.3_1,2023,11,0,0
GBR.1.67.2.4_1,2023,11,0,0
GBR.1.67.2.5_1,2023,11,0,0
GBR.1.67.2.6_1,2023,11,0,0
GBR.1.67.2.7_1,2023,11,0,0
GBR.1.67.2.8_1,2023,11,0,0
GBR.1.67.2.9_1,2023,11,0,0
GBR.1.67.3.1_1,2023,11,0,0
GBR.1.67.3.10_1,2023,11,0,0
GBR.1.67.3.11_1,2023,11,0,0
GBR.1.67.3.12_1,2023,11,0,0
GBR.1.67.3.13_1,2023,11,0,0
GBR.1.67.3.14_1,2023,11,0,0
GBR.1.67.3.15_1,2023,11,0,0
GBR.1.67.3.16_1,2023,11,0,0
GBR.1.67.3.17_1,2023,11,0,0
GBR.1.67.3.18_1,2023,11,0,0
GBR.1.67.3.19_1,2023,11,0,0
GBR.1.67.3.2_1,2023,11,0,0
GBR.1.67.3.3_1,2023,11,0,0
GBR.1.67.3.4_1,2023,11,0,0
GBR.1.67.3.5_1,2023,11,0,0
GBR.1.67.3.6_1,2023,11,0,0
GBR.1.67.3.7_1,2023,11,0,0
GBR.1.67.3.8_1,2023,11,0,0
GBR.1.67.3.9_1,2023,11,0,0
GBR.1.67.4.1_1,2023,11,0,0
GBR.1.67.4.10_1,2023,11,0,0
GBR.1.67.4.11_1,2023,11,0,0
GBR.1.67.4.12_1,2023,11,0,0
GBR.1.67.4.13_1,2023,11,0,0
GBR.1.67.4.14_1,2023,11,0,0
GBR.1.67.4.15_1,2023,11,0,0
GBR.1.67.4.16_1,2023,11,0,0
GBR.1.67.4.17_1,2023,11,0,0
GBR.1.67.4.18_1,2023,11,0,0
GBR.1.67.4.19_1,2023,11,0,0
GBR.1.67.4.2_1,2023,11,0,0
GBR.1.67.4.3_1,2023,11,0,0
GBR.1.67.4.4_1,2023,11,0,0
GBR.1.67.4.5_1,2023,11,0,0
GBR.1.67.4.6_1,2023,11,0,0
GBR.1.67.4.7_1,2023,11,0,0
GBR.1.67.4.8_1,2023,11,0,0
GBR.1.67.4.9_1,2023,11,0,0
GBR.1.67.5.1_1,2023,11,0,0
GBR.1.67.5.10_1,2023,11,0,0
GBR.1.67.5.11_1,2023,11,0,0
GBR.1.67.5.12_1,2023,11,0,0
GBR.1.67.5.13_1,2023,11,0,0
GBR.1.67.5.14_1,2023,11,0,0
GBR.1.67.5.15_1,2023,11,0,0
GBR.1.67.5.16_1,2023,11,0,0
GBR.1.67.5.17_1,2023,11,0,0
GBR.1.67.5.18_1,2023,11,0,0
GBR.1.67.5.19_1,2023,11,0,0
GBR.1.67.5.2_1,2023,11,0,0
GBR.1.67.5.20_1,2023,11,0,0
GBR.1.67.5.21_1,2023,11,0,0
GBR.1.67.5.22_1,2023,11,0,0
GBR.1.67.5.23_1,2023,11,0,0
GBR.1.67.5.24_1,2023,11,0,0
GBR.1.67.5.25_1,2023,11,0,0
GBR.1.67.5.26_1,2023,11,0,0
GBR.1.67.5.27_1,2023,11,0,0
GBR.1.67.5.28_1,2023,11,0,0
GBR.1.67.5.29_1,2023,11,0,0
GBR.1.67.5.3_1,2023,11,0,0
GBR.1.67.5.30_1,2023,11,0,0
GBR.1.67.5.31_1,2023,11,0,0
GBR.1.67.5.32_1,2023,11,0,0
GBR.1.67.5.33_1,2023,11,0,0
GBR.1.67.5.34_1,2023,11,0,0
GBR.1.67.5.35_1,2023,11,0,0
GBR.1.67.5.36_1,2023,11,0,0
GBR.1.67.5.37_1,2023,11,0,0
GBR.1.67.5.4_1,2023,11,0,0
GBR.1.67.5.5_1,2023,11,0,0
GBR.1.67.5.6_1,2023,11,0,0
GBR.1.67.5.7_1,2023,11,0,0
GBR.1.67.5.8_1,2023,11,0,0
GBR.1.67.5.9_1,2023,11,0,0
GBR.1.67.6.1_1,2023,11,0,0
GBR.1.67.6.10_1,2023,11,0,0
GBR.1.67.6.11_1,2023,11,0,0
GBR.1.67.6.12_1,2023,11,0,0
GBR.1.67.6.13_1,2023,11,0,0
GBR.1.67.6.14_1,2023,11,0,0
GBR.1.67.6.15_1,2023,11,0,0
GBR.1.67.6.16_1,2023,11,0,0
GBR.1.67.6.17_1,2023,11,0,0
GBR.1.67.6.18_1,2023,11,0,0
GBR.1.67.6.19_1,2023,11,0,0
GBR.1.67.6.2_1,2023,11,0,0
GBR.1.67.6.20_1,2023,11,0,0
GBR.1.67.6.21_1,2023,11,0,0
GBR.1.67.6.3_1,2023,11,0,0
GBR.1.67.6.4_1,2023,11,0,0
GBR.1.67.6.5_1,2023,11,0,0
GBR.1.67.6.6_1,2023,11,0,0
GBR.1.67.6.7_1,2023,11,0,0
GBR.1.67.6.8_1,2023,11,0,0
GBR.1.67.6.9_1,2023,11,0,0
GBR.1.67.7.1_1,2023,11,0,0
GBR.1.67.7.10_1,2023,11,0,0
GBR.1.67.7.11_1,2023,11,0,0
GBR.1.67.7.12_1,2023,11,0,0
GBR.1.67.7.13_1,2023,11,0,0
GBR.1.67.7.14_1,2023,11,0,0
GBR.1.67.7.15_1,2023,11,0,0
GBR.1.67.7.16_1,2023,11,0,0
GBR.1.67.7.17_1,2023,11,0,0
GBR.1.67.7.18_1,2023,11,0,0
GBR.1.67.7.19_1,2023,11,0,0
GBR.1.67.7.2_1,2023,11,0,0
GBR.1.67.7.20_1,2023,11,0,0
GBR.1.67.7.21_1,2023,11,0,0
GBR.1.67.7.22_1,2023,11,0,0
GBR.1.67.7.23_1,2023,11,0,0
GBR.1.67.7.24_1,2023,11,0,0
GBR.1.67.7.25_1,2023,11,0,0
GBR.1.67.7.26_1,2023,11,0,0
GBR.1.67.7.3_1,2023,11,0,0
GBR.1.67.7.4_1,2023,11,0,0
GBR.1.67.7.5_1,2023,11,0,0
GBR.1.67.7.6_1,2023,11,0,0
GBR.1.67.7.7_1,2023,11,0,0
GBR.1.67.7.8_1,2023,11,0,0
GBR.1.67.7.9_1,2023,11,0,0
GBR.1.68.1.1_1,2023,11,0,0
GBR.1.68.1.10_1,2023,11,0,0
GBR.1.68.1.11_1,2023,11,0,0
GBR.1.68.1.12_1,2023,11,0,0
GBR.1.68.1.13_1,2023,11,0,0
GBR.1.68.1.14_1,2023,11,0,0
GBR.1.68.1.15_1,2023,11,0,0
GBR.1.68.1.16_1,2023,11,0,0
GBR.1.68.1.17_1,2023,11,0,0
GBR.1.68.1.18_1,2023,11,0,0
GBR.1.68.1.19_1,2023,11,0,0
GBR.1.68.1.2_1,2023,11,0,0
GBR.1.68.1.3_1,2023,11,0,0
GBR.1.68.1.4_1,2023,11,0,0
GBR.1.68.1.5_1,2023,11,0,0
GBR.1.68.1.6_1,2023,11,0,0
GBR.1.68.1.7_1,2023,11,0,0
GBR.1.68.1.8_1,2023,11,0,0
GBR.1.68.1.9_1,2023,11,0,0
GBR.1.69.1.1_1,2023,11,0,0
GBR.1.69.1.10_1,2023,11,0,0
GBR.1.69.1.11_1,2023,11,0,0
GBR.1.69.1.12_1,2023,11,0,0
GBR.1.69.1.13_1,2023,11,0,0
GBR.1.69.1.14_1,2023,11,0,0
GBR.1.69.1.15_1,2023,11,0,0
GBR.1.69.1.16_1,2023,11,0,0
GBR.1.69.1.2_1,2023,11,0,0
GBR.1.69.1.3_1,2023,11,0,0
GBR.1.69.1.4_1,2023,11,0,0
GBR.1.69.1.5_1,2023,11,0,0
GBR.1.69.1.6_1,2023,11,0,0
GBR.1.69.1.7_1,2023,11,0,0
GBR.1.69.1.8_1,2023,11,0,0
GBR.1.69.1.9_1,2023,11,0,0
GBR.1.69.2.1_1,2023,11,0,0
GBR.1.69.2.10_1,2023,11,0,0
GBR.1.69.2.11_1,2023,11,0,0
GBR.1.69.2.12_1,2023,11,0,0
GBR.1.69.2.13_1,2023,11,0,0
GBR.1.69.2.14_1,2023,11,0,0
GBR.1.69.2.15_1,2023,11,0,0
GBR.1.69.2.16_1,2023,11,0,0
GBR.1.69.2.17_1,2023,11,0,0
GBR.1.69.2.18_1,2023,11,0,0
GBR.1.69.2.19_1,2023,11,0,0
GBR.1.69.2.2_1,2023,11,0,0
GBR.1.69.2.3_1,2023,11,0,0
GBR.1.69.2.4_1,2023,11,0,0
GBR.1.69.2.5_1,2023,11,0,0
GBR.1.69.2.6_1,2023,11,0,0
GBR.1.69.2.7_1,2023,11,0,0
GBR.1.69.2.8_1,2023,11,0,0
GBR.1.69.2.9_1,2023,11,0,0
GBR.1.69.3.1_1,2023,11,0,0
GBR.1.69.3.10_1,2023,11,0,0
GBR.1.69.3.11_1,2023,11,0,0
GBR.1.69.3.12_1,2023,11,0,0
GBR.1.69.3.13_1,2023,11,0,0
GBR.1.69.3.14_1,2023,11,0,0
GBR.1.69.3.15_1,2023,11,0,0
GBR.1.69.3.16_1,2023,11,0,0
GBR.1.69.3.17_1,2023,11,0,0
GBR.1.69.3.18_1,2023,11,0,0
GBR.1.69.3.19_1,2023,11,0,0
GBR.1.69.3.2_1,2023,11,0,0
GBR.1.69.3.20_1,2023,11,0,0
GBR.1.69.3.21_1,2023,11,0,0
GBR.1.69.3.22_1,2023,11,0,0
GBR.1.69.3.23_1,2023,11,0,0
GBR.1.69.3.24_1,2023,11,0,0
GBR.1.69.3.25_1,2023,11,0,0
GBR.1.69.3.26_1,2023,11,0,0
GBR.1.69.3.27_1,2023,11,0,0
GBR.1.69.3.28_1,2023,11,0,0
GBR.1.69.3.29_1,2023,11,0,0
GBR.1.69.3.3_1,2023,11,0,0
GBR.1.69.3.30_1,2023,11,0,0
GBR.1.69.3.31_1,2023,11,0,0
GBR.1.69.3.4_1,2023,11,0,0
GBR.1.69.3.5_1,2023,11,0,0
GBR.1.69.3.6_1,2023,11,0,0
GBR.1.69.3.7_1,2023,11,0,0
GBR.1.69.3.8_1,2023,11,0,0
GBR.1.69.3.9_1,2023,11,0,0
GBR.1.69.4.1_1,2023,11,0,0
GBR.1.69.4.10_1,2023,11,0,0
GBR.1.69.4.11_1,2023,11,0,0
GBR.1.69.4.12_1,2023,11,0,0
GBR.1.69.4.13_1,2023,11,0,0
GBR.1.69.4.14_1,2023,11,0,0
GBR.1.69.4.15_1,2023,11,0,0
GBR.1.69.4.16_1,2023,11,0,0
GBR.1.69.4.17_1,2023,11,0,0
GBR.1.69.4.18_1,2023,11,0,0
GBR.1.69.4.19_1,2023,11,0,0
GBR.1.69.4.2_1,2023,11,0,0
GBR.1.69.4.20_1,2023,11,0,0
GBR.1.69.4.21_1,2023,11,0,0
GBR.1.69.4.3_1,2023,11,0,0
GBR.1.69.4.4_1,2023,11,0,0
GBR.1.69.4.5_1,2023,11,0,0
GBR.1.69.4.6_1,2023,11,0,0
GBR.1.69.4.7_1,2023,11,0,0
GBR.1.69.4.8_1,2023,11,0,0
GBR.1.69.4.9_1,2023,11,0,0
GBR.1.69.5.1_1,2023,11,0,0
GBR.1.69.5.10_1,2023,11,0,0
GBR.1.69.5.11_1,2023,11,0,0
GBR.1.69.5.12_1,2023,11,0,0
GBR.1.69.5.13_1,2023,11,0,0
GBR.1.69.5.14_1,2023,11,0,0
GBR.1.69.5.15_1,2023,11,0,0
GBR.1.69.5.16_1,2023,11,0,0
GBR.1.69.5.17_1,2023,11,0,0
GBR.1.69.5.18_1,2023,11,0,0
GBR.1.69.5.19_1,2023,11,0,0
GBR.1.69.5.2_1,2023,11,0,0
GBR.1.69.5.20_1,2023,11,0,0
GBR.1.69.5.21_1,2023,11,0,0
GBR.1.69.5.22_1,2023,11,0,0
GBR.1.69.5.23_1,2023,11,0,0
GBR.1.69.5.24_1,2023,11,0,0
GBR.1.69.5.25_1,2023,11,0,0
GBR.1.69.5.26_1,2023,11,0,0
GBR.1.69.5.27_1,2023,11,0,0
GBR.1.69.5.3_1,2023,11,0,0
GBR.1.69.5.4_1,2023,11,0,0
GBR.1.69.5.5_1,2023,11,0,0
GBR.1.69.5.6_1,2023,11,0,0
GBR.1.69.5.7_1,2023,11,0,0
GBR.1.69.5.8_1,2023,11,0,0
GBR.1.69.5.9_1,2023,11,0,0
GBR.1.7.1.1_1,2023,11,0,0
GBR.1.7.1.10_1,2023,11,0,0
GBR.1.7.1.11_1,2023,11,0,0
GBR.1.7.1.12_1,2023,11,0,0
GBR.1.7.1.13_1,2023,11,0,0
GBR.1.7.1.14_1,2023,11,0,0
GBR.1.7.1.15_1,2023,11,0,0
GBR.1.7.1.16_1,2023,11,0,0
GBR.1.7.1.17_1,2023,11,0,0
GBR.1.7.1.18_1,2023,11,0,0
GBR.1.7.1.19_1,2023,11,0,0
GBR.1.7.1.2_1,2023,11,0,0
GBR.1.7.1.20_1,2023,11,0,0
GBR.1.7.1.21_1,2023,11,0,0
GBR.1.7.1.3_1,2023,11,0,0
GBR.1.7.1.4_1,2023,11,0,0
GBR.1.7.1.5_1,2023,11,0,0
GBR.1.7.1.6_1,2023,11,0,0
GBR.1.7.1.7_1,2023,11,0,0
GBR.1.7.1.8_1,2023,11,0,0
GBR.1.7.1.9_1,2023,11,0,0
GBR.1.70.1.1_1,2023,11,0,0
GBR.1.70.1.10_1,2023,11,0,0
GBR.1.70.1.11_1,2023,11,0,0
GBR.1.70.1.12_1,2023,11,0,0
GBR.1.70.1.13_1,2023,11,0,0
GBR.1.70.1.14_1,2023,11,0,0
GBR.1.70.1.15_1,2023,11,0,0
GBR.1.70.1.16_1,2023,11,0,0
GBR.1.70.1.17_1,2023,11,0,0
GBR.1.70.1.18_1,2023,11,0,0
GBR.1.70.1.19_1,2023,11,0,0
GBR.1.70.1.2_1,2023,11,0,0
GBR.1.70.1.20_1,2023,11,0,0
GBR.1.70.1.21_1,2023,11,0,0
GBR.1.70.1.3_1,2023,11,0,0
GBR.1.70.1.4_1,2023,11,0,0
GBR.1.70.1.5_1,2023,11,0,0
GBR.1.70.1.6_1,2023,11,0,0
GBR.1.70.1.7_1,2023,11,0,0
GBR.1.70.1.8_1,2023,11,0,0
GBR.1.70.1.9_1,2023,11,0,0
GBR.1.71.1.1_1,2023,11,0,0
GBR.1.71.1.10_1,2023,11,0,0
GBR.1.71.1.11_1,2023,11,0,0
GBR.1.71.1.12_1,2023,11,0,0
GBR.1.71.1.13_1,2023,11,0,0
GBR.1.71.1.14_1,2023,11,0,0
GBR.1.71.1.15_1,2023,11,0,0
GBR.1.71.1.16_1,2023,11,0,0
GBR.1.71.1.17_1,2023,11,0,0
GBR.1.71.1.18_1,2023,11,0,0
GBR.1.71.1.2_1,2023,11,0,0
GBR.1.71.1.4_1,2023,11,0,0
GBR.1.71.1.5_1,2023,11,0,0
GBR.1.71.1.6_1,2023,11,0,0
GBR.1.71.1.7_1,2023,11,0,0
GBR.1.71.1.8_1,2023,11,0,0
GBR.1.71.1.9_1,2023,11,0,0
GBR.1.72.1.1_1,2023,11,0,0
GBR.1.72.1.10_1,2023,11,0,0
GBR.1.72.1.11_1,2023,11,0,0
GBR.1.72.1.12_1,2023,11,0,0
GBR.1.72.1.13_1,2023,11,0,0
GBR.1.72.1.14_1,2023,11,0,0
GBR.1.72.1.15_1,2023,11,0,0
GBR.1.72.1.16_1,2023,11,0,0
GBR.1.72.1.17_1,2023,11,0,0
GBR.1.72.1.2_1,2023,11,0,0
GBR.1.72.1.3_1,2023,11,0,0
GBR.1.72.1.4_1,2023,11,0,0
GBR.1.72.1.5_1,2023,11,0,0
GBR.1.72.1.6_1,2023,11,0,0
GBR.1.72.1.7_1,2023,11,0,0
GBR.1.72.1.8_1,2023,11,0,0
GBR.1.72.1.9_1,2023,11,0,0
GBR.1.73.1.1_1,2023,11,0,0
GBR.1.73.1.10_1,2023,11,0,0
GBR.1.73.1.11_1,2023,11,0,0
GBR.1.73.1.12_1,2023,11,0,0
GBR.1.73.1.14_1,2023,11,0,0
GBR.1.73.1.2_1,2023,11,0,0
GBR.1.73.1.5_1,2023,11,0,0
GBR.1.73.1.6_1,2023,11,0,0
GBR.1.73.1.7_1,2023,11,0,0
GBR.1.73.1.9_1,2023,11,0,0
GBR.1.74.1.1_1,2023,11,0,0
GBR.1.74.1.10_1,2023,11,0,0
GBR.1.74.1.11_1,2023,11,0,0
GBR.1.74.1.12_1,2023,11,0,0
GBR.1.74.1.13_1,2023,11,0,0
GBR.1.74.1.14_1,2023,11,0,0
GBR.1.74.1.2_1,2023,11,0,0
GBR.1.74.1.3_1,2023,11,0,0
GBR.1.74.1.4_1,2023,11,0,0
GBR.1.74.1.5_1,2023,11,0,0
GBR.1.74.1.6_1,2023,11,0,0
GBR.1.74.1.7_1,2023,11,0,0
GBR.1.74.1.8_1,2023,11,0,0
GBR.1.74.1.9_1,2023,11,0,0
GBR.1.75.1.1_1,2023,11,0,0
GBR.1.75.1.10_1,2023,11,0,0
GBR.1.75.1.11_1,2023,11,0,0
GBR.1.75.1.12_1,2023,11,0,0
GBR.1.75.1.13_1,2023,11,0,0
GBR.1.75.1.14_1,2023,11,0,0
GBR.1.75.1.15_1,2023,11,0,0
GBR.1.75.1.16_1,2023,11,0,0
GBR.1.75.1.17_1,2023,11,0,0
GBR.1.75.1.18_1,2023,11,0,0
GBR.1.75.1.19_1,2023,11,0,0
GBR.1.75.1.2_1,2023,11,0,0
GBR.1.75.1.20_1,2023,11,0,0
GBR.1.75.1.21_1,2023,11,0,0
GBR.1.75.1.22_1,2023,11,0,0
GBR.1.75.1.23_1,2023,11,0,0
GBR.1.75.1.24_1,2023,11,0,0
GBR.1.75.1.25_1,2023,11,0,0
GBR.1.75.1.3_1,2023,11,0,0
GBR.1.75.1.4_1,2023,11,0,0
GBR.1.75.1.5_1,2023,11,0,0
GBR.1.75.1.6_1,2023,11,0,0
GBR.1.75.1.7_1,2023,11,0,0
GBR.1.75.1.8_1,2023,11,0,0
GBR.1.75.1.9_1,2023,11,0,0
GBR.1.76.1.1_1,2023,11,0,0
GBR.1.76.1.10_1,2023,11,0,0
GBR.1.76.1.11_1,2023,11,0,0
GBR.1.76.1.12_1,2023,11,0,0
GBR.1.76.1.13_1,2023,11,0,0
GBR.1.76.1.14_1,2023,11,0,0
GBR.1.76.1.15_1,2023,11,0,0
GBR.1.76.1.16_1,2023,11,0,0
GBR.1.76.1.17_1,2023,11,0,0
GBR.1.76.1.18_1,2023,11,0,0
GBR.1.76.1.19_1,2023,11,0,0
GBR.1.76.1.2_1,2023,11,0,0
GBR.1.76.1.20_1,2023,11,0,0
GBR.1.76.1.21_1,2023,11,0,0
GBR.1.76.1.3_1,2023,11,0,0
GBR.1.76.1.4_1,2023,11,0,0
GBR.1.76.1.5_1,2023,11,0,0
GBR.1.76.1.6_1,2023,11,0,0
GBR.1.76.1.7_1,2023,11,0,0
GBR.1.76.1.8_1,2023,11,0,0
GBR.1.76.1.9_1,2023,11,0,0
GBR.1.77.1.1_1,2023,11,0,0
GBR.1.77.1.10_1,2023,11,0,0
GBR.1.77.1.11_1,2023,11,0,0
GBR.1.77.1.12_1,2023,11,0,0
GBR.1.77.1.13_1,2023,11,0,0
GBR.1.77.1.14_1,2023,11,0,0
GBR.1.77.1.15_1,2023,11,0,0
GBR.1.77.1.16_1,2023,11,0,0
GBR.1.77.1.17_1,2023,11,0,0
GBR.1.77.1.18_1,2023,11,0,0
GBR.1.77.1.19_1,2023,11,0,0
GBR.1.77.1.2_1,2023,11,0,0
GBR.1.77.1.3_1,2023,11,0,0
GBR.1.77.1.4_1,2023,11,0,0
GBR.1.77.1.5_1,2023,11,0,0
GBR.1.77.1.6_1,2023,11,0,0
GBR.1.77.1.7_1,2023,11,0,0
GBR.1.77.1.8_1,2023,11,0,0
GBR.1.77.1.9_1,2023,11,0,0
GBR.1.78.1.1_1,2023,11,0,0
GBR.1.78.1.10_1,2023,11,0,0
GBR.1.78.1.11_1,2023,11,0,0
GBR.1.78.1.12_1,2023,11,0,0
GBR.1.78.1.13_1,2023,11,0,0
GBR.1.78.1.14_1,2023,11,0,0
GBR.1.78.1.2_1,2023,11,0,0
GBR.1.78.1.3_1,2023,11,0,0
GBR.1.78.1.4_1,2023,11,0,0
GBR.1.78.1.5_1,2023,11,0,0
GBR.1.78.1.6_1,2023,11,0,0
GBR.1.78.1.7_1,2023,11,0,0
GBR.1.78.1.8_1,2023,11,0,0
GBR.1.78.1.9_1,2023,11,0,0
GBR.1.79.1.1_1,2023,11,0,0
GBR.1.79.1.10_1,2023,11,0,0
GBR.1.79.1.11_1,2023,11,0,0
GBR.1.79.1.12_1,2023,11,0,0
GBR.1.79.1.13_1,2023,11,0,0
GBR.1.79.1.14_1,2023,11,0,0
GBR.1.79.1.15_1,2023,11,0,0
GBR.1.79.1.16_1,2023,11,0,0
GBR.1.79.1.2_1,2023,11,0,0
GBR.1.79.1.3_1,2023,11,0,0
GBR.1.79.1.4_1,2023,11,0,0
GBR.1.79.1.5_1,2023,11,0,0
GBR.1.79.1.6_1,2023,11,0,0
GBR.1.79.1.7_1,2023,11,0,0
GBR.1.79.1.8_1,2023,11,0,0
GBR.1.79.1.9_1,2023,11,0,0
GBR.1.8.1.1_1,2023,11,0,0
GBR.1.8.1.10_1,2023,11,0,0
GBR.1.8.1.11_1,2023,11,0,0
GBR.1.8.1.12_1,2023,11,0,0
GBR.1.8.1.13_1,2023,11,0,0
GBR.1.8.1.14_1,2023,11,0,0
GBR.1.8.1.15_1,2023,11,0,0
GBR.1.8.1.16_1,2023,11,0,0
GBR.1.8.1.17_1,2023,11,0,0
GBR.1.8.1.2_1,2023,11,0,0
GBR.1.8.1.3_1,2023,11,0,0
GBR.1.8.1.4_1,2023,11,0,0
GBR.1.8.1.5_1,2023,11,0,0
GBR.1.8.1.6_1,2023,11,0,0
GBR.1.8.1.7_1,2023,11,0,0
GBR.1.8.1.8_1,2023,11,0,0
GBR.1.8.1.9_1,2023,11,0,0
GBR.1.80.1.1_1,2023,11,0,0
GBR.1.80.1.10_1,2023,11,0,0
GBR.1.80.1.11_1,2023,11,0,0
GBR.1.80.1.12_1,2023,11,0,0
GBR.1.80.1.13_1,2023,11,0,0
GBR.1.80.1.14_1,2023,11,0,0
GBR.1.80.1.15_1,2023,11,0,0
GBR.1.80.1.16_1,2023,11,0,0
GBR.1.80.1.17_1,2023,11,0,0
GBR.1.80.1.18_1,2023,11,0,0
GBR.1.80.1.2_1,2023,11,0,0
GBR.1.80.1.3_1,2023,11,0,0
GBR.1.80.1.4_1,2023,11,0,0
GBR.1.80.1.5_1,2023,11,0,0
GBR.1.80.1.6_1,2023,11,0,0
GBR.1.80.1.7_1,2023,11,0,0
GBR.1.80.1.8_1,2023,11,0,0
GBR.1.80.1.9_1,2023,11,0,0
GBR.1.81.1.1_1,2023,11,0,0
GBR.1.81.1.10_1,2023,11,0,0
GBR.1.81.1.11_1,2023,11,0,0
GBR.1.81.1.12_1,2023,11,0,0
GBR.1.81.1.13_1,2023,11,0,0
GBR.1.81.1.14_1,2023,11,0,0
GBR.1.81.1.15_1,2023,11,0,0
GBR.1.81.1.16_1,2023,11,0,0
GBR.1.81.1.17_1,2023,11,0,0
GBR.1.81.1.18_1,2023,11,0,0
GBR.1.81.1.19_1,2023,11,0,0
GBR.1.81.1.2_1,2023,11,0,0
GBR.1.81.1.20_1,2023,11,0,0
GBR.1.81.1.21_1,2023,11,0,0
GBR.1.81.1.22_1,2023,11,0,0
GBR.1.81.1.23_1,2023,11,0,0
GBR.1.81.1.24_1,2023,11,0,0
GBR.1.81.1.25_1,2023,11,0,0
GBR.1.81.1.3_1,2023,11,0,0
GBR.1.81.1.4_1,2023,11,0,0
GBR.1.81.1.5_1,2023,11,0,0
GBR.1.81.1.6_1,2023,11,0,0
GBR.1.81.1.7_1,2023,11,0,0
GBR.1.81.1.8_1,2023,11,0,0
GBR.1.81.1.9_1,2023,11,0,0
GBR.1.82.1.1_1,2023,11,0,0
GBR.1.82.1.10_1,2023,11,0,0
GBR.1.82.1.11_1,2023,11,0,0
GBR.1.82.1.12_1,2023,11,0,0
GBR.1.82.1.13_1,2023,11,0,0
GBR.1.82.1.14_1,2023,11,0,0
GBR.1.82.1.15_1,2023,11,0,0
GBR.1.82.1.16_1,2023,11,0,0
GBR.1.82.1.17_1,2023,11,0,0
GBR.1.82.1.18_1,2023,11,0,0
GBR.1.82.1.19_1,2023,11,0,0
GBR.1.82.1.2_1,2023,11,0,0
GBR.1.82.1.20_1,2023,11,0,0
GBR.1.82.1.21_1,2023,11,0,0
GBR.1.82.1.22_1,2023,11,0,0
GBR.1.82.1.23_1,2023,11,0,0
GBR.1.82.1.24_1,2023,11,0,0
GBR.1.82.1.25_1,2023,11,0,0
GBR.1.82.1.26_1,2023,11,0,0
GBR.1.82.1.27_1,2023,11,0,0
GBR.1.82.1.28_1,2023,11,0,0
GBR.1.82.1.29_1,2023,11,0,0
GBR.1.82.1.3_1,2023,11,0,0
GBR.1.82.1.30_1,2023,11,0,0
GBR.1.82.1.31_1,2023,11,0,0
GBR.1.82.1.32_1,2023,11,0,0
GBR.1.82.1.33_1,2023,11,0,0
GBR.1.82.1.4_1,2023,11,0,0
GBR.1.82.1.5_1,2023,11,0,0
GBR.1.82.1.6_1,2023,11,0,0
GBR.1.82.1.7_1,2023,11,0,0
GBR.1.82.1.8_1,2023,11,0,0
GBR.1.82.1.9_1,2023,11,0,0
GBR.1.82.2.1_1,2023,11,0,0
GBR.1.82.2.10_1,2023,11,0,0
GBR.1.82.2.11_1,2023,11,0,0
GBR.1.82.2.12_1,2023,11,0,0
GBR.1.82.2.13_1,2023,11,0,0
GBR.1.82.2.14_1,2023,11,0,0
GBR.1.82.2.15_1,2023,11,0,0
GBR.1.82.2.16_1,2023,11,0,0
GBR.1.82.2.17_1,2023,11,0,0
GBR.1.82.2.2_1,2023,11,0,0
GBR.1.82.2.3_1,2023,11,0,0
GBR.1.82.2.4_1,2023,11,0,0
GBR.1.82.2.5_1,2023,11,0,0
GBR.1.82.2.6_1,2023,11,0,0
GBR.1.82.2.7_1,2023,11,0,0
GBR.1.82.2.8_1,2023,11,0,0
GBR.1.82.2.9_1,2023,11,0,0
GBR.1.83.1.1_1,2023,11,0,0
GBR.1.83.1.10_1,2023,11,0,0
GBR.1.83.1.11_1,2023,11,0,0
GBR.1.83.1.12_1,2023,11,0,0
GBR.1.83.1.13_1,2023,11,0,0
GBR.1.83.1.14_1,2023,11,0,0
GBR.1.83.1.15_1,2023,11,0,0
GBR.1.83.1.16_1,2023,11,0,0
GBR.1.83.1.17_1,2023,11,0,0
GBR.1.83.1.18_1,2023,11,0,0
GBR.1.83.1.19_1,2023,11,0,0
GBR.1.83.1.2_1,2023,11,0,0
GBR.1.83.1.20_1,2023,11,0,0
GBR.1.83.1.21_1,2023,11,0,0
GBR.1.83.1.22_1,2023,11,0,0
GBR.1.83.1.23_1,2023,11,0,0
GBR.1.83.1.24_1,2023,11,0,0
GBR.1.83.1.25_1,2023,11,0,0
GBR.1.83.1.26_1,2023,11,0,0
GBR.1.83.1.27_1,2023,11,0,0
GBR.1.83.1.28_1,2023,11,0,0
GBR.1.83.1.3_1,2023,11,0,0
GBR.1.83.1.4_1,2023,11,0,0
GBR.1.83.1.5_1,2023,11,0,0
GBR.1.83.1.6_1,2023,11,0,0
GBR.1.83.1.7_1,2023,11,0,0
GBR.1.83.1.8_1,2023,11,0,0
GBR.1.83.1.9_1,2023,11,0,0
GBR.1.84.1.1_1,2023,11,0,0
GBR.1.84.1.10_1,2023,11,0,0
GBR.1.84.1.11_1,2023,11,0,0
GBR.1.84.1.12_1,2023,11,0,0
GBR.1.84.1.13_1,2023,11,0,0
GBR.1.84.1.14_1,2023,11,0,0
GBR.1.84.1.15_1,2023,11,0,0
GBR.1.84.1.16_1,2023,11,0,0
GBR.1.84.1.17_1,2023,11,0,0
GBR.1.84.1.18_1,2023,11,0,0
GBR.1.84.1.19_1,2023,11,0,0
GBR.1.84.1.2_1,2023,11,0,0
GBR.1.84.1.20_1,2023,11,0,0
GBR.1.84.1.21_1,2023,11,0,0
GBR.1.84.1.22_1,2023,11,0,0
GBR.1.84.1.23_1,2023,11,0,0
GBR.1.84.1.24_1,2023,11,0,0
GBR.1.84.1.25_1,2023,11,0,0
GBR.1.84.1.26_1,2023,11,0,0
GBR.1.84.1.27_1,2023,11,0,0
GBR.1.84.1.28_1,2023,11,0,0
GBR.1.84.1.29_1,2023,11,0,0
GBR.1.84.1.3_1,2023,11,0,0
GBR.1.84.1.30_1,2023,11,0,0
GBR.1.84.1.31_1,2023,11,0,0
GBR.1.84.1.32_1,2023,11,0,0
GBR.1.84.1.33_1,2023,11,0,0
GBR.1.84.1.34_1,2023,11,0,0
GBR.1.84.1.35_1,2023,11,0,0
GBR.1.84.1.36_1,2023,11,0,0
GBR.1.84.1.37_1,2023,11,0,0
GBR.1.84.1.38_1,2023,11,0,0
GBR.1.84.1.39_1,2023,11,0,0
GBR.1.84.1.4_1,2023,11,0,0
GBR.1.84.1.40_1,2023,11,0,0
GBR.1.84.1.41_1,2023,11,0,0
GBR.1.84.1.42_1,2023,11,0,0
GBR.1.84.1.43_1,2023,11,0,0
GBR.1.84.1.44_1,2023,11,0,0
GBR.1.84.1.45_1,2023,11,0,0
GBR.1.84.1.46_1,2023,11,0,0
GBR.1.84.1.47_1,2023,11,0,0
GBR.1.84.1.48_1,2023,11,0,0
GBR.1.84.1.49_1,2023,11,0,0
GBR.1.84.1.5_1,2023,11,0,0
GBR.1.84.1.50_1,2023,11,0,0
GBR.1.84.1.51_1,2023,11,0,0
GBR.1.84.1.52_1,2023,11,0,0
GBR.1.84.1.53_1,2023,11,0,0
GBR.1.84.1.54_1,2023,11,0,0
GBR.1.84.1.55_1,2023,11,0,0
GBR.1.84.1.56_1,2023,11,0,0
GBR.1.84.1.57_1,2023,11,0,0
GBR.1.84.1.58_1,2023,11,0,0
GBR.1.84.1.59_1,2023,11,0,0
GBR.1.84.1.6_1,2023,11,0,0
GBR.1.84.1.60_1,2023,11,0,0
GBR.1.84.1.61_1,2023,11,0,0
GBR.1.84.1.62_1,2023,11,0,0
GBR.1.84.1.63_1,2023,11,0,0
GBR.1.84.1.64_1,2023,11,0,0
GBR.1.84.1.7_1,2023,11,0,0
GBR.1.84.1.8_1,2023,11,0,0
GBR.1.84.1.9_1,2023,11,0,0
GBR.1.85.1.1_1,2023,11,0,0
GBR.1.85.1.10_1,2023,11,0,0
GBR.1.85.1.11_1,2023,11,0,0
GBR.1.85.1.12_1,2023,11,0,0
GBR.1.85.1.13_1,2023,11,0,0
GBR.1.85.1.14_1,2023,11,0,0
GBR.1.85.1.15_1,2023,11,0,0
GBR.1.85.1.16_1,2023,11,0,0
GBR.1.85.1.17_1,2023,11,0,0
GBR.1.85.1.18_1,2023,11,0,0
GBR.1.85.1.2_1,2023,11,0,0
GBR.1.85.1.3_1,2023,11,0,0
GBR.1.85.1.4_1,2023,11,0,0
GBR.1.85.1.5_1,2023,11,0,0
GBR.1.85.1.6_1,2023,11,0,0
GBR.1.85.1.7_1,2023,11,0,0
GBR.1.85.1.8_1,2023,11,0,0
GBR.1.85.1.9_1,2023,11,0,0
GBR.1.86.1.1_1,2023,11,0,0
GBR.1.86.1.10_1,2023,11,0,0
GBR.1.86.1.11_1,2023,11,0,0
GBR.1.86.1.12_1,2023,11,0,0
GBR.1.86.1.13_1,2023,11,0,0
GBR.1.86.1.2_1,2023,11,0,0
GBR.1.86.1.3_1,2023,11,0,0
GBR.1.86.1.4_1,2023,11,0,0
GBR.1.86.1.5_1,2023,11,0,0
GBR.1.86.1.6_1,2023,11,0,0
GBR.1.86.1.7_1,2023,11,0,0
GBR.1.86.1.8_1,2023,11,0,0
GBR.1.86.1.9_1,2023,11,0,0
GBR.1.87.1.1_1,2023,11,0,0
GBR.1.87.1.10_1,2023,11,0,0
GBR.1.87.1.11_1,2023,11,0,0
GBR.1.87.1.12_1,2023,11,0,0
GBR.1.87.1.13_1,2023,11,0,0
GBR.1.87.1.14_1,2023,11,0,0
GBR.1.87.1.15_1,2023,11,0,0
GBR.1.87.1.16_1,2023,11,0,0
GBR.1.87.1.17_1,2023,11,0,0
GBR.1.87.1.18_1,2023,11,0,0
GBR.1.87.1.19_1,2023,11,0,0
GBR.1.87.1.2_1,2023,11,0,0
GBR.1.87.1.20_1,2023,11,0,0
GBR.1.87.1.21_1,2023,11,0,0
GBR.1.87.1.22_1,2023,11,0,0
GBR.1.87.1.23_1,2023,11,0,0
GBR.1.87.1.24_1,2023,11,0,0
GBR.1.87.1.25_1,2023,11,0,0
GBR.1.87.1.26_1,2023,11,0,0
GBR.1.87.1.27_1,2023,11,0,0
GBR.1.87.1.28_1,2023,11,0,0
GBR.1.87.1.29_1,2023,11,0,0
GBR.1.87.1.3_1,2023,11,0,0
GBR.1.87.1.30_1,2023,11,0,0
GBR.1.87.1.31_1,2023,11,0,0
GBR.1.87.1.32_1,2023,11,0,0
GBR.1.87.1.33_1,2023,11,0,0
GBR.1.87.1.4_1,2023,11,0,0
GBR.1.87.1.5_1,2023,11,0,0
GBR.1.87.1.6_1,2023,11,0,0
GBR.1.87.1.7_1,2023,11,0,0
GBR.1.87.1.8_1,2023,11,0,0
GBR.1.87.1.9_1,2023,11,0,0
GBR.1.87.2.1_1,2023,11,0,0
GBR.1.87.2.10_1,2023,11,0,0
GBR.1.87.2.11_1,2023,11,0,0
GBR.1.87.2.12_1,2023,11,0,0
GBR.1.87.2.13_1,2023,11,0,0
GBR.1.87.2.14_1,2023,11,0,0
GBR.1.87.2.15_1,2023,11,0,0
GBR.1.87.2.16_1,2023,11,0,0
GBR.1.87.2.17_1,2023,11,0,0
GBR.1.87.2.18_1,2023,11,0,0
GBR.1.87.2.19_1,2023,11,0,0
GBR.1.87.2.2_1,2023,11,0,0
GBR.1.87.2.20_1,2023,11,0,0
GBR.1.87.2.21_1,2023,11,0,0
GBR.1.87.2.3_1,2023,11,0,0
GBR.1.87.2.4_1,2023,11,0,0
GBR.1.87.2.5_1,2023,11,0,0
GBR.1.87.2.6_1,2023,11,0,0
GBR.1.87.2.7_1,2023,11,0,0
GBR.1.87.2.8_1,2023,11,0,0
GBR.1.87.2.9_1,2023,11,0,0
GBR.1.87.3.1_1,2023,11,0,0
GBR.1.87.3.10_1,2023,11,0,0
GBR.1.87.3.11_1,2023,11,0,0
GBR.1.87.3.12_1,2023,11,0,0
GBR.1.87.3.13_1,2023,11,0,0
GBR.1.87.3.14_1,2023,11,0,0
GBR.1.87.3.15_1,2023,11,0,0
GBR.1.87.3.16_1,2023,11,0,0
GBR.1.87.3.17_1,2023,11,0,0
GBR.1.87.3.18_1,2023,11,0,0
GBR.1.87.3.19_1,2023,11,0,0
GBR.1.87.3.2_1,2023,11,0,0
GBR.1.87.3.20_1,2023,11,0,0
GBR.1.87.3.21_1,2023,11,0,0
GBR.1.87.3.22_1,2023,11,0,0
GBR.1.87.3.23_1,2023,11,0,0
GBR.1.87.3.24_1,2023,11,0,0
GBR.1.87.3.25_1,2023,11,0,0
GBR.1.87.3.26_1,2023,11,0,0
GBR.1.87.3.27_1,2023,11,0,0
GBR.1.87.3.28_1,2023,11,0,0
GBR.1.87.3.29_1,2023,11,0,0
GBR.1.87.3.3_1,2023,11,0,0
GBR.1.87.3.30_1,2023,11,0,0
GBR.1.87.3.31_1,2023,11,0,0
GBR.1.87.3.32_1,2023,11,0,0
GBR.1.87.3.33_1,2023,11,0,0
GBR.1.87.3.34_1,2023,11,0,0
GBR.1.87.3.35_1,2023,11,0,0
GBR.1.87.3.36_1,2023,11,0,0
GBR.1.87.3.37_1,2023,11,0,0
GBR.1.87.3.38_1,2023,11,0,0
GBR.1.87.3.39_1,2023,11,0,0
GBR.1.87.3.4_1,2023,11,0,0
GBR.1.87.3.40_1,2023,11,0,0
GBR.1.87.3.5_1,2023,11,0,0
GBR.1.87.3.6_1,2023,11,0,0
GBR.1.87.3.7_1,2023,11,0,0
GBR.1.87.3.8_1,2023,11,0,0
GBR.1.87.3.9_1,2023,11,0,0
GBR.1.87.4.1_1,2023,11,0,0
GBR.1.87.4.10_1,2023,11,0,0
GBR.1.87.4.11_1,2023,11,0,0
GBR.1.87.4.12_1,2023,11,0,0
GBR.1.87.4.13_1,2023,11,0,0
GBR.1.87.4.14_1,2023,11,0,0
GBR.1.87.4.15_1,2023,11,0,0
GBR.1.87.4.16_1,2023,11,0,0
GBR.1.87.4.17_1,2023,11,0,0
GBR.1.87.4.18_1,2023,11,0,0
GBR.1.87.4.19_1,2023,11,0,0
GBR.1.87.4.2_1,2023,11,0,0
GBR.1.87.4.20_1,2023,11,0,0
GBR.1.87.4.21_1,2023,11,0,0
GBR.1.87.4.22_1,2023,11,0,0
GBR.1.87.4.23_1,2023,11,0,0
GBR.1.87.4.24_1,2023,11,0,0
GBR.1.87.4.25_1,2023,11,0,0
GBR.1.87.4.26_1,2023,11,0,0
GBR.1.87.4.3_1,2023,11,0,0
GBR.1.87.4.4_1,2023,11,0,0
GBR.1.87.4.5_1,2023,11,0,0
GBR.1.87.4.6_1,2023,11,0,0
GBR.1.87.4.7_1,2023,11,0,0
GBR.1.87.4.8_1,2023,11,0,0
GBR.1.87.4.9_1,2023,11,0,0
GBR.1.87.5.1_1,2023,11,0,0
GBR.1.87.5.10_1,2023,11,0,0
GBR.1.87.5.11_1,2023,11,0,0
GBR.1.87.5.12_1,2023,11,0,0
GBR.1.87.5.13_1,2023,11,0,0
GBR.1.87.5.14_1,2023,11,0,0
GBR.1.87.5.15_1,2023,11,0,0
GBR.1.87.5.16_1,2023,11,0,0
GBR.1.87.5.17_1,2023,11,0,0
GBR.1.87.5.2_1,2023,11,0,0
GBR.1.87.5.3_1,2023,11,0,0
GBR.1.87.5.4_1,2023,11,0,0
GBR.1.87.5.5_1,2023,11,0,0
GBR.1.87.5.6_1,2023,11,0,0
GBR.1.87.5.7_1,2023,11,0,0
GBR.1.87.5.8_1,2023,11,0,0
GBR.1.87.5.9_1,2023,11,0,0
GBR.1.88.1.1_1,2023,11,0,0
GBR.1.88.1.10_1,2023,11,0,0
GBR.1.88.1.11_1,2023,11,0,0
GBR.1.88.1.12_1,2023,11,0,0
GBR.1.88.1.13_1,2023,11,0,0
GBR.1.88.1.14_1,2023,11,0,0
GBR.1.88.1.15_1,2023,11,0,0
GBR.1.88.1.16_1,2023,11,0,0
GBR.1.88.1.17_1,2023,11,0,0
GBR.1.88.1.18_1,2023,11,0,0
GBR.1.88.1.19_1,2023,11,0,0
GBR.1.88.1.2_1,2023,11,0,0
GBR.1.88.1.20_1,2023,11,0,0
GBR.1.88.1.21_1,2023,11,0,0
GBR.1.88.1.22_1,2023,11,0,0
GBR.1.88.1.23_1,2023,11,0,0
GBR.1.88.1.24_1,2023,11,0,0
GBR.1.88.1.25_1,2023,11,0,0
GBR.1.88.1.26_1,2023,11,0,0
GBR.1.88.1.27_1,2023,11,0,0
GBR.1.88.1.28_1,2023,11,0,0
GBR.1.88.1.29_1,2023,11,0,0
GBR.1.88.1.3_1,2023,11,0,0
GBR.1.88.1.30_1,2023,11,0,0
GBR.1.88.1.31_1,2023,11,0,0
GBR.1.88.1.32_1,2023,11,0,0
GBR.1.88.1.33_1,2023,11,0,0
GBR.1.88.1.34_1,2023,11,0,0
GBR.1.88.1.4_1,2023,11,0,0
GBR.1.88.1.5_1,2023,11,0,0
GBR.1.88.1.6_1,2023,11,0,0
GBR.1.88.1.7_1,2023,11,0,0
GBR.1.88.1.8_1,2023,11,0,0
GBR.1.88.1.9_1,2023,11,0,0
GBR.1.89.1.1_1,2023,11,0,0
GBR.1.89.1.10_1,2023,11,0,0
GBR.1.89.1.11_1,2023,11,0,0
GBR.1.89.1.12_1,2023,11,0,0
GBR.1.89.1.13_1,2023,11,0,0
GBR.1.89.1.14_1,2023,11,0,0
GBR.1.89.1.15_1,2023,11,0,0
GBR.1.89.1.16_1,2023,11,0,0
GBR.1.89.1.17_1,2023,11,0,0
GBR.1.89.1.18_1,2023,11,0,0
GBR.1.89.1.19_1,2023,11,0,0
GBR.1.89.1.2_1,2023,11,0,0
GBR.1.89.1.3_1,2023,11,0,0
GBR.1.89.1.4_1,2023,11,0,0
GBR.1.89.1.5_1,2023,11,0,0
GBR.1.89.1.6_1,2023,11,0,0
GBR.1.89.1.7_1,2023,11,0,0
GBR.1.89.1.8_1,2023,11,0,0
GBR.1.89.1.9_1,2023,11,0,0
GBR.1.9.1.1_1,2023,11,0,0
GBR.1.9.1.10_1,2023,11,0,0
GBR.1.9.1.11_1,2023,11,0,0
GBR.1.9.1.12_1,2023,11,0,0
GBR.1.9.1.13_1,2023,11,0,0
GBR.1.9.1.14_1,2023,11,0,0
GBR.1.9.1.15_1,2023,11,0,0
GBR.1.9.1.16_1,2023,11,0,0
GBR.1.9.1.17_1,2023,11,0,0
GBR.1.9.1.18_1,2023,11,0,0
GBR.1.9.1.2_1,2023,11,0,0
GBR.1.9.1.3_1,2023,11,0,0
GBR.1.9.1.4_1,2023,11,0,0
GBR.1.9.1.5_1,2023,11,0,0
GBR.1.9.1.6_1,2023,11,0,0
GBR.1.9.1.7_1,2023,11,0,0
GBR.1.9.1.8_1,2023,11,0,0
GBR.1.9.1.9_1,2023,11,0,0
GBR.1.90.1.1_1,2023,11,0,0
GBR.1.90.1.10_1,2023,11,0,0
GBR.1.90.1.11_1,2023,11,0,0
GBR.1.90.1.12_1,2023,11,0,0
GBR.1.90.1.13_1,2023,11,0,0
GBR.1.90.1.14_1,2023,11,0,0
GBR.1.90.1.15_1,2023,11,0,0
GBR.1.90.1.16_1,2023,11,0,0
GBR.1.90.1.17_1,2023,11,0,0
GBR.1.90.1.2_1,2023,11,0,0
GBR.1.90.1.3_1,2023,11,0,0
GBR.1.90.1.4_1,2023,11,0,0
GBR.1.90.1.5_1,2023,11,0,0
GBR.1.90.1.6_1,2023,11,0,0
GBR.1.90.1.7_1,2023,11,0,0
GBR.1.90.1.8_1,2023,11,0,0
GBR.1.90.1.9_1,2023,11,0,0
GBR.1.91.1.1_1,2023,11,0,0
GBR.1.91.1.10_1,2023,11,0,0
GBR.1.91.1.11_1,2023,11,0,0
GBR.1.91.1.12_1,2023,11,0,0
GBR.1.91.1.13_1,2023,11,0,0
GBR.1.91.1.14_1,2023,11,0,0
GBR.1.91.1.15_1,2023,11,0,0
GBR.1.91.1.16_1,2023,11,0,0
GBR.1.91.1.2_1,2023,11,0,0
GBR.1.91.1.3_1,2023,11,0,0
GBR.1.91.1.4_1,2023,11,0,0
GBR.1.91.1.5_1,2023,11,0,0
GBR.1.91.1.6_1,2023,11,0,0
GBR.1.91.1.7_1,2023,11,0,0
GBR.1.91.1.8_1,2023,11,0,0
GBR.1.91.1.9_1,2023,11,0,0
GBR.1.92.1.1_1,2023,11,0,0
GBR.1.92.1.10_1,2023,11,0,0
GBR.1.92.1.11_1,2023,11,0,0
GBR.1.92.1.12_1,2023,11,0,0
GBR.1.92.1.13_1,2023,11,0,0
GBR.1.92.1.14_1,2023,11,0,0
GBR.1.92.1.15_1,2023,11,0,0
GBR.1.92.1.2_1,2023,11,0,0
GBR.1.92.1.3_1,2023,11,0,0
GBR.1.92.1.4_1,2023,11,0,0
GBR.1.92.1.5_1,2023,11,0,0
GBR.1.92.1.6_1,2023,11,0,0
GBR.1.92.1.7_1,2023,11,0,0
GBR.1.92.1.8_1,2023,11,0,0
GBR.1.92.1.9_1,2023,11,0,0
GBR.1.92.2.1_1,2023,11,0,0
GBR.1.92.2.10_1,2023,11,0,0
GBR.1.92.2.11_1,2023,11,0,0
GBR.1.92.2.12_1,2023,11,0,0
GBR.1.92.2.13_1,2023,11,0,0
GBR.1.92.2.14_1,2023,11,0,0
GBR.1.92.2.15_1,2023,11,0,0
GBR.1.92.2.16_1,2023,11,0,0
GBR.1.92.2.17_1,2023,11,0,0
GBR.1.92.2.18_1,2023,11,0,0
GBR.1.92.2.19_1,2023,11,0,0
GBR.1.92.2.2_1,2023,11,0,0
GBR.1.92.2.20_1,2023,11,0,0
GBR.1.92.2.21_1,2023,11,0,0
GBR.1.92.2.3_1,2023,11,0,0
GBR.1.92.2.4_1,2023,11,0,0
GBR.1.92.2.5_1,2023,11,0,0
GBR.1.92.2.6_1,2023,11,0,0
GBR.1.92.2.7_1,2023,11,0,0
GBR.1.92.2.8_1,2023,11,0,0
GBR.1.92.2.9_1,2023,11,0,0
GBR.1.92.3.1_1,2023,11,0,0
GBR.1.92.3.10_1,2023,11,0,0
GBR.1.92.3.11_1,2023,11,0,0
GBR.1.92.3.12_1,2023,11,0,0
GBR.1.92.3.13_1,2023,11,0,0
GBR.1.92.3.14_1,2023,11,0,0
GBR.1.92.3.15_1,2023,11,0,0
GBR.1.92.3.16_1,2023,11,0,0
GBR.1.92.3.17_1,2023,11,0,0
GBR.1.92.3.18_1,2023,11,0,0
GBR.1.92.3.19_1,2023,11,0,0
GBR.1.92.3.2_1,2023,11,0,0
GBR.1.92.3.20_1,2023,11,0,0
GBR.1.92.3.21_1,2023,11,0,0
GBR.1.92.3.22_1,2023,11,0,0
GBR.1.92.3.3_1,2023,11,0,0
GBR.1.92.3.4_1,2023,11,0,0
GBR.1.92.3.5_1,2023,11,0,0
GBR.1.92.3.6_1,2023,11,0,0
GBR.1.92.3.7_1,2023,11,0,0
GBR.1.92.3.8_1,2023,11,0,0
GBR.1.92.3.9_1,2023,11,0,0
GBR.1.92.4.1_1,2023,11,0,0
GBR.1.92.4.10_1,2023,11,0,0
GBR.1.92.4.11_1,2023,11,0,0
GBR.1.92.4.12_1,2023,11,0,0
GBR.1.92.4.13_1,2023,11,0,0
GBR.1.92.4.14_1,2023,11,0,0
GBR.1.92.4.15_1,2023,11,0,0
GBR.1.92.4.16_1,2023,11,0,0
GBR.1.92.4.17_1,2023,11,0,0
GBR.1.92.4.2_1,2023,11,0,0
GBR.1.92.4.3_1,2023,11,0,0
GBR.1.92.4.4_1,2023,11,0,0
GBR.1.92.4.5_1,2023,11,0,0
GBR.1.92.4.6_1,2023,11,0,0
GBR.1.92.4.7_1,2023,11,0,0
GBR.1.92.4.8_1,2023,11,0,0
GBR.1.92.4.9_1,2023,11,0,0
GBR.1.92.5.1_1,2023,11,0,0
GBR.1.92.5.10_1,2023,11,0,0
GBR.1.92.5.11_1,2023,11,0,0
GBR.1.92.5.12_1,2023,11,0,0
GBR.1.92.5.13_1,2023,11,0,0
GBR.1.92.5.14_1,2023,11,0,0
GBR.1.92.5.15_1,2023,11,0,0
GBR.1.92.5.16_1,2023,11,0,0
GBR.1.92.5.17_1,2023,11,0,0
GBR.1.92.5.18_1,2023,11,0,0
GBR.1.92.5.19_1,2023,11,0,0
GBR.1.92.5.2_1,2023,11,0,0
GBR.1.92.5.20_1,2023,11,0,0
GBR.1.92.5.21_1,2023,11,0,0
GBR.1.92.5.22_1,2023,11,0,0
GBR.1.92.5.23_1,2023,11,0,0
GBR.1.92.5.24_1,2023,11,0,0
GBR.1.92.5.25_1,2023,11,0,0
GBR.1.92.5.26_1,2023,11,0,0
GBR.1.92.5.27_1,2023,11,0,0
GBR.1.92.5.28_1,2023,11,0,0
GBR.1.92.5.29_1,2023,11,0,0
GBR.1.92.5.3_1,2023,11,0,0
GBR.1.92.5.30_1,2023,11,0,0
GBR.1.92.5.31_1,2023,11,0,0
GBR.1.92.5.4_1,2023,11,0,0
GBR.1.92.5.5_1,2023,11,0,0
GBR.1.92.5.6_1,2023,11,0,0
GBR.1.92.5.7_1,2023,11,0,0
GBR.1.92.5.8_1,2023,11,0,0
GBR.1.92.5.9_1,2023,11,0,0
GBR.1.92.6.1_1,2023,11,0,0
GBR.1.92.6.10_1,2023,11,0,0
GBR.1.92.6.11_1,2023,11,0,0
GBR.1.92.6.12_1,2023,11,0,0
GBR.1.92.6.13_1,2023,11,0,0
GBR.1.92.6.14_1,2023,11,0,0
GBR.1.92.6.15_1,2023,11,0,0
GBR.1.92.6.16_1,2023,11,0,0
GBR.1.92.6.17_1,2023,11,0,0
GBR.1.92.6.18_1,2023,11,0,0
GBR.1.92.6.19_1,2023,11,0,0
GBR.1.92.6.2_1,2023,11,0,0
GBR.1.92.6.20_1,2023,11,0,0
GBR.1.92.6.21_1,2023,11,0,0
GBR.1.92.6.22_1,2023,11,0,0
GBR.1.92.6.23_1,2023,11,0,0
GBR.1.92.6.3_1,2023,11,0,0
GBR.1.92.6.4_1,2023,11,0,0
GBR.1.92.6.5_1,2023,11,0,0
GBR.1.92.6.6_1,2023,11,0,0
GBR.1.92.6.7_1,2023,11,0,0
GBR.1.92.6.8_1,2023,11,0,0
GBR.1.92.6.9_1,2023,11,0,0
GBR.1.92.7.1_1,2023,11,0,0
GBR.1.92.7.10_1,2023,11,0,0
GBR.1.92.7.11_1,2023,11,0,0
GBR.1.92.7.12_1,2023,11,0,0
GBR.1.92.7.13_1,2023,11,0,0
GBR.1.92.7.14_1,2023,11,0,0
GBR.1.92.7.15_1,2023,11,0,0
GBR.1.92.7.16_1,2023,11,0,0
GBR.1.92.7.17_1,2023,11,0,0
GBR.1.92.7.18_1,2023,11,0,0
GBR.1.92.7.19_1,2023,11,0,0
GBR.1.92.7.2_1,2023,11,0,0
GBR.1.92.7.20_1,2023,11,0,0
GBR.1.92.7.21_1,2023,11,0,0
GBR.1.92.7.22_1,2023,11,0,0
GBR.1.92.7.23_1,2023,11,0,0
GBR.1.92.7.24_1,2023,11,0,0
GBR.1.92.7.25_1,2023,11,0,0
GBR.1.92.7.26_1,2023,11,0,0
GBR.1.92.7.27_1,2023,11,0,0
GBR.1.92.7.28_1,2023,11,0,0
GBR.1.92.7.3_1,2023,11,0,0
GBR.1.92.7.4_1,2023,11,0,0
GBR.1.92.7.5_1,2023,11,0,0
GBR.1.92.7.6_1,2023,11,0,0
GBR.1.92.7.7_1,2023,11,0,0
GBR.1.92.7.8_1,2023,11,0,0
GBR.1.92.7.9_1,2023,11,0,0
GBR.1.92.8.1_1,2023,11,0,0
GBR.1.92.8.2_1,2023,11,0,0
GBR.1.92.8.3_1,2023,11,0,0
GBR.1.92.8.4_1,2023,11,0,0
GBR.1.92.8.5_1,2023,11,0,0
GBR.1.92.8.6_1,2023,11,0,0
GBR.1.92.8.7_1,2023,11,0,0
GBR.1.92.8.8_1,2023,11,0,0
GBR.1.92.8.9_1,2023,11,0,0
GBR.1.93.1.1_1,2023,11,0,0
GBR.1.93.1.10_1,2023,11,0,0
GBR.1.93.1.11_1,2023,11,0,0
GBR.1.93.1.12_1,2023,11,0,0
GBR.1.93.1.13_1,2023,11,0,0
GBR.1.93.1.14_1,2023,11,0,0
GBR.1.93.1.15_1,2023,11,0,0
GBR.1.93.1.16_1,2023,11,0,0
GBR.1.93.1.17_1,2023,11,0,0
GBR.1.93.1.18_1,2023,11,0,0
GBR.1.93.1.19_1,2023,11,0,0
GBR.1.93.1.2_1,2023,11,0,0
GBR.1.93.1.20_1,2023,11,0,0
GBR.1.93.1.21_1,2023,11,0,0
GBR.1.93.1.22_1,2023,11,0,0
GBR.1.93.1.23_1,2023,11,0,0
GBR.1.93.1.24_1,2023,11,0,0
GBR.1.93.1.3_1,2023,11,0,0
GBR.1.93.1.4_1,2023,11,0,0
GBR.1.93.1.5_1,2023,11,0,0
GBR.1.93.1.6_1,2023,11,0,0
GBR.1.93.1.7_1,2023,11,0,0
GBR.1.93.1.8_1,2023,11,0,0
GBR.1.93.1.9_1,2023,11,0,0
GBR.1.94.1.1_1,2023,11,0,0
GBR.1.94.1.10_1,2023,11,0,0
GBR.1.94.1.11_1,2023,11,0,0
GBR.1.94.1.12_1,2023,11,0,0
GBR.1.94.1.13_1,2023,11,0,0
GBR.1.94.1.14_1,2023,11,0,0
GBR.1.94.1.15_1,2023,11,0,0
GBR.1.94.1.16_1,2023,11,0,0
GBR.1.94.1.17_1,2023,11,0,0
GBR.1.94.1.18_1,2023,11,0,0
GBR.1.94.1.19_1,2023,11,0,0
GBR.1.94.1.2_1,2023,11,0,0
GBR.1.94.1.20_1,2023,11,0,0
GBR.1.94.1.21_1,2023,11,0,0
GBR.1.94.1.22_1,2023,11,0,0
GBR.1.94.1.23_1,2023,11,0,0
GBR.1.94.1.24_1,2023,11,0,0
GBR.1.94.1.25_1,2023,11,0,0
GBR.1.94.1.3_1,2023,11,0,0
GBR.1.94.1.4_1,2023,11,0,0
GBR.1.94.1.5_1,2023,11,0,0
GBR.1.94.1.6_1,2023,11,0,0
GBR.1.94.1.7_1,2023,11,0,0
GBR.1.94.1.8_1,2023,11,0,0
GBR.1.94.1.9_1,2023,11,0,0
GBR.1.95.1.1_1,2023,11,0,0
GBR.1.95.1.10_1,2023,11,0,0
GBR.1.95.1.11_1,2023,11,0,0
GBR.1.95.1.12_1,2023,11,0,0
GBR.1.95.1.13_1,2023,11,0,0
GBR.1.95.1.14_1,2023,11,0,0
GBR.1.95.1.15_1,2023,11,0,0
GBR.1.95.1.16_1,2023,11,0,0
GBR.1.95.1.17_1,2023,11,0,0
GBR.1.95.1.18_1,2023,11,0,0
GBR.1.95.1.19_1,2023,11,0,0
GBR.1.95.1.2_1,2023,11,0,0
GBR.1.95.1.20_1,2023,11,0,0
GBR.1.95.1.21_1,2023,11,0,0
GBR.1.95.1.22_1,2023,11,0,0
GBR.1.95.1.23_1,2023,11,0,0
GBR.1.95.1.24_1,2023,11,0,0
GBR.1.95.1.25_1,2023,11,0,0
GBR.1.95.1.26_1,2023,11,0,0
GBR.1.95.1.27_1,2023,11,0,0
GBR.1.95.1.28_1,2023,11,0,0
GBR.1.95.1.29_1,2023,11,0,0
GBR.1.95.1.3_1,2023,11,0,0
GBR.1.95.1.30_1,2023,11,0,0
GBR.1.95.1.31_1,2023,11,0,0
GBR.1.95.1.32_1,2023,11,0,0
GBR.1.95.1.33_1,2023,11,0,0
GBR.1.95.1.34_1,2023,11,0,0
GBR.1.95.1.35_1,2023,11,0,0
GBR.1.95.1.36_1,2023,11,0,0
GBR.1.95.1.37_1,2023,11,0,0
GBR.1.95.1.38_1,2023,11,0,0
GBR.1.95.1.39_1,2023,11,0,0
GBR.1.95.1.4_1,2023,11,0,0
GBR.1.95.1.40_1,2023,11,0,0
GBR.1.95.1.5_1,2023,11,0,0
GBR.1.95.1.6_1,2023,11,0,0
GBR.1.95.1.7_1,2023,11,0,0
GBR.1.95.1.8_1,2023,11,0,0
GBR.1.95.1.9_1,2023,11,0,0
GBR.1.96.1.1_1,2023,11,0,0
GBR.1.96.1.10_1,2023,11,0,0
GBR.1.96.1.11_1,2023,11,0,0
GBR.1.96.1.12_1,2023,11,0,0
GBR.1.96.1.13_1,2023,11,0,0
GBR.1.96.1.14_1,2023,11,0,0
GBR.1.96.1.15_1,2023,11,0,0
GBR.1.96.1.16_1,2023,11,0,0
GBR.1.96.1.17_1,2023,11,0,0
GBR.1.96.1.18_1,2023,11,0,0
GBR.1.96.1.19_1,2023,11,0,0
GBR.1.96.1.2_1,2023,11,0,0
GBR.1.96.1.20_1,2023,11,0,0
GBR.1.96.1.21_1,2023,11,0,0
GBR.1.96.1.22_1,2023,11,0,0
GBR.1.96.1.23_1,2023,11,0,0
GBR.1.96.1.24_1,2023,11,0,0
GBR.1.96.1.25_1,2023,11,0,0
GBR.1.96.1.26_1,2023,11,0,0
GBR.1.96.1.3_1,2023,11,0,0
GBR.1.96.1.4_1,2023,11,0,0
GBR.1.96.1.5_1,2023,11,0,0
GBR.1.96.1.6_1,2023,11,0,0
GBR.1.96.1.7_1,2023,11,0,0
GBR.1.96.1.8_1,2023,11,0,0
GBR.1.96.1.9_1,2023,11,0,0
GBR.1.96.2.1_1,2023,11,0,0
GBR.1.96.2.10_1,2023,11,0,0
GBR.1.96.2.11_1,2023,11,0,0
GBR.1.96.2.12_1,2023,11,0,0
GBR.1.96.2.13_1,2023,11,0,0
GBR.1.96.2.2_1,2023,11,0,0
GBR.1.96.2.3_1,2023,11,0,0
GBR.1.96.2.4_1,2023,11,0,0
GBR.1.96.2.5_1,2023,11,0,0
GBR.1.96.2.6_1,2023,11,0,0
GBR.1.96.2.7_1,2023,11,0,0
GBR.1.96.2.8_1,2023,11,0,0
GBR.1.96.2.9_1,2023,11,0,0
GBR.1.96.3.1_1,2023,11,0,0
GBR.1.96.3.10_1,2023,11,0,0
GBR.1.96.3.11_1,2023,11,0,0
GBR.1.96.3.12_1,2023,11,0,0
GBR.1.96.3.13_1,2023,11,0,0
GBR.1.96.3.14_1,2023,11,0,0
GBR.1.96.3.15_1,2023,11,0,0
GBR.1.96.3.2_1,2023,11,0,0
GBR.1.96.3.3_1,2023,11,0,0
GBR.1.96.3.4_1,2023,11,0,0
GBR.1.96.3.5_1,2023,11,0,0
GBR.1.96.3.6_1,2023,11,0,0
GBR.1.96.3.7_1,2023,11,0,0
GBR.1.96.3.8_1,2023,11,0,0
GBR.1.96.3.9_1,2023,11,0,0
GBR.1.96.4.1_1,2023,11,0,0
GBR.1.96.4.10_1,2023,11,0,0
GBR.1.96.4.11_1,2023,11,0,0
GBR.1.96.4.12_1,2023,11,0,0
GBR.1.96.4.13_1,2023,11,0,0
GBR.1.96.4.14_1,2023,11,0,0
GBR.1.96.4.15_1,2023,11,0,0
GBR.1.96.4.16_1,2023,11,0,0
GBR.1.96.4.17_1,2023,11,0,0
GBR.1.96.4.18_1,2023,11,0,0
GBR.1.96.4.19_1,2023,11,0,0
GBR.1.96.4.2_1,2023,11,0,0
GBR.1.96.4.20_1,2023,11,0,0
GBR.1.96.4.21_1,2023,11,0,0
GBR.1.96.4.22_1,2023,11,0,0
GBR.1.96.4.23_1,2023,11,0,0
GBR.1.96.4.24_1,2023,11,0,0
GBR.1.96.4.25_1,2023,11,0,0
GBR.1.96.4.26_1,2023,11,0,0
GBR.1.96.4.27_1,2023,11,0,0
GBR.1.96.4.28_1,2023,11,0,0
GBR.1.96.4.29_1,2023,11,0,0
GBR.1.96.4.3_1,2023,11,0,0
GBR.1.96.4.30_1,2023,11,0,0
GBR.1.96.4.31_1,2023,11,0,0
GBR.1.96.4.4_1,2023,11,0,0
GBR.1.96.4.5_1,2023,11,0,0
GBR.1.96.4.6_1,2023,11,0,0
GBR.1.96.4.7_1,2023,11,0,0
GBR.1.96.4.8_1,2023,11,0,0
GBR.1.96.4.9_1,2023,11,0,0
GBR.1.96.5.1_1,2023,11,0,0
GBR.1.96.5.10_1,2023,11,0,0
GBR.1.96.5.11_1,2023,11,0,0
GBR.1.96.5.12_1,2023,11,0,0
GBR.1.96.5.13_1,2023,11,0,0
GBR.1.96.5.14_1,2023,11,0,0
GBR.1.96.5.15_1,2023,11,0,0
GBR.1.96.5.16_1,2023,11,0,0
GBR.1.96.5.17_1,2023,11,0,0
GBR.1.96.5.18_1,2023,11,0,0
GBR.1.96.5.19_1,2023,11,0,0
GBR.1.96.5.2_1,2023,11,0,0
GBR.1.96.5.20_1,2023,11,0,0
GBR.1.96.5.21_1,2023,11,0,0
GBR.1.96.5.22_1,2023,11,0,0
GBR.1.96.5.23_1,2023,11,0,0
GBR.1.96.5.24_1,2023,11,0,0
GBR.1.96.5.25_1,2023,11,0,0
GBR.1.96.5.26_1,2023,11,0,0
GBR.1.96.5.27_1,2023,11,0,0
GBR.1.96.5.28_1,2023,11,0,0
GBR.1.96.5.29_1,2023,11,0,0
GBR.1.96.5.3_1,2023,11,0,0
GBR.1.96.5.30_1,2023,11,0,0
GBR.1.96.5.31_1,2023,11,0,0
GBR.1.96.5.4_1,2023,11,0,0
GBR.1.96.5.5_1,2023,11,0,0
GBR.1.96.5.6_1,2023,11,0,0
GBR.1.96.5.7_1,2023,11,0,0
GBR.1.96.5.8_1,2023,11,0,0
GBR.1.96.5.9_1,2023,11,0,0
GBR.1.96.6.1_1,2023,11,0,0
GBR.1.96.6.10_1,2023,11,0,0
GBR.1.96.6.11_1,2023,11,0,0
GBR.1.96.6.12_1,2023,11,0,0
GBR.1.96.6.13_1,2023,11,0,0
GBR.1.96.6.14_1,2023,11,0,0
GBR.1.96.6.15_1,2023,11,0,0
GBR.1.96.6.16_1,2023,11,0,0
GBR.1.96.6.17_1,2023,11,0,0
GBR.1.96.6.18_1,2023,11,0,0
GBR.1.96.6.19_1,2023,11,0,0
GBR.1.96.6.2_1,2023,11,0,0
GBR.1.96.6.20_1,2023,11,0,0
GBR.1.96.6.21_1,2023,11,0,0
GBR.1.96.6.22_1,2023,11,0,0
GBR.1.96.6.23_1,2023,11,0,0
GBR.1.96.6.24_1,2023,11,0,0
GBR.1.96.6.25_1,2023,11,0,0
GBR.1.96.6.26_1,2023,11,0,0
GBR.1.96.6.27_1,2023,11,0,0
GBR.1.96.6.3_1,2023,11,0,0
GBR.1.96.6.4_1,2023,11,0,0
GBR.1.96.6.5_1,2023,11,0,0
GBR.1.96.6.6_1,2023,11,0,0
GBR.1.96.6.7_1,2023,11,0,0
GBR.1.96.6.8_1,2023,11,0,0
GBR.1.96.6.9_1,2023,11,0,0
GBR.1.96.7.1_1,2023,11,0,0
GBR.1.96.7.11_1,2023,11,0,0
GBR.1.96.7.13_1,2023,11,0,0
GBR.1.96.7.14_1,2023,11,0,0
GBR.1.96.7.16_1,2023,11,0,0
GBR.1.96.7.17_1,2023,11,0,0
GBR.1.96.7.18_1,2023,11,0,0
GBR.1.96.7.19_1,2023,11,0,0
GBR.1.96.7.2_1,2023,11,0,0
GBR.1.96.7.20_1,2023,11,0,0
GBR.1.96.7.21_1,2023,11,0,0
GBR.1.96.7.22_1,2023,11,0,0
GBR.1.96.7.3_1,2023,11,0,0
GBR.1.96.7.4_1,2023,11,0,0
GBR.1.96.7.5_1,2023,11,0,0
GBR.1.96.7.6_1,2023,11,0,0
GBR.1.96.7.7_1,2023,11,0,0
GBR.1.96.7.9_1,2023,11,0,0
GBR.1.97.1.1_1,2023,11,0,0
GBR.1.97.1.10_1,2023,11,0,0
GBR.1.97.1.11_1,2023,11,0,0
GBR.1.97.1.12_1,2023,11,0,0
GBR.1.97.1.13_1,2023,11,0,0
GBR.1.97.1.14_1,2023,11,0,0
GBR.1.97.1.15_1,2023,11,0,0
GBR.1.97.1.16_1,2023,11,0,0
GBR.1.97.1.17_1,2023,11,0,0
GBR.1.97.1.18_1,2023,11,0,0
GBR.1.97.1.19_1,2023,11,0,0
GBR.1.97.1.2_1,2023,11,0,0
GBR.1.97.1.20_1,2023,11,0,0
GBR.1.97.1.21_1,2023,11,0,0
GBR.1.97.1.22_1,2023,11,0,0
GBR.1.97.1.23_1,2023,11,0,0
GBR.1.97.1.24_1,2023,11,0,0
GBR.1.97.1.3_1,2023,11,0,0
GBR.1.97.1.4_1,2023,11,0,0
GBR.1.97.1.5_1,2023,11,0,0
GBR.1.97.1.6_1,2023,11,0,0
GBR.1.97.1.7_1,2023,11,0,0
GBR.1.97.1.8_1,2023,11,0,0
GBR.1.97.1.9_1,2023,11,0,0
GBR.1.98.1.1_1,2023,11,0,0
GBR.1.98.1.10_1,2023,11,0,0
GBR.1.98.1.11_1,2023,11,0,0
GBR.1.98.1.12_1,2023,11,0,0
GBR.1.98.1.13_1,2023,11,0,0
GBR.1.98.1.14_1,2023,11,0,0
GBR.1.98.1.15_1,2023,11,0,0
GBR.1.98.1.16_1,2023,11,0,0
GBR.1.98.1.2_1,2023,11,0,0
GBR.1.98.1.3_1,2023,11,0,0
GBR.1.98.1.4_1,2023,11,0,0
GBR.1.98.1.5_1,2023,11,0,0
GBR.1.98.1.6_1,2023,11,0,0
GBR.1.98.1.7_1,2023,11,0,0
GBR.1.98.1.8_1,2023,11,0,0
GBR.1.98.1.9_1,2023,11,0,0
GBR.1.98.10.1_1,2023,11,0,0
GBR.1.98.10.10_1,2023,11,0,0
GBR.1.98.10.11_1,2023,11,0,0
GBR.1.98.10.12_1,2023,11,0,0
GBR.1.98.10.13_1,2023,11,0,0
GBR.1.98.10.14_1,2023,11,0,0
GBR.1.98.10.15_1,2023,11,0,0
GBR.1.98.10.16_1,2023,11,0,0
GBR.1.98.10.17_1,2023,11,0,0
GBR.1.98.10.18_1,2023,11,0,0
GBR.1.98.10.19_1,2023,11,0,0
GBR.1.98.10.2_1,2023,11,0,0
GBR.1.98.10.20_1,2023,11,0,0
GBR.1.98.10.21_1,2023,11,0,0
GBR.1.98.10.22_1,2023,11,0,0
GBR.1.98.10.23_1,2023,11,0,0
GBR.1.98.10.24_1,2023,11,0,0
GBR.1.98.10.25_1,2023,11,0,0
GBR.1.98.10.3_1,2023,11,0,0
GBR.1.98.10.4_1,2023,11,0,0
GBR.1.98.10.5_1,2023,11,0,0
GBR.1.98.10.6_1,2023,11,0,0
GBR.1.98.10.7_1,2023,11,0,0
GBR.1.98.10.8_1,2023,11,0,0
GBR.1.98.10.9_1,2023,11,0,0
GBR.1.98.11.1_1,2023,11,0,0
GBR.1.98.11.10_1,2023,11,0,0
GBR.1.98.11.2_1,2023,11,0,0
GBR.1.98.11.3_1,2023,11,0,0
GBR.1.98.11.4_1,2023,11,0,0
GBR.1.98.11.5_1,2023,11,0,0
GBR.1.98.11.6_1,2023,11,0,0
GBR.1.98.11.7_1,2023,11,0,0
GBR.1.98.11.8_1,2023,11,0,0
GBR.1.98.11.9_1,2023,11,0,0
GBR.1.98.2.1_1,2023,11,0,0
GBR.1.98.2.10_1,2023,11,0,0
GBR.1.98.2.11_1,2023,11,0,0
GBR.1.98.2.12_1,2023,11,0,0
GBR.1.98.2.2_1,2023,11,0,0
GBR.1.98.2.3_1,2023,11,0,0
GBR.1.98.2.4_1,2023,11,0,0
GBR.1.98.2.5_1,2023,11,0,0
GBR.1.98.2.6_1,2023,11,0,0
GBR.1.98.2.7_1,2023,11,0,0
GBR.1.98.2.8_1,2023,11,0,0
GBR.1.98.2.9_1,2023,11,0,0
GBR.1.98.3.1_1,2023,11,0,0
GBR.1.98.3.10_1,2023,11,0,0
GBR.1.98.3.11_1,2023,11,0,0
GBR.1.98.3.12_1,2023,11,0,0
GBR.1.98.3.13_1,2023,11,0,0
GBR.1.98.3.14_1,2023,11,0,0
GBR.1.98.3.15_1,2023,11,0,0
GBR.1.98.3.16_1,2023,11,0,0
GBR.1.98.3.17_1,2023,11,0,0
GBR.1.98.3.18_1,2023,11,0,0
GBR.1.98.3.19_1,2023,11,0,0
GBR.1.98.3.2_1,2023,11,0,0
GBR.1.98.3.20_1,2023,11,0,0
GBR.1.98.3.21_1,2023,11,0,0
GBR.1.98.3.22_1,2023,11,0,0
GBR.1.98.3.23_1,2023,11,0,0
GBR.1.98.3.24_1,2023,11,0,0
GBR.1.98.3.3_1,2023,11,0,0
GBR.1.98.3.4_1,2023,11,0,0
GBR.1.98.3.5_1,2023,11,0,0
GBR.1.98.3.6_1,2023,11,0,0
GBR.1.98.3.7_1,2023,11,0,0
GBR.1.98.3.8_1,2023,11,0,0
GBR.1.98.3.9_1,2023,11,0,0
GBR.1.98.4.1_1,2023,11,0,0
GBR.1.98.4.10_1,2023,11,0,0
GBR.1.98.4.11_1,2023,11,0,0
GBR.1.98.4.12_1,2023,11,0,0
GBR.1.98.4.13_1,2023,11,0,0
GBR.1.98.4.14_1,2023,11,0,0
GBR.1.98.4.15_1,2023,11,0,0
GBR.1.98.4.16_1,2023,11,0,0
GBR.1.98.4.17_1,2023,11,0,0
GBR.1.98.4.18_1,2023,11,0,0
GBR.1.98.4.19_1,2023,11,0,0
GBR.1.98.4.2_1,2023,11,0,0
GBR.1.98.4.20_1,2023,11,0,0
GBR.1.98.4.21_1,2023,11,0,0
GBR.1.98.4.3_1,2023,11,0,0
GBR.1.98.4.4_1,2023,11,0,0
GBR.1.98.4.5_1,2023,11,0,0
GBR.1.98.4.6_1,2023,11,0,0
GBR.1.98.4.7_1,2023,11,0,0
GBR.1.98.4.8_1,2023,11,0,0
GBR.1.98.4.9_1,2023,11,0,0
GBR.1.98.5.1_1,2023,11,0,0
GBR.1.98.5.10_1,2023,11,0,0
GBR.1.98.5.11_1,2023,11,0,0
GBR.1.98.5.12_1,2023,11,0,0
GBR.1.98.5.13_1,2023,11,0,0
GBR.1.98.5.14_1,2023,11,0,0
GBR.1.98.5.15_1,2023,11,0,0
GBR.1.98.5.16_1,2023,11,0,0
GBR.1.98.5.17_1,2023,11,0,0
GBR.1.98.5.18_1,2023,11,0,0
GBR.1.98.5.19_1,2023,11,0,0
GBR.1.98.5.2_1,2023,11,0,0
GBR.1.98.5.3_1,2023,11,0,0
GBR.1.98.5.4_1,2023,11,0,0
GBR.1.98.5.5_1,2023,11,0,0
GBR.1.98.5.6_1,2023,11,0,0
GBR.1.98.5.7_1,2023,11,0,0
GBR.1.98.5.8_1,2023,11,0,0
GBR.1.98.5.9_1,2023,11,0,0
GBR.1.98.6.1_1,2023,11,0,0
GBR.1.98.6.10_1,2023,11,0,0
GBR.1.98.6.11_1,2023,11,0,0
GBR.1.98.6.2_1,2023,11,0,0
GBR.1.98.6.3_1,2023,11,0,0
GBR.1.98.6.4_1,2023,11,0,0
GBR.1.98.6.5_1,2023,11,0,0
GBR.1.98.6.6_1,2023,11,0,0
GBR.1.98.6.7_1,2023,11,0,0
GBR.1.98.6.8_1,2023,11,0,0
GBR.1.98.6.9_1,2023,11,0,0
GBR.1.98.7.1_1,2023,11,0,0
GBR.1.98.7.10_1,2023,11,0,0
GBR.1.98.7.11_1,2023,11,0,0
GBR.1.98.7.12_1,2023,11,0,0
GBR.1.98.7.13_1,2023,11,0,0
GBR.1.98.7.14_1,2023,11,0,0
GBR.1.98.7.15_1,2023,11,0,0
GBR.1.98.7.2_1,2023,11,0,0
GBR.1.98.7.3_1,2023,11,0,0
GBR.1.98.7.4_1,2023,11,0,0
GBR.1.98.7.5_1,2023,11,0,0
GBR.1.98.7.6_1,2023,11,0,0
GBR.1.98.7.7_1,2023,11,0,0
GBR.1.98.7.8_1,2023,11,0,0
GBR.1.98.7.9_1,2023,11,0,0
GBR.1.98.8.1_1,2023,11,0,0
GBR.1.98.8.10_1,2023,11,0,0
GBR.1.98.8.11_1,2023,11,0,0
GBR.1.98.8.12_1,2023,11,0,0
GBR.1.98.8.13_1,2023,11,0,0
GBR.1.98.8.14_1,2023,11,0,0
GBR.1.98.8.15_1,2023,11,0,0
GBR.1.98.8.16_1,2023,11,0,0
GBR.1.98.8.2_1,2023,11,0,0
GBR.1.98.8.3_1,2023,11,0,0
GBR.1.98.8.4_1,2023,11,0,0
GBR.1.98.8.5_1,2023,11,0,0
GBR.1.98.8.6_1,2023,11,0,0
GBR.1.98.8.7_1,2023,11,0,0
GBR.1.98.8.8_1,2023,11,0,0
GBR.1.98.8.9_1,2023,11,0,0
GBR.1.98.9.1_1,2023,11,0,0
GBR.1.98.9.10_1,2023,11,0,0
GBR.1.98.9.11_1,2023,11,0,0
GBR.1.98.9.12_1,2023,11,0,0
GBR.1.98.9.13_1,2023,11,0,0
GBR.1.98.9.14_1,2023,11,0,0
GBR.1.98.9.15_1,2023,11,0,0
GBR.1.98.9.16_1,2023,11,0,0
GBR.1.98.9.17_1,2023,11,0,0
GBR.1.98.9.18_1,2023,11,0,0
GBR.1.98.9.19_1,2023,11,0,0
GBR.1.98.9.2_1,2023,11,0,0
GBR.1.98.9.20_1,2023,11,0,0
GBR.1.98.9.3_1,2023,11,0,0
GBR.1.98.9.4_1,2023,11,0,0
GBR.1.98.9.5_1,2023,11,0,0
GBR.1.98.9.6_1,2023,11,0,0
GBR.1.98.9.7_1,2023,11,0,0
GBR.1.98.9.8_1,2023,11,0,0
GBR.1.98.9.9_1,2023,11,0,0
GBR.1.99.1.1_1,2023,11,0,0
GBR.1.99.1.10_1,2023,11,0,0
GBR.1.99.1.11_1,2023,11,0,0
GBR.1.99.1.12_1,2023,11,0,0
GBR.1.99.1.13_1,2023,11,0,0
GBR.1.99.1.14_1,2023,11,0,0
GBR.1.99.1.15_1,2023,11,0,0
GBR.1.99.1.16_1,2023,11,0,0
GBR.1.99.1.17_1,2023,11,0,0
GBR.1.99.1.2_1,2023,11,0,0
GBR.1.99.1.3_1,2023,11,0,0
GBR.1.99.1.4_1,2023,11,0,0
GBR.1.99.1.5_1,2023,11,0,0
GBR.1.99.1.6_1,2023,11,0,0
GBR.1.99.1.7_1,2023,11,0,0
GBR.1.99.1.8_1,2023,11,0,0
GBR.1.99.1.9_1,2023,11,0,0
GBR.2.1.1.1_1,2023,11,0,0
GBR.2.1.1.10_1,2023,11,0,0
GBR.2.1.1.11_1,2023,11,0,0
GBR.2.1.1.12_1,2023,11,0,0
GBR.2.1.1.13_1,2023,11,0,0
GBR.2.1.1.14_1,2023,11,0,0
GBR.2.1.1.15_1,2023,11,0,0
GBR.2.1.1.2_1,2023,11,0,0
GBR.2.1.1.3_1,2023,11,0,0
GBR.2.1.1.4_1,2023,11,0,0
GBR.2.1.1.5_1,2023,11,0,0
GBR.2.1.1.6_1,2023,11,0,0
GBR.2.1.1.7_1,2023,11,0,0
GBR.2.1.1.8_1,2023,11,0,0
GBR.2.1.1.9_1,2023,11,0,0
GBR.2.1.2.1_1,2023,11,0,0
GBR.2.1.2.10_1,2023,11,0,0
GBR.2.1.2.11_1,2023,11,0,0
GBR.2.1.2.12_1,2023,11,0,0
GBR.2.1.2.13_1,2023,11,0,0
GBR.2.1.2.14_1,2023,11,0,0
GBR.2.1.2.15_1,2023,11,0,0
GBR.2.1.2.16_1,2023,11,0,0
GBR.2.1.2.17_1,2023,11,0,0
GBR.2.1.2.18_1,2023,11,0,0
GBR.2.1.2.19_1,2023,11,0,0
GBR.2.1.2.2_1,2023,11,0,0
GBR.2.1.2.20_1,2023,11,0,0
GBR.2.1.2.21_1,2023,11,0,0
GBR.2.1.2.22_1,2023,11,0,0
GBR.2.1.2.23_1,2023,11,0,0
GBR.2.1.2.24_1,2023,11,0,0
GBR.2.1.2.25_1,2023,11,0,0
GBR.2.1.2.3_1,2023,11,0,0
GBR.2.1.2.4_1,2023,11,0,0
GBR.2.1.2.5_1,2023,11,0,0
GBR.2.1.2.6_1,2023,11,0,0
GBR.2.1.2.7_1,2023,11,0,0
GBR.2.1.2.8_1,2023,11,0,0
GBR.2.1.2.9_1,2023,11,0,0
GBR.2.10.1.1_1,2023,11,0,0
GBR.2.10.1.10_1,2023,11,0,0
GBR.2.10.1.11_1,2023,11,0,0
GBR.2.10.1.12_1,2023,11,0,0
GBR.2.10.1.13_1,2023,11,0,0
GBR.2.10.1.14_1,2023,11,0,0
GBR.2.10.1.15_1,2023,11,0,0
GBR.2.10.1.16_1,2023,11,0,0
GBR.2.10.1.17_1,2023,11,0,0
GBR.2.10.1.18_1,2023,11,0,0
GBR.2.10.1.2_1,2023,11,0,0
GBR.2.10.1.3_1,2023,11,0,0
GBR.2.10.1.4_1,2023,11,0,0
GBR.2.10.1.5_1,2023,11,0,0
GBR.2.10.1.6_1,2023,11,0,0
GBR.2.10.1.7_1,2023,11,0,0
GBR.2.10.1.8_1,2023,11,0,0
GBR.2.10.1.9_1,2023,11,0,0
GBR.2.10.2.1_1,2023,11,0,0
GBR.2.10.2.10_1,2023,11,0,0
GBR.2.10.2.11_1,2023,11,0,0
GBR.2.10.2.12_1,2023,11,0,0
GBR.2.10.2.13_1,2023,11,0,0
GBR.2.10.2.14_1,2023,11,0,0
GBR.2.10.2.15_1,2023,11,0,0
GBR.2.10.2.16_1,2023,11,0,0
GBR.2.10.2.17_1,2023,11,0,0
GBR.2.10.2.18_1,2023,11,0,0
GBR.2.10.2.19_1,2023,11,0,0
GBR.2.10.2.2_1,2023,11,0,0
GBR.2.10.2.20_1,2023,11,0,0
GBR.2.10.2.21_1,2023,11,0,0
GBR.2.10.2.22_1,2023,11,0,0
GBR.2.10.2.23_1,2023,11,0,0
GBR.2.10.2.3_1,2023,11,0,0
GBR.2.10.2.4_1,2023,11,0,0
GBR.2.10.2.5_1,2023,11,0,0
GBR.2.10.2.6_1,2023,11,0,0
GBR.2.10.2.7_1,2023,11,0,0
GBR.2.10.2.8_1,2023,11,0,0
GBR.2.10.2.9_1,2023,11,0,0
GBR.2.11.1.1_1,2023,11,0,0
GBR.2.11.1.10_1,2023,11,0,0
GBR.2.11.1.11_1,2023,11,0,0
GBR.2.11.1.12_1,2023,11,0,0
GBR.2.11.1.13_1,2023,11,0,0
GBR.2.11.1.14_1,2023,11,0,0
GBR.2.11.1.15_1,2023,11,0,0
GBR.2.11.1.16_1,2023,11,0,0
GBR.2.11.1.17_1,2023,11,0,0
GBR.2.11.1.18_1,2023,11,0,0
GBR.2.11.1.19_1,2023,11,0,0
GBR.2.11.1.2_1,2023,11,0,0
GBR.2.11.1.20_1,2023,11,0,0
GBR.2.11.1.3_1,2023,11,0,0
GBR.2.11.1.4_1,2023,11,0,0
GBR.2.11.1.5_1,2023,11,0,0
GBR.2.11.1.6_1,2023,11,0,0
GBR.2.11.1.7_1,2023,11,0,0
GBR.2.11.1.8_1,2023,11,0,0
GBR.2.11.2.10_1,2023,11,0,0
GBR.2.11.2.14_1,2023,11,0,0
GBR.2.11.2.16_1,2023,11,0,0
GBR.2.11.2.2_1,2023,11,0,0
GBR.2.11.2.9_1,2023,11,0,0
GBR.2.2.1.1_1,2023,11,0,0
GBR.2.2.1.10_1,2023,11,0,0
GBR.2.2.1.11_1,2023,11,0,0
GBR.2.2.1.12_1,2023,11,0,0
GBR.2.2.1.2_1,2023,11,0,0
GBR.2.2.1.3_1,2023,11,0,0
GBR.2.2.1.4_1,2023,11,0,0
GBR.2.2.1.5_1,2023,11,0,0
GBR.2.2.1.6_1,2023,11,0,0
GBR.2.2.1.7_1,2023,11,0,0
GBR.2.2.1.8_1,2023,11,0,0
GBR.2.2.1.9_1,2023,11,0,0
GBR.2.2.2.1_1,2023,11,0,0
GBR.2.2.2.10_1,2023,11,0,0
GBR.2.2.2.2_1,2023,11,0,0
GBR.2.2.2.3_1,2023,11,0,0
GBR.2.2.2.4_1,2023,11,0,0
GBR.2.2.2.5_1,2023,11,0,0
GBR.2.2.2.6_1,2023,11,0,0
GBR.2.2.2.7_1,2023,11,0,0
GBR.2.2.2.8_1,2023,11,0,0
GBR.2.2.2.9_1,2023,11,0,0
GBR.2.2.3.1_1,2023,11,0,0
GBR.2.2.3.10_1,2023,11,0,0
GBR.2.2.3.11_1,2023,11,0,0
GBR.2.2.3.12_1,2023,11,0,0
GBR.2.2.3.13_1,2023,11,0,0
GBR.2.2.3.14_1,2023,11,0,0
GBR.2.2.3.15_1,2023,11,0,0
GBR.2.2.3.16_1,2023,11,0,0
GBR.2.2.3.17_1,2023,11,0,0
GBR.2.2.3.18_1,2023,11,0,0
GBR.2.2.3.19_1,2023,11,0,0
GBR.2.2.3.2_1,2023,11,0,0
GBR.2.2.3.3_1,2023,11,0,0
GBR.2.2.3.4_1,2023,11,0,0
GBR.2.2.3.5_1,2023,11,0,0
GBR.2.2.3.6_1,2023,11,0,0
GBR.2.2.3.7_1,2023,11,0,0
GBR.2.2.3.8_1,2023,11,0,0
GBR.2.2.3.9_1,2023,11,0,0
GBR.2.3.1.1_1,2023,11,0,0
GBR.2.3.1.10_1,2023,11,0,0
GBR.2.3.1.11_1,2023,11,0,0
GBR.2.3.1.12_1,2023,11,0,0
GBR.2.3.1.13_1,2023,11,0,0
GBR.2.3.1.14_1,2023,11,0,0
GBR.2.3.1.15_1,2023,11,0,0
GBR.2.3.1.16_1,2023,11,0,0
GBR.2.3.1.17_1,2023,11,0,0
GBR.2.3.1.18_1,2023,11,0,0
GBR.2.3.1.19_1,2023,11,0,0
GBR.2.3.1.2_1,2023,11,0,0
GBR.2.3.1.20_1,2023,11,0,0
GBR.2.3.1.21_1,2023,11,0,0
GBR.2.3.1.22_1,2023,11,0,0
GBR.2.3.1.23_1,2023,11,0,0
GBR.2.3.1.24_1,2023,11,0,0
GBR.2.3.1.25_1,2023,11,0,0
GBR.2.3.1.26_1,2023,11,0,0
GBR.2.3.1.27_1,2023,11,0,0
GBR.2.3.1.28_1,2023,11,0,0
GBR.2.3.1.29_1,2023,11,0,0
GBR.2.3.1.3_1,2023,11,0,0
GBR.2.3.1.30_1,2023,11,0,0
GBR.2.3.1.31_1,2023,11,0,0
GBR.2.3.1.32_1,2023,11,0,0
GBR.2.3.1.33_1,2023,11,0,0
GBR.2.3.1.34_1,2023,11,0,0
GBR.2.3.1.35_1,2023,11,0,0
GBR.2.3.1.36_1,2023,11,0,0
GBR.2.3.1.37_1,2023,11,0,0
GBR.2.3.1.38_1,2023,11,0,0
GBR.2.3.1.39_1,2023,11,0,0
GBR.2.3.1.4_1,2023,11,0,0
GBR.2.3.1.40_1,2023,11,0,0
GBR.2.3.1.41_1,2023,11,0,0
GBR.2.3.1.42_1,2023,11,0,0
GBR.2.3.1.43_1,2023,11,0,0
GBR.2.3.1.44_1,2023,11,0,0
GBR.2.3.1.45_1,2023,11,0,0
GBR.2.3.1.46_1,2023,11,0,0
GBR.2.3.1.47_1,2023,11,0,0
GBR.2.3.1.5_1,2023,11,0,0
GBR.2.3.1.6_1,2023,11,0,0
GBR.2.3.1.7_1,2023,11,0,0
GBR.2.3.1.8_1,2023,11,0,0
GBR.2.3.1.9_1,2023,11,0,0
GBR.2.4.1.1_1,2023,11,0,0
GBR.2.4.1.2_1,2023,11,0,0
GBR.2.4.1.3_1,2023,11,0,0
GBR.2.4.1.4_1,2023,11,0,0
GBR.2.4.1.5_1,2023,11,0,0
GBR.2.4.1.6_1,2023,11,0,0
GBR.2.4.1.7_1,2023,11,0,0
GBR.2.4.1.8_1,2023,11,0,0
GBR.2.4.1.9_1,2023,11,0,0
GBR.2.4.2.1_1,2023,11,0,0
GBR.2.4.2.10_1,2023,11,0,0
GBR.2.4.2.11_1,2023,11,0,0
GBR.2.4.2.12_1,2023,11,0,0
GBR.2.4.2.13_1,2023,11,0,0
GBR.2.4.2.14_1,2023,11,0,0
GBR.2.4.2.15_1,2023,11,0,0
GBR.2.4.2.16_1,2023,11,0,0
GBR.2.4.2.2_1,2023,11,0,0
GBR.2.4.2.3_1,2023,11,0,0
GBR.2.4.2.4_1,2023,11,0,0
GBR.2.4.2.5_1,2023,11,0,0
GBR.2.4.2.6_1,2023,11,0,0
GBR.2.4.2.7_1,2023,11,0,0
GBR.2.4.2.8_1,2023,11,0,0
GBR.2.4.2.9_1,2023,11,0,0
GBR.2.4.3.1_1,2023,11,0,0
GBR.2.4.3.10_1,2023,11,0,0
GBR.2.4.3.11_1,2023,11,0,0
GBR.2.4.3.2_1,2023,11,0,0
GBR.2.4.3.3_1,2023,11,0,0
GBR.2.4.3.4_1,2023,11,0,0
GBR.2.4.3.5_1,2023,11,0,0
GBR.2.4.3.6_1,2023,11,0,0
GBR.2.4.3.7_1,2023,11,0,0
GBR.2.4.3.8_1,2023,11,0,0
GBR.2.4.3.9_1,2023,11,0,0
GBR.2.4.4.1_1,2023,11,0,0
GBR.2.4.4.2_1,2023,11,0,0
GBR.2.4.4.3_1,2023,11,0,0
GBR.2.4.4.4_1,2023,11,0,0
GBR.2.4.4.5_1,2023,11,0,0
GBR.2.5.1.10_1,2023,11,0,0
GBR.2.5.1.11_1,2023,11,0,0
GBR.2.5.1.12_1,2023,11,0,0
GBR.2.5.1.13_1,2023,11,0,0
GBR.2.5.1.16_1,2023,11,0,0
GBR.2.5.1.17_1,2023,11,0,0
GBR.2.5.1.18_1,2023,11,0,0
GBR.2.5.1.19_1,2023,11,0,0
GBR.2.5.1.2_1,2023,11,0,0
GBR.2.5.1.20_1,2023,11,0,0
GBR.2.5.1.21_1,2023,11,0,0
GBR.2.5.1.22_1,2023,11,0,0
GBR.2.5.1.23_1,2023,11,0,0
GBR.2.5.1.24_1,2023,11,0,0
GBR.2.5.1.26_1,2023,11,0,0
GBR.2.5.1.28_1,2023,11,0,0
GBR.2.5.1.4_1,2023,11,0,0
GBR.2.5.1.5_1,2023,11,0,0
GBR.2.5.1.6_1,2023,11,0,0
GBR.2.5.1.7_1,2023,11,0,0
GBR.2.5.1.8_1,2023,11,0,0
GBR.2.5.1.9_1,2023,11,0,0
GBR.2.5.2.1_1,2023,11,0,0
GBR.2.5.2.10_1,2023,11,0,0
GBR.2.5.2.11_1,2023,11,0,0
GBR.2.5.2.2_1,2023,11,0,0
GBR.2.5.2.3_1,2023,11,0,0
GBR.2.5.2.4_1,2023,11,0,0
GBR.2.5.2.5_1,2023,11,0,0
GBR.2.5.2.6_1,2023,11,0,0
GBR.2.5.2.7_1,2023,11,0,0
GBR.2.5.2.8_1,2023,11,0,0
GBR.2.5.2.9_1,2023,11,0,0
GBR.2.6.1.1_1,2023,11,0,0
GBR.2.6.1.10_1,2023,11,0,0
GBR.2.6.1.11_1,2023,11,0,0
GBR.2.6.1.12_1,2023,11,0,0
GBR.2.6.1.13_1,2023,11,0,0
GBR.2.6.1.14_1,2023,11,0,0
GBR.2.6.1.15_1,2023,11,0,0
GBR.2.6.1.16_1,2023,11,0,0
GBR.2.6.1.17_1,2023,11,0,0
GBR.2.6.1.18_1,2023,11,0,0
GBR.2.6.1.19_1,2023,11,0,0
GBR.2.6.1.2_1,2023,11,0,0
GBR.2.6.1.20_1,2023,11,0,0
GBR.2.6.1.21_1,2023,11,0,0
GBR.2.6.1.22_1,2023,11,0,0
GBR.2.6.1.3_1,2023,11,0,0
GBR.2.6.1.4_1,2023,11,0,0
GBR.2.6.1.5_1,2023,11,0,0
GBR.2.6.1.6_1,2023,11,0,0
GBR.2.6.1.7_1,2023,11,0,0
GBR.2.6.1.8_1,2023,11,0,0
GBR.2.6.1.9_1,2023,11,0,0
GBR.2.6.2.1_1,2023,11,0,0
GBR.2.6.2.10_1,2023,11,0,0
GBR.2.6.2.11_1,2023,11,0,0
GBR.2.6.2.12_1,2023,11,0,0
GBR.2.6.2.13_1,2023,11,0,0
GBR.2.6.2.14_1,2023,11,0,0
GBR.2.6.2.15_1,2023,11,0,0
GBR.2.6.2.16_1,2023,11,0,0
GBR.2.6.2.17_1,2023,11,0,0
GBR.2.6.2.18_1,2023,11,0,0
GBR.2.6.2.2_1,2023,11,0,0
GBR.2.6.2.3_1,2023,11,0,0
GBR.2.6.2.4_1,2023,11,0,0
GBR.2.6.2.5_1,2023,11,0,0
GBR.2.6.2.6_1,2023,11,0,0
GBR.2.6.2.7_1,2023,11,0,0
GBR.2.6.2.8_1,2023,11,0,0
GBR.2.6.2.9_1,2023,11,0,0
GBR.2.7.1.1_1,2023,11,0,0
GBR.2.7.1.10_1,2023,11,0,0
GBR.2.7.1.11_1,2023,11,0,0
GBR.2.7.1.12_1,2023,11,0,0
GBR.2.7.1.13_1,2023,11,0,0
GBR.2.7.1.14_1,2023,11,0,0
GBR.2.7.1.15_1,2023,11,0,0
GBR.2.7.1.16_1,2023,11,0,0
GBR.2.7.1.17_1,2023,11,0,0
GBR.2.7.1.18_1,2023,11,0,0
GBR.2.7.1.19_1,2023,11,0,0
GBR.2.7.1.2_1,2023,11,0,0
GBR.2.7.1.3_1,2023,11,0,0
GBR.2.7.1.4_1,2023,11,0,0
GBR.2.7.1.5_1,2023,11,0,0
GBR.2.7.1.6_1,2023,11,0,0
GBR.2.7.1.7_1,2023,11,0,0
GBR.2.7.1.8_1,2023,11,0,0
GBR.2.7.1.9_1,2023,11,0,0
GBR.2.7.2.1_1,2023,11,0,0
GBR.2.7.2.10_1,2023,11,0,0
GBR.2.7.2.11_1,2023,11,0,0
GBR.2.7.2.12_1,2023,11,0,0
GBR.2.7.2.13_1,2023,11,0,0
GBR.2.7.2.14_1,2023,11,0,0
GBR.2.7.2.15_1,2023,11,0,0
GBR.2.7.2.16_1,2023,11,0,0
GBR.2.7.2.17_1,2023,11,0,0
GBR.2.7.2.18_1,2023,11,0,0
GBR.2.7.2.19_1,2023,11,0,0
GBR.2.7.2.2_1,2023,11,0,0
GBR.2.7.2.20_1,2023,11,0,0
GBR.2.7.2.21_1,2023,11,0,0
GBR.2.7.2.22_1,2023,11,0,0
GBR.2.7.2.23_1,2023,11,0,0
GBR.2.7.2.24_1,2023,11,0,0
GBR.2.7.2.25_1,2023,11,0,0
GBR.2.7.2.26_1,2023,11,0,0
GBR.2.7.2.27_1,2023,11,0,0
GBR.2.7.2.28_1,2023,11,0,0
GBR.2.7.2.29_1,2023,11,0,0
GBR.2.7.2.3_1,2023,11,0,0
GBR.2.7.2.30_1,2023,11,0,0
GBR.2.7.2.31_1,2023,11,0,0
GBR.2.7.2.32_1,2023,11,0,0
GBR.2.7.2.33_1,2023,11,0,0
GBR.2.7.2.34_1,2023,11,0,0
GBR.2.7.2.4_1,2023,11,0,0
GBR.2.7.2.5_1,2023,11,0,0
GBR.2.7.2.6_1,2023,11,0,0
GBR.2.7.2.7_1,2023,11,0,0
GBR.2.7.2.8_1,2023,11,0,0
GBR.2.7.2.9_1,2023,11,0,0
GBR.2.8.1.1_1,2023,11,0,0
GBR.2.8.1.10_1,2023,11,0,0
GBR.2.8.1.11_1,2023,11,0,0
GBR.2.8.1.12_1,2023,11,0,0
GBR.2.8.1.13_1,2023,11,0,0
GBR.2.8.1.14_1,2023,11,0,0
GBR.2.8.1.15_1,2023,11,0,0
GBR.2.8.1.16_1,2023,11,0,0
GBR.2.8.1.17_1,2023,11,0,0
GBR.2.8.1.18_1,2023,11,0,0
GBR.2.8.1.19_1,2023,11,0,0
GBR.2.8.1.2_1,2023,11,0,0
GBR.2.8.1.20_1,2023,11,0,0
GBR.2.8.1.3_1,2023,11,0,0
GBR.2.8.1.4_1,2023,11,0,0
GBR.2.8.1.5_1,2023,11,0,0
GBR.2.8.1.6_1,2023,11,0,0
GBR.2.8.1.7_1,2023,11,0,0
GBR.2.8.1.8_1,2023,11,0,0
GBR.2.8.1.9_1,2023,11,0,0
GBR.2.8.2.11_1,2023,11,0,0
GBR.2.8.2.2_1,2023,11,0,0
GBR.2.8.2.3_1,2023,11,0,0
GBR.2.8.2.4_1,2023,11,0,0
GBR.2.8.2.5_1,2023,11,0,0
GBR.2.8.2.6_1,2023,11,0,0
GBR.2.8.2.8_1,2023,11,0,0
GBR.2.8.2.9_1,2023,11,0,0
GBR.2.8.3.1_1,2023,11,0,0
GBR.2.8.3.2_1,2023,11,0,0
GBR.2.8.3.3_1,2023,11,0,0
GBR.2.8.3.4_1,2023,11,0,0
GBR.2.8.3.5_1,2023,11,0,0
GBR.2.8.3.6_1,2023,11,0,0
GBR.2.8.3.7_1,2023,11,0,0
GBR.2.8.3.8_1,2023,11,0,0
GBR.2.8.3.9_1,2023,11,0,0
GBR.2.9.1.1_1,2023,11,0,0
GBR.2.9.1.10_1,2023,11,0,0
GBR.2.9.1.11_1,2023,11,0,0
GBR.2.9.1.2_1,2023,11,0,0
GBR.2.9.1.3_1,2023,11,0,0
GBR.2.9.1.4_1,2023,11,0,0
GBR.2.9.1.5_1,2023,11,0,0
GBR.2.9.1.6_1,2023,11,0,0
GBR.2.9.1.7_1,2023,11,0,0
GBR.2.9.1.8_1,2023,11,0,0
GBR.2.9.1.9_1,2023,11,0,0
GBR.2.9.2.1_1,2023,11,0,0
GBR.2.9.2.10_1,2023,11,0,0
GBR.2.9.2.11_1,2023,11,0,0
GBR.2.9.2.12_1,2023,11,0,0
GBR.2.9.2.13_1,2023,11,0,0
GBR.2.9.2.14_1,2023,11,0,0
GBR.2.9.2.15_1,2023,11,0,0
GBR.2.9.2.16_1,2023,11,0,0
GBR.2.9.2.2_1,2023,11,0,0
GBR.2.9.2.3_1,2023,11,0,0
GBR.2.9.2.4_1,2023,11,0,0
GBR.2.9.2.5_1,2023,11,0,0
GBR.2.9.2.6_1,2023,11,0,0
GBR.2.9.2.7_1,2023,11,0,0
GBR.2.9.2.8_1,2023,11,0,0
GBR.2.9.2.9_1,2023,11,0,0
GBR.2.9.3.1_1,2023,11,0,0
GBR.2.9.3.10_1,2023,11,0,0
GBR.2.9.3.11_1,2023,11,0,0
GBR.2.9.3.12_1,2023,11,0,0
GBR.2.9.3.13_1,2023,11,0,0
GBR.2.9.3.2_1,2023,11,0,0
GBR.2.9.3.3_1,2023,11,0,0
GBR.2.9.3.4_1,2023,11,0,0
GBR.2.9.3.5_1,2023,11,0,0
GBR.2.9.3.6_1,2023,11,0,0
GBR.2.9.3.7_1,2023,11,0,0
GBR.2.9.3.8_1,2023,11,0,0
GBR.2.9.3.9_1,2023,11,0,0
GBR.3.1.1.1_1,2023,11,0,0
GBR.3.1.1.10_1,2023,11,0,0
GBR.3.1.1.11_1,2023,11,0,0
GBR.3.1.1.12_1,2023,11,0,0
GBR.3.1.1.13_1,2023,11,0,0
GBR.3.1.1.2_1,2023,11,0,0
GBR.3.1.1.3_1,2023,11,0,0
GBR.3.1.1.4_1,2023,11,0,0
GBR.3.1.1.5_1,2023,11,0,0
GBR.3.1.1.6_1,2023,11,0,0
GBR.3.1.1.7_1,2023,11,0,0
GBR.3.1.1.8_1,2023,11,0,0
GBR.3.1.1.9_1,2023,11,0,0
GBR.3.10.1.1_1,2023,11,0,0
GBR.3.10.1.2_1,2023,11,0,0
GBR.3.10.1.3_1,2023,11,0,0
GBR.3.10.1.4_1,2023,11,0,0
GBR.3.10.1.5_1,2023,11,0,0
GBR.3.10.1.6_1,2023,11,0,0
GBR.3.11.1.1_1,2023,11,0,0
GBR.3.11.1.2_1,2023,11,0,0
GBR.3.11.1.3_1,2023,11,0,0
GBR.3.11.1.4_1,2023,11,0,0
GBR.3.11.1.5_1,2023,11,0,0
GBR.3.12.1.1_1,2023,11,0,0
GBR.3.12.1.11_1,2023,11,0,0
GBR.3.12.1.12_1,2023,11,0,0
GBR.3.12.1.13_1,2023,11,0,0
GBR.3.12.1.14_1,2023,11,0,0
GBR.3.12.1.15_1,2023,11,0,0
GBR.3.12.1.16_1,2023,11,0,0
GBR.3.12.1.17_1,2023,11,0,0
GBR.3.12.1.2_1,2023,11,0,0
GBR.3.12.1.3_1,2023,11,0,0
GBR.3.12.1.4_1,2023,11,0,0
GBR.3.12.1.5_1,2023,11,0,0
GBR.3.12.1.6_1,2023,11,0,0
GBR.3.12.1.7_1,2023,11,0,0
GBR.3.12.1.8_1,2023,11,0,0
GBR.3.12.1.9_1,2023,11,0,0
GBR.3.13.1.1_1,2023,11,0,0
GBR.3.13.1.2_1,2023,11,0,0
GBR.3.13.1.3_1,2023,11,0,0
GBR.3.13.1.4_1,2023,11,0,0
GBR.3.13.1.5_1,2023,11,0,0
GBR.3.13.1.6_1,2023,11,0,0
GBR.3.13.1.7_1,2023,11,0,0
GBR.3.13.1.8_1,2023,11,0,0
GBR.3.13.1.9_1,2023,11,0,0
GBR.3.14.1.1_1,2023,11,0,0
GBR.3.14.1.2_1,2023,11,0,0
GBR.3.14.1.3_1,2023,11,0,0
GBR.3.14.1.4_1,2023,11,0,0
GBR.3.14.1.5_1,2023,11,0,0
GBR.3.14.1.6_1,2023,11,0,0
GBR.3.14.1.7_1,2023,11,0,0
GBR.3.14.1.8_1,2023,11,0,0
GBR.3.14.1.9_1,2023,11,0,0
GBR.3.15.1.1_1,2023,11,0,0
GBR.3.15.1.10_1,2023,11,0,0
GBR.3.15.1.11_1,2023,11,0,0
GBR.3.15.1.12_1,2023,11,0,0
GBR.3.15.1.13_1,2023,11,0,0
GBR.3.15.1.14_1,2023,11,0,0
GBR.3.15.1.15_1,2023,11,0,0
GBR.3.15.1.16_1,2023,11,0,0
GBR.3.15.1.17_1,2023,11,0,0
GBR.3.15.1.18_1,2023,11,0,0
GBR.3.15.1.19_1,2023,11,0,0
GBR.3.15.1.2_1,2023,11,0,0
GBR.3.15.1.20_1,2023,11,0,0
GBR.3.15.1.21_1,2023,11,0,0
GBR.3.15.1.22_1,2023,11,0,0
GBR.3.15.1.3_1,2023,11,0,0
GBR.3.15.1.4_1,2023,11,0,0
GBR.3.15.1.5_1,2023,11,0,0
GBR.3.15.1.6_1,2023,11,0,0
GBR.3.15.1.7_1,2023,11,0,0
GBR.3.15.1.8_1,2023,11,0,0
GBR.3.15.1.9_1,2023,11,0,0
GBR.3.16.1.1_1,2023,11,0,0
GBR.3.16.1.10_1,2023,11,0,0
GBR.3.16.1.11_1,2023,11,0,0
GBR.3.16.1.12_1,2023,11,0,0
GBR.3.16.1.13_1,2023,11,0,0
GBR.3.16.1.14_1,2023,11,0,0
GBR.3.16.1.15_1,2023,11,0,0
GBR.3.16.1.16_1,2023,11,0,0
GBR.3.16.1.17_1,2023,11,0,0
GBR.3.16.1.18_1,2023,11,0,0
GBR.3.16.1.19_1,2023,11,0,0
GBR.3.16.1.2_1,2023,11,0,0
GBR.3.16.1.20_1,2023,11,0,0
GBR.3.16.1.21_1,2023,11,0,0
GBR.3.16.1.22_1,2023,11,0,0
GBR.3.16.1.23_1,2023,11,0,0
GBR.3.16.1.3_1,2023,11,0,0
GBR.3.16.1.4_1,2023,11,0,0
GBR.3.16.1.5_1,2023,11,0,0
GBR.3.16.1.6_1,2023,11,0,0
GBR.3.16.1.7_1,2023,11,0,0
GBR.3.16.1.8_1,2023,11,0,0
GBR.3.16.1.9_1,2023,11,0,0
GBR.3.17.1.1_1,2023,11,0,0
GBR.3.17.1.10_1,2023,11,0,0
GBR.3.17.1.11_1,2023,11,0,0
GBR.3.17.1.12_1,2023,11,0,0
GBR.3.17.1.13_1,2023,11,0,0
GBR.3.17.1.14_1,2023,11,0,0
GBR.3.17.1.15_1,2023,11,0,0
GBR.3.17.1.16_1,2023,11,0,0
GBR.3.17.1.17_1,2023,11,0,0
GBR.3.17.1.18_1,2023,11,0,0
GBR.3.17.1.19_1,2023,11,0,0
GBR.3.17.1.2_1,2023,11,0,0
GBR.3.17.1.20_1,2023,11,0,0
GBR.3.17.1.21_1,2023,11,0,0
GBR.3.17.1.3_1,2023,11,0,0
GBR.3.17.1.4_1,2023,11,0,0
GBR.3.17.1.5_1,2023,11,0,0
GBR.3.17.1.6_1,2023,11,0,0
GBR.3.17.1.7_1,2023,11,0,0
GBR.3.17.1.8_1,2023,11,0,0
GBR.3.17.1.9_1,2023,11,0,0
GBR.3.18.1.1_1,2023,11,0,0
GBR.3.18.1.2_1,2023,11,0,0
GBR.3.18.1.3_1,2023,11,0,0
GBR.3.18.1.4_1,2023,11,0,0
GBR.3.18.1.5_1,2023,11,0,0
GBR.3.18.1.6_1,2023,11,0,0
GBR.3.18.1.7_1,2023,11,0,0
GBR.3.19.1.1_1,2023,11,0,0
GBR.3.19.1.2_1,2023,11,0,0
GBR.3.19.1.3_1,2023,11,0,0
GBR.3.19.1.4_1,2023,11,0,0
GBR.3.19.1.5_1,2023,11,0,0
GBR.3.19.1.6_1,2023,11,0,0
GBR.3.2.1.1_1,2023,11,0,0
GBR.3.2.1.10_1,2023,11,0,0
GBR.3.2.1.11_1,2023,11,0,0
GBR.3.2.1.12_1,2023,11,0,0
GBR.3.2.1.13_1,2023,11,0,0
GBR.3.2.1.14_1,2023,11,0,0
GBR.3.2.1.15_1,2023,11,0,0
GBR.3.2.1.16_1,2023,11,0,0
GBR.3.2.1.17_1,2023,11,0,0
GBR.3.2.1.18_1,2023,11,0,0
GBR.3.2.1.19_1,2023,11,0,0
GBR.3.2.1.2_1,2023,11,0,0
GBR.3.2.1.3_1,2023,11,0,0
GBR.3.2.1.4_1,2023,11,0,0
GBR.3.2.1.5_1,2023,11,0,0
GBR.3.2.1.6_1,2023,11,0,0
GBR.3.2.1.7_1,2023,11,0,0
GBR.3.2.1.8_1,2023,11,0,0
GBR.3.2.1.9_1,2023,11,0,0
GBR.3.20.1.1_1,2023,11,0,0
GBR.3.20.1.2_1,2023,11,0,0
GBR.3.20.1.3_1,2023,11,0,0
GBR.3.20.1.4_1,2023,11,0,0
GBR.3.20.1.5_1,2023,11,0,0
GBR.3.20.1.6_1,2023,11,0,0
GBR.3.20.1.7_1,2023,11,0,0
GBR.3.20.1.8_1,2023,11,0,0
GBR.3.21.1.1_1,2023,11,0,0
GBR.3.21.1.10_1,2023,11,0,0
GBR.3.21.1.11_1,2023,11,0,0
GBR.3.21.1.2_1,2023,11,0,0
GBR.3.21.1.3_1,2023,11,0,0
GBR.3.21.1.4_1,2023,11,0,0
GBR.3.21.1.5_1,2023,11,0,0
GBR.3.21.1.6_1,2023,11,0,0
GBR.3.21.1.7_1,2023,11,0,0
GBR.3.21.1.8_1,2023,11,0,0
GBR.3.21.1.9_1,2023,11,0,0
GBR.3.22.1.1_1,2023,11,0,0
GBR.3.22.1.10_1,2023,11,0,0
GBR.3.22.1.11_1,2023,11,0,0
GBR.3.22.1.12_1,2023,11,0,0
GBR.3.22.1.13_1,2023,11,0,0
GBR.3.22.1.14_1,2023,11,0,0
GBR.3.22.1.15_1,2023,11,0,0
GBR.3.22.1.16_1,2023,11,0,0
GBR.3.22.1.17_1,2023,11,0,0
GBR.3.22.1.18_1,2023,11,0,0
GBR.3.22.1.19_1,2023,11,0,0
GBR.3.22.1.2_1,2023,11,0,0
GBR.3.22.1.20_1,2023,11,0,0
GBR.3.22.1.21_1,2023,11,0,0
GBR.3.22.1.3_1,2023,11,0,0
GBR.3.22.1.4_1,2023,11,0,0
GBR.3.22.1.5_1,2023,11,0,0
GBR.3.22.1.6_1,2023,11,0,0
GBR.3.22.1.7_1,2023,11,0,0
GBR.3.22.1.8_1,2023,11,0,0
GBR.3.22.1.9_1,2023,11,0,0
GBR.3.23.1.1_1,2023,11,0,0
GBR.3.23.1.2_1,2023,11,0,0
GBR.3.23.1.3_1,2023,11,0,0
GBR.3.23.1.4_1,2023,11,0,0
GBR.3.23.1.5_1,2023,11,0,0
GBR.3.23.1.6_1,2023,11,0,0
GBR.3.24.1.1_1,2023,11,0,0
GBR.3.24.1.10_1,2023,11,0,0
GBR.3.24.1.11_1,2023,11,0,0
GBR.3.24.1.12_1,2023,11,0,0
GBR.3.24.1.2_1,2023,11,0,0
GBR.3.24.1.3_1,2023,11,0,0
GBR.3.24.1.4_1,2023,11,0,0
GBR.3.24.1.5_1,2023,11,0,0
GBR.3.24.1.6_1,2023,11,0,0
GBR.3.24.1.7_1,2023,11,0,0
GBR.3.24.1.8_1,2023,11,0,0
GBR.3.24.1.9_1,2023,11,0,0
GBR.3.25.1.1_1,2023,11,0,0
GBR.3.25.1.10_1,2023,11,0,0
GBR.3.25.1.11_1,2023,11,0,0
GBR.3.25.1.12_1,2023,11,0,0
GBR.3.25.1.2_1,2023,11,0,0
GBR.3.25.1.3_1,2023,11,0,0
GBR.3.25.1.4_1,2023,11,0,0
GBR.3.25.1.5_1,2023,11,0,0
GBR.3.25.1.6_1,2023,11,0,0
GBR.3.25.1.7_1,2023,11,0,0
GBR.3.25.1.8_1,2023,11,0,0
GBR.3.25.1.9_1,2023,11,0,0
GBR.3.26.1.1_1,2023,11,0,0
GBR.3.26.1.10_1,2023,11,0,0
GBR.3.26.1.11_1,2023,11,0,0
GBR.3.26.1.2_1,2023,11,0,0
GBR.3.26.1.3_1,2023,11,0,0
GBR.3.26.1.4_1,2023,11,0,0
GBR.3.26.1.5_1,2023,11,0,0
GBR.3.26.1.6_1,2023,11,0,0
GBR.3.26.1.7_1,2023,11,0,0
GBR.3.26.1.8_1,2023,11,0,0
GBR.3.26.1.9_1,2023,11,0,0
GBR.3.27.1.4_1,2023,11,0,0
GBR.3.27.1.6_1,2023,11,0,0
GBR.3.28.1.1_1,2023,11,0,0
GBR.3.28.1.2_1,2023,11,0,0
GBR.3.28.1.3_1,2023,11,0,0
GBR.3.28.1.4_1,2023,11,0,0
GBR.3.28.1.5_1,2023,11,0,0
GBR.3.28.1.6_1,2023,11,0,0
GBR.3.28.1.7_1,2023,11,0,0
GBR.3.28.1.8_1,2023,11,0,0
GBR.3.29.1.1_1,2023,11,0,0
GBR.3.29.1.10_1,2023,11,0,0
GBR.3.29.1.11_1,2023,11,0,0
GBR.3.29.1.12_1,2023,11,0,0
GBR.3.29.1.13_1,2023,11,0,0
GBR.3.29.1.14_1,2023,11,0,0
GBR.3.29.1.15_1,2023,11,0,0
GBR.3.29.1.16_1,2023,11,0,0
GBR.3.29.1.17_1,2023,11,0,0
GBR.3.29.1.18_1,2023,11,0,0
GBR.3.29.1.19_1,2023,11,0,0
GBR.3.29.1.2_1,2023,11,0,0
GBR.3.29.1.20_1,2023,11,0,0
GBR.3.29.1.3_1,2023,11,0,0
GBR.3.29.1.4_1,2023,11,0,0
GBR.3.29.1.5_1,2023,11,0,0
GBR.3.29.1.6_1,2023,11,0,0
GBR.3.29.1.7_1,2023,11,0,0
GBR.3.29.1.8_1,2023,11,0,0
GBR.3.29.1.9_1,2023,11,0,0
GBR.3.3.1.1_1,2023,11,0,0
GBR.3.3.1.2_1,2023,11,0,0
GBR.3.3.1.3_1,2023,11,0,0
GBR.3.3.1.4_1,2023,11,0,0
GBR.3.3.1.5_1,2023,11,0,0
GBR.3.3.1.6_1,2023,11,0,0
GBR.3.3.1.7_1,2023,11,0,0
GBR.3.3.1.8_1,2023,11,0,0
GBR.3.30.1.1_1,2023,11,0,0
GBR.3.30.1.2_1,2023,11,0,0
GBR.3.30.1.3_1,2023,11,0,0
GBR.3.30.1.4_1,2023,11,0,0
GBR.3.30.1.5_1,2023,11,0,0
GBR.3.30.1.6_1,2023,11,0,0
GBR.3.30.1.7_1,2023,11,0,0
GBR.3.31.1.1_1,2023,11,0,0
GBR.3.31.1.2_1,2023,11,0,0
GBR.3.31.1.3_1,2023,11,0,0
GBR.3.31.1.4_1,2023,11,0,0
GBR.3.31.1.5_1,2023,11,0,0
GBR.3.31.1.6_1,2023,11,0,0
GBR.3.32.1.1_1,2023,11,0,0
GBR.3.32.1.2_1,2023,11,0,0
GBR.3.32.1.3_1,2023,11,0,0
GBR.3.32.1.4_1,2023,11,0,0
GBR.3.32.1.5_1,2023,11,0,0
GBR.3.32.1.6_1,2023,11,0,0
GBR.3.32.1.7_1,2023,11,0,0
GBR.3.32.1.8_1,2023,11,0,0
GBR.3.32.1.9_1,2023,11,0,0
GBR.3.4.1.1_1,2023,11,0,0
GBR.3.4.1.10_1,2023,11,0,0
GBR.3.4.1.2_1,2023,11,0,0
GBR.3.4.1.3_1,2023,11,0,0
GBR.3.4.1.4_1,2023,11,0,0
GBR.3.4.1.5_1,2023,11,0,0
GBR.3.4.1.6_1,2023,11,0,0
GBR.3.4.1.7_1,2023,11,0,0
GBR.3.4.1.8_1,2023,11,0,0
GBR.3.4.1.9_1,2023,11,0,0
GBR.3.5.1.1_1,2023,11,0,0
GBR.3.5.1.2_1,2023,11,0,0
GBR.3.5.1.3_1,2023,11,0,0
GBR.3.5.1.4_1,2023,11,0,0
GBR.3.5.1.5_1,2023,11,0,0
GBR.3.6.1.1_1,2023,11,0,0
GBR.3.6.1.10_1,2023,11,0,0
GBR.3.6.1.11_1,2023,11,0,0
GBR.3.6.1.12_1,2023,11,0,0
GBR.3.6.1.2_1,2023,11,0,0
GBR.3.6.1.3_1,2023,11,0,0
GBR.3.6.1.4_1,2023,11,0,0
GBR.3.6.1.5_1,2023,11,0,0
GBR.3.6.1.6_1,2023,11,0,0
GBR.3.6.1.7_1,2023,11,0,0
GBR.3.6.1.8_1,2023,11,0,0
GBR.3.6.1.9_1,2023,11,0,0
GBR.3.7.1.1_1,2023,11,0,0
GBR.3.7.1.2_1,2023,11,0,0
GBR.3.7.1.3_1,2023,11,0,0
GBR.3.7.1.4_1,2023,11,0,0
GBR.3.7.1.5_1,2023,11,0,0
GBR.3.7.1.6_1,2023,11,0,0
GBR.3.7.1.7_1,2023,11,0,0
GBR.3.7.1.8_1,2023,11,0,0
GBR.3.8.1.1_1,2023,11,0,0
GBR.3.8.1.2_1,2023,11,0,0
GBR.3.8.1.3_1,2023,11,0,0
GBR.3.8.1.4_1,2023,11,0,0
GBR.3.8.1.5_1,2023,11,0,0
GBR.3.8.1.6_1,2023,11,0,0
GBR.3.8.1.7_1,2023,11,0,0
GBR.3.8.1.8_1,2023,11,0,0
GBR.3.8.1.9_1,2023,11,0,0
GBR.3.9.1.1_1,2023,11,0,0
GBR.3.9.1.2_1,2023,11,0,0
GBR.3.9.1.3_1,2023,11,0,0
GBR.3.9.1.4_1,2023,11,0,0
GBR.3.9.1.5_1,2023,11,0,0
GBR.3.9.1.6_1,2023,11,0,0
GBR.3.9.1.7_1,2023,11,0,0
GBR.4.1.1.1_1,2023,11,0,0
GBR.4.1.1.2_1,2023,11,0,0
GBR.4.1.1.3_1,2023,11,0,0
GBR.4.1.1.4_1,2023,11,0,0
GBR.4.1.1.5_1,2023,11,0,0
GBR.4.1.1.6_1,2023,11,0,0
GBR.4.1.1.7_1,2023,11,0,0
GBR.4.1.1.8_1,2023,11,0,0
GBR.4.1.1.9_1,2023,11,0,0
GBR.4.10.1.1_1,2023,11,0,0
GBR.4.10.1.10_1,2023,11,0,0
GBR.4.10.1.11_1,2023,11,0,0
GBR.4.10.1.12_1,2023,11,0,0
GBR.4.10.1.13_1,2023,11,0,0
GBR.4.10.1.14_1,2023,11,0,0
GBR.4.10.1.15_1,2023,11,0,0
GBR.4.10.1.16_1,2023,11,0,0
GBR.4.10.1.17_1,2023,11,0,0
GBR.4.10.1.18_1,2023,11,0,0
GBR.4.10.1.19_1,2023,11,0,0
GBR.4.10.1.2_1,2023,11,0,0
GBR.4.10.1.20_1,2023,11,0,0
GBR.4.10.1.21_1,2023,11,0,0
GBR.4.10.1.22_1,2023,11,0,0
GBR.4.10.1.23_1,2023,11,0,0
GBR.4.10.1.24_1,2023,11,0,0
GBR.4.10.1.25_1,2023,11,0,0
GBR.4.10.1.26_1,2023,11,0,0
GBR.4.10.1.27_1,2023,11,0,0
GBR.4.10.1.28_1,2023,11,0,0
GBR.4.10.1.29_1,2023,11,0,0
GBR.4.10.1.3_1,2023,11,0,0
GBR.4.10.1.30_1,2023,11,0,0
GBR.4.10.1.31_1,2023,11,0,0
GBR.4.10.1.32_1,2023,11,0,0
GBR.4.10.1.33_1,2023,11,0,0
GBR.4.10.1.34_1,2023,11,0,0
GBR.4.10.1.35_1,2023,11,0,0
GBR.4.10.1.36_1,2023,11,0,0
GBR.4.10.1.37_1,2023,11,0,0
GBR.4.10.1.38_1,2023,11,0,0
GBR.4.10.1.39_1,2023,11,0,0
GBR.4.10.1.4_1,2023,11,0,0
GBR.4.10.1.40_1,2023,11,0,0
GBR.4.10.1.41_1,2023,11,0,0
GBR.4.10.1.42_1,2023,11,0,0
GBR.4.10.1.43_1,2023,11,0,0
GBR.4.10.1.44_1,2023,11,0,0
GBR.4.10.1.45_1,2023,11,0,0
GBR.4.10.1.46_1,2023,11,0,0
GBR.4.10.1.47_1,2023,11,0,0
GBR.4.10.1.48_1,2023,11,0,0
GBR.4.10.1.49_1,2023,11,0,0
GBR.4.10.1.5_1,2023,11,0,0
GBR.4.10.1.50_1,2023,11,0,0
GBR.4.10.1.51_1,2023,11,0,0
GBR.4.10.1.52_1,2023,11,0,0
GBR.4.10.1.53_1,2023,11,0,0
GBR.4.10.1.54_1,2023,11,0,0
GBR.4.10.1.6_1,2023,11,0,0
GBR.4.10.1.7_1,2023,11,0,0
GBR.4.10.1.8_1,2023,11,0,0
GBR.4.10.1.9_1,2023,11,0,0
GBR.4.11.1.1_1,2023,11,0,0
GBR.4.11.1.10_1,2023,11,0,0
GBR.4.11.1.11_1,2023,11,0,0
GBR.4.11.1.12_1,2023,11,0,0
GBR.4.11.1.13_1,2023,11,0,0
GBR.4.11.1.14_1,2023,11,0,0
GBR.4.11.1.15_1,2023,11,0,0
GBR.4.11.1.16_1,2023,11,0,0
GBR.4.11.1.17_1,2023,11,0,0
GBR.4.11.1.18_1,2023,11,0,0
GBR.4.11.1.19_1,2023,11,0,0
GBR.4.11.1.2_1,2023,11,0,0
GBR.4.11.1.21_1,2023,11,0,0
GBR.4.11.1.22_1,2023,11,0,0
GBR.4.11.1.23_1,2023,11,0,0
GBR.4.11.1.24_1,2023,11,0,0
GBR.4.11.1.25_1,2023,11,0,0
GBR.4.11.1.26_1,2023,11,0,0
GBR.4.11.1.27_1,2023,11,0,0
GBR.4.11.1.28_1,2023,11,0,0
GBR.4.11.1.3_1,2023,11,0,0
GBR.4.11.1.30_1,2023,11,0,0
GBR.4.11.1.32_1,2023,11,0,0
GBR.4.11.1.33_1,2023,11,0,0
GBR.4.11.1.34_1,2023,11,0,0
GBR.4.11.1.36_1,2023,11,0,0
GBR.4.11.1.37_1,2023,11,0,0
GBR.4.11.1.38_1,2023,11,0,0
GBR.4.11.1.39_1,2023,11,0,0
GBR.4.11.1.4_1,2023,11,0,0
GBR.4.11.1.40_1,2023,11,0,0
GBR.4.11.1.41_1,2023,11,0,0
GBR.4.11.1.42_1,2023,11,0,0
GBR.4.11.1.43_1,2023,11,0,0
GBR.4.11.1.44_1,2023,11,0,0
GBR.4.11.1.45_1,2023,11,0,0
GBR.4.11.1.46_1,2023,11,0,0
GBR.4.11.1.47_1,2023,11,0,0
GBR.4.11.1.48_1,2023,11,0,0
GBR.4.11.1.5_1,2023,11,0,0
GBR.4.11.1.50_1,2023,11,0,0
GBR.4.11.1.51_1,2023,11,0,0
GBR.4.11.1.52_1,2023,11,0,0
GBR.4.11.1.53_1,2023,11,0,0
GBR.4.11.1.54_1,2023,11,0,0
GBR.4.11.1.55_1,2023,11,0,0
GBR.4.11.1.56_1,2023,11,0,0
GBR.4.11.1.57_1,2023,11,0,0
GBR.4.11.1.58_1,2023,11,0,0
GBR.4.11.1.59_1,2023,11,0,0
GBR.4.11.1.6_1,2023,11,0,0
GBR.4.11.1.60_1,2023,11,0,0
GBR.4.11.1.61_1,2023,11,0,0
GBR.4.11.1.62_1,2023,11,0,0
GBR.4.11.1.63_1,2023,11,0,0
GBR.4.11.1.64_1,2023,11,0,0
GBR.4.11.1.65_1,2023,11,0,0
GBR.4.11.1.66_1,2023,11,0,0
GBR.4.11.1.67_1,2023,11,0,0
GBR.4.11.1.68_1,2023,11,0,0
GBR.4.11.1.69_1,2023,11,0,0
GBR.4.11.1.7_1,2023,11,0,0
GBR.4.11.1.70_1,2023,11,0,0
GBR.4.11.1.71_1,2023,11,0,0
GBR.4.11.1.72_1,2023,11,0,0
GBR.4.11.1.73_1,2023,11,0,0
GBR.4.11.1.8_1,2023,11,0,0
GBR.4.11.1.9_1,2023,11,0,0
GBR.4.12.1.1_1,2023,11,0,0
GBR.4.12.1.10_1,2023,11,0,0
GBR.4.12.1.11_1,2023,11,0,0
GBR.4.12.1.12_1,2023,11,0,0
GBR.4.12.1.13_1,2023,11,0,0
GBR.4.12.1.14_1,2023,11,0,0
GBR.4.12.1.2_1,2023,11,0,0
GBR.4.12.1.3_1,2023,11,0,0
GBR.4.12.1.4_1,2023,11,0,0
GBR.4.12.1.5_1,2023,11,0,0
GBR.4.12.1.6_1,2023,11,0,0
GBR.4.12.1.7_1,2023,11,0,0
GBR.4.12.1.8_1,2023,11,0,0
GBR.4.12.1.9_1,2023,11,0,0
GBR.4.13.1.1_1,2023,11,0,0
GBR.4.13.1.10_1,2023,11,0,0
GBR.4.13.1.11_1,2023,11,0,0
GBR.4.13.1.13_1,2023,11,0,0
GBR.4.13.1.14_1,2023,11,0,0
GBR.4.13.1.15_1,2023,11,0,0
GBR.4.13.1.16_1,2023,11,0,0
GBR.4.13.1.17_1,2023,11,0,0
GBR.4.13.1.18_1,2023,11,0,0
GBR.4.13.1.19_1,2023,11,0,0
GBR.4.13.1.20_1,2023,11,0,0
GBR.4.13.1.21_1,2023,11,0,0
GBR.4.13.1.22_1,2023,11,0,0
GBR.4.13.1.23_1,2023,11,0,0
GBR.4.13.1.24_1,2023,11,0,0
GBR.4.13.1.25_1,2023,11,0,0
GBR.4.13.1.26_1,2023,11,0,0
GBR.4.13.1.28_1,2023,11,0,0
GBR.4.13.1.29_1,2023,11,0,0
GBR.4.13.1.3_1,2023,11,0,0
GBR.4.13.1.30_1,2023,11,0,0
GBR.4.13.1.32_1,2023,11,0,0
GBR.4.13.1.33_1,2023,11,0,0
GBR.4.13.1.35_1,2023,11,0,0
GBR.4.13.1.36_1,2023,11,0,0
GBR.4.13.1.38_1,2023,11,0,0
GBR.4.13.1.39_1,2023,11,0,0
GBR.4.13.1.4_1,2023,11,0,0
GBR.4.13.1.41_1,2023,11,0,0
GBR.4.13.1.5_1,2023,11,0,0
GBR.4.13.1.6_1,2023,11,0,0
GBR.4.13.1.7_1,2023,11,0,0
GBR.4.13.1.9_1,2023,11,0,0
GBR.4.14.1.1_1,2023,11,0,0
GBR.4.14.1.10_1,2023,11,0,0
GBR.4.14.1.11_1,2023,11,0,0
GBR.4.14.1.12_1,2023,11,0,0
GBR.4.14.1.13_1,2023,11,0,0
GBR.4.14.1.14_1,2023,11,0,0
GBR.4.14.1.15_1,2023,11,0,0
GBR.4.14.1.16_1,2023,11,0,0
GBR.4.14.1.17_1,2023,11,0,0
GBR.4.14.1.18_1,2023,11,0,0
GBR.4.14.1.19_1,2023,11,0,0
GBR.4.14.1.2_1,2023,11,0,0
GBR.4.14.1.20_1,2023,11,0,0
GBR.4.14.1.21_1,2023,11,0,0
GBR.4.14.1.22_1,2023,11,0,0
GBR.4.14.1.23_1,2023,11,0,0
GBR.4.14.1.24_1,2023,11,0,0
GBR.4.14.1.25_1,2023,11,0,0
GBR.4.14.1.26_1,2023,11,0,0
GBR.4.14.1.27_1,2023,11,0,0
GBR.4.14.1.28_1,2023,11,0,0
GBR.4.14.1.29_1,2023,11,0,0
GBR.4.14.1.3_1,2023,11,0,0
GBR.4.14.1.30_1,2023,11,0,0
GBR.4.14.1.31_1,2023,11,0,0
GBR.4.14.1.32_1,2023,11,0,0
GBR.4.14.1.33_1,2023,11,0,0
GBR.4.14.1.34_1,2023,11,0,0
GBR.4.14.1.35_1,2023,11,0,0
GBR.4.14.1.36_1,2023,11,0,0
GBR.4.14.1.37_1,2023,11,0,0
GBR.4.14.1.38_1,2023,11,0,0
GBR.4.14.1.39_1,2023,11,0,0
GBR.4.14.1.4_1,2023,11,0,0
GBR.4.14.1.40_1,2023,11,0,0
GBR.4.14.1.5_1,2023,11,0,0
GBR.4.14.1.6_1,2023,11,0,0
GBR.4.14.1.7_1,2023,11,0,0
GBR.4.14.1.8_1,2023,11,0,0
GBR.4.14.1.9_1,2023,11,0,0
GBR.4.15.1.1_1,2023,11,0,0
GBR.4.15.1.10_1,2023,11,0,0
GBR.4.15.1.11_1,2023,11,0,0
GBR.4.15.1.12_1,2023,11,0,0
GBR.4.15.1.13_1,2023,11,0,0
GBR.4.15.1.14_1,2023,11,0,0
GBR.4.15.1.15_1,2023,11,0,0
GBR.4.15.1.16_1,2023,11,0,0
GBR.4.15.1.17_1,2023,11,0,0
GBR.4.15.1.18_1,2023,11,0,0
GBR.4.15.1.19_1,2023,11,0,0
GBR.4.15.1.2_1,2023,11,0,0
GBR.4.15.1.3_1,2023,11,0,0
GBR.4.15.1.4_1,2023,11,0,0
GBR.4.15.1.5_1,2023,11,0,0
GBR.4.15.1.6_1,2023,11,0,0
GBR.4.15.1.7_1,2023,11,0,0
GBR.4.15.1.8_1,2023,11,0,0
GBR.4.15.1.9_1,2023,11,0,0
GBR.4.16.1_1,2023,11,0,0
GBR.4.16.1.1_1,2023,11,0,0
GBR.4.16.1.10_1,2023,11,0,0
GBR.4.16.1.11_1,2023,11,0,0
GBR.4.16.1.12_1,2023,11,0,0
GBR.4.16.1.13_1,2023,11,0,0
GBR.4.16.1.14_1,2023,11,0,0
GBR.4.16.1.15_1,2023,11,0,0
GBR.4.16.1.16_1,2023,11,0,0
GBR.4.16.1.17_1,2023,11,0,0
GBR.4.16.1.18_1,2023,11,0,0
GBR.4.16.1.19_1,2023,11,0,0
GBR.4.16.1.2_1,2023,11,0,0
GBR.4.16.1.20_1,2023,11,0,0
GBR.4.16.1.21_1,2023,11,0,0
GBR.4.16.1.22_1,2023,11,0,0
GBR.4.16.1.23_1,2023,11,0,0
GBR.4.16.1.24_1,2023,11,0,0
GBR.4.16.1.25_1,2023,11,0,0
GBR.4.16.1.26_1,2023,11,0,0
GBR.4.16.1.27_1,2023,11,0,0
GBR.4.16.1.28_1,2023,11,0,0
GBR.4.16.1.29_1,2023,11,0,0
GBR.4.16.1.3_1,2023,11,0,0
GBR.4.16.1.30_1,2023,11,0,0
GBR.4.16.1.31_1,2023,11,0,0
GBR.4.16.1.32_1,2023,11,0,0
GBR.4.16.1.33_1,2023,11,0,0
GBR.4.16.1.34_1,2023,11,0,0
GBR.4.16.1.35_1,2023,11,0,0
GBR.4.16.1.36_1,2023,11,0,0
GBR.4.16.1.37_1,2023,11,0,0
GBR.4.16.1.38_1,2023,11,0,0
GBR.4.16.1.39_1,2023,11,0,0
GBR.4.16.1.4_1,2023,11,0,0
GBR.4.16.1.40_1,2023,11,0,0
GBR.4.16.1.41_1,2023,11,0,0
GBR.4.16.1.42_1,2023,11,0,0
GBR.4.16.1.43_1,2023,11,0,0
GBR.4.16.1.44_1,2023,11,0,0
GBR.4.16.1.45_1,2023,11,0,0
GBR.4.16.1.46_1,2023,11,0,0
GBR.4.16.1.47_1,2023,11,0,0
GBR.4.16.1.48_1,2023,11,0,0
GBR.4.16.1.49_1,2023,11,0,0
GBR.4.16.1.5_1,2023,11,0,0
GBR.4.16.1.50_1,2023,11,0,0
GBR.4.16.1.51_1,2023,11,0,0
GBR.4.16.1.52_1,2023,11,0,0
GBR.4.16.1.53_1,2023,11,0,0
GBR.4.16.1.54_1,2023,11,0,0
GBR.4.16.1.55_1,2023,11,0,0
GBR.4.16.1.56_1,2023,11,0,0
GBR.4.16.1.59_1,2023,11,0,0
GBR.4.16.1.6_1,2023,11,0,0
GBR.4.16.1.60_1,2023,11,0,0
GBR.4.16.1.7_1,2023,11,0,0
GBR.4.16.1.8_1,2023,11,0,0
GBR.4.16.1.9_1,2023,11,0,0
GBR.4.17.1.1_1,2023,11,0,0
GBR.4.17.1.10_1,2023,11,0,0
GBR.4.17.1.11_1,2023,11,0,0
GBR.4.17.1.12_1,2023,11,0,0
GBR.4.17.1.13_1,2023,11,0,0
GBR.4.17.1.14_1,2023,11,0,0
GBR.4.17.1.15_1,2023,11,0,0
GBR.4.17.1.16_1,2023,11,0,0
GBR.4.17.1.17_1,2023,11,0,0
GBR.4.17.1.18_1,2023,11,0,0
GBR.4.17.1.19_1,2023,11,0,0
GBR.4.17.1.2_1,2023,11,0,0
GBR.4.17.1.20_1,2023,11,0,0
GBR.4.17.1.21_1,2023,11,0,0
GBR.4.17.1.22_1,2023,11,0,0
GBR.4.17.1.23_1,2023,11,0,0
GBR.4.17.1.24_1,2023,11,0,0
GBR.4.17.1.25_1,2023,11,0,0
GBR.4.17.1.26_1,2023,11,0,0
GBR.4.17.1.27_1,2023,11,0,0
GBR.4.17.1.28_1,2023,11,0,0
GBR.4.17.1.29_1,2023,11,0,0
GBR.4.17.1.3_1,2023,11,0,0
GBR.4.17.1.30_1,2023,11,0,0
GBR.4.17.1.31_1,2023,11,0,0
GBR.4.17.1.32_1,2023,11,0,0
GBR.4.17.1.33_1,2023,11,0,0
GBR.4.17.1.34_1,2023,11,0,0
GBR.4.17.1.35_1,2023,11,0,0
GBR.4.17.1.36_1,2023,11,0,0
GBR.4.17.1.37_1,2023,11,0,0
GBR.4.17.1.38_1,2023,11,0,0
GBR.4.17.1.39_1,2023,11,0,0
GBR.4.17.1.4_1,2023,11,0,0
GBR.4.17.1.40_1,2023,11,0,0
GBR.4.17.1.41_1,2023,11,0,0
GBR.4.17.1.42_1,2023,11,0,0
GBR.4.17.1.43_1,2023,11,0,0
GBR.4.17.1.44_1,2023,11,0,0
GBR.4.17.1.45_1,2023,11,0,0
GBR.4.17.1.46_1,2023,11,0,0
GBR.4.17.1.47_1,2023,11,0,0
GBR.4.17.1.48_1,2023,11,0,0
GBR.4.17.1.49_1,2023,11,0,0
GBR.4.17.1.5_1,2023,11,0,0
GBR.4.17.1.50_1,2023,11,0,0
GBR.4.17.1.51_1,2023,11,0,0
GBR.4.17.1.52_1,2023,11,0,0
GBR.4.17.1.53_1,2023,11,0,0
GBR.4.17.1.54_1,2023,11,0,0
GBR.4.17.1.55_1,2023,11,0,0
GBR.4.17.1.56_1,2023,11,0,0
GBR.4.17.1.57_1,2023,11,0,0
GBR.4.17.1.58_1,2023,11,0,0
GBR.4.17.1.59_1,2023,11,0,0
GBR.4.17.1.6_1,2023,11,0,0
GBR.4.17.1.60_1,2023,11,0,0
GBR.4.17.1.61_1,2023,11,0,0
GBR.4.17.1.62_1,2023,11,0,0
GBR.4.17.1.63_1,2023,11,0,0
GBR.4.17.1.64_1,2023,11,0,0
GBR.4.17.1.65_1,2023,11,0,0
GBR.4.17.1.66_1,2023,11,0,0
GBR.4.17.1.67_1,2023,11,0,0
GBR.4.17.1.68_1,2023,11,0,0
GBR.4.17.1.69_1,2023,11,0,0
GBR.4.17.1.7_1,2023,11,0,0
GBR.4.17.1.70_1,2023,11,0,0
GBR.4.17.1.71_1,2023,11,0,0
GBR.4.17.1.72_1,2023,11,0,0
GBR.4.17.1.73_1,2023,11,0,0
GBR.4.17.1.8_1,2023,11,0,0
GBR.4.17.1.9_1,2023,11,0,0
GBR.4.18.1.1_1,2023,11,0,0
GBR.4.18.1.10_1,2023,11,0,0
GBR.4.18.1.11_1,2023,11,0,0
GBR.4.18.1.12_1,2023,11,0,0
GBR.4.18.1.13_1,2023,11,0,0
GBR.4.18.1.14_1,2023,11,0,0
GBR.4.18.1.15_1,2023,11,0,0
GBR.4.18.1.16_1,2023,11,0,0
GBR.4.18.1.17_1,2023,11,0,0
GBR.4.18.1.18_1,2023,11,0,0
GBR.4.18.1.19_1,2023,11,0,0
GBR.4.18.1.2_1,2023,11,0,0
GBR.4.18.1.20_1,2023,11,0,0
GBR.4.18.1.21_1,2023,11,0,0
GBR.4.18.1.22_1,2023,11,0,0
GBR.4.18.1.23_1,2023,11,0,0
GBR.4.18.1.24_1,2023,11,0,0
GBR.4.18.1.25_1,2023,11,0,0
GBR.4.18.1.26_1,2023,11,0,0
GBR.4.18.1.27_1,2023,11,0,0
GBR.4.18.1.28_1,2023,11,0,0
GBR.4.18.1.29_1,2023,11,0,0
GBR.4.18.1.3_1,2023,11,0,0
GBR.4.18.1.30_1,2023,11,0,0
GBR.4.18.1.31_1,2023,11,0,0
GBR.4.18.1.32_1,2023,11,0,0
GBR.4.18.1.33_1,2023,11,0,0
GBR.4.18.1.34_1,2023,11,0,0
GBR.4.18.1.35_1,2023,11,0,0
GBR.4.18.1.36_1,2023,11,0,0
GBR.4.18.1.37_1,2023,11,0,0
GBR.4.18.1.38_1,2023,11,0,0
GBR.4.18.1.39_1,2023,11,0,0
GBR.4.18.1.4_1,2023,11,0,0
GBR.4.18.1.40_1,2023,11,0,0
GBR.4.18.1.41_1,2023,11,0,0
GBR.4.18.1.42_1,2023,11,0,0
GBR.4.18.1.43_1,2023,11,0,0
GBR.4.18.1.44_1,2023,11,0,0
GBR.4.18.1.45_1,2023,11,0,0
GBR.4.18.1.46_1,2023,11,0,0
GBR.4.18.1.47_1,2023,11,0,0
GBR.4.18.1.48_1,2023,11,0,0
GBR.4.18.1.49_1,2023,11,0,0
GBR.4.18.1.5_1,2023,11,0,0
GBR.4.18.1.6_1,2023,11,0,0
GBR.4.18.1.7_1,2023,11,0,0
GBR.4.18.1.8_1,2023,11,0,0
GBR.4.18.1.9_1,2023,11,0,0
GBR.4.19.1.1_1,2023,11,0,0
GBR.4.19.1.10_1,2023,11,0,0
GBR.4.19.1.11_1,2023,11,0,0
GBR.4.19.1.12_1,2023,11,0,0
GBR.4.19.1.13_1,2023,11,0,0
GBR.4.19.1.14_1,2023,11,0,0
GBR.4.19.1.15_1,2023,11,0,0
GBR.4.19.1.16_1,2023,11,0,0
GBR.4.19.1.17_1,2023,11,0,0
GBR.4.19.1.18_1,2023,11,0,0
GBR.4.19.1.19_1,2023,11,0,0
GBR.4.19.1.2_1,2023,11,0,0
GBR.4.19.1.20_1,2023,11,0,0
GBR.4.19.1.21_1,2023,11,0,0
GBR.4.19.1.22_1,2023,11,0,0
GBR.4.19.1.23_1,2023,11,0,0
GBR.4.19.1.24_1,2023,11,0,0
GBR.4.19.1.27_1,2023,11,0,0
GBR.4.19.1.28_1,2023,11,0,0
GBR.4.19.1.29_1,2023,11,0,0
GBR.4.19.1.3_1,2023,11,0,0
GBR.4.19.1.30_1,2023,11,0,0
GBR.4.19.1.31_1,2023,11,0,0
GBR.4.19.1.32_1,2023,11,0,0
GBR.4.19.1.33_1,2023,11,0,0
GBR.4.19.1.34_1,2023,11,0,0
GBR.4.19.1.35_1,2023,11,0,0
GBR.4.19.1.36_1,2023,11,0,0
GBR.4.19.1.37_1,2023,11,0,0
GBR.4.19.1.38_1,2023,11,0,0
GBR.4.19.1.39_1,2023,11,0,0
GBR.4.19.1.4_1,2023,11,0,0
GBR.4.19.1.5_1,2023,11,0,0
GBR.4.19.1.6_1,2023,11,0,0
GBR.4.19.1.7_1,2023,11,0,0
GBR.4.19.1.8_1,2023,11,0,0
GBR.4.19.1.9_1,2023,11,0,0
GBR.4.2.1.1_1,2023,11,0,0
GBR.4.2.1.10_1,2023,11,0,0
GBR.4.2.1.11_1,2023,11,0,0
GBR.4.2.1.12_1,2023,11,0,0
GBR.4.2.1.13_1,2023,11,0,0
GBR.4.2.1.14_1,2023,11,0,0
GBR.4.2.1.15_1,2023,11,0,0
GBR.4.2.1.2_1,2023,11,0,0
GBR.4.2.1.3_1,2023,11,0,0
GBR.4.2.1.4_1,2023,11,0,0
GBR.4.2.1.5_1,2023,11,0,0
GBR.4.2.1.6_1,2023,11,0,0
GBR.4.2.1.7_1,2023,11,0,0
GBR.4.2.1.8_1,2023,11,0,0
GBR.4.2.1.9_1,2023,11,0,0
GBR.4.20.1.1_1,2023,11,0,0
GBR.4.20.1.10_1,2023,11,0,0
GBR.4.20.1.11_1,2023,11,0,0
GBR.4.20.1.12_1,2023,11,0,0
GBR.4.20.1.13_1,2023,11,0,0
GBR.4.20.1.14_1,2023,11,0,0
GBR.4.20.1.15_1,2023,11,0,0
GBR.4.20.1.16_1,2023,11,0,0
GBR.4.20.1.17_1,2023,11,0,0
GBR.4.20.1.18_1,2023,11,0,0
GBR.4.20.1.19_1,2023,11,0,0
GBR.4.20.1.2_1,2023,11,0,0
GBR.4.20.1.20_1,2023,11,0,0
GBR.4.20.1.21_1,2023,11,0,0
GBR.4.20.1.22_1,2023,11,0,0
GBR.4.20.1.23_1,2023,11,0,0
GBR.4.20.1.24_1,2023,11,0,0
GBR.4.20.1.25_1,2023,11,0,0
GBR.4.20.1.26_1,2023,11,0,0
GBR.4.20.1.27_1,2023,11,0,0
GBR.4.20.1.28_1,2023,11,0,0
GBR.4.20.1.3_1,2023,11,0,0
GBR.4.20.1.4_1,2023,11,0,0
GBR.4.20.1.5_1,2023,11,0,0
GBR.4.20.1.6_1,2023,11,0,0
GBR.4.20.1.7_1,2023,11,0,0
GBR.4.20.1.8_1,2023,11,0,0
GBR.4.20.1.9_1,2023,11,0,0
GBR.4.21.1.1_1,2023,11,0,0
GBR.4.21.1.10_1,2023,11,0,0
GBR.4.21.1.11_1,2023,11,0,0
GBR.4.21.1.12_1,2023,11,0,0
GBR.4.21.1.13_1,2023,11,0,0
GBR.4.21.1.14_1,2023,11,0,0
GBR.4.21.1.15_1,2023,11,0,0
GBR.4.21.1.16_1,2023,11,0,0
GBR.4.21.1.17_1,2023,11,0,0
GBR.4.21.1.18_1,2023,11,0,0
GBR.4.21.1.19_1,2023,11,0,0
GBR.4.21.1.2_1,2023,11,0,0
GBR.4.21.1.20_1,2023,11,0,0
GBR.4.21.1.21_1,2023,11,0,0
GBR.4.21.1.22_1,2023,11,0,0
GBR.4.21.1.23_1,2023,11,0,0
GBR.4.21.1.24_1,2023,11,0,0
GBR.4.21.1.3_1,2023,11,0,0
GBR.4.21.1.4_1,2023,11,0,0
GBR.4.21.1.5_1,2023,11,0,0
GBR.4.21.1.6_1,2023,11,0,0
GBR.4.21.1.7_1,2023,11,0,0
GBR.4.21.1.8_1,2023,11,0,0
GBR.4.21.1.9_1,2023,11,0,0
GBR.4.22.1.1_1,2023,11,0,0
GBR.4.22.1.10_1,2023,11,0,0
GBR.4.22.1.11_1,2023,11,0,0
GBR.4.22.1.12_1,2023,11,0,0
GBR.4.22.1.13_1,2023,11,0,0
GBR.4.22.1.14_1,2023,11,0,0
GBR.4.22.1.15_1,2023,11,0,0
GBR.4.22.1.16_1,2023,11,0,0
GBR.4.22.1.17_1,2023,11,0,0
GBR.4.22.1.18_1,2023,11,0,0
GBR.4.22.1.19_1,2023,11,0,0
GBR.4.22.1.2_1,2023,11,0,0
GBR.4.22.1.20_1,2023,11,0,0
GBR.4.22.1.21_1,2023,11,0,0
GBR.4.22.1.22_1,2023,11,0,0
GBR.4.22.1.23_1,2023,11,0,0
GBR.4.22.1.24_1,2023,11,0,0
GBR.4.22.1.25_1,2023,11,0,0
GBR.4.22.1.26_1,2023,11,0,0
GBR.4.22.1.27_1,2023,11,0,0
GBR.4.22.1.28_1,2023,11,0,0
GBR.4.22.1.29_1,2023,11,0,0
GBR.4.22.1.3_1,2023,11,0,0
GBR.4.22.1.30_1,2023,11,0,0
GBR.4.22.1.31_1,2023,11,0,0
GBR.4.22.1.32_1,2023,11,0,0
GBR.4.22.1.33_1,2023,11,0,0
GBR.4.22.1.34_1,2023,11,0,0
GBR.4.22.1.35_1,2023,11,0,0
GBR.4.22.1.36_1,2023,11,0,0
GBR.4.22.1.37_1,2023,11,0,0
GBR.4.22.1.38_1,2023,11,0,0
GBR.4.22.1.39_1,2023,11,0,0
GBR.4.22.1.4_1,2023,11,0,0
GBR.4.22.1.40_1,2023,11,0,0
GBR.4.22.1.41_1,2023,11,0,0
GBR.4.22.1.42_1,2023,11,0,0
GBR.4.22.1.43_1,2023,11,0,0
GBR.4.22.1.44_1,2023,11,0,0
GBR.4.22.1.45_1,2023,11,0,0
GBR.4.22.1.46_1,2023,11,0,0
GBR.4.22.1.47_1,2023,11,0,0
GBR.4.22.1.48_1,2023,11,0,0
GBR.4.22.1.49_1,2023,11,0,0
GBR.4.22.1.5_1,2023,11,0,0
GBR.4.22.1.6_1,2023,11,0,0
GBR.4.22.1.7_1,2023,11,0,0
GBR.4.22.1.8_1,2023,11,0,0
GBR.4.22.1.9_1,2023,11,0,0
GBR.4.3.1.1_1,2023,11,0,0
GBR.4.3.1.10_1,2023,11,0,0
GBR.4.3.1.11_1,2023,11,0,0
GBR.4.3.1.12_1,2023,11,0,0
GBR.4.3.1.13_1,2023,11,0,0
GBR.4.3.1.14_1,2023,11,0,0
GBR.4.3.1.15_1,2023,11,0,0
GBR.4.3.1.16_1,2023,11,0,0
GBR.4.3.1.17_1,2023,11,0,0
GBR.4.3.1.18_1,2023,11,0,0
GBR.4.3.1.19_1,2023,11,0,0
GBR.4.3.1.2_1,2023,11,0,0
GBR.4.3.1.20_1,2023,11,0,0
GBR.4.3.1.21_1,2023,11,0,0
GBR.4.3.1.22_1,2023,11,0,0
GBR.4.3.1.23_1,2023,11,0,0
GBR.4.3.1.24_1,2023,11,0,0
GBR.4.3.1.25_1,2023,11,0,0
GBR.4.3.1.26_1,2023,11,0,0
GBR.4.3.1.27_1,2023,11,0,0
GBR.4.3.1.28_1,2023,11,0,0
GBR.4.3.1.29_1,2023,11,0,0
GBR.4.3.1.3_1,2023,11,0,0
GBR.4.3.1.30_1,2023,11,0,0
GBR.4.3.1.31_1,2023,11,0,0
GBR.4.3.1.32_1,2023,11,0,0
GBR.4.3.1.33_1,2023,11,0,0
GBR.4.3.1.34_1,2023,11,0,0
GBR.4.3.1.36_1,2023,11,0,0
GBR.4.3.1.38_1,2023,11,0,0
GBR.4.3.1.39_1,2023,11,0,0
GBR.4.3.1.4_1,2023,11,0,0
GBR.4.3.1.5_1,2023,11,0,0
GBR.4.3.1.6_1,2023,11,0,0
GBR.4.3.1.7_1,2023,11,0,0
GBR.4.3.1.8_1,2023,11,0,0
GBR.4.3.1.9_1,2023,11,0,0
GBR.4.4.1.1_1,2023,11,0,0
GBR.4.4.1.10_1,2023,11,0,0
GBR.4.4.1.11_1,2023,11,0,0
GBR.4.4.1.12_1,2023,11,0,0
GBR.4.4.1.13_1,2023,11,0,0
GBR.4.4.1.14_1,2023,11,0,0
GBR.4.4.1.15_1,2023,11,0,0
GBR.4.4.1.16_1,2023,11,0,0
GBR.4.4.1.17_1,2023,11,0,0
GBR.4.4.1.18_1,2023,11,0,0
GBR.4.4.1.19_1,2023,11,0,0
GBR.4.4.1.2_1,2023,11,0,0
GBR.4.4.1.20_1,2023,11,0,0
GBR.4.4.1.21_1,2023,11,0,0
GBR.4.4.1.22_1,2023,11,0,0
GBR.4.4.1.23_1,2023,11,0,0
GBR.4.4.1.24_1,2023,11,0,0
GBR.4.4.1.25_1,2023,11,0,0
GBR.4.4.1.26_1,2023,11,0,0
GBR.4.4.1.27_1,2023,11,0,0
GBR.4.4.1.28_1,2023,11,0,0
GBR.4.4.1.29_1,2023,11,0,0
GBR.4.4.1.3_1,2023,11,0,0
GBR.4.4.1.30_1,2023,11,0,0
GBR.4.4.1.31_1,2023,11,0,0
GBR.4.4.1.4_1,2023,11,0,0
GBR.4.4.1.5_1,2023,11,0,0
GBR.4.4.1.6_1,2023,11,0,0
GBR.4.4.1.7_1,2023,11,0,0
GBR.4.4.1.8_1,2023,11,0,0
GBR.4.4.1.9_1,2023,11,0,0
GBR.4.5.1.1_1,2023,11,0,0
GBR.4.5.1.10_1,2023,11,0,0
GBR.4.5.1.11_1,2023,11,0,0
GBR.4.5.1.12_1,2023,11,0,0
GBR.4.5.1.13_1,2023,11,0,0
GBR.4.5.1.14_1,2023,11,0,0
GBR.4.5.1.15_1,2023,11,0,0
GBR.4.5.1.16_1,2023,11,0,0
GBR.4.5.1.17_1,2023,11,0,0
GBR.4.5.1.18_1,2023,11,0,0
GBR.4.5.1.19_1,2023,11,0,0
GBR.4.5.1.2_1,2023,11,0,0
GBR.4.5.1.20_1,2023,11,0,0
GBR.4.5.1.21_1,2023,11,0,0
GBR.4.5.1.22_1,2023,11,0,0
GBR.4.5.1.23_1,2023,11,0,0
GBR.4.5.1.24_1,2023,11,0,0
GBR.4.5.1.25_1,2023,11,0,0
GBR.4.5.1.26_1,2023,11,0,0
GBR.4.5.1.27_1,2023,11,0,0
GBR.4.5.1.28_1,2023,11,0,0
GBR.4.5.1.3_1,2023,11,0,0
GBR.4.5.1.4_1,2023,11,0,0
GBR.4.5.1.5_1,2023,11,0,0
GBR.4.5.1.6_1,2023,11,0,0
GBR.4.5.1.7_1,2023,11,0,0
GBR.4.5.1.8_1,2023,11,0,0
GBR.4.5.1.9_1,2023,11,0,0
GBR.4.6.1.1_1,2023,11,0,0
GBR.4.6.1.10_1,2023,11,0,0
GBR.4.6.1.11_1,2023,11,0,0
GBR.4.6.1.12_1,2023,11,0,0
GBR.4.6.1.13_1,2023,11,0,0
GBR.4.6.1.16_1,2023,11,0,0
GBR.4.6.1.17_1,2023,11,0,0
GBR.4.6.1.18_1,2023,11,0,0
GBR.4.6.1.19_1,2023,11,0,0
GBR.4.6.1.2_1,2023,11,0,0
GBR.4.6.1.20_1,2023,11,0,0
GBR.4.6.1.21_1,2023,11,0,0
GBR.4.6.1.22_1,2023,11,0,0
GBR.4.6.1.23_1,2023,11,0,0
GBR.4.6.1.24_1,2023,11,0,0
GBR.4.6.1.25_1,2023,11,0,0
GBR.4.6.1.26_1,2023,11,0,0
GBR.4.6.1.27_1,2023,11,0,0
GBR.4.6.1.28_1,2023,11,0,0
GBR.4.6.1.29_1,2023,11,0,0
GBR.4.6.1.3_1,2023,11,0,0
GBR.4.6.1.30_1,2023,11,0,0
GBR.4.6.1.31_1,2023,11,0,0
GBR.4.6.1.32_1,2023,11,0,0
GBR.4.6.1.33_1,2023,11,0,0
GBR.4.6.1.34_1,2023,11,0,0
GBR.4.6.1.35_1,2023,11,0,0
GBR.4.6.1.36_1,2023,11,0,0
GBR.4.6.1.37_1,2023,11,0,0
GBR.4.6.1.38_1,2023,11,0,0
GBR.4.6.1.39_1,2023,11,0,0
GBR.4.6.1.4_1,2023,11,0,0
GBR.4.6.1.40_1,2023,11,0,0
GBR.4.6.1.42_1,2023,11,0,0
GBR.4.6.1.43_1,2023,11,0,0
GBR.4.6.1.44_1,2023,11,0,0
GBR.4.6.1.45_1,2023,11,0,0
GBR.4.6.1.46_1,2023,11,0,0
GBR.4.6.1.47_1,2023,11,0,0
GBR.4.6.1.48_1,2023,11,0,0
GBR.4.6.1.49_1,2023,11,0,0
GBR.4.6.1.50_1,2023,11,0,0
GBR.4.6.1.51_1,2023,11,0,0
GBR.4.6.1.52_1,2023,11,0,0
GBR.4.6.1.53_1,2023,11,0,0
GBR.4.6.1.54_1,2023,11,0,0
GBR.4.6.1.55_1,2023,11,0,0
GBR.4.6.1.57_1,2023,11,0,0
GBR.4.6.1.6_1,2023,11,0,0
GBR.4.6.1.7_1,2023,11,0,0
GBR.4.6.1.8_1,2023,11,0,0
GBR.4.6.1.9_1,2023,11,0,0
GBR.4.7.1.1_1,2023,11,0,0
GBR.4.7.1.10_1,2023,11,0,0
GBR.4.7.1.11_1,2023,11,0,0
GBR.4.7.1.12_1,2023,11,0,0
GBR.4.7.1.13_1,2023,11,0,0
GBR.4.7.1.14_1,2023,11,0,0
GBR.4.7.1.15_1,2023,11,0,0
GBR.4.7.1.16_1,2023,11,0,0
GBR.4.7.1.17_1,2023,11,0,0
GBR.4.7.1.18_1,2023,11,0,0
GBR.4.7.1.19_1,2023,11,0,0
GBR.4.7.1.2_1,2023,11,0,0
GBR.4.7.1.20_1,2023,11,0,0
GBR.4.7.1.21_1,2023,11,0,0
GBR.4.7.1.22_1,2023,11,0,0
GBR.4.7.1.23_1,2023,11,0,0
GBR.4.7.1.24_1,2023,11,0,0
GBR.4.7.1.25_1,2023,11,0,0
GBR.4.7.1.26_1,2023,11,0,0
GBR.4.7.1.27_1,2023,11,0,0
GBR.4.7.1.28_1,2023,11,0,0
GBR.4.7.1.29_1,2023,11,0,0
GBR.4.7.1.3_1,2023,11,0,0
GBR.4.7.1.30_1,2023,11,0,0
GBR.4.7.1.31_1,2023,11,0,0
GBR.4.7.1.32_1,2023,11,0,0
GBR.4.7.1.33_1,2023,11,0,0
GBR.4.7.1.34_1,2023,11,0,0
GBR.4.7.1.35_1,2023,11,0,0
GBR.4.7.1.36_1,2023,11,0,0
GBR.4.7.1.37_1,2023,11,0,0
GBR.4.7.1.38_1,2023,11,0,0
GBR.4.7.1.39_1,2023,11,0,0
GBR.4.7.1.4_1,2023,11,0,0
GBR.4.7.1.40_1,2023,11,0,0
GBR.4.7.1.5_1,2023,11,0,0
GBR.4.7.1.6_1,2023,11,0,0
GBR.4.7.1.7_1,2023,11,0,0
GBR.4.7.1.8_1,2023,11,0,0
GBR.4.7.1.9_1,2023,11,0,0
GBR.4.8.1.1_1,2023,11,0,0
GBR.4.8.1.10_1,2023,11,0,0
GBR.4.8.1.11_1,2023,11,0,0
GBR.4.8.1.12_1,2023,11,0,0
GBR.4.8.1.13_1,2023,11,0,0
GBR.4.8.1.14_1,2023,11,0,0
GBR.4.8.1.15_1,2023,11,0,0
GBR.4.8.1.17_1,2023,11,0,0
GBR.4.8.1.18_1,2023,11,0,0
GBR.4.8.1.19_1,2023,11,0,0
GBR.4.8.1.2_1,2023,11,0,0
GBR.4.8.1.20_1,2023,11,0,0
GBR.4.8.1.21_1,2023,11,0,0
GBR.4.8.1.22_1,2023,11,0,0
GBR.4.8.1.23_1,2023,11,0,0
GBR.4.8.1.24_1,2023,11,0,0
GBR.4.8.1.25_1,2023,11,0,0
GBR.4.8.1.26_1,2023,11,0,0
GBR.4.8.1.27_1,2023,11,0,0
GBR.4.8.1.28_1,2023,11,0,0
GBR.4.8.1.29_1,2023,11,0,0
GBR.4.8.1.3_1,2023,11,0,0
GBR.4.8.1.30_1,2023,11,0,0
GBR.4.8.1.31_1,2023,11,0,0
GBR.4.8.1.32_1,2023,11,0,0
GBR.4.8.1.33_1,2023,11,0,0
GBR.4.8.1.35_1,2023,11,0,0
GBR.4.8.1.36_1,2023,11,0,0
GBR.4.8.1.4_1,2023,11,0,0
GBR.4.8.1.5_1,2023,11,0,0
GBR.4.8.1.6_1,2023,11,0,0
GBR.4.8.1.7_1,2023,11,0,0
GBR.4.8.1.8_1,2023,11,0,0
GBR.4.9.1.1_1,2023,11,0,0
GBR.4.9.1.10_1,2023,11,0,0
GBR.4.9.1.11_1,2023,11,0,0
GBR.4.9.1.12_1,2023,11,0,0
GBR.4.9.1.13_1,2023,11,0,0
GBR.4.9.1.14_1,2023,11,0,0
GBR.4.9.1.15_1,2023,11,0,0
GBR.4.9.1.16_1,2023,11,0,0
GBR.4.9.1.17_1,2023,11,0,0
GBR.4.9.1.18_1,2023,11,0,0
GBR.4.9.1.19_1,2023,11,0,0
GBR.4.9.1.2_1,2023,11,0,0
GBR.4.9.1.20_1,2023,11,0,0
GBR.4.9.1.21_1,2023,11,0,0
GBR.4.9.1.22_1,2023,11,0,0
GBR.4.9.1.23_1,2023,11,0,0
GBR.4.9.1.24_1,2023,11,0,0
GBR.4.9.1.25_1,2023,11,0,0
GBR.4.9.1.26_1,2023,11,0,0
GBR.4.9.1.27_1,2023,11,0,0
GBR.4.9.1.28_1,2023,11,0,0
GBR.4.9.1.29_1,2023,11,0,0
GBR.4.9.1.3_1,2023,11,0,0
GBR.4.9.1.30_1,2023,11,0,0
GBR.4.9.1.31_1,2023,11,0,0
GBR.4.9.1.4_1,2023,11,0,0
GBR.4.9.1.5_1,2023,11,0,0
GBR.4.9.1.6_1,2023,11,0,0
GBR.4.9.1.7_1,2023,11,0,0
GBR.4.9.1.8_1,2023,11,0,0
GBR.4.9.1.9_1,2023,11,0,0
GEO.10.4_1,2023,11,0,0
GRC.1.1.1_1,2023,11,0,0
GRC.1.1.4_1,2023,11,0,0
GRC.1.1.5_1,2023,11,0,0
GRC.1.1.6_1,2023,11,0,0
GRC.1.1.9_1,2023,11,0,0
GRC.1.2.1_1,2023,11,0,0
GRC.1.2.10_1,2023,11,0,0
GRC.1.2.11_1,2023,11,0,0
GRC.1.2.12_1,2023,11,0,0
GRC.1.2.13_1,2023,11,0,0
GRC.1.2.14_1,2023,11,0,0
GRC.1.2.15_1,2023,11,0,0
GRC.1.2.16_1,2023,11,0,0
GRC.1.2.17_1,2023,11,0,0
GRC.1.2.2_1,2023,11,0,0
GRC.1.2.20_1,2023,11,0,0
GRC.1.2.21_1,2023,11,0,0
GRC.1.2.22_1,2023,11,0,0
GRC.1.2.23_1,2023,11,0,0
GRC.1.2.24_1,2023,11,0,0
GRC.1.2.26_1,2023,11,0,0
GRC.1.2.27_1,2023,11,0,0
GRC.1.2.28_1,2023,11,0,0
GRC.1.2.29_1,2023,11,0,0
GRC.1.2.3_1,2023,11,0,0
GRC.1.2.30_1,2023,11,0,0
GRC.1.2.31_1,2023,11,0,0
GRC.1.2.32_1,2023,11,0,0
GRC.1.2.33_1,2023,11,0,0
GRC.1.2.34_1,2023,11,0,0
GRC.1.2.4_1,2023,11,0,0
GRC.1.2.5_1,2023,11,0,0
GRC.1.2.6_1,2023,11,0,0
GRC.1.2.8_1,2023,11,0,0
GRC.1.2.9_1,2023,11,0,0
GRC.2.1.1_1,2023,11,0,0
GRC.3.1.1_1,2023,11,0,0
GRC.3.1.10_1,2023,11,0,0
GRC.3.1.11_1,2023,11,0,0
GRC.3.1.12_1,2023,11,0,0
GRC.3.1.13_1,2023,11,0,0
GRC.3.1.14_1,2023,11,0,0
GRC.3.1.15_1,2023,11,0,0
GRC.3.1.16_1,2023,11,0,0
GRC.3.1.17_1,2023,11,0,0
GRC.3.1.18_1,2023,11,0,0
GRC.3.1.19_1,2023,11,0,0
GRC.3.1.2_1,2023,11,0,0
GRC.3.1.20_1,2023,11,0,0
GRC.3.1.21_1,2023,11,0,0
GRC.3.1.22_1,2023,11,0,0
GRC.3.1.23_1,2023,11,0,0
GRC.3.1.24_1,2023,11,0,0
GRC.3.1.25_1,2023,11,0,0
GRC.3.1.26_1,2023,11,0,0
GRC.3.1.27_1,2023,11,0,0
GRC.3.1.28_1,2023,11,0,0
GRC.3.1.29_1,2023,11,0,0
GRC.3.1.3_1,2023,11,0,0
GRC.3.1.30_1,2023,11,0,0
GRC.3.1.31_1,2023,11,0,0
GRC.3.1.32_1,2023,11,0,0
GRC.3.1.33_1,2023,11,0,0
GRC.3.1.34_1,2023,11,0,0
GRC.3.1.35_1,2023,11,0,0
GRC.3.1.36_1,2023,11,0,0
GRC.3.1.37_1,2023,11,0,0
GRC.3.1.38_1,2023,11,0,0
GRC.3.1.39_1,2023,11,0,0
GRC.3.1.4_1,2023,11,0,0
GRC.3.1.40_1,2023,11,0,0
GRC.3.1.41_1,2023,11,0,0
GRC.3.1.42_1,2023,11,0,0
GRC.3.1.43_1,2023,11,0,0
GRC.3.1.44_1,2023,11,0,0
GRC.3.1.45_1,2023,11,0,0
GRC.3.1.46_1,2023,11,0,0
GRC.3.1.47_1,2023,11,0,0
GRC.3.1.48_1,2023,11,0,0
GRC.3.1.49_1,2023,11,0,0
GRC.3.1.5_1,2023,11,0,0
GRC.3.1.50_1,2023,11,0,0
GRC.3.1.51_1,2023,11,0,0
GRC.3.1.52_1,2023,11,0,0
GRC.3.1.53_1,2023,11,0,0
GRC.3.1.54_1,2023,11,0,0
GRC.3.1.55_1,2023,11,0,0
GRC.3.1.56_1,2023,11,0,0
GRC.3.1.57_1,2023,11,0,0
GRC.3.1.58_1,2023,11,0,0
GRC.3.1.59_1,2023,11,0,0
GRC.3.1.6_1,2023,11,0,0
GRC.3.1.60_1,2023,11,0,0
GRC.3.1.61_1,2023,11,0,0
GRC.3.1.62_1,2023,11,0,0
GRC.3.1.63_1,2023,11,0,0
GRC.3.1.64_1,2023,11,0,0
GRC.3.1.65_1,2023,11,0,0
GRC.3.1.66_1,2023,11,0,0
GRC.3.1.8_1,2023,11,0,0
GRC.3.1.9_1,2023,11,0,0
GRC.4.1.1_1,2023,11,0,0
GRC.4.1.10_1,2023,11,0,0
GRC.4.1.11_1,2023,11,0,0
GRC.4.1.12_1,2023,11,0,0
GRC.4.1.13_1,2023,11,0,0
GRC.4.1.14_1,2023,11,0,0
GRC.4.1.15_1,2023,11,0,0
GRC.4.1.16_1,2023,11,0,0
GRC.4.1.17_1,2023,11,0,0
GRC.4.1.18_1,2023,11,0,0
GRC.4.1.19_1,2023,11,0,0
GRC.4.1.2_1,2023,11,0,0
GRC.4.1.20_1,2023,11,0,0
GRC.4.1.21_1,2023,11,0,0
GRC.4.1.22_1,2023,11,0,0
GRC.4.1.23_1,2023,11,0,0
GRC.4.1.24_1,2023,11,0,0
GRC.4.1.3_1,2023,11,0,0
GRC.4.1.4_1,2023,11,0,0
GRC.4.1.5_1,2023,11,0,0
GRC.4.1.6_1,2023,11,0,0
GRC.4.1.7_1,2023,11,0,0
GRC.4.1.8_1,2023,11,0,0
GRC.4.1.9_1,2023,11,0,0
GRC.5.1.1_1,2023,11,0,0
GRC.5.1.10_1,2023,11,0,0
GRC.5.1.11_1,2023,11,0,0
GRC.5.1.12_1,2023,11,0,0
GRC.5.1.13_1,2023,11,0,0
GRC.5.1.14_1,2023,11,0,0
GRC.5.1.15_1,2023,11,0,0
GRC.5.1.17_1,2023,11,0,0
GRC.5.1.18_1,2023,11,0,0
GRC.5.1.2_1,2023,11,0,0
GRC.5.1.3_1,2023,11,0,0
GRC.5.1.4_1,2023,11,0,0
GRC.5.1.5_1,2023,11,0,0
GRC.5.1.7_1,2023,11,0,0
GRC.5.1.8_1,2023,11,0,0
GRC.5.1.9_1,2023,11,0,0
GRC.5.2.1_1,2023,11,0,0
GRC.5.2.10_1,2023,11,0,0
GRC.5.2.11_1,2023,11,0,0
GRC.5.2.12_1,2023,11,0,0
GRC.5.2.2_1,2023,11,0,0
GRC.5.2.3_1,2023,11,0,0
GRC.5.2.4_1,2023,11,0,0
GRC.5.2.5_1,2023,11,0,0
GRC.5.2.6_1,2023,11,0,0
GRC.5.2.7_1,2023,11,0,0
GRC.5.2.8_1,2023,11,0,0
GRC.5.2.9_1,2023,11,0,0
GRC.6.1.1_1,2023,11,0,0
GRC.6.1.10_1,2023,11,0,0
GRC.6.1.11_1,2023,11,0,0
GRC.6.1.12_1,2023,11,0,0
GRC.6.1.13_1,2023,11,0,0
GRC.6.1.14_1,2023,11,0,0
GRC.6.1.15_1,2023,11,0,0
GRC.6.1.16_1,2023,11,0,0
GRC.6.1.17_1,2023,11,0,0
GRC.6.1.18_1,2023,11,0,0
GRC.6.1.19_1,2023,11,0,0
GRC.6.1.2_1,2023,11,0,0
GRC.6.1.20_1,2023,11,0,0
GRC.6.1.21_1,2023,11,0,0
GRC.6.1.22_1,2023,11,0,0
GRC.6.1.23_1,2023,11,0,0
GRC.6.1.24_1,2023,11,0,0
GRC.6.1.25_1,2023,11,0,0
GRC.6.1.26_1,2023,11,0,0
GRC.6.1.27_1,2023,11,0,0
GRC.6.1.28_1,2023,11,0,0
GRC.6.1.29_1,2023,11,0,0
GRC.6.1.3_1,2023,11,0,0
GRC.6.1.30_1,2023,11,0,0
GRC.6.1.31_1,2023,11,0,0
GRC.6.1.32_1,2023,11,0,0
GRC.6.1.33_1,2023,11,0,0
GRC.6.1.34_1,2023,11,0,0
GRC.6.1.35_1,2023,11,0,0
GRC.6.1.36_1,2023,11,0,0
GRC.6.1.37_1,2023,11,0,0
GRC.6.1.38_1,2023,11,0,0
GRC.6.1.4_1,2023,11,0,0
GRC.6.1.5_1,2023,11,0,0
GRC.6.1.6_1,2023,11,0,0
GRC.6.1.7_1,2023,11,0,0
GRC.6.1.8_1,2023,11,0,0
GRC.6.1.9_1,2023,11,0,0
GRC.6.2.1_1,2023,11,0,0
GRC.6.2.10_1,2023,11,0,0
GRC.6.2.11_1,2023,11,0,0
GRC.6.2.12_1,2023,11,0,0
GRC.6.2.13_1,2023,11,0,0
GRC.6.2.14_1,2023,11,0,0
GRC.6.2.15_1,2023,11,0,0
GRC.6.2.16_1,2023,11,0,0
GRC.6.2.17_1,2023,11,0,0
GRC.6.2.19_1,2023,11,0,0
GRC.6.2.2_1,2023,11,0,0
GRC.6.2.20_1,2023,11,0,0
GRC.6.2.21_1,2023,11,0,0
GRC.6.2.22_1,2023,11,0,0
GRC.6.2.3_1,2023,11,0,0
GRC.6.2.4_1,2023,11,0,0
GRC.6.2.5_1,2023,11,0,0
GRC.6.2.6_1,2023,11,0,0
GRC.6.2.7_1,2023,11,0,0
GRC.6.2.8_1,2023,11,0,0
GRC.6.2.9_1,2023,11,0,0
GRC.7.1.1_1,2023,11,0,0
GRC.7.1.2_1,2023,11,0,0
GRC.7.1.3_1,2023,11,0,0
GRC.7.1.4_1,2023,11,0,0
GRC.7.1.5_1,2023,11,0,0
GRC.7.1.7_1,2023,11,0,0
GRC.7.2.1_1,2023,11,0,0
GRC.7.2.10_1,2023,11,0,0
GRC.7.2.11_1,2023,11,0,0
GRC.7.2.12_1,2023,11,0,0
GRC.7.2.13_1,2023,11,0,0
GRC.7.2.14_1,2023,11,0,0
GRC.7.2.15_1,2023,11,0,0
GRC.7.2.16_1,2023,11,0,0
GRC.7.2.17_1,2023,11,0,0
GRC.7.2.18_1,2023,11,0,0
GRC.7.2.19_1,2023,11,0,0
GRC.7.2.2_1,2023,11,0,0
GRC.7.2.20_1,2023,11,0,0
GRC.7.2.21_1,2023,11,0,0
GRC.7.2.22_1,2023,11,0,0
GRC.7.2.23_1,2023,11,0,0
GRC.7.2.24_1,2023,11,0,0
GRC.7.2.25_1,2023,11,0,0
GRC.7.2.26_1,2023,11,0,0
GRC.7.2.3_1,2023,11,0,0
GRC.7.2.4_1,2023,11,0,0
GRC.7.2.6_1,2023,11,0,0
GRC.7.2.7_1,2023,11,0,0
GRC.7.2.8_1,2023,11,0,0
GRC.7.2.9_1,2023,11,0,0
GRC.7.3.1_1,2023,11,0,0
GRC.7.3.10_1,2023,11,0,0
GRC.7.3.11_1,2023,11,0,0
GRC.7.3.12_1,2023,11,0,0
GRC.7.3.13_1,2023,11,0,0
GRC.7.3.14_1,2023,11,0,0
GRC.7.3.15_1,2023,11,0,0
GRC.7.3.16_1,2023,11,0,0
GRC.7.3.17_1,2023,11,0,0
GRC.7.3.18_1,2023,11,0,0
GRC.7.3.19_1,2023,11,0,0
GRC.7.3.2_1,2023,11,0,0
GRC.7.3.3_1,2023,11,0,0
GRC.7.3.4_1,2023,11,0,0
GRC.7.3.5_1,2023,11,0,0
GRC.7.3.6_1,2023,11,0,0
GRC.7.3.7_1,2023,11,0,0
GRC.7.3.8_1,2023,11,0,0
GRC.7.3.9_1,2023,11,0,0
GRC.8.1.1_1,2023,11,0,0
GRC.8.1.12_1,2023,11,0,0
GRC.8.1.15_1,2023,11,0,0
GRC.8.1.16_1,2023,11,0,0
GRC.8.1.17_1,2023,11,0,0
GRC.8.1.18_1,2023,11,0,0
GRC.8.1.2_1,2023,11,0,0
GRC.8.1.20_1,2023,11,0,0
GRC.8.1.21_1,2023,11,0,0
GRC.8.1.23_1,2023,11,0,0
GRC.8.1.24_1,2023,11,0,0
GRC.8.1.25_1,2023,11,0,0
GRC.8.1.3_1,2023,11,0,0
GRC.8.1.4_1,2023,11,0,0
GRC.8.1.5_1,2023,11,0,0
GRC.8.1.7_1,2023,11,0,0
GRC.8.1.8_1,2023,11,0,0
GRC.8.1.9_1,2023,11,0,0
GRC.8.2.1_1,2023,11,0,0
GRC.8.2.10_1,2023,11,0,0
GRC.8.2.11_1,2023,11,0,0
GRC.8.2.12_1,2023,11,0,0
GRC.8.2.13_1,2023,11,0,0
GRC.8.2.14_1,2023,11,0,0
GRC.8.2.15_1,2023,11,0,0
GRC.8.2.16_1,2023,11,0,0
GRC.8.2.17_1,2023,11,0,0
GRC.8.2.18_1,2023,11,0,0
GRC.8.2.19_1,2023,11,0,0
GRC.8.2.2_1,2023,11,0,0
GRC.8.2.20_1,2023,11,0,0
GRC.8.2.21_1,2023,11,0,0
GRC.8.2.22_1,2023,11,0,0
GRC.8.2.23_1,2023,11,0,0
GRC.8.2.24_1,2023,11,0,0
GRC.8.2.25_1,2023,11,0,0
GRC.8.2.3_1,2023,11,0,0
GRC.8.2.4_1,2023,11,0,0
GRC.8.2.5_1,2023,11,0,0
GRC.8.2.6_1,2023,11,0,0
GRC.8.2.7_1,2023,11,0,0
GRC.8.2.8_1,2023,11,0,0
GRC.8.2.9_1,2023,11,0,0
HRV.1_1,2023,11,0,0
HRV.1.1_1,2023,11,0,0
HRV.1.10_1,2023,11,0,0
HRV.1.11_1,2023,11,0,0
HRV.1.12_1,2023,11,0,0
HRV.1.13_1,2023,11,0,0
HRV.1.14_1,2023,11,0,0
HRV.1.15_1,2023,11,0,0
HRV.1.16_1,2023,11,0,0
HRV.1.17_1,2023,11,0,0
HRV.1.18_1,2023,11,0,0
HRV.1.19_1,2023,11,0,0
HRV.1.2_1,2023,11,0,0
HRV.1.20_1,2023,11,0,0
HRV.1.21_1,2023,11,0,0
HRV.1.22_1,2023,11,0,0
HRV.1.23_1,2023,11,0,0
HRV.1.3_1,2023,11,0,0
HRV.1.4_1,2023,11,0,0
HRV.1.5_1,2023,11,0,0
HRV.1.6_1,2023,11,0,0
HRV.1.7_1,2023,11,0,0
HRV.1.8_1,2023,11,0,0
HRV.1.9_1,2023,11,0,0
HRV.10_1,2023,11,0,0
HRV.10.1_1,2023,11,0,0
HRV.10.10_1,2023,11,0,0
HRV.10.11_1,2023,11,0,0
HRV.10.12_1,2023,11,0,0
HRV.10.13_1,2023,11,0,0
HRV.10.14_1,2023,11,0,0
HRV.10.15_1,2023,11,0,0
HRV.10.16_1,2023,11,0,0
HRV.10.17_1,2023,11,0,0
HRV.10.18_1,2023,11,0,0
HRV.10.19_1,2023,11,0,0
HRV.10.2_1,2023,11,0,0
HRV.10.20_1,2023,11,0,0
HRV.10.21_1,2023,11,0,0
HRV.10.22_1,2023,11,0,0
HRV.10.23_1,2023,11,0,0
HRV.10.24_1,2023,11,0,0
HRV.10.25_1,2023,11,0,0
HRV.10.4_1,2023,11,0,0
HRV.10.5_1,2023,11,0,0
HRV.10.6_1,2023,11,0,0
HRV.10.7_1,2023,11,0,0
HRV.10.8_1,2023,11,0,0
HRV.10.9_1,2023,11,0,0
HRV.11.1_1,2023,11,0,0
HRV.11.10_1,2023,11,0,0
HRV.11.11_1,2023,11,0,0
HRV.11.12_1,2023,11,0,0
HRV.11.13_1,2023,11,0,0
HRV.11.14_1,2023,11,0,0
HRV.11.15_1,2023,11,0,0
HRV.11.16_1,2023,11,0,0
HRV.11.17_1,2023,11,0,0
HRV.11.18_1,2023,11,0,0
HRV.11.19_1,2023,11,0,0
HRV.11.2_1,2023,11,0,0
HRV.11.20_1,2023,11,0,0
HRV.11.21_1,2023,11,0,0
HRV.11.22_1,2023,11,0,0
HRV.11.23_1,2023,11,0,0
HRV.11.24_1,2023,11,0,0
HRV.11.25_1,2023,11,0,0
HRV.11.26_1,2023,11,0,0
HRV.11.27_1,2023,11,0,0
HRV.11.28_1,2023,11,0,0
HRV.11.29_1,2023,11,0,0
HRV.11.3_1,2023,11,0,0
HRV.11.30_1,2023,11,0,0
HRV.11.31_1,2023,11,0,0
HRV.11.32_1,2023,11,0,0
HRV.11.33_1,2023,11,0,0
HRV.11.34_1,2023,11,0,0
HRV.11.35_1,2023,11,0,0
HRV.11.36_1,2023,11,0,0
HRV.11.37_1,2023,11,0,0
HRV.11.38_1,2023,11,0,0
HRV.11.39_1,2023,11,0,0
HRV.11.4_1,2023,11,0,0
HRV.11.40_1,2023,11,0,0
HRV.11.41_1,2023,11,0,0
HRV.11.42_1,2023,11,0,0
HRV.11.43_1,2023,11,0,0
HRV.11.44_1,2023,11,0,0
HRV.11.45_1,2023,11,0,0
HRV.11.5_1,2023,11,0,0
HRV.11.6_1,2023,11,0,0
HRV.11.7_1,2023,11,0,0
HRV.11.8_1,2023,11,0,0
HRV.11.9_1,2023,11,0,0
HRV.12.1_1,2023,11,0,0
HRV.12.10_1,2023,11,0,0
HRV.12.2_1,2023,11,0,0
HRV.12.3_1,2023,11,0,0
HRV.12.4_1,2023,11,0,0
HRV.12.5_1,2023,11,0,0
HRV.12.6_1,2023,11,0,0
HRV.12.7_1,2023,11,0,0
HRV.12.8_1,2023,11,0,0
HRV.12.9_1,2023,11,0,0
HRV.13.1_1,2023,11,0,0
HRV.13.10_1,2023,11,0,0
HRV.13.11_1,2023,11,0,0
HRV.13.12_1,2023,11,0,0
HRV.13.13_1,2023,11,0,0
HRV.13.14_1,2023,11,0,0
HRV.13.15_1,2023,11,0,0
HRV.13.16_1,2023,11,0,0
HRV.13.17_1,2023,11,0,0
HRV.13.18_1,2023,11,0,0
HRV.13.2_1,2023,11,0,0
HRV.13.20_1,2023,11,0,0
HRV.13.21_1,2023,11,0,0
HRV.13.23_1,2023,11,0,0
HRV.13.24_1,2023,11,0,0
HRV.13.25_1,2023,11,0,0
HRV.13.26_1,2023,11,0,0
HRV.13.27_1,2023,11,0,0
HRV.13.29_1,2023,11,0,0
HRV.13.3_1,2023,11,0,0
HRV.13.30_1,2023,11,0,0
HRV.13.31_1,2023,11,0,0
HRV.13.32_1,2023,11,0,0
HRV.13.33_1,2023,11,0,0
HRV.13.34_1,2023,11,0,0
HRV.13.35_1,2023,11,0,0
HRV.13.39_1,2023,11,0,0
HRV.13.4_1,2023,11,0,0
HRV.13.40_1,2023,11,0,0
HRV.13.41_1,2023,11,0,0
HRV.13.42_1,2023,11,0,0
HRV.13.5_1,2023,11,0,0
HRV.13.6_1,2023,11,0,0
HRV.13.7_1,2023,11,0,0
HRV.13.8_1,2023,11,0,0
HRV.13.9_1,2023,11,0,0
HRV.14.1_1,2023,11,0,0
HRV.14.10_1,2023,11,0,0
HRV.14.11_1,2023,11,0,0
HRV.14.12_1,2023,11,0,0
HRV.14.13_1,2023,11,0,0
HRV.14.14_1,2023,11,0,0
HRV.14.15_1,2023,11,0,0
HRV.14.16_1,2023,11,0,0
HRV.14.17_1,2023,11,0,0
HRV.14.18_1,2023,11,0,0
HRV.14.19_1,2023,11,0,0
HRV.14.2_1,2023,11,0,0
HRV.14.3_1,2023,11,0,0
HRV.14.4_1,2023,11,0,0
HRV.14.5_1,2023,11,0,0
HRV.14.6_1,2023,11,0,0
HRV.14.7_1,2023,11,0,0
HRV.14.8_1,2023,11,0,0
HRV.14.9_1,2023,11,0,0
HRV.15.1_1,2023,11,0,0
HRV.15.10_1,2023,11,0,0
HRV.15.11_1,2023,11,0,0
HRV.15.12_1,2023,11,0,0
HRV.15.13_1,2023,11,0,0
HRV.15.14_1,2023,11,0,0
HRV.15.15_1,2023,11,0,0
HRV.15.16_1,2023,11,0,0
HRV.15.17_1,2023,11,0,0
HRV.15.18_1,2023,11,0,0
HRV.15.19_1,2023,11,0,0
HRV.15.2_1,2023,11,0,0
HRV.15.3_1,2023,11,0,0
HRV.15.4_1,2023,11,0,0
HRV.15.5_1,2023,11,0,0
HRV.15.6_1,2023,11,0,0
HRV.15.7_1,2023,11,0,0
HRV.15.8_1,2023,11,0,0
HRV.15.9_1,2023,11,0,0
HRV.16_1,2023,11,0,0
HRV.16.1_1,2023,11,0,0
HRV.16.10_1,2023,11,0,0
HRV.16.11_1,2023,11,0,0
HRV.16.12_1,2023,11,0,0
HRV.16.13_1,2023,11,0,0
HRV.16.14_1,2023,11,0,0
HRV.16.15_1,2023,11,0,0
HRV.16.16_1,2023,11,0,0
HRV.16.17_1,2023,11,0,0
HRV.16.18_1,2023,11,0,0
HRV.16.19_1,2023,11,0,0
HRV.16.2_1,2023,11,0,0
HRV.16.20_1,2023,11,0,0
HRV.16.21_1,2023,11,0,0
HRV.16.23_1,2023,11,0,0
HRV.16.24_1,2023,11,0,0
HRV.16.25_1,2023,11,0,0
HRV.16.26_1,2023,11,0,0
HRV.16.27_1,2023,11,0,0
HRV.16.28_1,2023,11,0,0
HRV.16.29_1,2023,11,0,0
HRV.16.30_1,2023,11,0,0
HRV.16.31_1,2023,11,0,0
HRV.16.32_1,2023,11,0,0
HRV.16.33_1,2023,11,0,0
HRV.16.34_1,2023,11,0,0
HRV.16.35_1,2023,11,0,0
HRV.16.36_1,2023,11,0,0
HRV.16.37_1,2023,11,0,0
HRV.16.38_1,2023,11,0,0
HRV.16.39_1,2023,11,0,0
HRV.16.4_1,2023,11,0,0
HRV.16.40_1,2023,11,0,0
HRV.16.41_1,2023,11,0,0
HRV.16.42_1,2023,11,0,0
HRV.16.43_1,2023,11,0,0
HRV.16.44_1,2023,11,0,0
HRV.16.45_1,2023,11,0,0
HRV.16.46_1,2023,11,0,0
HRV.16.48_1,2023,11,0,0
HRV.16.49_1,2023,11,0,0
HRV.16.5_1,2023,11,0,0
HRV.16.50_1,2023,11,0,0
HRV.16.51_1,2023,11,0,0
HRV.16.52_1,2023,11,0,0
HRV.16.53_1,2023,11,0,0
HRV.16.54_1,2023,11,0,0
HRV.16.55_1,2023,11,0,0
HRV.16.56_1,2023,11,0,0
HRV.16.6_1,2023,11,0,0
HRV.16.7_1,2023,11,0,0
HRV.16.8_1,2023,11,0,0
HRV.16.9_1,2023,11,0,0
HRV.17.1_1,2023,11,0,0
HRV.17.10_1,2023,11,0,0
HRV.17.11_1,2023,11,0,0
HRV.17.12_1,2023,11,0,0
HRV.17.13_1,2023,11,0,0
HRV.17.14_1,2023,11,0,0
HRV.17.15_1,2023,11,0,0
HRV.17.16_1,2023,11,0,0
HRV.17.17_1,2023,11,0,0
HRV.17.18_1,2023,11,0,0
HRV.17.19_1,2023,11,0,0
HRV.17.2_1,2023,11,0,0
HRV.17.20_1,2023,11,0,0
HRV.17.21_1,2023,11,0,0
HRV.17.22_1,2023,11,0,0
HRV.17.23_1,2023,11,0,0
HRV.17.24_1,2023,11,0,0
HRV.17.25_1,2023,11,0,0
HRV.17.26_1,2023,11,0,0
HRV.17.27_1,2023,11,0,0
HRV.17.28_1,2023,11,0,0
HRV.17.3_1,2023,11,0,0
HRV.17.4_1,2023,11,0,0
HRV.17.5_1,2023,11,0,0
HRV.17.6_1,2023,11,0,0
HRV.17.7_1,2023,11,0,0
HRV.17.8_1,2023,11,0,0
HRV.17.9_1,2023,11,0,0
HRV.18.1_1,2023,11,0,0
HRV.18.10_1,2023,11,0,0
HRV.18.11_1,2023,11,0,0
HRV.18.12_1,2023,11,0,0
HRV.18.13_1,2023,11,0,0
HRV.18.14_1,2023,11,0,0
HRV.18.15_1,2023,11,0,0
HRV.18.16_1,2023,11,0,0
HRV.18.2_1,2023,11,0,0
HRV.18.3_1,2023,11,0,0
HRV.18.4_1,2023,11,0,0
HRV.18.5_1,2023,11,0,0
HRV.18.6_1,2023,11,0,0
HRV.18.7_1,2023,11,0,0
HRV.18.8_1,2023,11,0,0
HRV.18.9_1,2023,11,0,0
HRV.19.1_1,2023,11,0,0
HRV.19.10_1,2023,11,0,0
HRV.19.11_1,2023,11,0,0
HRV.19.12_1,2023,11,0,0
HRV.19.13_1,2023,11,0,0
HRV.19.14_1,2023,11,0,0
HRV.19.15_1,2023,11,0,0
HRV.19.16_1,2023,11,0,0
HRV.19.17_1,2023,11,0,0
HRV.19.18_1,2023,11,0,0
HRV.19.19_1,2023,11,0,0
HRV.19.2_1,2023,11,0,0
HRV.19.20_1,2023,11,0,0
HRV.19.21_1,2023,11,0,0
HRV.19.22_1,2023,11,0,0
HRV.19.23_1,2023,11,0,0
HRV.19.24_1,2023,11,0,0
HRV.19.25_1,2023,11,0,0
HRV.19.26_1,2023,11,0,0
HRV.19.27_1,2023,11,0,0
HRV.19.28_1,2023,11,0,0
HRV.19.29_1,2023,11,0,0
HRV.19.3_1,2023,11,0,0
HRV.19.30_1,2023,11,0,0
HRV.19.4_1,2023,11,0,0
HRV.19.5_1,2023,11,0,0
HRV.19.6_1,2023,11,0,0
HRV.19.7_1,2023,11,0,0
HRV.19.8_1,2023,11,0,0
HRV.19.9_1,2023,11,0,0
HRV.2.1_1,2023,11,0,0
HRV.2.10_1,2023,11,0,0
HRV.2.11_1,2023,11,0,0
HRV.2.12_1,2023,11,0,0
HRV.2.13_1,2023,11,0,0
HRV.2.14_1,2023,11,0,0
HRV.2.15_1,2023,11,0,0
HRV.2.16_1,2023,11,0,0
HRV.2.17_1,2023,11,0,0
HRV.2.18_1,2023,11,0,0
HRV.2.19_1,2023,11,0,0
HRV.2.2_1,2023,11,0,0
HRV.2.20_1,2023,11,0,0
HRV.2.21_1,2023,11,0,0
HRV.2.22_1,2023,11,0,0
HRV.2.23_1,2023,11,0,0
HRV.2.24_1,2023,11,0,0
HRV.2.25_1,2023,11,0,0
HRV.2.26_1,2023,11,0,0
HRV.2.27_1,2023,11,0,0
HRV.2.28_1,2023,11,0,0
HRV.2.3_1,2023,11,0,0
HRV.2.4_1,2023,11,0,0
HRV.2.5_1,2023,11,0,0
HRV.2.6_1,2023,11,0,0
HRV.2.7_1,2023,11,0,0
HRV.2.8_1,2023,11,0,0
HRV.2.9_1,2023,11,0,0
HRV.20.1_1,2023,11,0,0
HRV.20.10_1,2023,11,0,0
HRV.20.11_1,2023,11,0,0
HRV.20.12_1,2023,11,0,0
HRV.20.13_1,2023,11,0,0
HRV.20.14_1,2023,11,0,0
HRV.20.15_1,2023,11,0,0
HRV.20.16_1,2023,11,0,0
HRV.20.17_1,2023,11,0,0
HRV.20.18_1,2023,11,0,0
HRV.20.19_1,2023,11,0,0
HRV.20.2_1,2023,11,0,0
HRV.20.22_1,2023,11,0,0
HRV.20.23_1,2023,11,0,0
HRV.20.24_1,2023,11,0,0
HRV.20.25_1,2023,11,0,0
HRV.20.26_1,2023,11,0,0
HRV.20.27_1,2023,11,0,0
HRV.20.28_1,2023,11,0,0
HRV.20.29_1,2023,11,0,0
HRV.20.3_1,2023,11,0,0
HRV.20.31_1,2023,11,0,0
HRV.20.32_1,2023,11,0,0
HRV.20.4_1,2023,11,0,0
HRV.20.5_1,2023,11,0,0
HRV.20.6_1,2023,11,0,0
HRV.20.9_1,2023,11,0,0
HRV.21.1_1,2023,11,0,0
HRV.21.10_1,2023,11,0,0
HRV.21.11_1,2023,11,0,0
HRV.21.12_1,2023,11,0,0
HRV.21.13_1,2023,11,0,0
HRV.21.14_1,2023,11,0,0
HRV.21.15_1,2023,11,0,0
HRV.21.16_1,2023,11,0,0
HRV.21.17_1,2023,11,0,0
HRV.21.18_1,2023,11,0,0
HRV.21.19_1,2023,11,0,0
HRV.21.2_1,2023,11,0,0
HRV.21.20_1,2023,11,0,0
HRV.21.21_1,2023,11,0,0
HRV.21.22_1,2023,11,0,0
HRV.21.23_1,2023,11,0,0
HRV.21.24_1,2023,11,0,0
HRV.21.25_1,2023,11,0,0
HRV.21.26_1,2023,11,0,0
HRV.21.27_1,2023,11,0,0
HRV.21.28_1,2023,11,0,0
HRV.21.3_1,2023,11,0,0
HRV.21.4_1,2023,11,0,0
HRV.21.5_1,2023,11,0,0
HRV.21.6_1,2023,11,0,0
HRV.21.7_1,2023,11,0,0
HRV.21.8_1,2023,11,0,0
HRV.21.9_1,2023,11,0,0
HRV.3.1_1,2023,11,0,0
HRV.3.10_1,2023,11,0,0
HRV.3.12_1,2023,11,0,0
HRV.3.13_1,2023,11,0,0
HRV.3.14_1,2023,11,0,0
HRV.3.15_1,2023,11,0,0
HRV.3.16_1,2023,11,0,0
HRV.3.17_1,2023,11,0,0
HRV.3.18_1,2023,11,0,0
HRV.3.19_1,2023,11,0,0
HRV.3.2_1,2023,11,0,0
HRV.3.20_1,2023,11,0,0
HRV.3.21_1,2023,11,0,0
HRV.3.22_1,2023,11,0,0
HRV.3.3_1,2023,11,0,0
HRV.3.4_1,2023,11,0,0
HRV.3.5_1,2023,11,0,0
HRV.3.6_1,2023,11,0,0
HRV.3.7_1,2023,11,0,0
HRV.3.9_1,2023,11,0,0
HRV.4.1_1,2023,11,0,0
HRV.4.2_1,2023,11,0,0
HRV.4.3_1,2023,11,0,0
HRV.4.4_1,2023,11,0,0
HRV.4.5_1,2023,11,0,0
HRV.4.6_1,2023,11,0,0
HRV.4.7_1,2023,11,0,0
HRV.5.1_1,2023,11,0,0
HRV.5.10_1,2023,11,0,0
HRV.5.11_1,2023,11,0,0
HRV.5.12_1,2023,11,0,0
HRV.5.13_1,2023,11,0,0
HRV.5.14_1,2023,11,0,0
HRV.5.15_1,2023,11,0,0
HRV.5.16_1,2023,11,0,0
HRV.5.17_1,2023,11,0,0
HRV.5.18_1,2023,11,0,0
HRV.5.19_1,2023,11,0,0
HRV.5.2_1,2023,11,0,0
HRV.5.20_1,2023,11,0,0
HRV.5.21_1,2023,11,0,0
HRV.5.22_1,2023,11,0,0
HRV.5.23_1,2023,11,0,0
HRV.5.24_1,2023,11,0,0
HRV.5.25_1,2023,11,0,0
HRV.5.27_1,2023,11,0,0
HRV.5.28_1,2023,11,0,0
HRV.5.29_1,2023,11,0,0
HRV.5.3_1,2023,11,0,0
HRV.5.30_1,2023,11,0,0
HRV.5.31_1,2023,11,0,0
HRV.5.32_1,2023,11,0,0
HRV.5.33_1,2023,11,0,0
HRV.5.34_1,2023,11,0,0
HRV.5.35_1,2023,11,0,0
HRV.5.36_1,2023,11,0,0
HRV.5.37_1,2023,11,0,0
HRV.5.38_1,2023,11,0,0
HRV.5.39_1,2023,11,0,0
HRV.5.4_1,2023,11,0,0
HRV.5.40_1,2023,11,0,0
HRV.5.5_1,2023,11,0,0
HRV.5.6_1,2023,11,0,0
HRV.5.7_1,2023,11,0,0
HRV.5.8_1,2023,11,0,0
HRV.5.9_1,2023,11,0,0
HRV.6.1_1,2023,11,0,0
HRV.6.10_1,2023,11,0,0
HRV.6.11_1,2023,11,0,0
HRV.6.12_1,2023,11,0,0
HRV.6.13_1,2023,11,0,0
HRV.6.14_1,2023,11,0,0
HRV.6.15_1,2023,11,0,0
HRV.6.16_1,2023,11,0,0
HRV.6.17_1,2023,11,0,0
HRV.6.18_1,2023,11,0,0
HRV.6.19_1,2023,11,0,0
HRV.6.2_1,2023,11,0,0
HRV.6.20_1,2023,11,0,0
HRV.6.21_1,2023,11,0,0
HRV.6.3_1,2023,11,0,0
HRV.6.4_1,2023,11,0,0
HRV.6.5_1,2023,11,0,0
HRV.6.6_1,2023,11,0,0
HRV.6.7_1,2023,11,0,0
HRV.6.8_1,2023,11,0,0
HRV.6.9_1,2023,11,0,0
HRV.7.1_1,2023,11,0,0
HRV.7.10_1,2023,11,0,0
HRV.7.11_1,2023,11,0,0
HRV.7.12_1,2023,11,0,0
HRV.7.13_1,2023,11,0,0
HRV.7.14_1,2023,11,0,0
HRV.7.15_1,2023,11,0,0
HRV.7.16_1,2023,11,0,0
HRV.7.17_1,2023,11,0,0
HRV.7.18_1,2023,11,0,0
HRV.7.19_1,2023,11,0,0
HRV.7.2_1,2023,11,0,0
HRV.7.20_1,2023,11,0,0
HRV.7.21_1,2023,11,0,0
HRV.7.22_1,2023,11,0,0
HRV.7.23_1,2023,11,0,0
HRV.7.24_1,2023,11,0,0
HRV.7.25_1,2023,11,0,0
HRV.7.3_1,2023,11,0,0
HRV.7.4_1,2023,11,0,0
HRV.7.5_1,2023,11,0,0
HRV.7.6_1,2023,11,0,0
HRV.7.7_1,2023,11,0,0
HRV.7.8_1,2023,11,0,0
HRV.7.9_1,2023,11,0,0
HRV.8.1_1,2023,11,0,0
HRV.8.10_1,2023,11,0,0
HRV.8.11_1,2023,11,0,0
HRV.8.12_1,2023,11,0,0
HRV.8.13_1,2023,11,0,0
HRV.8.14_1,2023,11,0,0
HRV.8.15_1,2023,11,0,0
HRV.8.16_1,2023,11,0,0
HRV.8.17_1,2023,11,0,0
HRV.8.18_1,2023,11,0,0
HRV.8.19_1,2023,11,0,0
HRV.8.2_1,2023,11,0,0
HRV.8.20_1,2023,11,0,0
HRV.8.21_1,2023,11,0,0
HRV.8.22_1,2023,11,0,0
HRV.8.23_1,2023,11,0,0
HRV.8.24_1,2023,11,0,0
HRV.8.25_1,2023,11,0,0
HRV.8.26_1,2023,11,0,0
HRV.8.27_1,2023,11,0,0
HRV.8.28_1,2023,11,0,0
HRV.8.29_1,2023,11,0,0
HRV.8.3_1,2023,11,0,0
HRV.8.30_1,2023,11,0,0
HRV.8.31_1,2023,11,0,0
HRV.8.32_1,2023,11,0,0
HRV.8.4_1,2023,11,0,0
HRV.8.5_1,2023,11,0,0
HRV.8.6_1,2023,11,0,0
HRV.8.7_1,2023,11,0,0
HRV.8.8_1,2023,11,0,0
HRV.8.9_1,2023,11,0,0
HRV.9.1_1,2023,11,0,0
HRV.9.10_1,2023,11,0,0
HRV.9.11_1,2023,11,0,0
HRV.9.12_1,2023,11,0,0
HRV.9.2_1,2023,11,0,0
HRV.9.3_1,2023,11,0,0
HRV.9.4_1,2023,11,0,0
HRV.9.5_1,2023,11,0,0
HRV.9.6_1,2023,11,0,0
HRV.9.7_1,2023,11,0,0
HRV.9.8_1,2023,11,0,0
HRV.9.9_1,2023,11,0,0
HUN.1.1_1,2023,11,0,0
HUN.1.10_1,2023,11,0,0
HUN.1.2_1,2023,11,0,0
HUN.1.3_1,2023,11,0,0
HUN.1.4_1,2023,11,0,0
HUN.1.5_1,2023,11,0,0
HUN.1.6_1,2023,11,0,0
HUN.1.7_1,2023,11,0,0
HUN.1.8_1,2023,11,0,0
HUN.1.9_1,2023,11,0,0
HUN.11.3_1,2023,11,0,0
HUN.12.2_1,2023,11,0,0
HUN.12.3_1,2023,11,0,0
HUN.12.4_1,2023,11,0,0
HUN.12.6_1,2023,11,0,0
HUN.13.1_1,2023,11,0,0
HUN.13.5_1,2023,11,0,0
HUN.13.6_1,2023,11,0,0
HUN.14.11_1,2023,11,0,0
HUN.14.13_1,2023,11,0,0
HUN.14.2_1,2023,11,0,0
HUN.14.3_1,2023,11,0,0
HUN.14.7_1,2023,11,0,0
HUN.15.1_1,2023,11,0,0
HUN.15.10_1,2023,11,0,0
HUN.15.2_1,2023,11,0,0
HUN.15.3_1,2023,11,0,0
HUN.15.4_1,2023,11,0,0
HUN.15.5_1,2023,11,0,0
HUN.15.6_1,2023,11,0,0
HUN.15.7_1,2023,11,0,0
HUN.15.8_1,2023,11,0,0
HUN.15.9_1,2023,11,0,0
HUN.16.5_1,2023,11,0,0
HUN.16.8_1,2023,11,0,0
HUN.17.1_1,2023,11,0,0
HUN.17.2_1,2023,11,0,0
HUN.17.3_1,2023,11,0,0
HUN.17.4_1,2023,11,0,0
HUN.17.5_1,2023,11,0,0
HUN.18.1_1,2023,11,0,0
HUN.18.2_1,2023,11,0,0
HUN.18.3_1,2023,11,0,0
HUN.18.4_1,2023,11,0,0
HUN.18.5_1,2023,11,0,0
HUN.18.6_1,2023,11,0,0
HUN.18.7_1,2023,11,0,0
HUN.18.8_1,2023,11,0,0
HUN.18.9_1,2023,11,0,0
HUN.19.1_1,2023,11,0,0
HUN.19.2_1,2023,11,0,0
HUN.19.3_1,2023,11,0,0
HUN.19.4_1,2023,11,0,0
HUN.19.5_1,2023,11,0,0
HUN.19.6_1,2023,11,0,0
HUN.2.1_1,2023,11,0,0
HUN.2.2_1,2023,11,0,0
HUN.2.3_1,2023,11,0,0
HUN.2.4_1,2023,11,0,0
HUN.2.5_1,2023,11,0,0
HUN.2.6_1,2023,11,0,0
HUN.2.7_1,2023,11,0,0
HUN.2.8_1,2023,11,0,0
HUN.2.9_1,2023,11,0,0
HUN.20.1_1,2023,11,0,0
HUN.20.2_1,2023,11,0,0
HUN.20.3_1,2023,11,0,0
HUN.20.4_1,2023,11,0,0
HUN.20.5_1,2023,11,0,0
HUN.20.6_1,2023,11,0,0
HUN.3.3_1,2023,11,0,0
HUN.3.6_1,2023,11,0,0
HUN.4.1_1,2023,11,0,0
HUN.4.11_1,2023,11,0,0
HUN.4.2_1,2023,11,0,0
HUN.4.3_1,2023,11,0,0
HUN.4.4_1,2023,11,0,0
HUN.4.5_1,2023,11,0,0
HUN.4.9_1,2023,11,0,0
HUN.6.1_1,2023,11,0,0
HUN.6.3_1,2023,11,0,0
HUN.6.5_1,2023,11,0,0
HUN.6.6_1,2023,11,0,0
HUN.7.4_1,2023,11,0,0
HUN.7.5_1,2023,11,0,0
HUN.7.9_1,2023,11,0,0
HUN.8.1_1,2023,11,0,0
HUN.8.2_1,2023,11,0,0
HUN.8.3_1,2023,11,0,0
HUN.8.4_1,2023,11,0,0
HUN.8.5_1,2023,11,0,0
HUN.8.6_1,2023,11,0,0
HUN.8.7_1,2023,11,0,0
HUN.9.2_1,2023,11,0,0
HUN.9.4_1,2023,11,0,0
HUN.9.6_1,2023,11,0,0
IMN.1_2,2023,11,0,0
IMN.10_2,2023,11,0,0
IMN.11_2,2023,11,0,0
IMN.12_2,2023,11,0,0
IMN.13_2,2023,11,0,0
IMN.14_2,2023,11,0,0
IMN.15_2,2023,11,0,0
IMN.16_2,2023,11,0,0
IMN.2_2,2023,11,0,0
IMN.21_2,2023,11,0,0
IMN.3_2,2023,11,0,0
IMN.4_2,2023,11,0,0
IMN.5_2,2023,11,0,0
IMN.7_2,2023,11,0,0
IMN.8_2,2023,11,0,0
IMN.9_2,2023,11,0,0
IRL.12.1_1,2023,11,0,0
IRL.12.2_1,2023,11,0,0
IRL.12.3_1,2023,11,0,0
IRL.13.2_1,2023,11,0,0
IRL.13.4_1,2023,11,0,0
IRL.14.1_1,2023,11,0,0
IRL.14.3_1,2023,11,0,0
IRL.15.3_1,2023,11,0,0
IRL.16.1_1,2023,11,0,0
IRL.16.2_1,2023,11,0,0
IRL.16.3_1,2023,11,0,0
IRL.16.4_1,2023,11,0,0
IRL.17.1_1,2023,11,0,0
IRL.17.5_1,2023,11,0,0
IRL.18.1_1,2023,11,0,0
IRL.18.2_1,2023,11,0,0
IRL.18.3_1,2023,11,0,0
IRL.19.1_1,2023,11,0,0
IRL.2.3_1,2023,11,0,0
IRL.20.1_1,2023,11,0,0
IRL.20.2_1,2023,11,0,0
IRL.20.3_1,2023,11,0,0
IRL.21.1_1,2023,11,0,0
IRL.22.3_1,2023,11,0,0
IRL.22.5_1,2023,11,0,0
IRL.23.2_1,2023,11,0,0
IRL.24.1_1,2023,11,0,0
IRL.26.2_1,2023,11,0,0
IRL.26.3_1,2023,11,0,0
IRL.3.2_1,2023,11,0,0
IRL.3.4_1,2023,11,0,0
IRL.4.1_1,2023,11,0,0
IRL.4.2_1,2023,11,0,0
IRL.4.3_1,2023,11,0,0
IRL.4.4_1,2023,11,0,0
IRL.4.5_1,2023,11,0,0
IRL.4.6_1,2023,11,0,0
IRL.4.7_1,2023,11,0,0
IRL.4.8_1,2023,11,0,0
IRL.4.9_1,2023,11,0,0
IRL.5.1_1,2023,11,0,0
IRL.5.3_1,2023,11,0,0
IRL.5.5_1,2023,11,0,0
IRL.6.1_1,2023,11,0,0
IRL.6.2_1,2023,11,0,0
IRL.6.3_1,2023,11,0,0
IRL.6.4_1,2023,11,0,0
IRL.7.1_1,2023,11,0,0
IRL.7.2_1,2023,11,0,0
IRL.7.3_1,2023,11,0,0
IRL.7.4_1,2023,11,0,0
IRL.7.5_1,2023,11,0,0
IRL.7.6_1,2023,11,0,0
IRL.8.1_1,2023,11,0,0
IRL.8.2_1,2023,11,0,0
IRL.8.3_1,2023,11,0,0
IRL.8.4_1,2023,11,0,0
IRL.8.5_1,2023,11,0,0
IRL.9.2_1,2023,11,0,0
IRL.9.5_1,2023,11,0,0
ITA.1.1.1_1,2023,11,0,0
ITA.1.1.10_1,2023,11,0,0
ITA.1.1.100_1,2023,11,0,0
ITA.1.1.101_1,2023,11,0,0
ITA.1.1.102_1,2023,11,0,0
ITA.1.1.103_1,2023,11,0,0
ITA.1.1.104_1,2023,11,0,0
ITA.1.1.11_1,2023,11,0,0
ITA.1.1.12_1,2023,11,0,0
ITA.1.1.13_1,2023,11,0,0
ITA.1.1.14_1,2023,11,0,0
ITA.1.1.15_1,2023,11,0,0
ITA.1.1.16_1,2023,11,0,0
ITA.1.1.17_1,2023,11,0,0
ITA.1.1.18_1,2023,11,0,0
ITA.1.1.19_1,2023,11,0,0
ITA.1.1.2_1,2023,11,0,0
ITA.1.1.20_1,2023,11,0,0
ITA.1.1.21_1,2023,11,0,0
ITA.1.1.22_1,2023,11,0,0
ITA.1.1.23_1,2023,11,0,0
ITA.1.1.24_1,2023,11,0,0
ITA.1.1.25_1,2023,11,0,0
ITA.1.1.26_1,2023,11,0,0
ITA.1.1.27_1,2023,11,0,0
ITA.1.1.28_1,2023,11,0,0
ITA.1.1.29_1,2023,11,0,0
ITA.1.1.3_1,2023,11,0,0
ITA.1.1.30_1,2023,11,0,0
ITA.1.1.31_1,2023,11,0,0
ITA.1.1.32_1,2023,11,0,0
ITA.1.1.33_1,2023,11,0,0
ITA.1.1.34_1,2023,11,0,0
ITA.1.1.35_1,2023,11,0,0
ITA.1.1.36_1,2023,11,0,0
ITA.1.1.37_1,2023,11,0,0
ITA.1.1.38_1,2023,11,0,0
ITA.1.1.39_1,2023,11,0,0
ITA.1.1.4_1,2023,11,0,0
ITA.1.1.40_1,2023,11,0,0
ITA.1.1.41_1,2023,11,0,0
ITA.1.1.42_1,2023,11,0,0
ITA.1.1.43_1,2023,11,0,0
ITA.1.1.44_1,2023,11,0,0
ITA.1.1.45_1,2023,11,0,0
ITA.1.1.46_1,2023,11,0,0
ITA.1.1.47_1,2023,11,0,0
ITA.1.1.48_1,2023,11,0,0
ITA.1.1.49_1,2023,11,0,0
ITA.1.1.5_1,2023,11,0,0
ITA.1.1.50_1,2023,11,0,0
ITA.1.1.51_1,2023,11,0,0
ITA.1.1.52_1,2023,11,0,0
ITA.1.1.53_1,2023,11,0,0
ITA.1.1.54_1,2023,11,0,0
ITA.1.1.55_1,2023,11,0,0
ITA.1.1.56_1,2023,11,0,0
ITA.1.1.57_1,2023,11,0,0
ITA.1.1.58_1,2023,11,0,0
ITA.1.1.59_1,2023,11,0,0
ITA.1.1.6_1,2023,11,0,0
ITA.1.1.60_1,2023,11,0,0
ITA.1.1.61_1,2023,11,0,0
ITA.1.1.62_1,2023,11,0,0
ITA.1.1.63_1,2023,11,0,0
ITA.1.1.64_1,2023,11,0,0
ITA.1.1.65_1,2023,11,0,0
ITA.1.1.66_1,2023,11,0,0
ITA.1.1.67_1,2023,11,0,0
ITA.1.1.68_1,2023,11,0,0
ITA.1.1.69_1,2023,11,0,0
ITA.1.1.7_1,2023,11,0,0
ITA.1.1.70_1,2023,11,0,0
ITA.1.1.71_1,2023,11,0,0
ITA.1.1.72_1,2023,11,0,0
ITA.1.1.73_1,2023,11,0,0
ITA.1.1.74_1,2023,11,0,0
ITA.1.1.75_1,2023,11,0,0
ITA.1.1.76_1,2023,11,0,0
ITA.1.1.77_1,2023,11,0,0
ITA.1.1.78_1,2023,11,0,0
ITA.1.1.79_1,2023,11,0,0
ITA.1.1.8_1,2023,11,0,0
ITA.1.1.80_1,2023,11,0,0
ITA.1.1.81_1,2023,11,0,0
ITA.1.1.82_1,2023,11,0,0
ITA.1.1.83_1,2023,11,0,0
ITA.1.1.84_1,2023,11,0,0
ITA.1.1.85_1,2023,11,0,0
ITA.1.1.86_1,2023,11,0,0
ITA.1.1.87_1,2023,11,0,0
ITA.1.1.88_1,2023,11,0,0
ITA.1.1.89_1,2023,11,0,0
ITA.1.1.9_1,2023,11,0,0
ITA.1.1.90_1,2023,11,0,0
ITA.1.1.91_1,2023,11,0,0
ITA.1.1.92_1,2023,11,0,0
ITA.1.1.93_1,2023,11,0,0
ITA.1.1.94_1,2023,11,0,0
ITA.1.1.95_1,2023,11,0,0
ITA.1.1.96_1,2023,11,0,0
ITA.1.1.97_1,2023,11,0,0
ITA.1.1.98_1,2023,11,0,0
ITA.1.1.99_1,2023,11,0,0
ITA.1.2.1_1,2023,11,0,0
ITA.1.2.10_1,2023,11,0,0
ITA.1.2.100_1,2023,11,0,0
ITA.1.2.101_1,2023,11,0,0
ITA.1.2.102_1,2023,11,0,0
ITA.1.2.103_1,2023,11,0,0
ITA.1.2.104_1,2023,11,0,0
ITA.1.2.105_1,2023,11,0,0
ITA.1.2.106_1,2023,11,0,0
ITA.1.2.107_1,2023,11,0,0
ITA.1.2.108_1,2023,11,0,0
ITA.1.2.11_1,2023,11,0,0
ITA.1.2.12_1,2023,11,0,0
ITA.1.2.13_1,2023,11,0,0
ITA.1.2.14_1,2023,11,0,0
ITA.1.2.15_1,2023,11,0,0
ITA.1.2.16_1,2023,11,0,0
ITA.1.2.17_1,2023,11,0,0
ITA.1.2.18_1,2023,11,0,0
ITA.1.2.19_1,2023,11,0,0
ITA.1.2.2_1,2023,11,0,0
ITA.1.2.20_1,2023,11,0,0
ITA.1.2.21_1,2023,11,0,0
ITA.1.2.22_1,2023,11,0,0
ITA.1.2.23_1,2023,11,0,0
ITA.1.2.24_1,2023,11,0,0
ITA.1.2.25_1,2023,11,0,0
ITA.1.2.26_1,2023,11,0,0
ITA.1.2.27_1,2023,11,0,0
ITA.1.2.28_1,2023,11,0,0
ITA.1.2.29_1,2023,11,0,0
ITA.1.2.3_1,2023,11,0,0
ITA.1.2.30_1,2023,11,0,0
ITA.1.2.31_1,2023,11,0,0
ITA.1.2.32_1,2023,11,0,0
ITA.1.2.33_1,2023,11,0,0
ITA.1.2.34_1,2023,11,0,0
ITA.1.2.35_1,2023,11,0,0
ITA.1.2.36_1,2023,11,0,0
ITA.1.2.37_1,2023,11,0,0
ITA.1.2.38_1,2023,11,0,0
ITA.1.2.39_1,2023,11,0,0
ITA.1.2.4_1,2023,11,0,0
ITA.1.2.40_1,2023,11,0,0
ITA.1.2.41_1,2023,11,0,0
ITA.1.2.42_1,2023,11,0,0
ITA.1.2.43_1,2023,11,0,0
ITA.1.2.44_1,2023,11,0,0
ITA.1.2.45_1,2023,11,0,0
ITA.1.2.46_1,2023,11,0,0
ITA.1.2.47_1,2023,11,0,0
ITA.1.2.48_1,2023,11,0,0
ITA.1.2.49_1,2023,11,0,0
ITA.1.2.5_1,2023,11,0,0
ITA.1.2.50_1,2023,11,0,0
ITA.1.2.51_1,2023,11,0,0
ITA.1.2.52_1,2023,11,0,0
ITA.1.2.53_1,2023,11,0,0
ITA.1.2.54_1,2023,11,0,0
ITA.1.2.55_1,2023,11,0,0
ITA.1.2.56_1,2023,11,0,0
ITA.1.2.57_1,2023,11,0,0
ITA.1.2.58_1,2023,11,0,0
ITA.1.2.59_1,2023,11,0,0
ITA.1.2.6_1,2023,11,0,0
ITA.1.2.60_1,2023,11,0,0
ITA.1.2.61_1,2023,11,0,0
ITA.1.2.62_1,2023,11,0,0
ITA.1.2.63_1,2023,11,0,0
ITA.1.2.64_1,2023,11,0,0
ITA.1.2.65_1,2023,11,0,0
ITA.1.2.66_1,2023,11,0,0
ITA.1.2.67_1,2023,11,0,0
ITA.1.2.68_1,2023,11,0,0
ITA.1.2.69_1,2023,11,0,0
ITA.1.2.7_1,2023,11,0,0
ITA.1.2.70_1,2023,11,0,0
ITA.1.2.71_1,2023,11,0,0
ITA.1.2.72_1,2023,11,0,0
ITA.1.2.73_1,2023,11,0,0
ITA.1.2.74_1,2023,11,0,0
ITA.1.2.75_1,2023,11,0,0
ITA.1.2.76_1,2023,11,0,0
ITA.1.2.77_1,2023,11,0,0
ITA.1.2.78_1,2023,11,0,0
ITA.1.2.79_1,2023,11,0,0
ITA.1.2.8_1,2023,11,0,0
ITA.1.2.80_1,2023,11,0,0
ITA.1.2.81_1,2023,11,0,0
ITA.1.2.82_1,2023,11,0,0
ITA.1.2.83_1,2023,11,0,0
ITA.1.2.84_1,2023,11,0,0
ITA.1.2.85_1,2023,11,0,0
ITA.1.2.86_1,2023,11,0,0
ITA.1.2.87_1,2023,11,0,0
ITA.1.2.88_1,2023,11,0,0
ITA.1.2.89_1,2023,11,0,0
ITA.1.2.9_1,2023,11,0,0
ITA.1.2.90_1,2023,11,0,0
ITA.1.2.91_1,2023,11,0,0
ITA.1.2.92_1,2023,11,0,0
ITA.1.2.93_1,2023,11,0,0
ITA.1.2.94_1,2023,11,0,0
ITA.1.2.95_1,2023,11,0,0
ITA.1.2.96_1,2023,11,0,0
ITA.1.2.97_1,2023,11,0,0
ITA.1.2.98_1,2023,11,0,0
ITA.1.2.99_1,2023,11,0,0
ITA.1.3.1_1,2023,11,0,0
ITA.1.3.10_1,2023,11,0,0
ITA.1.3.11_1,2023,11,0,0
ITA.1.3.12_1,2023,11,0,0
ITA.1.3.13_1,2023,11,0,0
ITA.1.3.14_1,2023,11,0,0
ITA.1.3.15_1,2023,11,0,0
ITA.1.3.16_1,2023,11,0,0
ITA.1.3.17_1,2023,11,0,0
ITA.1.3.18_1,2023,11,0,0
ITA.1.3.19_1,2023,11,0,0
ITA.1.3.2_1,2023,11,0,0
ITA.1.3.20_1,2023,11,0,0
ITA.1.3.21_1,2023,11,0,0
ITA.1.3.22_1,2023,11,0,0
ITA.1.3.23_1,2023,11,0,0
ITA.1.3.24_1,2023,11,0,0
ITA.1.3.25_1,2023,11,0,0
ITA.1.3.26_1,2023,11,0,0
ITA.1.3.27_1,2023,11,0,0
ITA.1.3.28_1,2023,11,0,0
ITA.1.3.29_1,2023,11,0,0
ITA.1.3.3_1,2023,11,0,0
ITA.1.3.30_1,2023,11,0,0
ITA.1.3.31_1,2023,11,0,0
ITA.1.3.32_1,2023,11,0,0
ITA.1.3.33_1,2023,11,0,0
ITA.1.3.34_1,2023,11,0,0
ITA.1.3.35_1,2023,11,0,0
ITA.1.3.36_1,2023,11,0,0
ITA.1.3.37_1,2023,11,0,0
ITA.1.3.38_1,2023,11,0,0
ITA.1.3.39_1,2023,11,0,0
ITA.1.3.4_1,2023,11,0,0
ITA.1.3.40_1,2023,11,0,0
ITA.1.3.41_1,2023,11,0,0
ITA.1.3.42_1,2023,11,0,0
ITA.1.3.43_1,2023,11,0,0
ITA.1.3.44_1,2023,11,0,0
ITA.1.3.45_1,2023,11,0,0
ITA.1.3.46_1,2023,11,0,0
ITA.1.3.5_1,2023,11,0,0
ITA.1.3.6_1,2023,11,0,0
ITA.1.3.7_1,2023,11,0,0
ITA.1.3.8_1,2023,11,0,0
ITA.1.3.9_1,2023,11,0,0
ITA.1.4.1_1,2023,11,0,0
ITA.1.4.10_1,2023,11,0,0
ITA.1.4.11_1,2023,11,0,0
ITA.1.4.12_1,2023,11,0,0
ITA.1.4.13_1,2023,11,0,0
ITA.1.4.14_1,2023,11,0,0
ITA.1.4.15_1,2023,11,0,0
ITA.1.4.16_1,2023,11,0,0
ITA.1.4.17_1,2023,11,0,0
ITA.1.4.18_1,2023,11,0,0
ITA.1.4.19_1,2023,11,0,0
ITA.1.4.2_1,2023,11,0,0
ITA.1.4.20_1,2023,11,0,0
ITA.1.4.21_1,2023,11,0,0
ITA.1.4.22_1,2023,11,0,0
ITA.1.4.23_1,2023,11,0,0
ITA.1.4.24_1,2023,11,0,0
ITA.1.4.25_1,2023,11,0,0
ITA.1.4.26_1,2023,11,0,0
ITA.1.4.27_1,2023,11,0,0
ITA.1.4.28_1,2023,11,0,0
ITA.1.4.29_1,2023,11,0,0
ITA.1.4.3_1,2023,11,0,0
ITA.1.4.30_1,2023,11,0,0
ITA.1.4.31_1,2023,11,0,0
ITA.1.4.32_1,2023,11,0,0
ITA.1.4.33_1,2023,11,0,0
ITA.1.4.34_1,2023,11,0,0
ITA.1.4.35_1,2023,11,0,0
ITA.1.4.36_1,2023,11,0,0
ITA.1.4.37_1,2023,11,0,0
ITA.1.4.38_1,2023,11,0,0
ITA.1.4.39_1,2023,11,0,0
ITA.1.4.4_1,2023,11,0,0
ITA.1.4.40_1,2023,11,0,0
ITA.1.4.41_1,2023,11,0,0
ITA.1.4.42_1,2023,11,0,0
ITA.1.4.43_1,2023,11,0,0
ITA.1.4.44_1,2023,11,0,0
ITA.1.4.45_1,2023,11,0,0
ITA.1.4.46_1,2023,11,0,0
ITA.1.4.47_1,2023,11,0,0
ITA.1.4.5_1,2023,11,0,0
ITA.1.4.6_1,2023,11,0,0
ITA.1.4.7_1,2023,11,0,0
ITA.1.4.8_1,2023,11,0,0
ITA.1.4.9_1,2023,11,0,0
ITA.10.1.1_1,2023,11,0,0
ITA.10.1.10_1,2023,11,0,0
ITA.10.1.100_1,2023,11,0,0
ITA.10.1.101_1,2023,11,0,0
ITA.10.1.102_1,2023,11,0,0
ITA.10.1.103_1,2023,11,0,0
ITA.10.1.104_1,2023,11,0,0
ITA.10.1.105_1,2023,11,0,0
ITA.10.1.106_1,2023,11,0,0
ITA.10.1.107_1,2023,11,0,0
ITA.10.1.108_1,2023,11,0,0
ITA.10.1.109_1,2023,11,0,0
ITA.10.1.11_1,2023,11,0,0
ITA.10.1.110_1,2023,11,0,0
ITA.10.1.111_1,2023,11,0,0
ITA.10.1.112_1,2023,11,0,0
ITA.10.1.113_1,2023,11,0,0
ITA.10.1.114_1,2023,11,0,0
ITA.10.1.115_1,2023,11,0,0
ITA.10.1.116_1,2023,11,0,0
ITA.10.1.117_1,2023,11,0,0
ITA.10.1.118_1,2023,11,0,0
ITA.10.1.119_1,2023,11,0,0
ITA.10.1.12_1,2023,11,0,0
ITA.10.1.120_1,2023,11,0,0
ITA.10.1.121_1,2023,11,0,0
ITA.10.1.122_1,2023,11,0,0
ITA.10.1.123_1,2023,11,0,0
ITA.10.1.124_1,2023,11,0,0
ITA.10.1.125_1,2023,11,0,0
ITA.10.1.126_1,2023,11,0,0
ITA.10.1.127_1,2023,11,0,0
ITA.10.1.128_1,2023,11,0,0
ITA.10.1.129_1,2023,11,0,0
ITA.10.1.13_1,2023,11,0,0
ITA.10.1.130_1,2023,11,0,0
ITA.10.1.131_1,2023,11,0,0
ITA.10.1.132_1,2023,11,0,0
ITA.10.1.133_1,2023,11,0,0
ITA.10.1.134_1,2023,11,0,0
ITA.10.1.135_1,2023,11,0,0
ITA.10.1.136_1,2023,11,0,0
ITA.10.1.137_1,2023,11,0,0
ITA.10.1.138_1,2023,11,0,0
ITA.10.1.139_1,2023,11,0,0
ITA.10.1.14_1,2023,11,0,0
ITA.10.1.140_1,2023,11,0,0
ITA.10.1.141_1,2023,11,0,0
ITA.10.1.142_1,2023,11,0,0
ITA.10.1.143_1,2023,11,0,0
ITA.10.1.144_1,2023,11,0,0
ITA.10.1.145_1,2023,11,0,0
ITA.10.1.146_1,2023,11,0,0
ITA.10.1.147_1,2023,11,0,0
ITA.10.1.148_1,2023,11,0,0
ITA.10.1.149_1,2023,11,0,0
ITA.10.1.15_1,2023,11,0,0
ITA.10.1.150_1,2023,11,0,0
ITA.10.1.151_1,2023,11,0,0
ITA.10.1.152_1,2023,11,0,0
ITA.10.1.153_1,2023,11,0,0
ITA.10.1.154_1,2023,11,0,0
ITA.10.1.155_1,2023,11,0,0
ITA.10.1.156_1,2023,11,0,0
ITA.10.1.157_1,2023,11,0,0
ITA.10.1.158_1,2023,11,0,0
ITA.10.1.159_1,2023,11,0,0
ITA.10.1.16_1,2023,11,0,0
ITA.10.1.160_1,2023,11,0,0
ITA.10.1.161_1,2023,11,0,0
ITA.10.1.162_1,2023,11,0,0
ITA.10.1.163_1,2023,11,0,0
ITA.10.1.164_1,2023,11,0,0
ITA.10.1.165_1,2023,11,0,0
ITA.10.1.166_1,2023,11,0,0
ITA.10.1.167_1,2023,11,0,0
ITA.10.1.168_1,2023,11,0,0
ITA.10.1.169_1,2023,11,0,0
ITA.10.1.17_1,2023,11,0,0
ITA.10.1.170_1,2023,11,0,0
ITA.10.1.171_1,2023,11,0,0
ITA.10.1.172_1,2023,11,0,0
ITA.10.1.173_1,2023,11,0,0
ITA.10.1.174_1,2023,11,0,0
ITA.10.1.175_1,2023,11,0,0
ITA.10.1.176_1,2023,11,0,0
ITA.10.1.177_1,2023,11,0,0
ITA.10.1.178_1,2023,11,0,0
ITA.10.1.179_1,2023,11,0,0
ITA.10.1.18_1,2023,11,0,0
ITA.10.1.180_1,2023,11,0,0
ITA.10.1.181_1,2023,11,0,0
ITA.10.1.182_1,2023,11,0,0
ITA.10.1.183_1,2023,11,0,0
ITA.10.1.184_1,2023,11,0,0
ITA.10.1.185_1,2023,11,0,0
ITA.10.1.186_1,2023,11,0,0
ITA.10.1.187_1,2023,11,0,0
ITA.10.1.188_1,2023,11,0,0
ITA.10.1.189_1,2023,11,0,0
ITA.10.1.19_1,2023,11,0,0
ITA.10.1.190_1,2023,11,0,0
ITA.10.1.191_1,2023,11,0,0
ITA.10.1.192_1,2023,11,0,0
ITA.10.1.193_1,2023,11,0,0
ITA.10.1.194_1,2023,11,0,0
ITA.10.1.195_1,2023,11,0,0
ITA.10.1.196_1,2023,11,0,0
ITA.10.1.197_1,2023,11,0,0
ITA.10.1.198_1,2023,11,0,0
ITA.10.1.199_1,2023,11,0,0
ITA.10.1.2_1,2023,11,0,0
ITA.10.1.20_1,2023,11,0,0
ITA.10.1.200_1,2023,11,0,0
ITA.10.1.201_1,2023,11,0,0
ITA.10.1.202_1,2023,11,0,0
ITA.10.1.203_1,2023,11,0,0
ITA.10.1.204_1,2023,11,0,0
ITA.10.1.205_1,2023,11,0,0
ITA.10.1.206_1,2023,11,0,0
ITA.10.1.207_1,2023,11,0,0
ITA.10.1.208_1,2023,11,0,0
ITA.10.1.209_1,2023,11,0,0
ITA.10.1.21_1,2023,11,0,0
ITA.10.1.210_1,2023,11,0,0
ITA.10.1.211_1,2023,11,0,0
ITA.10.1.212_1,2023,11,0,0
ITA.10.1.213_1,2023,11,0,0
ITA.10.1.214_1,2023,11,0,0
ITA.10.1.215_1,2023,11,0,0
ITA.10.1.216_1,2023,11,0,0
ITA.10.1.217_1,2023,11,0,0
ITA.10.1.218_1,2023,11,0,0
ITA.10.1.219_1,2023,11,0,0
ITA.10.1.22_1,2023,11,0,0
ITA.10.1.220_1,2023,11,0,0
ITA.10.1.221_1,2023,11,0,0
ITA.10.1.222_1,2023,11,0,0
ITA.10.1.223_1,2023,11,0,0
ITA.10.1.224_1,2023,11,0,0
ITA.10.1.225_1,2023,11,0,0
ITA.10.1.226_1,2023,11,0,0
ITA.10.1.227_1,2023,11,0,0
ITA.10.1.228_1,2023,11,0,0
ITA.10.1.229_1,2023,11,0,0
ITA.10.1.23_1,2023,11,0,0
ITA.10.1.230_1,2023,11,0,0
ITA.10.1.231_1,2023,11,0,0
ITA.10.1.232_1,2023,11,0,0
ITA.10.1.233_1,2023,11,0,0
ITA.10.1.234_1,2023,11,0,0
ITA.10.1.235_1,2023,11,0,0
ITA.10.1.236_1,2023,11,0,0
ITA.10.1.237_1,2023,11,0,0
ITA.10.1.238_1,2023,11,0,0
ITA.10.1.239_1,2023,11,0,0
ITA.10.1.24_1,2023,11,0,0
ITA.10.1.240_1,2023,11,0,0
ITA.10.1.241_1,2023,11,0,0
ITA.10.1.242_1,2023,11,0,0
ITA.10.1.243_1,2023,11,0,0
ITA.10.1.244_1,2023,11,0,0
ITA.10.1.25_1,2023,11,0,0
ITA.10.1.26_1,2023,11,0,0
ITA.10.1.27_1,2023,11,0,0
ITA.10.1.28_1,2023,11,0,0
ITA.10.1.29_1,2023,11,0,0
ITA.10.1.3_1,2023,11,0,0
ITA.10.1.30_1,2023,11,0,0
ITA.10.1.31_1,2023,11,0,0
ITA.10.1.32_1,2023,11,0,0
ITA.10.1.33_1,2023,11,0,0
ITA.10.1.34_1,2023,11,0,0
ITA.10.1.35_1,2023,11,0,0
ITA.10.1.36_1,2023,11,0,0
ITA.10.1.37_1,2023,11,0,0
ITA.10.1.38_1,2023,11,0,0
ITA.10.1.39_1,2023,11,0,0
ITA.10.1.4_1,2023,11,0,0
ITA.10.1.40_1,2023,11,0,0
ITA.10.1.41_1,2023,11,0,0
ITA.10.1.42_1,2023,11,0,0
ITA.10.1.43_1,2023,11,0,0
ITA.10.1.44_1,2023,11,0,0
ITA.10.1.45_1,2023,11,0,0
ITA.10.1.46_1,2023,11,0,0
ITA.10.1.47_1,2023,11,0,0
ITA.10.1.48_1,2023,11,0,0
ITA.10.1.49_1,2023,11,0,0
ITA.10.1.5_1,2023,11,0,0
ITA.10.1.50_1,2023,11,0,0
ITA.10.1.51_1,2023,11,0,0
ITA.10.1.52_1,2023,11,0,0
ITA.10.1.53_1,2023,11,0,0
ITA.10.1.54_1,2023,11,0,0
ITA.10.1.55_1,2023,11,0,0
ITA.10.1.56_1,2023,11,0,0
ITA.10.1.57_1,2023,11,0,0
ITA.10.1.58_1,2023,11,0,0
ITA.10.1.59_1,2023,11,0,0
ITA.10.1.6_1,2023,11,0,0
ITA.10.1.60_1,2023,11,0,0
ITA.10.1.61_1,2023,11,0,0
ITA.10.1.62_1,2023,11,0,0
ITA.10.1.63_1,2023,11,0,0
ITA.10.1.64_1,2023,11,0,0
ITA.10.1.65_1,2023,11,0,0
ITA.10.1.66_1,2023,11,0,0
ITA.10.1.67_1,2023,11,0,0
ITA.10.1.68_1,2023,11,0,0
ITA.10.1.69_1,2023,11,0,0
ITA.10.1.7_1,2023,11,0,0
ITA.10.1.70_1,2023,11,0,0
ITA.10.1.71_1,2023,11,0,0
ITA.10.1.72_1,2023,11,0,0
ITA.10.1.73_1,2023,11,0,0
ITA.10.1.74_1,2023,11,0,0
ITA.10.1.75_1,2023,11,0,0
ITA.10.1.76_1,2023,11,0,0
ITA.10.1.77_1,2023,11,0,0
ITA.10.1.78_1,2023,11,0,0
ITA.10.1.79_1,2023,11,0,0
ITA.10.1.8_1,2023,11,0,0
ITA.10.1.80_1,2023,11,0,0
ITA.10.1.81_1,2023,11,0,0
ITA.10.1.82_1,2023,11,0,0
ITA.10.1.83_1,2023,11,0,0
ITA.10.1.84_1,2023,11,0,0
ITA.10.1.85_1,2023,11,0,0
ITA.10.1.86_1,2023,11,0,0
ITA.10.1.87_1,2023,11,0,0
ITA.10.1.88_1,2023,11,0,0
ITA.10.1.89_1,2023,11,0,0
ITA.10.1.9_1,2023,11,0,0
ITA.10.1.90_1,2023,11,0,0
ITA.10.1.91_1,2023,11,0,0
ITA.10.1.92_1,2023,11,0,0
ITA.10.1.93_1,2023,11,0,0
ITA.10.1.94_1,2023,11,0,0
ITA.10.1.95_1,2023,11,0,0
ITA.10.1.96_1,2023,11,0,0
ITA.10.1.97_1,2023,11,0,0
ITA.10.1.98_1,2023,11,0,0
ITA.10.1.99_1,2023,11,0,0
ITA.10.10.1_1,2023,11,0,0
ITA.10.10.10_1,2023,11,0,0
ITA.10.10.100_1,2023,11,0,0
ITA.10.10.101_1,2023,11,0,0
ITA.10.10.102_1,2023,11,0,0
ITA.10.10.103_1,2023,11,0,0
ITA.10.10.104_1,2023,11,0,0
ITA.10.10.105_1,2023,11,0,0
ITA.10.10.106_1,2023,11,0,0
ITA.10.10.107_1,2023,11,0,0
ITA.10.10.108_1,2023,11,0,0
ITA.10.10.109_1,2023,11,0,0
ITA.10.10.11_1,2023,11,0,0
ITA.10.10.110_1,2023,11,0,0
ITA.10.10.111_1,2023,11,0,0
ITA.10.10.112_1,2023,11,0,0
ITA.10.10.113_1,2023,11,0,0
ITA.10.10.114_1,2023,11,0,0
ITA.10.10.115_1,2023,11,0,0
ITA.10.10.116_1,2023,11,0,0
ITA.10.10.117_1,2023,11,0,0
ITA.10.10.118_1,2023,11,0,0
ITA.10.10.119_1,2023,11,0,0
ITA.10.10.12_1,2023,11,0,0
ITA.10.10.120_1,2023,11,0,0
ITA.10.10.121_1,2023,11,0,0
ITA.10.10.122_1,2023,11,0,0
ITA.10.10.123_1,2023,11,0,0
ITA.10.10.124_1,2023,11,0,0
ITA.10.10.125_1,2023,11,0,0
ITA.10.10.126_1,2023,11,0,0
ITA.10.10.127_1,2023,11,0,0
ITA.10.10.128_1,2023,11,0,0
ITA.10.10.129_1,2023,11,0,0
ITA.10.10.13_1,2023,11,0,0
ITA.10.10.130_1,2023,11,0,0
ITA.10.10.131_1,2023,11,0,0
ITA.10.10.132_1,2023,11,0,0
ITA.10.10.133_1,2023,11,0,0
ITA.10.10.134_1,2023,11,0,0
ITA.10.10.135_1,2023,11,0,0
ITA.10.10.136_1,2023,11,0,0
ITA.10.10.137_1,2023,11,0,0
ITA.10.10.138_1,2023,11,0,0
ITA.10.10.139_1,2023,11,0,0
ITA.10.10.14_1,2023,11,0,0
ITA.10.10.140_1,2023,11,0,0
ITA.10.10.141_1,2023,11,0,0
ITA.10.10.142_1,2023,11,0,0
ITA.10.10.143_1,2023,11,0,0
ITA.10.10.144_1,2023,11,0,0
ITA.10.10.145_1,2023,11,0,0
ITA.10.10.146_1,2023,11,0,0
ITA.10.10.147_1,2023,11,0,0
ITA.10.10.148_1,2023,11,0,0
ITA.10.10.149_1,2023,11,0,0
ITA.10.10.15_1,2023,11,0,0
ITA.10.10.150_1,2023,11,0,0
ITA.10.10.151_1,2023,11,0,0
ITA.10.10.152_1,2023,11,0,0
ITA.10.10.153_1,2023,11,0,0
ITA.10.10.154_1,2023,11,0,0
ITA.10.10.155_1,2023,11,0,0
ITA.10.10.156_1,2023,11,0,0
ITA.10.10.157_1,2023,11,0,0
ITA.10.10.158_1,2023,11,0,0
ITA.10.10.159_1,2023,11,0,0
ITA.10.10.16_1,2023,11,0,0
ITA.10.10.160_1,2023,11,0,0
ITA.10.10.161_1,2023,11,0,0
ITA.10.10.162_1,2023,11,0,0
ITA.10.10.163_1,2023,11,0,0
ITA.10.10.164_1,2023,11,0,0
ITA.10.10.165_1,2023,11,0,0
ITA.10.10.166_1,2023,11,0,0
ITA.10.10.167_1,2023,11,0,0
ITA.10.10.168_1,2023,11,0,0
ITA.10.10.169_1,2023,11,0,0
ITA.10.10.17_1,2023,11,0,0
ITA.10.10.170_1,2023,11,0,0
ITA.10.10.171_1,2023,11,0,0
ITA.10.10.172_1,2023,11,0,0
ITA.10.10.173_1,2023,11,0,0
ITA.10.10.174_1,2023,11,0,0
ITA.10.10.175_1,2023,11,0,0
ITA.10.10.176_1,2023,11,0,0
ITA.10.10.177_1,2023,11,0,0
ITA.10.10.178_1,2023,11,0,0
ITA.10.10.179_1,2023,11,0,0
ITA.10.10.18_1,2023,11,0,0
ITA.10.10.180_1,2023,11,0,0
ITA.10.10.181_1,2023,11,0,0
ITA.10.10.182_1,2023,11,0,0
ITA.10.10.183_1,2023,11,0,0
ITA.10.10.184_1,2023,11,0,0
ITA.10.10.185_1,2023,11,0,0
ITA.10.10.186_1,2023,11,0,0
ITA.10.10.187_1,2023,11,0,0
ITA.10.10.188_1,2023,11,0,0
ITA.10.10.189_1,2023,11,0,0
ITA.10.10.19_1,2023,11,0,0
ITA.10.10.190_1,2023,11,0,0
ITA.10.10.2_1,2023,11,0,0
ITA.10.10.20_1,2023,11,0,0
ITA.10.10.21_1,2023,11,0,0
ITA.10.10.22_1,2023,11,0,0
ITA.10.10.23_1,2023,11,0,0
ITA.10.10.24_1,2023,11,0,0
ITA.10.10.25_1,2023,11,0,0
ITA.10.10.26_1,2023,11,0,0
ITA.10.10.27_1,2023,11,0,0
ITA.10.10.28_1,2023,11,0,0
ITA.10.10.29_1,2023,11,0,0
ITA.10.10.3_1,2023,11,0,0
ITA.10.10.30_1,2023,11,0,0
ITA.10.10.31_1,2023,11,0,0
ITA.10.10.32_1,2023,11,0,0
ITA.10.10.33_1,2023,11,0,0
ITA.10.10.34_1,2023,11,0,0
ITA.10.10.35_1,2023,11,0,0
ITA.10.10.36_1,2023,11,0,0
ITA.10.10.37_1,2023,11,0,0
ITA.10.10.38_1,2023,11,0,0
ITA.10.10.39_1,2023,11,0,0
ITA.10.10.4_1,2023,11,0,0
ITA.10.10.40_1,2023,11,0,0
ITA.10.10.41_1,2023,11,0,0
ITA.10.10.42_1,2023,11,0,0
ITA.10.10.43_1,2023,11,0,0
ITA.10.10.44_1,2023,11,0,0
ITA.10.10.45_1,2023,11,0,0
ITA.10.10.46_1,2023,11,0,0
ITA.10.10.47_1,2023,11,0,0
ITA.10.10.48_1,2023,11,0,0
ITA.10.10.49_1,2023,11,0,0
ITA.10.10.5_1,2023,11,0,0
ITA.10.10.50_1,2023,11,0,0
ITA.10.10.51_1,2023,11,0,0
ITA.10.10.52_1,2023,11,0,0
ITA.10.10.53_1,2023,11,0,0
ITA.10.10.54_1,2023,11,0,0
ITA.10.10.55_1,2023,11,0,0
ITA.10.10.56_1,2023,11,0,0
ITA.10.10.57_1,2023,11,0,0
ITA.10.10.58_1,2023,11,0,0
ITA.10.10.59_1,2023,11,0,0
ITA.10.10.6_1,2023,11,0,0
ITA.10.10.60_1,2023,11,0,0
ITA.10.10.61_1,2023,11,0,0
ITA.10.10.62_1,2023,11,0,0
ITA.10.10.63_1,2023,11,0,0
ITA.10.10.64_1,2023,11,0,0
ITA.10.10.65_1,2023,11,0,0
ITA.10.10.66_1,2023,11,0,0
ITA.10.10.67_1,2023,11,0,0
ITA.10.10.68_1,2023,11,0,0
ITA.10.10.69_1,2023,11,0,0
ITA.10.10.7_1,2023,11,0,0
ITA.10.10.70_1,2023,11,0,0
ITA.10.10.71_1,2023,11,0,0
ITA.10.10.72_1,2023,11,0,0
ITA.10.10.73_1,2023,11,0,0
ITA.10.10.74_1,2023,11,0,0
ITA.10.10.75_1,2023,11,0,0
ITA.10.10.76_1,2023,11,0,0
ITA.10.10.77_1,2023,11,0,0
ITA.10.10.78_1,2023,11,0,0
ITA.10.10.79_1,2023,11,0,0
ITA.10.10.8_1,2023,11,0,0
ITA.10.10.80_1,2023,11,0,0
ITA.10.10.81_1,2023,11,0,0
ITA.10.10.82_1,2023,11,0,0
ITA.10.10.83_1,2023,11,0,0
ITA.10.10.84_1,2023,11,0,0
ITA.10.10.85_1,2023,11,0,0
ITA.10.10.86_1,2023,11,0,0
ITA.10.10.87_1,2023,11,0,0
ITA.10.10.88_1,2023,11,0,0
ITA.10.10.89_1,2023,11,0,0
ITA.10.10.9_1,2023,11,0,0
ITA.10.10.90_1,2023,11,0,0
ITA.10.10.91_1,2023,11,0,0
ITA.10.10.92_1,2023,11,0,0
ITA.10.10.93_1,2023,11,0,0
ITA.10.10.94_1,2023,11,0,0
ITA.10.10.95_1,2023,11,0,0
ITA.10.10.96_1,2023,11,0,0
ITA.10.10.97_1,2023,11,0,0
ITA.10.10.98_1,2023,11,0,0
ITA.10.10.99_1,2023,11,0,0
ITA.10.11.1_1,2023,11,0,0
ITA.10.11.10_1,2023,11,0,0
ITA.10.11.11_1,2023,11,0,0
ITA.10.11.12_1,2023,11,0,0
ITA.10.11.13_1,2023,11,0,0
ITA.10.11.14_1,2023,11,0,0
ITA.10.11.15_1,2023,11,0,0
ITA.10.11.16_1,2023,11,0,0
ITA.10.11.17_1,2023,11,0,0
ITA.10.11.18_1,2023,11,0,0
ITA.10.11.19_1,2023,11,0,0
ITA.10.11.2_1,2023,11,0,0
ITA.10.11.20_1,2023,11,0,0
ITA.10.11.21_1,2023,11,0,0
ITA.10.11.22_1,2023,11,0,0
ITA.10.11.23_1,2023,11,0,0
ITA.10.11.24_1,2023,11,0,0
ITA.10.11.25_1,2023,11,0,0
ITA.10.11.26_1,2023,11,0,0
ITA.10.11.27_1,2023,11,0,0
ITA.10.11.28_1,2023,11,0,0
ITA.10.11.29_1,2023,11,0,0
ITA.10.11.3_1,2023,11,0,0
ITA.10.11.30_1,2023,11,0,0
ITA.10.11.31_1,2023,11,0,0
ITA.10.11.32_1,2023,11,0,0
ITA.10.11.33_1,2023,11,0,0
ITA.10.11.34_1,2023,11,0,0
ITA.10.11.35_1,2023,11,0,0
ITA.10.11.36_1,2023,11,0,0
ITA.10.11.37_1,2023,11,0,0
ITA.10.11.38_1,2023,11,0,0
ITA.10.11.39_1,2023,11,0,0
ITA.10.11.4_1,2023,11,0,0
ITA.10.11.40_1,2023,11,0,0
ITA.10.11.41_1,2023,11,0,0
ITA.10.11.42_1,2023,11,0,0
ITA.10.11.43_1,2023,11,0,0
ITA.10.11.44_1,2023,11,0,0
ITA.10.11.45_1,2023,11,0,0
ITA.10.11.46_1,2023,11,0,0
ITA.10.11.47_1,2023,11,0,0
ITA.10.11.48_1,2023,11,0,0
ITA.10.11.49_1,2023,11,0,0
ITA.10.11.5_1,2023,11,0,0
ITA.10.11.50_1,2023,11,0,0
ITA.10.11.51_1,2023,11,0,0
ITA.10.11.52_1,2023,11,0,0
ITA.10.11.53_1,2023,11,0,0
ITA.10.11.54_1,2023,11,0,0
ITA.10.11.55_1,2023,11,0,0
ITA.10.11.56_1,2023,11,0,0
ITA.10.11.57_1,2023,11,0,0
ITA.10.11.58_1,2023,11,0,0
ITA.10.11.59_1,2023,11,0,0
ITA.10.11.6_1,2023,11,0,0
ITA.10.11.60_1,2023,11,0,0
ITA.10.11.61_1,2023,11,0,0
ITA.10.11.62_1,2023,11,0,0
ITA.10.11.63_1,2023,11,0,0
ITA.10.11.64_1,2023,11,0,0
ITA.10.11.65_1,2023,11,0,0
ITA.10.11.66_1,2023,11,0,0
ITA.10.11.67_1,2023,11,0,0
ITA.10.11.68_1,2023,11,0,0
ITA.10.11.69_1,2023,11,0,0
ITA.10.11.7_1,2023,11,0,0
ITA.10.11.70_1,2023,11,0,0
ITA.10.11.71_1,2023,11,0,0
ITA.10.11.72_1,2023,11,0,0
ITA.10.11.73_1,2023,11,0,0
ITA.10.11.74_1,2023,11,0,0
ITA.10.11.75_1,2023,11,0,0
ITA.10.11.76_1,2023,11,0,0
ITA.10.11.77_1,2023,11,0,0
ITA.10.11.78_1,2023,11,0,0
ITA.10.11.8_1,2023,11,0,0
ITA.10.11.9_1,2023,11,0,0
ITA.10.12.1_1,2023,11,0,0
ITA.10.12.10_1,2023,11,0,0
ITA.10.12.100_1,2023,11,0,0
ITA.10.12.101_1,2023,11,0,0
ITA.10.12.102_1,2023,11,0,0
ITA.10.12.103_1,2023,11,0,0
ITA.10.12.104_1,2023,11,0,0
ITA.10.12.105_1,2023,11,0,0
ITA.10.12.106_1,2023,11,0,0
ITA.10.12.107_1,2023,11,0,0
ITA.10.12.108_1,2023,11,0,0
ITA.10.12.109_1,2023,11,0,0
ITA.10.12.11_1,2023,11,0,0
ITA.10.12.110_1,2023,11,0,0
ITA.10.12.111_1,2023,11,0,0
ITA.10.12.112_1,2023,11,0,0
ITA.10.12.113_1,2023,11,0,0
ITA.10.12.114_1,2023,11,0,0
ITA.10.12.115_1,2023,11,0,0
ITA.10.12.116_1,2023,11,0,0
ITA.10.12.117_1,2023,11,0,0
ITA.10.12.118_1,2023,11,0,0
ITA.10.12.119_1,2023,11,0,0
ITA.10.12.12_1,2023,11,0,0
ITA.10.12.120_1,2023,11,0,0
ITA.10.12.121_1,2023,11,0,0
ITA.10.12.122_1,2023,11,0,0
ITA.10.12.123_1,2023,11,0,0
ITA.10.12.124_1,2023,11,0,0
ITA.10.12.125_1,2023,11,0,0
ITA.10.12.126_1,2023,11,0,0
ITA.10.12.127_1,2023,11,0,0
ITA.10.12.128_1,2023,11,0,0
ITA.10.12.129_1,2023,11,0,0
ITA.10.12.13_1,2023,11,0,0
ITA.10.12.130_1,2023,11,0,0
ITA.10.12.131_1,2023,11,0,0
ITA.10.12.132_1,2023,11,0,0
ITA.10.12.133_1,2023,11,0,0
ITA.10.12.134_1,2023,11,0,0
ITA.10.12.135_1,2023,11,0,0
ITA.10.12.136_1,2023,11,0,0
ITA.10.12.137_1,2023,11,0,0
ITA.10.12.138_1,2023,11,0,0
ITA.10.12.139_1,2023,11,0,0
ITA.10.12.14_1,2023,11,0,0
ITA.10.12.140_1,2023,11,0,0
ITA.10.12.141_1,2023,11,0,0
ITA.10.12.15_1,2023,11,0,0
ITA.10.12.16_1,2023,11,0,0
ITA.10.12.17_1,2023,11,0,0
ITA.10.12.18_1,2023,11,0,0
ITA.10.12.19_1,2023,11,0,0
ITA.10.12.2_1,2023,11,0,0
ITA.10.12.20_1,2023,11,0,0
ITA.10.12.21_1,2023,11,0,0
ITA.10.12.22_1,2023,11,0,0
ITA.10.12.23_1,2023,11,0,0
ITA.10.12.24_1,2023,11,0,0
ITA.10.12.25_1,2023,11,0,0
ITA.10.12.26_1,2023,11,0,0
ITA.10.12.27_1,2023,11,0,0
ITA.10.12.28_1,2023,11,0,0
ITA.10.12.29_1,2023,11,0,0
ITA.10.12.3_1,2023,11,0,0
ITA.10.12.30_1,2023,11,0,0
ITA.10.12.31_1,2023,11,0,0
ITA.10.12.32_1,2023,11,0,0
ITA.10.12.33_1,2023,11,0,0
ITA.10.12.34_1,2023,11,0,0
ITA.10.12.35_1,2023,11,0,0
ITA.10.12.36_1,2023,11,0,0
ITA.10.12.37_1,2023,11,0,0
ITA.10.12.38_1,2023,11,0,0
ITA.10.12.39_1,2023,11,0,0
ITA.10.12.4_1,2023,11,0,0
ITA.10.12.40_1,2023,11,0,0
ITA.10.12.41_1,2023,11,0,0
ITA.10.12.42_1,2023,11,0,0
ITA.10.12.43_1,2023,11,0,0
ITA.10.12.44_1,2023,11,0,0
ITA.10.12.45_1,2023,11,0,0
ITA.10.12.46_1,2023,11,0,0
ITA.10.12.47_1,2023,11,0,0
ITA.10.12.48_1,2023,11,0,0
ITA.10.12.49_1,2023,11,0,0
ITA.10.12.5_1,2023,11,0,0
ITA.10.12.50_1,2023,11,0,0
ITA.10.12.51_1,2023,11,0,0
ITA.10.12.52_1,2023,11,0,0
ITA.10.12.53_1,2023,11,0,0
ITA.10.12.54_1,2023,11,0,0
ITA.10.12.55_1,2023,11,0,0
ITA.10.12.56_1,2023,11,0,0
ITA.10.12.57_1,2023,11,0,0
ITA.10.12.58_1,2023,11,0,0
ITA.10.12.59_1,2023,11,0,0
ITA.10.12.6_1,2023,11,0,0
ITA.10.12.60_1,2023,11,0,0
ITA.10.12.61_1,2023,11,0,0
ITA.10.12.62_1,2023,11,0,0
ITA.10.12.63_1,2023,11,0,0
ITA.10.12.64_1,2023,11,0,0
ITA.10.12.65_1,2023,11,0,0
ITA.10.12.66_1,2023,11,0,0
ITA.10.12.67_1,2023,11,0,0
ITA.10.12.68_1,2023,11,0,0
ITA.10.12.69_1,2023,11,0,0
ITA.10.12.7_1,2023,11,0,0
ITA.10.12.70_1,2023,11,0,0
ITA.10.12.71_1,2023,11,0,0
ITA.10.12.72_1,2023,11,0,0
ITA.10.12.73_1,2023,11,0,0
ITA.10.12.74_1,2023,11,0,0
ITA.10.12.75_1,2023,11,0,0
ITA.10.12.76_1,2023,11,0,0
ITA.10.12.77_1,2023,11,0,0
ITA.10.12.78_1,2023,11,0,0
ITA.10.12.79_1,2023,11,0,0
ITA.10.12.8_1,2023,11,0,0
ITA.10.12.80_1,2023,11,0,0
ITA.10.12.81_1,2023,11,0,0
ITA.10.12.82_1,2023,11,0,0
ITA.10.12.83_1,2023,11,0,0
ITA.10.12.84_1,2023,11,0,0
ITA.10.12.85_1,2023,11,0,0
ITA.10.12.86_1,2023,11,0,0
ITA.10.12.87_1,2023,11,0,0
ITA.10.12.88_1,2023,11,0,0
ITA.10.12.89_1,2023,11,0,0
ITA.10.12.9_1,2023,11,0,0
ITA.10.12.90_1,2023,11,0,0
ITA.10.12.91_1,2023,11,0,0
ITA.10.12.92_1,2023,11,0,0
ITA.10.12.93_1,2023,11,0,0
ITA.10.12.94_1,2023,11,0,0
ITA.10.12.95_1,2023,11,0,0
ITA.10.12.96_1,2023,11,0,0
ITA.10.12.97_1,2023,11,0,0
ITA.10.12.98_1,2023,11,0,0
ITA.10.12.99_1,2023,11,0,0
ITA.10.2.1_1,2023,11,0,0
ITA.10.2.10_1,2023,11,0,0
ITA.10.2.100_1,2023,11,0,0
ITA.10.2.101_1,2023,11,0,0
ITA.10.2.102_1,2023,11,0,0
ITA.10.2.103_1,2023,11,0,0
ITA.10.2.104_1,2023,11,0,0
ITA.10.2.105_1,2023,11,0,0
ITA.10.2.106_1,2023,11,0,0
ITA.10.2.107_1,2023,11,0,0
ITA.10.2.108_1,2023,11,0,0
ITA.10.2.109_1,2023,11,0,0
ITA.10.2.11_1,2023,11,0,0
ITA.10.2.110_1,2023,11,0,0
ITA.10.2.111_1,2023,11,0,0
ITA.10.2.112_1,2023,11,0,0
ITA.10.2.113_1,2023,11,0,0
ITA.10.2.114_1,2023,11,0,0
ITA.10.2.115_1,2023,11,0,0
ITA.10.2.116_1,2023,11,0,0
ITA.10.2.117_1,2023,11,0,0
ITA.10.2.118_1,2023,11,0,0
ITA.10.2.119_1,2023,11,0,0
ITA.10.2.12_1,2023,11,0,0
ITA.10.2.120_1,2023,11,0,0
ITA.10.2.121_1,2023,11,0,0
ITA.10.2.122_1,2023,11,0,0
ITA.10.2.123_1,2023,11,0,0
ITA.10.2.124_1,2023,11,0,0
ITA.10.2.125_1,2023,11,0,0
ITA.10.2.126_1,2023,11,0,0
ITA.10.2.127_1,2023,11,0,0
ITA.10.2.128_1,2023,11,0,0
ITA.10.2.129_1,2023,11,0,0
ITA.10.2.13_1,2023,11,0,0
ITA.10.2.130_1,2023,11,0,0
ITA.10.2.131_1,2023,11,0,0
ITA.10.2.132_1,2023,11,0,0
ITA.10.2.133_1,2023,11,0,0
ITA.10.2.134_1,2023,11,0,0
ITA.10.2.135_1,2023,11,0,0
ITA.10.2.136_1,2023,11,0,0
ITA.10.2.137_1,2023,11,0,0
ITA.10.2.138_1,2023,11,0,0
ITA.10.2.139_1,2023,11,0,0
ITA.10.2.14_1,2023,11,0,0
ITA.10.2.140_1,2023,11,0,0
ITA.10.2.141_1,2023,11,0,0
ITA.10.2.142_1,2023,11,0,0
ITA.10.2.143_1,2023,11,0,0
ITA.10.2.144_1,2023,11,0,0
ITA.10.2.145_1,2023,11,0,0
ITA.10.2.146_1,2023,11,0,0
ITA.10.2.147_1,2023,11,0,0
ITA.10.2.148_1,2023,11,0,0
ITA.10.2.149_1,2023,11,0,0
ITA.10.2.15_1,2023,11,0,0
ITA.10.2.150_1,2023,11,0,0
ITA.10.2.151_1,2023,11,0,0
ITA.10.2.152_1,2023,11,0,0
ITA.10.2.153_1,2023,11,0,0
ITA.10.2.154_1,2023,11,0,0
ITA.10.2.155_1,2023,11,0,0
ITA.10.2.156_1,2023,11,0,0
ITA.10.2.157_1,2023,11,0,0
ITA.10.2.158_1,2023,11,0,0
ITA.10.2.159_1,2023,11,0,0
ITA.10.2.16_1,2023,11,0,0
ITA.10.2.160_1,2023,11,0,0
ITA.10.2.161_1,2023,11,0,0
ITA.10.2.162_1,2023,11,0,0
ITA.10.2.163_1,2023,11,0,0
ITA.10.2.164_1,2023,11,0,0
ITA.10.2.165_1,2023,11,0,0
ITA.10.2.166_1,2023,11,0,0
ITA.10.2.167_1,2023,11,0,0
ITA.10.2.168_1,2023,11,0,0
ITA.10.2.169_1,2023,11,0,0
ITA.10.2.17_1,2023,11,0,0
ITA.10.2.170_1,2023,11,0,0
ITA.10.2.171_1,2023,11,0,0
ITA.10.2.172_1,2023,11,0,0
ITA.10.2.173_1,2023,11,0,0
ITA.10.2.174_1,2023,11,0,0
ITA.10.2.175_1,2023,11,0,0
ITA.10.2.176_1,2023,11,0,0
ITA.10.2.177_1,2023,11,0,0
ITA.10.2.178_1,2023,11,0,0
ITA.10.2.179_1,2023,11,0,0
ITA.10.2.18_1,2023,11,0,0
ITA.10.2.180_1,2023,11,0,0
ITA.10.2.181_1,2023,11,0,0
ITA.10.2.182_1,2023,11,0,0
ITA.10.2.183_1,2023,11,0,0
ITA.10.2.184_1,2023,11,0,0
ITA.10.2.185_1,2023,11,0,0
ITA.10.2.186_1,2023,11,0,0
ITA.10.2.187_1,2023,11,0,0
ITA.10.2.188_1,2023,11,0,0
ITA.10.2.189_1,2023,11,0,0
ITA.10.2.19_1,2023,11,0,0
ITA.10.2.190_1,2023,11,0,0
ITA.10.2.191_1,2023,11,0,0
ITA.10.2.192_1,2023,11,0,0
ITA.10.2.193_1,2023,11,0,0
ITA.10.2.194_1,2023,11,0,0
ITA.10.2.195_1,2023,11,0,0
ITA.10.2.196_1,2023,11,0,0
ITA.10.2.197_1,2023,11,0,0
ITA.10.2.198_1,2023,11,0,0
ITA.10.2.199_1,2023,11,0,0
ITA.10.2.2_1,2023,11,0,0
ITA.10.2.20_1,2023,11,0,0
ITA.10.2.200_1,2023,11,0,0
ITA.10.2.201_1,2023,11,0,0
ITA.10.2.202_1,2023,11,0,0
ITA.10.2.203_1,2023,11,0,0
ITA.10.2.204_1,2023,11,0,0
ITA.10.2.205_1,2023,11,0,0
ITA.10.2.206_1,2023,11,0,0
ITA.10.2.21_1,2023,11,0,0
ITA.10.2.22_1,2023,11,0,0
ITA.10.2.23_1,2023,11,0,0
ITA.10.2.24_1,2023,11,0,0
ITA.10.2.25_1,2023,11,0,0
ITA.10.2.26_1,2023,11,0,0
ITA.10.2.27_1,2023,11,0,0
ITA.10.2.28_1,2023,11,0,0
ITA.10.2.29_1,2023,11,0,0
ITA.10.2.3_1,2023,11,0,0
ITA.10.2.30_1,2023,11,0,0
ITA.10.2.31_1,2023,11,0,0
ITA.10.2.32_1,2023,11,0,0
ITA.10.2.33_1,2023,11,0,0
ITA.10.2.34_1,2023,11,0,0
ITA.10.2.35_1,2023,11,0,0
ITA.10.2.36_1,2023,11,0,0
ITA.10.2.37_1,2023,11,0,0
ITA.10.2.38_1,2023,11,0,0
ITA.10.2.39_1,2023,11,0,0
ITA.10.2.4_1,2023,11,0,0
ITA.10.2.40_1,2023,11,0,0
ITA.10.2.41_1,2023,11,0,0
ITA.10.2.42_1,2023,11,0,0
ITA.10.2.43_1,2023,11,0,0
ITA.10.2.44_1,2023,11,0,0
ITA.10.2.45_1,2023,11,0,0
ITA.10.2.46_1,2023,11,0,0
ITA.10.2.47_1,2023,11,0,0
ITA.10.2.48_1,2023,11,0,0
ITA.10.2.49_1,2023,11,0,0
ITA.10.2.5_1,2023,11,0,0
ITA.10.2.50_1,2023,11,0,0
ITA.10.2.51_1,2023,11,0,0
ITA.10.2.52_1,2023,11,0,0
ITA.10.2.53_1,2023,11,0,0
ITA.10.2.54_1,2023,11,0,0
ITA.10.2.55_1,2023,11,0,0
ITA.10.2.56_1,2023,11,0,0
ITA.10.2.57_1,2023,11,0,0
ITA.10.2.58_1,2023,11,0,0
ITA.10.2.59_1,2023,11,0,0
ITA.10.2.6_1,2023,11,0,0
ITA.10.2.60_1,2023,11,0,0
ITA.10.2.61_1,2023,11,0,0
ITA.10.2.62_1,2023,11,0,0
ITA.10.2.63_1,2023,11,0,0
ITA.10.2.64_1,2023,11,0,0
ITA.10.2.65_1,2023,11,0,0
ITA.10.2.66_1,2023,11,0,0
ITA.10.2.67_1,2023,11,0,0
ITA.10.2.68_1,2023,11,0,0
ITA.10.2.69_1,2023,11,0,0
ITA.10.2.7_1,2023,11,0,0
ITA.10.2.70_1,2023,11,0,0
ITA.10.2.71_1,2023,11,0,0
ITA.10.2.72_1,2023,11,0,0
ITA.10.2.73_1,2023,11,0,0
ITA.10.2.74_1,2023,11,0,0
ITA.10.2.75_1,2023,11,0,0
ITA.10.2.76_1,2023,11,0,0
ITA.10.2.77_1,2023,11,0,0
ITA.10.2.78_1,2023,11,0,0
ITA.10.2.79_1,2023,11,0,0
ITA.10.2.8_1,2023,11,0,0
ITA.10.2.80_1,2023,11,0,0
ITA.10.2.81_1,2023,11,0,0
ITA.10.2.82_1,2023,11,0,0
ITA.10.2.83_1,2023,11,0,0
ITA.10.2.84_1,2023,11,0,0
ITA.10.2.85_1,2023,11,0,0
ITA.10.2.86_1,2023,11,0,0
ITA.10.2.87_1,2023,11,0,0
ITA.10.2.88_1,2023,11,0,0
ITA.10.2.89_1,2023,11,0,0
ITA.10.2.9_1,2023,11,0,0
ITA.10.2.90_1,2023,11,0,0
ITA.10.2.91_1,2023,11,0,0
ITA.10.2.92_1,2023,11,0,0
ITA.10.2.93_1,2023,11,0,0
ITA.10.2.94_1,2023,11,0,0
ITA.10.2.95_1,2023,11,0,0
ITA.10.2.96_1,2023,11,0,0
ITA.10.2.97_1,2023,11,0,0
ITA.10.2.98_1,2023,11,0,0
ITA.10.2.99_1,2023,11,0,0
ITA.10.3.1_1,2023,11,0,0
ITA.10.3.10_1,2023,11,0,0
ITA.10.3.100_1,2023,11,0,0
ITA.10.3.101_1,2023,11,0,0
ITA.10.3.102_1,2023,11,0,0
ITA.10.3.103_1,2023,11,0,0
ITA.10.3.104_1,2023,11,0,0
ITA.10.3.105_1,2023,11,0,0
ITA.10.3.106_1,2023,11,0,0
ITA.10.3.107_1,2023,11,0,0
ITA.10.3.108_1,2023,11,0,0
ITA.10.3.109_1,2023,11,0,0
ITA.10.3.11_1,2023,11,0,0
ITA.10.3.110_1,2023,11,0,0
ITA.10.3.111_1,2023,11,0,0
ITA.10.3.112_1,2023,11,0,0
ITA.10.3.113_1,2023,11,0,0
ITA.10.3.114_1,2023,11,0,0
ITA.10.3.115_1,2023,11,0,0
ITA.10.3.116_1,2023,11,0,0
ITA.10.3.117_1,2023,11,0,0
ITA.10.3.118_1,2023,11,0,0
ITA.10.3.119_1,2023,11,0,0
ITA.10.3.12_1,2023,11,0,0
ITA.10.3.120_1,2023,11,0,0
ITA.10.3.121_1,2023,11,0,0
ITA.10.3.122_1,2023,11,0,0
ITA.10.3.123_1,2023,11,0,0
ITA.10.3.124_1,2023,11,0,0
ITA.10.3.125_1,2023,11,0,0
ITA.10.3.126_1,2023,11,0,0
ITA.10.3.127_1,2023,11,0,0
ITA.10.3.128_1,2023,11,0,0
ITA.10.3.129_1,2023,11,0,0
ITA.10.3.13_1,2023,11,0,0
ITA.10.3.130_1,2023,11,0,0
ITA.10.3.131_1,2023,11,0,0
ITA.10.3.132_1,2023,11,0,0
ITA.10.3.133_1,2023,11,0,0
ITA.10.3.134_1,2023,11,0,0
ITA.10.3.135_1,2023,11,0,0
ITA.10.3.136_1,2023,11,0,0
ITA.10.3.137_1,2023,11,0,0
ITA.10.3.138_1,2023,11,0,0
ITA.10.3.139_1,2023,11,0,0
ITA.10.3.14_1,2023,11,0,0
ITA.10.3.140_1,2023,11,0,0
ITA.10.3.141_1,2023,11,0,0
ITA.10.3.142_1,2023,11,0,0
ITA.10.3.143_1,2023,11,0,0
ITA.10.3.144_1,2023,11,0,0
ITA.10.3.145_1,2023,11,0,0
ITA.10.3.146_1,2023,11,0,0
ITA.10.3.147_1,2023,11,0,0
ITA.10.3.148_1,2023,11,0,0
ITA.10.3.149_1,2023,11,0,0
ITA.10.3.15_1,2023,11,0,0
ITA.10.3.150_1,2023,11,0,0
ITA.10.3.151_1,2023,11,0,0
ITA.10.3.152_1,2023,11,0,0
ITA.10.3.153_1,2023,11,0,0
ITA.10.3.154_1,2023,11,0,0
ITA.10.3.155_1,2023,11,0,0
ITA.10.3.156_1,2023,11,0,0
ITA.10.3.157_1,2023,11,0,0
ITA.10.3.158_1,2023,11,0,0
ITA.10.3.159_1,2023,11,0,0
ITA.10.3.16_1,2023,11,0,0
ITA.10.3.160_1,2023,11,0,0
ITA.10.3.161_1,2023,11,0,0
ITA.10.3.17_1,2023,11,0,0
ITA.10.3.18_1,2023,11,0,0
ITA.10.3.19_1,2023,11,0,0
ITA.10.3.2_1,2023,11,0,0
ITA.10.3.20_1,2023,11,0,0
ITA.10.3.21_1,2023,11,0,0
ITA.10.3.22_1,2023,11,0,0
ITA.10.3.23_1,2023,11,0,0
ITA.10.3.24_1,2023,11,0,0
ITA.10.3.25_1,2023,11,0,0
ITA.10.3.26_1,2023,11,0,0
ITA.10.3.27_1,2023,11,0,0
ITA.10.3.28_1,2023,11,0,0
ITA.10.3.29_1,2023,11,0,0
ITA.10.3.3_1,2023,11,0,0
ITA.10.3.30_1,2023,11,0,0
ITA.10.3.31_1,2023,11,0,0
ITA.10.3.32_1,2023,11,0,0
ITA.10.3.33_1,2023,11,0,0
ITA.10.3.34_1,2023,11,0,0
ITA.10.3.35_1,2023,11,0,0
ITA.10.3.36_1,2023,11,0,0
ITA.10.3.37_1,2023,11,0,0
ITA.10.3.38_1,2023,11,0,0
ITA.10.3.39_1,2023,11,0,0
ITA.10.3.4_1,2023,11,0,0
ITA.10.3.40_1,2023,11,0,0
ITA.10.3.41_1,2023,11,0,0
ITA.10.3.42_1,2023,11,0,0
ITA.10.3.43_1,2023,11,0,0
ITA.10.3.44_1,2023,11,0,0
ITA.10.3.45_1,2023,11,0,0
ITA.10.3.46_1,2023,11,0,0
ITA.10.3.47_1,2023,11,0,0
ITA.10.3.48_1,2023,11,0,0
ITA.10.3.49_1,2023,11,0,0
ITA.10.3.5_1,2023,11,0,0
ITA.10.3.50_1,2023,11,0,0
ITA.10.3.51_1,2023,11,0,0
ITA.10.3.52_1,2023,11,0,0
ITA.10.3.53_1,2023,11,0,0
ITA.10.3.54_1,2023,11,0,0
ITA.10.3.55_1,2023,11,0,0
ITA.10.3.56_1,2023,11,0,0
ITA.10.3.57_1,2023,11,0,0
ITA.10.3.58_1,2023,11,0,0
ITA.10.3.59_1,2023,11,0,0
ITA.10.3.6_1,2023,11,0,0
ITA.10.3.60_1,2023,11,0,0
ITA.10.3.61_1,2023,11,0,0
ITA.10.3.62_1,2023,11,0,0
ITA.10.3.63_1,2023,11,0,0
ITA.10.3.64_1,2023,11,0,0
ITA.10.3.65_1,2023,11,0,0
ITA.10.3.66_1,2023,11,0,0
ITA.10.3.67_1,2023,11,0,0
ITA.10.3.68_1,2023,11,0,0
ITA.10.3.69_1,2023,11,0,0
ITA.10.3.7_1,2023,11,0,0
ITA.10.3.70_1,2023,11,0,0
ITA.10.3.71_1,2023,11,0,0
ITA.10.3.72_1,2023,11,0,0
ITA.10.3.73_1,2023,11,0,0
ITA.10.3.74_1,2023,11,0,0
ITA.10.3.75_1,2023,11,0,0
ITA.10.3.76_1,2023,11,0,0
ITA.10.3.77_1,2023,11,0,0
ITA.10.3.78_1,2023,11,0,0
ITA.10.3.79_1,2023,11,0,0
ITA.10.3.8_1,2023,11,0,0
ITA.10.3.80_1,2023,11,0,0
ITA.10.3.81_1,2023,11,0,0
ITA.10.3.82_1,2023,11,0,0
ITA.10.3.83_1,2023,11,0,0
ITA.10.3.84_1,2023,11,0,0
ITA.10.3.85_1,2023,11,0,0
ITA.10.3.86_1,2023,11,0,0
ITA.10.3.87_1,2023,11,0,0
ITA.10.3.88_1,2023,11,0,0
ITA.10.3.89_1,2023,11,0,0
ITA.10.3.9_1,2023,11,0,0
ITA.10.3.90_1,2023,11,0,0
ITA.10.3.91_1,2023,11,0,0
ITA.10.3.92_1,2023,11,0,0
ITA.10.3.93_1,2023,11,0,0
ITA.10.3.94_1,2023,11,0,0
ITA.10.3.95_1,2023,11,0,0
ITA.10.3.96_1,2023,11,0,0
ITA.10.3.97_1,2023,11,0,0
ITA.10.3.98_1,2023,11,0,0
ITA.10.3.99_1,2023,11,0,0
ITA.10.4.1_1,2023,11,0,0
ITA.10.4.10_1,2023,11,0,0
ITA.10.4.100_1,2023,11,0,0
ITA.10.4.101_1,2023,11,0,0
ITA.10.4.102_1,2023,11,0,0
ITA.10.4.103_1,2023,11,0,0
ITA.10.4.104_1,2023,11,0,0
ITA.10.4.105_1,2023,11,0,0
ITA.10.4.106_1,2023,11,0,0
ITA.10.4.107_1,2023,11,0,0
ITA.10.4.108_1,2023,11,0,0
ITA.10.4.109_1,2023,11,0,0
ITA.10.4.11_1,2023,11,0,0
ITA.10.4.110_1,2023,11,0,0
ITA.10.4.111_1,2023,11,0,0
ITA.10.4.112_1,2023,11,0,0
ITA.10.4.113_1,2023,11,0,0
ITA.10.4.114_1,2023,11,0,0
ITA.10.4.115_1,2023,11,0,0
ITA.10.4.12_1,2023,11,0,0
ITA.10.4.13_1,2023,11,0,0
ITA.10.4.14_1,2023,11,0,0
ITA.10.4.15_1,2023,11,0,0
ITA.10.4.16_1,2023,11,0,0
ITA.10.4.17_1,2023,11,0,0
ITA.10.4.18_1,2023,11,0,0
ITA.10.4.19_1,2023,11,0,0
ITA.10.4.2_1,2023,11,0,0
ITA.10.4.20_1,2023,11,0,0
ITA.10.4.21_1,2023,11,0,0
ITA.10.4.22_1,2023,11,0,0
ITA.10.4.23_1,2023,11,0,0
ITA.10.4.24_1,2023,11,0,0
ITA.10.4.25_1,2023,11,0,0
ITA.10.4.26_1,2023,11,0,0
ITA.10.4.27_1,2023,11,0,0
ITA.10.4.28_1,2023,11,0,0
ITA.10.4.29_1,2023,11,0,0
ITA.10.4.3_1,2023,11,0,0
ITA.10.4.30_1,2023,11,0,0
ITA.10.4.31_1,2023,11,0,0
ITA.10.4.32_1,2023,11,0,0
ITA.10.4.33_1,2023,11,0,0
ITA.10.4.34_1,2023,11,0,0
ITA.10.4.35_1,2023,11,0,0
ITA.10.4.36_1,2023,11,0,0
ITA.10.4.37_1,2023,11,0,0
ITA.10.4.38_1,2023,11,0,0
ITA.10.4.39_1,2023,11,0,0
ITA.10.4.4_1,2023,11,0,0
ITA.10.4.40_1,2023,11,0,0
ITA.10.4.41_1,2023,11,0,0
ITA.10.4.42_1,2023,11,0,0
ITA.10.4.43_1,2023,11,0,0
ITA.10.4.44_1,2023,11,0,0
ITA.10.4.45_1,2023,11,0,0
ITA.10.4.46_1,2023,11,0,0
ITA.10.4.47_1,2023,11,0,0
ITA.10.4.48_1,2023,11,0,0
ITA.10.4.49_1,2023,11,0,0
ITA.10.4.5_1,2023,11,0,0
ITA.10.4.50_1,2023,11,0,0
ITA.10.4.51_1,2023,11,0,0
ITA.10.4.52_1,2023,11,0,0
ITA.10.4.53_1,2023,11,0,0
ITA.10.4.54_1,2023,11,0,0
ITA.10.4.55_1,2023,11,0,0
ITA.10.4.56_1,2023,11,0,0
ITA.10.4.57_1,2023,11,0,0
ITA.10.4.58_1,2023,11,0,0
ITA.10.4.59_1,2023,11,0,0
ITA.10.4.6_1,2023,11,0,0
ITA.10.4.60_1,2023,11,0,0
ITA.10.4.61_1,2023,11,0,0
ITA.10.4.62_1,2023,11,0,0
ITA.10.4.63_1,2023,11,0,0
ITA.10.4.64_1,2023,11,0,0
ITA.10.4.65_1,2023,11,0,0
ITA.10.4.66_1,2023,11,0,0
ITA.10.4.67_1,2023,11,0,0
ITA.10.4.68_1,2023,11,0,0
ITA.10.4.69_1,2023,11,0,0
ITA.10.4.7_1,2023,11,0,0
ITA.10.4.70_1,2023,11,0,0
ITA.10.4.71_1,2023,11,0,0
ITA.10.4.72_1,2023,11,0,0
ITA.10.4.73_1,2023,11,0,0
ITA.10.4.74_1,2023,11,0,0
ITA.10.4.75_1,2023,11,0,0
ITA.10.4.76_1,2023,11,0,0
ITA.10.4.77_1,2023,11,0,0
ITA.10.4.78_1,2023,11,0,0
ITA.10.4.79_1,2023,11,0,0
ITA.10.4.8_1,2023,11,0,0
ITA.10.4.80_1,2023,11,0,0
ITA.10.4.81_1,2023,11,0,0
ITA.10.4.82_1,2023,11,0,0
ITA.10.4.83_1,2023,11,0,0
ITA.10.4.84_1,2023,11,0,0
ITA.10.4.85_1,2023,11,0,0
ITA.10.4.86_1,2023,11,0,0
ITA.10.4.87_1,2023,11,0,0
ITA.10.4.88_1,2023,11,0,0
ITA.10.4.89_1,2023,11,0,0
ITA.10.4.9_1,2023,11,0,0
ITA.10.4.90_1,2023,11,0,0
ITA.10.4.91_1,2023,11,0,0
ITA.10.4.92_1,2023,11,0,0
ITA.10.4.93_1,2023,11,0,0
ITA.10.4.94_1,2023,11,0,0
ITA.10.4.95_1,2023,11,0,0
ITA.10.4.96_1,2023,11,0,0
ITA.10.4.97_1,2023,11,0,0
ITA.10.4.98_1,2023,11,0,0
ITA.10.4.99_1,2023,11,0,0
ITA.10.5.1_1,2023,11,0,0
ITA.10.5.10_1,2023,11,0,0
ITA.10.5.11_1,2023,11,0,0
ITA.10.5.12_1,2023,11,0,0
ITA.10.5.13_1,2023,11,0,0
ITA.10.5.14_1,2023,11,0,0
ITA.10.5.15_1,2023,11,0,0
ITA.10.5.16_1,2023,11,0,0
ITA.10.5.17_1,2023,11,0,0
ITA.10.5.18_1,2023,11,0,0
ITA.10.5.19_1,2023,11,0,0
ITA.10.5.2_1,2023,11,0,0
ITA.10.5.20_1,2023,11,0,0
ITA.10.5.21_1,2023,11,0,0
ITA.10.5.22_1,2023,11,0,0
ITA.10.5.23_1,2023,11,0,0
ITA.10.5.24_1,2023,11,0,0
ITA.10.5.25_1,2023,11,0,0
ITA.10.5.26_1,2023,11,0,0
ITA.10.5.27_1,2023,11,0,0
ITA.10.5.28_1,2023,11,0,0
ITA.10.5.29_1,2023,11,0,0
ITA.10.5.3_1,2023,11,0,0
ITA.10.5.30_1,2023,11,0,0
ITA.10.5.31_1,2023,11,0,0
ITA.10.5.32_1,2023,11,0,0
ITA.10.5.33_1,2023,11,0,0
ITA.10.5.34_1,2023,11,0,0
ITA.10.5.35_1,2023,11,0,0
ITA.10.5.36_1,2023,11,0,0
ITA.10.5.37_1,2023,11,0,0
ITA.10.5.38_1,2023,11,0,0
ITA.10.5.39_1,2023,11,0,0
ITA.10.5.4_1,2023,11,0,0
ITA.10.5.40_1,2023,11,0,0
ITA.10.5.41_1,2023,11,0,0
ITA.10.5.42_1,2023,11,0,0
ITA.10.5.43_1,2023,11,0,0
ITA.10.5.44_1,2023,11,0,0
ITA.10.5.45_1,2023,11,0,0
ITA.10.5.46_1,2023,11,0,0
ITA.10.5.47_1,2023,11,0,0
ITA.10.5.48_1,2023,11,0,0
ITA.10.5.49_1,2023,11,0,0
ITA.10.5.5_1,2023,11,0,0
ITA.10.5.50_1,2023,11,0,0
ITA.10.5.51_1,2023,11,0,0
ITA.10.5.52_1,2023,11,0,0
ITA.10.5.53_1,2023,11,0,0
ITA.10.5.54_1,2023,11,0,0
ITA.10.5.55_1,2023,11,0,0
ITA.10.5.56_1,2023,11,0,0
ITA.10.5.57_1,2023,11,0,0
ITA.10.5.58_1,2023,11,0,0
ITA.10.5.59_1,2023,11,0,0
ITA.10.5.6_1,2023,11,0,0
ITA.10.5.60_1,2023,11,0,0
ITA.10.5.61_1,2023,11,0,0
ITA.10.5.62_1,2023,11,0,0
ITA.10.5.63_1,2023,11,0,0
ITA.10.5.64_1,2023,11,0,0
ITA.10.5.65_1,2023,11,0,0
ITA.10.5.66_1,2023,11,0,0
ITA.10.5.67_1,2023,11,0,0
ITA.10.5.68_1,2023,11,0,0
ITA.10.5.69_1,2023,11,0,0
ITA.10.5.7_1,2023,11,0,0
ITA.10.5.70_1,2023,11,0,0
ITA.10.5.71_1,2023,11,0,0
ITA.10.5.72_1,2023,11,0,0
ITA.10.5.73_1,2023,11,0,0
ITA.10.5.74_1,2023,11,0,0
ITA.10.5.75_1,2023,11,0,0
ITA.10.5.76_1,2023,11,0,0
ITA.10.5.77_1,2023,11,0,0
ITA.10.5.78_1,2023,11,0,0
ITA.10.5.79_1,2023,11,0,0
ITA.10.5.8_1,2023,11,0,0
ITA.10.5.80_1,2023,11,0,0
ITA.10.5.81_1,2023,11,0,0
ITA.10.5.82_1,2023,11,0,0
ITA.10.5.83_1,2023,11,0,0
ITA.10.5.84_1,2023,11,0,0
ITA.10.5.85_1,2023,11,0,0
ITA.10.5.86_1,2023,11,0,0
ITA.10.5.87_1,2023,11,0,0
ITA.10.5.88_1,2023,11,0,0
ITA.10.5.89_1,2023,11,0,0
ITA.10.5.9_1,2023,11,0,0
ITA.10.5.90_1,2023,11,0,0
ITA.10.6.1_1,2023,11,0,0
ITA.10.6.10_1,2023,11,0,0
ITA.10.6.11_1,2023,11,0,0
ITA.10.6.12_1,2023,11,0,0
ITA.10.6.13_1,2023,11,0,0
ITA.10.6.14_1,2023,11,0,0
ITA.10.6.15_1,2023,11,0,0
ITA.10.6.16_1,2023,11,0,0
ITA.10.6.17_1,2023,11,0,0
ITA.10.6.18_1,2023,11,0,0
ITA.10.6.19_1,2023,11,0,0
ITA.10.6.2_1,2023,11,0,0
ITA.10.6.20_1,2023,11,0,0
ITA.10.6.21_1,2023,11,0,0
ITA.10.6.22_1,2023,11,0,0
ITA.10.6.23_1,2023,11,0,0
ITA.10.6.24_1,2023,11,0,0
ITA.10.6.25_1,2023,11,0,0
ITA.10.6.26_1,2023,11,0,0
ITA.10.6.27_1,2023,11,0,0
ITA.10.6.28_1,2023,11,0,0
ITA.10.6.29_1,2023,11,0,0
ITA.10.6.3_1,2023,11,0,0
ITA.10.6.30_1,2023,11,0,0
ITA.10.6.31_1,2023,11,0,0
ITA.10.6.32_1,2023,11,0,0
ITA.10.6.33_1,2023,11,0,0
ITA.10.6.34_1,2023,11,0,0
ITA.10.6.35_1,2023,11,0,0
ITA.10.6.36_1,2023,11,0,0
ITA.10.6.37_1,2023,11,0,0
ITA.10.6.38_1,2023,11,0,0
ITA.10.6.39_1,2023,11,0,0
ITA.10.6.4_1,2023,11,0,0
ITA.10.6.40_1,2023,11,0,0
ITA.10.6.41_1,2023,11,0,0
ITA.10.6.42_1,2023,11,0,0
ITA.10.6.43_1,2023,11,0,0
ITA.10.6.44_1,2023,11,0,0
ITA.10.6.45_1,2023,11,0,0
ITA.10.6.46_1,2023,11,0,0
ITA.10.6.47_1,2023,11,0,0
ITA.10.6.48_1,2023,11,0,0
ITA.10.6.49_1,2023,11,0,0
ITA.10.6.5_1,2023,11,0,0
ITA.10.6.50_1,2023,11,0,0
ITA.10.6.51_1,2023,11,0,0
ITA.10.6.52_1,2023,11,0,0
ITA.10.6.53_1,2023,11,0,0
ITA.10.6.54_1,2023,11,0,0
ITA.10.6.55_1,2023,11,0,0
ITA.10.6.56_1,2023,11,0,0
ITA.10.6.57_1,2023,11,0,0
ITA.10.6.58_1,2023,11,0,0
ITA.10.6.59_1,2023,11,0,0
ITA.10.6.6_1,2023,11,0,0
ITA.10.6.60_1,2023,11,0,0
ITA.10.6.61_1,2023,11,0,0
ITA.10.6.62_1,2023,11,0,0
ITA.10.6.7_1,2023,11,0,0
ITA.10.6.8_1,2023,11,0,0
ITA.10.6.9_1,2023,11,0,0
ITA.10.7.1_1,2023,11,0,0
ITA.10.7.10_1,2023,11,0,0
ITA.10.7.11_1,2023,11,0,0
ITA.10.7.12_1,2023,11,0,0
ITA.10.7.13_1,2023,11,0,0
ITA.10.7.14_1,2023,11,0,0
ITA.10.7.15_1,2023,11,0,0
ITA.10.7.16_1,2023,11,0,0
ITA.10.7.17_1,2023,11,0,0
ITA.10.7.18_1,2023,11,0,0
ITA.10.7.19_1,2023,11,0,0
ITA.10.7.2_1,2023,11,0,0
ITA.10.7.20_1,2023,11,0,0
ITA.10.7.21_1,2023,11,0,0
ITA.10.7.22_1,2023,11,0,0
ITA.10.7.23_1,2023,11,0,0
ITA.10.7.24_1,2023,11,0,0
ITA.10.7.25_1,2023,11,0,0
ITA.10.7.26_1,2023,11,0,0
ITA.10.7.27_1,2023,11,0,0
ITA.10.7.28_1,2023,11,0,0
ITA.10.7.29_1,2023,11,0,0
ITA.10.7.3_1,2023,11,0,0
ITA.10.7.30_1,2023,11,0,0
ITA.10.7.31_1,2023,11,0,0
ITA.10.7.32_1,2023,11,0,0
ITA.10.7.33_1,2023,11,0,0
ITA.10.7.34_1,2023,11,0,0
ITA.10.7.35_1,2023,11,0,0
ITA.10.7.36_1,2023,11,0,0
ITA.10.7.37_1,2023,11,0,0
ITA.10.7.38_1,2023,11,0,0
ITA.10.7.39_1,2023,11,0,0
ITA.10.7.4_1,2023,11,0,0
ITA.10.7.40_1,2023,11,0,0
ITA.10.7.41_1,2023,11,0,0
ITA.10.7.42_1,2023,11,0,0
ITA.10.7.43_1,2023,11,0,0
ITA.10.7.44_1,2023,11,0,0
ITA.10.7.45_1,2023,11,0,0
ITA.10.7.46_1,2023,11,0,0
ITA.10.7.47_1,2023,11,0,0
ITA.10.7.48_1,2023,11,0,0
ITA.10.7.49_1,2023,11,0,0
ITA.10.7.5_1,2023,11,0,0
ITA.10.7.50_1,2023,11,0,0
ITA.10.7.51_1,2023,11,0,0
ITA.10.7.52_1,2023,11,0,0
ITA.10.7.53_1,2023,11,0,0
ITA.10.7.54_1,2023,11,0,0
ITA.10.7.55_1,2023,11,0,0
ITA.10.7.56_1,2023,11,0,0
ITA.10.7.57_1,2023,11,0,0
ITA.10.7.58_1,2023,11,0,0
ITA.10.7.59_1,2023,11,0,0
ITA.10.7.6_1,2023,11,0,0
ITA.10.7.60_1,2023,11,0,0
ITA.10.7.61_1,2023,11,0,0
ITA.10.7.62_1,2023,11,0,0
ITA.10.7.63_1,2023,11,0,0
ITA.10.7.64_1,2023,11,0,0
ITA.10.7.65_1,2023,11,0,0
ITA.10.7.66_1,2023,11,0,0
ITA.10.7.67_1,2023,11,0,0
ITA.10.7.68_1,2023,11,0,0
ITA.10.7.69_1,2023,11,0,0
ITA.10.7.7_1,2023,11,0,0
ITA.10.7.70_1,2023,11,0,0
ITA.10.7.8_1,2023,11,0,0
ITA.10.7.9_1,2023,11,0,0
ITA.10.8.1_1,2023,11,0,0
ITA.10.8.10_1,2023,11,0,0
ITA.10.8.100_1,2023,11,0,0
ITA.10.8.101_1,2023,11,0,0
ITA.10.8.102_1,2023,11,0,0
ITA.10.8.103_1,2023,11,0,0
ITA.10.8.104_1,2023,11,0,0
ITA.10.8.105_1,2023,11,0,0
ITA.10.8.106_1,2023,11,0,0
ITA.10.8.107_1,2023,11,0,0
ITA.10.8.108_1,2023,11,0,0
ITA.10.8.109_1,2023,11,0,0
ITA.10.8.11_1,2023,11,0,0
ITA.10.8.110_1,2023,11,0,0
ITA.10.8.111_1,2023,11,0,0
ITA.10.8.112_1,2023,11,0,0
ITA.10.8.113_1,2023,11,0,0
ITA.10.8.114_1,2023,11,0,0
ITA.10.8.115_1,2023,11,0,0
ITA.10.8.116_1,2023,11,0,0
ITA.10.8.117_1,2023,11,0,0
ITA.10.8.118_1,2023,11,0,0
ITA.10.8.119_1,2023,11,0,0
ITA.10.8.12_1,2023,11,0,0
ITA.10.8.120_1,2023,11,0,0
ITA.10.8.121_1,2023,11,0,0
ITA.10.8.122_1,2023,11,0,0
ITA.10.8.123_1,2023,11,0,0
ITA.10.8.124_1,2023,11,0,0
ITA.10.8.125_1,2023,11,0,0
ITA.10.8.126_1,2023,11,0,0
ITA.10.8.127_1,2023,11,0,0
ITA.10.8.128_1,2023,11,0,0
ITA.10.8.129_1,2023,11,0,0
ITA.10.8.13_1,2023,11,0,0
ITA.10.8.130_1,2023,11,0,0
ITA.10.8.131_1,2023,11,0,0
ITA.10.8.132_1,2023,11,0,0
ITA.10.8.133_1,2023,11,0,0
ITA.10.8.14_1,2023,11,0,0
ITA.10.8.15_1,2023,11,0,0
ITA.10.8.16_1,2023,11,0,0
ITA.10.8.17_1,2023,11,0,0
ITA.10.8.18_1,2023,11,0,0
ITA.10.8.19_1,2023,11,0,0
ITA.10.8.2_1,2023,11,0,0
ITA.10.8.20_1,2023,11,0,0
ITA.10.8.21_1,2023,11,0,0
ITA.10.8.22_1,2023,11,0,0
ITA.10.8.23_1,2023,11,0,0
ITA.10.8.24_1,2023,11,0,0
ITA.10.8.25_1,2023,11,0,0
ITA.10.8.26_1,2023,11,0,0
ITA.10.8.27_1,2023,11,0,0
ITA.10.8.28_1,2023,11,0,0
ITA.10.8.29_1,2023,11,0,0
ITA.10.8.3_1,2023,11,0,0
ITA.10.8.30_1,2023,11,0,0
ITA.10.8.31_1,2023,11,0,0
ITA.10.8.32_1,2023,11,0,0
ITA.10.8.33_1,2023,11,0,0
ITA.10.8.34_1,2023,11,0,0
ITA.10.8.35_1,2023,11,0,0
ITA.10.8.36_1,2023,11,0,0
ITA.10.8.37_1,2023,11,0,0
ITA.10.8.38_1,2023,11,0,0
ITA.10.8.39_1,2023,11,0,0
ITA.10.8.4_1,2023,11,0,0
ITA.10.8.40_1,2023,11,0,0
ITA.10.8.41_1,2023,11,0,0
ITA.10.8.42_1,2023,11,0,0
ITA.10.8.43_1,2023,11,0,0
ITA.10.8.44_1,2023,11,0,0
ITA.10.8.45_1,2023,11,0,0
ITA.10.8.46_1,2023,11,0,0
ITA.10.8.47_1,2023,11,0,0
ITA.10.8.48_1,2023,11,0,0
ITA.10.8.49_1,2023,11,0,0
ITA.10.8.5_1,2023,11,0,0
ITA.10.8.50_1,2023,11,0,0
ITA.10.8.51_1,2023,11,0,0
ITA.10.8.52_1,2023,11,0,0
ITA.10.8.53_1,2023,11,0,0
ITA.10.8.54_1,2023,11,0,0
ITA.10.8.55_1,2023,11,0,0
ITA.10.8.56_1,2023,11,0,0
ITA.10.8.57_1,2023,11,0,0
ITA.10.8.58_1,2023,11,0,0
ITA.10.8.59_1,2023,11,0,0
ITA.10.8.6_1,2023,11,0,0
ITA.10.8.60_1,2023,11,0,0
ITA.10.8.61_1,2023,11,0,0
ITA.10.8.62_1,2023,11,0,0
ITA.10.8.63_1,2023,11,0,0
ITA.10.8.64_1,2023,11,0,0
ITA.10.8.65_1,2023,11,0,0
ITA.10.8.66_1,2023,11,0,0
ITA.10.8.67_1,2023,11,0,0
ITA.10.8.68_1,2023,11,0,0
ITA.10.8.69_1,2023,11,0,0
ITA.10.8.7_1,2023,11,0,0
ITA.10.8.70_1,2023,11,0,0
ITA.10.8.71_1,2023,11,0,0
ITA.10.8.72_1,2023,11,0,0
ITA.10.8.73_1,2023,11,0,0
ITA.10.8.74_1,2023,11,0,0
ITA.10.8.75_1,2023,11,0,0
ITA.10.8.76_1,2023,11,0,0
ITA.10.8.77_1,2023,11,0,0
ITA.10.8.78_1,2023,11,0,0
ITA.10.8.79_1,2023,11,0,0
ITA.10.8.8_1,2023,11,0,0
ITA.10.8.80_1,2023,11,0,0
ITA.10.8.81_1,2023,11,0,0
ITA.10.8.82_1,2023,11,0,0
ITA.10.8.83_1,2023,11,0,0
ITA.10.8.84_1,2023,11,0,0
ITA.10.8.85_1,2023,11,0,0
ITA.10.8.86_1,2023,11,0,0
ITA.10.8.87_1,2023,11,0,0
ITA.10.8.88_1,2023,11,0,0
ITA.10.8.89_1,2023,11,0,0
ITA.10.8.9_1,2023,11,0,0
ITA.10.8.90_1,2023,11,0,0
ITA.10.8.91_1,2023,11,0,0
ITA.10.8.92_1,2023,11,0,0
ITA.10.8.93_1,2023,11,0,0
ITA.10.8.94_1,2023,11,0,0
ITA.10.8.95_1,2023,11,0,0
ITA.10.8.96_1,2023,11,0,0
ITA.10.8.97_1,2023,11,0,0
ITA.10.8.98_1,2023,11,0,0
ITA.10.8.99_1,2023,11,0,0
ITA.10.9.1_1,2023,11,0,0
ITA.10.9.10_1,2023,11,0,0
ITA.10.9.11_1,2023,11,0,0
ITA.10.9.12_1,2023,11,0,0
ITA.10.9.13_1,2023,11,0,0
ITA.10.9.14_1,2023,11,0,0
ITA.10.9.15_1,2023,11,0,0
ITA.10.9.16_1,2023,11,0,0
ITA.10.9.17_1,2023,11,0,0
ITA.10.9.18_1,2023,11,0,0
ITA.10.9.19_1,2023,11,0,0
ITA.10.9.2_1,2023,11,0,0
ITA.10.9.20_1,2023,11,0,0
ITA.10.9.21_1,2023,11,0,0
ITA.10.9.22_1,2023,11,0,0
ITA.10.9.23_1,2023,11,0,0
ITA.10.9.24_1,2023,11,0,0
ITA.10.9.25_1,2023,11,0,0
ITA.10.9.26_1,2023,11,0,0
ITA.10.9.27_1,2023,11,0,0
ITA.10.9.28_1,2023,11,0,0
ITA.10.9.29_1,2023,11,0,0
ITA.10.9.3_1,2023,11,0,0
ITA.10.9.30_1,2023,11,0,0
ITA.10.9.31_1,2023,11,0,0
ITA.10.9.32_1,2023,11,0,0
ITA.10.9.33_1,2023,11,0,0
ITA.10.9.34_1,2023,11,0,0
ITA.10.9.35_1,2023,11,0,0
ITA.10.9.36_1,2023,11,0,0
ITA.10.9.37_1,2023,11,0,0
ITA.10.9.38_1,2023,11,0,0
ITA.10.9.39_1,2023,11,0,0
ITA.10.9.4_1,2023,11,0,0
ITA.10.9.40_1,2023,11,0,0
ITA.10.9.41_1,2023,11,0,0
ITA.10.9.42_1,2023,11,0,0
ITA.10.9.43_1,2023,11,0,0
ITA.10.9.44_1,2023,11,0,0
ITA.10.9.45_1,2023,11,0,0
ITA.10.9.46_1,2023,11,0,0
ITA.10.9.47_1,2023,11,0,0
ITA.10.9.48_1,2023,11,0,0
ITA.10.9.49_1,2023,11,0,0
ITA.10.9.5_1,2023,11,0,0
ITA.10.9.50_1,2023,11,0,0
ITA.10.9.51_1,2023,11,0,0
ITA.10.9.52_1,2023,11,0,0
ITA.10.9.53_1,2023,11,0,0
ITA.10.9.54_1,2023,11,0,0
ITA.10.9.6_1,2023,11,0,0
ITA.10.9.7_1,2023,11,0,0
ITA.10.9.8_1,2023,11,0,0
ITA.10.9.9_1,2023,11,0,0
ITA.11.1.1_1,2023,11,0,0
ITA.11.1.10_1,2023,11,0,0
ITA.11.1.11_1,2023,11,0,0
ITA.11.1.12_1,2023,11,0,0
ITA.11.1.13_1,2023,11,0,0
ITA.11.1.14_1,2023,11,0,0
ITA.11.1.15_1,2023,11,0,0
ITA.11.1.16_1,2023,11,0,0
ITA.11.1.17_1,2023,11,0,0
ITA.11.1.18_1,2023,11,0,0
ITA.11.1.19_1,2023,11,0,0
ITA.11.1.2_1,2023,11,0,0
ITA.11.1.20_1,2023,11,0,0
ITA.11.1.21_1,2023,11,0,0
ITA.11.1.22_1,2023,11,0,0
ITA.11.1.23_1,2023,11,0,0
ITA.11.1.24_1,2023,11,0,0
ITA.11.1.25_1,2023,11,0,0
ITA.11.1.26_1,2023,11,0,0
ITA.11.1.27_1,2023,11,0,0
ITA.11.1.28_1,2023,11,0,0
ITA.11.1.29_1,2023,11,0,0
ITA.11.1.3_1,2023,11,0,0
ITA.11.1.30_1,2023,11,0,0
ITA.11.1.31_1,2023,11,0,0
ITA.11.1.32_1,2023,11,0,0
ITA.11.1.33_1,2023,11,0,0
ITA.11.1.34_1,2023,11,0,0
ITA.11.1.35_1,2023,11,0,0
ITA.11.1.36_1,2023,11,0,0
ITA.11.1.37_1,2023,11,0,0
ITA.11.1.38_1,2023,11,0,0
ITA.11.1.39_1,2023,11,0,0
ITA.11.1.4_1,2023,11,0,0
ITA.11.1.40_1,2023,11,0,0
ITA.11.1.41_1,2023,11,0,0
ITA.11.1.42_1,2023,11,0,0
ITA.11.1.43_1,2023,11,0,0
ITA.11.1.44_1,2023,11,0,0
ITA.11.1.45_1,2023,11,0,0
ITA.11.1.46_1,2023,11,0,0
ITA.11.1.47_1,2023,11,0,0
ITA.11.1.48_1,2023,11,0,0
ITA.11.1.49_1,2023,11,0,0
ITA.11.1.5_1,2023,11,0,0
ITA.11.1.6_1,2023,11,0,0
ITA.11.1.7_1,2023,11,0,0
ITA.11.1.8_1,2023,11,0,0
ITA.11.1.9_1,2023,11,0,0
ITA.11.2.1_1,2023,11,0,0
ITA.11.2.10_1,2023,11,0,0
ITA.11.2.11_1,2023,11,0,0
ITA.11.2.12_1,2023,11,0,0
ITA.11.2.13_1,2023,11,0,0
ITA.11.2.14_1,2023,11,0,0
ITA.11.2.15_1,2023,11,0,0
ITA.11.2.16_1,2023,11,0,0
ITA.11.2.17_1,2023,11,0,0
ITA.11.2.18_1,2023,11,0,0
ITA.11.2.19_1,2023,11,0,0
ITA.11.2.2_1,2023,11,0,0
ITA.11.2.20_1,2023,11,0,0
ITA.11.2.21_1,2023,11,0,0
ITA.11.2.22_1,2023,11,0,0
ITA.11.2.23_1,2023,11,0,0
ITA.11.2.24_1,2023,11,0,0
ITA.11.2.25_1,2023,11,0,0
ITA.11.2.26_1,2023,11,0,0
ITA.11.2.27_1,2023,11,0,0
ITA.11.2.28_1,2023,11,0,0
ITA.11.2.29_1,2023,11,0,0
ITA.11.2.3_1,2023,11,0,0
ITA.11.2.30_1,2023,11,0,0
ITA.11.2.31_1,2023,11,0,0
ITA.11.2.32_1,2023,11,0,0
ITA.11.2.33_1,2023,11,0,0
ITA.11.2.4_1,2023,11,0,0
ITA.11.2.5_1,2023,11,0,0
ITA.11.2.6_1,2023,11,0,0
ITA.11.2.7_1,2023,11,0,0
ITA.11.2.8_1,2023,11,0,0
ITA.11.2.9_1,2023,11,0,0
ITA.11.3.1_1,2023,11,0,0
ITA.11.3.10_1,2023,11,0,0
ITA.11.3.11_1,2023,11,0,0
ITA.11.3.12_1,2023,11,0,0
ITA.11.3.13_1,2023,11,0,0
ITA.11.3.14_1,2023,11,0,0
ITA.11.3.15_1,2023,11,0,0
ITA.11.3.16_1,2023,11,0,0
ITA.11.3.17_1,2023,11,0,0
ITA.11.3.18_1,2023,11,0,0
ITA.11.3.19_1,2023,11,0,0
ITA.11.3.2_1,2023,11,0,0
ITA.11.3.20_1,2023,11,0,0
ITA.11.3.21_1,2023,11,0,0
ITA.11.3.22_1,2023,11,0,0
ITA.11.3.23_1,2023,11,0,0
ITA.11.3.24_1,2023,11,0,0
ITA.11.3.25_1,2023,11,0,0
ITA.11.3.26_1,2023,11,0,0
ITA.11.3.27_1,2023,11,0,0
ITA.11.3.28_1,2023,11,0,0
ITA.11.3.29_1,2023,11,0,0
ITA.11.3.3_1,2023,11,0,0
ITA.11.3.30_1,2023,11,0,0
ITA.11.3.31_1,2023,11,0,0
ITA.11.3.32_1,2023,11,0,0
ITA.11.3.33_1,2023,11,0,0
ITA.11.3.34_1,2023,11,0,0
ITA.11.3.35_1,2023,11,0,0
ITA.11.3.36_1,2023,11,0,0
ITA.11.3.37_1,2023,11,0,0
ITA.11.3.38_1,2023,11,0,0
ITA.11.3.39_1,2023,11,0,0
ITA.11.3.4_1,2023,11,0,0
ITA.11.3.40_1,2023,11,0,0
ITA.11.3.5_1,2023,11,0,0
ITA.11.3.6_1,2023,11,0,0
ITA.11.3.7_1,2023,11,0,0
ITA.11.3.8_1,2023,11,0,0
ITA.11.3.9_1,2023,11,0,0
ITA.11.4.1_1,2023,11,0,0
ITA.11.4.10_1,2023,11,0,0
ITA.11.4.11_1,2023,11,0,0
ITA.11.4.12_1,2023,11,0,0
ITA.11.4.13_1,2023,11,0,0
ITA.11.4.14_1,2023,11,0,0
ITA.11.4.15_1,2023,11,0,0
ITA.11.4.16_1,2023,11,0,0
ITA.11.4.17_1,2023,11,0,0
ITA.11.4.18_1,2023,11,0,0
ITA.11.4.19_1,2023,11,0,0
ITA.11.4.2_1,2023,11,0,0
ITA.11.4.20_1,2023,11,0,0
ITA.11.4.21_1,2023,11,0,0
ITA.11.4.22_1,2023,11,0,0
ITA.11.4.23_1,2023,11,0,0
ITA.11.4.24_1,2023,11,0,0
ITA.11.4.25_1,2023,11,0,0
ITA.11.4.26_1,2023,11,0,0
ITA.11.4.27_1,2023,11,0,0
ITA.11.4.28_1,2023,11,0,0
ITA.11.4.29_1,2023,11,0,0
ITA.11.4.3_1,2023,11,0,0
ITA.11.4.30_1,2023,11,0,0
ITA.11.4.31_1,2023,11,0,0
ITA.11.4.32_1,2023,11,0,0
ITA.11.4.33_1,2023,11,0,0
ITA.11.4.34_1,2023,11,0,0
ITA.11.4.35_1,2023,11,0,0
ITA.11.4.36_1,2023,11,0,0
ITA.11.4.37_1,2023,11,0,0
ITA.11.4.38_1,2023,11,0,0
ITA.11.4.39_1,2023,11,0,0
ITA.11.4.4_1,2023,11,0,0
ITA.11.4.40_1,2023,11,0,0
ITA.11.4.41_1,2023,11,0,0
ITA.11.4.42_1,2023,11,0,0
ITA.11.4.43_1,2023,11,0,0
ITA.11.4.44_1,2023,11,0,0
ITA.11.4.45_1,2023,11,0,0
ITA.11.4.46_1,2023,11,0,0
ITA.11.4.47_1,2023,11,0,0
ITA.11.4.48_1,2023,11,0,0
ITA.11.4.49_1,2023,11,0,0
ITA.11.4.5_1,2023,11,0,0
ITA.11.4.50_1,2023,11,0,0
ITA.11.4.51_1,2023,11,0,0
ITA.11.4.52_1,2023,11,0,0
ITA.11.4.53_1,2023,11,0,0
ITA.11.4.54_1,2023,11,0,0
ITA.11.4.55_1,2023,11,0,0
ITA.11.4.56_1,2023,11,0,0
ITA.11.4.57_1,2023,11,0,0
ITA.11.4.6_1,2023,11,0,0
ITA.11.4.7_1,2023,11,0,0
ITA.11.4.8_1,2023,11,0,0
ITA.11.4.9_1,2023,11,0,0
ITA.11.5.1_1,2023,11,0,0
ITA.11.5.10_1,2023,11,0,0
ITA.11.5.11_1,2023,11,0,0
ITA.11.5.12_1,2023,11,0,0
ITA.11.5.13_1,2023,11,0,0
ITA.11.5.14_1,2023,11,0,0
ITA.11.5.15_1,2023,11,0,0
ITA.11.5.16_1,2023,11,0,0
ITA.11.5.17_1,2023,11,0,0
ITA.11.5.18_1,2023,11,0,0
ITA.11.5.19_1,2023,11,0,0
ITA.11.5.2_1,2023,11,0,0
ITA.11.5.20_1,2023,11,0,0
ITA.11.5.21_1,2023,11,0,0
ITA.11.5.22_1,2023,11,0,0
ITA.11.5.23_1,2023,11,0,0
ITA.11.5.24_1,2023,11,0,0
ITA.11.5.25_1,2023,11,0,0
ITA.11.5.26_1,2023,11,0,0
ITA.11.5.27_1,2023,11,0,0
ITA.11.5.28_1,2023,11,0,0
ITA.11.5.29_1,2023,11,0,0
ITA.11.5.3_1,2023,11,0,0
ITA.11.5.30_1,2023,11,0,0
ITA.11.5.31_1,2023,11,0,0
ITA.11.5.32_1,2023,11,0,0
ITA.11.5.33_1,2023,11,0,0
ITA.11.5.34_1,2023,11,0,0
ITA.11.5.35_1,2023,11,0,0
ITA.11.5.36_1,2023,11,0,0
ITA.11.5.37_1,2023,11,0,0
ITA.11.5.38_1,2023,11,0,0
ITA.11.5.39_1,2023,11,0,0
ITA.11.5.4_1,2023,11,0,0
ITA.11.5.40_1,2023,11,0,0
ITA.11.5.41_1,2023,11,0,0
ITA.11.5.42_1,2023,11,0,0
ITA.11.5.43_1,2023,11,0,0
ITA.11.5.44_1,2023,11,0,0
ITA.11.5.45_1,2023,11,0,0
ITA.11.5.46_1,2023,11,0,0
ITA.11.5.47_1,2023,11,0,0
ITA.11.5.48_1,2023,11,0,0
ITA.11.5.49_1,2023,11,0,0
ITA.11.5.5_1,2023,11,0,0
ITA.11.5.50_1,2023,11,0,0
ITA.11.5.51_1,2023,11,0,0
ITA.11.5.52_1,2023,11,0,0
ITA.11.5.53_1,2023,11,0,0
ITA.11.5.54_1,2023,11,0,0
ITA.11.5.55_1,2023,11,0,0
ITA.11.5.56_1,2023,11,0,0
ITA.11.5.57_1,2023,11,0,0
ITA.11.5.58_1,2023,11,0,0
ITA.11.5.59_1,2023,11,0,0
ITA.11.5.6_1,2023,11,0,0
ITA.11.5.60_1,2023,11,0,0
ITA.11.5.61_1,2023,11,0,0
ITA.11.5.62_1,2023,11,0,0
ITA.11.5.63_1,2023,11,0,0
ITA.11.5.64_1,2023,11,0,0
ITA.11.5.65_1,2023,11,0,0
ITA.11.5.66_1,2023,11,0,0
ITA.11.5.67_1,2023,11,0,0
ITA.11.5.7_1,2023,11,0,0
ITA.11.5.8_1,2023,11,0,0
ITA.11.5.9_1,2023,11,0,0
ITA.12.1.1_1,2023,11,0,0
ITA.12.1.10_1,2023,11,0,0
ITA.12.1.11_1,2023,11,0,0
ITA.12.1.12_1,2023,11,0,0
ITA.12.1.13_1,2023,11,0,0
ITA.12.1.14_1,2023,11,0,0
ITA.12.1.15_1,2023,11,0,0
ITA.12.1.16_1,2023,11,0,0
ITA.12.1.17_1,2023,11,0,0
ITA.12.1.18_1,2023,11,0,0
ITA.12.1.19_1,2023,11,0,0
ITA.12.1.2_1,2023,11,0,0
ITA.12.1.20_1,2023,11,0,0
ITA.12.1.21_1,2023,11,0,0
ITA.12.1.22_1,2023,11,0,0
ITA.12.1.23_1,2023,11,0,0
ITA.12.1.24_1,2023,11,0,0
ITA.12.1.25_1,2023,11,0,0
ITA.12.1.26_1,2023,11,0,0
ITA.12.1.27_1,2023,11,0,0
ITA.12.1.28_1,2023,11,0,0
ITA.12.1.29_1,2023,11,0,0
ITA.12.1.3_1,2023,11,0,0
ITA.12.1.30_1,2023,11,0,0
ITA.12.1.31_1,2023,11,0,0
ITA.12.1.32_1,2023,11,0,0
ITA.12.1.33_1,2023,11,0,0
ITA.12.1.34_1,2023,11,0,0
ITA.12.1.35_1,2023,11,0,0
ITA.12.1.36_1,2023,11,0,0
ITA.12.1.37_1,2023,11,0,0
ITA.12.1.38_1,2023,11,0,0
ITA.12.1.39_1,2023,11,0,0
ITA.12.1.4_1,2023,11,0,0
ITA.12.1.40_1,2023,11,0,0
ITA.12.1.41_1,2023,11,0,0
ITA.12.1.42_1,2023,11,0,0
ITA.12.1.43_1,2023,11,0,0
ITA.12.1.44_1,2023,11,0,0
ITA.12.1.45_1,2023,11,0,0
ITA.12.1.46_1,2023,11,0,0
ITA.12.1.47_1,2023,11,0,0
ITA.12.1.48_1,2023,11,0,0
ITA.12.1.49_1,2023,11,0,0
ITA.12.1.5_1,2023,11,0,0
ITA.12.1.50_1,2023,11,0,0
ITA.12.1.51_1,2023,11,0,0
ITA.12.1.52_1,2023,11,0,0
ITA.12.1.53_1,2023,11,0,0
ITA.12.1.54_1,2023,11,0,0
ITA.12.1.55_1,2023,11,0,0
ITA.12.1.56_1,2023,11,0,0
ITA.12.1.57_1,2023,11,0,0
ITA.12.1.58_1,2023,11,0,0
ITA.12.1.59_1,2023,11,0,0
ITA.12.1.6_1,2023,11,0,0
ITA.12.1.60_1,2023,11,0,0
ITA.12.1.61_1,2023,11,0,0
ITA.12.1.62_1,2023,11,0,0
ITA.12.1.63_1,2023,11,0,0
ITA.12.1.64_1,2023,11,0,0
ITA.12.1.65_1,2023,11,0,0
ITA.12.1.66_1,2023,11,0,0
ITA.12.1.67_1,2023,11,0,0
ITA.12.1.68_1,2023,11,0,0
ITA.12.1.69_1,2023,11,0,0
ITA.12.1.7_1,2023,11,0,0
ITA.12.1.70_1,2023,11,0,0
ITA.12.1.71_1,2023,11,0,0
ITA.12.1.72_1,2023,11,0,0
ITA.12.1.73_1,2023,11,0,0
ITA.12.1.74_1,2023,11,0,0
ITA.12.1.75_1,2023,11,0,0
ITA.12.1.76_1,2023,11,0,0
ITA.12.1.77_1,2023,11,0,0
ITA.12.1.78_1,2023,11,0,0
ITA.12.1.79_1,2023,11,0,0
ITA.12.1.8_1,2023,11,0,0
ITA.12.1.80_1,2023,11,0,0
ITA.12.1.81_1,2023,11,0,0
ITA.12.1.82_1,2023,11,0,0
ITA.12.1.83_1,2023,11,0,0
ITA.12.1.84_1,2023,11,0,0
ITA.12.1.9_1,2023,11,0,0
ITA.12.2.16_1,2023,11,0,0
ITA.12.2.18_1,2023,11,0,0
ITA.12.2.2_1,2023,11,0,0
ITA.12.2.22_1,2023,11,0,0
ITA.12.2.26_1,2023,11,0,0
ITA.12.2.29_1,2023,11,0,0
ITA.12.2.3_1,2023,11,0,0
ITA.12.2.30_1,2023,11,0,0
ITA.12.2.33_1,2023,11,0,0
ITA.12.2.36_1,2023,11,0,0
ITA.12.2.37_1,2023,11,0,0
ITA.12.2.4_1,2023,11,0,0
ITA.12.2.40_1,2023,11,0,0
ITA.12.2.43_1,2023,11,0,0
ITA.12.2.45_1,2023,11,0,0
ITA.12.2.46_1,2023,11,0,0
ITA.12.2.5_1,2023,11,0,0
ITA.12.2.50_1,2023,11,0,0
ITA.12.2.52_1,2023,11,0,0
ITA.12.2.9_1,2023,11,0,0
ITA.13.1.1_1,2023,11,0,0
ITA.13.1.10_1,2023,11,0,0
ITA.13.1.100_1,2023,11,0,0
ITA.13.1.101_1,2023,11,0,0
ITA.13.1.102_1,2023,11,0,0
ITA.13.1.103_1,2023,11,0,0
ITA.13.1.104_1,2023,11,0,0
ITA.13.1.105_1,2023,11,0,0
ITA.13.1.106_1,2023,11,0,0
ITA.13.1.107_1,2023,11,0,0
ITA.13.1.108_1,2023,11,0,0
ITA.13.1.109_1,2023,11,0,0
ITA.13.1.11_1,2023,11,0,0
ITA.13.1.110_1,2023,11,0,0
ITA.13.1.111_1,2023,11,0,0
ITA.13.1.112_1,2023,11,0,0
ITA.13.1.113_1,2023,11,0,0
ITA.13.1.114_1,2023,11,0,0
ITA.13.1.115_1,2023,11,0,0
ITA.13.1.116_1,2023,11,0,0
ITA.13.1.117_1,2023,11,0,0
ITA.13.1.118_1,2023,11,0,0
ITA.13.1.119_1,2023,11,0,0
ITA.13.1.12_1,2023,11,0,0
ITA.13.1.120_1,2023,11,0,0
ITA.13.1.121_1,2023,11,0,0
ITA.13.1.122_1,2023,11,0,0
ITA.13.1.123_1,2023,11,0,0
ITA.13.1.124_1,2023,11,0,0
ITA.13.1.125_1,2023,11,0,0
ITA.13.1.126_1,2023,11,0,0
ITA.13.1.127_1,2023,11,0,0
ITA.13.1.128_1,2023,11,0,0
ITA.13.1.129_1,2023,11,0,0
ITA.13.1.13_1,2023,11,0,0
ITA.13.1.130_1,2023,11,0,0
ITA.13.1.131_1,2023,11,0,0
ITA.13.1.132_1,2023,11,0,0
ITA.13.1.133_1,2023,11,0,0
ITA.13.1.134_1,2023,11,0,0
ITA.13.1.135_1,2023,11,0,0
ITA.13.1.136_1,2023,11,0,0
ITA.13.1.137_1,2023,11,0,0
ITA.13.1.138_1,2023,11,0,0
ITA.13.1.139_1,2023,11,0,0
ITA.13.1.14_1,2023,11,0,0
ITA.13.1.140_1,2023,11,0,0
ITA.13.1.141_1,2023,11,0,0
ITA.13.1.142_1,2023,11,0,0
ITA.13.1.143_1,2023,11,0,0
ITA.13.1.144_1,2023,11,0,0
ITA.13.1.145_1,2023,11,0,0
ITA.13.1.146_1,2023,11,0,0
ITA.13.1.147_1,2023,11,0,0
ITA.13.1.148_1,2023,11,0,0
ITA.13.1.149_1,2023,11,0,0
ITA.13.1.15_1,2023,11,0,0
ITA.13.1.150_1,2023,11,0,0
ITA.13.1.151_1,2023,11,0,0
ITA.13.1.152_1,2023,11,0,0
ITA.13.1.153_1,2023,11,0,0
ITA.13.1.154_1,2023,11,0,0
ITA.13.1.155_1,2023,11,0,0
ITA.13.1.156_1,2023,11,0,0
ITA.13.1.157_1,2023,11,0,0
ITA.13.1.158_1,2023,11,0,0
ITA.13.1.159_1,2023,11,0,0
ITA.13.1.16_1,2023,11,0,0
ITA.13.1.160_1,2023,11,0,0
ITA.13.1.161_1,2023,11,0,0
ITA.13.1.162_1,2023,11,0,0
ITA.13.1.163_1,2023,11,0,0
ITA.13.1.164_1,2023,11,0,0
ITA.13.1.165_1,2023,11,0,0
ITA.13.1.166_1,2023,11,0,0
ITA.13.1.167_1,2023,11,0,0
ITA.13.1.168_1,2023,11,0,0
ITA.13.1.169_1,2023,11,0,0
ITA.13.1.17_1,2023,11,0,0
ITA.13.1.170_1,2023,11,0,0
ITA.13.1.171_1,2023,11,0,0
ITA.13.1.172_1,2023,11,0,0
ITA.13.1.173_1,2023,11,0,0
ITA.13.1.174_1,2023,11,0,0
ITA.13.1.175_1,2023,11,0,0
ITA.13.1.176_1,2023,11,0,0
ITA.13.1.177_1,2023,11,0,0
ITA.13.1.178_1,2023,11,0,0
ITA.13.1.179_1,2023,11,0,0
ITA.13.1.18_1,2023,11,0,0
ITA.13.1.180_1,2023,11,0,0
ITA.13.1.181_1,2023,11,0,0
ITA.13.1.182_1,2023,11,0,0
ITA.13.1.183_1,2023,11,0,0
ITA.13.1.184_1,2023,11,0,0
ITA.13.1.185_1,2023,11,0,0
ITA.13.1.186_1,2023,11,0,0
ITA.13.1.187_1,2023,11,0,0
ITA.13.1.188_1,2023,11,0,0
ITA.13.1.189_1,2023,11,0,0
ITA.13.1.19_1,2023,11,0,0
ITA.13.1.190_1,2023,11,0,0
ITA.13.1.2_1,2023,11,0,0
ITA.13.1.20_1,2023,11,0,0
ITA.13.1.21_1,2023,11,0,0
ITA.13.1.22_1,2023,11,0,0
ITA.13.1.23_1,2023,11,0,0
ITA.13.1.24_1,2023,11,0,0
ITA.13.1.25_1,2023,11,0,0
ITA.13.1.26_1,2023,11,0,0
ITA.13.1.27_1,2023,11,0,0
ITA.13.1.28_1,2023,11,0,0
ITA.13.1.29_1,2023,11,0,0
ITA.13.1.3_1,2023,11,0,0
ITA.13.1.30_1,2023,11,0,0
ITA.13.1.31_1,2023,11,0,0
ITA.13.1.32_1,2023,11,0,0
ITA.13.1.33_1,2023,11,0,0
ITA.13.1.34_1,2023,11,0,0
ITA.13.1.35_1,2023,11,0,0
ITA.13.1.36_1,2023,11,0,0
ITA.13.1.37_1,2023,11,0,0
ITA.13.1.38_1,2023,11,0,0
ITA.13.1.39_1,2023,11,0,0
ITA.13.1.4_1,2023,11,0,0
ITA.13.1.40_1,2023,11,0,0
ITA.13.1.41_1,2023,11,0,0
ITA.13.1.42_1,2023,11,0,0
ITA.13.1.43_1,2023,11,0,0
ITA.13.1.44_1,2023,11,0,0
ITA.13.1.45_1,2023,11,0,0
ITA.13.1.46_1,2023,11,0,0
ITA.13.1.47_1,2023,11,0,0
ITA.13.1.48_1,2023,11,0,0
ITA.13.1.49_1,2023,11,0,0
ITA.13.1.5_1,2023,11,0,0
ITA.13.1.50_1,2023,11,0,0
ITA.13.1.51_1,2023,11,0,0
ITA.13.1.52_1,2023,11,0,0
ITA.13.1.53_1,2023,11,0,0
ITA.13.1.54_1,2023,11,0,0
ITA.13.1.55_1,2023,11,0,0
ITA.13.1.56_1,2023,11,0,0
ITA.13.1.57_1,2023,11,0,0
ITA.13.1.58_1,2023,11,0,0
ITA.13.1.59_1,2023,11,0,0
ITA.13.1.6_1,2023,11,0,0
ITA.13.1.60_1,2023,11,0,0
ITA.13.1.61_1,2023,11,0,0
ITA.13.1.62_1,2023,11,0,0
ITA.13.1.63_1,2023,11,0,0
ITA.13.1.64_1,2023,11,0,0
ITA.13.1.65_1,2023,11,0,0
ITA.13.1.66_1,2023,11,0,0
ITA.13.1.67_1,2023,11,0,0
ITA.13.1.68_1,2023,11,0,0
ITA.13.1.69_1,2023,11,0,0
ITA.13.1.7_1,2023,11,0,0
ITA.13.1.70_1,2023,11,0,0
ITA.13.1.71_1,2023,11,0,0
ITA.13.1.72_1,2023,11,0,0
ITA.13.1.73_1,2023,11,0,0
ITA.13.1.74_1,2023,11,0,0
ITA.13.1.75_1,2023,11,0,0
ITA.13.1.76_1,2023,11,0,0
ITA.13.1.77_1,2023,11,0,0
ITA.13.1.78_1,2023,11,0,0
ITA.13.1.79_1,2023,11,0,0
ITA.13.1.8_1,2023,11,0,0
ITA.13.1.80_1,2023,11,0,0
ITA.13.1.81_1,2023,11,0,0
ITA.13.1.82_1,2023,11,0,0
ITA.13.1.83_1,2023,11,0,0
ITA.13.1.84_1,2023,11,0,0
ITA.13.1.85_1,2023,11,0,0
ITA.13.1.86_1,2023,11,0,0
ITA.13.1.87_1,2023,11,0,0
ITA.13.1.88_1,2023,11,0,0
ITA.13.1.89_1,2023,11,0,0
ITA.13.1.9_1,2023,11,0,0
ITA.13.1.90_1,2023,11,0,0
ITA.13.1.91_1,2023,11,0,0
ITA.13.1.92_1,2023,11,0,0
ITA.13.1.93_1,2023,11,0,0
ITA.13.1.94_1,2023,11,0,0
ITA.13.1.95_1,2023,11,0,0
ITA.13.1.96_1,2023,11,0,0
ITA.13.1.97_1,2023,11,0,0
ITA.13.1.98_1,2023,11,0,0
ITA.13.1.99_1,2023,11,0,0
ITA.13.2.1_1,2023,11,0,0
ITA.13.2.10_1,2023,11,0,0
ITA.13.2.100_1,2023,11,0,0
ITA.13.2.101_1,2023,11,0,0
ITA.13.2.102_1,2023,11,0,0
ITA.13.2.103_1,2023,11,0,0
ITA.13.2.104_1,2023,11,0,0
ITA.13.2.105_1,2023,11,0,0
ITA.13.2.106_1,2023,11,0,0
ITA.13.2.107_1,2023,11,0,0
ITA.13.2.108_1,2023,11,0,0
ITA.13.2.109_1,2023,11,0,0
ITA.13.2.11_1,2023,11,0,0
ITA.13.2.110_1,2023,11,0,0
ITA.13.2.111_1,2023,11,0,0
ITA.13.2.112_1,2023,11,0,0
ITA.13.2.113_1,2023,11,0,0
ITA.13.2.114_1,2023,11,0,0
ITA.13.2.115_1,2023,11,0,0
ITA.13.2.116_1,2023,11,0,0
ITA.13.2.117_1,2023,11,0,0
ITA.13.2.118_1,2023,11,0,0
ITA.13.2.12_1,2023,11,0,0
ITA.13.2.13_1,2023,11,0,0
ITA.13.2.14_1,2023,11,0,0
ITA.13.2.15_1,2023,11,0,0
ITA.13.2.16_1,2023,11,0,0
ITA.13.2.17_1,2023,11,0,0
ITA.13.2.18_1,2023,11,0,0
ITA.13.2.19_1,2023,11,0,0
ITA.13.2.2_1,2023,11,0,0
ITA.13.2.20_1,2023,11,0,0
ITA.13.2.21_1,2023,11,0,0
ITA.13.2.22_1,2023,11,0,0
ITA.13.2.23_1,2023,11,0,0
ITA.13.2.24_1,2023,11,0,0
ITA.13.2.25_1,2023,11,0,0
ITA.13.2.26_1,2023,11,0,0
ITA.13.2.27_1,2023,11,0,0
ITA.13.2.28_1,2023,11,0,0
ITA.13.2.29_1,2023,11,0,0
ITA.13.2.3_1,2023,11,0,0
ITA.13.2.30_1,2023,11,0,0
ITA.13.2.31_1,2023,11,0,0
ITA.13.2.32_1,2023,11,0,0
ITA.13.2.33_1,2023,11,0,0
ITA.13.2.34_1,2023,11,0,0
ITA.13.2.35_1,2023,11,0,0
ITA.13.2.36_1,2023,11,0,0
ITA.13.2.37_1,2023,11,0,0
ITA.13.2.38_1,2023,11,0,0
ITA.13.2.39_1,2023,11,0,0
ITA.13.2.4_1,2023,11,0,0
ITA.13.2.40_1,2023,11,0,0
ITA.13.2.41_1,2023,11,0,0
ITA.13.2.42_1,2023,11,0,0
ITA.13.2.43_1,2023,11,0,0
ITA.13.2.44_1,2023,11,0,0
ITA.13.2.45_1,2023,11,0,0
ITA.13.2.46_1,2023,11,0,0
ITA.13.2.47_1,2023,11,0,0
ITA.13.2.48_1,2023,11,0,0
ITA.13.2.49_1,2023,11,0,0
ITA.13.2.5_1,2023,11,0,0
ITA.13.2.50_1,2023,11,0,0
ITA.13.2.51_1,2023,11,0,0
ITA.13.2.52_1,2023,11,0,0
ITA.13.2.53_1,2023,11,0,0
ITA.13.2.54_1,2023,11,0,0
ITA.13.2.55_1,2023,11,0,0
ITA.13.2.56_1,2023,11,0,0
ITA.13.2.57_1,2023,11,0,0
ITA.13.2.58_1,2023,11,0,0
ITA.13.2.59_1,2023,11,0,0
ITA.13.2.6_1,2023,11,0,0
ITA.13.2.60_1,2023,11,0,0
ITA.13.2.61_1,2023,11,0,0
ITA.13.2.62_1,2023,11,0,0
ITA.13.2.63_1,2023,11,0,0
ITA.13.2.64_1,2023,11,0,0
ITA.13.2.65_1,2023,11,0,0
ITA.13.2.66_1,2023,11,0,0
ITA.13.2.67_1,2023,11,0,0
ITA.13.2.68_1,2023,11,0,0
ITA.13.2.69_1,2023,11,0,0
ITA.13.2.7_1,2023,11,0,0
ITA.13.2.70_1,2023,11,0,0
ITA.13.2.71_1,2023,11,0,0
ITA.13.2.72_1,2023,11,0,0
ITA.13.2.73_1,2023,11,0,0
ITA.13.2.74_1,2023,11,0,0
ITA.13.2.75_1,2023,11,0,0
ITA.13.2.76_1,2023,11,0,0
ITA.13.2.77_1,2023,11,0,0
ITA.13.2.78_1,2023,11,0,0
ITA.13.2.79_1,2023,11,0,0
ITA.13.2.8_1,2023,11,0,0
ITA.13.2.80_1,2023,11,0,0
ITA.13.2.81_1,2023,11,0,0
ITA.13.2.82_1,2023,11,0,0
ITA.13.2.83_1,2023,11,0,0
ITA.13.2.84_1,2023,11,0,0
ITA.13.2.85_1,2023,11,0,0
ITA.13.2.86_1,2023,11,0,0
ITA.13.2.87_1,2023,11,0,0
ITA.13.2.88_1,2023,11,0,0
ITA.13.2.89_1,2023,11,0,0
ITA.13.2.9_1,2023,11,0,0
ITA.13.2.90_1,2023,11,0,0
ITA.13.2.91_1,2023,11,0,0
ITA.13.2.92_1,2023,11,0,0
ITA.13.2.93_1,2023,11,0,0
ITA.13.2.94_1,2023,11,0,0
ITA.13.2.95_1,2023,11,0,0
ITA.13.2.96_1,2023,11,0,0
ITA.13.2.97_1,2023,11,0,0
ITA.13.2.98_1,2023,11,0,0
ITA.13.2.99_1,2023,11,0,0
ITA.13.3.1_1,2023,11,0,0
ITA.13.3.10_1,2023,11,0,0
ITA.13.3.11_1,2023,11,0,0
ITA.13.3.12_1,2023,11,0,0
ITA.13.3.13_1,2023,11,0,0
ITA.13.3.14_1,2023,11,0,0
ITA.13.3.15_1,2023,11,0,0
ITA.13.3.16_1,2023,11,0,0
ITA.13.3.17_1,2023,11,0,0
ITA.13.3.18_1,2023,11,0,0
ITA.13.3.19_1,2023,11,0,0
ITA.13.3.2_1,2023,11,0,0
ITA.13.3.20_1,2023,11,0,0
ITA.13.3.21_1,2023,11,0,0
ITA.13.3.22_1,2023,11,0,0
ITA.13.3.23_1,2023,11,0,0
ITA.13.3.24_1,2023,11,0,0
ITA.13.3.25_1,2023,11,0,0
ITA.13.3.26_1,2023,11,0,0
ITA.13.3.27_1,2023,11,0,0
ITA.13.3.28_1,2023,11,0,0
ITA.13.3.29_1,2023,11,0,0
ITA.13.3.3_1,2023,11,0,0
ITA.13.3.30_1,2023,11,0,0
ITA.13.3.31_1,2023,11,0,0
ITA.13.3.32_1,2023,11,0,0
ITA.13.3.33_1,2023,11,0,0
ITA.13.3.34_1,2023,11,0,0
ITA.13.3.35_1,2023,11,0,0
ITA.13.3.36_1,2023,11,0,0
ITA.13.3.37_1,2023,11,0,0
ITA.13.3.38_1,2023,11,0,0
ITA.13.3.39_1,2023,11,0,0
ITA.13.3.4_1,2023,11,0,0
ITA.13.3.40_1,2023,11,0,0
ITA.13.3.41_1,2023,11,0,0
ITA.13.3.42_1,2023,11,0,0
ITA.13.3.43_1,2023,11,0,0
ITA.13.3.44_1,2023,11,0,0
ITA.13.3.45_1,2023,11,0,0
ITA.13.3.46_1,2023,11,0,0
ITA.13.3.47_1,2023,11,0,0
ITA.13.3.48_1,2023,11,0,0
ITA.13.3.49_1,2023,11,0,0
ITA.13.3.5_1,2023,11,0,0
ITA.13.3.50_1,2023,11,0,0
ITA.13.3.51_1,2023,11,0,0
ITA.13.3.52_1,2023,11,0,0
ITA.13.3.53_1,2023,11,0,0
ITA.13.3.54_1,2023,11,0,0
ITA.13.3.55_1,2023,11,0,0
ITA.13.3.56_1,2023,11,0,0
ITA.13.3.57_1,2023,11,0,0
ITA.13.3.58_1,2023,11,0,0
ITA.13.3.59_1,2023,11,0,0
ITA.13.3.6_1,2023,11,0,0
ITA.13.3.60_1,2023,11,0,0
ITA.13.3.61_1,2023,11,0,0
ITA.13.3.62_1,2023,11,0,0
ITA.13.3.63_1,2023,11,0,0
ITA.13.3.64_1,2023,11,0,0
ITA.13.3.65_1,2023,11,0,0
ITA.13.3.66_1,2023,11,0,0
ITA.13.3.67_1,2023,11,0,0
ITA.13.3.68_1,2023,11,0,0
ITA.13.3.69_1,2023,11,0,0
ITA.13.3.7_1,2023,11,0,0
ITA.13.3.70_1,2023,11,0,0
ITA.13.3.71_1,2023,11,0,0
ITA.13.3.72_1,2023,11,0,0
ITA.13.3.73_1,2023,11,0,0
ITA.13.3.74_1,2023,11,0,0
ITA.13.3.75_1,2023,11,0,0
ITA.13.3.76_1,2023,11,0,0
ITA.13.3.77_1,2023,11,0,0
ITA.13.3.78_1,2023,11,0,0
ITA.13.3.79_1,2023,11,0,0
ITA.13.3.8_1,2023,11,0,0
ITA.13.3.80_1,2023,11,0,0
ITA.13.3.81_1,2023,11,0,0
ITA.13.3.82_1,2023,11,0,0
ITA.13.3.9_1,2023,11,0,0
ITA.13.4.1_1,2023,11,0,0
ITA.13.4.10_1,2023,11,0,0
ITA.13.4.100_1,2023,11,0,0
ITA.13.4.101_1,2023,11,0,0
ITA.13.4.102_1,2023,11,0,0
ITA.13.4.103_1,2023,11,0,0
ITA.13.4.104_1,2023,11,0,0
ITA.13.4.105_1,2023,11,0,0
ITA.13.4.106_1,2023,11,0,0
ITA.13.4.107_1,2023,11,0,0
ITA.13.4.108_1,2023,11,0,0
ITA.13.4.109_1,2023,11,0,0
ITA.13.4.11_1,2023,11,0,0
ITA.13.4.110_1,2023,11,0,0
ITA.13.4.111_1,2023,11,0,0
ITA.13.4.112_1,2023,11,0,0
ITA.13.4.113_1,2023,11,0,0
ITA.13.4.114_1,2023,11,0,0
ITA.13.4.115_1,2023,11,0,0
ITA.13.4.116_1,2023,11,0,0
ITA.13.4.117_1,2023,11,0,0
ITA.13.4.118_1,2023,11,0,0
ITA.13.4.119_1,2023,11,0,0
ITA.13.4.12_1,2023,11,0,0
ITA.13.4.120_1,2023,11,0,0
ITA.13.4.121_1,2023,11,0,0
ITA.13.4.122_1,2023,11,0,0
ITA.13.4.123_1,2023,11,0,0
ITA.13.4.124_1,2023,11,0,0
ITA.13.4.125_1,2023,11,0,0
ITA.13.4.126_1,2023,11,0,0
ITA.13.4.127_1,2023,11,0,0
ITA.13.4.128_1,2023,11,0,0
ITA.13.4.129_1,2023,11,0,0
ITA.13.4.13_1,2023,11,0,0
ITA.13.4.130_1,2023,11,0,0
ITA.13.4.131_1,2023,11,0,0
ITA.13.4.132_1,2023,11,0,0
ITA.13.4.133_1,2023,11,0,0
ITA.13.4.134_1,2023,11,0,0
ITA.13.4.135_1,2023,11,0,0
ITA.13.4.136_1,2023,11,0,0
ITA.13.4.137_1,2023,11,0,0
ITA.13.4.138_1,2023,11,0,0
ITA.13.4.139_1,2023,11,0,0
ITA.13.4.14_1,2023,11,0,0
ITA.13.4.140_1,2023,11,0,0
ITA.13.4.141_1,2023,11,0,0
ITA.13.4.142_1,2023,11,0,0
ITA.13.4.143_1,2023,11,0,0
ITA.13.4.144_1,2023,11,0,0
ITA.13.4.145_1,2023,11,0,0
ITA.13.4.146_1,2023,11,0,0
ITA.13.4.147_1,2023,11,0,0
ITA.13.4.148_1,2023,11,0,0
ITA.13.4.149_1,2023,11,0,0
ITA.13.4.15_1,2023,11,0,0
ITA.13.4.150_1,2023,11,0,0
ITA.13.4.151_1,2023,11,0,0
ITA.13.4.152_1,2023,11,0,0
ITA.13.4.153_1,2023,11,0,0
ITA.13.4.154_1,2023,11,0,0
ITA.13.4.155_1,2023,11,0,0
ITA.13.4.156_1,2023,11,0,0
ITA.13.4.157_1,2023,11,0,0
ITA.13.4.158_1,2023,11,0,0
ITA.13.4.159_1,2023,11,0,0
ITA.13.4.16_1,2023,11,0,0
ITA.13.4.160_1,2023,11,0,0
ITA.13.4.161_1,2023,11,0,0
ITA.13.4.162_1,2023,11,0,0
ITA.13.4.163_1,2023,11,0,0
ITA.13.4.164_1,2023,11,0,0
ITA.13.4.165_1,2023,11,0,0
ITA.13.4.166_1,2023,11,0,0
ITA.13.4.167_1,2023,11,0,0
ITA.13.4.168_1,2023,11,0,0
ITA.13.4.169_1,2023,11,0,0
ITA.13.4.17_1,2023,11,0,0
ITA.13.4.170_1,2023,11,0,0
ITA.13.4.171_1,2023,11,0,0
ITA.13.4.172_1,2023,11,0,0
ITA.13.4.173_1,2023,11,0,0
ITA.13.4.174_1,2023,11,0,0
ITA.13.4.175_1,2023,11,0,0
ITA.13.4.176_1,2023,11,0,0
ITA.13.4.177_1,2023,11,0,0
ITA.13.4.178_1,2023,11,0,0
ITA.13.4.179_1,2023,11,0,0
ITA.13.4.18_1,2023,11,0,0
ITA.13.4.180_1,2023,11,0,0
ITA.13.4.181_1,2023,11,0,0
ITA.13.4.182_1,2023,11,0,0
ITA.13.4.183_1,2023,11,0,0
ITA.13.4.184_1,2023,11,0,0
ITA.13.4.185_1,2023,11,0,0
ITA.13.4.186_1,2023,11,0,0
ITA.13.4.187_1,2023,11,0,0
ITA.13.4.188_1,2023,11,0,0
ITA.13.4.189_1,2023,11,0,0
ITA.13.4.19_1,2023,11,0,0
ITA.13.4.190_1,2023,11,0,0
ITA.13.4.191_1,2023,11,0,0
ITA.13.4.192_1,2023,11,0,0
ITA.13.4.193_1,2023,11,0,0
ITA.13.4.194_1,2023,11,0,0
ITA.13.4.195_1,2023,11,0,0
ITA.13.4.196_1,2023,11,0,0
ITA.13.4.197_1,2023,11,0,0
ITA.13.4.198_1,2023,11,0,0
ITA.13.4.199_1,2023,11,0,0
ITA.13.4.2_1,2023,11,0,0
ITA.13.4.20_1,2023,11,0,0
ITA.13.4.200_1,2023,11,0,0
ITA.13.4.201_1,2023,11,0,0
ITA.13.4.202_1,2023,11,0,0
ITA.13.4.203_1,2023,11,0,0
ITA.13.4.204_1,2023,11,0,0
ITA.13.4.205_1,2023,11,0,0
ITA.13.4.206_1,2023,11,0,0
ITA.13.4.207_1,2023,11,0,0
ITA.13.4.208_1,2023,11,0,0
ITA.13.4.209_1,2023,11,0,0
ITA.13.4.21_1,2023,11,0,0
ITA.13.4.210_1,2023,11,0,0
ITA.13.4.211_1,2023,11,0,0
ITA.13.4.212_1,2023,11,0,0
ITA.13.4.213_1,2023,11,0,0
ITA.13.4.214_1,2023,11,0,0
ITA.13.4.215_1,2023,11,0,0
ITA.13.4.216_1,2023,11,0,0
ITA.13.4.217_1,2023,11,0,0
ITA.13.4.218_1,2023,11,0,0
ITA.13.4.219_1,2023,11,0,0
ITA.13.4.22_1,2023,11,0,0
ITA.13.4.220_1,2023,11,0,0
ITA.13.4.221_1,2023,11,0,0
ITA.13.4.222_1,2023,11,0,0
ITA.13.4.223_1,2023,11,0,0
ITA.13.4.224_1,2023,11,0,0
ITA.13.4.225_1,2023,11,0,0
ITA.13.4.226_1,2023,11,0,0
ITA.13.4.227_1,2023,11,0,0
ITA.13.4.228_1,2023,11,0,0
ITA.13.4.229_1,2023,11,0,0
ITA.13.4.23_1,2023,11,0,0
ITA.13.4.230_1,2023,11,0,0
ITA.13.4.231_1,2023,11,0,0
ITA.13.4.232_1,2023,11,0,0
ITA.13.4.233_1,2023,11,0,0
ITA.13.4.234_1,2023,11,0,0
ITA.13.4.235_1,2023,11,0,0
ITA.13.4.236_1,2023,11,0,0
ITA.13.4.237_1,2023,11,0,0
ITA.13.4.238_1,2023,11,0,0
ITA.13.4.239_1,2023,11,0,0
ITA.13.4.24_1,2023,11,0,0
ITA.13.4.240_1,2023,11,0,0
ITA.13.4.241_1,2023,11,0,0
ITA.13.4.242_1,2023,11,0,0
ITA.13.4.243_1,2023,11,0,0
ITA.13.4.244_1,2023,11,0,0
ITA.13.4.245_1,2023,11,0,0
ITA.13.4.246_1,2023,11,0,0
ITA.13.4.247_1,2023,11,0,0
ITA.13.4.248_1,2023,11,0,0
ITA.13.4.249_1,2023,11,0,0
ITA.13.4.25_1,2023,11,0,0
ITA.13.4.250_1,2023,11,0,0
ITA.13.4.26_1,2023,11,0,0
ITA.13.4.27_1,2023,11,0,0
ITA.13.4.28_1,2023,11,0,0
ITA.13.4.29_1,2023,11,0,0
ITA.13.4.3_1,2023,11,0,0
ITA.13.4.30_1,2023,11,0,0
ITA.13.4.31_1,2023,11,0,0
ITA.13.4.32_1,2023,11,0,0
ITA.13.4.33_1,2023,11,0,0
ITA.13.4.34_1,2023,11,0,0
ITA.13.4.35_1,2023,11,0,0
ITA.13.4.36_1,2023,11,0,0
ITA.13.4.37_1,2023,11,0,0
ITA.13.4.38_1,2023,11,0,0
ITA.13.4.39_1,2023,11,0,0
ITA.13.4.4_1,2023,11,0,0
ITA.13.4.40_1,2023,11,0,0
ITA.13.4.41_1,2023,11,0,0
ITA.13.4.42_1,2023,11,0,0
ITA.13.4.43_1,2023,11,0,0
ITA.13.4.44_1,2023,11,0,0
ITA.13.4.45_1,2023,11,0,0
ITA.13.4.46_1,2023,11,0,0
ITA.13.4.47_1,2023,11,0,0
ITA.13.4.48_1,2023,11,0,0
ITA.13.4.49_1,2023,11,0,0
ITA.13.4.5_1,2023,11,0,0
ITA.13.4.50_1,2023,11,0,0
ITA.13.4.51_1,2023,11,0,0
ITA.13.4.52_1,2023,11,0,0
ITA.13.4.53_1,2023,11,0,0
ITA.13.4.54_1,2023,11,0,0
ITA.13.4.55_1,2023,11,0,0
ITA.13.4.56_1,2023,11,0,0
ITA.13.4.57_1,2023,11,0,0
ITA.13.4.58_1,2023,11,0,0
ITA.13.4.59_1,2023,11,0,0
ITA.13.4.6_1,2023,11,0,0
ITA.13.4.60_1,2023,11,0,0
ITA.13.4.61_1,2023,11,0,0
ITA.13.4.62_1,2023,11,0,0
ITA.13.4.63_1,2023,11,0,0
ITA.13.4.64_1,2023,11,0,0
ITA.13.4.65_1,2023,11,0,0
ITA.13.4.66_1,2023,11,0,0
ITA.13.4.67_1,2023,11,0,0
ITA.13.4.68_1,2023,11,0,0
ITA.13.4.69_1,2023,11,0,0
ITA.13.4.7_1,2023,11,0,0
ITA.13.4.70_1,2023,11,0,0
ITA.13.4.71_1,2023,11,0,0
ITA.13.4.72_1,2023,11,0,0
ITA.13.4.73_1,2023,11,0,0
ITA.13.4.74_1,2023,11,0,0
ITA.13.4.75_1,2023,11,0,0
ITA.13.4.76_1,2023,11,0,0
ITA.13.4.77_1,2023,11,0,0
ITA.13.4.78_1,2023,11,0,0
ITA.13.4.79_1,2023,11,0,0
ITA.13.4.8_1,2023,11,0,0
ITA.13.4.80_1,2023,11,0,0
ITA.13.4.81_1,2023,11,0,0
ITA.13.4.82_1,2023,11,0,0
ITA.13.4.83_1,2023,11,0,0
ITA.13.4.84_1,2023,11,0,0
ITA.13.4.85_1,2023,11,0,0
ITA.13.4.86_1,2023,11,0,0
ITA.13.4.87_1,2023,11,0,0
ITA.13.4.88_1,2023,11,0,0
ITA.13.4.89_1,2023,11,0,0
ITA.13.4.9_1,2023,11,0,0
ITA.13.4.90_1,2023,11,0,0
ITA.13.4.91_1,2023,11,0,0
ITA.13.4.92_1,2023,11,0,0
ITA.13.4.93_1,2023,11,0,0
ITA.13.4.94_1,2023,11,0,0
ITA.13.4.95_1,2023,11,0,0
ITA.13.4.96_1,2023,11,0,0
ITA.13.4.97_1,2023,11,0,0
ITA.13.4.98_1,2023,11,0,0
ITA.13.4.99_1,2023,11,0,0
ITA.13.5.1_1,2023,11,0,0
ITA.13.5.10_1,2023,11,0,0
ITA.13.5.11_1,2023,11,0,0
ITA.13.5.12_1,2023,11,0,0
ITA.13.5.13_1,2023,11,0,0
ITA.13.5.14_1,2023,11,0,0
ITA.13.5.15_1,2023,11,0,0
ITA.13.5.16_1,2023,11,0,0
ITA.13.5.17_1,2023,11,0,0
ITA.13.5.18_1,2023,11,0,0
ITA.13.5.19_1,2023,11,0,0
ITA.13.5.2_1,2023,11,0,0
ITA.13.5.20_1,2023,11,0,0
ITA.13.5.21_1,2023,11,0,0
ITA.13.5.22_1,2023,11,0,0
ITA.13.5.23_1,2023,11,0,0
ITA.13.5.24_1,2023,11,0,0
ITA.13.5.25_1,2023,11,0,0
ITA.13.5.26_1,2023,11,0,0
ITA.13.5.27_1,2023,11,0,0
ITA.13.5.28_1,2023,11,0,0
ITA.13.5.29_1,2023,11,0,0
ITA.13.5.3_1,2023,11,0,0
ITA.13.5.30_1,2023,11,0,0
ITA.13.5.31_1,2023,11,0,0
ITA.13.5.32_1,2023,11,0,0
ITA.13.5.33_1,2023,11,0,0
ITA.13.5.34_1,2023,11,0,0
ITA.13.5.35_1,2023,11,0,0
ITA.13.5.36_1,2023,11,0,0
ITA.13.5.37_1,2023,11,0,0
ITA.13.5.38_1,2023,11,0,0
ITA.13.5.39_1,2023,11,0,0
ITA.13.5.4_1,2023,11,0,0
ITA.13.5.40_1,2023,11,0,0
ITA.13.5.41_1,2023,11,0,0
ITA.13.5.42_1,2023,11,0,0
ITA.13.5.43_1,2023,11,0,0
ITA.13.5.44_1,2023,11,0,0
ITA.13.5.45_1,2023,11,0,0
ITA.13.5.46_1,2023,11,0,0
ITA.13.5.47_1,2023,11,0,0
ITA.13.5.48_1,2023,11,0,0
ITA.13.5.49_1,2023,11,0,0
ITA.13.5.5_1,2023,11,0,0
ITA.13.5.50_1,2023,11,0,0
ITA.13.5.51_1,2023,11,0,0
ITA.13.5.52_1,2023,11,0,0
ITA.13.5.53_1,2023,11,0,0
ITA.13.5.54_1,2023,11,0,0
ITA.13.5.55_1,2023,11,0,0
ITA.13.5.56_1,2023,11,0,0
ITA.13.5.57_1,2023,11,0,0
ITA.13.5.58_1,2023,11,0,0
ITA.13.5.59_1,2023,11,0,0
ITA.13.5.6_1,2023,11,0,0
ITA.13.5.60_1,2023,11,0,0
ITA.13.5.61_1,2023,11,0,0
ITA.13.5.62_1,2023,11,0,0
ITA.13.5.63_1,2023,11,0,0
ITA.13.5.64_1,2023,11,0,0
ITA.13.5.65_1,2023,11,0,0
ITA.13.5.66_1,2023,11,0,0
ITA.13.5.67_1,2023,11,0,0
ITA.13.5.68_1,2023,11,0,0
ITA.13.5.69_1,2023,11,0,0
ITA.13.5.7_1,2023,11,0,0
ITA.13.5.70_1,2023,11,0,0
ITA.13.5.71_1,2023,11,0,0
ITA.13.5.72_1,2023,11,0,0
ITA.13.5.73_1,2023,11,0,0
ITA.13.5.74_1,2023,11,0,0
ITA.13.5.75_1,2023,11,0,0
ITA.13.5.76_1,2023,11,0,0
ITA.13.5.77_1,2023,11,0,0
ITA.13.5.78_1,2023,11,0,0
ITA.13.5.79_1,2023,11,0,0
ITA.13.5.8_1,2023,11,0,0
ITA.13.5.80_1,2023,11,0,0
ITA.13.5.81_1,2023,11,0,0
ITA.13.5.82_1,2023,11,0,0
ITA.13.5.83_1,2023,11,0,0
ITA.13.5.84_1,2023,11,0,0
ITA.13.5.85_1,2023,11,0,0
ITA.13.5.86_1,2023,11,0,0
ITA.13.5.87_1,2023,11,0,0
ITA.13.5.88_1,2023,11,0,0
ITA.13.5.9_1,2023,11,0,0
ITA.13.6.1_1,2023,11,0,0
ITA.13.6.10_1,2023,11,0,0
ITA.13.6.100_1,2023,11,0,0
ITA.13.6.101_1,2023,11,0,0
ITA.13.6.102_1,2023,11,0,0
ITA.13.6.103_1,2023,11,0,0
ITA.13.6.104_1,2023,11,0,0
ITA.13.6.105_1,2023,11,0,0
ITA.13.6.106_1,2023,11,0,0
ITA.13.6.107_1,2023,11,0,0
ITA.13.6.108_1,2023,11,0,0
ITA.13.6.109_1,2023,11,0,0
ITA.13.6.11_1,2023,11,0,0
ITA.13.6.110_1,2023,11,0,0
ITA.13.6.111_1,2023,11,0,0
ITA.13.6.112_1,2023,11,0,0
ITA.13.6.113_1,2023,11,0,0
ITA.13.6.114_1,2023,11,0,0
ITA.13.6.115_1,2023,11,0,0
ITA.13.6.116_1,2023,11,0,0
ITA.13.6.117_1,2023,11,0,0
ITA.13.6.118_1,2023,11,0,0
ITA.13.6.119_1,2023,11,0,0
ITA.13.6.12_1,2023,11,0,0
ITA.13.6.120_1,2023,11,0,0
ITA.13.6.121_1,2023,11,0,0
ITA.13.6.122_1,2023,11,0,0
ITA.13.6.123_1,2023,11,0,0
ITA.13.6.124_1,2023,11,0,0
ITA.13.6.125_1,2023,11,0,0
ITA.13.6.126_1,2023,11,0,0
ITA.13.6.127_1,2023,11,0,0
ITA.13.6.128_1,2023,11,0,0
ITA.13.6.129_1,2023,11,0,0
ITA.13.6.13_1,2023,11,0,0
ITA.13.6.130_1,2023,11,0,0
ITA.13.6.131_1,2023,11,0,0
ITA.13.6.132_1,2023,11,0,0
ITA.13.6.133_1,2023,11,0,0
ITA.13.6.134_1,2023,11,0,0
ITA.13.6.135_1,2023,11,0,0
ITA.13.6.136_1,2023,11,0,0
ITA.13.6.137_1,2023,11,0,0
ITA.13.6.138_1,2023,11,0,0
ITA.13.6.139_1,2023,11,0,0
ITA.13.6.14_1,2023,11,0,0
ITA.13.6.140_1,2023,11,0,0
ITA.13.6.141_1,2023,11,0,0
ITA.13.6.142_1,2023,11,0,0
ITA.13.6.143_1,2023,11,0,0
ITA.13.6.144_1,2023,11,0,0
ITA.13.6.145_1,2023,11,0,0
ITA.13.6.146_1,2023,11,0,0
ITA.13.6.147_1,2023,11,0,0
ITA.13.6.148_1,2023,11,0,0
ITA.13.6.149_1,2023,11,0,0
ITA.13.6.15_1,2023,11,0,0
ITA.13.6.150_1,2023,11,0,0
ITA.13.6.151_1,2023,11,0,0
ITA.13.6.152_1,2023,11,0,0
ITA.13.6.153_1,2023,11,0,0
ITA.13.6.154_1,2023,11,0,0
ITA.13.6.155_1,2023,11,0,0
ITA.13.6.156_1,2023,11,0,0
ITA.13.6.157_1,2023,11,0,0
ITA.13.6.158_1,2023,11,0,0
ITA.13.6.159_1,2023,11,0,0
ITA.13.6.16_1,2023,11,0,0
ITA.13.6.160_1,2023,11,0,0
ITA.13.6.161_1,2023,11,0,0
ITA.13.6.162_1,2023,11,0,0
ITA.13.6.163_1,2023,11,0,0
ITA.13.6.164_1,2023,11,0,0
ITA.13.6.165_1,2023,11,0,0
ITA.13.6.166_1,2023,11,0,0
ITA.13.6.167_1,2023,11,0,0
ITA.13.6.168_1,2023,11,0,0
ITA.13.6.169_1,2023,11,0,0
ITA.13.6.17_1,2023,11,0,0
ITA.13.6.170_1,2023,11,0,0
ITA.13.6.171_1,2023,11,0,0
ITA.13.6.172_1,2023,11,0,0
ITA.13.6.173_1,2023,11,0,0
ITA.13.6.174_1,2023,11,0,0
ITA.13.6.175_1,2023,11,0,0
ITA.13.6.176_1,2023,11,0,0
ITA.13.6.177_1,2023,11,0,0
ITA.13.6.178_1,2023,11,0,0
ITA.13.6.179_1,2023,11,0,0
ITA.13.6.18_1,2023,11,0,0
ITA.13.6.180_1,2023,11,0,0
ITA.13.6.181_1,2023,11,0,0
ITA.13.6.182_1,2023,11,0,0
ITA.13.6.183_1,2023,11,0,0
ITA.13.6.184_1,2023,11,0,0
ITA.13.6.185_1,2023,11,0,0
ITA.13.6.186_1,2023,11,0,0
ITA.13.6.187_1,2023,11,0,0
ITA.13.6.188_1,2023,11,0,0
ITA.13.6.189_1,2023,11,0,0
ITA.13.6.19_1,2023,11,0,0
ITA.13.6.190_1,2023,11,0,0
ITA.13.6.191_1,2023,11,0,0
ITA.13.6.192_1,2023,11,0,0
ITA.13.6.193_1,2023,11,0,0
ITA.13.6.194_1,2023,11,0,0
ITA.13.6.195_1,2023,11,0,0
ITA.13.6.196_1,2023,11,0,0
ITA.13.6.197_1,2023,11,0,0
ITA.13.6.198_1,2023,11,0,0
ITA.13.6.199_1,2023,11,0,0
ITA.13.6.2_1,2023,11,0,0
ITA.13.6.20_1,2023,11,0,0
ITA.13.6.200_1,2023,11,0,0
ITA.13.6.201_1,2023,11,0,0
ITA.13.6.202_1,2023,11,0,0
ITA.13.6.203_1,2023,11,0,0
ITA.13.6.204_1,2023,11,0,0
ITA.13.6.205_1,2023,11,0,0
ITA.13.6.206_1,2023,11,0,0
ITA.13.6.207_1,2023,11,0,0
ITA.13.6.208_1,2023,11,0,0
ITA.13.6.209_1,2023,11,0,0
ITA.13.6.21_1,2023,11,0,0
ITA.13.6.210_1,2023,11,0,0
ITA.13.6.211_1,2023,11,0,0
ITA.13.6.212_1,2023,11,0,0
ITA.13.6.213_1,2023,11,0,0
ITA.13.6.214_1,2023,11,0,0
ITA.13.6.215_1,2023,11,0,0
ITA.13.6.216_1,2023,11,0,0
ITA.13.6.217_1,2023,11,0,0
ITA.13.6.218_1,2023,11,0,0
ITA.13.6.219_1,2023,11,0,0
ITA.13.6.22_1,2023,11,0,0
ITA.13.6.220_1,2023,11,0,0
ITA.13.6.221_1,2023,11,0,0
ITA.13.6.222_1,2023,11,0,0
ITA.13.6.223_1,2023,11,0,0
ITA.13.6.224_1,2023,11,0,0
ITA.13.6.225_1,2023,11,0,0
ITA.13.6.226_1,2023,11,0,0
ITA.13.6.227_1,2023,11,0,0
ITA.13.6.228_1,2023,11,0,0
ITA.13.6.229_1,2023,11,0,0
ITA.13.6.23_1,2023,11,0,0
ITA.13.6.230_1,2023,11,0,0
ITA.13.6.231_1,2023,11,0,0
ITA.13.6.232_1,2023,11,0,0
ITA.13.6.233_1,2023,11,0,0
ITA.13.6.234_1,2023,11,0,0
ITA.13.6.235_1,2023,11,0,0
ITA.13.6.236_1,2023,11,0,0
ITA.13.6.237_1,2023,11,0,0
ITA.13.6.238_1,2023,11,0,0
ITA.13.6.239_1,2023,11,0,0
ITA.13.6.24_1,2023,11,0,0
ITA.13.6.240_1,2023,11,0,0
ITA.13.6.241_1,2023,11,0,0
ITA.13.6.242_1,2023,11,0,0
ITA.13.6.243_1,2023,11,0,0
ITA.13.6.244_1,2023,11,0,0
ITA.13.6.245_1,2023,11,0,0
ITA.13.6.246_1,2023,11,0,0
ITA.13.6.247_1,2023,11,0,0
ITA.13.6.248_1,2023,11,0,0
ITA.13.6.249_1,2023,11,0,0
ITA.13.6.25_1,2023,11,0,0
ITA.13.6.250_1,2023,11,0,0
ITA.13.6.251_1,2023,11,0,0
ITA.13.6.252_1,2023,11,0,0
ITA.13.6.253_1,2023,11,0,0
ITA.13.6.254_1,2023,11,0,0
ITA.13.6.255_1,2023,11,0,0
ITA.13.6.256_1,2023,11,0,0
ITA.13.6.257_1,2023,11,0,0
ITA.13.6.258_1,2023,11,0,0
ITA.13.6.259_1,2023,11,0,0
ITA.13.6.26_1,2023,11,0,0
ITA.13.6.260_1,2023,11,0,0
ITA.13.6.261_1,2023,11,0,0
ITA.13.6.262_1,2023,11,0,0
ITA.13.6.263_1,2023,11,0,0
ITA.13.6.264_1,2023,11,0,0
ITA.13.6.265_1,2023,11,0,0
ITA.13.6.266_1,2023,11,0,0
ITA.13.6.267_1,2023,11,0,0
ITA.13.6.268_1,2023,11,0,0
ITA.13.6.269_1,2023,11,0,0
ITA.13.6.27_1,2023,11,0,0
ITA.13.6.270_1,2023,11,0,0
ITA.13.6.271_1,2023,11,0,0
ITA.13.6.272_1,2023,11,0,0
ITA.13.6.273_1,2023,11,0,0
ITA.13.6.274_1,2023,11,0,0
ITA.13.6.275_1,2023,11,0,0
ITA.13.6.276_1,2023,11,0,0
ITA.13.6.277_1,2023,11,0,0
ITA.13.6.278_1,2023,11,0,0
ITA.13.6.279_1,2023,11,0,0
ITA.13.6.28_1,2023,11,0,0
ITA.13.6.280_1,2023,11,0,0
ITA.13.6.281_1,2023,11,0,0
ITA.13.6.282_1,2023,11,0,0
ITA.13.6.283_1,2023,11,0,0
ITA.13.6.284_1,2023,11,0,0
ITA.13.6.285_1,2023,11,0,0
ITA.13.6.286_1,2023,11,0,0
ITA.13.6.287_1,2023,11,0,0
ITA.13.6.288_1,2023,11,0,0
ITA.13.6.289_1,2023,11,0,0
ITA.13.6.29_1,2023,11,0,0
ITA.13.6.290_1,2023,11,0,0
ITA.13.6.291_1,2023,11,0,0
ITA.13.6.292_1,2023,11,0,0
ITA.13.6.293_1,2023,11,0,0
ITA.13.6.294_1,2023,11,0,0
ITA.13.6.295_1,2023,11,0,0
ITA.13.6.296_1,2023,11,0,0
ITA.13.6.297_1,2023,11,0,0
ITA.13.6.298_1,2023,11,0,0
ITA.13.6.299_1,2023,11,0,0
ITA.13.6.3_1,2023,11,0,0
ITA.13.6.30_1,2023,11,0,0
ITA.13.6.300_1,2023,11,0,0
ITA.13.6.301_1,2023,11,0,0
ITA.13.6.302_1,2023,11,0,0
ITA.13.6.303_1,2023,11,0,0
ITA.13.6.304_1,2023,11,0,0
ITA.13.6.305_1,2023,11,0,0
ITA.13.6.306_1,2023,11,0,0
ITA.13.6.307_1,2023,11,0,0
ITA.13.6.308_1,2023,11,0,0
ITA.13.6.309_1,2023,11,0,0
ITA.13.6.31_1,2023,11,0,0
ITA.13.6.310_1,2023,11,0,0
ITA.13.6.311_1,2023,11,0,0
ITA.13.6.312_1,2023,11,0,0
ITA.13.6.313_1,2023,11,0,0
ITA.13.6.314_1,2023,11,0,0
ITA.13.6.315_1,2023,11,0,0
ITA.13.6.32_1,2023,11,0,0
ITA.13.6.33_1,2023,11,0,0
ITA.13.6.34_1,2023,11,0,0
ITA.13.6.35_1,2023,11,0,0
ITA.13.6.36_1,2023,11,0,0
ITA.13.6.37_1,2023,11,0,0
ITA.13.6.38_1,2023,11,0,0
ITA.13.6.39_1,2023,11,0,0
ITA.13.6.4_1,2023,11,0,0
ITA.13.6.40_1,2023,11,0,0
ITA.13.6.41_1,2023,11,0,0
ITA.13.6.42_1,2023,11,0,0
ITA.13.6.43_1,2023,11,0,0
ITA.13.6.44_1,2023,11,0,0
ITA.13.6.45_1,2023,11,0,0
ITA.13.6.46_1,2023,11,0,0
ITA.13.6.47_1,2023,11,0,0
ITA.13.6.48_1,2023,11,0,0
ITA.13.6.49_1,2023,11,0,0
ITA.13.6.5_1,2023,11,0,0
ITA.13.6.50_1,2023,11,0,0
ITA.13.6.51_1,2023,11,0,0
ITA.13.6.52_1,2023,11,0,0
ITA.13.6.53_1,2023,11,0,0
ITA.13.6.54_1,2023,11,0,0
ITA.13.6.55_1,2023,11,0,0
ITA.13.6.56_1,2023,11,0,0
ITA.13.6.57_1,2023,11,0,0
ITA.13.6.58_1,2023,11,0,0
ITA.13.6.59_1,2023,11,0,0
ITA.13.6.6_1,2023,11,0,0
ITA.13.6.60_1,2023,11,0,0
ITA.13.6.61_1,2023,11,0,0
ITA.13.6.62_1,2023,11,0,0
ITA.13.6.63_1,2023,11,0,0
ITA.13.6.64_1,2023,11,0,0
ITA.13.6.65_1,2023,11,0,0
ITA.13.6.66_1,2023,11,0,0
ITA.13.6.67_1,2023,11,0,0
ITA.13.6.68_1,2023,11,0,0
ITA.13.6.69_1,2023,11,0,0
ITA.13.6.7_1,2023,11,0,0
ITA.13.6.70_1,2023,11,0,0
ITA.13.6.71_1,2023,11,0,0
ITA.13.6.72_1,2023,11,0,0
ITA.13.6.73_1,2023,11,0,0
ITA.13.6.74_1,2023,11,0,0
ITA.13.6.75_1,2023,11,0,0
ITA.13.6.76_1,2023,11,0,0
ITA.13.6.77_1,2023,11,0,0
ITA.13.6.78_1,2023,11,0,0
ITA.13.6.79_1,2023,11,0,0
ITA.13.6.8_1,2023,11,0,0
ITA.13.6.80_1,2023,11,0,0
ITA.13.6.81_1,2023,11,0,0
ITA.13.6.82_1,2023,11,0,0
ITA.13.6.83_1,2023,11,0,0
ITA.13.6.84_1,2023,11,0,0
ITA.13.6.85_1,2023,11,0,0
ITA.13.6.86_1,2023,11,0,0
ITA.13.6.87_1,2023,11,0,0
ITA.13.6.88_1,2023,11,0,0
ITA.13.6.89_1,2023,11,0,0
ITA.13.6.9_1,2023,11,0,0
ITA.13.6.90_1,2023,11,0,0
ITA.13.6.91_1,2023,11,0,0
ITA.13.6.92_1,2023,11,0,0
ITA.13.6.93_1,2023,11,0,0
ITA.13.6.94_1,2023,11,0,0
ITA.13.6.95_1,2023,11,0,0
ITA.13.6.96_1,2023,11,0,0
ITA.13.6.97_1,2023,11,0,0
ITA.13.6.98_1,2023,11,0,0
ITA.13.6.99_1,2023,11,0,0
ITA.13.7.1_1,2023,11,0,0
ITA.13.7.10_1,2023,11,0,0
ITA.13.7.11_1,2023,11,0,0
ITA.13.7.12_1,2023,11,0,0
ITA.13.7.13_1,2023,11,0,0
ITA.13.7.14_1,2023,11,0,0
ITA.13.7.15_1,2023,11,0,0
ITA.13.7.16_1,2023,11,0,0
ITA.13.7.17_1,2023,11,0,0
ITA.13.7.18_1,2023,11,0,0
ITA.13.7.19_1,2023,11,0,0
ITA.13.7.2_1,2023,11,0,0
ITA.13.7.20_1,2023,11,0,0
ITA.13.7.21_1,2023,11,0,0
ITA.13.7.22_1,2023,11,0,0
ITA.13.7.23_1,2023,11,0,0
ITA.13.7.24_1,2023,11,0,0
ITA.13.7.25_1,2023,11,0,0
ITA.13.7.26_1,2023,11,0,0
ITA.13.7.27_1,2023,11,0,0
ITA.13.7.28_1,2023,11,0,0
ITA.13.7.29_1,2023,11,0,0
ITA.13.7.3_1,2023,11,0,0
ITA.13.7.30_1,2023,11,0,0
ITA.13.7.31_1,2023,11,0,0
ITA.13.7.32_1,2023,11,0,0
ITA.13.7.33_1,2023,11,0,0
ITA.13.7.34_1,2023,11,0,0
ITA.13.7.35_1,2023,11,0,0
ITA.13.7.36_1,2023,11,0,0
ITA.13.7.37_1,2023,11,0,0
ITA.13.7.38_1,2023,11,0,0
ITA.13.7.39_1,2023,11,0,0
ITA.13.7.4_1,2023,11,0,0
ITA.13.7.40_1,2023,11,0,0
ITA.13.7.41_1,2023,11,0,0
ITA.13.7.42_1,2023,11,0,0
ITA.13.7.43_1,2023,11,0,0
ITA.13.7.44_1,2023,11,0,0
ITA.13.7.45_1,2023,11,0,0
ITA.13.7.46_1,2023,11,0,0
ITA.13.7.47_1,2023,11,0,0
ITA.13.7.48_1,2023,11,0,0
ITA.13.7.49_1,2023,11,0,0
ITA.13.7.5_1,2023,11,0,0
ITA.13.7.50_1,2023,11,0,0
ITA.13.7.51_1,2023,11,0,0
ITA.13.7.52_1,2023,11,0,0
ITA.13.7.53_1,2023,11,0,0
ITA.13.7.54_1,2023,11,0,0
ITA.13.7.55_1,2023,11,0,0
ITA.13.7.56_1,2023,11,0,0
ITA.13.7.57_1,2023,11,0,0
ITA.13.7.58_1,2023,11,0,0
ITA.13.7.59_1,2023,11,0,0
ITA.13.7.6_1,2023,11,0,0
ITA.13.7.60_1,2023,11,0,0
ITA.13.7.61_1,2023,11,0,0
ITA.13.7.62_1,2023,11,0,0
ITA.13.7.63_1,2023,11,0,0
ITA.13.7.64_1,2023,11,0,0
ITA.13.7.65_1,2023,11,0,0
ITA.13.7.66_1,2023,11,0,0
ITA.13.7.67_1,2023,11,0,0
ITA.13.7.68_1,2023,11,0,0
ITA.13.7.69_1,2023,11,0,0
ITA.13.7.7_1,2023,11,0,0
ITA.13.7.70_1,2023,11,0,0
ITA.13.7.71_1,2023,11,0,0
ITA.13.7.72_1,2023,11,0,0
ITA.13.7.73_1,2023,11,0,0
ITA.13.7.74_1,2023,11,0,0
ITA.13.7.75_1,2023,11,0,0
ITA.13.7.76_1,2023,11,0,0
ITA.13.7.8_1,2023,11,0,0
ITA.13.7.9_1,2023,11,0,0
ITA.13.8.1_1,2023,11,0,0
ITA.13.8.10_1,2023,11,0,0
ITA.13.8.11_1,2023,11,0,0
ITA.13.8.12_1,2023,11,0,0
ITA.13.8.13_1,2023,11,0,0
ITA.13.8.14_1,2023,11,0,0
ITA.13.8.15_1,2023,11,0,0
ITA.13.8.16_1,2023,11,0,0
ITA.13.8.17_1,2023,11,0,0
ITA.13.8.18_1,2023,11,0,0
ITA.13.8.19_1,2023,11,0,0
ITA.13.8.2_1,2023,11,0,0
ITA.13.8.20_1,2023,11,0,0
ITA.13.8.21_1,2023,11,0,0
ITA.13.8.22_1,2023,11,0,0
ITA.13.8.23_1,2023,11,0,0
ITA.13.8.24_1,2023,11,0,0
ITA.13.8.25_1,2023,11,0,0
ITA.13.8.26_1,2023,11,0,0
ITA.13.8.27_1,2023,11,0,0
ITA.13.8.28_1,2023,11,0,0
ITA.13.8.29_1,2023,11,0,0
ITA.13.8.3_1,2023,11,0,0
ITA.13.8.30_1,2023,11,0,0
ITA.13.8.31_1,2023,11,0,0
ITA.13.8.32_1,2023,11,0,0
ITA.13.8.33_1,2023,11,0,0
ITA.13.8.34_1,2023,11,0,0
ITA.13.8.35_1,2023,11,0,0
ITA.13.8.36_1,2023,11,0,0
ITA.13.8.37_1,2023,11,0,0
ITA.13.8.38_1,2023,11,0,0
ITA.13.8.39_1,2023,11,0,0
ITA.13.8.4_1,2023,11,0,0
ITA.13.8.40_1,2023,11,0,0
ITA.13.8.41_1,2023,11,0,0
ITA.13.8.42_1,2023,11,0,0
ITA.13.8.43_1,2023,11,0,0
ITA.13.8.44_1,2023,11,0,0
ITA.13.8.45_1,2023,11,0,0
ITA.13.8.46_1,2023,11,0,0
ITA.13.8.47_1,2023,11,0,0
ITA.13.8.48_1,2023,11,0,0
ITA.13.8.49_1,2023,11,0,0
ITA.13.8.5_1,2023,11,0,0
ITA.13.8.50_1,2023,11,0,0
ITA.13.8.51_1,2023,11,0,0
ITA.13.8.52_1,2023,11,0,0
ITA.13.8.53_1,2023,11,0,0
ITA.13.8.54_1,2023,11,0,0
ITA.13.8.55_1,2023,11,0,0
ITA.13.8.56_1,2023,11,0,0
ITA.13.8.57_1,2023,11,0,0
ITA.13.8.58_1,2023,11,0,0
ITA.13.8.59_1,2023,11,0,0
ITA.13.8.6_1,2023,11,0,0
ITA.13.8.60_1,2023,11,0,0
ITA.13.8.61_1,2023,11,0,0
ITA.13.8.62_1,2023,11,0,0
ITA.13.8.63_1,2023,11,0,0
ITA.13.8.64_1,2023,11,0,0
ITA.13.8.65_1,2023,11,0,0
ITA.13.8.66_1,2023,11,0,0
ITA.13.8.67_1,2023,11,0,0
ITA.13.8.68_1,2023,11,0,0
ITA.13.8.69_1,2023,11,0,0
ITA.13.8.7_1,2023,11,0,0
ITA.13.8.70_1,2023,11,0,0
ITA.13.8.71_1,2023,11,0,0
ITA.13.8.72_1,2023,11,0,0
ITA.13.8.73_1,2023,11,0,0
ITA.13.8.74_1,2023,11,0,0
ITA.13.8.75_1,2023,11,0,0
ITA.13.8.76_1,2023,11,0,0
ITA.13.8.77_1,2023,11,0,0
ITA.13.8.78_1,2023,11,0,0
ITA.13.8.79_1,2023,11,0,0
ITA.13.8.8_1,2023,11,0,0
ITA.13.8.80_1,2023,11,0,0
ITA.13.8.81_1,2023,11,0,0
ITA.13.8.82_1,2023,11,0,0
ITA.13.8.83_1,2023,11,0,0
ITA.13.8.84_1,2023,11,0,0
ITA.13.8.85_1,2023,11,0,0
ITA.13.8.86_1,2023,11,0,0
ITA.13.8.9_1,2023,11,0,0
ITA.14.1.1_1,2023,11,0,0
ITA.14.1.10_1,2023,11,0,0
ITA.14.1.11_1,2023,11,0,0
ITA.14.1.12_1,2023,11,0,0
ITA.14.1.13_1,2023,11,0,0
ITA.14.1.15_1,2023,11,0,0
ITA.14.1.16_1,2023,11,0,0
ITA.14.1.17_1,2023,11,0,0
ITA.14.1.18_1,2023,11,0,0
ITA.14.1.19_1,2023,11,0,0
ITA.14.1.2_1,2023,11,0,0
ITA.14.1.20_1,2023,11,0,0
ITA.14.1.21_1,2023,11,0,0
ITA.14.1.23_1,2023,11,0,0
ITA.14.1.24_1,2023,11,0,0
ITA.14.1.25_1,2023,11,0,0
ITA.14.1.26_1,2023,11,0,0
ITA.14.1.27_1,2023,11,0,0
ITA.14.1.3_1,2023,11,0,0
ITA.14.1.30_1,2023,11,0,0
ITA.14.1.31_1,2023,11,0,0
ITA.14.1.32_1,2023,11,0,0
ITA.14.1.33_1,2023,11,0,0
ITA.14.1.34_1,2023,11,0,0
ITA.14.1.35_1,2023,11,0,0
ITA.14.1.38_1,2023,11,0,0
ITA.14.1.39_1,2023,11,0,0
ITA.14.1.4_1,2023,11,0,0
ITA.14.1.40_1,2023,11,0,0
ITA.14.1.41_1,2023,11,0,0
ITA.14.1.42_1,2023,11,0,0
ITA.14.1.43_1,2023,11,0,0
ITA.14.1.44_1,2023,11,0,0
ITA.14.1.45_1,2023,11,0,0
ITA.14.1.46_1,2023,11,0,0
ITA.14.1.47_1,2023,11,0,0
ITA.14.1.48_1,2023,11,0,0
ITA.14.1.49_1,2023,11,0,0
ITA.14.1.5_1,2023,11,0,0
ITA.14.1.50_1,2023,11,0,0
ITA.14.1.51_1,2023,11,0,0
ITA.14.1.52_1,2023,11,0,0
ITA.14.1.54_1,2023,11,0,0
ITA.14.1.55_1,2023,11,0,0
ITA.14.1.56_1,2023,11,0,0
ITA.14.1.57_1,2023,11,0,0
ITA.14.1.58_1,2023,11,0,0
ITA.14.1.8_1,2023,11,0,0
ITA.14.1.9_1,2023,11,0,0
ITA.14.2.1_1,2023,11,0,0
ITA.14.2.10_1,2023,11,0,0
ITA.14.2.11_1,2023,11,0,0
ITA.14.2.12_1,2023,11,0,0
ITA.14.2.13_1,2023,11,0,0
ITA.14.2.14_1,2023,11,0,0
ITA.14.2.15_1,2023,11,0,0
ITA.14.2.16_1,2023,11,0,0
ITA.14.2.17_1,2023,11,0,0
ITA.14.2.18_1,2023,11,0,0
ITA.14.2.19_1,2023,11,0,0
ITA.14.2.2_1,2023,11,0,0
ITA.14.2.20_1,2023,11,0,0
ITA.14.2.21_1,2023,11,0,0
ITA.14.2.22_1,2023,11,0,0
ITA.14.2.23_1,2023,11,0,0
ITA.14.2.3_1,2023,11,0,0
ITA.14.2.4_1,2023,11,0,0
ITA.14.2.5_1,2023,11,0,0
ITA.14.2.6_1,2023,11,0,0
ITA.14.2.7_1,2023,11,0,0
ITA.14.2.8_1,2023,11,0,0
ITA.14.2.9_1,2023,11,0,0
ITA.14.3.1_1,2023,11,0,0
ITA.14.3.10_1,2023,11,0,0
ITA.14.3.11_1,2023,11,0,0
ITA.14.3.12_1,2023,11,0,0
ITA.14.3.13_1,2023,11,0,0
ITA.14.3.14_1,2023,11,0,0
ITA.14.3.15_1,2023,11,0,0
ITA.14.3.16_1,2023,11,0,0
ITA.14.3.17_1,2023,11,0,0
ITA.14.3.18_1,2023,11,0,0
ITA.14.3.19_1,2023,11,0,0
ITA.14.3.2_1,2023,11,0,0
ITA.14.3.20_1,2023,11,0,0
ITA.14.3.21_1,2023,11,0,0
ITA.14.3.22_1,2023,11,0,0
ITA.14.3.23_1,2023,11,0,0
ITA.14.3.24_1,2023,11,0,0
ITA.14.3.25_1,2023,11,0,0
ITA.14.3.26_1,2023,11,0,0
ITA.14.3.27_1,2023,11,0,0
ITA.14.3.28_1,2023,11,0,0
ITA.14.3.3_1,2023,11,0,0
ITA.14.3.4_1,2023,11,0,0
ITA.14.3.5_1,2023,11,0,0
ITA.14.3.6_1,2023,11,0,0
ITA.14.3.7_1,2023,11,0,0
ITA.14.3.8_1,2023,11,0,0
ITA.14.3.9_1,2023,11,0,0
ITA.14.4.1_1,2023,11,0,0
ITA.14.4.10_1,2023,11,0,0
ITA.14.4.11_1,2023,11,0,0
ITA.14.4.12_1,2023,11,0,0
ITA.14.4.13_1,2023,11,0,0
ITA.14.4.14_1,2023,11,0,0
ITA.14.4.15_1,2023,11,0,0
ITA.14.4.16_1,2023,11,0,0
ITA.14.4.17_1,2023,11,0,0
ITA.14.4.18_1,2023,11,0,0
ITA.14.4.19_1,2023,11,0,0
ITA.14.4.2_1,2023,11,0,0
ITA.14.4.20_1,2023,11,0,0
ITA.14.4.21_1,2023,11,0,0
ITA.14.4.22_1,2023,11,0,0
ITA.14.4.23_1,2023,11,0,0
ITA.14.4.24_1,2023,11,0,0
ITA.14.4.25_1,2023,11,0,0
ITA.14.4.26_1,2023,11,0,0
ITA.14.4.27_1,2023,11,0,0
ITA.14.4.28_1,2023,11,0,0
ITA.14.4.29_1,2023,11,0,0
ITA.14.4.3_1,2023,11,0,0
ITA.14.4.30_1,2023,11,0,0
ITA.14.4.31_1,2023,11,0,0
ITA.14.4.32_1,2023,11,0,0
ITA.14.4.33_1,2023,11,0,0
ITA.14.4.34_1,2023,11,0,0
ITA.14.4.35_1,2023,11,0,0
ITA.14.4.36_1,2023,11,0,0
ITA.14.4.37_1,2023,11,0,0
ITA.14.4.38_1,2023,11,0,0
ITA.14.4.39_1,2023,11,0,0
ITA.14.4.4_1,2023,11,0,0
ITA.14.4.40_1,2023,11,0,0
ITA.14.4.41_1,2023,11,0,0
ITA.14.4.42_1,2023,11,0,0
ITA.14.4.43_1,2023,11,0,0
ITA.14.4.44_1,2023,11,0,0
ITA.14.4.45_1,2023,11,0,0
ITA.14.4.46_1,2023,11,0,0
ITA.14.4.47_1,2023,11,0,0
ITA.14.4.48_1,2023,11,0,0
ITA.14.4.49_1,2023,11,0,0
ITA.14.4.5_1,2023,11,0,0
ITA.14.4.50_1,2023,11,0,0
ITA.14.4.51_1,2023,11,0,0
ITA.14.4.52_1,2023,11,0,0
ITA.14.4.53_1,2023,11,0,0
ITA.14.4.54_1,2023,11,0,0
ITA.14.4.55_1,2023,11,0,0
ITA.14.4.56_1,2023,11,0,0
ITA.14.4.57_1,2023,11,0,0
ITA.14.4.58_1,2023,11,0,0
ITA.14.4.59_1,2023,11,0,0
ITA.14.4.6_1,2023,11,0,0
ITA.14.4.60_1,2023,11,0,0
ITA.14.4.61_1,2023,11,0,0
ITA.14.4.62_1,2023,11,0,0
ITA.14.4.63_1,2023,11,0,0
ITA.14.4.64_1,2023,11,0,0
ITA.14.4.65_1,2023,11,0,0
ITA.14.4.66_1,2023,11,0,0
ITA.14.4.67_1,2023,11,0,0
ITA.14.4.68_1,2023,11,0,0
ITA.14.4.7_1,2023,11,0,0
ITA.14.4.8_1,2023,11,0,0
ITA.14.4.9_1,2023,11,0,0
ITA.14.5.1_1,2023,11,0,0
ITA.14.5.10_1,2023,11,0,0
ITA.14.5.11_1,2023,11,0,0
ITA.14.5.12_1,2023,11,0,0
ITA.14.5.13_1,2023,11,0,0
ITA.14.5.14_1,2023,11,0,0
ITA.14.5.15_1,2023,11,0,0
ITA.14.5.16_1,2023,11,0,0
ITA.14.5.17_1,2023,11,0,0
ITA.14.5.18_1,2023,11,0,0
ITA.14.5.19_1,2023,11,0,0
ITA.14.5.2_1,2023,11,0,0
ITA.14.5.20_1,2023,11,0,0
ITA.14.5.21_1,2023,11,0,0
ITA.14.5.22_1,2023,11,0,0
ITA.14.5.23_1,2023,11,0,0
ITA.14.5.24_1,2023,11,0,0
ITA.14.5.3_1,2023,11,0,0
ITA.14.5.4_1,2023,11,0,0
ITA.14.5.5_1,2023,11,0,0
ITA.14.5.6_1,2023,11,0,0
ITA.14.5.7_1,2023,11,0,0
ITA.14.5.8_1,2023,11,0,0
ITA.14.5.9_1,2023,11,0,0
ITA.14.6.1_1,2023,11,0,0
ITA.14.6.10_1,2023,11,0,0
ITA.14.6.12_1,2023,11,0,0
ITA.14.6.13_1,2023,11,0,0
ITA.14.6.14_1,2023,11,0,0
ITA.14.6.15_1,2023,11,0,0
ITA.14.6.16_1,2023,11,0,0
ITA.14.6.17_1,2023,11,0,0
ITA.14.6.18_1,2023,11,0,0
ITA.14.6.19_1,2023,11,0,0
ITA.14.6.2_1,2023,11,0,0
ITA.14.6.20_1,2023,11,0,0
ITA.14.6.21_1,2023,11,0,0
ITA.14.6.22_1,2023,11,0,0
ITA.14.6.23_1,2023,11,0,0
ITA.14.6.3_1,2023,11,0,0
ITA.14.6.4_1,2023,11,0,0
ITA.14.6.5_1,2023,11,0,0
ITA.14.6.6_1,2023,11,0,0
ITA.14.6.7_1,2023,11,0,0
ITA.14.6.8_1,2023,11,0,0
ITA.14.6.9_1,2023,11,0,0
ITA.14.7.1_1,2023,11,0,0
ITA.14.7.10_1,2023,11,0,0
ITA.14.7.11_1,2023,11,0,0
ITA.14.7.12_1,2023,11,0,0
ITA.14.7.13_1,2023,11,0,0
ITA.14.7.14_1,2023,11,0,0
ITA.14.7.15_1,2023,11,0,0
ITA.14.7.16_1,2023,11,0,0
ITA.14.7.17_1,2023,11,0,0
ITA.14.7.18_1,2023,11,0,0
ITA.14.7.19_1,2023,11,0,0
ITA.14.7.2_1,2023,11,0,0
ITA.14.7.20_1,2023,11,0,0
ITA.14.7.21_1,2023,11,0,0
ITA.14.7.22_1,2023,11,0,0
ITA.14.7.23_1,2023,11,0,0
ITA.14.7.24_1,2023,11,0,0
ITA.14.7.25_1,2023,11,0,0
ITA.14.7.26_1,2023,11,0,0
ITA.14.7.27_1,2023,11,0,0
ITA.14.7.28_1,2023,11,0,0
ITA.14.7.29_1,2023,11,0,0
ITA.14.7.3_1,2023,11,0,0
ITA.14.7.30_1,2023,11,0,0
ITA.14.7.31_1,2023,11,0,0
ITA.14.7.32_1,2023,11,0,0
ITA.14.7.33_1,2023,11,0,0
ITA.14.7.34_1,2023,11,0,0
ITA.14.7.35_1,2023,11,0,0
ITA.14.7.36_1,2023,11,0,0
ITA.14.7.37_1,2023,11,0,0
ITA.14.7.38_1,2023,11,0,0
ITA.14.7.39_1,2023,11,0,0
ITA.14.7.4_1,2023,11,0,0
ITA.14.7.40_1,2023,11,0,0
ITA.14.7.41_1,2023,11,0,0
ITA.14.7.42_1,2023,11,0,0
ITA.14.7.43_1,2023,11,0,0
ITA.14.7.44_1,2023,11,0,0
ITA.14.7.45_1,2023,11,0,0
ITA.14.7.46_1,2023,11,0,0
ITA.14.7.47_1,2023,11,0,0
ITA.14.7.48_1,2023,11,0,0
ITA.14.7.49_1,2023,11,0,0
ITA.14.7.5_1,2023,11,0,0
ITA.14.7.50_1,2023,11,0,0
ITA.14.7.51_1,2023,11,0,0
ITA.14.7.52_1,2023,11,0,0
ITA.14.7.53_1,2023,11,0,0
ITA.14.7.54_1,2023,11,0,0
ITA.14.7.55_1,2023,11,0,0
ITA.14.7.56_1,2023,11,0,0
ITA.14.7.57_1,2023,11,0,0
ITA.14.7.58_1,2023,11,0,0
ITA.14.7.59_1,2023,11,0,0
ITA.14.7.6_1,2023,11,0,0
ITA.14.7.60_1,2023,11,0,0
ITA.14.7.61_1,2023,11,0,0
ITA.14.7.62_1,2023,11,0,0
ITA.14.7.63_1,2023,11,0,0
ITA.14.7.64_1,2023,11,0,0
ITA.14.7.65_1,2023,11,0,0
ITA.14.7.66_1,2023,11,0,0
ITA.14.7.67_1,2023,11,0,0
ITA.14.7.68_1,2023,11,0,0
ITA.14.7.69_1,2023,11,0,0
ITA.14.7.7_1,2023,11,0,0
ITA.14.7.70_1,2023,11,0,0
ITA.14.7.71_1,2023,11,0,0
ITA.14.7.72_1,2023,11,0,0
ITA.14.7.73_1,2023,11,0,0
ITA.14.7.74_1,2023,11,0,0
ITA.14.7.75_1,2023,11,0,0
ITA.14.7.76_1,2023,11,0,0
ITA.14.7.77_1,2023,11,0,0
ITA.14.7.78_1,2023,11,0,0
ITA.14.7.79_1,2023,11,0,0
ITA.14.7.8_1,2023,11,0,0
ITA.14.7.80_1,2023,11,0,0
ITA.14.7.81_1,2023,11,0,0
ITA.14.7.82_1,2023,11,0,0
ITA.14.7.83_1,2023,11,0,0
ITA.14.7.84_1,2023,11,0,0
ITA.14.7.85_1,2023,11,0,0
ITA.14.7.86_1,2023,11,0,0
ITA.14.7.9_1,2023,11,0,0
ITA.14.8.1_1,2023,11,0,0
ITA.14.8.10_1,2023,11,0,0
ITA.14.8.11_1,2023,11,0,0
ITA.14.8.12_1,2023,11,0,0
ITA.14.8.13_1,2023,11,0,0
ITA.14.8.14_1,2023,11,0,0
ITA.14.8.15_1,2023,11,0,0
ITA.14.8.16_1,2023,11,0,0
ITA.14.8.17_1,2023,11,0,0
ITA.14.8.18_1,2023,11,0,0
ITA.14.8.19_1,2023,11,0,0
ITA.14.8.2_1,2023,11,0,0
ITA.14.8.20_1,2023,11,0,0
ITA.14.8.21_1,2023,11,0,0
ITA.14.8.22_1,2023,11,0,0
ITA.14.8.23_1,2023,11,0,0
ITA.14.8.24_1,2023,11,0,0
ITA.14.8.25_1,2023,11,0,0
ITA.14.8.26_1,2023,11,0,0
ITA.14.8.27_1,2023,11,0,0
ITA.14.8.28_1,2023,11,0,0
ITA.14.8.29_1,2023,11,0,0
ITA.14.8.3_1,2023,11,0,0
ITA.14.8.30_1,2023,11,0,0
ITA.14.8.31_1,2023,11,0,0
ITA.14.8.32_1,2023,11,0,0
ITA.14.8.33_1,2023,11,0,0
ITA.14.8.34_1,2023,11,0,0
ITA.14.8.35_1,2023,11,0,0
ITA.14.8.36_1,2023,11,0,0
ITA.14.8.37_1,2023,11,0,0
ITA.14.8.38_1,2023,11,0,0
ITA.14.8.39_1,2023,11,0,0
ITA.14.8.4_1,2023,11,0,0
ITA.14.8.40_1,2023,11,0,0
ITA.14.8.41_1,2023,11,0,0
ITA.14.8.42_1,2023,11,0,0
ITA.14.8.43_1,2023,11,0,0
ITA.14.8.44_1,2023,11,0,0
ITA.14.8.45_1,2023,11,0,0
ITA.14.8.46_1,2023,11,0,0
ITA.14.8.47_1,2023,11,0,0
ITA.14.8.48_1,2023,11,0,0
ITA.14.8.49_1,2023,11,0,0
ITA.14.8.5_1,2023,11,0,0
ITA.14.8.50_1,2023,11,0,0
ITA.14.8.51_1,2023,11,0,0
ITA.14.8.52_1,2023,11,0,0
ITA.14.8.53_1,2023,11,0,0
ITA.14.8.54_1,2023,11,0,0
ITA.14.8.55_1,2023,11,0,0
ITA.14.8.56_1,2023,11,0,0
ITA.14.8.57_1,2023,11,0,0
ITA.14.8.58_1,2023,11,0,0
ITA.14.8.59_1,2023,11,0,0
ITA.14.8.6_1,2023,11,0,0
ITA.14.8.60_1,2023,11,0,0
ITA.14.8.61_1,2023,11,0,0
ITA.14.8.62_1,2023,11,0,0
ITA.14.8.63_1,2023,11,0,0
ITA.14.8.64_1,2023,11,0,0
ITA.14.8.65_1,2023,11,0,0
ITA.14.8.66_1,2023,11,0,0
ITA.14.8.7_1,2023,11,0,0
ITA.14.8.8_1,2023,11,0,0
ITA.14.8.9_1,2023,11,0,0
ITA.15.1.1_1,2023,11,0,0
ITA.15.1.10_1,2023,11,0,0
ITA.15.1.11_1,2023,11,0,0
ITA.15.1.12_1,2023,11,0,0
ITA.15.1.13_1,2023,11,0,0
ITA.15.1.14_1,2023,11,0,0
ITA.15.1.15_1,2023,11,0,0
ITA.15.1.16_1,2023,11,0,0
ITA.15.1.17_1,2023,11,0,0
ITA.15.1.18_1,2023,11,0,0
ITA.15.1.19_1,2023,11,0,0
ITA.15.1.2_1,2023,11,0,0
ITA.15.1.20_1,2023,11,0,0
ITA.15.1.21_1,2023,11,0,0
ITA.15.1.22_1,2023,11,0,0
ITA.15.1.23_1,2023,11,0,0
ITA.15.1.24_1,2023,11,0,0
ITA.15.1.25_1,2023,11,0,0
ITA.15.1.26_1,2023,11,0,0
ITA.15.1.27_1,2023,11,0,0
ITA.15.1.28_1,2023,11,0,0
ITA.15.1.29_1,2023,11,0,0
ITA.15.1.3_1,2023,11,0,0
ITA.15.1.30_1,2023,11,0,0
ITA.15.1.31_1,2023,11,0,0
ITA.15.1.32_1,2023,11,0,0
ITA.15.1.33_1,2023,11,0,0
ITA.15.1.34_1,2023,11,0,0
ITA.15.1.35_1,2023,11,0,0
ITA.15.1.36_1,2023,11,0,0
ITA.15.1.37_1,2023,11,0,0
ITA.15.1.38_1,2023,11,0,0
ITA.15.1.39_1,2023,11,0,0
ITA.15.1.4_1,2023,11,0,0
ITA.15.1.40_1,2023,11,0,0
ITA.15.1.41_1,2023,11,0,0
ITA.15.1.42_1,2023,11,0,0
ITA.15.1.43_1,2023,11,0,0
ITA.15.1.5_1,2023,11,0,0
ITA.15.1.6_1,2023,11,0,0
ITA.15.1.7_1,2023,11,0,0
ITA.15.1.8_1,2023,11,0,0
ITA.15.1.9_1,2023,11,0,0
ITA.15.2.1_1,2023,11,0,0
ITA.15.2.10_1,2023,11,0,0
ITA.15.2.11_1,2023,11,0,0
ITA.15.2.12_1,2023,11,0,0
ITA.15.2.13_1,2023,11,0,0
ITA.15.2.14_1,2023,11,0,0
ITA.15.2.15_1,2023,11,0,0
ITA.15.2.16_1,2023,11,0,0
ITA.15.2.17_1,2023,11,0,0
ITA.15.2.18_1,2023,11,0,0
ITA.15.2.19_1,2023,11,0,0
ITA.15.2.2_1,2023,11,0,0
ITA.15.2.20_1,2023,11,0,0
ITA.15.2.21_1,2023,11,0,0
ITA.15.2.22_1,2023,11,0,0
ITA.15.2.3_1,2023,11,0,0
ITA.15.2.4_1,2023,11,0,0
ITA.15.2.5_1,2023,11,0,0
ITA.15.2.6_1,2023,11,0,0
ITA.15.2.7_1,2023,11,0,0
ITA.15.2.8_1,2023,11,0,0
ITA.15.2.9_1,2023,11,0,0
ITA.15.3.1_1,2023,11,0,0
ITA.15.3.10_1,2023,11,0,0
ITA.15.3.11_1,2023,11,0,0
ITA.15.3.12_1,2023,11,0,0
ITA.15.3.13_1,2023,11,0,0
ITA.15.3.14_1,2023,11,0,0
ITA.15.3.15_1,2023,11,0,0
ITA.15.3.16_1,2023,11,0,0
ITA.15.3.17_1,2023,11,0,0
ITA.15.3.18_1,2023,11,0,0
ITA.15.3.19_1,2023,11,0,0
ITA.15.3.2_1,2023,11,0,0
ITA.15.3.20_1,2023,11,0,0
ITA.15.3.21_1,2023,11,0,0
ITA.15.3.22_1,2023,11,0,0
ITA.15.3.23_1,2023,11,0,0
ITA.15.3.24_1,2023,11,0,0
ITA.15.3.25_1,2023,11,0,0
ITA.15.3.26_1,2023,11,0,0
ITA.15.3.27_1,2023,11,0,0
ITA.15.3.28_1,2023,11,0,0
ITA.15.3.29_1,2023,11,0,0
ITA.15.3.3_1,2023,11,0,0
ITA.15.3.30_1,2023,11,0,0
ITA.15.3.31_1,2023,11,0,0
ITA.15.3.32_1,2023,11,0,0
ITA.15.3.33_1,2023,11,0,0
ITA.15.3.34_1,2023,11,0,0
ITA.15.3.35_1,2023,11,0,0
ITA.15.3.36_1,2023,11,0,0
ITA.15.3.37_1,2023,11,0,0
ITA.15.3.38_1,2023,11,0,0
ITA.15.3.39_1,2023,11,0,0
ITA.15.3.4_1,2023,11,0,0
ITA.15.3.40_1,2023,11,0,0
ITA.15.3.41_1,2023,11,0,0
ITA.15.3.42_1,2023,11,0,0
ITA.15.3.43_1,2023,11,0,0
ITA.15.3.44_1,2023,11,0,0
ITA.15.3.45_1,2023,11,0,0
ITA.15.3.46_1,2023,11,0,0
ITA.15.3.47_1,2023,11,0,0
ITA.15.3.48_1,2023,11,0,0
ITA.15.3.49_1,2023,11,0,0
ITA.15.3.5_1,2023,11,0,0
ITA.15.3.50_1,2023,11,0,0
ITA.15.3.51_1,2023,11,0,0
ITA.15.3.52_1,2023,11,0,0
ITA.15.3.53_1,2023,11,0,0
ITA.15.3.54_1,2023,11,0,0
ITA.15.3.55_1,2023,11,0,0
ITA.15.3.56_1,2023,11,0,0
ITA.15.3.57_1,2023,11,0,0
ITA.15.3.58_1,2023,11,0,0
ITA.15.3.6_1,2023,11,0,0
ITA.15.3.7_1,2023,11,0,0
ITA.15.3.8_1,2023,11,0,0
ITA.15.3.9_1,2023,11,0,0
ITA.15.4.1_1,2023,11,0,0
ITA.15.4.10_1,2023,11,0,0
ITA.15.4.11_1,2023,11,0,0
ITA.15.4.12_1,2023,11,0,0
ITA.15.4.13_1,2023,11,0,0
ITA.15.4.14_1,2023,11,0,0
ITA.15.4.15_1,2023,11,0,0
ITA.15.4.16_1,2023,11,0,0
ITA.15.4.17_1,2023,11,0,0
ITA.15.4.18_1,2023,11,0,0
ITA.15.4.19_1,2023,11,0,0
ITA.15.4.2_1,2023,11,0,0
ITA.15.4.20_1,2023,11,0,0
ITA.15.4.3_1,2023,11,0,0
ITA.15.4.4_1,2023,11,0,0
ITA.15.4.5_1,2023,11,0,0
ITA.15.4.6_1,2023,11,0,0
ITA.15.4.7_1,2023,11,0,0
ITA.15.4.8_1,2023,11,0,0
ITA.15.4.9_1,2023,11,0,0
ITA.15.5.1_1,2023,11,0,0
ITA.15.5.10_1,2023,11,0,0
ITA.15.5.100_1,2023,11,0,0
ITA.15.5.101_1,2023,11,0,0
ITA.15.5.102_1,2023,11,0,0
ITA.15.5.103_1,2023,11,0,0
ITA.15.5.104_1,2023,11,0,0
ITA.15.5.105_1,2023,11,0,0
ITA.15.5.107_1,2023,11,0,0
ITA.15.5.108_1,2023,11,0,0
ITA.15.5.109_1,2023,11,0,0
ITA.15.5.11_1,2023,11,0,0
ITA.15.5.12_1,2023,11,0,0
ITA.15.5.13_1,2023,11,0,0
ITA.15.5.14_1,2023,11,0,0
ITA.15.5.15_1,2023,11,0,0
ITA.15.5.16_1,2023,11,0,0
ITA.15.5.17_1,2023,11,0,0
ITA.15.5.18_1,2023,11,0,0
ITA.15.5.19_1,2023,11,0,0
ITA.15.5.2_1,2023,11,0,0
ITA.15.5.20_1,2023,11,0,0
ITA.15.5.21_1,2023,11,0,0
ITA.15.5.22_1,2023,11,0,0
ITA.15.5.23_1,2023,11,0,0
ITA.15.5.24_1,2023,11,0,0
ITA.15.5.25_1,2023,11,0,0
ITA.15.5.26_1,2023,11,0,0
ITA.15.5.27_1,2023,11,0,0
ITA.15.5.28_1,2023,11,0,0
ITA.15.5.29_1,2023,11,0,0
ITA.15.5.3_1,2023,11,0,0
ITA.15.5.30_1,2023,11,0,0
ITA.15.5.31_1,2023,11,0,0
ITA.15.5.32_1,2023,11,0,0
ITA.15.5.33_1,2023,11,0,0
ITA.15.5.34_1,2023,11,0,0
ITA.15.5.35_1,2023,11,0,0
ITA.15.5.36_1,2023,11,0,0
ITA.15.5.37_1,2023,11,0,0
ITA.15.5.38_1,2023,11,0,0
ITA.15.5.39_1,2023,11,0,0
ITA.15.5.4_1,2023,11,0,0
ITA.15.5.40_1,2023,11,0,0
ITA.15.5.41_1,2023,11,0,0
ITA.15.5.42_1,2023,11,0,0
ITA.15.5.43_1,2023,11,0,0
ITA.15.5.44_1,2023,11,0,0
ITA.15.5.45_1,2023,11,0,0
ITA.15.5.46_1,2023,11,0,0
ITA.15.5.47_1,2023,11,0,0
ITA.15.5.48_1,2023,11,0,0
ITA.15.5.49_1,2023,11,0,0
ITA.15.5.5_1,2023,11,0,0
ITA.15.5.50_1,2023,11,0,0
ITA.15.5.51_1,2023,11,0,0
ITA.15.5.52_1,2023,11,0,0
ITA.15.5.53_1,2023,11,0,0
ITA.15.5.54_1,2023,11,0,0
ITA.15.5.55_1,2023,11,0,0
ITA.15.5.56_1,2023,11,0,0
ITA.15.5.57_1,2023,11,0,0
ITA.15.5.58_1,2023,11,0,0
ITA.15.5.59_1,2023,11,0,0
ITA.15.5.6_1,2023,11,0,0
ITA.15.5.60_1,2023,11,0,0
ITA.15.5.61_1,2023,11,0,0
ITA.15.5.62_1,2023,11,0,0
ITA.15.5.63_1,2023,11,0,0
ITA.15.5.64_1,2023,11,0,0
ITA.15.5.65_1,2023,11,0,0
ITA.15.5.66_1,2023,11,0,0
ITA.15.5.67_1,2023,11,0,0
ITA.15.5.68_1,2023,11,0,0
ITA.15.5.69_1,2023,11,0,0
ITA.15.5.7_1,2023,11,0,0
ITA.15.5.70_1,2023,11,0,0
ITA.15.5.71_1,2023,11,0,0
ITA.15.5.72_1,2023,11,0,0
ITA.15.5.73_1,2023,11,0,0
ITA.15.5.74_1,2023,11,0,0
ITA.15.5.75_1,2023,11,0,0
ITA.15.5.76_1,2023,11,0,0
ITA.15.5.77_1,2023,11,0,0
ITA.15.5.78_1,2023,11,0,0
ITA.15.5.79_1,2023,11,0,0
ITA.15.5.8_1,2023,11,0,0
ITA.15.5.80_1,2023,11,0,0
ITA.15.5.81_1,2023,11,0,0
ITA.15.5.82_1,2023,11,0,0
ITA.15.5.83_1,2023,11,0,0
ITA.15.5.84_1,2023,11,0,0
ITA.15.5.85_1,2023,11,0,0
ITA.15.5.86_1,2023,11,0,0
ITA.15.5.87_1,2023,11,0,0
ITA.15.5.88_1,2023,11,0,0
ITA.15.5.89_1,2023,11,0,0
ITA.15.5.9_1,2023,11,0,0
ITA.15.5.90_1,2023,11,0,0
ITA.15.5.91_1,2023,11,0,0
ITA.15.5.92_1,2023,11,0,0
ITA.15.5.93_1,2023,11,0,0
ITA.15.5.94_1,2023,11,0,0
ITA.15.5.95_1,2023,11,0,0
ITA.15.5.96_1,2023,11,0,0
ITA.15.5.97_1,2023,11,0,0
ITA.15.5.98_1,2023,11,0,0
ITA.15.5.99_1,2023,11,0,0
ITA.15.6.1_1,2023,11,0,0
ITA.15.6.10_1,2023,11,0,0
ITA.15.6.11_1,2023,11,0,0
ITA.15.6.12_1,2023,11,0,0
ITA.15.6.13_1,2023,11,0,0
ITA.15.6.14_1,2023,11,0,0
ITA.15.6.15_1,2023,11,0,0
ITA.15.6.16_1,2023,11,0,0
ITA.15.6.17_1,2023,11,0,0
ITA.15.6.18_1,2023,11,0,0
ITA.15.6.19_1,2023,11,0,0
ITA.15.6.2_1,2023,11,0,0
ITA.15.6.20_1,2023,11,0,0
ITA.15.6.21_1,2023,11,0,0
ITA.15.6.22_1,2023,11,0,0
ITA.15.6.23_1,2023,11,0,0
ITA.15.6.24_1,2023,11,0,0
ITA.15.6.25_1,2023,11,0,0
ITA.15.6.26_1,2023,11,0,0
ITA.15.6.27_1,2023,11,0,0
ITA.15.6.28_1,2023,11,0,0
ITA.15.6.29_1,2023,11,0,0
ITA.15.6.3_1,2023,11,0,0
ITA.15.6.30_1,2023,11,0,0
ITA.15.6.31_1,2023,11,0,0
ITA.15.6.32_1,2023,11,0,0
ITA.15.6.33_1,2023,11,0,0
ITA.15.6.34_1,2023,11,0,0
ITA.15.6.35_1,2023,11,0,0
ITA.15.6.36_1,2023,11,0,0
ITA.15.6.37_1,2023,11,0,0
ITA.15.6.38_1,2023,11,0,0
ITA.15.6.39_1,2023,11,0,0
ITA.15.6.4_1,2023,11,0,0
ITA.15.6.40_1,2023,11,0,0
ITA.15.6.41_1,2023,11,0,0
ITA.15.6.42_1,2023,11,0,0
ITA.15.6.43_1,2023,11,0,0
ITA.15.6.44_1,2023,11,0,0
ITA.15.6.45_1,2023,11,0,0
ITA.15.6.46_1,2023,11,0,0
ITA.15.6.47_1,2023,11,0,0
ITA.15.6.48_1,2023,11,0,0
ITA.15.6.49_1,2023,11,0,0
ITA.15.6.5_1,2023,11,0,0
ITA.15.6.50_1,2023,11,0,0
ITA.15.6.51_1,2023,11,0,0
ITA.15.6.52_1,2023,11,0,0
ITA.15.6.53_1,2023,11,0,0
ITA.15.6.54_1,2023,11,0,0
ITA.15.6.55_1,2023,11,0,0
ITA.15.6.56_1,2023,11,0,0
ITA.15.6.57_1,2023,11,0,0
ITA.15.6.58_1,2023,11,0,0
ITA.15.6.59_1,2023,11,0,0
ITA.15.6.6_1,2023,11,0,0
ITA.15.6.60_1,2023,11,0,0
ITA.15.6.61_1,2023,11,0,0
ITA.15.6.62_1,2023,11,0,0
ITA.15.6.63_1,2023,11,0,0
ITA.15.6.64_1,2023,11,0,0
ITA.15.6.65_1,2023,11,0,0
ITA.15.6.66_1,2023,11,0,0
ITA.15.6.67_1,2023,11,0,0
ITA.15.6.68_1,2023,11,0,0
ITA.15.6.69_1,2023,11,0,0
ITA.15.6.7_1,2023,11,0,0
ITA.15.6.70_1,2023,11,0,0
ITA.15.6.71_1,2023,11,0,0
ITA.15.6.72_1,2023,11,0,0
ITA.15.6.73_1,2023,11,0,0
ITA.15.6.74_1,2023,11,0,0
ITA.15.6.75_1,2023,11,0,0
ITA.15.6.76_1,2023,11,0,0
ITA.15.6.78_1,2023,11,0,0
ITA.15.6.79_1,2023,11,0,0
ITA.15.6.8_1,2023,11,0,0
ITA.15.6.80_1,2023,11,0,0
ITA.15.6.81_1,2023,11,0,0
ITA.15.6.82_1,2023,11,0,0
ITA.15.6.9_1,2023,11,0,0
ITA.15.7.1_1,2023,11,0,0
ITA.15.7.10_1,2023,11,0,0
ITA.15.7.11_1,2023,11,0,0
ITA.15.7.12_1,2023,11,0,0
ITA.15.7.2_1,2023,11,0,0
ITA.15.7.3_1,2023,11,0,0
ITA.15.7.4_1,2023,11,0,0
ITA.15.7.5_1,2023,11,0,0
ITA.15.7.6_1,2023,11,0,0
ITA.15.7.7_1,2023,11,0,0
ITA.15.7.8_1,2023,11,0,0
ITA.15.7.9_1,2023,11,0,0
ITA.15.8.1_1,2023,11,0,0
ITA.15.8.10_1,2023,11,0,0
ITA.15.8.11_1,2023,11,0,0
ITA.15.8.12_1,2023,11,0,0
ITA.15.8.13_1,2023,11,0,0
ITA.15.8.14_1,2023,11,0,0
ITA.15.8.15_1,2023,11,0,0
ITA.15.8.16_1,2023,11,0,0
ITA.15.8.17_1,2023,11,0,0
ITA.15.8.18_1,2023,11,0,0
ITA.15.8.19_1,2023,11,0,0
ITA.15.8.2_1,2023,11,0,0
ITA.15.8.20_1,2023,11,0,0
ITA.15.8.21_1,2023,11,0,0
ITA.15.8.3_1,2023,11,0,0
ITA.15.8.4_1,2023,11,0,0
ITA.15.8.5_1,2023,11,0,0
ITA.15.8.6_1,2023,11,0,0
ITA.15.8.7_1,2023,11,0,0
ITA.15.8.8_1,2023,11,0,0
ITA.15.8.9_1,2023,11,0,0
ITA.15.9.1_1,2023,11,0,0
ITA.15.9.10_1,2023,11,0,0
ITA.15.9.11_1,2023,11,0,0
ITA.15.9.12_1,2023,11,0,0
ITA.15.9.13_1,2023,11,0,0
ITA.15.9.14_1,2023,11,0,0
ITA.15.9.15_1,2023,11,0,0
ITA.15.9.16_1,2023,11,0,0
ITA.15.9.17_1,2023,11,0,0
ITA.15.9.18_1,2023,11,0,0
ITA.15.9.19_1,2023,11,0,0
ITA.15.9.2_1,2023,11,0,0
ITA.15.9.20_1,2023,11,0,0
ITA.15.9.21_1,2023,11,0,0
ITA.15.9.22_1,2023,11,0,0
ITA.15.9.23_1,2023,11,0,0
ITA.15.9.24_1,2023,11,0,0
ITA.15.9.3_1,2023,11,0,0
ITA.15.9.4_1,2023,11,0,0
ITA.15.9.5_1,2023,11,0,0
ITA.15.9.6_1,2023,11,0,0
ITA.15.9.7_1,2023,11,0,0
ITA.15.9.8_1,2023,11,0,0
ITA.16.1.1_1,2023,11,0,0
ITA.16.1.10_1,2023,11,0,0
ITA.16.1.11_1,2023,11,0,0
ITA.16.1.12_1,2023,11,0,0
ITA.16.1.13_1,2023,11,0,0
ITA.16.1.14_1,2023,11,0,0
ITA.16.1.15_1,2023,11,0,0
ITA.16.1.16_1,2023,11,0,0
ITA.16.1.17_1,2023,11,0,0
ITA.16.1.18_1,2023,11,0,0
ITA.16.1.19_1,2023,11,0,0
ITA.16.1.2_1,2023,11,0,0
ITA.16.1.20_1,2023,11,0,0
ITA.16.1.21_1,2023,11,0,0
ITA.16.1.22_1,2023,11,0,0
ITA.16.1.23_1,2023,11,0,0
ITA.16.1.24_1,2023,11,0,0
ITA.16.1.25_1,2023,11,0,0
ITA.16.1.26_1,2023,11,0,0
ITA.16.1.27_1,2023,11,0,0
ITA.16.1.28_1,2023,11,0,0
ITA.16.1.29_1,2023,11,0,0
ITA.16.1.3_1,2023,11,0,0
ITA.16.1.30_1,2023,11,0,0
ITA.16.1.31_1,2023,11,0,0
ITA.16.1.32_1,2023,11,0,0
ITA.16.1.33_1,2023,11,0,0
ITA.16.1.34_1,2023,11,0,0
ITA.16.1.35_1,2023,11,0,0
ITA.16.1.36_1,2023,11,0,0
ITA.16.1.37_1,2023,11,0,0
ITA.16.1.38_1,2023,11,0,0
ITA.16.1.39_1,2023,11,0,0
ITA.16.1.4_1,2023,11,0,0
ITA.16.1.5_1,2023,11,0,0
ITA.16.1.6_1,2023,11,0,0
ITA.16.1.7_1,2023,11,0,0
ITA.16.1.8_1,2023,11,0,0
ITA.16.1.9_1,2023,11,0,0
ITA.16.10.1_1,2023,11,0,0
ITA.16.10.10_1,2023,11,0,0
ITA.16.10.11_1,2023,11,0,0
ITA.16.10.12_1,2023,11,0,0
ITA.16.10.13_1,2023,11,0,0
ITA.16.10.14_1,2023,11,0,0
ITA.16.10.15_1,2023,11,0,0
ITA.16.10.16_1,2023,11,0,0
ITA.16.10.17_1,2023,11,0,0
ITA.16.10.18_1,2023,11,0,0
ITA.16.10.19_1,2023,11,0,0
ITA.16.10.2_1,2023,11,0,0
ITA.16.10.20_1,2023,11,0,0
ITA.16.10.21_1,2023,11,0,0
ITA.16.10.22_1,2023,11,0,0
ITA.16.10.23_1,2023,11,0,0
ITA.16.10.24_1,2023,11,0,0
ITA.16.10.25_1,2023,11,0,0
ITA.16.10.26_1,2023,11,0,0
ITA.16.10.27_1,2023,11,0,0
ITA.16.10.28_1,2023,11,0,0
ITA.16.10.29_1,2023,11,0,0
ITA.16.10.3_1,2023,11,0,0
ITA.16.10.30_1,2023,11,0,0
ITA.16.10.31_1,2023,11,0,0
ITA.16.10.32_1,2023,11,0,0
ITA.16.10.33_1,2023,11,0,0
ITA.16.10.34_1,2023,11,0,0
ITA.16.10.35_1,2023,11,0,0
ITA.16.10.36_1,2023,11,0,0
ITA.16.10.4_1,2023,11,0,0
ITA.16.10.5_1,2023,11,0,0
ITA.16.10.6_1,2023,11,0,0
ITA.16.10.7_1,2023,11,0,0
ITA.16.10.8_1,2023,11,0,0
ITA.16.10.9_1,2023,11,0,0
ITA.16.2.1_1,2023,11,0,0
ITA.16.2.10_1,2023,11,0,0
ITA.16.2.11_1,2023,11,0,0
ITA.16.2.12_1,2023,11,0,0
ITA.16.2.13_1,2023,11,0,0
ITA.16.2.14_1,2023,11,0,0
ITA.16.2.15_1,2023,11,0,0
ITA.16.2.16_1,2023,11,0,0
ITA.16.2.17_1,2023,11,0,0
ITA.16.2.18_1,2023,11,0,0
ITA.16.2.19_1,2023,11,0,0
ITA.16.2.2_1,2023,11,0,0
ITA.16.2.20_1,2023,11,0,0
ITA.16.2.21_1,2023,11,0,0
ITA.16.2.22_1,2023,11,0,0
ITA.16.2.23_1,2023,11,0,0
ITA.16.2.24_1,2023,11,0,0
ITA.16.2.25_1,2023,11,0,0
ITA.16.2.26_1,2023,11,0,0
ITA.16.2.27_1,2023,11,0,0
ITA.16.2.28_1,2023,11,0,0
ITA.16.2.29_1,2023,11,0,0
ITA.16.2.3_1,2023,11,0,0
ITA.16.2.30_1,2023,11,0,0
ITA.16.2.31_1,2023,11,0,0
ITA.16.2.32_1,2023,11,0,0
ITA.16.2.33_1,2023,11,0,0
ITA.16.2.34_1,2023,11,0,0
ITA.16.2.35_1,2023,11,0,0
ITA.16.2.36_1,2023,11,0,0
ITA.16.2.37_1,2023,11,0,0
ITA.16.2.38_1,2023,11,0,0
ITA.16.2.39_1,2023,11,0,0
ITA.16.2.4_1,2023,11,0,0
ITA.16.2.40_1,2023,11,0,0
ITA.16.2.41_1,2023,11,0,0
ITA.16.2.42_1,2023,11,0,0
ITA.16.2.43_1,2023,11,0,0
ITA.16.2.44_1,2023,11,0,0
ITA.16.2.5_1,2023,11,0,0
ITA.16.2.6_1,2023,11,0,0
ITA.16.2.7_1,2023,11,0,0
ITA.16.2.8_1,2023,11,0,0
ITA.16.2.9_1,2023,11,0,0
ITA.16.3.1_1,2023,11,0,0
ITA.16.3.10_1,2023,11,0,0
ITA.16.3.11_1,2023,11,0,0
ITA.16.3.12_1,2023,11,0,0
ITA.16.3.13_1,2023,11,0,0
ITA.16.3.14_1,2023,11,0,0
ITA.16.3.15_1,2023,11,0,0
ITA.16.3.16_1,2023,11,0,0
ITA.16.3.17_1,2023,11,0,0
ITA.16.3.18_1,2023,11,0,0
ITA.16.3.19_1,2023,11,0,0
ITA.16.3.2_1,2023,11,0,0
ITA.16.3.20_1,2023,11,0,0
ITA.16.3.21_1,2023,11,0,0
ITA.16.3.22_1,2023,11,0,0
ITA.16.3.23_1,2023,11,0,0
ITA.16.3.24_1,2023,11,0,0
ITA.16.3.25_1,2023,11,0,0
ITA.16.3.26_1,2023,11,0,0
ITA.16.3.27_1,2023,11,0,0
ITA.16.3.28_1,2023,11,0,0
ITA.16.3.3_1,2023,11,0,0
ITA.16.3.4_1,2023,11,0,0
ITA.16.3.5_1,2023,11,0,0
ITA.16.3.6_1,2023,11,0,0
ITA.16.3.7_1,2023,11,0,0
ITA.16.3.8_1,2023,11,0,0
ITA.16.3.9_1,2023,11,0,0
ITA.16.4.1_1,2023,11,0,0
ITA.16.4.10_1,2023,11,0,0
ITA.16.4.11_1,2023,11,0,0
ITA.16.4.12_1,2023,11,0,0
ITA.16.4.13_1,2023,11,0,0
ITA.16.4.14_1,2023,11,0,0
ITA.16.4.15_1,2023,11,0,0
ITA.16.4.16_1,2023,11,0,0
ITA.16.4.17_1,2023,11,0,0
ITA.16.4.18_1,2023,11,0,0
ITA.16.4.19_1,2023,11,0,0
ITA.16.4.2_1,2023,11,0,0
ITA.16.4.20_1,2023,11,0,0
ITA.16.4.3_1,2023,11,0,0
ITA.16.4.4_1,2023,11,0,0
ITA.16.4.5_1,2023,11,0,0
ITA.16.4.6_1,2023,11,0,0
ITA.16.4.7_1,2023,11,0,0
ITA.16.4.8_1,2023,11,0,0
ITA.16.4.9_1,2023,11,0,0
ITA.16.5.1_1,2023,11,0,0
ITA.16.5.10_1,2023,11,0,0
ITA.16.5.11_1,2023,11,0,0
ITA.16.5.12_1,2023,11,0,0
ITA.16.5.13_1,2023,11,0,0
ITA.16.5.14_1,2023,11,0,0
ITA.16.5.15_1,2023,11,0,0
ITA.16.5.16_1,2023,11,0,0
ITA.16.5.17_1,2023,11,0,0
ITA.16.5.18_1,2023,11,0,0
ITA.16.5.19_1,2023,11,0,0
ITA.16.5.2_1,2023,11,0,0
ITA.16.5.20_1,2023,11,0,0
ITA.16.5.21_1,2023,11,0,0
ITA.16.5.22_1,2023,11,0,0
ITA.16.5.23_1,2023,11,0,0
ITA.16.5.24_1,2023,11,0,0
ITA.16.5.25_1,2023,11,0,0
ITA.16.5.26_1,2023,11,0,0
ITA.16.5.27_1,2023,11,0,0
ITA.16.5.28_1,2023,11,0,0
ITA.16.5.29_1,2023,11,0,0
ITA.16.5.3_1,2023,11,0,0
ITA.16.5.30_1,2023,11,0,0
ITA.16.5.31_1,2023,11,0,0
ITA.16.5.32_1,2023,11,0,0
ITA.16.5.33_1,2023,11,0,0
ITA.16.5.34_1,2023,11,0,0
ITA.16.5.35_1,2023,11,0,0
ITA.16.5.4_1,2023,11,0,0
ITA.16.5.5_1,2023,11,0,0
ITA.16.5.6_1,2023,11,0,0
ITA.16.5.7_1,2023,11,0,0
ITA.16.5.8_1,2023,11,0,0
ITA.16.5.9_1,2023,11,0,0
ITA.16.6.1_1,2023,11,0,0
ITA.16.6.10_1,2023,11,0,0
ITA.16.6.11_1,2023,11,0,0
ITA.16.6.12_1,2023,11,0,0
ITA.16.6.13_1,2023,11,0,0
ITA.16.6.14_1,2023,11,0,0
ITA.16.6.15_1,2023,11,0,0
ITA.16.6.16_1,2023,11,0,0
ITA.16.6.17_1,2023,11,0,0
ITA.16.6.2_1,2023,11,0,0
ITA.16.6.3_1,2023,11,0,0
ITA.16.6.4_1,2023,11,0,0
ITA.16.6.5_1,2023,11,0,0
ITA.16.6.6_1,2023,11,0,0
ITA.16.6.7_1,2023,11,0,0
ITA.16.6.8_1,2023,11,0,0
ITA.16.6.9_1,2023,11,0,0
ITA.16.7.1_1,2023,11,0,0
ITA.16.7.10_1,2023,11,0,0
ITA.16.7.11_1,2023,11,0,0
ITA.16.7.12_1,2023,11,0,0
ITA.16.7.13_1,2023,11,0,0
ITA.16.7.14_1,2023,11,0,0
ITA.16.7.15_1,2023,11,0,0
ITA.16.7.16_1,2023,11,0,0
ITA.16.7.17_1,2023,11,0,0
ITA.16.7.18_1,2023,11,0,0
ITA.16.7.19_1,2023,11,0,0
ITA.16.7.2_1,2023,11,0,0
ITA.16.7.20_1,2023,11,0,0
ITA.16.7.21_1,2023,11,0,0
ITA.16.7.22_1,2023,11,0,0
ITA.16.7.23_1,2023,11,0,0
ITA.16.7.24_1,2023,11,0,0
ITA.16.7.25_1,2023,11,0,0
ITA.16.7.26_1,2023,11,0,0
ITA.16.7.27_1,2023,11,0,0
ITA.16.7.28_1,2023,11,0,0
ITA.16.7.29_1,2023,11,0,0
ITA.16.7.3_1,2023,11,0,0
ITA.16.7.30_1,2023,11,0,0
ITA.16.7.31_1,2023,11,0,0
ITA.16.7.32_1,2023,11,0,0
ITA.16.7.33_1,2023,11,0,0
ITA.16.7.34_1,2023,11,0,0
ITA.16.7.35_1,2023,11,0,0
ITA.16.7.36_1,2023,11,0,0
ITA.16.7.37_1,2023,11,0,0
ITA.16.7.38_1,2023,11,0,0
ITA.16.7.39_1,2023,11,0,0
ITA.16.7.4_1,2023,11,0,0
ITA.16.7.5_1,2023,11,0,0
ITA.16.7.6_1,2023,11,0,0
ITA.16.7.7_1,2023,11,0,0
ITA.16.7.8_1,2023,11,0,0
ITA.16.7.9_1,2023,11,0,0
ITA.16.8.1_1,2023,11,0,0
ITA.16.8.10_1,2023,11,0,0
ITA.16.8.11_1,2023,11,0,0
ITA.16.8.12_1,2023,11,0,0
ITA.16.8.13_1,2023,11,0,0
ITA.16.8.14_1,2023,11,0,0
ITA.16.8.15_1,2023,11,0,0
ITA.16.8.16_1,2023,11,0,0
ITA.16.8.17_1,2023,11,0,0
ITA.16.8.18_1,2023,11,0,0
ITA.16.8.19_1,2023,11,0,0
ITA.16.8.2_1,2023,11,0,0
ITA.16.8.20_1,2023,11,0,0
ITA.16.8.21_1,2023,11,0,0
ITA.16.8.22_1,2023,11,0,0
ITA.16.8.3_1,2023,11,0,0
ITA.16.8.4_1,2023,11,0,0
ITA.16.8.5_1,2023,11,0,0
ITA.16.8.6_1,2023,11,0,0
ITA.16.8.7_1,2023,11,0,0
ITA.16.8.8_1,2023,11,0,0
ITA.16.8.9_1,2023,11,0,0
ITA.16.9.1_1,2023,11,0,0
ITA.16.9.2_1,2023,11,0,0
ITA.16.9.3_1,2023,11,0,0
ITA.16.9.4_1,2023,11,0,0
ITA.16.9.5_1,2023,11,0,0
ITA.16.9.6_1,2023,11,0,0
ITA.16.9.7_1,2023,11,0,0
ITA.17.1.1_1,2023,11,0,0
ITA.17.1.10_1,2023,11,0,0
ITA.17.1.100_1,2023,11,0,0
ITA.17.1.101_1,2023,11,0,0
ITA.17.1.102_1,2023,11,0,0
ITA.17.1.103_1,2023,11,0,0
ITA.17.1.104_1,2023,11,0,0
ITA.17.1.105_1,2023,11,0,0
ITA.17.1.106_1,2023,11,0,0
ITA.17.1.107_1,2023,11,0,0
ITA.17.1.108_1,2023,11,0,0
ITA.17.1.109_1,2023,11,0,0
ITA.17.1.11_1,2023,11,0,0
ITA.17.1.110_1,2023,11,0,0
ITA.17.1.111_1,2023,11,0,0
ITA.17.1.112_1,2023,11,0,0
ITA.17.1.113_1,2023,11,0,0
ITA.17.1.114_1,2023,11,0,0
ITA.17.1.115_1,2023,11,0,0
ITA.17.1.116_1,2023,11,0,0
ITA.17.1.12_1,2023,11,0,0
ITA.17.1.13_1,2023,11,0,0
ITA.17.1.14_1,2023,11,0,0
ITA.17.1.15_1,2023,11,0,0
ITA.17.1.16_1,2023,11,0,0
ITA.17.1.17_1,2023,11,0,0
ITA.17.1.18_1,2023,11,0,0
ITA.17.1.19_1,2023,11,0,0
ITA.17.1.2_1,2023,11,0,0
ITA.17.1.20_1,2023,11,0,0
ITA.17.1.21_1,2023,11,0,0
ITA.17.1.22_1,2023,11,0,0
ITA.17.1.23_1,2023,11,0,0
ITA.17.1.24_1,2023,11,0,0
ITA.17.1.25_1,2023,11,0,0
ITA.17.1.26_1,2023,11,0,0
ITA.17.1.27_1,2023,11,0,0
ITA.17.1.28_1,2023,11,0,0
ITA.17.1.29_1,2023,11,0,0
ITA.17.1.3_1,2023,11,0,0
ITA.17.1.30_1,2023,11,0,0
ITA.17.1.31_1,2023,11,0,0
ITA.17.1.32_1,2023,11,0,0
ITA.17.1.33_1,2023,11,0,0
ITA.17.1.34_1,2023,11,0,0
ITA.17.1.35_1,2023,11,0,0
ITA.17.1.36_1,2023,11,0,0
ITA.17.1.37_1,2023,11,0,0
ITA.17.1.38_1,2023,11,0,0
ITA.17.1.39_1,2023,11,0,0
ITA.17.1.4_1,2023,11,0,0
ITA.17.1.40_1,2023,11,0,0
ITA.17.1.41_1,2023,11,0,0
ITA.17.1.42_1,2023,11,0,0
ITA.17.1.43_1,2023,11,0,0
ITA.17.1.44_1,2023,11,0,0
ITA.17.1.45_1,2023,11,0,0
ITA.17.1.46_1,2023,11,0,0
ITA.17.1.47_1,2023,11,0,0
ITA.17.1.48_1,2023,11,0,0
ITA.17.1.49_1,2023,11,0,0
ITA.17.1.5_1,2023,11,0,0
ITA.17.1.50_1,2023,11,0,0
ITA.17.1.51_1,2023,11,0,0
ITA.17.1.52_1,2023,11,0,0
ITA.17.1.53_1,2023,11,0,0
ITA.17.1.54_1,2023,11,0,0
ITA.17.1.55_1,2023,11,0,0
ITA.17.1.56_1,2023,11,0,0
ITA.17.1.57_1,2023,11,0,0
ITA.17.1.58_1,2023,11,0,0
ITA.17.1.59_1,2023,11,0,0
ITA.17.1.6_1,2023,11,0,0
ITA.17.1.60_1,2023,11,0,0
ITA.17.1.61_1,2023,11,0,0
ITA.17.1.62_1,2023,11,0,0
ITA.17.1.63_1,2023,11,0,0
ITA.17.1.64_1,2023,11,0,0
ITA.17.1.65_1,2023,11,0,0
ITA.17.1.66_1,2023,11,0,0
ITA.17.1.67_1,2023,11,0,0
ITA.17.1.68_1,2023,11,0,0
ITA.17.1.69_1,2023,11,0,0
ITA.17.1.7_1,2023,11,0,0
ITA.17.1.70_1,2023,11,0,0
ITA.17.1.71_1,2023,11,0,0
ITA.17.1.72_1,2023,11,0,0
ITA.17.1.73_1,2023,11,0,0
ITA.17.1.74_1,2023,11,0,0
ITA.17.1.75_1,2023,11,0,0
ITA.17.1.76_1,2023,11,0,0
ITA.17.1.77_1,2023,11,0,0
ITA.17.1.78_1,2023,11,0,0
ITA.17.1.79_1,2023,11,0,0
ITA.17.1.8_1,2023,11,0,0
ITA.17.1.80_1,2023,11,0,0
ITA.17.1.81_1,2023,11,0,0
ITA.17.1.82_1,2023,11,0,0
ITA.17.1.83_1,2023,11,0,0
ITA.17.1.84_1,2023,11,0,0
ITA.17.1.85_1,2023,11,0,0
ITA.17.1.86_1,2023,11,0,0
ITA.17.1.87_1,2023,11,0,0
ITA.17.1.88_1,2023,11,0,0
ITA.17.1.89_1,2023,11,0,0
ITA.17.1.9_1,2023,11,0,0
ITA.17.1.90_1,2023,11,0,0
ITA.17.1.91_1,2023,11,0,0
ITA.17.1.92_1,2023,11,0,0
ITA.17.1.93_1,2023,11,0,0
ITA.17.1.94_1,2023,11,0,0
ITA.17.1.95_1,2023,11,0,0
ITA.17.1.96_1,2023,11,0,0
ITA.17.1.97_1,2023,11,0,0
ITA.17.1.98_1,2023,11,0,0
ITA.17.1.99_1,2023,11,0,0
ITA.17.2.1_1,2023,11,0,0
ITA.17.2.10_1,2023,11,0,0
ITA.17.2.100_1,2023,11,0,0
ITA.17.2.101_1,2023,11,0,0
ITA.17.2.102_1,2023,11,0,0
ITA.17.2.103_1,2023,11,0,0
ITA.17.2.104_1,2023,11,0,0
ITA.17.2.105_1,2023,11,0,0
ITA.17.2.106_1,2023,11,0,0
ITA.17.2.107_1,2023,11,0,0
ITA.17.2.108_1,2023,11,0,0
ITA.17.2.109_1,2023,11,0,0
ITA.17.2.11_1,2023,11,0,0
ITA.17.2.110_1,2023,11,0,0
ITA.17.2.111_1,2023,11,0,0
ITA.17.2.112_1,2023,11,0,0
ITA.17.2.113_1,2023,11,0,0
ITA.17.2.114_1,2023,11,0,0
ITA.17.2.115_1,2023,11,0,0
ITA.17.2.116_1,2023,11,0,0
ITA.17.2.117_1,2023,11,0,0
ITA.17.2.118_1,2023,11,0,0
ITA.17.2.119_1,2023,11,0,0
ITA.17.2.12_1,2023,11,0,0
ITA.17.2.120_1,2023,11,0,0
ITA.17.2.121_1,2023,11,0,0
ITA.17.2.122_1,2023,11,0,0
ITA.17.2.123_1,2023,11,0,0
ITA.17.2.124_1,2023,11,0,0
ITA.17.2.125_1,2023,11,0,0
ITA.17.2.126_1,2023,11,0,0
ITA.17.2.127_1,2023,11,0,0
ITA.17.2.128_1,2023,11,0,0
ITA.17.2.129_1,2023,11,0,0
ITA.17.2.13_1,2023,11,0,0
ITA.17.2.130_1,2023,11,0,0
ITA.17.2.131_1,2023,11,0,0
ITA.17.2.132_1,2023,11,0,0
ITA.17.2.133_1,2023,11,0,0
ITA.17.2.134_1,2023,11,0,0
ITA.17.2.135_1,2023,11,0,0
ITA.17.2.136_1,2023,11,0,0
ITA.17.2.137_1,2023,11,0,0
ITA.17.2.138_1,2023,11,0,0
ITA.17.2.139_1,2023,11,0,0
ITA.17.2.14_1,2023,11,0,0
ITA.17.2.140_1,2023,11,0,0
ITA.17.2.141_1,2023,11,0,0
ITA.17.2.142_1,2023,11,0,0
ITA.17.2.143_1,2023,11,0,0
ITA.17.2.144_1,2023,11,0,0
ITA.17.2.145_1,2023,11,0,0
ITA.17.2.146_1,2023,11,0,0
ITA.17.2.147_1,2023,11,0,0
ITA.17.2.148_1,2023,11,0,0
ITA.17.2.149_1,2023,11,0,0
ITA.17.2.15_1,2023,11,0,0
ITA.17.2.150_1,2023,11,0,0
ITA.17.2.151_1,2023,11,0,0
ITA.17.2.152_1,2023,11,0,0
ITA.17.2.153_1,2023,11,0,0
ITA.17.2.154_1,2023,11,0,0
ITA.17.2.155_1,2023,11,0,0
ITA.17.2.156_1,2023,11,0,0
ITA.17.2.157_1,2023,11,0,0
ITA.17.2.158_1,2023,11,0,0
ITA.17.2.159_1,2023,11,0,0
ITA.17.2.16_1,2023,11,0,0
ITA.17.2.160_1,2023,11,0,0
ITA.17.2.161_1,2023,11,0,0
ITA.17.2.162_1,2023,11,0,0
ITA.17.2.163_1,2023,11,0,0
ITA.17.2.164_1,2023,11,0,0
ITA.17.2.165_1,2023,11,0,0
ITA.17.2.166_1,2023,11,0,0
ITA.17.2.167_1,2023,11,0,0
ITA.17.2.168_1,2023,11,0,0
ITA.17.2.169_1,2023,11,0,0
ITA.17.2.17_1,2023,11,0,0
ITA.17.2.170_1,2023,11,0,0
ITA.17.2.171_1,2023,11,0,0
ITA.17.2.172_1,2023,11,0,0
ITA.17.2.173_1,2023,11,0,0
ITA.17.2.174_1,2023,11,0,0
ITA.17.2.175_1,2023,11,0,0
ITA.17.2.176_1,2023,11,0,0
ITA.17.2.177_1,2023,11,0,0
ITA.17.2.178_1,2023,11,0,0
ITA.17.2.179_1,2023,11,0,0
ITA.17.2.18_1,2023,11,0,0
ITA.17.2.180_1,2023,11,0,0
ITA.17.2.181_1,2023,11,0,0
ITA.17.2.182_1,2023,11,0,0
ITA.17.2.183_1,2023,11,0,0
ITA.17.2.184_1,2023,11,0,0
ITA.17.2.185_1,2023,11,0,0
ITA.17.2.186_1,2023,11,0,0
ITA.17.2.187_1,2023,11,0,0
ITA.17.2.188_1,2023,11,0,0
ITA.17.2.189_1,2023,11,0,0
ITA.17.2.19_1,2023,11,0,0
ITA.17.2.190_1,2023,11,0,0
ITA.17.2.191_1,2023,11,0,0
ITA.17.2.192_1,2023,11,0,0
ITA.17.2.193_1,2023,11,0,0
ITA.17.2.194_1,2023,11,0,0
ITA.17.2.195_1,2023,11,0,0
ITA.17.2.196_1,2023,11,0,0
ITA.17.2.197_1,2023,11,0,0
ITA.17.2.198_1,2023,11,0,0
ITA.17.2.199_1,2023,11,0,0
ITA.17.2.2_1,2023,11,0,0
ITA.17.2.20_1,2023,11,0,0
ITA.17.2.200_1,2023,11,0,0
ITA.17.2.201_1,2023,11,0,0
ITA.17.2.202_1,2023,11,0,0
ITA.17.2.203_1,2023,11,0,0
ITA.17.2.204_1,2023,11,0,0
ITA.17.2.205_1,2023,11,0,0
ITA.17.2.206_1,2023,11,0,0
ITA.17.2.207_1,2023,11,0,0
ITA.17.2.208_1,2023,11,0,0
ITA.17.2.209_1,2023,11,0,0
ITA.17.2.21_1,2023,11,0,0
ITA.17.2.210_1,2023,11,0,0
ITA.17.2.211_1,2023,11,0,0
ITA.17.2.212_1,2023,11,0,0
ITA.17.2.213_1,2023,11,0,0
ITA.17.2.214_1,2023,11,0,0
ITA.17.2.215_1,2023,11,0,0
ITA.17.2.216_1,2023,11,0,0
ITA.17.2.217_1,2023,11,0,0
ITA.17.2.218_1,2023,11,0,0
ITA.17.2.219_1,2023,11,0,0
ITA.17.2.22_1,2023,11,0,0
ITA.17.2.220_1,2023,11,0,0
ITA.17.2.221_1,2023,11,0,0
ITA.17.2.222_1,2023,11,0,0
ITA.17.2.223_1,2023,11,0,0
ITA.17.2.23_1,2023,11,0,0
ITA.17.2.24_1,2023,11,0,0
ITA.17.2.25_1,2023,11,0,0
ITA.17.2.26_1,2023,11,0,0
ITA.17.2.27_1,2023,11,0,0
ITA.17.2.28_1,2023,11,0,0
ITA.17.2.29_1,2023,11,0,0
ITA.17.2.3_1,2023,11,0,0
ITA.17.2.30_1,2023,11,0,0
ITA.17.2.31_1,2023,11,0,0
ITA.17.2.32_1,2023,11,0,0
ITA.17.2.33_1,2023,11,0,0
ITA.17.2.34_1,2023,11,0,0
ITA.17.2.35_1,2023,11,0,0
ITA.17.2.36_1,2023,11,0,0
ITA.17.2.37_1,2023,11,0,0
ITA.17.2.38_1,2023,11,0,0
ITA.17.2.39_1,2023,11,0,0
ITA.17.2.4_1,2023,11,0,0
ITA.17.2.40_1,2023,11,0,0
ITA.17.2.41_1,2023,11,0,0
ITA.17.2.42_1,2023,11,0,0
ITA.17.2.43_1,2023,11,0,0
ITA.17.2.44_1,2023,11,0,0
ITA.17.2.45_1,2023,11,0,0
ITA.17.2.46_1,2023,11,0,0
ITA.17.2.47_1,2023,11,0,0
ITA.17.2.48_1,2023,11,0,0
ITA.17.2.49_1,2023,11,0,0
ITA.17.2.5_1,2023,11,0,0
ITA.17.2.50_1,2023,11,0,0
ITA.17.2.51_1,2023,11,0,0
ITA.17.2.52_1,2023,11,0,0
ITA.17.2.53_1,2023,11,0,0
ITA.17.2.54_1,2023,11,0,0
ITA.17.2.55_1,2023,11,0,0
ITA.17.2.56_1,2023,11,0,0
ITA.17.2.57_1,2023,11,0,0
ITA.17.2.58_1,2023,11,0,0
ITA.17.2.59_1,2023,11,0,0
ITA.17.2.6_1,2023,11,0,0
ITA.17.2.60_1,2023,11,0,0
ITA.17.2.61_1,2023,11,0,0
ITA.17.2.62_1,2023,11,0,0
ITA.17.2.63_1,2023,11,0,0
ITA.17.2.64_1,2023,11,0,0
ITA.17.2.65_1,2023,11,0,0
ITA.17.2.66_1,2023,11,0,0
ITA.17.2.67_1,2023,11,0,0
ITA.17.2.68_1,2023,11,0,0
ITA.17.2.69_1,2023,11,0,0
ITA.17.2.7_1,2023,11,0,0
ITA.17.2.70_1,2023,11,0,0
ITA.17.2.71_1,2023,11,0,0
ITA.17.2.72_1,2023,11,0,0
ITA.17.2.73_1,2023,11,0,0
ITA.17.2.74_1,2023,11,0,0
ITA.17.2.75_1,2023,11,0,0
ITA.17.2.76_1,2023,11,0,0
ITA.17.2.77_1,2023,11,0,0
ITA.17.2.78_1,2023,11,0,0
ITA.17.2.79_1,2023,11,0,0
ITA.17.2.8_1,2023,11,0,0
ITA.17.2.80_1,2023,11,0,0
ITA.17.2.81_1,2023,11,0,0
ITA.17.2.82_1,2023,11,0,0
ITA.17.2.83_1,2023,11,0,0
ITA.17.2.84_1,2023,11,0,0
ITA.17.2.85_1,2023,11,0,0
ITA.17.2.86_1,2023,11,0,0
ITA.17.2.87_1,2023,11,0,0
ITA.17.2.88_1,2023,11,0,0
ITA.17.2.89_1,2023,11,0,0
ITA.17.2.9_1,2023,11,0,0
ITA.17.2.90_1,2023,11,0,0
ITA.17.2.91_1,2023,11,0,0
ITA.17.2.92_1,2023,11,0,0
ITA.17.2.93_1,2023,11,0,0
ITA.17.2.94_1,2023,11,0,0
ITA.17.2.95_1,2023,11,0,0
ITA.17.2.96_1,2023,11,0,0
ITA.17.2.97_1,2023,11,0,0
ITA.17.2.98_1,2023,11,0,0
ITA.17.2.99_1,2023,11,0,0
ITA.18.1.1_1,2023,11,0,0
ITA.18.1.10_1,2023,11,0,0
ITA.18.1.11_1,2023,11,0,0
ITA.18.1.12_1,2023,11,0,0
ITA.18.1.13_1,2023,11,0,0
ITA.18.1.14_1,2023,11,0,0
ITA.18.1.15_1,2023,11,0,0
ITA.18.1.16_1,2023,11,0,0
ITA.18.1.17_1,2023,11,0,0
ITA.18.1.18_1,2023,11,0,0
ITA.18.1.19_1,2023,11,0,0
ITA.18.1.2_1,2023,11,0,0
ITA.18.1.20_1,2023,11,0,0
ITA.18.1.21_1,2023,11,0,0
ITA.18.1.22_1,2023,11,0,0
ITA.18.1.23_1,2023,11,0,0
ITA.18.1.24_1,2023,11,0,0
ITA.18.1.25_1,2023,11,0,0
ITA.18.1.26_1,2023,11,0,0
ITA.18.1.27_1,2023,11,0,0
ITA.18.1.28_1,2023,11,0,0
ITA.18.1.29_1,2023,11,0,0
ITA.18.1.3_1,2023,11,0,0
ITA.18.1.30_1,2023,11,0,0
ITA.18.1.31_1,2023,11,0,0
ITA.18.1.32_1,2023,11,0,0
ITA.18.1.33_1,2023,11,0,0
ITA.18.1.34_1,2023,11,0,0
ITA.18.1.35_1,2023,11,0,0
ITA.18.1.36_1,2023,11,0,0
ITA.18.1.37_1,2023,11,0,0
ITA.18.1.38_1,2023,11,0,0
ITA.18.1.39_1,2023,11,0,0
ITA.18.1.4_1,2023,11,0,0
ITA.18.1.40_1,2023,11,0,0
ITA.18.1.41_1,2023,11,0,0
ITA.18.1.42_1,2023,11,0,0
ITA.18.1.43_1,2023,11,0,0
ITA.18.1.44_1,2023,11,0,0
ITA.18.1.45_1,2023,11,0,0
ITA.18.1.46_1,2023,11,0,0
ITA.18.1.47_1,2023,11,0,0
ITA.18.1.48_1,2023,11,0,0
ITA.18.1.49_1,2023,11,0,0
ITA.18.1.5_1,2023,11,0,0
ITA.18.1.50_1,2023,11,0,0
ITA.18.1.51_1,2023,11,0,0
ITA.18.1.52_1,2023,11,0,0
ITA.18.1.53_1,2023,11,0,0
ITA.18.1.54_1,2023,11,0,0
ITA.18.1.55_1,2023,11,0,0
ITA.18.1.56_1,2023,11,0,0
ITA.18.1.57_1,2023,11,0,0
ITA.18.1.58_1,2023,11,0,0
ITA.18.1.59_1,2023,11,0,0
ITA.18.1.6_1,2023,11,0,0
ITA.18.1.7_1,2023,11,0,0
ITA.18.1.8_1,2023,11,0,0
ITA.18.1.9_1,2023,11,0,0
ITA.18.2.1_1,2023,11,0,0
ITA.18.2.10_1,2023,11,0,0
ITA.18.2.11_1,2023,11,0,0
ITA.18.2.12_1,2023,11,0,0
ITA.18.2.13_1,2023,11,0,0
ITA.18.2.14_1,2023,11,0,0
ITA.18.2.15_1,2023,11,0,0
ITA.18.2.16_1,2023,11,0,0
ITA.18.2.17_1,2023,11,0,0
ITA.18.2.18_1,2023,11,0,0
ITA.18.2.19_1,2023,11,0,0
ITA.18.2.2_1,2023,11,0,0
ITA.18.2.20_1,2023,11,0,0
ITA.18.2.21_1,2023,11,0,0
ITA.18.2.22_1,2023,11,0,0
ITA.18.2.23_1,2023,11,0,0
ITA.18.2.24_1,2023,11,0,0
ITA.18.2.25_1,2023,11,0,0
ITA.18.2.26_1,2023,11,0,0
ITA.18.2.27_1,2023,11,0,0
ITA.18.2.28_1,2023,11,0,0
ITA.18.2.29_1,2023,11,0,0
ITA.18.2.3_1,2023,11,0,0
ITA.18.2.30_1,2023,11,0,0
ITA.18.2.31_1,2023,11,0,0
ITA.18.2.32_1,2023,11,0,0
ITA.18.2.33_1,2023,11,0,0
ITA.18.2.4_1,2023,11,0,0
ITA.18.2.5_1,2023,11,0,0
ITA.18.2.6_1,2023,11,0,0
ITA.18.2.7_1,2023,11,0,0
ITA.18.2.8_1,2023,11,0,0
ITA.18.2.9_1,2023,11,0,0
ITA.19.1.1_1,2023,11,0,0
ITA.19.1.10_1,2023,11,0,0
ITA.19.1.11_1,2023,11,0,0
ITA.19.1.12_1,2023,11,0,0
ITA.19.1.13_1,2023,11,0,0
ITA.19.1.14_1,2023,11,0,0
ITA.19.1.15_1,2023,11,0,0
ITA.19.1.16_1,2023,11,0,0
ITA.19.1.17_1,2023,11,0,0
ITA.19.1.18_1,2023,11,0,0
ITA.19.1.19_1,2023,11,0,0
ITA.19.1.2_1,2023,11,0,0
ITA.19.1.20_1,2023,11,0,0
ITA.19.1.21_1,2023,11,0,0
ITA.19.1.22_1,2023,11,0,0
ITA.19.1.23_1,2023,11,0,0
ITA.19.1.24_1,2023,11,0,0
ITA.19.1.25_1,2023,11,0,0
ITA.19.1.26_1,2023,11,0,0
ITA.19.1.27_1,2023,11,0,0
ITA.19.1.28_1,2023,11,0,0
ITA.19.1.29_1,2023,11,0,0
ITA.19.1.3_1,2023,11,0,0
ITA.19.1.30_1,2023,11,0,0
ITA.19.1.31_1,2023,11,0,0
ITA.19.1.32_1,2023,11,0,0
ITA.19.1.33_1,2023,11,0,0
ITA.19.1.34_1,2023,11,0,0
ITA.19.1.35_1,2023,11,0,0
ITA.19.1.36_1,2023,11,0,0
ITA.19.1.37_1,2023,11,0,0
ITA.19.1.38_1,2023,11,0,0
ITA.19.1.39_1,2023,11,0,0
ITA.19.1.4_1,2023,11,0,0
ITA.19.1.40_1,2023,11,0,0
ITA.19.1.41_1,2023,11,0,0
ITA.19.1.42_1,2023,11,0,0
ITA.19.1.43_1,2023,11,0,0
ITA.19.1.44_1,2023,11,0,0
ITA.19.1.45_1,2023,11,0,0
ITA.19.1.46_1,2023,11,0,0
ITA.19.1.47_1,2023,11,0,0
ITA.19.1.48_1,2023,11,0,0
ITA.19.1.49_1,2023,11,0,0
ITA.19.1.5_1,2023,11,0,0
ITA.19.1.50_1,2023,11,0,0
ITA.19.1.51_1,2023,11,0,0
ITA.19.1.52_1,2023,11,0,0
ITA.19.1.53_1,2023,11,0,0
ITA.19.1.54_1,2023,11,0,0
ITA.19.1.55_1,2023,11,0,0
ITA.19.1.56_1,2023,11,0,0
ITA.19.1.57_1,2023,11,0,0
ITA.19.1.58_1,2023,11,0,0
ITA.19.1.59_1,2023,11,0,0
ITA.19.1.6_1,2023,11,0,0
ITA.19.1.60_1,2023,11,0,0
ITA.19.1.61_1,2023,11,0,0
ITA.19.1.62_1,2023,11,0,0
ITA.19.1.63_1,2023,11,0,0
ITA.19.1.64_1,2023,11,0,0
ITA.19.1.65_1,2023,11,0,0
ITA.19.1.66_1,2023,11,0,0
ITA.19.1.67_1,2023,11,0,0
ITA.19.1.68_1,2023,11,0,0
ITA.19.1.69_1,2023,11,0,0
ITA.19.1.7_1,2023,11,0,0
ITA.19.1.70_1,2023,11,0,0
ITA.19.1.71_1,2023,11,0,0
ITA.19.1.72_1,2023,11,0,0
ITA.19.1.73_1,2023,11,0,0
ITA.19.1.74_1,2023,11,0,0
ITA.19.1.8_1,2023,11,0,0
ITA.19.1.9_1,2023,11,0,0
ITA.2.1.1_1,2023,11,0,0
ITA.2.1.10_1,2023,11,0,0
ITA.2.1.11_1,2023,11,0,0
ITA.2.1.12_1,2023,11,0,0
ITA.2.1.13_1,2023,11,0,0
ITA.2.1.14_1,2023,11,0,0
ITA.2.1.15_1,2023,11,0,0
ITA.2.1.16_1,2023,11,0,0
ITA.2.1.17_1,2023,11,0,0
ITA.2.1.18_1,2023,11,0,0
ITA.2.1.19_1,2023,11,0,0
ITA.2.1.2_1,2023,11,0,0
ITA.2.1.20_1,2023,11,0,0
ITA.2.1.21_1,2023,11,0,0
ITA.2.1.22_1,2023,11,0,0
ITA.2.1.23_1,2023,11,0,0
ITA.2.1.24_1,2023,11,0,0
ITA.2.1.25_1,2023,11,0,0
ITA.2.1.26_1,2023,11,0,0
ITA.2.1.27_1,2023,11,0,0
ITA.2.1.28_1,2023,11,0,0
ITA.2.1.29_1,2023,11,0,0
ITA.2.1.3_1,2023,11,0,0
ITA.2.1.30_1,2023,11,0,0
ITA.2.1.31_1,2023,11,0,0
ITA.2.1.32_1,2023,11,0,0
ITA.2.1.33_1,2023,11,0,0
ITA.2.1.34_1,2023,11,0,0
ITA.2.1.35_1,2023,11,0,0
ITA.2.1.36_1,2023,11,0,0
ITA.2.1.37_1,2023,11,0,0
ITA.2.1.38_1,2023,11,0,0
ITA.2.1.39_1,2023,11,0,0
ITA.2.1.4_1,2023,11,0,0
ITA.2.1.40_1,2023,11,0,0
ITA.2.1.41_1,2023,11,0,0
ITA.2.1.5_1,2023,11,0,0
ITA.2.1.6_1,2023,11,0,0
ITA.2.1.7_1,2023,11,0,0
ITA.2.1.8_1,2023,11,0,0
ITA.2.1.9_1,2023,11,0,0
ITA.2.2.1_1,2023,11,0,0
ITA.2.2.10_1,2023,11,0,0
ITA.2.2.2_1,2023,11,0,0
ITA.2.2.3_1,2023,11,0,0
ITA.2.2.4_1,2023,11,0,0
ITA.2.2.5_1,2023,11,0,0
ITA.2.2.6_1,2023,11,0,0
ITA.2.2.7_1,2023,11,0,0
ITA.2.2.8_1,2023,11,0,0
ITA.2.2.9_1,2023,11,0,0
ITA.2.3.1_1,2023,11,0,0
ITA.2.3.10_1,2023,11,0,0
ITA.2.3.11_1,2023,11,0,0
ITA.2.3.12_1,2023,11,0,0
ITA.2.3.13_1,2023,11,0,0
ITA.2.3.14_1,2023,11,0,0
ITA.2.3.15_1,2023,11,0,0
ITA.2.3.16_1,2023,11,0,0
ITA.2.3.17_1,2023,11,0,0
ITA.2.3.18_1,2023,11,0,0
ITA.2.3.19_1,2023,11,0,0
ITA.2.3.2_1,2023,11,0,0
ITA.2.3.20_1,2023,11,0,0
ITA.2.3.3_1,2023,11,0,0
ITA.2.3.4_1,2023,11,0,0
ITA.2.3.5_1,2023,11,0,0
ITA.2.3.6_1,2023,11,0,0
ITA.2.3.7_1,2023,11,0,0
ITA.2.3.8_1,2023,11,0,0
ITA.2.3.9_1,2023,11,0,0
ITA.2.4.1_1,2023,11,0,0
ITA.2.4.10_1,2023,11,0,0
ITA.2.4.11_1,2023,11,0,0
ITA.2.4.12_1,2023,11,0,0
ITA.2.4.13_1,2023,11,0,0
ITA.2.4.14_1,2023,11,0,0
ITA.2.4.15_1,2023,11,0,0
ITA.2.4.16_1,2023,11,0,0
ITA.2.4.17_1,2023,11,0,0
ITA.2.4.18_1,2023,11,0,0
ITA.2.4.19_1,2023,11,0,0
ITA.2.4.2_1,2023,11,0,0
ITA.2.4.20_1,2023,11,0,0
ITA.2.4.21_1,2023,11,0,0
ITA.2.4.22_1,2023,11,0,0
ITA.2.4.23_1,2023,11,0,0
ITA.2.4.24_1,2023,11,0,0
ITA.2.4.25_1,2023,11,0,0
ITA.2.4.26_1,2023,11,0,0
ITA.2.4.27_1,2023,11,0,0
ITA.2.4.28_1,2023,11,0,0
ITA.2.4.29_1,2023,11,0,0
ITA.2.4.3_1,2023,11,0,0
ITA.2.4.30_1,2023,11,0,0
ITA.2.4.31_1,2023,11,0,0
ITA.2.4.32_1,2023,11,0,0
ITA.2.4.33_1,2023,11,0,0
ITA.2.4.34_1,2023,11,0,0
ITA.2.4.35_1,2023,11,0,0
ITA.2.4.36_1,2023,11,0,0
ITA.2.4.37_1,2023,11,0,0
ITA.2.4.38_1,2023,11,0,0
ITA.2.4.39_1,2023,11,0,0
ITA.2.4.4_1,2023,11,0,0
ITA.2.4.40_1,2023,11,0,0
ITA.2.4.41_1,2023,11,0,0
ITA.2.4.42_1,2023,11,0,0
ITA.2.4.43_1,2023,11,0,0
ITA.2.4.44_1,2023,11,0,0
ITA.2.4.45_1,2023,11,0,0
ITA.2.4.46_1,2023,11,0,0
ITA.2.4.47_1,2023,11,0,0
ITA.2.4.48_1,2023,11,0,0
ITA.2.4.49_1,2023,11,0,0
ITA.2.4.5_1,2023,11,0,0
ITA.2.4.50_1,2023,11,0,0
ITA.2.4.51_1,2023,11,0,0
ITA.2.4.52_1,2023,11,0,0
ITA.2.4.53_1,2023,11,0,0
ITA.2.4.54_1,2023,11,0,0
ITA.2.4.55_1,2023,11,0,0
ITA.2.4.56_1,2023,11,0,0
ITA.2.4.57_1,2023,11,0,0
ITA.2.4.58_1,2023,11,0,0
ITA.2.4.59_1,2023,11,0,0
ITA.2.4.6_1,2023,11,0,0
ITA.2.4.60_1,2023,11,0,0
ITA.2.4.61_1,2023,11,0,0
ITA.2.4.7_1,2023,11,0,0
ITA.2.4.8_1,2023,11,0,0
ITA.2.4.9_1,2023,11,0,0
ITA.2.5.1_1,2023,11,0,0
ITA.2.5.10_1,2023,11,0,0
ITA.2.5.11_1,2023,11,0,0
ITA.2.5.12_1,2023,11,0,0
ITA.2.5.13_1,2023,11,0,0
ITA.2.5.14_1,2023,11,0,0
ITA.2.5.15_1,2023,11,0,0
ITA.2.5.16_1,2023,11,0,0
ITA.2.5.17_1,2023,11,0,0
ITA.2.5.18_1,2023,11,0,0
ITA.2.5.19_1,2023,11,0,0
ITA.2.5.2_1,2023,11,0,0
ITA.2.5.20_1,2023,11,0,0
ITA.2.5.21_1,2023,11,0,0
ITA.2.5.22_1,2023,11,0,0
ITA.2.5.23_1,2023,11,0,0
ITA.2.5.24_1,2023,11,0,0
ITA.2.5.25_1,2023,11,0,0
ITA.2.5.26_1,2023,11,0,0
ITA.2.5.27_1,2023,11,0,0
ITA.2.5.28_1,2023,11,0,0
ITA.2.5.29_1,2023,11,0,0
ITA.2.5.3_1,2023,11,0,0
ITA.2.5.30_1,2023,11,0,0
ITA.2.5.31_1,2023,11,0,0
ITA.2.5.32_1,2023,11,0,0
ITA.2.5.33_1,2023,11,0,0
ITA.2.5.34_1,2023,11,0,0
ITA.2.5.35_1,2023,11,0,0
ITA.2.5.36_1,2023,11,0,0
ITA.2.5.37_1,2023,11,0,0
ITA.2.5.38_1,2023,11,0,0
ITA.2.5.39_1,2023,11,0,0
ITA.2.5.4_1,2023,11,0,0
ITA.2.5.40_1,2023,11,0,0
ITA.2.5.41_1,2023,11,0,0
ITA.2.5.42_1,2023,11,0,0
ITA.2.5.43_1,2023,11,0,0
ITA.2.5.44_1,2023,11,0,0
ITA.2.5.45_1,2023,11,0,0
ITA.2.5.46_1,2023,11,0,0
ITA.2.5.47_1,2023,11,0,0
ITA.2.5.48_1,2023,11,0,0
ITA.2.5.49_1,2023,11,0,0
ITA.2.5.5_1,2023,11,0,0
ITA.2.5.50_1,2023,11,0,0
ITA.2.5.51_1,2023,11,0,0
ITA.2.5.52_1,2023,11,0,0
ITA.2.5.53_1,2023,11,0,0
ITA.2.5.54_1,2023,11,0,0
ITA.2.5.55_1,2023,11,0,0
ITA.2.5.56_1,2023,11,0,0
ITA.2.5.57_1,2023,11,0,0
ITA.2.5.58_1,2023,11,0,0
ITA.2.5.59_1,2023,11,0,0
ITA.2.5.6_1,2023,11,0,0
ITA.2.5.60_1,2023,11,0,0
ITA.2.5.61_1,2023,11,0,0
ITA.2.5.62_1,2023,11,0,0
ITA.2.5.63_1,2023,11,0,0
ITA.2.5.64_1,2023,11,0,0
ITA.2.5.65_1,2023,11,0,0
ITA.2.5.66_1,2023,11,0,0
ITA.2.5.67_1,2023,11,0,0
ITA.2.5.68_1,2023,11,0,0
ITA.2.5.69_1,2023,11,0,0
ITA.2.5.7_1,2023,11,0,0
ITA.2.5.70_1,2023,11,0,0
ITA.2.5.71_1,2023,11,0,0
ITA.2.5.72_1,2023,11,0,0
ITA.2.5.73_1,2023,11,0,0
ITA.2.5.74_1,2023,11,0,0
ITA.2.5.75_1,2023,11,0,0
ITA.2.5.76_1,2023,11,0,0
ITA.2.5.77_1,2023,11,0,0
ITA.2.5.78_1,2023,11,0,0
ITA.2.5.79_1,2023,11,0,0
ITA.2.5.8_1,2023,11,0,0
ITA.2.5.80_1,2023,11,0,0
ITA.2.5.81_1,2023,11,0,0
ITA.2.5.82_1,2023,11,0,0
ITA.2.5.83_1,2023,11,0,0
ITA.2.5.84_1,2023,11,0,0
ITA.2.5.85_1,2023,11,0,0
ITA.2.5.86_1,2023,11,0,0
ITA.2.5.87_1,2023,11,0,0
ITA.2.5.88_1,2023,11,0,0
ITA.2.5.89_1,2023,11,0,0
ITA.2.5.9_1,2023,11,0,0
ITA.2.5.90_1,2023,11,0,0
ITA.2.5.91_1,2023,11,0,0
ITA.2.5.92_1,2023,11,0,0
ITA.2.5.93_1,2023,11,0,0
ITA.2.5.94_1,2023,11,0,0
ITA.2.5.95_1,2023,11,0,0
ITA.2.5.96_1,2023,11,0,0
ITA.2.5.97_1,2023,11,0,0
ITA.2.6.1_1,2023,11,0,0
ITA.2.6.10_1,2023,11,0,0
ITA.2.6.11_1,2023,11,0,0
ITA.2.6.12_1,2023,11,0,0
ITA.2.6.13_1,2023,11,0,0
ITA.2.6.14_1,2023,11,0,0
ITA.2.6.15_1,2023,11,0,0
ITA.2.6.16_1,2023,11,0,0
ITA.2.6.17_1,2023,11,0,0
ITA.2.6.18_1,2023,11,0,0
ITA.2.6.19_1,2023,11,0,0
ITA.2.6.2_1,2023,11,0,0
ITA.2.6.20_1,2023,11,0,0
ITA.2.6.21_1,2023,11,0,0
ITA.2.6.22_1,2023,11,0,0
ITA.2.6.23_1,2023,11,0,0
ITA.2.6.24_1,2023,11,0,0
ITA.2.6.25_1,2023,11,0,0
ITA.2.6.26_1,2023,11,0,0
ITA.2.6.27_1,2023,11,0,0
ITA.2.6.28_1,2023,11,0,0
ITA.2.6.29_1,2023,11,0,0
ITA.2.6.3_1,2023,11,0,0
ITA.2.6.4_1,2023,11,0,0
ITA.2.6.5_1,2023,11,0,0
ITA.2.6.6_1,2023,11,0,0
ITA.2.6.7_1,2023,11,0,0
ITA.2.6.8_1,2023,11,0,0
ITA.2.6.9_1,2023,11,0,0
ITA.20.1.1_1,2023,11,0,0
ITA.20.1.10_1,2023,11,0,0
ITA.20.1.11_1,2023,11,0,0
ITA.20.1.12_1,2023,11,0,0
ITA.20.1.13_1,2023,11,0,0
ITA.20.1.14_1,2023,11,0,0
ITA.20.1.15_1,2023,11,0,0
ITA.20.1.16_1,2023,11,0,0
ITA.20.1.17_1,2023,11,0,0
ITA.20.1.18_1,2023,11,0,0
ITA.20.1.19_1,2023,11,0,0
ITA.20.1.2_1,2023,11,0,0
ITA.20.1.20_1,2023,11,0,0
ITA.20.1.21_1,2023,11,0,0
ITA.20.1.22_1,2023,11,0,0
ITA.20.1.23_1,2023,11,0,0
ITA.20.1.24_1,2023,11,0,0
ITA.20.1.25_1,2023,11,0,0
ITA.20.1.26_1,2023,11,0,0
ITA.20.1.27_1,2023,11,0,0
ITA.20.1.28_1,2023,11,0,0
ITA.20.1.29_1,2023,11,0,0
ITA.20.1.3_1,2023,11,0,0
ITA.20.1.30_1,2023,11,0,0
ITA.20.1.31_1,2023,11,0,0
ITA.20.1.32_1,2023,11,0,0
ITA.20.1.33_1,2023,11,0,0
ITA.20.1.34_1,2023,11,0,0
ITA.20.1.35_1,2023,11,0,0
ITA.20.1.36_1,2023,11,0,0
ITA.20.1.37_1,2023,11,0,0
ITA.20.1.38_1,2023,11,0,0
ITA.20.1.39_1,2023,11,0,0
ITA.20.1.4_1,2023,11,0,0
ITA.20.1.40_1,2023,11,0,0
ITA.20.1.41_1,2023,11,0,0
ITA.20.1.42_1,2023,11,0,0
ITA.20.1.43_1,2023,11,0,0
ITA.20.1.44_1,2023,11,0,0
ITA.20.1.45_1,2023,11,0,0
ITA.20.1.46_1,2023,11,0,0
ITA.20.1.47_1,2023,11,0,0
ITA.20.1.48_1,2023,11,0,0
ITA.20.1.49_1,2023,11,0,0
ITA.20.1.5_1,2023,11,0,0
ITA.20.1.50_1,2023,11,0,0
ITA.20.1.51_1,2023,11,0,0
ITA.20.1.52_1,2023,11,0,0
ITA.20.1.53_1,2023,11,0,0
ITA.20.1.54_1,2023,11,0,0
ITA.20.1.55_1,2023,11,0,0
ITA.20.1.56_1,2023,11,0,0
ITA.20.1.57_1,2023,11,0,0
ITA.20.1.58_1,2023,11,0,0
ITA.20.1.59_1,2023,11,0,0
ITA.20.1.6_1,2023,11,0,0
ITA.20.1.60_1,2023,11,0,0
ITA.20.1.61_1,2023,11,0,0
ITA.20.1.62_1,2023,11,0,0
ITA.20.1.63_1,2023,11,0,0
ITA.20.1.64_1,2023,11,0,0
ITA.20.1.65_1,2023,11,0,0
ITA.20.1.66_1,2023,11,0,0
ITA.20.1.67_1,2023,11,0,0
ITA.20.1.68_1,2023,11,0,0
ITA.20.1.69_1,2023,11,0,0
ITA.20.1.7_1,2023,11,0,0
ITA.20.1.8_1,2023,11,0,0
ITA.20.1.9_1,2023,11,0,0
ITA.20.2.1_1,2023,11,0,0
ITA.20.2.10_1,2023,11,0,0
ITA.20.2.100_1,2023,11,0,0
ITA.20.2.101_1,2023,11,0,0
ITA.20.2.102_1,2023,11,0,0
ITA.20.2.103_1,2023,11,0,0
ITA.20.2.104_1,2023,11,0,0
ITA.20.2.11_1,2023,11,0,0
ITA.20.2.12_1,2023,11,0,0
ITA.20.2.13_1,2023,11,0,0
ITA.20.2.14_1,2023,11,0,0
ITA.20.2.15_1,2023,11,0,0
ITA.20.2.16_1,2023,11,0,0
ITA.20.2.17_1,2023,11,0,0
ITA.20.2.18_1,2023,11,0,0
ITA.20.2.19_1,2023,11,0,0
ITA.20.2.2_1,2023,11,0,0
ITA.20.2.20_1,2023,11,0,0
ITA.20.2.21_1,2023,11,0,0
ITA.20.2.22_1,2023,11,0,0
ITA.20.2.23_1,2023,11,0,0
ITA.20.2.24_1,2023,11,0,0
ITA.20.2.25_1,2023,11,0,0
ITA.20.2.26_1,2023,11,0,0
ITA.20.2.27_1,2023,11,0,0
ITA.20.2.28_1,2023,11,0,0
ITA.20.2.29_1,2023,11,0,0
ITA.20.2.3_1,2023,11,0,0
ITA.20.2.30_1,2023,11,0,0
ITA.20.2.31_1,2023,11,0,0
ITA.20.2.32_1,2023,11,0,0
ITA.20.2.33_1,2023,11,0,0
ITA.20.2.34_1,2023,11,0,0
ITA.20.2.35_1,2023,11,0,0
ITA.20.2.36_1,2023,11,0,0
ITA.20.2.37_1,2023,11,0,0
ITA.20.2.38_1,2023,11,0,0
ITA.20.2.39_1,2023,11,0,0
ITA.20.2.4_1,2023,11,0,0
ITA.20.2.40_1,2023,11,0,0
ITA.20.2.41_1,2023,11,0,0
ITA.20.2.42_1,2023,11,0,0
ITA.20.2.43_1,2023,11,0,0
ITA.20.2.44_1,2023,11,0,0
ITA.20.2.45_1,2023,11,0,0
ITA.20.2.46_1,2023,11,0,0
ITA.20.2.47_1,2023,11,0,0
ITA.20.2.48_1,2023,11,0,0
ITA.20.2.49_1,2023,11,0,0
ITA.20.2.5_1,2023,11,0,0
ITA.20.2.50_1,2023,11,0,0
ITA.20.2.51_1,2023,11,0,0
ITA.20.2.52_1,2023,11,0,0
ITA.20.2.53_1,2023,11,0,0
ITA.20.2.54_1,2023,11,0,0
ITA.20.2.55_1,2023,11,0,0
ITA.20.2.56_1,2023,11,0,0
ITA.20.2.57_1,2023,11,0,0
ITA.20.2.58_1,2023,11,0,0
ITA.20.2.59_1,2023,11,0,0
ITA.20.2.6_1,2023,11,0,0
ITA.20.2.60_1,2023,11,0,0
ITA.20.2.61_1,2023,11,0,0
ITA.20.2.62_1,2023,11,0,0
ITA.20.2.63_1,2023,11,0,0
ITA.20.2.64_1,2023,11,0,0
ITA.20.2.65_1,2023,11,0,0
ITA.20.2.66_1,2023,11,0,0
ITA.20.2.67_1,2023,11,0,0
ITA.20.2.68_1,2023,11,0,0
ITA.20.2.69_1,2023,11,0,0
ITA.20.2.7_1,2023,11,0,0
ITA.20.2.70_1,2023,11,0,0
ITA.20.2.71_1,2023,11,0,0
ITA.20.2.72_1,2023,11,0,0
ITA.20.2.73_1,2023,11,0,0
ITA.20.2.74_1,2023,11,0,0
ITA.20.2.75_1,2023,11,0,0
ITA.20.2.76_1,2023,11,0,0
ITA.20.2.77_1,2023,11,0,0
ITA.20.2.78_1,2023,11,0,0
ITA.20.2.79_1,2023,11,0,0
ITA.20.2.8_1,2023,11,0,0
ITA.20.2.80_1,2023,11,0,0
ITA.20.2.81_1,2023,11,0,0
ITA.20.2.82_1,2023,11,0,0
ITA.20.2.83_1,2023,11,0,0
ITA.20.2.84_1,2023,11,0,0
ITA.20.2.85_1,2023,11,0,0
ITA.20.2.86_1,2023,11,0,0
ITA.20.2.87_1,2023,11,0,0
ITA.20.2.88_1,2023,11,0,0
ITA.20.2.89_1,2023,11,0,0
ITA.20.2.9_1,2023,11,0,0
ITA.20.2.90_1,2023,11,0,0
ITA.20.2.91_1,2023,11,0,0
ITA.20.2.92_1,2023,11,0,0
ITA.20.2.93_1,2023,11,0,0
ITA.20.2.94_1,2023,11,0,0
ITA.20.2.95_1,2023,11,0,0
ITA.20.2.96_1,2023,11,0,0
ITA.20.2.97_1,2023,11,0,0
ITA.20.2.98_1,2023,11,0,0
ITA.20.2.99_1,2023,11,0,0
ITA.20.3.1_1,2023,11,0,0
ITA.20.3.10_1,2023,11,0,0
ITA.20.3.11_1,2023,11,0,0
ITA.20.3.12_1,2023,11,0,0
ITA.20.3.13_1,2023,11,0,0
ITA.20.3.14_1,2023,11,0,0
ITA.20.3.15_1,2023,11,0,0
ITA.20.3.16_1,2023,11,0,0
ITA.20.3.17_1,2023,11,0,0
ITA.20.3.18_1,2023,11,0,0
ITA.20.3.19_1,2023,11,0,0
ITA.20.3.2_1,2023,11,0,0
ITA.20.3.20_1,2023,11,0,0
ITA.20.3.21_1,2023,11,0,0
ITA.20.3.22_1,2023,11,0,0
ITA.20.3.23_1,2023,11,0,0
ITA.20.3.24_1,2023,11,0,0
ITA.20.3.25_1,2023,11,0,0
ITA.20.3.26_1,2023,11,0,0
ITA.20.3.27_1,2023,11,0,0
ITA.20.3.28_1,2023,11,0,0
ITA.20.3.29_1,2023,11,0,0
ITA.20.3.3_1,2023,11,0,0
ITA.20.3.30_1,2023,11,0,0
ITA.20.3.31_1,2023,11,0,0
ITA.20.3.32_1,2023,11,0,0
ITA.20.3.33_1,2023,11,0,0
ITA.20.3.34_1,2023,11,0,0
ITA.20.3.35_1,2023,11,0,0
ITA.20.3.36_1,2023,11,0,0
ITA.20.3.37_1,2023,11,0,0
ITA.20.3.38_1,2023,11,0,0
ITA.20.3.39_1,2023,11,0,0
ITA.20.3.4_1,2023,11,0,0
ITA.20.3.40_1,2023,11,0,0
ITA.20.3.41_1,2023,11,0,0
ITA.20.3.42_1,2023,11,0,0
ITA.20.3.43_1,2023,11,0,0
ITA.20.3.44_1,2023,11,0,0
ITA.20.3.45_1,2023,11,0,0
ITA.20.3.46_1,2023,11,0,0
ITA.20.3.47_1,2023,11,0,0
ITA.20.3.48_1,2023,11,0,0
ITA.20.3.49_1,2023,11,0,0
ITA.20.3.5_1,2023,11,0,0
ITA.20.3.50_1,2023,11,0,0
ITA.20.3.6_1,2023,11,0,0
ITA.20.3.7_1,2023,11,0,0
ITA.20.3.8_1,2023,11,0,0
ITA.20.3.9_1,2023,11,0,0
ITA.20.4.1_1,2023,11,0,0
ITA.20.4.10_1,2023,11,0,0
ITA.20.4.11_1,2023,11,0,0
ITA.20.4.12_1,2023,11,0,0
ITA.20.4.13_1,2023,11,0,0
ITA.20.4.14_1,2023,11,0,0
ITA.20.4.15_1,2023,11,0,0
ITA.20.4.16_1,2023,11,0,0
ITA.20.4.17_1,2023,11,0,0
ITA.20.4.18_1,2023,11,0,0
ITA.20.4.19_1,2023,11,0,0
ITA.20.4.2_1,2023,11,0,0
ITA.20.4.20_1,2023,11,0,0
ITA.20.4.21_1,2023,11,0,0
ITA.20.4.22_1,2023,11,0,0
ITA.20.4.23_1,2023,11,0,0
ITA.20.4.24_1,2023,11,0,0
ITA.20.4.25_1,2023,11,0,0
ITA.20.4.26_1,2023,11,0,0
ITA.20.4.27_1,2023,11,0,0
ITA.20.4.28_1,2023,11,0,0
ITA.20.4.29_1,2023,11,0,0
ITA.20.4.3_1,2023,11,0,0
ITA.20.4.30_1,2023,11,0,0
ITA.20.4.31_1,2023,11,0,0
ITA.20.4.32_1,2023,11,0,0
ITA.20.4.33_1,2023,11,0,0
ITA.20.4.34_1,2023,11,0,0
ITA.20.4.35_1,2023,11,0,0
ITA.20.4.36_1,2023,11,0,0
ITA.20.4.37_1,2023,11,0,0
ITA.20.4.38_1,2023,11,0,0
ITA.20.4.39_1,2023,11,0,0
ITA.20.4.4_1,2023,11,0,0
ITA.20.4.40_1,2023,11,0,0
ITA.20.4.41_1,2023,11,0,0
ITA.20.4.42_1,2023,11,0,0
ITA.20.4.43_1,2023,11,0,0
ITA.20.4.44_1,2023,11,0,0
ITA.20.4.45_1,2023,11,0,0
ITA.20.4.46_1,2023,11,0,0
ITA.20.4.47_1,2023,11,0,0
ITA.20.4.48_1,2023,11,0,0
ITA.20.4.49_1,2023,11,0,0
ITA.20.4.5_1,2023,11,0,0
ITA.20.4.50_1,2023,11,0,0
ITA.20.4.51_1,2023,11,0,0
ITA.20.4.52_1,2023,11,0,0
ITA.20.4.53_1,2023,11,0,0
ITA.20.4.54_1,2023,11,0,0
ITA.20.4.55_1,2023,11,0,0
ITA.20.4.56_1,2023,11,0,0
ITA.20.4.57_1,2023,11,0,0
ITA.20.4.58_1,2023,11,0,0
ITA.20.4.59_1,2023,11,0,0
ITA.20.4.6_1,2023,11,0,0
ITA.20.4.60_1,2023,11,0,0
ITA.20.4.61_1,2023,11,0,0
ITA.20.4.62_1,2023,11,0,0
ITA.20.4.63_1,2023,11,0,0
ITA.20.4.64_1,2023,11,0,0
ITA.20.4.65_1,2023,11,0,0
ITA.20.4.66_1,2023,11,0,0
ITA.20.4.67_1,2023,11,0,0
ITA.20.4.68_1,2023,11,0,0
ITA.20.4.69_1,2023,11,0,0
ITA.20.4.7_1,2023,11,0,0
ITA.20.4.70_1,2023,11,0,0
ITA.20.4.71_1,2023,11,0,0
ITA.20.4.72_1,2023,11,0,0
ITA.20.4.73_1,2023,11,0,0
ITA.20.4.74_1,2023,11,0,0
ITA.20.4.75_1,2023,11,0,0
ITA.20.4.76_1,2023,11,0,0
ITA.20.4.77_1,2023,11,0,0
ITA.20.4.78_1,2023,11,0,0
ITA.20.4.79_1,2023,11,0,0
ITA.20.4.8_1,2023,11,0,0
ITA.20.4.80_1,2023,11,0,0
ITA.20.4.81_1,2023,11,0,0
ITA.20.4.82_1,2023,11,0,0
ITA.20.4.83_1,2023,11,0,0
ITA.20.4.84_1,2023,11,0,0
ITA.20.4.85_1,2023,11,0,0
ITA.20.4.86_1,2023,11,0,0
ITA.20.4.87_1,2023,11,0,0
ITA.20.4.88_1,2023,11,0,0
ITA.20.4.89_1,2023,11,0,0
ITA.20.4.9_1,2023,11,0,0
ITA.20.4.90_1,2023,11,0,0
ITA.20.4.91_1,2023,11,0,0
ITA.20.4.92_1,2023,11,0,0
ITA.20.4.93_1,2023,11,0,0
ITA.20.4.94_1,2023,11,0,0
ITA.20.4.95_1,2023,11,0,0
ITA.20.5.1_1,2023,11,0,0
ITA.20.5.10_1,2023,11,0,0
ITA.20.5.11_1,2023,11,0,0
ITA.20.5.12_1,2023,11,0,0
ITA.20.5.13_1,2023,11,0,0
ITA.20.5.14_1,2023,11,0,0
ITA.20.5.15_1,2023,11,0,0
ITA.20.5.16_1,2023,11,0,0
ITA.20.5.17_1,2023,11,0,0
ITA.20.5.18_1,2023,11,0,0
ITA.20.5.19_1,2023,11,0,0
ITA.20.5.2_1,2023,11,0,0
ITA.20.5.20_1,2023,11,0,0
ITA.20.5.21_1,2023,11,0,0
ITA.20.5.22_1,2023,11,0,0
ITA.20.5.23_1,2023,11,0,0
ITA.20.5.24_1,2023,11,0,0
ITA.20.5.25_1,2023,11,0,0
ITA.20.5.26_1,2023,11,0,0
ITA.20.5.27_1,2023,11,0,0
ITA.20.5.28_1,2023,11,0,0
ITA.20.5.29_1,2023,11,0,0
ITA.20.5.3_1,2023,11,0,0
ITA.20.5.30_1,2023,11,0,0
ITA.20.5.31_1,2023,11,0,0
ITA.20.5.32_1,2023,11,0,0
ITA.20.5.33_1,2023,11,0,0
ITA.20.5.34_1,2023,11,0,0
ITA.20.5.35_1,2023,11,0,0
ITA.20.5.36_1,2023,11,0,0
ITA.20.5.37_1,2023,11,0,0
ITA.20.5.38_1,2023,11,0,0
ITA.20.5.39_1,2023,11,0,0
ITA.20.5.4_1,2023,11,0,0
ITA.20.5.40_1,2023,11,0,0
ITA.20.5.41_1,2023,11,0,0
ITA.20.5.42_1,2023,11,0,0
ITA.20.5.43_1,2023,11,0,0
ITA.20.5.44_1,2023,11,0,0
ITA.20.5.5_1,2023,11,0,0
ITA.20.5.6_1,2023,11,0,0
ITA.20.5.7_1,2023,11,0,0
ITA.20.5.8_1,2023,11,0,0
ITA.20.5.9_1,2023,11,0,0
ITA.20.6.1_1,2023,11,0,0
ITA.20.6.10_1,2023,11,0,0
ITA.20.6.11_1,2023,11,0,0
ITA.20.6.12_1,2023,11,0,0
ITA.20.6.13_1,2023,11,0,0
ITA.20.6.14_1,2023,11,0,0
ITA.20.6.15_1,2023,11,0,0
ITA.20.6.16_1,2023,11,0,0
ITA.20.6.17_1,2023,11,0,0
ITA.20.6.18_1,2023,11,0,0
ITA.20.6.19_1,2023,11,0,0
ITA.20.6.2_1,2023,11,0,0
ITA.20.6.20_1,2023,11,0,0
ITA.20.6.21_1,2023,11,0,0
ITA.20.6.22_1,2023,11,0,0
ITA.20.6.23_1,2023,11,0,0
ITA.20.6.24_1,2023,11,0,0
ITA.20.6.25_1,2023,11,0,0
ITA.20.6.26_1,2023,11,0,0
ITA.20.6.27_1,2023,11,0,0
ITA.20.6.28_1,2023,11,0,0
ITA.20.6.29_1,2023,11,0,0
ITA.20.6.3_1,2023,11,0,0
ITA.20.6.30_1,2023,11,0,0
ITA.20.6.31_1,2023,11,0,0
ITA.20.6.32_1,2023,11,0,0
ITA.20.6.33_1,2023,11,0,0
ITA.20.6.34_1,2023,11,0,0
ITA.20.6.35_1,2023,11,0,0
ITA.20.6.36_1,2023,11,0,0
ITA.20.6.37_1,2023,11,0,0
ITA.20.6.38_1,2023,11,0,0
ITA.20.6.39_1,2023,11,0,0
ITA.20.6.4_1,2023,11,0,0
ITA.20.6.40_1,2023,11,0,0
ITA.20.6.41_1,2023,11,0,0
ITA.20.6.42_1,2023,11,0,0
ITA.20.6.43_1,2023,11,0,0
ITA.20.6.44_1,2023,11,0,0
ITA.20.6.45_1,2023,11,0,0
ITA.20.6.46_1,2023,11,0,0
ITA.20.6.47_1,2023,11,0,0
ITA.20.6.48_1,2023,11,0,0
ITA.20.6.49_1,2023,11,0,0
ITA.20.6.5_1,2023,11,0,0
ITA.20.6.50_1,2023,11,0,0
ITA.20.6.51_1,2023,11,0,0
ITA.20.6.52_1,2023,11,0,0
ITA.20.6.53_1,2023,11,0,0
ITA.20.6.54_1,2023,11,0,0
ITA.20.6.55_1,2023,11,0,0
ITA.20.6.56_1,2023,11,0,0
ITA.20.6.57_1,2023,11,0,0
ITA.20.6.58_1,2023,11,0,0
ITA.20.6.59_1,2023,11,0,0
ITA.20.6.6_1,2023,11,0,0
ITA.20.6.60_1,2023,11,0,0
ITA.20.6.61_1,2023,11,0,0
ITA.20.6.62_1,2023,11,0,0
ITA.20.6.63_1,2023,11,0,0
ITA.20.6.64_1,2023,11,0,0
ITA.20.6.65_1,2023,11,0,0
ITA.20.6.66_1,2023,11,0,0
ITA.20.6.67_1,2023,11,0,0
ITA.20.6.68_1,2023,11,0,0
ITA.20.6.69_1,2023,11,0,0
ITA.20.6.7_1,2023,11,0,0
ITA.20.6.70_1,2023,11,0,0
ITA.20.6.71_1,2023,11,0,0
ITA.20.6.72_1,2023,11,0,0
ITA.20.6.73_1,2023,11,0,0
ITA.20.6.74_1,2023,11,0,0
ITA.20.6.75_1,2023,11,0,0
ITA.20.6.76_1,2023,11,0,0
ITA.20.6.77_1,2023,11,0,0
ITA.20.6.78_1,2023,11,0,0
ITA.20.6.79_1,2023,11,0,0
ITA.20.6.8_1,2023,11,0,0
ITA.20.6.80_1,2023,11,0,0
ITA.20.6.81_1,2023,11,0,0
ITA.20.6.82_1,2023,11,0,0
ITA.20.6.83_1,2023,11,0,0
ITA.20.6.84_1,2023,11,0,0
ITA.20.6.85_1,2023,11,0,0
ITA.20.6.86_1,2023,11,0,0
ITA.20.6.87_1,2023,11,0,0
ITA.20.6.88_1,2023,11,0,0
ITA.20.6.89_1,2023,11,0,0
ITA.20.6.9_1,2023,11,0,0
ITA.20.6.90_1,2023,11,0,0
ITA.20.6.91_1,2023,11,0,0
ITA.20.6.92_1,2023,11,0,0
ITA.20.6.93_1,2023,11,0,0
ITA.20.6.94_1,2023,11,0,0
ITA.20.6.95_1,2023,11,0,0
ITA.20.6.96_1,2023,11,0,0
ITA.20.6.97_1,2023,11,0,0
ITA.20.6.98_1,2023,11,0,0
ITA.20.7.1_1,2023,11,0,0
ITA.20.7.10_1,2023,11,0,0
ITA.20.7.100_1,2023,11,0,0
ITA.20.7.101_1,2023,11,0,0
ITA.20.7.102_1,2023,11,0,0
ITA.20.7.103_1,2023,11,0,0
ITA.20.7.104_1,2023,11,0,0
ITA.20.7.105_1,2023,11,0,0
ITA.20.7.106_1,2023,11,0,0
ITA.20.7.107_1,2023,11,0,0
ITA.20.7.108_1,2023,11,0,0
ITA.20.7.109_1,2023,11,0,0
ITA.20.7.11_1,2023,11,0,0
ITA.20.7.110_1,2023,11,0,0
ITA.20.7.111_1,2023,11,0,0
ITA.20.7.112_1,2023,11,0,0
ITA.20.7.113_1,2023,11,0,0
ITA.20.7.114_1,2023,11,0,0
ITA.20.7.115_1,2023,11,0,0
ITA.20.7.116_1,2023,11,0,0
ITA.20.7.117_1,2023,11,0,0
ITA.20.7.118_1,2023,11,0,0
ITA.20.7.119_1,2023,11,0,0
ITA.20.7.12_1,2023,11,0,0
ITA.20.7.120_1,2023,11,0,0
ITA.20.7.121_1,2023,11,0,0
ITA.20.7.13_1,2023,11,0,0
ITA.20.7.14_1,2023,11,0,0
ITA.20.7.15_1,2023,11,0,0
ITA.20.7.16_1,2023,11,0,0
ITA.20.7.17_1,2023,11,0,0
ITA.20.7.18_1,2023,11,0,0
ITA.20.7.19_1,2023,11,0,0
ITA.20.7.2_1,2023,11,0,0
ITA.20.7.20_1,2023,11,0,0
ITA.20.7.21_1,2023,11,0,0
ITA.20.7.22_1,2023,11,0,0
ITA.20.7.23_1,2023,11,0,0
ITA.20.7.24_1,2023,11,0,0
ITA.20.7.25_1,2023,11,0,0
ITA.20.7.26_1,2023,11,0,0
ITA.20.7.27_1,2023,11,0,0
ITA.20.7.28_1,2023,11,0,0
ITA.20.7.29_1,2023,11,0,0
ITA.20.7.3_1,2023,11,0,0
ITA.20.7.30_1,2023,11,0,0
ITA.20.7.31_1,2023,11,0,0
ITA.20.7.32_1,2023,11,0,0
ITA.20.7.33_1,2023,11,0,0
ITA.20.7.34_1,2023,11,0,0
ITA.20.7.35_1,2023,11,0,0
ITA.20.7.36_1,2023,11,0,0
ITA.20.7.37_1,2023,11,0,0
ITA.20.7.38_1,2023,11,0,0
ITA.20.7.39_1,2023,11,0,0
ITA.20.7.4_1,2023,11,0,0
ITA.20.7.40_1,2023,11,0,0
ITA.20.7.41_1,2023,11,0,0
ITA.20.7.42_1,2023,11,0,0
ITA.20.7.43_1,2023,11,0,0
ITA.20.7.44_1,2023,11,0,0
ITA.20.7.45_1,2023,11,0,0
ITA.20.7.46_1,2023,11,0,0
ITA.20.7.47_1,2023,11,0,0
ITA.20.7.48_1,2023,11,0,0
ITA.20.7.49_1,2023,11,0,0
ITA.20.7.5_1,2023,11,0,0
ITA.20.7.50_1,2023,11,0,0
ITA.20.7.51_1,2023,11,0,0
ITA.20.7.52_1,2023,11,0,0
ITA.20.7.53_1,2023,11,0,0
ITA.20.7.54_1,2023,11,0,0
ITA.20.7.55_1,2023,11,0,0
ITA.20.7.56_1,2023,11,0,0
ITA.20.7.57_1,2023,11,0,0
ITA.20.7.58_1,2023,11,0,0
ITA.20.7.59_1,2023,11,0,0
ITA.20.7.6_1,2023,11,0,0
ITA.20.7.60_1,2023,11,0,0
ITA.20.7.61_1,2023,11,0,0
ITA.20.7.62_1,2023,11,0,0
ITA.20.7.63_1,2023,11,0,0
ITA.20.7.64_1,2023,11,0,0
ITA.20.7.65_1,2023,11,0,0
ITA.20.7.66_1,2023,11,0,0
ITA.20.7.67_1,2023,11,0,0
ITA.20.7.68_1,2023,11,0,0
ITA.20.7.69_1,2023,11,0,0
ITA.20.7.7_1,2023,11,0,0
ITA.20.7.70_1,2023,11,0,0
ITA.20.7.71_1,2023,11,0,0
ITA.20.7.72_1,2023,11,0,0
ITA.20.7.73_1,2023,11,0,0
ITA.20.7.74_1,2023,11,0,0
ITA.20.7.75_1,2023,11,0,0
ITA.20.7.76_1,2023,11,0,0
ITA.20.7.77_1,2023,11,0,0
ITA.20.7.78_1,2023,11,0,0
ITA.20.7.79_1,2023,11,0,0
ITA.20.7.8_1,2023,11,0,0
ITA.20.7.80_1,2023,11,0,0
ITA.20.7.81_1,2023,11,0,0
ITA.20.7.82_1,2023,11,0,0
ITA.20.7.83_1,2023,11,0,0
ITA.20.7.84_1,2023,11,0,0
ITA.20.7.85_1,2023,11,0,0
ITA.20.7.86_1,2023,11,0,0
ITA.20.7.87_1,2023,11,0,0
ITA.20.7.88_1,2023,11,0,0
ITA.20.7.89_1,2023,11,0,0
ITA.20.7.9_1,2023,11,0,0
ITA.20.7.90_1,2023,11,0,0
ITA.20.7.91_1,2023,11,0,0
ITA.20.7.92_1,2023,11,0,0
ITA.20.7.93_1,2023,11,0,0
ITA.20.7.94_1,2023,11,0,0
ITA.20.7.95_1,2023,11,0,0
ITA.20.7.96_1,2023,11,0,0
ITA.20.7.97_1,2023,11,0,0
ITA.20.7.98_1,2023,11,0,0
ITA.20.7.99_1,2023,11,0,0
ITA.3.1.1_1,2023,11,0,0
ITA.3.1.10_1,2023,11,0,0
ITA.3.1.11_1,2023,11,0,0
ITA.3.1.12_1,2023,11,0,0
ITA.3.1.13_1,2023,11,0,0
ITA.3.1.14_1,2023,11,0,0
ITA.3.1.15_1,2023,11,0,0
ITA.3.1.16_1,2023,11,0,0
ITA.3.1.17_1,2023,11,0,0
ITA.3.1.18_1,2023,11,0,0
ITA.3.1.19_1,2023,11,0,0
ITA.3.1.2_1,2023,11,0,0
ITA.3.1.20_1,2023,11,0,0
ITA.3.1.21_1,2023,11,0,0
ITA.3.1.22_1,2023,11,0,0
ITA.3.1.23_1,2023,11,0,0
ITA.3.1.24_1,2023,11,0,0
ITA.3.1.25_1,2023,11,0,0
ITA.3.1.26_1,2023,11,0,0
ITA.3.1.27_1,2023,11,0,0
ITA.3.1.28_1,2023,11,0,0
ITA.3.1.29_1,2023,11,0,0
ITA.3.1.3_1,2023,11,0,0
ITA.3.1.30_1,2023,11,0,0
ITA.3.1.31_1,2023,11,0,0
ITA.3.1.4_1,2023,11,0,0
ITA.3.1.5_1,2023,11,0,0
ITA.3.1.6_1,2023,11,0,0
ITA.3.1.7_1,2023,11,0,0
ITA.3.1.8_1,2023,11,0,0
ITA.3.1.9_1,2023,11,0,0
ITA.3.2.1_1,2023,11,0,0
ITA.3.2.10_1,2023,11,0,0
ITA.3.2.100_1,2023,11,0,0
ITA.3.2.11_1,2023,11,0,0
ITA.3.2.12_1,2023,11,0,0
ITA.3.2.13_1,2023,11,0,0
ITA.3.2.14_1,2023,11,0,0
ITA.3.2.15_1,2023,11,0,0
ITA.3.2.16_1,2023,11,0,0
ITA.3.2.17_1,2023,11,0,0
ITA.3.2.18_1,2023,11,0,0
ITA.3.2.19_1,2023,11,0,0
ITA.3.2.2_1,2023,11,0,0
ITA.3.2.20_1,2023,11,0,0
ITA.3.2.21_1,2023,11,0,0
ITA.3.2.22_1,2023,11,0,0
ITA.3.2.23_1,2023,11,0,0
ITA.3.2.24_1,2023,11,0,0
ITA.3.2.25_1,2023,11,0,0
ITA.3.2.26_1,2023,11,0,0
ITA.3.2.27_1,2023,11,0,0
ITA.3.2.28_1,2023,11,0,0
ITA.3.2.29_1,2023,11,0,0
ITA.3.2.3_1,2023,11,0,0
ITA.3.2.30_1,2023,11,0,0
ITA.3.2.31_1,2023,11,0,0
ITA.3.2.32_1,2023,11,0,0
ITA.3.2.33_1,2023,11,0,0
ITA.3.2.34_1,2023,11,0,0
ITA.3.2.35_1,2023,11,0,0
ITA.3.2.36_1,2023,11,0,0
ITA.3.2.37_1,2023,11,0,0
ITA.3.2.38_1,2023,11,0,0
ITA.3.2.39_1,2023,11,0,0
ITA.3.2.4_1,2023,11,0,0
ITA.3.2.40_1,2023,11,0,0
ITA.3.2.41_1,2023,11,0,0
ITA.3.2.42_1,2023,11,0,0
ITA.3.2.43_1,2023,11,0,0
ITA.3.2.44_1,2023,11,0,0
ITA.3.2.45_1,2023,11,0,0
ITA.3.2.46_1,2023,11,0,0
ITA.3.2.47_1,2023,11,0,0
ITA.3.2.48_1,2023,11,0,0
ITA.3.2.49_1,2023,11,0,0
ITA.3.2.5_1,2023,11,0,0
ITA.3.2.50_1,2023,11,0,0
ITA.3.2.51_1,2023,11,0,0
ITA.3.2.52_1,2023,11,0,0
ITA.3.2.53_1,2023,11,0,0
ITA.3.2.54_1,2023,11,0,0
ITA.3.2.55_1,2023,11,0,0
ITA.3.2.56_1,2023,11,0,0
ITA.3.2.57_1,2023,11,0,0
ITA.3.2.58_1,2023,11,0,0
ITA.3.2.59_1,2023,11,0,0
ITA.3.2.6_1,2023,11,0,0
ITA.3.2.60_1,2023,11,0,0
ITA.3.2.61_1,2023,11,0,0
ITA.3.2.62_1,2023,11,0,0
ITA.3.2.63_1,2023,11,0,0
ITA.3.2.64_1,2023,11,0,0
ITA.3.2.65_1,2023,11,0,0
ITA.3.2.66_1,2023,11,0,0
ITA.3.2.67_1,2023,11,0,0
ITA.3.2.68_1,2023,11,0,0
ITA.3.2.69_1,2023,11,0,0
ITA.3.2.7_1,2023,11,0,0
ITA.3.2.70_1,2023,11,0,0
ITA.3.2.71_1,2023,11,0,0
ITA.3.2.72_1,2023,11,0,0
ITA.3.2.73_1,2023,11,0,0
ITA.3.2.74_1,2023,11,0,0
ITA.3.2.75_1,2023,11,0,0
ITA.3.2.76_1,2023,11,0,0
ITA.3.2.77_1,2023,11,0,0
ITA.3.2.78_1,2023,11,0,0
ITA.3.2.79_1,2023,11,0,0
ITA.3.2.8_1,2023,11,0,0
ITA.3.2.80_1,2023,11,0,0
ITA.3.2.81_1,2023,11,0,0
ITA.3.2.82_1,2023,11,0,0
ITA.3.2.83_1,2023,11,0,0
ITA.3.2.84_1,2023,11,0,0
ITA.3.2.85_1,2023,11,0,0
ITA.3.2.86_1,2023,11,0,0
ITA.3.2.87_1,2023,11,0,0
ITA.3.2.88_1,2023,11,0,0
ITA.3.2.89_1,2023,11,0,0
ITA.3.2.9_1,2023,11,0,0
ITA.3.2.90_1,2023,11,0,0
ITA.3.2.91_1,2023,11,0,0
ITA.3.2.92_1,2023,11,0,0
ITA.3.2.93_1,2023,11,0,0
ITA.3.2.94_1,2023,11,0,0
ITA.3.2.95_1,2023,11,0,0
ITA.3.2.96_1,2023,11,0,0
ITA.3.2.97_1,2023,11,0,0
ITA.3.2.98_1,2023,11,0,0
ITA.3.2.99_1,2023,11,0,0
ITA.4.1.1_1,2023,11,0,0
ITA.4.1.10_1,2023,11,0,0
ITA.4.1.11_1,2023,11,0,0
ITA.4.1.12_1,2023,11,0,0
ITA.4.1.13_1,2023,11,0,0
ITA.4.1.14_1,2023,11,0,0
ITA.4.1.15_1,2023,11,0,0
ITA.4.1.16_1,2023,11,0,0
ITA.4.1.17_1,2023,11,0,0
ITA.4.1.18_1,2023,11,0,0
ITA.4.1.19_1,2023,11,0,0
ITA.4.1.2_1,2023,11,0,0
ITA.4.1.20_1,2023,11,0,0
ITA.4.1.21_1,2023,11,0,0
ITA.4.1.22_1,2023,11,0,0
ITA.4.1.23_1,2023,11,0,0
ITA.4.1.24_1,2023,11,0,0
ITA.4.1.25_1,2023,11,0,0
ITA.4.1.26_1,2023,11,0,0
ITA.4.1.27_1,2023,11,0,0
ITA.4.1.28_1,2023,11,0,0
ITA.4.1.29_1,2023,11,0,0
ITA.4.1.3_1,2023,11,0,0
ITA.4.1.30_1,2023,11,0,0
ITA.4.1.31_1,2023,11,0,0
ITA.4.1.32_1,2023,11,0,0
ITA.4.1.33_1,2023,11,0,0
ITA.4.1.34_1,2023,11,0,0
ITA.4.1.35_1,2023,11,0,0
ITA.4.1.36_1,2023,11,0,0
ITA.4.1.37_1,2023,11,0,0
ITA.4.1.38_1,2023,11,0,0
ITA.4.1.39_1,2023,11,0,0
ITA.4.1.4_1,2023,11,0,0
ITA.4.1.40_1,2023,11,0,0
ITA.4.1.41_1,2023,11,0,0
ITA.4.1.42_1,2023,11,0,0
ITA.4.1.43_1,2023,11,0,0
ITA.4.1.44_1,2023,11,0,0
ITA.4.1.45_1,2023,11,0,0
ITA.4.1.46_1,2023,11,0,0
ITA.4.1.47_1,2023,11,0,0
ITA.4.1.48_1,2023,11,0,0
ITA.4.1.49_1,2023,11,0,0
ITA.4.1.5_1,2023,11,0,0
ITA.4.1.50_1,2023,11,0,0
ITA.4.1.51_1,2023,11,0,0
ITA.4.1.52_1,2023,11,0,0
ITA.4.1.53_1,2023,11,0,0
ITA.4.1.54_1,2023,11,0,0
ITA.4.1.55_1,2023,11,0,0
ITA.4.1.56_1,2023,11,0,0
ITA.4.1.57_1,2023,11,0,0
ITA.4.1.58_1,2023,11,0,0
ITA.4.1.59_1,2023,11,0,0
ITA.4.1.6_1,2023,11,0,0
ITA.4.1.60_1,2023,11,0,0
ITA.4.1.61_1,2023,11,0,0
ITA.4.1.62_1,2023,11,0,0
ITA.4.1.63_1,2023,11,0,0
ITA.4.1.64_1,2023,11,0,0
ITA.4.1.65_1,2023,11,0,0
ITA.4.1.66_1,2023,11,0,0
ITA.4.1.67_1,2023,11,0,0
ITA.4.1.68_1,2023,11,0,0
ITA.4.1.69_1,2023,11,0,0
ITA.4.1.7_1,2023,11,0,0
ITA.4.1.70_1,2023,11,0,0
ITA.4.1.71_1,2023,11,0,0
ITA.4.1.72_1,2023,11,0,0
ITA.4.1.73_1,2023,11,0,0
ITA.4.1.74_1,2023,11,0,0
ITA.4.1.75_1,2023,11,0,0
ITA.4.1.76_1,2023,11,0,0
ITA.4.1.77_1,2023,11,0,0
ITA.4.1.78_1,2023,11,0,0
ITA.4.1.79_1,2023,11,0,0
ITA.4.1.8_1,2023,11,0,0
ITA.4.1.80_1,2023,11,0,0
ITA.4.1.9_1,2023,11,0,0
ITA.4.2.1_1,2023,11,0,0
ITA.4.2.10_1,2023,11,0,0
ITA.4.2.100_1,2023,11,0,0
ITA.4.2.101_1,2023,11,0,0
ITA.4.2.102_1,2023,11,0,0
ITA.4.2.103_1,2023,11,0,0
ITA.4.2.104_1,2023,11,0,0
ITA.4.2.105_1,2023,11,0,0
ITA.4.2.106_1,2023,11,0,0
ITA.4.2.107_1,2023,11,0,0
ITA.4.2.108_1,2023,11,0,0
ITA.4.2.109_1,2023,11,0,0
ITA.4.2.11_1,2023,11,0,0
ITA.4.2.110_1,2023,11,0,0
ITA.4.2.111_1,2023,11,0,0
ITA.4.2.112_1,2023,11,0,0
ITA.4.2.113_1,2023,11,0,0
ITA.4.2.114_1,2023,11,0,0
ITA.4.2.115_1,2023,11,0,0
ITA.4.2.116_1,2023,11,0,0
ITA.4.2.117_1,2023,11,0,0
ITA.4.2.118_1,2023,11,0,0
ITA.4.2.119_1,2023,11,0,0
ITA.4.2.12_1,2023,11,0,0
ITA.4.2.120_1,2023,11,0,0
ITA.4.2.121_1,2023,11,0,0
ITA.4.2.122_1,2023,11,0,0
ITA.4.2.123_1,2023,11,0,0
ITA.4.2.124_1,2023,11,0,0
ITA.4.2.125_1,2023,11,0,0
ITA.4.2.126_1,2023,11,0,0
ITA.4.2.127_1,2023,11,0,0
ITA.4.2.128_1,2023,11,0,0
ITA.4.2.129_1,2023,11,0,0
ITA.4.2.13_1,2023,11,0,0
ITA.4.2.130_1,2023,11,0,0
ITA.4.2.131_1,2023,11,0,0
ITA.4.2.132_1,2023,11,0,0
ITA.4.2.133_1,2023,11,0,0
ITA.4.2.134_1,2023,11,0,0
ITA.4.2.135_1,2023,11,0,0
ITA.4.2.136_1,2023,11,0,0
ITA.4.2.137_1,2023,11,0,0
ITA.4.2.138_1,2023,11,0,0
ITA.4.2.139_1,2023,11,0,0
ITA.4.2.14_1,2023,11,0,0
ITA.4.2.140_1,2023,11,0,0
ITA.4.2.141_1,2023,11,0,0
ITA.4.2.142_1,2023,11,0,0
ITA.4.2.143_1,2023,11,0,0
ITA.4.2.144_1,2023,11,0,0
ITA.4.2.145_1,2023,11,0,0
ITA.4.2.146_1,2023,11,0,0
ITA.4.2.147_1,2023,11,0,0
ITA.4.2.148_1,2023,11,0,0
ITA.4.2.149_1,2023,11,0,0
ITA.4.2.15_1,2023,11,0,0
ITA.4.2.150_1,2023,11,0,0
ITA.4.2.151_1,2023,11,0,0
ITA.4.2.152_1,2023,11,0,0
ITA.4.2.153_1,2023,11,0,0
ITA.4.2.154_1,2023,11,0,0
ITA.4.2.155_1,2023,11,0,0
ITA.4.2.16_1,2023,11,0,0
ITA.4.2.17_1,2023,11,0,0
ITA.4.2.18_1,2023,11,0,0
ITA.4.2.19_1,2023,11,0,0
ITA.4.2.2_1,2023,11,0,0
ITA.4.2.20_1,2023,11,0,0
ITA.4.2.21_1,2023,11,0,0
ITA.4.2.22_1,2023,11,0,0
ITA.4.2.23_1,2023,11,0,0
ITA.4.2.24_1,2023,11,0,0
ITA.4.2.25_1,2023,11,0,0
ITA.4.2.26_1,2023,11,0,0
ITA.4.2.27_1,2023,11,0,0
ITA.4.2.28_1,2023,11,0,0
ITA.4.2.29_1,2023,11,0,0
ITA.4.2.3_1,2023,11,0,0
ITA.4.2.30_1,2023,11,0,0
ITA.4.2.31_1,2023,11,0,0
ITA.4.2.32_1,2023,11,0,0
ITA.4.2.33_1,2023,11,0,0
ITA.4.2.34_1,2023,11,0,0
ITA.4.2.35_1,2023,11,0,0
ITA.4.2.36_1,2023,11,0,0
ITA.4.2.37_1,2023,11,0,0
ITA.4.2.38_1,2023,11,0,0
ITA.4.2.39_1,2023,11,0,0
ITA.4.2.4_1,2023,11,0,0
ITA.4.2.40_1,2023,11,0,0
ITA.4.2.41_1,2023,11,0,0
ITA.4.2.42_1,2023,11,0,0
ITA.4.2.43_1,2023,11,0,0
ITA.4.2.44_1,2023,11,0,0
ITA.4.2.45_1,2023,11,0,0
ITA.4.2.46_1,2023,11,0,0
ITA.4.2.47_1,2023,11,0,0
ITA.4.2.48_1,2023,11,0,0
ITA.4.2.49_1,2023,11,0,0
ITA.4.2.5_1,2023,11,0,0
ITA.4.2.50_1,2023,11,0,0
ITA.4.2.51_1,2023,11,0,0
ITA.4.2.52_1,2023,11,0,0
ITA.4.2.53_1,2023,11,0,0
ITA.4.2.54_1,2023,11,0,0
ITA.4.2.55_1,2023,11,0,0
ITA.4.2.56_1,2023,11,0,0
ITA.4.2.57_1,2023,11,0,0
ITA.4.2.58_1,2023,11,0,0
ITA.4.2.59_1,2023,11,0,0
ITA.4.2.6_1,2023,11,0,0
ITA.4.2.60_1,2023,11,0,0
ITA.4.2.61_1,2023,11,0,0
ITA.4.2.62_1,2023,11,0,0
ITA.4.2.63_1,2023,11,0,0
ITA.4.2.64_1,2023,11,0,0
ITA.4.2.65_1,2023,11,0,0
ITA.4.2.66_1,2023,11,0,0
ITA.4.2.67_1,2023,11,0,0
ITA.4.2.68_1,2023,11,0,0
ITA.4.2.69_1,2023,11,0,0
ITA.4.2.7_1,2023,11,0,0
ITA.4.2.70_1,2023,11,0,0
ITA.4.2.71_1,2023,11,0,0
ITA.4.2.72_1,2023,11,0,0
ITA.4.2.73_1,2023,11,0,0
ITA.4.2.74_1,2023,11,0,0
ITA.4.2.75_1,2023,11,0,0
ITA.4.2.76_1,2023,11,0,0
ITA.4.2.77_1,2023,11,0,0
ITA.4.2.78_1,2023,11,0,0
ITA.4.2.79_1,2023,11,0,0
ITA.4.2.8_1,2023,11,0,0
ITA.4.2.80_1,2023,11,0,0
ITA.4.2.81_1,2023,11,0,0
ITA.4.2.82_1,2023,11,0,0
ITA.4.2.83_1,2023,11,0,0
ITA.4.2.84_1,2023,11,0,0
ITA.4.2.85_1,2023,11,0,0
ITA.4.2.86_1,2023,11,0,0
ITA.4.2.87_1,2023,11,0,0
ITA.4.2.88_1,2023,11,0,0
ITA.4.2.89_1,2023,11,0,0
ITA.4.2.9_1,2023,11,0,0
ITA.4.2.90_1,2023,11,0,0
ITA.4.2.91_1,2023,11,0,0
ITA.4.2.92_1,2023,11,0,0
ITA.4.2.93_1,2023,11,0,0
ITA.4.2.94_1,2023,11,0,0
ITA.4.2.95_1,2023,11,0,0
ITA.4.2.96_1,2023,11,0,0
ITA.4.2.97_1,2023,11,0,0
ITA.4.2.98_1,2023,11,0,0
ITA.4.2.99_1,2023,11,0,0
ITA.4.3.1_1,2023,11,0,0
ITA.4.3.10_1,2023,11,0,0
ITA.4.3.11_1,2023,11,0,0
ITA.4.3.12_1,2023,11,0,0
ITA.4.3.13_1,2023,11,0,0
ITA.4.3.14_1,2023,11,0,0
ITA.4.3.15_1,2023,11,0,0
ITA.4.3.16_1,2023,11,0,0
ITA.4.3.17_1,2023,11,0,0
ITA.4.3.18_1,2023,11,0,0
ITA.4.3.19_1,2023,11,0,0
ITA.4.3.2_1,2023,11,0,0
ITA.4.3.20_1,2023,11,0,0
ITA.4.3.21_1,2023,11,0,0
ITA.4.3.22_1,2023,11,0,0
ITA.4.3.23_1,2023,11,0,0
ITA.4.3.24_1,2023,11,0,0
ITA.4.3.25_1,2023,11,0,0
ITA.4.3.26_1,2023,11,0,0
ITA.4.3.27_1,2023,11,0,0
ITA.4.3.3_1,2023,11,0,0
ITA.4.3.4_1,2023,11,0,0
ITA.4.3.5_1,2023,11,0,0
ITA.4.3.6_1,2023,11,0,0
ITA.4.3.7_1,2023,11,0,0
ITA.4.3.8_1,2023,11,0,0
ITA.4.3.9_1,2023,11,0,0
ITA.4.4.1_1,2023,11,0,0
ITA.4.4.10_1,2023,11,0,0
ITA.4.4.11_1,2023,11,0,0
ITA.4.4.12_1,2023,11,0,0
ITA.4.4.13_1,2023,11,0,0
ITA.4.4.14_1,2023,11,0,0
ITA.4.4.15_1,2023,11,0,0
ITA.4.4.16_1,2023,11,0,0
ITA.4.4.17_1,2023,11,0,0
ITA.4.4.18_1,2023,11,0,0
ITA.4.4.19_1,2023,11,0,0
ITA.4.4.2_1,2023,11,0,0
ITA.4.4.20_1,2023,11,0,0
ITA.4.4.21_1,2023,11,0,0
ITA.4.4.22_1,2023,11,0,0
ITA.4.4.23_1,2023,11,0,0
ITA.4.4.24_1,2023,11,0,0
ITA.4.4.25_1,2023,11,0,0
ITA.4.4.26_1,2023,11,0,0
ITA.4.4.27_1,2023,11,0,0
ITA.4.4.28_1,2023,11,0,0
ITA.4.4.29_1,2023,11,0,0
ITA.4.4.3_1,2023,11,0,0
ITA.4.4.30_1,2023,11,0,0
ITA.4.4.31_1,2023,11,0,0
ITA.4.4.32_1,2023,11,0,0
ITA.4.4.33_1,2023,11,0,0
ITA.4.4.34_1,2023,11,0,0
ITA.4.4.35_1,2023,11,0,0
ITA.4.4.36_1,2023,11,0,0
ITA.4.4.37_1,2023,11,0,0
ITA.4.4.38_1,2023,11,0,0
ITA.4.4.39_1,2023,11,0,0
ITA.4.4.4_1,2023,11,0,0
ITA.4.4.40_1,2023,11,0,0
ITA.4.4.41_1,2023,11,0,0
ITA.4.4.42_1,2023,11,0,0
ITA.4.4.43_1,2023,11,0,0
ITA.4.4.44_1,2023,11,0,0
ITA.4.4.45_1,2023,11,0,0
ITA.4.4.46_1,2023,11,0,0
ITA.4.4.47_1,2023,11,0,0
ITA.4.4.48_1,2023,11,0,0
ITA.4.4.49_1,2023,11,0,0
ITA.4.4.5_1,2023,11,0,0
ITA.4.4.50_1,2023,11,0,0
ITA.4.4.51_1,2023,11,0,0
ITA.4.4.52_1,2023,11,0,0
ITA.4.4.53_1,2023,11,0,0
ITA.4.4.54_1,2023,11,0,0
ITA.4.4.55_1,2023,11,0,0
ITA.4.4.56_1,2023,11,0,0
ITA.4.4.57_1,2023,11,0,0
ITA.4.4.58_1,2023,11,0,0
ITA.4.4.59_1,2023,11,0,0
ITA.4.4.6_1,2023,11,0,0
ITA.4.4.60_1,2023,11,0,0
ITA.4.4.61_1,2023,11,0,0
ITA.4.4.62_1,2023,11,0,0
ITA.4.4.63_1,2023,11,0,0
ITA.4.4.64_1,2023,11,0,0
ITA.4.4.65_1,2023,11,0,0
ITA.4.4.66_1,2023,11,0,0
ITA.4.4.67_1,2023,11,0,0
ITA.4.4.68_1,2023,11,0,0
ITA.4.4.69_1,2023,11,0,0
ITA.4.4.7_1,2023,11,0,0
ITA.4.4.70_1,2023,11,0,0
ITA.4.4.71_1,2023,11,0,0
ITA.4.4.72_1,2023,11,0,0
ITA.4.4.73_1,2023,11,0,0
ITA.4.4.74_1,2023,11,0,0
ITA.4.4.75_1,2023,11,0,0
ITA.4.4.76_1,2023,11,0,0
ITA.4.4.77_1,2023,11,0,0
ITA.4.4.78_1,2023,11,0,0
ITA.4.4.79_1,2023,11,0,0
ITA.4.4.8_1,2023,11,0,0
ITA.4.4.80_1,2023,11,0,0
ITA.4.4.81_1,2023,11,0,0
ITA.4.4.82_1,2023,11,0,0
ITA.4.4.83_1,2023,11,0,0
ITA.4.4.84_1,2023,11,0,0
ITA.4.4.85_1,2023,11,0,0
ITA.4.4.86_1,2023,11,0,0
ITA.4.4.87_1,2023,11,0,0
ITA.4.4.88_1,2023,11,0,0
ITA.4.4.89_1,2023,11,0,0
ITA.4.4.9_1,2023,11,0,0
ITA.4.4.90_1,2023,11,0,0
ITA.4.4.91_1,2023,11,0,0
ITA.4.4.92_1,2023,11,0,0
ITA.4.4.93_1,2023,11,0,0
ITA.4.4.94_1,2023,11,0,0
ITA.4.4.95_1,2023,11,0,0
ITA.4.4.96_1,2023,11,0,0
ITA.4.5.1_1,2023,11,0,0
ITA.4.5.10_1,2023,11,0,0
ITA.4.5.11_1,2023,11,0,0
ITA.4.5.12_1,2023,11,0,0
ITA.4.5.13_1,2023,11,0,0
ITA.4.5.14_1,2023,11,0,0
ITA.4.5.15_1,2023,11,0,0
ITA.4.5.16_1,2023,11,0,0
ITA.4.5.17_1,2023,11,0,0
ITA.4.5.18_1,2023,11,0,0
ITA.4.5.19_1,2023,11,0,0
ITA.4.5.2_1,2023,11,0,0
ITA.4.5.20_1,2023,11,0,0
ITA.4.5.21_1,2023,11,0,0
ITA.4.5.22_1,2023,11,0,0
ITA.4.5.23_1,2023,11,0,0
ITA.4.5.24_1,2023,11,0,0
ITA.4.5.25_1,2023,11,0,0
ITA.4.5.26_1,2023,11,0,0
ITA.4.5.27_1,2023,11,0,0
ITA.4.5.28_1,2023,11,0,0
ITA.4.5.29_1,2023,11,0,0
ITA.4.5.3_1,2023,11,0,0
ITA.4.5.30_1,2023,11,0,0
ITA.4.5.31_1,2023,11,0,0
ITA.4.5.32_1,2023,11,0,0
ITA.4.5.33_1,2023,11,0,0
ITA.4.5.34_1,2023,11,0,0
ITA.4.5.35_1,2023,11,0,0
ITA.4.5.36_1,2023,11,0,0
ITA.4.5.37_1,2023,11,0,0
ITA.4.5.38_1,2023,11,0,0
ITA.4.5.39_1,2023,11,0,0
ITA.4.5.4_1,2023,11,0,0
ITA.4.5.40_1,2023,11,0,0
ITA.4.5.41_1,2023,11,0,0
ITA.4.5.42_1,2023,11,0,0
ITA.4.5.43_1,2023,11,0,0
ITA.4.5.44_1,2023,11,0,0
ITA.4.5.45_1,2023,11,0,0
ITA.4.5.46_1,2023,11,0,0
ITA.4.5.47_1,2023,11,0,0
ITA.4.5.48_1,2023,11,0,0
ITA.4.5.49_1,2023,11,0,0
ITA.4.5.5_1,2023,11,0,0
ITA.4.5.50_1,2023,11,0,0
ITA.4.5.6_1,2023,11,0,0
ITA.4.5.7_1,2023,11,0,0
ITA.4.5.8_1,2023,11,0,0
ITA.4.5.9_1,2023,11,0,0
ITA.5.1.14_1,2023,11,0,0
ITA.5.1.15_1,2023,11,0,0
ITA.5.1.30_1,2023,11,0,0
ITA.5.1.31_1,2023,11,0,0
ITA.5.1.37_1,2023,11,0,0
ITA.5.1.4_1,2023,11,0,0
ITA.5.1.41_1,2023,11,0,0
ITA.5.1.43_1,2023,11,0,0
ITA.5.1.47_1,2023,11,0,0
ITA.5.1.51_1,2023,11,0,0
ITA.5.1.60_1,2023,11,0,0
ITA.5.1.61_1,2023,11,0,0
ITA.5.1.62_1,2023,11,0,0
ITA.5.1.68_1,2023,11,0,0
ITA.5.1.7_1,2023,11,0,0
ITA.5.1.77_1,2023,11,0,0
ITA.5.1.88_1,2023,11,0,0
ITA.5.1.95_1,2023,11,0,0
ITA.5.1.96_1,2023,11,0,0
ITA.5.1.97_1,2023,11,0,0
ITA.5.2.16_1,2023,11,0,0
ITA.5.2.17_1,2023,11,0,0
ITA.5.2.2_1,2023,11,0,0
ITA.5.2.26_1,2023,11,0,0
ITA.5.2.27_1,2023,11,0,0
ITA.5.2.28_1,2023,11,0,0
ITA.5.2.29_1,2023,11,0,0
ITA.5.2.38_1,2023,11,0,0
ITA.5.2.55_1,2023,11,0,0
ITA.5.2.57_1,2023,11,0,0
ITA.5.2.68_1,2023,11,0,0
ITA.5.2.69_1,2023,11,0,0
ITA.5.3.1_1,2023,11,0,0
ITA.5.3.10_1,2023,11,0,0
ITA.5.3.100_1,2023,11,0,0
ITA.5.3.101_1,2023,11,0,0
ITA.5.3.102_1,2023,11,0,0
ITA.5.3.103_1,2023,11,0,0
ITA.5.3.104_1,2023,11,0,0
ITA.5.3.11_1,2023,11,0,0
ITA.5.3.12_1,2023,11,0,0
ITA.5.3.13_1,2023,11,0,0
ITA.5.3.14_1,2023,11,0,0
ITA.5.3.15_1,2023,11,0,0
ITA.5.3.16_1,2023,11,0,0
ITA.5.3.17_1,2023,11,0,0
ITA.5.3.18_1,2023,11,0,0
ITA.5.3.19_1,2023,11,0,0
ITA.5.3.2_1,2023,11,0,0
ITA.5.3.20_1,2023,11,0,0
ITA.5.3.21_1,2023,11,0,0
ITA.5.3.22_1,2023,11,0,0
ITA.5.3.23_1,2023,11,0,0
ITA.5.3.24_1,2023,11,0,0
ITA.5.3.25_1,2023,11,0,0
ITA.5.3.26_1,2023,11,0,0
ITA.5.3.27_1,2023,11,0,0
ITA.5.3.28_1,2023,11,0,0
ITA.5.3.29_1,2023,11,0,0
ITA.5.3.3_1,2023,11,0,0
ITA.5.3.30_1,2023,11,0,0
ITA.5.3.31_1,2023,11,0,0
ITA.5.3.32_1,2023,11,0,0
ITA.5.3.33_1,2023,11,0,0
ITA.5.3.34_1,2023,11,0,0
ITA.5.3.35_1,2023,11,0,0
ITA.5.3.36_1,2023,11,0,0
ITA.5.3.37_1,2023,11,0,0
ITA.5.3.38_1,2023,11,0,0
ITA.5.3.39_1,2023,11,0,0
ITA.5.3.4_1,2023,11,0,0
ITA.5.3.40_1,2023,11,0,0
ITA.5.3.41_1,2023,11,0,0
ITA.5.3.42_1,2023,11,0,0
ITA.5.3.43_1,2023,11,0,0
ITA.5.3.44_1,2023,11,0,0
ITA.5.3.45_1,2023,11,0,0
ITA.5.3.46_1,2023,11,0,0
ITA.5.3.47_1,2023,11,0,0
ITA.5.3.48_1,2023,11,0,0
ITA.5.3.49_1,2023,11,0,0
ITA.5.3.5_1,2023,11,0,0
ITA.5.3.50_1,2023,11,0,0
ITA.5.3.51_1,2023,11,0,0
ITA.5.3.52_1,2023,11,0,0
ITA.5.3.53_1,2023,11,0,0
ITA.5.3.54_1,2023,11,0,0
ITA.5.3.55_1,2023,11,0,0
ITA.5.3.56_1,2023,11,0,0
ITA.5.3.57_1,2023,11,0,0
ITA.5.3.58_1,2023,11,0,0
ITA.5.3.59_1,2023,11,0,0
ITA.5.3.6_1,2023,11,0,0
ITA.5.3.60_1,2023,11,0,0
ITA.5.3.61_1,2023,11,0,0
ITA.5.3.62_1,2023,11,0,0
ITA.5.3.63_1,2023,11,0,0
ITA.5.3.64_1,2023,11,0,0
ITA.5.3.65_1,2023,11,0,0
ITA.5.3.66_1,2023,11,0,0
ITA.5.3.67_1,2023,11,0,0
ITA.5.3.68_1,2023,11,0,0
ITA.5.3.69_1,2023,11,0,0
ITA.5.3.7_1,2023,11,0,0
ITA.5.3.70_1,2023,11,0,0
ITA.5.3.71_1,2023,11,0,0
ITA.5.3.72_1,2023,11,0,0
ITA.5.3.73_1,2023,11,0,0
ITA.5.3.74_1,2023,11,0,0
ITA.5.3.75_1,2023,11,0,0
ITA.5.3.76_1,2023,11,0,0
ITA.5.3.77_1,2023,11,0,0
ITA.5.3.78_1,2023,11,0,0
ITA.5.3.79_1,2023,11,0,0
ITA.5.3.8_1,2023,11,0,0
ITA.5.3.80_1,2023,11,0,0
ITA.5.3.81_1,2023,11,0,0
ITA.5.3.82_1,2023,11,0,0
ITA.5.3.83_1,2023,11,0,0
ITA.5.3.84_1,2023,11,0,0
ITA.5.3.85_1,2023,11,0,0
ITA.5.3.86_1,2023,11,0,0
ITA.5.3.87_1,2023,11,0,0
ITA.5.3.88_1,2023,11,0,0
ITA.5.3.89_1,2023,11,0,0
ITA.5.3.9_1,2023,11,0,0
ITA.5.3.90_1,2023,11,0,0
ITA.5.3.91_1,2023,11,0,0
ITA.5.3.92_1,2023,11,0,0
ITA.5.3.93_1,2023,11,0,0
ITA.5.3.94_1,2023,11,0,0
ITA.5.3.95_1,2023,11,0,0
ITA.5.3.96_1,2023,11,0,0
ITA.5.3.97_1,2023,11,0,0
ITA.5.3.98_1,2023,11,0,0
ITA.5.3.99_1,2023,11,0,0
ITA.5.4.1_1,2023,11,0,0
ITA.5.4.10_1,2023,11,0,0
ITA.5.4.11_1,2023,11,0,0
ITA.5.4.12_1,2023,11,0,0
ITA.5.4.13_1,2023,11,0,0
ITA.5.4.15_1,2023,11,0,0
ITA.5.4.16_1,2023,11,0,0
ITA.5.4.17_1,2023,11,0,0
ITA.5.4.18_1,2023,11,0,0
ITA.5.4.19_1,2023,11,0,0
ITA.5.4.2_1,2023,11,0,0
ITA.5.4.20_1,2023,11,0,0
ITA.5.4.21_1,2023,11,0,0
ITA.5.4.22_1,2023,11,0,0
ITA.5.4.23_1,2023,11,0,0
ITA.5.4.24_1,2023,11,0,0
ITA.5.4.25_1,2023,11,0,0
ITA.5.4.26_1,2023,11,0,0
ITA.5.4.27_1,2023,11,0,0
ITA.5.4.28_1,2023,11,0,0
ITA.5.4.29_1,2023,11,0,0
ITA.5.4.3_1,2023,11,0,0
ITA.5.4.30_1,2023,11,0,0
ITA.5.4.31_1,2023,11,0,0
ITA.5.4.32_1,2023,11,0,0
ITA.5.4.33_1,2023,11,0,0
ITA.5.4.34_1,2023,11,0,0
ITA.5.4.35_1,2023,11,0,0
ITA.5.4.36_1,2023,11,0,0
ITA.5.4.37_1,2023,11,0,0
ITA.5.4.38_1,2023,11,0,0
ITA.5.4.39_1,2023,11,0,0
ITA.5.4.40_1,2023,11,0,0
ITA.5.4.41_1,2023,11,0,0
ITA.5.4.42_1,2023,11,0,0
ITA.5.4.43_1,2023,11,0,0
ITA.5.4.44_1,2023,11,0,0
ITA.5.4.45_1,2023,11,0,0
ITA.5.4.47_1,2023,11,0,0
ITA.5.4.5_1,2023,11,0,0
ITA.5.4.50_1,2023,11,0,0
ITA.5.4.51_1,2023,11,0,0
ITA.5.4.52_1,2023,11,0,0
ITA.5.4.53_1,2023,11,0,0
ITA.5.4.54_1,2023,11,0,0
ITA.5.4.56_1,2023,11,0,0
ITA.5.4.57_1,2023,11,0,0
ITA.5.4.58_1,2023,11,0,0
ITA.5.4.59_1,2023,11,0,0
ITA.5.4.60_1,2023,11,0,0
ITA.5.4.61_1,2023,11,0,0
ITA.5.4.62_1,2023,11,0,0
ITA.5.4.64_1,2023,11,0,0
ITA.5.4.65_1,2023,11,0,0
ITA.5.4.66_1,2023,11,0,0
ITA.5.4.67_1,2023,11,0,0
ITA.5.4.68_1,2023,11,0,0
ITA.5.4.69_1,2023,11,0,0
ITA.5.4.7_1,2023,11,0,0
ITA.5.4.70_1,2023,11,0,0
ITA.5.4.71_1,2023,11,0,0
ITA.5.4.72_1,2023,11,0,0
ITA.5.4.74_1,2023,11,0,0
ITA.5.4.75_1,2023,11,0,0
ITA.5.4.76_1,2023,11,0,0
ITA.5.4.77_1,2023,11,0,0
ITA.5.4.78_1,2023,11,0,0
ITA.5.4.79_1,2023,11,0,0
ITA.5.4.8_1,2023,11,0,0
ITA.5.4.80_1,2023,11,0,0
ITA.5.4.81_1,2023,11,0,0
ITA.5.4.83_1,2023,11,0,0
ITA.5.4.84_1,2023,11,0,0
ITA.5.4.85_1,2023,11,0,0
ITA.5.4.86_1,2023,11,0,0
ITA.5.4.87_1,2023,11,0,0
ITA.5.4.88_1,2023,11,0,0
ITA.5.4.89_1,2023,11,0,0
ITA.5.4.9_1,2023,11,0,0
ITA.5.4.90_1,2023,11,0,0
ITA.5.4.91_1,2023,11,0,0
ITA.5.4.92_1,2023,11,0,0
ITA.5.5.1_1,2023,11,0,0
ITA.5.5.10_1,2023,11,0,0
ITA.5.5.100_1,2023,11,0,0
ITA.5.5.101_1,2023,11,0,0
ITA.5.5.102_1,2023,11,0,0
ITA.5.5.103_1,2023,11,0,0
ITA.5.5.104_1,2023,11,0,0
ITA.5.5.105_1,2023,11,0,0
ITA.5.5.106_1,2023,11,0,0
ITA.5.5.107_1,2023,11,0,0
ITA.5.5.108_1,2023,11,0,0
ITA.5.5.109_1,2023,11,0,0
ITA.5.5.11_1,2023,11,0,0
ITA.5.5.110_1,2023,11,0,0
ITA.5.5.111_1,2023,11,0,0
ITA.5.5.112_1,2023,11,0,0
ITA.5.5.113_1,2023,11,0,0
ITA.5.5.114_1,2023,11,0,0
ITA.5.5.115_1,2023,11,0,0
ITA.5.5.116_1,2023,11,0,0
ITA.5.5.117_1,2023,11,0,0
ITA.5.5.118_1,2023,11,0,0
ITA.5.5.119_1,2023,11,0,0
ITA.5.5.12_1,2023,11,0,0
ITA.5.5.120_1,2023,11,0,0
ITA.5.5.121_1,2023,11,0,0
ITA.5.5.122_1,2023,11,0,0
ITA.5.5.123_1,2023,11,0,0
ITA.5.5.124_1,2023,11,0,0
ITA.5.5.125_1,2023,11,0,0
ITA.5.5.126_1,2023,11,0,0
ITA.5.5.127_1,2023,11,0,0
ITA.5.5.128_1,2023,11,0,0
ITA.5.5.129_1,2023,11,0,0
ITA.5.5.13_1,2023,11,0,0
ITA.5.5.130_1,2023,11,0,0
ITA.5.5.131_1,2023,11,0,0
ITA.5.5.132_1,2023,11,0,0
ITA.5.5.133_1,2023,11,0,0
ITA.5.5.134_1,2023,11,0,0
ITA.5.5.135_1,2023,11,0,0
ITA.5.5.136_1,2023,11,0,0
ITA.5.5.137_1,2023,11,0,0
ITA.5.5.138_1,2023,11,0,0
ITA.5.5.139_1,2023,11,0,0
ITA.5.5.14_1,2023,11,0,0
ITA.5.5.140_1,2023,11,0,0
ITA.5.5.141_1,2023,11,0,0
ITA.5.5.142_1,2023,11,0,0
ITA.5.5.143_1,2023,11,0,0
ITA.5.5.144_1,2023,11,0,0
ITA.5.5.145_1,2023,11,0,0
ITA.5.5.146_1,2023,11,0,0
ITA.5.5.147_1,2023,11,0,0
ITA.5.5.148_1,2023,11,0,0
ITA.5.5.149_1,2023,11,0,0
ITA.5.5.15_1,2023,11,0,0
ITA.5.5.150_1,2023,11,0,0
ITA.5.5.151_1,2023,11,0,0
ITA.5.5.152_1,2023,11,0,0
ITA.5.5.153_1,2023,11,0,0
ITA.5.5.154_1,2023,11,0,0
ITA.5.5.155_1,2023,11,0,0
ITA.5.5.156_1,2023,11,0,0
ITA.5.5.157_1,2023,11,0,0
ITA.5.5.158_1,2023,11,0,0
ITA.5.5.16_1,2023,11,0,0
ITA.5.5.17_1,2023,11,0,0
ITA.5.5.18_1,2023,11,0,0
ITA.5.5.19_1,2023,11,0,0
ITA.5.5.2_1,2023,11,0,0
ITA.5.5.20_1,2023,11,0,0
ITA.5.5.21_1,2023,11,0,0
ITA.5.5.22_1,2023,11,0,0
ITA.5.5.23_1,2023,11,0,0
ITA.5.5.24_1,2023,11,0,0
ITA.5.5.25_1,2023,11,0,0
ITA.5.5.26_1,2023,11,0,0
ITA.5.5.27_1,2023,11,0,0
ITA.5.5.28_1,2023,11,0,0
ITA.5.5.29_1,2023,11,0,0
ITA.5.5.3_1,2023,11,0,0
ITA.5.5.30_1,2023,11,0,0
ITA.5.5.31_1,2023,11,0,0
ITA.5.5.32_1,2023,11,0,0
ITA.5.5.33_1,2023,11,0,0
ITA.5.5.34_1,2023,11,0,0
ITA.5.5.35_1,2023,11,0,0
ITA.5.5.36_1,2023,11,0,0
ITA.5.5.37_1,2023,11,0,0
ITA.5.5.38_1,2023,11,0,0
ITA.5.5.39_1,2023,11,0,0
ITA.5.5.4_1,2023,11,0,0
ITA.5.5.40_1,2023,11,0,0
ITA.5.5.41_1,2023,11,0,0
ITA.5.5.42_1,2023,11,0,0
ITA.5.5.43_1,2023,11,0,0
ITA.5.5.44_1,2023,11,0,0
ITA.5.5.45_1,2023,11,0,0
ITA.5.5.46_1,2023,11,0,0
ITA.5.5.47_1,2023,11,0,0
ITA.5.5.48_1,2023,11,0,0
ITA.5.5.49_1,2023,11,0,0
ITA.5.5.5_1,2023,11,0,0
ITA.5.5.50_1,2023,11,0,0
ITA.5.5.51_1,2023,11,0,0
ITA.5.5.52_1,2023,11,0,0
ITA.5.5.53_1,2023,11,0,0
ITA.5.5.54_1,2023,11,0,0
ITA.5.5.55_1,2023,11,0,0
ITA.5.5.56_1,2023,11,0,0
ITA.5.5.57_1,2023,11,0,0
ITA.5.5.58_1,2023,11,0,0
ITA.5.5.59_1,2023,11,0,0
ITA.5.5.6_1,2023,11,0,0
ITA.5.5.60_1,2023,11,0,0
ITA.5.5.61_1,2023,11,0,0
ITA.5.5.62_1,2023,11,0,0
ITA.5.5.63_1,2023,11,0,0
ITA.5.5.64_1,2023,11,0,0
ITA.5.5.65_1,2023,11,0,0
ITA.5.5.66_1,2023,11,0,0
ITA.5.5.67_1,2023,11,0,0
ITA.5.5.68_1,2023,11,0,0
ITA.5.5.69_1,2023,11,0,0
ITA.5.5.7_1,2023,11,0,0
ITA.5.5.70_1,2023,11,0,0
ITA.5.5.71_1,2023,11,0,0
ITA.5.5.72_1,2023,11,0,0
ITA.5.5.73_1,2023,11,0,0
ITA.5.5.74_1,2023,11,0,0
ITA.5.5.75_1,2023,11,0,0
ITA.5.5.76_1,2023,11,0,0
ITA.5.5.77_1,2023,11,0,0
ITA.5.5.78_1,2023,11,0,0
ITA.5.5.79_1,2023,11,0,0
ITA.5.5.8_1,2023,11,0,0
ITA.5.5.80_1,2023,11,0,0
ITA.5.5.81_1,2023,11,0,0
ITA.5.5.82_1,2023,11,0,0
ITA.5.5.83_1,2023,11,0,0
ITA.5.5.84_1,2023,11,0,0
ITA.5.5.85_1,2023,11,0,0
ITA.5.5.86_1,2023,11,0,0
ITA.5.5.87_1,2023,11,0,0
ITA.5.5.88_1,2023,11,0,0
ITA.5.5.89_1,2023,11,0,0
ITA.5.5.9_1,2023,11,0,0
ITA.5.5.90_1,2023,11,0,0
ITA.5.5.91_1,2023,11,0,0
ITA.5.5.92_1,2023,11,0,0
ITA.5.5.93_1,2023,11,0,0
ITA.5.5.94_1,2023,11,0,0
ITA.5.5.95_1,2023,11,0,0
ITA.5.5.96_1,2023,11,0,0
ITA.5.5.97_1,2023,11,0,0
ITA.5.5.98_1,2023,11,0,0
ITA.5.5.99_1,2023,11,0,0
ITA.6.1.1_1,2023,11,0,0
ITA.6.1.10_1,2023,11,0,0
ITA.6.1.11_1,2023,11,0,0
ITA.6.1.12_1,2023,11,0,0
ITA.6.1.13_1,2023,11,0,0
ITA.6.1.14_1,2023,11,0,0
ITA.6.1.15_1,2023,11,0,0
ITA.6.1.16_1,2023,11,0,0
ITA.6.1.17_1,2023,11,0,0
ITA.6.1.18_1,2023,11,0,0
ITA.6.1.19_1,2023,11,0,0
ITA.6.1.2_1,2023,11,0,0
ITA.6.1.20_1,2023,11,0,0
ITA.6.1.21_1,2023,11,0,0
ITA.6.1.22_1,2023,11,0,0
ITA.6.1.23_1,2023,11,0,0
ITA.6.1.24_1,2023,11,0,0
ITA.6.1.25_1,2023,11,0,0
ITA.6.1.26_1,2023,11,0,0
ITA.6.1.27_1,2023,11,0,0
ITA.6.1.28_1,2023,11,0,0
ITA.6.1.29_1,2023,11,0,0
ITA.6.1.3_1,2023,11,0,0
ITA.6.1.30_1,2023,11,0,0
ITA.6.1.31_1,2023,11,0,0
ITA.6.1.32_1,2023,11,0,0
ITA.6.1.33_1,2023,11,0,0
ITA.6.1.34_1,2023,11,0,0
ITA.6.1.35_1,2023,11,0,0
ITA.6.1.36_1,2023,11,0,0
ITA.6.1.37_1,2023,11,0,0
ITA.6.1.38_1,2023,11,0,0
ITA.6.1.39_1,2023,11,0,0
ITA.6.1.4_1,2023,11,0,0
ITA.6.1.40_1,2023,11,0,0
ITA.6.1.41_1,2023,11,0,0
ITA.6.1.42_1,2023,11,0,0
ITA.6.1.43_1,2023,11,0,0
ITA.6.1.44_1,2023,11,0,0
ITA.6.1.45_1,2023,11,0,0
ITA.6.1.46_1,2023,11,0,0
ITA.6.1.47_1,2023,11,0,0
ITA.6.1.48_1,2023,11,0,0
ITA.6.1.49_1,2023,11,0,0
ITA.6.1.5_1,2023,11,0,0
ITA.6.1.50_1,2023,11,0,0
ITA.6.1.51_1,2023,11,0,0
ITA.6.1.52_1,2023,11,0,0
ITA.6.1.53_1,2023,11,0,0
ITA.6.1.54_1,2023,11,0,0
ITA.6.1.55_1,2023,11,0,0
ITA.6.1.56_1,2023,11,0,0
ITA.6.1.57_1,2023,11,0,0
ITA.6.1.58_1,2023,11,0,0
ITA.6.1.59_1,2023,11,0,0
ITA.6.1.6_1,2023,11,0,0
ITA.6.1.60_1,2023,11,0,0
ITA.6.1.7_1,2023,11,0,0
ITA.6.1.8_1,2023,11,0,0
ITA.6.1.9_1,2023,11,0,0
ITA.6.2.1_1,2023,11,0,0
ITA.6.2.10_1,2023,11,0,0
ITA.6.2.11_1,2023,11,0,0
ITA.6.2.12_1,2023,11,0,0
ITA.6.2.13_1,2023,11,0,0
ITA.6.2.14_1,2023,11,0,0
ITA.6.2.15_1,2023,11,0,0
ITA.6.2.16_1,2023,11,0,0
ITA.6.2.17_1,2023,11,0,0
ITA.6.2.18_1,2023,11,0,0
ITA.6.2.19_1,2023,11,0,0
ITA.6.2.2_1,2023,11,0,0
ITA.6.2.20_1,2023,11,0,0
ITA.6.2.21_1,2023,11,0,0
ITA.6.2.22_1,2023,11,0,0
ITA.6.2.23_1,2023,11,0,0
ITA.6.2.24_1,2023,11,0,0
ITA.6.2.25_1,2023,11,0,0
ITA.6.2.26_1,2023,11,0,0
ITA.6.2.3_1,2023,11,0,0
ITA.6.2.4_1,2023,11,0,0
ITA.6.2.5_1,2023,11,0,0
ITA.6.2.6_1,2023,11,0,0
ITA.6.2.7_1,2023,11,0,0
ITA.6.2.8_1,2023,11,0,0
ITA.6.2.9_1,2023,11,0,0
ITA.6.3.1_1,2023,11,0,0
ITA.6.3.10_1,2023,11,0,0
ITA.6.3.11_1,2023,11,0,0
ITA.6.3.12_1,2023,11,0,0
ITA.6.3.13_1,2023,11,0,0
ITA.6.3.14_1,2023,11,0,0
ITA.6.3.15_1,2023,11,0,0
ITA.6.3.16_1,2023,11,0,0
ITA.6.3.17_1,2023,11,0,0
ITA.6.3.18_1,2023,11,0,0
ITA.6.3.19_1,2023,11,0,0
ITA.6.3.2_1,2023,11,0,0
ITA.6.3.20_1,2023,11,0,0
ITA.6.3.21_1,2023,11,0,0
ITA.6.3.22_1,2023,11,0,0
ITA.6.3.23_1,2023,11,0,0
ITA.6.3.24_1,2023,11,0,0
ITA.6.3.25_1,2023,11,0,0
ITA.6.3.26_1,2023,11,0,0
ITA.6.3.27_1,2023,11,0,0
ITA.6.3.28_1,2023,11,0,0
ITA.6.3.29_1,2023,11,0,0
ITA.6.3.3_1,2023,11,0,0
ITA.6.3.30_1,2023,11,0,0
ITA.6.3.4_1,2023,11,0,0
ITA.6.3.5_1,2023,11,0,0
ITA.6.3.6_1,2023,11,0,0
ITA.6.3.7_1,2023,11,0,0
ITA.6.3.8_1,2023,11,0,0
ITA.6.3.9_1,2023,11,0,0
ITA.6.4.1_1,2023,11,0,0
ITA.6.4.10_1,2023,11,0,0
ITA.6.4.11_1,2023,11,0,0
ITA.6.4.12_1,2023,11,0,0
ITA.6.4.13_1,2023,11,0,0
ITA.6.4.14_1,2023,11,0,0
ITA.6.4.15_1,2023,11,0,0
ITA.6.4.16_1,2023,11,0,0
ITA.6.4.17_1,2023,11,0,0
ITA.6.4.18_1,2023,11,0,0
ITA.6.4.19_1,2023,11,0,0
ITA.6.4.2_1,2023,11,0,0
ITA.6.4.20_1,2023,11,0,0
ITA.6.4.21_1,2023,11,0,0
ITA.6.4.22_1,2023,11,0,0
ITA.6.4.23_1,2023,11,0,0
ITA.6.4.24_1,2023,11,0,0
ITA.6.4.25_1,2023,11,0,0
ITA.6.4.26_1,2023,11,0,0
ITA.6.4.27_1,2023,11,0,0
ITA.6.4.28_1,2023,11,0,0
ITA.6.4.29_1,2023,11,0,0
ITA.6.4.3_1,2023,11,0,0
ITA.6.4.30_1,2023,11,0,0
ITA.6.4.31_1,2023,11,0,0
ITA.6.4.32_1,2023,11,0,0
ITA.6.4.33_1,2023,11,0,0
ITA.6.4.34_1,2023,11,0,0
ITA.6.4.35_1,2023,11,0,0
ITA.6.4.36_1,2023,11,0,0
ITA.6.4.37_1,2023,11,0,0
ITA.6.4.38_1,2023,11,0,0
ITA.6.4.39_1,2023,11,0,0
ITA.6.4.4_1,2023,11,0,0
ITA.6.4.40_1,2023,11,0,0
ITA.6.4.41_1,2023,11,0,0
ITA.6.4.42_1,2023,11,0,0
ITA.6.4.43_1,2023,11,0,0
ITA.6.4.44_1,2023,11,0,0
ITA.6.4.45_1,2023,11,0,0
ITA.6.4.46_1,2023,11,0,0
ITA.6.4.47_1,2023,11,0,0
ITA.6.4.5_1,2023,11,0,0
ITA.6.4.6_1,2023,11,0,0
ITA.6.4.7_1,2023,11,0,0
ITA.6.4.8_1,2023,11,0,0
ITA.6.4.9_1,2023,11,0,0
ITA.6.5.1_1,2023,11,0,0
ITA.6.5.10_1,2023,11,0,0
ITA.6.5.11_1,2023,11,0,0
ITA.6.5.12_1,2023,11,0,0
ITA.6.5.13_1,2023,11,0,0
ITA.6.5.14_1,2023,11,0,0
ITA.6.5.15_1,2023,11,0,0
ITA.6.5.16_1,2023,11,0,0
ITA.6.5.17_1,2023,11,0,0
ITA.6.5.18_1,2023,11,0,0
ITA.6.5.19_1,2023,11,0,0
ITA.6.5.2_1,2023,11,0,0
ITA.6.5.20_1,2023,11,0,0
ITA.6.5.21_1,2023,11,0,0
ITA.6.5.22_1,2023,11,0,0
ITA.6.5.23_1,2023,11,0,0
ITA.6.5.24_1,2023,11,0,0
ITA.6.5.25_1,2023,11,0,0
ITA.6.5.26_1,2023,11,0,0
ITA.6.5.27_1,2023,11,0,0
ITA.6.5.28_1,2023,11,0,0
ITA.6.5.29_1,2023,11,0,0
ITA.6.5.3_1,2023,11,0,0
ITA.6.5.30_1,2023,11,0,0
ITA.6.5.31_1,2023,11,0,0
ITA.6.5.32_1,2023,11,0,0
ITA.6.5.33_1,2023,11,0,0
ITA.6.5.34_1,2023,11,0,0
ITA.6.5.35_1,2023,11,0,0
ITA.6.5.36_1,2023,11,0,0
ITA.6.5.37_1,2023,11,0,0
ITA.6.5.38_1,2023,11,0,0
ITA.6.5.39_1,2023,11,0,0
ITA.6.5.4_1,2023,11,0,0
ITA.6.5.40_1,2023,11,0,0
ITA.6.5.41_1,2023,11,0,0
ITA.6.5.42_1,2023,11,0,0
ITA.6.5.43_1,2023,11,0,0
ITA.6.5.44_1,2023,11,0,0
ITA.6.5.45_1,2023,11,0,0
ITA.6.5.46_1,2023,11,0,0
ITA.6.5.47_1,2023,11,0,0
ITA.6.5.5_1,2023,11,0,0
ITA.6.5.6_1,2023,11,0,0
ITA.6.5.7_1,2023,11,0,0
ITA.6.5.8_1,2023,11,0,0
ITA.6.5.9_1,2023,11,0,0
ITA.6.6.1_1,2023,11,0,0
ITA.6.6.10_1,2023,11,0,0
ITA.6.6.11_1,2023,11,0,0
ITA.6.6.12_1,2023,11,0,0
ITA.6.6.13_1,2023,11,0,0
ITA.6.6.14_1,2023,11,0,0
ITA.6.6.15_1,2023,11,0,0
ITA.6.6.16_1,2023,11,0,0
ITA.6.6.17_1,2023,11,0,0
ITA.6.6.18_1,2023,11,0,0
ITA.6.6.19_1,2023,11,0,0
ITA.6.6.2_1,2023,11,0,0
ITA.6.6.20_1,2023,11,0,0
ITA.6.6.21_1,2023,11,0,0
ITA.6.6.22_1,2023,11,0,0
ITA.6.6.23_1,2023,11,0,0
ITA.6.6.24_1,2023,11,0,0
ITA.6.6.25_1,2023,11,0,0
ITA.6.6.26_1,2023,11,0,0
ITA.6.6.27_1,2023,11,0,0
ITA.6.6.28_1,2023,11,0,0
ITA.6.6.29_1,2023,11,0,0
ITA.6.6.3_1,2023,11,0,0
ITA.6.6.30_1,2023,11,0,0
ITA.6.6.31_1,2023,11,0,0
ITA.6.6.32_1,2023,11,0,0
ITA.6.6.33_1,2023,11,0,0
ITA.6.6.34_1,2023,11,0,0
ITA.6.6.35_1,2023,11,0,0
ITA.6.6.36_1,2023,11,0,0
ITA.6.6.37_1,2023,11,0,0
ITA.6.6.38_1,2023,11,0,0
ITA.6.6.39_1,2023,11,0,0
ITA.6.6.4_1,2023,11,0,0
ITA.6.6.40_1,2023,11,0,0
ITA.6.6.41_1,2023,11,0,0
ITA.6.6.42_1,2023,11,0,0
ITA.6.6.43_1,2023,11,0,0
ITA.6.6.44_1,2023,11,0,0
ITA.6.6.45_1,2023,11,0,0
ITA.6.6.46_1,2023,11,0,0
ITA.6.6.47_1,2023,11,0,0
ITA.6.6.48_1,2023,11,0,0
ITA.6.6.5_1,2023,11,0,0
ITA.6.6.6_1,2023,11,0,0
ITA.6.6.7_1,2023,11,0,0
ITA.6.6.8_1,2023,11,0,0
ITA.6.6.9_1,2023,11,0,0
ITA.6.7.1_1,2023,11,0,0
ITA.6.7.10_1,2023,11,0,0
ITA.6.7.11_1,2023,11,0,0
ITA.6.7.12_1,2023,11,0,0
ITA.6.7.13_1,2023,11,0,0
ITA.6.7.14_1,2023,11,0,0
ITA.6.7.15_1,2023,11,0,0
ITA.6.7.16_1,2023,11,0,0
ITA.6.7.17_1,2023,11,0,0
ITA.6.7.18_1,2023,11,0,0
ITA.6.7.2_1,2023,11,0,0
ITA.6.7.3_1,2023,11,0,0
ITA.6.7.4_1,2023,11,0,0
ITA.6.7.5_1,2023,11,0,0
ITA.6.7.6_1,2023,11,0,0
ITA.6.7.7_1,2023,11,0,0
ITA.6.7.8_1,2023,11,0,0
ITA.6.7.9_1,2023,11,0,0
ITA.6.8.1_1,2023,11,0,0
ITA.6.8.10_1,2023,11,0,0
ITA.6.8.11_1,2023,11,0,0
ITA.6.8.12_1,2023,11,0,0
ITA.6.8.13_1,2023,11,0,0
ITA.6.8.14_1,2023,11,0,0
ITA.6.8.15_1,2023,11,0,0
ITA.6.8.16_1,2023,11,0,0
ITA.6.8.17_1,2023,11,0,0
ITA.6.8.18_1,2023,11,0,0
ITA.6.8.19_1,2023,11,0,0
ITA.6.8.2_1,2023,11,0,0
ITA.6.8.20_1,2023,11,0,0
ITA.6.8.21_1,2023,11,0,0
ITA.6.8.22_1,2023,11,0,0
ITA.6.8.23_1,2023,11,0,0
ITA.6.8.24_1,2023,11,0,0
ITA.6.8.25_1,2023,11,0,0
ITA.6.8.26_1,2023,11,0,0
ITA.6.8.27_1,2023,11,0,0
ITA.6.8.28_1,2023,11,0,0
ITA.6.8.29_1,2023,11,0,0
ITA.6.8.3_1,2023,11,0,0
ITA.6.8.30_1,2023,11,0,0
ITA.6.8.31_1,2023,11,0,0
ITA.6.8.32_1,2023,11,0,0
ITA.6.8.33_1,2023,11,0,0
ITA.6.8.34_1,2023,11,0,0
ITA.6.8.35_1,2023,11,0,0
ITA.6.8.36_1,2023,11,0,0
ITA.6.8.37_1,2023,11,0,0
ITA.6.8.38_1,2023,11,0,0
ITA.6.8.39_1,2023,11,0,0
ITA.6.8.4_1,2023,11,0,0
ITA.6.8.40_1,2023,11,0,0
ITA.6.8.41_1,2023,11,0,0
ITA.6.8.42_1,2023,11,0,0
ITA.6.8.43_1,2023,11,0,0
ITA.6.8.44_1,2023,11,0,0
ITA.6.8.45_1,2023,11,0,0
ITA.6.8.5_1,2023,11,0,0
ITA.6.8.6_1,2023,11,0,0
ITA.6.8.7_1,2023,11,0,0
ITA.6.8.8_1,2023,11,0,0
ITA.6.8.9_1,2023,11,0,0
ITA.6.9.1_1,2023,11,0,0
ITA.6.9.10_1,2023,11,0,0
ITA.6.9.11_1,2023,11,0,0
ITA.6.9.12_1,2023,11,0,0
ITA.6.9.13_1,2023,11,0,0
ITA.6.9.14_1,2023,11,0,0
ITA.6.9.15_1,2023,11,0,0
ITA.6.9.16_1,2023,11,0,0
ITA.6.9.17_1,2023,11,0,0
ITA.6.9.18_1,2023,11,0,0
ITA.6.9.19_1,2023,11,0,0
ITA.6.9.2_1,2023,11,0,0
ITA.6.9.20_1,2023,11,0,0
ITA.6.9.3_1,2023,11,0,0
ITA.6.9.4_1,2023,11,0,0
ITA.6.9.5_1,2023,11,0,0
ITA.6.9.6_1,2023,11,0,0
ITA.6.9.7_1,2023,11,0,0
ITA.6.9.8_1,2023,11,0,0
ITA.6.9.9_1,2023,11,0,0
ITA.7.1.1_1,2023,11,0,0
ITA.7.1.10_1,2023,11,0,0
ITA.7.1.11_1,2023,11,0,0
ITA.7.1.12_1,2023,11,0,0
ITA.7.1.13_1,2023,11,0,0
ITA.7.1.14_1,2023,11,0,0
ITA.7.1.15_1,2023,11,0,0
ITA.7.1.16_1,2023,11,0,0
ITA.7.1.17_1,2023,11,0,0
ITA.7.1.18_1,2023,11,0,0
ITA.7.1.19_1,2023,11,0,0
ITA.7.1.2_1,2023,11,0,0
ITA.7.1.20_1,2023,11,0,0
ITA.7.1.21_1,2023,11,0,0
ITA.7.1.22_1,2023,11,0,0
ITA.7.1.23_1,2023,11,0,0
ITA.7.1.24_1,2023,11,0,0
ITA.7.1.25_1,2023,11,0,0
ITA.7.1.3_1,2023,11,0,0
ITA.7.1.4_1,2023,11,0,0
ITA.7.1.5_1,2023,11,0,0
ITA.7.1.6_1,2023,11,0,0
ITA.7.1.7_1,2023,11,0,0
ITA.7.1.8_1,2023,11,0,0
ITA.7.1.9_1,2023,11,0,0
ITA.7.2.1_1,2023,11,0,0
ITA.7.2.10_1,2023,11,0,0
ITA.7.2.11_1,2023,11,0,0
ITA.7.2.12_1,2023,11,0,0
ITA.7.2.13_1,2023,11,0,0
ITA.7.2.14_1,2023,11,0,0
ITA.7.2.15_1,2023,11,0,0
ITA.7.2.16_1,2023,11,0,0
ITA.7.2.17_1,2023,11,0,0
ITA.7.2.18_1,2023,11,0,0
ITA.7.2.19_1,2023,11,0,0
ITA.7.2.2_1,2023,11,0,0
ITA.7.2.20_1,2023,11,0,0
ITA.7.2.21_1,2023,11,0,0
ITA.7.2.22_1,2023,11,0,0
ITA.7.2.23_1,2023,11,0,0
ITA.7.2.24_1,2023,11,0,0
ITA.7.2.25_1,2023,11,0,0
ITA.7.2.26_1,2023,11,0,0
ITA.7.2.27_1,2023,11,0,0
ITA.7.2.28_1,2023,11,0,0
ITA.7.2.29_1,2023,11,0,0
ITA.7.2.3_1,2023,11,0,0
ITA.7.2.30_1,2023,11,0,0
ITA.7.2.31_1,2023,11,0,0
ITA.7.2.32_1,2023,11,0,0
ITA.7.2.33_1,2023,11,0,0
ITA.7.2.34_1,2023,11,0,0
ITA.7.2.35_1,2023,11,0,0
ITA.7.2.36_1,2023,11,0,0
ITA.7.2.37_1,2023,11,0,0
ITA.7.2.38_1,2023,11,0,0
ITA.7.2.39_1,2023,11,0,0
ITA.7.2.4_1,2023,11,0,0
ITA.7.2.40_1,2023,11,0,0
ITA.7.2.41_1,2023,11,0,0
ITA.7.2.42_1,2023,11,0,0
ITA.7.2.43_1,2023,11,0,0
ITA.7.2.44_1,2023,11,0,0
ITA.7.2.45_1,2023,11,0,0
ITA.7.2.46_1,2023,11,0,0
ITA.7.2.47_1,2023,11,0,0
ITA.7.2.48_1,2023,11,0,0
ITA.7.2.49_1,2023,11,0,0
ITA.7.2.5_1,2023,11,0,0
ITA.7.2.50_1,2023,11,0,0
ITA.7.2.51_1,2023,11,0,0
ITA.7.2.6_1,2023,11,0,0
ITA.7.2.7_1,2023,11,0,0
ITA.7.2.8_1,2023,11,0,0
ITA.7.2.9_1,2023,11,0,0
ITA.7.3.1_1,2023,11,0,0
ITA.7.3.2_1,2023,11,0,0
ITA.7.3.3_1,2023,11,0,0
ITA.7.3.4_1,2023,11,0,0
ITA.7.3.5_1,2023,11,0,0
ITA.7.3.6_1,2023,11,0,0
ITA.7.4.1_1,2023,11,0,0
ITA.7.4.10_1,2023,11,0,0
ITA.7.4.100_1,2023,11,0,0
ITA.7.4.101_1,2023,11,0,0
ITA.7.4.102_1,2023,11,0,0
ITA.7.4.103_1,2023,11,0,0
ITA.7.4.104_1,2023,11,0,0
ITA.7.4.105_1,2023,11,0,0
ITA.7.4.106_1,2023,11,0,0
ITA.7.4.107_1,2023,11,0,0
ITA.7.4.108_1,2023,11,0,0
ITA.7.4.109_1,2023,11,0,0
ITA.7.4.11_1,2023,11,0,0
ITA.7.4.110_1,2023,11,0,0
ITA.7.4.111_1,2023,11,0,0
ITA.7.4.112_1,2023,11,0,0
ITA.7.4.113_1,2023,11,0,0
ITA.7.4.114_1,2023,11,0,0
ITA.7.4.115_1,2023,11,0,0
ITA.7.4.116_1,2023,11,0,0
ITA.7.4.117_1,2023,11,0,0
ITA.7.4.118_1,2023,11,0,0
ITA.7.4.119_1,2023,11,0,0
ITA.7.4.12_1,2023,11,0,0
ITA.7.4.120_1,2023,11,0,0
ITA.7.4.121_1,2023,11,0,0
ITA.7.4.122_1,2023,11,0,0
ITA.7.4.123_1,2023,11,0,0
ITA.7.4.124_1,2023,11,0,0
ITA.7.4.125_1,2023,11,0,0
ITA.7.4.126_1,2023,11,0,0
ITA.7.4.127_1,2023,11,0,0
ITA.7.4.128_1,2023,11,0,0
ITA.7.4.129_1,2023,11,0,0
ITA.7.4.13_1,2023,11,0,0
ITA.7.4.130_1,2023,11,0,0
ITA.7.4.131_1,2023,11,0,0
ITA.7.4.132_1,2023,11,0,0
ITA.7.4.133_1,2023,11,0,0
ITA.7.4.134_1,2023,11,0,0
ITA.7.4.135_1,2023,11,0,0
ITA.7.4.136_1,2023,11,0,0
ITA.7.4.137_1,2023,11,0,0
ITA.7.4.14_1,2023,11,0,0
ITA.7.4.15_1,2023,11,0,0
ITA.7.4.16_1,2023,11,0,0
ITA.7.4.17_1,2023,11,0,0
ITA.7.4.18_1,2023,11,0,0
ITA.7.4.19_1,2023,11,0,0
ITA.7.4.2_1,2023,11,0,0
ITA.7.4.20_1,2023,11,0,0
ITA.7.4.21_1,2023,11,0,0
ITA.7.4.22_1,2023,11,0,0
ITA.7.4.23_1,2023,11,0,0
ITA.7.4.24_1,2023,11,0,0
ITA.7.4.25_1,2023,11,0,0
ITA.7.4.26_1,2023,11,0,0
ITA.7.4.27_1,2023,11,0,0
ITA.7.4.28_1,2023,11,0,0
ITA.7.4.29_1,2023,11,0,0
ITA.7.4.3_1,2023,11,0,0
ITA.7.4.30_1,2023,11,0,0
ITA.7.4.31_1,2023,11,0,0
ITA.7.4.32_1,2023,11,0,0
ITA.7.4.33_1,2023,11,0,0
ITA.7.4.34_1,2023,11,0,0
ITA.7.4.35_1,2023,11,0,0
ITA.7.4.36_1,2023,11,0,0
ITA.7.4.37_1,2023,11,0,0
ITA.7.4.38_1,2023,11,0,0
ITA.7.4.39_1,2023,11,0,0
ITA.7.4.4_1,2023,11,0,0
ITA.7.4.40_1,2023,11,0,0
ITA.7.4.41_1,2023,11,0,0
ITA.7.4.42_1,2023,11,0,0
ITA.7.4.43_1,2023,11,0,0
ITA.7.4.44_1,2023,11,0,0
ITA.7.4.45_1,2023,11,0,0
ITA.7.4.46_1,2023,11,0,0
ITA.7.4.47_1,2023,11,0,0
ITA.7.4.48_1,2023,11,0,0
ITA.7.4.49_1,2023,11,0,0
ITA.7.4.5_1,2023,11,0,0
ITA.7.4.50_1,2023,11,0,0
ITA.7.4.51_1,2023,11,0,0
ITA.7.4.52_1,2023,11,0,0
ITA.7.4.53_1,2023,11,0,0
ITA.7.4.54_1,2023,11,0,0
ITA.7.4.55_1,2023,11,0,0
ITA.7.4.56_1,2023,11,0,0
ITA.7.4.57_1,2023,11,0,0
ITA.7.4.58_1,2023,11,0,0
ITA.7.4.59_1,2023,11,0,0
ITA.7.4.6_1,2023,11,0,0
ITA.7.4.60_1,2023,11,0,0
ITA.7.4.61_1,2023,11,0,0
ITA.7.4.62_1,2023,11,0,0
ITA.7.4.63_1,2023,11,0,0
ITA.7.4.64_1,2023,11,0,0
ITA.7.4.65_1,2023,11,0,0
ITA.7.4.66_1,2023,11,0,0
ITA.7.4.67_1,2023,11,0,0
ITA.7.4.68_1,2023,11,0,0
ITA.7.4.69_1,2023,11,0,0
ITA.7.4.7_1,2023,11,0,0
ITA.7.4.70_1,2023,11,0,0
ITA.7.4.71_1,2023,11,0,0
ITA.7.4.72_1,2023,11,0,0
ITA.7.4.73_1,2023,11,0,0
ITA.7.4.74_1,2023,11,0,0
ITA.7.4.75_1,2023,11,0,0
ITA.7.4.76_1,2023,11,0,0
ITA.7.4.77_1,2023,11,0,0
ITA.7.4.78_1,2023,11,0,0
ITA.7.4.79_1,2023,11,0,0
ITA.7.4.8_1,2023,11,0,0
ITA.7.4.80_1,2023,11,0,0
ITA.7.4.81_1,2023,11,0,0
ITA.7.4.82_1,2023,11,0,0
ITA.7.4.83_1,2023,11,0,0
ITA.7.4.84_1,2023,11,0,0
ITA.7.4.85_1,2023,11,0,0
ITA.7.4.86_1,2023,11,0,0
ITA.7.4.87_1,2023,11,0,0
ITA.7.4.88_1,2023,11,0,0
ITA.7.4.89_1,2023,11,0,0
ITA.7.4.9_1,2023,11,0,0
ITA.7.4.90_1,2023,11,0,0
ITA.7.4.91_1,2023,11,0,0
ITA.7.4.92_1,2023,11,0,0
ITA.7.4.93_1,2023,11,0,0
ITA.7.4.94_1,2023,11,0,0
ITA.7.4.95_1,2023,11,0,0
ITA.7.4.96_1,2023,11,0,0
ITA.7.4.97_1,2023,11,0,0
ITA.7.4.98_1,2023,11,0,0
ITA.7.4.99_1,2023,11,0,0
ITA.8.1.1_1,2023,11,0,0
ITA.8.1.10_1,2023,11,0,0
ITA.8.1.11_1,2023,11,0,0
ITA.8.1.12_1,2023,11,0,0
ITA.8.1.13_1,2023,11,0,0
ITA.8.1.14_1,2023,11,0,0
ITA.8.1.15_1,2023,11,0,0
ITA.8.1.16_1,2023,11,0,0
ITA.8.1.17_1,2023,11,0,0
ITA.8.1.18_1,2023,11,0,0
ITA.8.1.19_1,2023,11,0,0
ITA.8.1.2_1,2023,11,0,0
ITA.8.1.20_1,2023,11,0,0
ITA.8.1.21_1,2023,11,0,0
ITA.8.1.22_1,2023,11,0,0
ITA.8.1.23_1,2023,11,0,0
ITA.8.1.24_1,2023,11,0,0
ITA.8.1.25_1,2023,11,0,0
ITA.8.1.26_1,2023,11,0,0
ITA.8.1.27_1,2023,11,0,0
ITA.8.1.28_1,2023,11,0,0
ITA.8.1.29_1,2023,11,0,0
ITA.8.1.3_1,2023,11,0,0
ITA.8.1.30_1,2023,11,0,0
ITA.8.1.31_1,2023,11,0,0
ITA.8.1.32_1,2023,11,0,0
ITA.8.1.33_1,2023,11,0,0
ITA.8.1.34_1,2023,11,0,0
ITA.8.1.35_1,2023,11,0,0
ITA.8.1.36_1,2023,11,0,0
ITA.8.1.37_1,2023,11,0,0
ITA.8.1.38_1,2023,11,0,0
ITA.8.1.39_1,2023,11,0,0
ITA.8.1.4_1,2023,11,0,0
ITA.8.1.40_1,2023,11,0,0
ITA.8.1.41_1,2023,11,0,0
ITA.8.1.42_1,2023,11,0,0
ITA.8.1.43_1,2023,11,0,0
ITA.8.1.44_1,2023,11,0,0
ITA.8.1.45_1,2023,11,0,0
ITA.8.1.46_1,2023,11,0,0
ITA.8.1.47_1,2023,11,0,0
ITA.8.1.48_1,2023,11,0,0
ITA.8.1.49_1,2023,11,0,0
ITA.8.1.5_1,2023,11,0,0
ITA.8.1.50_1,2023,11,0,0
ITA.8.1.51_1,2023,11,0,0
ITA.8.1.52_1,2023,11,0,0
ITA.8.1.53_1,2023,11,0,0
ITA.8.1.54_1,2023,11,0,0
ITA.8.1.55_1,2023,11,0,0
ITA.8.1.56_1,2023,11,0,0
ITA.8.1.57_1,2023,11,0,0
ITA.8.1.58_1,2023,11,0,0
ITA.8.1.59_1,2023,11,0,0
ITA.8.1.6_1,2023,11,0,0
ITA.8.1.60_1,2023,11,0,0
ITA.8.1.61_1,2023,11,0,0
ITA.8.1.62_1,2023,11,0,0
ITA.8.1.63_1,2023,11,0,0
ITA.8.1.64_1,2023,11,0,0
ITA.8.1.65_1,2023,11,0,0
ITA.8.1.66_1,2023,11,0,0
ITA.8.1.67_1,2023,11,0,0
ITA.8.1.68_1,2023,11,0,0
ITA.8.1.69_1,2023,11,0,0
ITA.8.1.7_1,2023,11,0,0
ITA.8.1.70_1,2023,11,0,0
ITA.8.1.71_1,2023,11,0,0
ITA.8.1.72_1,2023,11,0,0
ITA.8.1.73_1,2023,11,0,0
ITA.8.1.74_1,2023,11,0,0
ITA.8.1.75_1,2023,11,0,0
ITA.8.1.76_1,2023,11,0,0
ITA.8.1.77_1,2023,11,0,0
ITA.8.1.78_1,2023,11,0,0
ITA.8.1.79_1,2023,11,0,0
ITA.8.1.8_1,2023,11,0,0
ITA.8.1.80_1,2023,11,0,0
ITA.8.1.81_1,2023,11,0,0
ITA.8.1.82_1,2023,11,0,0
ITA.8.1.83_1,2023,11,0,0
ITA.8.1.84_1,2023,11,0,0
ITA.8.1.85_1,2023,11,0,0
ITA.8.1.86_1,2023,11,0,0
ITA.8.1.87_1,2023,11,0,0
ITA.8.1.88_1,2023,11,0,0
ITA.8.1.89_1,2023,11,0,0
ITA.8.1.9_1,2023,11,0,0
ITA.8.1.90_1,2023,11,0,0
ITA.8.1.91_1,2023,11,0,0
ITA.8.2.1_1,2023,11,0,0
ITA.8.2.10_1,2023,11,0,0
ITA.8.2.11_1,2023,11,0,0
ITA.8.2.12_1,2023,11,0,0
ITA.8.2.13_1,2023,11,0,0
ITA.8.2.14_1,2023,11,0,0
ITA.8.2.15_1,2023,11,0,0
ITA.8.2.16_1,2023,11,0,0
ITA.8.2.17_1,2023,11,0,0
ITA.8.2.19_1,2023,11,0,0
ITA.8.2.2_1,2023,11,0,0
ITA.8.2.20_1,2023,11,0,0
ITA.8.2.21_1,2023,11,0,0
ITA.8.2.22_1,2023,11,0,0
ITA.8.2.23_1,2023,11,0,0
ITA.8.2.24_1,2023,11,0,0
ITA.8.2.25_1,2023,11,0,0
ITA.8.2.26_1,2023,11,0,0
ITA.8.2.27_1,2023,11,0,0
ITA.8.2.28_1,2023,11,0,0
ITA.8.2.29_1,2023,11,0,0
ITA.8.2.3_1,2023,11,0,0
ITA.8.2.30_1,2023,11,0,0
ITA.8.2.31_1,2023,11,0,0
ITA.8.2.32_1,2023,11,0,0
ITA.8.2.4_1,2023,11,0,0
ITA.8.2.5_1,2023,11,0,0
ITA.8.2.6_1,2023,11,0,0
ITA.8.2.7_1,2023,11,0,0
ITA.8.2.8_1,2023,11,0,0
ITA.8.2.9_1,2023,11,0,0
ITA.8.3.1_1,2023,11,0,0
ITA.8.3.10_1,2023,11,0,0
ITA.8.3.11_1,2023,11,0,0
ITA.8.3.12_1,2023,11,0,0
ITA.8.3.13_1,2023,11,0,0
ITA.8.3.14_1,2023,11,0,0
ITA.8.3.15_1,2023,11,0,0
ITA.8.3.16_1,2023,11,0,0
ITA.8.3.17_1,2023,11,0,0
ITA.8.3.18_1,2023,11,0,0
ITA.8.3.19_1,2023,11,0,0
ITA.8.3.2_1,2023,11,0,0
ITA.8.3.20_1,2023,11,0,0
ITA.8.3.21_1,2023,11,0,0
ITA.8.3.22_1,2023,11,0,0
ITA.8.3.23_1,2023,11,0,0
ITA.8.3.24_1,2023,11,0,0
ITA.8.3.25_1,2023,11,0,0
ITA.8.3.26_1,2023,11,0,0
ITA.8.3.27_1,2023,11,0,0
ITA.8.3.28_1,2023,11,0,0
ITA.8.3.29_1,2023,11,0,0
ITA.8.3.3_1,2023,11,0,0
ITA.8.3.30_1,2023,11,0,0
ITA.8.3.31_1,2023,11,0,0
ITA.8.3.32_1,2023,11,0,0
ITA.8.3.33_1,2023,11,0,0
ITA.8.3.34_1,2023,11,0,0
ITA.8.3.35_1,2023,11,0,0
ITA.8.3.36_1,2023,11,0,0
ITA.8.3.37_1,2023,11,0,0
ITA.8.3.38_1,2023,11,0,0
ITA.8.3.39_1,2023,11,0,0
ITA.8.3.4_1,2023,11,0,0
ITA.8.3.40_1,2023,11,0,0
ITA.8.3.41_1,2023,11,0,0
ITA.8.3.42_1,2023,11,0,0
ITA.8.3.43_1,2023,11,0,0
ITA.8.3.44_1,2023,11,0,0
ITA.8.3.45_1,2023,11,0,0
ITA.8.3.46_1,2023,11,0,0
ITA.8.3.47_1,2023,11,0,0
ITA.8.3.48_1,2023,11,0,0
ITA.8.3.49_1,2023,11,0,0
ITA.8.3.5_1,2023,11,0,0
ITA.8.3.50_1,2023,11,0,0
ITA.8.3.51_1,2023,11,0,0
ITA.8.3.52_1,2023,11,0,0
ITA.8.3.53_1,2023,11,0,0
ITA.8.3.54_1,2023,11,0,0
ITA.8.3.55_1,2023,11,0,0
ITA.8.3.56_1,2023,11,0,0
ITA.8.3.57_1,2023,11,0,0
ITA.8.3.58_1,2023,11,0,0
ITA.8.3.59_1,2023,11,0,0
ITA.8.3.6_1,2023,11,0,0
ITA.8.3.60_1,2023,11,0,0
ITA.8.3.61_1,2023,11,0,0
ITA.8.3.62_1,2023,11,0,0
ITA.8.3.63_1,2023,11,0,0
ITA.8.3.64_1,2023,11,0,0
ITA.8.3.65_1,2023,11,0,0
ITA.8.3.66_1,2023,11,0,0
ITA.8.3.67_1,2023,11,0,0
ITA.8.3.68_1,2023,11,0,0
ITA.8.3.69_1,2023,11,0,0
ITA.8.3.7_1,2023,11,0,0
ITA.8.3.70_1,2023,11,0,0
ITA.8.3.71_1,2023,11,0,0
ITA.8.3.72_1,2023,11,0,0
ITA.8.3.73_1,2023,11,0,0
ITA.8.3.8_1,2023,11,0,0
ITA.8.3.9_1,2023,11,0,0
ITA.8.4.1_1,2023,11,0,0
ITA.8.4.10_1,2023,11,0,0
ITA.8.4.100_1,2023,11,0,0
ITA.8.4.101_1,2023,11,0,0
ITA.8.4.102_1,2023,11,0,0
ITA.8.4.103_1,2023,11,0,0
ITA.8.4.104_1,2023,11,0,0
ITA.8.4.105_1,2023,11,0,0
ITA.8.4.106_1,2023,11,0,0
ITA.8.4.107_1,2023,11,0,0
ITA.8.4.108_1,2023,11,0,0
ITA.8.4.109_1,2023,11,0,0
ITA.8.4.11_1,2023,11,0,0
ITA.8.4.110_1,2023,11,0,0
ITA.8.4.111_1,2023,11,0,0
ITA.8.4.112_1,2023,11,0,0
ITA.8.4.113_1,2023,11,0,0
ITA.8.4.114_1,2023,11,0,0
ITA.8.4.115_1,2023,11,0,0
ITA.8.4.116_1,2023,11,0,0
ITA.8.4.117_1,2023,11,0,0
ITA.8.4.118_1,2023,11,0,0
ITA.8.4.119_1,2023,11,0,0
ITA.8.4.12_1,2023,11,0,0
ITA.8.4.120_1,2023,11,0,0
ITA.8.4.121_1,2023,11,0,0
ITA.8.4.13_1,2023,11,0,0
ITA.8.4.14_1,2023,11,0,0
ITA.8.4.15_1,2023,11,0,0
ITA.8.4.16_1,2023,11,0,0
ITA.8.4.17_1,2023,11,0,0
ITA.8.4.18_1,2023,11,0,0
ITA.8.4.19_1,2023,11,0,0
ITA.8.4.2_1,2023,11,0,0
ITA.8.4.20_1,2023,11,0,0
ITA.8.4.21_1,2023,11,0,0
ITA.8.4.22_1,2023,11,0,0
ITA.8.4.23_1,2023,11,0,0
ITA.8.4.24_1,2023,11,0,0
ITA.8.4.25_1,2023,11,0,0
ITA.8.4.26_1,2023,11,0,0
ITA.8.4.27_1,2023,11,0,0
ITA.8.4.28_1,2023,11,0,0
ITA.8.4.29_1,2023,11,0,0
ITA.8.4.3_1,2023,11,0,0
ITA.8.4.30_1,2023,11,0,0
ITA.8.4.31_1,2023,11,0,0
ITA.8.4.32_1,2023,11,0,0
ITA.8.4.33_1,2023,11,0,0
ITA.8.4.34_1,2023,11,0,0
ITA.8.4.35_1,2023,11,0,0
ITA.8.4.36_1,2023,11,0,0
ITA.8.4.37_1,2023,11,0,0
ITA.8.4.38_1,2023,11,0,0
ITA.8.4.39_1,2023,11,0,0
ITA.8.4.4_1,2023,11,0,0
ITA.8.4.40_1,2023,11,0,0
ITA.8.4.41_1,2023,11,0,0
ITA.8.4.42_1,2023,11,0,0
ITA.8.4.43_1,2023,11,0,0
ITA.8.4.44_1,2023,11,0,0
ITA.8.4.45_1,2023,11,0,0
ITA.8.4.46_1,2023,11,0,0
ITA.8.4.47_1,2023,11,0,0
ITA.8.4.48_1,2023,11,0,0
ITA.8.4.49_1,2023,11,0,0
ITA.8.4.5_1,2023,11,0,0
ITA.8.4.50_1,2023,11,0,0
ITA.8.4.51_1,2023,11,0,0
ITA.8.4.52_1,2023,11,0,0
ITA.8.4.53_1,2023,11,0,0
ITA.8.4.54_1,2023,11,0,0
ITA.8.4.55_1,2023,11,0,0
ITA.8.4.56_1,2023,11,0,0
ITA.8.4.57_1,2023,11,0,0
ITA.8.4.58_1,2023,11,0,0
ITA.8.4.59_1,2023,11,0,0
ITA.8.4.6_1,2023,11,0,0
ITA.8.4.60_1,2023,11,0,0
ITA.8.4.61_1,2023,11,0,0
ITA.8.4.62_1,2023,11,0,0
ITA.8.4.63_1,2023,11,0,0
ITA.8.4.64_1,2023,11,0,0
ITA.8.4.65_1,2023,11,0,0
ITA.8.4.66_1,2023,11,0,0
ITA.8.4.67_1,2023,11,0,0
ITA.8.4.68_1,2023,11,0,0
ITA.8.4.69_1,2023,11,0,0
ITA.8.4.7_1,2023,11,0,0
ITA.8.4.70_1,2023,11,0,0
ITA.8.4.71_1,2023,11,0,0
ITA.8.4.72_1,2023,11,0,0
ITA.8.4.73_1,2023,11,0,0
ITA.8.4.74_1,2023,11,0,0
ITA.8.4.75_1,2023,11,0,0
ITA.8.4.76_1,2023,11,0,0
ITA.8.4.77_1,2023,11,0,0
ITA.8.4.78_1,2023,11,0,0
ITA.8.4.79_1,2023,11,0,0
ITA.8.4.8_1,2023,11,0,0
ITA.8.4.80_1,2023,11,0,0
ITA.8.4.81_1,2023,11,0,0
ITA.8.4.82_1,2023,11,0,0
ITA.8.4.83_1,2023,11,0,0
ITA.8.4.84_1,2023,11,0,0
ITA.8.4.85_1,2023,11,0,0
ITA.8.4.86_1,2023,11,0,0
ITA.8.4.87_1,2023,11,0,0
ITA.8.4.88_1,2023,11,0,0
ITA.8.4.89_1,2023,11,0,0
ITA.8.4.9_1,2023,11,0,0
ITA.8.4.90_1,2023,11,0,0
ITA.8.4.91_1,2023,11,0,0
ITA.8.4.92_1,2023,11,0,0
ITA.8.4.93_1,2023,11,0,0
ITA.8.4.94_1,2023,11,0,0
ITA.8.4.95_1,2023,11,0,0
ITA.8.4.96_1,2023,11,0,0
ITA.8.4.97_1,2023,11,0,0
ITA.8.4.98_1,2023,11,0,0
ITA.8.4.99_1,2023,11,0,0
ITA.8.5.1_1,2023,11,0,0
ITA.8.5.10_1,2023,11,0,0
ITA.8.5.11_1,2023,11,0,0
ITA.8.5.12_1,2023,11,0,0
ITA.8.5.13_1,2023,11,0,0
ITA.8.5.14_1,2023,11,0,0
ITA.8.5.15_1,2023,11,0,0
ITA.8.5.16_1,2023,11,0,0
ITA.8.5.17_1,2023,11,0,0
ITA.8.5.18_1,2023,11,0,0
ITA.8.5.19_1,2023,11,0,0
ITA.8.5.2_1,2023,11,0,0
ITA.8.5.20_1,2023,11,0,0
ITA.8.5.21_1,2023,11,0,0
ITA.8.5.22_1,2023,11,0,0
ITA.8.5.23_1,2023,11,0,0
ITA.8.5.24_1,2023,11,0,0
ITA.8.5.25_1,2023,11,0,0
ITA.8.5.26_1,2023,11,0,0
ITA.8.5.27_1,2023,11,0,0
ITA.8.5.28_1,2023,11,0,0
ITA.8.5.29_1,2023,11,0,0
ITA.8.5.3_1,2023,11,0,0
ITA.8.5.30_1,2023,11,0,0
ITA.8.5.31_1,2023,11,0,0
ITA.8.5.32_1,2023,11,0,0
ITA.8.5.33_1,2023,11,0,0
ITA.8.5.34_1,2023,11,0,0
ITA.8.5.35_1,2023,11,0,0
ITA.8.5.36_1,2023,11,0,0
ITA.8.5.37_1,2023,11,0,0
ITA.8.5.38_1,2023,11,0,0
ITA.8.5.39_1,2023,11,0,0
ITA.8.5.4_1,2023,11,0,0
ITA.8.5.40_1,2023,11,0,0
ITA.8.5.41_1,2023,11,0,0
ITA.8.5.42_1,2023,11,0,0
ITA.8.5.43_1,2023,11,0,0
ITA.8.5.44_1,2023,11,0,0
ITA.8.5.45_1,2023,11,0,0
ITA.8.5.46_1,2023,11,0,0
ITA.8.5.47_1,2023,11,0,0
ITA.8.5.48_1,2023,11,0,0
ITA.8.5.49_1,2023,11,0,0
ITA.8.5.5_1,2023,11,0,0
ITA.8.5.50_1,2023,11,0,0
ITA.8.5.51_1,2023,11,0,0
ITA.8.5.52_1,2023,11,0,0
ITA.8.5.53_1,2023,11,0,0
ITA.8.5.54_1,2023,11,0,0
ITA.8.5.55_1,2023,11,0,0
ITA.8.5.56_1,2023,11,0,0
ITA.8.5.57_1,2023,11,0,0
ITA.8.5.58_1,2023,11,0,0
ITA.8.5.59_1,2023,11,0,0
ITA.8.5.6_1,2023,11,0,0
ITA.8.5.60_1,2023,11,0,0
ITA.8.5.7_1,2023,11,0,0
ITA.8.5.8_1,2023,11,0,0
ITA.8.5.9_1,2023,11,0,0
ITA.9.1.1_1,2023,11,0,0
ITA.9.1.10_1,2023,11,0,0
ITA.9.1.11_1,2023,11,0,0
ITA.9.1.12_1,2023,11,0,0
ITA.9.1.13_1,2023,11,0,0
ITA.9.1.14_1,2023,11,0,0
ITA.9.1.15_1,2023,11,0,0
ITA.9.1.16_1,2023,11,0,0
ITA.9.1.17_1,2023,11,0,0
ITA.9.1.18_1,2023,11,0,0
ITA.9.1.19_1,2023,11,0,0
ITA.9.1.2_1,2023,11,0,0
ITA.9.1.20_1,2023,11,0,0
ITA.9.1.21_1,2023,11,0,0
ITA.9.1.22_1,2023,11,0,0
ITA.9.1.23_1,2023,11,0,0
ITA.9.1.24_1,2023,11,0,0
ITA.9.1.25_1,2023,11,0,0
ITA.9.1.26_1,2023,11,0,0
ITA.9.1.27_1,2023,11,0,0
ITA.9.1.28_1,2023,11,0,0
ITA.9.1.29_1,2023,11,0,0
ITA.9.1.3_1,2023,11,0,0
ITA.9.1.30_1,2023,11,0,0
ITA.9.1.31_1,2023,11,0,0
ITA.9.1.32_1,2023,11,0,0
ITA.9.1.33_1,2023,11,0,0
ITA.9.1.34_1,2023,11,0,0
ITA.9.1.35_1,2023,11,0,0
ITA.9.1.36_1,2023,11,0,0
ITA.9.1.37_1,2023,11,0,0
ITA.9.1.38_1,2023,11,0,0
ITA.9.1.39_1,2023,11,0,0
ITA.9.1.4_1,2023,11,0,0
ITA.9.1.40_1,2023,11,0,0
ITA.9.1.41_1,2023,11,0,0
ITA.9.1.42_1,2023,11,0,0
ITA.9.1.43_1,2023,11,0,0
ITA.9.1.45_1,2023,11,0,0
ITA.9.1.46_1,2023,11,0,0
ITA.9.1.47_1,2023,11,0,0
ITA.9.1.48_1,2023,11,0,0
ITA.9.1.49_1,2023,11,0,0
ITA.9.1.5_1,2023,11,0,0
ITA.9.1.50_1,2023,11,0,0
ITA.9.1.51_1,2023,11,0,0
ITA.9.1.52_1,2023,11,0,0
ITA.9.1.53_1,2023,11,0,0
ITA.9.1.54_1,2023,11,0,0
ITA.9.1.55_1,2023,11,0,0
ITA.9.1.56_1,2023,11,0,0
ITA.9.1.57_1,2023,11,0,0
ITA.9.1.58_1,2023,11,0,0
ITA.9.1.59_1,2023,11,0,0
ITA.9.1.6_1,2023,11,0,0
ITA.9.1.60_1,2023,11,0,0
ITA.9.1.61_1,2023,11,0,0
ITA.9.1.62_1,2023,11,0,0
ITA.9.1.63_1,2023,11,0,0
ITA.9.1.64_1,2023,11,0,0
ITA.9.1.65_1,2023,11,0,0
ITA.9.1.66_1,2023,11,0,0
ITA.9.1.67_1,2023,11,0,0
ITA.9.1.7_1,2023,11,0,0
ITA.9.1.8_1,2023,11,0,0
ITA.9.1.9_1,2023,11,0,0
ITA.9.2.1_1,2023,11,0,0
ITA.9.2.10_1,2023,11,0,0
ITA.9.2.11_1,2023,11,0,0
ITA.9.2.12_1,2023,11,0,0
ITA.9.2.13_1,2023,11,0,0
ITA.9.2.14_1,2023,11,0,0
ITA.9.2.15_1,2023,11,0,0
ITA.9.2.16_1,2023,11,0,0
ITA.9.2.17_1,2023,11,0,0
ITA.9.2.18_1,2023,11,0,0
ITA.9.2.19_1,2023,11,0,0
ITA.9.2.2_1,2023,11,0,0
ITA.9.2.20_1,2023,11,0,0
ITA.9.2.21_1,2023,11,0,0
ITA.9.2.22_1,2023,11,0,0
ITA.9.2.23_1,2023,11,0,0
ITA.9.2.24_1,2023,11,0,0
ITA.9.2.25_1,2023,11,0,0
ITA.9.2.26_1,2023,11,0,0
ITA.9.2.27_1,2023,11,0,0
ITA.9.2.28_1,2023,11,0,0
ITA.9.2.29_1,2023,11,0,0
ITA.9.2.3_1,2023,11,0,0
ITA.9.2.30_1,2023,11,0,0
ITA.9.2.31_1,2023,11,0,0
ITA.9.2.32_1,2023,11,0,0
ITA.9.2.33_1,2023,11,0,0
ITA.9.2.34_1,2023,11,0,0
ITA.9.2.35_1,2023,11,0,0
ITA.9.2.36_1,2023,11,0,0
ITA.9.2.37_1,2023,11,0,0
ITA.9.2.38_1,2023,11,0,0
ITA.9.2.39_1,2023,11,0,0
ITA.9.2.4_1,2023,11,0,0
ITA.9.2.40_1,2023,11,0,0
ITA.9.2.41_1,2023,11,0,0
ITA.9.2.42_1,2023,11,0,0
ITA.9.2.43_1,2023,11,0,0
ITA.9.2.44_1,2023,11,0,0
ITA.9.2.45_1,2023,11,0,0
ITA.9.2.46_1,2023,11,0,0
ITA.9.2.47_1,2023,11,0,0
ITA.9.2.48_1,2023,11,0,0
ITA.9.2.49_1,2023,11,0,0
ITA.9.2.5_1,2023,11,0,0
ITA.9.2.50_1,2023,11,0,0
ITA.9.2.51_1,2023,11,0,0
ITA.9.2.52_1,2023,11,0,0
ITA.9.2.53_1,2023,11,0,0
ITA.9.2.54_1,2023,11,0,0
ITA.9.2.55_1,2023,11,0,0
ITA.9.2.56_1,2023,11,0,0
ITA.9.2.57_1,2023,11,0,0
ITA.9.2.58_1,2023,11,0,0
ITA.9.2.59_1,2023,11,0,0
ITA.9.2.6_1,2023,11,0,0
ITA.9.2.60_1,2023,11,0,0
ITA.9.2.61_1,2023,11,0,0
ITA.9.2.62_1,2023,11,0,0
ITA.9.2.63_1,2023,11,0,0
ITA.9.2.64_1,2023,11,0,0
ITA.9.2.65_1,2023,11,0,0
ITA.9.2.66_1,2023,11,0,0
ITA.9.2.67_1,2023,11,0,0
ITA.9.2.7_1,2023,11,0,0
ITA.9.2.8_1,2023,11,0,0
ITA.9.2.9_1,2023,11,0,0
ITA.9.3.1_1,2023,11,0,0
ITA.9.3.10_1,2023,11,0,0
ITA.9.3.11_1,2023,11,0,0
ITA.9.3.12_1,2023,11,0,0
ITA.9.3.13_1,2023,11,0,0
ITA.9.3.14_1,2023,11,0,0
ITA.9.3.15_1,2023,11,0,0
ITA.9.3.16_1,2023,11,0,0
ITA.9.3.17_1,2023,11,0,0
ITA.9.3.18_1,2023,11,0,0
ITA.9.3.19_1,2023,11,0,0
ITA.9.3.2_1,2023,11,0,0
ITA.9.3.20_1,2023,11,0,0
ITA.9.3.21_1,2023,11,0,0
ITA.9.3.22_1,2023,11,0,0
ITA.9.3.23_1,2023,11,0,0
ITA.9.3.24_1,2023,11,0,0
ITA.9.3.25_1,2023,11,0,0
ITA.9.3.26_1,2023,11,0,0
ITA.9.3.27_1,2023,11,0,0
ITA.9.3.28_1,2023,11,0,0
ITA.9.3.29_1,2023,11,0,0
ITA.9.3.3_1,2023,11,0,0
ITA.9.3.30_1,2023,11,0,0
ITA.9.3.31_1,2023,11,0,0
ITA.9.3.32_1,2023,11,0,0
ITA.9.3.4_1,2023,11,0,0
ITA.9.3.5_1,2023,11,0,0
ITA.9.3.6_1,2023,11,0,0
ITA.9.3.7_1,2023,11,0,0
ITA.9.3.8_1,2023,11,0,0
ITA.9.3.9_1,2023,11,0,0
ITA.9.4.1_1,2023,11,0,0
ITA.9.4.10_1,2023,11,0,0
ITA.9.4.11_1,2023,11,0,0
ITA.9.4.12_1,2023,11,0,0
ITA.9.4.13_1,2023,11,0,0
ITA.9.4.14_1,2023,11,0,0
ITA.9.4.15_1,2023,11,0,0
ITA.9.4.16_1,2023,11,0,0
ITA.9.4.17_1,2023,11,0,0
ITA.9.4.18_1,2023,11,0,0
ITA.9.4.19_1,2023,11,0,0
ITA.9.4.2_1,2023,11,0,0
ITA.9.4.20_1,2023,11,0,0
ITA.9.4.21_1,2023,11,0,0
ITA.9.4.22_1,2023,11,0,0
ITA.9.4.23_1,2023,11,0,0
ITA.9.4.24_1,2023,11,0,0
ITA.9.4.25_1,2023,11,0,0
ITA.9.4.26_1,2023,11,0,0
ITA.9.4.27_1,2023,11,0,0
ITA.9.4.28_1,2023,11,0,0
ITA.9.4.29_1,2023,11,0,0
ITA.9.4.3_1,2023,11,0,0
ITA.9.4.30_1,2023,11,0,0
ITA.9.4.31_1,2023,11,0,0
ITA.9.4.32_1,2023,11,0,0
ITA.9.4.33_1,2023,11,0,0
ITA.9.4.34_1,2023,11,0,0
ITA.9.4.35_1,2023,11,0,0
ITA.9.4.36_1,2023,11,0,0
ITA.9.4.37_1,2023,11,0,0
ITA.9.4.38_1,2023,11,0,0
ITA.9.4.39_1,2023,11,0,0
ITA.9.4.4_1,2023,11,0,0
ITA.9.4.40_1,2023,11,0,0
ITA.9.4.41_1,2023,11,0,0
ITA.9.4.42_1,2023,11,0,0
ITA.9.4.43_1,2023,11,0,0
ITA.9.4.44_1,2023,11,0,0
ITA.9.4.45_1,2023,11,0,0
ITA.9.4.46_1,2023,11,0,0
ITA.9.4.47_1,2023,11,0,0
ITA.9.4.48_1,2023,11,0,0
ITA.9.4.49_1,2023,11,0,0
ITA.9.4.5_1,2023,11,0,0
ITA.9.4.50_1,2023,11,0,0
ITA.9.4.51_1,2023,11,0,0
ITA.9.4.52_1,2023,11,0,0
ITA.9.4.53_1,2023,11,0,0
ITA.9.4.54_1,2023,11,0,0
ITA.9.4.55_1,2023,11,0,0
ITA.9.4.56_1,2023,11,0,0
ITA.9.4.57_1,2023,11,0,0
ITA.9.4.58_1,2023,11,0,0
ITA.9.4.59_1,2023,11,0,0
ITA.9.4.6_1,2023,11,0,0
ITA.9.4.60_1,2023,11,0,0
ITA.9.4.61_1,2023,11,0,0
ITA.9.4.62_1,2023,11,0,0
ITA.9.4.63_1,2023,11,0,0
ITA.9.4.64_1,2023,11,0,0
ITA.9.4.65_1,2023,11,0,0
ITA.9.4.66_1,2023,11,0,0
ITA.9.4.67_1,2023,11,0,0
ITA.9.4.68_1,2023,11,0,0
ITA.9.4.69_1,2023,11,0,0
ITA.9.4.7_1,2023,11,0,0
ITA.9.4.8_1,2023,11,0,0
ITA.9.4.9_1,2023,11,0,0
JEY.10_1,2023,11,0,0
JEY.12_1,2023,11,0,0
JEY.9_1,2023,11,0,0
LIE.10_1,2023,11,0,0
LIE.7_1,2023,11,0,0
LIE.9_1,2023,11,0,0
LUX.1.1.1.1_1,2023,11,0,0
LUX.1.1.3.1_1,2023,11,0,0
LUX.1.1.6.1_1,2023,11,0,0
LUX.1.1.7.1_1,2023,11,0,0
LUX.1.1.8.1_1,2023,11,0,0
LUX.1.1.9.1_1,2023,11,0,0
LUX.1.2.1.1_1,2023,11,0,0
LUX.1.2.10.1_1,2023,11,0,0
LUX.1.2.11.1_1,2023,11,0,0
LUX.1.2.12.1_1,2023,11,0,0
LUX.1.2.13.1_1,2023,11,0,0
LUX.1.2.2.1_1,2023,11,0,0
LUX.1.2.3.1_1,2023,11,0,0
LUX.1.2.5.1_1,2023,11,0,0
LUX.1.2.6.1_1,2023,11,0,0
LUX.1.2.7.1_1,2023,11,0,0
LUX.1.3.1.1_1,2023,11,0,0
LUX.1.3.10.1_1,2023,11,0,0
LUX.1.3.2.1_1,2023,11,0,0
LUX.1.3.3.1_1,2023,11,0,0
LUX.1.3.4.1_1,2023,11,0,0
LUX.1.3.5.1_1,2023,11,0,0
LUX.1.3.6.1_1,2023,11,0,0
LUX.1.3.7.1_1,2023,11,0,0
LUX.1.3.8.1_1,2023,11,0,0
LUX.1.3.9.1_1,2023,11,0,0
LUX.1.4.1.1_1,2023,11,0,0
LUX.1.4.2.1_1,2023,11,0,0
LUX.1.4.3.1_1,2023,11,0,0
LUX.1.5.1.1_1,2023,11,0,0
LUX.1.5.10.1_1,2023,11,0,0
LUX.1.5.2.1_1,2023,11,0,0
LUX.1.5.4.1_1,2023,11,0,0
LUX.1.5.6.1_1,2023,11,0,0
LUX.1.5.7.1_1,2023,11,0,0
LUX.1.5.9.1_1,2023,11,0,0
LUX.2.1.1.1_1,2023,11,0,0
LUX.2.1.2.1_1,2023,11,0,0
LUX.2.1.3.1_1,2023,11,0,0
LUX.2.1.4.1_1,2023,11,0,0
LUX.2.1.5.1_1,2023,11,0,0
LUX.2.1.8.1_1,2023,11,0,0
LUX.2.1.9.1_1,2023,11,0,0
LUX.2.2.1.1_1,2023,11,0,0
LUX.2.2.2.1_1,2023,11,0,0
LUX.2.2.3.1_1,2023,11,0,0
LUX.2.2.4.1_1,2023,11,0,0
LUX.2.2.5.1_1,2023,11,0,0
LUX.2.2.6.1_1,2023,11,0,0
LUX.2.2.7.1_1,2023,11,0,0
LUX.2.2.8.1_1,2023,11,0,0
LUX.2.3.1.1_1,2023,11,0,0
LUX.2.3.3.1_1,2023,11,0,0
LUX.2.3.4.1_1,2023,11,0,0
LUX.2.3.5.1_1,2023,11,0,0
LUX.2.3.6.1_1,2023,11,0,0
LUX.2.3.7.1_1,2023,11,0,0
LUX.2.3.8.1_1,2023,11,0,0
LUX.2.3.9.1_1,2023,11,0,0
LUX.3.1.11.1_1,2023,11,0,0
LUX.3.1.12.1_1,2023,11,0,0
LUX.3.1.3.1_1,2023,11,0,0
LUX.3.1.4.1_1,2023,11,0,0
LUX.3.1.6.1_1,2023,11,0,0
LUX.3.1.7.1_1,2023,11,0,0
LUX.3.1.8.1_1,2023,11,0,0
LUX.3.1.9.1_1,2023,11,0,0
LUX.3.2.1.1_1,2023,11,0,0
LUX.3.2.10.1_1,2023,11,0,0
LUX.3.2.11.1_1,2023,11,0,0
LUX.3.2.12.1_1,2023,11,0,0
LUX.3.2.13.1_1,2023,11,0,0
LUX.3.2.14.1_1,2023,11,0,0
LUX.3.2.2.1_1,2023,11,0,0
LUX.3.2.3.1_1,2023,11,0,0
LUX.3.2.4.1_1,2023,11,0,0
LUX.3.2.5.1_1,2023,11,0,0
LUX.3.2.6.1_1,2023,11,0,0
LUX.3.2.7.1_1,2023,11,0,0
LUX.3.2.8.1_1,2023,11,0,0
LUX.3.2.9.1_1,2023,11,0,0
LUX.3.3.1.1_1,2023,11,0,0
LUX.3.3.10.1_1,2023,11,0,0
LUX.3.3.11.1_1,2023,11,0,0
LUX.3.3.2.1_1,2023,11,0,0
LUX.3.3.3.1_1,2023,11,0,0
LUX.3.3.4.1_1,2023,11,0,0
LUX.3.3.4.10_1,2023,11,0,0
LUX.3.3.4.11_1,2023,11,0,0
LUX.3.3.4.12_1,2023,11,0,0
LUX.3.3.4.13_1,2023,11,0,0
LUX.3.3.4.14_1,2023,11,0,0
LUX.3.3.4.15_1,2023,11,0,0
LUX.3.3.4.16_1,2023,11,0,0
LUX.3.3.4.17_1,2023,11,0,0
LUX.3.3.4.18_1,2023,11,0,0
LUX.3.3.4.19_1,2023,11,0,0
LUX.3.3.4.2_1,2023,11,0,0
LUX.3.3.4.20_1,2023,11,0,0
LUX.3.3.4.21_1,2023,11,0,0
LUX.3.3.4.22_1,2023,11,0,0
LUX.3.3.4.23_1,2023,11,0,0
LUX.3.3.4.24_1,2023,11,0,0
LUX.3.3.4.3_1,2023,11,0,0
LUX.3.3.4.4_1,2023,11,0,0
LUX.3.3.4.5_1,2023,11,0,0
LUX.3.3.4.6_1,2023,11,0,0
LUX.3.3.4.7_1,2023,11,0,0
LUX.3.3.4.8_1,2023,11,0,0
LUX.3.3.4.9_1,2023,11,0,0
LUX.3.3.5.1_1,2023,11,0,0
LUX.3.3.6.1_1,2023,11,0,0
LUX.3.3.7.1_1,2023,11,0,0
LUX.3.3.8.1_1,2023,11,0,0
LUX.3.3.9.1_1,2023,11,0,0
LUX.3.4.1.1_1,2023,11,0,0
LUX.3.4.10.1_1,2023,11,0,0
LUX.3.4.12.1_1,2023,11,0,0
LUX.3.4.3.1_1,2023,11,0,0
LUX.3.4.4.1_1,2023,11,0,0
LUX.3.4.5.1_1,2023,11,0,0
LUX.3.4.6.1_1,2023,11,0,0
LUX.3.4.7.1_1,2023,11,0,0
LUX.3.4.8.1_1,2023,11,0,0
LUX.3.4.9.1_1,2023,11,0,0
MDA.1_1,2023,11,0,0
MDA.10_1,2023,11,0,0
MDA.11_1,2023,11,0,0
MDA.12_1,2023,11,0,0
MDA.13_1,2023,11,0,0
MDA.14_1,2023,11,0,0
MDA.15_1,2023,11,0,0
MDA.16_1,2023,11,0,0
MDA.17_1,2023,11,0,0
MDA.18_1,2023,11,0,0
MDA.19_1,2023,11,0,0
MDA.2_1,2023,11,0,0
MDA.20_1,2023,11,0,0
MDA.21_1,2023,11,0,0
MDA.22_1,2023,11,0,0
MDA.23_1,2023,11,0,0
MDA.24_1,2023,11,0,0
MDA.25_1,2023,11,0,0
MDA.26_1,2023,11,0,0
MDA.27_1,2023,11,0,0
MDA.28_1,2023,11,0,0
MDA.29_1,2023,11,0,0
MDA.3_1,2023,11,0,0
MDA.30_1,2023,11,0,0
MDA.31_1,2023,11,0,0
MDA.32_1,2023,11,0,0
MDA.33_1,2023,11,0,0
MDA.34_1,2023,11,0,0
MDA.35_1,2023,11,0,0
MDA.36_1,2023,11,0,0
MDA.37_1,2023,11,0,0
MDA.4_1,2023,11,0,0
MDA.5_1,2023,11,0,0
MDA.6_1,2023,11,0,0
MDA.7_1,2023,11,0,0
MDA.8_1,2023,11,0,0
MDA.9_1,2023,11,0,0
MKD.11_1,2023,11,0,0
MKD.13_1,2023,11,0,0
MKD.14_1,2023,11,0,0
MKD.15_1,2023,11,0,0
MKD.16_1,2023,11,0,0
MKD.17_1,2023,11,0,0
MKD.18_1,2023,11,0,0
MKD.19_1,2023,11,0,0
MKD.2_1,2023,11,0,0
MKD.20_1,2023,11,0,0
MKD.21_1,2023,11,0,0
MKD.23_1,2023,11,0,0
MKD.24_1,2023,11,0,0
MKD.25_1,2023,11,0,0
MKD.26_1,2023,11,0,0
MKD.27_1,2023,11,0,0
MKD.28_1,2023,11,0,0
MKD.29_1,2023,11,0,0
MKD.3_1,2023,11,0,0
MKD.30_1,2023,11,0,0
MKD.31_1,2023,11,0,0
MKD.32_1,2023,11,0,0
MKD.33_1,2023,11,0,0
MKD.35_1,2023,11,0,0
MKD.36_1,2023,11,0,0
MKD.37_1,2023,11,0,0
MKD.38_1,2023,11,0,0
MKD.39_1,2023,11,0,0
MKD.4_1,2023,11,0,0
MKD.40_1,2023,11,0,0
MKD.41_1,2023,11,0,0
MKD.42_1,2023,11,0,0
MKD.43_1,2023,11,0,0
MKD.44_1,2023,11,0,0
MKD.45_1,2023,11,0,0
MKD.46_1,2023,11,0,0
MKD.47_1,2023,11,0,0
MKD.48_1,2023,11,0,0
MKD.49_1,2023,11,0,0
MKD.5_1,2023,11,0,0
MKD.50_1,2023,11,0,0
MKD.51_1,2023,11,0,0
MKD.52_1,2023,11,0,0
MKD.54_1,2023,11,0,0
MKD.55_1,2023,11,0,0
MKD.56_1,2023,11,0,0
MKD.57_1,2023,11,0,0
MKD.58_1,2023,11,0,0
MKD.59_1,2023,11,0,0
MKD.6_1,2023,11,0,0
MKD.60_1,2023,11,0,0
MKD.61_1,2023,11,0,0
MKD.62_1,2023,11,0,0
MKD.63_1,2023,11,0,0
MKD.64_1,2023,11,0,0
MKD.65_1,2023,11,0,0
MKD.66_1,2023,11,0,0
MKD.67_1,2023,11,0,0
MKD.68_1,2023,11,0,0
MKD.69_1,2023,11,0,0
MKD.7_1,2023,11,0,0
MKD.70_1,2023,11,0,0
MKD.72_1,2023,11,0,0
MKD.73_1,2023,11,0,0
MKD.74_1,2023,11,0,0
MKD.75_1,2023,11,0,0
MKD.76_1,2023,11,0,0
MKD.77_1,2023,11,0,0
MKD.79_1,2023,11,0,0
MKD.8_1,2023,11,0,0
MKD.81_1,2023,11,0,0
MKD.83_1,2023,11,0,0
MKD.84_1,2023,11,0,0
MKD.85_1,2023,11,0,0
MKD.9_1,2023,11,0,0
MLT.1_1,2023,11,0,0
MLT.2_1,2023,11,0,0
MLT.2.10_1,2023,11,0,0
MLT.2.14_1,2023,11,0,0
MLT.2.5_1,2023,11,0,0
MLT.2.6_1,2023,11,0,0
MLT.2.7_1,2023,11,0,0
MLT.2.9_1,2023,11,0,0
MLT.3.1_1,2023,11,0,0
MLT.3.10_1,2023,11,0,0
MLT.3.11_1,2023,11,0,0
MLT.3.12_1,2023,11,0,0
MLT.3.3_1,2023,11,0,0
MLT.3.5_1,2023,11,0,0
MLT.3.6_1,2023,11,0,0
MLT.3.9_1,2023,11,0,0
MLT.4_1,2023,11,0,0
MLT.4.10_1,2023,11,0,0
MLT.4.12_1,2023,11,0,0
MLT.4.2_1,2023,11,0,0
MLT.4.3_1,2023,11,0,0
MLT.4.4_1,2023,11,0,0
MLT.4.5_1,2023,11,0,0
MLT.4.9_1,2023,11,0,0
MLT.5_1,2023,11,0,0
MLT.5.11_1,2023,11,0,0
MLT.5.14_1,2023,11,0,0
MLT.5.4_1,2023,11,0,0
MLT.5.9_1,2023,11,0,0
MNE.1_1,2023,11,0,0
MNE.10_1,2023,11,0,0
MNE.11_1,2023,11,0,0
MNE.12_1,2023,11,0,0
MNE.13_1,2023,11,0,0
MNE.14_1,2023,11,0,0
MNE.15_1,2023,11,0,0
MNE.16_1,2023,11,0,0
MNE.17_1,2023,11,0,0
MNE.18_1,2023,11,0,0
MNE.19_1,2023,11,0,0
MNE.2_1,2023,11,0,0
MNE.20_1,2023,11,0,0
MNE.21_1,2023,11,0,0
MNE.3_1,2023,11,0,0
MNE.4_1,2023,11,0,0
MNE.5_1,2023,11,0,0
MNE.6_1,2023,11,0,0
MNE.7_1,2023,11,0,0
MNE.8_1,2023,11,0,0
MNE.9_1,2023,11,0,0
NLD.1.4_1,2023,11,0,0
NLD.1.5_1,2023,11,0,0
NLD.1.6_1,2023,11,0,0
NLD.1.8_1,2023,11,0,0
NLD.10.1_1,2023,11,0,0
NLD.10.10_1,2023,11,0,0
NLD.10.11_1,2023,11,0,0
NLD.10.12_1,2023,11,0,0
NLD.10.13_1,2023,11,0,0
NLD.10.14_1,2023,11,0,0
NLD.10.15_1,2023,11,0,0
NLD.10.16_1,2023,11,0,0
NLD.10.17_1,2023,11,0,0
NLD.10.18_1,2023,11,0,0
NLD.10.19_1,2023,11,0,0
NLD.10.20_1,2023,11,0,0
NLD.10.21_1,2023,11,0,0
NLD.10.22_1,2023,11,0,0
NLD.10.23_1,2023,11,0,0
NLD.10.24_1,2023,11,0,0
NLD.10.25_1,2023,11,0,0
NLD.10.26_1,2023,11,0,0
NLD.10.3_1,2023,11,0,0
NLD.10.4_1,2023,11,0,0
NLD.10.5_2,2023,11,0,0
NLD.10.6_1,2023,11,0,0
NLD.10.7_1,2023,11,0,0
NLD.10.8_1,2023,11,0,0
NLD.10.9_1,2023,11,0,0
NLD.11.13_1,2023,11,0,0
NLD.11.14_1,2023,11,0,0
NLD.11.16_1,2023,11,0,0
NLD.11.18_1,2023,11,0,0
NLD.11.21_1,2023,11,0,0
NLD.11.22_1,2023,11,0,0
NLD.11.23_1,2023,11,0,0
NLD.11.24_1,2023,11,0,0
NLD.11.25_1,2023,11,0,0
NLD.11.26_1,2023,11,0,0
NLD.11.27_1,2023,11,0,0
NLD.11.28_1,2023,11,0,0
NLD.11.3_1,2023,11,0,0
NLD.11.30_1,2023,11,0,0
NLD.11.31_1,2023,11,0,0
NLD.11.32_1,2023,11,0,0
NLD.11.33_1,2023,11,0,0
NLD.11.36_1,2023,11,0,0
NLD.11.37_1,2023,11,0,0
NLD.11.4_1,2023,11,0,0
NLD.11.6_1,2023,11,0,0
NLD.11.7_1,2023,11,0,0
NLD.11.8_1,2023,11,0,0
NLD.12.1_1,2023,11,0,0
NLD.12.10_1,2023,11,0,0
NLD.12.12_1,2023,11,0,0
NLD.12.13_1,2023,11,0,0
NLD.12.2_1,2023,11,0,0
NLD.12.3_1,2023,11,0,0
NLD.12.4_1,2023,11,0,0
NLD.12.5_1,2023,11,0,0
NLD.12.6_1,2023,11,0,0
NLD.12.8_1,2023,11,0,0
NLD.12.9_1,2023,11,0,0
NLD.14.100_1,2023,11,0,0
NLD.14.102_1,2023,11,0,0
NLD.14.2_1,2023,11,0,0
NLD.14.26_1,2023,11,0,0
NLD.14.27_1,2023,11,0,0
NLD.14.29_1,2023,11,0,0
NLD.14.34_2,2023,11,0,0
NLD.14.38_1,2023,11,0,0
NLD.14.39_1,2023,11,0,0
NLD.14.4_1,2023,11,0,0
NLD.14.40_1,2023,11,0,0
NLD.14.43_1,2023,11,0,0
NLD.14.54_2,2023,11,0,0
NLD.14.56_1,2023,11,0,0
NLD.14.60_1,2023,11,0,0
NLD.14.66_1,2023,11,0,0
NLD.14.7_2,2023,11,0,0
NLD.14.73_1,2023,11,0,0
NLD.14.81_1,2023,11,0,0
NLD.14.84_1,2023,11,0,0
NLD.14.90_1,2023,11,0,0
NLD.14.93_1,2023,11,0,0
NLD.2.2_1,2023,11,0,0
NLD.2.4_1,2023,11,0,0
NLD.2.5_1,2023,11,0,0
NLD.2.6_1,2023,11,0,0
NLD.3.1_1,2023,11,0,0
NLD.3.10_1,2023,11,0,0
NLD.3.11_2,2023,11,0,0
NLD.3.14_2,2023,11,0,0
NLD.3.2_1,2023,11,0,0
NLD.3.24_1,2023,11,0,0
NLD.3.26_1,2023,11,0,0
NLD.3.27_1,2023,11,0,0
NLD.3.29_1,2023,11,0,0
NLD.3.32_1,2023,11,0,0
NLD.3.33_1,2023,11,0,0
NLD.3.34_1,2023,11,0,0
NLD.3.35_1,2023,11,0,0
NLD.3.5_1,2023,11,0,0
NLD.4.10_1,2023,11,0,0
NLD.4.11_1,2023,11,0,0
NLD.4.15_2,2023,11,0,0
NLD.4.18_1,2023,11,0,0
NLD.4.20_1,2023,11,0,0
NLD.4.21_1,2023,11,0,0
NLD.4.22_1,2023,11,0,0
NLD.4.28_1,2023,11,0,0
NLD.4.29_1,2023,11,0,0
NLD.4.3_1,2023,11,0,0
NLD.4.30_1,2023,11,0,0
NLD.4.38_2,2023,11,0,0
NLD.4.39_1,2023,11,0,0
NLD.4.43_1,2023,11,0,0
NLD.4.45_1,2023,11,0,0
NLD.4.46_1,2023,11,0,0
NLD.4.48_1,2023,11,0,0
NLD.4.5_1,2023,11,0,0
NLD.4.54_1,2023,11,0,0
NLD.4.56_1,2023,11,0,0
NLD.4.58_1,2023,11,0,0
NLD.4.66_1,2023,11,0,0
NLD.4.68_1,2023,11,0,0
NLD.4.71_2,2023,11,0,0
NLD.4.72_1,2023,11,0,0
NLD.4.74_1,2023,11,0,0
NLD.4.77_1,2023,11,0,0
NLD.4.78_1,2023,11,0,0
NLD.4.79_1,2023,11,0,0
NLD.4.9_1,2023,11,0,0
NLD.5.15_1,2023,11,0,0
NLD.5.19_1,2023,11,0,0
NLD.5.21_1,2023,11,0,0
NLD.5.26_1,2023,11,0,0
NLD.5.27_1,2023,11,0,0
NLD.5.28_1,2023,11,0,0
NLD.5.29_1,2023,11,0,0
NLD.5.31_1,2023,11,0,0
NLD.7.10_1,2023,11,0,0
NLD.7.13_1,2023,11,0,0
NLD.7.16_2,2023,11,0,0
NLD.7.18_1,2023,11,0,0
NLD.7.20_1,2023,11,0,0
NLD.7.23_1,2023,11,0,0
NLD.7.26_1,2023,11,0,0
NLD.7.29_1,2023,11,0,0
NLD.7.3_1,2023,11,0,0
NLD.7.32_2,2023,11,0,0
NLD.7.33_2,2023,11,0,0
NLD.7.37_1,2023,11,0,0
NLD.7.38_1,2023,11,0,0
NLD.7.39_1,2023,11,0,0
NLD.7.4_1,2023,11,0,0
NLD.7.42_1,2023,11,0,0
NLD.7.43_1,2023,11,0,0
NLD.7.44_2,2023,11,0,0
NLD.7.45_1,2023,11,0,0
NLD.7.46_1,2023,11,0,0
NLD.7.47_1,2023,11,0,0
NLD.7.48_1,2023,11,0,0
NLD.7.49_1,2023,11,0,0
NLD.7.5_1,2023,11,0,0
NLD.7.50_1,2023,11,0,0
NLD.7.51_1,2023,11,0,0
NLD.7.52_1,2023,11,0,0
NLD.7.6_1,2023,11,0,0
NLD.7.7_1,2023,11,0,0
NLD.7.9_1,2023,11,0,0
NLD.8.1_1,2023,11,0,0
NLD.8.10_1,2023,11,0,0
NLD.8.11_1,2023,11,0,0
NLD.8.12_1,2023,11,0,0
NLD.8.13_1,2023,11,0,0
NLD.8.15_1,2023,11,0,0
NLD.8.17_1,2023,11,0,0
NLD.8.18_1,2023,11,0,0
NLD.8.20_1,2023,11,0,0
NLD.8.21_1,2023,11,0,0
NLD.8.25_1,2023,11,0,0
NLD.8.26_1,2023,11,0,0
NLD.8.27_1,2023,11,0,0
NLD.8.28_1,2023,11,0,0
NLD.8.31_1,2023,11,0,0
NLD.8.32_1,2023,11,0,0
NLD.8.33_1,2023,11,0,0
NLD.8.34_1,2023,11,0,0
NLD.8.35_1,2023,11,0,0
NLD.8.36_1,2023,11,0,0
NLD.8.38_1,2023,11,0,0
NLD.8.4_1,2023,11,0,0
NLD.8.41_1,2023,11,0,0
NLD.8.43_1,2023,11,0,0
NLD.8.44_1,2023,11,0,0
NLD.8.45_1,2023,11,0,0
NLD.8.48_1,2023,11,0,0
NLD.8.5_1,2023,11,0,0
NLD.8.52_1,2023,11,0,0
NLD.8.54_1,2023,11,0,0
NLD.8.55_1,2023,11,0,0
NLD.8.56_1,2023,11,0,0
NLD.8.58_1,2023,11,0,0
NLD.8.59_1,2023,11,0,0
NLD.8.6_1,2023,11,0,0
NLD.8.60_1,2023,11,0,0
NLD.8.62_1,2023,11,0,0
NLD.8.63_2,2023,11,0,0
NLD.8.64_1,2023,11,0,0
NLD.8.65_1,2023,11,0,0
NLD.8.71_1,2023,11,0,0
NLD.8.72_1,2023,11,0,0
NLD.8.8_1,2023,11,0,0
NLD.8.9_1,2023,11,0,0
POL.1.12.1_1,2023,11,0,0
POL.1.12.7_1,2023,11,0,0
POL.1.14.4_1,2023,11,0,0
POL.1.23.5_1,2023,11,0,0
POL.1.28.1_1,2023,11,0,0
POL.1.28.2_1,2023,11,0,0
POL.1.28.3_1,2023,11,0,0
POL.1.28.6_1,2023,11,0,0
POL.1.28.7_1,2023,11,0,0
POL.1.7.3_1,2023,11,0,0
POL.1.7.6_1,2023,11,0,0
POL.1.7.7_1,2023,11,0,0
POL.1.7.9_1,2023,11,0,0
POL.1.8.3_1,2023,11,0,0
POL.1.9.12_1,2023,11,0,0
POL.1.9.13_1,2023,11,0,0
POL.1.9.2_1,2023,11,0,0
POL.1.9.5_1,2023,11,0,0
POL.1.9.6_1,2023,11,0,0
POL.1.9.7_1,2023,11,0,0
POL.1.9.8_1,2023,11,0,0
POL.10.1.1_1,2023,11,0,0
POL.10.1.2_1,2023,11,0,0
POL.10.1.3_1,2023,11,0,0
POL.10.1.4_1,2023,11,0,0
POL.10.1.5_1,2023,11,0,0
POL.10.1.6_1,2023,11,0,0
POL.10.1.7_1,2023,11,0,0
POL.10.10.1_1,2023,11,0,0
POL.10.10.2_1,2023,11,0,0
POL.10.10.3_1,2023,11,0,0
POL.10.10.4_1,2023,11,0,0
POL.10.10.5_1,2023,11,0,0
POL.10.10.6_1,2023,11,0,0
POL.10.10.7_1,2023,11,0,0
POL.10.11.1_1,2023,11,0,0
POL.10.11.2_1,2023,11,0,0
POL.10.11.3_1,2023,11,0,0
POL.10.11.4_1,2023,11,0,0
POL.10.11.5_1,2023,11,0,0
POL.10.13.1_1,2023,11,0,0
POL.10.13.10_1,2023,11,0,0
POL.10.13.2_1,2023,11,0,0
POL.10.13.3_1,2023,11,0,0
POL.10.13.4_1,2023,11,0,0
POL.10.13.5_1,2023,11,0,0
POL.10.13.6_1,2023,11,0,0
POL.10.13.7_1,2023,11,0,0
POL.10.13.8_1,2023,11,0,0
POL.10.13.9_1,2023,11,0,0
POL.10.14.1_1,2023,11,0,0
POL.10.15.1_1,2023,11,0,0
POL.10.15.2_1,2023,11,0,0
POL.10.15.3_1,2023,11,0,0
POL.10.15.4_1,2023,11,0,0
POL.10.15.5_1,2023,11,0,0
POL.10.15.6_1,2023,11,0,0
POL.10.15.7_1,2023,11,0,0
POL.10.15.8_1,2023,11,0,0
POL.10.15.9_1,2023,11,0,0
POL.10.16.4_1,2023,11,0,0
POL.10.16.7_1,2023,11,0,0
POL.10.2.1_1,2023,11,0,0
POL.10.3.1_1,2023,11,0,0
POL.10.3.10_1,2023,11,0,0
POL.10.3.11_1,2023,11,0,0
POL.10.3.12_1,2023,11,0,0
POL.10.3.13_1,2023,11,0,0
POL.10.3.14_1,2023,11,0,0
POL.10.3.15_1,2023,11,0,0
POL.10.3.2_1,2023,11,0,0
POL.10.3.3_1,2023,11,0,0
POL.10.3.4_1,2023,11,0,0
POL.10.3.5_1,2023,11,0,0
POL.10.3.6_1,2023,11,0,0
POL.10.3.7_1,2023,11,0,0
POL.10.3.8_1,2023,11,0,0
POL.10.3.9_1,2023,11,0,0
POL.10.4.2_1,2023,11,0,0
POL.10.4.8_1,2023,11,0,0
POL.10.5.1_1,2023,11,0,0
POL.10.5.2_1,2023,11,0,0
POL.10.5.3_1,2023,11,0,0
POL.10.5.4_1,2023,11,0,0
POL.10.5.5_1,2023,11,0,0
POL.10.5.6_1,2023,11,0,0
POL.10.6.1_1,2023,11,0,0
POL.10.6.8_1,2023,11,0,0
POL.10.6.9_1,2023,11,0,0
POL.10.7.1_1,2023,11,0,0
POL.10.9.1_1,2023,11,0,0
POL.10.9.6_1,2023,11,0,0
POL.11.1.7_1,2023,11,0,0
POL.11.10.1_1,2023,11,0,0
POL.11.10.4_1,2023,11,0,0
POL.11.10.5_1,2023,11,0,0
POL.11.11.1_1,2023,11,0,0
POL.11.11.2_1,2023,11,0,0
POL.11.11.3_1,2023,11,0,0
POL.11.11.4_1,2023,11,0,0
POL.11.11.5_1,2023,11,0,0
POL.11.11.6_1,2023,11,0,0
POL.11.12.1_1,2023,11,0,0
POL.11.12.2_1,2023,11,0,0
POL.11.12.3_1,2023,11,0,0
POL.11.12.4_1,2023,11,0,0
POL.11.12.5_1,2023,11,0,0
POL.11.13.3_1,2023,11,0,0
POL.11.13.4_1,2023,11,0,0
POL.11.13.5_1,2023,11,0,0
POL.11.13.6_1,2023,11,0,0
POL.11.13.7_1,2023,11,0,0
POL.11.16.1_1,2023,11,0,0
POL.11.17.1_1,2023,11,0,0
POL.11.17.10_1,2023,11,0,0
POL.11.17.11_1,2023,11,0,0
POL.11.17.12_1,2023,11,0,0
POL.11.17.13_1,2023,11,0,0
POL.11.17.2_1,2023,11,0,0
POL.11.17.3_1,2023,11,0,0
POL.11.17.4_1,2023,11,0,0
POL.11.17.5_1,2023,11,0,0
POL.11.17.6_1,2023,11,0,0
POL.11.17.7_1,2023,11,0,0
POL.11.17.8_1,2023,11,0,0
POL.11.17.9_1,2023,11,0,0
POL.11.18.1_1,2023,11,0,0
POL.11.18.2_1,2023,11,0,0
POL.11.18.3_1,2023,11,0,0
POL.11.18.4_1,2023,11,0,0
POL.11.18.5_1,2023,11,0,0
POL.11.19.1_1,2023,11,0,0
POL.11.19.2_1,2023,11,0,0
POL.11.19.3_1,2023,11,0,0
POL.11.19.4_1,2023,11,0,0
POL.11.19.5_1,2023,11,0,0
POL.11.19.6_1,2023,11,0,0
POL.11.2.3_1,2023,11,0,0
POL.11.2.4_1,2023,11,0,0
POL.11.20.1_1,2023,11,0,0
POL.11.20.10_1,2023,11,0,0
POL.11.20.2_1,2023,11,0,0
POL.11.20.3_1,2023,11,0,0
POL.11.20.4_1,2023,11,0,0
POL.11.20.5_1,2023,11,0,0
POL.11.20.6_1,2023,11,0,0
POL.11.20.7_1,2023,11,0,0
POL.11.20.8_1,2023,11,0,0
POL.11.20.9_1,2023,11,0,0
POL.11.3.4_1,2023,11,0,0
POL.11.4.1_1,2023,11,0,0
POL.11.5.1_1,2023,11,0,0
POL.11.5.2_1,2023,11,0,0
POL.11.5.3_1,2023,11,0,0
POL.11.5.4_1,2023,11,0,0
POL.11.5.5_1,2023,11,0,0
POL.11.5.6_1,2023,11,0,0
POL.11.5.7_1,2023,11,0,0
POL.11.5.8_1,2023,11,0,0
POL.11.6.1_1,2023,11,0,0
POL.11.7.1_1,2023,11,0,0
POL.11.7.2_1,2023,11,0,0
POL.11.7.3_1,2023,11,0,0
POL.11.7.4_1,2023,11,0,0
POL.11.7.5_1,2023,11,0,0
POL.11.7.6_1,2023,11,0,0
POL.11.7.7_1,2023,11,0,0
POL.11.7.8_1,2023,11,0,0
POL.11.8.4_1,2023,11,0,0
POL.11.8.5_1,2023,11,0,0
POL.11.8.6_1,2023,11,0,0
POL.11.8.7_1,2023,11,0,0
POL.11.8.8_1,2023,11,0,0
POL.11.9.1_1,2023,11,0,0
POL.11.9.2_1,2023,11,0,0
POL.11.9.3_1,2023,11,0,0
POL.11.9.4_1,2023,11,0,0
POL.11.9.5_1,2023,11,0,0
POL.11.9.6_1,2023,11,0,0
POL.12.36.10_1,2023,11,0,0
POL.12.36.13_1,2023,11,0,0
POL.12.36.3_1,2023,11,0,0
POL.14.1.1_1,2023,11,0,0
POL.14.1.2_1,2023,11,0,0
POL.14.1.3_1,2023,11,0,0
POL.14.1.4_1,2023,11,0,0
POL.14.1.5_1,2023,11,0,0
POL.14.1.6_1,2023,11,0,0
POL.14.10.1_1,2023,11,0,0
POL.14.10.2_1,2023,11,0,0
POL.14.10.3_1,2023,11,0,0
POL.14.10.4_1,2023,11,0,0
POL.14.10.5_1,2023,11,0,0
POL.14.10.6_1,2023,11,0,0
POL.14.11.1_1,2023,11,0,0
POL.14.11.2_1,2023,11,0,0
POL.14.11.3_1,2023,11,0,0
POL.14.11.4_1,2023,11,0,0
POL.14.11.5_1,2023,11,0,0
POL.14.12.1_1,2023,11,0,0
POL.14.12.2_1,2023,11,0,0
POL.14.12.3_1,2023,11,0,0
POL.14.12.4_1,2023,11,0,0
POL.14.12.5_1,2023,11,0,0
POL.14.13.1_1,2023,11,0,0
POL.14.13.2_1,2023,11,0,0
POL.14.13.3_1,2023,11,0,0
POL.14.13.4_1,2023,11,0,0
POL.14.14.1_1,2023,11,0,0
POL.14.14.3_1,2023,11,0,0
POL.14.15.2_1,2023,11,0,0
POL.14.15.4_1,2023,11,0,0
POL.14.16.1_1,2023,11,0,0
POL.14.17.1_1,2023,11,0,0
POL.14.17.10_1,2023,11,0,0
POL.14.17.11_1,2023,11,0,0
POL.14.17.12_1,2023,11,0,0
POL.14.17.2_1,2023,11,0,0
POL.14.17.3_1,2023,11,0,0
POL.14.17.4_1,2023,11,0,0
POL.14.17.5_1,2023,11,0,0
POL.14.17.6_1,2023,11,0,0
POL.14.17.7_1,2023,11,0,0
POL.14.17.8_1,2023,11,0,0
POL.14.17.9_1,2023,11,0,0
POL.14.18.1_1,2023,11,0,0
POL.14.18.2_1,2023,11,0,0
POL.14.18.3_1,2023,11,0,0
POL.14.18.5_1,2023,11,0,0
POL.14.19.1_1,2023,11,0,0
POL.14.19.2_1,2023,11,0,0
POL.14.19.3_1,2023,11,0,0
POL.14.19.4_1,2023,11,0,0
POL.14.2.4_1,2023,11,0,0
POL.14.2.5_1,2023,11,0,0
POL.14.20.1_1,2023,11,0,0
POL.14.20.2_1,2023,11,0,0
POL.14.20.3_1,2023,11,0,0
POL.14.20.4_1,2023,11,0,0
POL.14.20.5_1,2023,11,0,0
POL.14.20.6_1,2023,11,0,0
POL.14.20.7_1,2023,11,0,0
POL.14.20.8_1,2023,11,0,0
POL.14.21.3_1,2023,11,0,0
POL.14.3.2_1,2023,11,0,0
POL.14.3.3_1,2023,11,0,0
POL.14.3.4_1,2023,11,0,0
POL.14.5.1_1,2023,11,0,0
POL.14.5.2_1,2023,11,0,0
POL.14.5.3_1,2023,11,0,0
POL.14.5.4_1,2023,11,0,0
POL.14.5.8_1,2023,11,0,0
POL.14.5.9_1,2023,11,0,0
POL.14.6.3_1,2023,11,0,0
POL.14.6.4_1,2023,11,0,0
POL.14.7.5_1,2023,11,0,0
POL.14.8.2_1,2023,11,0,0
POL.14.9.3_1,2023,11,0,0
POL.14.9.6_1,2023,11,0,0
POL.15.10.1_1,2023,11,0,0
POL.15.10.11_1,2023,11,0,0
POL.15.12.13_1,2023,11,0,0
POL.15.12.14_1,2023,11,0,0
POL.15.12.9_1,2023,11,0,0
POL.15.17.3_1,2023,11,0,0
POL.15.17.4_1,2023,11,0,0
POL.15.18.3_1,2023,11,0,0
POL.15.18.6_1,2023,11,0,0
POL.15.2.3_1,2023,11,0,0
POL.15.2.4_1,2023,11,0,0
POL.15.22.3_1,2023,11,0,0
POL.15.22.8_1,2023,11,0,0
POL.15.27.2_1,2023,11,0,0
POL.15.3.3_1,2023,11,0,0
POL.15.3.7_1,2023,11,0,0
POL.15.3.9_1,2023,11,0,0
POL.15.32.1_1,2023,11,0,0
POL.15.32.2_1,2023,11,0,0
POL.15.32.3_1,2023,11,0,0
POL.15.32.7_1,2023,11,0,0
POL.15.35.3_1,2023,11,0,0
POL.16.12.1_1,2023,11,0,0
POL.16.12.2_1,2023,11,0,0
POL.16.12.3_1,2023,11,0,0
POL.16.12.5_1,2023,11,0,0
POL.16.13.1_1,2023,11,0,0
POL.16.13.2_1,2023,11,0,0
POL.16.13.3_1,2023,11,0,0
POL.16.13.4_1,2023,11,0,0
POL.16.18.1_1,2023,11,0,0
POL.16.2.1_1,2023,11,0,0
POL.16.21.1_1,2023,11,0,0
POL.16.22.1_1,2023,11,0,0
POL.16.6.2_1,2023,11,0,0
POL.16.6.5_1,2023,11,0,0
POL.16.6.9_1,2023,11,0,0
POL.2.1.1_1,2023,11,0,0
POL.2.1.2_1,2023,11,0,0
POL.2.1.3_1,2023,11,0,0
POL.2.1.4_1,2023,11,0,0
POL.2.1.5_1,2023,11,0,0
POL.2.1.6_1,2023,11,0,0
POL.2.1.7_1,2023,11,0,0
POL.2.1.8_1,2023,11,0,0
POL.2.1.9_1,2023,11,0,0
POL.2.10.1_1,2023,11,0,0
POL.2.10.2_1,2023,11,0,0
POL.2.10.3_1,2023,11,0,0
POL.2.10.4_1,2023,11,0,0
POL.2.10.5_1,2023,11,0,0
POL.2.10.6_1,2023,11,0,0
POL.2.10.7_1,2023,11,0,0
POL.2.10.8_1,2023,11,0,0
POL.2.10.9_1,2023,11,0,0
POL.2.11.1_1,2023,11,0,0
POL.2.11.2_1,2023,11,0,0
POL.2.11.3_1,2023,11,0,0
POL.2.11.4_1,2023,11,0,0
POL.2.12.1_1,2023,11,0,0
POL.2.12.2_1,2023,11,0,0
POL.2.12.3_1,2023,11,0,0
POL.2.12.4_1,2023,11,0,0
POL.2.12.5_1,2023,11,0,0
POL.2.13.1_1,2023,11,0,0
POL.2.13.2_1,2023,11,0,0
POL.2.13.3_1,2023,11,0,0
POL.2.13.4_1,2023,11,0,0
POL.2.13.5_1,2023,11,0,0
POL.2.13.6_1,2023,11,0,0
POL.2.13.7_1,2023,11,0,0
POL.2.14.1_1,2023,11,0,0
POL.2.14.2_1,2023,11,0,0
POL.2.14.3_1,2023,11,0,0
POL.2.14.4_1,2023,11,0,0
POL.2.14.5_1,2023,11,0,0
POL.2.14.6_1,2023,11,0,0
POL.2.15.1_1,2023,11,0,0
POL.2.15.2_1,2023,11,0,0
POL.2.15.3_1,2023,11,0,0
POL.2.15.4_1,2023,11,0,0
POL.2.16.1_1,2023,11,0,0
POL.2.16.10_1,2023,11,0,0
POL.2.16.11_1,2023,11,0,0
POL.2.16.2_1,2023,11,0,0
POL.2.16.3_1,2023,11,0,0
POL.2.16.4_1,2023,11,0,0
POL.2.16.5_1,2023,11,0,0
POL.2.16.6_1,2023,11,0,0
POL.2.16.7_1,2023,11,0,0
POL.2.16.8_1,2023,11,0,0
POL.2.16.9_1,2023,11,0,0
POL.2.18.2_1,2023,11,0,0
POL.2.18.3_1,2023,11,0,0
POL.2.18.4_1,2023,11,0,0
POL.2.18.7_1,2023,11,0,0
POL.2.18.8_1,2023,11,0,0
POL.2.19.1_1,2023,11,0,0
POL.2.19.2_1,2023,11,0,0
POL.2.19.3_1,2023,11,0,0
POL.2.19.4_1,2023,11,0,0
POL.2.19.5_1,2023,11,0,0
POL.2.19.6_1,2023,11,0,0
POL.2.2.1_1,2023,11,0,0
POL.2.2.10_1,2023,11,0,0
POL.2.2.2_1,2023,11,0,0
POL.2.2.3_1,2023,11,0,0
POL.2.2.4_1,2023,11,0,0
POL.2.2.5_1,2023,11,0,0
POL.2.2.6_1,2023,11,0,0
POL.2.2.7_1,2023,11,0,0
POL.2.2.8_1,2023,11,0,0
POL.2.2.9_1,2023,11,0,0
POL.2.20.1_1,2023,11,0,0
POL.2.20.2_1,2023,11,0,0
POL.2.20.3_1,2023,11,0,0
POL.2.20.4_1,2023,11,0,0
POL.2.20.5_1,2023,11,0,0
POL.2.21.1_1,2023,11,0,0
POL.2.22.1_1,2023,11,0,0
POL.2.22.10_1,2023,11,0,0
POL.2.22.11_1,2023,11,0,0
POL.2.22.12_1,2023,11,0,0
POL.2.22.13_1,2023,11,0,0
POL.2.22.2_1,2023,11,0,0
POL.2.22.3_1,2023,11,0,0
POL.2.22.4_1,2023,11,0,0
POL.2.22.5_1,2023,11,0,0
POL.2.22.6_1,2023,11,0,0
POL.2.22.7_1,2023,11,0,0
POL.2.22.8_1,2023,11,0,0
POL.2.22.9_1,2023,11,0,0
POL.2.23.1_1,2023,11,0,0
POL.2.23.2_1,2023,11,0,0
POL.2.23.3_1,2023,11,0,0
POL.2.23.4_1,2023,11,0,0
POL.2.23.5_1,2023,11,0,0
POL.2.23.6_1,2023,11,0,0
POL.2.4.1_1,2023,11,0,0
POL.2.4.2_1,2023,11,0,0
POL.2.4.3_1,2023,11,0,0
POL.2.4.4_1,2023,11,0,0
POL.2.4.5_1,2023,11,0,0
POL.2.4.7_1,2023,11,0,0
POL.2.4.8_1,2023,11,0,0
POL.2.5.1_1,2023,11,0,0
POL.2.5.2_1,2023,11,0,0
POL.2.5.3_1,2023,11,0,0
POL.2.5.4_1,2023,11,0,0
POL.2.5.5_1,2023,11,0,0
POL.2.5.6_1,2023,11,0,0
POL.2.5.7_1,2023,11,0,0
POL.2.6.1_1,2023,11,0,0
POL.2.6.2_1,2023,11,0,0
POL.2.6.3_1,2023,11,0,0
POL.2.6.4_1,2023,11,0,0
POL.2.6.5_1,2023,11,0,0
POL.2.6.6_1,2023,11,0,0
POL.2.7.1_1,2023,11,0,0
POL.2.8.1_1,2023,11,0,0
POL.2.8.2_1,2023,11,0,0
POL.2.8.3_1,2023,11,0,0
POL.2.8.4_1,2023,11,0,0
POL.2.8.5_1,2023,11,0,0
POL.2.8.6_1,2023,11,0,0
POL.2.9.1_1,2023,11,0,0
POL.2.9.2_1,2023,11,0,0
POL.2.9.3_1,2023,11,0,0
POL.2.9.4_1,2023,11,0,0
POL.2.9.5_1,2023,11,0,0
POL.2.9.6_1,2023,11,0,0
POL.2.9.7_1,2023,11,0,0
POL.2.9.8_1,2023,11,0,0
POL.2.9.9_1,2023,11,0,0
POL.3.16.1_1,2023,11,0,0
POL.3.16.6_1,2023,11,0,0
POL.3.19.1_1,2023,11,0,0
POL.3.19.4_1,2023,11,0,0
POL.3.19.8_1,2023,11,0,0
POL.3.20.7_1,2023,11,0,0
POL.3.3.2_1,2023,11,0,0
POL.3.3.7_1,2023,11,0,0
POL.3.8.4_1,2023,11,0,0
POL.3.8.5_1,2023,11,0,0
POL.4.2.11_1,2023,11,0,0
POL.4.2.13_1,2023,11,0,0
POL.4.2.15_1,2023,11,0,0
POL.4.2.16_1,2023,11,0,0
POL.4.2.3_1,2023,11,0,0
POL.4.2.4_1,2023,11,0,0
POL.4.2.5_1,2023,11,0,0
POL.4.22.1_1,2023,11,0,0
POL.4.22.6_1,2023,11,0,0
POL.5.1.1_1,2023,11,0,0
POL.5.12.1_1,2023,11,0,0
POL.5.12.3_1,2023,11,0,0
POL.5.12.6_1,2023,11,0,0
POL.5.12.7_1,2023,11,0,0
POL.5.2.1_1,2023,11,0,0
POL.5.2.2_1,2023,11,0,0
POL.5.2.3_1,2023,11,0,0
POL.5.2.4_1,2023,11,0,0
POL.5.2.5_1,2023,11,0,0
POL.5.2.6_1,2023,11,0,0
POL.5.2.7_1,2023,11,0,0
POL.5.3.2_1,2023,11,0,0
POL.5.3.5_1,2023,11,0,0
POL.5.3.7_1,2023,11,0,0
POL.5.4.1_1,2023,11,0,0
POL.5.4.2_1,2023,11,0,0
POL.5.4.3_1,2023,11,0,0
POL.5.4.4_1,2023,11,0,0
POL.5.4.5_1,2023,11,0,0
POL.5.4.6_1,2023,11,0,0
POL.5.6.1_1,2023,11,0,0
POL.5.6.2_1,2023,11,0,0
POL.5.6.3_1,2023,11,0,0
POL.5.6.4_1,2023,11,0,0
POL.5.6.5_1,2023,11,0,0
POL.5.7.1_1,2023,11,0,0
POL.5.7.2_1,2023,11,0,0
POL.5.7.3_1,2023,11,0,0
POL.5.7.4_1,2023,11,0,0
POL.5.7.5_1,2023,11,0,0
POL.5.8.1_1,2023,11,0,0
POL.5.8.2_1,2023,11,0,0
POL.5.8.3_1,2023,11,0,0
POL.5.8.4_1,2023,11,0,0
POL.5.8.5_1,2023,11,0,0
POL.5.9.1_1,2023,11,0,0
POL.5.9.2_1,2023,11,0,0
POL.5.9.4_1,2023,11,0,0
POL.5.9.5_1,2023,11,0,0
POL.5.9.6_1,2023,11,0,0
POL.6.12.11_1,2023,11,0,0
POL.6.12.13_1,2023,11,0,0
POL.6.12.7_1,2023,11,0,0
POL.6.13.14_1,2023,11,0,0
POL.6.13.2_1,2023,11,0,0
POL.6.13.3_1,2023,11,0,0
POL.6.13.5_1,2023,11,0,0
POL.6.13.6_1,2023,11,0,0
POL.6.17.8_1,2023,11,0,0
POL.6.20.2_1,2023,11,0,0
POL.6.20.3_1,2023,11,0,0
POL.6.5.10_1,2023,11,0,0
POL.7.1.2_1,2023,11,0,0
POL.7.1.5_1,2023,11,0,0
POL.7.1.6_1,2023,11,0,0
POL.7.12.1_1,2023,11,0,0
POL.7.12.10_1,2023,11,0,0
POL.7.12.11_1,2023,11,0,0
POL.7.12.12_1,2023,11,0,0
POL.7.12.13_1,2023,11,0,0
POL.7.12.2_1,2023,11,0,0
POL.7.12.3_1,2023,11,0,0
POL.7.12.4_1,2023,11,0,0
POL.7.12.5_1,2023,11,0,0
POL.7.12.6_1,2023,11,0,0
POL.7.12.7_1,2023,11,0,0
POL.7.12.8_1,2023,11,0,0
POL.7.12.9_1,2023,11,0,0
POL.7.13.1_1,2023,11,0,0
POL.7.13.9_1,2023,11,0,0
POL.7.14.1_1,2023,11,0,0
POL.7.14.2_1,2023,11,0,0
POL.7.14.3_1,2023,11,0,0
POL.7.14.4_1,2023,11,0,0
POL.7.14.5_1,2023,11,0,0
POL.7.14.6_1,2023,11,0,0
POL.7.16.2_1,2023,11,0,0
POL.7.16.7_1,2023,11,0,0
POL.7.16.8_1,2023,11,0,0
POL.7.18.1_1,2023,11,0,0
POL.7.18.2_1,2023,11,0,0
POL.7.18.3_1,2023,11,0,0
POL.7.18.4_1,2023,11,0,0
POL.7.18.5_1,2023,11,0,0
POL.7.18.6_1,2023,11,0,0
POL.7.18.7_1,2023,11,0,0
POL.7.18.8_1,2023,11,0,0
POL.7.19.1_1,2023,11,0,0
POL.7.19.2_1,2023,11,0,0
POL.7.19.3_1,2023,11,0,0
POL.7.19.4_1,2023,11,0,0
POL.7.19.5_1,2023,11,0,0
POL.7.19.6_1,2023,11,0,0
POL.7.21.11_1,2023,11,0,0
POL.7.21.15_1,2023,11,0,0
POL.7.21.3_1,2023,11,0,0
POL.7.21.9_1,2023,11,0,0
POL.7.22.12_1,2023,11,0,0
POL.7.22.2_1,2023,11,0,0
POL.7.22.4_1,2023,11,0,0
POL.7.22.6_1,2023,11,0,0
POL.7.23.1_1,2023,11,0,0
POL.7.23.2_1,2023,11,0,0
POL.7.23.3_1,2023,11,0,0
POL.7.23.4_1,2023,11,0,0
POL.7.23.5_1,2023,11,0,0
POL.7.23.6_1,2023,11,0,0
POL.7.24.1_1,2023,11,0,0
POL.7.25.3_1,2023,11,0,0
POL.7.25.4_1,2023,11,0,0
POL.7.26.3_1,2023,11,0,0
POL.7.26.6_1,2023,11,0,0
POL.7.3.1_1,2023,11,0,0
POL.7.3.10_1,2023,11,0,0
POL.7.3.13_1,2023,11,0,0
POL.7.3.9_1,2023,11,0,0
POL.7.30.12_1,2023,11,0,0
POL.7.30.3_1,2023,11,0,0
POL.7.31.2_1,2023,11,0,0
POL.7.31.3_1,2023,11,0,0
POL.7.31.6_1,2023,11,0,0
POL.7.32.1_1,2023,11,0,0
POL.7.32.2_1,2023,11,0,0
POL.7.32.3_1,2023,11,0,0
POL.7.32.4_1,2023,11,0,0
POL.7.32.5_1,2023,11,0,0
POL.7.32.6_1,2023,11,0,0
POL.7.32.7_1,2023,11,0,0
POL.7.32.8_1,2023,11,0,0
POL.7.35.1_1,2023,11,0,0
POL.7.35.2_1,2023,11,0,0
POL.7.35.3_1,2023,11,0,0
POL.7.35.4_1,2023,11,0,0
POL.7.35.5_1,2023,11,0,0
POL.7.35.6_1,2023,11,0,0
POL.7.35.7_1,2023,11,0,0
POL.7.36.1_1,2023,11,0,0
POL.7.37.1_1,2023,11,0,0
POL.7.37.2_1,2023,11,0,0
POL.7.37.4_1,2023,11,0,0
POL.7.37.9_1,2023,11,0,0
POL.7.38.1_1,2023,11,0,0
POL.7.38.10_1,2023,11,0,0
POL.7.38.11_1,2023,11,0,0
POL.7.38.12_1,2023,11,0,0
POL.7.38.2_1,2023,11,0,0
POL.7.38.3_1,2023,11,0,0
POL.7.38.4_1,2023,11,0,0
POL.7.38.5_1,2023,11,0,0
POL.7.38.6_1,2023,11,0,0
POL.7.38.7_1,2023,11,0,0
POL.7.38.8_1,2023,11,0,0
POL.7.38.9_1,2023,11,0,0
POL.7.39.4_1,2023,11,0,0
POL.7.39.6_1,2023,11,0,0
POL.7.4.2_1,2023,11,0,0
POL.7.4.4_1,2023,11,0,0
POL.7.40.3_1,2023,11,0,0
POL.7.40.4_1,2023,11,0,0
POL.7.42.1_1,2023,11,0,0
POL.7.42.2_1,2023,11,0,0
POL.7.42.3_1,2023,11,0,0
POL.7.42.4_1,2023,11,0,0
POL.7.42.5_1,2023,11,0,0
POL.7.5.1_1,2023,11,0,0
POL.7.5.2_1,2023,11,0,0
POL.7.5.3_1,2023,11,0,0
POL.7.5.4_1,2023,11,0,0
POL.7.5.5_1,2023,11,0,0
POL.7.5.6_1,2023,11,0,0
POL.7.6.1_1,2023,11,0,0
POL.7.6.10_1,2023,11,0,0
POL.7.6.2_1,2023,11,0,0
POL.7.6.3_1,2023,11,0,0
POL.7.6.4_1,2023,11,0,0
POL.7.6.5_1,2023,11,0,0
POL.7.6.6_1,2023,11,0,0
POL.7.6.7_1,2023,11,0,0
POL.7.6.8_1,2023,11,0,0
POL.7.6.9_1,2023,11,0,0
POL.7.7.4_1,2023,11,0,0
POL.7.7.6_1,2023,11,0,0
POL.7.8.1_1,2023,11,0,0
POL.7.8.2_1,2023,11,0,0
POL.7.8.3_1,2023,11,0,0
POL.7.8.4_1,2023,11,0,0
POL.7.8.5_1,2023,11,0,0
POL.8.7.1_1,2023,11,0,0
POL.8.7.7_1,2023,11,0,0
POL.9.1.2_1,2023,11,0,0
POL.9.10.2_1,2023,11,0,0
POL.9.21.3_1,2023,11,0,0
POL.9.5.6_1,2023,11,0,0
POL.9.8.2_1,2023,11,0,0
POL.9.8.4_1,2023,11,0,0
PRT.1.1.1_1,2023,11,0,0
PRT.1.1.10_1,2023,11,0,0
PRT.1.1.11_1,2023,11,0,0
PRT.1.1.12_1,2023,11,0,0
PRT.1.1.13_1,2023,11,0,0
PRT.1.1.14_1,2023,11,0,0
PRT.1.1.15_1,2023,11,0,0
PRT.1.1.16_1,2023,11,0,0
PRT.1.1.17_1,2023,11,0,0
PRT.1.1.18_1,2023,11,0,0
PRT.1.1.19_1,2023,11,0,0
PRT.1.1.2_1,2023,11,0,0
PRT.1.1.20_1,2023,11,0,0
PRT.1.1.3_1,2023,11,0,0
PRT.1.1.4_1,2023,11,0,0
PRT.1.1.5_1,2023,11,0,0
PRT.1.1.6_1,2023,11,0,0
PRT.1.1.7_1,2023,11,0,0
PRT.1.1.8_1,2023,11,0,0
PRT.1.1.9_1,2023,11,0,0
PRT.1.10.1_1,2023,11,0,0
PRT.1.10.2_1,2023,11,0,0
PRT.1.10.3_1,2023,11,0,0
PRT.1.10.4_1,2023,11,0,0
PRT.1.10.5_1,2023,11,0,0
PRT.1.10.6_1,2023,11,0,0
PRT.1.10.7_1,2023,11,0,0
PRT.1.10.8_1,2023,11,0,0
PRT.1.11.1_1,2023,11,0,0
PRT.1.11.2_1,2023,11,0,0
PRT.1.11.3_1,2023,11,0,0
PRT.1.11.4_1,2023,11,0,0
PRT.1.12.1_1,2023,11,0,0
PRT.1.12.10_1,2023,11,0,0
PRT.1.12.11_1,2023,11,0,0
PRT.1.12.12_1,2023,11,0,0
PRT.1.12.13_1,2023,11,0,0
PRT.1.12.14_1,2023,11,0,0
PRT.1.12.15_1,2023,11,0,0
PRT.1.12.16_1,2023,11,0,0
PRT.1.12.17_1,2023,11,0,0
PRT.1.12.18_1,2023,11,0,0
PRT.1.12.19_1,2023,11,0,0
PRT.1.12.2_1,2023,11,0,0
PRT.1.12.3_1,2023,11,0,0
PRT.1.12.4_1,2023,11,0,0
PRT.1.12.5_1,2023,11,0,0
PRT.1.12.6_1,2023,11,0,0
PRT.1.12.7_1,2023,11,0,0
PRT.1.12.8_1,2023,11,0,0
PRT.1.12.9_1,2023,11,0,0
PRT.1.13.1_1,2023,11,0,0
PRT.1.13.2_1,2023,11,0,0
PRT.1.13.3_1,2023,11,0,0
PRT.1.13.4_1,2023,11,0,0
PRT.1.13.5_1,2023,11,0,0
PRT.1.13.6_1,2023,11,0,0
PRT.1.14.1_1,2023,11,0,0
PRT.1.14.2_1,2023,11,0,0
PRT.1.14.3_1,2023,11,0,0
PRT.1.14.4_1,2023,11,0,0
PRT.1.14.5_1,2023,11,0,0
PRT.1.14.6_1,2023,11,0,0
PRT.1.14.7_1,2023,11,0,0
PRT.1.14.8_1,2023,11,0,0
PRT.1.15.1_1,2023,11,0,0
PRT.1.15.10_1,2023,11,0,0
PRT.1.15.11_1,2023,11,0,0
PRT.1.15.12_1,2023,11,0,0
PRT.1.15.13_1,2023,11,0,0
PRT.1.15.14_1,2023,11,0,0
PRT.1.15.15_1,2023,11,0,0
PRT.1.15.16_1,2023,11,0,0
PRT.1.15.17_1,2023,11,0,0
PRT.1.15.18_1,2023,11,0,0
PRT.1.15.19_1,2023,11,0,0
PRT.1.15.2_1,2023,11,0,0
PRT.1.15.20_1,2023,11,0,0
PRT.1.15.21_1,2023,11,0,0
PRT.1.15.22_1,2023,11,0,0
PRT.1.15.23_1,2023,11,0,0
PRT.1.15.24_1,2023,11,0,0
PRT.1.15.25_1,2023,11,0,0
PRT.1.15.26_1,2023,11,0,0
PRT.1.15.27_1,2023,11,0,0
PRT.1.15.28_1,2023,11,0,0
PRT.1.15.29_1,2023,11,0,0
PRT.1.15.3_1,2023,11,0,0
PRT.1.15.30_1,2023,11,0,0
PRT.1.15.31_1,2023,11,0,0
PRT.1.15.4_1,2023,11,0,0
PRT.1.15.5_1,2023,11,0,0
PRT.1.15.6_1,2023,11,0,0
PRT.1.15.7_1,2023,11,0,0
PRT.1.15.8_1,2023,11,0,0
PRT.1.15.9_1,2023,11,0,0
PRT.1.16.1_1,2023,11,0,0
PRT.1.17.1_1,2023,11,0,0
PRT.1.17.2_1,2023,11,0,0
PRT.1.17.3_1,2023,11,0,0
PRT.1.17.4_1,2023,11,0,0
PRT.1.17.5_1,2023,11,0,0
PRT.1.17.6_1,2023,11,0,0
PRT.1.17.7_1,2023,11,0,0
PRT.1.17.8_1,2023,11,0,0
PRT.1.17.9_1,2023,11,0,0
PRT.1.18.1_1,2023,11,0,0
PRT.1.18.10_1,2023,11,0,0
PRT.1.18.11_1,2023,11,0,0
PRT.1.18.2_1,2023,11,0,0
PRT.1.18.3_1,2023,11,0,0
PRT.1.18.4_1,2023,11,0,0
PRT.1.18.5_1,2023,11,0,0
PRT.1.18.6_1,2023,11,0,0
PRT.1.18.7_1,2023,11,0,0
PRT.1.18.8_1,2023,11,0,0
PRT.1.18.9_1,2023,11,0,0
PRT.1.19.1_1,2023,11,0,0
PRT.1.19.2_1,2023,11,0,0
PRT.1.19.3_1,2023,11,0,0
PRT.1.19.4_1,2023,11,0,0
PRT.1.19.5_1,2023,11,0,0
PRT.1.19.6_1,2023,11,0,0
PRT.1.19.7_1,2023,11,0,0
PRT.1.19.8_1,2023,11,0,0
PRT.1.19.9_1,2023,11,0,0
PRT.1.2.1_1,2023,11,0,0
PRT.1.2.2_1,2023,11,0,0
PRT.1.2.3_1,2023,11,0,0
PRT.1.2.4_1,2023,11,0,0
PRT.1.2.5_1,2023,11,0,0
PRT.1.2.6_1,2023,11,0,0
PRT.1.2.7_1,2023,11,0,0
PRT.1.2.8_1,2023,11,0,0
PRT.1.3.1_1,2023,11,0,0
PRT.1.3.10_1,2023,11,0,0
PRT.1.3.11_1,2023,11,0,0
PRT.1.3.12_1,2023,11,0,0
PRT.1.3.13_1,2023,11,0,0
PRT.1.3.14_1,2023,11,0,0
PRT.1.3.15_1,2023,11,0,0
PRT.1.3.2_1,2023,11,0,0
PRT.1.3.3_1,2023,11,0,0
PRT.1.3.4_1,2023,11,0,0
PRT.1.3.5_1,2023,11,0,0
PRT.1.3.6_1,2023,11,0,0
PRT.1.3.7_1,2023,11,0,0
PRT.1.3.8_1,2023,11,0,0
PRT.1.3.9_1,2023,11,0,0
PRT.1.4.1_1,2023,11,0,0
PRT.1.4.10_1,2023,11,0,0
PRT.1.4.11_1,2023,11,0,0
PRT.1.4.12_1,2023,11,0,0
PRT.1.4.13_1,2023,11,0,0
PRT.1.4.14_1,2023,11,0,0
PRT.1.4.15_1,2023,11,0,0
PRT.1.4.16_1,2023,11,0,0
PRT.1.4.17_1,2023,11,0,0
PRT.1.4.18_1,2023,11,0,0
PRT.1.4.19_1,2023,11,0,0
PRT.1.4.2_1,2023,11,0,0
PRT.1.4.20_1,2023,11,0,0
PRT.1.4.3_1,2023,11,0,0
PRT.1.4.4_1,2023,11,0,0
PRT.1.4.5_1,2023,11,0,0
PRT.1.4.6_1,2023,11,0,0
PRT.1.4.7_1,2023,11,0,0
PRT.1.4.8_1,2023,11,0,0
PRT.1.4.9_1,2023,11,0,0
PRT.1.5.1_1,2023,11,0,0
PRT.1.5.10_1,2023,11,0,0
PRT.1.5.11_1,2023,11,0,0
PRT.1.5.12_1,2023,11,0,0
PRT.1.5.14_1,2023,11,0,0
PRT.1.5.2_1,2023,11,0,0
PRT.1.5.3_1,2023,11,0,0
PRT.1.5.4_1,2023,11,0,0
PRT.1.5.5_1,2023,11,0,0
PRT.1.5.6_1,2023,11,0,0
PRT.1.5.7_1,2023,11,0,0
PRT.1.5.8_1,2023,11,0,0
PRT.1.5.9_1,2023,11,0,0
PRT.1.6.1_1,2023,11,0,0
PRT.1.6.2_1,2023,11,0,0
PRT.1.6.3_1,2023,11,0,0
PRT.1.6.4_1,2023,11,0,0
PRT.1.6.5_1,2023,11,0,0
PRT.1.6.6_1,2023,11,0,0
PRT.1.6.7_1,2023,11,0,0
PRT.1.6.8_1,2023,11,0,0
PRT.1.6.9_1,2023,11,0,0
PRT.1.7.1_1,2023,11,0,0
PRT.1.7.2_1,2023,11,0,0
PRT.1.7.3_1,2023,11,0,0
PRT.1.7.4_1,2023,11,0,0
PRT.1.7.5_1,2023,11,0,0
PRT.1.8.1_1,2023,11,0,0
PRT.1.8.2_1,2023,11,0,0
PRT.1.8.3_1,2023,11,0,0
PRT.1.8.4_1,2023,11,0,0
PRT.1.8.5_1,2023,11,0,0
PRT.1.8.6_1,2023,11,0,0
PRT.1.8.7_1,2023,11,0,0
PRT.1.9.1_1,2023,11,0,0
PRT.1.9.2_1,2023,11,0,0
PRT.1.9.3_1,2023,11,0,0
PRT.1.9.4_1,2023,11,0,0
PRT.10.1.1_1,2023,11,0,0
PRT.10.1.10_1,2023,11,0,0
PRT.10.1.11_1,2023,11,0,0
PRT.10.1.12_1,2023,11,0,0
PRT.10.1.13_1,2023,11,0,0
PRT.10.1.2_1,2023,11,0,0
PRT.10.1.3_1,2023,11,0,0
PRT.10.1.4_1,2023,11,0,0
PRT.10.1.5_1,2023,11,0,0
PRT.10.1.6_1,2023,11,0,0
PRT.10.1.7_1,2023,11,0,0
PRT.10.1.8_1,2023,11,0,0
PRT.10.1.9_1,2023,11,0,0
PRT.10.10.1_1,2023,11,0,0
PRT.10.10.10_1,2023,11,0,0
PRT.10.10.11_1,2023,11,0,0
PRT.10.10.12_1,2023,11,0,0
PRT.10.10.13_1,2023,11,0,0
PRT.10.10.14_1,2023,11,0,0
PRT.10.10.15_1,2023,11,0,0
PRT.10.10.16_1,2023,11,0,0
PRT.10.10.17_1,2023,11,0,0
PRT.10.10.18_1,2023,11,0,0
PRT.10.10.19_1,2023,11,0,0
PRT.10.10.2_1,2023,11,0,0
PRT.10.10.20_1,2023,11,0,0
PRT.10.10.21_1,2023,11,0,0
PRT.10.10.22_1,2023,11,0,0
PRT.10.10.23_1,2023,11,0,0
PRT.10.10.24_1,2023,11,0,0
PRT.10.10.25_1,2023,11,0,0
PRT.10.10.26_1,2023,11,0,0
PRT.10.10.27_1,2023,11,0,0
PRT.10.10.3_1,2023,11,0,0
PRT.10.10.4_1,2023,11,0,0
PRT.10.10.5_1,2023,11,0,0
PRT.10.10.6_1,2023,11,0,0
PRT.10.10.7_1,2023,11,0,0
PRT.10.10.8_1,2023,11,0,0
PRT.10.10.9_1,2023,11,0,0
PRT.10.11.1_1,2023,11,0,0
PRT.10.11.10_1,2023,11,0,0
PRT.10.11.11_1,2023,11,0,0
PRT.10.11.12_1,2023,11,0,0
PRT.10.11.13_1,2023,11,0,0
PRT.10.11.14_1,2023,11,0,0
PRT.10.11.15_1,2023,11,0,0
PRT.10.11.16_1,2023,11,0,0
PRT.10.11.17_1,2023,11,0,0
PRT.10.11.18_1,2023,11,0,0
PRT.10.11.19_1,2023,11,0,0
PRT.10.11.2_1,2023,11,0,0
PRT.10.11.20_1,2023,11,0,0
PRT.10.11.21_1,2023,11,0,0
PRT.10.11.22_1,2023,11,0,0
PRT.10.11.23_1,2023,11,0,0
PRT.10.11.24_1,2023,11,0,0
PRT.10.11.25_1,2023,11,0,0
PRT.10.11.26_1,2023,11,0,0
PRT.10.11.27_1,2023,11,0,0
PRT.10.11.28_1,2023,11,0,0
PRT.10.11.29_1,2023,11,0,0
PRT.10.11.3_1,2023,11,0,0
PRT.10.11.30_1,2023,11,0,0
PRT.10.11.31_1,2023,11,0,0
PRT.10.11.32_1,2023,11,0,0
PRT.10.11.33_1,2023,11,0,0
PRT.10.11.34_1,2023,11,0,0
PRT.10.11.35_1,2023,11,0,0
PRT.10.11.36_1,2023,11,0,0
PRT.10.11.37_1,2023,11,0,0
PRT.10.11.38_1,2023,11,0,0
PRT.10.11.39_1,2023,11,0,0
PRT.10.11.4_1,2023,11,0,0
PRT.10.11.40_1,2023,11,0,0
PRT.10.11.5_1,2023,11,0,0
PRT.10.11.6_1,2023,11,0,0
PRT.10.11.7_1,2023,11,0,0
PRT.10.11.8_1,2023,11,0,0
PRT.10.11.9_1,2023,11,0,0
PRT.10.12.1_1,2023,11,0,0
PRT.10.12.10_1,2023,11,0,0
PRT.10.12.11_1,2023,11,0,0
PRT.10.12.12_1,2023,11,0,0
PRT.10.12.13_1,2023,11,0,0
PRT.10.12.14_1,2023,11,0,0
PRT.10.12.15_1,2023,11,0,0
PRT.10.12.16_1,2023,11,0,0
PRT.10.12.17_1,2023,11,0,0
PRT.10.12.18_1,2023,11,0,0
PRT.10.12.19_1,2023,11,0,0
PRT.10.12.2_1,2023,11,0,0
PRT.10.12.20_1,2023,11,0,0
PRT.10.12.21_1,2023,11,0,0
PRT.10.12.22_1,2023,11,0,0
PRT.10.12.23_1,2023,11,0,0
PRT.10.12.24_1,2023,11,0,0
PRT.10.12.25_1,2023,11,0,0
PRT.10.12.26_1,2023,11,0,0
PRT.10.12.27_1,2023,11,0,0
PRT.10.12.28_1,2023,11,0,0
PRT.10.12.29_1,2023,11,0,0
PRT.10.12.3_1,2023,11,0,0
PRT.10.12.4_1,2023,11,0,0
PRT.10.12.5_1,2023,11,0,0
PRT.10.12.6_1,2023,11,0,0
PRT.10.12.7_1,2023,11,0,0
PRT.10.12.8_1,2023,11,0,0
PRT.10.12.9_1,2023,11,0,0
PRT.10.13.1_1,2023,11,0,0
PRT.10.13.10_1,2023,11,0,0
PRT.10.13.11_1,2023,11,0,0
PRT.10.13.12_1,2023,11,0,0
PRT.10.13.13_1,2023,11,0,0
PRT.10.13.14_1,2023,11,0,0
PRT.10.13.15_1,2023,11,0,0
PRT.10.13.16_1,2023,11,0,0
PRT.10.13.17_1,2023,11,0,0
PRT.10.13.18_1,2023,11,0,0
PRT.10.13.19_1,2023,11,0,0
PRT.10.13.2_1,2023,11,0,0
PRT.10.13.20_1,2023,11,0,0
PRT.10.13.21_1,2023,11,0,0
PRT.10.13.22_1,2023,11,0,0
PRT.10.13.23_1,2023,11,0,0
PRT.10.13.24_1,2023,11,0,0
PRT.10.13.25_1,2023,11,0,0
PRT.10.13.26_1,2023,11,0,0
PRT.10.13.27_1,2023,11,0,0
PRT.10.13.28_1,2023,11,0,0
PRT.10.13.29_1,2023,11,0,0
PRT.10.13.3_1,2023,11,0,0
PRT.10.13.4_1,2023,11,0,0
PRT.10.13.5_1,2023,11,0,0
PRT.10.13.6_1,2023,11,0,0
PRT.10.13.7_1,2023,11,0,0
PRT.10.13.8_1,2023,11,0,0
PRT.10.13.9_1,2023,11,0,0
PRT.10.14.1_1,2023,11,0,0
PRT.10.14.10_1,2023,11,0,0
PRT.10.14.11_1,2023,11,0,0
PRT.10.14.12_1,2023,11,0,0
PRT.10.14.13_1,2023,11,0,0
PRT.10.14.14_1,2023,11,0,0
PRT.10.14.15_1,2023,11,0,0
PRT.10.14.16_1,2023,11,0,0
PRT.10.14.17_1,2023,11,0,0
PRT.10.14.2_1,2023,11,0,0
PRT.10.14.3_1,2023,11,0,0
PRT.10.14.4_1,2023,11,0,0
PRT.10.14.5_1,2023,11,0,0
PRT.10.14.6_1,2023,11,0,0
PRT.10.14.7_1,2023,11,0,0
PRT.10.14.8_1,2023,11,0,0
PRT.10.14.9_1,2023,11,0,0
PRT.10.2.1_1,2023,11,0,0
PRT.10.2.10_1,2023,11,0,0
PRT.10.2.11_1,2023,11,0,0
PRT.10.2.12_1,2023,11,0,0
PRT.10.2.13_1,2023,11,0,0
PRT.10.2.14_1,2023,11,0,0
PRT.10.2.15_1,2023,11,0,0
PRT.10.2.16_1,2023,11,0,0
PRT.10.2.17_1,2023,11,0,0
PRT.10.2.18_1,2023,11,0,0
PRT.10.2.19_1,2023,11,0,0
PRT.10.2.2_1,2023,11,0,0
PRT.10.2.20_1,2023,11,0,0
PRT.10.2.21_1,2023,11,0,0
PRT.10.2.22_1,2023,11,0,0
PRT.10.2.23_1,2023,11,0,0
PRT.10.2.24_1,2023,11,0,0
PRT.10.2.25_1,2023,11,0,0
PRT.10.2.26_1,2023,11,0,0
PRT.10.2.27_1,2023,11,0,0
PRT.10.2.28_1,2023,11,0,0
PRT.10.2.29_1,2023,11,0,0
PRT.10.2.3_1,2023,11,0,0
PRT.10.2.4_1,2023,11,0,0
PRT.10.2.5_1,2023,11,0,0
PRT.10.2.6_1,2023,11,0,0
PRT.10.2.7_1,2023,11,0,0
PRT.10.2.8_1,2023,11,0,0
PRT.10.2.9_1,2023,11,0,0
PRT.10.3.1_1,2023,11,0,0
PRT.10.3.10_1,2023,11,0,0
PRT.10.3.11_1,2023,11,0,0
PRT.10.3.12_1,2023,11,0,0
PRT.10.3.13_1,2023,11,0,0
PRT.10.3.14_1,2023,11,0,0
PRT.10.3.15_1,2023,11,0,0
PRT.10.3.16_1,2023,11,0,0
PRT.10.3.17_1,2023,11,0,0
PRT.10.3.18_1,2023,11,0,0
PRT.10.3.19_1,2023,11,0,0
PRT.10.3.2_1,2023,11,0,0
PRT.10.3.20_1,2023,11,0,0
PRT.10.3.21_1,2023,11,0,0
PRT.10.3.22_1,2023,11,0,0
PRT.10.3.3_1,2023,11,0,0
PRT.10.3.4_1,2023,11,0,0
PRT.10.3.5_1,2023,11,0,0
PRT.10.3.6_1,2023,11,0,0
PRT.10.3.7_1,2023,11,0,0
PRT.10.3.8_1,2023,11,0,0
PRT.10.3.9_1,2023,11,0,0
PRT.10.4.1_1,2023,11,0,0
PRT.10.4.10_1,2023,11,0,0
PRT.10.4.11_1,2023,11,0,0
PRT.10.4.12_1,2023,11,0,0
PRT.10.4.13_1,2023,11,0,0
PRT.10.4.14_1,2023,11,0,0
PRT.10.4.15_1,2023,11,0,0
PRT.10.4.16_1,2023,11,0,0
PRT.10.4.17_1,2023,11,0,0
PRT.10.4.2_1,2023,11,0,0
PRT.10.4.3_1,2023,11,0,0
PRT.10.4.4_1,2023,11,0,0
PRT.10.4.5_1,2023,11,0,0
PRT.10.4.6_1,2023,11,0,0
PRT.10.4.7_1,2023,11,0,0
PRT.10.4.8_1,2023,11,0,0
PRT.10.4.9_1,2023,11,0,0
PRT.10.5.1_1,2023,11,0,0
PRT.10.5.10_1,2023,11,0,0
PRT.10.5.11_1,2023,11,0,0
PRT.10.5.12_1,2023,11,0,0
PRT.10.5.13_1,2023,11,0,0
PRT.10.5.14_1,2023,11,0,0
PRT.10.5.15_1,2023,11,0,0
PRT.10.5.16_1,2023,11,0,0
PRT.10.5.2_1,2023,11,0,0
PRT.10.5.3_1,2023,11,0,0
PRT.10.5.4_1,2023,11,0,0
PRT.10.5.5_1,2023,11,0,0
PRT.10.5.6_1,2023,11,0,0
PRT.10.5.7_1,2023,11,0,0
PRT.10.5.8_1,2023,11,0,0
PRT.10.5.9_1,2023,11,0,0
PRT.10.6.1_1,2023,11,0,0
PRT.10.6.10_1,2023,11,0,0
PRT.10.6.11_1,2023,11,0,0
PRT.10.6.12_1,2023,11,0,0
PRT.10.6.13_1,2023,11,0,0
PRT.10.6.14_1,2023,11,0,0
PRT.10.6.15_1,2023,11,0,0
PRT.10.6.16_1,2023,11,0,0
PRT.10.6.17_1,2023,11,0,0
PRT.10.6.18_1,2023,11,0,0
PRT.10.6.19_1,2023,11,0,0
PRT.10.6.2_1,2023,11,0,0
PRT.10.6.20_1,2023,11,0,0
PRT.10.6.21_1,2023,11,0,0
PRT.10.6.22_1,2023,11,0,0
PRT.10.6.3_1,2023,11,0,0
PRT.10.6.4_1,2023,11,0,0
PRT.10.6.5_1,2023,11,0,0
PRT.10.6.6_1,2023,11,0,0
PRT.10.6.7_1,2023,11,0,0
PRT.10.6.8_1,2023,11,0,0
PRT.10.6.9_1,2023,11,0,0
PRT.10.7.1_1,2023,11,0,0
PRT.10.7.10_1,2023,11,0,0
PRT.10.7.11_1,2023,11,0,0
PRT.10.7.12_1,2023,11,0,0
PRT.10.7.13_1,2023,11,0,0
PRT.10.7.14_1,2023,11,0,0
PRT.10.7.15_1,2023,11,0,0
PRT.10.7.16_1,2023,11,0,0
PRT.10.7.17_1,2023,11,0,0
PRT.10.7.18_1,2023,11,0,0
PRT.10.7.19_1,2023,11,0,0
PRT.10.7.2_1,2023,11,0,0
PRT.10.7.20_1,2023,11,0,0
PRT.10.7.21_1,2023,11,0,0
PRT.10.7.22_1,2023,11,0,0
PRT.10.7.23_1,2023,11,0,0
PRT.10.7.24_1,2023,11,0,0
PRT.10.7.25_1,2023,11,0,0
PRT.10.7.26_1,2023,11,0,0
PRT.10.7.27_1,2023,11,0,0
PRT.10.7.28_1,2023,11,0,0
PRT.10.7.29_1,2023,11,0,0
PRT.10.7.3_1,2023,11,0,0
PRT.10.7.30_1,2023,11,0,0
PRT.10.7.31_1,2023,11,0,0
PRT.10.7.32_1,2023,11,0,0
PRT.10.7.33_1,2023,11,0,0
PRT.10.7.34_1,2023,11,0,0
PRT.10.7.35_1,2023,11,0,0
PRT.10.7.36_1,2023,11,0,0
PRT.10.7.37_1,2023,11,0,0
PRT.10.7.38_1,2023,11,0,0
PRT.10.7.39_1,2023,11,0,0
PRT.10.7.4_1,2023,11,0,0
PRT.10.7.40_1,2023,11,0,0
PRT.10.7.41_1,2023,11,0,0
PRT.10.7.42_1,2023,11,0,0
PRT.10.7.43_1,2023,11,0,0
PRT.10.7.44_1,2023,11,0,0
PRT.10.7.45_1,2023,11,0,0
PRT.10.7.46_1,2023,11,0,0
PRT.10.7.47_1,2023,11,0,0
PRT.10.7.48_1,2023,11,0,0
PRT.10.7.49_1,2023,11,0,0
PRT.10.7.5_1,2023,11,0,0
PRT.10.7.50_1,2023,11,0,0
PRT.10.7.51_1,2023,11,0,0
PRT.10.7.52_1,2023,11,0,0
PRT.10.7.53_1,2023,11,0,0
PRT.10.7.54_1,2023,11,0,0
PRT.10.7.55_1,2023,11,0,0
PRT.10.7.6_1,2023,11,0,0
PRT.10.7.7_1,2023,11,0,0
PRT.10.7.8_1,2023,11,0,0
PRT.10.7.9_1,2023,11,0,0
PRT.10.8.1_1,2023,11,0,0
PRT.10.8.2_1,2023,11,0,0
PRT.10.8.3_1,2023,11,0,0
PRT.10.8.4_1,2023,11,0,0
PRT.10.9.1_1,2023,11,0,0
PRT.10.9.10_1,2023,11,0,0
PRT.10.9.11_1,2023,11,0,0
PRT.10.9.12_1,2023,11,0,0
PRT.10.9.13_1,2023,11,0,0
PRT.10.9.14_1,2023,11,0,0
PRT.10.9.15_1,2023,11,0,0
PRT.10.9.16_1,2023,11,0,0
PRT.10.9.2_1,2023,11,0,0
PRT.10.9.3_1,2023,11,0,0
PRT.10.9.4_1,2023,11,0,0
PRT.10.9.5_1,2023,11,0,0
PRT.10.9.6_1,2023,11,0,0
PRT.10.9.7_1,2023,11,0,0
PRT.10.9.8_1,2023,11,0,0
PRT.10.9.9_1,2023,11,0,0
PRT.11.1.1_1,2023,11,0,0
PRT.11.1.10_1,2023,11,0,0
PRT.11.1.11_1,2023,11,0,0
PRT.11.1.12_1,2023,11,0,0
PRT.11.1.13_1,2023,11,0,0
PRT.11.1.14_1,2023,11,0,0
PRT.11.1.15_1,2023,11,0,0
PRT.11.1.16_1,2023,11,0,0
PRT.11.1.17_1,2023,11,0,0
PRT.11.1.18_1,2023,11,0,0
PRT.11.1.2_1,2023,11,0,0
PRT.11.1.3_1,2023,11,0,0
PRT.11.1.4_1,2023,11,0,0
PRT.11.1.5_1,2023,11,0,0
PRT.11.1.6_1,2023,11,0,0
PRT.11.1.7_1,2023,11,0,0
PRT.11.1.8_1,2023,11,0,0
PRT.11.1.9_1,2023,11,0,0
PRT.11.10.1_1,2023,11,0,0
PRT.11.10.2_1,2023,11,0,0
PRT.11.10.3_1,2023,11,0,0
PRT.11.11.1_1,2023,11,0,0
PRT.11.11.2_1,2023,11,0,0
PRT.11.11.3_1,2023,11,0,0
PRT.11.12.1_1,2023,11,0,0
PRT.11.12.2_1,2023,11,0,0
PRT.11.12.3_1,2023,11,0,0
PRT.11.12.4_1,2023,11,0,0
PRT.11.12.5_1,2023,11,0,0
PRT.11.12.6_1,2023,11,0,0
PRT.11.12.7_1,2023,11,0,0
PRT.11.12.8_1,2023,11,0,0
PRT.11.12.9_1,2023,11,0,0
PRT.11.13.1_1,2023,11,0,0
PRT.11.13.2_1,2023,11,0,0
PRT.11.13.3_1,2023,11,0,0
PRT.11.14.1_1,2023,11,0,0
PRT.11.14.2_1,2023,11,0,0
PRT.11.14.6_1,2023,11,0,0
PRT.11.15.1_1,2023,11,0,0
PRT.11.15.10_1,2023,11,0,0
PRT.11.15.11_1,2023,11,0,0
PRT.11.15.12_1,2023,11,0,0
PRT.11.15.13_1,2023,11,0,0
PRT.11.15.14_1,2023,11,0,0
PRT.11.15.15_1,2023,11,0,0
PRT.11.15.16_1,2023,11,0,0
PRT.11.15.17_1,2023,11,0,0
PRT.11.15.2_1,2023,11,0,0
PRT.11.15.3_1,2023,11,0,0
PRT.11.15.4_1,2023,11,0,0
PRT.11.15.5_1,2023,11,0,0
PRT.11.15.6_1,2023,11,0,0
PRT.11.15.7_1,2023,11,0,0
PRT.11.15.8_1,2023,11,0,0
PRT.11.15.9_1,2023,11,0,0
PRT.11.16.1_1,2023,11,0,0
PRT.11.16.10_1,2023,11,0,0
PRT.11.16.11_1,2023,11,0,0
PRT.11.16.12_1,2023,11,0,0
PRT.11.16.13_1,2023,11,0,0
PRT.11.16.2_1,2023,11,0,0
PRT.11.16.3_1,2023,11,0,0
PRT.11.16.4_1,2023,11,0,0
PRT.11.16.5_1,2023,11,0,0
PRT.11.16.6_1,2023,11,0,0
PRT.11.16.7_1,2023,11,0,0
PRT.11.16.8_1,2023,11,0,0
PRT.11.16.9_1,2023,11,0,0
PRT.11.2.1_1,2023,11,0,0
PRT.11.2.2_1,2023,11,0,0
PRT.11.2.3_1,2023,11,0,0
PRT.11.2.4_1,2023,11,0,0
PRT.11.2.5_1,2023,11,0,0
PRT.11.2.6_1,2023,11,0,0
PRT.11.2.7_1,2023,11,0,0
PRT.11.3.1_1,2023,11,0,0
PRT.11.3.2_1,2023,11,0,0
PRT.11.3.3_1,2023,11,0,0
PRT.11.3.4_1,2023,11,0,0
PRT.11.3.5_1,2023,11,0,0
PRT.11.3.6_1,2023,11,0,0
PRT.11.3.7_1,2023,11,0,0
PRT.11.3.8_1,2023,11,0,0
PRT.11.4.1_1,2023,11,0,0
PRT.11.4.2_1,2023,11,0,0
PRT.11.4.3_1,2023,11,0,0
PRT.11.4.4_1,2023,11,0,0
PRT.11.5.1_1,2023,11,0,0
PRT.11.5.2_1,2023,11,0,0
PRT.11.5.3_1,2023,11,0,0
PRT.11.5.4_1,2023,11,0,0
PRT.11.5.5_1,2023,11,0,0
PRT.11.6.1_1,2023,11,0,0
PRT.11.6.10_1,2023,11,0,0
PRT.11.6.11_1,2023,11,0,0
PRT.11.6.12_1,2023,11,0,0
PRT.11.6.13_1,2023,11,0,0
PRT.11.6.14_1,2023,11,0,0
PRT.11.6.15_1,2023,11,0,0
PRT.11.6.16_1,2023,11,0,0
PRT.11.6.2_1,2023,11,0,0
PRT.11.6.3_1,2023,11,0,0
PRT.11.6.4_1,2023,11,0,0
PRT.11.6.5_1,2023,11,0,0
PRT.11.6.6_1,2023,11,0,0
PRT.11.6.7_1,2023,11,0,0
PRT.11.6.8_1,2023,11,0,0
PRT.11.6.9_1,2023,11,0,0
PRT.11.7.1_1,2023,11,0,0
PRT.11.7.2_1,2023,11,0,0
PRT.11.8.1_1,2023,11,0,0
PRT.11.8.2_1,2023,11,0,0
PRT.11.8.3_1,2023,11,0,0
PRT.11.8.4_1,2023,11,0,0
PRT.11.8.5_1,2023,11,0,0
PRT.11.9.1_1,2023,11,0,0
PRT.11.9.10_1,2023,11,0,0
PRT.11.9.11_1,2023,11,0,0
PRT.11.9.12_1,2023,11,0,0
PRT.11.9.13_1,2023,11,0,0
PRT.11.9.14_1,2023,11,0,0
PRT.11.9.15_1,2023,11,0,0
PRT.11.9.16_1,2023,11,0,0
PRT.11.9.17_1,2023,11,0,0
PRT.11.9.18_1,2023,11,0,0
PRT.11.9.19_1,2023,11,0,0
PRT.11.9.2_1,2023,11,0,0
PRT.11.9.20_1,2023,11,0,0
PRT.11.9.21_1,2023,11,0,0
PRT.11.9.22_1,2023,11,0,0
PRT.11.9.23_1,2023,11,0,0
PRT.11.9.24_1,2023,11,0,0
PRT.11.9.25_1,2023,11,0,0
PRT.11.9.26_1,2023,11,0,0
PRT.11.9.27_1,2023,11,0,0
PRT.11.9.28_1,2023,11,0,0
PRT.11.9.29_1,2023,11,0,0
PRT.11.9.3_1,2023,11,0,0
PRT.11.9.4_1,2023,11,0,0
PRT.11.9.5_1,2023,11,0,0
PRT.11.9.6_1,2023,11,0,0
PRT.11.9.7_1,2023,11,0,0
PRT.11.9.8_1,2023,11,0,0
PRT.11.9.9_1,2023,11,0,0
PRT.12.1.1_1,2023,11,0,0
PRT.12.1.10_1,2023,11,0,0
PRT.12.1.11_1,2023,11,0,0
PRT.12.1.12_1,2023,11,0,0
PRT.12.1.13_1,2023,11,0,0
PRT.12.1.14_1,2023,11,0,0
PRT.12.1.15_1,2023,11,0,0
PRT.12.1.16_1,2023,11,0,0
PRT.12.1.2_1,2023,11,0,0
PRT.12.1.3_1,2023,11,0,0
PRT.12.1.4_1,2023,11,0,0
PRT.12.1.5_1,2023,11,0,0
PRT.12.1.6_1,2023,11,0,0
PRT.12.1.7_1,2023,11,0,0
PRT.12.1.8_1,2023,11,0,0
PRT.12.1.9_1,2023,11,0,0
PRT.12.10.1_1,2023,11,0,0
PRT.12.10.10_1,2023,11,0,0
PRT.12.10.11_1,2023,11,0,0
PRT.12.10.12_1,2023,11,0,0
PRT.12.10.13_1,2023,11,0,0
PRT.12.10.14_1,2023,11,0,0
PRT.12.10.15_1,2023,11,0,0
PRT.12.10.16_1,2023,11,0,0
PRT.12.10.17_1,2023,11,0,0
PRT.12.10.2_1,2023,11,0,0
PRT.12.10.3_1,2023,11,0,0
PRT.12.10.4_1,2023,11,0,0
PRT.12.10.5_1,2023,11,0,0
PRT.12.10.6_1,2023,11,0,0
PRT.12.10.7_1,2023,11,0,0
PRT.12.10.8_1,2023,11,0,0
PRT.12.10.9_1,2023,11,0,0
PRT.12.11.1_1,2023,11,0,0
PRT.12.11.2_1,2023,11,0,0
PRT.12.11.3_1,2023,11,0,0
PRT.12.11.4_1,2023,11,0,0
PRT.12.11.5_1,2023,11,0,0
PRT.12.11.6_1,2023,11,0,0
PRT.12.11.7_1,2023,11,0,0
PRT.12.12.1_1,2023,11,0,0
PRT.12.12.10_1,2023,11,0,0
PRT.12.12.2_1,2023,11,0,0
PRT.12.12.3_1,2023,11,0,0
PRT.12.12.4_1,2023,11,0,0
PRT.12.12.5_1,2023,11,0,0
PRT.12.12.6_1,2023,11,0,0
PRT.12.12.7_1,2023,11,0,0
PRT.12.12.8_1,2023,11,0,0
PRT.12.12.9_1,2023,11,0,0
PRT.12.13.1_1,2023,11,0,0
PRT.12.13.10_1,2023,11,0,0
PRT.12.13.11_1,2023,11,0,0
PRT.12.13.12_1,2023,11,0,0
PRT.12.13.13_1,2023,11,0,0
PRT.12.13.14_1,2023,11,0,0
PRT.12.13.15_1,2023,11,0,0
PRT.12.13.16_1,2023,11,0,0
PRT.12.13.17_1,2023,11,0,0
PRT.12.13.18_1,2023,11,0,0
PRT.12.13.19_1,2023,11,0,0
PRT.12.13.2_1,2023,11,0,0
PRT.12.13.20_1,2023,11,0,0
PRT.12.13.3_1,2023,11,0,0
PRT.12.13.4_1,2023,11,0,0
PRT.12.13.5_1,2023,11,0,0
PRT.12.13.6_1,2023,11,0,0
PRT.12.13.7_1,2023,11,0,0
PRT.12.13.8_1,2023,11,0,0
PRT.12.13.9_1,2023,11,0,0
PRT.12.14.1_1,2023,11,0,0
PRT.12.14.2_1,2023,11,0,0
PRT.12.14.3_1,2023,11,0,0
PRT.12.15.1_1,2023,11,0,0
PRT.12.15.10_1,2023,11,0,0
PRT.12.15.11_1,2023,11,0,0
PRT.12.15.12_1,2023,11,0,0
PRT.12.15.13_1,2023,11,0,0
PRT.12.15.14_1,2023,11,0,0
PRT.12.15.15_1,2023,11,0,0
PRT.12.15.16_1,2023,11,0,0
PRT.12.15.17_1,2023,11,0,0
PRT.12.15.18_1,2023,11,0,0
PRT.12.15.19_1,2023,11,0,0
PRT.12.15.2_1,2023,11,0,0
PRT.12.15.20_1,2023,11,0,0
PRT.12.15.3_1,2023,11,0,0
PRT.12.15.4_1,2023,11,0,0
PRT.12.15.5_1,2023,11,0,0
PRT.12.15.6_1,2023,11,0,0
PRT.12.15.7_1,2023,11,0,0
PRT.12.15.8_1,2023,11,0,0
PRT.12.15.9_1,2023,11,0,0
PRT.12.16.1_1,2023,11,0,0
PRT.12.16.10_1,2023,11,0,0
PRT.12.16.11_1,2023,11,0,0
PRT.12.16.12_1,2023,11,0,0
PRT.12.16.2_1,2023,11,0,0
PRT.12.16.3_1,2023,11,0,0
PRT.12.16.4_1,2023,11,0,0
PRT.12.16.5_1,2023,11,0,0
PRT.12.16.6_1,2023,11,0,0
PRT.12.16.7_1,2023,11,0,0
PRT.12.16.8_1,2023,11,0,0
PRT.12.16.9_1,2023,11,0,0
PRT.12.2.1_1,2023,11,0,0
PRT.12.2.10_1,2023,11,0,0
PRT.12.2.11_1,2023,11,0,0
PRT.12.2.2_1,2023,11,0,0
PRT.12.2.3_1,2023,11,0,0
PRT.12.2.4_1,2023,11,0,0
PRT.12.2.5_1,2023,11,0,0
PRT.12.2.6_1,2023,11,0,0
PRT.12.2.7_1,2023,11,0,0
PRT.12.2.8_1,2023,11,0,0
PRT.12.2.9_1,2023,11,0,0
PRT.12.3.1_1,2023,11,0,0
PRT.12.3.2_1,2023,11,0,0
PRT.12.3.3_1,2023,11,0,0
PRT.12.3.4_1,2023,11,0,0
PRT.12.4.1_1,2023,11,0,0
PRT.12.4.2_1,2023,11,0,0
PRT.12.4.3_1,2023,11,0,0
PRT.12.4.4_1,2023,11,0,0
PRT.12.4.5_1,2023,11,0,0
PRT.12.4.6_1,2023,11,0,0
PRT.12.4.7_1,2023,11,0,0
PRT.12.4.8_1,2023,11,0,0
PRT.12.4.9_1,2023,11,0,0
PRT.12.5.1_1,2023,11,0,0
PRT.12.5.10_1,2023,11,0,0
PRT.12.5.2_1,2023,11,0,0
PRT.12.5.3_1,2023,11,0,0
PRT.12.5.4_1,2023,11,0,0
PRT.12.5.5_1,2023,11,0,0
PRT.12.5.6_1,2023,11,0,0
PRT.12.5.7_1,2023,11,0,0
PRT.12.5.8_1,2023,11,0,0
PRT.12.5.9_1,2023,11,0,0
PRT.12.6.1_1,2023,11,0,0
PRT.12.6.2_1,2023,11,0,0
PRT.12.6.3_1,2023,11,0,0
PRT.12.6.4_1,2023,11,0,0
PRT.12.6.5_1,2023,11,0,0
PRT.12.6.6_1,2023,11,0,0
PRT.12.7.1_1,2023,11,0,0
PRT.12.7.10_1,2023,11,0,0
PRT.12.7.11_1,2023,11,0,0
PRT.12.7.12_1,2023,11,0,0
PRT.12.7.13_1,2023,11,0,0
PRT.12.7.14_1,2023,11,0,0
PRT.12.7.15_1,2023,11,0,0
PRT.12.7.16_1,2023,11,0,0
PRT.12.7.17_1,2023,11,0,0
PRT.12.7.18_1,2023,11,0,0
PRT.12.7.19_1,2023,11,0,0
PRT.12.7.2_1,2023,11,0,0
PRT.12.7.20_1,2023,11,0,0
PRT.12.7.21_1,2023,11,0,0
PRT.12.7.22_1,2023,11,0,0
PRT.12.7.23_1,2023,11,0,0
PRT.12.7.24_1,2023,11,0,0
PRT.12.7.25_1,2023,11,0,0
PRT.12.7.26_1,2023,11,0,0
PRT.12.7.27_1,2023,11,0,0
PRT.12.7.28_1,2023,11,0,0
PRT.12.7.29_1,2023,11,0,0
PRT.12.7.3_1,2023,11,0,0
PRT.12.7.30_1,2023,11,0,0
PRT.12.7.31_1,2023,11,0,0
PRT.12.7.32_1,2023,11,0,0
PRT.12.7.33_1,2023,11,0,0
PRT.12.7.34_1,2023,11,0,0
PRT.12.7.35_1,2023,11,0,0
PRT.12.7.36_1,2023,11,0,0
PRT.12.7.37_1,2023,11,0,0
PRT.12.7.38_1,2023,11,0,0
PRT.12.7.39_1,2023,11,0,0
PRT.12.7.4_1,2023,11,0,0
PRT.12.7.40_1,2023,11,0,0
PRT.12.7.41_1,2023,11,0,0
PRT.12.7.42_1,2023,11,0,0
PRT.12.7.43_1,2023,11,0,0
PRT.12.7.44_1,2023,11,0,0
PRT.12.7.45_1,2023,11,0,0
PRT.12.7.46_1,2023,11,0,0
PRT.12.7.47_1,2023,11,0,0
PRT.12.7.48_1,2023,11,0,0
PRT.12.7.49_1,2023,11,0,0
PRT.12.7.5_1,2023,11,0,0
PRT.12.7.50_1,2023,11,0,0
PRT.12.7.51_1,2023,11,0,0
PRT.12.7.52_1,2023,11,0,0
PRT.12.7.53_1,2023,11,0,0
PRT.12.7.6_1,2023,11,0,0
PRT.12.7.7_1,2023,11,0,0
PRT.12.7.8_1,2023,11,0,0
PRT.12.7.9_1,2023,11,0,0
PRT.12.8.1_1,2023,11,0,0
PRT.12.8.10_1,2023,11,0,0
PRT.12.8.11_1,2023,11,0,0
PRT.12.8.12_1,2023,11,0,0
PRT.12.8.13_1,2023,11,0,0
PRT.12.8.14_1,2023,11,0,0
PRT.12.8.15_1,2023,11,0,0
PRT.12.8.16_1,2023,11,0,0
PRT.12.8.17_1,2023,11,0,0
PRT.12.8.2_1,2023,11,0,0
PRT.12.8.3_1,2023,11,0,0
PRT.12.8.4_1,2023,11,0,0
PRT.12.8.5_1,2023,11,0,0
PRT.12.8.6_1,2023,11,0,0
PRT.12.8.7_1,2023,11,0,0
PRT.12.8.8_1,2023,11,0,0
PRT.12.8.9_1,2023,11,0,0
PRT.12.9.1_1,2023,11,0,0
PRT.12.9.10_1,2023,11,0,0
PRT.12.9.11_1,2023,11,0,0
PRT.12.9.2_1,2023,11,0,0
PRT.12.9.3_1,2023,11,0,0
PRT.12.9.4_1,2023,11,0,0
PRT.12.9.5_1,2023,11,0,0
PRT.12.9.6_1,2023,11,0,0
PRT.12.9.7_1,2023,11,0,0
PRT.12.9.8_1,2023,11,0,0
PRT.12.9.9_1,2023,11,0,0
PRT.14.1.1_1,2023,11,0,0
PRT.14.1.2_1,2023,11,0,0
PRT.14.1.3_1,2023,11,0,0
PRT.14.1.4_1,2023,11,0,0
PRT.14.10.1_1,2023,11,0,0
PRT.14.10.2_1,2023,11,0,0
PRT.14.10.3_1,2023,11,0,0
PRT.14.10.4_1,2023,11,0,0
PRT.14.11.1_1,2023,11,0,0
PRT.14.11.2_1,2023,11,0,0
PRT.14.11.3_1,2023,11,0,0
PRT.14.11.4_1,2023,11,0,0
PRT.14.12.1_1,2023,11,0,0
PRT.14.12.10_1,2023,11,0,0
PRT.14.12.2_1,2023,11,0,0
PRT.14.12.3_1,2023,11,0,0
PRT.14.12.4_1,2023,11,0,0
PRT.14.12.5_1,2023,11,0,0
PRT.14.12.6_1,2023,11,0,0
PRT.14.12.7_1,2023,11,0,0
PRT.14.12.8_1,2023,11,0,0
PRT.14.12.9_1,2023,11,0,0
PRT.14.13.1_1,2023,11,0,0
PRT.14.13.2_1,2023,11,0,0
PRT.14.13.3_1,2023,11,0,0
PRT.14.13.4_1,2023,11,0,0
PRT.14.13.5_1,2023,11,0,0
PRT.14.13.6_1,2023,11,0,0
PRT.14.13.7_1,2023,11,0,0
PRT.14.14.1_1,2023,11,0,0
PRT.14.14.10_1,2023,11,0,0
PRT.14.14.2_1,2023,11,0,0
PRT.14.14.3_1,2023,11,0,0
PRT.14.14.4_1,2023,11,0,0
PRT.14.14.5_1,2023,11,0,0
PRT.14.14.6_1,2023,11,0,0
PRT.14.14.7_1,2023,11,0,0
PRT.14.14.8_1,2023,11,0,0
PRT.14.14.9_1,2023,11,0,0
PRT.14.15.1_1,2023,11,0,0
PRT.14.15.2_1,2023,11,0,0
PRT.14.15.3_1,2023,11,0,0
PRT.14.15.4_1,2023,11,0,0
PRT.14.2.1_1,2023,11,0,0
PRT.14.2.2_1,2023,11,0,0
PRT.14.2.3_1,2023,11,0,0
PRT.14.3.1_1,2023,11,0,0
PRT.14.3.2_1,2023,11,0,0
PRT.14.3.3_1,2023,11,0,0
PRT.14.3.4_1,2023,11,0,0
PRT.14.3.5_1,2023,11,0,0
PRT.14.3.6_1,2023,11,0,0
PRT.14.3.7_1,2023,11,0,0
PRT.14.3.8_1,2023,11,0,0
PRT.14.4.1_1,2023,11,0,0
PRT.14.4.2_1,2023,11,0,0
PRT.14.4.3_1,2023,11,0,0
PRT.14.5.1_1,2023,11,0,0
PRT.14.5.2_1,2023,11,0,0
PRT.14.5.3_1,2023,11,0,0
PRT.14.5.4_1,2023,11,0,0
PRT.14.6.1_1,2023,11,0,0
PRT.14.6.2_1,2023,11,0,0
PRT.14.6.3_1,2023,11,0,0
PRT.14.6.4_1,2023,11,0,0
PRT.14.6.5_1,2023,11,0,0
PRT.14.6.6_1,2023,11,0,0
PRT.14.7.1_1,2023,11,0,0
PRT.14.7.10_1,2023,11,0,0
PRT.14.7.11_1,2023,11,0,0
PRT.14.7.2_1,2023,11,0,0
PRT.14.7.3_1,2023,11,0,0
PRT.14.7.4_1,2023,11,0,0
PRT.14.7.5_1,2023,11,0,0
PRT.14.7.6_1,2023,11,0,0
PRT.14.7.7_1,2023,11,0,0
PRT.14.7.8_1,2023,11,0,0
PRT.14.7.9_1,2023,11,0,0
PRT.14.8.1_1,2023,11,0,0
PRT.14.8.2_1,2023,11,0,0
PRT.14.8.3_1,2023,11,0,0
PRT.14.9.1_1,2023,11,0,0
PRT.14.9.2_1,2023,11,0,0
PRT.14.9.3_1,2023,11,0,0
PRT.14.9.4_1,2023,11,0,0
PRT.14.9.5_1,2023,11,0,0
PRT.15.1.1_1,2023,11,0,0
PRT.15.1.10_1,2023,11,0,0
PRT.15.1.11_1,2023,11,0,0
PRT.15.1.12_1,2023,11,0,0
PRT.15.1.13_1,2023,11,0,0
PRT.15.1.14_1,2023,11,0,0
PRT.15.1.15_1,2023,11,0,0
PRT.15.1.16_1,2023,11,0,0
PRT.15.1.17_1,2023,11,0,0
PRT.15.1.18_1,2023,11,0,0
PRT.15.1.19_1,2023,11,0,0
PRT.15.1.2_1,2023,11,0,0
PRT.15.1.20_1,2023,11,0,0
PRT.15.1.21_1,2023,11,0,0
PRT.15.1.22_1,2023,11,0,0
PRT.15.1.23_1,2023,11,0,0
PRT.15.1.24_1,2023,11,0,0
PRT.15.1.25_1,2023,11,0,0
PRT.15.1.26_1,2023,11,0,0
PRT.15.1.27_1,2023,11,0,0
PRT.15.1.28_1,2023,11,0,0
PRT.15.1.29_1,2023,11,0,0
PRT.15.1.3_1,2023,11,0,0
PRT.15.1.30_1,2023,11,0,0
PRT.15.1.31_1,2023,11,0,0
PRT.15.1.32_1,2023,11,0,0
PRT.15.1.33_1,2023,11,0,0
PRT.15.1.34_1,2023,11,0,0
PRT.15.1.35_1,2023,11,0,0
PRT.15.1.36_1,2023,11,0,0
PRT.15.1.37_1,2023,11,0,0
PRT.15.1.38_1,2023,11,0,0
PRT.15.1.39_1,2023,11,0,0
PRT.15.1.4_1,2023,11,0,0
PRT.15.1.40_1,2023,11,0,0
PRT.15.1.5_1,2023,11,0,0
PRT.15.1.6_1,2023,11,0,0
PRT.15.1.7_1,2023,11,0,0
PRT.15.1.8_1,2023,11,0,0
PRT.15.1.9_1,2023,11,0,0
PRT.15.10.1_1,2023,11,0,0
PRT.15.10.10_1,2023,11,0,0
PRT.15.10.11_1,2023,11,0,0
PRT.15.10.12_1,2023,11,0,0
PRT.15.10.13_1,2023,11,0,0
PRT.15.10.14_1,2023,11,0,0
PRT.15.10.15_1,2023,11,0,0
PRT.15.10.16_1,2023,11,0,0
PRT.15.10.17_1,2023,11,0,0
PRT.15.10.18_1,2023,11,0,0
PRT.15.10.19_1,2023,11,0,0
PRT.15.10.2_1,2023,11,0,0
PRT.15.10.20_1,2023,11,0,0
PRT.15.10.21_1,2023,11,0,0
PRT.15.10.22_1,2023,11,0,0
PRT.15.10.23_1,2023,11,0,0
PRT.15.10.24_1,2023,11,0,0
PRT.15.10.3_1,2023,11,0,0
PRT.15.10.4_1,2023,11,0,0
PRT.15.10.5_1,2023,11,0,0
PRT.15.10.6_1,2023,11,0,0
PRT.15.10.7_1,2023,11,0,0
PRT.15.10.8_1,2023,11,0,0
PRT.15.10.9_1,2023,11,0,0
PRT.15.11.1_1,2023,11,0,0
PRT.15.11.10_1,2023,11,0,0
PRT.15.11.11_1,2023,11,0,0
PRT.15.11.12_1,2023,11,0,0
PRT.15.11.13_1,2023,11,0,0
PRT.15.11.14_1,2023,11,0,0
PRT.15.11.15_1,2023,11,0,0
PRT.15.11.16_1,2023,11,0,0
PRT.15.11.17_1,2023,11,0,0
PRT.15.11.18_1,2023,11,0,0
PRT.15.11.19_1,2023,11,0,0
PRT.15.11.2_1,2023,11,0,0
PRT.15.11.20_1,2023,11,0,0
PRT.15.11.21_1,2023,11,0,0
PRT.15.11.22_1,2023,11,0,0
PRT.15.11.23_1,2023,11,0,0
PRT.15.11.24_1,2023,11,0,0
PRT.15.11.25_1,2023,11,0,0
PRT.15.11.26_1,2023,11,0,0
PRT.15.11.27_1,2023,11,0,0
PRT.15.11.28_1,2023,11,0,0
PRT.15.11.29_1,2023,11,0,0
PRT.15.11.3_1,2023,11,0,0
PRT.15.11.30_1,2023,11,0,0
PRT.15.11.31_1,2023,11,0,0
PRT.15.11.32_1,2023,11,0,0
PRT.15.11.33_1,2023,11,0,0
PRT.15.11.34_1,2023,11,0,0
PRT.15.11.35_1,2023,11,0,0
PRT.15.11.36_1,2023,11,0,0
PRT.15.11.37_1,2023,11,0,0
PRT.15.11.38_1,2023,11,0,0
PRT.15.11.4_1,2023,11,0,0
PRT.15.11.5_1,2023,11,0,0
PRT.15.11.6_1,2023,11,0,0
PRT.15.11.7_1,2023,11,0,0
PRT.15.11.8_1,2023,11,0,0
PRT.15.11.9_1,2023,11,0,0
PRT.15.12.1_1,2023,11,0,0
PRT.15.12.10_1,2023,11,0,0
PRT.15.12.11_1,2023,11,0,0
PRT.15.12.12_1,2023,11,0,0
PRT.15.12.13_1,2023,11,0,0
PRT.15.12.14_1,2023,11,0,0
PRT.15.12.15_1,2023,11,0,0
PRT.15.12.2_1,2023,11,0,0
PRT.15.12.3_1,2023,11,0,0
PRT.15.12.4_1,2023,11,0,0
PRT.15.12.5_1,2023,11,0,0
PRT.15.12.6_1,2023,11,0,0
PRT.15.12.7_1,2023,11,0,0
PRT.15.12.8_1,2023,11,0,0
PRT.15.12.9_1,2023,11,0,0
PRT.15.13.1_1,2023,11,0,0
PRT.15.13.10_1,2023,11,0,0
PRT.15.13.11_1,2023,11,0,0
PRT.15.13.12_1,2023,11,0,0
PRT.15.13.3_1,2023,11,0,0
PRT.15.13.4_1,2023,11,0,0
PRT.15.13.5_1,2023,11,0,0
PRT.15.13.6_1,2023,11,0,0
PRT.15.13.7_1,2023,11,0,0
PRT.15.13.8_1,2023,11,0,0
PRT.15.13.9_1,2023,11,0,0
PRT.15.14.1_1,2023,11,0,0
PRT.15.14.10_1,2023,11,0,0
PRT.15.14.11_1,2023,11,0,0
PRT.15.14.12_1,2023,11,0,0
PRT.15.14.13_1,2023,11,0,0
PRT.15.14.14_1,2023,11,0,0
PRT.15.14.15_1,2023,11,0,0
PRT.15.14.16_1,2023,11,0,0
PRT.15.14.17_1,2023,11,0,0
PRT.15.14.18_1,2023,11,0,0
PRT.15.14.19_1,2023,11,0,0
PRT.15.14.2_1,2023,11,0,0
PRT.15.14.20_1,2023,11,0,0
PRT.15.14.21_1,2023,11,0,0
PRT.15.14.22_1,2023,11,0,0
PRT.15.14.23_1,2023,11,0,0
PRT.15.14.24_1,2023,11,0,0
PRT.15.14.3_1,2023,11,0,0
PRT.15.14.4_1,2023,11,0,0
PRT.15.14.5_1,2023,11,0,0
PRT.15.14.6_1,2023,11,0,0
PRT.15.14.7_1,2023,11,0,0
PRT.15.14.8_1,2023,11,0,0
PRT.15.14.9_1,2023,11,0,0
PRT.15.15.1_1,2023,11,0,0
PRT.15.15.2_1,2023,11,0,0
PRT.15.15.3_1,2023,11,0,0
PRT.15.15.4_1,2023,11,0,0
PRT.15.15.5_1,2023,11,0,0
PRT.15.15.6_1,2023,11,0,0
PRT.15.15.7_1,2023,11,0,0
PRT.15.15.8_1,2023,11,0,0
PRT.15.16.1_1,2023,11,0,0
PRT.15.16.2_1,2023,11,0,0
PRT.15.16.3_1,2023,11,0,0
PRT.15.16.4_1,2023,11,0,0
PRT.15.16.5_1,2023,11,0,0
PRT.15.17.1_1,2023,11,0,0
PRT.15.17.10_1,2023,11,0,0
PRT.15.17.11_1,2023,11,0,0
PRT.15.17.12_1,2023,11,0,0
PRT.15.17.13_1,2023,11,0,0
PRT.15.17.14_1,2023,11,0,0
PRT.15.17.15_1,2023,11,0,0
PRT.15.17.16_1,2023,11,0,0
PRT.15.17.17_1,2023,11,0,0
PRT.15.17.18_1,2023,11,0,0
PRT.15.17.19_1,2023,11,0,0
PRT.15.17.2_1,2023,11,0,0
PRT.15.17.20_1,2023,11,0,0
PRT.15.17.21_1,2023,11,0,0
PRT.15.17.22_1,2023,11,0,0
PRT.15.17.23_1,2023,11,0,0
PRT.15.17.24_1,2023,11,0,0
PRT.15.17.25_1,2023,11,0,0
PRT.15.17.26_1,2023,11,0,0
PRT.15.17.27_1,2023,11,0,0
PRT.15.17.28_1,2023,11,0,0
PRT.15.17.29_1,2023,11,0,0
PRT.15.17.3_1,2023,11,0,0
PRT.15.17.30_1,2023,11,0,0
PRT.15.17.4_1,2023,11,0,0
PRT.15.17.5_1,2023,11,0,0
PRT.15.17.6_1,2023,11,0,0
PRT.15.17.7_1,2023,11,0,0
PRT.15.17.8_1,2023,11,0,0
PRT.15.17.9_1,2023,11,0,0
PRT.15.18.1_1,2023,11,0,0
PRT.15.18.10_1,2023,11,0,0
PRT.15.18.11_1,2023,11,0,0
PRT.15.18.12_1,2023,11,0,0
PRT.15.18.13_1,2023,11,0,0
PRT.15.18.14_1,2023,11,0,0
PRT.15.18.15_1,2023,11,0,0
PRT.15.18.16_1,2023,11,0,0
PRT.15.18.17_1,2023,11,0,0
PRT.15.18.18_1,2023,11,0,0
PRT.15.18.19_1,2023,11,0,0
PRT.15.18.2_1,2023,11,0,0
PRT.15.18.20_1,2023,11,0,0
PRT.15.18.21_1,2023,11,0,0
PRT.15.18.22_1,2023,11,0,0
PRT.15.18.23_1,2023,11,0,0
PRT.15.18.24_1,2023,11,0,0
PRT.15.18.3_1,2023,11,0,0
PRT.15.18.4_1,2023,11,0,0
PRT.15.18.5_1,2023,11,0,0
PRT.15.18.6_1,2023,11,0,0
PRT.15.18.7_1,2023,11,0,0
PRT.15.18.8_1,2023,11,0,0
PRT.15.18.9_1,2023,11,0,0
PRT.15.2.1_1,2023,11,0,0
PRT.15.2.10_1,2023,11,0,0
PRT.15.2.11_1,2023,11,0,0
PRT.15.2.12_1,2023,11,0,0
PRT.15.2.13_1,2023,11,0,0
PRT.15.2.14_1,2023,11,0,0
PRT.15.2.15_1,2023,11,0,0
PRT.15.2.16_1,2023,11,0,0
PRT.15.2.17_1,2023,11,0,0
PRT.15.2.18_1,2023,11,0,0
PRT.15.2.19_1,2023,11,0,0
PRT.15.2.2_1,2023,11,0,0
PRT.15.2.20_1,2023,11,0,0
PRT.15.2.3_1,2023,11,0,0
PRT.15.2.4_1,2023,11,0,0
PRT.15.2.5_1,2023,11,0,0
PRT.15.2.6_1,2023,11,0,0
PRT.15.2.7_1,2023,11,0,0
PRT.15.2.8_1,2023,11,0,0
PRT.15.2.9_1,2023,11,0,0
PRT.15.3.1_1,2023,11,0,0
PRT.15.3.10_1,2023,11,0,0
PRT.15.3.11_1,2023,11,0,0
PRT.15.3.12_1,2023,11,0,0
PRT.15.3.13_1,2023,11,0,0
PRT.15.3.14_1,2023,11,0,0
PRT.15.3.15_1,2023,11,0,0
PRT.15.3.16_1,2023,11,0,0
PRT.15.3.17_1,2023,11,0,0
PRT.15.3.18_1,2023,11,0,0
PRT.15.3.19_1,2023,11,0,0
PRT.15.3.2_1,2023,11,0,0
PRT.15.3.20_1,2023,11,0,0
PRT.15.3.21_1,2023,11,0,0
PRT.15.3.22_1,2023,11,0,0
PRT.15.3.23_1,2023,11,0,0
PRT.15.3.24_1,2023,11,0,0
PRT.15.3.25_1,2023,11,0,0
PRT.15.3.26_1,2023,11,0,0
PRT.15.3.27_1,2023,11,0,0
PRT.15.3.28_1,2023,11,0,0
PRT.15.3.29_1,2023,11,0,0
PRT.15.3.3_1,2023,11,0,0
PRT.15.3.30_1,2023,11,0,0
PRT.15.3.31_1,2023,11,0,0
PRT.15.3.32_1,2023,11,0,0
PRT.15.3.4_1,2023,11,0,0
PRT.15.3.5_1,2023,11,0,0
PRT.15.3.6_1,2023,11,0,0
PRT.15.3.7_1,2023,11,0,0
PRT.15.3.8_1,2023,11,0,0
PRT.15.3.9_1,2023,11,0,0
PRT.15.4.1_1,2023,11,0,0
PRT.15.4.10_1,2023,11,0,0
PRT.15.4.11_1,2023,11,0,0
PRT.15.4.12_1,2023,11,0,0
PRT.15.4.2_1,2023,11,0,0
PRT.15.4.3_1,2023,11,0,0
PRT.15.4.4_1,2023,11,0,0
PRT.15.4.5_1,2023,11,0,0
PRT.15.4.6_1,2023,11,0,0
PRT.15.4.7_1,2023,11,0,0
PRT.15.4.8_1,2023,11,0,0
PRT.15.4.9_1,2023,11,0,0
PRT.15.5.1_1,2023,11,0,0
PRT.15.5.10_1,2023,11,0,0
PRT.15.5.11_1,2023,11,0,0
PRT.15.5.12_1,2023,11,0,0
PRT.15.5.13_1,2023,11,0,0
PRT.15.5.14_1,2023,11,0,0
PRT.15.5.15_1,2023,11,0,0
PRT.15.5.16_1,2023,11,0,0
PRT.15.5.17_1,2023,11,0,0
PRT.15.5.18_1,2023,11,0,0
PRT.15.5.19_1,2023,11,0,0
PRT.15.5.2_1,2023,11,0,0
PRT.15.5.20_1,2023,11,0,0
PRT.15.5.21_1,2023,11,0,0
PRT.15.5.22_1,2023,11,0,0
PRT.15.5.23_1,2023,11,0,0
PRT.15.5.24_1,2023,11,0,0
PRT.15.5.25_1,2023,11,0,0
PRT.15.5.3_1,2023,11,0,0
PRT.15.5.4_1,2023,11,0,0
PRT.15.5.5_1,2023,11,0,0
PRT.15.5.6_1,2023,11,0,0
PRT.15.5.7_1,2023,11,0,0
PRT.15.5.8_1,2023,11,0,0
PRT.15.5.9_1,2023,11,0,0
PRT.15.6.1_1,2023,11,0,0
PRT.15.6.10_1,2023,11,0,0
PRT.15.6.11_1,2023,11,0,0
PRT.15.6.12_1,2023,11,0,0
PRT.15.6.13_1,2023,11,0,0
PRT.15.6.14_1,2023,11,0,0
PRT.15.6.15_1,2023,11,0,0
PRT.15.6.16_1,2023,11,0,0
PRT.15.6.17_1,2023,11,0,0
PRT.15.6.2_1,2023,11,0,0
PRT.15.6.3_1,2023,11,0,0
PRT.15.6.4_1,2023,11,0,0
PRT.15.6.5_1,2023,11,0,0
PRT.15.6.6_1,2023,11,0,0
PRT.15.6.7_1,2023,11,0,0
PRT.15.6.8_1,2023,11,0,0
PRT.15.6.9_1,2023,11,0,0
PRT.15.7.1_1,2023,11,0,0
PRT.15.7.10_1,2023,11,0,0
PRT.15.7.11_1,2023,11,0,0
PRT.15.7.12_1,2023,11,0,0
PRT.15.7.13_1,2023,11,0,0
PRT.15.7.14_1,2023,11,0,0
PRT.15.7.15_1,2023,11,0,0
PRT.15.7.16_1,2023,11,0,0
PRT.15.7.17_1,2023,11,0,0
PRT.15.7.18_1,2023,11,0,0
PRT.15.7.19_1,2023,11,0,0
PRT.15.7.2_1,2023,11,0,0
PRT.15.7.20_1,2023,11,0,0
PRT.15.7.21_1,2023,11,0,0
PRT.15.7.22_1,2023,11,0,0
PRT.15.7.23_1,2023,11,0,0
PRT.15.7.24_1,2023,11,0,0
PRT.15.7.25_1,2023,11,0,0
PRT.15.7.26_1,2023,11,0,0
PRT.15.7.27_1,2023,11,0,0
PRT.15.7.28_1,2023,11,0,0
PRT.15.7.29_1,2023,11,0,0
PRT.15.7.3_1,2023,11,0,0
PRT.15.7.30_1,2023,11,0,0
PRT.15.7.31_1,2023,11,0,0
PRT.15.7.4_1,2023,11,0,0
PRT.15.7.5_1,2023,11,0,0
PRT.15.7.6_1,2023,11,0,0
PRT.15.7.7_1,2023,11,0,0
PRT.15.7.8_1,2023,11,0,0
PRT.15.7.9_1,2023,11,0,0
PRT.15.8.1_1,2023,11,0,0
PRT.15.8.10_1,2023,11,0,0
PRT.15.8.2_1,2023,11,0,0
PRT.15.8.3_1,2023,11,0,0
PRT.15.8.4_1,2023,11,0,0
PRT.15.8.5_1,2023,11,0,0
PRT.15.8.6_1,2023,11,0,0
PRT.15.8.7_1,2023,11,0,0
PRT.15.8.8_1,2023,11,0,0
PRT.15.8.9_1,2023,11,0,0
PRT.15.9.1_1,2023,11,0,0
PRT.15.9.10_1,2023,11,0,0
PRT.15.9.11_1,2023,11,0,0
PRT.15.9.12_1,2023,11,0,0
PRT.15.9.13_1,2023,11,0,0
PRT.15.9.14_1,2023,11,0,0
PRT.15.9.15_1,2023,11,0,0
PRT.15.9.16_1,2023,11,0,0
PRT.15.9.2_1,2023,11,0,0
PRT.15.9.3_1,2023,11,0,0
PRT.15.9.4_1,2023,11,0,0
PRT.15.9.5_1,2023,11,0,0
PRT.15.9.6_1,2023,11,0,0
PRT.15.9.7_1,2023,11,0,0
PRT.15.9.8_1,2023,11,0,0
PRT.15.9.9_1,2023,11,0,0
PRT.16.1.1_1,2023,11,0,0
PRT.16.1.10_1,2023,11,0,0
PRT.16.1.11_1,2023,11,0,0
PRT.16.1.12_1,2023,11,0,0
PRT.16.1.13_1,2023,11,0,0
PRT.16.1.14_1,2023,11,0,0
PRT.16.1.15_1,2023,11,0,0
PRT.16.1.16_1,2023,11,0,0
PRT.16.1.17_1,2023,11,0,0
PRT.16.1.18_1,2023,11,0,0
PRT.16.1.19_1,2023,11,0,0
PRT.16.1.2_1,2023,11,0,0
PRT.16.1.3_1,2023,11,0,0
PRT.16.1.4_1,2023,11,0,0
PRT.16.1.5_1,2023,11,0,0
PRT.16.1.6_1,2023,11,0,0
PRT.16.1.7_1,2023,11,0,0
PRT.16.1.8_1,2023,11,0,0
PRT.16.1.9_1,2023,11,0,0
PRT.16.10.1_1,2023,11,0,0
PRT.16.10.2_1,2023,11,0,0
PRT.16.11.1_1,2023,11,0,0
PRT.16.11.2_1,2023,11,0,0
PRT.16.11.3_1,2023,11,0,0
PRT.16.11.4_1,2023,11,0,0
PRT.16.11.5_1,2023,11,0,0
PRT.16.11.6_1,2023,11,0,0
PRT.16.11.7_1,2023,11,0,0
PRT.16.11.8_1,2023,11,0,0
PRT.16.11.9_1,2023,11,0,0
PRT.16.12.1_1,2023,11,0,0
PRT.16.12.2_1,2023,11,0,0
PRT.16.13.1_1,2023,11,0,0
PRT.16.13.2_1,2023,11,0,0
PRT.16.13.3_1,2023,11,0,0
PRT.16.13.4_1,2023,11,0,0
PRT.16.13.5_1,2023,11,0,0
PRT.16.13.6_1,2023,11,0,0
PRT.16.13.7_1,2023,11,0,0
PRT.16.13.8_1,2023,11,0,0
PRT.16.14.1_1,2023,11,0,0
PRT.16.14.10_1,2023,11,0,0
PRT.16.14.11_1,2023,11,0,0
PRT.16.14.12_1,2023,11,0,0
PRT.16.14.13_1,2023,11,0,0
PRT.16.14.14_1,2023,11,0,0
PRT.16.14.15_1,2023,11,0,0
PRT.16.14.16_1,2023,11,0,0
PRT.16.14.17_1,2023,11,0,0
PRT.16.14.18_1,2023,11,0,0
PRT.16.14.2_1,2023,11,0,0
PRT.16.14.3_1,2023,11,0,0
PRT.16.14.4_1,2023,11,0,0
PRT.16.14.5_1,2023,11,0,0
PRT.16.14.6_1,2023,11,0,0
PRT.16.14.7_1,2023,11,0,0
PRT.16.14.8_1,2023,11,0,0
PRT.16.14.9_1,2023,11,0,0
PRT.16.15.1_1,2023,11,0,0
PRT.16.15.10_1,2023,11,0,0
PRT.16.15.11_1,2023,11,0,0
PRT.16.15.12_1,2023,11,0,0
PRT.16.15.13_1,2023,11,0,0
PRT.16.15.14_1,2023,11,0,0
PRT.16.15.2_1,2023,11,0,0
PRT.16.15.3_1,2023,11,0,0
PRT.16.15.4_1,2023,11,0,0
PRT.16.15.5_1,2023,11,0,0
PRT.16.15.6_1,2023,11,0,0
PRT.16.15.7_1,2023,11,0,0
PRT.16.15.8_1,2023,11,0,0
PRT.16.15.9_1,2023,11,0,0
PRT.16.16.1_1,2023,11,0,0
PRT.16.16.2_1,2023,11,0,0
PRT.16.16.3_1,2023,11,0,0
PRT.16.16.4_1,2023,11,0,0
PRT.16.16.5_1,2023,11,0,0
PRT.16.16.6_1,2023,11,0,0
PRT.16.17.1_1,2023,11,0,0
PRT.16.17.10_1,2023,11,0,0
PRT.16.17.11_1,2023,11,0,0
PRT.16.17.12_1,2023,11,0,0
PRT.16.17.13_1,2023,11,0,0
PRT.16.17.14_1,2023,11,0,0
PRT.16.17.15_1,2023,11,0,0
PRT.16.17.16_1,2023,11,0,0
PRT.16.17.17_1,2023,11,0,0
PRT.16.17.18_1,2023,11,0,0
PRT.16.17.19_1,2023,11,0,0
PRT.16.17.2_1,2023,11,0,0
PRT.16.17.20_1,2023,11,0,0
PRT.16.17.21_1,2023,11,0,0
PRT.16.17.22_1,2023,11,0,0
PRT.16.17.23_1,2023,11,0,0
PRT.16.17.24_1,2023,11,0,0
PRT.16.17.25_1,2023,11,0,0
PRT.16.17.26_1,2023,11,0,0
PRT.16.17.27_1,2023,11,0,0
PRT.16.17.28_1,2023,11,0,0
PRT.16.17.3_1,2023,11,0,0
PRT.16.17.4_1,2023,11,0,0
PRT.16.17.5_1,2023,11,0,0
PRT.16.17.6_1,2023,11,0,0
PRT.16.17.7_1,2023,11,0,0
PRT.16.17.8_1,2023,11,0,0
PRT.16.17.9_1,2023,11,0,0
PRT.16.18.1_1,2023,11,0,0
PRT.16.18.2_1,2023,11,0,0
PRT.16.18.3_1,2023,11,0,0
PRT.16.18.4_1,2023,11,0,0
PRT.16.19.1_1,2023,11,0,0
PRT.16.19.10_1,2023,11,0,0
PRT.16.19.11_1,2023,11,0,0
PRT.16.19.12_1,2023,11,0,0
PRT.16.19.13_1,2023,11,0,0
PRT.16.19.14_1,2023,11,0,0
PRT.16.19.15_1,2023,11,0,0
PRT.16.19.16_1,2023,11,0,0
PRT.16.19.2_1,2023,11,0,0
PRT.16.19.3_1,2023,11,0,0
PRT.16.19.4_1,2023,11,0,0
PRT.16.19.5_1,2023,11,0,0
PRT.16.19.6_1,2023,11,0,0
PRT.16.19.7_1,2023,11,0,0
PRT.16.19.8_1,2023,11,0,0
PRT.16.19.9_1,2023,11,0,0
PRT.16.2.1_1,2023,11,0,0
PRT.16.2.10_1,2023,11,0,0
PRT.16.2.2_1,2023,11,0,0
PRT.16.2.3_1,2023,11,0,0
PRT.16.2.4_1,2023,11,0,0
PRT.16.2.5_1,2023,11,0,0
PRT.16.2.6_1,2023,11,0,0
PRT.16.2.7_1,2023,11,0,0
PRT.16.2.8_1,2023,11,0,0
PRT.16.2.9_1,2023,11,0,0
PRT.16.20.1_1,2023,11,0,0
PRT.16.20.10_1,2023,11,0,0
PRT.16.20.11_1,2023,11,0,0
PRT.16.20.12_1,2023,11,0,0
PRT.16.20.13_1,2023,11,0,0
PRT.16.20.14_1,2023,11,0,0
PRT.16.20.15_1,2023,11,0,0
PRT.16.20.16_1,2023,11,0,0
PRT.16.20.17_1,2023,11,0,0
PRT.16.20.2_1,2023,11,0,0
PRT.16.20.3_1,2023,11,0,0
PRT.16.20.4_1,2023,11,0,0
PRT.16.20.5_1,2023,11,0,0
PRT.16.20.6_1,2023,11,0,0
PRT.16.20.7_1,2023,11,0,0
PRT.16.20.8_1,2023,11,0,0
PRT.16.20.9_1,2023,11,0,0
PRT.16.21.1_1,2023,11,0,0
PRT.16.21.2_1,2023,11,0,0
PRT.16.21.3_1,2023,11,0,0
PRT.16.21.4_1,2023,11,0,0
PRT.16.21.5_1,2023,11,0,0
PRT.16.3.1_1,2023,11,0,0
PRT.16.3.2_1,2023,11,0,0
PRT.16.3.3_1,2023,11,0,0
PRT.16.3.4_1,2023,11,0,0
PRT.16.4.1_1,2023,11,0,0
PRT.16.5.1_1,2023,11,0,0
PRT.16.5.2_1,2023,11,0,0
PRT.16.5.3_1,2023,11,0,0
PRT.16.5.4_1,2023,11,0,0
PRT.16.6.1_1,2023,11,0,0
PRT.16.6.2_1,2023,11,0,0
PRT.16.6.3_1,2023,11,0,0
PRT.16.6.4_1,2023,11,0,0
PRT.16.6.5_1,2023,11,0,0
PRT.16.6.6_1,2023,11,0,0
PRT.16.6.7_1,2023,11,0,0
PRT.16.6.8_1,2023,11,0,0
PRT.16.7.1_1,2023,11,0,0
PRT.16.7.2_1,2023,11,0,0
PRT.16.7.3_1,2023,11,0,0
PRT.16.7.4_1,2023,11,0,0
PRT.16.7.5_1,2023,11,0,0
PRT.16.7.6_1,2023,11,0,0
PRT.16.7.7_1,2023,11,0,0
PRT.16.8.1_1,2023,11,0,0
PRT.16.8.2_1,2023,11,0,0
PRT.16.8.3_1,2023,11,0,0
PRT.16.9.1_1,2023,11,0,0
PRT.16.9.2_1,2023,11,0,0
PRT.16.9.3_1,2023,11,0,0
PRT.16.9.4_1,2023,11,0,0
PRT.16.9.5_1,2023,11,0,0
PRT.16.9.6_1,2023,11,0,0
PRT.16.9.7_1,2023,11,0,0
PRT.16.9.8_1,2023,11,0,0
PRT.17.1.1_1,2023,11,0,0
PRT.17.1.2_1,2023,11,0,0
PRT.17.1.3_1,2023,11,0,0
PRT.17.1.4_1,2023,11,0,0
PRT.17.1.5_1,2023,11,0,0
PRT.17.1.6_1,2023,11,0,0
PRT.17.10.1_1,2023,11,0,0
PRT.17.10.2_1,2023,11,0,0
PRT.17.10.3_1,2023,11,0,0
PRT.17.10.4_1,2023,11,0,0
PRT.17.10.5_1,2023,11,0,0
PRT.17.10.6_1,2023,11,0,0
PRT.17.11.1_1,2023,11,0,0
PRT.17.11.2_1,2023,11,0,0
PRT.17.11.3_1,2023,11,0,0
PRT.17.12.1_1,2023,11,0,0
PRT.17.12.2_1,2023,11,0,0
PRT.17.12.3_1,2023,11,0,0
PRT.17.12.4_1,2023,11,0,0
PRT.17.12.5_1,2023,11,0,0
PRT.17.12.6_1,2023,11,0,0
PRT.17.12.7_1,2023,11,0,0
PRT.17.12.8_1,2023,11,0,0
PRT.17.13.1_1,2023,11,0,0
PRT.17.13.2_1,2023,11,0,0
PRT.17.2.1_1,2023,11,0,0
PRT.17.2.2_1,2023,11,0,0
PRT.17.2.3_1,2023,11,0,0
PRT.17.3.1_1,2023,11,0,0
PRT.17.3.10_1,2023,11,0,0
PRT.17.3.11_1,2023,11,0,0
PRT.17.3.2_1,2023,11,0,0
PRT.17.3.3_1,2023,11,0,0
PRT.17.3.4_1,2023,11,0,0
PRT.17.3.5_1,2023,11,0,0
PRT.17.3.6_1,2023,11,0,0
PRT.17.3.7_1,2023,11,0,0
PRT.17.3.8_1,2023,11,0,0
PRT.17.3.9_1,2023,11,0,0
PRT.17.4.1_1,2023,11,0,0
PRT.17.4.2_1,2023,11,0,0
PRT.17.4.3_1,2023,11,0,0
PRT.17.4.4_1,2023,11,0,0
PRT.17.4.5_1,2023,11,0,0
PRT.17.4.6_1,2023,11,0,0
PRT.17.4.7_1,2023,11,0,0
PRT.17.4.8_1,2023,11,0,0
PRT.17.5.1_1,2023,11,0,0
PRT.17.5.2_1,2023,11,0,0
PRT.17.5.3_1,2023,11,0,0
PRT.17.5.4_1,2023,11,0,0
PRT.17.5.5_1,2023,11,0,0
PRT.17.6.1_1,2023,11,0,0
PRT.17.6.2_1,2023,11,0,0
PRT.17.6.3_1,2023,11,0,0
PRT.17.6.4_1,2023,11,0,0
PRT.17.6.5_1,2023,11,0,0
PRT.17.6.6_1,2023,11,0,0
PRT.17.7.1_1,2023,11,0,0
PRT.17.7.2_1,2023,11,0,0
PRT.17.7.3_1,2023,11,0,0
PRT.17.7.4_1,2023,11,0,0
PRT.17.7.5_1,2023,11,0,0
PRT.17.7.6_1,2023,11,0,0
PRT.17.7.7_1,2023,11,0,0
PRT.17.7.8_1,2023,11,0,0
PRT.17.8.1_1,2023,11,0,0
PRT.17.8.2_1,2023,11,0,0
PRT.17.8.3_1,2023,11,0,0
PRT.17.8.4_1,2023,11,0,0
PRT.17.8.5_1,2023,11,0,0
PRT.17.9.1_1,2023,11,0,0
PRT.17.9.10_1,2023,11,0,0
PRT.17.9.11_1,2023,11,0,0
PRT.17.9.2_1,2023,11,0,0
PRT.17.9.3_1,2023,11,0,0
PRT.17.9.4_1,2023,11,0,0
PRT.17.9.5_1,2023,11,0,0
PRT.17.9.6_1,2023,11,0,0
PRT.17.9.7_1,2023,11,0,0
PRT.17.9.8_1,2023,11,0,0
PRT.17.9.9_1,2023,11,0,0
PRT.18.1.1_1,2023,11,0,0
PRT.18.1.10_1,2023,11,0,0
PRT.18.1.11_1,2023,11,0,0
PRT.18.1.12_1,2023,11,0,0
PRT.18.1.13_1,2023,11,0,0
PRT.18.1.14_1,2023,11,0,0
PRT.18.1.15_1,2023,11,0,0
PRT.18.1.16_1,2023,11,0,0
PRT.18.1.17_1,2023,11,0,0
PRT.18.1.18_1,2023,11,0,0
PRT.18.1.19_1,2023,11,0,0
PRT.18.1.2_1,2023,11,0,0
PRT.18.1.20_1,2023,11,0,0
PRT.18.1.21_1,2023,11,0,0
PRT.18.1.22_1,2023,11,0,0
PRT.18.1.23_1,2023,11,0,0
PRT.18.1.24_1,2023,11,0,0
PRT.18.1.25_1,2023,11,0,0
PRT.18.1.26_1,2023,11,0,0
PRT.18.1.27_1,2023,11,0,0
PRT.18.1.28_1,2023,11,0,0
PRT.18.1.29_1,2023,11,0,0
PRT.18.1.3_1,2023,11,0,0
PRT.18.1.30_1,2023,11,0,0
PRT.18.1.31_1,2023,11,0,0
PRT.18.1.32_1,2023,11,0,0
PRT.18.1.33_1,2023,11,0,0
PRT.18.1.34_1,2023,11,0,0
PRT.18.1.35_1,2023,11,0,0
PRT.18.1.36_1,2023,11,0,0
PRT.18.1.37_1,2023,11,0,0
PRT.18.1.38_1,2023,11,0,0
PRT.18.1.39_1,2023,11,0,0
PRT.18.1.4_1,2023,11,0,0
PRT.18.1.40_1,2023,11,0,0
PRT.18.1.41_1,2023,11,0,0
PRT.18.1.42_1,2023,11,0,0
PRT.18.1.43_1,2023,11,0,0
PRT.18.1.44_1,2023,11,0,0
PRT.18.1.45_1,2023,11,0,0
PRT.18.1.46_1,2023,11,0,0
PRT.18.1.47_1,2023,11,0,0
PRT.18.1.48_1,2023,11,0,0
PRT.18.1.49_1,2023,11,0,0
PRT.18.1.5_1,2023,11,0,0
PRT.18.1.50_1,2023,11,0,0
PRT.18.1.51_1,2023,11,0,0
PRT.18.1.6_1,2023,11,0,0
PRT.18.1.7_1,2023,11,0,0
PRT.18.1.8_1,2023,11,0,0
PRT.18.1.9_1,2023,11,0,0
PRT.18.10.1_1,2023,11,0,0
PRT.18.10.10_1,2023,11,0,0
PRT.18.10.11_1,2023,11,0,0
PRT.18.10.12_1,2023,11,0,0
PRT.18.10.13_1,2023,11,0,0
PRT.18.10.14_1,2023,11,0,0
PRT.18.10.15_1,2023,11,0,0
PRT.18.10.2_1,2023,11,0,0
PRT.18.10.3_1,2023,11,0,0
PRT.18.10.4_1,2023,11,0,0
PRT.18.10.5_1,2023,11,0,0
PRT.18.10.6_1,2023,11,0,0
PRT.18.10.7_1,2023,11,0,0
PRT.18.10.8_1,2023,11,0,0
PRT.18.10.9_1,2023,11,0,0
PRT.18.2.1_1,2023,11,0,0
PRT.18.2.10_1,2023,11,0,0
PRT.18.2.11_1,2023,11,0,0
PRT.18.2.12_1,2023,11,0,0
PRT.18.2.13_1,2023,11,0,0
PRT.18.2.14_1,2023,11,0,0
PRT.18.2.15_1,2023,11,0,0
PRT.18.2.16_1,2023,11,0,0
PRT.18.2.17_1,2023,11,0,0
PRT.18.2.18_1,2023,11,0,0
PRT.18.2.19_1,2023,11,0,0
PRT.18.2.2_1,2023,11,0,0
PRT.18.2.20_1,2023,11,0,0
PRT.18.2.3_1,2023,11,0,0
PRT.18.2.4_1,2023,11,0,0
PRT.18.2.5_1,2023,11,0,0
PRT.18.2.6_1,2023,11,0,0
PRT.18.2.7_1,2023,11,0,0
PRT.18.2.8_1,2023,11,0,0
PRT.18.2.9_1,2023,11,0,0
PRT.18.3.1_1,2023,11,0,0
PRT.18.3.10_1,2023,11,0,0
PRT.18.3.11_1,2023,11,0,0
PRT.18.3.12_1,2023,11,0,0
PRT.18.3.13_1,2023,11,0,0
PRT.18.3.14_1,2023,11,0,0
PRT.18.3.15_1,2023,11,0,0
PRT.18.3.16_1,2023,11,0,0
PRT.18.3.17_1,2023,11,0,0
PRT.18.3.18_1,2023,11,0,0
PRT.18.3.2_1,2023,11,0,0
PRT.18.3.3_1,2023,11,0,0
PRT.18.3.4_1,2023,11,0,0
PRT.18.3.5_1,2023,11,0,0
PRT.18.3.6_1,2023,11,0,0
PRT.18.3.7_1,2023,11,0,0
PRT.18.3.8_1,2023,11,0,0
PRT.18.3.9_1,2023,11,0,0
PRT.18.4.1_1,2023,11,0,0
PRT.18.4.10_1,2023,11,0,0
PRT.18.4.11_1,2023,11,0,0
PRT.18.4.12_1,2023,11,0,0
PRT.18.4.13_1,2023,11,0,0
PRT.18.4.14_1,2023,11,0,0
PRT.18.4.15_1,2023,11,0,0
PRT.18.4.16_1,2023,11,0,0
PRT.18.4.17_1,2023,11,0,0
PRT.18.4.18_1,2023,11,0,0
PRT.18.4.19_1,2023,11,0,0
PRT.18.4.2_1,2023,11,0,0
PRT.18.4.20_1,2023,11,0,0
PRT.18.4.21_1,2023,11,0,0
PRT.18.4.22_1,2023,11,0,0
PRT.18.4.23_1,2023,11,0,0
PRT.18.4.24_1,2023,11,0,0
PRT.18.4.25_1,2023,11,0,0
PRT.18.4.26_1,2023,11,0,0
PRT.18.4.27_1,2023,11,0,0
PRT.18.4.28_1,2023,11,0,0
PRT.18.4.29_1,2023,11,0,0
PRT.18.4.3_1,2023,11,0,0
PRT.18.4.30_1,2023,11,0,0
PRT.18.4.31_1,2023,11,0,0
PRT.18.4.32_1,2023,11,0,0
PRT.18.4.33_1,2023,11,0,0
PRT.18.4.4_1,2023,11,0,0
PRT.18.4.5_1,2023,11,0,0
PRT.18.4.6_1,2023,11,0,0
PRT.18.4.7_1,2023,11,0,0
PRT.18.4.8_1,2023,11,0,0
PRT.18.4.9_1,2023,11,0,0
PRT.18.5.1_1,2023,11,0,0
PRT.18.5.10_1,2023,11,0,0
PRT.18.5.11_1,2023,11,0,0
PRT.18.5.12_1,2023,11,0,0
PRT.18.5.13_1,2023,11,0,0
PRT.18.5.14_1,2023,11,0,0
PRT.18.5.15_1,2023,11,0,0
PRT.18.5.16_1,2023,11,0,0
PRT.18.5.17_1,2023,11,0,0
PRT.18.5.18_1,2023,11,0,0
PRT.18.5.19_1,2023,11,0,0
PRT.18.5.2_1,2023,11,0,0
PRT.18.5.20_1,2023,11,0,0
PRT.18.5.21_1,2023,11,0,0
PRT.18.5.3_1,2023,11,0,0
PRT.18.5.4_1,2023,11,0,0
PRT.18.5.5_1,2023,11,0,0
PRT.18.5.6_1,2023,11,0,0
PRT.18.5.7_1,2023,11,0,0
PRT.18.5.8_1,2023,11,0,0
PRT.18.5.9_1,2023,11,0,0
PRT.18.6.1_1,2023,11,0,0
PRT.18.6.10_1,2023,11,0,0
PRT.18.6.11_1,2023,11,0,0
PRT.18.6.12_1,2023,11,0,0
PRT.18.6.13_1,2023,11,0,0
PRT.18.6.14_1,2023,11,0,0
PRT.18.6.15_1,2023,11,0,0
PRT.18.6.16_1,2023,11,0,0
PRT.18.6.17_1,2023,11,0,0
PRT.18.6.18_1,2023,11,0,0
PRT.18.6.19_1,2023,11,0,0
PRT.18.6.2_1,2023,11,0,0
PRT.18.6.20_1,2023,11,0,0
PRT.18.6.21_1,2023,11,0,0
PRT.18.6.22_1,2023,11,0,0
PRT.18.6.23_1,2023,11,0,0
PRT.18.6.24_1,2023,11,0,0
PRT.18.6.25_1,2023,11,0,0
PRT.18.6.3_1,2023,11,0,0
PRT.18.6.4_1,2023,11,0,0
PRT.18.6.5_1,2023,11,0,0
PRT.18.6.6_1,2023,11,0,0
PRT.18.6.7_1,2023,11,0,0
PRT.18.6.8_1,2023,11,0,0
PRT.18.6.9_1,2023,11,0,0
PRT.18.7.1_1,2023,11,0,0
PRT.18.7.10_1,2023,11,0,0
PRT.18.7.11_1,2023,11,0,0
PRT.18.7.12_1,2023,11,0,0
PRT.18.7.13_1,2023,11,0,0
PRT.18.7.14_1,2023,11,0,0
PRT.18.7.15_1,2023,11,0,0
PRT.18.7.16_1,2023,11,0,0
PRT.18.7.17_1,2023,11,0,0
PRT.18.7.18_1,2023,11,0,0
PRT.18.7.19_1,2023,11,0,0
PRT.18.7.2_1,2023,11,0,0
PRT.18.7.20_1,2023,11,0,0
PRT.18.7.21_1,2023,11,0,0
PRT.18.7.22_1,2023,11,0,0
PRT.18.7.23_1,2023,11,0,0
PRT.18.7.24_1,2023,11,0,0
PRT.18.7.25_1,2023,11,0,0
PRT.18.7.26_1,2023,11,0,0
PRT.18.7.27_1,2023,11,0,0
PRT.18.7.28_1,2023,11,0,0
PRT.18.7.29_1,2023,11,0,0
PRT.18.7.3_1,2023,11,0,0
PRT.18.7.30_1,2023,11,0,0
PRT.18.7.31_1,2023,11,0,0
PRT.18.7.32_1,2023,11,0,0
PRT.18.7.33_1,2023,11,0,0
PRT.18.7.34_1,2023,11,0,0
PRT.18.7.35_1,2023,11,0,0
PRT.18.7.36_1,2023,11,0,0
PRT.18.7.37_1,2023,11,0,0
PRT.18.7.38_1,2023,11,0,0
PRT.18.7.39_1,2023,11,0,0
PRT.18.7.4_1,2023,11,0,0
PRT.18.7.40_1,2023,11,0,0
PRT.18.7.41_1,2023,11,0,0
PRT.18.7.42_1,2023,11,0,0
PRT.18.7.43_1,2023,11,0,0
PRT.18.7.44_1,2023,11,0,0
PRT.18.7.45_1,2023,11,0,0
PRT.18.7.46_1,2023,11,0,0
PRT.18.7.47_1,2023,11,0,0
PRT.18.7.48_1,2023,11,0,0
PRT.18.7.49_1,2023,11,0,0
PRT.18.7.5_1,2023,11,0,0
PRT.18.7.50_1,2023,11,0,0
PRT.18.7.51_1,2023,11,0,0
PRT.18.7.6_1,2023,11,0,0
PRT.18.7.7_1,2023,11,0,0
PRT.18.7.8_1,2023,11,0,0
PRT.18.7.9_1,2023,11,0,0
PRT.18.8.1_1,2023,11,0,0
PRT.18.8.10_1,2023,11,0,0
PRT.18.8.11_1,2023,11,0,0
PRT.18.8.12_1,2023,11,0,0
PRT.18.8.13_1,2023,11,0,0
PRT.18.8.14_1,2023,11,0,0
PRT.18.8.15_1,2023,11,0,0
PRT.18.8.16_1,2023,11,0,0
PRT.18.8.2_1,2023,11,0,0
PRT.18.8.3_1,2023,11,0,0
PRT.18.8.4_1,2023,11,0,0
PRT.18.8.5_1,2023,11,0,0
PRT.18.8.6_1,2023,11,0,0
PRT.18.8.7_1,2023,11,0,0
PRT.18.8.8_1,2023,11,0,0
PRT.18.8.9_1,2023,11,0,0
PRT.18.9.1_1,2023,11,0,0
PRT.18.9.10_1,2023,11,0,0
PRT.18.9.11_1,2023,11,0,0
PRT.18.9.12_1,2023,11,0,0
PRT.18.9.13_1,2023,11,0,0
PRT.18.9.14_1,2023,11,0,0
PRT.18.9.15_1,2023,11,0,0
PRT.18.9.16_1,2023,11,0,0
PRT.18.9.17_1,2023,11,0,0
PRT.18.9.18_1,2023,11,0,0
PRT.18.9.19_1,2023,11,0,0
PRT.18.9.2_1,2023,11,0,0
PRT.18.9.20_1,2023,11,0,0
PRT.18.9.21_1,2023,11,0,0
PRT.18.9.22_1,2023,11,0,0
PRT.18.9.23_1,2023,11,0,0
PRT.18.9.24_1,2023,11,0,0
PRT.18.9.25_1,2023,11,0,0
PRT.18.9.26_1,2023,11,0,0
PRT.18.9.27_1,2023,11,0,0
PRT.18.9.28_1,2023,11,0,0
PRT.18.9.29_1,2023,11,0,0
PRT.18.9.3_1,2023,11,0,0
PRT.18.9.30_1,2023,11,0,0
PRT.18.9.31_1,2023,11,0,0
PRT.18.9.32_1,2023,11,0,0
PRT.18.9.33_1,2023,11,0,0
PRT.18.9.35_1,2023,11,0,0
PRT.18.9.36_1,2023,11,0,0
PRT.18.9.37_1,2023,11,0,0
PRT.18.9.38_1,2023,11,0,0
PRT.18.9.39_1,2023,11,0,0
PRT.18.9.4_1,2023,11,0,0
PRT.18.9.40_1,2023,11,0,0
PRT.18.9.5_1,2023,11,0,0
PRT.18.9.6_1,2023,11,0,0
PRT.18.9.7_1,2023,11,0,0
PRT.18.9.8_1,2023,11,0,0
PRT.18.9.9_1,2023,11,0,0
PRT.19.1.1_1,2023,11,0,0
PRT.19.1.10_1,2023,11,0,0
PRT.19.1.11_1,2023,11,0,0
PRT.19.1.12_1,2023,11,0,0
PRT.19.1.13_1,2023,11,0,0
PRT.19.1.14_1,2023,11,0,0
PRT.19.1.15_1,2023,11,0,0
PRT.19.1.16_1,2023,11,0,0
PRT.19.1.17_1,2023,11,0,0
PRT.19.1.18_1,2023,11,0,0
PRT.19.1.19_1,2023,11,0,0
PRT.19.1.2_1,2023,11,0,0
PRT.19.1.3_1,2023,11,0,0
PRT.19.1.4_1,2023,11,0,0
PRT.19.1.5_1,2023,11,0,0
PRT.19.1.6_1,2023,11,0,0
PRT.19.1.7_1,2023,11,0,0
PRT.19.1.8_1,2023,11,0,0
PRT.19.1.9_1,2023,11,0,0
PRT.19.10.1_1,2023,11,0,0
PRT.19.10.10_1,2023,11,0,0
PRT.19.10.11_1,2023,11,0,0
PRT.19.10.12_1,2023,11,0,0
PRT.19.10.13_1,2023,11,0,0
PRT.19.10.14_1,2023,11,0,0
PRT.19.10.15_1,2023,11,0,0
PRT.19.10.2_1,2023,11,0,0
PRT.19.10.3_1,2023,11,0,0
PRT.19.10.4_1,2023,11,0,0
PRT.19.10.5_1,2023,11,0,0
PRT.19.10.6_1,2023,11,0,0
PRT.19.10.7_1,2023,11,0,0
PRT.19.10.8_1,2023,11,0,0
PRT.19.10.9_1,2023,11,0,0
PRT.19.11.1_1,2023,11,0,0
PRT.19.11.10_1,2023,11,0,0
PRT.19.11.2_1,2023,11,0,0
PRT.19.11.3_1,2023,11,0,0
PRT.19.11.4_1,2023,11,0,0
PRT.19.11.5_1,2023,11,0,0
PRT.19.11.6_1,2023,11,0,0
PRT.19.11.7_1,2023,11,0,0
PRT.19.11.8_1,2023,11,0,0
PRT.19.11.9_1,2023,11,0,0
PRT.19.12.1_1,2023,11,0,0
PRT.19.12.10_1,2023,11,0,0
PRT.19.12.11_1,2023,11,0,0
PRT.19.12.12_1,2023,11,0,0
PRT.19.12.13_1,2023,11,0,0
PRT.19.12.14_1,2023,11,0,0
PRT.19.12.15_1,2023,11,0,0
PRT.19.12.16_1,2023,11,0,0
PRT.19.12.17_1,2023,11,0,0
PRT.19.12.18_1,2023,11,0,0
PRT.19.12.19_1,2023,11,0,0
PRT.19.12.2_1,2023,11,0,0
PRT.19.12.20_1,2023,11,0,0
PRT.19.12.21_1,2023,11,0,0
PRT.19.12.22_1,2023,11,0,0
PRT.19.12.23_1,2023,11,0,0
PRT.19.12.24_1,2023,11,0,0
PRT.19.12.25_1,2023,11,0,0
PRT.19.12.26_1,2023,11,0,0
PRT.19.12.27_1,2023,11,0,0
PRT.19.12.28_1,2023,11,0,0
PRT.19.12.29_1,2023,11,0,0
PRT.19.12.3_1,2023,11,0,0
PRT.19.12.30_1,2023,11,0,0
PRT.19.12.31_1,2023,11,0,0
PRT.19.12.4_1,2023,11,0,0
PRT.19.12.5_1,2023,11,0,0
PRT.19.12.6_1,2023,11,0,0
PRT.19.12.7_1,2023,11,0,0
PRT.19.12.8_1,2023,11,0,0
PRT.19.12.9_1,2023,11,0,0
PRT.19.13.1_1,2023,11,0,0
PRT.19.13.10_1,2023,11,0,0
PRT.19.13.11_1,2023,11,0,0
PRT.19.13.12_1,2023,11,0,0
PRT.19.13.13_1,2023,11,0,0
PRT.19.13.14_1,2023,11,0,0
PRT.19.13.15_1,2023,11,0,0
PRT.19.13.16_1,2023,11,0,0
PRT.19.13.17_1,2023,11,0,0
PRT.19.13.18_1,2023,11,0,0
PRT.19.13.2_1,2023,11,0,0
PRT.19.13.3_1,2023,11,0,0
PRT.19.13.4_1,2023,11,0,0
PRT.19.13.5_1,2023,11,0,0
PRT.19.13.6_1,2023,11,0,0
PRT.19.13.7_1,2023,11,0,0
PRT.19.13.8_1,2023,11,0,0
PRT.19.13.9_1,2023,11,0,0
PRT.19.14.1_1,2023,11,0,0
PRT.19.14.10_1,2023,11,0,0
PRT.19.14.11_1,2023,11,0,0
PRT.19.14.12_1,2023,11,0,0
PRT.19.14.13_1,2023,11,0,0
PRT.19.14.14_1,2023,11,0,0
PRT.19.14.15_1,2023,11,0,0
PRT.19.14.16_1,2023,11,0,0
PRT.19.14.17_1,2023,11,0,0
PRT.19.14.18_1,2023,11,0,0
PRT.19.14.19_1,2023,11,0,0
PRT.19.14.2_1,2023,11,0,0
PRT.19.14.20_1,2023,11,0,0
PRT.19.14.21_1,2023,11,0,0
PRT.19.14.22_1,2023,11,0,0
PRT.19.14.23_1,2023,11,0,0
PRT.19.14.24_1,2023,11,0,0
PRT.19.14.25_1,2023,11,0,0
PRT.19.14.26_1,2023,11,0,0
PRT.19.14.27_1,2023,11,0,0
PRT.19.14.28_1,2023,11,0,0
PRT.19.14.29_1,2023,11,0,0
PRT.19.14.3_1,2023,11,0,0
PRT.19.14.30_1,2023,11,0,0
PRT.19.14.4_1,2023,11,0,0
PRT.19.14.5_1,2023,11,0,0
PRT.19.14.6_1,2023,11,0,0
PRT.19.14.7_1,2023,11,0,0
PRT.19.14.8_1,2023,11,0,0
PRT.19.14.9_1,2023,11,0,0
PRT.19.2.1_1,2023,11,0,0
PRT.19.2.10_1,2023,11,0,0
PRT.19.2.11_1,2023,11,0,0
PRT.19.2.12_1,2023,11,0,0
PRT.19.2.13_1,2023,11,0,0
PRT.19.2.14_1,2023,11,0,0
PRT.19.2.15_1,2023,11,0,0
PRT.19.2.16_1,2023,11,0,0
PRT.19.2.2_1,2023,11,0,0
PRT.19.2.3_1,2023,11,0,0
PRT.19.2.4_1,2023,11,0,0
PRT.19.2.5_1,2023,11,0,0
PRT.19.2.6_1,2023,11,0,0
PRT.19.2.7_1,2023,11,0,0
PRT.19.2.8_1,2023,11,0,0
PRT.19.2.9_1,2023,11,0,0
PRT.19.3.1_1,2023,11,0,0
PRT.19.3.10_1,2023,11,0,0
PRT.19.3.11_1,2023,11,0,0
PRT.19.3.12_1,2023,11,0,0
PRT.19.3.13_1,2023,11,0,0
PRT.19.3.14_1,2023,11,0,0
PRT.19.3.15_1,2023,11,0,0
PRT.19.3.16_1,2023,11,0,0
PRT.19.3.17_1,2023,11,0,0
PRT.19.3.18_1,2023,11,0,0
PRT.19.3.19_1,2023,11,0,0
PRT.19.3.2_1,2023,11,0,0
PRT.19.3.20_1,2023,11,0,0
PRT.19.3.21_1,2023,11,0,0
PRT.19.3.22_1,2023,11,0,0
PRT.19.3.23_1,2023,11,0,0
PRT.19.3.24_1,2023,11,0,0
PRT.19.3.25_1,2023,11,0,0
PRT.19.3.26_1,2023,11,0,0
PRT.19.3.27_1,2023,11,0,0
PRT.19.3.28_1,2023,11,0,0
PRT.19.3.29_1,2023,11,0,0
PRT.19.3.3_1,2023,11,0,0
PRT.19.3.30_1,2023,11,0,0
PRT.19.3.31_1,2023,11,0,0
PRT.19.3.32_1,2023,11,0,0
PRT.19.3.33_1,2023,11,0,0
PRT.19.3.34_1,2023,11,0,0
PRT.19.3.35_1,2023,11,0,0
PRT.19.3.36_1,2023,11,0,0
PRT.19.3.37_1,2023,11,0,0
PRT.19.3.38_1,2023,11,0,0
PRT.19.3.39_1,2023,11,0,0
PRT.19.3.4_1,2023,11,0,0
PRT.19.3.40_1,2023,11,0,0
PRT.19.3.41_1,2023,11,0,0
PRT.19.3.42_1,2023,11,0,0
PRT.19.3.43_1,2023,11,0,0
PRT.19.3.44_1,2023,11,0,0
PRT.19.3.45_1,2023,11,0,0
PRT.19.3.46_1,2023,11,0,0
PRT.19.3.47_1,2023,11,0,0
PRT.19.3.48_1,2023,11,0,0
PRT.19.3.49_1,2023,11,0,0
PRT.19.3.5_1,2023,11,0,0
PRT.19.3.50_1,2023,11,0,0
PRT.19.3.51_1,2023,11,0,0
PRT.19.3.6_1,2023,11,0,0
PRT.19.3.7_1,2023,11,0,0
PRT.19.3.8_1,2023,11,0,0
PRT.19.3.9_1,2023,11,0,0
PRT.19.4.1_1,2023,11,0,0
PRT.19.4.2_1,2023,11,0,0
PRT.19.4.3_1,2023,11,0,0
PRT.19.4.4_1,2023,11,0,0
PRT.19.4.5_1,2023,11,0,0
PRT.19.4.6_1,2023,11,0,0
PRT.19.4.7_1,2023,11,0,0
PRT.19.5.1_1,2023,11,0,0
PRT.19.5.2_1,2023,11,0,0
PRT.19.5.3_1,2023,11,0,0
PRT.19.5.4_1,2023,11,0,0
PRT.19.5.5_1,2023,11,0,0
PRT.19.5.6_1,2023,11,0,0
PRT.19.5.7_1,2023,11,0,0
PRT.19.5.8_1,2023,11,0,0
PRT.19.6.1_1,2023,11,0,0
PRT.19.6.10_1,2023,11,0,0
PRT.19.6.11_1,2023,11,0,0
PRT.19.6.12_1,2023,11,0,0
PRT.19.6.13_1,2023,11,0,0
PRT.19.6.14_1,2023,11,0,0
PRT.19.6.15_1,2023,11,0,0
PRT.19.6.16_1,2023,11,0,0
PRT.19.6.17_1,2023,11,0,0
PRT.19.6.18_1,2023,11,0,0
PRT.19.6.19_1,2023,11,0,0
PRT.19.6.2_1,2023,11,0,0
PRT.19.6.20_1,2023,11,0,0
PRT.19.6.21_1,2023,11,0,0
PRT.19.6.22_1,2023,11,0,0
PRT.19.6.23_1,2023,11,0,0
PRT.19.6.24_1,2023,11,0,0
PRT.19.6.25_1,2023,11,0,0
PRT.19.6.26_1,2023,11,0,0
PRT.19.6.27_1,2023,11,0,0
PRT.19.6.28_1,2023,11,0,0
PRT.19.6.29_1,2023,11,0,0
PRT.19.6.3_1,2023,11,0,0
PRT.19.6.30_1,2023,11,0,0
PRT.19.6.31_1,2023,11,0,0
PRT.19.6.32_1,2023,11,0,0
PRT.19.6.33_1,2023,11,0,0
PRT.19.6.34_1,2023,11,0,0
PRT.19.6.35_1,2023,11,0,0
PRT.19.6.4_1,2023,11,0,0
PRT.19.6.5_1,2023,11,0,0
PRT.19.6.6_1,2023,11,0,0
PRT.19.6.7_1,2023,11,0,0
PRT.19.6.8_1,2023,11,0,0
PRT.19.6.9_1,2023,11,0,0
PRT.19.7.1_1,2023,11,0,0
PRT.19.7.2_1,2023,11,0,0
PRT.19.7.3_1,2023,11,0,0
PRT.19.7.4_1,2023,11,0,0
PRT.19.7.5_1,2023,11,0,0
PRT.19.7.6_1,2023,11,0,0
PRT.19.7.7_1,2023,11,0,0
PRT.19.7.8_1,2023,11,0,0
PRT.19.7.9_1,2023,11,0,0
PRT.19.8.1_1,2023,11,0,0
PRT.19.8.10_1,2023,11,0,0
PRT.19.8.11_1,2023,11,0,0
PRT.19.8.12_1,2023,11,0,0
PRT.19.8.2_1,2023,11,0,0
PRT.19.8.3_1,2023,11,0,0
PRT.19.8.4_1,2023,11,0,0
PRT.19.8.5_1,2023,11,0,0
PRT.19.8.6_1,2023,11,0,0
PRT.19.8.7_1,2023,11,0,0
PRT.19.8.8_1,2023,11,0,0
PRT.19.8.9_1,2023,11,0,0
PRT.19.9.1_1,2023,11,0,0
PRT.19.9.2_1,2023,11,0,0
PRT.19.9.3_1,2023,11,0,0
PRT.19.9.4_1,2023,11,0,0
PRT.19.9.5_1,2023,11,0,0
PRT.19.9.6_1,2023,11,0,0
PRT.19.9.7_1,2023,11,0,0
PRT.20.1.1_1,2023,11,0,0
PRT.20.1.10_1,2023,11,0,0
PRT.20.1.11_1,2023,11,0,0
PRT.20.1.12_1,2023,11,0,0
PRT.20.1.13_1,2023,11,0,0
PRT.20.1.14_1,2023,11,0,0
PRT.20.1.15_1,2023,11,0,0
PRT.20.1.16_1,2023,11,0,0
PRT.20.1.17_1,2023,11,0,0
PRT.20.1.18_1,2023,11,0,0
PRT.20.1.19_1,2023,11,0,0
PRT.20.1.2_1,2023,11,0,0
PRT.20.1.3_1,2023,11,0,0
PRT.20.1.4_1,2023,11,0,0
PRT.20.1.5_1,2023,11,0,0
PRT.20.1.6_1,2023,11,0,0
PRT.20.1.7_1,2023,11,0,0
PRT.20.1.8_1,2023,11,0,0
PRT.20.1.9_1,2023,11,0,0
PRT.20.10.1_1,2023,11,0,0
PRT.20.10.10_1,2023,11,0,0
PRT.20.10.11_1,2023,11,0,0
PRT.20.10.12_1,2023,11,0,0
PRT.20.10.2_1,2023,11,0,0
PRT.20.10.3_1,2023,11,0,0
PRT.20.10.4_1,2023,11,0,0
PRT.20.10.5_1,2023,11,0,0
PRT.20.10.6_1,2023,11,0,0
PRT.20.10.7_1,2023,11,0,0
PRT.20.10.8_1,2023,11,0,0
PRT.20.10.9_1,2023,11,0,0
PRT.20.11.1_1,2023,11,0,0
PRT.20.11.10_1,2023,11,0,0
PRT.20.11.11_1,2023,11,0,0
PRT.20.11.12_1,2023,11,0,0
PRT.20.11.13_1,2023,11,0,0
PRT.20.11.2_1,2023,11,0,0
PRT.20.11.3_1,2023,11,0,0
PRT.20.11.4_1,2023,11,0,0
PRT.20.11.5_1,2023,11,0,0
PRT.20.11.6_1,2023,11,0,0
PRT.20.11.7_1,2023,11,0,0
PRT.20.11.8_1,2023,11,0,0
PRT.20.11.9_1,2023,11,0,0
PRT.20.12.1_1,2023,11,0,0
PRT.20.12.2_1,2023,11,0,0
PRT.20.12.3_1,2023,11,0,0
PRT.20.12.4_1,2023,11,0,0
PRT.20.12.5_1,2023,11,0,0
PRT.20.12.6_1,2023,11,0,0
PRT.20.12.7_1,2023,11,0,0
PRT.20.12.8_1,2023,11,0,0
PRT.20.12.9_1,2023,11,0,0
PRT.20.13.1_1,2023,11,0,0
PRT.20.13.10_1,2023,11,0,0
PRT.20.13.11_1,2023,11,0,0
PRT.20.13.12_1,2023,11,0,0
PRT.20.13.13_1,2023,11,0,0
PRT.20.13.14_1,2023,11,0,0
PRT.20.13.15_1,2023,11,0,0
PRT.20.13.2_1,2023,11,0,0
PRT.20.13.3_1,2023,11,0,0
PRT.20.13.4_1,2023,11,0,0
PRT.20.13.5_1,2023,11,0,0
PRT.20.13.6_1,2023,11,0,0
PRT.20.13.7_1,2023,11,0,0
PRT.20.13.8_1,2023,11,0,0
PRT.20.13.9_1,2023,11,0,0
PRT.20.14.1_1,2023,11,0,0
PRT.20.14.2_1,2023,11,0,0
PRT.20.14.3_1,2023,11,0,0
PRT.20.14.4_1,2023,11,0,0
PRT.20.14.5_1,2023,11,0,0
PRT.20.14.6_1,2023,11,0,0
PRT.20.14.7_1,2023,11,0,0
PRT.20.14.8_1,2023,11,0,0
PRT.20.14.9_1,2023,11,0,0
PRT.20.15.1_1,2023,11,0,0
PRT.20.15.10_1,2023,11,0,0
PRT.20.15.11_1,2023,11,0,0
PRT.20.15.12_1,2023,11,0,0
PRT.20.15.13_1,2023,11,0,0
PRT.20.15.14_1,2023,11,0,0
PRT.20.15.2_1,2023,11,0,0
PRT.20.15.3_1,2023,11,0,0
PRT.20.15.4_1,2023,11,0,0
PRT.20.15.5_1,2023,11,0,0
PRT.20.15.6_1,2023,11,0,0
PRT.20.15.7_1,2023,11,0,0
PRT.20.15.8_1,2023,11,0,0
PRT.20.15.9_1,2023,11,0,0
PRT.20.16.1_1,2023,11,0,0
PRT.20.16.10_1,2023,11,0,0
PRT.20.16.11_1,2023,11,0,0
PRT.20.16.12_1,2023,11,0,0
PRT.20.16.13_1,2023,11,0,0
PRT.20.16.14_1,2023,11,0,0
PRT.20.16.15_1,2023,11,0,0
PRT.20.16.16_1,2023,11,0,0
PRT.20.16.17_1,2023,11,0,0
PRT.20.16.18_1,2023,11,0,0
PRT.20.16.19_1,2023,11,0,0
PRT.20.16.2_1,2023,11,0,0
PRT.20.16.3_1,2023,11,0,0
PRT.20.16.4_1,2023,11,0,0
PRT.20.16.5_1,2023,11,0,0
PRT.20.16.6_1,2023,11,0,0
PRT.20.16.7_1,2023,11,0,0
PRT.20.16.8_1,2023,11,0,0
PRT.20.16.9_1,2023,11,0,0
PRT.20.17.1_1,2023,11,0,0
PRT.20.17.10_1,2023,11,0,0
PRT.20.17.11_1,2023,11,0,0
PRT.20.17.12_1,2023,11,0,0
PRT.20.17.2_1,2023,11,0,0
PRT.20.17.3_1,2023,11,0,0
PRT.20.17.4_1,2023,11,0,0
PRT.20.17.5_1,2023,11,0,0
PRT.20.17.6_1,2023,11,0,0
PRT.20.17.7_1,2023,11,0,0
PRT.20.17.8_1,2023,11,0,0
PRT.20.17.9_1,2023,11,0,0
PRT.20.18.1_1,2023,11,0,0
PRT.20.18.10_1,2023,11,0,0
PRT.20.18.11_1,2023,11,0,0
PRT.20.18.12_1,2023,11,0,0
PRT.20.18.13_1,2023,11,0,0
PRT.20.18.14_1,2023,11,0,0
PRT.20.18.15_1,2023,11,0,0
PRT.20.18.16_1,2023,11,0,0
PRT.20.18.17_1,2023,11,0,0
PRT.20.18.2_1,2023,11,0,0
PRT.20.18.3_1,2023,11,0,0
PRT.20.18.4_1,2023,11,0,0
PRT.20.18.5_1,2023,11,0,0
PRT.20.18.6_1,2023,11,0,0
PRT.20.18.7_1,2023,11,0,0
PRT.20.18.8_1,2023,11,0,0
PRT.20.18.9_1,2023,11,0,0
PRT.20.19.1_1,2023,11,0,0
PRT.20.19.10_1,2023,11,0,0
PRT.20.19.11_1,2023,11,0,0
PRT.20.19.12_1,2023,11,0,0
PRT.20.19.13_1,2023,11,0,0
PRT.20.19.14_1,2023,11,0,0
PRT.20.19.15_1,2023,11,0,0
PRT.20.19.16_1,2023,11,0,0
PRT.20.19.17_1,2023,11,0,0
PRT.20.19.2_1,2023,11,0,0
PRT.20.19.3_1,2023,11,0,0
PRT.20.19.4_1,2023,11,0,0
PRT.20.19.5_1,2023,11,0,0
PRT.20.19.6_1,2023,11,0,0
PRT.20.19.7_1,2023,11,0,0
PRT.20.19.8_1,2023,11,0,0
PRT.20.19.9_1,2023,11,0,0
PRT.20.2.1_1,2023,11,0,0
PRT.20.2.2_1,2023,11,0,0
PRT.20.2.3_1,2023,11,0,0
PRT.20.2.4_1,2023,11,0,0
PRT.20.2.5_1,2023,11,0,0
PRT.20.2.6_1,2023,11,0,0
PRT.20.2.7_1,2023,11,0,0
PRT.20.20.1_1,2023,11,0,0
PRT.20.20.10_1,2023,11,0,0
PRT.20.20.2_1,2023,11,0,0
PRT.20.20.3_1,2023,11,0,0
PRT.20.20.4_1,2023,11,0,0
PRT.20.20.5_1,2023,11,0,0
PRT.20.20.6_1,2023,11,0,0
PRT.20.20.7_1,2023,11,0,0
PRT.20.20.8_1,2023,11,0,0
PRT.20.20.9_1,2023,11,0,0
PRT.20.21.1_1,2023,11,0,0
PRT.20.21.10_1,2023,11,0,0
PRT.20.21.11_1,2023,11,0,0
PRT.20.21.12_1,2023,11,0,0
PRT.20.21.13_1,2023,11,0,0
PRT.20.21.14_1,2023,11,0,0
PRT.20.21.15_1,2023,11,0,0
PRT.20.21.16_1,2023,11,0,0
PRT.20.21.17_1,2023,11,0,0
PRT.20.21.18_1,2023,11,0,0
PRT.20.21.19_1,2023,11,0,0
PRT.20.21.2_1,2023,11,0,0
PRT.20.21.20_1,2023,11,0,0
PRT.20.21.21_1,2023,11,0,0
PRT.20.21.22_1,2023,11,0,0
PRT.20.21.23_1,2023,11,0,0
PRT.20.21.24_1,2023,11,0,0
PRT.20.21.25_1,2023,11,0,0
PRT.20.21.26_1,2023,11,0,0
PRT.20.21.3_1,2023,11,0,0
PRT.20.21.4_1,2023,11,0,0
PRT.20.21.5_1,2023,11,0,0
PRT.20.21.6_1,2023,11,0,0
PRT.20.21.7_1,2023,11,0,0
PRT.20.21.8_1,2023,11,0,0
PRT.20.21.9_1,2023,11,0,0
PRT.20.22.1_1,2023,11,0,0
PRT.20.22.2_1,2023,11,0,0
PRT.20.22.3_1,2023,11,0,0
PRT.20.22.4_1,2023,11,0,0
PRT.20.22.5_1,2023,11,0,0
PRT.20.22.6_1,2023,11,0,0
PRT.20.22.7_1,2023,11,0,0
PRT.20.23.1_1,2023,11,0,0
PRT.20.23.10_1,2023,11,0,0
PRT.20.23.11_1,2023,11,0,0
PRT.20.23.12_1,2023,11,0,0
PRT.20.23.13_1,2023,11,0,0
PRT.20.23.14_1,2023,11,0,0
PRT.20.23.15_1,2023,11,0,0
PRT.20.23.16_1,2023,11,0,0
PRT.20.23.17_1,2023,11,0,0
PRT.20.23.18_1,2023,11,0,0
PRT.20.23.19_1,2023,11,0,0
PRT.20.23.2_1,2023,11,0,0
PRT.20.23.20_1,2023,11,0,0
PRT.20.23.21_1,2023,11,0,0
PRT.20.23.22_1,2023,11,0,0
PRT.20.23.23_1,2023,11,0,0
PRT.20.23.24_1,2023,11,0,0
PRT.20.23.25_1,2023,11,0,0
PRT.20.23.26_1,2023,11,0,0
PRT.20.23.27_1,2023,11,0,0
PRT.20.23.28_1,2023,11,0,0
PRT.20.23.29_1,2023,11,0,0
PRT.20.23.3_1,2023,11,0,0
PRT.20.23.30_1,2023,11,0,0
PRT.20.23.31_1,2023,11,0,0
PRT.20.23.32_1,2023,11,0,0
PRT.20.23.33_1,2023,11,0,0
PRT.20.23.34_1,2023,11,0,0
PRT.20.23.4_1,2023,11,0,0
PRT.20.23.5_1,2023,11,0,0
PRT.20.23.6_1,2023,11,0,0
PRT.20.23.7_1,2023,11,0,0
PRT.20.23.8_1,2023,11,0,0
PRT.20.23.9_1,2023,11,0,0
PRT.20.24.1_1,2023,11,0,0
PRT.20.24.10_1,2023,11,0,0
PRT.20.24.11_1,2023,11,0,0
PRT.20.24.12_1,2023,11,0,0
PRT.20.24.2_1,2023,11,0,0
PRT.20.24.3_1,2023,11,0,0
PRT.20.24.4_1,2023,11,0,0
PRT.20.24.5_1,2023,11,0,0
PRT.20.24.6_1,2023,11,0,0
PRT.20.24.7_1,2023,11,0,0
PRT.20.24.8_1,2023,11,0,0
PRT.20.24.9_1,2023,11,0,0
PRT.20.3.1_1,2023,11,0,0
PRT.20.3.10_1,2023,11,0,0
PRT.20.3.11_1,2023,11,0,0
PRT.20.3.12_1,2023,11,0,0
PRT.20.3.13_1,2023,11,0,0
PRT.20.3.14_1,2023,11,0,0
PRT.20.3.15_1,2023,11,0,0
PRT.20.3.16_1,2023,11,0,0
PRT.20.3.17_1,2023,11,0,0
PRT.20.3.18_1,2023,11,0,0
PRT.20.3.19_1,2023,11,0,0
PRT.20.3.2_1,2023,11,0,0
PRT.20.3.20_1,2023,11,0,0
PRT.20.3.21_1,2023,11,0,0
PRT.20.3.22_1,2023,11,0,0
PRT.20.3.3_1,2023,11,0,0
PRT.20.3.4_1,2023,11,0,0
PRT.20.3.5_1,2023,11,0,0
PRT.20.3.6_1,2023,11,0,0
PRT.20.3.7_1,2023,11,0,0
PRT.20.3.8_1,2023,11,0,0
PRT.20.3.9_1,2023,11,0,0
PRT.20.4.1_1,2023,11,0,0
PRT.20.4.10_1,2023,11,0,0
PRT.20.4.11_1,2023,11,0,0
PRT.20.4.12_1,2023,11,0,0
PRT.20.4.13_1,2023,11,0,0
PRT.20.4.14_1,2023,11,0,0
PRT.20.4.15_1,2023,11,0,0
PRT.20.4.16_1,2023,11,0,0
PRT.20.4.17_1,2023,11,0,0
PRT.20.4.2_1,2023,11,0,0
PRT.20.4.3_1,2023,11,0,0
PRT.20.4.4_1,2023,11,0,0
PRT.20.4.5_1,2023,11,0,0
PRT.20.4.6_1,2023,11,0,0
PRT.20.4.7_1,2023,11,0,0
PRT.20.4.8_1,2023,11,0,0
PRT.20.4.9_1,2023,11,0,0
PRT.20.5.1_1,2023,11,0,0
PRT.20.5.10_1,2023,11,0,0
PRT.20.5.11_1,2023,11,0,0
PRT.20.5.12_1,2023,11,0,0
PRT.20.5.13_1,2023,11,0,0
PRT.20.5.14_1,2023,11,0,0
PRT.20.5.15_1,2023,11,0,0
PRT.20.5.16_1,2023,11,0,0
PRT.20.5.17_1,2023,11,0,0
PRT.20.5.18_1,2023,11,0,0
PRT.20.5.19_1,2023,11,0,0
PRT.20.5.2_1,2023,11,0,0
PRT.20.5.20_1,2023,11,0,0
PRT.20.5.21_1,2023,11,0,0
PRT.20.5.22_1,2023,11,0,0
PRT.20.5.23_1,2023,11,0,0
PRT.20.5.24_1,2023,11,0,0
PRT.20.5.3_1,2023,11,0,0
PRT.20.5.4_1,2023,11,0,0
PRT.20.5.5_1,2023,11,0,0
PRT.20.5.6_1,2023,11,0,0
PRT.20.5.7_1,2023,11,0,0
PRT.20.5.8_1,2023,11,0,0
PRT.20.5.9_1,2023,11,0,0
PRT.20.6.1_1,2023,11,0,0
PRT.20.6.10_1,2023,11,0,0
PRT.20.6.11_1,2023,11,0,0
PRT.20.6.12_1,2023,11,0,0
PRT.20.6.13_1,2023,11,0,0
PRT.20.6.14_1,2023,11,0,0
PRT.20.6.15_1,2023,11,0,0
PRT.20.6.16_1,2023,11,0,0
PRT.20.6.17_1,2023,11,0,0
PRT.20.6.18_1,2023,11,0,0
PRT.20.6.2_1,2023,11,0,0
PRT.20.6.3_1,2023,11,0,0
PRT.20.6.4_1,2023,11,0,0
PRT.20.6.5_1,2023,11,0,0
PRT.20.6.6_1,2023,11,0,0
PRT.20.6.7_1,2023,11,0,0
PRT.20.6.8_1,2023,11,0,0
PRT.20.6.9_1,2023,11,0,0
PRT.20.7.1_1,2023,11,0,0
PRT.20.7.10_1,2023,11,0,0
PRT.20.7.11_1,2023,11,0,0
PRT.20.7.12_1,2023,11,0,0
PRT.20.7.13_1,2023,11,0,0
PRT.20.7.14_1,2023,11,0,0
PRT.20.7.15_1,2023,11,0,0
PRT.20.7.16_1,2023,11,0,0
PRT.20.7.17_1,2023,11,0,0
PRT.20.7.18_1,2023,11,0,0
PRT.20.7.19_1,2023,11,0,0
PRT.20.7.2_1,2023,11,0,0
PRT.20.7.20_1,2023,11,0,0
PRT.20.7.3_1,2023,11,0,0
PRT.20.7.4_1,2023,11,0,0
PRT.20.7.5_1,2023,11,0,0
PRT.20.7.6_1,2023,11,0,0
PRT.20.7.7_1,2023,11,0,0
PRT.20.7.8_1,2023,11,0,0
PRT.20.7.9_1,2023,11,0,0
PRT.20.8.1_1,2023,11,0,0
PRT.20.8.10_1,2023,11,0,0
PRT.20.8.2_1,2023,11,0,0
PRT.20.8.3_1,2023,11,0,0
PRT.20.8.4_1,2023,11,0,0
PRT.20.8.5_1,2023,11,0,0
PRT.20.8.6_1,2023,11,0,0
PRT.20.8.7_1,2023,11,0,0
PRT.20.8.8_1,2023,11,0,0
PRT.20.8.9_1,2023,11,0,0
PRT.20.9.1_1,2023,11,0,0
PRT.20.9.2_1,2023,11,0,0
PRT.20.9.3_1,2023,11,0,0
PRT.20.9.4_1,2023,11,0,0
PRT.20.9.5_1,2023,11,0,0
PRT.20.9.6_1,2023,11,0,0
PRT.20.9.7_1,2023,11,0,0
PRT.20.9.8_1,2023,11,0,0
PRT.20.9.9_1,2023,11,0,0
PRT.3.1.1_1,2023,11,0,0
PRT.3.1.2_1,2023,11,0,0
PRT.3.1.3_1,2023,11,0,0
PRT.3.1.4_1,2023,11,0,0
PRT.3.1.5_1,2023,11,0,0
PRT.3.10.1_1,2023,11,0,0
PRT.3.10.2_1,2023,11,0,0
PRT.3.10.3_1,2023,11,0,0
PRT.3.10.4_1,2023,11,0,0
PRT.3.10.5_1,2023,11,0,0
PRT.3.10.6_1,2023,11,0,0
PRT.3.10.7_1,2023,11,0,0
PRT.3.10.8_1,2023,11,0,0
PRT.3.11.1_1,2023,11,0,0
PRT.3.11.10_1,2023,11,0,0
PRT.3.11.11_1,2023,11,0,0
PRT.3.11.12_1,2023,11,0,0
PRT.3.11.13_1,2023,11,0,0
PRT.3.11.14_1,2023,11,0,0
PRT.3.11.15_1,2023,11,0,0
PRT.3.11.16_1,2023,11,0,0
PRT.3.11.17_1,2023,11,0,0
PRT.3.11.2_1,2023,11,0,0
PRT.3.11.3_1,2023,11,0,0
PRT.3.11.4_1,2023,11,0,0
PRT.3.11.5_1,2023,11,0,0
PRT.3.11.6_1,2023,11,0,0
PRT.3.11.7_1,2023,11,0,0
PRT.3.11.8_1,2023,11,0,0
PRT.3.11.9_1,2023,11,0,0
PRT.3.12.1_1,2023,11,0,0
PRT.3.12.2_1,2023,11,0,0
PRT.3.12.3_1,2023,11,0,0
PRT.3.12.4_1,2023,11,0,0
PRT.3.12.5_1,2023,11,0,0
PRT.3.12.6_1,2023,11,0,0
PRT.3.13.1_1,2023,11,0,0
PRT.3.13.2_1,2023,11,0,0
PRT.3.13.3_1,2023,11,0,0
PRT.3.13.4_1,2023,11,0,0
PRT.3.13.5_1,2023,11,0,0
PRT.3.13.6_1,2023,11,0,0
PRT.3.13.7_1,2023,11,0,0
PRT.3.14.1_1,2023,11,0,0
PRT.3.14.2_1,2023,11,0,0
PRT.3.14.3_1,2023,11,0,0
PRT.3.14.4_1,2023,11,0,0
PRT.3.2.1_1,2023,11,0,0
PRT.3.2.2_1,2023,11,0,0
PRT.3.2.3_1,2023,11,0,0
PRT.3.2.4_1,2023,11,0,0
PRT.3.2.5_1,2023,11,0,0
PRT.3.2.6_1,2023,11,0,0
PRT.3.2.7_1,2023,11,0,0
PRT.3.2.8_1,2023,11,0,0
PRT.3.3.1_1,2023,11,0,0
PRT.3.3.2_1,2023,11,0,0
PRT.3.4.1_1,2023,11,0,0
PRT.3.5.1_1,2023,11,0,0
PRT.3.5.10_1,2023,11,0,0
PRT.3.5.11_1,2023,11,0,0
PRT.3.5.12_1,2023,11,0,0
PRT.3.5.13_1,2023,11,0,0
PRT.3.5.14_1,2023,11,0,0
PRT.3.5.15_1,2023,11,0,0
PRT.3.5.16_1,2023,11,0,0
PRT.3.5.17_1,2023,11,0,0
PRT.3.5.18_1,2023,11,0,0
PRT.3.5.2_1,2023,11,0,0
PRT.3.5.3_1,2023,11,0,0
PRT.3.5.4_1,2023,11,0,0
PRT.3.5.5_1,2023,11,0,0
PRT.3.5.6_1,2023,11,0,0
PRT.3.5.7_1,2023,11,0,0
PRT.3.5.8_1,2023,11,0,0
PRT.3.5.9_1,2023,11,0,0
PRT.3.6.1_1,2023,11,0,0
PRT.3.6.2_1,2023,11,0,0
PRT.3.6.3_1,2023,11,0,0
PRT.3.6.4_1,2023,11,0,0
PRT.3.6.5_1,2023,11,0,0
PRT.3.7.1_1,2023,11,0,0
PRT.3.7.2_1,2023,11,0,0
PRT.3.7.3_1,2023,11,0,0
PRT.3.7.4_1,2023,11,0,0
PRT.3.8.1_1,2023,11,0,0
PRT.3.8.2_1,2023,11,0,0
PRT.3.8.3_1,2023,11,0,0
PRT.3.8.4_1,2023,11,0,0
PRT.3.8.5_1,2023,11,0,0
PRT.3.8.6_1,2023,11,0,0
PRT.3.9.1_1,2023,11,0,0
PRT.3.9.2_1,2023,11,0,0
PRT.3.9.3_1,2023,11,0,0
PRT.3.9.4_1,2023,11,0,0
PRT.3.9.5_1,2023,11,0,0
PRT.3.9.6_1,2023,11,0,0
PRT.3.9.7_1,2023,11,0,0
PRT.3.9.8_1,2023,11,0,0
PRT.3.9.9_1,2023,11,0,0
PRT.4.1.1_1,2023,11,0,0
PRT.4.1.10_1,2023,11,0,0
PRT.4.1.11_1,2023,11,0,0
PRT.4.1.12_1,2023,11,0,0
PRT.4.1.13_1,2023,11,0,0
PRT.4.1.14_1,2023,11,0,0
PRT.4.1.15_1,2023,11,0,0
PRT.4.1.16_1,2023,11,0,0
PRT.4.1.17_1,2023,11,0,0
PRT.4.1.18_1,2023,11,0,0
PRT.4.1.19_1,2023,11,0,0
PRT.4.1.2_1,2023,11,0,0
PRT.4.1.20_1,2023,11,0,0
PRT.4.1.21_1,2023,11,0,0
PRT.4.1.22_1,2023,11,0,0
PRT.4.1.23_1,2023,11,0,0
PRT.4.1.24_1,2023,11,0,0
PRT.4.1.3_1,2023,11,0,0
PRT.4.1.4_1,2023,11,0,0
PRT.4.1.5_1,2023,11,0,0
PRT.4.1.6_1,2023,11,0,0
PRT.4.1.7_1,2023,11,0,0
PRT.4.1.8_1,2023,11,0,0
PRT.4.1.9_1,2023,11,0,0
PRT.4.10.1_1,2023,11,0,0
PRT.4.10.10_1,2023,11,0,0
PRT.4.10.11_1,2023,11,0,0
PRT.4.10.12_1,2023,11,0,0
PRT.4.10.13_1,2023,11,0,0
PRT.4.10.14_1,2023,11,0,0
PRT.4.10.15_1,2023,11,0,0
PRT.4.10.16_1,2023,11,0,0
PRT.4.10.17_1,2023,11,0,0
PRT.4.10.2_1,2023,11,0,0
PRT.4.10.3_1,2023,11,0,0
PRT.4.10.4_1,2023,11,0,0
PRT.4.10.5_1,2023,11,0,0
PRT.4.10.6_1,2023,11,0,0
PRT.4.10.7_1,2023,11,0,0
PRT.4.10.8_1,2023,11,0,0
PRT.4.10.9_1,2023,11,0,0
PRT.4.11.1_1,2023,11,0,0
PRT.4.11.10_1,2023,11,0,0
PRT.4.11.11_1,2023,11,0,0
PRT.4.11.12_1,2023,11,0,0
PRT.4.11.13_1,2023,11,0,0
PRT.4.11.14_1,2023,11,0,0
PRT.4.11.15_1,2023,11,0,0
PRT.4.11.16_1,2023,11,0,0
PRT.4.11.17_1,2023,11,0,0
PRT.4.11.18_1,2023,11,0,0
PRT.4.11.19_1,2023,11,0,0
PRT.4.11.2_1,2023,11,0,0
PRT.4.11.20_1,2023,11,0,0
PRT.4.11.21_1,2023,11,0,0
PRT.4.11.3_1,2023,11,0,0
PRT.4.11.4_1,2023,11,0,0
PRT.4.11.5_1,2023,11,0,0
PRT.4.11.6_1,2023,11,0,0
PRT.4.11.7_1,2023,11,0,0
PRT.4.11.8_1,2023,11,0,0
PRT.4.11.9_1,2023,11,0,0
PRT.4.12.1_1,2023,11,0,0
PRT.4.12.10_1,2023,11,0,0
PRT.4.12.11_1,2023,11,0,0
PRT.4.12.12_1,2023,11,0,0
PRT.4.12.13_1,2023,11,0,0
PRT.4.12.14_1,2023,11,0,0
PRT.4.12.15_1,2023,11,0,0
PRT.4.12.16_1,2023,11,0,0
PRT.4.12.17_1,2023,11,0,0
PRT.4.12.18_1,2023,11,0,0
PRT.4.12.19_1,2023,11,0,0
PRT.4.12.2_1,2023,11,0,0
PRT.4.12.20_1,2023,11,0,0
PRT.4.12.21_1,2023,11,0,0
PRT.4.12.22_1,2023,11,0,0
PRT.4.12.23_1,2023,11,0,0
PRT.4.12.24_1,2023,11,0,0
PRT.4.12.25_1,2023,11,0,0
PRT.4.12.26_1,2023,11,0,0
PRT.4.12.27_1,2023,11,0,0
PRT.4.12.28_1,2023,11,0,0
PRT.4.12.29_1,2023,11,0,0
PRT.4.12.3_1,2023,11,0,0
PRT.4.12.30_1,2023,11,0,0
PRT.4.12.31_1,2023,11,0,0
PRT.4.12.32_1,2023,11,0,0
PRT.4.12.33_1,2023,11,0,0
PRT.4.12.34_1,2023,11,0,0
PRT.4.12.35_1,2023,11,0,0
PRT.4.12.36_1,2023,11,0,0
PRT.4.12.37_1,2023,11,0,0
PRT.4.12.38_1,2023,11,0,0
PRT.4.12.39_1,2023,11,0,0
PRT.4.12.4_1,2023,11,0,0
PRT.4.12.40_1,2023,11,0,0
PRT.4.12.41_1,2023,11,0,0
PRT.4.12.42_1,2023,11,0,0
PRT.4.12.43_1,2023,11,0,0
PRT.4.12.44_1,2023,11,0,0
PRT.4.12.45_1,2023,11,0,0
PRT.4.12.46_1,2023,11,0,0
PRT.4.12.47_1,2023,11,0,0
PRT.4.12.48_1,2023,11,0,0
PRT.4.12.49_1,2023,11,0,0
PRT.4.12.5_1,2023,11,0,0
PRT.4.12.6_1,2023,11,0,0
PRT.4.12.7_1,2023,11,0,0
PRT.4.12.8_1,2023,11,0,0
PRT.4.12.9_1,2023,11,0,0
PRT.4.13.1_1,2023,11,0,0
PRT.4.13.10_1,2023,11,0,0
PRT.4.13.11_1,2023,11,0,0
PRT.4.13.12_1,2023,11,0,0
PRT.4.13.13_1,2023,11,0,0
PRT.4.13.14_1,2023,11,0,0
PRT.4.13.15_1,2023,11,0,0
PRT.4.13.16_1,2023,11,0,0
PRT.4.13.17_1,2023,11,0,0
PRT.4.13.18_1,2023,11,0,0
PRT.4.13.19_1,2023,11,0,0
PRT.4.13.2_1,2023,11,0,0
PRT.4.13.20_1,2023,11,0,0
PRT.4.13.21_1,2023,11,0,0
PRT.4.13.22_1,2023,11,0,0
PRT.4.13.23_1,2023,11,0,0
PRT.4.13.24_1,2023,11,0,0
PRT.4.13.25_1,2023,11,0,0
PRT.4.13.26_1,2023,11,0,0
PRT.4.13.27_1,2023,11,0,0
PRT.4.13.28_1,2023,11,0,0
PRT.4.13.29_1,2023,11,0,0
PRT.4.13.3_1,2023,11,0,0
PRT.4.13.30_1,2023,11,0,0
PRT.4.13.31_1,2023,11,0,0
PRT.4.13.32_1,2023,11,0,0
PRT.4.13.33_1,2023,11,0,0
PRT.4.13.34_1,2023,11,0,0
PRT.4.13.35_1,2023,11,0,0
PRT.4.13.36_1,2023,11,0,0
PRT.4.13.37_1,2023,11,0,0
PRT.4.13.38_1,2023,11,0,0
PRT.4.13.39_1,2023,11,0,0
PRT.4.13.4_1,2023,11,0,0
PRT.4.13.40_1,2023,11,0,0
PRT.4.13.41_1,2023,11,0,0
PRT.4.13.42_1,2023,11,0,0
PRT.4.13.43_1,2023,11,0,0
PRT.4.13.44_1,2023,11,0,0
PRT.4.13.45_1,2023,11,0,0
PRT.4.13.46_1,2023,11,0,0
PRT.4.13.47_1,2023,11,0,0
PRT.4.13.48_1,2023,11,0,0
PRT.4.13.49_1,2023,11,0,0
PRT.4.13.5_1,2023,11,0,0
PRT.4.13.50_1,2023,11,0,0
PRT.4.13.51_1,2023,11,0,0
PRT.4.13.52_1,2023,11,0,0
PRT.4.13.53_1,2023,11,0,0
PRT.4.13.54_1,2023,11,0,0
PRT.4.13.55_1,2023,11,0,0
PRT.4.13.56_1,2023,11,0,0
PRT.4.13.57_1,2023,11,0,0
PRT.4.13.58_1,2023,11,0,0
PRT.4.13.6_1,2023,11,0,0
PRT.4.13.7_1,2023,11,0,0
PRT.4.13.8_1,2023,11,0,0
PRT.4.13.9_1,2023,11,0,0
PRT.4.14.1_1,2023,11,0,0
PRT.4.14.2_1,2023,11,0,0
PRT.4.14.3_1,2023,11,0,0
PRT.4.14.4_1,2023,11,0,0
PRT.4.14.5_1,2023,11,0,0
PRT.4.14.6_1,2023,11,0,0
PRT.4.14.7_1,2023,11,0,0
PRT.4.2.1_1,2023,11,0,0
PRT.4.2.10_1,2023,11,0,0
PRT.4.2.11_1,2023,11,0,0
PRT.4.2.12_1,2023,11,0,0
PRT.4.2.13_1,2023,11,0,0
PRT.4.2.14_1,2023,11,0,0
PRT.4.2.15_1,2023,11,0,0
PRT.4.2.16_1,2023,11,0,0
PRT.4.2.17_1,2023,11,0,0
PRT.4.2.18_1,2023,11,0,0
PRT.4.2.19_1,2023,11,0,0
PRT.4.2.2_1,2023,11,0,0
PRT.4.2.20_1,2023,11,0,0
PRT.4.2.21_1,2023,11,0,0
PRT.4.2.22_1,2023,11,0,0
PRT.4.2.23_1,2023,11,0,0
PRT.4.2.24_1,2023,11,0,0
PRT.4.2.25_1,2023,11,0,0
PRT.4.2.26_1,2023,11,0,0
PRT.4.2.27_1,2023,11,0,0
PRT.4.2.28_1,2023,11,0,0
PRT.4.2.29_1,2023,11,0,0
PRT.4.2.3_1,2023,11,0,0
PRT.4.2.30_1,2023,11,0,0
PRT.4.2.31_1,2023,11,0,0
PRT.4.2.32_1,2023,11,0,0
PRT.4.2.33_1,2023,11,0,0
PRT.4.2.34_1,2023,11,0,0
PRT.4.2.35_1,2023,11,0,0
PRT.4.2.36_1,2023,11,0,0
PRT.4.2.37_1,2023,11,0,0
PRT.4.2.38_1,2023,11,0,0
PRT.4.2.39_1,2023,11,0,0
PRT.4.2.4_1,2023,11,0,0
PRT.4.2.40_1,2023,11,0,0
PRT.4.2.41_1,2023,11,0,0
PRT.4.2.42_1,2023,11,0,0
PRT.4.2.43_1,2023,11,0,0
PRT.4.2.44_1,2023,11,0,0
PRT.4.2.45_1,2023,11,0,0
PRT.4.2.46_1,2023,11,0,0
PRT.4.2.47_1,2023,11,0,0
PRT.4.2.48_1,2023,11,0,0
PRT.4.2.49_1,2023,11,0,0
PRT.4.2.5_1,2023,11,0,0
PRT.4.2.50_1,2023,11,0,0
PRT.4.2.51_1,2023,11,0,0
PRT.4.2.52_1,2023,11,0,0
PRT.4.2.53_1,2023,11,0,0
PRT.4.2.54_1,2023,11,0,0
PRT.4.2.55_1,2023,11,0,0
PRT.4.2.56_1,2023,11,0,0
PRT.4.2.57_1,2023,11,0,0
PRT.4.2.58_1,2023,11,0,0
PRT.4.2.59_1,2023,11,0,0
PRT.4.2.6_1,2023,11,0,0
PRT.4.2.60_1,2023,11,0,0
PRT.4.2.61_1,2023,11,0,0
PRT.4.2.62_1,2023,11,0,0
PRT.4.2.63_1,2023,11,0,0
PRT.4.2.64_1,2023,11,0,0
PRT.4.2.65_1,2023,11,0,0
PRT.4.2.66_1,2023,11,0,0
PRT.4.2.67_1,2023,11,0,0
PRT.4.2.68_1,2023,11,0,0
PRT.4.2.69_1,2023,11,0,0
PRT.4.2.7_1,2023,11,0,0
PRT.4.2.70_1,2023,11,0,0
PRT.4.2.71_1,2023,11,0,0
PRT.4.2.72_1,2023,11,0,0
PRT.4.2.73_1,2023,11,0,0
PRT.4.2.74_1,2023,11,0,0
PRT.4.2.75_1,2023,11,0,0
PRT.4.2.76_1,2023,11,0,0
PRT.4.2.77_1,2023,11,0,0
PRT.4.2.78_1,2023,11,0,0
PRT.4.2.79_1,2023,11,0,0
PRT.4.2.8_1,2023,11,0,0
PRT.4.2.80_1,2023,11,0,0
PRT.4.2.81_1,2023,11,0,0
PRT.4.2.82_1,2023,11,0,0
PRT.4.2.83_1,2023,11,0,0
PRT.4.2.84_1,2023,11,0,0
PRT.4.2.85_1,2023,11,0,0
PRT.4.2.86_1,2023,11,0,0
PRT.4.2.87_1,2023,11,0,0
PRT.4.2.88_1,2023,11,0,0
PRT.4.2.89_1,2023,11,0,0
PRT.4.2.9_1,2023,11,0,0
PRT.4.3.1_1,2023,11,0,0
PRT.4.3.10_1,2023,11,0,0
PRT.4.3.11_1,2023,11,0,0
PRT.4.3.12_1,2023,11,0,0
PRT.4.3.13_1,2023,11,0,0
PRT.4.3.14_1,2023,11,0,0
PRT.4.3.15_1,2023,11,0,0
PRT.4.3.16_1,2023,11,0,0
PRT.4.3.17_1,2023,11,0,0
PRT.4.3.18_1,2023,11,0,0
PRT.4.3.19_1,2023,11,0,0
PRT.4.3.2_1,2023,11,0,0
PRT.4.3.20_1,2023,11,0,0
PRT.4.3.21_1,2023,11,0,0
PRT.4.3.22_1,2023,11,0,0
PRT.4.3.23_1,2023,11,0,0
PRT.4.3.24_1,2023,11,0,0
PRT.4.3.25_1,2023,11,0,0
PRT.4.3.26_1,2023,11,0,0
PRT.4.3.27_1,2023,11,0,0
PRT.4.3.28_1,2023,11,0,0
PRT.4.3.29_1,2023,11,0,0
PRT.4.3.3_1,2023,11,0,0
PRT.4.3.30_1,2023,11,0,0
PRT.4.3.31_1,2023,11,0,0
PRT.4.3.32_1,2023,11,0,0
PRT.4.3.33_1,2023,11,0,0
PRT.4.3.34_1,2023,11,0,0
PRT.4.3.35_1,2023,11,0,0
PRT.4.3.36_1,2023,11,0,0
PRT.4.3.37_1,2023,11,0,0
PRT.4.3.38_1,2023,11,0,0
PRT.4.3.39_1,2023,11,0,0
PRT.4.3.4_1,2023,11,0,0
PRT.4.3.40_1,2023,11,0,0
PRT.4.3.41_1,2023,11,0,0
PRT.4.3.42_1,2023,11,0,0
PRT.4.3.43_1,2023,11,0,0
PRT.4.3.44_1,2023,11,0,0
PRT.4.3.45_1,2023,11,0,0
PRT.4.3.46_1,2023,11,0,0
PRT.4.3.47_1,2023,11,0,0
PRT.4.3.48_1,2023,11,0,0
PRT.4.3.49_1,2023,11,0,0
PRT.4.3.5_1,2023,11,0,0
PRT.4.3.50_1,2023,11,0,0
PRT.4.3.51_1,2023,11,0,0
PRT.4.3.52_1,2023,11,0,0
PRT.4.3.53_1,2023,11,0,0
PRT.4.3.54_1,2023,11,0,0
PRT.4.3.55_1,2023,11,0,0
PRT.4.3.56_1,2023,11,0,0
PRT.4.3.57_1,2023,11,0,0
PRT.4.3.58_1,2023,11,0,0
PRT.4.3.59_1,2023,11,0,0
PRT.4.3.6_1,2023,11,0,0
PRT.4.3.60_1,2023,11,0,0
PRT.4.3.61_1,2023,11,0,0
PRT.4.3.7_1,2023,11,0,0
PRT.4.3.8_1,2023,11,0,0
PRT.4.3.9_1,2023,11,0,0
PRT.4.4.1_1,2023,11,0,0
PRT.4.4.10_1,2023,11,0,0
PRT.4.4.11_1,2023,11,0,0
PRT.4.4.12_1,2023,11,0,0
PRT.4.4.13_1,2023,11,0,0
PRT.4.4.14_1,2023,11,0,0
PRT.4.4.15_1,2023,11,0,0
PRT.4.4.16_1,2023,11,0,0
PRT.4.4.17_1,2023,11,0,0
PRT.4.4.2_1,2023,11,0,0
PRT.4.4.3_1,2023,11,0,0
PRT.4.4.4_1,2023,11,0,0
PRT.4.4.5_1,2023,11,0,0
PRT.4.4.6_1,2023,11,0,0
PRT.4.4.7_1,2023,11,0,0
PRT.4.4.8_1,2023,11,0,0
PRT.4.4.9_1,2023,11,0,0
PRT.4.5.1_1,2023,11,0,0
PRT.4.5.10_1,2023,11,0,0
PRT.4.5.11_1,2023,11,0,0
PRT.4.5.12_1,2023,11,0,0
PRT.4.5.13_1,2023,11,0,0
PRT.4.5.14_1,2023,11,0,0
PRT.4.5.15_1,2023,11,0,0
PRT.4.5.16_1,2023,11,0,0
PRT.4.5.17_1,2023,11,0,0
PRT.4.5.18_1,2023,11,0,0
PRT.4.5.19_1,2023,11,0,0
PRT.4.5.2_1,2023,11,0,0
PRT.4.5.20_1,2023,11,0,0
PRT.4.5.21_1,2023,11,0,0
PRT.4.5.22_1,2023,11,0,0
PRT.4.5.3_1,2023,11,0,0
PRT.4.5.4_1,2023,11,0,0
PRT.4.5.5_1,2023,11,0,0
PRT.4.5.6_1,2023,11,0,0
PRT.4.5.7_1,2023,11,0,0
PRT.4.5.8_1,2023,11,0,0
PRT.4.5.9_1,2023,11,0,0
PRT.4.6.1_1,2023,11,0,0
PRT.4.6.10_1,2023,11,0,0
PRT.4.6.11_1,2023,11,0,0
PRT.4.6.12_1,2023,11,0,0
PRT.4.6.13_1,2023,11,0,0
PRT.4.6.14_1,2023,11,0,0
PRT.4.6.15_1,2023,11,0,0
PRT.4.6.2_1,2023,11,0,0
PRT.4.6.3_1,2023,11,0,0
PRT.4.6.4_1,2023,11,0,0
PRT.4.6.5_1,2023,11,0,0
PRT.4.6.6_1,2023,11,0,0
PRT.4.6.7_1,2023,11,0,0
PRT.4.6.8_1,2023,11,0,0
PRT.4.6.9_1,2023,11,0,0
PRT.4.7.1_1,2023,11,0,0
PRT.4.7.10_1,2023,11,0,0
PRT.4.7.11_1,2023,11,0,0
PRT.4.7.12_1,2023,11,0,0
PRT.4.7.13_1,2023,11,0,0
PRT.4.7.14_1,2023,11,0,0
PRT.4.7.15_1,2023,11,0,0
PRT.4.7.16_1,2023,11,0,0
PRT.4.7.17_1,2023,11,0,0
PRT.4.7.18_1,2023,11,0,0
PRT.4.7.19_1,2023,11,0,0
PRT.4.7.2_1,2023,11,0,0
PRT.4.7.20_1,2023,11,0,0
PRT.4.7.21_1,2023,11,0,0
PRT.4.7.22_1,2023,11,0,0
PRT.4.7.23_1,2023,11,0,0
PRT.4.7.24_1,2023,11,0,0
PRT.4.7.25_1,2023,11,0,0
PRT.4.7.26_1,2023,11,0,0
PRT.4.7.27_1,2023,11,0,0
PRT.4.7.28_1,2023,11,0,0
PRT.4.7.29_1,2023,11,0,0
PRT.4.7.3_1,2023,11,0,0
PRT.4.7.30_1,2023,11,0,0
PRT.4.7.31_1,2023,11,0,0
PRT.4.7.32_1,2023,11,0,0
PRT.4.7.33_1,2023,11,0,0
PRT.4.7.34_1,2023,11,0,0
PRT.4.7.35_1,2023,11,0,0
PRT.4.7.36_1,2023,11,0,0
PRT.4.7.4_1,2023,11,0,0
PRT.4.7.5_1,2023,11,0,0
PRT.4.7.6_1,2023,11,0,0
PRT.4.7.7_1,2023,11,0,0
PRT.4.7.8_1,2023,11,0,0
PRT.4.7.9_1,2023,11,0,0
PRT.4.8.1_1,2023,11,0,0
PRT.4.8.10_1,2023,11,0,0
PRT.4.8.11_1,2023,11,0,0
PRT.4.8.12_1,2023,11,0,0
PRT.4.8.13_1,2023,11,0,0
PRT.4.8.14_1,2023,11,0,0
PRT.4.8.15_1,2023,11,0,0
PRT.4.8.16_1,2023,11,0,0
PRT.4.8.17_1,2023,11,0,0
PRT.4.8.18_1,2023,11,0,0
PRT.4.8.19_1,2023,11,0,0
PRT.4.8.2_1,2023,11,0,0
PRT.4.8.20_1,2023,11,0,0
PRT.4.8.21_1,2023,11,0,0
PRT.4.8.22_1,2023,11,0,0
PRT.4.8.23_1,2023,11,0,0
PRT.4.8.24_1,2023,11,0,0
PRT.4.8.25_1,2023,11,0,0
PRT.4.8.26_1,2023,11,0,0
PRT.4.8.27_1,2023,11,0,0
PRT.4.8.28_1,2023,11,0,0
PRT.4.8.29_1,2023,11,0,0
PRT.4.8.3_1,2023,11,0,0
PRT.4.8.30_1,2023,11,0,0
PRT.4.8.31_1,2023,11,0,0
PRT.4.8.32_1,2023,11,0,0
PRT.4.8.33_1,2023,11,0,0
PRT.4.8.34_1,2023,11,0,0
PRT.4.8.35_1,2023,11,0,0
PRT.4.8.36_1,2023,11,0,0
PRT.4.8.37_1,2023,11,0,0
PRT.4.8.38_1,2023,11,0,0
PRT.4.8.39_1,2023,11,0,0
PRT.4.8.4_1,2023,11,0,0
PRT.4.8.40_1,2023,11,0,0
PRT.4.8.41_1,2023,11,0,0
PRT.4.8.42_1,2023,11,0,0
PRT.4.8.43_1,2023,11,0,0
PRT.4.8.44_1,2023,11,0,0
PRT.4.8.45_1,2023,11,0,0
PRT.4.8.46_1,2023,11,0,0
PRT.4.8.47_1,2023,11,0,0
PRT.4.8.48_1,2023,11,0,0
PRT.4.8.49_1,2023,11,0,0
PRT.4.8.5_1,2023,11,0,0
PRT.4.8.50_1,2023,11,0,0
PRT.4.8.51_1,2023,11,0,0
PRT.4.8.52_1,2023,11,0,0
PRT.4.8.53_1,2023,11,0,0
PRT.4.8.54_1,2023,11,0,0
PRT.4.8.55_1,2023,11,0,0
PRT.4.8.56_1,2023,11,0,0
PRT.4.8.57_1,2023,11,0,0
PRT.4.8.58_1,2023,11,0,0
PRT.4.8.59_1,2023,11,0,0
PRT.4.8.6_1,2023,11,0,0
PRT.4.8.60_1,2023,11,0,0
PRT.4.8.61_1,2023,11,0,0
PRT.4.8.62_1,2023,11,0,0
PRT.4.8.63_1,2023,11,0,0
PRT.4.8.64_1,2023,11,0,0
PRT.4.8.65_1,2023,11,0,0
PRT.4.8.66_1,2023,11,0,0
PRT.4.8.67_1,2023,11,0,0
PRT.4.8.68_1,2023,11,0,0
PRT.4.8.69_1,2023,11,0,0
PRT.4.8.7_1,2023,11,0,0
PRT.4.8.70_1,2023,11,0,0
PRT.4.8.8_1,2023,11,0,0
PRT.4.8.9_1,2023,11,0,0
PRT.4.9.1_1,2023,11,0,0
PRT.4.9.10_1,2023,11,0,0
PRT.4.9.11_1,2023,11,0,0
PRT.4.9.12_1,2023,11,0,0
PRT.4.9.13_1,2023,11,0,0
PRT.4.9.14_1,2023,11,0,0
PRT.4.9.15_1,2023,11,0,0
PRT.4.9.16_1,2023,11,0,0
PRT.4.9.17_1,2023,11,0,0
PRT.4.9.18_1,2023,11,0,0
PRT.4.9.19_1,2023,11,0,0
PRT.4.9.2_1,2023,11,0,0
PRT.4.9.20_1,2023,11,0,0
PRT.4.9.21_1,2023,11,0,0
PRT.4.9.22_1,2023,11,0,0
PRT.4.9.23_1,2023,11,0,0
PRT.4.9.24_1,2023,11,0,0
PRT.4.9.25_1,2023,11,0,0
PRT.4.9.26_1,2023,11,0,0
PRT.4.9.27_1,2023,11,0,0
PRT.4.9.28_1,2023,11,0,0
PRT.4.9.29_1,2023,11,0,0
PRT.4.9.3_1,2023,11,0,0
PRT.4.9.4_1,2023,11,0,0
PRT.4.9.5_1,2023,11,0,0
PRT.4.9.6_1,2023,11,0,0
PRT.4.9.7_1,2023,11,0,0
PRT.4.9.8_1,2023,11,0,0
PRT.4.9.9_1,2023,11,0,0
PRT.5.1.1_1,2023,11,0,0
PRT.5.1.10_1,2023,11,0,0
PRT.5.1.11_1,2023,11,0,0
PRT.5.1.12_1,2023,11,0,0
PRT.5.1.13_1,2023,11,0,0
PRT.5.1.14_1,2023,11,0,0
PRT.5.1.15_1,2023,11,0,0
PRT.5.1.16_1,2023,11,0,0
PRT.5.1.17_1,2023,11,0,0
PRT.5.1.18_1,2023,11,0,0
PRT.5.1.19_1,2023,11,0,0
PRT.5.1.2_1,2023,11,0,0
PRT.5.1.20_1,2023,11,0,0
PRT.5.1.3_1,2023,11,0,0
PRT.5.1.4_1,2023,11,0,0
PRT.5.1.5_1,2023,11,0,0
PRT.5.1.6_1,2023,11,0,0
PRT.5.1.7_1,2023,11,0,0
PRT.5.1.8_1,2023,11,0,0
PRT.5.1.9_1,2023,11,0,0
PRT.5.10.1_1,2023,11,0,0
PRT.5.10.10_1,2023,11,0,0
PRT.5.10.11_1,2023,11,0,0
PRT.5.10.12_1,2023,11,0,0
PRT.5.10.13_1,2023,11,0,0
PRT.5.10.14_1,2023,11,0,0
PRT.5.10.15_1,2023,11,0,0
PRT.5.10.16_1,2023,11,0,0
PRT.5.10.17_1,2023,11,0,0
PRT.5.10.18_1,2023,11,0,0
PRT.5.10.19_1,2023,11,0,0
PRT.5.10.2_1,2023,11,0,0
PRT.5.10.3_1,2023,11,0,0
PRT.5.10.4_1,2023,11,0,0
PRT.5.10.5_1,2023,11,0,0
PRT.5.10.6_1,2023,11,0,0
PRT.5.10.7_1,2023,11,0,0
PRT.5.10.8_1,2023,11,0,0
PRT.5.10.9_1,2023,11,0,0
PRT.5.11.1_1,2023,11,0,0
PRT.5.11.10_1,2023,11,0,0
PRT.5.11.11_1,2023,11,0,0
PRT.5.11.12_1,2023,11,0,0
PRT.5.11.13_1,2023,11,0,0
PRT.5.11.14_1,2023,11,0,0
PRT.5.11.2_1,2023,11,0,0
PRT.5.11.3_1,2023,11,0,0
PRT.5.11.4_1,2023,11,0,0
PRT.5.11.5_1,2023,11,0,0
PRT.5.11.6_1,2023,11,0,0
PRT.5.11.7_1,2023,11,0,0
PRT.5.11.8_1,2023,11,0,0
PRT.5.11.9_1,2023,11,0,0
PRT.5.12.1_1,2023,11,0,0
PRT.5.12.10_1,2023,11,0,0
PRT.5.12.11_1,2023,11,0,0
PRT.5.12.12_1,2023,11,0,0
PRT.5.12.13_1,2023,11,0,0
PRT.5.12.14_1,2023,11,0,0
PRT.5.12.15_1,2023,11,0,0
PRT.5.12.16_1,2023,11,0,0
PRT.5.12.17_1,2023,11,0,0
PRT.5.12.18_1,2023,11,0,0
PRT.5.12.19_1,2023,11,0,0
PRT.5.12.2_1,2023,11,0,0
PRT.5.12.20_1,2023,11,0,0
PRT.5.12.21_1,2023,11,0,0
PRT.5.12.22_1,2023,11,0,0
PRT.5.12.23_1,2023,11,0,0
PRT.5.12.24_1,2023,11,0,0
PRT.5.12.25_1,2023,11,0,0
PRT.5.12.26_1,2023,11,0,0
PRT.5.12.27_1,2023,11,0,0
PRT.5.12.28_1,2023,11,0,0
PRT.5.12.29_1,2023,11,0,0
PRT.5.12.3_1,2023,11,0,0
PRT.5.12.30_1,2023,11,0,0
PRT.5.12.31_1,2023,11,0,0
PRT.5.12.32_1,2023,11,0,0
PRT.5.12.33_1,2023,11,0,0
PRT.5.12.34_1,2023,11,0,0
PRT.5.12.35_1,2023,11,0,0
PRT.5.12.4_1,2023,11,0,0
PRT.5.12.5_1,2023,11,0,0
PRT.5.12.6_1,2023,11,0,0
PRT.5.12.7_1,2023,11,0,0
PRT.5.12.8_1,2023,11,0,0
PRT.5.12.9_1,2023,11,0,0
PRT.5.2.1_1,2023,11,0,0
PRT.5.2.10_1,2023,11,0,0
PRT.5.2.11_1,2023,11,0,0
PRT.5.2.12_1,2023,11,0,0
PRT.5.2.13_1,2023,11,0,0
PRT.5.2.14_1,2023,11,0,0
PRT.5.2.15_1,2023,11,0,0
PRT.5.2.16_1,2023,11,0,0
PRT.5.2.17_1,2023,11,0,0
PRT.5.2.18_1,2023,11,0,0
PRT.5.2.19_1,2023,11,0,0
PRT.5.2.2_1,2023,11,0,0
PRT.5.2.20_1,2023,11,0,0
PRT.5.2.21_1,2023,11,0,0
PRT.5.2.22_1,2023,11,0,0
PRT.5.2.23_1,2023,11,0,0
PRT.5.2.24_1,2023,11,0,0
PRT.5.2.25_1,2023,11,0,0
PRT.5.2.26_1,2023,11,0,0
PRT.5.2.27_1,2023,11,0,0
PRT.5.2.28_1,2023,11,0,0
PRT.5.2.29_1,2023,11,0,0
PRT.5.2.3_1,2023,11,0,0
PRT.5.2.30_1,2023,11,0,0
PRT.5.2.31_1,2023,11,0,0
PRT.5.2.32_1,2023,11,0,0
PRT.5.2.33_1,2023,11,0,0
PRT.5.2.34_1,2023,11,0,0
PRT.5.2.35_1,2023,11,0,0
PRT.5.2.36_1,2023,11,0,0
PRT.5.2.37_1,2023,11,0,0
PRT.5.2.38_1,2023,11,0,0
PRT.5.2.39_1,2023,11,0,0
PRT.5.2.4_1,2023,11,0,0
PRT.5.2.40_1,2023,11,0,0
PRT.5.2.41_1,2023,11,0,0
PRT.5.2.42_1,2023,11,0,0
PRT.5.2.43_1,2023,11,0,0
PRT.5.2.44_1,2023,11,0,0
PRT.5.2.45_1,2023,11,0,0
PRT.5.2.46_1,2023,11,0,0
PRT.5.2.47_1,2023,11,0,0
PRT.5.2.48_1,2023,11,0,0
PRT.5.2.49_1,2023,11,0,0
PRT.5.2.5_1,2023,11,0,0
PRT.5.2.6_1,2023,11,0,0
PRT.5.2.7_1,2023,11,0,0
PRT.5.2.8_1,2023,11,0,0
PRT.5.2.9_1,2023,11,0,0
PRT.5.3.1_1,2023,11,0,0
PRT.5.3.10_1,2023,11,0,0
PRT.5.3.11_1,2023,11,0,0
PRT.5.3.12_1,2023,11,0,0
PRT.5.3.13_1,2023,11,0,0
PRT.5.3.14_1,2023,11,0,0
PRT.5.3.15_1,2023,11,0,0
PRT.5.3.16_1,2023,11,0,0
PRT.5.3.17_1,2023,11,0,0
PRT.5.3.18_1,2023,11,0,0
PRT.5.3.19_1,2023,11,0,0
PRT.5.3.2_1,2023,11,0,0
PRT.5.3.3_1,2023,11,0,0
PRT.5.3.4_1,2023,11,0,0
PRT.5.3.5_1,2023,11,0,0
PRT.5.3.6_1,2023,11,0,0
PRT.5.3.7_1,2023,11,0,0
PRT.5.3.8_1,2023,11,0,0
PRT.5.3.9_1,2023,11,0,0
PRT.5.4.1_1,2023,11,0,0
PRT.5.4.2_1,2023,11,0,0
PRT.5.4.3_1,2023,11,0,0
PRT.5.4.4_1,2023,11,0,0
PRT.5.4.5_1,2023,11,0,0
PRT.5.4.6_1,2023,11,0,0
PRT.5.5.1_1,2023,11,0,0
PRT.5.5.10_1,2023,11,0,0
PRT.5.5.11_1,2023,11,0,0
PRT.5.5.12_1,2023,11,0,0
PRT.5.5.13_1,2023,11,0,0
PRT.5.5.14_1,2023,11,0,0
PRT.5.5.15_1,2023,11,0,0
PRT.5.5.16_1,2023,11,0,0
PRT.5.5.17_1,2023,11,0,0
PRT.5.5.18_1,2023,11,0,0
PRT.5.5.19_1,2023,11,0,0
PRT.5.5.2_1,2023,11,0,0
PRT.5.5.20_1,2023,11,0,0
PRT.5.5.21_1,2023,11,0,0
PRT.5.5.22_1,2023,11,0,0
PRT.5.5.23_1,2023,11,0,0
PRT.5.5.24_1,2023,11,0,0
PRT.5.5.25_1,2023,11,0,0
PRT.5.5.26_1,2023,11,0,0
PRT.5.5.27_1,2023,11,0,0
PRT.5.5.28_1,2023,11,0,0
PRT.5.5.29_1,2023,11,0,0
PRT.5.5.3_1,2023,11,0,0
PRT.5.5.30_1,2023,11,0,0
PRT.5.5.31_1,2023,11,0,0
PRT.5.5.32_1,2023,11,0,0
PRT.5.5.33_1,2023,11,0,0
PRT.5.5.34_1,2023,11,0,0
PRT.5.5.35_1,2023,11,0,0
PRT.5.5.36_1,2023,11,0,0
PRT.5.5.37_1,2023,11,0,0
PRT.5.5.38_1,2023,11,0,0
PRT.5.5.4_1,2023,11,0,0
PRT.5.5.5_1,2023,11,0,0
PRT.5.5.6_1,2023,11,0,0
PRT.5.5.7_1,2023,11,0,0
PRT.5.5.8_1,2023,11,0,0
PRT.5.5.9_1,2023,11,0,0
PRT.5.6.1_1,2023,11,0,0
PRT.5.6.10_1,2023,11,0,0
PRT.5.6.11_1,2023,11,0,0
PRT.5.6.12_1,2023,11,0,0
PRT.5.6.13_1,2023,11,0,0
PRT.5.6.14_1,2023,11,0,0
PRT.5.6.15_1,2023,11,0,0
PRT.5.6.16_1,2023,11,0,0
PRT.5.6.17_1,2023,11,0,0
PRT.5.6.2_1,2023,11,0,0
PRT.5.6.3_1,2023,11,0,0
PRT.5.6.4_1,2023,11,0,0
PRT.5.6.5_1,2023,11,0,0
PRT.5.6.6_1,2023,11,0,0
PRT.5.6.7_1,2023,11,0,0
PRT.5.6.8_1,2023,11,0,0
PRT.5.6.9_1,2023,11,0,0
PRT.5.7.1_1,2023,11,0,0
PRT.5.7.10_1,2023,11,0,0
PRT.5.7.11_1,2023,11,0,0
PRT.5.7.12_1,2023,11,0,0
PRT.5.7.13_1,2023,11,0,0
PRT.5.7.14_1,2023,11,0,0
PRT.5.7.15_1,2023,11,0,0
PRT.5.7.16_1,2023,11,0,0
PRT.5.7.17_1,2023,11,0,0
PRT.5.7.18_1,2023,11,0,0
PRT.5.7.19_1,2023,11,0,0
PRT.5.7.2_1,2023,11,0,0
PRT.5.7.20_1,2023,11,0,0
PRT.5.7.21_1,2023,11,0,0
PRT.5.7.22_1,2023,11,0,0
PRT.5.7.23_1,2023,11,0,0
PRT.5.7.24_1,2023,11,0,0
PRT.5.7.25_1,2023,11,0,0
PRT.5.7.26_1,2023,11,0,0
PRT.5.7.27_1,2023,11,0,0
PRT.5.7.28_1,2023,11,0,0
PRT.5.7.29_1,2023,11,0,0
PRT.5.7.3_1,2023,11,0,0
PRT.5.7.30_1,2023,11,0,0
PRT.5.7.31_1,2023,11,0,0
PRT.5.7.32_1,2023,11,0,0
PRT.5.7.33_1,2023,11,0,0
PRT.5.7.34_1,2023,11,0,0
PRT.5.7.35_1,2023,11,0,0
PRT.5.7.36_1,2023,11,0,0
PRT.5.7.37_1,2023,11,0,0
PRT.5.7.4_1,2023,11,0,0
PRT.5.7.5_1,2023,11,0,0
PRT.5.7.6_1,2023,11,0,0
PRT.5.7.7_1,2023,11,0,0
PRT.5.7.8_1,2023,11,0,0
PRT.5.7.9_1,2023,11,0,0
PRT.5.8.1_1,2023,11,0,0
PRT.5.8.10_1,2023,11,0,0
PRT.5.8.11_1,2023,11,0,0
PRT.5.8.12_1,2023,11,0,0
PRT.5.8.13_1,2023,11,0,0
PRT.5.8.14_1,2023,11,0,0
PRT.5.8.15_1,2023,11,0,0
PRT.5.8.16_1,2023,11,0,0
PRT.5.8.17_1,2023,11,0,0
PRT.5.8.18_1,2023,11,0,0
PRT.5.8.19_1,2023,11,0,0
PRT.5.8.2_1,2023,11,0,0
PRT.5.8.20_1,2023,11,0,0
PRT.5.8.21_1,2023,11,0,0
PRT.5.8.22_1,2023,11,0,0
PRT.5.8.23_1,2023,11,0,0
PRT.5.8.24_1,2023,11,0,0
PRT.5.8.25_1,2023,11,0,0
PRT.5.8.26_1,2023,11,0,0
PRT.5.8.27_1,2023,11,0,0
PRT.5.8.28_1,2023,11,0,0
PRT.5.8.3_1,2023,11,0,0
PRT.5.8.4_1,2023,11,0,0
PRT.5.8.5_1,2023,11,0,0
PRT.5.8.6_1,2023,11,0,0
PRT.5.8.7_1,2023,11,0,0
PRT.5.8.8_1,2023,11,0,0
PRT.5.8.9_1,2023,11,0,0
PRT.5.9.1_1,2023,11,0,0
PRT.5.9.10_1,2023,11,0,0
PRT.5.9.11_1,2023,11,0,0
PRT.5.9.12_1,2023,11,0,0
PRT.5.9.13_1,2023,11,0,0
PRT.5.9.14_1,2023,11,0,0
PRT.5.9.15_1,2023,11,0,0
PRT.5.9.16_1,2023,11,0,0
PRT.5.9.17_1,2023,11,0,0
PRT.5.9.2_1,2023,11,0,0
PRT.5.9.3_1,2023,11,0,0
PRT.5.9.4_1,2023,11,0,0
PRT.5.9.5_1,2023,11,0,0
PRT.5.9.6_1,2023,11,0,0
PRT.5.9.7_1,2023,11,0,0
PRT.5.9.8_1,2023,11,0,0
PRT.5.9.9_1,2023,11,0,0
PRT.6.1.1_1,2023,11,0,0
PRT.6.1.2_1,2023,11,0,0
PRT.6.1.3_1,2023,11,0,0
PRT.6.1.4_1,2023,11,0,0
PRT.6.1.5_1,2023,11,0,0
PRT.6.10.1_1,2023,11,0,0
PRT.6.10.2_1,2023,11,0,0
PRT.6.10.3_1,2023,11,0,0
PRT.6.11.1_1,2023,11,0,0
PRT.6.11.2_1,2023,11,0,0
PRT.6.11.3_1,2023,11,0,0
PRT.6.11.4_1,2023,11,0,0
PRT.6.2.1_1,2023,11,0,0
PRT.6.2.10_1,2023,11,0,0
PRT.6.2.11_1,2023,11,0,0
PRT.6.2.12_1,2023,11,0,0
PRT.6.2.13_1,2023,11,0,0
PRT.6.2.14_1,2023,11,0,0
PRT.6.2.15_1,2023,11,0,0
PRT.6.2.16_1,2023,11,0,0
PRT.6.2.17_1,2023,11,0,0
PRT.6.2.18_1,2023,11,0,0
PRT.6.2.19_1,2023,11,0,0
PRT.6.2.2_1,2023,11,0,0
PRT.6.2.20_1,2023,11,0,0
PRT.6.2.21_1,2023,11,0,0
PRT.6.2.22_1,2023,11,0,0
PRT.6.2.23_1,2023,11,0,0
PRT.6.2.24_1,2023,11,0,0
PRT.6.2.25_1,2023,11,0,0
PRT.6.2.3_1,2023,11,0,0
PRT.6.2.4_1,2023,11,0,0
PRT.6.2.5_1,2023,11,0,0
PRT.6.2.6_1,2023,11,0,0
PRT.6.2.7_1,2023,11,0,0
PRT.6.2.8_1,2023,11,0,0
PRT.6.2.9_1,2023,11,0,0
PRT.6.3.1_1,2023,11,0,0
PRT.6.3.10_1,2023,11,0,0
PRT.6.3.11_1,2023,11,0,0
PRT.6.3.12_1,2023,11,0,0
PRT.6.3.13_1,2023,11,0,0
PRT.6.3.14_1,2023,11,0,0
PRT.6.3.15_1,2023,11,0,0
PRT.6.3.16_1,2023,11,0,0
PRT.6.3.17_1,2023,11,0,0
PRT.6.3.18_1,2023,11,0,0
PRT.6.3.19_1,2023,11,0,0
PRT.6.3.2_1,2023,11,0,0
PRT.6.3.20_1,2023,11,0,0
PRT.6.3.21_1,2023,11,0,0
PRT.6.3.22_1,2023,11,0,0
PRT.6.3.23_1,2023,11,0,0
PRT.6.3.24_1,2023,11,0,0
PRT.6.3.25_1,2023,11,0,0
PRT.6.3.26_1,2023,11,0,0
PRT.6.3.27_1,2023,11,0,0
PRT.6.3.28_1,2023,11,0,0
PRT.6.3.29_1,2023,11,0,0
PRT.6.3.3_1,2023,11,0,0
PRT.6.3.30_1,2023,11,0,0
PRT.6.3.31_1,2023,11,0,0
PRT.6.3.4_1,2023,11,0,0
PRT.6.3.5_1,2023,11,0,0
PRT.6.3.6_1,2023,11,0,0
PRT.6.3.7_1,2023,11,0,0
PRT.6.3.8_1,2023,11,0,0
PRT.6.3.9_1,2023,11,0,0
PRT.6.4.1_1,2023,11,0,0
PRT.6.4.10_1,2023,11,0,0
PRT.6.4.11_1,2023,11,0,0
PRT.6.4.12_1,2023,11,0,0
PRT.6.4.13_1,2023,11,0,0
PRT.6.4.14_1,2023,11,0,0
PRT.6.4.15_1,2023,11,0,0
PRT.6.4.16_1,2023,11,0,0
PRT.6.4.17_1,2023,11,0,0
PRT.6.4.18_1,2023,11,0,0
PRT.6.4.19_1,2023,11,0,0
PRT.6.4.2_1,2023,11,0,0
PRT.6.4.20_1,2023,11,0,0
PRT.6.4.21_1,2023,11,0,0
PRT.6.4.22_1,2023,11,0,0
PRT.6.4.23_1,2023,11,0,0
PRT.6.4.24_1,2023,11,0,0
PRT.6.4.25_1,2023,11,0,0
PRT.6.4.26_1,2023,11,0,0
PRT.6.4.27_1,2023,11,0,0
PRT.6.4.28_1,2023,11,0,0
PRT.6.4.29_1,2023,11,0,0
PRT.6.4.3_1,2023,11,0,0
PRT.6.4.30_1,2023,11,0,0
PRT.6.4.31_1,2023,11,0,0
PRT.6.4.4_1,2023,11,0,0
PRT.6.4.5_1,2023,11,0,0
PRT.6.4.6_1,2023,11,0,0
PRT.6.4.7_1,2023,11,0,0
PRT.6.4.8_1,2023,11,0,0
PRT.6.4.9_1,2023,11,0,0
PRT.6.5.1_1,2023,11,0,0
PRT.6.5.10_1,2023,11,0,0
PRT.6.5.11_1,2023,11,0,0
PRT.6.5.12_1,2023,11,0,0
PRT.6.5.13_1,2023,11,0,0
PRT.6.5.14_1,2023,11,0,0
PRT.6.5.15_1,2023,11,0,0
PRT.6.5.16_1,2023,11,0,0
PRT.6.5.17_1,2023,11,0,0
PRT.6.5.2_1,2023,11,0,0
PRT.6.5.3_1,2023,11,0,0
PRT.6.5.4_1,2023,11,0,0
PRT.6.5.5_1,2023,11,0,0
PRT.6.5.6_1,2023,11,0,0
PRT.6.5.7_1,2023,11,0,0
PRT.6.5.8_1,2023,11,0,0
PRT.6.5.9_1,2023,11,0,0
PRT.6.6.1_1,2023,11,0,0
PRT.6.6.10_1,2023,11,0,0
PRT.6.6.11_1,2023,11,0,0
PRT.6.6.12_1,2023,11,0,0
PRT.6.6.2_1,2023,11,0,0
PRT.6.6.3_1,2023,11,0,0
PRT.6.6.4_1,2023,11,0,0
PRT.6.6.5_1,2023,11,0,0
PRT.6.6.6_1,2023,11,0,0
PRT.6.6.7_1,2023,11,0,0
PRT.6.6.8_1,2023,11,0,0
PRT.6.6.9_1,2023,11,0,0
PRT.6.7.1_1,2023,11,0,0
PRT.6.7.10_1,2023,11,0,0
PRT.6.7.11_1,2023,11,0,0
PRT.6.7.12_1,2023,11,0,0
PRT.6.7.2_1,2023,11,0,0
PRT.6.7.3_1,2023,11,0,0
PRT.6.7.4_1,2023,11,0,0
PRT.6.7.5_1,2023,11,0,0
PRT.6.7.6_1,2023,11,0,0
PRT.6.7.7_1,2023,11,0,0
PRT.6.7.8_1,2023,11,0,0
PRT.6.7.9_1,2023,11,0,0
PRT.6.8.1_1,2023,11,0,0
PRT.6.8.2_1,2023,11,0,0
PRT.6.8.3_1,2023,11,0,0
PRT.6.8.4_1,2023,11,0,0
PRT.6.8.5_1,2023,11,0,0
PRT.6.8.6_1,2023,11,0,0
PRT.6.9.1_1,2023,11,0,0
PRT.6.9.10_1,2023,11,0,0
PRT.6.9.11_1,2023,11,0,0
PRT.6.9.12_1,2023,11,0,0
PRT.6.9.13_1,2023,11,0,0
PRT.6.9.14_1,2023,11,0,0
PRT.6.9.2_1,2023,11,0,0
PRT.6.9.3_1,2023,11,0,0
PRT.6.9.4_1,2023,11,0,0
PRT.6.9.5_1,2023,11,0,0
PRT.6.9.6_1,2023,11,0,0
PRT.6.9.7_1,2023,11,0,0
PRT.6.9.8_1,2023,11,0,0
PRT.6.9.9_1,2023,11,0,0
PRT.7.1.1_1,2023,11,0,0
PRT.7.1.10_1,2023,11,0,0
PRT.7.1.11_1,2023,11,0,0
PRT.7.1.12_1,2023,11,0,0
PRT.7.1.13_1,2023,11,0,0
PRT.7.1.14_1,2023,11,0,0
PRT.7.1.15_1,2023,11,0,0
PRT.7.1.16_1,2023,11,0,0
PRT.7.1.17_1,2023,11,0,0
PRT.7.1.18_1,2023,11,0,0
PRT.7.1.2_1,2023,11,0,0
PRT.7.1.3_1,2023,11,0,0
PRT.7.1.4_1,2023,11,0,0
PRT.7.1.5_1,2023,11,0,0
PRT.7.1.6_1,2023,11,0,0
PRT.7.1.7_1,2023,11,0,0
PRT.7.1.8_1,2023,11,0,0
PRT.7.1.9_1,2023,11,0,0
PRT.7.10.1_1,2023,11,0,0
PRT.7.10.10_1,2023,11,0,0
PRT.7.10.11_1,2023,11,0,0
PRT.7.10.12_1,2023,11,0,0
PRT.7.10.13_1,2023,11,0,0
PRT.7.10.14_1,2023,11,0,0
PRT.7.10.2_1,2023,11,0,0
PRT.7.10.3_1,2023,11,0,0
PRT.7.10.4_1,2023,11,0,0
PRT.7.10.5_1,2023,11,0,0
PRT.7.10.6_1,2023,11,0,0
PRT.7.10.7_1,2023,11,0,0
PRT.7.10.8_1,2023,11,0,0
PRT.7.10.9_1,2023,11,0,0
PRT.7.11.1_1,2023,11,0,0
PRT.7.11.10_1,2023,11,0,0
PRT.7.11.11_1,2023,11,0,0
PRT.7.11.12_1,2023,11,0,0
PRT.7.11.13_1,2023,11,0,0
PRT.7.11.14_1,2023,11,0,0
PRT.7.11.15_1,2023,11,0,0
PRT.7.11.16_1,2023,11,0,0
PRT.7.11.17_1,2023,11,0,0
PRT.7.11.18_1,2023,11,0,0
PRT.7.11.19_1,2023,11,0,0
PRT.7.11.2_1,2023,11,0,0
PRT.7.11.20_1,2023,11,0,0
PRT.7.11.21_1,2023,11,0,0
PRT.7.11.3_1,2023,11,0,0
PRT.7.11.4_1,2023,11,0,0
PRT.7.11.5_1,2023,11,0,0
PRT.7.11.6_1,2023,11,0,0
PRT.7.11.7_1,2023,11,0,0
PRT.7.11.8_1,2023,11,0,0
PRT.7.11.9_1,2023,11,0,0
PRT.7.12.1_1,2023,11,0,0
PRT.7.12.10_1,2023,11,0,0
PRT.7.12.2_1,2023,11,0,0
PRT.7.12.3_1,2023,11,0,0
PRT.7.12.4_1,2023,11,0,0
PRT.7.12.5_1,2023,11,0,0
PRT.7.12.6_1,2023,11,0,0
PRT.7.12.7_1,2023,11,0,0
PRT.7.12.8_1,2023,11,0,0
PRT.7.12.9_1,2023,11,0,0
PRT.7.13.1_1,2023,11,0,0
PRT.7.13.10_1,2023,11,0,0
PRT.7.13.11_1,2023,11,0,0
PRT.7.13.2_1,2023,11,0,0
PRT.7.13.3_1,2023,11,0,0
PRT.7.13.4_1,2023,11,0,0
PRT.7.13.5_1,2023,11,0,0
PRT.7.13.6_1,2023,11,0,0
PRT.7.13.7_1,2023,11,0,0
PRT.7.13.8_1,2023,11,0,0
PRT.7.13.9_1,2023,11,0,0
PRT.7.14.1_1,2023,11,0,0
PRT.7.14.2_1,2023,11,0,0
PRT.7.14.3_1,2023,11,0,0
PRT.7.14.4_1,2023,11,0,0
PRT.7.14.5_1,2023,11,0,0
PRT.7.14.6_1,2023,11,0,0
PRT.7.15.1_1,2023,11,0,0
PRT.7.15.10_1,2023,11,0,0
PRT.7.15.11_1,2023,11,0,0
PRT.7.15.12_1,2023,11,0,0
PRT.7.15.2_1,2023,11,0,0
PRT.7.15.3_1,2023,11,0,0
PRT.7.15.4_1,2023,11,0,0
PRT.7.15.5_1,2023,11,0,0
PRT.7.15.6_1,2023,11,0,0
PRT.7.15.7_1,2023,11,0,0
PRT.7.15.8_1,2023,11,0,0
PRT.7.15.9_1,2023,11,0,0
PRT.7.16.1_1,2023,11,0,0
PRT.7.16.10_1,2023,11,0,0
PRT.7.16.11_1,2023,11,0,0
PRT.7.16.12_1,2023,11,0,0
PRT.7.16.13_1,2023,11,0,0
PRT.7.16.14_1,2023,11,0,0
PRT.7.16.15_1,2023,11,0,0
PRT.7.16.2_1,2023,11,0,0
PRT.7.16.3_1,2023,11,0,0
PRT.7.16.4_1,2023,11,0,0
PRT.7.16.5_1,2023,11,0,0
PRT.7.16.6_1,2023,11,0,0
PRT.7.16.7_1,2023,11,0,0
PRT.7.16.8_1,2023,11,0,0
PRT.7.16.9_1,2023,11,0,0
PRT.7.17.1_1,2023,11,0,0
PRT.7.17.2_1,2023,11,0,0
PRT.7.17.3_1,2023,11,0,0
PRT.7.17.4_1,2023,11,0,0
PRT.7.2.1_1,2023,11,0,0
PRT.7.2.10_1,2023,11,0,0
PRT.7.2.11_1,2023,11,0,0
PRT.7.2.12_1,2023,11,0,0
PRT.7.2.13_1,2023,11,0,0
PRT.7.2.14_1,2023,11,0,0
PRT.7.2.15_1,2023,11,0,0
PRT.7.2.16_1,2023,11,0,0
PRT.7.2.17_1,2023,11,0,0
PRT.7.2.18_1,2023,11,0,0
PRT.7.2.19_1,2023,11,0,0
PRT.7.2.2_1,2023,11,0,0
PRT.7.2.3_1,2023,11,0,0
PRT.7.2.4_1,2023,11,0,0
PRT.7.2.5_1,2023,11,0,0
PRT.7.2.6_1,2023,11,0,0
PRT.7.2.7_1,2023,11,0,0
PRT.7.2.8_1,2023,11,0,0
PRT.7.2.9_1,2023,11,0,0
PRT.7.3.1_1,2023,11,0,0
PRT.7.3.10_1,2023,11,0,0
PRT.7.3.11_1,2023,11,0,0
PRT.7.3.12_1,2023,11,0,0
PRT.7.3.13_1,2023,11,0,0
PRT.7.3.14_1,2023,11,0,0
PRT.7.3.15_1,2023,11,0,0
PRT.7.3.16_1,2023,11,0,0
PRT.7.3.17_1,2023,11,0,0
PRT.7.3.18_1,2023,11,0,0
PRT.7.3.19_1,2023,11,0,0
PRT.7.3.2_1,2023,11,0,0
PRT.7.3.20_1,2023,11,0,0
PRT.7.3.21_1,2023,11,0,0
PRT.7.3.22_1,2023,11,0,0
PRT.7.3.23_1,2023,11,0,0
PRT.7.3.24_1,2023,11,0,0
PRT.7.3.25_1,2023,11,0,0
PRT.7.3.26_1,2023,11,0,0
PRT.7.3.27_1,2023,11,0,0
PRT.7.3.28_1,2023,11,0,0
PRT.7.3.29_1,2023,11,0,0
PRT.7.3.3_1,2023,11,0,0
PRT.7.3.30_1,2023,11,0,0
PRT.7.3.31_1,2023,11,0,0
PRT.7.3.4_1,2023,11,0,0
PRT.7.3.5_1,2023,11,0,0
PRT.7.3.6_1,2023,11,0,0
PRT.7.3.7_1,2023,11,0,0
PRT.7.3.8_1,2023,11,0,0
PRT.7.3.9_1,2023,11,0,0
PRT.7.4.1_1,2023,11,0,0
PRT.7.4.10_1,2023,11,0,0
PRT.7.4.2_1,2023,11,0,0
PRT.7.4.3_1,2023,11,0,0
PRT.7.4.4_1,2023,11,0,0
PRT.7.4.5_1,2023,11,0,0
PRT.7.4.6_1,2023,11,0,0
PRT.7.4.7_1,2023,11,0,0
PRT.7.4.8_1,2023,11,0,0
PRT.7.4.9_1,2023,11,0,0
PRT.7.5.1_1,2023,11,0,0
PRT.7.5.10_1,2023,11,0,0
PRT.7.5.11_1,2023,11,0,0
PRT.7.5.12_1,2023,11,0,0
PRT.7.5.13_1,2023,11,0,0
PRT.7.5.14_1,2023,11,0,0
PRT.7.5.15_1,2023,11,0,0
PRT.7.5.16_1,2023,11,0,0
PRT.7.5.17_1,2023,11,0,0
PRT.7.5.18_1,2023,11,0,0
PRT.7.5.2_1,2023,11,0,0
PRT.7.5.3_1,2023,11,0,0
PRT.7.5.4_1,2023,11,0,0
PRT.7.5.5_1,2023,11,0,0
PRT.7.5.6_1,2023,11,0,0
PRT.7.5.7_1,2023,11,0,0
PRT.7.5.8_1,2023,11,0,0
PRT.7.5.9_1,2023,11,0,0
PRT.7.6.1_1,2023,11,0,0
PRT.7.6.2_1,2023,11,0,0
PRT.7.6.3_1,2023,11,0,0
PRT.7.6.4_1,2023,11,0,0
PRT.7.6.5_1,2023,11,0,0
PRT.7.7.1_1,2023,11,0,0
PRT.7.7.2_1,2023,11,0,0
PRT.7.7.3_1,2023,11,0,0
PRT.7.7.4_1,2023,11,0,0
PRT.7.7.5_1,2023,11,0,0
PRT.7.7.6_1,2023,11,0,0
PRT.7.8.1_1,2023,11,0,0
PRT.7.8.2_1,2023,11,0,0
PRT.7.8.3_1,2023,11,0,0
PRT.7.8.4_1,2023,11,0,0
PRT.7.9.1_1,2023,11,0,0
PRT.7.9.2_1,2023,11,0,0
PRT.7.9.3_1,2023,11,0,0
PRT.7.9.4_1,2023,11,0,0
PRT.7.9.5_1,2023,11,0,0
PRT.8.1.1_1,2023,11,0,0
PRT.8.1.2_1,2023,11,0,0
PRT.8.1.3_1,2023,11,0,0
PRT.8.1.4_1,2023,11,0,0
PRT.8.1.5_1,2023,11,0,0
PRT.8.1.6_1,2023,11,0,0
PRT.8.10.1_1,2023,11,0,0
PRT.8.10.2_1,2023,11,0,0
PRT.8.11.1_1,2023,11,0,0
PRT.8.11.2_1,2023,11,0,0
PRT.8.11.3_1,2023,11,0,0
PRT.8.11.4_1,2023,11,0,0
PRT.8.11.5_1,2023,11,0,0
PRT.8.12.1_1,2023,11,0,0
PRT.8.12.2_1,2023,11,0,0
PRT.8.13.1_1,2023,11,0,0
PRT.8.13.2_1,2023,11,0,0
PRT.8.13.3_1,2023,11,0,0
PRT.8.14.1_1,2023,11,0,0
PRT.8.14.2_1,2023,11,0,0
PRT.8.14.3_1,2023,11,0,0
PRT.8.14.4_1,2023,11,0,0
PRT.8.14.5_1,2023,11,0,0
PRT.8.2.1_1,2023,11,0,0
PRT.8.2.2_1,2023,11,0,0
PRT.8.2.3_1,2023,11,0,0
PRT.8.2.4_1,2023,11,0,0
PRT.8.2.5_1,2023,11,0,0
PRT.8.2.6_1,2023,11,0,0
PRT.8.2.7_1,2023,11,0,0
PRT.8.3.1_1,2023,11,0,0
PRT.8.3.2_1,2023,11,0,0
PRT.8.3.3_1,2023,11,0,0
PRT.8.3.4_1,2023,11,0,0
PRT.8.4.1_1,2023,11,0,0
PRT.8.4.10_1,2023,11,0,0
PRT.8.4.11_1,2023,11,0,0
PRT.8.4.12_1,2023,11,0,0
PRT.8.4.13_1,2023,11,0,0
PRT.8.4.2_1,2023,11,0,0
PRT.8.4.3_1,2023,11,0,0
PRT.8.4.4_1,2023,11,0,0
PRT.8.4.5_1,2023,11,0,0
PRT.8.4.6_1,2023,11,0,0
PRT.8.4.7_1,2023,11,0,0
PRT.8.4.8_1,2023,11,0,0
PRT.8.4.9_1,2023,11,0,0
PRT.8.5.1_1,2023,11,0,0
PRT.8.5.10_1,2023,11,0,0
PRT.8.5.11_1,2023,11,0,0
PRT.8.5.12_1,2023,11,0,0
PRT.8.5.13_1,2023,11,0,0
PRT.8.5.14_1,2023,11,0,0
PRT.8.5.15_1,2023,11,0,0
PRT.8.5.16_1,2023,11,0,0
PRT.8.5.17_1,2023,11,0,0
PRT.8.5.18_1,2023,11,0,0
PRT.8.5.19_1,2023,11,0,0
PRT.8.5.2_1,2023,11,0,0
PRT.8.5.3_1,2023,11,0,0
PRT.8.5.4_1,2023,11,0,0
PRT.8.5.5_1,2023,11,0,0
PRT.8.5.6_1,2023,11,0,0
PRT.8.5.7_1,2023,11,0,0
PRT.8.5.8_1,2023,11,0,0
PRT.8.5.9_1,2023,11,0,0
PRT.8.6.1_1,2023,11,0,0
PRT.8.6.10_1,2023,11,0,0
PRT.8.6.2_1,2023,11,0,0
PRT.8.6.3_1,2023,11,0,0
PRT.8.6.4_1,2023,11,0,0
PRT.8.6.5_1,2023,11,0,0
PRT.8.6.6_1,2023,11,0,0
PRT.8.6.7_1,2023,11,0,0
PRT.8.6.8_1,2023,11,0,0
PRT.8.6.9_1,2023,11,0,0
PRT.8.7.1_1,2023,11,0,0
PRT.8.7.2_1,2023,11,0,0
PRT.8.7.3_1,2023,11,0,0
PRT.8.7.4_1,2023,11,0,0
PRT.8.8.1_1,2023,11,0,0
PRT.8.8.2_1,2023,11,0,0
PRT.8.8.3_1,2023,11,0,0
PRT.8.9.1_1,2023,11,0,0
PRT.8.9.2_1,2023,11,0,0
PRT.8.9.3_1,2023,11,0,0
PRT.8.9.4_1,2023,11,0,0
PRT.8.9.5_1,2023,11,0,0
PRT.8.9.6_1,2023,11,0,0
PRT.8.9.7_1,2023,11,0,0
PRT.8.9.8_1,2023,11,0,0
PRT.9.1.1_1,2023,11,0,0
PRT.9.1.2_1,2023,11,0,0
PRT.9.1.3_1,2023,11,0,0
PRT.9.1.4_1,2023,11,0,0
PRT.9.1.5_1,2023,11,0,0
PRT.9.10.1_1,2023,11,0,0
PRT.9.10.2_1,2023,11,0,0
PRT.9.10.3_1,2023,11,0,0
PRT.9.10.4_1,2023,11,0,0
PRT.9.11.1_1,2023,11,0,0
PRT.9.11.2_1,2023,11,0,0
PRT.9.11.3_1,2023,11,0,0
PRT.9.12.1_1,2023,11,0,0
PRT.9.13.1_1,2023,11,0,0
PRT.9.13.2_1,2023,11,0,0
PRT.9.13.3_1,2023,11,0,0
PRT.9.13.4_1,2023,11,0,0
PRT.9.13.5_1,2023,11,0,0
PRT.9.13.6_1,2023,11,0,0
PRT.9.13.7_1,2023,11,0,0
PRT.9.13.8_1,2023,11,0,0
PRT.9.14.1_1,2023,11,0,0
PRT.9.14.2_1,2023,11,0,0
PRT.9.14.3_1,2023,11,0,0
PRT.9.14.4_1,2023,11,0,0
PRT.9.14.5_1,2023,11,0,0
PRT.9.14.6_1,2023,11,0,0
PRT.9.14.7_1,2023,11,0,0
PRT.9.14.8_1,2023,11,0,0
PRT.9.14.9_1,2023,11,0,0
PRT.9.15.1_1,2023,11,0,0
PRT.9.15.2_1,2023,11,0,0
PRT.9.15.3_1,2023,11,0,0
PRT.9.15.4_1,2023,11,0,0
PRT.9.15.5_1,2023,11,0,0
PRT.9.16.1_1,2023,11,0,0
PRT.9.16.2_1,2023,11,0,0
PRT.9.16.3_1,2023,11,0,0
PRT.9.2.1_1,2023,11,0,0
PRT.9.2.2_1,2023,11,0,0
PRT.9.2.3_1,2023,11,0,0
PRT.9.2.4_1,2023,11,0,0
PRT.9.2.5_1,2023,11,0,0
PRT.9.3.1_1,2023,11,0,0
PRT.9.3.2_1,2023,11,0,0
PRT.9.3.3_1,2023,11,0,0
PRT.9.3.4_1,2023,11,0,0
PRT.9.4.1_1,2023,11,0,0
PRT.9.4.2_1,2023,11,0,0
PRT.9.4.3_1,2023,11,0,0
PRT.9.4.4_1,2023,11,0,0
PRT.9.5.1_1,2023,11,0,0
PRT.9.5.2_1,2023,11,0,0
PRT.9.5.3_1,2023,11,0,0
PRT.9.5.4_1,2023,11,0,0
PRT.9.5.5_1,2023,11,0,0
PRT.9.5.6_1,2023,11,0,0
PRT.9.6.1_1,2023,11,0,0
PRT.9.6.2_1,2023,11,0,0
PRT.9.6.3_1,2023,11,0,0
PRT.9.6.4_1,2023,11,0,0
PRT.9.6.5_1,2023,11,0,0
PRT.9.6.6_1,2023,11,0,0
PRT.9.7.1_1,2023,11,0,0
PRT.9.7.2_1,2023,11,0,0
PRT.9.7.3_1,2023,11,0,0
PRT.9.7.4_1,2023,11,0,0
PRT.9.7.5_1,2023,11,0,0
PRT.9.7.6_1,2023,11,0,0
PRT.9.8.1_1,2023,11,0,0
PRT.9.8.10_1,2023,11,0,0
PRT.9.8.11_1,2023,11,0,0
PRT.9.8.2_1,2023,11,0,0
PRT.9.8.3_1,2023,11,0,0
PRT.9.8.4_1,2023,11,0,0
PRT.9.8.5_1,2023,11,0,0
PRT.9.8.6_1,2023,11,0,0
PRT.9.8.7_1,2023,11,0,0
PRT.9.8.8_1,2023,11,0,0
PRT.9.8.9_1,2023,11,0,0
PRT.9.9.1_1,2023,11,0,0
PRT.9.9.2_1,2023,11,0,0
PRT.9.9.3_1,2023,11,0,0
ROU.1.1_1,2023,11,0,0
ROU.1.10_1,2023,11,0,0
ROU.1.11_1,2023,11,0,0
ROU.1.12_1,2023,11,0,0
ROU.1.13_1,2023,11,0,0
ROU.1.14_1,2023,11,0,0
ROU.1.15_1,2023,11,0,0
ROU.1.16_1,2023,11,0,0
ROU.1.17_1,2023,11,0,0
ROU.1.18_1,2023,11,0,0
ROU.1.19_1,2023,11,0,0
ROU.1.2_1,2023,11,0,0
ROU.1.20_1,2023,11,0,0
ROU.1.21_1,2023,11,0,0
ROU.1.22_1,2023,11,0,0
ROU.1.23_1,2023,11,0,0
ROU.1.24_1,2023,11,0,0
ROU.1.25_1,2023,11,0,0
ROU.1.26_1,2023,11,0,0
ROU.1.27_1,2023,11,0,0
ROU.1.28_1,2023,11,0,0
ROU.1.29_1,2023,11,0,0
ROU.1.3_1,2023,11,0,0
ROU.1.30_1,2023,11,0,0
ROU.1.31_1,2023,11,0,0
ROU.1.32_1,2023,11,0,0
ROU.1.33_1,2023,11,0,0
ROU.1.34_1,2023,11,0,0
ROU.1.35_1,2023,11,0,0
ROU.1.36_1,2023,11,0,0
ROU.1.37_1,2023,11,0,0
ROU.1.38_1,2023,11,0,0
ROU.1.39_1,2023,11,0,0
ROU.1.4_1,2023,11,0,0
ROU.1.40_1,2023,11,0,0
ROU.1.41_1,2023,11,0,0
ROU.1.42_1,2023,11,0,0
ROU.1.43_1,2023,11,0,0
ROU.1.44_1,2023,11,0,0
ROU.1.45_1,2023,11,0,0
ROU.1.46_1,2023,11,0,0
ROU.1.47_1,2023,11,0,0
ROU.1.48_1,2023,11,0,0
ROU.1.49_1,2023,11,0,0
ROU.1.5_1,2023,11,0,0
ROU.1.50_1,2023,11,0,0
ROU.1.51_1,2023,11,0,0
ROU.1.52_1,2023,11,0,0
ROU.1.53_1,2023,11,0,0
ROU.1.54_1,2023,11,0,0
ROU.1.55_1,2023,11,0,0
ROU.1.56_1,2023,11,0,0
ROU.1.57_1,2023,11,0,0
ROU.1.58_1,2023,11,0,0
ROU.1.59_1,2023,11,0,0
ROU.1.6_1,2023,11,0,0
ROU.1.60_1,2023,11,0,0
ROU.1.61_1,2023,11,0,0
ROU.1.62_1,2023,11,0,0
ROU.1.63_1,2023,11,0,0
ROU.1.64_1,2023,11,0,0
ROU.1.65_1,2023,11,0,0
ROU.1.66_1,2023,11,0,0
ROU.1.67_1,2023,11,0,0
ROU.1.68_1,2023,11,0,0
ROU.1.69_1,2023,11,0,0
ROU.1.7_1,2023,11,0,0
ROU.1.70_1,2023,11,0,0
ROU.1.71_1,2023,11,0,0
ROU.1.72_1,2023,11,0,0
ROU.1.73_1,2023,11,0,0
ROU.1.74_1,2023,11,0,0
ROU.1.75_1,2023,11,0,0
ROU.1.76_1,2023,11,0,0
ROU.1.8_1,2023,11,0,0
ROU.1.9_1,2023,11,0,0
ROU.10.1_1,2023,11,0,0
ROU.11.1_1,2023,11,0,0
ROU.11.16_1,2023,11,0,0
ROU.11.18_1,2023,11,0,0
ROU.11.21_1,2023,11,0,0
ROU.11.23_1,2023,11,0,0
ROU.11.49_1,2023,11,0,0
ROU.11.68_1,2023,11,0,0
ROU.12.12_1,2023,11,0,0
ROU.12.14_1,2023,11,0,0
ROU.12.18_1,2023,11,0,0
ROU.12.19_1,2023,11,0,0
ROU.12.2_1,2023,11,0,0
ROU.12.21_1,2023,11,0,0
ROU.12.25_1,2023,11,0,0
ROU.12.3_1,2023,11,0,0
ROU.12.30_1,2023,11,0,0
ROU.12.32_1,2023,11,0,0
ROU.12.35_1,2023,11,0,0
ROU.12.39_1,2023,11,0,0
ROU.12.4_1,2023,11,0,0
ROU.12.43_1,2023,11,0,0
ROU.12.5_1,2023,11,0,0
ROU.12.7_1,2023,11,0,0
ROU.12.8_1,2023,11,0,0
ROU.12.9_1,2023,11,0,0
ROU.13.25_1,2023,11,0,0
ROU.13.26_1,2023,11,0,0
ROU.13.3_1,2023,11,0,0
ROU.13.4_1,2023,11,0,0
ROU.13.46_1,2023,11,0,0
ROU.13.48_1,2023,11,0,0
ROU.13.5_1,2023,11,0,0
ROU.13.55_1,2023,11,0,0
ROU.13.6_1,2023,11,0,0
ROU.13.60_1,2023,11,0,0
ROU.13.63_1,2023,11,0,0
ROU.13.65_1,2023,11,0,0
ROU.13.7_1,2023,11,0,0
ROU.13.70_1,2023,11,0,0
ROU.13.73_1,2023,11,0,0
ROU.13.75_1,2023,11,0,0
ROU.13.76_1,2023,11,0,0
ROU.14.1_1,2023,11,0,0
ROU.14.10_1,2023,11,0,0
ROU.14.11_1,2023,11,0,0
ROU.14.12_1,2023,11,0,0
ROU.14.13_1,2023,11,0,0
ROU.14.14_1,2023,11,0,0
ROU.14.15_1,2023,11,0,0
ROU.14.16_1,2023,11,0,0
ROU.14.17_1,2023,11,0,0
ROU.14.18_1,2023,11,0,0
ROU.14.19_1,2023,11,0,0
ROU.14.2_1,2023,11,0,0
ROU.14.20_1,2023,11,0,0
ROU.14.21_1,2023,11,0,0
ROU.14.22_1,2023,11,0,0
ROU.14.23_1,2023,11,0,0
ROU.14.24_1,2023,11,0,0
ROU.14.25_1,2023,11,0,0
ROU.14.26_1,2023,11,0,0
ROU.14.27_1,2023,11,0,0
ROU.14.28_1,2023,11,0,0
ROU.14.29_1,2023,11,0,0
ROU.14.3_1,2023,11,0,0
ROU.14.30_1,2023,11,0,0
ROU.14.31_1,2023,11,0,0
ROU.14.32_1,2023,11,0,0
ROU.14.33_1,2023,11,0,0
ROU.14.34_1,2023,11,0,0
ROU.14.35_1,2023,11,0,0
ROU.14.36_1,2023,11,0,0
ROU.14.37_1,2023,11,0,0
ROU.14.38_1,2023,11,0,0
ROU.14.39_1,2023,11,0,0
ROU.14.4_1,2023,11,0,0
ROU.14.40_1,2023,11,0,0
ROU.14.41_1,2023,11,0,0
ROU.14.42_1,2023,11,0,0
ROU.14.43_1,2023,11,0,0
ROU.14.44_1,2023,11,0,0
ROU.14.45_1,2023,11,0,0
ROU.14.46_1,2023,11,0,0
ROU.14.47_1,2023,11,0,0
ROU.14.48_1,2023,11,0,0
ROU.14.49_1,2023,11,0,0
ROU.14.5_1,2023,11,0,0
ROU.14.50_1,2023,11,0,0
ROU.14.51_1,2023,11,0,0
ROU.14.52_1,2023,11,0,0
ROU.14.53_1,2023,11,0,0
ROU.14.54_1,2023,11,0,0
ROU.14.55_1,2023,11,0,0
ROU.14.56_1,2023,11,0,0
ROU.14.57_1,2023,11,0,0
ROU.14.58_1,2023,11,0,0
ROU.14.59_1,2023,11,0,0
ROU.14.6_1,2023,11,0,0
ROU.14.60_1,2023,11,0,0
ROU.14.61_1,2023,11,0,0
ROU.14.62_1,2023,11,0,0
ROU.14.63_1,2023,11,0,0
ROU.14.64_1,2023,11,0,0
ROU.14.65_1,2023,11,0,0
ROU.14.66_1,2023,11,0,0
ROU.14.67_1,2023,11,0,0
ROU.14.68_1,2023,11,0,0
ROU.14.69_1,2023,11,0,0
ROU.14.7_1,2023,11,0,0
ROU.14.70_1,2023,11,0,0
ROU.14.71_1,2023,11,0,0
ROU.14.72_1,2023,11,0,0
ROU.14.73_1,2023,11,0,0
ROU.14.74_1,2023,11,0,0
ROU.14.75_1,2023,11,0,0
ROU.14.76_1,2023,11,0,0
ROU.14.77_1,2023,11,0,0
ROU.14.78_1,2023,11,0,0
ROU.14.79_1,2023,11,0,0
ROU.14.8_1,2023,11,0,0
ROU.14.80_1,2023,11,0,0
ROU.14.9_1,2023,11,0,0
ROU.15_1,2023,11,0,0
ROU.15.1_1,2023,11,0,0
ROU.15.10_1,2023,11,0,0
ROU.15.11_1,2023,11,0,0
ROU.15.12_1,2023,11,0,0
ROU.15.13_1,2023,11,0,0
ROU.15.14_1,2023,11,0,0
ROU.15.15_1,2023,11,0,0
ROU.15.16_1,2023,11,0,0
ROU.15.17_1,2023,11,0,0
ROU.15.18_1,2023,11,0,0
ROU.15.19_1,2023,11,0,0
ROU.15.2_1,2023,11,0,0
ROU.15.20_1,2023,11,0,0
ROU.15.21_1,2023,11,0,0
ROU.15.22_1,2023,11,0,0
ROU.15.23_1,2023,11,0,0
ROU.15.24_1,2023,11,0,0
ROU.15.25_1,2023,11,0,0
ROU.15.26_1,2023,11,0,0
ROU.15.27_1,2023,11,0,0
ROU.15.28_1,2023,11,0,0
ROU.15.29_1,2023,11,0,0
ROU.15.3_1,2023,11,0,0
ROU.15.30_1,2023,11,0,0
ROU.15.31_1,2023,11,0,0
ROU.15.32_1,2023,11,0,0
ROU.15.33_1,2023,11,0,0
ROU.15.34_1,2023,11,0,0
ROU.15.35_1,2023,11,0,0
ROU.15.36_1,2023,11,0,0
ROU.15.37_1,2023,11,0,0
ROU.15.38_1,2023,11,0,0
ROU.15.39_1,2023,11,0,0
ROU.15.4_1,2023,11,0,0
ROU.15.40_1,2023,11,0,0
ROU.15.41_1,2023,11,0,0
ROU.15.42_1,2023,11,0,0
ROU.15.43_1,2023,11,0,0
ROU.15.44_1,2023,11,0,0
ROU.15.45_1,2023,11,0,0
ROU.15.46_1,2023,11,0,0
ROU.15.47_1,2023,11,0,0
ROU.15.48_1,2023,11,0,0
ROU.15.49_1,2023,11,0,0
ROU.15.5_1,2023,11,0,0
ROU.15.50_1,2023,11,0,0
ROU.15.51_1,2023,11,0,0
ROU.15.52_1,2023,11,0,0
ROU.15.53_1,2023,11,0,0
ROU.15.54_1,2023,11,0,0
ROU.15.55_1,2023,11,0,0
ROU.15.56_1,2023,11,0,0
ROU.15.58_1,2023,11,0,0
ROU.15.59_1,2023,11,0,0
ROU.15.6_1,2023,11,0,0
ROU.15.7_1,2023,11,0,0
ROU.15.8_1,2023,11,0,0
ROU.15.9_1,2023,11,0,0
ROU.16.1_1,2023,11,0,0
ROU.16.13_1,2023,11,0,0
ROU.16.16_1,2023,11,0,0
ROU.16.19_1,2023,11,0,0
ROU.16.2_1,2023,11,0,0
ROU.16.20_1,2023,11,0,0
ROU.16.21_1,2023,11,0,0
ROU.16.3_1,2023,11,0,0
ROU.16.31_1,2023,11,0,0
ROU.16.5_1,2023,11,0,0
ROU.17.18_1,2023,11,0,0
ROU.17.20_1,2023,11,0,0
ROU.17.22_1,2023,11,0,0
ROU.17.23_1,2023,11,0,0
ROU.17.39_1,2023,11,0,0
ROU.17.47_1,2023,11,0,0
ROU.17.5_1,2023,11,0,0
ROU.17.50_1,2023,11,0,0
ROU.17.56_1,2023,11,0,0
ROU.17.57_1,2023,11,0,0
ROU.17.68_1,2023,11,0,0
ROU.17.75_1,2023,11,0,0
ROU.17.80_1,2023,11,0,0
ROU.17.9_1,2023,11,0,0
ROU.18.11_1,2023,11,0,0
ROU.18.12_1,2023,11,0,0
ROU.18.19_1,2023,11,0,0
ROU.18.23_1,2023,11,0,0
ROU.18.28_1,2023,11,0,0
ROU.18.30_1,2023,11,0,0
ROU.18.34_1,2023,11,0,0
ROU.18.36_1,2023,11,0,0
ROU.18.50_1,2023,11,0,0
ROU.18.52_1,2023,11,0,0
ROU.18.6_1,2023,11,0,0
ROU.18.70_1,2023,11,0,0
ROU.18.71_1,2023,11,0,0
ROU.18.73_1,2023,11,0,0
ROU.18.84_1,2023,11,0,0
ROU.18.99_1,2023,11,0,0
ROU.19.11_1,2023,11,0,0
ROU.19.22_1,2023,11,0,0
ROU.19.23_1,2023,11,0,0
ROU.19.25_1,2023,11,0,0
ROU.19.32_1,2023,11,0,0
ROU.19.38_1,2023,11,0,0
ROU.19.49_1,2023,11,0,0
ROU.19.59_1,2023,11,0,0
ROU.2.19_1,2023,11,0,0
ROU.2.2_1,2023,11,0,0
ROU.2.21_1,2023,11,0,0
ROU.2.29_1,2023,11,0,0
ROU.2.30_1,2023,11,0,0
ROU.2.31_1,2023,11,0,0
ROU.2.38_1,2023,11,0,0
ROU.2.39_1,2023,11,0,0
ROU.2.46_1,2023,11,0,0
ROU.2.51_1,2023,11,0,0
ROU.2.69_1,2023,11,0,0
ROU.2.74_1,2023,11,0,0
ROU.20.1_1,2023,11,0,0
ROU.20.10_1,2023,11,0,0
ROU.20.11_1,2023,11,0,0
ROU.20.12_1,2023,11,0,0
ROU.20.13_1,2023,11,0,0
ROU.20.14_1,2023,11,0,0
ROU.20.15_1,2023,11,0,0
ROU.20.16_1,2023,11,0,0
ROU.20.17_1,2023,11,0,0
ROU.20.18_1,2023,11,0,0
ROU.20.19_1,2023,11,0,0
ROU.20.2_1,2023,11,0,0
ROU.20.20_1,2023,11,0,0
ROU.20.21_1,2023,11,0,0
ROU.20.22_1,2023,11,0,0
ROU.20.23_1,2023,11,0,0
ROU.20.24_1,2023,11,0,0
ROU.20.25_1,2023,11,0,0
ROU.20.26_1,2023,11,0,0
ROU.20.27_1,2023,11,0,0
ROU.20.28_1,2023,11,0,0
ROU.20.29_1,2023,11,0,0
ROU.20.3_1,2023,11,0,0
ROU.20.30_1,2023,11,0,0
ROU.20.31_1,2023,11,0,0
ROU.20.32_1,2023,11,0,0
ROU.20.33_1,2023,11,0,0
ROU.20.34_1,2023,11,0,0
ROU.20.35_1,2023,11,0,0
ROU.20.36_1,2023,11,0,0
ROU.20.37_1,2023,11,0,0
ROU.20.38_1,2023,11,0,0
ROU.20.39_1,2023,11,0,0
ROU.20.4_1,2023,11,0,0
ROU.20.40_1,2023,11,0,0
ROU.20.41_1,2023,11,0,0
ROU.20.42_1,2023,11,0,0
ROU.20.43_1,2023,11,0,0
ROU.20.44_1,2023,11,0,0
ROU.20.45_1,2023,11,0,0
ROU.20.46_1,2023,11,0,0
ROU.20.47_1,2023,11,0,0
ROU.20.48_1,2023,11,0,0
ROU.20.49_1,2023,11,0,0
ROU.20.5_1,2023,11,0,0
ROU.20.6_1,2023,11,0,0
ROU.20.7_1,2023,11,0,0
ROU.20.8_1,2023,11,0,0
ROU.20.9_1,2023,11,0,0
ROU.21.15_1,2023,11,0,0
ROU.21.19_1,2023,11,0,0
ROU.21.21_1,2023,11,0,0
ROU.21.23_1,2023,11,0,0
ROU.21.32_1,2023,11,0,0
ROU.21.33_1,2023,11,0,0
ROU.21.38_1,2023,11,0,0
ROU.21.50_1,2023,11,0,0
ROU.21.64_1,2023,11,0,0
ROU.21.69_1,2023,11,0,0
ROU.22.54_1,2023,11,0,0
ROU.23.1_1,2023,11,0,0
ROU.23.10_1,2023,11,0,0
ROU.23.11_1,2023,11,0,0
ROU.23.12_1,2023,11,0,0
ROU.23.13_1,2023,11,0,0
ROU.23.14_1,2023,11,0,0
ROU.23.15_1,2023,11,0,0
ROU.23.16_1,2023,11,0,0
ROU.23.17_1,2023,11,0,0
ROU.23.18_1,2023,11,0,0
ROU.23.19_1,2023,11,0,0
ROU.23.2_1,2023,11,0,0
ROU.23.20_1,2023,11,0,0
ROU.23.21_1,2023,11,0,0
ROU.23.22_1,2023,11,0,0
ROU.23.23_1,2023,11,0,0
ROU.23.24_1,2023,11,0,0
ROU.23.25_1,2023,11,0,0
ROU.23.26_1,2023,11,0,0
ROU.23.27_1,2023,11,0,0
ROU.23.28_1,2023,11,0,0
ROU.23.29_1,2023,11,0,0
ROU.23.3_1,2023,11,0,0
ROU.23.30_1,2023,11,0,0
ROU.23.31_1,2023,11,0,0
ROU.23.32_1,2023,11,0,0
ROU.23.33_1,2023,11,0,0
ROU.23.34_1,2023,11,0,0
ROU.23.35_1,2023,11,0,0
ROU.23.36_1,2023,11,0,0
ROU.23.37_1,2023,11,0,0
ROU.23.38_1,2023,11,0,0
ROU.23.39_1,2023,11,0,0
ROU.23.4_1,2023,11,0,0
ROU.23.40_1,2023,11,0,0
ROU.23.41_1,2023,11,0,0
ROU.23.42_1,2023,11,0,0
ROU.23.43_1,2023,11,0,0
ROU.23.44_1,2023,11,0,0
ROU.23.45_1,2023,11,0,0
ROU.23.46_1,2023,11,0,0
ROU.23.47_1,2023,11,0,0
ROU.23.48_1,2023,11,0,0
ROU.23.49_1,2023,11,0,0
ROU.23.5_1,2023,11,0,0
ROU.23.50_1,2023,11,0,0
ROU.23.51_1,2023,11,0,0
ROU.23.52_1,2023,11,0,0
ROU.23.53_1,2023,11,0,0
ROU.23.54_1,2023,11,0,0
ROU.23.55_1,2023,11,0,0
ROU.23.56_1,2023,11,0,0
ROU.23.57_1,2023,11,0,0
ROU.23.58_1,2023,11,0,0
ROU.23.59_1,2023,11,0,0
ROU.23.6_1,2023,11,0,0
ROU.23.60_1,2023,11,0,0
ROU.23.61_1,2023,11,0,0
ROU.23.62_1,2023,11,0,0
ROU.23.63_1,2023,11,0,0
ROU.23.64_1,2023,11,0,0
ROU.23.65_1,2023,11,0,0
ROU.23.66_1,2023,11,0,0
ROU.23.67_1,2023,11,0,0
ROU.23.68_1,2023,11,0,0
ROU.23.69_1,2023,11,0,0
ROU.23.7_1,2023,11,0,0
ROU.23.8_1,2023,11,0,0
ROU.23.9_1,2023,11,0,0
ROU.24.27_1,2023,11,0,0
ROU.24.28_1,2023,11,0,0
ROU.24.31_1,2023,11,0,0
ROU.24.59_1,2023,11,0,0
ROU.24.60_1,2023,11,0,0
ROU.24.7_1,2023,11,0,0
ROU.24.8_1,2023,11,0,0
ROU.24.82_1,2023,11,0,0
ROU.24.83_1,2023,11,0,0
ROU.24.86_1,2023,11,0,0
ROU.25.10_1,2023,11,0,0
ROU.25.11_1,2023,11,0,0
ROU.25.22_1,2023,11,0,0
ROU.25.24_1,2023,11,0,0
ROU.25.28_1,2023,11,0,0
ROU.25.45_1,2023,11,0,0
ROU.25.47_1,2023,11,0,0
ROU.26.1_1,2023,11,0,0
ROU.26.10_1,2023,11,0,0
ROU.26.11_1,2023,11,0,0
ROU.26.12_1,2023,11,0,0
ROU.26.13_1,2023,11,0,0
ROU.26.14_1,2023,11,0,0
ROU.26.15_1,2023,11,0,0
ROU.26.16_1,2023,11,0,0
ROU.26.17_1,2023,11,0,0
ROU.26.18_1,2023,11,0,0
ROU.26.19_1,2023,11,0,0
ROU.26.2_1,2023,11,0,0
ROU.26.20_1,2023,11,0,0
ROU.26.21_1,2023,11,0,0
ROU.26.22_1,2023,11,0,0
ROU.26.23_1,2023,11,0,0
ROU.26.24_1,2023,11,0,0
ROU.26.25_1,2023,11,0,0
ROU.26.26_1,2023,11,0,0
ROU.26.27_1,2023,11,0,0
ROU.26.28_1,2023,11,0,0
ROU.26.29_1,2023,11,0,0
ROU.26.3_1,2023,11,0,0
ROU.26.30_1,2023,11,0,0
ROU.26.31_1,2023,11,0,0
ROU.26.32_1,2023,11,0,0
ROU.26.33_1,2023,11,0,0
ROU.26.34_1,2023,11,0,0
ROU.26.35_1,2023,11,0,0
ROU.26.36_1,2023,11,0,0
ROU.26.37_1,2023,11,0,0
ROU.26.38_1,2023,11,0,0
ROU.26.39_1,2023,11,0,0
ROU.26.4_1,2023,11,0,0
ROU.26.5_1,2023,11,0,0
ROU.26.6_1,2023,11,0,0
ROU.26.7_1,2023,11,0,0
ROU.26.8_1,2023,11,0,0
ROU.26.9_1,2023,11,0,0
ROU.27.24_1,2023,11,0,0
ROU.28.1_1,2023,11,0,0
ROU.28.10_1,2023,11,0,0
ROU.28.11_1,2023,11,0,0
ROU.28.12_1,2023,11,0,0
ROU.28.13_1,2023,11,0,0
ROU.28.14_1,2023,11,0,0
ROU.28.15_1,2023,11,0,0
ROU.28.16_1,2023,11,0,0
ROU.28.17_1,2023,11,0,0
ROU.28.18_1,2023,11,0,0
ROU.28.19_1,2023,11,0,0
ROU.28.2_1,2023,11,0,0
ROU.28.20_1,2023,11,0,0
ROU.28.21_1,2023,11,0,0
ROU.28.22_1,2023,11,0,0
ROU.28.23_1,2023,11,0,0
ROU.28.24_1,2023,11,0,0
ROU.28.25_1,2023,11,0,0
ROU.28.26_1,2023,11,0,0
ROU.28.27_1,2023,11,0,0
ROU.28.28_1,2023,11,0,0
ROU.28.29_1,2023,11,0,0
ROU.28.3_1,2023,11,0,0
ROU.28.30_1,2023,11,0,0
ROU.28.31_1,2023,11,0,0
ROU.28.32_1,2023,11,0,0
ROU.28.33_1,2023,11,0,0
ROU.28.34_1,2023,11,0,0
ROU.28.35_1,2023,11,0,0
ROU.28.36_1,2023,11,0,0
ROU.28.37_1,2023,11,0,0
ROU.28.38_1,2023,11,0,0
ROU.28.39_1,2023,11,0,0
ROU.28.4_1,2023,11,0,0
ROU.28.40_1,2023,11,0,0
ROU.28.41_1,2023,11,0,0
ROU.28.42_1,2023,11,0,0
ROU.28.43_1,2023,11,0,0
ROU.28.44_1,2023,11,0,0
ROU.28.45_1,2023,11,0,0
ROU.28.46_1,2023,11,0,0
ROU.28.47_1,2023,11,0,0
ROU.28.48_1,2023,11,0,0
ROU.28.49_1,2023,11,0,0
ROU.28.5_1,2023,11,0,0
ROU.28.50_1,2023,11,0,0
ROU.28.51_1,2023,11,0,0
ROU.28.52_1,2023,11,0,0
ROU.28.53_1,2023,11,0,0
ROU.28.54_1,2023,11,0,0
ROU.28.55_1,2023,11,0,0
ROU.28.56_1,2023,11,0,0
ROU.28.57_1,2023,11,0,0
ROU.28.58_1,2023,11,0,0
ROU.28.59_1,2023,11,0,0
ROU.28.6_1,2023,11,0,0
ROU.28.60_1,2023,11,0,0
ROU.28.61_1,2023,11,0,0
ROU.28.62_1,2023,11,0,0
ROU.28.63_1,2023,11,0,0
ROU.28.64_1,2023,11,0,0
ROU.28.7_1,2023,11,0,0
ROU.28.8_1,2023,11,0,0
ROU.28.9_1,2023,11,0,0
ROU.29.14_1,2023,11,0,0
ROU.29.19_1,2023,11,0,0
ROU.29.2_1,2023,11,0,0
ROU.29.28_1,2023,11,0,0
ROU.29.5_1,2023,11,0,0
ROU.29.6_1,2023,11,0,0
ROU.29.7_1,2023,11,0,0
ROU.29.75_1,2023,11,0,0
ROU.29.8_1,2023,11,0,0
ROU.29.86_1,2023,11,0,0
ROU.29.89_1,2023,11,0,0
ROU.29.90_1,2023,11,0,0
ROU.29.94_1,2023,11,0,0
ROU.3.20_1,2023,11,0,0
ROU.3.33_1,2023,11,0,0
ROU.3.39_1,2023,11,0,0
ROU.3.60_1,2023,11,0,0
ROU.3.74_1,2023,11,0,0
ROU.3.75_1,2023,11,0,0
ROU.31.17_1,2023,11,0,0
ROU.31.38_1,2023,11,0,0
ROU.31.39_1,2023,11,0,0
ROU.31.54_1,2023,11,0,0
ROU.32.1_1,2023,11,0,0
ROU.32.10_1,2023,11,0,0
ROU.32.100_1,2023,11,0,0
ROU.32.11_1,2023,11,0,0
ROU.32.12_1,2023,11,0,0
ROU.32.13_1,2023,11,0,0
ROU.32.14_1,2023,11,0,0
ROU.32.15_1,2023,11,0,0
ROU.32.16_1,2023,11,0,0
ROU.32.17_1,2023,11,0,0
ROU.32.18_1,2023,11,0,0
ROU.32.19_1,2023,11,0,0
ROU.32.2_1,2023,11,0,0
ROU.32.20_1,2023,11,0,0
ROU.32.21_1,2023,11,0,0
ROU.32.22_1,2023,11,0,0
ROU.32.23_1,2023,11,0,0
ROU.32.24_1,2023,11,0,0
ROU.32.25_1,2023,11,0,0
ROU.32.26_1,2023,11,0,0
ROU.32.27_1,2023,11,0,0
ROU.32.28_1,2023,11,0,0
ROU.32.29_1,2023,11,0,0
ROU.32.3_1,2023,11,0,0
ROU.32.30_1,2023,11,0,0
ROU.32.31_1,2023,11,0,0
ROU.32.32_1,2023,11,0,0
ROU.32.33_1,2023,11,0,0
ROU.32.34_1,2023,11,0,0
ROU.32.35_1,2023,11,0,0
ROU.32.36_1,2023,11,0,0
ROU.32.37_1,2023,11,0,0
ROU.32.38_1,2023,11,0,0
ROU.32.39_1,2023,11,0,0
ROU.32.4_1,2023,11,0,0
ROU.32.40_1,2023,11,0,0
ROU.32.41_1,2023,11,0,0
ROU.32.42_1,2023,11,0,0
ROU.32.43_1,2023,11,0,0
ROU.32.44_1,2023,11,0,0
ROU.32.45_1,2023,11,0,0
ROU.32.46_1,2023,11,0,0
ROU.32.47_1,2023,11,0,0
ROU.32.48_1,2023,11,0,0
ROU.32.49_1,2023,11,0,0
ROU.32.5_1,2023,11,0,0
ROU.32.50_1,2023,11,0,0
ROU.32.51_1,2023,11,0,0
ROU.32.52_1,2023,11,0,0
ROU.32.53_1,2023,11,0,0
ROU.32.54_1,2023,11,0,0
ROU.32.55_1,2023,11,0,0
ROU.32.56_1,2023,11,0,0
ROU.32.57_1,2023,11,0,0
ROU.32.58_1,2023,11,0,0
ROU.32.59_1,2023,11,0,0
ROU.32.6_1,2023,11,0,0
ROU.32.60_1,2023,11,0,0
ROU.32.61_1,2023,11,0,0
ROU.32.62_1,2023,11,0,0
ROU.32.63_1,2023,11,0,0
ROU.32.64_1,2023,11,0,0
ROU.32.65_1,2023,11,0,0
ROU.32.66_1,2023,11,0,0
ROU.32.67_1,2023,11,0,0
ROU.32.68_1,2023,11,0,0
ROU.32.69_1,2023,11,0,0
ROU.32.7_1,2023,11,0,0
ROU.32.70_1,2023,11,0,0
ROU.32.71_1,2023,11,0,0
ROU.32.72_1,2023,11,0,0
ROU.32.73_1,2023,11,0,0
ROU.32.74_1,2023,11,0,0
ROU.32.75_1,2023,11,0,0
ROU.32.76_1,2023,11,0,0
ROU.32.77_1,2023,11,0,0
ROU.32.78_1,2023,11,0,0
ROU.32.79_1,2023,11,0,0
ROU.32.8_1,2023,11,0,0
ROU.32.80_1,2023,11,0,0
ROU.32.81_1,2023,11,0,0
ROU.32.82_1,2023,11,0,0
ROU.32.83_1,2023,11,0,0
ROU.32.84_1,2023,11,0,0
ROU.32.85_1,2023,11,0,0
ROU.32.86_1,2023,11,0,0
ROU.32.87_1,2023,11,0,0
ROU.32.88_1,2023,11,0,0
ROU.32.89_1,2023,11,0,0
ROU.32.9_1,2023,11,0,0
ROU.32.90_1,2023,11,0,0
ROU.32.91_1,2023,11,0,0
ROU.32.92_1,2023,11,0,0
ROU.32.93_1,2023,11,0,0
ROU.32.94_1,2023,11,0,0
ROU.32.95_1,2023,11,0,0
ROU.32.96_1,2023,11,0,0
ROU.32.97_1,2023,11,0,0
ROU.32.98_1,2023,11,0,0
ROU.32.99_1,2023,11,0,0
ROU.33.10_1,2023,11,0,0
ROU.33.2_1,2023,11,0,0
ROU.33.20_1,2023,11,0,0
ROU.33.22_1,2023,11,0,0
ROU.33.23_1,2023,11,0,0
ROU.33.24_1,2023,11,0,0
ROU.33.25_1,2023,11,0,0
ROU.33.26_1,2023,11,0,0
ROU.33.36_1,2023,11,0,0
ROU.33.42_1,2023,11,0,0
ROU.33.43_1,2023,11,0,0
ROU.33.45_1,2023,11,0,0
ROU.33.46_1,2023,11,0,0
ROU.33.54_1,2023,11,0,0
ROU.33.57_1,2023,11,0,0
ROU.33.58_1,2023,11,0,0
ROU.34.2_1,2023,11,0,0
ROU.34.39_1,2023,11,0,0
ROU.35.1_1,2023,11,0,0
ROU.35.10_1,2023,11,0,0
ROU.35.11_1,2023,11,0,0
ROU.35.12_1,2023,11,0,0
ROU.35.13_1,2023,11,0,0
ROU.35.14_1,2023,11,0,0
ROU.35.15_1,2023,11,0,0
ROU.35.16_1,2023,11,0,0
ROU.35.17_1,2023,11,0,0
ROU.35.18_1,2023,11,0,0
ROU.35.19_1,2023,11,0,0
ROU.35.2_1,2023,11,0,0
ROU.35.20_1,2023,11,0,0
ROU.35.21_1,2023,11,0,0
ROU.35.22_1,2023,11,0,0
ROU.35.23_1,2023,11,0,0
ROU.35.24_1,2023,11,0,0
ROU.35.25_1,2023,11,0,0
ROU.35.26_1,2023,11,0,0
ROU.35.27_1,2023,11,0,0
ROU.35.28_1,2023,11,0,0
ROU.35.29_1,2023,11,0,0
ROU.35.3_1,2023,11,0,0
ROU.35.30_1,2023,11,0,0
ROU.35.31_1,2023,11,0,0
ROU.35.32_1,2023,11,0,0
ROU.35.33_1,2023,11,0,0
ROU.35.34_1,2023,11,0,0
ROU.35.35_1,2023,11,0,0
ROU.35.36_1,2023,11,0,0
ROU.35.37_1,2023,11,0,0
ROU.35.38_1,2023,11,0,0
ROU.35.39_1,2023,11,0,0
ROU.35.4_1,2023,11,0,0
ROU.35.40_1,2023,11,0,0
ROU.35.41_1,2023,11,0,0
ROU.35.42_1,2023,11,0,0
ROU.35.43_1,2023,11,0,0
ROU.35.44_1,2023,11,0,0
ROU.35.45_1,2023,11,0,0
ROU.35.46_1,2023,11,0,0
ROU.35.47_1,2023,11,0,0
ROU.35.48_1,2023,11,0,0
ROU.35.49_1,2023,11,0,0
ROU.35.5_1,2023,11,0,0
ROU.35.50_1,2023,11,0,0
ROU.35.51_1,2023,11,0,0
ROU.35.52_1,2023,11,0,0
ROU.35.53_1,2023,11,0,0
ROU.35.54_1,2023,11,0,0
ROU.35.55_1,2023,11,0,0
ROU.35.56_1,2023,11,0,0
ROU.35.57_1,2023,11,0,0
ROU.35.58_1,2023,11,0,0
ROU.35.59_1,2023,11,0,0
ROU.35.6_1,2023,11,0,0
ROU.35.60_1,2023,11,0,0
ROU.35.61_1,2023,11,0,0
ROU.35.62_1,2023,11,0,0
ROU.35.7_1,2023,11,0,0
ROU.35.8_1,2023,11,0,0
ROU.35.9_1,2023,11,0,0
ROU.37.26_1,2023,11,0,0
ROU.37.31_1,2023,11,0,0
ROU.37.32_1,2023,11,0,0
ROU.37.39_1,2023,11,0,0
ROU.37.4_1,2023,11,0,0
ROU.37.41_1,2023,11,0,0
ROU.37.44_1,2023,11,0,0
ROU.37.50_1,2023,11,0,0
ROU.37.73_1,2023,11,0,0
ROU.37.84_1,2023,11,0,0
ROU.37.88_1,2023,11,0,0
ROU.37.9_1,2023,11,0,0
ROU.38.19_1,2023,11,0,0
ROU.38.2_1,2023,11,0,0
ROU.38.26_1,2023,11,0,0
ROU.38.31_1,2023,11,0,0
ROU.38.37_1,2023,11,0,0
ROU.38.42_1,2023,11,0,0
ROU.38.48_1,2023,11,0,0
ROU.38.5_1,2023,11,0,0
ROU.38.50_1,2023,11,0,0
ROU.38.58_1,2023,11,0,0
ROU.38.74_1,2023,11,0,0
ROU.38.76_1,2023,11,0,0
ROU.38.79_1,2023,11,0,0
ROU.39.1_1,2023,11,0,0
ROU.39.10_1,2023,11,0,0
ROU.39.11_1,2023,11,0,0
ROU.39.12_1,2023,11,0,0
ROU.39.13_1,2023,11,0,0
ROU.39.14_1,2023,11,0,0
ROU.39.15_1,2023,11,0,0
ROU.39.16_1,2023,11,0,0
ROU.39.17_1,2023,11,0,0
ROU.39.18_1,2023,11,0,0
ROU.39.19_1,2023,11,0,0
ROU.39.2_1,2023,11,0,0
ROU.39.20_1,2023,11,0,0
ROU.39.21_1,2023,11,0,0
ROU.39.22_1,2023,11,0,0
ROU.39.23_1,2023,11,0,0
ROU.39.24_1,2023,11,0,0
ROU.39.25_1,2023,11,0,0
ROU.39.26_1,2023,11,0,0
ROU.39.27_1,2023,11,0,0
ROU.39.28_1,2023,11,0,0
ROU.39.29_1,2023,11,0,0
ROU.39.3_1,2023,11,0,0
ROU.39.30_1,2023,11,0,0
ROU.39.31_1,2023,11,0,0
ROU.39.32_1,2023,11,0,0
ROU.39.33_1,2023,11,0,0
ROU.39.34_1,2023,11,0,0
ROU.39.35_1,2023,11,0,0
ROU.39.36_1,2023,11,0,0
ROU.39.37_1,2023,11,0,0
ROU.39.38_1,2023,11,0,0
ROU.39.39_1,2023,11,0,0
ROU.39.4_1,2023,11,0,0
ROU.39.40_1,2023,11,0,0
ROU.39.41_1,2023,11,0,0
ROU.39.42_1,2023,11,0,0
ROU.39.43_1,2023,11,0,0
ROU.39.44_1,2023,11,0,0
ROU.39.45_1,2023,11,0,0
ROU.39.46_1,2023,11,0,0
ROU.39.47_1,2023,11,0,0
ROU.39.48_1,2023,11,0,0
ROU.39.5_1,2023,11,0,0
ROU.39.6_1,2023,11,0,0
ROU.39.7_1,2023,11,0,0
ROU.39.8_1,2023,11,0,0
ROU.39.9_1,2023,11,0,0
ROU.40.14_1,2023,11,0,0
ROU.40.53_1,2023,11,0,0
ROU.40.84_1,2023,11,0,0
ROU.41.26_1,2023,11,0,0
ROU.41.31_1,2023,11,0,0
ROU.41.41_1,2023,11,0,0
ROU.41.45_1,2023,11,0,0
ROU.41.58_1,2023,11,0,0
ROU.41.68_1,2023,11,0,0
ROU.5.1_1,2023,11,0,0
ROU.5.10_1,2023,11,0,0
ROU.5.11_1,2023,11,0,0
ROU.5.12_1,2023,11,0,0
ROU.5.13_1,2023,11,0,0
ROU.5.14_1,2023,11,0,0
ROU.5.15_1,2023,11,0,0
ROU.5.16_1,2023,11,0,0
ROU.5.17_1,2023,11,0,0
ROU.5.18_1,2023,11,0,0
ROU.5.19_1,2023,11,0,0
ROU.5.2_1,2023,11,0,0
ROU.5.20_1,2023,11,0,0
ROU.5.21_1,2023,11,0,0
ROU.5.22_1,2023,11,0,0
ROU.5.23_1,2023,11,0,0
ROU.5.24_1,2023,11,0,0
ROU.5.25_1,2023,11,0,0
ROU.5.26_1,2023,11,0,0
ROU.5.27_1,2023,11,0,0
ROU.5.28_1,2023,11,0,0
ROU.5.29_1,2023,11,0,0
ROU.5.3_1,2023,11,0,0
ROU.5.30_1,2023,11,0,0
ROU.5.31_1,2023,11,0,0
ROU.5.32_1,2023,11,0,0
ROU.5.33_1,2023,11,0,0
ROU.5.34_1,2023,11,0,0
ROU.5.35_1,2023,11,0,0
ROU.5.36_1,2023,11,0,0
ROU.5.37_1,2023,11,0,0
ROU.5.38_1,2023,11,0,0
ROU.5.39_1,2023,11,0,0
ROU.5.4_1,2023,11,0,0
ROU.5.40_1,2023,11,0,0
ROU.5.41_1,2023,11,0,0
ROU.5.42_1,2023,11,0,0
ROU.5.43_1,2023,11,0,0
ROU.5.44_1,2023,11,0,0
ROU.5.45_1,2023,11,0,0
ROU.5.46_1,2023,11,0,0
ROU.5.47_1,2023,11,0,0
ROU.5.48_1,2023,11,0,0
ROU.5.49_1,2023,11,0,0
ROU.5.5_1,2023,11,0,0
ROU.5.50_1,2023,11,0,0
ROU.5.51_1,2023,11,0,0
ROU.5.52_1,2023,11,0,0
ROU.5.53_1,2023,11,0,0
ROU.5.54_1,2023,11,0,0
ROU.5.55_1,2023,11,0,0
ROU.5.56_1,2023,11,0,0
ROU.5.57_1,2023,11,0,0
ROU.5.58_1,2023,11,0,0
ROU.5.59_1,2023,11,0,0
ROU.5.6_1,2023,11,0,0
ROU.5.60_1,2023,11,0,0
ROU.5.61_1,2023,11,0,0
ROU.5.62_1,2023,11,0,0
ROU.5.63_1,2023,11,0,0
ROU.5.64_1,2023,11,0,0
ROU.5.65_1,2023,11,0,0
ROU.5.66_1,2023,11,0,0
ROU.5.67_1,2023,11,0,0
ROU.5.68_1,2023,11,0,0
ROU.5.69_1,2023,11,0,0
ROU.5.7_1,2023,11,0,0
ROU.5.70_1,2023,11,0,0
ROU.5.71_1,2023,11,0,0
ROU.5.72_1,2023,11,0,0
ROU.5.73_1,2023,11,0,0
ROU.5.74_1,2023,11,0,0
ROU.5.75_1,2023,11,0,0
ROU.5.76_1,2023,11,0,0
ROU.5.77_1,2023,11,0,0
ROU.5.78_1,2023,11,0,0
ROU.5.79_1,2023,11,0,0
ROU.5.8_1,2023,11,0,0
ROU.5.80_1,2023,11,0,0
ROU.5.81_1,2023,11,0,0
ROU.5.82_1,2023,11,0,0
ROU.5.83_1,2023,11,0,0
ROU.5.84_1,2023,11,0,0
ROU.5.85_1,2023,11,0,0
ROU.5.86_1,2023,11,0,0
ROU.5.87_1,2023,11,0,0
ROU.5.88_1,2023,11,0,0
ROU.5.89_1,2023,11,0,0
ROU.5.9_1,2023,11,0,0
ROU.5.90_1,2023,11,0,0
ROU.5.91_1,2023,11,0,0
ROU.5.92_1,2023,11,0,0
ROU.5.93_1,2023,11,0,0
ROU.5.94_1,2023,11,0,0
ROU.6.10_1,2023,11,0,0
ROU.6.31_1,2023,11,0,0
ROU.6.36_1,2023,11,0,0
ROU.6.4_1,2023,11,0,0
ROU.6.6_1,2023,11,0,0
ROU.6.8_1,2023,11,0,0
ROU.7.14_1,2023,11,0,0
ROU.7.38_1,2023,11,0,0
ROU.7.42_1,2023,11,0,0
ROU.7.44_1,2023,11,0,0
ROU.7.48_1,2023,11,0,0
ROU.7.50_1,2023,11,0,0
ROU.7.52_1,2023,11,0,0
ROU.7.57_1,2023,11,0,0
ROU.8.1_1,2023,11,0,0
ROU.8.10_1,2023,11,0,0
ROU.8.11_1,2023,11,0,0
ROU.8.12_1,2023,11,0,0
ROU.8.13_1,2023,11,0,0
ROU.8.14_1,2023,11,0,0
ROU.8.15_1,2023,11,0,0
ROU.8.16_1,2023,11,0,0
ROU.8.17_1,2023,11,0,0
ROU.8.18_1,2023,11,0,0
ROU.8.19_1,2023,11,0,0
ROU.8.2_1,2023,11,0,0
ROU.8.20_1,2023,11,0,0
ROU.8.21_1,2023,11,0,0
ROU.8.22_1,2023,11,0,0
ROU.8.23_1,2023,11,0,0
ROU.8.24_1,2023,11,0,0
ROU.8.25_1,2023,11,0,0
ROU.8.26_1,2023,11,0,0
ROU.8.27_1,2023,11,0,0
ROU.8.28_1,2023,11,0,0
ROU.8.29_1,2023,11,0,0
ROU.8.3_1,2023,11,0,0
ROU.8.30_1,2023,11,0,0
ROU.8.31_1,2023,11,0,0
ROU.8.32_1,2023,11,0,0
ROU.8.33_1,2023,11,0,0
ROU.8.34_1,2023,11,0,0
ROU.8.35_1,2023,11,0,0
ROU.8.36_1,2023,11,0,0
ROU.8.37_1,2023,11,0,0
ROU.8.38_1,2023,11,0,0
ROU.8.39_1,2023,11,0,0
ROU.8.4_1,2023,11,0,0
ROU.8.40_1,2023,11,0,0
ROU.8.41_1,2023,11,0,0
ROU.8.42_1,2023,11,0,0
ROU.8.43_1,2023,11,0,0
ROU.8.44_1,2023,11,0,0
ROU.8.45_1,2023,11,0,0
ROU.8.46_1,2023,11,0,0
ROU.8.47_1,2023,11,0,0
ROU.8.49_1,2023,11,0,0
ROU.8.5_1,2023,11,0,0
ROU.8.50_1,2023,11,0,0
ROU.8.51_1,2023,11,0,0
ROU.8.52_1,2023,11,0,0
ROU.8.6_1,2023,11,0,0
ROU.8.7_1,2023,11,0,0
ROU.8.8_1,2023,11,0,0
ROU.8.9_1,2023,11,0,0
ROU.9.10_1,2023,11,0,0
ROU.9.18_1,2023,11,0,0
ROU.9.2_1,2023,11,0,0
ROU.9.39_1,2023,11,0,0
ROU.9.5_1,2023,11,0,0
RUS.1.4.1_1,2023,11,0,0
RUS.13.1.1_1,2023,11,0,0
RUS.13.10.1_1,2023,11,0,0
RUS.13.11.1_1,2023,11,0,0
RUS.13.12.1_1,2023,11,0,0
RUS.13.13.1_1,2023,11,0,0
RUS.13.14.1_1,2023,11,0,0
RUS.13.15.1_1,2023,11,0,0
RUS.13.16.1_1,2023,11,0,0
RUS.13.17.1_1,2023,11,0,0
RUS.13.18.1_1,2023,11,0,0
RUS.13.19.1_1,2023,11,0,0
RUS.13.2.1_1,2023,11,0,0
RUS.13.20.1_1,2023,11,0,0
RUS.13.21.1_1,2023,11,0,0
RUS.13.22.1_1,2023,11,0,0
RUS.13.23.1_1,2023,11,0,0
RUS.13.24.1_1,2023,11,0,0
RUS.13.25.1_1,2023,11,0,0
RUS.13.26.1_1,2023,11,0,0
RUS.13.27.1_1,2023,11,0,0
RUS.13.28.1_1,2023,11,0,0
RUS.13.3.1_1,2023,11,0,0
RUS.13.4.1_1,2023,11,0,0
RUS.13.5.1_1,2023,11,0,0
RUS.13.6.1_1,2023,11,0,0
RUS.13.7.1_1,2023,11,0,0
RUS.13.8.1_1,2023,11,0,0
RUS.13.9.1_1,2023,11,0,0
RUS.19.13.1_1,2023,11,0,0
RUS.19.15.1_1,2023,11,0,0
RUS.19.20.1_1,2023,11,0,0
RUS.19.23.1_1,2023,11,0,0
RUS.21.1.1_1,2023,11,0,0
RUS.21.14.1_1,2023,11,0,0
RUS.31.12.1_1,2023,11,0,0
RUS.31.13.1_1,2023,11,0,0
RUS.31.18.1_1,2023,11,0,0
RUS.31.2.1_1,2023,11,0,0
RUS.31.23.1_1,2023,11,0,0
RUS.31.24.1_1,2023,11,0,0
RUS.31.25.1_1,2023,11,0,0
RUS.31.26.1_1,2023,11,0,0
RUS.31.27.1_1,2023,11,0,0
RUS.31.28.1_1,2023,11,0,0
RUS.31.29.1_1,2023,11,0,0
RUS.31.31.1_1,2023,11,0,0
RUS.31.33.1_1,2023,11,0,0
RUS.31.34.1_1,2023,11,0,0
RUS.31.38.1_1,2023,11,0,0
RUS.31.41.1_1,2023,11,0,0
RUS.31.42.1_1,2023,11,0,0
RUS.31.5.1_1,2023,11,0,0
RUS.31.7.1_1,2023,11,0,0
RUS.32.8.1_1,2023,11,0,0
RUS.33.12.1_1,2023,11,0,0
RUS.33.14.1_1,2023,11,0,0
RUS.33.20.1_1,2023,11,0,0
RUS.33.24.1_1,2023,11,0,0
RUS.33.26.1_1,2023,11,0,0
RUS.33.31.1_1,2023,11,0,0
RUS.41.1.1_1,2023,11,0,0
RUS.41.10.1_1,2023,11,0,0
RUS.41.12.1_1,2023,11,0,0
RUS.41.13.1_1,2023,11,0,0
RUS.41.14.1_1,2023,11,0,0
RUS.41.15.1_1,2023,11,0,0
RUS.41.16.1_1,2023,11,0,0
RUS.41.2.1_1,2023,11,0,0
RUS.41.3.1_1,2023,11,0,0
RUS.41.4.1_1,2023,11,0,0
RUS.41.5.1_1,2023,11,0,0
RUS.41.7.1_1,2023,11,0,0
RUS.41.8.1_1,2023,11,0,0
RUS.41.9.1_1,2023,11,0,0
RUS.42.1.1_1,2023,11,0,0
RUS.42.10.1_1,2023,11,0,0
RUS.42.11.1_1,2023,11,0,0
RUS.42.12.1_1,2023,11,0,0
RUS.42.13.1_1,2023,11,0,0
RUS.42.14.1_1,2023,11,0,0
RUS.42.15.1_1,2023,11,0,0
RUS.42.16.1_1,2023,11,0,0
RUS.42.17.1_1,2023,11,0,0
RUS.42.18.1_1,2023,11,0,0
RUS.42.19.1_1,2023,11,0,0
RUS.42.2.1_1,2023,11,0,0
RUS.42.20.1_1,2023,11,0,0
RUS.42.21.1_1,2023,11,0,0
RUS.42.22.1_1,2023,11,0,0
RUS.42.23.1_1,2023,11,0,0
RUS.42.24.1_1,2023,11,0,0
RUS.42.25.1_1,2023,11,0,0
RUS.42.3.1_1,2023,11,0,0
RUS.42.4.1_1,2023,11,0,0
RUS.42.5.1_1,2023,11,0,0
RUS.42.6.1_1,2023,11,0,0
RUS.42.7.1_1,2023,11,0,0
RUS.42.8.1_1,2023,11,0,0
RUS.42.9.1_1,2023,11,0,0
RUS.47.1.1_1,2023,11,0,0
RUS.47.10.1_1,2023,11,0,0
RUS.47.11.1_1,2023,11,0,0
RUS.47.12.1_1,2023,11,0,0
RUS.47.13.1_1,2023,11,0,0
RUS.47.14.1_1,2023,11,0,0
RUS.47.15.1_1,2023,11,0,0
RUS.47.16.1_1,2023,11,0,0
RUS.47.17.1_1,2023,11,0,0
RUS.47.18.1_1,2023,11,0,0
RUS.47.19.1_1,2023,11,0,0
RUS.47.2.1_1,2023,11,0,0
RUS.47.20.1_1,2023,11,0,0
RUS.47.21.1_1,2023,11,0,0
RUS.47.22.1_1,2023,11,0,0
RUS.47.23.1_1,2023,11,0,0
RUS.47.24.1_1,2023,11,0,0
RUS.47.25.1_1,2023,11,0,0
RUS.47.26.1_1,2023,11,0,0
RUS.47.27.1_1,2023,11,0,0
RUS.47.28.1_1,2023,11,0,0
RUS.47.29.1_1,2023,11,0,0
RUS.47.3.1_1,2023,11,0,0
RUS.47.30.1_1,2023,11,0,0
RUS.47.31.1_1,2023,11,0,0
RUS.47.32.1_1,2023,11,0,0
RUS.47.33.1_1,2023,11,0,0
RUS.47.34.1_1,2023,11,0,0
RUS.47.35.1_1,2023,11,0,0
RUS.47.36.1_1,2023,11,0,0
RUS.47.37.1_1,2023,11,0,0
RUS.47.38.1_1,2023,11,0,0
RUS.47.39.1_1,2023,11,0,0
RUS.47.4.1_1,2023,11,0,0
RUS.47.40.1_1,2023,11,0,0
RUS.47.41.1_1,2023,11,0,0
RUS.47.42.1_1,2023,11,0,0
RUS.47.43.1_1,2023,11,0,0
RUS.47.44.1_1,2023,11,0,0
RUS.47.45.1_1,2023,11,0,0
RUS.47.46.1_1,2023,11,0,0
RUS.47.47.1_1,2023,11,0,0
RUS.47.48.1_1,2023,11,0,0
RUS.47.49.1_1,2023,11,0,0
RUS.47.5.1_1,2023,11,0,0
RUS.47.50.1_1,2023,11,0,0
RUS.47.51.1_1,2023,11,0,0
RUS.47.52.1_1,2023,11,0,0
RUS.47.53.1_1,2023,11,0,0
RUS.47.54.1_1,2023,11,0,0
RUS.47.55.1_1,2023,11,0,0
RUS.47.56.1_1,2023,11,0,0
RUS.47.57.1_1,2023,11,0,0
RUS.47.6.1_1,2023,11,0,0
RUS.47.7.1_1,2023,11,0,0
RUS.47.8.1_1,2023,11,0,0
RUS.47.9.1_1,2023,11,0,0
RUS.54.1.1_1,2023,11,0,0
RUS.54.10.1_1,2023,11,0,0
RUS.54.11.1_1,2023,11,0,0
RUS.54.12.1_1,2023,11,0,0
RUS.54.13.1_1,2023,11,0,0
RUS.54.14.1_1,2023,11,0,0
RUS.54.15.1_1,2023,11,0,0
RUS.54.16.1_1,2023,11,0,0
RUS.54.17.1_1,2023,11,0,0
RUS.54.18.1_1,2023,11,0,0
RUS.54.19.1_1,2023,11,0,0
RUS.54.2.1_1,2023,11,0,0
RUS.54.20.1_1,2023,11,0,0
RUS.54.21.1_1,2023,11,0,0
RUS.54.22.1_1,2023,11,0,0
RUS.54.23.1_1,2023,11,0,0
RUS.54.24.1_1,2023,11,0,0
RUS.54.25.1_1,2023,11,0,0
RUS.54.26.1_1,2023,11,0,0
RUS.54.27.1_1,2023,11,0,0
RUS.54.28.1_1,2023,11,0,0
RUS.54.29.1_1,2023,11,0,0
RUS.54.3.1_1,2023,11,0,0
RUS.54.30.1_1,2023,11,0,0
RUS.54.31.1_1,2023,11,0,0
RUS.54.32.1_1,2023,11,0,0
RUS.54.4.1_1,2023,11,0,0
RUS.54.5.1_1,2023,11,0,0
RUS.54.6.1_1,2023,11,0,0
RUS.54.7.1_1,2023,11,0,0
RUS.54.8.1_1,2023,11,0,0
RUS.54.9.1_1,2023,11,0,0
RUS.57.23.1_1,2023,11,0,0
RUS.57.25.1_1,2023,11,0,0
RUS.57.8.1_1,2023,11,0,0
RUS.59.2.1_1,2023,11,0,0
RUS.59.21.1_1,2023,11,0,0
RUS.59.22.1_1,2023,11,0,0
RUS.59.23.1_1,2023,11,0,0
RUS.59.3.1_1,2023,11,0,0
RUS.59.5.1_1,2023,11,0,0
RUS.62.11.1_1,2023,11,0,0
RUS.62.2.1_1,2023,11,0,0
RUS.62.20.1_1,2023,11,0,0
RUS.62.24.1_1,2023,11,0,0
RUS.62.28.1_1,2023,11,0,0
RUS.62.29.1_1,2023,11,0,0
RUS.62.30.1_1,2023,11,0,0
RUS.62.31.1_1,2023,11,0,0
RUS.62.34.1_1,2023,11,0,0
RUS.63.1.1_1,2023,11,0,0
RUS.63.10.1_1,2023,11,0,0
RUS.63.11.1_1,2023,11,0,0
RUS.63.12.1_1,2023,11,0,0
RUS.63.13.1_1,2023,11,0,0
RUS.63.14.1_1,2023,11,0,0
RUS.63.15.1_1,2023,11,0,0
RUS.63.16.1_1,2023,11,0,0
RUS.63.17.1_1,2023,11,0,0
RUS.63.18.1_1,2023,11,0,0
RUS.63.19.1_1,2023,11,0,0
RUS.63.2.1_1,2023,11,0,0
RUS.63.20.1_1,2023,11,0,0
RUS.63.21.1_1,2023,11,0,0
RUS.63.22.1_1,2023,11,0,0
RUS.63.23.1_1,2023,11,0,0
RUS.63.24.1_1,2023,11,0,0
RUS.63.25.1_1,2023,11,0,0
RUS.63.26.1_1,2023,11,0,0
RUS.63.27.1_1,2023,11,0,0
RUS.63.28.1_1,2023,11,0,0
RUS.63.29.1_1,2023,11,0,0
RUS.63.3.1_1,2023,11,0,0
RUS.63.30.1_1,2023,11,0,0
RUS.63.33.1_1,2023,11,0,0
RUS.63.34.1_1,2023,11,0,0
RUS.63.35.1_1,2023,11,0,0
RUS.63.36.1_1,2023,11,0,0
RUS.63.37.1_1,2023,11,0,0
RUS.63.38.1_1,2023,11,0,0
RUS.63.39.1_1,2023,11,0,0
RUS.63.4.1_1,2023,11,0,0
RUS.63.40.1_1,2023,11,0,0
RUS.63.41.1_1,2023,11,0,0
RUS.63.42.1_1,2023,11,0,0
RUS.63.43.1_1,2023,11,0,0
RUS.63.44.1_1,2023,11,0,0
RUS.63.45.1_1,2023,11,0,0
RUS.63.46.1_1,2023,11,0,0
RUS.63.47.1_1,2023,11,0,0
RUS.63.48.1_1,2023,11,0,0
RUS.63.49.1_1,2023,11,0,0
RUS.63.5.1_1,2023,11,0,0
RUS.63.6.1_1,2023,11,0,0
RUS.63.7.1_1,2023,11,0,0
RUS.63.8.1_1,2023,11,0,0
RUS.63.9.1_1,2023,11,0,0
RUS.64.11.1_1,2023,11,0,0
RUS.64.13.1_1,2023,11,0,0
RUS.64.14.1_1,2023,11,0,0
RUS.64.19.1_1,2023,11,0,0
RUS.64.22.1_1,2023,11,0,0
RUS.64.28.1_1,2023,11,0,0
RUS.64.6.1_1,2023,11,0,0
RUS.67.11.1_1,2023,11,0,0
RUS.67.12.1_1,2023,11,0,0
RUS.67.16.1_1,2023,11,0,0
RUS.67.2.1_1,2023,11,0,0
RUS.67.26.1_1,2023,11,0,0
RUS.67.3.1_1,2023,11,0,0
RUS.68.10.1_1,2023,11,0,0
RUS.68.17.1_1,2023,11,0,0
RUS.68.21.1_1,2023,11,0,0
RUS.68.22.1_1,2023,11,0,0
RUS.68.24.1_1,2023,11,0,0
RUS.68.40.1_1,2023,11,0,0
RUS.68.41.1_1,2023,11,0,0
RUS.68.44.1_1,2023,11,0,0
RUS.68.45.1_1,2023,11,0,0
RUS.68.46.1_1,2023,11,0,0
RUS.68.52.1_1,2023,11,0,0
RUS.68.53.1_1,2023,11,0,0
RUS.68.8.1_1,2023,11,0,0
RUS.75.1.1_1,2023,11,0,0
RUS.75.10.1_1,2023,11,0,0
RUS.75.11.1_1,2023,11,0,0
RUS.75.13.1_1,2023,11,0,0
RUS.75.14.1_1,2023,11,0,0
RUS.75.15.1_1,2023,11,0,0
RUS.75.16.1_1,2023,11,0,0
RUS.75.17.1_1,2023,11,0,0
RUS.75.18.1_1,2023,11,0,0
RUS.75.19.1_1,2023,11,0,0
RUS.75.2.1_1,2023,11,0,0
RUS.75.20.1_1,2023,11,0,0
RUS.75.21.1_1,2023,11,0,0
RUS.75.22.1_1,2023,11,0,0
RUS.75.23.1_1,2023,11,0,0
RUS.75.24.1_1,2023,11,0,0
RUS.75.25.1_1,2023,11,0,0
RUS.75.3.1_1,2023,11,0,0
RUS.75.4.1_1,2023,11,0,0
RUS.75.6.1_1,2023,11,0,0
RUS.75.7.1_1,2023,11,0,0
RUS.75.8.1_1,2023,11,0,0
RUS.75.9.1_1,2023,11,0,0
RUS.76.10.1_1,2023,11,0,0
RUS.76.11.1_1,2023,11,0,0
RUS.76.12.1_1,2023,11,0,0
RUS.76.2.1_1,2023,11,0,0
RUS.77.13.1_1,2023,11,0,0
RUS.77.14.1_1,2023,11,0,0
RUS.77.24.1_1,2023,11,0,0
RUS.77.31.1_1,2023,11,0,0
RUS.77.38.1_1,2023,11,0,0
RUS.77.6.1_1,2023,11,0,0
RUS.78.9.1_1,2023,11,0,0
RUS.79.26.1_1,2023,11,0,0
RUS.79.5.1_1,2023,11,0,0
RUS.8.10.1_1,2023,11,0,0
RUS.8.14.1_1,2023,11,0,0
RUS.8.18.1_1,2023,11,0,0
RUS.8.24.1_1,2023,11,0,0
RUS.8.31.1_1,2023,11,0,0
RUS.8.7.1_1,2023,11,0,0
RUS.8.9.1_1,2023,11,0,0
SRB.1.1_1,2023,11,0,0
SRB.1.2_1,2023,11,0,0
SRB.1.3_1,2023,11,0,0
SRB.1.4_1,2023,11,0,0
SRB.10.1_1,2023,11,0,0
SRB.10.2_1,2023,11,0,0
SRB.10.3_1,2023,11,0,0
SRB.10.4_1,2023,11,0,0
SRB.10.5_1,2023,11,0,0
SRB.10.6_1,2023,11,0,0
SRB.10.7_1,2023,11,0,0
SRB.11.1_1,2023,11,0,0
SRB.11.2_1,2023,11,0,0
SRB.11.3_1,2023,11,0,0
SRB.11.4_1,2023,11,0,0
SRB.11.5_1,2023,11,0,0
SRB.11.6_1,2023,11,0,0
SRB.11.7_1,2023,11,0,0
SRB.12.1_1,2023,11,0,0
SRB.12.2_1,2023,11,0,0
SRB.12.3_1,2023,11,0,0
SRB.12.4_1,2023,11,0,0
SRB.13.1_1,2023,11,0,0
SRB.13.2_1,2023,11,0,0
SRB.13.3_1,2023,11,0,0
SRB.14.1_1,2023,11,0,0
SRB.14.2_1,2023,11,0,0
SRB.14.3_1,2023,11,0,0
SRB.14.4_1,2023,11,0,0
SRB.14.5_1,2023,11,0,0
SRB.14.6_1,2023,11,0,0
SRB.15.1_1,2023,11,0,0
SRB.15.2_1,2023,11,0,0
SRB.15.3_1,2023,11,0,0
SRB.15.4_1,2023,11,0,0
SRB.15.5_1,2023,11,0,0
SRB.15.6_1,2023,11,0,0
SRB.16.1_1,2023,11,0,0
SRB.16.2_1,2023,11,0,0
SRB.16.3_1,2023,11,0,0
SRB.16.4_1,2023,11,0,0
SRB.16.5_1,2023,11,0,0
SRB.17.1_1,2023,11,0,0
SRB.17.2_1,2023,11,0,0
SRB.17.3_1,2023,11,0,0
SRB.18.1_1,2023,11,0,0
SRB.18.2_1,2023,11,0,0
SRB.18.3_1,2023,11,0,0
SRB.18.4_1,2023,11,0,0
SRB.18.5_1,2023,11,0,0
SRB.18.6_1,2023,11,0,0
SRB.19.1_1,2023,11,0,0
SRB.19.2_1,2023,11,0,0
SRB.19.3_1,2023,11,0,0
SRB.19.4_1,2023,11,0,0
SRB.19.5_1,2023,11,0,0
SRB.2.1_1,2023,11,0,0
SRB.2.2_1,2023,11,0,0
SRB.2.3_1,2023,11,0,0
SRB.2.4_1,2023,11,0,0
SRB.2.5_1,2023,11,0,0
SRB.2.6_1,2023,11,0,0
SRB.2.7_1,2023,11,0,0
SRB.2.8_1,2023,11,0,0
SRB.20.1_1,2023,11,0,0
SRB.20.2_1,2023,11,0,0
SRB.20.3_1,2023,11,0,0
SRB.20.4_1,2023,11,0,0
SRB.20.5_1,2023,11,0,0
SRB.20.6_1,2023,11,0,0
SRB.20.7_1,2023,11,0,0
SRB.21.1_1,2023,11,0,0
SRB.21.2_1,2023,11,0,0
SRB.21.3_1,2023,11,0,0
SRB.21.4_1,2023,11,0,0
SRB.21.5_1,2023,11,0,0
SRB.21.6_1,2023,11,0,0
SRB.21.7_1,2023,11,0,0
SRB.22.1_1,2023,11,0,0
SRB.22.2_1,2023,11,0,0
SRB.22.3_1,2023,11,0,0
SRB.22.4_1,2023,11,0,0
SRB.23.1_1,2023,11,0,0
SRB.23.2_1,2023,11,0,0
SRB.23.3_1,2023,11,0,0
SRB.23.4_1,2023,11,0,0
SRB.24.1_1,2023,11,0,0
SRB.24.2_1,2023,11,0,0
SRB.24.3_1,2023,11,0,0
SRB.24.4_1,2023,11,0,0
SRB.25.1_1,2023,11,0,0
SRB.25.10_1,2023,11,0,0
SRB.25.2_1,2023,11,0,0
SRB.25.3_1,2023,11,0,0
SRB.25.4_1,2023,11,0,0
SRB.25.5_1,2023,11,0,0
SRB.25.6_1,2023,11,0,0
SRB.25.7_1,2023,11,0,0
SRB.25.8_1,2023,11,0,0
SRB.25.9_1,2023,11,0,0
SRB.3.1_1,2023,11,0,0
SRB.3.10_1,2023,11,0,0
SRB.3.11_1,2023,11,0,0
SRB.3.12_1,2023,11,0,0
SRB.3.13_1,2023,11,0,0
SRB.3.14_1,2023,11,0,0
SRB.3.15_1,2023,11,0,0
SRB.3.16_1,2023,11,0,0
SRB.3.17_1,2023,11,0,0
SRB.3.2_1,2023,11,0,0
SRB.3.3_1,2023,11,0,0
SRB.3.4_1,2023,11,0,0
SRB.3.5_1,2023,11,0,0
SRB.3.6_1,2023,11,0,0
SRB.3.7_1,2023,11,0,0
SRB.3.8_1,2023,11,0,0
SRB.3.9_1,2023,11,0,0
SRB.4.1_1,2023,11,0,0
SRB.4.2_1,2023,11,0,0
SRB.4.3_1,2023,11,0,0
SRB.4.4_1,2023,11,0,0
SRB.4.5_1,2023,11,0,0
SRB.4.6_1,2023,11,0,0
SRB.5.1_1,2023,11,0,0
SRB.5.10_1,2023,11,0,0
SRB.5.11_1,2023,11,0,0
SRB.5.12_1,2023,11,0,0
SRB.5.2_1,2023,11,0,0
SRB.5.3_1,2023,11,0,0
SRB.5.4_1,2023,11,0,0
SRB.5.5_1,2023,11,0,0
SRB.5.6_1,2023,11,0,0
SRB.5.7_1,2023,11,0,0
SRB.5.8_1,2023,11,0,0
SRB.5.9_1,2023,11,0,0
SRB.6.1_1,2023,11,0,0
SRB.6.2_1,2023,11,0,0
SRB.6.3_1,2023,11,0,0
SRB.6.4_1,2023,11,0,0
SRB.6.5_1,2023,11,0,0
SRB.6.6_1,2023,11,0,0
SRB.6.7_1,2023,11,0,0
SRB.6.8_1,2023,11,0,0
SRB.7.1_1,2023,11,0,0
SRB.7.2_1,2023,11,0,0
SRB.7.3_1,2023,11,0,0
SRB.7.4_1,2023,11,0,0
SRB.7.5_1,2023,11,0,0
SRB.7.6_1,2023,11,0,0
SRB.8.1_1,2023,11,0,0
SRB.8.2_1,2023,11,0,0
SRB.8.3_1,2023,11,0,0
SRB.8.4_1,2023,11,0,0
SRB.8.5_1,2023,11,0,0
SRB.8.6_1,2023,11,0,0
SRB.8.7_1,2023,11,0,0
SRB.8.8_1,2023,11,0,0
SRB.9.1_1,2023,11,0,0
SRB.9.2_1,2023,11,0,0
SRB.9.3_1,2023,11,0,0
SRB.9.4_1,2023,11,0,0
SVK.1.1_1,2023,11,0,0
SVK.1.10_1,2023,11,0,0
SVK.1.11_1,2023,11,0,0
SVK.1.12_1,2023,11,0,0
SVK.1.13_1,2023,11,0,0
SVK.1.2_1,2023,11,0,0
SVK.1.3_1,2023,11,0,0
SVK.1.4_1,2023,11,0,0
SVK.1.5_1,2023,11,0,0
SVK.1.6_1,2023,11,0,0
SVK.1.7_1,2023,11,0,0
SVK.1.8_1,2023,11,0,0
SVK.1.9_1,2023,11,0,0
SVK.2.1_1,2023,11,0,0
SVK.2.2_1,2023,11,0,0
SVK.2.3_1,2023,11,0,0
SVK.2.4_1,2023,11,0,0
SVK.2.5_1,2023,11,0,0
SVK.2.6_1,2023,11,0,0
SVK.2.7_1,2023,11,0,0
SVK.2.8_1,2023,11,0,0
SVK.3.1_1,2023,11,0,0
SVK.3.10_1,2023,11,0,0
SVK.3.11_1,2023,11,0,0
SVK.3.2_1,2023,11,0,0
SVK.3.3_1,2023,11,0,0
SVK.3.4_1,2023,11,0,0
SVK.3.5_1,2023,11,0,0
SVK.3.6_1,2023,11,0,0
SVK.3.7_1,2023,11,0,0
SVK.3.8_1,2023,11,0,0
SVK.3.9_1,2023,11,0,0
SVK.4.1_1,2023,11,0,0
SVK.4.2_1,2023,11,0,0
SVK.4.3_1,2023,11,0,0
SVK.4.4_1,2023,11,0,0
SVK.4.5_1,2023,11,0,0
SVK.4.6_1,2023,11,0,0
SVK.4.7_1,2023,11,0,0
SVK.5.1_1,2023,11,0,0
SVK.5.10_1,2023,11,0,0
SVK.5.11_1,2023,11,0,0
SVK.5.12_1,2023,11,0,0
SVK.5.13_1,2023,11,0,0
SVK.5.2_1,2023,11,0,0
SVK.5.3_1,2023,11,0,0
SVK.5.4_1,2023,11,0,0
SVK.5.5_1,2023,11,0,0
SVK.5.6_1,2023,11,0,0
SVK.5.7_1,2023,11,0,0
SVK.5.8_1,2023,11,0,0
SVK.5.9_1,2023,11,0,0
SVK.6.1_1,2023,11,0,0
SVK.6.2_1,2023,11,0,0
SVK.6.3_1,2023,11,0,0
SVK.6.4_1,2023,11,0,0
SVK.6.5_1,2023,11,0,0
SVK.6.6_1,2023,11,0,0
SVK.6.7_1,2023,11,0,0
SVK.6.8_1,2023,11,0,0
SVK.6.9_1,2023,11,0,0
SVK.7.1_1,2023,11,0,0
SVK.7.2_1,2023,11,0,0
SVK.7.3_1,2023,11,0,0
SVK.7.4_1,2023,11,0,0
SVK.7.5_1,2023,11,0,0
SVK.7.6_1,2023,11,0,0
SVK.7.7_1,2023,11,0,0
SVK.8.1_1,2023,11,0,0
SVK.8.10_1,2023,11,0,0
SVK.8.11_1,2023,11,0,0
SVK.8.2_1,2023,11,0,0
SVK.8.3_1,2023,11,0,0
SVK.8.4_1,2023,11,0,0
SVK.8.5_1,2023,11,0,0
SVK.8.6_1,2023,11,0,0
SVK.8.7_1,2023,11,0,0
SVK.8.8_1,2023,11,0,0
SVK.8.9_1,2023,11,0,0
SVN.1.1_1,2023,11,0,0
SVN.1.10_1,2023,11,0,0
SVN.1.11_1,2023,11,0,0
SVN.1.12_1,2023,11,0,0
SVN.1.13_1,2023,11,0,0
SVN.1.14_1,2023,11,0,0
SVN.1.15_1,2023,11,0,0
SVN.1.16_1,2023,11,0,0
SVN.1.17_1,2023,11,0,0
SVN.1.2_1,2023,11,0,0
SVN.1.3_1,2023,11,0,0
SVN.1.4_1,2023,11,0,0
SVN.1.5_1,2023,11,0,0
SVN.1.6_1,2023,11,0,0
SVN.1.7_1,2023,11,0,0
SVN.1.8_1,2023,11,0,0
SVN.1.9_1,2023,11,0,0
SVN.10.1_1,2023,11,0,0
SVN.10.10_1,2023,11,0,0
SVN.10.11_1,2023,11,0,0
SVN.10.12_1,2023,11,0,0
SVN.10.13_1,2023,11,0,0
SVN.10.14_1,2023,11,0,0
SVN.10.15_1,2023,11,0,0
SVN.10.16_1,2023,11,0,0
SVN.10.17_1,2023,11,0,0
SVN.10.18_1,2023,11,0,0
SVN.10.19_1,2023,11,0,0
SVN.10.2_1,2023,11,0,0
SVN.10.20_1,2023,11,0,0
SVN.10.21_1,2023,11,0,0
SVN.10.22_1,2023,11,0,0
SVN.10.23_1,2023,11,0,0
SVN.10.24_1,2023,11,0,0
SVN.10.25_1,2023,11,0,0
SVN.10.26_1,2023,11,0,0
SVN.10.27_1,2023,11,0,0
SVN.10.28_1,2023,11,0,0
SVN.10.29_1,2023,11,0,0
SVN.10.3_1,2023,11,0,0
SVN.10.30_1,2023,11,0,0
SVN.10.31_1,2023,11,0,0
SVN.10.32_1,2023,11,0,0
SVN.10.4_1,2023,11,0,0
SVN.10.5_1,2023,11,0,0
SVN.10.6_1,2023,11,0,0
SVN.10.7_1,2023,11,0,0
SVN.10.8_1,2023,11,0,0
SVN.10.9_1,2023,11,0,0
SVN.11.1_1,2023,11,0,0
SVN.11.2_1,2023,11,0,0
SVN.11.3_1,2023,11,0,0
SVN.12.1_1,2023,11,0,0
SVN.12.2_1,2023,11,0,0
SVN.12.3_1,2023,11,0,0
SVN.2.1_1,2023,11,0,0
SVN.2.10_1,2023,11,0,0
SVN.2.11_1,2023,11,0,0
SVN.2.12_1,2023,11,0,0
SVN.2.2_1,2023,11,0,0
SVN.2.3_1,2023,11,0,0
SVN.2.4_1,2023,11,0,0
SVN.2.5_1,2023,11,0,0
SVN.2.6_1,2023,11,0,0
SVN.2.7_1,2023,11,0,0
SVN.2.8_1,2023,11,0,0
SVN.2.9_1,2023,11,0,0
SVN.3.1_1,2023,11,0,0
SVN.3.10_1,2023,11,0,0
SVN.3.11_1,2023,11,0,0
SVN.3.12_1,2023,11,0,0
SVN.3.13_1,2023,11,0,0
SVN.3.14_1,2023,11,0,0
SVN.3.15_1,2023,11,0,0
SVN.3.16_1,2023,11,0,0
SVN.3.2_1,2023,11,0,0
SVN.3.3_1,2023,11,0,0
SVN.3.4_1,2023,11,0,0
SVN.3.5_1,2023,11,0,0
SVN.3.6_1,2023,11,0,0
SVN.3.7_1,2023,11,0,0
SVN.3.8_1,2023,11,0,0
SVN.3.9_1,2023,11,0,0
SVN.4.1_1,2023,11,0,0
SVN.4.10_1,2023,11,0,0
SVN.4.11_1,2023,11,0,0
SVN.4.12_1,2023,11,0,0
SVN.4.2_1,2023,11,0,0
SVN.4.3_1,2023,11,0,0
SVN.4.4_1,2023,11,0,0
SVN.4.5_1,2023,11,0,0
SVN.4.6_1,2023,11,0,0
SVN.4.7_1,2023,11,0,0
SVN.4.8_1,2023,11,0,0
SVN.4.9_1,2023,11,0,0
SVN.5.1_1,2023,11,0,0
SVN.5.2_1,2023,11,0,0
SVN.5.3_1,2023,11,0,0
SVN.5.4_1,2023,11,0,0
SVN.5.5_1,2023,11,0,0
SVN.5.6_1,2023,11,0,0
SVN.6.1_1,2023,11,0,0
SVN.6.2_1,2023,11,0,0
SVN.6.3_1,2023,11,0,0
SVN.6.4_1,2023,11,0,0
SVN.6.5_1,2023,11,0,0
SVN.6.6_1,2023,11,0,0
SVN.6.7_1,2023,11,0,0
SVN.7.1_1,2023,11,0,0
SVN.7.10_1,2023,11,0,0
SVN.7.11_1,2023,11,0,0
SVN.7.12_1,2023,11,0,0
SVN.7.13_1,2023,11,0,0
SVN.7.14_1,2023,11,0,0
SVN.7.15_1,2023,11,0,0
SVN.7.16_1,2023,11,0,0
SVN.7.17_1,2023,11,0,0
SVN.7.18_1,2023,11,0,0
SVN.7.19_1,2023,11,0,0
SVN.7.2_1,2023,11,0,0
SVN.7.20_1,2023,11,0,0
SVN.7.21_1,2023,11,0,0
SVN.7.22_1,2023,11,0,0
SVN.7.23_1,2023,11,0,0
SVN.7.24_1,2023,11,0,0
SVN.7.3_1,2023,11,0,0
SVN.7.4_1,2023,11,0,0
SVN.7.5_1,2023,11,0,0
SVN.7.6_1,2023,11,0,0
SVN.7.7_1,2023,11,0,0
SVN.7.8_1,2023,11,0,0
SVN.7.9_1,2023,11,0,0
SVN.8.1_1,2023,11,0,0
SVN.8.10_1,2023,11,0,0
SVN.8.11_1,2023,11,0,0
SVN.8.12_1,2023,11,0,0
SVN.8.13_1,2023,11,0,0
SVN.8.14_1,2023,11,0,0
SVN.8.15_1,2023,11,0,0
SVN.8.16_1,2023,11,0,0
SVN.8.17_1,2023,11,0,0
SVN.8.18_1,2023,11,0,0
SVN.8.19_1,2023,11,0,0
SVN.8.2_1,2023,11,0,0
SVN.8.20_1,2023,11,0,0
SVN.8.21_1,2023,11,0,0
SVN.8.22_1,2023,11,0,0
SVN.8.23_1,2023,11,0,0
SVN.8.24_1,2023,11,0,0
SVN.8.25_1,2023,11,0,0
SVN.8.26_1,2023,11,0,0
SVN.8.27_1,2023,11,0,0
SVN.8.28_1,2023,11,0,0
SVN.8.29_1,2023,11,0,0
SVN.8.3_1,2023,11,0,0
SVN.8.30_1,2023,11,0,0
SVN.8.31_1,2023,11,0,0
SVN.8.32_1,2023,11,0,0
SVN.8.33_1,2023,11,0,0
SVN.8.34_1,2023,11,0,0
SVN.8.4_1,2023,11,0,0
SVN.8.5_1,2023,11,0,0
SVN.8.6_1,2023,11,0,0
SVN.8.7_1,2023,11,0,0
SVN.8.8_1,2023,11,0,0
SVN.8.9_1,2023,11,0,0
SVN.9.1_1,2023,11,0,0
SVN.9.10_1,2023,11,0,0
SVN.9.11_1,2023,11,0,0
SVN.9.12_1,2023,11,0,0
SVN.9.13_1,2023,11,0,0
SVN.9.14_1,2023,11,0,0
SVN.9.15_1,2023,11,0,0
SVN.9.16_1,2023,11,0,0
SVN.9.17_1,2023,11,0,0
SVN.9.18_1,2023,11,0,0
SVN.9.19_1,2023,11,0,0
SVN.9.2_1,2023,11,0,0
SVN.9.20_1,2023,11,0,0
SVN.9.21_1,2023,11,0,0
SVN.9.22_1,2023,11,0,0
SVN.9.23_1,2023,11,0,0
SVN.9.24_1,2023,11,0,0
SVN.9.25_1,2023,11,0,0
SVN.9.26_1,2023,11,0,0
SVN.9.3_1,2023,11,0,0
SVN.9.4_1,2023,11,0,0
SVN.9.5_1,2023,11,0,0
SVN.9.6_1,2023,11,0,0
SVN.9.7_1,2023,11,0,0
SVN.9.8_1,2023,11,0,0
SVN.9.9_1,2023,11,0,0
SWE.1.3_1,2023,11,0,0
SWE.11.1_1,2023,11,0,0
SWE.11.10_1,2023,11,0,0
SWE.11.12_1,2023,11,0,0
SWE.11.2_1,2023,11,0,0
SWE.11.3_1,2023,11,0,0
SWE.11.5_1,2023,11,0,0
SWE.11.7_1,2023,11,0,0
SWE.11.9_1,2023,11,0,0
SWE.12.11_1,2023,11,0,0
SWE.12.7_1,2023,11,0,0
SWE.12.9_1,2023,11,0,0
SWE.13.1_1,2023,11,0,0
SWE.13.10_1,2023,11,0,0
SWE.13.11_1,2023,11,0,0
SWE.13.12_1,2023,11,0,0
SWE.13.13_1,2023,11,0,0
SWE.13.14_1,2023,11,0,0
SWE.13.15_1,2023,11,0,0
SWE.13.16_1,2023,11,0,0
SWE.13.17_1,2023,11,0,0
SWE.13.18_1,2023,11,0,0
SWE.13.19_1,2023,11,0,0
SWE.13.2_1,2023,11,0,0
SWE.13.20_1,2023,11,0,0
SWE.13.21_1,2023,11,0,0
SWE.13.22_1,2023,11,0,0
SWE.13.23_1,2023,11,0,0
SWE.13.24_1,2023,11,0,0
SWE.13.25_1,2023,11,0,0
SWE.13.26_1,2023,11,0,0
SWE.13.27_1,2023,11,0,0
SWE.13.28_1,2023,11,0,0
SWE.13.29_1,2023,11,0,0
SWE.13.3_1,2023,11,0,0
SWE.13.30_1,2023,11,0,0
SWE.13.31_1,2023,11,0,0
SWE.13.32_1,2023,11,0,0
SWE.13.33_1,2023,11,0,0
SWE.13.4_1,2023,11,0,0
SWE.13.5_1,2023,11,0,0
SWE.13.6_1,2023,11,0,0
SWE.13.7_1,2023,11,0,0
SWE.13.8_1,2023,11,0,0
SWE.13.9_1,2023,11,0,0
SWE.14.1_1,2023,11,0,0
SWE.14.3_1,2023,11,0,0
SWE.14.7_1,2023,11,0,0
SWE.14.8_1,2023,11,0,0
SWE.15.1_1,2023,11,0,0
SWE.15.10_1,2023,11,0,0
SWE.15.11_1,2023,11,0,0
SWE.15.12_1,2023,11,0,0
SWE.15.13_1,2023,11,0,0
SWE.15.14_1,2023,11,0,0
SWE.15.15_1,2023,11,0,0
SWE.15.16_1,2023,11,0,0
SWE.15.17_1,2023,11,0,0
SWE.15.18_1,2023,11,0,0
SWE.15.19_1,2023,11,0,0
SWE.15.2_1,2023,11,0,0
SWE.15.20_1,2023,11,0,0
SWE.15.21_1,2023,11,0,0
SWE.15.22_1,2023,11,0,0
SWE.15.23_1,2023,11,0,0
SWE.15.24_1,2023,11,0,0
SWE.15.25_1,2023,11,0,0
SWE.15.26_1,2023,11,0,0
SWE.15.3_1,2023,11,0,0
SWE.15.4_1,2023,11,0,0
SWE.15.5_1,2023,11,0,0
SWE.15.6_1,2023,11,0,0
SWE.15.7_1,2023,11,0,0
SWE.15.8_1,2023,11,0,0
SWE.15.9_1,2023,11,0,0
SWE.16.2_1,2023,11,0,0
SWE.16.3_1,2023,11,0,0
SWE.16.4_1,2023,11,0,0
SWE.16.5_1,2023,11,0,0
SWE.16.6_1,2023,11,0,0
SWE.16.7_1,2023,11,0,0
SWE.17.1_1,2023,11,0,0
SWE.17.10_1,2023,11,0,0
SWE.17.11_1,2023,11,0,0
SWE.17.12_1,2023,11,0,0
SWE.17.13_1,2023,11,0,0
SWE.17.14_1,2023,11,0,0
SWE.17.15_1,2023,11,0,0
SWE.17.16_1,2023,11,0,0
SWE.17.2_1,2023,11,0,0
SWE.17.3_1,2023,11,0,0
SWE.17.4_1,2023,11,0,0
SWE.17.5_1,2023,11,0,0
SWE.17.6_1,2023,11,0,0
SWE.17.7_1,2023,11,0,0
SWE.17.8_1,2023,11,0,0
SWE.17.9_1,2023,11,0,0
SWE.2.14_1,2023,11,0,0
SWE.2.2_1,2023,11,0,0
SWE.2.8_1,2023,11,0,0
SWE.20.1_1,2023,11,0,0
SWE.20.10_1,2023,11,0,0
SWE.20.11_1,2023,11,0,0
SWE.20.2_1,2023,11,0,0
SWE.20.3_1,2023,11,0,0
SWE.20.4_1,2023,11,0,0
SWE.20.5_1,2023,11,0,0
SWE.20.6_1,2023,11,0,0
SWE.20.7_1,2023,11,0,0
SWE.20.8_1,2023,11,0,0
SWE.20.9_1,2023,11,0,0
SWE.21.1_1,2023,11,0,0
SWE.21.10_1,2023,11,0,0
SWE.21.11_1,2023,11,0,0
SWE.21.12_1,2023,11,0,0
SWE.21.13_1,2023,11,0,0
SWE.21.14_1,2023,11,0,0
SWE.21.15_1,2023,11,0,0
SWE.21.16_1,2023,11,0,0
SWE.21.17_1,2023,11,0,0
SWE.21.18_1,2023,11,0,0
SWE.21.19_1,2023,11,0,0
SWE.21.2_1,2023,11,0,0
SWE.21.20_1,2023,11,0,0
SWE.21.21_1,2023,11,0,0
SWE.21.22_1,2023,11,0,0
SWE.21.23_1,2023,11,0,0
SWE.21.24_1,2023,11,0,0
SWE.21.25_1,2023,11,0,0
SWE.21.26_1,2023,11,0,0
SWE.21.27_1,2023,11,0,0
SWE.21.28_1,2023,11,0,0
SWE.21.29_1,2023,11,0,0
SWE.21.3_1,2023,11,0,0
SWE.21.30_1,2023,11,0,0
SWE.21.31_1,2023,11,0,0
SWE.21.32_1,2023,11,0,0
SWE.21.33_1,2023,11,0,0
SWE.21.34_1,2023,11,0,0
SWE.21.35_1,2023,11,0,0
SWE.21.36_1,2023,11,0,0
SWE.21.37_1,2023,11,0,0
SWE.21.38_1,2023,11,0,0
SWE.21.39_1,2023,11,0,0
SWE.21.4_1,2023,11,0,0
SWE.21.40_1,2023,11,0,0
SWE.21.41_1,2023,11,0,0
SWE.21.42_1,2023,11,0,0
SWE.21.43_1,2023,11,0,0
SWE.21.44_1,2023,11,0,0
SWE.21.45_1,2023,11,0,0
SWE.21.46_1,2023,11,0,0
SWE.21.47_1,2023,11,0,0
SWE.21.48_1,2023,11,0,0
SWE.21.49_1,2023,11,0,0
SWE.21.5_1,2023,11,0,0
SWE.21.50_1,2023,11,0,0
SWE.21.51_1,2023,11,0,0
SWE.21.6_1,2023,11,0,0
SWE.21.7_1,2023,11,0,0
SWE.21.8_1,2023,11,0,0
SWE.21.9_1,2023,11,0,0
SWE.5.1_1,2023,11,0,0
SWE.5.4_1,2023,11,0,0
SWE.5.5_1,2023,11,0,0
SWE.5.6_1,2023,11,0,0
SWE.7.3_1,2023,11,0,0
SWE.9.1_1,2023,11,0,0
SWE.9.5_1,2023,11,0,0
TUR.1.1_1,2023,11,0,0
TUR.1.10_1,2023,11,0,0
TUR.1.11_1,2023,11,0,0
TUR.1.12_1,2023,11,0,0
TUR.1.13_1,2023,11,0,0
TUR.1.2_1,2023,11,0,0
TUR.1.3_1,2023,11,0,0
TUR.1.4_1,2023,11,0,0
TUR.1.5_1,2023,11,0,0
TUR.1.6_1,2023,11,0,0
TUR.1.7_1,2023,11,0,0
TUR.1.8_1,2023,11,0,0
TUR.1.9_1,2023,11,0,0
TUR.11.1_1,2023,11,0,0
TUR.11.10_1,2023,11,0,0
TUR.11.11_1,2023,11,0,0
TUR.11.12_1,2023,11,0,0
TUR.11.13_1,2023,11,0,0
TUR.11.14_1,2023,11,0,0
TUR.11.15_1,2023,11,0,0
TUR.11.16_1,2023,11,0,0
TUR.11.17_1,2023,11,0,0
TUR.11.3_1,2023,11,0,0
TUR.11.4_1,2023,11,0,0
TUR.11.5_1,2023,11,0,0
TUR.11.6_1,2023,11,0,0
TUR.11.7_1,2023,11,0,0
TUR.11.8_1,2023,11,0,0
TUR.11.9_1,2023,11,0,0
TUR.12.1_1,2023,11,0,0
TUR.12.10_1,2023,11,0,0
TUR.12.11_1,2023,11,0,0
TUR.12.12_1,2023,11,0,0
TUR.12.13_1,2023,11,0,0
TUR.12.14_1,2023,11,0,0
TUR.12.15_1,2023,11,0,0
TUR.12.16_1,2023,11,0,0
TUR.12.17_1,2023,11,0,0
TUR.12.18_1,2023,11,0,0
TUR.12.19_1,2023,11,0,0
TUR.12.2_1,2023,11,0,0
TUR.12.3_1,2023,11,0,0
TUR.12.4_1,2023,11,0,0
TUR.12.5_1,2023,11,0,0
TUR.12.6_1,2023,11,0,0
TUR.12.7_1,2023,11,0,0
TUR.12.8_1,2023,11,0,0
TUR.12.9_1,2023,11,0,0
TUR.14.1_1,2023,11,0,0
TUR.14.2_1,2023,11,0,0
TUR.14.3_1,2023,11,0,0
TUR.14.4_1,2023,11,0,0
TUR.14.5_1,2023,11,0,0
TUR.14.6_1,2023,11,0,0
TUR.15.2_1,2023,11,0,0
TUR.16.2_1,2023,11,0,0
TUR.16.5_1,2023,11,0,0
TUR.17.2_1,2023,11,0,0
TUR.17.6_1,2023,11,0,0
TUR.17.8_1,2023,11,0,0
TUR.18.1_1,2023,11,0,0
TUR.18.5_1,2023,11,0,0
TUR.18.6_1,2023,11,0,0
TUR.19.2_1,2023,11,0,0
TUR.19.3_1,2023,11,0,0
TUR.19.4_1,2023,11,0,0
TUR.2.1_1,2023,11,0,0
TUR.2.2_1,2023,11,0,0
TUR.2.3_1,2023,11,0,0
TUR.2.4_1,2023,11,0,0
TUR.2.5_1,2023,11,0,0
TUR.2.6_1,2023,11,0,0
TUR.2.7_1,2023,11,0,0
TUR.2.8_1,2023,11,0,0
TUR.2.9_1,2023,11,0,0
TUR.20.2_1,2023,11,0,0
TUR.20.3_1,2023,11,0,0
TUR.20.4_1,2023,11,0,0
TUR.20.8_1,2023,11,0,0
TUR.21.1_1,2023,11,0,0
TUR.21.11_1,2023,11,0,0
TUR.21.14_1,2023,11,0,0
TUR.21.4_1,2023,11,0,0
TUR.21.6_1,2023,11,0,0
TUR.21.7_1,2023,11,0,0
TUR.22.1_1,2023,11,0,0
TUR.22.10_1,2023,11,0,0
TUR.22.11_1,2023,11,0,0
TUR.22.12_1,2023,11,0,0
TUR.22.2_1,2023,11,0,0
TUR.22.3_1,2023,11,0,0
TUR.22.4_1,2023,11,0,0
TUR.22.5_1,2023,11,0,0
TUR.22.6_1,2023,11,0,0
TUR.22.7_1,2023,11,0,0
TUR.22.8_1,2023,11,0,0
TUR.22.9_1,2023,11,0,0
TUR.23.10_1,2023,11,0,0
TUR.23.11_1,2023,11,0,0
TUR.23.4_1,2023,11,0,0
TUR.23.9_1,2023,11,0,0
TUR.25.15_1,2023,11,0,0
TUR.26.1_1,2023,11,0,0
TUR.26.10_1,2023,11,0,0
TUR.26.11_1,2023,11,0,0
TUR.26.12_1,2023,11,0,0
TUR.26.13_1,2023,11,0,0
TUR.26.14_1,2023,11,0,0
TUR.26.2_1,2023,11,0,0
TUR.26.3_1,2023,11,0,0
TUR.26.4_1,2023,11,0,0
TUR.26.5_1,2023,11,0,0
TUR.26.6_1,2023,11,0,0
TUR.26.7_1,2023,11,0,0
TUR.26.8_1,2023,11,0,0
TUR.26.9_1,2023,11,0,0
TUR.27.1_1,2023,11,0,0
TUR.28.2_1,2023,11,0,0
TUR.28.4_1,2023,11,0,0
TUR.28.5_1,2023,11,0,0
TUR.28.7_1,2023,11,0,0
TUR.28.8_1,2023,11,0,0
TUR.28.9_1,2023,11,0,0
TUR.29.1_1,2023,11,0,0
TUR.30.1_1,2023,11,0,0
TUR.30.2_1,2023,11,0,0
TUR.30.3_1,2023,11,0,0
TUR.30.4_1,2023,11,0,0
TUR.30.5_1,2023,11,0,0
TUR.30.6_1,2023,11,0,0
TUR.30.7_1,2023,11,0,0
TUR.30.8_1,2023,11,0,0
TUR.30.9_1,2023,11,0,0
TUR.31.1_1,2023,11,0,0
TUR.31.16_1,2023,11,0,0
TUR.31.2_1,2023,11,0,0
TUR.31.4_1,2023,11,0,0
TUR.31.8_1,2023,11,0,0
TUR.32.10_1,2023,11,0,0
TUR.32.11_1,2023,11,0,0
TUR.32.13_1,2023,11,0,0
TUR.32.4_1,2023,11,0,0
TUR.32.8_1,2023,11,0,0
TUR.33.1_1,2023,11,0,0
TUR.33.2_1,2023,11,0,0
TUR.33.3_1,2023,11,0,0
TUR.33.4_1,2023,11,0,0
TUR.33.5_1,2023,11,0,0
TUR.33.6_1,2023,11,0,0
TUR.33.7_1,2023,11,0,0
TUR.33.8_1,2023,11,0,0
TUR.33.9_1,2023,11,0,0
TUR.34.1_1,2023,11,0,0
TUR.34.10_1,2023,11,0,0
TUR.34.11_1,2023,11,0,0
TUR.34.12_1,2023,11,0,0
TUR.34.13_1,2023,11,0,0
TUR.34.14_1,2023,11,0,0
TUR.34.15_1,2023,11,0,0
TUR.34.16_1,2023,11,0,0
TUR.34.2_1,2023,11,0,0
TUR.34.3_1,2023,11,0,0
TUR.34.4_1,2023,11,0,0
TUR.34.5_1,2023,11,0,0
TUR.34.6_1,2023,11,0,0
TUR.34.7_1,2023,11,0,0
TUR.34.8_1,2023,11,0,0
TUR.34.9_1,2023,11,0,0
TUR.35.1_1,2023,11,0,0
TUR.35.3_1,2023,11,0,0
TUR.35.5_1,2023,11,0,0
TUR.35.6_1,2023,11,0,0
TUR.36.2_1,2023,11,0,0
TUR.37.1_1,2023,11,0,0
TUR.37.10_1,2023,11,0,0
TUR.37.11_1,2023,11,0,0
TUR.37.12_1,2023,11,0,0
TUR.37.2_1,2023,11,0,0
TUR.37.3_1,2023,11,0,0
TUR.37.4_1,2023,11,0,0
TUR.37.5_1,2023,11,0,0
TUR.37.6_1,2023,11,0,0
TUR.37.7_1,2023,11,0,0
TUR.37.8_1,2023,11,0,0
TUR.37.9_1,2023,11,0,0
TUR.38.1_1,2023,11,0,0
TUR.38.2_1,2023,11,0,0
TUR.38.3_1,2023,11,0,0
TUR.38.4_1,2023,11,0,0
TUR.39.10_1,2023,11,0,0
TUR.4.1_1,2023,11,0,0
TUR.4.2_1,2023,11,0,0
TUR.4.3_1,2023,11,0,0
TUR.4.4_1,2023,11,0,0
TUR.4.5_1,2023,11,0,0
TUR.4.6_1,2023,11,0,0
TUR.4.7_1,2023,11,0,0
TUR.4.8_1,2023,11,0,0
TUR.40.11_1,2023,11,0,0
TUR.40.12_1,2023,11,0,0
TUR.40.14_1,2023,11,0,0
TUR.40.15_1,2023,11,0,0
TUR.40.16_1,2023,11,0,0
TUR.40.17_1,2023,11,0,0
TUR.40.18_1,2023,11,0,0
TUR.40.19_1,2023,11,0,0
TUR.40.2_1,2023,11,0,0
TUR.40.23_1,2023,11,0,0
TUR.40.25_1,2023,11,0,0
TUR.40.26_1,2023,11,0,0
TUR.40.27_1,2023,11,0,0
TUR.40.28_1,2023,11,0,0
TUR.40.29_1,2023,11,0,0
TUR.40.3_1,2023,11,0,0
TUR.40.31_1,2023,11,0,0
TUR.40.33_1,2023,11,0,0
TUR.40.34_1,2023,11,0,0
TUR.40.35_1,2023,11,0,0
TUR.40.36_1,2023,11,0,0
TUR.40.37_1,2023,11,0,0
TUR.40.39_1,2023,11,0,0
TUR.40.4_1,2023,11,0,0
TUR.40.5_1,2023,11,0,0
TUR.40.6_1,2023,11,0,0
TUR.40.7_1,2023,11,0,0
TUR.40.8_1,2023,11,0,0
TUR.41.1_1,2023,11,0,0
TUR.41.10_1,2023,11,0,0
TUR.41.11_1,2023,11,0,0
TUR.41.12_1,2023,11,0,0
TUR.41.13_1,2023,11,0,0
TUR.41.14_1,2023,11,0,0
TUR.41.15_1,2023,11,0,0
TUR.41.16_1,2023,11,0,0
TUR.41.17_1,2023,11,0,0
TUR.41.18_1,2023,11,0,0
TUR.41.19_1,2023,11,0,0
TUR.41.2_1,2023,11,0,0
TUR.41.20_1,2023,11,0,0
TUR.41.21_1,2023,11,0,0
TUR.41.22_1,2023,11,0,0
TUR.41.23_1,2023,11,0,0
TUR.41.24_1,2023,11,0,0
TUR.41.25_1,2023,11,0,0
TUR.41.26_1,2023,11,0,0
TUR.41.27_1,2023,11,0,0
TUR.41.28_1,2023,11,0,0
TUR.41.3_1,2023,11,0,0
TUR.41.4_1,2023,11,0,0
TUR.41.5_1,2023,11,0,0
TUR.41.6_1,2023,11,0,0
TUR.41.7_1,2023,11,0,0
TUR.41.8_1,2023,11,0,0
TUR.41.9_1,2023,11,0,0
TUR.42.1_1,2023,11,0,0
TUR.42.10_1,2023,11,0,0
TUR.42.2_1,2023,11,0,0
TUR.42.3_1,2023,11,0,0
TUR.42.4_1,2023,11,0,0
TUR.42.5_1,2023,11,0,0
TUR.42.6_1,2023,11,0,0
TUR.42.7_1,2023,11,0,0
TUR.42.8_1,2023,11,0,0
TUR.42.9_1,2023,11,0,0
TUR.44.3_1,2023,11,0,0
TUR.44.5_1,2023,11,0,0
TUR.44.6_1,2023,11,0,0
TUR.45.1_1,2023,11,0,0
TUR.45.2_1,2023,11,0,0
TUR.45.3_1,2023,11,0,0
TUR.45.4_1,2023,11,0,0
TUR.45.5_1,2023,11,0,0
TUR.45.6_1,2023,11,0,0
TUR.45.7_1,2023,11,0,0
TUR.45.8_1,2023,11,0,0
TUR.47.3_1,2023,11,0,0
TUR.48.1_1,2023,11,0,0
TUR.48.2_1,2023,11,0,0
TUR.48.3_1,2023,11,0,0
TUR.48.4_1,2023,11,0,0
TUR.49.1_1,2023,11,0,0
TUR.49.3_1,2023,11,0,0
TUR.49.5_1,2023,11,0,0
TUR.5.1_1,2023,11,0,0
TUR.5.5_1,2023,11,0,0
TUR.50.1_1,2023,11,0,0
TUR.50.2_1,2023,11,0,0
TUR.50.3_1,2023,11,0,0
TUR.50.4_1,2023,11,0,0
TUR.50.5_1,2023,11,0,0
TUR.50.6_1,2023,11,0,0
TUR.50.7_1,2023,11,0,0
TUR.50.8_1,2023,11,0,0
TUR.51.5_1,2023,11,0,0
TUR.52.1_1,2023,11,0,0
TUR.52.2_1,2023,11,0,0
TUR.52.3_1,2023,11,0,0
TUR.52.4_1,2023,11,0,0
TUR.52.5_1,2023,11,0,0
TUR.52.6_1,2023,11,0,0
TUR.52.7_1,2023,11,0,0
TUR.53.11_1,2023,11,0,0
TUR.53.16_1,2023,11,0,0
TUR.53.17_1,2023,11,0,0
TUR.53.23_1,2023,11,0,0
TUR.53.27_1,2023,11,0,0
TUR.53.31_1,2023,11,0,0
TUR.53.7_1,2023,11,0,0
TUR.53.8_1,2023,11,0,0
TUR.55.12_1,2023,11,0,0
TUR.55.14_1,2023,11,0,0
TUR.55.5_1,2023,11,0,0
TUR.55.6_1,2023,11,0,0
TUR.56.1_1,2023,11,0,0
TUR.56.10_1,2023,11,0,0
TUR.56.15_1,2023,11,0,0
TUR.56.16_1,2023,11,0,0
TUR.56.4_1,2023,11,0,0
TUR.56.6_1,2023,11,0,0
TUR.56.7_1,2023,11,0,0
TUR.57.1_1,2023,11,0,0
TUR.57.10_1,2023,11,0,0
TUR.57.2_1,2023,11,0,0
TUR.57.3_1,2023,11,0,0
TUR.57.4_1,2023,11,0,0
TUR.57.5_1,2023,11,0,0
TUR.57.6_1,2023,11,0,0
TUR.57.7_1,2023,11,0,0
TUR.57.8_1,2023,11,0,0
TUR.57.9_1,2023,11,0,0
TUR.58.1_1,2023,11,0,0
TUR.58.10_1,2023,11,0,0
TUR.58.2_1,2023,11,0,0
TUR.58.3_1,2023,11,0,0
TUR.58.4_1,2023,11,0,0
TUR.58.5_1,2023,11,0,0
TUR.58.6_1,2023,11,0,0
TUR.58.7_1,2023,11,0,0
TUR.58.8_1,2023,11,0,0
TUR.58.9_1,2023,11,0,0
TUR.59.12_1,2023,11,0,0
TUR.59.4_1,2023,11,0,0
TUR.59.5_1,2023,11,0,0
TUR.59.8_1,2023,11,0,0
TUR.59.9_1,2023,11,0,0
TUR.60.4_1,2023,11,0,0
TUR.60.5_1,2023,11,0,0
TUR.62.3_1,2023,11,0,0
TUR.62.6_1,2023,11,0,0
TUR.63.10_1,2023,11,0,0
TUR.63.14_1,2023,11,0,0
TUR.63.15_1,2023,11,0,0
TUR.63.7_1,2023,11,0,0
TUR.64.1_1,2023,11,0,0
TUR.64.2_1,2023,11,0,0
TUR.64.3_1,2023,11,0,0
TUR.64.4_1,2023,11,0,0
TUR.64.5_1,2023,11,0,0
TUR.64.6_1,2023,11,0,0
TUR.64.7_1,2023,11,0,0
TUR.66.1_1,2023,11,0,0
TUR.66.10_1,2023,11,0,0
TUR.66.11_1,2023,11,0,0
TUR.66.12_1,2023,11,0,0
TUR.66.13_1,2023,11,0,0
TUR.66.2_1,2023,11,0,0
TUR.66.3_1,2023,11,0,0
TUR.66.4_1,2023,11,0,0
TUR.66.5_1,2023,11,0,0
TUR.66.6_1,2023,11,0,0
TUR.66.7_1,2023,11,0,0
TUR.66.8_1,2023,11,0,0
TUR.66.9_1,2023,11,0,0
TUR.68.1_1,2023,11,0,0
TUR.68.10_1,2023,11,0,0
TUR.68.11_1,2023,11,0,0
TUR.68.2_1,2023,11,0,0
TUR.68.3_1,2023,11,0,0
TUR.68.4_1,2023,11,0,0
TUR.68.5_1,2023,11,0,0
TUR.68.6_1,2023,11,0,0
TUR.68.7_1,2023,11,0,0
TUR.68.8_1,2023,11,0,0
TUR.68.9_1,2023,11,0,0
TUR.69.1_1,2023,11,0,0
TUR.69.2_1,2023,11,0,0
TUR.69.3_1,2023,11,0,0
TUR.69.4_1,2023,11,0,0
TUR.69.5_1,2023,11,0,0
TUR.69.6_1,2023,11,0,0
TUR.69.7_1,2023,11,0,0
TUR.7.1_1,2023,11,0,0
TUR.7.10_1,2023,11,0,0
TUR.7.11_1,2023,11,0,0
TUR.7.12_1,2023,11,0,0
TUR.7.13_1,2023,11,0,0
TUR.7.14_1,2023,11,0,0
TUR.7.15_1,2023,11,0,0
TUR.7.16_1,2023,11,0,0
TUR.7.17_1,2023,11,0,0
TUR.7.18_1,2023,11,0,0
TUR.7.19_1,2023,11,0,0
TUR.7.2_1,2023,11,0,0
TUR.7.20_1,2023,11,0,0
TUR.7.21_1,2023,11,0,0
TUR.7.22_1,2023,11,0,0
TUR.7.23_1,2023,11,0,0
TUR.7.24_1,2023,11,0,0
TUR.7.3_1,2023,11,0,0
TUR.7.4_1,2023,11,0,0
TUR.7.5_1,2023,11,0,0
TUR.7.6_1,2023,11,0,0
TUR.7.7_1,2023,11,0,0
TUR.7.8_1,2023,11,0,0
TUR.7.9_1,2023,11,0,0
TUR.71.1_1,2023,11,0,0
TUR.71.2_1,2023,11,0,0
TUR.71.3_1,2023,11,0,0
TUR.71.4_1,2023,11,0,0
TUR.71.5_1,2023,11,0,0
TUR.71.6_1,2023,11,0,0
TUR.71.7_1,2023,11,0,0
TUR.72.1_1,2023,11,0,0
TUR.72.11_1,2023,11,0,0
TUR.72.14_1,2023,11,0,0
TUR.72.3_1,2023,11,0,0
TUR.72.6_1,2023,11,0,0
TUR.72.9_1,2023,11,0,0
TUR.73.1_1,2023,11,0,0
TUR.73.2_1,2023,11,0,0
TUR.73.3_1,2023,11,0,0
TUR.73.5_1,2023,11,0,0
TUR.73.8_1,2023,11,0,0
TUR.76.1_1,2023,11,0,0
TUR.76.6_1,2023,11,0,0
TUR.76.8_1,2023,11,0,0
TUR.78.10_1,2023,11,0,0
TUR.78.3_1,2023,11,0,0
TUR.78.4_1,2023,11,0,0
TUR.78.6_1,2023,11,0,0
TUR.79.1_1,2023,11,0,0
TUR.8.1_1,2023,11,0,0
TUR.8.10_1,2023,11,0,0
TUR.8.11_1,2023,11,0,0
TUR.8.12_1,2023,11,0,0
TUR.8.13_1,2023,11,0,0
TUR.8.14_1,2023,11,0,0
TUR.8.15_1,2023,11,0,0
TUR.8.2_1,2023,11,0,0
TUR.8.3_1,2023,11,0,0
TUR.8.4_1,2023,11,0,0
TUR.8.5_1,2023,11,0,0
TUR.8.6_1,2023,11,0,0
TUR.8.7_1,2023,11,0,0
TUR.8.8_1,2023,11,0,0
TUR.8.9_1,2023,11,0,0
TUR.9.1_1,2023,11,0,0
TUR.9.2_1,2023,11,0,0
TUR.9.3_1,2023,11,0,0
UKR.1.12_1,2023,11,0,0
UKR.1.13_1,2023,11,0,0
UKR.1.15_1,2023,11,0,0
UKR.1.21_1,2023,11,0,0
UKR.1.9_1,2023,11,0,0
UKR.11.10_1,2023,11,0,0
UKR.11.2_1,2023,11,0,0
UKR.11.3_1,2023,11,0,0
UKR.11.4_1,2023,11,0,0
UKR.11.5_1,2023,11,0,0
UKR.11.6_1,2023,11,0,0
UKR.11.7_1,2023,11,0,0
UKR.11.8_1,2023,11,0,0
UKR.11.9_1,2023,11,0,0
UKR.12.1_1,2023,11,0,0
UKR.12.10_1,2023,11,0,0
UKR.12.11_1,2023,11,0,0
UKR.12.12_1,2023,11,0,0
UKR.12.13_1,2023,11,0,0
UKR.12.14_1,2023,11,0,0
UKR.12.15_1,2023,11,0,0
UKR.12.16_1,2023,11,0,0
UKR.12.17_1,2023,11,0,0
UKR.12.18_1,2023,11,0,0
UKR.12.19_1,2023,11,0,0
UKR.12.2_1,2023,11,0,0
UKR.12.20_1,2023,11,0,0
UKR.12.21_1,2023,11,0,0
UKR.12.22_1,2023,11,0,0
UKR.12.23_1,2023,11,0,0
UKR.12.24_1,2023,11,0,0
UKR.12.25_1,2023,11,0,0
UKR.12.26_1,2023,11,0,0
UKR.12.27_1,2023,11,0,0
UKR.12.28_1,2023,11,0,0
UKR.12.29_1,2023,11,0,0
UKR.12.3_1,2023,11,0,0
UKR.12.30_1,2023,11,0,0
UKR.12.4_1,2023,11,0,0
UKR.12.5_1,2023,11,0,0
UKR.12.6_1,2023,11,0,0
UKR.12.7_1,2023,11,0,0
UKR.12.8_1,2023,11,0,0
UKR.12.9_1,2023,11,0,0
UKR.16.18_1,2023,11,0,0
UKR.16.21_1,2023,11,0,0
UKR.16.3_1,2023,11,0,0
UKR.16.6_1,2023,11,0,0
UKR.16.9_1,2023,11,0,0
UKR.17.1_1,2023,11,0,0
UKR.17.10_1,2023,11,0,0
UKR.17.11_1,2023,11,0,0
UKR.17.12_1,2023,11,0,0
UKR.17.13_1,2023,11,0,0
UKR.17.14_1,2023,11,0,0
UKR.17.15_1,2023,11,0,0
UKR.17.16_1,2023,11,0,0
UKR.17.17_1,2023,11,0,0
UKR.17.18_1,2023,11,0,0
UKR.17.19_1,2023,11,0,0
UKR.17.2_1,2023,11,0,0
UKR.17.20_1,2023,11,0,0
UKR.17.21_1,2023,11,0,0
UKR.17.22_1,2023,11,0,0
UKR.17.23_1,2023,11,0,0
UKR.17.24_1,2023,11,0,0
UKR.17.25_1,2023,11,0,0
UKR.17.26_1,2023,11,0,0
UKR.17.27_1,2023,11,0,0
UKR.17.28_1,2023,11,0,0
UKR.17.29_1,2023,11,0,0
UKR.17.3_1,2023,11,0,0
UKR.17.4_1,2023,11,0,0
UKR.17.5_1,2023,11,0,0
UKR.17.6_1,2023,11,0,0
UKR.17.7_1,2023,11,0,0
UKR.17.8_1,2023,11,0,0
UKR.17.9_1,2023,11,0,0
UKR.19.14_1,2023,11,0,0
UKR.19.17_1,2023,11,0,0
UKR.19.5_1,2023,11,0,0
UKR.2.10_1,2023,11,0,0
UKR.2.15_1,2023,11,0,0
UKR.2.18_1,2023,11,0,0
UKR.2.19_1,2023,11,0,0
UKR.2.2_1,2023,11,0,0
UKR.2.5_1,2023,11,0,0
UKR.2.6_1,2023,11,0,0
UKR.23.11_1,2023,11,0,0
UKR.23.12_1,2023,11,0,0
UKR.23.13_1,2023,11,0,0
UKR.23.7_1,2023,11,0,0
UKR.24.13_1,2023,11,0,0
UKR.24.14_1,2023,11,0,0
UKR.24.17_1,2023,11,0,0
UKR.24.18_1,2023,11,0,0
UKR.24.19_1,2023,11,0,0
UKR.24.3_1,2023,11,0,0
UKR.24.4_1,2023,11,0,0
UKR.25.14_1,2023,11,0,0
UKR.25.16_1,2023,11,0,0
UKR.25.7_1,2023,11,0,0
UKR.27.15_1,2023,11,0,0
UKR.27.16_1,2023,11,0,0
UKR.27.19_1,2023,11,0,0
UKR.27.20_1,2023,11,0,0
UKR.27.21_1,2023,11,0,0
UKR.27.22_1,2023,11,0,0
UKR.27.24_1,2023,11,0,0
UKR.27.5_1,2023,11,0,0
UKR.3.3_1,2023,11,0,0
UKR.3.6_1,2023,11,0,0
UKR.3.8_1,2023,11,0,0
XKO.1.1_1,2023,11,0,0
XKO.1.2_1,2023,11,0,0
XKO.1.3_1,2023,11,0,0
XKO.2.1_1,2023,11,0,0
XKO.2.2_1,2023,11,0,0
XKO.2.3_1,2023,11,0,0
XKO.3.1_1,2023,11,0,0
XKO.3.2_1,2023,11,0,0
XKO.3.3_1,2023,11,0,0
XKO.3.4_1,2023,11,0,0
XKO.3.5_1,2023,11,0,0
XKO.3.6_1,2023,11,0,0
XKO.4.2_1,2023,11,0,0
XKO.4.3_1,2023,11,0,0
XKO.5.1_1,2023,11,0,0
XKO.5.2_1,2023,11,0,0
XKO.5.3_1,2023,11,0,0
XKO.5.4_1,2023,11,0,0
XKO.5.5_1,2023,11,0,0
XKO.5.6_1,2023,11,0,0
XKO.5.7_1,2023,11,0,0
XKO.6.1_1,2023,11,0,0
XKO.6.2_1,2023,11,0,0
XKO.6.3_1,2023,11,0,0
XKO.6.4_1,2023,11,0,0
XKO.7.1_1,2023,11,0,0
XKO.7.2_1,2023,11,0,0
XKO.7.3_1,2023,11,0,0
XKO.7.4_1,2023,11,0,0
ZNC.1_1,2023,11,0,0
ZNC.2_1,2023,11,0,0
ZNC.3_1,2023,11,0,0
ZNC.4_1,2023,11,0,0
ZNC.5_1,2023,11,0,0
